{"name":"SimGroup_","class":"SimGroup","groupPosition":"-759.57453264509 -63.463693891253 105.01749420166"}
{"class":"TSStatic","persistentId":"a76c5f03-5e49-473f-8aa7-13d36c5fb8bf","__parent":"SimGroup_","position":[-759.605774,-63.3044968,105.403084],"isRenderEnabled":false,"rotationMatrix":[0.0931684971,-0.0181538165,-0.99548471,0.986383796,0.137775183,0.0898040235,0.135522634,-0.99029696,0.0307431221],"shapeName":"/art/shapes/garage_and_dealership/garage/s_ducktape.dae","useInstanceRenderData":true}
{"class":"TSStatic","persistentId":"7d00c018-bc1a-4efc-9ff4-480a26dc9ada","__parent":"SimGroup_","position":[-760.115845,-63.6666336,104.989174],"decalType":"None","isRenderEnabled":false,"rotationMatrix":[0.597133279,0.802142024,0,-0.802142024,0.597133279,0,0,0,1],"shapeName":"/art/shapes/garage_and_dealership/garage/s_laptop.dae","useInstanceRenderData":true}
{"class":"TSStatic","persistentId":"e2a30732-0ad7-44b1-984e-2368b5b28069","__parent":"SimGroup_","position":[-759.605774,-63.3044968,105.497597],"isRenderEnabled":false,"rotationMatrix":[-0.854592562,-0.132538274,-0.502099991,0.501302779,0.0417736769,-0.86426276,0.13552238,-0.990297019,0.0307427049],"scale":[0.747733474,0.747733474,1],"shapeName":"/art/shapes/garage_and_dealership/garage/s_ducktape.dae","useInstanceRenderData":true}
{"class":"TSStatic","persistentId":"3ae69007-c28e-49cc-bfe6-6c9ae7f90e93","__parent":"SimGroup_","position":[-759.293335,-63.6026688,105.016396],"collisionType":"None","decalType":"None","isRenderEnabled":false,"rotationMatrix":[1.78813934e-07,0,-0.999999821,0.823446393,0.567393899,0,0.56739372,-0.823446393,1.78813934e-07],"scale":[0.602539301,0.602539301,0.602539301],"shapeName":"/art/shapes/garage_and_dealership/Clutter/clutter_workshop_short_bottle.dae","useInstanceRenderData":true}
{"class":"TSStatic","persistentId":"7c8883b1-5715-415f-9fe4-05aa60fb3e06","__parent":"SimGroup_","position":[-758.894714,-63.4515305,104.987267],"isRenderEnabled":false,"rotationMatrix":[0.915403306,-0.402537853,0,0.402537853,0.915403306,0,0,0,1],"shapeName":"/art/shapes/garage_and_dealership/Clutter/clutter_workshop_toolbox.dae","useInstanceRenderData":true}
{"class":"TSStatic","persistentId":"65270159-6ce9-444a-b9c7-adcc2ebe9ba1","__parent":"SimGroup_","position":[-759.438843,-63.5452652,103.923012],"isRenderEnabled":false,"rotationMatrix":[0.99111414,0.133013919,0,-0.133013919,0.99111414,0,0,0,1],"shapeName":"/art/shapes/garage_and_dealership/garage/s_big_toolbox_01.dae","useInstanceRenderData":true}
{"class":"TSStatic","persistentId":"7f89228c-a232-4543-b09d-964c474433e4","__parent":"SimGroup_","position":[-760.067444,-63.3707657,105.305931],"collisionType":"None","decalType":"None","isRenderEnabled":false,"rotationMatrix":[0.99111408,0.13301453,9.76026058e-07,-9.76026058e-07,5.96046448e-08,0.999999821,0.13301453,-0.991113961,2.38418579e-07],"shapeName":"/art/shapes/garage_and_dealership/garage/s_wrench_collection.dae","useInstanceRenderData":true}
