//--- OBJECT WRITE BEGIN ---
$ThisPrefab = new SimGroup() {
   canSave = "1";
   canSaveDynamicFields = "1";
      groupPosition = "0 0 0";

   new BeamNGVehicle() {
      JBeam = "haybale";
      color = "White";
      colorPalette0 = "White";
      colorPalette1 = "White";
      metallicPaintData[0] = "0.200000003 0.5 0.800000012 0";
      metallicPaintData[1] = "0.200000003 0.5 0.800000012 0";
      metallicPaintData[2] = "0.200000003 0.5 0.800000012 0";
      metallicPaintData[3] = "1 1 1 1";
      partConfig = "vehicles/haybale/round_alt.pc";
      renderDistance = "500";
      renderFade = "0.100000001";
      dataBlock = "default_vehicle";
      position = "404.840759 -131.823593 144.957657";
      rotationMatrix = "0.0123491185 -0.999923766 0.000141943892 0.999854803 0.0123499334 0.0117418291 -0.0117426878 -3.07796358e-06 0.999931157";
      annotation = "CAR";
      canSave = "1";
      canSaveDynamicFields = "1";
         autoEnterVehicle = "true";
   };
   new BeamNGVehicle() {
      JBeam = "haybale";
      color = "White";
      colorPalette0 = "White";
      colorPalette1 = "White";
      metallicPaintData[0] = "0.200000003 0.5 0.800000012 0";
      metallicPaintData[1] = "0.200000003 0.5 0.800000012 0";
      metallicPaintData[2] = "0.200000003 0.5 0.800000012 0";
      metallicPaintData[3] = "1 1 1 1";
      partConfig = "vehicles/haybale/square.pc";
      renderDistance = "500";
      renderFade = "0.100000001";
      dataBlock = "default_vehicle";
      position = "399.133667 -153.647903 144.873062";
      rotationMatrix = "0.01519382 -0.999868572 0.00568655413 0.999855816 0.0152363777 0.0075232205 -0.00760887377 0.00557142543 0.999955535";
      annotation = "CAR";
      canSave = "1";
      canSaveDynamicFields = "1";
         autoEnterVehicle = "true";
   };
   new BeamNGVehicle() {
      JBeam = "barrier";
      color = "White";
      colorPalette0 = "White";
      colorPalette1 = "White";
      metallicPaintData[0] = "0.200000003 0.5 0.800000012 0";
      metallicPaintData[1] = "0.200000003 0.5 0.800000012 0";
      metallicPaintData[2] = "0.200000003 0.5 0.800000012 0";
      metallicPaintData[3] = "1 1 1 1";
      partConfig = "barrier";
      renderDistance = "500";
      renderFade = "0.100000001";
      dataBlock = "default_vehicle";
      position = "389.716339 -153.266678 144.764908";
      rotationMatrix = "0.99950701 0.0299953353 0.00927727297 -0.0301010106 0.999481082 0.0114689879 -0.00892844237 -0.0117425881 0.999891162";
      annotation = "CAR";
      canSave = "1";
      canSaveDynamicFields = "1";
         autoEnterVehicle = "true";
   };
   new BeamNGVehicle() {
      JBeam = "haybale";
      color = "White";
      colorPalette0 = "White";
      colorPalette1 = "White";
      metallicPaintData[0] = "0.200000003 0.5 0.800000012 0";
      metallicPaintData[1] = "0.200000003 0.5 0.800000012 0";
      metallicPaintData[2] = "0.200000003 0.5 0.800000012 0";
      metallicPaintData[3] = "1 1 1 1";
      partConfig = "vehicles/haybale/square.pc";
      renderDistance = "500";
      renderFade = "0.100000001";
      dataBlock = "default_vehicle";
      position = "389.399994 -153.647903 144.755997";
      rotationMatrix = "0.01519382 -0.999868572 0.00568655413 0.999855816 0.0152363777 0.0075232205 -0.00760887377 0.00557142543 0.999955535";
      annotation = "CAR";
      canSave = "1";
      canSaveDynamicFields = "1";
         autoEnterVehicle = "true";
   };
   new BeamNGVehicle() {
      JBeam = "barrier";
      color = "White";
      colorPalette0 = "White";
      colorPalette1 = "White";
      metallicPaintData[0] = "0.200000003 0.5 0.800000012 0";
      metallicPaintData[1] = "0.200000003 0.5 0.800000012 0";
      metallicPaintData[2] = "0.200000003 0.5 0.800000012 0";
      metallicPaintData[3] = "1 1 1 1";
      partConfig = "barrier";
      renderDistance = "500";
      renderFade = "0.100000001";
      dataBlock = "default_vehicle";
      position = "400.475281 -153.186783 144.908768";
      rotationMatrix = "0.999511898 0.0298320949 0.00927727111 -0.0299377739 0.99948597 0.0114689851 -0.00893035904 -0.0117411269 0.999891162";
      annotation = "CAR";
      canSave = "1";
      canSaveDynamicFields = "1";
         autoEnterVehicle = "true";
   };
   new DecalRoad() {
      drivability = "-1";
      lanesLeft = "1";
      lanesRight = "1";
      oneWay = "0";
      flipDirection = "0";
      gatedRoad = "0";
      useSubdivisions = "1";
      ImprovedSpline = "1";
      startTangent = "0";
      endTangent = "0";
      looped = "0";
      smoothness = "0.5";
      detail = "0.100000001";
      overObjects = "0";
      material = "line_yellow";
      textureLength = "5";
      breakAngle = "3";
      renderPriority = "10";
      zBias = "0";
      decalBias = "0.000500000024";
      distanceFade = "0 0";
      startEndFade = "0 0";
      hiddenInNavi = "0";
      position = "405.770355 -100.284576 145.023773";
      scale = "1 1 1";
      rotationMatrix = "1 0 0 0 1 0 0 0 1";
      canSave = "1";
      canSaveDynamicFields = "1";

      Node = "405.770355 -100.284576 145.023773 0.200000";
      Node = "406.260590 -110.694107 145.023666 0.200000";
      Node = "411.423676 -120.739563 145.072525 0.200000";
      Node = "415.026733 -126.394897 145.108948 0.200000";
      Node = "415.356750 -133.389343 145.101089 0.200000";
      Node = "412.660065 -138.673981 145.063568 0.200000";
      Node = "408.391907 -142.722076 145.007584 0.200000";
      Node = "404.500336 -145.685745 144.961914 0.200000";
      Node = "400.046844 -149.409775 144.903763 0.200000";
      Node = "398.481598 -153.829483 144.885284 0.200000";
      Node = "404.404541 -158.605377 144.954910 0.200000";
      Node = "411.629425 -160.690826 145.039719 0.200000";
      Node = "419.103699 -161.699844 145.127457 0.200000";
      Node = "425.387451 -162.831741 145.195358 0.200000";
   };
   new DecalRoad() {
      drivability = "-1";
      lanesLeft = "1";
      lanesRight = "1";
      oneWay = "0";
      flipDirection = "0";
      gatedRoad = "0";
      useSubdivisions = "1";
      ImprovedSpline = "1";
      startTangent = "0";
      endTangent = "0";
      looped = "0";
      smoothness = "0.5";
      detail = "0.100000001";
      overObjects = "0";
      material = "line_yellow";
      textureLength = "5";
      breakAngle = "3";
      renderPriority = "10";
      zBias = "0";
      decalBias = "0.000500000024";
      distanceFade = "0 0";
      startEndFade = "0 0";
      hiddenInNavi = "0";
      position = "406.709167 -122.471863 145.011475";
      scale = "1 1 1";
      rotationMatrix = "1 0 0 0 1 0 0 0 1";
      canSave = "1";
      canSaveDynamicFields = "1";

      Node = "406.709167 -122.471863 145.011475 0.200000";
      Node = "401.987457 -112.788872 144.973495 0.200000";
      Node = "400.765289 -104.038193 144.965027 0.200000";
      Node = "401.510620 -99.173187 144.973770 0.200000";
   };
   new DecalRoad() {
      drivability = "-1";
      lanesLeft = "1";
      lanesRight = "1";
      oneWay = "0";
      flipDirection = "0";
      gatedRoad = "0";
      useSubdivisions = "1";
      ImprovedSpline = "1";
      startTangent = "0";
      endTangent = "0";
      looped = "0";
      smoothness = "0.5";
      detail = "0.100000001";
      overObjects = "0";
      material = "line_yellow";
      textureLength = "5";
      breakAngle = "3";
      renderPriority = "10";
      zBias = "0";
      decalBias = "0.000500000024";
      distanceFade = "0 0";
      startEndFade = "0 0";
      hiddenInNavi = "0";
      position = "400.884796 -140.970917 144.919479";
      scale = "1 1 1";
      rotationMatrix = "1 0 0 0 1 0 0 0 1";
      canSave = "1";
      canSaveDynamicFields = "1";

      Node = "400.884796 -140.970917 144.919479 0.200000";
      Node = "395.857513 -136.983353 144.866333 0.200000";
      Node = "394.055725 -130.992523 144.851044 0.200000";
      Node = "397.144806 -124.403481 144.899048 0.200000";
      Node = "402.619934 -121.892715 144.966888 0.200000";
      Node = "406.782776 -122.522179 145.012192 0.200000";
   };
   new DecalRoad() {
      drivability = "-1";
      lanesLeft = "1";
      lanesRight = "1";
      oneWay = "0";
      flipDirection = "0";
      gatedRoad = "0";
      useSubdivisions = "1";
      ImprovedSpline = "1";
      startTangent = "0";
      endTangent = "0";
      looped = "0";
      smoothness = "0.5";
      detail = "0.100000001";
      overObjects = "0";
      material = "line_yellow";
      textureLength = "5";
      breakAngle = "3";
      renderPriority = "10";
      zBias = "0";
      decalBias = "0.000500000024";
      distanceFade = "0 0";
      startEndFade = "0 0";
      hiddenInNavi = "0";
      position = "424.682434 -167.280914 145.187088";
      scale = "1 1 1";
      rotationMatrix = "1 0 0 0 1 0 0 0 1";
      canSave = "1";
      canSaveDynamicFields = "1";

      Node = "424.682434 -167.280914 145.187088 0.200000";
      Node = "413.106628 -165.788315 145.057068 0.200000";
      Node = "401.414459 -163.133072 144.913940 0.200000";
      Node = "393.962280 -158.495804 144.820602 0.200000";
      Node = "391.445557 -152.748444 144.790741 0.200000";
      Node = "394.465698 -147.034851 144.835114 0.200000";
      Node = "400.909515 -140.869095 144.919754 0.200000";
   };
};
//--- OBJECT WRITE END ---










