{"name":"Amberlight1_L","class":"TSStatic","persistentId":"9697aaee-94e4-432b-8452-dc2a4b53a25d","__parent":"DragRace","position":[-182.867142,-146.825241,122.140274],"hidden":true,"isRenderEnabled":false,"rotationMatrix":[0.923553526,0.383469433,0,-0.383469462,0.923553526,0,0,0,1],"shapeName":"/levels/rls_west_coast_usa/art/shapes/objects/christmas_tree_light_amber.dae"}
{"name":"Prestagelight_L","class":"TSStatic","persistentId":"9d464f58-7d69-4b99-bdad-d0144341d30e","__parent":"DragRace","position":[-182.742416,-146.536133,122.80365],"hidden":true,"isRenderEnabled":false,"rotationMatrix":[0.79513675,0.606428742,0,-0.606428683,0.795136809,0,0,0,1],"shapeName":"/levels/rls_west_coast_usa/art/shapes/objects/prestagelight.dae"}
{"name":"Greenlight_L","class":"TSStatic","persistentId":"b2dd3104-2a5f-4cd1-b6a8-e95940efd931","__parent":"DragRace","position":[-182.867142,-146.825241,121.373955],"hidden":true,"isRenderEnabled":false,"rotationMatrix":[0.923553526,0.383469433,0,-0.383469462,0.923553526,0,0,0,1],"shapeName":"/levels/rls_west_coast_usa/art/shapes/objects/christmas_tree_light_green.dae"}
{"name":"Redlight_L","class":"TSStatic","persistentId":"b2dd3104-2a5f-4cd1-b6a8-e95940efd942","__parent":"DragRace","position":[-182.867142,-146.825241,121.118317],"hidden":true,"isRenderEnabled":false,"rotationMatrix":[0.923553526,0.383469433,0,-0.383469462,0.923553526,0,0,0,1],"shapeName":"/levels/rls_west_coast_usa/art/shapes/objects/christmas_tree_light_red.dae"}
{"name":"Amberlight3_R","class":"TSStatic","persistentId":"d0cb328e-c1f1-476a-a1ed-bd34c0303f25","__parent":"DragRace","position":[-182.522095,-147.266022,121.637138],"hidden":true,"isRenderEnabled":false,"rotationMatrix":[0.672393084,0.740193546,0,-0.740193486,0.672393024,0,0,0,1],"shapeName":"/levels/rls_west_coast_usa/art/shapes/objects/christmas_tree_light_amber.dae"}
{"name":"Amberlight3_L","class":"TSStatic","persistentId":"e575e3de-30ec-44bd-9aca-2a4a4ce77166","__parent":"DragRace","position":[-182.867142,-146.825241,121.632774],"hidden":true,"isRenderEnabled":false,"rotationMatrix":[0.923553526,0.383469433,0,-0.383469462,0.923553526,0,0,0,1],"shapeName":"/levels/rls_west_coast_usa/art/shapes/objects/christmas_tree_light_amber.dae"}
{"name":"Amberlight2_L","class":"TSStatic","persistentId":"f8b1d009-d4cd-4f1a-a54f-f765a431348e","__parent":"DragRace","position":[-182.867142,-146.825241,121.895638],"hidden":true,"isRenderEnabled":false,"rotationMatrix":[0.923553526,0.383469433,0,-0.383469462,0.923553526,0,0,0,1],"shapeName":"/levels/rls_west_coast_usa/art/shapes/objects/christmas_tree_light_amber.dae"}
{"name":"Prestagelight_R","class":"TSStatic","persistentId":"7d45e2e3-337a-4cf1-b1a9-38605721fa68","__parent":"DragRace","position":[-182.325165,-147.104095,122.80365],"hidden":true,"isRenderEnabled":false,"rotationMatrix":[0.79513675,0.606428742,0,-0.606428683,0.795136809,0,0,0,1],"shapeName":"/levels/rls_west_coast_usa/art/shapes/objects/prestagelight.dae"}
{"name":"Redlight_R","class":"TSStatic","persistentId":"52924cb9-58c3-427f-9f06-3c30db0982c8","__parent":"DragRace","position":[-182.522095,-147.266022,121.118317],"hidden":true,"isRenderEnabled":false,"rotationMatrix":[0.672393084,0.740193546,0,-0.740193486,0.672393024,0,0,0,1],"shapeName":"/levels/rls_west_coast_usa/art/shapes/objects/christmas_tree_light_red.dae"}
{"name":"Greenlight_R","class":"TSStatic","persistentId":"52924cb9-58c3-427f-9f06-3c30db0982c6","__parent":"DragRace","position":[-182.522095,-147.266022,121.378319],"hidden":true,"isRenderEnabled":false,"rotationMatrix":[0.672393084,0.740193546,0,-0.740193486,0.672393024,0,0,0,1],"shapeName":"/levels/rls_west_coast_usa/art/shapes/objects/christmas_tree_light_green.dae"}
{"name":"Stagelight_R","class":"TSStatic","persistentId":"43dd471d-cd8c-4ec6-87d0-31894011140b","__parent":"DragRace","position":[-182.325165,-147.104095,122.457474],"hidden":true,"isRenderEnabled":false,"rotationMatrix":[0.79513675,0.606428742,0,-0.606428683,0.795136809,0,0,0,1],"shapeName":"/levels/rls_west_coast_usa/art/shapes/objects/prestagelight.dae"}
{"name":"Amberlight1_R","class":"TSStatic","persistentId":"40a3cbd7-4148-4b69-be97-c2a17777c421","__parent":"DragRace","position":[-182.522095,-147.266022,122.144638],"hidden":true,"isRenderEnabled":false,"rotationMatrix":[0.672393084,0.740193546,0,-0.740193486,0.672393024,0,0,0,1],"shapeName":"/levels/rls_west_coast_usa/art/shapes/objects/christmas_tree_light_amber.dae"}
{"name":"Amberlight2_R","class":"TSStatic","persistentId":"33f339f8-1571-4d77-b36f-9ff32597f61d","__parent":"DragRace","position":[-182.522095,-147.266022,121.900002],"hidden":true,"isRenderEnabled":false,"rotationMatrix":[0.672393084,0.740193546,0,-0.740193486,0.672393024,0,0,0,1],"shapeName":"/levels/rls_west_coast_usa/art/shapes/objects/christmas_tree_light_amber.dae"}
{"name":"Stagelight_L","class":"TSStatic","persistentId":"318bfafe-cfbd-4adc-b5ed-8bc9e8a7211b","__parent":"DragRace","position":[-182.741302,-146.541321,122.462364],"hidden":true,"isRenderEnabled":false,"rotationMatrix":[0.79513675,0.606428742,0,-0.606428683,0.795136809,0,0,0,1],"shapeName":"/levels/rls_west_coast_usa/art/shapes/objects/prestagelight.dae"}
{"name":"endTrigger","class":"BeamNGTrigger","persistentId":"0e420e69-7419-4884-aa3d-55c0e6ff5f29","__parent":"DragRace","position":[132.084778,81.0494766,121.404373],"luaFunction":"onBeamNGTrigger","rotationMatrix":[0.812311709,0.583223343,-3.65162123e-10,-0.583223343,0.812311471,-0.000690533838,-0.000402735604,0.000560928951,0.999999762],"scale":[1.6031363,19.1044369,7.89928913]}
{"name":"prestageTrigger_R","class":"BeamNGTrigger","persistentId":"684c626d-654e-4146-a384-78be0f348dee","__parent":"DragRace","position":[-190.889557,-158.433121,118.110107],"luaFunction":"onBeamNGTrigger","rotationMatrix":[0.812311709,0.583223343,-3.65162123e-10,-0.583223343,0.812311471,-0.000690533838,-0.000402735604,0.000560928951,0.999999762],"scale":[0.888760507,8.2668066,7.89928913]}
{"name":"opponentSpawnTrigger","class":"BeamNGTrigger","persistentId":"77b3ca6e-3cf9-45d3-91eb-6422d53c41c4","__parent":"DragRace","position":[-206.252304,-216.957947,119.646713],"luaFunction":"onBeamNGTrigger","rotationMatrix":[-0.798034549,-0.602612972,1.75632886e-05,0.602612972,-0.798034012,0.000690310844,-0.000401973957,0.000561474939,0.999999762],"scale":[4.51826525,9.76769447,2.0720892],"triggerColor":[254,254,252,131]}
{"name":"dragTrigger_L","class":"BeamNGTrigger","persistentId":"95f6ed3a-2540-43bb-9d36-a62e62d65215","__parent":"DragRace","position":[-216.769043,-165.787033,118.110107],"luaFunction":"onBeamNGTrigger","rotationMatrix":[0.812311709,0.583223343,-3.65162123e-10,-0.583223343,0.812311471,-0.000690533838,-0.000402735604,0.000560928951,0.999999762],"scale":[0.888760507,8.2668066,7.89928913]}
{"name":"laneTrigger_L","class":"BeamNGTrigger","persistentId":"984e9478-94ed-47d9-ba15-38a9c8d6d47d","__parent":"DragRace","position":[-33.1657677,-32.8115883,121.399094],"luaFunction":"onBeamNGTrigger","rotationMatrix":[0.812311709,0.583223343,-3.65162123e-10,-0.583223343,0.812311471,-0.000690533838,-0.000402735604,0.000560928951,0.999999762],"scale":[397.935211,8.2668066,7.89928913],"triggerMode":"Overlaps"}
{"name":"dragTrigger","class":"BeamNGTrigger","persistentId":"a3dbf50e-463f-4598-a07f-6c886991036d","__parent":"DragRace","position":[-200.184006,-165.412094,119.622017],"luaFunction":"onBeamNGTrigger","rotationMatrix":[-0.8081671,-0.588952541,-1.03318598e-09,0.588953018,-0.808166981,-0.000690535468,0.000406692416,-0.000558067404,0.999999762],"scale":[8.15141392,5.15073013,4.78321266],"triggerColor":[0,181,255,45],"triggerMode":"Overlaps","triggerTestType":"Bounding box"}
{"name":"laneTrigger_R","class":"BeamNGTrigger","persistentId":"efe45a7d-71cb-42a9-adc9-949d7eac6ac5","__parent":"DragRace","position":[-27.2876472,-40.9986115,121.406052],"luaFunction":"onBeamNGTrigger","rotationMatrix":[0.812311709,0.583223343,-3.65162123e-10,-0.583223343,0.812311471,-0.000690533838,-0.000402735604,0.000560928951,0.999999762],"scale":[397.935211,8.2668066,7.89928913],"triggerMode":"Overlaps"}
{"name":"display_speed_1_r","class":"TSStatic","persistentId":"0d9b5288-89b2-46d7-a5e3-1a936ee6b715","__parent":"DragRace","position":[197.909363,119.228355,128.590454],"allowPlayerStep0":"1","hidden":true,"instanceColor":[1,1,1,0],"isRenderEnabled":false,"rotationMatrix":[-0.572719336,0.819751441,0,-0.819751441,-0.572719336,0,0,0,1],"scale":[7.15452909,7.15452909,7.15452909],"shapeName":"/art/shapes/quarter_mile_display/display_1.dae","useInstanceRenderData":true}
{"name":"display_time_4_l","class":"TSStatic","persistentId":"260afb5d-8c5d-4267-ace3-47fafd8b5182","__parent":"DragRace","position":[188.680145,133.313812,130.401932],"allowPlayerStep0":"1","hidden":true,"instanceColor":[1,1,1,0],"isRenderEnabled":false,"rotationMatrix":[-0.572719336,0.819751441,0,-0.819751441,-0.572719336,0,0,0,1],"scale":[7.0869422,7.0869422,7.0869422],"shapeName":"/art/shapes/quarter_mile_display/display_1.dae","useInstanceRenderData":true}
{"name":"display_speed_2_l","class":"TSStatic","persistentId":"26dca033-d0cd-42ff-97bd-0526fdf3eea5","__parent":"DragRace","position":[187.558746,134.895111,128.583893],"allowPlayerStep0":"1","hidden":true,"instanceColor":[1,1,1,0],"isRenderEnabled":false,"rotationMatrix":[-0.572719336,0.819751441,0,-0.819751441,-0.572719336,0,0,0,1],"scale":[7.01394749,7.01394749,7.01394749],"shapeName":"/art/shapes/quarter_mile_display/display_4.dae","useInstanceRenderData":true}
{"name":"display_time_period_l","class":"TSStatic","persistentId":"32dd694c-b180-4347-87ed-95abc06a0867","__parent":"DragRace","position":[188.03894,134.231476,130.427536],"allowPlayerStep0":"1","instanceColor":[1,1,1,0],"isRenderEnabled":false,"rotationMatrix":[-0.572719336,0.819751441,0,-0.819751441,-0.572719336,0,0,0,1],"scale":[7.0869422,7.0869422,7.0869422],"shapeName":"/art/shapes/quarter_mile_display/display_period.dae","useInstanceRenderData":true}
{"name":"display_speed_period_l","class":"TSStatic","persistentId":"333d6410-50bf-4729-aab2-030ce3b3b159","__parent":"DragRace","position":[188.589569,133.419617,128.583893],"allowPlayerStep0":"1","instanceColor":[1,1,1,0],"isRenderEnabled":false,"rotationMatrix":[-0.572719336,0.819751441,0,-0.819751441,-0.572719336,0,0,0,1],"scale":[7.01394749,7.01394749,7.01394749],"shapeName":"/art/shapes/quarter_mile_display/display_period.dae","useInstanceRenderData":true}
{"name":"display_time_1_l","class":"TSStatic","persistentId":"3e280c4f-08d6-45d0-9d27-a9d76caa5ad0","__parent":"DragRace","position":[187.010284,135.703522,130.401932],"allowPlayerStep0":"1","hidden":true,"instanceColor":[1,1,1,0],"isRenderEnabled":false,"rotationMatrix":[-0.572719336,0.819751441,0,-0.819751441,-0.572719336,0,0,0,1],"scale":[7.0869422,7.0869422,7.0869422],"shapeName":"/art/shapes/quarter_mile_display/display_empty.dae","useInstanceRenderData":true}
{"name":"display_time_3_l","class":"TSStatic","persistentId":"551ac912-04b8-4ebb-a299-5ddd294603ed","__parent":"DragRace","position":[188.134537,134.094727,130.401932],"allowPlayerStep0":"1","hidden":true,"instanceColor":[1,1,1,0],"isRenderEnabled":false,"rotationMatrix":[-0.572719336,0.819751441,0,-0.819751441,-0.572719336,0,0,0,1],"scale":[7.0869422,7.0869422,7.0869422],"shapeName":"/art/shapes/quarter_mile_display/display_4.dae","useInstanceRenderData":true}
{"name":"display_time_3_r","class":"TSStatic","persistentId":"59373ed3-7ab9-4648-8896-c4068ad16cee","__parent":"DragRace","position":[199.05542,117.592316,130.390717],"allowPlayerStep0":"1","hidden":true,"instanceColor":[1,1,1,0],"isRenderEnabled":false,"rotationMatrix":[-0.572719336,0.819751441,0,-0.819751441,-0.572719336,0,0,0,1],"scale":[7.00309372,7.00309372,7.00309372],"shapeName":"/art/shapes/quarter_mile_display/display_0.dae","useInstanceRenderData":true}
{"name":"display_time_period_r","class":"TSStatic","persistentId":"654ca04e-92d2-4773-b516-e8431450fe96","__parent":"DragRace","position":[198.961166,117.727425,130.390717],"allowPlayerStep0":"1","instanceColor":[1,1,1,0],"isRenderEnabled":false,"rotationMatrix":[-0.572719336,0.819751441,0,-0.819751441,-0.572719336,0,0,0,1],"scale":[7.00309372,7.00309372,7.00309372],"shapeName":"/art/shapes/quarter_mile_display/display_period.dae","useInstanceRenderData":true}
{"name":"display_time_1_r","class":"TSStatic","persistentId":"731a33a6-ccd7-4145-b38c-d6e5f0cec119","__parent":"DragRace","position":[197.944916,119.182144,130.390717],"allowPlayerStep0":"1","hidden":true,"instanceColor":[0.996078014,0.00392156979,0.0392156988,2],"isRenderEnabled":false,"rotationMatrix":[-0.572719336,0.819751441,0,-0.819751441,-0.572719336,0,0,0,1],"scale":[7.00309372,7.00309372,7.00309372],"shapeName":"/art/shapes/quarter_mile_display/display_empty.dae","useInstanceRenderData":true}
{"name":"display_time_5_r","class":"TSStatic","persistentId":"786d4af8-3163-4b1b-bea3-4b0d98b590bb","__parent":"DragRace","position":[200.146896,116.030319,130.390717],"allowPlayerStep0":"1","hidden":true,"instanceColor":[1,1,1,0],"isRenderEnabled":false,"rotationMatrix":[-0.572719336,0.819751441,0,-0.819751441,-0.572719336,0,0,0,1],"scale":[7.00309372,7.00309372,7.00309372],"shapeName":"/art/shapes/quarter_mile_display/display_9.dae","useInstanceRenderData":true}
{"name":"display_speed_1_l","class":"TSStatic","persistentId":"83464232-34d6-45e3-94c7-052b911dea8f","__parent":"DragRace","position":[187.013458,135.675552,128.583893],"allowPlayerStep0":"1","hidden":true,"instanceColor":[1,1,1,0],"isRenderEnabled":false,"rotationMatrix":[-0.572719336,0.819751441,0,-0.819751441,-0.572719336,0,0,0,1],"scale":[7.01394749,7.01394749,7.01394749],"shapeName":"/art/shapes/quarter_mile_display/display_1.dae","useInstanceRenderData":true}
{"name":"display_speed_5_r","class":"TSStatic","persistentId":"9a3ab7c4-b12d-4056-b866-e928e737cb0b","__parent":"DragRace","position":[200.170151,116.007942,128.590454],"allowPlayerStep0":"1","hidden":true,"instanceColor":[1,1,1,0],"isRenderEnabled":false,"rotationMatrix":[-0.572719336,0.819751441,0,-0.819751441,-0.572719336,0,0,0,1],"scale":[7.15452909,7.15452909,7.15452909],"shapeName":"/art/shapes/quarter_mile_display/display_4.dae","useInstanceRenderData":true}
{"name":"display_time_2_l","class":"TSStatic","persistentId":"9d512a0d-2921-4fe8-8ca2-62c4fcbc57c4","__parent":"DragRace","position":[187.561386,134.915024,130.401932],"allowPlayerStep0":"1","hidden":true,"instanceColor":[1,1,1,0],"isRenderEnabled":false,"rotationMatrix":[-0.572719336,0.819751441,0,-0.819751441,-0.572719336,0,0,0,1],"scale":[7.0869422,7.0869422,7.0869422],"shapeName":"/art/shapes/quarter_mile_display/display_9.dae","useInstanceRenderData":true}
{"name":"display_speed_4_r","class":"TSStatic","persistentId":"9fd20561-a1fe-459e-acee-15aaefd53622","__parent":"DragRace","position":[199.602127,116.815643,128.590454],"allowPlayerStep0":"1","hidden":true,"instanceColor":[1,1,1,0],"isRenderEnabled":false,"rotationMatrix":[-0.572719336,0.819751441,0,-0.819751441,-0.572719336,0,0,0,1],"scale":[7.15452909,7.15452909,7.15452909],"shapeName":"/art/shapes/quarter_mile_display/display_7.dae","useInstanceRenderData":true}
{"name":"display_speed_period_r","class":"TSStatic","persistentId":"a302ad53-982b-4a56-aa8e-052d1d4fc480","__parent":"DragRace","position":[199.525391,116.925117,128.590454],"allowPlayerStep0":"1","instanceColor":[1,1,1,0],"isRenderEnabled":false,"rotationMatrix":[-0.572719336,0.819751441,0,-0.819751441,-0.572719336,0,0,0,1],"scale":[7.15452909,7.15452909,7.15452909],"shapeName":"/art/shapes/quarter_mile_display/display_period.dae","useInstanceRenderData":true}
{"name":"display_speed_4_l","class":"TSStatic","persistentId":"b296ca2e-4d12-4d4e-ae70-86685cf6bfd6","__parent":"DragRace","position":[188.665894,133.310349,128.583893],"allowPlayerStep0":"1","hidden":true,"instanceColor":[1,1,1,0],"isRenderEnabled":false,"rotationMatrix":[-0.572719336,0.819751441,0,-0.819751441,-0.572719336,0,0,0,1],"scale":[7.01394749,7.01394749,7.01394749],"shapeName":"/art/shapes/quarter_mile_display/display_8.dae","useInstanceRenderData":true}
{"name":"display_time_5_l","class":"TSStatic","persistentId":"bab1b94c-ae56-4ca6-bc11-31fd85afc568","__parent":"DragRace","position":[189.238937,132.514084,130.401932],"allowPlayerStep0":"1","hidden":true,"instanceColor":[1,1,1,0],"isRenderEnabled":false,"rotationMatrix":[-0.572719336,0.819751441,0,-0.819751441,-0.572719336,0,0,0,1],"scale":[7.0869422,7.0869422,7.0869422],"shapeName":"/art/shapes/quarter_mile_display/display_5.dae","useInstanceRenderData":true}
{"name":"display_speed_3_r","class":"TSStatic","persistentId":"d3852b70-1c29-4dee-87b5-783544f09876","__parent":"DragRace","position":[199.056366,117.607285,128.590454],"allowPlayerStep0":"1","hidden":true,"instanceColor":[1,1,1,0],"isRenderEnabled":false,"rotationMatrix":[-0.572719336,0.819751441,0,-0.819751441,-0.572719336,0,0,0,1],"scale":[7.15452909,7.15452909,7.15452909],"shapeName":"/art/shapes/quarter_mile_display/display_3.dae","useInstanceRenderData":true}
{"name":"display_speed_5_l","class":"TSStatic","persistentId":"dc6e5402-aca3-4198-85d7-7e4c8022d46c","__parent":"DragRace","position":[189.218903,132.518967,128.583893],"allowPlayerStep0":"1","hidden":true,"instanceColor":[1,1,1,0],"isRenderEnabled":false,"rotationMatrix":[-0.572719336,0.819751441,0,-0.819751441,-0.572719336,0,0,0,1],"scale":[7.01394749,7.01394749,7.01394749],"shapeName":"/art/shapes/quarter_mile_display/display_8.dae","useInstanceRenderData":true}
{"name":"display_speed_3_l","class":"TSStatic","persistentId":"e6e1ba2f-403f-4472-b179-1302bbca57ec","__parent":"DragRace","position":[188.125977,134.08342,128.583893],"allowPlayerStep0":"1","hidden":true,"instanceColor":[1,1,1,0],"isRenderEnabled":false,"rotationMatrix":[-0.572719336,0.819751441,0,-0.819751441,-0.572719336,0,0,0,1],"scale":[7.01394749,7.01394749,7.01394749],"shapeName":"/art/shapes/quarter_mile_display/display_4.dae","useInstanceRenderData":true}
{"name":"display_time_4_r","class":"TSStatic","persistentId":"f44e79c0-f381-4102-bced-afa085bdd50f","__parent":"DragRace","position":[199.594711,116.820618,130.390717],"allowPlayerStep0":"1","hidden":true,"instanceColor":[1,1,1,0],"isRenderEnabled":false,"rotationMatrix":[-0.572719336,0.819751441,0,-0.819751441,-0.572719336,0,0,0,1],"scale":[7.00309372,7.00309372,7.00309372],"shapeName":"/art/shapes/quarter_mile_display/display_2.dae","useInstanceRenderData":true}
{"name":"display_speed_2_r","class":"TSStatic","persistentId":"f6358047-ab57-4e99-a296-bfa82b7d16df","__parent":"DragRace","position":[198.466461,118.431572,128.590454],"allowPlayerStep0":"1","hidden":true,"instanceColor":[1,1,1,0],"isRenderEnabled":false,"rotationMatrix":[-0.572719336,0.819751441,0,-0.819751441,-0.572719336,0,0,0,1],"scale":[7.15452909,7.15452909,7.15452909],"shapeName":"/art/shapes/quarter_mile_display/display_6.dae","useInstanceRenderData":true}
{"name":"display_time_2_r","class":"TSStatic","persistentId":"fa3a5d3f-ffbd-405e-b957-4d6a3319873f","__parent":"DragRace","position":[198.489349,118.403,130.390717],"allowPlayerStep0":"1","hidden":true,"instanceColor":[1,1,1,0],"isRenderEnabled":false,"rotationMatrix":[-0.572719336,0.819751441,0,-0.819751441,-0.572719336,0,0,0,1],"scale":[7.00309372,7.00309372,7.00309372],"shapeName":"/art/shapes/quarter_mile_display/display_9.dae","useInstanceRenderData":true}
{"name":"drag_finishr","class":"BeamNGTrigger","persistentId":"5633ed98-b010-44c7-b6cf-523a99be82e9","__parent":"DragRace","position":[136.868317,79.0942535,121.407265],"luaFunction":"mainLevel.Finishline","rotationMatrix":[0.812311709,0.583223343,-3.65162123e-10,-0.583223343,0.812311471,-0.000690533838,-0.000402735604,0.000560928951,0.999999762],"scale":[6.8489213,9.74656582,7.89928913]}
{"name":"drag_checkpoint0","class":"BeamNGTrigger","persistentId":"6609fb47-4c35-416a-9b89-010606fb0a25","__parent":"DragRace","position":[-29.9258785,-36.5415459,121.407249],"luaFunction":"mainLevel.checkpoint","rotationMatrix":[0.812311709,0.583223343,-3.65162123e-10,-0.583223343,0.812311471,-0.000690533838,-0.000402735604,0.000560928951,0.999999762],"scale":[2.95934796,16.7740517,7.89928913]}
{"name":"drag_finishl","class":"BeamNGTrigger","persistentId":"9f013ace-b84a-46d9-aaf3-857f7a9085f6","__parent":"DragRace","position":[131.425003,86.7150574,121.407265],"luaFunction":"mainLevel.Finishline","rotationMatrix":[0.812311709,0.583223343,-3.65162123e-10,-0.583223343,0.812311471,-0.000690533838,-0.000402735604,0.000560928951,0.999999762],"scale":[6.84815931,8.95197392,7.89928913]}
