//--- OBJECT WRITE BEGIN ---
$ThisPrefab = new SimGroup() {
   canSave = "1";
   canSaveDynamicFields = "1";
      groupPosition = "0 0 0";

   new TSStatic() {
      shapeName = "/levels/west_coast_usa/art/shapes/trees/trees_shrub/shrub_a.dae";
      dynamic = "0";
      playAmbient = "1";
      meshCulling = "0";
      originSort = "0";
      useInstanceRenderData = "1";
      instanceColor = "White";
      instanceColor1 = "White";
      instanceColor2 = "White";
      collisionType = "Collision Mesh";
      decalType = "Collision Mesh";
      prebuildCollisionData = "0";
      renderNormals = "0";
      forceDetail = "-1";
      position = "-291.682892 -663.473694 124.774712";
      scale = "0.800000012 0.800000012 0.800000012";
      rotationMatrix = "0.447798073 -0.89413482 0 0.89413482 0.447798073 0 0 0 1";
      isRenderEnabled = "false";
      canSave = "1";
      canSaveDynamicFields = "1";
   };
   new BeamNGVehicle(prop_mission_2) {
      JBeam = "midsize";
      color = "0 0.100000001 0.419999987 1.20000005";
      colorPalette0 = "0 0.100000001 0.419999987 1.20000005";
      colorPalette1 = "0 0.100000001 0.419999987 1.20000005";
      metallicPaintData[0] = "0 1 1 0.0599999987";
      metallicPaintData[1] = "0 1 1 0.0599999987";
      metallicPaintData[2] = "0 1 1 0.0599999987";
      metallicPaintData[3] = "1 1 1 1";
      partConfig = "vehicles/midsize/simple_traffic_parked_midsize.pc";
      renderDistance = "500";
      renderFade = "0.100000001";
      dataBlock = "default_vehicle";
      position = "-198.830826 -746.785767 130.256424";
      rotationMatrix = "0.529274106 -0.848448336 0.00203561317 0.848071992 0.528964639 -0.031149229 0.0253517479 0.0182128269 0.999512672";
      annotation = "CAR";
      canSave = "1";
      canSaveDynamicFields = "1";
         autoEnterVehicle = "true";
         licenseDesign = "vehicles/common/licenseplates/west_coast_usa/licensePlate-default.json";
         licenseFormats = "[\"30-15\"]";
         licenseText = "24208-pickup";
   };
   new BeamNGVehicle(prop_mission_1) {
      JBeam = "midsize";
      color = "0.829999983 0.829999983 0.829999983 1.20000005";
      colorPalette0 = "0.829999983 0.829999983 0.829999983 1.20000005";
      colorPalette1 = "0.829999983 0.829999983 0.829999983 1.20000005";
      metallicPaintData[0] = "0.300000012 0.600000024 1 0.0599999987";
      metallicPaintData[1] = "0.300000012 0.600000024 1 0.0599999987";
      metallicPaintData[2] = "0.300000012 0.600000024 1 0.0599999987";
      metallicPaintData[3] = "1 1 1 1";
      partConfig = "vehicles/midsize/simple_traffic_parked_midsize.pc";
      renderDistance = "500";
      renderFade = "0.100000001";
      dataBlock = "default_vehicle";
      position = "-312.253876 -662.838196 124.830544";
      rotationMatrix = "0.631049633 -0.775730848 0.00423933938 0.772779226 0.628152549 -0.0907557607 0.0677390993 0.0605474599 0.995864153";
      annotation = "CAR";
      canSave = "1";
      canSaveDynamicFields = "1";
         autoEnterVehicle = "true";
         licenseDesign = "vehicles/common/licenseplates/west_coast_usa/licensePlate-default.json";
         licenseFormats = "[\"30-15\"]";
         licenseText = "24208-pickup";
   };
};
//--- OBJECT WRITE END ---
