{"pos":[712.820557,-137.38797,146.621796],"rotationMatrix":[0.294978321,0.955503404,0.00101534871,-0.955503881,0.29497838,6.54816395e-05,-0.000236938038,-0.000989485299,0.999999464],"scale":0.999999881,"type":"barrierfence_plain"}
{"pos":[713.658508,-134.65033,146.62735],"rotationMatrix":[0.294948101,0.95551163,0.00178620196,-0.955513179,0.294948459,6.72195456e-05,-0.000462608412,-0.00172656565,0.999998391],"scale":0.999999881,"type":"barrierfence_plain"}
{"pos":[714.49646,-131.912628,146.630585],"rotationMatrix":[0.294974387,0.955505133,-0.000249459059,-0.955505133,0.294974387,6.25105458e-05,0.00013331318,0.000219920417,0.99999994],"scale":0.999999881,"type":"barrierfence_plain"}
{"pos":[714.49646,-131.912628,146.630585],"rotationMatrix":[0.294974387,0.955505133,-0.000249459059,-0.955505133,0.294974387,6.25105458e-05,0.00013331318,0.000219920417,0.99999994],"scale":0.999999881,"type":"barrierfence_plain"}
{"pos":[607.685852,-228.3004,146.575195],"rotationMatrix":[0.76113379,0.648587763,-0.00304727699,-0.648590624,0.761137426,5.5702636e-05,0.00235552457,0.00193403824,0.999995351],"scale":0.999999881,"type":"barrierfence_plain"}
{"pos":[609.843567,-226.452789,146.573822],"rotationMatrix":[0.761143029,0.648583472,0.000859003398,-0.64858371,0.761143327,6.51917944e-05,-0.000611542375,-0.000606755959,0.999999642],"scale":0.99999994,"type":"barrierfence_plain"}
{"pos":[612.001282,-224.605133,146.579788],"rotationMatrix":[0.761139691,0.648582876,0.00257819565,-0.648585141,0.761142135,6.93798647e-05,-0.00191737479,-0.00172498706,0.999996662],"scale":0.99999994,"type":"barrierfence_plain"}
{"pos":[614.158997,-222.757477,146.589142],"rotationMatrix":[0.761134982,0.648584783,0.0033561762,-0.648588598,0.761139154,7.11078756e-05,-0.00250839745,-0.00223090034,0.999994338],"scale":0.99999994,"type":"barrierfence_plain"}
{"pos":[616.316772,-220.909912,146.599884],"rotationMatrix":[0.761126995,0.64859271,0.00363402208,-0.64859724,0.761131823,7.17455987e-05,-0.00271943631,-0.00241162418,0.999993384],"scale":0.99999994,"type":"barrierfence_plain"}
{"pos":[618.474548,-219.062256,146.610947],"rotationMatrix":[0.761135757,0.648582578,0.00360487215,-0.648586988,0.761140525,7.1736984e-05,-0.00269728666,-0.0023926748,0.999993503],"scale":0.99999994,"type":"barrierfence_plain"}
{"pos":[620.632263,-217.214645,146.621613],"rotationMatrix":[0.76113373,0.648586273,0.00336969458,-0.648590088,0.761137903,7.10599124e-05,-0.00251871394,-0.00223963661,0.999994338],"scale":0.99999994,"type":"barrierfence_plain"}
{"pos":[622.789978,-215.367004,146.631363],"rotationMatrix":[0.761134863,0.64858681,0.00298026763,-0.64858979,0.761138082,7.02863908e-05,-0.00222280854,-0.00198646868,0.99999553],"scale":0.99999994,"type":"barrierfence_plain"}
{"pos":[624.947754,-213.519409,146.639816],"rotationMatrix":[0.76113987,0.648583055,0.00247201929,-0.6485852,0.761142135,6.90098386e-05,-0.00183679943,-0.00165584113,0.99999696],"scale":0.999999881,"type":"barrierfence_plain"}
{"pos":[627.105469,-211.671738,146.646698],"rotationMatrix":[0.761131287,0.648595154,0.00186861458,-0.648596346,0.761132538,6.75146584e-05,-0.00137847371,-0.00126336399,0.999998271],"scale":0.99999994,"type":"barrierfence_plain"}
{"pos":[629.263245,-209.824051,146.651733],"rotationMatrix":[0.76112777,0.648600817,0.00121598109,-0.648601413,0.761128306,6.60946534e-05,-0.00088264863,-0.000838993466,0.999999285],"scale":0.99999994,"type":"barrierfence_plain"}
{"pos":[631.421021,-207.97644,146.655624],"rotationMatrix":[0.761139989,0.648586571,0.00120240776,-0.648587048,0.761140466,6.61279191e-05,-0.000872311473,-0.000830198696,0.999999285],"scale":1,"type":"barrierfence_plain"}
{"pos":[633.578674,-206.128815,146.660065],"rotationMatrix":[0.761137486,0.648589075,0.0013929843,-0.64858979,0.761138141,6.63691899e-05,-0.00101720705,-0.000953991432,0.999999046],"scale":0.99999994,"type":"barrierfence_plain"}
{"pos":[635.73645,-204.281143,146.664932],"rotationMatrix":[0.761135638,0.648590922,0.00152577821,-0.648591757,0.761136472,6.68468419e-05,-0.00111796928,-0.00104048674,0.999998808],"scale":0.99999994,"type":"barrierfence_plain"}
{"pos":[637.894226,-202.433563,146.670105],"rotationMatrix":[0.761137664,0.648588359,0.00160352106,-0.648589313,0.761138558,6.7056797e-05,-0.00117700954,-0.00109106605,0.999998689],"scale":0.999999881,"type":"barrierfence_plain"}
{"pos":[640.051941,-200.585892,146.675415],"rotationMatrix":[0.761136115,0.648590147,0.00163514749,-0.648591101,0.761137068,6.69882284e-05,-0.00120112346,-0.00111152907,0.999998689],"scale":0.99999994,"type":"barrierfence_plain"}
{"pos":[642.209717,-198.738235,146.680771],"rotationMatrix":[0.761138439,0.648587406,0.00162143842,-0.648588359,0.761139393,6.69484725e-05,-0.00119071873,-0.00110260316,0.999998689],"scale":0.99999994,"type":"barrierfence_plain"}
{"pos":[644.367493,-196.89061,146.68602],"rotationMatrix":[0.761138082,0.648588002,0.00156946573,-0.648588836,0.761138916,6.70496956e-05,-0.00115109375,-0.00106897205,0.999998748],"scale":0.99999994,"type":"barrierfence_plain"}
{"pos":[646.525208,-195.043015,146.691071],"rotationMatrix":[0.761137247,0.648589194,0.00147840939,-0.648590028,0.761137962,6.66527485e-05,-0.0010820434,-0.00100961339,0.999998927],"scale":0.999999881,"type":"barrierfence_plain"}
{"pos":[648.682922,-193.195358,146.695816],"rotationMatrix":[0.761135817,0.648591101,0.00135151029,-0.648591816,0.761136472,6.62080711e-05,-0.000985741732,-0.000926971785,0.999999106],"scale":0.999999881,"type":"barrierfence_plain"}
{"pos":[650.840637,-191.347717,146.700134],"rotationMatrix":[0.761138141,0.648588717,0.00118928822,-0.648589194,0.761138618,6.61583617e-05,-0.000862303656,-0.000821715221,0.999999285],"scale":0.99999994,"type":"barrierfence_plain"}
{"pos":[652.998474,-189.500076,146.703934],"rotationMatrix":[0.761137545,0.64858979,0.000989632914,-0.648590147,0.761137843,6.55184849e-05,-0.000710752443,-0.000691734662,0.999999523],"scale":0.99999994,"type":"barrierfence_plain"}
{"pos":[655.156189,-187.652435,146.707123],"rotationMatrix":[0.761135042,0.648593009,0.000755526824,-0.648593247,0.761135221,6.50148722e-05,-0.000532889855,-0.000539514644,0.999999702],"scale":0.99999994,"type":"barrierfence_plain"}
{"pos":[657.313904,-185.804779,146.709595],"rotationMatrix":[0.761134386,0.648594022,0.000485277909,-0.648594141,0.761134446,6.42616506e-05,-0.000327682006,-0.000363660161,0.999999881],"scale":0.99999994,"type":"barrierfence_plain"}
{"pos":[659.47168,-183.957123,146.711258],"rotationMatrix":[0.761135459,0.648592949,0.0001770003,-0.648592949,0.761135459,6.35007309e-05,-9.35350763e-05,-0.000163133809,1],"scale":0.999999881,"type":"barrierfence_plain"}
{"pos":[661.629395,-182.109482,146.711975],"rotationMatrix":[0.761128128,0.648601532,-0.00017728009,-0.648601532,0.761128128,6.27154732e-05,0.000175610228,6.72496317e-05,1],"scale":0.99999994,"type":"barrierfence_plain"}
{"pos":[663.78717,-180.26181,146.711548],"rotationMatrix":[0.761136651,0.64859122,-0.000633571646,-0.64859134,0.76113683,6.17166224e-05,0.000522263581,0.000363954314,0.999999821],"scale":0.999999881,"type":"barrierfence_plain"}
{"pos":[665.944885,-178.4142,146.709793],"rotationMatrix":[0.761136413,0.648590982,-0.00107173133,-0.64859134,0.761136889,6.06413232e-05,0.000855065649,0.000648959249,0.999999404],"scale":0.999999881,"type":"barrierfence_plain"}
{"pos":[668.1026,-176.566589,146.706894],"rotationMatrix":[0.761140347,0.648585618,-0.00144927402,-0.648586214,0.761141181,5.95882011e-05,0.00114175014,0.000894624158,0.999998927],"scale":0.99999994,"type":"barrierfence_plain"}
{"pos":[670.260437,-174.718933,146.703003],"rotationMatrix":[0.761138737,0.64858669,-0.00176851638,-0.648587644,0.761139989,5.86748938e-05,0.00138414418,0.00110237813,0.99999845],"scale":0.99999994,"type":"barrierfence_plain"}
{"pos":[672.418213,-172.871277,146.698303],"rotationMatrix":[0.761133552,0.648592055,-0.00202430109,-0.648593247,0.761135221,5.82547509e-05,0.00157855032,0.0012686085,0.999997973],"scale":1,"type":"barrierfence_plain"}
{"pos":[674.575928,-171.023666,146.692947],"rotationMatrix":[0.761135578,0.648588955,-0.00221703947,-0.648590505,0.761137545,5.79256448e-05,0.00172504177,0.0013938616,0.999997556],"scale":1,"type":"barrierfence_plain"}
{"pos":[676.733582,-169.17598,146.687164],"rotationMatrix":[0.761133552,0.648591042,-0.00234484463,-0.64859271,0.761135697,5.75262238e-05,0.00182205602,0.00147706387,0.999997258],"scale":0.99999994,"type":"barrierfence_plain"}
{"pos":[678.891418,-167.328369,146.681107],"rotationMatrix":[0.761133552,0.648590744,-0.00239941617,-0.648592532,0.761135817,5.72122517e-05,0.00186338893,0.00151269697,0.999997139],"scale":0.99999994,"type":"barrierfence_plain"}
{"pos":[681.049133,-165.480698,146.675003],"rotationMatrix":[0.761133432,0.648590922,-0.00237988937,-0.64859271,0.761135697,5.73882717e-05,0.00184864015,0.00149989873,0.999997139],"scale":0.999999881,"type":"barrierfence_plain"}
{"pos":[683.206909,-163.633102,146.669083],"rotationMatrix":[0.761133015,0.648591876,-0.00227211905,-0.648593426,0.761135042,5.7577854e-05,0.00176673406,0.0014298571,0.999997437],"scale":0.99999994,"type":"barrierfence_plain"}
{"pos":[685.364624,-161.785431,146.663589],"rotationMatrix":[0.761139393,0.648585021,-0.00207035989,-0.648586333,0.761141062,5.81317581e-05,0.00161353929,0.00129856076,0.999997854],"scale":0.999999881,"type":"barrierfence_plain"}
{"pos":[687.522339,-159.93779,146.658844],"rotationMatrix":[0.761132836,0.648593605,-0.00175360439,-0.648594558,0.761134088,5.88221592e-05,0.00137287972,0.00109260669,0.99999845],"scale":0.99999994,"type":"barrierfence_plain"}
{"pos":[689.680115,-158.090164,146.655197],"rotationMatrix":[0.761135578,0.648591518,-0.00130354566,-0.648591995,0.761136293,6.00853236e-05,0.00103114685,0.000799736183,0.999999166],"scale":0.99999994,"type":"barrierfence_plain"}
{"pos":[691.83783,-156.242508,146.653015],"rotationMatrix":[0.761136949,0.648590803,-0.000692941714,-0.648590922,0.761137128,6.14797464e-05,0.000567298848,0.000402641221,0.999999762],"scale":0.99999994,"type":"barrierfence_plain"}
{"pos":[693.995605,-154.394836,146.652649],"rotationMatrix":[0.761141121,0.648586273,-0.000249478209,-0.648586273,0.761141181,6.24497334e-05,0.000230392165,0.00011427507,0.99999994],"scale":1,"type":"barrierfence_plain"}
{"pos":[696.15332,-152.547211,146.652634],"rotationMatrix":[0.761134446,0.648594081,-0.000249503239,-0.648594081,0.761134505,6.25038228e-05,0.000230445119,0.000114252514,0.99999994],"scale":0.99999994,"type":"barrierfence_plain"}
{"pos":[698.311096,-150.699554,146.652634],"rotationMatrix":[0.761134446,0.648594081,-0.000249503239,-0.648594081,0.761134505,6.25038228e-05,0.000230445119,0.000114252514,0.99999994],"scale":0.99999994,"type":"barrierfence_plain"}
{"pos":[700.468811,-148.851929,146.652649],"rotationMatrix":[0.761137903,0.648590028,-0.000249478238,-0.648590028,0.761137903,6.24497334e-05,0.000230391612,0.000114276248,0.99999994],"scale":1,"type":"barrierfence_plain"}
{"pos":[702.626465,-147.004257,146.652634],"rotationMatrix":[0.761136651,0.648591518,-0.000249503239,-0.648591518,0.761136651,6.25038083e-05,0.000230445497,0.000114251743,0.99999994],"scale":0.99999994,"type":"barrierfence_plain"}
{"pos":[704.784302,-145.156586,146.652634],"rotationMatrix":[0.761139452,0.648588181,-0.000249447156,-0.648588181,0.761139512,6.25954708e-05,0.000230462756,0.000114144612,0.99999994],"scale":0.99999994,"type":"barrierfence_plain"}
{"pos":[706.942078,-143.30899,146.652649],"rotationMatrix":[0.761137426,0.648590565,-0.00024937003,-0.648590565,0.761137486,6.24998211e-05,0.00023034167,0.000114168113,0.99999994],"scale":0.99999994,"type":"barrierfence_plain"}
{"pos":[709.099792,-141.461349,146.652634],"rotationMatrix":[0.761138499,0.648589313,-0.000249553297,-0.648589313,0.761138558,6.26120018e-05,0.000230554113,0.000114201219,0.99999994],"scale":0.99999994,"type":"barrierfence_plain"}
{"pos":[711.257507,-139.613708,146.652649],"rotationMatrix":[0.761134028,0.648594618,-0.000249478151,-0.648594618,0.761134028,6.24497334e-05,0.000230390884,0.000114277573,0.99999994],"scale":0.999999881,"type":"barrierfence_plain"}
{"pos":[711.257507,-139.613708,146.652649],"rotationMatrix":[0.761134028,0.648594618,-0.000249478151,-0.648594618,0.761134028,6.24497334e-05,0.000230390884,0.000114277573,0.99999994],"scale":0.999999881,"type":"barrierfence_plain"}
{"pos":[756.076294,159.947906,152.173584],"rotationMatrix":[-0.0128902197,-0.998670578,-0.0499090254,0.999915242,-0.0127831697,-0.00246342272,0.00182215311,-0.0499365516,0.998750746],"scale":0.999999702,"type":"barrierfence_plain"}
{"pos":[756.048584,157.084015,152.108307],"rotationMatrix":[-0.0129519701,-0.999839246,-0.0123961642,0.999913752,-0.0129238367,-0.00234456174,0.00218397938,-0.0124254618,0.999920428],"scale":0.999999881,"type":"barrierfence_plain"}
{"pos":[756.04425,154.220078,152.141602],"rotationMatrix":[0.0397136807,-0.999210835,-0.000763305696,0.999208212,0.0397153497,-0.00237053423,0.00239897845,-0.000668558758,0.999996901],"scale":0.999999762,"type":"barrierfence_plain"}
{"pos":[756.296265,151.368958,152.105972],"rotationMatrix":[0.0952115059,-0.995356381,-0.0141561404,0.995450199,0.0952538848,-0.00234899716,0.00368651701,-0.0138680823,0.999897063],"scale":0.999999642,"type":"barrierfence_plain"}
{"pos":[756.572571,148.518402,152.132767],"rotationMatrix":[0.0894713402,-0.995834112,0.0175896585,0.995989203,0.0894455314,-0.00225031516,0.000667623244,0.0177204479,0.999842763],"scale":0.999999881,"type":"barrierfence_plain"}
{"pos":[756.949219,145.683029,152.106491],"rotationMatrix":[0.168860316,-0.985499382,-0.0166480225,0.985626698,0.16892153,-0.00233491696,0.00511327013,-0.0160144605,0.999858677],"scale":0.999999583,"type":"barrierfence_plain"}
{"pos":[757.584167,142.885849,152.142197],"rotationMatrix":[0.281441867,-0.959196746,0.027055759,0.959562361,0.281487525,-0.00218538195,-0.00551964622,0.0265767481,0.999631524],"scale":0.999999702,"type":"barrierfence_plain"}
{"pos":[758.597778,140.208069,152.244019],"rotationMatrix":[0.367508531,-0.929521501,0.0304507203,0.929975212,0.36761564,-0.00220425893,-0.00914525334,0.0291284993,0.999533832],"scale":0.999999702,"type":"barrierfence_plain"}
{"pos":[759.684265,137.56192,152.350922],"rotationMatrix":[0.383744538,-0.922849536,0.0329984762,0.923377991,0.383885741,-0.00219562463,-0.0106414147,0.0313126221,0.999453008],"scale":0.999999762,"type":"barrierfence_plain"}
{"pos":[760.822266,134.937286,152.469986],"rotationMatrix":[0.408233702,-0.912004948,0.0399031751,0.912765145,0.408479035,-0.0021696426,-0.0143208848,0.0373079479,0.999201179],"scale":0.999999702,"type":"barrierfence_plain"}
{"pos":[762.083984,132.370636,152.638611],"rotationMatrix":[0.447990894,-0.891893804,0.0618836209,0.893662989,0.448733866,-0.00209938549,-0.0258968472,0.0562436059,0.998081148],"scale":0.999999583,"type":"barrierfence_plain"}
{"pos":[763.374146,129.823975,152.836853],"rotationMatrix":[0.447181404,-0.89215982,0.0638724416,0.894043326,0.447975636,-0.00209281407,-0.0267461725,0.0580405891,0.997955859],"scale":0.999999762,"type":"barrierfence_plain"}
{"pos":[764.653625,127.272522,153.03363],"rotationMatrix":[0.440669715,-0.895561337,0.0614826232,0.897313952,0.441387892,-0.00210006908,-0.0252569448,0.0560946539,0.998105943],"scale":0.99999994,"type":"barrierfence_plain"}
{"pos":[765.90448,124.705307,153.219711],"rotationMatrix":[0.438355386,-0.896387935,0.0658272058,0.898394704,0.439184129,-0.00207795016,-0.0270476136,0.0600496903,0.997828901],"scale":0.999999762,"type":"barrierfence_plain"}
{"pos":[767.194275,122.159149,153.436813],"rotationMatrix":[0.453479528,-0.888690233,0.0677192956,0.890797257,0.454396129,-0.00208030641,-0.0289226361,0.0612675399,0.997702241],"scale":0.999999702,"type":"barrierfence_plain"}
{"pos":[768.51947,119.631409,153.619766],"rotationMatrix":[0.46713835,-0.883070529,0.0443624295,0.883983672,0.467512667,-0.00216411985,-0.0188289247,0.0402266085,0.999013186],"scale":0.999999762,"type":"barrierfence_plain"}
{"pos":[769.797302,117.078163,153.719574],"rotationMatrix":[0.414534926,-0.909642398,0.0266744308,0.909988463,0.414627612,-0.00221712794,-0.00904316083,0.0251925029,0.999641716],"scale":0.999999762,"type":"barrierfence_plain"}
{"pos":[770.897888,114.443649,153.763596],"rotationMatrix":[0.360097349,-0.932894886,-0.00609169342,0.932904541,0.360116243,-0.00232132734,0.00435927231,-0.00484706461,0.999978781],"scale":0.999999821,"type":"barrierfence_plain"}
{"pos":[771.873352,111.75663,153.747665],"rotationMatrix":[0.320428789,-0.947140455,-0.0158221796,0.947244525,0.320503294,-0.00235364866,0.00730029587,-0.0142332977,0.999872029],"scale":0.999999821,"type":"barrierfence_plain"}
{"pos":[772.740234,109.031235,153.72084],"rotationMatrix":[0.281859398,-0.9593876,-0.011436766,0.959440172,0.28190273,-0.0023407815,0.0054697725,-0.0103131216,0.999931872],"scale":0.999999821,"type":"barrierfence_plain"}
{"pos":[773.496155,106.273491,153.700134],"rotationMatrix":[0.244868338,-0.969453037,-0.0141511913,0.969539344,0.244924426,-0.00234960159,0.00574380159,-0.013144793,0.999897122],"scale":0.999999762,"type":"barrierfence_plain"}
{"pos":[774.154297,103.49044,153.67244],"rotationMatrix":[0.212106228,-0.977125525,-0.0153816454,0.977230787,0.21216619,-0.00235690037,0.00556645356,-0.0145315044,0.999878943],"scale":0.999999821,"type":"barrierfence_plain"}
{"pos":[774.712585,100.685104,153.659164],"rotationMatrix":[0.173546672,-0.984788239,-0.00857920386,0.98481828,0.173572302,-0.00233313697,0.00378675782,-0.00804404914,0.999960482],"scale":0.999999821,"type":"barrierfence_plain"}
{"pos":[775.151306,97.8589935,153.658173],"rotationMatrix":[0.129723787,-0.991544604,-0.00329572288,0.991546392,0.129731715,-0.00231722533,0.00272519235,-0.00296726287,0.999991894],"scale":0.999999702,"type":"barrierfence_plain"}
{"pos":[775.457703,95.015625,153.677475],"rotationMatrix":[0.0824248791,-0.996592164,0.00318799121,0.996595263,0.0824177861,-0.0022926589,0.00202209875,0.00336610875,0.999992311],"scale":0.999999642,"type":"barrierfence_plain"}
{"pos":[775.594116,92.1615295,153.698639],"rotationMatrix":[0.00631052256,-0.999979973,0.000426937651,0.999977469,0.00630956888,-0.00230186386,0.00229912391,0.000441454002,0.999997258],"scale":0.999999881,"type":"barrierfence_plain"}
{"pos":[775.478577,89.3066406,153.734436],"rotationMatrix":[-0.083237648,-0.996495187,0.00829959754,0.996525347,-0.0832591057,-0.00227467483,0.00295771938,0.00808142126,0.999962986],"scale":0.999999762,"type":"barrierfence_plain"}
{"pos":[775.132141,86.4702148,153.766983],"rotationMatrix":[-0.157299876,-0.98753196,0.00611653784,0.987545669,-0.157316208,-0.00228927238,0.00322296051,0.00568025792,0.999978662],"scale":0.999999821,"type":"barrierfence_plain"}
{"pos":[774.561279,83.6708984,153.827347],"rotationMatrix":[-0.24414885,-0.969620407,0.0150884464,0.969720066,-0.244208932,-0.00225271098,0.00586900814,0.0140815731,0.999883652],"scale":0.999999762,"type":"barrierfence_plain"}
{"pos":[773.741089,80.9353333,153.872726],"rotationMatrix":[-0.327255249,-0.944920361,0.0054161055,0.944927752,-0.327270865,-0.00228225114,0.00392907951,0.0043709497,0.999982715],"scale":0.999999702,"type":"barrierfence_plain"}
{"pos":[772.686707,78.2806396,153.916702],"rotationMatrix":[-0.411252618,-0.911502361,0.0058887559,0.911510348,-0.411270857,-0.00227370672,0.00449436298,0.00443259394,0.999980092],"scale":0.999999821,"type":"barrierfence_plain"}
{"pos":[771.386292,75.7389526,153.924179],"rotationMatrix":[-0.497116685,-0.867628276,-0.00980663858,0.86767894,-0.497119546,-0.00232730829,-0.00285583246,-0.00966595858,0.999949217],"scale":0.999999702,"type":"barrierfence_plain"}
{"pos":[769.860352,73.3257446,153.883682],"rotationMatrix":[-0.554924965,-0.83110255,-0.0364243537,0.831700981,-0.555218339,-0.00242304523,-0.0182096735,-0.0316387825,0.999333501],"scale":0.999999762,"type":"barrierfence_plain"}
{"pos":[768.275513,70.9492188,153.752823],"rotationMatrix":[-0.561632276,-0.825631082,-0.0538737625,0.826904476,-0.562336802,-0.0024786666,-0.0282487404,-0.0459405594,0.998544693],"scale":0.999999881,"type":"barrierfence_plain"}
{"pos":[766.651611,68.5887451,153.7173],"rotationMatrix":[-0.578299999,-0.815822661,-0.00159134739,0.815823615,-0.578296185,-0.0023144763,0.000967931934,-0.00263672043,0.999996066],"scale":0.999999762,"type":"barrierfence_plain"}
{"pos":[764.95874,66.2804565,153.773315],"rotationMatrix":[-0.606535673,-0.794276059,0.0352114923,0.794719994,-0.606972218,-0.00219910406,0.0231190939,0.0266494434,0.999377489],"scale":0.999999702,"type":"barrierfence_plain"}
{"pos":[763.197632,64.0302734,153.905167],"rotationMatrix":[-0.63049376,-0.775265276,0.0379684791,0.775770605,-0.631011367,-0.00217758864,0.025646748,0.0280818697,0.999276578],"scale":0.999999881,"type":"barrierfence_plain"}
{"pos":[761.34906,61.8532715,154.006332],"rotationMatrix":[-0.666226745,-0.745440185,0.0214725435,0.745578349,-0.666414499,-0.00222817622,0.015970584,0.0145249926,0.999766946],"scale":0.999999881,"type":"barrierfence_plain"}
{"pos":[759.408936,59.753418,154.078827],"rotationMatrix":[-0.691813588,-0.721819162,0.0192615222,0.721921444,-0.691971421,-0.00224159751,0.0149464514,0.0123545388,0.999811947],"scale":0.999999821,"type":"barrierfence_plain"}
{"pos":[757.39502,57.7246704,154.145981],"rotationMatrix":[-0.719676256,-0.69412446,0.0160465445,0.694186091,-0.719792247,-0.00225063018,0.0131123932,0.00951956213,0.999868691],"scale":0.999999702,"type":"barrierfence_plain"}
{"pos":[755.302734,55.7745361,154.208664],"rotationMatrix":[-0.736552835,-0.676058054,0.0208654776,0.676169157,-0.736742973,-0.00223631458,0.0168843716,0.0124614295,0.99977982],"scale":0.999999642,"type":"barrierfence_plain"}
{"pos":[753.209167,53.8232422,154.301254],"rotationMatrix":[-0.733624101,-0.678375483,0.040029116,0.678854108,-0.734269977,-0.00217450317,0.0308673084,0.0255786628,0.999196172],"scale":0.999999762,"type":"barrierfence_plain"}
{"pos":[751.109253,51.8853149,154.509125],"rotationMatrix":[-0.737784863,-0.669798851,0.0839223117,0.67204237,-0.740509987,-0.00202649459,0.0635026544,0.0549042337,0.996470213],"scale":0.999999821,"type":"barrierfence_plain"}
{"pos":[748.993042,49.9799805,154.803436],"rotationMatrix":[-0.745249867,-0.658569872,0.104347035,0.662029803,-0.749474883,-0.00195450708,0.0794926733,0.067624256,0.994539022],"scale":0.99999994,"type":"barrierfence_plain"}
{"pos":[746.857971,48.104126,155.149521],"rotationMatrix":[-0.750381827,-0.648891151,0.125966847,0.653919637,-0.756561756,-0.00188003853,0.0965216309,0.0809614509,0.992032647],"scale":0.999999821,"type":"barrierfence_plain"}
{"pos":[744.710938,46.2548828,155.549362],"rotationMatrix":[-0.756399751,-0.640417993,0.13313283,0.645979106,-0.76335299,-0.00185220689,0.10281352,0.0846000165,0.991096497],"scale":0.999999821,"type":"barrierfence_plain"}
{"pos":[742.538208,44.4363403,155.945953],"rotationMatrix":[-0.767140746,-0.627200365,0.134590834,0.632763982,-0.774342418,-0.00184856355,0.105378829,0.0837461278,0.990899563],"scale":0.999999702,"type":"barrierfence_plain"}
{"pos":[740.334534,42.6571045,156.347504],"rotationMatrix":[-0.774772167,-0.618835509,0.129502863,0.6238994,-0.781502604,-0.00186662376,0.10236194,0.0793505386,0.991577268],"scale":0.999999762,"type":"barrierfence_plain"}
{"pos":[738.13623,40.866333,156.74118],"rotationMatrix":[-0.767187834,-0.626883328,0.135794118,0.632547677,-0.774519205,-0.00184284896,0.10633041,0.0844824463,0.990735352],"scale":0.999999881,"type":"barrierfence_plain"}
{"pos":[560.932251,13.7033148,148.234833],"rotationMatrix":[-0.000174164772,0.999507546,-0.0313796028,-1,-0.000174283981,7.18981028e-07,-4.74974513e-06,0.0313796028,0.999507546],"scale":1,"type":"barrierfence_plain"}
{"pos":[560.932251,16.5526028,148.13974],"rotationMatrix":[-0.000174045563,0.999373853,-0.0353811793,-0.99999994,-0.000174164772,1.35228038e-06,-4.80934978e-06,0.0353811793,0.999373913],"scale":1,"type":"barrierfence_plain"}
{"pos":[560.932251,19.4015808,148.034561],"rotationMatrix":[-0.000174045563,0.999257267,-0.0385330543,-0.99999994,-0.000174045563,1.84029341e-06,-4.87081707e-06,0.0385330506,0.999257326],"scale":0.99999994,"type":"barrierfence_plain"}
{"pos":[560.932251,22.2504539,147.923569],"rotationMatrix":[-0.000174045563,0.999208689,-0.0397748277,-1,-0.000174164772,2.06008554e-06,-4.86709177e-06,0.0397748277,0.999208689],"scale":1,"type":"barrierfence_plain"}
{"pos":[560.932251,25.0997944,147.815292],"rotationMatrix":[-0.000173807144,0.999403,-0.0345477425,-1,-0.000173926353,1.20326877e-06,-4.80562449e-06,0.0345477425,0.999403059],"scale":1,"type":"barrierfence_plain"}
{"pos":[560.932251,27.9528141,147.822128],"rotationMatrix":[-0.000173926353,0.999818683,0.0190433413,-1,-0.000173807144,-8.24034214e-06,-4.92949039e-06,-0.0190433413,0.999818683],"scale":1,"type":"barrierfence_plain"}
{"pos":[560.932251,30.8033409,147.888901],"rotationMatrix":[-0.000174045563,0.999743164,0.0226632394,-1,-0.000173926353,-8.81124288e-06,-4.86988574e-06,-0.0226632394,0.999743164],"scale":1.00000012,"type":"barrierfence_plain"}
{"pos":[560.932251,33.6536713,147.956192],"rotationMatrix":[-0.000174164772,0.999734759,0.0230284967,-1,-0.000174045563,-8.87643546e-06,-4.8680231e-06,-0.0230285004,0.999734819],"scale":1,"type":"barrierfence_plain"}
{"pos":[560.932251,36.5039711,148.023788],"rotationMatrix":[-0.000173926353,0.999735177,0.023011893,-0.99999994,-0.000173807144,-8.75163823e-06,-4.74974513e-06,-0.023011893,0.999735177],"scale":1,"type":"barrierfence_plain"}
{"pos":[560.932251,39.3542671,148.090851],"rotationMatrix":[-0.000174045563,0.99974066,0.0227727965,-0.99999994,-0.000173926353,-8.77398998e-06,-4.81214374e-06,-0.0227727965,0.99974066],"scale":1,"type":"barrierfence_plain"}
{"pos":[560.932251,42.204586,148.157074],"rotationMatrix":[-0.000174045563,0.99974817,0.0224409122,-0.99999994,-0.000173926353,-8.77305865e-06,-4.86895442e-06,-0.0224409141,0.99974817],"scale":1,"type":"barrierfence_plain"}
{"pos":[560.933411,45.0551682,148.221008],"rotationMatrix":[0.00283122063,0.999817669,0.018883843,-0.999996006,0.00283181667,-4.60259616e-06,-5.80782071e-05,-0.0188837536,0.999821663],"scale":1,"type":"barrierfence_plain"}
{"pos":[560.960571,47.9077606,148.262436],"rotationMatrix":[0.0200119615,0.999704063,0.01382933,-0.999799669,0.020013988,-6.47641718e-06,-0.000283253845,-0.0138264308,0.999904394],"scale":1,"type":"barrierfence_plain"}
{"pos":[561.077576,50.7604523,148.315323],"rotationMatrix":[0.0520908237,0.998441577,0.0200254172,-0.998641849,0.0521016717,-2.04881653e-05,-0.00106381532,-0.0199971534,0.99979949],"scale":1,"type":"barrierfence_plain"}
{"pos":[561.293945,53.6074944,148.385483],"rotationMatrix":[0.0891151428,0.995689511,0.0257081948,-0.996018648,0.0891452432,-2.31172889e-05,-0.00231477898,-0.0256037824,0.999669492],"scale":1,"type":"barrierfence_plain"}
{"pos":[561.623169,56.4438248,148.469101],"rotationMatrix":[0.131264389,0.990894318,0.0299692564,-0.991339564,0.131323993,-2.02683732e-05,-0.00395576935,-0.0297070481,0.999550819],"scale":1,"type":"barrierfence_plain"}
{"pos":[562.076477,59.2634048,148.561584],"rotationMatrix":[0.17882055,0.983344197,0.0325182267,-0.983864427,0.17891556,-1.22077763e-05,-0.00583001971,-0.0319913439,0.999471128],"scale":1,"type":"barrierfence_plain"}
{"pos":[562.690674,62.0530701,148.657379],"rotationMatrix":[0.232976317,0.971934855,0.0326284245,-0.972452581,0.233100593,-6.68875873e-06,-0.00761220604,-0.0317280367,0.999467552],"scale":1,"type":"barrierfence_plain"}
{"pos":[563.46405,64.803421,148.748886],"rotationMatrix":[0.292910814,0.955665171,0.0301220808,-0.956099093,0.293043673,4.28035855e-06,-0.00882299431,-0.0288009457,0.99954623],"scale":1,"type":"barrierfence_plain"}
{"pos":[564.41925,67.4976196,148.844009],"rotationMatrix":[0.358066738,0.932573915,0.0457603559,-0.933549523,0.358448386,-0.000143816695,-0.0165368449,-0.0426680669,0.998952448],"scale":1,"type":"barrierfence_plain"}
{"pos":[565.566406,70.1117401,149.037186],"rotationMatrix":[0.426963329,0.90163064,0.0690257102,-0.903785586,0.427985549,-2.26944685e-05,-0.0295624696,-0.0623747483,0.997614861],"scale":1,"type":"barrierfence_plain"}
{"pos":[566.918823,72.6247559,149.235809],"rotationMatrix":[0.498613119,0.864088893,0.0688131973,-0.866141558,0.499798715,-1.45882368e-05,-0.0344053581,-0.0595946983,0.997629583],"scale":0.99999994,"type":"barrierfence_plain"}
{"pos":[568.477539,75.0159607,149.432358],"rotationMatrix":[0.56996268,0.818860173,0.0679012835,-0.820753932,0.57128185,-1.20438635e-05,-0.0388006344,-0.055723384,0.997692049],"scale":1,"type":"barrierfence_plain"}
{"pos":[570.237061,77.2637024,149.625244],"rotationMatrix":[0.638153791,0.767036438,0.0664435998,-0.768734932,0.639567554,-7.64615834e-06,-0.0425010361,-0.0510726348,0.997790158],"scale":1,"type":"barrierfence_plain"}
{"pos":[572.175537,79.359375,149.813278],"rotationMatrix":[0.700786114,0.710448205,0.0645150393,-0.711930931,0.702249527,-9.65036452e-06,-0.0453125089,-0.0459234864,0.997916758],"scale":1,"type":"barrierfence_plain"}
{"pos":[574.284912,81.2831421,149.994904],"rotationMatrix":[0.756020188,0.651581228,0.0622524582,-0.652846992,0.7574898,-9.20891762e-06,-0.0471615978,-0.0406343713,0.998060405],"scale":1,"type":"barrierfence_plain"}
{"pos":[576.538025,83.0366211,150.181335],"rotationMatrix":[0.804136634,0.589915097,0.0732425004,-0.591497958,0.806306481,-9.79304314e-05,-0.0591136776,-0.0432440378,0.997314155],"scale":1,"type":"barrierfence_plain"}
{"pos":[578.952026,84.5600891,150.414993],"rotationMatrix":[0.86298269,0.498712033,0.0809147507,-0.500351787,0.865822196,-1.28317624e-05,-0.070064187,-0.040474765,0.996721029],"scale":1,"type":"barrierfence_plain"}
{"pos":[581.510254,85.8244629,150.643951],"rotationMatrix":[0.909178257,0.408875227,0.0788411275,-0.410151005,0.912017584,-1.32210553e-05,-0.071909897,-0.0323247463,0.996887207],"scale":1,"type":"barrierfence_plain"}
{"pos":[584.177368,86.8392334,150.86618],"rotationMatrix":[0.943402708,0.322743207,0.0763420016,-0.323686689,0.94616431,-1.56536698e-05,-0.072237134,-0.0246961229,0.997081697],"scale":0.99999994,"type":"barrierfence_plain"}
{"pos":[586.923767,87.6079102,151.112],"rotationMatrix":[0.965699732,0.240736827,0.0973128453,-0.241877332,0.970306814,-7.9235062e-05,-0.0944423899,-0.0234612525,0.995253861],"scale":1,"type":"barrierfence_plain"}
{"pos":[589.716675,88.1519165,151.410736],"rotationMatrix":[0.980992436,0.163592681,0.104361437,-0.164487943,0.986379087,-2.86046416e-05,-0.10294462,-0.0171381366,0.99453944],"scale":1.00000012,"type":"barrierfence_plain"}
{"pos":[592.541077,88.4857788,151.712997],"rotationMatrix":[0.990268946,0.0904623643,0.105754472,-0.090969868,0.995853662,-2.49547884e-05,-0.105318241,-0.00959575828,0.994392276],"scale":1.00000012,"type":"barrierfence_plain"}
{"pos":[595.381531,88.6196899,152.017044],"rotationMatrix":[0.994155943,0.020638058,0.105962351,-0.0207524356,0.999784648,-2.31747981e-05,-0.105940014,-0.00217593764,0.994370162],"scale":1,"type":"barrierfence_plain"}
{"pos":[598.226562,88.5521851,152.243835],"rotationMatrix":[0.997757971,-0.0467537977,0.0478866249,0.0468029492,0.998904109,9.49858222e-05,-0.047838591,0.00214646244,0.998852789],"scale":1.00000012,"type":"barrierfence_plain"}
{"pos":[601.071655,88.2953491,152.366669],"rotationMatrix":[0.993035197,-0.112557389,0.0348122455,0.112572066,0.99364239,0.00154439372,-0.0347647555,0.0023852489,0.999392688],"scale":0.99999994,"type":"barrierfence_plain"}
{"pos":[603.895142,87.8562012,152.444717],"rotationMatrix":[0.984061956,-0.176995918,0.0171618816,0.176957086,0.984211385,0.00376747781,-0.0175577458,-0.000670515001,0.999845624],"scale":1,"type":"barrierfence_plain"}
{"pos":[606.68335,87.2357788,152.580978],"rotationMatrix":[0.96788311,-0.240354806,0.0737008825,0.238960922,0.97064501,0.0273125358,-0.0781020895,-0.00882371143,0.99690634],"scale":0.99999994,"type":"barrierfence_plain"}
{"pos":[609.427063,86.4337158,152.797409],"rotationMatrix":[0.951946318,-0.303239405,0.0429423265,0.303528905,0.952822208,-0.000233053695,-0.0408457331,0.0132560916,0.999077499],"scale":1,"type":"barrierfence_plain"}
{"pos":[612.103638,85.4522095,153.003845],"rotationMatrix":[0.928025901,-0.365461409,0.0721516013,0.366415262,0.930451453,1.7398037e-05,-0.0671399236,0.0264213011,0.997393668],"scale":1.00000012,"type":"barrierfence_plain"}
{"pos":[614.709167,84.2895203,153.174393],"rotationMatrix":[0.901826382,-0.429013729,0.0515404083,0.429582655,0.903027534,4.35039401e-05,-0.0465610735,0.0221016333,0.998670936],"scale":1.00000024,"type":"barrierfence_plain"}
{"pos":[709.894653,16.4858704,155.234192],"rotationMatrix":[-0.774781942,-0.624633014,-0.0977073461,0.627594411,-0.778540373,0.00054422766,-0.0764090419,-0.0608989261,0.995215058],"scale":0.99999994,"type":"barrierfence_plain"}
{"pos":[707.681152,14.712677,154.94397],"rotationMatrix":[-0.774899483,-0.623349607,-0.10471911,0.626749694,-0.779220462,0.000561058521,-0.081949003,-0.0651979074,0.99450171],"scale":0.99999994,"type":"barrierfence_plain"}
{"pos":[705.467529,12.9420166,154.639206],"rotationMatrix":[-0.775164604,-0.622398853,-0.108348995,0.626036167,-0.779793859,0.000569924712,-0.0848446041,-0.0673886016,0.99411273],"scale":0.99999994,"type":"barrierfence_plain"}
{"pos":[703.250244,11.1775818,154.325562],"rotationMatrix":[-0.77897501,-0.616775334,-0.113076448,0.62070471,-0.784044266,0.000581175089,-0.0890153944,-0.0697343647,0.993586123],"scale":1.00000012,"type":"barrierfence_plain"}
{"pos":[701.027222,9.4234314,153.995148],"rotationMatrix":[-0.774400592,-0.621044397,-0.120862477,0.625573754,-0.780164838,0.000598620623,-0.0946644172,-0.0751448125,0.992669106],"scale":0.99999994,"type":"barrierfence_plain"}
{"pos":[698.837769,7.63745117,153.617828],"rotationMatrix":[-0.755406857,-0.640954614,-0.136152878,0.646912336,-0.762564182,0.000638801605,-0.10423474,-0.0875964165,0.990687609],"scale":1,"type":"barrierfence_plain"}
{"pos":[696.710754,5.77313232,153.262634],"rotationMatrix":[-0.726905346,-0.673414767,-0.134614363,0.679537714,-0.733640194,0.00062834844,-0.0991816521,-0.091018796,0.990897894],"scale":1.00000012,"type":"barrierfence_plain"}
{"pos":[694.68158,3.81240845,152.855515],"rotationMatrix":[-0.691327691,-0.712225318,-0.121658668,0.717502236,-0.696555734,0.000619631261,-0.085183382,-0.0868620127,0.992571831],"scale":1,"type":"barrierfence_plain"}
{"pos":[692.748108,1.72787476,152.637238],"rotationMatrix":[-0.654901862,-0.754418433,-0.0442313142,0.755145252,-0.655557394,0.000419035554,-0.029312294,-0.0331266411,0.999021232],"scale":1,"type":"barrierfence_plain"}
{"pos":[690.928589,-0.464630127,152.534927],"rotationMatrix":[-0.613574862,-0.78916657,-0.0272429548,0.789453268,-0.613810658,0.00037509203,-0.0170180239,-0.0212768912,0.999628782],"scale":0.99999994,"type":"barrierfence_plain"}
{"pos":[689.225464,-2.74990845,152.471054],"rotationMatrix":[-0.573759675,-0.818778455,-0.0200432632,0.818938792,-0.573880792,0.000354409218,-0.0117926244,-0.0162108596,0.999799073],"scale":1,"type":"barrierfence_plain"}
{"pos":[687.63208,-5.1129303,152.409882],"rotationMatrix":[-0.536903858,-0.843294859,-0.0242478698,0.843538046,-0.537069201,0.000364035368,-0.0133297751,-0.0202585477,0.999705911],"scale":1.00000024,"type":"barrierfence_plain"}
{"pos":[686.139771,-7.54039001,152.331268],"rotationMatrix":[-0.503516555,-0.863389432,-0.0320907757,0.863828123,-0.503786564,0.000382157043,-0.016496852,-0.0275284909,0.999484897],"scale":1.00000012,"type":"barrierfence_plain"}
{"pos":[684.763794,-10.0356293,152.243835],"rotationMatrix":[-0.448667049,-0.893537164,-0.0170024615,0.893663526,-0.448737264,0.000356972683,-0.00794860907,-0.015034318,0.999855399],"scale":1.00000012,"type":"barrierfence_plain"}
{"pos":[683.555908,-12.6178894,152.273361],"rotationMatrix":[-0.388665318,-0.921101272,0.0226179436,0.921339095,-0.388759732,0.000240058638,0.00857182965,0.0209321007,0.999744177],"scale":0.999999821,"type":"barrierfence_plain"}
{"pos":[682.513611,-15.2694244,152.27919],"rotationMatrix":[-0.334411502,-0.94209832,-0.0248933807,0.942387283,-0.334523559,0.000359986909,-0.0086665675,-0.0233388208,0.999690056],"scale":1.00000024,"type":"barrierfence_plain"}
{"pos":[681.612976,-17.9721909,152.183105],"rotationMatrix":[-0.290946364,-0.956200004,-0.0321245231,0.956690073,-0.29110837,0.000383412465,-0.00971833244,-0.030621659,0.999483824],"scale":1,"type":"barrierfence_plain"}
{"pos":[680.820557,-20.707489,152.067352],"rotationMatrix":[-0.259045601,-0.964059711,-0.0590258129,0.965736628,-0.259523511,0.000445595011,-0.0157481693,-0.0568879619,0.998256385],"scale":0.99999994,"type":"barrierfence_plain"}
{"pos":[680.105896,-23.4586067,151.855652],"rotationMatrix":[-0.237270474,-0.967830598,-0.0837053806,0.971228778,-0.238147616,0.000509548932,-0.0204274021,-0.0811761767,0.996490419],"scale":0.999999881,"type":"barrierfence_plain"}
{"pos":[679.441406,-26.2221699,151.628174],"rotationMatrix":[-0.22393918,-0.972167611,-0.0688584149,0.974473119,-0.224503875,0.000474274158,-0.015920056,-0.0669944659,0.997626305],"scale":1.00000024,"type":"barrierfence_plain"}
{"pos":[678.807068,-28.997509,151.464783],"rotationMatrix":[-0.216156006,-0.975224257,-0.0470570102,0.976301432,-0.216415048,0.000420713797,-0.0105941352,-0.0458508879,0.998892128],"scale":0.999999821,"type":"barrierfence_plain"}
{"pos":[678.190186,-31.7785473,151.34201],"rotationMatrix":[-0.211991549,-0.976417124,-0.0408561938,0.977229536,-0.212184787,0.000405464321,-0.00906496495,-0.0398399234,0.999164939],"scale":1.00000012,"type":"barrierfence_plain"}
{"pos":[677.590393,-34.5621643,151.213913],"rotationMatrix":[-0.185929298,-0.980633199,-0.0615534112,0.982490838,-0.186310172,0.000456055626,-0.0119152516,-0.0603908673,0.998103678],"scale":1.00000012,"type":"barrierfence_plain"}
{"pos":[677.102417,-37.3711243,151.144623],"rotationMatrix":[-0.158144116,-0.987133503,0.0236209277,0.987409949,-0.158182383,0.00024783425,0.00349176861,0.0233627297,0.999720931],"scale":1,"type":"barrierfence_plain"}
{"pos":[676.637939,-40.1824875,151.257385],"rotationMatrix":[-0.167726517,-0.984628618,0.0487257615,0.985801041,-0.167917013,0.000185970217,0.00799877569,0.0480650999,0.998812199],"scale":0.999999821,"type":"barrierfence_plain"}
{"pos":[676.119934,-42.9827309,151.32283],"rotationMatrix":[-0.196013093,-0.980249941,-0.0262483917,0.980585754,-0.196090221,0.000374867581,-0.00551452022,-0.0256653205,0.999655366],"scale":0.999999881,"type":"barrierfence_plain"}
{"pos":[675.504333,-45.7661591,151.388977],"rotationMatrix":[-0.236273885,-0.969522595,0.0648111179,0.971567512,-0.236762285,0.00014898181,0.0152003895,0.0630035847,0.997897565],"scale":1,"type":"barrierfence_plain"}
{"pos":[674.760315,-48.5145874,151.493942],"rotationMatrix":[-0.287332773,-0.957666039,0.0177699905,0.957818508,-0.287373662,0.000258707441,0.00485887332,0.0170947611,0.999842048],"scale":1.00000024,"type":"barrierfence_plain"}
{"pos":[673.860718,-51.2181549,151.617767],"rotationMatrix":[-0.345332026,-0.934308052,0.0883976892,0.937982678,-0.346682072,8.65384936e-05,0.0305650402,0.0829453841,0.996085286],"scale":1,"type":"barrierfence_plain"}
{"pos":[672.78418,-53.8473587,151.850372],"rotationMatrix":[-0.412181616,-0.907417417,0.0818530098,0.910475969,-0.413562059,9.79490578e-05,0.0337624177,0.0745655745,0.996644378],"scale":1.00000012,"type":"barrierfence_plain"}
{"pos":[671.51123,-56.3843994,152.110931],"rotationMatrix":[-0.485117316,-0.870889008,0.0788252726,0.873611987,-0.486623049,0.000122234225,0.0382517502,0.0689220056,0.996888459],"scale":0.99999994,"type":"barrierfence_plain"}
{"pos":[670.021729,-58.8074646,152.279938],"rotationMatrix":[-0.563305497,-0.825282574,0.0399438739,0.825946569,-0.56374824,0.000217102468,0.0223391186,0.0331138,0.999201894],"scale":0.99999994,"type":"barrierfence_plain"}
{"pos":[668.309143,-61.0836182,152.359985],"rotationMatrix":[-0.641561151,-0.766884208,0.0169664957,0.766997457,-0.641650081,0.000267528463,0.0106813889,0.0131848957,0.999855995],"scale":1,"type":"barrierfence_plain"}
