{"pos":[-1018.80426,2064.21094,70.7354126],"rotationMatrix":[0.809752345,0.586771786,0,-0.586771786,0.809752345,0,0,0,0.999999881],"scale":0.8977862,"type":"desert_rocks_medium_04"}
{"pos":[-1017.09106,2067.45166,69.9860611],"rotationMatrix":[0.482132941,0.876098096,0,-0.876098096,0.482132941,0,0,0,0.999999881],"scale":1.08002472,"type":"desert_rocks_medium_04"}
{"pos":[-1018.49249,2066.32056,70.2787476],"rotationMatrix":[-0.969904721,0.243484601,0,-0.243484601,-0.969904721,0,0,0,0.999999881],"scale":1.05644095,"type":"desert_rocks_medium_04"}
{"pos":[-1020.46002,2063.67017,70.8323669],"rotationMatrix":[0.991127551,-0.132913888,0,0.132913888,0.991127551,0,0,0,0.999999881],"scale":0.479419827,"type":"desert_rocks_medium_04"}
{"pos":[-1024.36157,2064.90601,69.7566452],"rotationMatrix":[-0.291127533,-0.956684172,0,0.956684172,-0.291127533,0,0,0,0.999999881],"scale":0.997511208,"type":"desert_rocks_medium_04"}
{"pos":[-1026.20996,2067.87866,69.1885605],"rotationMatrix":[-0.997340322,-0.072883442,0,0.072883442,-0.997340322,0,0,0,0.999999881],"scale":0.601873219,"type":"desert_rocks_medium_04"}
{"pos":[-1026.65857,2071.8877,68.5360489],"rotationMatrix":[0.281354189,-0.959603965,0,0.959603965,0.281354189,0,0,0,0.999999881],"scale":0.957437813,"type":"desert_rocks_medium_04"}
{"pos":[-1057.84265,2068.70239,68.50354],"rotationMatrix":[-0.958341658,0.285624146,0,-0.285624146,-0.958341658,0,0,0,0.999999881],"scale":1.0553472,"type":"desert_rocks_medium_04"}
{"pos":[-1051.81128,2063.58813,70.1337128],"rotationMatrix":[0.57288444,-0.819636047,0,0.819636047,0.57288444,0,0,0,0.999999881],"scale":1.33974373,"type":"desert_rocks_medium_04"}
{"pos":[-1055.00073,2070.88428,68.4927826],"rotationMatrix":[-0.864686906,0.502310872,0,-0.502310872,-0.864686906,0,0,0,0.999999881],"scale":0.753277421,"type":"desert_rocks_medium_04"}
{"pos":[-1057.82214,2063.89087,69.3797607],"rotationMatrix":[-0.874621511,-0.484806418,0,0.484806418,-0.874621511,0,0,0,0.999999881],"scale":1.15531373,"type":"desert_rocks_medium_04"}
{"pos":[-1060.77393,2062.03369,69.774025],"rotationMatrix":[0.775092602,-0.631847501,0,0.631847501,0.775092602,0,0,0,0.999999881],"scale":0.76351583,"type":"desert_rocks_medium_04"}
{"pos":[-1063.68359,2063.28174,69.5559235],"rotationMatrix":[-0.00982203428,0.99995172,0,-0.99995172,-0.00982203428,0,0,0,0.999999881],"scale":0.604480982,"type":"desert_rocks_medium_04"}
{"pos":[-1062.39587,2061.27393,69.8434677],"rotationMatrix":[0.703262031,-0.710930645,0,0.710930645,0.703262031,0,0,0,0.999999881],"scale":1.19196427,"type":"desert_rocks_medium_04"}
{"pos":[-1088.71484,2050.98975,69.4507675],"rotationMatrix":[-0.877102256,-0.480303794,0,0.480303794,-0.877102256,0,0,0,0.999999881],"scale":1.22288609,"type":"desert_rocks_medium_04"}
{"pos":[-1126.22449,2053.98975,69.3296356],"rotationMatrix":[-0.578518867,-0.815669,0,0.815669,-0.578518867,0,0,0,0.999999881],"scale":1.16358125,"type":"desert_rocks_medium_04"}
{"pos":[-1120.30652,2054.02148,69.5213242],"rotationMatrix":[-0.859947801,0.510381877,0,-0.510381877,-0.859947801,0,0,0,0.999999881],"scale":0.819675922,"type":"desert_rocks_medium_04"}
{"pos":[-1112.29285,2054.66602,69.6666565],"rotationMatrix":[-0.0639619827,0.997952223,0,-0.997952223,-0.0639619827,0,0,0,0.999999881],"scale":0.709743679,"type":"desert_rocks_medium_04"}
{"pos":[-1107.56128,2053.75439,68.9700241],"rotationMatrix":[-0.638415873,0.769691408,0,-0.769691408,-0.638415873,0,0,0,0.999999881],"scale":1.36083055,"type":"desert_rocks_medium_04"}
{"pos":[-1113.16345,2056.44629,69.4211884],"rotationMatrix":[-0.985438943,0.170029312,0,-0.170029312,-0.985438943,0,0,0,0.999999881],"scale":0.715965867,"type":"desert_rocks_medium_04"}
{"pos":[-1111.79028,2050.50366,70.8863068],"rotationMatrix":[-0.0516459793,-0.998665333,0,0.998665333,-0.0516459793,0,0,0,0.999999881],"scale":1.18153286,"type":"desert_rocks_medium_04"}
{"pos":[-1164.17554,2066.90796,69.3165588],"rotationMatrix":[0.937070251,0.349140704,0,-0.349140704,0.937070251,0,0,0,0.999999881],"scale":1.18500733,"type":"desert_rocks_medium_04"}
{"pos":[-1162.87354,2073.6897,68.5839767],"rotationMatrix":[0.59873414,0.800947845,0,-0.800947845,0.59873414,0,0,0,0.999999881],"scale":0.427487642,"type":"desert_rocks_medium_04"}
{"pos":[-1245.88379,2056.03052,69.0391769],"rotationMatrix":[0.8799842,-0.475002646,0,0.475002646,0.8799842,0,0,0,0.999999881],"scale":0.765074253,"type":"desert_rocks_medium_04"}
{"pos":[-1233.89856,2073.33154,68.33284],"rotationMatrix":[-0.997736752,0.067240566,0,-0.067240566,-0.997736752,0,0,0,0.999999881],"scale":1.0777539,"type":"desert_rocks_medium_04"}
{"pos":[-1231.16663,2071.33813,69.036438],"rotationMatrix":[0.178487659,-0.983942091,0,0.983942091,0.178487659,0,0,0,0.999999881],"scale":1.30920875,"type":"desert_rocks_medium_04"}
{"pos":[-1230.0238,2072.55591,69.2631683],"rotationMatrix":[-0.998969018,0.0453943945,0,-0.0453943945,-0.998969018,0,0,0,0.999999881],"scale":1.08754432,"type":"desert_rocks_medium_04"}
{"pos":[-1234.95605,2074.698,67.9915619],"rotationMatrix":[0.852626145,0.522521317,0,-0.522521317,0.852626145,0,0,0,0.999999881],"scale":0.970641732,"type":"desert_rocks_medium_04"}
{"pos":[-1253.38831,2046.65332,69.1996307],"rotationMatrix":[-0.0203646068,0.999792516,0,-0.999792516,-0.0203646068,0,0,0,0.999999881],"scale":1.09169376,"type":"desert_rocks_medium_04"}
{"pos":[-1252.26819,2045.29468,69.5167542],"rotationMatrix":[0.979448974,0.201691642,0,-0.201691642,0.979448974,0,0,0,0.999999881],"scale":1.061059,"type":"desert_rocks_medium_04"}
{"pos":[-1247.73914,2041.30713,70.9588547],"rotationMatrix":[-0.0129570588,-0.999915957,0,0.999915957,-0.0129570588,0,0,0,0.999999881],"scale":0.787564874,"type":"desert_rocks_medium_04"}
{"pos":[-1249.01013,2049.51172,69.6123505],"rotationMatrix":[-0.111373231,-0.993778527,0,0.993778527,-0.111373231,0,0,0,0.999999881],"scale":0.751795769,"type":"desert_rocks_medium_04"}
{"pos":[-1252.70862,2043.91833,69.5256348],"rotationMatrix":[0.29298076,0.956118286,0,-0.956118286,0.29298076,0,0,0,0.999999881],"scale":0.956923127,"type":"desert_rocks_medium_04"}
{"pos":[-1251.04919,2041.39856,70.1022186],"rotationMatrix":[-0.92860955,0.371058136,0,-0.371058136,-0.92860955,0,0,0,0.999999881],"scale":0.52481395,"type":"desert_rocks_medium_04"}
{"pos":[-1249.07043,2052.15601,69.0368347],"rotationMatrix":[0.998682499,0.0513135642,0,-0.0513135642,0.998682499,0,0,0,0.999999881],"scale":1.36717534,"type":"desert_rocks_medium_04"}
{"pos":[-1244.36169,2047.12878,70.7461243],"rotationMatrix":[-0.843355179,-0.537356317,0,0.537356317,-0.843355179,0,0,0,0.999999881],"scale":0.644408047,"type":"desert_rocks_medium_04"}
{"pos":[-1246.51086,2051.1001,69.725647],"rotationMatrix":[0.766357362,-0.642414331,0,0.642414331,0.766357362,0,0,0,0.999999881],"scale":0.470095575,"type":"desert_rocks_medium_04"}
{"pos":[-1242.94043,2049.10034,70.783699],"rotationMatrix":[0.845352054,-0.53420943,0,0.53420943,0.845352054,0,0,0,0.999999881],"scale":0.583096862,"type":"desert_rocks_medium_04"}
{"pos":[-1244.54602,2045.13293,71.0154114],"rotationMatrix":[0.898196757,0.439593554,0,-0.439593554,0.898196757,0,0,0,0.999999881],"scale":1.31736302,"type":"desert_rocks_medium_04"}
{"pos":[-1263.68872,2034.58972,67.8160629],"rotationMatrix":[0.335447997,0.942058742,0,-0.942058742,0.335447997,0,0,0,0.999999881],"scale":1.27329326,"type":"desert_rocks_medium_04"}
{"pos":[-1260.83228,2037.52673,68.2693024],"rotationMatrix":[-0.577869892,0.816128671,0,-0.816128671,-0.577869892,0,0,0,0.999999881],"scale":0.45742476,"type":"desert_rocks_medium_04"}
{"pos":[-1259.22266,2035.71021,68.7846222],"rotationMatrix":[0.935908854,0.352242023,0,-0.352242023,0.935908854,0,0,0,0.999999881],"scale":1.06173313,"type":"desert_rocks_medium_04"}
{"pos":[-1256.22534,2032.6825,69.865097],"rotationMatrix":[0.55507046,-0.831803262,0,0.831803262,0.55507046,0,0,0,0.999999881],"scale":0.9626019,"type":"desert_rocks_medium_04"}
{"pos":[-1275.30225,2004.48413,69.5988388],"rotationMatrix":[-0.98123467,0.192816824,0,-0.192816824,-0.98123467,0,0,0,0.999999881],"scale":0.643706858,"type":"desert_rocks_medium_04"}
{"pos":[-1277.58032,2003.65625,69.2336426],"rotationMatrix":[0.960838377,-0.277108938,0,0.277108938,0.960838377,0,0,0,0.999999881],"scale":1.14967716,"type":"desert_rocks_medium_04"}
{"pos":[-1274.42041,1999.75134,70.1453629],"rotationMatrix":[-0.0610723123,-0.998133242,0,0.998133242,-0.0610723123,0,0,0,0.999999881],"scale":1.24786389,"type":"desert_rocks_medium_04"}
{"pos":[-1277.46179,2002.45801,69.5437469],"rotationMatrix":[-0.857553661,-0.514394522,0,0.514394522,-0.857553661,0,0,0,0.999999881],"scale":0.393258125,"type":"desert_rocks_medium_04"}
{"pos":[-1274.95728,2002.17505,69.9425888],"rotationMatrix":[-0.874884665,-0.48433131,0,0.48433131,-0.874884665,0,0,0,0.999999881],"scale":0.73797363,"type":"desert_rocks_medium_04"}
{"pos":[-1272.93555,2006.78748,69.8190079],"rotationMatrix":[-0.999946415,-0.0103442324,0,0.0103442324,-0.999946415,0,0,0,0.999999881],"scale":0.602662683,"type":"desert_rocks_medium_04"}
{"pos":[-1271.67456,2006.24048,70.1281815],"rotationMatrix":[-0.458901376,-0.888487101,0,0.888487101,-0.458901376,0,0,0,0.999999881],"scale":0.409527808,"type":"desert_rocks_medium_04"}
{"pos":[-1274.36694,1998.31213,70.3626404],"rotationMatrix":[0.649987519,-0.759944737,0,0.759944737,0.649987519,0,0,0,0.999999881],"scale":0.552046895,"type":"desert_rocks_medium_04"}
{"pos":[-1282.11646,1994.53345,69.5764236],"rotationMatrix":[-0.738068521,-0.674725592,0,0.674725592,-0.738068521,0,0,0,0.999999881],"scale":0.664413691,"type":"desert_rocks_medium_04"}
{"pos":[-1275.12915,2009.12622,68.9977036],"rotationMatrix":[-0.978806794,0.204785258,0,-0.204785258,-0.978806794,0,0,0,0.999999881],"scale":1.40475368,"type":"desert_rocks_medium_04"}
{"pos":[-1263.81409,2013.55042,70.4380569],"rotationMatrix":[0.470699012,0.88229388,0,-0.88229388,0.470699012,0,0,0,0.999999881],"scale":1.37918222,"type":"desert_rocks_medium_04"}
{"pos":[-1264.94543,2017.70789,69.9678726],"rotationMatrix":[0.204527661,-0.978860676,0,0.978860676,0.204527661,0,0,0,0.999999881],"scale":0.883268178,"type":"desert_rocks_medium_04"}
{"pos":[-1253.68872,2037.21594,69.8666611],"rotationMatrix":[0.986038625,0.166516453,0,-0.166516453,0.986038625,0,0,0,0.999999881],"scale":0.656436026,"type":"desert_rocks_medium_04"}
{"pos":[-1251.01978,2054.42725,68.2892456],"rotationMatrix":[0.31825453,-0.948005199,0,0.948005199,0.31825453,0,0,0,0.999999881],"scale":1.20878172,"type":"desert_rocks_medium_04"}
{"pos":[-1229.80933,2068.75342,70.2389832],"rotationMatrix":[0.468504816,-0.88346082,0,0.88346082,0.468504816,0,0,0,0.999999881],"scale":1.21620166,"type":"desert_rocks_medium_04"}
{"pos":[-1221.78613,2074.35986,71.0456772],"rotationMatrix":[-0.332335085,-0.943161309,0,0.943161309,-0.332335085,0,0,0,0.999999881],"scale":1.05764568,"type":"desert_rocks_medium_04"}
{"pos":[-1212.79968,2079.33789,69.2674255],"rotationMatrix":[0.386262864,0.922388732,0,-0.922388732,0.386262864,0,0,0,0.999999881],"scale":1.22999442,"type":"desert_rocks_medium_04"}
{"pos":[-1214.28772,2079.93286,69.7204742],"rotationMatrix":[-0.885482013,0.46467337,0,-0.46467337,-0.885482013,0,0,0,0.999999881],"scale":1.13054562,"type":"desert_rocks_medium_04"}
{"pos":[-1205.48047,2072.677,67.2582016],"rotationMatrix":[0.373066515,0.927804589,0,-0.927804589,0.373066515,0,0,0,0.999999881],"scale":1.38151312,"type":"desert_rocks_medium_04"}
{"pos":[-1204.57153,2069.35034,67.779274],"rotationMatrix":[0.566330791,0.82417798,0,-0.82417798,0.566330791,0,0,0,0.999999881],"scale":0.510319889,"type":"desert_rocks_medium_04"}
{"pos":[-1208.06165,2051.24512,69.7813034],"rotationMatrix":[0.883154154,0.469082803,0,-0.469082803,0.883154154,0,0,0,0.999999881],"scale":0.64884901,"type":"desert_rocks_medium_04"}
{"pos":[-1205.56238,2044.00757,69.1288528],"rotationMatrix":[0.762064576,0.647500992,0,-0.647500992,0.762064576,0,0,0,0.999999881],"scale":1.03283405,"type":"desert_rocks_medium_04"}
{"pos":[-1209.64734,2040.94434,69.9649811],"rotationMatrix":[-0.592044413,0.805905104,0,-0.805905104,-0.592044413,0,0,0,0.999999881],"scale":1.33825433,"type":"desert_rocks_medium_04"}
{"pos":[-1182.30396,2051.33203,69.0293961],"rotationMatrix":[0.318794012,0.947824001,0,-0.947824001,0.318794012,0,0,0,0.999999881],"scale":0.525182724,"type":"desert_rocks_medium_04"}
{"pos":[-1184.51416,2054.25488,67.8302917],"rotationMatrix":[-0.644912183,-0.764256477,0,0.764256477,-0.644912183,0,0,0,0.999999881],"scale":1.33956599,"type":"desert_rocks_medium_04"}
{"pos":[-1179.50537,2050.51855,69.2970505],"rotationMatrix":[0.999996245,0.00272256183,0,-0.00272256183,0.999996245,0,0,0,0.999999881],"scale":0.683689356,"type":"desert_rocks_medium_04"}
{"pos":[-1177.51917,2056.91089,69.0930862],"rotationMatrix":[0.825345457,0.564628005,0,-0.564628005,0.825345457,0,0,0,0.999999881],"scale":0.456703752,"type":"desert_rocks_medium_04"}
{"pos":[-1172.90649,2051.91113,70.6227722],"rotationMatrix":[0.979698122,-0.200477839,0,0.200477839,0.979698122,0,0,0,0.999999881],"scale":1.28776574,"type":"desert_rocks_medium_04"}
{"pos":[-1172.46289,2059.97681,69.8415527],"rotationMatrix":[0.0128720133,-0.99991703,0,0.99991703,0.0128720133,0,0,0,0.999999881],"scale":1.04949725,"type":"desert_rocks_medium_04"}
{"pos":[-1176.8584,2064.16064,67.8619843],"rotationMatrix":[-0.999889135,-0.0148816882,0,0.0148816882,-0.999889135,0,0,0,0.999999881],"scale":0.705051899,"type":"desert_rocks_medium_04"}
{"pos":[-1169.14172,2065.32983,70.0301743],"rotationMatrix":[-0.825447857,0.564478278,0,-0.564478278,-0.825447857,0,0,0,0.999999881],"scale":1.2501142,"type":"desert_rocks_medium_04"}
{"pos":[-1149.28235,2055.04395,69.7884674],"rotationMatrix":[0.673104703,-0.739547074,0,0.739547074,0.673104703,0,0,0,0.999999881],"scale":1.20042753,"type":"desert_rocks_medium_04"}
{"pos":[-1146.93237,2047.97827,71.0095749],"rotationMatrix":[-0.890785456,-0.454423875,0,0.454423875,-0.890785456,0,0,0,0.999999881],"scale":0.569692194,"type":"desert_rocks_medium_04"}
{"pos":[-1128.46973,2054.08569,68.9860458],"rotationMatrix":[-0.299861163,0.95398277,0,-0.95398277,-0.299861163,0,0,0,0.999999881],"scale":1.19763005,"type":"desert_rocks_medium_04"}
{"pos":[-1120.96021,2052.73413,70.2119141],"rotationMatrix":[0.851194561,0.52485019,0,-0.52485019,0.851194561,0,0,0,0.999999881],"scale":0.401601911,"type":"desert_rocks_medium_04"}
{"pos":[-1125.38184,2052.19922,69.6891632],"rotationMatrix":[0.365516484,0.930804849,0,-0.930804849,0.365516484,0,0,0,0.999999881],"scale":0.615683317,"type":"desert_rocks_medium_04"}
{"pos":[-1096.99817,2053.23169,68.6346359],"rotationMatrix":[0.844741523,0.53517437,0,-0.53517437,0.844741523,0,0,0,0.999999881],"scale":0.423088908,"type":"desert_rocks_medium_04"}
{"pos":[-1086.62903,2053.70166,68.9976196],"rotationMatrix":[0.151821271,-0.98840791,0,0.98840791,0.151821271,0,0,0,0.999999881],"scale":0.778213561,"type":"desert_rocks_medium_04"}
{"pos":[-1089.91809,2050.99878,69.7480774],"rotationMatrix":[-0.328402877,0.94453764,0,-0.94453764,-0.328402877,0,0,0,0.999999881],"scale":0.468177915,"type":"desert_rocks_medium_04"}
{"pos":[-1084.94495,2052.78662,69.3593903],"rotationMatrix":[-0.621985137,-0.78302902,0,0.78302902,-0.621985137,0,0,0,0.999999881],"scale":0.423836976,"type":"desert_rocks_medium_04"}
{"pos":[-1079.77917,2049.80859,70.1347733],"rotationMatrix":[-0.947387159,-0.320089906,0,0.320089906,-0.947387159,0,0,0,0.999999881],"scale":1.3746115,"type":"desert_rocks_medium_04"}
{"pos":[-1077.14929,2054.4519,70.0809479],"rotationMatrix":[-0.957069457,-0.28985846,0,0.28985846,-0.957069457,0,0,0,0.999999881],"scale":0.663552642,"type":"desert_rocks_medium_04"}
{"pos":[-1054.51917,2060.97974,70.2965012],"rotationMatrix":[0.949630201,0.313372701,0,-0.313372701,0.949630201,0,0,0,0.999999881],"scale":1.19084263,"type":"desert_rocks_medium_04"}
{"pos":[-1050.22778,2061.68335,70.6286392],"rotationMatrix":[-0.126743242,-0.991935432,0,0.991935432,-0.126743242,0,0,0,0.999999881],"scale":0.633321881,"type":"desert_rocks_medium_04"}
{"pos":[-1036.00171,2067.69067,69.8167496],"rotationMatrix":[0.800125301,0.599832833,0,-0.599832833,0.800125301,0,0,0,0.999999881],"scale":0.624217391,"type":"desert_rocks_medium_04"}
{"pos":[-1037.61365,2066.12891,70.527092],"rotationMatrix":[0.706939161,0.707274377,0,-0.707274377,0.706939161,0,0,0,0.999999881],"scale":0.495300323,"type":"desert_rocks_medium_04"}
{"pos":[-1026.93347,2061.76758,70.6034622],"rotationMatrix":[-0.923927605,0.382567108,0,-0.382567108,-0.923927605,0,0,0,0.999999881],"scale":0.912356079,"type":"desert_rocks_medium_04"}
{"pos":[-1027.10388,2064.3042,69.3577652],"rotationMatrix":[-0.999818802,-0.0190279018,0,0.0190279018,-0.999818802,0,0,0,0.999999881],"scale":1.23218787,"type":"desert_rocks_medium_04"}
{"pos":[-1015.04962,2067.8855,69.9035645],"rotationMatrix":[0.96469599,-0.263365567,0,0.263365567,0.96469599,0,0,0,0.999999881],"scale":0.665607333,"type":"desert_rocks_medium_04"}
{"pos":[-1015.23932,2064.73218,70.6806641],"rotationMatrix":[-0.486272186,-0.873807371,0,0.873807371,-0.486272186,0,0,0,0.999999881],"scale":0.617341399,"type":"desert_rocks_medium_04"}
{"pos":[-1013.57983,2065.43604,70.2145157],"rotationMatrix":[-0.158627272,-0.987338483,0,0.987338483,-0.158627272,0,0,0,0.999999881],"scale":0.83750689,"type":"desert_rocks_medium_04"}
{"pos":[-1008.82416,2063.99023,70.484993],"rotationMatrix":[0.458010018,-0.888946831,0,0.888946831,0.458010018,0,0,0,0.999999881],"scale":0.670529008,"type":"desert_rocks_medium_04"}
{"pos":[-1006.84332,2065.00464,69.6939316],"rotationMatrix":[-0.420915872,-0.907099545,0,0.907099545,-0.420915872,0,0,0,0.999999881],"scale":1.1803633,"type":"desert_rocks_medium_04"}
{"pos":[-991.779175,2066.4231,71.79422],"rotationMatrix":[0.493912429,0.869511664,0,-0.869511664,0.493912429,0,0,0,0.999999881],"scale":1.31250465,"type":"desert_rocks_medium_04"}
{"pos":[-987.635498,2074.09692,69.0355225],"rotationMatrix":[-0.668255866,-0.743931353,0,0.743931353,-0.668255866,0,0,0,0.999999881],"scale":1.05913579,"type":"desert_rocks_medium_04"}
{"pos":[-980.829651,2079.47656,68.7570953],"rotationMatrix":[-0.99043256,-0.137997061,0,0.137997061,-0.99043256,0,0,0,0.999999881],"scale":1.32142818,"type":"desert_rocks_medium_04"}
{"pos":[-978.659729,2072.4834,71.7800903],"rotationMatrix":[-0.936940134,0.349489689,0,-0.349489689,-0.936940134,0,0,0,0.999999881],"scale":1.37253356,"type":"desert_rocks_medium_04"}
{"pos":[-968.30304,2082.01953,69.6087875],"rotationMatrix":[-0.345457524,-0.938434362,0,0.938434362,-0.345457524,0,0,0,0.999999881],"scale":0.78149879,"type":"desert_rocks_medium_04"}
{"pos":[-966.86261,2079.03003,71.6956177],"rotationMatrix":[-0.998002291,0.0631768107,0,-0.0631768107,-0.998002291,0,0,0,0.999999881],"scale":0.418009341,"type":"desert_rocks_medium_04"}
{"pos":[-723.367065,2124.99805,70.3159866],"rotationMatrix":[0.511832416,0.859085321,0,-0.859085321,0.511832416,0,0,0,0.999999881],"scale":1.26797891,"type":"desert_rocks_medium_04"}
{"pos":[-719.058655,2125.49951,69.9739685],"rotationMatrix":[0.0366926566,0.999326527,0,-0.999326527,0.0366926566,0,0,0,0.999999881],"scale":0.507318735,"type":"desert_rocks_medium_04"}
{"pos":[-724.689575,2127.29614,70.1932907],"rotationMatrix":[0.729936957,-0.683514297,0,0.683514297,0.729936957,0,0,0,0.999999881],"scale":0.749968171,"type":"desert_rocks_medium_04"}
{"pos":[-722.292725,2130.49976,70.075592],"rotationMatrix":[0.430029422,-0.902814806,0,0.902814806,0.430029422,0,0,0,0.999999881],"scale":0.566128016,"type":"desert_rocks_medium_04"}
{"pos":[-714.519592,2126.91162,69.3911972],"rotationMatrix":[-0.605833292,-0.795591593,0,0.795591593,-0.605833292,0,0,0,0.999999881],"scale":0.539951444,"type":"desert_rocks_medium_04"}
{"pos":[-713.167664,2128.79126,69.5632248],"rotationMatrix":[-0.320588291,0.947218478,0,-0.947218478,-0.320588291,0,0,0,0.999999881],"scale":1.40911138,"type":"desert_rocks_medium_04"}
{"pos":[-718.259949,2127.20142,70.0147018],"rotationMatrix":[0.0896922275,0.995969474,0,-0.995969474,0.0896922275,0,0,0,0.999999881],"scale":0.824737906,"type":"desert_rocks_medium_04"}
{"pos":[-715.214355,2130.25684,70.0107346],"rotationMatrix":[-0.923885465,-0.382669151,0,0.382669151,-0.923885465,0,0,0,0.999999881],"scale":0.671409607,"type":"desert_rocks_medium_04"}
{"pos":[-712.540894,2127.43872,69.4047928],"rotationMatrix":[0.707346082,0.706867397,0,-0.706867397,0.707346082,0,0,0,0.999999881],"scale":0.5853706,"type":"desert_rocks_medium_04"}
{"pos":[-705.30658,2136.38037,69.3305283],"rotationMatrix":[-0.402989864,-0.915204346,0,0.915204346,-0.402989864,0,0,0,0.999999881],"scale":1.41707361,"type":"desert_rocks_medium_04"}
{"pos":[-691.402649,2138.10938,68.8902283],"rotationMatrix":[-0.998638332,-0.0521655716,0,0.0521655716,-0.998638332,0,0,0,0.999999881],"scale":0.628542185,"type":"desert_rocks_medium_04"}
{"pos":[-706.893799,2143.09692,69.5590363],"rotationMatrix":[-0.616227448,-0.787568092,0,0.787568092,-0.616227448,0,0,0,0.999999881],"scale":0.625839114,"type":"desert_rocks_medium_04"}
{"pos":[-727.965515,2129.6123,70.1103516],"rotationMatrix":[-0.872791111,0.488093823,0,-0.488093823,-0.872791111,0,0,0,0.999999881],"scale":0.527251482,"type":"desert_rocks_medium_04"}
{"pos":[-726.081726,2126.27026,70.4362411],"rotationMatrix":[-0.68932122,0.724455595,0,-0.724455595,-0.68932122,0,0,0,0.999999881],"scale":0.66929251,"type":"desert_rocks_medium_04"}
{"pos":[-720.80835,2130.84082,69.795433],"rotationMatrix":[0.95303458,-0.302861214,0,0.302861214,0.95303458,0,0,0,0.999999881],"scale":0.54772073,"type":"desert_rocks_medium_04"}
{"pos":[-719.264099,2132.67188,69.1423645],"rotationMatrix":[-0.572368562,-0.819996357,0,0.819996357,-0.572368562,0,0,0,0.999999881],"scale":0.615883172,"type":"desert_rocks_medium_04"}
{"pos":[-722.598328,2134.62744,69.8842163],"rotationMatrix":[0.369661868,0.929166377,0,-0.929166377,0.369661868,0,0,0,0.999999881],"scale":0.470392644,"type":"desert_rocks_medium_04"}
{"pos":[-709.007385,2142.09912,69.8457565],"rotationMatrix":[-0.632733703,-0.774369299,0,0.774369299,-0.632733703,0,0,0,0.999999881],"scale":0.805113256,"type":"desert_rocks_medium_04"}
{"pos":[-710.278015,2138.70215,69.7790833],"rotationMatrix":[0.125642806,-0.992075443,0,0.992075443,0.125642806,0,0,0,0.999999881],"scale":0.755599201,"type":"desert_rocks_medium_04"}
{"pos":[-703.066528,2139.12427,69.79142],"rotationMatrix":[0.506773114,0.862079501,0,-0.862079501,0.506773114,0,0,0,0.999999881],"scale":1.3107388,"type":"desert_rocks_medium_04"}
{"pos":[-682.095215,2146.28149,69.4817505],"rotationMatrix":[0.715959549,-0.698141694,0,0.698141694,0.715959549,0,0,0,0.999999881],"scale":0.963959157,"type":"desert_rocks_medium_04"}
{"pos":[-682.39624,2143.11206,69.7344513],"rotationMatrix":[0.781828046,-0.623493969,0,0.623493969,0.781828046,0,0,0,0.999999881],"scale":0.701295853,"type":"desert_rocks_medium_04"}
{"pos":[-679.225586,2142.96411,69.6468201],"rotationMatrix":[0.950618684,0.310361236,0,-0.310361236,0.950618684,0,0,0,0.999999881],"scale":0.912358046,"type":"desert_rocks_medium_04"}
{"pos":[-687.399597,2140.46484,69.0162811],"rotationMatrix":[0.358770341,0.933425844,0,-0.933425844,0.358770341,0,0,0,0.999999881],"scale":1.19108617,"type":"desert_rocks_medium_04"}
{"pos":[-699.466187,2134.11353,69.1473618],"rotationMatrix":[0.400979131,0.91608721,0,-0.91608721,0.400979131,0,0,0,0.999999881],"scale":0.443225056,"type":"desert_rocks_medium_04"}
{"pos":[-706.473938,2131.74707,69.3170319],"rotationMatrix":[0.8713938,-0.490583897,0,0.490583897,0.8713938,0,0,0,0.999999881],"scale":1.13741136,"type":"desert_rocks_medium_04"}
{"pos":[-715.818665,2122.06543,70.9999084],"rotationMatrix":[0.987298369,0.158876762,0,-0.158876762,0.987298369,0,0,0,0.999999881],"scale":0.696736574,"type":"desert_rocks_medium_04"}
{"pos":[-725.930298,2121.64087,70.4667816],"rotationMatrix":[0.215397045,0.976526499,0,-0.976526499,0.215397045,0,0,0,0.999999881],"scale":1.03134012,"type":"desert_rocks_medium_04"}
{"pos":[-725.080383,2117.4563,71.5691299],"rotationMatrix":[-0.738610387,0.674132228,0,-0.674132228,-0.738610387,0,0,0,0.999999881],"scale":1.07722437,"type":"desert_rocks_medium_04"}
{"pos":[-723.66864,2116.67578,72.501915],"rotationMatrix":[-0.965921938,0.258833319,0,-0.258833319,-0.965921938,0,0,0,0.999999881],"scale":0.600604057,"type":"desert_rocks_medium_04"}
{"pos":[-728.13208,2116.27197,71.2509918],"rotationMatrix":[0.998271346,0.0587718785,0,-0.0587718785,0.998271346,0,0,0,0.999999881],"scale":0.932282329,"type":"desert_rocks_medium_04"}
{"pos":[-726.180786,2119.6272,70.569603],"rotationMatrix":[0.958688796,0.284457028,0,-0.284457028,0.958688796,0,0,0,0.999999881],"scale":0.873184919,"type":"desert_rocks_medium_04"}
{"pos":[-726.468567,2122.73145,70.4823456],"rotationMatrix":[0.268613398,-0.963247955,0,0.963247955,0.268613398,0,0,0,0.999999881],"scale":0.633396387,"type":"desert_rocks_medium_04"}
{"pos":[-731.86731,2119.87549,70.0056381],"rotationMatrix":[0.646495283,-0.762917817,0,0.762917817,0.646495283,0,0,0,0.999999881],"scale":0.693671942,"type":"desert_rocks_medium_04"}
{"pos":[-732.096558,2114.95825,70.7009048],"rotationMatrix":[-0.902786374,0.430089206,0,-0.430089206,-0.902786374,0,0,0,0.999999881],"scale":0.695065856,"type":"desert_rocks_medium_04"}
{"pos":[-726.702576,2115.85352,71.7921524],"rotationMatrix":[-0.987229645,0.159302831,0,-0.159302831,-0.987229645,0,0,0,0.999999881],"scale":1.04644811,"type":"desert_rocks_medium_04"}
{"pos":[-732.723389,2116.11621,70.2664795],"rotationMatrix":[0.999956667,0.00929610711,0,-0.00929610711,0.999956667,0,0,0,0.999999881],"scale":0.395248085,"type":"desert_rocks_medium_04"}
{"pos":[-736.330811,2113.58008,69.4502335],"rotationMatrix":[-0.11695528,0.993137062,0,-0.993137062,-0.11695528,0,0,0,0.999999881],"scale":0.746115625,"type":"desert_rocks_medium_04"}
{"pos":[-731.76947,2111.86963,71.5728226],"rotationMatrix":[-0.0979432315,-0.995191872,0,0.995191872,-0.0979432315,0,0,0,0.999999881],"scale":1.14807987,"type":"desert_rocks_medium_04"}
{"pos":[-738.748291,2109.5105,70.5536652],"rotationMatrix":[0.986618996,-0.163042113,0,0.163042113,0.986618996,0,0,0,0.999999881],"scale":1.21731389,"type":"desert_rocks_medium_04"}
{"pos":[-734.180115,2111.09839,71.2442932],"rotationMatrix":[-0.996107042,0.0881514102,0,-0.0881514102,-0.996107042,0,0,0,0.999999881],"scale":1.05220747,"type":"desert_rocks_medium_04"}
{"pos":[-740.886658,2114.31836,67.8211365],"rotationMatrix":[0.402555019,0.915395796,0,-0.915395796,0.402555019,0,0,0,0.999999881],"scale":0.790975451,"type":"desert_rocks_medium_04"}
{"pos":[-738.792419,2112.00879,69.6234665],"rotationMatrix":[0.755785644,0.654819071,0,-0.654819071,0.755785644,0,0,0,0.999999881],"scale":1.38839328,"type":"desert_rocks_medium_04"}
{"pos":[-736.692017,2109.79834,70.8974762],"rotationMatrix":[-0.912237406,0.40966171,0,-0.40966171,-0.912237406,0,0,0,0.999999881],"scale":0.53595525,"type":"desert_rocks_medium_04"}
{"pos":[-733.400757,2121.91943,69.8227692],"rotationMatrix":[-0.294881701,-0.955533683,0,0.955533683,-0.294881701,0,0,0,0.999999881],"scale":1.22940755,"type":"desert_rocks_medium_04"}
{"pos":[-731.952332,2125.69263,69.7360229],"rotationMatrix":[-0.990814209,-0.135229692,0,0.135229692,-0.990814209,0,0,0,0.999999881],"scale":0.914721727,"type":"desert_rocks_medium_04"}
{"pos":[-728.17395,2124.91577,70.3155594],"rotationMatrix":[-0.120679766,-0.992691457,0,0.992691457,-0.120679766,0,0,0,0.999999881],"scale":0.778637528,"type":"desert_rocks_medium_04"}
{"pos":[-727.092773,2135.34155,69.4207993],"rotationMatrix":[-0.296178371,0.955132544,0,-0.955132544,-0.296178371,0,0,0,0.999999881],"scale":1.13951206,"type":"desert_rocks_medium_04"}
{"pos":[-724.598022,2137.19531,69.8803177],"rotationMatrix":[0.86702776,0.498259783,0,-0.498259783,0.86702776,0,0,0,0.999999881],"scale":0.755137205,"type":"desert_rocks_medium_04"}
{"pos":[-717.60083,2141.55566,70.0776291],"rotationMatrix":[-0.632917941,0.774218678,0,-0.774218678,-0.632917941,0,0,0,0.999999881],"scale":0.66152513,"type":"desert_rocks_medium_04"}
{"pos":[-723.296448,2142.96729,69.1551132],"rotationMatrix":[-0.144594133,0.989490926,0,-0.989490926,-0.144594133,0,0,0,0.999999881],"scale":1.02282166,"type":"desert_rocks_medium_04"}
{"pos":[-714.985291,2143.85449,70.198204],"rotationMatrix":[-0.732203126,-0.681086361,0,0.681086361,-0.732203126,0,0,0,0.999999881],"scale":0.767445087,"type":"desert_rocks_medium_04"}
{"pos":[-720.562012,2144.4165,69.6974945],"rotationMatrix":[0.994720042,-0.102624536,0,0.102624536,0.994720042,0,0,0,0.999999881],"scale":1.24595165,"type":"desert_rocks_medium_04"}
{"pos":[-712.998047,2145.67041,70.5327988],"rotationMatrix":[0.494529247,-0.86916095,0,0.86916095,0.494529247,0,0,0,0.999999881],"scale":0.382816941,"type":"desert_rocks_medium_04"}
{"pos":[-711.316162,2149.27393,69.9467926],"rotationMatrix":[0.932130873,0.362121433,0,-0.362121433,0.932130873,0,0,0,0.999999881],"scale":0.801794171,"type":"desert_rocks_medium_04"}
{"pos":[-704.840088,2149.08594,69.8443985],"rotationMatrix":[0.770005703,0.638037026,0,-0.638037026,0.770005703,0,0,0,0.999999881],"scale":0.653778195,"type":"desert_rocks_medium_04"}
{"pos":[-709.430603,2148.13623,69.869194],"rotationMatrix":[-0.377036959,-0.926198184,0,0.926198184,-0.377036959,0,0,0,0.999999881],"scale":1.37779546,"type":"desert_rocks_medium_04"}
{"pos":[-701.800354,2148.49927,69.5799026],"rotationMatrix":[0.994486034,0.104869135,0,-0.104869135,0.994486034,0,0,0,0.999999881],"scale":1.35445714,"type":"desert_rocks_medium_04"}
{"pos":[-695.628357,2145.24316,70.2722092],"rotationMatrix":[0.732750654,0.680497229,0,-0.680497229,0.732750654,0,0,0,0.999999881],"scale":0.614498973,"type":"desert_rocks_medium_04"}
{"pos":[-699.464844,2144.99023,69.9491425],"rotationMatrix":[-0.595927656,-0.80303812,0,0.80303812,-0.595927656,0,0,0,0.999999881],"scale":0.796528339,"type":"desert_rocks_medium_04"}
{"pos":[-697.190796,2149.34009,69.8419037],"rotationMatrix":[-0.654094398,0.756412685,0,-0.756412685,-0.654094398,0,0,0,0.999999881],"scale":0.394938052,"type":"desert_rocks_medium_04"}
{"pos":[-704.367676,2152.54785,68.0559082],"rotationMatrix":[-0.509331107,-0.860570431,0,0.860570431,-0.509331107,0,0,0,0.999999881],"scale":0.670425534,"type":"desert_rocks_medium_04"}
{"pos":[-705.67572,2152.60254,68.1802444],"rotationMatrix":[0.891297996,-0.453417778,0,0.453417778,0.891297996,0,0,0,0.999999881],"scale":0.789926767,"type":"desert_rocks_medium_04"}
{"pos":[-711.444214,2153.3728,68.6828766],"rotationMatrix":[-0.685454547,0.72811532,0,-0.72811532,-0.685454547,0,0,0,0.999999881],"scale":0.986492574,"type":"desert_rocks_medium_04"}
{"pos":[-731.145874,2134.89014,68.0938721],"rotationMatrix":[-0.362118781,0.932131827,0,-0.932131827,-0.362118781,0,0,0,0.999999881],"scale":0.455057144,"type":"desert_rocks_medium_04"}
{"pos":[-735.06958,2128.15332,67.9790497],"rotationMatrix":[-0.821330845,0.570451856,0,-0.570451856,-0.821330845,0,0,0,0.999999881],"scale":1.29602087,"type":"desert_rocks_medium_04"}
{"pos":[-733.909973,2129.87402,67.9563522],"rotationMatrix":[-0.75585252,-0.654741883,0,0.654741883,-0.75585252,0,0,0,0.999999881],"scale":1.13737798,"type":"desert_rocks_medium_04"}
{"pos":[-734.973206,2126.68164,68.5986786],"rotationMatrix":[-0.990630627,0.13656798,0,-0.13656798,-0.990630627,0,0,0,0.999999881],"scale":0.516410887,"type":"desert_rocks_medium_04"}
{"pos":[-735.844543,2122.53394,69.2652283],"rotationMatrix":[0.999377668,-0.0352725089,0,0.0352725089,0.999377668,0,0,0,0.999999881],"scale":1.12448001,"type":"desert_rocks_medium_04"}
{"pos":[-738.3302,2121.39233,68.5384521],"rotationMatrix":[0.97927022,0.202557921,0,-0.202557921,0.97927022,0,0,0,0.999999881],"scale":1.2729851,"type":"desert_rocks_medium_04"}
{"pos":[-737.480164,2119.95557,69.2120514],"rotationMatrix":[-0.991851985,-0.127395287,0,0.127395287,-0.991851985,0,0,0,0.999999881],"scale":1.29045558,"type":"desert_rocks_medium_04"}
{"pos":[-745.982483,2110.72144,64.8594971],"rotationMatrix":[0.142807454,0.989750445,0,-0.989750445,0.142807454,0,0,0,0.999999881],"scale":0.444329143,"type":"desert_rocks_medium_04"}
{"pos":[-738.984436,2119.09277,68.9522476],"rotationMatrix":[0.901293457,-0.433208853,0,0.433208853,0.901293457,0,0,0,0.999999881],"scale":0.669429123,"type":"desert_rocks_medium_04"}
{"pos":[-737.271484,2116.90601,69.3078308],"rotationMatrix":[0.137682274,-0.99047631,0,0.99047631,0.137682274,0,0,0,0.999999881],"scale":0.382099748,"type":"desert_rocks_medium_04"}
{"pos":[-736.948975,2121.70801,69.0936203],"rotationMatrix":[-0.125080943,0.992146432,0,-0.992146432,-0.125080943,0,0,0,0.999999881],"scale":0.615858793,"type":"desert_rocks_medium_04"}
{"pos":[-727.136108,2125.3501,70.3816376],"rotationMatrix":[0.97217375,0.234260768,0,-0.234260768,0.97217375,0,0,0,0.999999881],"scale":0.450972915,"type":"desert_rocks_medium_04"}
{"pos":[-703.881897,2144.66553,69.6517563],"rotationMatrix":[0.669692218,-0.742638588,0,0.742638588,0.669692218,0,0,0,0.999999881],"scale":0.847015381,"type":"desert_rocks_medium_04"}
{"pos":[-685.507446,2139.4812,69.8258591],"rotationMatrix":[0.404635191,0.914478242,0,-0.914478242,0.404635191,0,0,0,0.999999881],"scale":0.752080083,"type":"desert_rocks_medium_04"}
{"pos":[-678.999084,2140.40503,69.6412811],"rotationMatrix":[0.915926039,0.401347011,0,-0.401347011,0.915926039,0,0,0,0.999999881],"scale":0.98799628,"type":"desert_rocks_medium_04"}
{"pos":[-682.973511,2142.10303,69.9165802],"rotationMatrix":[-0.234177783,0.972193658,0,-0.972193658,-0.234177783,0,0,0,0.999999881],"scale":0.383681566,"type":"desert_rocks_medium_04"}
{"pos":[-681.151367,2144.1499,69.5502777],"rotationMatrix":[0.975362003,0.220610216,0,-0.220610216,0.975362003,0,0,0,0.999999881],"scale":0.971903205,"type":"desert_rocks_medium_04"}
{"pos":[-691.711792,2148.2998,70.2540588],"rotationMatrix":[-0.193577319,-0.981084943,0,0.981084943,-0.193577319,0,0,0,0.999999881],"scale":0.863538027,"type":"desert_rocks_medium_04"}
{"pos":[-674.156128,2138.75854,70.128334],"rotationMatrix":[-0.755806625,-0.654794872,0,0.654794872,-0.755806625,0,0,0,0.999999881],"scale":0.513584554,"type":"desert_rocks_medium_04"}
{"pos":[-690.545349,2131.24341,73.4373779],"rotationMatrix":[-0.951407969,-0.307933152,0,0.307933152,-0.951407969,0,0,0,0.999999881],"scale":0.502615571,"type":"desert_rocks_medium_04"}
{"pos":[-688.546753,2138.05396,68.9695435],"rotationMatrix":[-0.0388317816,0.999245644,0,-0.999245644,-0.0388317816,0,0,0,0.999999881],"scale":0.588340044,"type":"desert_rocks_medium_04"}
{"pos":[-685.740662,2132.01245,73.5169296],"rotationMatrix":[-0.560565233,0.828110039,0,-0.828110039,-0.560565233,0,0,0,0.999999881],"scale":0.416207105,"type":"desert_rocks_medium_04"}
{"pos":[-701.223389,2131.4248,69.8535156],"rotationMatrix":[0.963699877,0.266987652,0,-0.266987652,0.963699877,0,0,0,0.999999881],"scale":1.08634567,"type":"desert_rocks_medium_04"}
{"pos":[-712.2052,2123.08398,71.3697891],"rotationMatrix":[-0.480130732,-0.877196908,0,0.877196908,-0.480130732,0,0,0,0.999999881],"scale":1.11725545,"type":"desert_rocks_medium_04"}
{"pos":[-718.351501,2121.90845,70.6220322],"rotationMatrix":[0.864430189,-0.502752721,0,0.502752721,0.864430189,0,0,0,0.999999881],"scale":0.511217535,"type":"desert_rocks_medium_04"}
{"pos":[-719.233704,2117.14282,74.1995087],"rotationMatrix":[-0.99878937,-0.0491886958,0,0.0491886958,-0.99878937,0,0,0,0.999999881],"scale":1.12393141,"type":"desert_rocks_medium_04"}
{"pos":[-720.595215,2121.94751,70.8355026],"rotationMatrix":[0.311211556,-0.950340569,0,0.950340569,0.311211556,0,0,0,0.999999881],"scale":0.390437663,"type":"desert_rocks_medium_04"}
{"pos":[-720.947266,2116.69629,73.5634537],"rotationMatrix":[0.983457923,0.181136146,0,-0.181136146,0.983457923,0,0,0,0.999999881],"scale":0.880765557,"type":"desert_rocks_medium_04"}
{"pos":[-730.140625,2116.97437,70.5862656],"rotationMatrix":[0.437684387,-0.899128497,0,0.899128497,0.437684387,0,0,0,0.999999881],"scale":0.558786273,"type":"desert_rocks_medium_04"}
{"pos":[-728.9104,2113.64868,71.8755341],"rotationMatrix":[-0.765242338,0.643742025,0,-0.643742025,-0.765242338,0,0,0,0.999999881],"scale":0.663619876,"type":"desert_rocks_medium_04"}
{"pos":[-730.966675,2113.76025,71.4174881],"rotationMatrix":[0.877748072,0.47912237,0,-0.47912237,0.877748072,0,0,0,0.999999881],"scale":0.662190914,"type":"desert_rocks_medium_04"}
{"pos":[-729.447449,2111.69653,72.3692322],"rotationMatrix":[-0.911830246,-0.410567433,0,0.410567433,-0.911830246,0,0,0,0.999999881],"scale":0.392423749,"type":"desert_rocks_medium_04"}
{"pos":[-727.271057,2113.7334,72.2582245],"rotationMatrix":[0.93554157,-0.35321641,0,0.35321641,0.93554157,0,0,0,0.999999881],"scale":0.972393513,"type":"desert_rocks_medium_04"}
{"pos":[-724.667297,2115.15552,72.5917664],"rotationMatrix":[-0.46276632,0.886480153,0,-0.886480153,-0.46276632,0,0,0,0.999999881],"scale":0.827304363,"type":"desert_rocks_medium_04"}
{"pos":[604.913391,1857.09546,70.1971359],"rotationMatrix":[-0.985599577,0.169095561,0,-0.169095561,-0.985599577,0,0,0,0.999999881],"scale":1.36319733,"type":"desert_rocks_medium_04"}
{"pos":[613.20282,1857.36816,69.9200592],"rotationMatrix":[0.471538514,-0.881845415,0,0.881845415,0.471538514,0,0,0,0.999999881],"scale":0.5192101,"type":"desert_rocks_medium_04"}
{"pos":[609.548645,1857.59302,70.0791779],"rotationMatrix":[0.470828563,-0.88222456,0,0.88222456,0.470828563,0,0,0,0.999999881],"scale":1.03356588,"type":"desert_rocks_medium_04"}
{"pos":[615.211914,1856.23303,69.7990189],"rotationMatrix":[-0.981886089,-0.189471766,0,0.189471766,-0.981886089,0,0,0,0.999999881],"scale":0.645749569,"type":"desert_rocks_medium_04"}
{"pos":[611.915833,1870.16858,70.2459488],"rotationMatrix":[-0.413012266,-0.910725415,0,0.910725415,-0.413012266,0,0,0,0.999999881],"scale":1.04688418,"type":"desert_rocks_medium_04"}
{"pos":[614.98761,1873.41479,70.1751251],"rotationMatrix":[0.863853753,0.503742576,0,-0.503742576,0.863853753,0,0,0,0.999999881],"scale":0.708918333,"type":"desert_rocks_medium_04"}
{"pos":[615.878357,1868.25928,70.0599213],"rotationMatrix":[0.753911912,0.656975508,0,-0.656975508,0.753911912,0,0,0,0.999999881],"scale":0.594505668,"type":"desert_rocks_medium_04"}
{"pos":[607.85022,1867.52344,70.3978729],"rotationMatrix":[0.213073775,-0.977035999,0,0.977035999,0.213073775,0,0,0,0.999999881],"scale":0.799185753,"type":"desert_rocks_medium_04"}
{"pos":[615.203735,1869.2179,70.1621857],"rotationMatrix":[-0.372118801,0.928184986,0,-0.928184986,-0.372118801,0,0,0,0.999999881],"scale":0.508227348,"type":"desert_rocks_medium_04"}
{"pos":[614.205566,1869.78516,70.1009827],"rotationMatrix":[0.13969326,-0.990194738,0,0.990194738,0.13969326,0,0,0,0.999999881],"scale":0.634444475,"type":"desert_rocks_medium_04"}
{"pos":[614.664978,1888.31421,70.3333359],"rotationMatrix":[0.451114237,0.892466247,0,-0.892466247,0.451114237,0,0,0,0.999999881],"scale":1.15912342,"type":"desert_rocks_medium_04"}
{"pos":[619.450195,1889.38477,70.1140976],"rotationMatrix":[0.96731168,0.253590107,0,-0.253590107,0.96731168,0,0,0,0.999999881],"scale":0.846758246,"type":"desert_rocks_medium_04"}
{"pos":[623.593872,1897.9126,69.8734436],"rotationMatrix":[0.130861238,-0.99140054,0,0.99140054,0.130861238,0,0,0,0.999999881],"scale":0.544727206,"type":"desert_rocks_medium_04"}
{"pos":[622.282715,1893.19092,69.9442673],"rotationMatrix":[0.552780569,-0.833326817,0,0.833326817,0.552780569,0,0,0,0.999999881],"scale":0.574813008,"type":"desert_rocks_medium_04"}
{"pos":[636.358765,1905.98523,69.0414963],"rotationMatrix":[-0.349250197,0.937029421,0,-0.937029421,-0.349250197,0,0,0,0.999999881],"scale":0.475520998,"type":"desert_rocks_medium_04"}
{"pos":[634.031311,1914.32275,68.7974167],"rotationMatrix":[-0.647372723,-0.762173414,0,0.762173414,-0.647372723,0,0,0,0.999999881],"scale":1.1056397,"type":"desert_rocks_medium_04"}
{"pos":[635.437378,1918.23511,68.7117004],"rotationMatrix":[0.833477378,-0.552553475,0,0.552553475,0.833477378,0,0,0,0.999999881],"scale":1.08061826,"type":"desert_rocks_medium_04"}
