{"pos":[-977.9599,2077.42969,69.6226273],"rotationMatrix":[0.815514207,-0.578736842,0,0.578736842,0.815514207,0,0,0,0.999999881],"scale":0.503671587,"type":"desert_rocks_medium_02"}
{"pos":[-978.277771,2074.677,70.9711685],"rotationMatrix":[-0.469989687,-0.882671773,0,0.882671773,-0.469989687,0,0,0,0.999999881],"scale":0.846846104,"type":"desert_rocks_medium_02"}
{"pos":[-1025.20007,2066.57178,69.3669968],"rotationMatrix":[-0.44608137,-0.894992292,0,0.894992292,-0.44608137,0,0,0,0.999999881],"scale":1.08754361,"type":"desert_rocks_medium_02"}
{"pos":[-1019.50122,2069.22583,69.5871277],"rotationMatrix":[0.116632141,-0.993175089,0,0.993175089,0.116632141,0,0,0,0.999999881],"scale":0.608908176,"type":"desert_rocks_medium_02"}
{"pos":[-1022.86981,2063.17529,70.5984802],"rotationMatrix":[0.432770133,0.901504338,0,-0.901504338,0.432770133,0,0,0,0.999999881],"scale":0.94951719,"type":"desert_rocks_medium_02"}
{"pos":[-1024.39014,2072.26953,68.622467],"rotationMatrix":[-0.979929864,-0.199342191,0,0.199342191,-0.979929864,0,0,0,0.999999881],"scale":1.40956843,"type":"desert_rocks_medium_02"}
{"pos":[-1050.15002,2066.29565,69.5960236],"rotationMatrix":[-0.711058497,-0.703132689,0,0.703132689,-0.711058497,0,0,0,0.999999881],"scale":1.3901937,"type":"desert_rocks_medium_02"}
{"pos":[-1050.99878,2064.92163,70.0183029],"rotationMatrix":[0.582674444,0.812705696,0,-0.812705696,0.582674444,0,0,0,0.999999881],"scale":1.22351253,"type":"desert_rocks_medium_02"}
{"pos":[-1067.7644,2059.66187,69.9383087],"rotationMatrix":[0.714070857,-0.700073242,0,0.700073242,0.714070857,0,0,0,0.999999881],"scale":0.961829901,"type":"desert_rocks_medium_02"}
{"pos":[-1066.8241,2060.44531,69.8679352],"rotationMatrix":[-0.902456343,0.430781066,0,-0.430781066,-0.902456343,0,0,0,0.999999881],"scale":0.852052629,"type":"desert_rocks_medium_02"}
{"pos":[-1065.30896,2064.26807,69.2323532],"rotationMatrix":[0.189112633,-0.981955349,0,0.981955349,0.189112633,0,0,0,0.999999881],"scale":0.7186867,"type":"desert_rocks_medium_02"}
{"pos":[-1059.36572,2060.51025,70.2503052],"rotationMatrix":[-0.663010955,-0.748609662,0,0.748609662,-0.663010955,0,0,0,0.999999881],"scale":0.442076594,"type":"desert_rocks_medium_02"}
{"pos":[-1066.58972,2063.13403,69.188118],"rotationMatrix":[0.639191329,-0.769047618,0,0.769047618,0.639191329,0,0,0,0.999999881],"scale":1.02572143,"type":"desert_rocks_medium_02"}
{"pos":[-1067.88379,2057.40503,70.3343124],"rotationMatrix":[0.451492101,0.892275155,0,-0.892275155,0.451492101,0,0,0,0.999999881],"scale":0.837855339,"type":"desert_rocks_medium_02"}
{"pos":[-1066.64673,2059.15381,69.9823456],"rotationMatrix":[0.468709111,-0.883352399,0,0.883352399,0.468709111,0,0,0,0.999999881],"scale":0.965816319,"type":"desert_rocks_medium_02"}
{"pos":[-1088.67261,2055.23779,68.6035461],"rotationMatrix":[0.840558946,-0.541719913,0,0.541719913,0.840558946,0,0,0,0.999999881],"scale":1.40437496,"type":"desert_rocks_medium_02"}
{"pos":[-1090.49597,2055.0459,68.7771301],"rotationMatrix":[0.575486839,-0.817810893,0,0.817810893,0.575486839,0,0,0,0.999999881],"scale":1.29518867,"type":"desert_rocks_medium_02"}
{"pos":[-1085.40503,2049.72803,69.8343811],"rotationMatrix":[-0.930236995,0.366959125,0,-0.366959125,-0.930236995,0,0,0,0.999999881],"scale":1.23170578,"type":"desert_rocks_medium_02"}
{"pos":[-1119.33838,2058.26685,68.2823105],"rotationMatrix":[0.863192618,-0.504874587,0,0.504874587,0.863192618,0,0,0,0.999999881],"scale":1.39166415,"type":"desert_rocks_medium_02"}
{"pos":[-1121.61401,2051.65649,70.4025116],"rotationMatrix":[0.815539479,-0.578701317,0,0.578701317,0.815539479,0,0,0,0.999999881],"scale":0.969742596,"type":"desert_rocks_medium_02"}
{"pos":[-1122.97363,2051.62109,70.468811],"rotationMatrix":[-0.159574449,-0.987185895,0,0.987185895,-0.159574449,0,0,0,0.999999881],"scale":0.452216059,"type":"desert_rocks_medium_02"}
{"pos":[-1119.92798,2052.15649,70.5525131],"rotationMatrix":[0.0937714353,-0.995593667,0,0.995593667,0.0937714353,0,0,0,0.999999881],"scale":0.699171007,"type":"desert_rocks_medium_02"}
{"pos":[-1107.75208,2051.45361,69.9405746],"rotationMatrix":[-0.579909265,-0.814681053,0,0.814681053,-0.579909265,0,0,0,0.999999881],"scale":0.604526758,"type":"desert_rocks_medium_02"}
{"pos":[-1105.9845,2051.57617,68.9799271],"rotationMatrix":[-0.991383731,0.13098906,0,-0.13098906,-0.991383731,0,0,0,0.999999881],"scale":1.43960536,"type":"desert_rocks_medium_02"}
{"pos":[-1110.23267,2058.03809,68.510849],"rotationMatrix":[-0.996358931,-0.0852558538,0,0.0852558538,-0.996358931,0,0,0,0.999999881],"scale":0.850998342,"type":"desert_rocks_medium_02"}
{"pos":[-1112.44995,2052.07251,69.9668427],"rotationMatrix":[-0.60015136,-0.799886465,0,0.799886465,-0.60015136,0,0,0,0.999999881],"scale":1.25479674,"type":"desert_rocks_medium_02"}
{"pos":[-1166.45667,2067.06738,69.6605072],"rotationMatrix":[-0.9953596,-0.0962245837,0,0.0962245837,-0.9953596,0,0,0,0.999999881],"scale":0.932523072,"type":"desert_rocks_medium_02"}
{"pos":[-1165.24292,2072.7771,68.7446213],"rotationMatrix":[-0.965199172,-0.261515766,0,0.261515766,-0.965199172,0,0,0,0.999999881],"scale":0.706637502,"type":"desert_rocks_medium_02"}
{"pos":[-1167.19849,2065.25562,70.3499146],"rotationMatrix":[-0.839419663,0.543483436,0,-0.543483436,-0.839419663,0,0,0,0.999999881],"scale":0.470277876,"type":"desert_rocks_medium_02"}
{"pos":[-1168.39075,2072.27026,68.6520844],"rotationMatrix":[-0.70915556,-0.705052018,0,0.705052018,-0.70915556,0,0,0,0.999999881],"scale":0.539778948,"type":"desert_rocks_medium_02"}
{"pos":[-1245.41418,2063.23071,67.6360016],"rotationMatrix":[-0.620462477,0.784235895,0,-0.784235895,-0.620462477,0,0,0,0.999999881],"scale":1.03323388,"type":"desert_rocks_medium_02"}
{"pos":[-1242.58972,2058.10059,68.9839859],"rotationMatrix":[-0.86754936,0.497350991,0,-0.497350991,-0.86754936,0,0,0,0.999999881],"scale":0.868171036,"type":"desert_rocks_medium_02"}
{"pos":[-1239.34985,2061.70337,69.0148621],"rotationMatrix":[-0.0503158793,0.998733222,0,-0.998733222,-0.0503158793,0,0,0,0.999999881],"scale":0.498686492,"type":"desert_rocks_medium_02"}
{"pos":[-1246.81152,2061.24683,67.7713242],"rotationMatrix":[-0.433493167,0.901156723,0,-0.901156723,-0.433493167,0,0,0,0.999999881],"scale":1.01472306,"type":"desert_rocks_medium_02"}
{"pos":[-1242.45459,2063.47363,68.2511444],"rotationMatrix":[0.933450997,-0.358704716,0,0.358704716,0.933450997,0,0,0,0.999999881],"scale":0.597887397,"type":"desert_rocks_medium_02"}
{"pos":[-1246.40259,2057.09204,68.6294708],"rotationMatrix":[-0.918427169,0.395590037,0,-0.395590037,-0.918427169,0,0,0,0.999999881],"scale":0.787139416,"type":"desert_rocks_medium_02"}
{"pos":[-1232.53784,2072.89893,68.6347809],"rotationMatrix":[-0.904510558,-0.426451206,0,0.426451206,-0.904510558,0,0,0,0.999999881],"scale":0.456692964,"type":"desert_rocks_medium_02"}
{"pos":[-1235.64795,2073.38867,68.0873489],"rotationMatrix":[-0.309340268,-0.950951397,0,0.950951397,-0.309340268,0,0,0,0.999999881],"scale":0.433057338,"type":"desert_rocks_medium_02"}
{"pos":[-1234.35449,2077.52808,67.790184],"rotationMatrix":[-0.607688248,-0.794175625,0,0.794175625,-0.607688248,0,0,0,0.999999881],"scale":0.695154071,"type":"desert_rocks_medium_02"}
{"pos":[-1233.2262,2069.40405,68.7285461],"rotationMatrix":[-0.0776318088,-0.996981978,0,0.996981978,-0.0776318088,0,0,0,0.999999881],"scale":1.38061392,"type":"desert_rocks_medium_02"}
{"pos":[-1248.87683,2045.26855,70.1584015],"rotationMatrix":[-0.700745404,-0.713411272,0,0.713411272,-0.700745404,0,0,0,0.999999881],"scale":0.793249607,"type":"desert_rocks_medium_02"}
{"pos":[-1246.33984,2043.51184,71.0750504],"rotationMatrix":[-0.365248084,-0.93091011,0,0.93091011,-0.365248084,0,0,0,0.999999881],"scale":0.466387898,"type":"desert_rocks_medium_02"}
{"pos":[-1250.22327,2042.30762,70.1450577],"rotationMatrix":[0.357033402,0.934091628,0,-0.934091628,0.357033402,0,0,0,0.999999881],"scale":0.436000556,"type":"desert_rocks_medium_02"}
{"pos":[-1251.92188,2042.87463,69.7388077],"rotationMatrix":[0.458747,-0.888566792,0,0.888566792,0.458747,0,0,0,0.999999881],"scale":0.596405864,"type":"desert_rocks_medium_02"}
{"pos":[-1249.90918,2046.58069,69.9713516],"rotationMatrix":[-0.88078469,0.473516762,0,-0.473516762,-0.88078469,0,0,0,0.999999881],"scale":0.738786042,"type":"desert_rocks_medium_02"}
{"pos":[-1251.02783,2046.7738,69.6130905],"rotationMatrix":[-0.54987222,-0.835248768,0,0.835248768,-0.54987222,0,0,0,0.999999881],"scale":1.16387212,"type":"desert_rocks_medium_02"}
{"pos":[-1249.79578,2047.73669,69.7016449],"rotationMatrix":[0.455991179,0.88998431,0,-0.88998431,0.455991179,0,0,0,0.999999881],"scale":0.692474365,"type":"desert_rocks_medium_02"}
{"pos":[-1246.41931,2052.52759,69.3955612],"rotationMatrix":[0.369567931,-0.929203629,0,0.929203629,0.369567931,0,0,0,0.999999881],"scale":1.269472,"type":"desert_rocks_medium_02"}
{"pos":[-1275.56104,2003.45483,69.3776855],"rotationMatrix":[-0.809055448,0.587732017,0,-0.587732017,-0.809055448,0,0,0,0.999999881],"scale":1.41151392,"type":"desert_rocks_medium_02"}
{"pos":[-1273.88159,2001.60071,70.0952301],"rotationMatrix":[-0.625329375,0.780360699,0,-0.780360699,-0.625329375,0,0,0,0.999999881],"scale":0.552033424,"type":"desert_rocks_medium_02"}
{"pos":[-1276.78503,2000.44214,69.4322357],"rotationMatrix":[-0.998656034,-0.0518262871,0,0.0518262871,-0.998656034,0,0,0,0.999999881],"scale":1.33499324,"type":"desert_rocks_medium_02"}
{"pos":[-1277.67114,2000.9353,69.5382309],"rotationMatrix":[0.420115799,0.907470524,0,-0.907470524,0.420115799,0,0,0,0.999999881],"scale":0.528916895,"type":"desert_rocks_medium_02"}
{"pos":[-1276.34546,1999.10535,69.7907028],"rotationMatrix":[0.67513603,-0.73769325,0,0.73769325,0.67513603,0,0,0,0.999999881],"scale":1.17942142,"type":"desert_rocks_medium_02"}
{"pos":[-1266.09448,2023.94434,69.1162109],"rotationMatrix":[0.90815872,-0.418625832,0,0.418625832,0.90815872,0,0,0,0.999999881],"scale":1.10602582,"type":"desert_rocks_medium_02"}
{"pos":[-1263.96228,2026.56165,69.1404495],"rotationMatrix":[0.974142313,-0.225934952,0,0.225934952,0.974142313,0,0,0,0.999999881],"scale":1.16100097,"type":"desert_rocks_medium_02"}
{"pos":[-1253.55432,2035.10156,70.1986313],"rotationMatrix":[-0.0433888659,0.999058127,0,-0.999058127,-0.0433888659,0,0,0,0.999999881],"scale":1.35296988,"type":"desert_rocks_medium_02"}
{"pos":[-1245.20654,2057.29932,68.8869476],"rotationMatrix":[0.0784678459,0.996916533,0,-0.996916533,0.0784678459,0,0,0,0.999999881],"scale":0.621133149,"type":"desert_rocks_medium_02"}
{"pos":[-1240.04944,2054.20142,70.2667542],"rotationMatrix":[-0.361900538,0.932216585,0,-0.932216585,-0.361900538,0,0,0,0.999999881],"scale":0.578375161,"type":"desert_rocks_medium_02"}
{"pos":[-1234.32971,2065.63013,69.3917389],"rotationMatrix":[-0.941779315,0.33623144,0,-0.33623144,-0.941779315,0,0,0,0.999999881],"scale":1.02195239,"type":"desert_rocks_medium_02"}
{"pos":[-1237.65271,2065.84204,68.5265274],"rotationMatrix":[0.966574967,0.256383747,0,-0.256383747,0.966574967,0,0,0,0.999999881],"scale":1.25211322,"type":"desert_rocks_medium_02"}
{"pos":[-1224.40186,2080.79565,68.7648849],"rotationMatrix":[0.75094831,0.660360992,0,-0.660360992,0.75094831,0,0,0,0.999999881],"scale":0.881703258,"type":"desert_rocks_medium_02"}
{"pos":[-1227.34558,2075.88306,69.3690643],"rotationMatrix":[0.654835224,-0.755771458,0,0.755771458,0.654835224,0,0,0,0.999999881],"scale":1.06943655,"type":"desert_rocks_medium_02"}
{"pos":[-1216.66309,2075.36597,71.5545578],"rotationMatrix":[0.541116416,0.840947688,0,-0.840947688,0.541116416,0,0,0,0.999999881],"scale":0.526454389,"type":"desert_rocks_medium_02"}
{"pos":[-1215.82153,2078.01416,70.229187],"rotationMatrix":[-0.875782967,-0.482705146,0,0.482705146,-0.875782967,0,0,0,0.999999881],"scale":1.44306111,"type":"desert_rocks_medium_02"}
{"pos":[-1212.66211,2070.22168,71.7324219],"rotationMatrix":[-0.994459391,-0.105121017,0,0.105121017,-0.994459391,0,0,0,0.999999881],"scale":0.772208869,"type":"desert_rocks_medium_02"}
{"pos":[-1207.79944,2076.47363,67.8469925],"rotationMatrix":[0.655786812,-0.754945993,0,0.754945993,0.655786812,0,0,0,0.999999881],"scale":1.36303997,"type":"desert_rocks_medium_02"}
{"pos":[-1205.00269,2066.41992,68.3261185],"rotationMatrix":[0.892299235,-0.451444238,0,0.451444238,0.892299235,0,0,0,0.999999881],"scale":0.855487287,"type":"desert_rocks_medium_02"}
{"pos":[-1207.69849,2069.40015,69.3885498],"rotationMatrix":[-0.559231818,0.829011142,0,-0.829011142,-0.559231818,0,0,0,0.999999881],"scale":0.740827084,"type":"desert_rocks_medium_02"}
{"pos":[-1207.37561,2066.3667,70.0206757],"rotationMatrix":[0.72659868,0.687062085,0,-0.687062085,0.72659868,0,0,0,0.999999881],"scale":0.864776373,"type":"desert_rocks_medium_02"}
{"pos":[-1208.29871,2060.4751,70.2554474],"rotationMatrix":[0.197601303,-0.980282366,0,0.980282366,0.197601303,0,0,0,0.999999881],"scale":0.548149347,"type":"desert_rocks_medium_02"}
{"pos":[-1202.53345,2061.13794,68.1559677],"rotationMatrix":[0.797068179,-0.603889167,0,0.603889167,0.797068179,0,0,0,0.999999881],"scale":0.471884787,"type":"desert_rocks_medium_02"}
{"pos":[-1207.76807,2063.42334,70.4777527],"rotationMatrix":[-0.942915261,-0.333032608,0,0.333032608,-0.942915261,0,0,0,0.999999881],"scale":0.945856392,"type":"desert_rocks_medium_02"}
{"pos":[-1210.44983,2052.92847,69.6657791],"rotationMatrix":[0.305107296,-0.952317894,0,0.952317894,0.305107296,0,0,0,0.999999881],"scale":0.965754092,"type":"desert_rocks_medium_02"}
{"pos":[-1209.10059,2046.96216,70.2950745],"rotationMatrix":[-0.343409926,-0.93918556,0,0.93918556,-0.343409926,0,0,0,0.999999881],"scale":0.870599151,"type":"desert_rocks_medium_02"}
{"pos":[-1191.53149,2035.68469,69.9983215],"rotationMatrix":[0.9292202,0.369526416,0,-0.369526416,0.9292202,0,0,0,0.999999881],"scale":0.550460219,"type":"desert_rocks_medium_02"}
{"pos":[-1189.38574,2030.84375,71.0310974],"rotationMatrix":[-0.652517855,0.757773101,0,-0.757773101,-0.652517855,0,0,0,0.999999881],"scale":1.01122153,"type":"desert_rocks_medium_02"}
{"pos":[-1187.46729,2042.42444,69.3841629],"rotationMatrix":[0.583962202,0.81178081,0,-0.81178081,0.583962202,0,0,0,0.999999881],"scale":1.43126118,"type":"desert_rocks_medium_02"}
{"pos":[-1173.27673,2061.33594,69.2812271],"rotationMatrix":[0.999392688,-0.0348428227,0,0.0348428227,0.999392688,0,0,0,0.999999881],"scale":1.24406481,"type":"desert_rocks_medium_02"}
{"pos":[-1171.2699,2071.04785,68.2061386],"rotationMatrix":[-0.373175025,0.927760839,0,-0.927760839,-0.373175025,0,0,0,0.999999881],"scale":1.38048315,"type":"desert_rocks_medium_02"}
{"pos":[-1149.31665,2059.27808,68.3290253],"rotationMatrix":[0.530781388,-0.847508729,0,0.847508729,0.530781388,0,0,0,0.999999881],"scale":1.02080429,"type":"desert_rocks_medium_02"}
{"pos":[-1142.73962,2053.10571,68.9936829],"rotationMatrix":[0.926901996,-0.375303268,0,0.375303268,0.926901996,0,0,0,0.999999881],"scale":0.712433577,"type":"desert_rocks_medium_02"}
{"pos":[-1144.64697,2054.60693,69.1755829],"rotationMatrix":[-0.0694079623,-0.997588277,0,0.997588277,-0.0694079623,0,0,0,0.999999881],"scale":0.512881935,"type":"desert_rocks_medium_02"}
{"pos":[-1141.07019,2044.34131,70.7527542],"rotationMatrix":[-0.722160578,0.691725135,0,-0.691725135,-0.722160578,0,0,0,0.999999881],"scale":1.01165938,"type":"desert_rocks_medium_02"}
{"pos":[-1142.3728,2048.71899,69.8662949],"rotationMatrix":[-0.938773632,0.344534218,0,-0.344534218,-0.938773632,0,0,0,0.999999881],"scale":1.41172934,"type":"desert_rocks_medium_02"}
{"pos":[-1140.41345,2048.26855,69.6332626],"rotationMatrix":[-0.0111714089,0.999937534,0,-0.999937534,-0.0111714089,0,0,0,0.999999881],"scale":1.2413826,"type":"desert_rocks_medium_02"}
{"pos":[-1127.16602,2048.80493,70.7771759],"rotationMatrix":[0.957841575,0.287296891,0,-0.287296891,0.957841575,0,0,0,0.999999881],"scale":1.27889383,"type":"desert_rocks_medium_02"}
{"pos":[-1115.84387,2053.59424,69.6956787],"rotationMatrix":[0.641016483,0.767527103,0,-0.767527103,0.641016483,0,0,0,0.999999881],"scale":1.01917458,"type":"desert_rocks_medium_02"}
{"pos":[-1081.11145,2052.48022,69.7210693],"rotationMatrix":[0.536036849,0.844194591,0,-0.844194591,0.536036849,0,0,0,0.999999881],"scale":0.761431336,"type":"desert_rocks_medium_02"}
{"pos":[-1075.97717,2051.56812,70.6567688],"rotationMatrix":[-0.1231969,-0.992382109,0,0.992382109,-0.1231969,0,0,0,0.999999881],"scale":0.595745504,"type":"desert_rocks_medium_02"}
{"pos":[-1078.46448,2054.27686,69.7974548],"rotationMatrix":[-0.977105439,0.212755278,0,-0.212755278,-0.977105439,0,0,0,0.999999881],"scale":0.457961768,"type":"desert_rocks_medium_02"}
{"pos":[-1075.84534,2055.22461,70.2025909],"rotationMatrix":[0.674917519,0.737893164,0,-0.737893164,0.674917519,0,0,0,0.999999881],"scale":0.456354171,"type":"desert_rocks_medium_02"}
{"pos":[-1076.45239,2059.2832,69.5117569],"rotationMatrix":[0.453001857,0.891509593,0,-0.891509593,0.453001857,0,0,0,0.999999881],"scale":0.682939053,"type":"desert_rocks_medium_02"}
{"pos":[-1074.17151,2053.35791,70.4284744],"rotationMatrix":[0.403395087,-0.915025771,0,0.915025771,0.403395087,0,0,0,0.999999881],"scale":0.844254315,"type":"desert_rocks_medium_02"}
{"pos":[-1078.68787,2051.96338,69.8306427],"rotationMatrix":[0.426667064,-0.904408634,0,0.904408634,0.426667064,0,0,0,0.999999881],"scale":0.968544483,"type":"desert_rocks_medium_02"}
{"pos":[-1069.31555,2058.71436,69.7576141],"rotationMatrix":[-0.485448211,-0.874265254,0,0.874265254,-0.485448211,0,0,0,0.999999881],"scale":1.37666452,"type":"desert_rocks_medium_02"}
{"pos":[-1056.49939,2060.16846,70.4604721],"rotationMatrix":[-0.963686883,0.267034531,0,-0.267034531,-0.963686883,0,0,0,0.999999881],"scale":0.634456694,"type":"desert_rocks_medium_02"}
{"pos":[-1046.43298,2066.44189,69.7181015],"rotationMatrix":[-0.712875664,0.701290131,0,-0.701290131,-0.712875664,0,0,0,0.999999881],"scale":1.09121346,"type":"desert_rocks_medium_02"}
{"pos":[-1028.71021,2062.22607,70.4861221],"rotationMatrix":[-0.991234601,0.13211289,0,-0.13211289,-0.991234601,0,0,0,0.999999881],"scale":0.920376897,"type":"desert_rocks_medium_02"}
{"pos":[-1030.17578,2061.88403,70.757309],"rotationMatrix":[0.654602349,0.755973339,0,-0.755973339,0.654602349,0,0,0,0.999999881],"scale":0.715885401,"type":"desert_rocks_medium_02"}
{"pos":[-1017.2951,2064.95532,70.7875366],"rotationMatrix":[0.961034119,-0.276429445,0,0.276429445,0.961034119,0,0,0,0.999999881],"scale":0.842774272,"type":"desert_rocks_medium_02"}
{"pos":[-1008.14587,2069.78125,68.5054779],"rotationMatrix":[-0.994459748,0.105117165,0,-0.105117165,-0.994459748,0,0,0,0.999999881],"scale":1.3566339,"type":"desert_rocks_medium_02"}
{"pos":[-1001.40863,2067.99805,67.7980728],"rotationMatrix":[-0.969224036,0.246179968,0,-0.246179968,-0.969224036,0,0,0,0.999999881],"scale":0.796849608,"type":"desert_rocks_medium_02"}
{"pos":[-999.282166,2068.42261,67.3294067],"rotationMatrix":[0.918636739,0.395103186,0,-0.395103186,0.918636739,0,0,0,0.999999881],"scale":0.736890912,"type":"desert_rocks_medium_02"}
{"pos":[-977.280579,2078.45825,69.3574829],"rotationMatrix":[0.508875072,0.86084038,0,-0.86084038,0.508875072,0,0,0,0.999999881],"scale":0.60594213,"type":"desert_rocks_medium_02"}
{"pos":[-972.744446,2078.37085,70.0863724],"rotationMatrix":[-0.667971671,-0.744186699,0,0.744186699,-0.667971671,0,0,0,0.999999881],"scale":1.27041912,"type":"desert_rocks_medium_02"}
{"pos":[-730.437073,2123.29517,70.2205887],"rotationMatrix":[-0.850465834,-0.526030064,0,0.526030064,-0.850465834,0,0,0,0.999999881],"scale":0.777373552,"type":"desert_rocks_medium_02"}
{"pos":[-724.130127,2129.95947,70.223259],"rotationMatrix":[-0.294157386,-0.955756843,0,0.955756843,-0.294157386,0,0,0,0.999999881],"scale":0.637541294,"type":"desert_rocks_medium_02"}
{"pos":[-723.623901,2125.74023,70.4329987],"rotationMatrix":[0.246361181,-0.969178021,0,0.969178021,0.246361181,0,0,0,0.999999881],"scale":0.61075902,"type":"desert_rocks_medium_02"}
{"pos":[-720.349548,2126.08447,70.2054977],"rotationMatrix":[0.519310951,0.85458535,0,-0.85458535,0.519310951,0,0,0,0.999999881],"scale":0.688551545,"type":"desert_rocks_medium_02"}
{"pos":[-711.700439,2124.69971,70.3188705],"rotationMatrix":[-0.748566747,0.663059294,0,-0.663059294,-0.748566747,0,0,0,0.999999881],"scale":0.995132089,"type":"desert_rocks_medium_02"}
{"pos":[-717.527771,2128.90503,70.0763626],"rotationMatrix":[0.486695558,-0.873571575,0,0.873571575,0.486695558,0,0,0,0.999999881],"scale":0.516410589,"type":"desert_rocks_medium_02"}
{"pos":[-716.274109,2127.01611,69.6508255],"rotationMatrix":[-0.64027369,-0.768146694,0,0.768146694,-0.64027369,0,0,0,0.999999881],"scale":0.644072771,"type":"desert_rocks_medium_02"}
{"pos":[-714.70752,2128.97437,69.4721146],"rotationMatrix":[0.675557315,0.737307489,0,-0.737307489,0.675557315,0,0,0,0.999999881],"scale":0.930437207,"type":"desert_rocks_medium_02"}
{"pos":[-702.49939,2132.1875,69.7675171],"rotationMatrix":[-0.948754489,-0.316013992,0,0.316013992,-0.948754489,0,0,0,0.999999881],"scale":1.05867839,"type":"desert_rocks_medium_02"}
{"pos":[-692.601196,2138.52051,69.017746],"rotationMatrix":[0.688628554,0.725114286,0,-0.725114286,0.688628554,0,0,0,0.999999881],"scale":0.612314761,"type":"desert_rocks_medium_02"}
{"pos":[-704.386841,2142.04248,69.5973358],"rotationMatrix":[-0.79510057,0.606477439,0,-0.606477439,-0.79510057,0,0,0,0.999999881],"scale":1.22324646,"type":"desert_rocks_medium_02"}
{"pos":[-706.293701,2141.51392,69.7188492],"rotationMatrix":[0.913910329,0.405916035,0,-0.405916035,0.913910329,0,0,0,0.999999881],"scale":1.22734368,"type":"desert_rocks_medium_02"}
{"pos":[-716.253723,2144.22144,70.2290192],"rotationMatrix":[0.0966246873,-0.995320737,0,0.995320737,0.0966246873,0,0,0,0.999999881],"scale":0.457243055,"type":"desert_rocks_medium_02"}
{"pos":[-721.246155,2138.36011,70.3888016],"rotationMatrix":[0.970885515,-0.239543512,0,0.239543512,0.970885515,0,0,0,0.999999881],"scale":0.7010746,"type":"desert_rocks_medium_02"}
{"pos":[-727.67572,2128.34131,69.7483215],"rotationMatrix":[0.999940336,-0.0109163942,0,0.0109163942,0.999940336,0,0,0,0.999999881],"scale":1.36126351,"type":"desert_rocks_medium_02"}
{"pos":[-724.118225,2133.92725,69.7227249],"rotationMatrix":[0.288300961,-0.957539737,0,0.957539737,0.288300961,0,0,0,0.999999881],"scale":1.2831862,"type":"desert_rocks_medium_02"}
{"pos":[-677.296021,2141.15479,69.6080856],"rotationMatrix":[0.877777994,-0.479067475,0,0.479067475,0.877777994,0,0,0,0.999999881],"scale":0.475983262,"type":"desert_rocks_medium_02"}
{"pos":[-680.210632,2139.62476,69.9495087],"rotationMatrix":[-0.170561403,0.985346913,0,-0.985346913,-0.170561403,0,0,0,0.999999881],"scale":0.684443474,"type":"desert_rocks_medium_02"}
{"pos":[-689.773499,2137.92383,68.9662857],"rotationMatrix":[0.996436656,-0.0843436196,0,0.0843436196,0.996436656,0,0,0,0.999999881],"scale":0.451098174,"type":"desert_rocks_medium_02"}
{"pos":[-696.670227,2134.74121,69.3868866],"rotationMatrix":[0.993834078,-0.110876597,0,0.110876597,0.993834078,0,0,0,0.999999881],"scale":0.863858044,"type":"desert_rocks_medium_02"}
{"pos":[-699.342834,2135.09326,68.8458633],"rotationMatrix":[0.896347225,0.443352669,0,-0.443352669,0.896347225,0,0,0,0.999999881],"scale":1.17803454,"type":"desert_rocks_medium_02"}
{"pos":[-705.547363,2129.62891,69.924675],"rotationMatrix":[0.827296793,0.561765075,0,-0.561765075,0.827296793,0,0,0,0.999999881],"scale":0.697531819,"type":"desert_rocks_medium_02"}
{"pos":[-706.328186,2133.65161,69.2679749],"rotationMatrix":[0.468794197,-0.883307278,0,0.883307278,0.468794197,0,0,0,0.999999881],"scale":0.955176532,"type":"desert_rocks_medium_02"}
{"pos":[-702.946228,2134.40845,69.0707474],"rotationMatrix":[0.969241083,0.246113151,0,-0.246113151,0.969241083,0,0,0,0.999999881],"scale":0.93344897,"type":"desert_rocks_medium_02"}
{"pos":[-709.125488,2131.81299,69.590889],"rotationMatrix":[0.953352153,0.301860213,0,-0.301860213,0.953352153,0,0,0,0.999999881],"scale":0.49563238,"type":"desert_rocks_medium_02"}
{"pos":[-710.736145,2125.62573,70.2469101],"rotationMatrix":[0.977475464,-0.211048484,0,0.211048484,0.977475464,0,0,0,0.999999881],"scale":0.459847927,"type":"desert_rocks_medium_02"}
{"pos":[-719.521851,2124.41504,69.9149246],"rotationMatrix":[-0.961436689,-0.275026053,0,0.275026053,-0.961436689,0,0,0,0.999999881],"scale":0.922270536,"type":"desert_rocks_medium_02"}
{"pos":[-724.579041,2120.31836,70.5080185],"rotationMatrix":[0.643039763,-0.765832722,0,0.765832722,0.643039763,0,0,0,0.999999881],"scale":1.26250279,"type":"desert_rocks_medium_02"}
{"pos":[-721.425476,2121.45557,70.8250885],"rotationMatrix":[0.965646267,-0.259859741,0,0.259859741,0.965646267,0,0,0,0.999999881],"scale":0.882930815,"type":"desert_rocks_medium_02"}
{"pos":[-729.818604,2120.14209,69.9794464],"rotationMatrix":[0.301743686,-0.953388989,0,0.953388989,0.301743686,0,0,0,0.999999881],"scale":0.951161206,"type":"desert_rocks_medium_02"}
{"pos":[-734.019287,2115.21606,69.9551849],"rotationMatrix":[-0.493134499,-0.869953036,0,0.869953036,-0.493134499,0,0,0,0.999999881],"scale":0.888628125,"type":"desert_rocks_medium_02"}
{"pos":[-736.262878,2111.70776,69.966423],"rotationMatrix":[0.989763618,0.142716005,0,-0.142716005,0.989763618,0,0,0,0.999999881],"scale":1.37296331,"type":"desert_rocks_medium_02"}
{"pos":[-737.351196,2110.66016,70.5085297],"rotationMatrix":[0.670251191,0.742134273,0,-0.742134273,0.670251191,0,0,0,0.999999881],"scale":1.14497733,"type":"desert_rocks_medium_02"}
{"pos":[-741.83905,2107.77563,70.142128],"rotationMatrix":[0.933628857,0.358241618,0,-0.358241618,0.933628857,0,0,0,0.999999881],"scale":0.78235662,"type":"desert_rocks_medium_02"}
{"pos":[-740.55127,2111.02148,69.2885361],"rotationMatrix":[0.636696517,0.771114469,0,-0.771114469,0.636696517,0,0,0,0.999999881],"scale":1.3360585,"type":"desert_rocks_medium_02"}
{"pos":[-739.61908,2114.45361,68.454483],"rotationMatrix":[0.753462493,-0.657490611,0,0.657490611,0.753462493,0,0,0,0.999999881],"scale":0.8611058,"type":"desert_rocks_medium_02"}
{"pos":[-733.573914,2127.95557,68.783699],"rotationMatrix":[0.937163174,0.348891377,0,-0.348891377,0.937163174,0,0,0,0.999999881],"scale":0.724111557,"type":"desert_rocks_medium_02"}
{"pos":[-720.789673,2146.15796,69.0870972],"rotationMatrix":[0.98176533,0.190096676,0,-0.190096676,0.98176533,0,0,0,0.999999881],"scale":1.30165923,"type":"desert_rocks_medium_02"}
{"pos":[-713.903625,2147.66626,70.276947],"rotationMatrix":[0.346659482,0.937991083,0,-0.937991083,0.346659482,0,0,0,0.999999881],"scale":0.561326027,"type":"desert_rocks_medium_02"}
{"pos":[-716.421997,2148.81055,69.7578964],"rotationMatrix":[0.196953401,-0.980412781,0,0.980412781,0.196953401,0,0,0,0.999999881],"scale":0.620451272,"type":"desert_rocks_medium_02"}
{"pos":[-717.278625,2143.40234,70.1334076],"rotationMatrix":[-0.664807796,0.747014344,0,-0.747014344,-0.664807796,0,0,0,0.999999881],"scale":0.675997257,"type":"desert_rocks_medium_02"}
{"pos":[-705.644836,2149.90161,69.7606583],"rotationMatrix":[0.714589477,-0.699544013,0,0.699544013,0.714589477,0,0,0,0.999999881],"scale":0.531170964,"type":"desert_rocks_medium_02"}
{"pos":[-700.485657,2148.65381,69.6881256],"rotationMatrix":[0.977396309,-0.211414725,0,0.211414725,0.977396309,0,0,0,0.999999881],"scale":0.928934515,"type":"desert_rocks_medium_02"}
{"pos":[-706.747681,2151.81714,68.9045181],"rotationMatrix":[-0.0519474111,-0.998649716,0,0.998649716,-0.0519474111,0,0,0,0.999999881],"scale":0.689397037,"type":"desert_rocks_medium_02"}
{"pos":[-710.479004,2151.67456,69.3346176],"rotationMatrix":[-0.736066997,0.676908433,0,-0.676908433,-0.736066997,0,0,0,0.999999881],"scale":0.702260792,"type":"desert_rocks_medium_02"}
{"pos":[-728.680786,2136.88501,68.5440369],"rotationMatrix":[0.870174468,-0.492743492,0,0.492743492,0.870174468,0,0,0,0.999999881],"scale":1.28312051,"type":"desert_rocks_medium_02"}
{"pos":[-722.745605,2137.23071,70.0361328],"rotationMatrix":[0.977048874,0.213014752,0,-0.213014752,0.977048874,0,0,0,0.999999881],"scale":0.937589347,"type":"desert_rocks_medium_02"}
{"pos":[-732.653076,2131.08862,68.2325821],"rotationMatrix":[0.982898057,-0.18415004,0,0.18415004,0.982898057,0,0,0,0.999999881],"scale":0.957844257,"type":"desert_rocks_medium_02"}
{"pos":[-747.992126,2110.92383,63.2493515],"rotationMatrix":[0.321964502,0.946751714,0,-0.946751714,0.321964502,0,0,0,0.999999881],"scale":1.06765437,"type":"desert_rocks_medium_02"}
{"pos":[-738.842468,2117.31641,68.9033356],"rotationMatrix":[0.843798816,0.536659539,0,-0.536659539,0.843798816,0,0,0,0.999999881],"scale":1.13839602,"type":"desert_rocks_medium_02"}
{"pos":[-740.353271,2116.83862,68.3973846],"rotationMatrix":[-0.387867779,-0.921714962,0,0.921714962,-0.387867779,0,0,0,0.999999881],"scale":1.15305912,"type":"desert_rocks_medium_02"}
{"pos":[-723.364624,2128.65625,70.1871109],"rotationMatrix":[-0.170597613,-0.985340714,0,0.985340714,-0.170597613,0,0,0,0.999999881],"scale":0.636460066,"type":"desert_rocks_medium_02"}
{"pos":[-718.252258,2125.87817,69.7719269],"rotationMatrix":[-0.306922376,0.951734483,0,-0.951734483,-0.306922376,0,0,0,0.999999881],"scale":0.767051101,"type":"desert_rocks_medium_02"}
{"pos":[-704.790649,2143.40869,69.3415222],"rotationMatrix":[-0.997780085,-0.066593349,0,0.066593349,-0.997780085,0,0,0,0.999999881],"scale":1.14295602,"type":"desert_rocks_medium_02"}
{"pos":[-690.353455,2140.4856,68.4987793],"rotationMatrix":[0.344548374,0.938768566,0,-0.938768566,0.344548374,0,0,0,0.999999881],"scale":1.38271749,"type":"desert_rocks_medium_02"}
{"pos":[-688.470886,2140.53125,68.7764664],"rotationMatrix":[0.254694492,-0.967021465,0,0.967021465,0.254694492,0,0,0,0.999999881],"scale":1.19683814,"type":"desert_rocks_medium_02"}
{"pos":[-684.341492,2142.47974,69.5814743],"rotationMatrix":[-0.124730378,0.99219054,0,-0.99219054,-0.124730378,0,0,0,0.999999881],"scale":0.79380548,"type":"desert_rocks_medium_02"}
{"pos":[-683.370117,2141.23022,70.0200653],"rotationMatrix":[0.998247981,-0.0591663979,0,0.0591663979,0.998247981,0,0,0,0.999999881],"scale":0.870543957,"type":"desert_rocks_medium_02"}
{"pos":[-678.594788,2143.89941,69.6136932],"rotationMatrix":[-0.445212245,0.895424902,0,-0.895424902,-0.445212245,0,0,0,0.999999881],"scale":0.476047754,"type":"desert_rocks_medium_02"}
{"pos":[-680.225403,2146.22144,69.2577972],"rotationMatrix":[0.507516146,0.861642241,0,-0.861642241,0.507516146,0,0,0,0.999999881],"scale":0.631569505,"type":"desert_rocks_medium_02"}
{"pos":[-684.43988,2145.46265,69.7124405],"rotationMatrix":[0.448169023,0.893948853,0,-0.893948853,0.448169023,0,0,0,0.999999881],"scale":0.565267324,"type":"desert_rocks_medium_02"}
{"pos":[-689.903015,2148.98169,69.8315506],"rotationMatrix":[0.999527752,0.0307252333,0,-0.0307252333,0.999527752,0,0,0,0.999999881],"scale":0.705586314,"type":"desert_rocks_medium_02"}
{"pos":[-676.372925,2143.34863,69.4635544],"rotationMatrix":[0.534865737,-0.844936967,0,0.844936967,0.534865737,0,0,0,0.999999881],"scale":0.600230038,"type":"desert_rocks_medium_02"}
{"pos":[-674.591553,2136.98975,70.8822556],"rotationMatrix":[0.951584041,-0.307388306,0,0.307388306,0.951584041,0,0,0,0.999999881],"scale":1.01848233,"type":"desert_rocks_medium_02"}
{"pos":[-672.538635,2135.96875,71.6783524],"rotationMatrix":[-0.996121287,0.0879894421,0,-0.0879894421,-0.996121287,0,0,0,0.999999881],"scale":0.713346422,"type":"desert_rocks_medium_02"}
{"pos":[-670.790344,2139.21509,69.7628403],"rotationMatrix":[0.782541215,-0.622598708,0,0.622598708,0.782541215,0,0,0,0.999999881],"scale":0.480142832,"type":"desert_rocks_medium_02"}
{"pos":[-669.521301,2140.04004,68.616394],"rotationMatrix":[0.354506195,0.935053647,0,-0.935053647,0.354506195,0,0,0,0.999999881],"scale":1.19345379,"type":"desert_rocks_medium_02"}
{"pos":[-672.985718,2137.97559,70.4877625],"rotationMatrix":[0.626124501,0.779723048,0,-0.779723048,0.626124501,0,0,0,0.999999881],"scale":0.715689898,"type":"desert_rocks_medium_02"}
{"pos":[-671.175537,2137.52148,70.764183],"rotationMatrix":[-0.863854349,0.503741503,0,-0.503741503,-0.863854349,0,0,0,0.999999881],"scale":0.47038728,"type":"desert_rocks_medium_02"}
{"pos":[-669.845825,2142.26587,68.6502609],"rotationMatrix":[0.934623539,0.355638534,0,-0.355638534,0.934623539,0,0,0,0.999999881],"scale":0.603298545,"type":"desert_rocks_medium_02"}
{"pos":[-679.246948,2135.28345,72.1660461],"rotationMatrix":[-0.827212214,0.561889291,0,-0.561889291,-0.827212214,0,0,0,0.999999881],"scale":0.600568414,"type":"desert_rocks_medium_02"}
{"pos":[-689.62616,2131.95923,73.0568542],"rotationMatrix":[0.952545464,0.304396212,0,-0.304396212,0.952545464,0,0,0,0.999999881],"scale":0.596284628,"type":"desert_rocks_medium_02"}
{"pos":[-688.419617,2130.80786,73.8221512],"rotationMatrix":[-0.0478054993,0.998856544,0,-0.998856544,-0.0478054993,0,0,0,0.999999881],"scale":0.676739693,"type":"desert_rocks_medium_02"}
{"pos":[-693.979553,2132.81885,71.442894],"rotationMatrix":[-0.420165658,0.907447278,0,-0.907447278,-0.420165658,0,0,0,0.999999881],"scale":1.13943684,"type":"desert_rocks_medium_02"}
{"pos":[-695.740479,2130.85767,72.7050018],"rotationMatrix":[0.016705839,-0.999860346,0,0.999860346,0.016705839,0,0,0,0.999999881],"scale":1.16934013,"type":"desert_rocks_medium_02"}
{"pos":[-705.412231,2130.99268,69.5812378],"rotationMatrix":[0.0988143012,0.995105803,0,-0.995105803,0.0988143012,0,0,0,0.999999881],"scale":0.508665562,"type":"desert_rocks_medium_02"}
{"pos":[-716.116821,2125.68237,69.3186874],"rotationMatrix":[-0.180726528,-0.983533323,0,0.983533323,-0.180726528,0,0,0,0.999999881],"scale":1.19938326,"type":"desert_rocks_medium_02"}
{"pos":[-715.630005,2118.64331,74.3644257],"rotationMatrix":[0.413775831,-0.910378695,0,0.910378695,0.413775831,0,0,0,0.999999881],"scale":0.812987208,"type":"desert_rocks_medium_02"}
{"pos":[-728.671387,2114.78857,71.5442581],"rotationMatrix":[0.827603877,-0.561312377,0,0.561312377,0.827603877,0,0,0,0.999999881],"scale":0.683409989,"type":"desert_rocks_medium_02"}
{"pos":[-734.786194,2106.22656,72.4789047],"rotationMatrix":[-0.830531776,-0.556971073,0,0.556971073,-0.830531776,0,0,0,0.999999881],"scale":1.13515854,"type":"desert_rocks_medium_02"}
{"pos":[611.934143,1858.20056,69.9875488],"rotationMatrix":[-0.910063446,-0.414468974,0,0.414468974,-0.910063446,0,0,0,0.999999881],"scale":0.465188146,"type":"desert_rocks_medium_02"}
{"pos":[606.512268,1861.29346,70.0774384],"rotationMatrix":[-0.273376048,0.961907089,0,-0.961907089,-0.273376048,0,0,0,0.999999881],"scale":1.36258554,"type":"desert_rocks_medium_02"}
{"pos":[609.00946,1855.3374,70.0348892],"rotationMatrix":[0.834902227,0.550398231,0,-0.550398231,0.834902227,0,0,0,0.999999881],"scale":0.54181999,"type":"desert_rocks_medium_02"}
{"pos":[613.402893,1866.67297,70.0564041],"rotationMatrix":[0.945821047,0.324688226,0,-0.324688226,0.945821047,0,0,0,0.999999881],"scale":1.29374242,"type":"desert_rocks_medium_02"}
{"pos":[610.717163,1872.13477,70.3736191],"rotationMatrix":[0.645939946,0.763388216,0,-0.763388216,0.645939946,0,0,0,0.999999881],"scale":1.04211593,"type":"desert_rocks_medium_02"}
{"pos":[612.5802,1875.58655,70.1979218],"rotationMatrix":[-0.45822081,0.888838232,0,-0.888838232,-0.45822081,0,0,0,0.999999881],"scale":1.42107749,"type":"desert_rocks_medium_02"}
{"pos":[612.719971,1872.54321,70.2206726],"rotationMatrix":[-0.310941875,-0.950428903,0,0.950428903,-0.310941875,0,0,0,0.999999881],"scale":0.745933652,"type":"desert_rocks_medium_02"}
{"pos":[608.333862,1871.36365,70.3050537],"rotationMatrix":[0.489771485,0.871850908,0,-0.871850908,0.489771485,0,0,0,0.999999881],"scale":1.10023522,"type":"desert_rocks_medium_02"}
{"pos":[617.867371,1890.32104,70.0580139],"rotationMatrix":[-0.385863125,0.922555923,0,-0.922555923,-0.385863125,0,0,0,0.999999881],"scale":1.0849905,"type":"desert_rocks_medium_02"}
{"pos":[619.059387,1896.73572,69.9393387],"rotationMatrix":[-0.307257295,-0.95162636,0,0.95162636,-0.307257295,0,0,0,0.999999881],"scale":0.885042429,"type":"desert_rocks_medium_02"}
{"pos":[611.210022,1888.8783,70.5880661],"rotationMatrix":[-0.72262615,-0.69123888,0,0.69123888,-0.72262615,0,0,0,0.999999881],"scale":0.615166545,"type":"desert_rocks_medium_02"}
{"pos":[620.99231,1901.94336,69.8163147],"rotationMatrix":[0.193670928,-0.981066406,0,0.981066406,0.193670928,0,0,0,0.999999881],"scale":0.754741073,"type":"desert_rocks_medium_02"}
{"pos":[623.514282,1904.28687,69.718338],"rotationMatrix":[-0.311378241,0.950285971,0,-0.950285971,-0.311378241,0,0,0,0.999999881],"scale":0.511064768,"type":"desert_rocks_medium_02"}
{"pos":[617.953308,1897.07446,70.1490784],"rotationMatrix":[-0.0384019949,0.999262273,0,-0.999262273,-0.0384019949,0,0,0,0.999999881],"scale":0.613060832,"type":"desert_rocks_medium_02"}
{"pos":[625.279358,1893.76538,69.4651794],"rotationMatrix":[0.547791004,0.836615205,0,-0.836615205,0.547791004,0,0,0,0.999999881],"scale":1.31757367,"type":"desert_rocks_medium_02"}
{"pos":[631.522644,1913.80505,69.1076584],"rotationMatrix":[-0.0405008271,0.999179363,0,-0.999179363,-0.0405008271,0,0,0,0.999999881],"scale":1.03901815,"type":"desert_rocks_medium_02"}
{"pos":[638.745117,1909.35071,68.7813339],"rotationMatrix":[-0.134276628,-0.990943789,0,0.990943789,-0.134276628,0,0,0,0.999999881],"scale":0.700594544,"type":"desert_rocks_medium_02"}
{"pos":[631.767883,1907.24084,69.1112595],"rotationMatrix":[-0.662684619,0.748898327,0,-0.748898327,-0.662684619,0,0,0,0.999999881],"scale":1.27797341,"type":"desert_rocks_medium_02"}
{"pos":[635.970825,1913.77795,68.753746],"rotationMatrix":[-0.354755968,0.934958816,0,-0.934958816,-0.354755968,0,0,0,0.999999881],"scale":1.19592476,"type":"desert_rocks_medium_02"}
{"pos":[635.64093,1907.40527,68.9808807],"rotationMatrix":[-0.484964162,-0.874533892,0,0.874533892,-0.484964162,0,0,0,0.999999881],"scale":0.610909164,"type":"desert_rocks_medium_02"}
{"pos":[626.223511,1914.97253,69.2456131],"rotationMatrix":[-0.732606649,-0.680652082,0,0.680652082,-0.732606649,0,0,0,0.999999881],"scale":0.696359634,"type":"desert_rocks_medium_02"}
{"pos":[630.29895,1915.75757,68.9825134],"rotationMatrix":[0.88375777,0.467944562,0,-0.467944562,0.88375777,0,0,0,0.999999881],"scale":1.29545069,"type":"desert_rocks_medium_02"}
{"pos":[618.663635,1917.54529,69.4042206],"rotationMatrix":[0.917794406,0.397055954,0,-0.397055954,0.917794406,0,0,0,0.999999881],"scale":1.19152308,"type":"desert_rocks_medium_02"}
{"pos":[617.512085,1919.9967,69.5578384],"rotationMatrix":[0.927625358,-0.373511642,0,0.373511642,0.927625358,0,0,0,0.999999881],"scale":0.946066141,"type":"desert_rocks_medium_02"}
{"pos":[620.620178,1921.47961,69.3909912],"rotationMatrix":[0.940992773,0.338426471,0,-0.338426471,0.940992773,0,0,0,0.999999881],"scale":0.485581785,"type":"desert_rocks_medium_02"}
{"pos":[615.145386,1922.5592,69.4806137],"rotationMatrix":[0.876226246,-0.481899798,0,0.481899798,0.876226246,0,0,0,0.999999881],"scale":1.37525856,"type":"desert_rocks_medium_02"}
{"pos":[618.225952,1919.22498,69.5506744],"rotationMatrix":[0.187305167,-0.982301652,0,0.982301652,0.187305167,0,0,0,0.999999881],"scale":0.669953287,"type":"desert_rocks_medium_02"}
{"pos":[611.813477,1916.84546,70.0285339],"rotationMatrix":[-0.957730114,0.287667781,0,-0.287667781,-0.957730114,0,0,0,0.999999881],"scale":0.931182265,"type":"desert_rocks_medium_02"}
{"pos":[609.641846,1921.71655,69.82621],"rotationMatrix":[-0.938282311,-0.345870346,0,0.345870346,-0.938282311,0,0,0,0.999999881],"scale":0.908335865,"type":"desert_rocks_medium_02"}
{"pos":[609.192444,1916.78748,70.1124802],"rotationMatrix":[-0.406083405,-0.913836002,0,0.913836002,-0.406083405,0,0,0,0.999999881],"scale":0.941758513,"type":"desert_rocks_medium_02"}
{"pos":[594.785522,1939.25464,69.7047424],"rotationMatrix":[0.921922743,0.387373716,0,-0.387373716,0.921922743,0,0,0,0.999999881],"scale":0.554971218,"type":"desert_rocks_medium_02"}
{"pos":[596.775146,1934.8772,69.7425003],"rotationMatrix":[0.455589026,-0.890190125,0,0.890190125,0.455589026,0,0,0,0.999999881],"scale":1.13335419,"type":"desert_rocks_medium_02"}
