{"pos":[-953.136963,2083.40259,70.5926819],"rotationMatrix":[0.999257028,0.038537316,0,-0.038537316,0.999257028,0,0,0,0.999999881],"scale":0.84603852,"type":"desert_rocks_small_02"}
{"pos":[-958.936829,2083.73218,68.776123],"rotationMatrix":[-0.420875162,0.90711844,0,-0.90711844,-0.420875162,0,0,0,0.999999881],"scale":0.928519845,"type":"desert_rocks_small_02"}
{"pos":[-955.355774,2086.98682,67.5924835],"rotationMatrix":[-0.179201379,0.983812273,0,-0.983812273,-0.179201379,0,0,0,0.999999881],"scale":1.36236894,"type":"desert_rocks_small_02"}
{"pos":[-962.088135,2080.34277,71.8890686],"rotationMatrix":[0.558596671,0.829439402,0,-0.829439402,0.558596671,0,0,0,0.999999881],"scale":0.749044895,"type":"desert_rocks_small_02"}
{"pos":[-962.389221,2086.7395,67.7549362],"rotationMatrix":[0.837327898,-0.546700776,0,0.546700776,0.837327898,0,0,0,0.999999881],"scale":0.643897414,"type":"desert_rocks_small_02"}
{"pos":[-965.341736,2080.53442,71.2087936],"rotationMatrix":[-0.998846948,-0.048006583,0,0.048006583,-0.998846948,0,0,0,0.999999881],"scale":1.23309302,"type":"desert_rocks_small_02"}
{"pos":[-961.509827,2079.39526,72.483963],"rotationMatrix":[-0.857673585,-0.51419431,0,0.51419431,-0.857673585,0,0,0,0.999999881],"scale":0.71863687,"type":"desert_rocks_small_02"}
{"pos":[-964.118652,2079.70996,71.9424057],"rotationMatrix":[-0.260289609,0.965530455,0,-0.965530455,-0.260289609,0,0,0,0.999999881],"scale":0.829898298,"type":"desert_rocks_small_02"}
{"pos":[-965.175232,2078.58618,72.3566132],"rotationMatrix":[0.663959146,0.747768819,0,-0.747768819,0.663959146,0,0,0,0.999999881],"scale":0.453791976,"type":"desert_rocks_small_02"}
{"pos":[-973.25885,2079.77637,69.6323395],"rotationMatrix":[-0.728428543,0.685121477,0,-0.685121477,-0.728428543,0,0,0,0.999999881],"scale":1.26205957,"type":"desert_rocks_small_02"}
{"pos":[-974.606079,2077.67773,70.5071564],"rotationMatrix":[-0.98814255,-0.153538957,0,0.153538957,-0.98814255,0,0,0,0.999999881],"scale":1.31933224,"type":"desert_rocks_small_02"}
{"pos":[-975.598022,2083.33643,68.4844208],"rotationMatrix":[-0.967175961,0.254107147,0,-0.254107147,-0.967175961,0,0,0,0.999999881],"scale":0.673663735,"type":"desert_rocks_small_02"}
{"pos":[-977.970032,2075.88818,70.6689301],"rotationMatrix":[-0.27552703,-0.96129328,0,0.96129328,-0.27552703,0,0,0,0.999999881],"scale":0.507840872,"type":"desert_rocks_small_02"}
{"pos":[-980.054138,2074.29492,70.9838943],"rotationMatrix":[-0.814482033,0.580188692,0,-0.580188692,-0.814482033,0,0,0,0.999999881],"scale":0.451570362,"type":"desert_rocks_small_02"}
{"pos":[-985.528687,2073.31543,69.8946457],"rotationMatrix":[0.466424584,0.884561002,0,-0.884561002,0.466424584,0,0,0,0.999999881],"scale":0.482078075,"type":"desert_rocks_small_02"}
{"pos":[-979.222168,2074.82983,70.8712769],"rotationMatrix":[0.803331852,0.595531642,0,-0.595531642,0.803331852,0,0,0,0.999999881],"scale":0.53627789,"type":"desert_rocks_small_02"}
{"pos":[-989.657043,2069.71606,70.6734543],"rotationMatrix":[-0.611891508,0.790941417,0,-0.790941417,-0.611891508,0,0,0,0.999999881],"scale":1.08782625,"type":"desert_rocks_small_02"}
{"pos":[-990.223145,2066.69727,72.5757599],"rotationMatrix":[0.349504739,0.93693459,0,-0.93693459,0.349504739,0,0,0,0.999999881],"scale":0.618561924,"type":"desert_rocks_small_02"}
{"pos":[-992.206909,2067.36279,71.58815],"rotationMatrix":[-0.154528514,0.987988174,0,-0.987988174,-0.154528514,0,0,0,0.999999881],"scale":0.47375527,"type":"desert_rocks_small_02"}
{"pos":[-998.801453,2066.01904,69.5318069],"rotationMatrix":[0.677968442,-0.735090792,0,0.735090792,0.677968442,0,0,0,0.999999881],"scale":1.35636985,"type":"desert_rocks_small_02"}
{"pos":[-1004.56995,2061.69238,72.6178513],"rotationMatrix":[-0.67270422,0.739911258,0,-0.739911258,-0.67270422,0,0,0,0.999999881],"scale":0.854905188,"type":"desert_rocks_small_02"}
{"pos":[-1005.64844,2062.11987,72.1698608],"rotationMatrix":[0.539233208,-0.842156351,0,0.842156351,0.539233208,0,0,0,0.999999881],"scale":0.523831129,"type":"desert_rocks_small_02"}
{"pos":[-1008.93866,2066.26196,69.6418533],"rotationMatrix":[-0.0835281983,-0.99650532,0,0.99650532,-0.0835281983,0,0,0,0.999999881],"scale":1.30107737,"type":"desert_rocks_small_02"}
{"pos":[-1018.30725,2071.12476,69.3395157],"rotationMatrix":[-0.125069141,-0.992147982,0,0.992147982,-0.125069141,0,0,0,0.999999881],"scale":1.22701216,"type":"desert_rocks_small_02"}
{"pos":[-1016.25806,2068.89014,69.8668976],"rotationMatrix":[0.618135512,-0.78607142,0,0.78607142,0.618135512,0,0,0,0.999999881],"scale":0.423112661,"type":"desert_rocks_small_02"}
{"pos":[-1015.17761,2066.13062,70.4738312],"rotationMatrix":[-0.944420755,-0.328738928,0,0.328738928,-0.944420755,0,0,0,0.999999881],"scale":0.538000822,"type":"desert_rocks_small_02"}
{"pos":[-1023.48309,2061.31519,71.2992783],"rotationMatrix":[-0.875113666,0.483917117,0,-0.483917117,-0.875113666,0,0,0,0.999999881],"scale":1.1390276,"type":"desert_rocks_small_02"}
{"pos":[-1030.10156,2067.21216,69.2615891],"rotationMatrix":[-0.425659746,0.904883146,0,-0.904883146,-0.425659746,0,0,0,0.999999881],"scale":0.884405255,"type":"desert_rocks_small_02"}
{"pos":[-1029.52234,2063.88452,70.2787781],"rotationMatrix":[-0.726537824,0.687126219,0,-0.687126219,-0.726537824,0,0,0,0.999999881],"scale":0.611255765,"type":"desert_rocks_small_02"}
{"pos":[-1031.98071,2068.90381,69.0980911],"rotationMatrix":[-0.956598997,-0.291407436,0,0.291407436,-0.956598997,0,0,0,0.999999881],"scale":1.03610277,"type":"desert_rocks_small_02"}
{"pos":[-1037.7804,2064.55908,70.9636383],"rotationMatrix":[-0.810146749,-0.586227119,0,0.586227119,-0.810146749,0,0,0,0.999999881],"scale":0.993281245,"type":"desert_rocks_small_02"}
{"pos":[-1044.69006,2068.23779,69.4897461],"rotationMatrix":[0.428968847,0.903319299,0,-0.903319299,0.428968847,0,0,0,0.999999881],"scale":1.32223082,"type":"desert_rocks_small_02"}
{"pos":[-1039.52344,2063.21777,71.0669785],"rotationMatrix":[-0.537922323,-0.842994273,0,0.842994273,-0.537922323,0,0,0,0.999999881],"scale":0.855624795,"type":"desert_rocks_small_02"}
{"pos":[-1046.40894,2069.29858,69.1793213],"rotationMatrix":[-0.331775337,-0.943358362,0,0.943358362,-0.331775337,0,0,0,0.999999881],"scale":0.774796724,"type":"desert_rocks_small_02"}
{"pos":[-1039.776,2065.81152,70.3544388],"rotationMatrix":[-0.0646257922,0.997909427,0,-0.997909427,-0.0646257922,0,0,0,0.999999881],"scale":0.90145874,"type":"desert_rocks_small_02"}
{"pos":[-1047.98816,2063.13257,70.6137619],"rotationMatrix":[-0.223775625,-0.974640608,0,0.974640608,-0.223775625,0,0,0,0.999999881],"scale":0.808456898,"type":"desert_rocks_small_02"}
{"pos":[-1051.33923,2061.7605,70.7019043],"rotationMatrix":[-0.82276392,0.568383157,0,-0.568383157,-0.82276392,0,0,0,0.999999881],"scale":0.418560326,"type":"desert_rocks_small_02"}
{"pos":[-1054.48755,2064.04199,69.904129],"rotationMatrix":[-0.139309093,-0.990248859,0,0.990248859,-0.139309093,0,0,0,0.999999881],"scale":0.564701915,"type":"desert_rocks_small_02"}
{"pos":[-1055.17383,2059.53027,70.9072037],"rotationMatrix":[-0.223368257,-0.974734008,0,0.974734008,-0.223368257,0,0,0,0.999999881],"scale":0.565044522,"type":"desert_rocks_small_02"}
{"pos":[-1053.47144,2059.91675,70.9945374],"rotationMatrix":[-0.664760053,-0.747056782,0,0.747056782,-0.664760053,0,0,0,0.999999881],"scale":0.506840825,"type":"desert_rocks_small_02"}
{"pos":[-1057.82092,2065.78345,69.1973724],"rotationMatrix":[-0.759644568,0.650338352,0,-0.650338352,-0.759644568,0,0,0,0.999999881],"scale":0.527029634,"type":"desert_rocks_small_02"}
{"pos":[-1059.28638,2063.30811,69.7159195],"rotationMatrix":[0.984074771,0.177754894,0,-0.177754894,0.984074771,0,0,0,0.999999881],"scale":0.418856859,"type":"desert_rocks_small_02"}
{"pos":[-1050.02783,2067.38281,69.6940384],"rotationMatrix":[0.887574911,-0.46066311,0,0.46066311,0.887574911,0,0,0,0.999999881],"scale":0.572872758,"type":"desert_rocks_small_02"}
{"pos":[-1042.53784,2071.13403,68.9608536],"rotationMatrix":[0.859201372,0.511637509,0,-0.511637509,0.859201372,0,0,0,0.999999881],"scale":0.668938875,"type":"desert_rocks_small_02"}
{"pos":[-1070.78076,2059.87939,69.7473907],"rotationMatrix":[0.99994117,0.0108409813,0,-0.0108409813,0.99994117,0,0,0,0.999999881],"scale":0.508592129,"type":"desert_rocks_small_02"}
{"pos":[-1072.26965,2061.13623,69.32724],"rotationMatrix":[0.213413417,0.976961911,0,-0.976961911,0.213413417,0,0,0,0.999999881],"scale":1.34096694,"type":"desert_rocks_small_02"}
{"pos":[-1074.12427,2057.17822,70.1715088],"rotationMatrix":[-0.978568017,-0.205923766,0,0.205923766,-0.978568017,0,0,0,0.999999881],"scale":0.772029996,"type":"desert_rocks_small_02"}
{"pos":[-1070.38635,2061.08301,69.5624466],"rotationMatrix":[0.133981124,-0.990983784,0,0.990983784,0.133981124,0,0,0,0.999999881],"scale":0.521270931,"type":"desert_rocks_small_02"}
{"pos":[-1072.2793,2053.56982,70.785675],"rotationMatrix":[-0.176805094,-0.984245837,0,0.984245837,-0.176805094,0,0,0,0.999999881],"scale":0.581932843,"type":"desert_rocks_small_02"}
{"pos":[-1070.16565,2054.45093,70.8464127],"rotationMatrix":[0.665380478,-0.746504307,0,0.746504307,0.665380478,0,0,0,0.999999881],"scale":0.659631371,"type":"desert_rocks_small_02"}
{"pos":[-1076.99255,2056.02539,70.060379],"rotationMatrix":[-0.700438797,0.713712335,0,-0.713712335,-0.700438797,0,0,0,0.999999881],"scale":0.638519168,"type":"desert_rocks_small_02"}
{"pos":[-1076.78198,2057.81982,69.8113327],"rotationMatrix":[0.441360593,0.897329867,0,-0.897329867,0.441360593,0,0,0,0.999999881],"scale":0.663242638,"type":"desert_rocks_small_02"}
{"pos":[-1080.50012,2055.88501,69.2894516],"rotationMatrix":[0.976580918,0.215150356,0,-0.215150356,0.976580918,0,0,0,0.999999881],"scale":0.824973285,"type":"desert_rocks_small_02"}
{"pos":[-1076.77795,2048.89209,70.8579483],"rotationMatrix":[-0.80068481,0.599085569,0,-0.599085569,-0.80068481,0,0,0,0.999999881],"scale":1.09359562,"type":"desert_rocks_small_02"}
{"pos":[-1081.56653,2053.75684,69.5149002],"rotationMatrix":[-0.782729149,-0.622362435,0,0.622362435,-0.782729149,0,0,0,0.999999881],"scale":0.641521692,"type":"desert_rocks_small_02"}
{"pos":[-1078.05042,2047.34302,70.9974289],"rotationMatrix":[-0.855471373,0.517850041,0,-0.517850041,-0.855471373,0,0,0,0.999999881],"scale":0.79729867,"type":"desert_rocks_small_02"}
{"pos":[-1086.77014,2048.1814,70.3678284],"rotationMatrix":[-0.999690354,-0.0248803739,0,0.0248803739,-0.999690354,0,0,0,0.999999881],"scale":0.835403621,"type":"desert_rocks_small_02"}
{"pos":[-1088.37012,2049.771,69.9649734],"rotationMatrix":[0.708897531,-0.705311418,0,0.705311418,0.708897531,0,0,0,0.999999881],"scale":0.701538384,"type":"desert_rocks_small_02"}
{"pos":[-1095.52869,2049.21118,71.2223816],"rotationMatrix":[0.0712474063,0.997458577,0,-0.997458577,0.0712474063,0,0,0,0.999999881],"scale":0.624752402,"type":"desert_rocks_small_02"}
{"pos":[-1094.00891,2049.64502,70.7259369],"rotationMatrix":[0.848316312,0.529489696,0,-0.529489696,0.848316312,0,0,0,0.999999881],"scale":1.25271559,"type":"desert_rocks_small_02"}
{"pos":[-1098.77722,2052.38159,67.7904358],"rotationMatrix":[-0.638255835,-0.769824326,0,0.769824326,-0.638255835,0,0,0,0.999999881],"scale":1.18225121,"type":"desert_rocks_small_02"}
{"pos":[-1093.67065,2055.14014,69.1774521],"rotationMatrix":[-0.754912317,-0.655825496,0,0.655825496,-0.754912317,0,0,0,0.999999881],"scale":1.15696418,"type":"desert_rocks_small_02"}
{"pos":[-1098.31213,2048.40771,70.0368347],"rotationMatrix":[0.590293288,-0.807188809,0,0.807188809,0.590293288,0,0,0,0.999999881],"scale":0.622220576,"type":"desert_rocks_small_02"}
{"pos":[-1101.72888,2050.39429,68.035347],"rotationMatrix":[0.998388171,-0.0567524657,0,0.0567524657,0.998388171,0,0,0,0.999999881],"scale":0.664400995,"type":"desert_rocks_small_02"}
{"pos":[-1098.32153,2051.40405,68.0394821],"rotationMatrix":[0.587149024,-0.80947876,0,0.80947876,0.587149024,0,0,0,0.999999881],"scale":0.600428641,"type":"desert_rocks_small_02"}
{"pos":[-1097.04773,2048.3584,70.8921127],"rotationMatrix":[0.0926984772,-0.995694101,0,0.995694101,0.0926984772,0,0,0,0.999999881],"scale":0.42106986,"type":"desert_rocks_small_02"}
{"pos":[-1105.11755,2050.15894,69.5153198],"rotationMatrix":[0.327199936,0.944955111,0,-0.944955111,0.327199936,0,0,0,0.999999881],"scale":0.435533434,"type":"desert_rocks_small_02"}
{"pos":[-1103.97229,2052.72754,68.1862869],"rotationMatrix":[0.914711893,-0.404106379,0,0.404106379,0.914711893,0,0,0,0.999999881],"scale":0.56416744,"type":"desert_rocks_small_02"}
{"pos":[-1105.96082,2048.50171,70.963974],"rotationMatrix":[0.788579643,-0.614932477,0,0.614932477,0.788579643,0,0,0,0.999999881],"scale":0.991179824,"type":"desert_rocks_small_02"}
{"pos":[-1104.44336,2054.29541,67.5953674],"rotationMatrix":[0.00748260925,-0.999971867,0,0.999971867,0.00748260925,0,0,0,0.999999881],"scale":0.750638843,"type":"desert_rocks_small_02"}
{"pos":[-1106.35522,2052.55811,69.3078308],"rotationMatrix":[0.996704876,-0.0811115503,0,0.0811115503,0.996704876,0,0,0,0.999999881],"scale":0.503915787,"type":"desert_rocks_small_02"}
{"pos":[-1111.76355,2055.77222,69.7104263],"rotationMatrix":[0.134548649,0.990906954,0,-0.990906954,0.134548649,0,0,0,0.999999881],"scale":0.426268846,"type":"desert_rocks_small_02"}
{"pos":[-1118.56311,2051.11646,71.2081528],"rotationMatrix":[-0.829261959,0.558860004,0,-0.558860004,-0.829261959,0,0,0,0.999999881],"scale":1.09295297,"type":"desert_rocks_small_02"}
{"pos":[-1117.30103,2058.44116,68.7681808],"rotationMatrix":[-0.99934721,0.0361233652,0,-0.0361233652,-0.99934721,0,0,0,0.999999881],"scale":1.16689897,"type":"desert_rocks_small_02"}
{"pos":[-1120.42969,2049.85132,71.6599579],"rotationMatrix":[-0.187001318,0.982359529,0,-0.982359529,-0.187001318,0,0,0,0.999999881],"scale":1.4095,"type":"desert_rocks_small_02"}
{"pos":[-1130.12036,2051.11548,69.2759476],"rotationMatrix":[-0.84639281,-0.532559156,0,0.532559156,-0.84639281,0,0,0,0.999999881],"scale":1.42129183,"type":"desert_rocks_small_02"}
{"pos":[-1130.6814,2046.55847,71.0035324],"rotationMatrix":[0.941664755,-0.336552054,0,0.336552054,0.941664755,0,0,0,0.999999881],"scale":0.655002356,"type":"desert_rocks_small_02"}
{"pos":[-1128.97253,2047.09985,71.3175125],"rotationMatrix":[-0.608176649,0.793801486,0,-0.793801486,-0.608176649,0,0,0,0.999999881],"scale":0.560466647,"type":"desert_rocks_small_02"}
{"pos":[-1132.55762,2044.44189,71.3715134],"rotationMatrix":[-0.754278719,-0.656554341,0,0.656554341,-0.754278719,0,0,0,0.999999881],"scale":1.33528161,"type":"desert_rocks_small_02"}
{"pos":[-1134.69189,2048.10254,68.8849258],"rotationMatrix":[-0.999767244,-0.0215684436,0,0.0215684436,-0.999767244,0,0,0,0.999999881],"scale":0.924703598,"type":"desert_rocks_small_02"}
{"pos":[-1138.75903,2045.96423,69.9408264],"rotationMatrix":[0.929506123,-0.368806273,0,0.368806273,0.929506123,0,0,0,0.999999881],"scale":0.907505572,"type":"desert_rocks_small_02"}
{"pos":[-1137.80432,2042.65857,71.2036209],"rotationMatrix":[0.330967873,0.94364208,0,-0.94364208,0.330967873,0,0,0,0.999999881],"scale":0.538919628,"type":"desert_rocks_small_02"}
{"pos":[-1143.99561,2048.01196,70.5890732],"rotationMatrix":[0.649487317,-0.760372341,0,0.760372341,0.649487317,0,0,0,0.999999881],"scale":0.753895998,"type":"desert_rocks_small_02"}
{"pos":[-1140.14575,2051.91992,69.0000687],"rotationMatrix":[-0.889315188,0.457294524,0,-0.457294524,-0.889315188,0,0,0,0.999999881],"scale":0.576185226,"type":"desert_rocks_small_02"}
{"pos":[-1152.00317,2051.87036,71.282135],"rotationMatrix":[-0.118477196,-0.992956698,0,0.992956698,-0.118477196,0,0,0,0.999999881],"scale":0.755084336,"type":"desert_rocks_small_02"}
{"pos":[-1156.57251,2058.03101,69.8159027],"rotationMatrix":[-0.503454983,0.864021242,0,-0.864021242,-0.503454983,0,0,0,0.999999881],"scale":1.16659391,"type":"desert_rocks_small_02"}
{"pos":[-1157.73718,2055.9895,70.7730865],"rotationMatrix":[0.329996645,-0.943982005,0,0.943982005,0.329996645,0,0,0,0.999999881],"scale":1.16374958,"type":"desert_rocks_small_02"}
{"pos":[-1156.98474,2056.68872,70.3758926],"rotationMatrix":[-0.230719909,-0.973020136,0,0.973020136,-0.230719909,0,0,0,0.999999881],"scale":0.702665687,"type":"desert_rocks_small_02"}
{"pos":[-1155.9906,2064.5437,68.639679],"rotationMatrix":[0.210791782,0.977530956,0,-0.977530956,0.210791782,0,0,0,0.999999881],"scale":0.848157287,"type":"desert_rocks_small_02"}
{"pos":[-1157.00867,2064.91577,69.1700211],"rotationMatrix":[-0.634180784,-0.773184776,0,0.773184776,-0.634180784,0,0,0,0.999999881],"scale":0.423815787,"type":"desert_rocks_small_02"}
{"pos":[-1174.62708,2064.99731,68.7603302],"rotationMatrix":[0.816855967,-0.576841474,0,0.576841474,0.816855967,0,0,0,0.999999881],"scale":0.885189593,"type":"desert_rocks_small_02"}
{"pos":[-1171.35913,2062.73486,70.183754],"rotationMatrix":[-0.0871512964,-0.996195018,0,0.996195018,-0.0871512964,0,0,0,0.999999881],"scale":0.485109836,"type":"desert_rocks_small_02"}
{"pos":[-1175.93555,2062.74829,68.5853653],"rotationMatrix":[0.97840941,0.206676036,0,-0.206676036,0.97840941,0,0,0,0.999999881],"scale":0.57696712,"type":"desert_rocks_small_02"}
{"pos":[-1170.10425,2060.19604,70.881813],"rotationMatrix":[-0.846805453,0.531902432,0,-0.531902432,-0.846805453,0,0,0,0.999999881],"scale":0.499711275,"type":"desert_rocks_small_02"}
{"pos":[-1180.34607,2057.90796,68.2687149],"rotationMatrix":[-0.97999686,0.199012697,0,-0.199012697,-0.97999686,0,0,0,0.999999881],"scale":1.17808986,"type":"desert_rocks_small_02"}
{"pos":[-1176.59912,2051.23291,69.8878098],"rotationMatrix":[-0.866678655,0.498866767,0,-0.498866767,-0.866678655,0,0,0,0.999999881],"scale":0.545700192,"type":"desert_rocks_small_02"}
{"pos":[-1176.47046,2052.47192,69.6376114],"rotationMatrix":[-0.979917824,0.199401245,0,-0.199401245,-0.979917824,0,0,0,0.999999881],"scale":1.05681348,"type":"desert_rocks_small_02"}
{"pos":[-1176.0033,2054.06348,69.774498],"rotationMatrix":[-0.914914072,0.403648525,0,-0.403648525,-0.914914072,0,0,0,0.999999881],"scale":0.556812048,"type":"desert_rocks_small_02"}
{"pos":[-1178.75159,2051.91064,69.3066864],"rotationMatrix":[-0.40741241,0.913244188,0,-0.913244188,-0.40741241,0,0,0,0.999999881],"scale":0.559200108,"type":"desert_rocks_small_02"}
{"pos":[-1175.6156,2049.01807,70.5984344],"rotationMatrix":[-0.437204272,0.899362087,0,-0.899362087,-0.437204272,0,0,0,0.999999881],"scale":0.437401384,"type":"desert_rocks_small_02"}
{"pos":[-1182.35388,2053.52271,68.2727585],"rotationMatrix":[-0.351994783,0.936001837,0,-0.936001837,-0.351994783,0,0,0,0.999999881],"scale":0.499983191,"type":"desert_rocks_small_02"}
{"pos":[-1176.31812,2047.60376,70.8215179],"rotationMatrix":[-0.997531533,0.0702194646,0,-0.0702194646,-0.997531533,0,0,0,0.999999881],"scale":0.518981516,"type":"desert_rocks_small_02"}
{"pos":[-1184.82764,2051.99268,69.3236618],"rotationMatrix":[0.978671193,-0.205432296,0,0.205432296,0.978671193,0,0,0,0.999999881],"scale":0.451635242,"type":"desert_rocks_small_02"}
{"pos":[-1185.65466,2048.80322,70.7741928],"rotationMatrix":[0.833676636,-0.55225271,0,0.55225271,0.833676636,0,0,0,0.999999881],"scale":1.02349329,"type":"desert_rocks_small_02"}
{"pos":[-1185.86987,2054.4917,67.9590149],"rotationMatrix":[-0.707527161,-0.70668596,0,0.70668596,-0.707527161,0,0,0,0.999999881],"scale":0.874861479,"type":"desert_rocks_small_02"}
{"pos":[-1192.30261,2040.46729,69.0529785],"rotationMatrix":[0.957050383,0.289921582,0,-0.289921582,0.957050383,0,0,0,0.999999881],"scale":0.921641707,"type":"desert_rocks_small_02"}
{"pos":[-1192.83521,2044.0885,68.1438141],"rotationMatrix":[0.409796387,-0.912176907,0,0.912176907,0.409796387,0,0,0,0.999999881],"scale":0.980141282,"type":"desert_rocks_small_02"}
{"pos":[-1193.47571,2040.59961,69.306427],"rotationMatrix":[0.129893482,-0.991527855,0,0.991527855,0.129893482,0,0,0,0.999999881],"scale":0.472375512,"type":"desert_rocks_small_02"}
{"pos":[-1195.39868,2041.28784,69.4836426],"rotationMatrix":[-0.88729614,0.461200118,0,-0.461200118,-0.88729614,0,0,0,0.999999881],"scale":0.643553555,"type":"desert_rocks_small_02"}
{"pos":[-1187.63,2031.98474,70.3969955],"rotationMatrix":[0.963113606,0.269094855,0,-0.269094855,0.963113606,0,0,0,0.999999881],"scale":1.01697397,"type":"desert_rocks_small_02"}
{"pos":[-1186.77136,2036.33228,69.6016693],"rotationMatrix":[0.43361637,0.901097596,0,-0.901097596,0.43361637,0,0,0,0.999999881],"scale":0.583961964,"type":"desert_rocks_small_02"}
{"pos":[-1186.19617,2032.78015,69.8023758],"rotationMatrix":[0.0997893587,0.995008528,0,-0.995008528,0.0997893587,0,0,0,0.999999881],"scale":0.52047348,"type":"desert_rocks_small_02"}
{"pos":[-1184.53088,2031.68005,70.4716949],"rotationMatrix":[0.19556053,-0.980691552,0,0.980691552,0.19556053,0,0,0,0.999999881],"scale":1.07186913,"type":"desert_rocks_small_02"}
{"pos":[-1186.51599,2031.38757,70.3044586],"rotationMatrix":[0.351621062,0.936142385,0,-0.936142385,0.351621062,0,0,0,0.999999881],"scale":1.05522358,"type":"desert_rocks_small_02"}
{"pos":[-1188.32166,2037.74207,68.963974],"rotationMatrix":[0.853041232,-0.521843314,0,0.521843314,0.853041232,0,0,0,0.999999881],"scale":0.546081603,"type":"desert_rocks_small_02"}
{"pos":[-1200.3877,2041.60803,70.3965836],"rotationMatrix":[-0.943164587,0.332325876,0,-0.332325876,-0.943164587,0,0,0,0.999999881],"scale":0.511992514,"type":"desert_rocks_small_02"}
{"pos":[-1200.07349,2044.18225,69.2829437],"rotationMatrix":[0.972596526,-0.232499033,0,0.232499033,0.972596526,0,0,0,0.999999881],"scale":0.596321464,"type":"desert_rocks_small_02"}
{"pos":[-1201.09326,2038.27649,71.7696762],"rotationMatrix":[0.538870513,0.84238863,0,-0.84238863,0.538870513,0,0,0,0.999999881],"scale":0.455163658,"type":"desert_rocks_small_02"}
{"pos":[-1207.97852,2038.151,70.9067841],"rotationMatrix":[-0.86535275,-0.501163244,0,0.501163244,-0.86535275,0,0,0,0.999999881],"scale":0.614579618,"type":"desert_rocks_small_02"}
{"pos":[-1203.63049,2047.58667,68.7300339],"rotationMatrix":[0.490117729,0.871656239,0,-0.871656239,0.490117729,0,0,0,0.999999881],"scale":1.41590297,"type":"desert_rocks_small_02"}
{"pos":[-1204.55371,2047.1637,69.1697617],"rotationMatrix":[0.995782793,0.0917414278,0,-0.0917414278,0.995782793,0,0,0,0.999999881],"scale":0.606923997,"type":"desert_rocks_small_02"}
{"pos":[-1206.18921,2045.87927,69.6184692],"rotationMatrix":[-0.963415384,-0.268012553,0,0.268012553,-0.963415384,0,0,0,0.999999881],"scale":0.510283232,"type":"desert_rocks_small_02"}
{"pos":[-1208.19592,2047.45386,70.3032303],"rotationMatrix":[-0.461078495,-0.887359321,0,0.887359321,-0.461078495,0,0,0,0.999999881],"scale":0.691224813,"type":"desert_rocks_small_02"}
{"pos":[-1204.68225,2054.88965,68.4943085],"rotationMatrix":[-0.932687581,0.360684931,0,-0.360684931,-0.932687581,0,0,0,0.999999881],"scale":0.582960963,"type":"desert_rocks_small_02"}
{"pos":[-1209.05737,2052.2666,69.8315811],"rotationMatrix":[-0.979247987,-0.202665403,0,0.202665403,-0.979247987,0,0,0,0.999999881],"scale":0.969182611,"type":"desert_rocks_small_02"}
{"pos":[-1210.27625,2055.87207,70.2182236],"rotationMatrix":[0.159326658,-0.987225831,0,0.987225831,0.159326658,0,0,0,0.999999881],"scale":0.888965964,"type":"desert_rocks_small_02"}
{"pos":[-1204.75439,2059.18726,68.6722031],"rotationMatrix":[-0.21796982,-0.975955427,0,0.975955427,-0.21796982,0,0,0,0.999999881],"scale":0.648333132,"type":"desert_rocks_small_02"}
{"pos":[-1208.12463,2053.54492,69.4281845],"rotationMatrix":[-0.999500334,0.0316045918,0,-0.0316045918,-0.999500334,0,0,0,0.999999881],"scale":0.443370402,"type":"desert_rocks_small_02"}
{"pos":[-1199.50781,2060.57642,66.3767776],"rotationMatrix":[0.798816025,0.601575375,0,-0.601575375,0.798816025,0,0,0,0.999999881],"scale":1.44645858,"type":"desert_rocks_small_02"}
{"pos":[-1206.57764,2062.41064,70.1682739],"rotationMatrix":[0.869509101,-0.49391672,0,0.49391672,0.869509101,0,0,0,0.999999881],"scale":0.756283045,"type":"desert_rocks_small_02"}
{"pos":[-1205.92493,2067.88989,68.9255676],"rotationMatrix":[-0.973396897,-0.229124978,0,0.229124978,-0.973396897,0,0,0,0.999999881],"scale":0.441791773,"type":"desert_rocks_small_02"}
{"pos":[-1203.32153,2072.84644,66.5725784],"rotationMatrix":[-0.0552133359,-0.998474479,0,0.998474479,-0.0552133359,0,0,0,0.999999881],"scale":1.38759506,"type":"desert_rocks_small_02"}
{"pos":[-1211.20972,2072.92725,70.2297516],"rotationMatrix":[0.946037114,0.324058086,0,-0.324058086,0.946037114,0,0,0,0.999999881],"scale":0.520574152,"type":"desert_rocks_small_02"}
{"pos":[-1206.12244,2074.85791,67.5583191],"rotationMatrix":[0.653070092,0.757297456,0,-0.757297456,0.653070092,0,0,0,0.999999881],"scale":0.5781973,"type":"desert_rocks_small_02"}
{"pos":[-1209.0575,2077.59521,68.360405],"rotationMatrix":[-0.995552719,-0.0942050964,0,0.0942050964,-0.995552719,0,0,0,0.999999881],"scale":0.9016729,"type":"desert_rocks_small_02"}
{"pos":[-1207.0863,2078.32227,67.7525787],"rotationMatrix":[-0.95571059,-0.294307858,0,0.294307858,-0.95571059,0,0,0,0.999999881],"scale":0.571607471,"type":"desert_rocks_small_02"}
{"pos":[-1210.2334,2081.38184,68.4849014],"rotationMatrix":[0.276387572,-0.9610461,0,0.9610461,0.276387572,0,0,0,0.999999881],"scale":0.781343818,"type":"desert_rocks_small_02"}
{"pos":[-1213.29163,2082.99683,68.8917542],"rotationMatrix":[-0.997209787,-0.0746491104,0,0.0746491104,-0.997209787,0,0,0,0.999999881],"scale":0.946596861,"type":"desert_rocks_small_02"}
{"pos":[-1222.53369,2078.11523,69.7495651],"rotationMatrix":[0.311241716,0.950330794,0,-0.950330794,0.311241716,0,0,0,0.999999881],"scale":0.791748405,"type":"desert_rocks_small_02"}
{"pos":[-1221.45972,2084.22412,68.9969788],"rotationMatrix":[0.191877738,-0.981418729,0,0.981418729,0.191877738,0,0,0,0.999999881],"scale":0.479341507,"type":"desert_rocks_small_02"}
{"pos":[-1225.92883,2076.29565,69.6456299],"rotationMatrix":[0.69442445,0.71956563,0,-0.71956563,0.69442445,0,0,0,0.999999881],"scale":1.20925927,"type":"desert_rocks_small_02"}
{"pos":[-1226.62061,2078.42065,68.9833984],"rotationMatrix":[0.985420108,0.170138523,0,-0.170138523,0.985420108,0,0,0,0.999999881],"scale":1.16397011,"type":"desert_rocks_small_02"}
{"pos":[-1226.09961,2077.27783,69.264183],"rotationMatrix":[0.601596832,-0.798799753,0,0.798799753,0.601596832,0,0,0,0.999999881],"scale":0.544397712,"type":"desert_rocks_small_02"}
{"pos":[-1227.79639,2081.36719,68.3937988],"rotationMatrix":[-0.732934415,-0.680299163,0,0.680299163,-0.732934415,0,0,0,0.999999881],"scale":0.711441278,"type":"desert_rocks_small_02"}
{"pos":[-1230.10132,2075.40576,68.8678589],"rotationMatrix":[-0.523636878,-0.851941407,0,0.851941407,-0.523636878,0,0,0,0.999999881],"scale":0.4262411,"type":"desert_rocks_small_02"}
{"pos":[-1230.77747,2073.66382,68.9557419],"rotationMatrix":[0.505352974,0.862912714,0,-0.862912714,0.505352974,0,0,0,0.999999881],"scale":0.824921548,"type":"desert_rocks_small_02"}
{"pos":[-1231.79016,2067.02368,70.2651443],"rotationMatrix":[0.615517497,-0.788123131,0,0.788123131,0.615517497,0,0,0,0.999999881],"scale":0.721293569,"type":"desert_rocks_small_02"}
{"pos":[-1231.51306,2064.63184,70.9188461],"rotationMatrix":[0.374282837,0.927314579,0,-0.927314579,0.374282837,0,0,0,0.999999881],"scale":0.683324337,"type":"desert_rocks_small_02"}
{"pos":[-1232.39709,2062.05371,70.577034],"rotationMatrix":[-0.744311631,-0.667832255,0,0.667832255,-0.744311631,0,0,0,0.999999881],"scale":1.42017221,"type":"desert_rocks_small_02"}
{"pos":[-1243.04932,2058.95386,69.0345078],"rotationMatrix":[-0.827712119,0.561152875,0,-0.561152875,-0.827712119,0,0,0,0.999999881],"scale":0.58137548,"type":"desert_rocks_small_02"}
{"pos":[-1237.3501,2055.04932,70.7638092],"rotationMatrix":[-0.500312686,0.865844607,0,-0.865844607,-0.500312686,0,0,0,0.999999881],"scale":0.798520148,"type":"desert_rocks_small_02"}
{"pos":[-1250.81433,2053.10718,68.870224],"rotationMatrix":[-0.130775347,0.991411984,0,-0.991411984,-0.130775347,0,0,0,0.999999881],"scale":0.550533116,"type":"desert_rocks_small_02"}
{"pos":[-1248.89966,2044.18164,70.3827744],"rotationMatrix":[-0.958286464,-0.28580904,0,0.28580904,-0.958286464,0,0,0,0.999999881],"scale":0.765445709,"type":"desert_rocks_small_02"}
{"pos":[-1254.08838,2048.08813,69.0944672],"rotationMatrix":[0.921882272,0.387469977,0,-0.387469977,0.921882272,0,0,0,0.999999881],"scale":0.638385177,"type":"desert_rocks_small_02"}
{"pos":[-1251.67798,2038.18311,70.4139709],"rotationMatrix":[0.225364581,-0.974274457,0,0.974274457,0.225364581,0,0,0,0.999999881],"scale":0.854886591,"type":"desert_rocks_small_02"}
{"pos":[-1256.33289,2039.05469,69.3132401],"rotationMatrix":[-0.358511865,-0.933525145,0,0.933525145,-0.358511865,0,0,0,0.999999881],"scale":0.900504887,"type":"desert_rocks_small_02"}
{"pos":[-1256.79614,2030.1853,69.8410034],"rotationMatrix":[-0.977070391,-0.212916076,0,0.212916076,-0.977070391,0,0,0,0.999999881],"scale":1.3763535,"type":"desert_rocks_small_02"}
{"pos":[-1254.43188,2031.3252,70.6463318],"rotationMatrix":[-0.702854812,-0.711333275,0,0.711333275,-0.702854812,0,0,0,0.999999881],"scale":0.466674,"type":"desert_rocks_small_02"}
{"pos":[-1258.11487,2027.09497,69.9780502],"rotationMatrix":[-0.992394269,-0.123099715,0,0.123099715,-0.992394269,0,0,0,0.999999881],"scale":0.431659013,"type":"desert_rocks_small_02"}
{"pos":[-1258.36389,2022.9624,70.2494507],"rotationMatrix":[-0.76353544,0.645765662,0,-0.645765662,-0.76353544,0,0,0,0.999999881],"scale":1.24273372,"type":"desert_rocks_small_02"}
{"pos":[-1256.62573,2022.3075,70.4391174],"rotationMatrix":[0.196802884,0.98044306,0,-0.98044306,0.196802884,0,0,0,0.999999881],"scale":1.23787713,"type":"desert_rocks_small_02"}
{"pos":[-1255.21985,2022.04675,70.741127],"rotationMatrix":[0.208728716,0.977973521,0,-0.977973521,0.208728716,0,0,0,0.999999881],"scale":0.491583824,"type":"desert_rocks_small_02"}
{"pos":[-1261.33081,2022.229,69.9655838],"rotationMatrix":[0.134068564,0.990971982,0,-0.990971982,0.134068564,0,0,0,0.999999881],"scale":0.753164649,"type":"desert_rocks_small_02"}
{"pos":[-1268.177,2011.71826,70.1985779],"rotationMatrix":[-0.078660503,0.996901393,0,-0.996901393,-0.078660503,0,0,0,0.999999881],"scale":0.6973297,"type":"desert_rocks_small_02"}
{"pos":[-1270.42358,2016.85388,69.2958679],"rotationMatrix":[0.898790836,0.438377649,0,-0.438377649,0.898790836,0,0,0,0.999999881],"scale":0.97760123,"type":"desert_rocks_small_02"}
{"pos":[-1263.9635,2014.81384,70.4962082],"rotationMatrix":[0.855737209,-0.517410457,0,0.517410457,0.855737209,0,0,0,0.999999881],"scale":0.669004381,"type":"desert_rocks_small_02"}
{"pos":[-1267.96069,2008.90784,70.4973297],"rotationMatrix":[0.809069395,-0.587713003,0,0.587713003,0.809069395,0,0,0,0.999999881],"scale":0.537259877,"type":"desert_rocks_small_02"}
{"pos":[-1268.85718,2006.28674,70.5878754],"rotationMatrix":[0.0497685559,0.9987607,0,-0.9987607,0.0497685559,0,0,0,0.999999881],"scale":0.675501943,"type":"desert_rocks_small_02"}
{"pos":[-1271.6969,2010.59399,69.7671051],"rotationMatrix":[0.807264447,0.590189874,0,-0.590189874,0.807264447,0,0,0,0.999999881],"scale":0.499734879,"type":"desert_rocks_small_02"}
{"pos":[-1272.99866,2009.74756,69.6136093],"rotationMatrix":[0.66217196,-0.74935174,0,0.74935174,0.66217196,0,0,0,0.999999881],"scale":0.491285235,"type":"desert_rocks_small_02"}
{"pos":[-1280.63013,1997.38245,69.4729309],"rotationMatrix":[0.956744492,0.290929526,0,-0.290929526,0.956744492,0,0,0,0.999999881],"scale":1.21414113,"type":"desert_rocks_small_02"}
{"pos":[-1283.64795,1997.58252,68.9722977],"rotationMatrix":[0.263921142,0.964544237,0,-0.964544237,0.263921142,0,0,0,0.999999881],"scale":0.701358974,"type":"desert_rocks_small_02"}
{"pos":[-1280.19604,1999.65491,69.3495712],"rotationMatrix":[0.355641097,0.934622586,0,-0.934622586,0.355641097,0,0,0,0.999999881],"scale":1.00611031,"type":"desert_rocks_small_02"}
{"pos":[-1285.68323,1991.87793,69.4308929],"rotationMatrix":[-0.837267339,0.54679358,0,-0.54679358,-0.837267339,0,0,0,0.999999881],"scale":1.09292412,"type":"desert_rocks_small_02"}
{"pos":[-1284.60242,1993.83154,69.3761749],"rotationMatrix":[0.728632927,-0.684904158,0,0.684904158,0.728632927,0,0,0,0.999999881],"scale":0.592178106,"type":"desert_rocks_small_02"}
{"pos":[-1283.71729,1990.72827,70.1030655],"rotationMatrix":[0.791338325,-0.611378253,0,0.611378253,0.791338325,0,0,0,0.999999881],"scale":0.689803123,"type":"desert_rocks_small_02"}
{"pos":[-1284.70044,1991.79517,69.683342],"rotationMatrix":[-0.716735482,0.697345018,0,-0.697345018,-0.716735482,0,0,0,0.999999881],"scale":0.606270313,"type":"desert_rocks_small_02"}
{"pos":[-1280.00525,1991.90649,70.8376846],"rotationMatrix":[-0.852470815,0.522774756,0,-0.522774756,-0.852470815,0,0,0,0.999999881],"scale":0.511022329,"type":"desert_rocks_small_02"}
{"pos":[-1282.42969,1987.22034,71.0812759],"rotationMatrix":[0.4782435,0.878227293,0,-0.878227293,0.4782435,0,0,0,0.999999881],"scale":0.58840239,"type":"desert_rocks_small_02"}
{"pos":[-1289.96558,1989.10986,69.1410446],"rotationMatrix":[-0.995333493,0.0964933932,0,-0.0964933932,-0.995333493,0,0,0,0.999999881],"scale":1.35607779,"type":"desert_rocks_small_02"}
{"pos":[-1286.09338,1984.34973,70.7040405],"rotationMatrix":[-0.161156327,0.986928761,0,-0.986928761,-0.161156327,0,0,0,0.999999881],"scale":0.460704744,"type":"desert_rocks_small_02"}
{"pos":[-1283.77991,1987.10242,70.7315216],"rotationMatrix":[0.630728126,-0.776003778,0,0.776003778,0.630728126,0,0,0,0.999999881],"scale":0.459302753,"type":"desert_rocks_small_02"}
{"pos":[-1293.2821,1986.15405,69.0164261],"rotationMatrix":[0.959810913,-0.280647159,0,0.280647159,0.959810913,0,0,0,0.999999881],"scale":1.37720537,"type":"desert_rocks_small_02"}
{"pos":[-1292.97375,1982.95117,69.6787262],"rotationMatrix":[-0.935999811,-0.352000207,0,0.352000207,-0.935999811,0,0,0,0.999999881],"scale":0.900729597,"type":"desert_rocks_small_02"}
{"pos":[-1294.86328,1983.87415,69.2203903],"rotationMatrix":[0.940585375,-0.339557022,0,0.339557022,0.940585375,0,0,0,0.999999881],"scale":1.08108151,"type":"desert_rocks_small_02"}
{"pos":[-1293.06177,1977.75146,70.2094345],"rotationMatrix":[0.0379601382,-0.999279201,0,0.999279201,0.0379601382,0,0,0,0.999999881],"scale":1.34201503,"type":"desert_rocks_small_02"}
{"pos":[-1291.23352,1977.73059,70.7106247],"rotationMatrix":[-0.384651303,0.923061788,0,-0.923061788,-0.384651303,0,0,0,0.999999881],"scale":1.01809776,"type":"desert_rocks_small_02"}
{"pos":[-1296.17432,1982.67664,69.0759506],"rotationMatrix":[-0.580400169,0.814331174,0,-0.814331174,-0.580400169,0,0,0,0.999999881],"scale":1.18133533,"type":"desert_rocks_small_02"}
{"pos":[-1294.54785,1974.95166,70.3845749],"rotationMatrix":[-0.123057276,0.992399454,0,-0.992399454,-0.123057276,0,0,0,0.999999881],"scale":0.707216799,"type":"desert_rocks_small_02"}
{"pos":[-1295.35522,1976.24219,70.0528183],"rotationMatrix":[-0.126180321,0.992007196,0,-0.992007196,-0.126180321,0,0,0,0.999999881],"scale":0.577711821,"type":"desert_rocks_small_02"}
{"pos":[-1296.55566,1978.27417,69.499939],"rotationMatrix":[0.524655223,0.851314783,0,-0.851314783,0.524655223,0,0,0,0.999999881],"scale":0.737515688,"type":"desert_rocks_small_02"}
{"pos":[-1297.5957,1978.07373,69.3718643],"rotationMatrix":[0.230867967,-0.972985029,0,0.972985029,0.230867967,0,0,0,0.999999881],"scale":0.504876733,"type":"desert_rocks_small_02"}
{"pos":[-1298.0332,1976.71582,69.4414062],"rotationMatrix":[0.956796706,0.290757507,0,-0.290757507,0.956796706,0,0,0,0.999999881],"scale":0.430759221,"type":"desert_rocks_small_02"}
{"pos":[-1293.2395,1971.92175,71.1221008],"rotationMatrix":[0.159596398,-0.987182319,0,0.987182319,0.159596398,0,0,0,0.999999881],"scale":0.587227046,"type":"desert_rocks_small_02"}
{"pos":[-1299.47925,1969.76843,70.234787],"rotationMatrix":[-0.834644735,0.550788343,0,-0.550788343,-0.834644735,0,0,0,0.999999881],"scale":0.654250741,"type":"desert_rocks_small_02"}
{"pos":[-1295.78796,1971.08044,70.6649857],"rotationMatrix":[0.639690638,0.768632472,0,-0.768632472,0.639690638,0,0,0,0.999999881],"scale":0.701042354,"type":"desert_rocks_small_02"}
{"pos":[-1300.79907,1967.95178,70.3479385],"rotationMatrix":[-0.994426191,-0.10543374,0,0.10543374,-0.994426191,0,0,0,0.999999881],"scale":0.533262312,"type":"desert_rocks_small_02"}
{"pos":[-1300.29102,1968.84314,70.2965469],"rotationMatrix":[0.553772211,-0.832668126,0,0.832668126,0.553772211,0,0,0,0.999999881],"scale":0.597691655,"type":"desert_rocks_small_02"}
{"pos":[-1306.27551,1961.83801,70.3164902],"rotationMatrix":[0.879002273,0.476817459,0,-0.476817459,0.879002273,0,0,0,0.999999881],"scale":0.731210828,"type":"desert_rocks_small_02"}
{"pos":[-1309.27026,1967.05811,69.3837891],"rotationMatrix":[0.969478488,-0.245175928,0,0.245175928,0.969478488,0,0,0,0.999999881],"scale":1.18844497,"type":"desert_rocks_small_02"}
{"pos":[-1303.48462,1961.20129,70.8823013],"rotationMatrix":[0.550795972,-0.834639847,0,0.834639847,0.550795972,0,0,0,0.999999881],"scale":0.929644406,"type":"desert_rocks_small_02"}
{"pos":[-1305.8667,1959.5304,70.6907578],"rotationMatrix":[-0.261847764,-0.96510905,0,0.96510905,-0.261847764,0,0,0,0.999999881],"scale":0.844336927,"type":"desert_rocks_small_02"}
{"pos":[-1309.03772,1956.95227,70.6069336],"rotationMatrix":[-0.767548501,0.640990734,0,-0.640990734,-0.767548501,0,0,0,0.999999881],"scale":0.668628454,"type":"desert_rocks_small_02"}
{"pos":[-1311.88513,1962.63733,69.5800705],"rotationMatrix":[-0.173983708,0.984748423,0,-0.984748423,-0.173983708,0,0,0,0.999999881],"scale":0.482138127,"type":"desert_rocks_small_02"}
{"pos":[-1306.15527,1957.60815,70.846489],"rotationMatrix":[-0.649599254,0.760276556,0,-0.760276556,-0.649599254,0,0,0,0.999999881],"scale":0.741714835,"type":"desert_rocks_small_02"}
{"pos":[-1314.5271,1957.57434,69.8497696],"rotationMatrix":[0.140331596,-0.990104496,0,0.990104496,0.140331596,0,0,0,0.999999881],"scale":0.950808823,"type":"desert_rocks_small_02"}
{"pos":[-1313.625,1960.09119,69.6913681],"rotationMatrix":[-0.935295045,-0.353868693,0,0.353868693,-0.935295045,0,0,0,0.999999881],"scale":0.79027319,"type":"desert_rocks_small_02"}
{"pos":[-1312.12756,1954.06836,70.5564651],"rotationMatrix":[0.696000755,0.718041062,0,-0.718041062,0.696000755,0,0,0,0.999999881],"scale":0.577132344,"type":"desert_rocks_small_02"}
{"pos":[-1313.95435,1948.11206,70.8512421],"rotationMatrix":[0.0105316192,-0.999944448,0,0.999944448,0.0105316192,0,0,0,0.999999881],"scale":0.835148692,"type":"desert_rocks_small_02"}
{"pos":[-1315.65259,1953.09497,70.2444916],"rotationMatrix":[-0.963711917,-0.266944081,0,0.266944081,-0.963711917,0,0,0,0.999999881],"scale":0.903513074,"type":"desert_rocks_small_02"}
{"pos":[-1321.1947,1947.19751,69.8938904],"rotationMatrix":[-0.972872436,0.231341586,0,-0.231341586,-0.972872436,0,0,0,0.999999881],"scale":1.0559361,"type":"desert_rocks_small_02"}
{"pos":[-1323.15479,1933.62244,70.4166336],"rotationMatrix":[-0.288397014,-0.957510889,0,0.957510889,-0.288397014,0,0,0,0.999999881],"scale":0.567104697,"type":"desert_rocks_small_02"}
{"pos":[-1326.96497,1931.89929,70.0651474],"rotationMatrix":[0.903647006,0.42827791,0,-0.42827791,0.903647006,0,0,0,0.999999881],"scale":0.429701775,"type":"desert_rocks_small_02"}
{"pos":[-1326.76611,1934.58191,69.9767456],"rotationMatrix":[0.628841162,-0.77753371,0,0.77753371,0.628841162,0,0,0,0.999999881],"scale":0.881848693,"type":"desert_rocks_small_02"}
{"pos":[-1328.75977,1934.78442,69.7338638],"rotationMatrix":[0.934646845,-0.355577081,0,0.355577081,0.934646845,0,0,0,0.999999881],"scale":0.645418406,"type":"desert_rocks_small_02"}
{"pos":[-1326.64734,1937.18176,69.8853455],"rotationMatrix":[-0.950457633,0.310853958,0,-0.310853958,-0.950457633,0,0,0,0.999999881],"scale":1.44617331,"type":"desert_rocks_small_02"}
{"pos":[-1319.60962,1955.28003,69.591095],"rotationMatrix":[-0.193174735,-0.981164277,0,0.981164277,-0.193174735,0,0,0,0.999999881],"scale":0.684315145,"type":"desert_rocks_small_02"}
{"pos":[-1312.06812,1959.33008,69.9531479],"rotationMatrix":[-0.645011306,0.764172733,0,-0.764172733,-0.645011306,0,0,0,0.999999881],"scale":0.547484875,"type":"desert_rocks_small_02"}
