{"pos":[-494.198761,2050.56934,72.9163208],"rotationMatrix":[0.723755479,-0.690056384,0,0.690056384,0.723755479,0,0,0,0.999999881],"scale":1,"type":"desert_rocks_tiny_05"}
{"pos":[-490.032959,2050.83667,72.9163208],"rotationMatrix":[-0.862124681,-0.506696224,0,0.506696224,-0.862124681,0,0,0,0.999999881],"scale":1,"type":"desert_rocks_tiny_05"}
{"pos":[-491.497864,2049.35742,72.9163208],"rotationMatrix":[-0.506762922,0.862085283,0,-0.862085283,-0.506762922,0,0,0,0.999999881],"scale":1,"type":"desert_rocks_tiny_05"}
{"pos":[-989.649536,2071.00684,69.8927689],"rotationMatrix":[-0.890679717,-0.454631358,0,0.454631358,-0.890679717,0,0,0,0.999999881],"scale":0.814334989,"type":"desert_rocks_tiny_05"}
{"pos":[-988.021179,2071.33496,70.2802124],"rotationMatrix":[0.155407399,-0.987850368,0,0.987850368,0.155407399,0,0,0,0.999999881],"scale":0.616077363,"type":"desert_rocks_tiny_05"}
{"pos":[-988.957581,2068.85913,71.4663544],"rotationMatrix":[0.991029978,-0.133638665,0,0.133638665,0.991029978,0,0,0,0.999999881],"scale":0.685740709,"type":"desert_rocks_tiny_05"}
{"pos":[-990.255737,2070.60693,69.919632],"rotationMatrix":[-0.909355402,-0.416020185,0,0.416020185,-0.909355402,0,0,0,0.999999881],"scale":0.630693674,"type":"desert_rocks_tiny_05"}
{"pos":[-989.164368,2068.00269,71.9804001],"rotationMatrix":[0.711164057,0.703026116,0,-0.703026116,0.711164057,0,0,0,0.999999881],"scale":0.824978769,"type":"desert_rocks_tiny_05"}
{"pos":[-990.80304,2070.57373,69.7419128],"rotationMatrix":[0.0901082456,0.995931864,0,-0.995931864,0.0901082456,0,0,0,0.999999881],"scale":0.776420891,"type":"desert_rocks_tiny_05"}
{"pos":[-991.506897,2068.69629,70.8404617],"rotationMatrix":[-0.558834493,0.829279006,0,-0.829279006,-0.558834493,0,0,0,0.999999881],"scale":0.632683933,"type":"desert_rocks_tiny_05"}
{"pos":[-992.94458,2068.58643,70.2025833],"rotationMatrix":[-0.7892555,0.614064634,0,-0.614064634,-0.7892555,0,0,0,0.999999881],"scale":0.688620567,"type":"desert_rocks_tiny_05"}
{"pos":[-994.46759,2067.5647,69.7489777],"rotationMatrix":[0.201312274,0.979527056,0,-0.979527056,0.201312274,0,0,0,0.999999881],"scale":0.614208162,"type":"desert_rocks_tiny_05"}
{"pos":[-994.585205,2066.71851,70.3951874],"rotationMatrix":[0.791505635,0.611161888,0,-0.611161888,0.791505635,0,0,0,0.999999881],"scale":0.860851288,"type":"desert_rocks_tiny_05"}
{"pos":[-993.456787,2067.5022,70.7075806],"rotationMatrix":[-0.802503049,-0.596647799,0,0.596647799,-0.802503049,0,0,0,0.999999881],"scale":0.843943298,"type":"desert_rocks_tiny_05"}
{"pos":[-993.155029,2067.63428,70.8599243],"rotationMatrix":[-0.95014447,-0.311809897,0,0.311809897,-0.95014447,0,0,0,0.999999881],"scale":0.842787385,"type":"desert_rocks_tiny_05"}
{"pos":[-994.317566,2068.40015,69.1412735],"rotationMatrix":[0.269140631,-0.963100731,0,0.963100731,0.269140631,0,0,0,0.999999881],"scale":0.63245362,"type":"desert_rocks_tiny_05"}
{"pos":[-993.913635,2069.40967,68.6058731],"rotationMatrix":[-0.133355603,0.991068184,0,-0.991068184,-0.133355603,0,0,0,0.999999881],"scale":0.699499428,"type":"desert_rocks_tiny_05"}
{"pos":[-994.296387,2068.93848,68.6822433],"rotationMatrix":[-0.931959569,0.362561911,0,-0.362561911,-0.931959569,0,0,0,0.999999881],"scale":0.735216677,"type":"desert_rocks_tiny_05"}
{"pos":[-995.451477,2066.14624,70.303421],"rotationMatrix":[-0.990731895,-0.135831103,0,0.135831103,-0.990731895,0,0,0,0.999999881],"scale":0.821182132,"type":"desert_rocks_tiny_05"}
{"pos":[-995.635925,2065.99365,70.392807],"rotationMatrix":[0.921329141,-0.388783246,0,0.388783246,0.921329141,0,0,0,0.999999881],"scale":0.653859854,"type":"desert_rocks_tiny_05"}
{"pos":[-998.046387,2065.36938,70.4035873],"rotationMatrix":[-0.0704517961,0.997515082,0,-0.997515082,-0.0704517961,0,0,0,0.999999881],"scale":0.790341616,"type":"desert_rocks_tiny_05"}
{"pos":[-995.731445,2064.44727,71.909935],"rotationMatrix":[-0.701395214,-0.712772608,0,0.712772608,-0.701395214,0,0,0,0.999999881],"scale":0.866140187,"type":"desert_rocks_tiny_05"}
{"pos":[-996.29187,2065.74146,70.4196777],"rotationMatrix":[0.990831673,-0.135101616,0,0.135101616,0.990831673,0,0,0,0.999999881],"scale":0.874460876,"type":"desert_rocks_tiny_05"}
{"pos":[-1001.24152,2063.02734,72.3179626],"rotationMatrix":[0.0839361921,-0.996470988,0,0.996470988,0.0839361921,0,0,0,0.999999881],"scale":0.692166567,"type":"desert_rocks_tiny_05"}
{"pos":[-1002.08722,2065.3855,70.113739],"rotationMatrix":[-0.100077979,-0.994979441,0,0.994979441,-0.100077979,0,0,0,0.999999881],"scale":0.725756228,"type":"desert_rocks_tiny_05"}
{"pos":[-1002.42944,2065.94775,69.5786133],"rotationMatrix":[-0.328203827,-0.944606841,0,0.944606841,-0.328203827,0,0,0,0.999999881],"scale":0.750541627,"type":"desert_rocks_tiny_05"}
{"pos":[-1000.11145,2064.21899,71.3101654],"rotationMatrix":[-0.192950606,0.981208384,0,-0.981208384,-0.192950606,0,0,0,0.999999881],"scale":0.807788551,"type":"desert_rocks_tiny_05"}
{"pos":[-1001.34546,2063.81787,71.5912628],"rotationMatrix":[0.120331191,-0.992733657,0,0.992733657,0.120331191,0,0,0,0.999999881],"scale":0.870809972,"type":"desert_rocks_tiny_05"}
{"pos":[-1005.12494,2064.74316,70.4915924],"rotationMatrix":[0.957696795,-0.287778854,0,0.287778854,0.957696795,0,0,0,0.999999881],"scale":0.699353814,"type":"desert_rocks_tiny_05"}
{"pos":[-1003.50537,2064.92041,70.4405365],"rotationMatrix":[0.669765174,0.742572963,0,-0.742572963,0.669765174,0,0,0,0.999999881],"scale":0.601114452,"type":"desert_rocks_tiny_05"}
{"pos":[-1002.94159,2064.68091,70.6969452],"rotationMatrix":[-0.301780194,0.953377426,0,-0.953377426,-0.301780194,0,0,0,0.999999881],"scale":0.812469602,"type":"desert_rocks_tiny_05"}
{"pos":[-1008.40503,2065.63525,69.7401352],"rotationMatrix":[0.22934708,-0.973344624,0,0.973344624,0.22934708,0,0,0,0.999999881],"scale":0.754193068,"type":"desert_rocks_tiny_05"}
{"pos":[-1007.91223,2063.76147,70.6387939],"rotationMatrix":[-0.620727181,-0.784026504,0,0.784026504,-0.620727181,0,0,0,0.999999881],"scale":0.833364546,"type":"desert_rocks_tiny_05"}
{"pos":[-1009.55511,2064.31738,70.51474],"rotationMatrix":[-0.998164654,-0.0605573952,0,0.0605573952,-0.998164654,0,0,0,0.999999881],"scale":0.601526201,"type":"desert_rocks_tiny_05"}
{"pos":[-1009.8407,2064.45483,70.4715424],"rotationMatrix":[-0.998455584,0.0555544645,0,-0.0555544645,-0.998455584,0,0,0,0.999999881],"scale":0.72353828,"type":"desert_rocks_tiny_05"}
{"pos":[-1007.99249,2063.04126,71.0797729],"rotationMatrix":[0.0169299208,-0.999856532,0,0.999856532,0.0169299208,0,0,0,0.999999881],"scale":0.838560879,"type":"desert_rocks_tiny_05"}
{"pos":[-1010.06085,2064.28906,70.5822449],"rotationMatrix":[0.92302078,0.384749889,0,-0.384749889,0.92302078,0,0,0,0.999999881],"scale":0.736542642,"type":"desert_rocks_tiny_05"}
{"pos":[-1009.75269,2064.02466,70.6903687],"rotationMatrix":[0.97863096,-0.205624118,0,0.205624118,0.97863096,0,0,0,0.999999881],"scale":0.820482492,"type":"desert_rocks_tiny_05"}
{"pos":[-1007.46613,2065.9104,69.5703812],"rotationMatrix":[0.595706582,-0.803202033,0,0.803202033,0.595706582,0,0,0,0.999999881],"scale":0.758890688,"type":"desert_rocks_tiny_05"}
{"pos":[-1011.20398,2063.29712,71.2265396],"rotationMatrix":[0.420760423,-0.907171786,0,0.907171786,0.420760423,0,0,0,0.999999881],"scale":0.813774526,"type":"desert_rocks_tiny_05"}
{"pos":[-1010.23163,2065.54517,69.9889755],"rotationMatrix":[-0.14347063,0.989654481,0,-0.989654481,-0.14347063,0,0,0,0.999999881],"scale":0.597105503,"type":"desert_rocks_tiny_05"}
{"pos":[-1010.87683,2065.93237,70.0002594],"rotationMatrix":[0.988184273,0.153270051,0,-0.153270051,0.988184273,0,0,0,0.999999881],"scale":0.799697876,"type":"desert_rocks_tiny_05"}
{"pos":[-1012.85516,2063.88232,71.0878296],"rotationMatrix":[0.0795749277,0.996828794,0,-0.996828794,0.0795749277,0,0,0,0.999999881],"scale":0.824517012,"type":"desert_rocks_tiny_05"}
{"pos":[-1012.33179,2065.19482,70.3379974],"rotationMatrix":[-0.46328789,-0.8862077,0,0.8862077,-0.46328789,0,0,0,0.999999881],"scale":0.63188833,"type":"desert_rocks_tiny_05"}
{"pos":[-1011.21893,2064.38306,70.6526413],"rotationMatrix":[0.239128605,-0.970987797,0,0.970987797,0.239128605,0,0,0,0.999999881],"scale":0.656143785,"type":"desert_rocks_tiny_05"}
{"pos":[-1010.34003,2063.94653,70.7927322],"rotationMatrix":[0.940931141,0.338597864,0,-0.338597864,0.940931141,0,0,0,0.999999881],"scale":0.79088968,"type":"desert_rocks_tiny_05"}
{"pos":[-1012.62872,2065.86548,70.2353592],"rotationMatrix":[0.715313435,0.698803782,0,-0.698803782,0.715313435,0,0,0,0.999999881],"scale":0.599260032,"type":"desert_rocks_tiny_05"}
{"pos":[-1015.01111,2067.08179,70.2876129],"rotationMatrix":[0.947835863,-0.318758458,0,0.318758458,0.947835863,0,0,0,0.999999881],"scale":0.648647308,"type":"desert_rocks_tiny_05"}
{"pos":[-1016.03772,2064.94531,70.8548889],"rotationMatrix":[-0.194007918,-0.980999887,0,0.980999887,-0.194007918,0,0,0,0.999999881],"scale":0.667135954,"type":"desert_rocks_tiny_05"}
{"pos":[-1016.10272,2068.11157,70.1030579],"rotationMatrix":[0.783451498,-0.621452689,0,0.621452689,0.783451498,0,0,0,0.999999881],"scale":0.838869393,"type":"desert_rocks_tiny_05"}
{"pos":[-1016.33276,2065.7959,70.7103577],"rotationMatrix":[-0.31375438,0.949504077,0,-0.949504077,-0.31375438,0,0,0,0.999999881],"scale":0.742555737,"type":"desert_rocks_tiny_05"}
{"pos":[-1016.27863,2064.42432,71.1559677],"rotationMatrix":[0.595556438,0.803313434,0,-0.803313434,0.595556438,0,0,0,0.999999881],"scale":0.805523038,"type":"desert_rocks_tiny_05"}
{"pos":[-1018.37207,2067.38745,70.330513],"rotationMatrix":[-0.400032461,-0.916500866,0,0.916500866,-0.400032461,0,0,0,0.999999881],"scale":0.708922148,"type":"desert_rocks_tiny_05"}
{"pos":[-1017.62531,2066.70044,70.5431824],"rotationMatrix":[-0.268004447,-0.96341759,0,0.96341759,-0.268004447,0,0,0,0.999999881],"scale":0.65627408,"type":"desert_rocks_tiny_05"}
{"pos":[-1019.97437,2065.74121,70.5326691],"rotationMatrix":[0.813763082,0.581196666,0,-0.581196666,0.813763082,0,0,0,0.999999881],"scale":0.647911787,"type":"desert_rocks_tiny_05"}
{"pos":[-1022.4519,2063.81055,70.6502533],"rotationMatrix":[0.988022625,0.154308498,0,-0.154308498,0.988022625,0,0,0,0.999999881],"scale":0.689007401,"type":"desert_rocks_tiny_05"}
{"pos":[-1021.66864,2063.8457,70.7515717],"rotationMatrix":[-0.961719453,-0.274035633,0,0.274035633,-0.961719453,0,0,0,0.999999881],"scale":0.610611558,"type":"desert_rocks_tiny_05"}
{"pos":[-1021.28308,2063.7832,70.8295441],"rotationMatrix":[-0.669469237,-0.742839634,0,0.742839634,-0.669469237,0,0,0,0.999999881],"scale":0.648852408,"type":"desert_rocks_tiny_05"}
{"pos":[-1022.81293,2063.90576,70.5643311],"rotationMatrix":[-0.999099016,0.0424380004,0,-0.0424380004,-0.999099016,0,0,0,0.999999881],"scale":0.855264843,"type":"desert_rocks_tiny_05"}
{"pos":[-1022.05774,2063.87427,70.6850433],"rotationMatrix":[-0.833851516,-0.551988602,0,0.551988602,-0.833851516,0,0,0,0.999999881],"scale":0.662687838,"type":"desert_rocks_tiny_05"}
{"pos":[-1024.64404,2062.03149,70.958519],"rotationMatrix":[0.506005466,0.862530291,0,-0.862530291,0.506005466,0,0,0,0.999999881],"scale":0.606556535,"type":"desert_rocks_tiny_05"}
{"pos":[-1024.28699,2063.32227,70.5558014],"rotationMatrix":[-0.556587934,-0.830788672,0,0.830788672,-0.556587934,0,0,0,0.999999881],"scale":0.808299482,"type":"desert_rocks_tiny_05"}
{"pos":[-1023.61755,2062.20288,71.0470352],"rotationMatrix":[0.887669146,0.460481733,0,-0.460481733,0.887669146,0,0,0,0.999999881],"scale":0.677653432,"type":"desert_rocks_tiny_05"}
{"pos":[-1025.11719,2062.92896,70.5737534],"rotationMatrix":[-0.915531278,0.402246773,0,-0.402246773,-0.915531278,0,0,0,0.999999881],"scale":0.6479913,"type":"desert_rocks_tiny_05"}
{"pos":[-1025.24744,2062.01562,70.8775635],"rotationMatrix":[-0.956084371,0.293091238,0,-0.293091238,-0.956084371,0,0,0,0.999999881],"scale":0.760622859,"type":"desert_rocks_tiny_05"}
{"pos":[-1024.9718,2062.14404,70.8717194],"rotationMatrix":[0.684229612,0.729266584,0,-0.729266584,0.684229612,0,0,0,0.999999881],"scale":0.668706119,"type":"desert_rocks_tiny_05"}
{"pos":[-1025.97083,2064.38403,69.9375839],"rotationMatrix":[-0.467633098,0.883922517,0,-0.883922517,-0.467633098,0,0,0,0.999999881],"scale":0.778530717,"type":"desert_rocks_tiny_05"}
{"pos":[-1028.02405,2063.43848,70.1701508],"rotationMatrix":[-0.452529639,-0.891749322,0,0.891749322,-0.452529639,0,0,0,0.999999881],"scale":0.805871487,"type":"desert_rocks_tiny_05"}
{"pos":[-1027.95996,2063.96069,69.968605],"rotationMatrix":[0.994966269,0.100209855,0,-0.100209855,0.994966269,0,0,0,0.999999881],"scale":0.874553204,"type":"desert_rocks_tiny_05"}
{"pos":[-1025.17786,2063.44458,70.3834229],"rotationMatrix":[-0.114713624,-0.993398488,0,0.993398488,-0.114713624,0,0,0,0.999999881],"scale":0.742173195,"type":"desert_rocks_tiny_05"}
{"pos":[-1028.81506,2063.79199,70.1829071],"rotationMatrix":[-0.969981968,0.243176579,0,-0.243176579,-0.969981968,0,0,0,0.999999881],"scale":0.805320859,"type":"desert_rocks_tiny_05"}
{"pos":[-1030.47034,2065.37061,70.0825653],"rotationMatrix":[-0.494889051,0.868956029,0,-0.868956029,-0.494889051,0,0,0,0.999999881],"scale":0.748286009,"type":"desert_rocks_tiny_05"}
{"pos":[-1030.75024,2066.49023,69.7379761],"rotationMatrix":[-0.908492267,0.417901546,0,-0.417901546,-0.908492267,0,0,0,0.999999881],"scale":0.749370813,"type":"desert_rocks_tiny_05"}
{"pos":[-1031.39429,2065.36523,70.2754211],"rotationMatrix":[-0.705551088,0.708658993,0,-0.708658993,-0.705551088,0,0,0,0.999999881],"scale":0.677735388,"type":"desert_rocks_tiny_05"}
{"pos":[-1030.38599,2063.83691,70.5125275],"rotationMatrix":[0.887979627,-0.459882528,0,0.459882528,0.887979627,0,0,0,0.999999881],"scale":0.693929911,"type":"desert_rocks_tiny_05"}
{"pos":[-1031.56042,2065.69263,70.1920776],"rotationMatrix":[0.585918009,0.810370326,0,-0.810370326,0.585918009,0,0,0,0.999999881],"scale":0.808569968,"type":"desert_rocks_tiny_05"}
{"pos":[-1032.15405,2063.77954,70.9118881],"rotationMatrix":[-0.023947658,-0.999713123,0,0.999713123,-0.023947658,0,0,0,0.999999881],"scale":0.750653744,"type":"desert_rocks_tiny_05"}
{"pos":[-1032.81128,2065.71655,70.4419403],"rotationMatrix":[0.99838835,-0.0567487665,0,0.0567487665,0.99838835,0,0,0,0.999999881],"scale":0.591933429,"type":"desert_rocks_tiny_05"}
{"pos":[-1033.72266,2065.0564,70.8675461],"rotationMatrix":[0.788906872,0.614512742,0,-0.614512742,0.788906872,0,0,0,0.999999881],"scale":0.848643363,"type":"desert_rocks_tiny_05"}
{"pos":[-1033.49695,2066.99536,70.1239777],"rotationMatrix":[0.516956508,0.856011689,0,-0.856011689,0.516956508,0,0,0,0.999999881],"scale":0.863571107,"type":"desert_rocks_tiny_05"}
{"pos":[-1033.14722,2065.57715,70.5614624],"rotationMatrix":[-0.869558036,-0.493830532,0,0.493830532,-0.869558036,0,0,0,0.999999881],"scale":0.809045076,"type":"desert_rocks_tiny_05"}
{"pos":[-1033.73547,2065.36816,70.7581329],"rotationMatrix":[0.663390219,0.748273611,0,-0.748273611,0.663390219,0,0,0,0.999999881],"scale":0.737203896,"type":"desert_rocks_tiny_05"}
{"pos":[-1034.77197,2064.97949,71.1120148],"rotationMatrix":[-0.401917994,-0.915675581,0,0.915675581,-0.401917994,0,0,0,0.999999881],"scale":0.676245332,"type":"desert_rocks_tiny_05"}
{"pos":[-1036.11279,2066.49487,70.5800476],"rotationMatrix":[0.412303716,0.911046445,0,-0.911046445,0.412303716,0,0,0,0.999999881],"scale":0.846348107,"type":"desert_rocks_tiny_05"}
{"pos":[-1036.29041,2064.86841,71.3190384],"rotationMatrix":[-0.444533646,0.895762026,0,-0.895762026,-0.444533646,0,0,0,0.999999881],"scale":0.605607688,"type":"desert_rocks_tiny_05"}
{"pos":[-1036.84192,2067.01489,70.2899323],"rotationMatrix":[-0.988607347,-0.150517017,0,0.150517017,-0.988607347,0,0,0,0.999999881],"scale":0.69282794,"type":"desert_rocks_tiny_05"}
{"pos":[-1037.57861,2065.29321,70.928833],"rotationMatrix":[-0.307347566,0.951597154,0,-0.951597154,-0.307347566,0,0,0,0.999999881],"scale":0.86638248,"type":"desert_rocks_tiny_05"}
{"pos":[-1036.8855,2066.55249,70.5005035],"rotationMatrix":[0.701798737,0.712375224,0,-0.712375224,0.701798737,0,0,0,0.999999881],"scale":0.777461708,"type":"desert_rocks_tiny_05"}
{"pos":[-1038.93384,2067.45483,69.9434357],"rotationMatrix":[0.73581928,-0.677177787,0,0.677177787,0.73581928,0,0,0,0.999999881],"scale":0.75493145,"type":"desert_rocks_tiny_05"}
{"pos":[-1037.97583,2065.38354,70.7872467],"rotationMatrix":[0.705686986,-0.708523571,0,0.708523571,0.705686986,0,0,0,0.999999881],"scale":0.809791744,"type":"desert_rocks_tiny_05"}
{"pos":[-1038.54236,2067.7251,69.8454361],"rotationMatrix":[0.847002327,0.531589091,0,-0.531589091,0.847002327,0,0,0,0.999999881],"scale":0.785296798,"type":"desert_rocks_tiny_05"}
{"pos":[-1041.03174,2065.89502,70.26474],"rotationMatrix":[-0.463252813,-0.886226058,0,0.886226058,-0.463252813,0,0,0,0.999999881],"scale":0.776273489,"type":"desert_rocks_tiny_05"}
{"pos":[-1039.69226,2065.07837,70.5948181],"rotationMatrix":[0.997861266,0.0653657019,0,-0.0653657019,0.997861266,0,0,0,0.999999881],"scale":0.799817443,"type":"desert_rocks_tiny_05"}
{"pos":[-1039.95728,2066.99194,70.0285339],"rotationMatrix":[0.284658521,0.958628953,0,-0.958628953,0.284658521,0,0,0,0.999999881],"scale":0.835774183,"type":"desert_rocks_tiny_05"}
{"pos":[-1038.94214,2064.29492,70.8428802],"rotationMatrix":[-0.375838876,0.926684916,0,-0.926684916,-0.375838876,0,0,0,0.999999881],"scale":0.65465343,"type":"desert_rocks_tiny_05"}
{"pos":[-1041.49353,2066.37256,70.1139603],"rotationMatrix":[0.574853599,-0.81825614,0,0.81825614,0.574853599,0,0,0,0.999999881],"scale":0.674085498,"type":"desert_rocks_tiny_05"}
{"pos":[-1041.32776,2064.31494,70.7036667],"rotationMatrix":[-0.115888767,-0.993262053,0,0.993262053,-0.115888767,0,0,0,0.999999881],"scale":0.761671484,"type":"desert_rocks_tiny_05"}
{"pos":[-1041.04883,2064.42529,70.6933746],"rotationMatrix":[-0.856324852,-0.516437411,0,0.516437411,-0.856324852,0,0,0,0.999999881],"scale":0.76342386,"type":"desert_rocks_tiny_05"}
{"pos":[-1043.23083,2065.6731,70.2110291],"rotationMatrix":[0.95495671,-0.296744943,0,0.296744943,0.95495671,0,0,0,0.999999881],"scale":0.842387319,"type":"desert_rocks_tiny_05"}
{"pos":[-1044.71997,2063.60034,70.655899],"rotationMatrix":[0.010389315,0.999945939,0,-0.999945939,0.010389315,0,0,0,0.999999881],"scale":0.600533009,"type":"desert_rocks_tiny_05"}
{"pos":[-1043.36084,2065.39795,70.272995],"rotationMatrix":[-0.926281512,0.376832247,0,-0.376832247,-0.926281512,0,0,0,0.999999881],"scale":0.800239563,"type":"desert_rocks_tiny_05"}
{"pos":[-1046.2644,2064.71973,70.3147507],"rotationMatrix":[-0.970267594,-0.242034495,0,0.242034495,-0.970267594,0,0,0,0.999999881],"scale":0.66639936,"type":"desert_rocks_tiny_05"}
{"pos":[-1048.2113,2062.45288,70.8015594],"rotationMatrix":[0.876545906,-0.481318057,0,0.481318057,0.876545906,0,0,0,0.999999881],"scale":0.743167996,"type":"desert_rocks_tiny_05"}
{"pos":[-1047.14526,2062.79199,70.750145],"rotationMatrix":[0.374659956,-0.92716217,0,0.92716217,0.374659956,0,0,0,0.999999881],"scale":0.87084341,"type":"desert_rocks_tiny_05"}
{"pos":[-1046.23792,2062.02344,70.9869461],"rotationMatrix":[-0.739451408,0.673209667,0,-0.673209667,-0.739451408,0,0,0,0.999999881],"scale":0.783380449,"type":"desert_rocks_tiny_05"}
{"pos":[-1046.3324,2064.25415,70.4261169],"rotationMatrix":[0.12584953,-0.992049217,0,0.992049217,0.12584953,0,0,0,0.999999881],"scale":0.79891479,"type":"desert_rocks_tiny_05"}
{"pos":[-1047.06677,2063.02954,70.6951981],"rotationMatrix":[0.994254827,0.107038379,0,-0.107038379,0.994254827,0,0,0,0.999999881],"scale":0.647033393,"type":"desert_rocks_tiny_05"}
{"pos":[-1046.48157,2062.34229,70.8890457],"rotationMatrix":[-0.662486434,0.749073803,0,-0.749073803,-0.662486434,0,0,0,0.999999881],"scale":0.778975129,"type":"desert_rocks_tiny_05"}
{"pos":[-1048.61035,2062.19873,70.8656235],"rotationMatrix":[-0.299218774,0.954184413,0,-0.954184413,-0.299218774,0,0,0,0.999999881],"scale":0.634033561,"type":"desert_rocks_tiny_05"}
{"pos":[-1049.51807,2061.08862,71.0310745],"rotationMatrix":[0.848994792,0.528401136,0,-0.528401136,0.848994792,0,0,0,0.999999881],"scale":0.859298468,"type":"desert_rocks_tiny_05"}
{"pos":[-1048.45386,2064.84033,70.2596588],"rotationMatrix":[-0.932102859,-0.362193525,0,0.362193525,-0.932102859,0,0,0,0.999999881],"scale":0.64748323,"type":"desert_rocks_tiny_05"}
{"pos":[-1050.87708,2062.30688,70.6411285],"rotationMatrix":[-0.492890149,-0.870091379,0,0.870091379,-0.492890149,0,0,0,0.999999881],"scale":0.633564472,"type":"desert_rocks_tiny_05"}
{"pos":[-1050.05469,2063.78516,70.5030518],"rotationMatrix":[0.0867848918,0.996227026,0,-0.996227026,0.0867848918,0,0,0,0.999999881],"scale":0.621716142,"type":"desert_rocks_tiny_05"}
{"pos":[-1053.00989,2062.82959,70.3240967],"rotationMatrix":[-0.108838849,-0.994059324,0,0.994059324,-0.108838849,0,0,0,0.999999881],"scale":0.610637426,"type":"desert_rocks_tiny_05"}
{"pos":[-1053.97644,2061.69629,70.5211029],"rotationMatrix":[0.213591814,-0.976922929,0,0.976922929,0.213591814,0,0,0,0.999999881],"scale":0.819074452,"type":"desert_rocks_tiny_05"}
{"pos":[-1052.61646,2060.18652,70.9986649],"rotationMatrix":[0.965750277,-0.259473115,0,0.259473115,0.965750277,0,0,0,0.999999881],"scale":0.642698884,"type":"desert_rocks_tiny_05"}
{"pos":[-1051.98206,2062.56689,70.4714661],"rotationMatrix":[0.422761112,-0.906241059,0,0.906241059,0.422761112,0,0,0,0.999999881],"scale":0.607786596,"type":"desert_rocks_tiny_05"}
{"pos":[-1053.8219,2063.37476,70.1255722],"rotationMatrix":[-0.2599639,-0.965618312,0,0.965618312,-0.2599639,0,0,0,0.999999881],"scale":0.788017273,"type":"desert_rocks_tiny_05"}
{"pos":[-1054.27271,2062.43408,70.3176575],"rotationMatrix":[0.923126876,-0.38449505,0,0.38449505,0.923126876,0,0,0,0.999999881],"scale":0.81750071,"type":"desert_rocks_tiny_05"}
{"pos":[-1055.62891,2060.11328,70.7717133],"rotationMatrix":[0.840092123,-0.542443514,0,0.542443514,0.840092123,0,0,0,0.999999881],"scale":0.789925158,"type":"desert_rocks_tiny_05"}
{"pos":[-1057.13599,2059.58472,70.7886505],"rotationMatrix":[0.432661802,0.901556313,0,-0.901556313,0.432661802,0,0,0,0.999999881],"scale":0.670466244,"type":"desert_rocks_tiny_05"}
{"pos":[-1058.30798,2060.2085,70.558548],"rotationMatrix":[0.842172861,0.539207578,0,-0.539207578,0.842172861,0,0,0,0.999999881],"scale":0.775939941,"type":"desert_rocks_tiny_05"}
{"pos":[-1060.42773,2059.90405,70.5588989],"rotationMatrix":[0.686556339,0.72707659,0,-0.72707659,0.686556339,0,0,0,0.999999881],"scale":0.812267423,"type":"desert_rocks_tiny_05"}
{"pos":[-1058.75537,2060.04614,70.5706482],"rotationMatrix":[0.710141182,0.704059303,0,-0.704059303,0.710141182,0,0,0,0.999999881],"scale":0.58878231,"type":"desert_rocks_tiny_05"}
{"pos":[-1062.35632,2057.78809,70.9863892],"rotationMatrix":[0.310621291,0.950533748,0,-0.950533748,0.310621291,0,0,0,0.999999881],"scale":0.702229977,"type":"desert_rocks_tiny_05"}
{"pos":[-1065.97498,2059.66602,70.2754974],"rotationMatrix":[-0.297316343,-0.954778969,0,0.954778969,-0.297316343,0,0,0,0.999999881],"scale":0.723350286,"type":"desert_rocks_tiny_05"}
{"pos":[-1066.48926,2057.05933,70.722435],"rotationMatrix":[0.928226531,-0.372015327,0,0.372015327,0.928226531,0,0,0,0.999999881],"scale":0.866594136,"type":"desert_rocks_tiny_05"}
{"pos":[-1068.60059,2054.92261,70.924057],"rotationMatrix":[0.770397723,-0.637563407,0,0.637563407,0.770397723,0,0,0,0.999999881],"scale":0.652992308,"type":"desert_rocks_tiny_05"}
{"pos":[-1069.59558,2054.9707,70.8178711],"rotationMatrix":[-0.682763994,0.730638742,0,-0.730638742,-0.682763994,0,0,0,0.999999881],"scale":0.749083161,"type":"desert_rocks_tiny_05"}
{"pos":[-1070.40039,2057.4939,70.258255],"rotationMatrix":[0.715497673,0.698615134,0,-0.698615134,0.715497673,0,0,0,0.999999881],"scale":0.747252703,"type":"desert_rocks_tiny_05"}
{"pos":[-1070.10571,2057.23755,70.3358688],"rotationMatrix":[0.992961407,0.118437879,0,-0.118437879,0.992961407,0,0,0,0.999999881],"scale":0.833989918,"type":"desert_rocks_tiny_05"}
{"pos":[-1067.98999,2056.48145,70.6863174],"rotationMatrix":[0.311883062,-0.950120389,0,0.950120389,0.311883062,0,0,0,0.999999881],"scale":0.778389394,"type":"desert_rocks_tiny_05"}
{"pos":[-1068.33752,2055.41675,70.8554688],"rotationMatrix":[-0.872431099,-0.488737196,0,0.488737196,-0.872431099,0,0,0,0.999999881],"scale":0.773516834,"type":"desert_rocks_tiny_05"}
{"pos":[-1070.64697,2057.36548,70.2587051],"rotationMatrix":[-0.295448661,0.955358505,0,-0.955358505,-0.295448661,0,0,0,0.999999881],"scale":0.783681571,"type":"desert_rocks_tiny_05"}
{"pos":[-1068.05188,2055.97485,70.7768936],"rotationMatrix":[0.20492512,0.978777587,0,-0.978777587,0.20492512,0,0,0,0.999999881],"scale":0.835080743,"type":"desert_rocks_tiny_05"}
{"pos":[-1068.69373,2056.95068,70.5282288],"rotationMatrix":[-0.999448299,0.0332097374,0,-0.0332097374,-0.999448299,0,0,0,0.999999881],"scale":0.627069056,"type":"desert_rocks_tiny_05"}
{"pos":[-1069.89429,2053.71289,71.0286102],"rotationMatrix":[-0.737528384,0.675315797,0,-0.675315797,-0.737528384,0,0,0,0.999999881],"scale":0.857362926,"type":"desert_rocks_tiny_05"}
{"pos":[-1072.203,2055.24194,70.5119476],"rotationMatrix":[-0.932688296,0.360683173,0,-0.360683173,-0.932688296,0,0,0,0.999999881],"scale":0.599544704,"type":"desert_rocks_tiny_05"}
{"pos":[-1069.55676,2053.83545,71.038147],"rotationMatrix":[-0.911645353,-0.410977602,0,0.410977602,-0.911645353,0,0,0,0.999999881],"scale":0.59883076,"type":"desert_rocks_tiny_05"}
{"pos":[-1070.37964,2055.8208,70.5793304],"rotationMatrix":[0.531952202,-0.84677428,0,0.84677428,0.531952202,0,0,0,0.999999881],"scale":0.807007849,"type":"desert_rocks_tiny_05"}
{"pos":[-1072.70435,2054.18701,70.664238],"rotationMatrix":[-0.795848668,-0.605495334,0,0.605495334,-0.795848668,0,0,0,0.999999881],"scale":0.624947727,"type":"desert_rocks_tiny_05"}
{"pos":[-1071.83887,2052.91479,70.9989014],"rotationMatrix":[-0.939640403,0.342163503,0,-0.342163503,-0.939640403,0,0,0,0.999999881],"scale":0.859384656,"type":"desert_rocks_tiny_05"}
{"pos":[-1071.60999,2052.84448,71.0378418],"rotationMatrix":[0.942314684,-0.334728062,0,0.334728062,0.942314684,0,0,0,0.999999881],"scale":0.727385402,"type":"desert_rocks_tiny_05"}
{"pos":[-1071.83032,2052.52393,71.0867386],"rotationMatrix":[0.141637862,0.98991847,0,-0.98991847,0.141637862,0,0,0,0.999999881],"scale":0.64680481,"type":"desert_rocks_tiny_05"}
{"pos":[-1073.44507,2053.53149,70.7484589],"rotationMatrix":[-0.0793858841,0.996843874,0,-0.996843874,-0.0793858841,0,0,0,0.999999881],"scale":0.616226375,"type":"desert_rocks_tiny_05"}
{"pos":[-1072.3927,2052.31885,71.0954514],"rotationMatrix":[-0.267805517,0.963472903,0,-0.963472903,-0.267805517,0,0,0,0.999999881],"scale":0.602626681,"type":"desert_rocks_tiny_05"}
{"pos":[-1071.65002,2055.53003,70.5109253],"rotationMatrix":[0.391513854,0.920172215,0,-0.920172215,0.391513854,0,0,0,0.999999881],"scale":0.674721181,"type":"desert_rocks_tiny_05"}
{"pos":[-1038.92737,2063.59448,71.0418625],"rotationMatrix":[0.491336733,-0.870969653,0,0.870969653,0.491336733,0,0,0,0.999999881],"scale":0.625170827,"type":"desert_rocks_tiny_05"}
{"pos":[-1039.66016,2064.06226,70.8838501],"rotationMatrix":[0.968290627,0.249826252,0,-0.249826252,0.968290627,0,0,0,0.999999881],"scale":0.662384868,"type":"desert_rocks_tiny_05"}
{"pos":[-1038.70081,2063.46362,71.0868149],"rotationMatrix":[-0.381419599,-0.924401939,0,0.924401939,-0.381419599,0,0,0,0.999999881],"scale":0.612167716,"type":"desert_rocks_tiny_05"}
{"pos":[-1038.76514,2064.10522,70.9027863],"rotationMatrix":[-0.210273325,-0.977642536,0,0.977642536,-0.210273325,0,0,0,0.999999881],"scale":0.804421902,"type":"desert_rocks_tiny_05"}
{"pos":[-1038.375,2063.82568,70.9955444],"rotationMatrix":[0.909033597,0.416722655,0,-0.416722655,0.909033597,0,0,0,0.999999881],"scale":0.803310215,"type":"desert_rocks_tiny_05"}
{"pos":[-1039.34216,2065.22827,70.5645065],"rotationMatrix":[-0.448455155,0.893805206,0,-0.893805206,-0.448455155,0,0,0,0.999999881],"scale":0.853594244,"type":"desert_rocks_tiny_05"}
{"pos":[-1043.33899,2062.92847,70.9507217],"rotationMatrix":[0.769942701,0.638113022,0,-0.638113022,0.769942701,0,0,0,0.999999881],"scale":0.611965418,"type":"desert_rocks_tiny_05"}
{"pos":[-1045.94458,2063.93237,70.5217743],"rotationMatrix":[-0.999170065,-0.0407308005,0,0.0407308005,-0.999170065,0,0,0,0.999999881],"scale":0.793865204,"type":"desert_rocks_tiny_05"}
{"pos":[-1045.35645,2063.47095,70.6603088],"rotationMatrix":[0.71395272,-0.700193763,0,0.700193763,0.71395272,0,0,0,0.999999881],"scale":0.66186595,"type":"desert_rocks_tiny_05"}
{"pos":[-1047.3905,2063.63647,70.5322952],"rotationMatrix":[-0.970332325,-0.241774932,0,0.241774932,-0.970332325,0,0,0,0.999999881],"scale":0.740581512,"type":"desert_rocks_tiny_05"}
{"pos":[-1046.078,2062.39111,70.8944016],"rotationMatrix":[0.892983735,0.450088859,0,-0.450088859,0.892983735,0,0,0,0.999999881],"scale":0.69722712,"type":"desert_rocks_tiny_05"}
{"pos":[-1047.29114,2061.50391,71.0600815],"rotationMatrix":[0.464905858,0.885360181,0,-0.885360181,0.464905858,0,0,0,0.999999881],"scale":0.680542111,"type":"desert_rocks_tiny_05"}
{"pos":[-1050.55286,2060.50049,71.0899887],"rotationMatrix":[0.26123479,-0.965275228,0,0.965275228,0.26123479,0,0,0,0.999999881],"scale":0.60836792,"type":"desert_rocks_tiny_05"}
{"pos":[-1049.3717,2061.77954,70.9317017],"rotationMatrix":[0.821369231,-0.570396721,0,0.570396721,0.821369231,0,0,0,0.999999881],"scale":0.663971841,"type":"desert_rocks_tiny_05"}
{"pos":[-1048.01526,2061.39111,71.0566635],"rotationMatrix":[-0.969804883,0.243881628,0,-0.243881628,-0.969804883,0,0,0,0.999999881],"scale":0.331300944,"type":"desert_rocks_tiny_05"}
{"pos":[-1046.74951,2064.77173,70.2811432],"rotationMatrix":[0.842887819,-0.538089216,0,0.538089216,0.842887819,0,0,0,0.999999881],"scale":0.288729608,"type":"desert_rocks_tiny_05"}
{"pos":[-1045.53381,2062.38135,70.9377518],"rotationMatrix":[-0.500094235,-0.86597079,0,0.86597079,-0.500094235,0,0,0,0.999999881],"scale":0.467624277,"type":"desert_rocks_tiny_05"}
{"pos":[-1047.61353,2063.7251,70.5018768],"rotationMatrix":[-0.892268062,-0.451506108,0,0.451506108,-0.892268062,0,0,0,0.999999881],"scale":0.337101102,"type":"desert_rocks_tiny_05"}
{"pos":[-1049.43774,2061.33643,70.9972992],"rotationMatrix":[0.23213692,-0.972683012,0,0.972683012,0.23213692,0,0,0,0.999999881],"scale":0.305012167,"type":"desert_rocks_tiny_05"}
{"pos":[-1049.6261,2062.37207,70.7980042],"rotationMatrix":[0.857337654,-0.514754355,0,0.514754355,0.857337654,0,0,0,0.999999881],"scale":0.401350647,"type":"desert_rocks_tiny_05"}
{"pos":[-1051.2627,2059.90259,71.1776886],"rotationMatrix":[-0.214944527,0.976626158,0,-0.976626158,-0.214944527,0,0,0,0.999999881],"scale":0.30583936,"type":"desert_rocks_tiny_05"}
{"pos":[-1018.04871,2063.12939,71.5291977],"rotationMatrix":[-0.965201318,-0.261507958,0,0.261507958,-0.965201318,0,0,0,0.999999881],"scale":0.365756214,"type":"desert_rocks_tiny_05"}
{"pos":[-1018.64563,2062.5,71.6641312],"rotationMatrix":[-0.998720944,-0.0505593233,0,0.0505593233,-0.998720944,0,0,0,0.999999881],"scale":0.255350471,"type":"desert_rocks_tiny_05"}
{"pos":[-1017.45178,2063.96094,71.3230896],"rotationMatrix":[0.480828583,0.876814663,0,-0.876814663,0.480828583,0,0,0,0.999999881],"scale":0.414718986,"type":"desert_rocks_tiny_05"}
{"pos":[-1018.97565,2062.37622,71.6598053],"rotationMatrix":[-0.998565793,0.0535364002,0,-0.0535364002,-0.998565793,0,0,0,0.999999881],"scale":0.264611989,"type":"desert_rocks_tiny_05"}
{"pos":[-1018.92731,2062.69971,71.5529404],"rotationMatrix":[-0.502413929,0.864627063,0,-0.864627063,-0.502413929,0,0,0,0.999999881],"scale":0.292979747,"type":"desert_rocks_tiny_05"}
{"pos":[-1018.00092,2065.00366,70.8955536],"rotationMatrix":[-0.979002953,0.203845635,0,-0.203845635,-0.979002953,0,0,0,0.999999881],"scale":0.26004073,"type":"desert_rocks_tiny_05"}
{"pos":[-1020.13806,2062.85767,71.3215866],"rotationMatrix":[-0.922747552,-0.385404795,0,0.385404795,-0.922747552,0,0,0,0.999999881],"scale":0.498550266,"type":"desert_rocks_tiny_05"}
{"pos":[-1020.12347,2062.10083,71.5901489],"rotationMatrix":[0.994553924,-0.104222625,0,0.104222625,0.994553924,0,0,0,0.999999881],"scale":0.374724925,"type":"desert_rocks_tiny_05"}
{"pos":[-1020.40192,2062.00195,71.5845337],"rotationMatrix":[0.547928214,-0.836525261,0,0.836525261,0.547928214,0,0,0,0.999999881],"scale":0.370966405,"type":"desert_rocks_tiny_05"}
{"pos":[-1022.17688,2061.88354,71.368576],"rotationMatrix":[-0.957383573,-0.288819373,0,0.288819373,-0.957383573,0,0,0,0.999999881],"scale":0.325422287,"type":"desert_rocks_tiny_05"}
{"pos":[-1022.94562,2062.47266,71.0495987],"rotationMatrix":[0.545948207,0.837818921,0,-0.837818921,0.545948207,0,0,0,0.999999881],"scale":0.236544341,"type":"desert_rocks_tiny_05"}
{"pos":[-1024.20813,2060.17285,71.6779785],"rotationMatrix":[0.494199306,-0.869348466,0,0.869348466,0.494199306,0,0,0,0.999999881],"scale":0.401913881,"type":"desert_rocks_tiny_05"}
{"pos":[-1025.97742,2060.71973,71.2368011],"rotationMatrix":[0.403923422,0.914792836,0,-0.914792836,0.403923422,0,0,0,0.999999881],"scale":0.258115977,"type":"desert_rocks_tiny_05"}
{"pos":[-1024.98438,2060.4314,71.4772491],"rotationMatrix":[-0.935192883,0.354138672,0,-0.354138672,-0.935192883,0,0,0,0.999999881],"scale":0.401889086,"type":"desert_rocks_tiny_05"}
{"pos":[-1028.55286,2060.50537,71.3072815],"rotationMatrix":[-0.670990229,0.741466105,0,-0.741466105,-0.670990229,0,0,0,0.999999881],"scale":0.28566283,"type":"desert_rocks_tiny_05"}
{"pos":[-1027.56238,2060.78149,71.1715851],"rotationMatrix":[-0.757113039,-0.653283834,0,0.653283834,-0.757113039,0,0,0,0.999999881],"scale":0.489883453,"type":"desert_rocks_tiny_05"}
{"pos":[-1029.02112,2061.44043,70.9641571],"rotationMatrix":[0.155439436,-0.987845361,0,0.987845361,0.155439436,0,0,0,0.999999881],"scale":0.478507191,"type":"desert_rocks_tiny_05"}
{"pos":[-1028.80054,2060.48315,71.3233185],"rotationMatrix":[0.507713318,0.861526072,0,-0.861526072,0.507713318,0,0,0,0.999999881],"scale":0.305116057,"type":"desert_rocks_tiny_05"}
{"pos":[-1029.89258,2060.31396,71.4212341],"rotationMatrix":[0.620213628,0.784432948,0,-0.784432948,0.620213628,0,0,0,0.999999881],"scale":0.340070128,"type":"desert_rocks_tiny_05"}
{"pos":[-1028.83875,2060.9668,71.1396332],"rotationMatrix":[-0.526750028,0.850020051,0,-0.850020051,-0.526750028,0,0,0,0.999999881],"scale":0.315441042,"type":"desert_rocks_tiny_05"}
{"pos":[-1034.40759,2063.71143,71.4196014],"rotationMatrix":[0.951209366,-0.308546007,0,0.308546007,0.951209366,0,0,0,0.999999881],"scale":0.374532849,"type":"desert_rocks_tiny_05"}
{"pos":[-1034.99329,2063.85693,71.5086212],"rotationMatrix":[-0.999882877,0.0153002404,0,-0.0153002404,-0.999882877,0,0,0,0.999999881],"scale":0.466974556,"type":"desert_rocks_tiny_05"}
{"pos":[-1035.20935,2061.86597,72.0793152],"rotationMatrix":[0.920707881,-0.390252143,0,0.390252143,0.920707881,0,0,0,0.999999881],"scale":0.446333706,"type":"desert_rocks_tiny_05"}
{"pos":[-1035.25403,2061.5603,72.169426],"rotationMatrix":[0.854258716,-0.519847989,0,0.519847989,0.854258716,0,0,0,0.999999881],"scale":0.37668556,"type":"desert_rocks_tiny_05"}
{"pos":[-1033.5144,2063.77588,71.2085114],"rotationMatrix":[-0.717173636,0.696894288,0,-0.696894288,-0.717173636,0,0,0,0.999999881],"scale":0.340647638,"type":"desert_rocks_tiny_05"}
{"pos":[-1034.72595,2063.71484,71.4878922],"rotationMatrix":[-0.324427068,0.945910633,0,-0.945910633,-0.324427068,0,0,0,0.999999881],"scale":0.416964084,"type":"desert_rocks_tiny_05"}
{"pos":[-1034.39832,2063.46899,71.4813538],"rotationMatrix":[-0.962005198,-0.273030967,0,0.273030967,-0.962005198,0,0,0,0.999999881],"scale":0.277975023,"type":"desert_rocks_tiny_05"}
{"pos":[-1037.91394,2062.51709,71.38237],"rotationMatrix":[0.218947053,-0.975736678,0,0.975736678,0.218947053,0,0,0,0.999999881],"scale":0.39602536,"type":"desert_rocks_tiny_05"}
{"pos":[-1036.14746,2063.7207,71.6442566],"rotationMatrix":[-0.889415443,-0.457099706,0,0.457099706,-0.889415443,0,0,0,0.999999881],"scale":0.352340847,"type":"desert_rocks_tiny_05"}
{"pos":[-1037.41528,2063.34375,71.3018875],"rotationMatrix":[-0.969268978,-0.246003464,0,0.246003464,-0.969268978,0,0,0,0.999999881],"scale":0.240429312,"type":"desert_rocks_tiny_05"}
{"pos":[-1037.46252,2062.20068,71.487709],"rotationMatrix":[-0.327265829,0.944932163,0,-0.944932163,-0.327265829,0,0,0,0.999999881],"scale":0.329543293,"type":"desert_rocks_tiny_05"}
{"pos":[-1036.78101,2062.11475,71.7065659],"rotationMatrix":[0.905733705,0.423847109,0,-0.423847109,0.905733705,0,0,0,0.999999881],"scale":0.310955703,"type":"desert_rocks_tiny_05"}
{"pos":[-1036.38208,2061.97046,71.8575745],"rotationMatrix":[0.216267213,-0.976334095,0,0.976334095,0.216267213,0,0,0,0.999999881],"scale":0.476514816,"type":"desert_rocks_tiny_05"}
{"pos":[-1036.80505,2063.02832,71.5484772],"rotationMatrix":[0.0893255621,-0.996002376,0,0.996002376,0.0893255621,0,0,0,0.999999881],"scale":0.245581329,"type":"desert_rocks_tiny_05"}
{"pos":[-1037.05798,2062.16553,71.609848],"rotationMatrix":[0.837366104,0.546642482,0,-0.546642482,0.837366104,0,0,0,0.999999881],"scale":0.452096045,"type":"desert_rocks_tiny_05"}
{"pos":[-1038.40173,2061.71655,71.592247],"rotationMatrix":[0.906645358,0.421893567,0,-0.421893567,0.906645358,0,0,0,0.999999881],"scale":0.294166803,"type":"desert_rocks_tiny_05"}
{"pos":[-1037.91003,2062.27441,71.4512634],"rotationMatrix":[0.432642907,0.901565373,0,-0.901565373,0.432642907,0,0,0,0.999999881],"scale":0.492899686,"type":"desert_rocks_tiny_05"}
{"pos":[-1040.38037,2062.67358,71.2522964],"rotationMatrix":[-0.321024597,-0.947070777,0,0.947070777,-0.321024597,0,0,0,0.999999881],"scale":0.471212357,"type":"desert_rocks_tiny_05"}
{"pos":[-1043.91541,2060.7644,71.5384064],"rotationMatrix":[0.530717909,-0.847548425,0,0.847548425,0.530717909,0,0,0,0.999999881],"scale":0.356922328,"type":"desert_rocks_tiny_05"}
{"pos":[-1042.8606,2061.24268,71.4816437],"rotationMatrix":[-0.685306966,-0.728254318,0,0.728254318,-0.685306966,0,0,0,0.999999881],"scale":0.284863949,"type":"desert_rocks_tiny_05"}
{"pos":[-1043.32703,2061.06592,71.496582],"rotationMatrix":[0.75954932,0.650449693,0,-0.650449693,0.75954932,0,0,0,0.999999881],"scale":0.319585621,"type":"desert_rocks_tiny_05"}
{"pos":[-1045.07336,2060.71216,71.4623871],"rotationMatrix":[-0.748551905,-0.663076222,0,0.663076222,-0.748551905,0,0,0,0.999999881],"scale":0.230638534,"type":"desert_rocks_tiny_05"}
{"pos":[-1045.85437,2060.67676,71.411171],"rotationMatrix":[-0.233180046,0.972433507,0,-0.972433507,-0.233180046,0,0,0,0.999999881],"scale":0.324473828,"type":"desert_rocks_tiny_05"}
{"pos":[-1045.25903,2060.14966,71.6123199],"rotationMatrix":[-0.310594708,-0.95054239,0,0.95054239,-0.310594708,0,0,0,0.999999881],"scale":0.295315295,"type":"desert_rocks_tiny_05"}
{"pos":[-1048.58362,2059.79004,71.4333038],"rotationMatrix":[-0.687403977,0.726275146,0,-0.726275146,-0.687403977,0,0,0,0.999999881],"scale":0.484294504,"type":"desert_rocks_tiny_05"}
{"pos":[-1048.2334,2060.52173,71.2689667],"rotationMatrix":[0.11879117,-0.992919147,0,0.992919147,0.11879117,0,0,0,0.999999881],"scale":0.28687492,"type":"desert_rocks_tiny_05"}
{"pos":[-1048.09399,2060.104,71.4021606],"rotationMatrix":[0.512460709,-0.858710527,0,0.858710527,0.512460709,0,0,0,0.999999881],"scale":0.24640654,"type":"desert_rocks_tiny_05"}
{"pos":[-1048.84717,2060.12842,71.3190308],"rotationMatrix":[-0.597941101,0.801539838,0,-0.801539838,-0.597941101,0,0,0,0.999999881],"scale":0.329503179,"type":"desert_rocks_tiny_05"}
{"pos":[-1050.42126,2058.93896,71.4803314],"rotationMatrix":[0.976743698,-0.214409739,0,0.214409739,0.976743698,0,0,0,0.999999881],"scale":0.417035878,"type":"desert_rocks_tiny_05"}
{"pos":[-1050.55933,2059.3877,71.3600159],"rotationMatrix":[0.768125951,-0.640298545,0,0.640298545,0.768125951,0,0,0,0.999999881],"scale":0.326199234,"type":"desert_rocks_tiny_05"}
{"pos":[-1052.33484,2059.74463,71.1289825],"rotationMatrix":[-0.997522473,-0.070347473,0,0.070347473,-0.997522473,0,0,0,0.999999881],"scale":0.380640715,"type":"desert_rocks_tiny_05"}
