{"pos":[-493.799347,2050.21777,72.9163208],"rotationMatrix":[-0.968296885,0.249802038,0,-0.249802038,-0.968296885,0,0,0,0.999999881],"scale":1,"type":"desert_rocks_tiny_06"}
{"pos":[-492.479797,2052.20361,72.9163208],"rotationMatrix":[0.616733432,0.787172079,0,-0.787172079,0.616733432,0,0,0,0.999999881],"scale":1,"type":"desert_rocks_tiny_06"}
{"pos":[-990.312866,2070.05103,70.2414017],"rotationMatrix":[0.279498637,-0.96014601,0,0.96014601,0.279498637,0,0,0,0.999999881],"scale":0.723002315,"type":"desert_rocks_tiny_06"}
{"pos":[-989.265442,2070.43604,70.3834686],"rotationMatrix":[-0.444702774,0.895678043,0,-0.895678043,-0.444702774,0,0,0,0.999999881],"scale":0.84158802,"type":"desert_rocks_tiny_06"}
{"pos":[-988.035706,2071.08521,70.4288177],"rotationMatrix":[-0.0948093161,0.995495319,0,-0.995495319,-0.0948093161,0,0,0,0.999999881],"scale":0.762096703,"type":"desert_rocks_tiny_06"}
{"pos":[-990.703857,2069.68481,70.3486404],"rotationMatrix":[0.915326834,-0.40271154,0,0.40271154,0.915326834,0,0,0,0.999999881],"scale":0.796546757,"type":"desert_rocks_tiny_06"}
{"pos":[-990.348999,2069.43042,70.6289673],"rotationMatrix":[0.514473438,-0.857506275,0,0.857506275,0.514473438,0,0,0,0.999999881],"scale":0.860527396,"type":"desert_rocks_tiny_06"}
{"pos":[-993.63208,2069.40356,68.8628464],"rotationMatrix":[0.709403217,0.704802871,0,-0.704802871,0.709403217,0,0,0,0.999999881],"scale":0.810316324,"type":"desert_rocks_tiny_06"}
{"pos":[-994.117737,2067.00732,70.5564194],"rotationMatrix":[0.926378548,0.376593471,0,-0.376593471,0.926378548,0,0,0,0.999999881],"scale":0.885519624,"type":"desert_rocks_tiny_06"}
{"pos":[-992.453857,2068.07275,71.0394516],"rotationMatrix":[0.344124436,0.938924015,0,-0.938924015,0.344124436,0,0,0,0.999999881],"scale":0.797751665,"type":"desert_rocks_tiny_06"}
{"pos":[-993.863708,2068.7019,69.2788544],"rotationMatrix":[0.0841077417,0.996456563,0,-0.996456563,0.0841077417,0,0,0,0.999999881],"scale":0.881000042,"type":"desert_rocks_tiny_06"}
{"pos":[-994.88855,2067.71094,69.2430344],"rotationMatrix":[0.846972644,0.531636298,0,-0.531636298,0.846972644,0,0,0,0.999999881],"scale":0.930490315,"type":"desert_rocks_tiny_06"}
{"pos":[-994.280945,2068.052,69.4830933],"rotationMatrix":[-0.956412375,-0.292019516,0,0.292019516,-0.956412375,0,0,0,0.999999881],"scale":0.846629381,"type":"desert_rocks_tiny_06"}
{"pos":[-997.576843,2064.6731,71.069397],"rotationMatrix":[-0.0513269193,-0.998681843,0,0.998681843,-0.0513269193,0,0,0,0.999999881],"scale":0.869490683,"type":"desert_rocks_tiny_06"}
{"pos":[-995.884094,2066.67505,69.6242828],"rotationMatrix":[-0.928656399,-0.370940834,0,0.370940834,-0.928656399,0,0,0,0.999999881],"scale":0.793612897,"type":"desert_rocks_tiny_06"}
{"pos":[-996.988647,2066.61572,69.3410797],"rotationMatrix":[-0.932524621,0.361106068,0,-0.361106068,-0.932524621,0,0,0,0.999999881],"scale":0.813002944,"type":"desert_rocks_tiny_06"}
{"pos":[-997.161316,2064.83643,71.0281067],"rotationMatrix":[0.827162802,-0.561962068,0,0.561962068,0.827162802,0,0,0,0.999999881],"scale":0.776036143,"type":"desert_rocks_tiny_06"}
{"pos":[-996.372559,2064.79712,71.3384399],"rotationMatrix":[-0.891181409,0.453646988,0,-0.453646988,-0.891181409,0,0,0,0.999999881],"scale":0.770281553,"type":"desert_rocks_tiny_06"}
{"pos":[-996.663269,2063.70508,72.3330994],"rotationMatrix":[0.306816041,0.951768816,0,-0.951768816,0.306816041,0,0,0,0.999999881],"scale":0.705519378,"type":"desert_rocks_tiny_06"}
{"pos":[-1001.62927,2062.67065,72.6162491],"rotationMatrix":[0.507522285,-0.861638427,0,0.861638427,0.507522285,0,0,0,0.999999881],"scale":0.786390662,"type":"desert_rocks_tiny_06"}
{"pos":[-1000.13446,2065.3042,70.3207321],"rotationMatrix":[0.771537721,-0.636183381,0,0.636183381,0.771537721,0,0,0,0.999999881],"scale":0.769939899,"type":"desert_rocks_tiny_06"}
{"pos":[-1001.36957,2063.25024,72.1063385],"rotationMatrix":[-0.396243989,-0.91814512,0,0.91814512,-0.396243989,0,0,0,0.999999881],"scale":0.811959565,"type":"desert_rocks_tiny_06"}
{"pos":[-1002.0011,2064.54053,70.8887787],"rotationMatrix":[0.99910593,0.0422759987,0,-0.0422759987,0.99910593,0,0,0,0.999999881],"scale":0.904736638,"type":"desert_rocks_tiny_06"}
{"pos":[-999.593567,2064.02124,71.525444],"rotationMatrix":[-0.321556747,-0.946890235,0,0.946890235,-0.321556747,0,0,0,0.999999881],"scale":0.76905179,"type":"desert_rocks_tiny_06"}
{"pos":[-1001.76453,2065.26953,70.2412796],"rotationMatrix":[0.7514714,0.659765661,0,-0.659765661,0.7514714,0,0,0,0.999999881],"scale":0.929353595,"type":"desert_rocks_tiny_06"}
{"pos":[-1001.52368,2064.92627,70.5701599],"rotationMatrix":[0.895890534,0.444274783,0,-0.444274783,0.895890534,0,0,0,0.999999881],"scale":0.878810167,"type":"desert_rocks_tiny_06"}
{"pos":[-1004.66003,2062.62134,72.1142654],"rotationMatrix":[0.2938236,-0.955859601,0,0.955859601,0.2938236,0,0,0,0.999999881],"scale":0.780201197,"type":"desert_rocks_tiny_06"}
{"pos":[-1004.78326,2063.10693,71.7631989],"rotationMatrix":[-0.380277663,-0.924872339,0,0.924872339,-0.380277663,0,0,0,0.999999881],"scale":0.740197062,"type":"desert_rocks_tiny_06"}
{"pos":[-1005.40961,2064.44043,70.7344513],"rotationMatrix":[0.946270406,0.323376387,0,-0.323376387,0.946270406,0,0,0,0.999999881],"scale":0.779493213,"type":"desert_rocks_tiny_06"}
{"pos":[-1006.15771,2063.58716,71.1284637],"rotationMatrix":[0.675678909,-0.737195909,0,0.737195909,0.675678909,0,0,0,0.999999881],"scale":0.80484271,"type":"desert_rocks_tiny_06"}
{"pos":[-1005.36163,2062.78345,71.8453598],"rotationMatrix":[0.163716227,0.986507416,0,-0.986507416,0.163716227,0,0,0,0.999999881],"scale":0.764861703,"type":"desert_rocks_tiny_06"}
{"pos":[-1007.82043,2066.42969,69.5204468],"rotationMatrix":[0.87065655,-0.491891235,0,0.491891235,0.87065655,0,0,0,0.999999881],"scale":0.932451606,"type":"desert_rocks_tiny_06"}
{"pos":[-1009.69287,2065.15967,70.0827026],"rotationMatrix":[-0.318434358,0.94794482,0,-0.94794482,-0.318434358,0,0,0,0.999999881],"scale":0.924916327,"type":"desert_rocks_tiny_06"}
{"pos":[-1008.05872,2065.68896,69.6862564],"rotationMatrix":[-0.915266573,0.402848482,0,-0.402848482,-0.915266573,0,0,0,0.999999881],"scale":0.709463954,"type":"desert_rocks_tiny_06"}
{"pos":[-1007.50146,2064.19263,70.4223862],"rotationMatrix":[-0.584248722,0.811574459,0,-0.811574459,-0.584248722,0,0,0,0.999999881],"scale":0.737641931,"type":"desert_rocks_tiny_06"}
{"pos":[-1007.14111,2063.94458,70.6685028],"rotationMatrix":[0.356992394,-0.934107244,0,0.934107244,0.356992394,0,0,0,0.999999881],"scale":0.71079731,"type":"desert_rocks_tiny_06"}
{"pos":[-1010.13794,2064.55811,70.4476776],"rotationMatrix":[0.993973255,-0.109621868,0,0.109621868,0.993973255,0,0,0,0.999999881],"scale":0.900422812,"type":"desert_rocks_tiny_06"}
{"pos":[-1009.80811,2063.58105,70.9311905],"rotationMatrix":[0.561317325,-0.827600539,0,0.827600539,0.561317325,0,0,0,0.999999881],"scale":0.906426489,"type":"desert_rocks_tiny_06"}
{"pos":[-1007.2049,2064.25317,70.4485626],"rotationMatrix":[-0.00675131055,0.999977171,0,-0.999977171,-0.00675131055,0,0,0,0.999999881],"scale":0.9155761,"type":"desert_rocks_tiny_06"}
{"pos":[-1008.64093,2065.08374,70.0137482],"rotationMatrix":[0.999580443,0.0289617237,0,-0.0289617237,0.999580443,0,0,0,0.999999881],"scale":0.889712095,"type":"desert_rocks_tiny_06"}
{"pos":[-1007.73895,2064.76367,70.0897369],"rotationMatrix":[0.324827015,0.945773423,0,-0.945773423,0.324827015,0,0,0,0.999999881],"scale":0.771896243,"type":"desert_rocks_tiny_06"}
{"pos":[-1008.68793,2062.98413,71.1312332],"rotationMatrix":[0.672346652,-0.740236223,0,0.740236223,0.672346652,0,0,0,0.999999881],"scale":0.892547607,"type":"desert_rocks_tiny_06"}
{"pos":[-1009.1795,2065.25684,69.9779358],"rotationMatrix":[-0.768981278,0.639270961,0,-0.639270961,-0.768981278,0,0,0,0.999999881],"scale":0.706145048,"type":"desert_rocks_tiny_06"}
{"pos":[-1012.81989,2064.95996,70.5131149],"rotationMatrix":[-0.362512976,0.931978583,0,-0.931978583,-0.362512976,0,0,0,0.999999881],"scale":0.793644607,"type":"desert_rocks_tiny_06"}
{"pos":[-1012.76227,2066.04663,70.219223],"rotationMatrix":[-0.0510630757,0.998695374,0,-0.998695374,-0.0510630757,0,0,0,0.999999881],"scale":0.74191165,"type":"desert_rocks_tiny_06"}
{"pos":[-1012.46405,2066.18799,70.1554413],"rotationMatrix":[-0.148585066,0.988899529,0,-0.988899529,-0.148585066,0,0,0,0.999999881],"scale":0.799963117,"type":"desert_rocks_tiny_06"}
{"pos":[-1010.71228,2063.8728,70.8704376],"rotationMatrix":[-0.85312748,0.521702468,0,-0.521702468,-0.85312748,0,0,0,0.999999881],"scale":0.822406888,"type":"desert_rocks_tiny_06"}
{"pos":[-1012.57263,2065.05786,70.4355774],"rotationMatrix":[0.385949224,-0.922519922,0,0.922519922,0.385949224,0,0,0,0.999999881],"scale":0.795196116,"type":"desert_rocks_tiny_06"}
{"pos":[-1016.22394,2067.40234,70.2926941],"rotationMatrix":[-0.632741809,-0.774362683,0,0.774362683,-0.632741809,0,0,0,0.999999881],"scale":0.768539608,"type":"desert_rocks_tiny_06"}
{"pos":[-1017.61768,2066.29614,70.6447296],"rotationMatrix":[-0.400343597,-0.916364968,0,0.916364968,-0.400343597,0,0,0,0.999999881],"scale":0.834644079,"type":"desert_rocks_tiny_06"}
{"pos":[-1015.6499,2067.28271,70.2821045],"rotationMatrix":[0.603085101,-0.797676742,0,0.797676742,0.603085101,0,0,0,0.999999881],"scale":0.767183423,"type":"desert_rocks_tiny_06"}
{"pos":[-1016.68427,2066.17529,70.6387329],"rotationMatrix":[-0.99180454,0.127763644,0,-0.127763644,-0.99180454,0,0,0,0.999999881],"scale":0.850026846,"type":"desert_rocks_tiny_06"}
{"pos":[-1014.05652,2067.07397,70.1960373],"rotationMatrix":[0.603145719,0.797630966,0,-0.797630966,0.603145719,0,0,0,0.999999881],"scale":0.721007466,"type":"desert_rocks_tiny_06"}
{"pos":[-1019.89136,2065.43018,70.5694885],"rotationMatrix":[-0.746968567,0.664859295,0,-0.664859295,-0.746968567,0,0,0,0.999999881],"scale":0.867842615,"type":"desert_rocks_tiny_06"}
{"pos":[-1018.42529,2065.50269,70.7913208],"rotationMatrix":[0.297246099,0.954800904,0,-0.954800904,0.297246099,0,0,0,0.999999881],"scale":0.874217629,"type":"desert_rocks_tiny_06"}
{"pos":[-1018.13782,2064.85425,70.9090271],"rotationMatrix":[0.279366374,0.960184574,0,-0.960184574,0.279366374,0,0,0,0.999999881],"scale":0.939123094,"type":"desert_rocks_tiny_06"}
{"pos":[-1018.65662,2065.07495,70.7883606],"rotationMatrix":[0.59354049,0.804804146,0,-0.804804146,0.59354049,0,0,0,0.999999881],"scale":0.841432214,"type":"desert_rocks_tiny_06"}
{"pos":[-1020.9519,2065.42749,70.4051819],"rotationMatrix":[-0.159771651,0.987153888,0,-0.987153888,-0.159771651,0,0,0,0.999999881],"scale":0.909980714,"type":"desert_rocks_tiny_06"}
{"pos":[-1024.37915,2062.19678,70.9386444],"rotationMatrix":[0.959968269,0.280108571,0,-0.280108571,0.959968269,0,0,0,0.999999881],"scale":0.89519316,"type":"desert_rocks_tiny_06"}
{"pos":[-1024.70728,2063.63281,70.3854675],"rotationMatrix":[-0.818307936,-0.574779809,0,0.574779809,-0.818307936,0,0,0,0.999999881],"scale":0.924541116,"type":"desert_rocks_tiny_06"}
{"pos":[-1023.75006,2063.20679,70.6743774],"rotationMatrix":[0.0396549925,0.999213398,0,-0.999213398,0.0396549925,0,0,0,0.999999881],"scale":0.828927815,"type":"desert_rocks_tiny_06"}
{"pos":[-1022.55872,2062.15771,71.2166367],"rotationMatrix":[0.89440465,-0.447258443,0,0.447258443,0.89440465,0,0,0,0.999999881],"scale":0.936701536,"type":"desert_rocks_tiny_06"}
{"pos":[-1023.94885,2062.42798,70.9197083],"rotationMatrix":[-0.869411767,-0.494088203,0,0.494088203,-0.869411767,0,0,0,0.999999881],"scale":0.729959249,"type":"desert_rocks_tiny_06"}
{"pos":[-1024.60364,2062.52148,70.791748],"rotationMatrix":[0.998660624,-0.051737681,0,0.051737681,0.998660624,0,0,0,0.999999881],"scale":0.714472592,"type":"desert_rocks_tiny_06"}
{"pos":[-1025.05286,2063.22754,70.4779739],"rotationMatrix":[0.420390546,0.907343268,0,-0.907343268,0.420390546,0,0,0,0.999999881],"scale":0.783673167,"type":"desert_rocks_tiny_06"}
{"pos":[-1024.86084,2062.76709,70.6679535],"rotationMatrix":[0.0856989026,0.996321023,0,-0.996321023,0.0856989026,0,0,0,0.999999881],"scale":0.877681255,"type":"desert_rocks_tiny_06"}
{"pos":[-1022.63428,2064.11646,70.5160904],"rotationMatrix":[-0.270348877,-0.962762356,0,0.962762356,-0.270348877,0,0,0,0.999999881],"scale":0.877356052,"type":"desert_rocks_tiny_06"}
{"pos":[-1024.1499,2063.12329,70.6457443],"rotationMatrix":[-0.476521134,-0.879162967,0,0.879162967,-0.476521134,0,0,0,0.999999881],"scale":0.760848761,"type":"desert_rocks_tiny_06"}
{"pos":[-1026.50159,2063.52808,70.1641922],"rotationMatrix":[-0.886724293,-0.462298393,0,0.462298393,-0.886724293,0,0,0,0.999999881],"scale":0.818137884,"type":"desert_rocks_tiny_06"}
{"pos":[-1025.94727,2063.69556,70.1834183],"rotationMatrix":[0.946858585,-0.321649879,0,0.321649879,0.946858585,0,0,0,0.999999881],"scale":0.762898386,"type":"desert_rocks_tiny_06"}
{"pos":[-1026.83435,2063.53809,70.1145935],"rotationMatrix":[-0.193496123,0.981100917,0,-0.981100917,-0.193496123,0,0,0,0.999999881],"scale":0.904638529,"type":"desert_rocks_tiny_06"}
{"pos":[-1025.47034,2062.96509,70.5100098],"rotationMatrix":[0.211101741,0.97746402,0,-0.97746402,0.211101741,0,0,0,0.999999881],"scale":0.702922404,"type":"desert_rocks_tiny_06"}
{"pos":[-1025.97449,2061.96313,70.7943649],"rotationMatrix":[-0.939245284,0.343246698,0,-0.343246698,-0.939245284,0,0,0,0.999999881],"scale":0.897038996,"type":"desert_rocks_tiny_06"}
{"pos":[-1026.19482,2063.61768,70.1754303],"rotationMatrix":[-0.500723839,-0.865606904,0,0.865606904,-0.500723839,0,0,0,0.999999881],"scale":0.72613287,"type":"desert_rocks_tiny_06"}
{"pos":[-1028.54358,2063.46704,70.2093811],"rotationMatrix":[0.641248286,-0.767333329,0,0.767333329,0.641248286,0,0,0,0.999999881],"scale":0.941322863,"type":"desert_rocks_tiny_06"}
{"pos":[-1028.14441,2062.7041,70.4544907],"rotationMatrix":[-0.821860075,0.569689095,0,-0.569689095,-0.821860075,0,0,0,0.999999881],"scale":0.871935964,"type":"desert_rocks_tiny_06"}
{"pos":[-1031.57532,2063.29126,70.9145508],"rotationMatrix":[-0.0178349707,0.999840796,0,-0.999840796,-0.0178349707,0,0,0,0.999999881],"scale":0.900385797,"type":"desert_rocks_tiny_06"}
{"pos":[-1030.75708,2066.91968,69.5850296],"rotationMatrix":[0.688330054,0.725397587,0,-0.725397587,0.688330054,0,0,0,0.999999881],"scale":0.750770807,"type":"desert_rocks_tiny_06"}
{"pos":[-1032.03833,2064.09888,70.8027344],"rotationMatrix":[0.814031005,0.580821395,0,-0.580821395,0.814031005,0,0,0,0.999999881],"scale":0.843315303,"type":"desert_rocks_tiny_06"}
{"pos":[-1029.97083,2065.98926,69.7569885],"rotationMatrix":[-0.128961489,-0.991649568,0,0.991649568,-0.128961489,0,0,0,0.999999881],"scale":0.850694418,"type":"desert_rocks_tiny_06"}
{"pos":[-1032.2677,2065.92212,70.2557373],"rotationMatrix":[-0.697807431,0.716285288,0,-0.716285288,-0.697807431,0,0,0,0.999999881],"scale":0.793213069,"type":"desert_rocks_tiny_06"}
{"pos":[-1032.98743,2065.0376,70.722374],"rotationMatrix":[0.98454088,0.175154209,0,-0.175154209,0.98454088,0,0,0,0.999999881],"scale":0.836648107,"type":"desert_rocks_tiny_06"}
{"pos":[-1033.29468,2067.24146,69.9937286],"rotationMatrix":[-0.983666301,-0.180001497,0,0.180001497,-0.983666301,0,0,0,0.999999881],"scale":0.754895687,"type":"desert_rocks_tiny_06"}
{"pos":[-1033.54846,2065.24048,70.7653885],"rotationMatrix":[0.996317208,0.085742265,0,-0.085742265,0.996317208,0,0,0,0.999999881],"scale":0.880936325,"type":"desert_rocks_tiny_06"}
{"pos":[-1035.46814,2065.37305,71.1144104],"rotationMatrix":[-0.612797797,0.790239513,0,-0.790239513,-0.612797797,0,0,0,0.999999881],"scale":0.808323383,"type":"desert_rocks_tiny_06"}
{"pos":[-1034.22253,2067.42896,70.1180649],"rotationMatrix":[0.987549365,-0.157308891,0,0.157308891,0.987549365,0,0,0,0.999999881],"scale":0.724497914,"type":"desert_rocks_tiny_06"}
{"pos":[-1034.13281,2065.12158,70.9288712],"rotationMatrix":[0.799705982,-0.600391626,0,0.600391626,0.799705982,0,0,0,0.999999881],"scale":0.758721709,"type":"desert_rocks_tiny_06"}
{"pos":[-1033.53479,2067.52222,69.9424286],"rotationMatrix":[-0.861634254,-0.507529497,0,0.507529497,-0.861634254,0,0,0,0.999999881],"scale":0.904498994,"type":"desert_rocks_tiny_06"}
{"pos":[-1032.36133,2065.1377,70.5570221],"rotationMatrix":[-0.743216455,0.669050932,0,-0.669050932,-0.743216455,0,0,0,0.999999881],"scale":0.845694661,"type":"desert_rocks_tiny_06"}
{"pos":[-1032.26013,2067.28125,69.7656555],"rotationMatrix":[0.990961134,-0.134148583,0,0.134148583,0.990961134,0,0,0,0.999999881],"scale":0.789627731,"type":"desert_rocks_tiny_06"}
{"pos":[-1035.6189,2066.37891,70.6674423],"rotationMatrix":[0.985287309,-0.170905456,0,0.170905456,0.985287309,0,0,0,0.999999881],"scale":0.884078324,"type":"desert_rocks_tiny_06"}
{"pos":[-1036.38965,2068.45654,69.6551132],"rotationMatrix":[-0.00879544858,0.999961197,0,-0.999961197,-0.00879544858,0,0,0,0.999999881],"scale":0.726470947,"type":"desert_rocks_tiny_06"}
{"pos":[-1038.26392,2066.98853,70.2046814],"rotationMatrix":[-0.148768529,-0.988871992,0,0.988871992,-0.148768529,0,0,0,0.999999881],"scale":0.805379033,"type":"desert_rocks_tiny_06"}
{"pos":[-1038.12207,2067.55322,69.9536057],"rotationMatrix":[-0.751999438,-0.659163535,0,0.659163535,-0.751999438,0,0,0,0.999999881],"scale":0.848217309,"type":"desert_rocks_tiny_06"}
{"pos":[-1036.95764,2064.87817,71.1952515],"rotationMatrix":[0.157420814,0.987531543,0,-0.987531543,0.157420814,0,0,0,0.999999881],"scale":0.739249468,"type":"desert_rocks_tiny_06"}
{"pos":[-1037.06995,2065.10376,71.1222839],"rotationMatrix":[0.808452964,0.58856076,0,-0.58856076,0.808452964,0,0,0,0.999999881],"scale":0.757715225,"type":"desert_rocks_tiny_06"}
{"pos":[-1036.71655,2064.8772,71.272316],"rotationMatrix":[-0.99351114,0.113734215,0,-0.113734215,-0.99351114,0,0,0,0.999999881],"scale":0.886548698,"type":"desert_rocks_tiny_06"}
{"pos":[-1038.4574,2067.08228,70.1481323],"rotationMatrix":[-0.101363637,-0.994849384,0,0.994849384,-0.101363637,0,0,0,0.999999881],"scale":0.748803258,"type":"desert_rocks_tiny_06"}
{"pos":[-1036.7793,2065.9397,70.7907867],"rotationMatrix":[0.748423457,0.66322118,0,-0.66322118,0.748423457,0,0,0,0.999999881],"scale":0.759430587,"type":"desert_rocks_tiny_06"}
{"pos":[-1035.95032,2066.88306,70.411911],"rotationMatrix":[-0.796480596,0.604663789,0,-0.604663789,-0.796480596,0,0,0,0.999999881],"scale":0.885153592,"type":"desert_rocks_tiny_06"}
{"pos":[-1038.81458,2064.49536,70.7905121],"rotationMatrix":[0.282613665,0.95923382,0,-0.95923382,0.282613665,0,0,0,0.999999881],"scale":0.875818312,"type":"desert_rocks_tiny_06"}
{"pos":[-1038.71289,2066.06372,70.4401398],"rotationMatrix":[-0.737455666,-0.67539537,0,0.67539537,-0.737455666,0,0,0,0.999999881],"scale":0.783702314,"type":"desert_rocks_tiny_06"}
{"pos":[-1039.84668,2067.21313,69.978363],"rotationMatrix":[0.98871088,0.149835482,0,-0.149835482,0.98871088,0,0,0,0.999999881],"scale":0.854524851,"type":"desert_rocks_tiny_06"}
{"pos":[-1040.83997,2065.30103,70.4536362],"rotationMatrix":[-0.856927335,0.515436947,0,-0.515436947,-0.856927335,0,0,0,0.999999881],"scale":0.706221759,"type":"desert_rocks_tiny_06"}
{"pos":[-1038.31384,2064.03662,70.9379044],"rotationMatrix":[-0.99848634,-0.0549984388,0,0.0549984388,-0.99848634,0,0,0,0.999999881],"scale":0.711487353,"type":"desert_rocks_tiny_06"}
{"pos":[-1039.63147,2064.40063,70.7889633],"rotationMatrix":[-0.999070704,0.0430990048,0,-0.0430990048,-0.999070704,0,0,0,0.999999881],"scale":0.890641749,"type":"desert_rocks_tiny_06"}
{"pos":[-1042.6272,2063.40771,70.8666382],"rotationMatrix":[0.73817122,-0.674613237,0,0.674613237,0.73817122,0,0,0,0.999999881],"scale":0.7679106,"type":"desert_rocks_tiny_06"}
{"pos":[-1042.95312,2065.51831,70.2609634],"rotationMatrix":[-0.86527127,0.501303673,0,-0.501303673,-0.86527127,0,0,0,0.999999881],"scale":0.706472695,"type":"desert_rocks_tiny_06"}
{"pos":[-1042.44714,2065.32544,70.3300476],"rotationMatrix":[-0.759867847,0.650077462,0,-0.650077462,-0.759867847,0,0,0,0.999999881],"scale":0.910616159,"type":"desert_rocks_tiny_06"}
{"pos":[-1043.26013,2063.22266,70.8708801],"rotationMatrix":[-0.930355191,-0.366659284,0,0.366659284,-0.930355191,0,0,0,0.999999881],"scale":0.721702754,"type":"desert_rocks_tiny_06"}
{"pos":[-1042.47559,2063.54541,70.8383026],"rotationMatrix":[-0.552543461,0.833483875,0,-0.833483875,-0.552543461,0,0,0,0.999999881],"scale":0.8474617,"type":"desert_rocks_tiny_06"}
{"pos":[-1045.01782,2064.79199,70.350563],"rotationMatrix":[-0.944827616,-0.327567786,0,0.327567786,-0.944827616,0,0,0,0.999999881],"scale":0.891960442,"type":"desert_rocks_tiny_06"}
{"pos":[-1048.22473,2064.60474,70.3100586],"rotationMatrix":[-0.885468543,-0.464699179,0,0.464699179,-0.885468543,0,0,0,0.999999881],"scale":0.876251757,"type":"desert_rocks_tiny_06"}
{"pos":[-1046.57861,2062.09351,70.9459534],"rotationMatrix":[0.983636796,0.180162519,0,-0.180162519,0.983636796,0,0,0,0.999999881],"scale":0.749486804,"type":"desert_rocks_tiny_06"}
{"pos":[-1050.20056,2063.22437,70.577713],"rotationMatrix":[0.868355632,0.495941967,0,-0.495941967,0.868355632,0,0,0,0.999999881],"scale":0.776441813,"type":"desert_rocks_tiny_06"}
{"pos":[-1049.57202,2063.64136,70.5504227],"rotationMatrix":[-0.985967994,0.166934222,0,-0.166934222,-0.985967994,0,0,0,0.999999881],"scale":0.708170414,"type":"desert_rocks_tiny_06"}
{"pos":[-1048.70874,2064.68579,70.2988052],"rotationMatrix":[0.247186035,0.968968034,0,-0.968968034,0.247186035,0,0,0,0.999999881],"scale":0.712479174,"type":"desert_rocks_tiny_06"}
{"pos":[-1047.83862,2061.17798,71.1165771],"rotationMatrix":[0.944024861,-0.329874009,0,0.329874009,0.944024861,0,0,0,0.999999881],"scale":0.730438054,"type":"desert_rocks_tiny_06"}
{"pos":[-1049.49182,2063.83447,70.5050964],"rotationMatrix":[-0.218312562,-0.975878775,0,0.975878775,-0.218312562,0,0,0,0.999999881],"scale":0.710921049,"type":"desert_rocks_tiny_06"}
{"pos":[-1051.39587,2062.68481,70.5080261],"rotationMatrix":[-0.547219336,-0.836989105,0,0.836989105,-0.547219336,0,0,0,0.999999881],"scale":0.944866896,"type":"desert_rocks_tiny_06"}
{"pos":[-1051.5592,2061.02246,70.8813248],"rotationMatrix":[-0.183656618,0.982990324,0,-0.982990324,-0.183656618,0,0,0,0.999999881],"scale":0.871898592,"type":"desert_rocks_tiny_06"}
{"pos":[-1052.92236,2061.58813,70.6330414],"rotationMatrix":[0.311001092,0.950409591,0,-0.950409591,0.311001092,0,0,0,0.999999881],"scale":0.897606432,"type":"desert_rocks_tiny_06"}
{"pos":[-1055.45093,2060.30225,70.7402344],"rotationMatrix":[-0.0497682281,-0.998760641,0,0.998760641,-0.0497682281,0,0,0,0.999999881],"scale":0.949142456,"type":"desert_rocks_tiny_06"}
{"pos":[-1057.1106,2059.29126,70.8634949],"rotationMatrix":[-0.00320368819,0.999994755,0,-0.999994755,-0.00320368819,0,0,0,0.999999881],"scale":0.844912231,"type":"desert_rocks_tiny_06"}
{"pos":[-1057.76807,2060.27417,70.5764465],"rotationMatrix":[-0.359058857,-0.9333148,0,0.9333148,-0.359058857,0,0,0,0.999999881],"scale":0.737182498,"type":"desert_rocks_tiny_06"}
{"pos":[-1058.47351,2059.59814,70.7003555],"rotationMatrix":[0.991576672,0.129520118,0,-0.129520118,0.991576672,0,0,0,0.999999881],"scale":0.810322523,"type":"desert_rocks_tiny_06"}
{"pos":[-1058.42273,2059.35327,70.7646866],"rotationMatrix":[-0.97124213,-0.238093898,0,0.238093898,-0.97124213,0,0,0,0.999999881],"scale":0.80187583,"type":"desert_rocks_tiny_06"}
{"pos":[-1062.72424,2059.5271,70.6189117],"rotationMatrix":[-0.592239261,0.805761933,0,-0.805761933,-0.592239261,0,0,0,0.999999881],"scale":0.817566991,"type":"desert_rocks_tiny_06"}
{"pos":[-1062.63098,2059.19141,70.6920166],"rotationMatrix":[0.983487546,-0.180975169,0,0.180975169,0.983487546,0,0,0,0.999999881],"scale":0.735392392,"type":"desert_rocks_tiny_06"}
{"pos":[-1063.17053,2057.13208,71.0321121],"rotationMatrix":[-0.933210492,0.359329879,0,-0.359329879,-0.933210492,0,0,0,0.999999881],"scale":0.823673427,"type":"desert_rocks_tiny_06"}
{"pos":[-1065.66736,2058.59155,70.510376],"rotationMatrix":[-0.974991262,-0.222243145,0,0.222243145,-0.974991262,0,0,0,0.999999881],"scale":0.73159945,"type":"desert_rocks_tiny_06"}
{"pos":[-1066.22986,2058.36572,70.4986038],"rotationMatrix":[0.372421354,-0.928063691,0,0.928063691,0.372421354,0,0,0,0.999999881],"scale":0.914600015,"type":"desert_rocks_tiny_06"}
{"pos":[-1068.22156,2059.01855,70.1799316],"rotationMatrix":[-0.794185817,0.607674658,0,-0.607674658,-0.794185817,0,0,0,0.999999881],"scale":0.879346132,"type":"desert_rocks_tiny_06"}
{"pos":[-1067.08167,2056.39844,70.7907028],"rotationMatrix":[-0.723771214,-0.690039814,0,0.690039814,-0.723771214,0,0,0,0.999999881],"scale":0.742857337,"type":"desert_rocks_tiny_06"}
{"pos":[-1069.44666,2054.33667,70.9533005],"rotationMatrix":[0.881971598,-0.47130242,0,0.47130242,0.881971598,0,0,0,0.999999881],"scale":0.890217543,"type":"desert_rocks_tiny_06"}
{"pos":[-1068.32324,2055.71509,70.7999725],"rotationMatrix":[-0.0495624878,-0.998770893,0,0.998770893,-0.0495624878,0,0,0,0.999999881],"scale":0.766517043,"type":"desert_rocks_tiny_06"}
{"pos":[-1069.15808,2056.32373,70.6025162],"rotationMatrix":[0.289394766,-0.957209766,0,0.957209766,0.289394766,0,0,0,0.999999881],"scale":0.759948254,"type":"desert_rocks_tiny_06"}
{"pos":[-1071.84009,2055.41821,70.5137177],"rotationMatrix":[0.905652463,0.424020708,0,-0.424020708,0.905652463,0,0,0,0.999999881],"scale":0.795279324,"type":"desert_rocks_tiny_06"}
{"pos":[-1072.04602,2056.80273,70.2296143],"rotationMatrix":[-0.75110513,-0.660182416,0,0.660182416,-0.75110513,0,0,0,0.999999881],"scale":0.781581044,"type":"desert_rocks_tiny_06"}
{"pos":[-1071.53186,2055.2666,70.5726776],"rotationMatrix":[0.218669742,-0.975798845,0,0.975798845,0.218669742,0,0,0,0.999999881],"scale":0.92254144,"type":"desert_rocks_tiny_06"}
{"pos":[-1071.3114,2056.23267,70.4099426],"rotationMatrix":[-0.266149402,-0.963931739,0,0.963931739,-0.266149402,0,0,0,0.999999881],"scale":0.912584007,"type":"desert_rocks_tiny_06"}
{"pos":[-1071.57251,2056.62646,70.3094025],"rotationMatrix":[-0.504549682,0.863382459,0,-0.863382459,-0.504549682,0,0,0,0.999999881],"scale":0.871795952,"type":"desert_rocks_tiny_06"}
{"pos":[-1074.09998,2054.16846,70.598938],"rotationMatrix":[0.405476153,-0.914105594,0,0.914105594,0.405476153,0,0,0,0.999999881],"scale":0.72108674,"type":"desert_rocks_tiny_06"}
{"pos":[-1073.58911,2052.64258,70.8468246],"rotationMatrix":[0.994139493,0.108103618,0,-0.108103618,0.994139493,0,0,0,0.999999881],"scale":0.776186585,"type":"desert_rocks_tiny_06"}
{"pos":[-1071.66748,2054.68848,70.6697006],"rotationMatrix":[-0.379845381,0.925049841,0,-0.925049841,-0.379845381,0,0,0,0.999999881],"scale":0.896844029,"type":"desert_rocks_tiny_06"}
{"pos":[-1038.24829,2065.55762,70.6716766],"rotationMatrix":[-0.979622424,0.200847894,0,-0.200847894,-0.979622424,0,0,0,0.999999881],"scale":0.727082074,"type":"desert_rocks_tiny_06"}
{"pos":[-1037.04956,2064.45117,71.2362213],"rotationMatrix":[-0.467507929,0.883988738,0,-0.883988738,-0.467507929,0,0,0,0.999999881],"scale":0.916378021,"type":"desert_rocks_tiny_06"}
{"pos":[-1037.58435,2063.77954,71.1762085],"rotationMatrix":[0.34697476,-0.937874377,0,0.937874377,0.34697476,0,0,0,0.999999881],"scale":0.814769685,"type":"desert_rocks_tiny_06"}
{"pos":[-1038.54907,2065.94604,70.5117722],"rotationMatrix":[0.966438472,0.256898075,0,-0.256898075,0.966438472,0,0,0,0.999999881],"scale":0.900835276,"type":"desert_rocks_tiny_06"}
{"pos":[-1040.52087,2063.09961,71.1228485],"rotationMatrix":[-0.11799518,-0.993014038,0,0.993014038,-0.11799518,0,0,0,0.999999881],"scale":0.943449438,"type":"desert_rocks_tiny_06"}
{"pos":[-1049.88232,2063.61768,70.5543213],"rotationMatrix":[0.901704073,0.432353646,0,-0.432353646,0.901704073,0,0,0,0.999999881],"scale":0.93534863,"type":"desert_rocks_tiny_06"}
{"pos":[-1047.68042,2060.96509,71.1828461],"rotationMatrix":[0.79709363,0.603855669,0,-0.603855669,0.79709363,0,0,0,0.999999881],"scale":0.46731475,"type":"desert_rocks_tiny_06"}
{"pos":[-1048.44727,2063.76685,70.5048523],"rotationMatrix":[0.213494912,-0.976944149,0,0.976944149,0.213494912,0,0,0,0.999999881],"scale":0.453662753,"type":"desert_rocks_tiny_06"}
{"pos":[-1046.32312,2063.53491,70.6030884],"rotationMatrix":[-0.341692775,0.939811587,0,-0.939811587,-0.341692775,0,0,0,0.999999881],"scale":0.251084447,"type":"desert_rocks_tiny_06"}
{"pos":[-1049.09094,2060.55859,71.1946411],"rotationMatrix":[-0.999589622,-0.028642701,0,0.028642701,-0.999589622,0,0,0,0.999999881],"scale":0.261851788,"type":"desert_rocks_tiny_06"}
{"pos":[-1048.91199,2064.16235,70.421463],"rotationMatrix":[0.96600765,0.258513421,0,-0.258513421,0.96600765,0,0,0,0.999999881],"scale":0.35750109,"type":"desert_rocks_tiny_06"}
{"pos":[-1049.31116,2061.53638,70.9806824],"rotationMatrix":[-0.275482118,-0.961306095,0,0.961306095,-0.275482118,0,0,0,0.999999881],"scale":0.400757432,"type":"desert_rocks_tiny_06"}
{"pos":[-1049.72327,2060.21802,71.2260666],"rotationMatrix":[0.55074209,0.834675491,0,-0.834675491,0.55074209,0,0,0,0.999999881],"scale":0.312591493,"type":"desert_rocks_tiny_06"}
{"pos":[-1051.32288,2060.12646,71.1183624],"rotationMatrix":[0.0688267201,-0.99762857,0,0.99762857,0.0688267201,0,0,0,0.999999881],"scale":0.419663459,"type":"desert_rocks_tiny_06"}
{"pos":[-1050.96094,2059.93213,71.195015],"rotationMatrix":[-0.150293723,0.988641322,0,-0.988641322,-0.150293723,0,0,0,0.999999881],"scale":0.337233156,"type":"desert_rocks_tiny_06"}
{"pos":[-1017.53882,2064.1875,71.2306976],"rotationMatrix":[0.517810762,-0.855495036,0,0.855495036,0.517810762,0,0,0,0.999999881],"scale":0.284057826,"type":"desert_rocks_tiny_06"}
{"pos":[-1019.64349,2064.0293,70.980896],"rotationMatrix":[0.438133657,0.898909867,0,-0.898909867,0.438133657,0,0,0,0.999999881],"scale":0.290027797,"type":"desert_rocks_tiny_06"}
{"pos":[-1017.40112,2063.35669,71.5429382],"rotationMatrix":[-0.912513614,0.409046322,0,-0.409046322,-0.912513614,0,0,0,0.999999881],"scale":0.409923971,"type":"desert_rocks_tiny_06"}
{"pos":[-1022.26904,2061.44458,71.5097427],"rotationMatrix":[-0.359334558,-0.933208764,0,0.933208764,-0.359334558,0,0,0,0.999999881],"scale":0.418170452,"type":"desert_rocks_tiny_06"}
{"pos":[-1020.94702,2062.00098,71.5057602],"rotationMatrix":[-0.31180802,-0.950145066,0,0.950145066,-0.31180802,0,0,0,0.999999881],"scale":0.458438933,"type":"desert_rocks_tiny_06"}
{"pos":[-1020.112,2062.62207,71.4083099],"rotationMatrix":[0.488839954,0.872373521,0,-0.872373521,0.488839954,0,0,0,0.999999881],"scale":0.432385474,"type":"desert_rocks_tiny_06"}
{"pos":[-1021.00684,2061.76318,71.5807953],"rotationMatrix":[0.290787965,0.956787527,0,-0.956787527,0.290787965,0,0,0,0.999999881],"scale":0.373734921,"type":"desert_rocks_tiny_06"}
{"pos":[-1021.8092,2061.72949,71.476181],"rotationMatrix":[0.971067548,0.238804877,0,-0.238804877,0.971067548,0,0,0,0.999999881],"scale":0.254015028,"type":"desert_rocks_tiny_06"}
{"pos":[-1024.37842,2059.78296,71.7923737],"rotationMatrix":[0.888496041,-0.45888409,0,0.45888409,0.888496041,0,0,0,0.999999881],"scale":0.212824196,"type":"desert_rocks_tiny_06"}
{"pos":[-1025.30054,2060.21753,71.5092697],"rotationMatrix":[0.878876984,0.477048397,0,-0.477048397,0.878876984,0,0,0,0.999999881],"scale":0.304711699,"type":"desert_rocks_tiny_06"}
{"pos":[-1024.72974,2060.46631,71.5003128],"rotationMatrix":[-0.77203232,-0.635583222,0,0.635583222,-0.77203232,0,0,0,0.999999881],"scale":0.279897571,"type":"desert_rocks_tiny_06"}
{"pos":[-1023.61462,2060.41553,71.67733],"rotationMatrix":[0.847523093,-0.530758202,0,0.530758202,0.847523093,0,0,0,0.999999881],"scale":0.483218312,"type":"desert_rocks_tiny_06"}
{"pos":[-1025.88306,2060.97314,71.1595154],"rotationMatrix":[-0.000622121384,-0.999999702,0,0.999999702,-0.000622121384,0,0,0,0.999999881],"scale":0.393033087,"type":"desert_rocks_tiny_06"}
{"pos":[-1025.64514,2061.6582,70.9487381],"rotationMatrix":[0.17444092,0.984667599,0,-0.984667599,0.17444092,0,0,0,0.999999881],"scale":0.291788816,"type":"desert_rocks_tiny_06"}
{"pos":[-1028.43652,2059.73877,71.5967331],"rotationMatrix":[0.873217046,0.48733139,0,-0.48733139,0.873217046,0,0,0,0.999999881],"scale":0.338559628,"type":"desert_rocks_tiny_06"}
{"pos":[-1027.99658,2061.36304,70.9625397],"rotationMatrix":[-0.845221102,-0.534416795,0,0.534416795,-0.845221102,0,0,0,0.999999881],"scale":0.482731432,"type":"desert_rocks_tiny_06"}
{"pos":[-1028.30457,2060.51758,71.2950592],"rotationMatrix":[0.971474349,-0.237144172,0,0.237144172,0.971474349,0,0,0,0.999999881],"scale":0.20861122,"type":"desert_rocks_tiny_06"}
{"pos":[-1028.99878,2060.20752,71.4347076],"rotationMatrix":[-0.939438403,0.342717707,0,-0.342717707,-0.939438403,0,0,0,0.999999881],"scale":0.352424651,"type":"desert_rocks_tiny_06"}
{"pos":[-1028.25256,2061.68042,70.8490372],"rotationMatrix":[-0.639839172,-0.768508673,0,0.768508673,-0.639839172,0,0,0,0.999999881],"scale":0.21139577,"type":"desert_rocks_tiny_06"}
{"pos":[-1034.93225,2063.55713,71.5742188],"rotationMatrix":[-0.263836175,-0.964567423,0,0.964567423,-0.263836175,0,0,0,0.999999881],"scale":0.43968609,"type":"desert_rocks_tiny_06"}
{"pos":[-1034.47583,2063.05664,71.6066742],"rotationMatrix":[0.375609845,-0.92677778,0,0.92677778,0.375609845,0,0,0,0.999999881],"scale":0.465229034,"type":"desert_rocks_tiny_06"}
{"pos":[-1034.20764,2061.71289,71.9018707],"rotationMatrix":[0.954657972,0.297704637,0,-0.297704637,0.954657972,0,0,0,0.999999881],"scale":0.270869166,"type":"desert_rocks_tiny_06"}
{"pos":[-1037.69092,2062.15942,71.4914551],"rotationMatrix":[-0.62717104,0.778881311,0,-0.778881311,-0.62717104,0,0,0,0.999999881],"scale":0.428070933,"type":"desert_rocks_tiny_06"}
{"pos":[-1036.54016,2062.26562,71.7585526],"rotationMatrix":[-0.542751968,0.839892805,0,-0.839892805,-0.542751968,0,0,0,0.999999881],"scale":0.421664566,"type":"desert_rocks_tiny_06"}
{"pos":[-1037.10547,2063.11182,71.4389038],"rotationMatrix":[-0.0253493711,-0.999678552,0,0.999678552,-0.0253493711,0,0,0,0.999999881],"scale":0.253856063,"type":"desert_rocks_tiny_06"}
{"pos":[-1036.09546,2064.57617,71.4673615],"rotationMatrix":[-0.965967,-0.258665025,0,0.258665025,-0.965967,0,0,0,0.999999881],"scale":0.405688763,"type":"desert_rocks_tiny_06"}
{"pos":[-1036.53857,2064.7627,71.3479462],"rotationMatrix":[-0.965551436,-0.260212123,0,0.260212123,-0.965551436,0,0,0,0.999999881],"scale":0.481574178,"type":"desert_rocks_tiny_06"}
{"pos":[-1037.60742,2062.9021,71.3133087],"rotationMatrix":[-0.818105638,-0.575067937,0,0.575067937,-0.818105638,0,0,0,0.999999881],"scale":0.285109848,"type":"desert_rocks_tiny_06"}
{"pos":[-1040.33679,2063.44922,71.0340347],"rotationMatrix":[-0.428174108,-0.90369612,0,0.90369612,-0.428174108,0,0,0,0.999999881],"scale":0.427386314,"type":"desert_rocks_tiny_06"}
{"pos":[-1039.02148,2062.46899,71.3574982],"rotationMatrix":[0.913377047,0.407114536,0,-0.407114536,0.913377047,0,0,0,0.999999881],"scale":0.489700139,"type":"desert_rocks_tiny_06"}
{"pos":[-1041.078,2061.94409,71.4169769],"rotationMatrix":[0.540592611,-0.841284335,0,0.841284335,0.540592611,0,0,0,0.999999881],"scale":0.449899465,"type":"desert_rocks_tiny_06"}
{"pos":[-1040.16553,2061.66968,71.5442276],"rotationMatrix":[0.0155878263,0.999878407,0,-0.999878407,0.0155878263,0,0,0,0.999999881],"scale":0.315382242,"type":"desert_rocks_tiny_06"}
{"pos":[-1041.65186,2061.74561,71.4298019],"rotationMatrix":[-0.966284633,0.257475942,0,-0.257475942,-0.966284633,0,0,0,0.999999881],"scale":0.356295794,"type":"desert_rocks_tiny_06"}
{"pos":[-1043.04333,2061.74585,71.3200226],"rotationMatrix":[0.728620529,0.684917569,0,-0.684917569,0.728620529,0,0,0,0.999999881],"scale":0.225842893,"type":"desert_rocks_tiny_06"}
{"pos":[-1043.90271,2061.59595,71.2961273],"rotationMatrix":[0.969106853,-0.246640891,0,0.246640891,0.969106853,0,0,0,0.999999881],"scale":0.259417892,"type":"desert_rocks_tiny_06"}
{"pos":[-1043.31763,2060.67334,71.6121674],"rotationMatrix":[0.913754642,0.406266391,0,-0.406266391,0.913754642,0,0,0,0.999999881],"scale":0.452623785,"type":"desert_rocks_tiny_06"}
{"pos":[-1042.6875,2061.41113,71.4459991],"rotationMatrix":[-0.243097723,-0.970001757,0,0.970001757,-0.243097723,0,0,0,0.999999881],"scale":0.424921215,"type":"desert_rocks_tiny_06"}
{"pos":[-1045.28333,2061.03589,71.3511276],"rotationMatrix":[-0.787142098,0.61677146,0,-0.61677146,-0.787142098,0,0,0,0.999999881],"scale":0.300827086,"type":"desert_rocks_tiny_06"}
{"pos":[-1047.50403,2060.66406,71.2848282],"rotationMatrix":[-0.993468344,-0.114107333,0,0.114107333,-0.993468344,0,0,0,0.999999881],"scale":0.467965096,"type":"desert_rocks_tiny_06"}
{"pos":[-1048.27539,2059.57153,71.5301361],"rotationMatrix":[-0.168971211,0.985620916,0,-0.985620916,-0.168971211,0,0,0,0.999999881],"scale":0.430432409,"type":"desert_rocks_tiny_06"}
{"pos":[-1050.18176,2059.42725,71.381073],"rotationMatrix":[-0.420777857,0.90716356,0,-0.90716356,-0.420777857,0,0,0,0.999999881],"scale":0.439793438,"type":"desert_rocks_tiny_06"}
{"pos":[-1049.67261,2059.84399,71.3211212],"rotationMatrix":[-0.773985326,-0.633203566,0,0.633203566,-0.773985326,0,0,0,0.999999881],"scale":0.34576875,"type":"desert_rocks_tiny_06"}
{"pos":[-1049.60535,2059.29883,71.4591293],"rotationMatrix":[0.999377668,-0.0352726765,0,0.0352726765,0.999377668,0,0,0,0.999999881],"scale":0.460327208,"type":"desert_rocks_tiny_06"}
{"pos":[-1050.05542,2059.08301,71.4750366],"rotationMatrix":[-0.997380376,0.0723340884,0,-0.0723340884,-0.997380376,0,0,0,0.999999881],"scale":0.297535479,"type":"desert_rocks_tiny_06"}
{"pos":[-1051.89575,2059.72485,71.1694641],"rotationMatrix":[0.0305863898,-0.999532044,0,0.999532044,0.0305863898,0,0,0,0.999999881],"scale":0.288406372,"type":"desert_rocks_tiny_06"}
{"pos":[-1051.7428,2059.30176,71.2847595],"rotationMatrix":[-0.957873642,-0.287189871,0,0.287189871,-0.957873642,0,0,0,0.999999881],"scale":0.28808701,"type":"desert_rocks_tiny_06"}
{"pos":[-1052.04968,2059.55225,71.1989212],"rotationMatrix":[-0.0344068445,0.999407828,0,-0.999407828,-0.0344068445,0,0,0,0.999999881],"scale":0.212598354,"type":"desert_rocks_tiny_06"}
{"pos":[-1053.74866,2059.0293,71.1880264],"rotationMatrix":[-0.398213208,-0.917292774,0,0.917292774,-0.398213208,0,0,0,0.999999881],"scale":0.268920332,"type":"desert_rocks_tiny_06"}
{"pos":[-1052.17163,2058.95459,71.3343201],"rotationMatrix":[0.999872804,0.0159445815,0,-0.0159445815,0.999872804,0,0,0,0.999999881],"scale":0.431674421,"type":"desert_rocks_tiny_06"}
{"pos":[-1052.41968,2058.88477,71.3311462],"rotationMatrix":[-0.980698287,-0.195526853,0,0.195526853,-0.980698287,0,0,0,0.999999881],"scale":0.41569975,"type":"desert_rocks_tiny_06"}
{"pos":[-1055.0531,2058.69214,71.1640167],"rotationMatrix":[-0.884962142,0.465662986,0,-0.465662986,-0.884962142,0,0,0,0.999999881],"scale":0.383956045,"type":"desert_rocks_tiny_06"}
{"pos":[-1054.28113,2057.94482,71.408432],"rotationMatrix":[0.287552983,-0.957764626,0,0.957764626,0.287552983,0,0,0,0.999999881],"scale":0.284121811,"type":"desert_rocks_tiny_06"}
{"pos":[-1054.40979,2058.16968,71.3433075],"rotationMatrix":[0.844302356,-0.535866797,0,0.535866797,0.844302356,0,0,0,0.999999881],"scale":0.239290133,"type":"desert_rocks_tiny_06"}
{"pos":[-1055.51843,2058.43555,71.1885986],"rotationMatrix":[0.403470159,0.914992809,0,-0.914992809,0.403470159,0,0,0,0.999999881],"scale":0.284690142,"type":"desert_rocks_tiny_06"}
{"pos":[-1053.75415,2058.7793,71.2483673],"rotationMatrix":[0.786616445,0.617441952,0,-0.617441952,0.786616445,0,0,0,0.999999881],"scale":0.395922124,"type":"desert_rocks_tiny_06"}
{"pos":[-1054.56519,2057.78198,71.424942],"rotationMatrix":[0.779446781,0.62646848,0,-0.62646848,0.779446781,0,0,0,0.999999881],"scale":0.301599383,"type":"desert_rocks_tiny_06"}
{"pos":[-1056.79199,2057.69287,71.2826157],"rotationMatrix":[0.972671688,0.232184842,0,-0.232184842,0.972671688,0,0,0,0.999999881],"scale":0.361396849,"type":"desert_rocks_tiny_06"}
{"pos":[-1056.80798,2057.43237,71.3466034],"rotationMatrix":[0.237399608,-0.971411943,0,0.971411943,0.237399608,0,0,0,0.999999881],"scale":0.229811937,"type":"desert_rocks_tiny_06"}
{"pos":[-1058.17212,2057.63574,71.2092209],"rotationMatrix":[0.966928005,0.255049199,0,-0.255049199,0.966928005,0,0,0,0.999999881],"scale":0.41161409,"type":"desert_rocks_tiny_06"}
