{"pos":[-954.867004,2085.69189,68.3540421],"rotationMatrix":[-0.995681882,0.0928296968,0,-0.0928296968,-0.995681882,0,0,0,0.999999881],"scale":0.674593866,"type":"desert_rocks_small_04"}
{"pos":[-953.795532,2084.90674,69.4594116],"rotationMatrix":[0.813384354,0.581726611,0,-0.581726611,0.813384354,0,0,0,0.999999881],"scale":0.737061799,"type":"desert_rocks_small_04"}
{"pos":[-960.368164,2079.479,72.3344955],"rotationMatrix":[-0.950332224,-0.311236948,0,0.311236948,-0.950332224,0,0,0,0.999999881],"scale":0.713578641,"type":"desert_rocks_small_04"}
{"pos":[-964.030579,2085.86426,68.2547836],"rotationMatrix":[-0.9758268,0.21854499,0,-0.21854499,-0.9758268,0,0,0,0.999999881],"scale":1.34868085,"type":"desert_rocks_small_04"}
{"pos":[-970.464172,2078.80322,70.9919739],"rotationMatrix":[0.926500142,0.376294404,0,-0.376294404,0.926500142,0,0,0,0.999999881],"scale":0.417475343,"type":"desert_rocks_small_04"}
{"pos":[-973.500732,2082.32739,68.824707],"rotationMatrix":[0.77213335,-0.635460436,0,0.635460436,0.77213335,0,0,0,0.999999881],"scale":0.802932024,"type":"desert_rocks_small_04"}
{"pos":[-971.313049,2082.34888,68.9436035],"rotationMatrix":[-0.739045501,-0.673655331,0,0.673655331,-0.739045501,0,0,0,0.999999881],"scale":0.706223905,"type":"desert_rocks_small_04"}
{"pos":[-972.487671,2077.28516,71.2724838],"rotationMatrix":[-0.405951768,0.913894355,0,-0.913894355,-0.405951768,0,0,0,0.999999881],"scale":0.647653162,"type":"desert_rocks_small_04"}
{"pos":[-979.409973,2075.84253,70.2161102],"rotationMatrix":[0.167645574,-0.985847294,0,0.985847294,0.167645574,0,0,0,0.999999881],"scale":1.14654171,"type":"desert_rocks_small_04"}
{"pos":[-980.264832,2078.70166,69.1181793],"rotationMatrix":[0.887459934,-0.46088469,0,0.46088469,0.887459934,0,0,0,0.999999881],"scale":0.485093057,"type":"desert_rocks_small_04"}
{"pos":[-977.099243,2074.39014,71.6661606],"rotationMatrix":[-0.980930746,-0.194357157,0,0.194357157,-0.980930746,0,0,0,0.999999881],"scale":0.417550951,"type":"desert_rocks_small_04"}
{"pos":[-985.911377,2076.50562,68.9929199],"rotationMatrix":[-0.139650479,-0.990200758,0,0.990200758,-0.139650479,0,0,0,0.999999881],"scale":0.553022861,"type":"desert_rocks_small_04"}
{"pos":[-988.039307,2070.26538,70.7823868],"rotationMatrix":[-0.621132731,-0.783705413,0,0.783705413,-0.621132731,0,0,0,0.999999881],"scale":0.95983839,"type":"desert_rocks_small_04"}
{"pos":[-991.378906,2069.42798,70.2887497],"rotationMatrix":[-0.781224668,0.624249876,0,-0.624249876,-0.781224668,0,0,0,0.999999881],"scale":0.424720168,"type":"desert_rocks_small_04"}
{"pos":[-986.717651,2066.87231,73.4733047],"rotationMatrix":[-0.0811549425,0.996701419,0,-0.996701419,-0.0811549425,0,0,0,0.999999881],"scale":0.322202891,"type":"desert_rocks_small_04"}
{"pos":[-988.838013,2072.10522,69.4658203],"rotationMatrix":[-0.231471702,-0.972841561,0,0.972841561,-0.231471702,0,0,0,0.999999881],"scale":0.997007787,"type":"desert_rocks_small_04"}
{"pos":[-997.43335,2067.0249,68.8677139],"rotationMatrix":[0.969233871,0.246141344,0,-0.246141344,0.969233871,0,0,0,0.999999881],"scale":0.858557105,"type":"desert_rocks_small_04"}
{"pos":[-993.167236,2064.26318,73.5184021],"rotationMatrix":[-0.514834106,-0.857289732,0,0.857289732,-0.514834106,0,0,0,0.999999881],"scale":0.690654755,"type":"desert_rocks_small_04"}
{"pos":[-1000.59387,2069.39478,67.5654297],"rotationMatrix":[0.873691857,0.48647967,0,-0.48647967,0.873691857,0,0,0,0.999999881],"scale":0.556022406,"type":"desert_rocks_small_04"}
{"pos":[-1002.3316,2068.6311,68.0307999],"rotationMatrix":[-0.899502099,-0.436916351,0,0.436916351,-0.899502099,0,0,0,0.999999881],"scale":0.716962516,"type":"desert_rocks_small_04"}
{"pos":[-1003.03955,2067.75366,68.3621521],"rotationMatrix":[0.960822999,0.277162552,0,-0.277162552,0.960822999,0,0,0,0.999999881],"scale":0.663820505,"type":"desert_rocks_small_04"}
{"pos":[-1002.75476,2066.83252,68.6256638],"rotationMatrix":[0.866037428,0.499979079,0,-0.499979079,0.866037428,0,0,0,0.999999881],"scale":0.920311511,"type":"desert_rocks_small_04"}
{"pos":[-1006.57867,2066.93604,69.1693039],"rotationMatrix":[0.760348618,0.649515152,0,-0.649515152,0.760348618,0,0,0,0.999999881],"scale":0.642987192,"type":"desert_rocks_small_04"}
{"pos":[-1010.27576,2066.70264,69.7212906],"rotationMatrix":[0.0631694943,-0.998002708,0,0.998002708,0.0631694943,0,0,0,0.999999881],"scale":1.22496057,"type":"desert_rocks_small_04"}
{"pos":[-1011.89575,2063.55908,71.1291428],"rotationMatrix":[-0.612177014,-0.790720761,0,0.790720761,-0.612177014,0,0,0,0.999999881],"scale":0.464933068,"type":"desert_rocks_small_04"}
{"pos":[-1023.91931,2063.84766,70.4015274],"rotationMatrix":[0.60607481,-0.795407534,0,0.795407534,0.60607481,0,0,0,0.999999881],"scale":0.409507215,"type":"desert_rocks_small_04"}
{"pos":[-1034.98108,2068.68457,69.5558319],"rotationMatrix":[-0.492015302,-0.870586395,0,0.870586395,-0.492015302,0,0,0,0.999999881],"scale":0.632753968,"type":"desert_rocks_small_04"}
{"pos":[-1032.6792,2066.60327,70.0752411],"rotationMatrix":[0.778669178,-0.627434552,0,0.627434552,0.778669178,0,0,0,0.999999881],"scale":0.69075793,"type":"desert_rocks_small_04"}
{"pos":[-1033.61389,2070.04565,69.0193481],"rotationMatrix":[-0.645198584,0.764014661,0,-0.764014661,-0.645198584,0,0,0,0.999999881],"scale":0.379014313,"type":"desert_rocks_small_04"}
{"pos":[-1036.95581,2063.78394,71.3179474],"rotationMatrix":[-0.509620786,0.860398948,0,-0.860398948,-0.509620786,0,0,0,0.999999881],"scale":0.447873741,"type":"desert_rocks_small_04"}
{"pos":[-1036.00098,2063.05713,71.6948776],"rotationMatrix":[-0.745821416,-0.66614598,0,0.66614598,-0.745821416,0,0,0,0.999999881],"scale":0.961014807,"type":"desert_rocks_small_04"}
{"pos":[-1040.29736,2070.20923,69.3217163],"rotationMatrix":[0.837622464,0.546249509,0,-0.546249509,0.837622464,0,0,0,0.999999881],"scale":0.741121113,"type":"desert_rocks_small_04"}
{"pos":[-1041.03857,2067.81592,69.7655106],"rotationMatrix":[-0.790890992,-0.611956894,0,0.611956894,-0.790890992,0,0,0,0.999999881],"scale":0.40141198,"type":"desert_rocks_small_04"}
{"pos":[-1045.85583,2068.01953,69.5221786],"rotationMatrix":[-0.725035489,-0.688711524,0,0.688711524,-0.725035489,0,0,0,0.999999881],"scale":1.07904243,"type":"desert_rocks_small_04"}
{"pos":[-1047.59949,2066.8584,69.7343597],"rotationMatrix":[-0.788116038,-0.615526497,0,0.615526497,-0.788116038,0,0,0,0.999999881],"scale":0.711755693,"type":"desert_rocks_small_04"}
{"pos":[-1048.96362,2069.4165,69.1083298],"rotationMatrix":[-0.824706137,0.565561175,0,-0.565561175,-0.824706137,0,0,0,0.999999881],"scale":1.03577399,"type":"desert_rocks_small_04"}
{"pos":[-1044.3822,2064.62036,70.394043],"rotationMatrix":[0.37195316,0.928251505,0,-0.928251505,0.37195316,0,0,0,0.999999881],"scale":0.500764132,"type":"desert_rocks_small_04"}
{"pos":[-1046.04346,2061.32812,71.1558762],"rotationMatrix":[-0.919727504,-0.392557174,0,0.392557174,-0.919727504,0,0,0,0.999999881],"scale":0.914440811,"type":"desert_rocks_small_04"}
{"pos":[-1046.75183,2063.0293,70.701767],"rotationMatrix":[-0.306806207,-0.951771915,0,0.951771915,-0.306806207,0,0,0,0.999999881],"scale":0.49127686,"type":"desert_rocks_small_04"}
{"pos":[-1052.37354,2065.19312,69.8894653],"rotationMatrix":[0.986210287,0.16549702,0,-0.16549702,0.986210287,0,0,0,0.999999881],"scale":0.661146283,"type":"desert_rocks_small_04"}
{"pos":[-1050.8302,2067.95581,69.5708542],"rotationMatrix":[-0.766830385,-0.641849816,0,0.641849816,-0.766830385,0,0,0,0.999999881],"scale":0.7553159,"type":"desert_rocks_small_04"}
{"pos":[-1056.08997,2063.39624,69.8658218],"rotationMatrix":[0.831306756,-0.55581367,0,0.55581367,0.831306756,0,0,0,0.999999881],"scale":0.754829764,"type":"desert_rocks_small_04"}
{"pos":[-1057.34021,2061.55688,70.2445602],"rotationMatrix":[-0.0759268925,0.997113287,0,-0.997113287,-0.0759268925,0,0,0,0.999999881],"scale":0.736070931,"type":"desert_rocks_small_04"}
{"pos":[-1044.94067,2069.42261,69.209343],"rotationMatrix":[-0.996078968,-0.0884675682,0,0.0884675682,-0.996078968,0,0,0,0.999999881],"scale":0.407518536,"type":"desert_rocks_small_04"}
{"pos":[-1042.40735,2068.36621,69.5787201],"rotationMatrix":[0.869062126,0.494702995,0,-0.494702995,0.869062126,0,0,0,0.999999881],"scale":0.532696128,"type":"desert_rocks_small_04"}
{"pos":[-1056.25085,2061.19238,70.4379196],"rotationMatrix":[-0.977053344,0.212994277,0,-0.212994277,-0.977053344,0,0,0,0.999999881],"scale":0.673600435,"type":"desert_rocks_small_04"}
{"pos":[-1063.80603,2057.31567,70.9194183],"rotationMatrix":[0.262068927,-0.965049088,0,0.965049088,0.262068927,0,0,0,0.999999881],"scale":0.585498571,"type":"desert_rocks_small_04"}
{"pos":[-1070.76892,2062.04492,69.2744904],"rotationMatrix":[0.792000473,0.610520422,0,-0.610520422,0.792000473,0,0,0,0.999999881],"scale":1.37611616,"type":"desert_rocks_small_04"}
{"pos":[-1068.62524,2063.90942,69.1528854],"rotationMatrix":[-0.920921564,-0.389747918,0,0.389747918,-0.920921564,0,0,0,0.999999881],"scale":0.752453744,"type":"desert_rocks_small_04"}
{"pos":[-1076.51062,2053.53931,70.4226685],"rotationMatrix":[0.999748349,0.0224293154,0,-0.0224293154,0.999748349,0,0,0,0.999999881],"scale":0.375432074,"type":"desert_rocks_small_04"}
{"pos":[-1078.10962,2049.84692,70.5698166],"rotationMatrix":[0.729195714,0.684305191,0,-0.684305191,0.729195714,0,0,0,0.999999881],"scale":0.377046883,"type":"desert_rocks_small_04"}
{"pos":[-1084.83936,2046.63684,70.9614334],"rotationMatrix":[-0.318772882,0.947830975,0,-0.947830975,-0.318772882,0,0,0,0.999999881],"scale":1.39484966,"type":"desert_rocks_small_04"}
{"pos":[-1081.54297,2045.77771,71.489769],"rotationMatrix":[0.628301919,0.777969599,0,-0.777969599,0.628301919,0,0,0,0.999999881],"scale":0.742919624,"type":"desert_rocks_small_04"}
{"pos":[-1082.00171,2047.85303,70.666481],"rotationMatrix":[0.896458387,0.443127841,0,-0.443127841,0.896458387,0,0,0,0.999999881],"scale":1.07675695,"type":"desert_rocks_small_04"}
{"pos":[-1083.82507,2046.38464,71.1380386],"rotationMatrix":[0.540186942,-0.841544867,0,0.841544867,0.540186942,0,0,0,0.999999881],"scale":0.647852182,"type":"desert_rocks_small_04"}
{"pos":[-1081.91992,2052.31201,69.7828979],"rotationMatrix":[-0.786934674,0.617036223,0,-0.617036223,-0.786934674,0,0,0,0.999999881],"scale":0.345738769,"type":"desert_rocks_small_04"}
{"pos":[-1087.27295,2047.39502,70.8397522],"rotationMatrix":[0.979739964,-0.200273424,0,0.200273424,0.979739964,0,0,0,0.999999881],"scale":0.594513059,"type":"desert_rocks_small_04"}
{"pos":[-1086.88354,2050.33911,69.7726364],"rotationMatrix":[0.853421748,0.521220922,0,-0.521220922,0.853421748,0,0,0,0.999999881],"scale":0.37436986,"type":"desert_rocks_small_04"}
{"pos":[-1092.14465,2052.47974,69.5482101],"rotationMatrix":[-0.49165079,-0.870792449,0,0.870792449,-0.49165079,0,0,0,0.999999881],"scale":0.707208872,"type":"desert_rocks_small_04"}
{"pos":[-1089.74915,2047.15271,71.2916641],"rotationMatrix":[-0.886337757,0.463038951,0,-0.463038951,-0.886337757,0,0,0,0.999999881],"scale":0.661115766,"type":"desert_rocks_small_04"}
{"pos":[-1096.92676,2049.10547,70.5143509],"rotationMatrix":[-0.565957904,0.824433923,0,-0.824433923,-0.565957904,0,0,0,0.999999881],"scale":0.877195179,"type":"desert_rocks_small_04"}
{"pos":[-1096.6134,2050.09766,70.2416687],"rotationMatrix":[0.528501391,-0.848932326,0,0.848932326,0.528501391,0,0,0,0.999999881],"scale":0.71322453,"type":"desert_rocks_small_04"}
{"pos":[-1095.15759,2047.46863,71.9122543],"rotationMatrix":[-0.385896146,-0.922542214,0,0.922542214,-0.385896146,0,0,0,0.999999881],"scale":0.36509788,"type":"desert_rocks_small_04"}
{"pos":[-1104.17639,2045.96777,71.7914581],"rotationMatrix":[0.836272538,0.548313975,0,-0.548313975,0.836272538,0,0,0,0.999999881],"scale":0.992242813,"type":"desert_rocks_small_04"}
{"pos":[-1100.69714,2049.46729,68.0786285],"rotationMatrix":[-0.858382642,0.513009787,0,-0.513009787,-0.858382642,0,0,0,0.999999881],"scale":0.535989225,"type":"desert_rocks_small_04"}
{"pos":[-1099.53833,2048.13306,69.41922],"rotationMatrix":[0.615769804,-0.787926018,0,0.787926018,0.615769804,0,0,0,0.999999881],"scale":0.813501954,"type":"desert_rocks_small_04"}
{"pos":[-1107.48584,2048.6604,71.5982285],"rotationMatrix":[0.224745065,0.974417627,0,-0.974417627,0.224745065,0,0,0,0.999999881],"scale":0.785575628,"type":"desert_rocks_small_04"}
{"pos":[-1106.20093,2053.41846,69.0050583],"rotationMatrix":[-0.465945035,0.884813488,0,-0.884813488,-0.465945035,0,0,0,0.999999881],"scale":1.3016187,"type":"desert_rocks_small_04"}
{"pos":[-1102.70496,2049.87964,68.7257843],"rotationMatrix":[0.870691836,0.491828918,0,-0.491828918,0.870691836,0,0,0,0.999999881],"scale":0.375069857,"type":"desert_rocks_small_04"}
{"pos":[-1109.09143,2055.17041,69.3544312],"rotationMatrix":[-0.336160451,0.941804588,0,-0.941804588,-0.336160451,0,0,0,0.999999881],"scale":1.179546,"type":"desert_rocks_small_04"}
{"pos":[-1114.77307,2055.99316,69.5038452],"rotationMatrix":[0.859867871,-0.510516286,0,0.510516286,0.859867871,0,0,0,0.999999881],"scale":0.558238387,"type":"desert_rocks_small_04"}
{"pos":[-1116.7782,2050.32837,71.6628647],"rotationMatrix":[-0.933787763,-0.357827187,0,0.357827187,-0.933787763,0,0,0,0.999999881],"scale":0.553036213,"type":"desert_rocks_small_04"}
{"pos":[-1115.09436,2054.38159,69.7240753],"rotationMatrix":[-0.45206818,0.891983211,0,-0.891983211,-0.45206818,0,0,0,0.999999881],"scale":0.776111722,"type":"desert_rocks_small_04"}
{"pos":[-1115.10571,2052.44727,70.3069],"rotationMatrix":[-0.977751195,0.209767967,0,-0.209767967,-0.977751195,0,0,0,0.999999881],"scale":0.784938574,"type":"desert_rocks_small_04"}
{"pos":[-1122.85828,2049.45459,71.5926819],"rotationMatrix":[-0.677031934,-0.73595345,0,0.73595345,-0.677031934,0,0,0,0.999999881],"scale":1.23789501,"type":"desert_rocks_small_04"}
{"pos":[-1127.5365,2052.11865,69.5967178],"rotationMatrix":[0.425932735,0.904754817,0,-0.904754817,0.425932735,0,0,0,0.999999881],"scale":0.58843106,"type":"desert_rocks_small_04"}
{"pos":[-1126.94861,2050.96729,70.2552795],"rotationMatrix":[-0.758463383,-0.651715636,0,0.651715636,-0.758463383,0,0,0,0.999999881],"scale":0.424643993,"type":"desert_rocks_small_04"}
{"pos":[-1124.52795,2056.39819,69.2030716],"rotationMatrix":[-0.556723833,-0.830697477,0,0.830697477,-0.556723833,0,0,0,0.999999881],"scale":0.355647892,"type":"desert_rocks_small_04"}
{"pos":[-1130.53748,2052.49536,68.9135895],"rotationMatrix":[-0.397925794,0.917417467,0,-0.917417467,-0.397925794,0,0,0,0.999999881],"scale":0.495905221,"type":"desert_rocks_small_04"}
{"pos":[-1127.02295,2053.11548,69.573143],"rotationMatrix":[-0.900937915,-0.433947802,0,0.433947802,-0.900937915,0,0,0,0.999999881],"scale":0.613051593,"type":"desert_rocks_small_04"}
{"pos":[-1134.07874,2051.86084,68.291008],"rotationMatrix":[0.524030805,-0.851699293,0,0.851699293,0.524030805,0,0,0,0.999999881],"scale":1.13900757,"type":"desert_rocks_small_04"}
{"pos":[-1135.11523,2051.58057,68.1147995],"rotationMatrix":[-0.82218647,0.569218099,0,-0.569218099,-0.82218647,0,0,0,0.999999881],"scale":0.49233681,"type":"desert_rocks_small_04"}
{"pos":[-1134.35742,2042.42798,71.507164],"rotationMatrix":[0.0117520327,0.999930859,0,-0.999930859,0.0117520327,0,0,0,0.999999881],"scale":1.00712228,"type":"desert_rocks_small_04"}
{"pos":[-1136.52234,2043.58997,70.8570557],"rotationMatrix":[-0.755490601,-0.655159473,0,0.655159473,-0.755490601,0,0,0,0.999999881],"scale":0.498373419,"type":"desert_rocks_small_04"}
{"pos":[-1136.14172,2050.70435,68.412674],"rotationMatrix":[-0.899710596,-0.436486751,0,0.436486751,-0.899710596,0,0,0,0.999999881],"scale":0.514026523,"type":"desert_rocks_small_04"}
{"pos":[-1135.27661,2045.36658,70.0493546],"rotationMatrix":[0.153074592,-0.988214552,0,0.988214552,0.153074592,0,0,0,0.999999881],"scale":0.456470788,"type":"desert_rocks_small_04"}
{"pos":[-1131.98486,2046.17236,70.7773132],"rotationMatrix":[-0.76302433,0.646369636,0,-0.646369636,-0.76302433,0,0,0,0.999999881],"scale":0.547088981,"type":"desert_rocks_small_04"}
{"pos":[-1145.45459,2052.04126,69.9599838],"rotationMatrix":[0.27938056,0.960180461,0,-0.960180461,0.27938056,0,0,0,0.999999881],"scale":0.82291019,"type":"desert_rocks_small_04"}
{"pos":[-1141.69666,2049.24414,69.916893],"rotationMatrix":[-0.958142459,0.28629151,0,-0.28629151,-0.958142459,0,0,0,0.999999881],"scale":0.322684944,"type":"desert_rocks_small_04"}
{"pos":[-1145.20947,2047.99573,70.8119659],"rotationMatrix":[0.691271245,-0.722595155,0,0.722595155,0.691271245,0,0,0,0.999999881],"scale":1.06545496,"type":"desert_rocks_small_04"}
{"pos":[-1144.26038,2052.84375,69.5737381],"rotationMatrix":[-0.958114207,-0.286386132,0,0.286386132,-0.958114207,0,0,0,0.999999881],"scale":0.332646251,"type":"desert_rocks_small_04"}
{"pos":[-1147.79553,2057.00635,69.320549],"rotationMatrix":[-0.955203235,0.295950204,0,-0.295950204,-0.955203235,0,0,0,0.999999881],"scale":1.31995082,"type":"desert_rocks_small_04"}
{"pos":[-1147.76746,2051.63403,70.4064255],"rotationMatrix":[0.936445951,0.35081175,0,-0.35081175,0.936445951,0,0,0,0.999999881],"scale":1.19402266,"type":"desert_rocks_small_04"}
{"pos":[-1149.98608,2058.48853,69.037941],"rotationMatrix":[0.998004079,-0.0631483421,0,0.0631483421,0.998004079,0,0,0,0.999999881],"scale":0.862082839,"type":"desert_rocks_small_04"}
{"pos":[-1147.21143,2055.19775,69.7088623],"rotationMatrix":[0.812943637,0.582342327,0,-0.582342327,0.812943637,0,0,0,0.999999881],"scale":0.666638732,"type":"desert_rocks_small_04"}
{"pos":[-1154.31421,2053.06787,71.3026352],"rotationMatrix":[0.45988068,-0.88798064,0,0.88798064,0.45988068,0,0,0,0.999999881],"scale":0.671682656,"type":"desert_rocks_small_04"}
{"pos":[-1151.37732,2057.59863,69.3525314],"rotationMatrix":[0.965395272,-0.260790706,0,0.260790706,0.965395272,0,0,0,0.999999881],"scale":1.11281669,"type":"desert_rocks_small_04"}
{"pos":[-1153.68982,2052.43921,71.4131546],"rotationMatrix":[-0.520252466,-0.854012311,0,0.854012311,-0.520252466,0,0,0,0.999999881],"scale":0.385121822,"type":"desert_rocks_small_04"}
{"pos":[-1152.59155,2060.10938,68.7171936],"rotationMatrix":[0.943788946,-0.330548376,0,0.330548376,0.943788946,0,0,0,0.999999881],"scale":0.574046433,"type":"desert_rocks_small_04"}
{"pos":[-1158.68274,2057.41357,70.5281906],"rotationMatrix":[0.311570227,-0.950223029,0,0.950223029,0.311570227,0,0,0,0.999999881],"scale":1.29061425,"type":"desert_rocks_small_04"}
{"pos":[-1160.50171,2062.84888,70.0070419],"rotationMatrix":[0.379496098,-0.92519325,0,0.92519325,0.379496098,0,0,0,0.999999881],"scale":1.21092701,"type":"desert_rocks_small_04"}
{"pos":[-1158.00293,2065.45972,69.3579712],"rotationMatrix":[0.788983345,0.614414573,0,-0.614414573,0.788983345,0,0,0,0.999999881],"scale":0.819559515,"type":"desert_rocks_small_04"}
{"pos":[-1162.6062,2064.54883,69.9376373],"rotationMatrix":[0.607150674,0.794586718,0,-0.794586718,0.607150674,0,0,0,0.999999881],"scale":0.836228609,"type":"desert_rocks_small_04"}
{"pos":[-1165.48669,2064.64722,70.3834076],"rotationMatrix":[0.990117371,0.140240625,0,-0.140240625,0.990117371,0,0,0,0.999999881],"scale":0.510958076,"type":"desert_rocks_small_04"}
{"pos":[-1168.90161,2066.58813,70.0157776],"rotationMatrix":[-0.578170717,0.815915644,0,-0.815915644,-0.578170717,0,0,0,0.999999881],"scale":1.1523124,"type":"desert_rocks_small_04"}
{"pos":[-1171.55664,2068.05371,69.2822113],"rotationMatrix":[0.415759563,-0.909474492,0,0.909474492,0.415759563,0,0,0,0.999999881],"scale":0.688473821,"type":"desert_rocks_small_04"}
{"pos":[-1170.04626,2064.61768,70.4011536],"rotationMatrix":[-0.447423875,0.894321859,0,-0.894321859,-0.447423875,0,0,0,0.999999881],"scale":0.706472516,"type":"desert_rocks_small_04"}
{"pos":[-1165.04407,2066.44312,69.8051834],"rotationMatrix":[0.145302162,-0.989387214,0,0.989387214,0.145302162,0,0,0,0.999999881],"scale":0.323129445,"type":"desert_rocks_small_04"}
{"pos":[-1170.3136,2070.54614,68.8338623],"rotationMatrix":[-0.826393068,-0.563093662,0,0.563093662,-0.826393068,0,0,0,0.999999881],"scale":0.396354944,"type":"desert_rocks_small_04"}
{"pos":[-1170.59753,2069.49072,69.0816498],"rotationMatrix":[0.172997415,0.98492223,0,-0.98492223,0.172997415,0,0,0,0.999999881],"scale":0.588250697,"type":"desert_rocks_small_04"}
{"pos":[-1168.52014,2063.62769,70.8113098],"rotationMatrix":[-0.984521091,-0.175265789,0,0.175265789,-0.984521091,0,0,0,0.999999881],"scale":0.945291281,"type":"desert_rocks_small_04"}
{"pos":[-1171.82373,2069.45581,68.8212433],"rotationMatrix":[-0.372242272,0.928135455,0,-0.928135455,-0.372242272,0,0,0,0.999999881],"scale":0.756816983,"type":"desert_rocks_small_04"}
{"pos":[-1176.86621,2062.64014,68.27491],"rotationMatrix":[0.978101432,0.208128616,0,-0.208128616,0.978101432,0,0,0,0.999999881],"scale":0.337495059,"type":"desert_rocks_small_04"}
{"pos":[-1172.08997,2057.54248,70.4169846],"rotationMatrix":[0.97826618,-0.207352653,0,0.207352653,0.97826618,0,0,0,0.999999881],"scale":0.870470524,"type":"desert_rocks_small_04"}
{"pos":[-1176.90161,2061.41846,68.3301315],"rotationMatrix":[0.990086377,-0.140458852,0,0.140458852,0.990086377,0,0,0,0.999999881],"scale":1.31299198,"type":"desert_rocks_small_04"}
{"pos":[-1177.99011,2053.04761,69.2325516],"rotationMatrix":[0.426743209,0.904372871,0,-0.904372871,0.426743209,0,0,0,0.999999881],"scale":0.605259836,"type":"desert_rocks_small_04"}
{"pos":[-1173.6261,2059.04199,69.7751923],"rotationMatrix":[0.191850826,-0.981423974,0,0.981423974,0.191850826,0,0,0,0.999999881],"scale":0.901998758,"type":"desert_rocks_small_04"}
{"pos":[-1180.29419,2055.91724,68.4818726],"rotationMatrix":[0.996137679,-0.0878036395,0,0.0878036395,0.996137679,0,0,0,0.999999881],"scale":0.597067952,"type":"desert_rocks_small_04"}
{"pos":[-1176.46924,2054.94897,69.5865326],"rotationMatrix":[-0.316137642,0.948713243,0,-0.948713243,-0.316137642,0,0,0,0.999999881],"scale":0.951125741,"type":"desert_rocks_small_04"}
{"pos":[-1175.13464,2058.5896,69.4133148],"rotationMatrix":[0.796307445,0.604892075,0,-0.604892075,0.796307445,0,0,0,0.999999881],"scale":0.931935668,"type":"desert_rocks_small_04"}
{"pos":[-1182.60425,2049.80566,69.8121948],"rotationMatrix":[-0.63564992,-0.771977246,0,0.771977246,-0.63564992,0,0,0,0.999999881],"scale":0.333487004,"type":"desert_rocks_small_04"}
{"pos":[-1177.52588,2049.03174,70.2012329],"rotationMatrix":[-0.744695544,0.667404056,0,-0.667404056,-0.744695544,0,0,0,0.999999881],"scale":0.48236388,"type":"desert_rocks_small_04"}
{"pos":[-1184.48499,2050.76538,69.858345],"rotationMatrix":[0.142340675,0.989817679,0,-0.989817679,0.142340675,0,0,0,0.999999881],"scale":0.398794085,"type":"desert_rocks_small_04"}
{"pos":[-1196.32532,2038.44324,70.4065094],"rotationMatrix":[0.909185171,0.416391879,0,-0.416391879,0.909185171,0,0,0,0.999999881],"scale":0.86441052,"type":"desert_rocks_small_04"}
{"pos":[-1193.37207,2038.62549,69.6360474],"rotationMatrix":[0.987340569,0.158614054,0,-0.158614054,0.987340569,0,0,0,0.999999881],"scale":1.32506514,"type":"desert_rocks_small_04"}
{"pos":[-1189.30554,2036.87305,69.3563766],"rotationMatrix":[-0.193278581,0.981143773,0,-0.981143773,-0.193278581,0,0,0,0.999999881],"scale":1.17051947,"type":"desert_rocks_small_04"}
{"pos":[-1187.20203,2038.29004,69.410675],"rotationMatrix":[-0.997238696,-0.0742618069,0,0.0742618069,-0.997238696,0,0,0,0.999999881],"scale":0.612082601,"type":"desert_rocks_small_04"}
{"pos":[-1190.0365,2037.43311,69.4045868],"rotationMatrix":[-0.359081984,0.933305919,0,-0.933305919,-0.359081984,0,0,0,0.999999881],"scale":0.587012768,"type":"desert_rocks_small_04"}
{"pos":[-1187.08179,2040.92957,69.6685562],"rotationMatrix":[0.750812888,-0.660514772,0,0.660514772,0.750812888,0,0,0,0.999999881],"scale":1.28458953,"type":"desert_rocks_small_04"}
{"pos":[-1201.84021,2043.0155,69.6136246],"rotationMatrix":[-0.96536535,0.260901451,0,-0.260901451,-0.96536535,0,0,0,0.999999881],"scale":0.386804998,"type":"desert_rocks_small_04"}
{"pos":[-1204.03137,2039.89941,70.673851],"rotationMatrix":[0.0509748273,-0.998699784,0,0.998699784,0.0509748273,0,0,0,0.999999881],"scale":0.814753592,"type":"desert_rocks_small_04"}
{"pos":[-1204.18909,2045.9032,68.9700546],"rotationMatrix":[0.342974871,-0.939344466,0,0.939344466,0.342974871,0,0,0,0.999999881],"scale":0.343951911,"type":"desert_rocks_small_04"}
{"pos":[-1199.59424,2042.15454,70.1864395],"rotationMatrix":[-0.924748123,-0.380579561,0,0.380579561,-0.924748123,0,0,0,0.999999881],"scale":0.50513649,"type":"desert_rocks_small_04"}
{"pos":[-1207.41211,2043.34192,69.891098],"rotationMatrix":[0.890714586,-0.454562753,0,0.454562753,0.890714586,0,0,0,0.999999881],"scale":0.458543658,"type":"desert_rocks_small_04"}
{"pos":[-1211.67139,2040.41321,71.0611343],"rotationMatrix":[-0.738963902,0.673744738,0,-0.673744738,-0.738963902,0,0,0,0.999999881],"scale":0.887572289,"type":"desert_rocks_small_04"}
{"pos":[-1209.17688,2042.73352,70.3842621],"rotationMatrix":[-0.990499735,-0.137514144,0,0.137514144,-0.990499735,0,0,0,0.999999881],"scale":0.7200284,"type":"desert_rocks_small_04"}
{"pos":[-1205.32581,2048.77881,69.4353104],"rotationMatrix":[0.94888413,0.315624595,0,-0.315624595,0.94888413,0,0,0,0.999999881],"scale":1.07317758,"type":"desert_rocks_small_04"}
{"pos":[-1205.14258,2048.09106,69.4196777],"rotationMatrix":[-0.313012719,-0.949748814,0,0.949748814,-0.313012719,0,0,0,0.999999881],"scale":0.388880312,"type":"desert_rocks_small_04"}
{"pos":[-1207.82422,2055.6543,69.147438],"rotationMatrix":[-0.075807102,-0.997122407,0,0.997122407,-0.075807102,0,0,0,0.999999881],"scale":0.643255234,"type":"desert_rocks_small_04"}
{"pos":[-1204.32837,2053.56885,68.6475067],"rotationMatrix":[0.671787381,0.740744054,0,-0.740744054,0.671787381,0,0,0,0.999999881],"scale":0.496722817,"type":"desert_rocks_small_04"}
{"pos":[-1208.73474,2057.26514,69.9088058],"rotationMatrix":[0.80572474,-0.592289984,0,0.592289984,0.80572474,0,0,0,0.999999881],"scale":0.776692331,"type":"desert_rocks_small_04"}
{"pos":[-1202.11865,2052.80249,68.2799072],"rotationMatrix":[0.765571833,0.643350422,0,-0.643350422,0.765571833,0,0,0,0.999999881],"scale":1.28990424,"type":"desert_rocks_small_04"}
{"pos":[-1203.95129,2060.8396,68.6629715],"rotationMatrix":[0.098088026,-0.995177627,0,0.995177627,0.098088026,0,0,0,0.999999881],"scale":1.19301832,"type":"desert_rocks_small_04"}
{"pos":[-1207.09741,2059.24634,69.6280899],"rotationMatrix":[0.80911839,0.58764559,0,-0.58764559,0.80911839,0,0,0,0.999999881],"scale":0.610916853,"type":"desert_rocks_small_04"}
{"pos":[-1205.52502,2063.52612,69.529686],"rotationMatrix":[-0.901021719,0.433773756,0,-0.433773756,-0.901021719,0,0,0,0.999999881],"scale":1.2094444,"type":"desert_rocks_small_04"}
{"pos":[-1201.95825,2066.84595,66.780838],"rotationMatrix":[-0.792191207,0.610272646,0,-0.610272646,-0.792191207,0,0,0,0.999999881],"scale":0.695958972,"type":"desert_rocks_small_04"}
{"pos":[-1201.34253,2068.28857,66.2369537],"rotationMatrix":[0.0395141765,-0.999218941,0,0.999218941,0.0395141765,0,0,0,0.999999881],"scale":0.539392233,"type":"desert_rocks_small_04"}
{"pos":[-1203.42993,2066.37036,67.7429581],"rotationMatrix":[0.423986495,0.905668557,0,-0.905668557,0.423986495,0,0,0,0.999999881],"scale":0.661717057,"type":"desert_rocks_small_04"}
{"pos":[-1205.78394,2065.82275,69.3075104],"rotationMatrix":[-0.193009093,0.981196821,0,-0.981196821,-0.193009093,0,0,0,0.999999881],"scale":0.408310771,"type":"desert_rocks_small_04"}
{"pos":[-1208.74304,2070.63037,69.8249359],"rotationMatrix":[-0.439882636,-0.898055136,0,0.898055136,-0.439882636,0,0,0,0.999999881],"scale":0.917786062,"type":"desert_rocks_small_04"}
{"pos":[-1206.14417,2071.88428,68.0461121],"rotationMatrix":[-0.148333281,-0.988937318,0,0.988937318,-0.148333281,0,0,0,0.999999881],"scale":0.627875149,"type":"desert_rocks_small_04"}
{"pos":[-1209.90247,2068.85498,70.9204941],"rotationMatrix":[-0.614037156,0.789276898,0,-0.789276898,-0.614037156,0,0,0,0.999999881],"scale":1.40226674,"type":"desert_rocks_small_04"}
{"pos":[-1206.58875,2070.94873,68.6348038],"rotationMatrix":[0.893474758,-0.449113041,0,0.449113041,0.893474758,0,0,0,0.999999881],"scale":0.664122403,"type":"desert_rocks_small_04"}
{"pos":[-1202.88501,2071.42212,66.5246277],"rotationMatrix":[-0.267394751,0.963586986,0,-0.963586986,-0.267394751,0,0,0,0.999999881],"scale":0.646140456,"type":"desert_rocks_small_04"}
{"pos":[-1209.2395,2075.30811,68.5028763],"rotationMatrix":[0.912248909,-0.40963614,0,0.40963614,0.912248909,0,0,0,0.999999881],"scale":0.68670392,"type":"desert_rocks_small_04"}
{"pos":[-1208.47302,2073.53491,68.6220551],"rotationMatrix":[-0.947609484,-0.319431186,0,0.319431186,-0.947609484,0,0,0,0.999999881],"scale":0.626756072,"type":"desert_rocks_small_04"}
{"pos":[-1206.43958,2076.44556,67.543335],"rotationMatrix":[0.96537739,0.260857254,0,-0.260857254,0.96537739,0,0,0,0.999999881],"scale":1.0321449,"type":"desert_rocks_small_04"}
{"pos":[-1212.50586,2072.63403,70.9859772],"rotationMatrix":[-0.795683205,0.605712652,0,-0.605712652,-0.795683205,0,0,0,0.999999881],"scale":0.5888322,"type":"desert_rocks_small_04"}
{"pos":[-1210.33118,2073.25024,69.7217407],"rotationMatrix":[-0.622655511,-0.782495916,0,0.782495916,-0.622655511,0,0,0,0.999999881],"scale":0.408715039,"type":"desert_rocks_small_04"}
{"pos":[-1214.82166,2078.91895,70.2207642],"rotationMatrix":[-0.818780482,0.574106634,0,-0.574106634,-0.818780482,0,0,0,0.999999881],"scale":0.395968646,"type":"desert_rocks_small_04"}
{"pos":[-1212.6731,2081.81006,69.1381454],"rotationMatrix":[0.956337154,-0.292265236,0,0.292265236,0.956337154,0,0,0,0.999999881],"scale":0.732796907,"type":"desert_rocks_small_04"}
{"pos":[-1211.35632,2081.86743,68.7779312],"rotationMatrix":[-0.889578402,0.456782401,0,-0.456782401,-0.889578402,0,0,0,0.999999881],"scale":0.575429201,"type":"desert_rocks_small_04"}
{"pos":[-1215.13977,2077.19775,70.7146912],"rotationMatrix":[-0.397631377,0.91754514,0,-0.91754514,-0.397631377,0,0,0,0.999999881],"scale":0.562287331,"type":"desert_rocks_small_04"}
{"pos":[-1212.74841,2076.48169,69.7581787],"rotationMatrix":[0.840791225,0.541359484,0,-0.541359484,0.840791225,0,0,0,0.999999881],"scale":0.408386707,"type":"desert_rocks_small_04"}
{"pos":[-1214.06128,2077.13306,70.1911011],"rotationMatrix":[0.677654147,0.735380709,0,-0.735380709,0.677654147,0,0,0,0.999999881],"scale":0.54552269,"type":"desert_rocks_small_04"}
{"pos":[-1215.19043,2083.31836,69.0489197],"rotationMatrix":[-0.620441496,-0.784252703,0,0.784252703,-0.620441496,0,0,0,0.999999881],"scale":1.26486099,"type":"desert_rocks_small_04"}
{"pos":[-1214.17444,2083.6748,68.8393555],"rotationMatrix":[-0.932444155,-0.361313999,0,0.361313999,-0.932444155,0,0,0,0.999999881],"scale":0.404974699,"type":"desert_rocks_small_04"}
{"pos":[-1225.62598,2081.12866,68.7402115],"rotationMatrix":[0.984924436,-0.172984496,0,0.172984496,0.984924436,0,0,0,0.999999881],"scale":1.06961596,"type":"desert_rocks_small_04"}
{"pos":[-1222.38293,2083.25049,68.9972153],"rotationMatrix":[0.0480892174,-0.998842955,0,0.998842955,0.0480892174,0,0,0,0.999999881],"scale":0.791686177,"type":"desert_rocks_small_04"}
{"pos":[-1219.26294,2078.86572,70.1701279],"rotationMatrix":[-0.388584495,0.921413004,0,-0.921413004,-0.388584495,0,0,0,0.999999881],"scale":0.380848497,"type":"desert_rocks_small_04"}
{"pos":[-1229.19482,2076.23657,68.8840714],"rotationMatrix":[-0.571267366,0.820763826,0,-0.820763826,-0.571267366,0,0,0,0.999999881],"scale":0.930556953,"type":"desert_rocks_small_04"}
{"pos":[-1229.77466,2074.71167,68.9682617],"rotationMatrix":[0.609321296,-0.792923212,0,0.792923212,0.609321296,0,0,0,0.999999881],"scale":1.15783823,"type":"desert_rocks_small_04"}
{"pos":[-1226.3595,2071.69458,70.9142532],"rotationMatrix":[0.813305318,-0.581837058,0,0.581837058,0.813305318,0,0,0,0.999999881],"scale":1.08791041,"type":"desert_rocks_small_04"}
{"pos":[-1227.01514,2077.56836,69.0581207],"rotationMatrix":[0.32503444,0.945702136,0,-0.945702136,0.32503444,0,0,0,0.999999881],"scale":0.639326572,"type":"desert_rocks_small_04"}
{"pos":[-1231.09985,2072.33057,69.1439972],"rotationMatrix":[0.56885004,0.82244128,0,-0.82244128,0.56885004,0,0,0,0.999999881],"scale":0.452466786,"type":"desert_rocks_small_04"}
{"pos":[-1233.15735,2066.48804,69.9046478],"rotationMatrix":[-0.672739863,0.739879012,0,-0.739879012,-0.672739863,0,0,0,0.999999881],"scale":1.19557703,"type":"desert_rocks_small_04"}
{"pos":[-1236.86426,2070.4895,68.2133713],"rotationMatrix":[-0.889643788,0.456655145,0,-0.456655145,-0.889643788,0,0,0,0.999999881],"scale":1.02782261,"type":"desert_rocks_small_04"}
{"pos":[-1233.25073,2063.22754,70.3475494],"rotationMatrix":[0.949496806,-0.313776553,0,0.313776553,0.949496806,0,0,0,0.999999881],"scale":0.580879211,"type":"desert_rocks_small_04"}
{"pos":[-1238.98462,2067.09082,68.3453522],"rotationMatrix":[-0.952781498,0.30365625,0,-0.30365625,-0.952781498,0,0,0,0.999999881],"scale":0.969210505,"type":"desert_rocks_small_04"}
{"pos":[-1236.70471,2063.09668,69.373764],"rotationMatrix":[0.978431404,0.206571534,0,-0.206571534,0.978431404,0,0,0,0.999999881],"scale":0.777153254,"type":"desert_rocks_small_04"}
{"pos":[-1234.14612,2062.65259,70.1052933],"rotationMatrix":[-0.02322831,-0.99973017,0,0.99973017,-0.02322831,0,0,0,0.999999881],"scale":0.851062655,"type":"desert_rocks_small_04"}
{"pos":[-1234.77625,2061.01416,70.1136398],"rotationMatrix":[0.921248436,-0.388974428,0,0.388974428,0.921248436,0,0,0,0.999999881],"scale":1.42489552,"type":"desert_rocks_small_04"}
{"pos":[-1232.84607,2063.94702,70.4801254],"rotationMatrix":[-0.273402184,0.961899698,0,-0.961899698,-0.273402184,0,0,0,0.999999881],"scale":0.366471082,"type":"desert_rocks_small_04"}
{"pos":[-1239.85266,2062.41992,68.9434738],"rotationMatrix":[0.902304351,-0.431099385,0,0.431099385,0.902304351,0,0,0,0.999999881],"scale":0.495767176,"type":"desert_rocks_small_04"}
{"pos":[-1240.81982,2059.83105,69.2489166],"rotationMatrix":[0.0908671021,0.99586302,0,-0.99586302,0.0908671021,0,0,0,0.999999881],"scale":0.412530482,"type":"desert_rocks_small_04"}
{"pos":[-1238.40076,2054.88843,70.5771561],"rotationMatrix":[-0.00311359041,-0.999995053,0,0.999995053,-0.00311359041,0,0,0,0.999999881],"scale":0.738993168,"type":"desert_rocks_small_04"}
{"pos":[-1244.33008,2058.35327,68.9209747],"rotationMatrix":[-0.287318856,-0.957834959,0,0.957834959,-0.287318856,0,0,0,0.999999881],"scale":0.72707665,"type":"desert_rocks_small_04"}
{"pos":[-1240.52344,2053.2124,70.4794693],"rotationMatrix":[0.513146996,-0.858300626,0,0.858300626,0.513146996,0,0,0,0.999999881],"scale":0.811441898,"type":"desert_rocks_small_04"}
{"pos":[-1244.30591,2056.46118,69.3034363],"rotationMatrix":[-0.847466052,-0.530849457,0,0.530849457,-0.847466052,0,0,0,0.999999881],"scale":0.655246377,"type":"desert_rocks_small_04"}
{"pos":[-1244.80823,2052.28467,69.9494858],"rotationMatrix":[-0.948056638,-0.318101287,0,0.318101287,-0.948056638,0,0,0,0.999999881],"scale":0.515342832,"type":"desert_rocks_small_04"}
{"pos":[-1241.25586,2051.40039,70.7556381],"rotationMatrix":[0.78095752,0.624584138,0,-0.624584138,0.78095752,0,0,0,0.999999881],"scale":0.388198137,"type":"desert_rocks_small_04"}
{"pos":[-1248.74292,2053.00586,69.2093506],"rotationMatrix":[0.765635371,0.643274844,0,-0.643274844,0.765635371,0,0,0,0.999999881],"scale":0.354003727,"type":"desert_rocks_small_04"}
{"pos":[-1244.17017,2049.07324,70.6006241],"rotationMatrix":[-0.296233505,-0.955115497,0,0.955115497,-0.296233505,0,0,0,0.999999881],"scale":0.415845931,"type":"desert_rocks_small_04"}
{"pos":[-1245.52063,2051.29883,69.9842911],"rotationMatrix":[0.79881829,0.601572335,0,-0.601572335,0.79881829,0,0,0,0.999999881],"scale":0.41859898,"type":"desert_rocks_small_04"}
{"pos":[-1250.88037,2051.14038,69.1714401],"rotationMatrix":[-0.0207979847,-0.999783576,0,0.999783576,-0.0207979847,0,0,0,0.999999881],"scale":0.386390775,"type":"desert_rocks_small_04"}
{"pos":[-1254.89771,2045.16345,69.248291],"rotationMatrix":[0.765380681,0.643577754,0,-0.643577754,0.765380681,0,0,0,0.999999881],"scale":0.728028238,"type":"desert_rocks_small_04"}
{"pos":[-1255.51843,2040.9043,69.3477859],"rotationMatrix":[-0.910488307,0.413534611,0,-0.413534611,-0.910488307,0,0,0,0.999999881],"scale":1.12720764,"type":"desert_rocks_small_04"}
{"pos":[-1252.65039,2039.2041,69.9683914],"rotationMatrix":[-0.649079978,-0.760720015,0,0.760720015,-0.649079978,0,0,0,0.999999881],"scale":1.24699783,"type":"desert_rocks_small_04"}
{"pos":[-1254.97656,2039.67859,69.5161514],"rotationMatrix":[-0.964621484,0.263638645,0,-0.263638645,-0.964621484,0,0,0,0.999999881],"scale":0.903883219,"type":"desert_rocks_small_04"}
{"pos":[-1249.15991,2039.90161,70.9508896],"rotationMatrix":[0.171766803,0.985137582,0,-0.985137582,0.171766803,0,0,0,0.999999881],"scale":0.667224526,"type":"desert_rocks_small_04"}
{"pos":[-1252.50012,2034.05505,70.9781418],"rotationMatrix":[-0.997365057,0.0725447685,0,-0.0725447685,-0.997365057,0,0,0,0.999999881],"scale":0.754192531,"type":"desert_rocks_small_04"}
{"pos":[-1254.88354,2033.35925,70.3242111],"rotationMatrix":[0.205075845,-0.978745997,0,0.978745997,0.205075845,0,0,0,0.999999881],"scale":0.686422467,"type":"desert_rocks_small_04"}
{"pos":[-1258.70227,2034.62866,69.2018509],"rotationMatrix":[0.994708359,-0.102737956,0,0.102737956,0.994708359,0,0,0,0.999999881],"scale":0.864716053,"type":"desert_rocks_small_04"}
{"pos":[-1258.2666,2033.01733,69.4482803],"rotationMatrix":[0.510763288,0.859721422,0,-0.859721422,0.510763288,0,0,0,0.999999881],"scale":0.510339737,"type":"desert_rocks_small_04"}
{"pos":[-1257.30762,2032.59497,69.6760635],"rotationMatrix":[-0.588759303,-0.808308244,0,0.808308244,-0.588759303,0,0,0,0.999999881],"scale":0.729757547,"type":"desert_rocks_small_04"}
{"pos":[-1253.96509,2027.19336,70.859169],"rotationMatrix":[0.0838074237,-0.996481895,0,0.996481895,0.0838074237,0,0,0,0.999999881],"scale":1.28274083,"type":"desert_rocks_small_04"}
{"pos":[-1256.58057,2025.9292,70.2627029],"rotationMatrix":[0.999287426,0.0377430059,0,-0.0377430059,0.999287426,0,0,0,0.999999881],"scale":1.36194921,"type":"desert_rocks_small_04"}
{"pos":[-1260.849,2020.84534,70.0760117],"rotationMatrix":[-0.888934314,-0.458034605,0,0.458034605,-0.888934314,0,0,0,0.999999881],"scale":1.3313024,"type":"desert_rocks_small_04"}
{"pos":[-1255.29333,2020.50281,70.8782272],"rotationMatrix":[-0.735102773,-0.677955508,0,0.677955508,-0.735102773,0,0,0,0.999999881],"scale":1.24164033,"type":"desert_rocks_small_04"}
{"pos":[-1267.85938,2012.81714,70.1128845],"rotationMatrix":[-0.65720588,-0.753711104,0,0.753711104,-0.65720588,0,0,0,0.999999881],"scale":0.615195096,"type":"desert_rocks_small_04"}
{"pos":[-1264.50024,2010.85107,70.8583374],"rotationMatrix":[0.699284494,0.714843512,0,-0.714843512,0.699284494,0,0,0,0.999999881],"scale":0.807211876,"type":"desert_rocks_small_04"}
{"pos":[-1270.07751,2006.96545,70.2932053],"rotationMatrix":[0.466806233,-0.884359479,0,0.884359479,0.466806233,0,0,0,0.999999881],"scale":1.39492321,"type":"desert_rocks_small_04"}
{"pos":[-1266.57422,2007.99902,70.8038177],"rotationMatrix":[0.987673938,0.156524763,0,-0.156524763,0.987673938,0,0,0,0.999999881],"scale":0.800567985,"type":"desert_rocks_small_04"}
{"pos":[-1271.15051,2008.25793,70.0368118],"rotationMatrix":[-0.47904703,0.87778908,0,-0.87778908,-0.47904703,0,0,0,0.999999881],"scale":0.509469926,"type":"desert_rocks_small_04"}
{"pos":[-1273.74646,2010.08447,69.4192963],"rotationMatrix":[-0.147194803,0.98910743,0,-0.98910743,-0.147194803,0,0,0,0.999999881],"scale":1.21168876,"type":"desert_rocks_small_04"}
{"pos":[-1272.95813,2008.45862,69.7042465],"rotationMatrix":[0.40513134,-0.914258361,0,0.914258361,0.40513134,0,0,0,0.999999881],"scale":0.697772324,"type":"desert_rocks_small_04"}
{"pos":[-1269.1012,2004.88049,70.6819077],"rotationMatrix":[0.390053302,-0.920792162,0,0.920792162,0.390053302,0,0,0,0.999999881],"scale":0.990706205,"type":"desert_rocks_small_04"}
{"pos":[-1274.99597,2007.33386,69.4979095],"rotationMatrix":[0.344931096,0.938628018,0,-0.938628018,0.344931096,0,0,0,0.999999881],"scale":0.593102932,"type":"desert_rocks_small_04"}
