{"pos":[-951.35321,2083.92993,71.670723],"rotationMatrix":[-0.245089307,0.969500422,0,-0.969500422,-0.245089307,0,0,0,0.999999881],"scale":0.856071472,"type":"desert_rocks_small_03"}
{"pos":[-962.498657,2083.06323,69.7441025],"rotationMatrix":[-0.765155137,-0.643845737,0,0.643845737,-0.765155137,0,0,0,0.999999881],"scale":0.84545809,"type":"desert_rocks_small_03"}
{"pos":[-961.016052,2080.91919,71.2411804],"rotationMatrix":[0.155910015,0.987771213,0,-0.987771213,0.155910015,0,0,0,0.999999881],"scale":0.765033364,"type":"desert_rocks_small_03"}
{"pos":[-967.938477,2086.43091,68.2885056],"rotationMatrix":[-0.999845803,-0.0175542459,0,0.0175542459,-0.999845803,0,0,0,0.999999881],"scale":0.896252453,"type":"desert_rocks_small_03"}
{"pos":[-965.696899,2086.15674,68.262413],"rotationMatrix":[-0.993938982,-0.109932132,0,0.109932132,-0.993938982,0,0,0,0.999999881],"scale":1.17008245,"type":"desert_rocks_small_03"}
{"pos":[-968.878418,2083.32422,68.8537369],"rotationMatrix":[0.543744087,-0.839250922,0,0.839250922,0.543744087,0,0,0,0.999999881],"scale":0.930975735,"type":"desert_rocks_small_03"}
{"pos":[-969.772339,2080.88232,70.0145035],"rotationMatrix":[-0.912993371,0.407974124,0,-0.407974124,-0.912993371,0,0,0,0.999999881],"scale":0.928721428,"type":"desert_rocks_small_03"}
{"pos":[-971.627808,2078.96045,70.5383072],"rotationMatrix":[-0.842556119,0.538608491,0,-0.538608491,-0.842556119,0,0,0,0.999999881],"scale":0.694952011,"type":"desert_rocks_small_03"}
{"pos":[-967.012573,2084.91162,68.751915],"rotationMatrix":[-0.639254093,0.768995345,0,-0.768995345,-0.639254093,0,0,0,0.999999881],"scale":0.363007009,"type":"desert_rocks_small_03"}
{"pos":[-967.792908,2083.44653,69.1528015],"rotationMatrix":[-0.870689571,0.491832852,0,-0.491832852,-0.870689571,0,0,0,0.999999881],"scale":0.933536172,"type":"desert_rocks_small_03"}
{"pos":[-970.174866,2077.87988,71.5132141],"rotationMatrix":[-0.947608531,0.319433838,0,-0.319433838,-0.947608531,0,0,0,0.999999881],"scale":0.820427895,"type":"desert_rocks_small_03"}
{"pos":[-974.772949,2080.66357,68.9261017],"rotationMatrix":[-0.926012456,-0.377492964,0,0.377492964,-0.926012456,0,0,0,0.999999881],"scale":1.36909258,"type":"desert_rocks_small_03"}
{"pos":[-973.041687,2080.94385,69.1197357],"rotationMatrix":[-0.159091458,-0.987263799,0,0.987263799,-0.159091458,0,0,0,0.999999881],"scale":0.755212545,"type":"desert_rocks_small_03"}
{"pos":[-976.138794,2073.67114,72.1413803],"rotationMatrix":[-0.0407814719,-0.999168038,0,0.999168038,-0.0407814719,0,0,0,0.999999881],"scale":1.37799323,"type":"desert_rocks_small_03"}
{"pos":[-979.673218,2076.97046,69.5555038],"rotationMatrix":[0.744091451,0.668077767,0,-0.668077767,0.744091451,0,0,0,0.999999881],"scale":0.681226313,"type":"desert_rocks_small_03"}
{"pos":[-982.841248,2076.23877,69.3545761],"rotationMatrix":[-0.846619785,0.532198191,0,-0.532198191,-0.846619785,0,0,0,0.999999881],"scale":1.04350209,"type":"desert_rocks_small_03"}
{"pos":[-979.430664,2071.36133,72.7147293],"rotationMatrix":[0.551662683,0.834067285,0,-0.834067285,0.551662683,0,0,0,0.999999881],"scale":1.13510025,"type":"desert_rocks_small_03"}
{"pos":[-986.35907,2068.24316,72.7809219],"rotationMatrix":[0.998850703,0.0479269549,0,-0.0479269549,0.998850703,0,0,0,0.999999881],"scale":0.43309015,"type":"desert_rocks_small_03"}
{"pos":[-984.963013,2068.63843,72.9514618],"rotationMatrix":[0.54838407,-0.836226523,0,0.836226523,0.54838407,0,0,0,0.999999881],"scale":0.896770656,"type":"desert_rocks_small_03"}
{"pos":[-991.262268,2068.08203,71.2714615],"rotationMatrix":[0.994103849,0.108432122,0,-0.108432122,0.994103849,0,0,0,0.999999881],"scale":1.15380049,"type":"desert_rocks_small_03"}
{"pos":[-987.107422,2070.1604,71.3001099],"rotationMatrix":[0.135881424,-0.990724981,0,0.990724981,0.135881424,0,0,0,0.999999881],"scale":0.646258235,"type":"desert_rocks_small_03"}
{"pos":[-990.220703,2068.50903,71.2641678],"rotationMatrix":[0.481376618,-0.87651372,0,0.87651372,0.481376618,0,0,0,0.999999881],"scale":0.773306012,"type":"desert_rocks_small_03"}
{"pos":[-997.412415,2065.71851,70.0470886],"rotationMatrix":[-0.714468956,-0.699667156,0,0.699667156,-0.714468956,0,0,0,0.999999881],"scale":0.5185709,"type":"desert_rocks_small_03"}
{"pos":[-1001.30682,2065.99878,69.4535522],"rotationMatrix":[0.999976814,-0.00679084891,0,0.00679084891,0.999976814,0,0,0,0.999999881],"scale":0.849869549,"type":"desert_rocks_small_03"}
{"pos":[-1002.01556,2063.40283,71.9116364],"rotationMatrix":[-0.99947989,0.0322477557,0,-0.0322477557,-0.99947989,0,0,0,0.999999881],"scale":0.644452155,"type":"desert_rocks_small_03"}
{"pos":[-1005.1593,2065.74463,69.5345001],"rotationMatrix":[0.053527683,0.99856627,0,-0.99856627,0.053527683,0,0,0,0.999999881],"scale":0.3665438,"type":"desert_rocks_small_03"}
{"pos":[-1006.76941,2068.01318,68.9401474],"rotationMatrix":[0.287948012,0.957646012,0,-0.957646012,0.287948012,0,0,0,0.999999881],"scale":1.16456878,"type":"desert_rocks_small_03"}
{"pos":[-1004.72705,2067.71802,68.6060715],"rotationMatrix":[-0.883298695,0.468810558,0,-0.468810558,-0.883298695,0,0,0,0.999999881],"scale":1.08341932,"type":"desert_rocks_small_03"}
{"pos":[-1010.90356,2071.44141,69.0495758],"rotationMatrix":[0.173324719,-0.984864593,0,0.984864593,0.173324719,0,0,0,0.999999881],"scale":0.701245189,"type":"desert_rocks_small_03"}
{"pos":[-1013.28766,2069.97046,69.348465],"rotationMatrix":[0.534938216,-0.844891012,0,0.844891012,0.534938216,0,0,0,0.999999881],"scale":1.11709058,"type":"desert_rocks_small_03"}
{"pos":[-1016.90753,2070.38696,69.5564804],"rotationMatrix":[-0.54793793,0.836518824,0,-0.836518824,-0.54793793,0,0,0,0.999999881],"scale":0.359861404,"type":"desert_rocks_small_03"}
{"pos":[-1014.7533,2069.68726,69.5616989],"rotationMatrix":[-0.318616062,0.947883725,0,-0.947883725,-0.318616062,0,0,0,0.999999881],"scale":0.676437736,"type":"desert_rocks_small_03"}
{"pos":[-1034.24133,2064.38599,71.1881943],"rotationMatrix":[-0.386401534,-0.922330618,0,0.922330618,-0.386401534,0,0,0,0.999999881],"scale":0.366033673,"type":"desert_rocks_small_03"}
{"pos":[-1032.69653,2063.28149,71.0907211],"rotationMatrix":[0.832371593,0.554217935,0,-0.554217935,0.832371593,0,0,0,0.999999881],"scale":0.916548967,"type":"desert_rocks_small_03"}
{"pos":[-1031.70593,2070.87305,68.4136658],"rotationMatrix":[-0.991767347,-0.128051952,0,0.128051952,-0.991767347,0,0,0,0.999999881],"scale":0.58481276,"type":"desert_rocks_small_03"}
{"pos":[-1035.30115,2071.76929,68.5281143],"rotationMatrix":[-0.323005497,-0.946397066,0,0.946397066,-0.323005497,0,0,0,0.999999881],"scale":1.10189486,"type":"desert_rocks_small_03"}
{"pos":[-1038.73767,2068.5105,69.6291809],"rotationMatrix":[-0.121738799,0.992562115,0,-0.992562115,-0.121738799,0,0,0,0.999999881],"scale":1.04732573,"type":"desert_rocks_small_03"}
{"pos":[-1036.26221,2065.52393,70.9125595],"rotationMatrix":[-0.524784446,-0.851234972,0,0.851234972,-0.524784446,0,0,0,0.999999881],"scale":1.05268252,"type":"desert_rocks_small_03"}
{"pos":[-1039.26465,2066.81665,70.0031738],"rotationMatrix":[0.839165032,-0.543876708,0,0.543876708,0.839165032,0,0,0,0.999999881],"scale":1.17954671,"type":"desert_rocks_small_03"}
{"pos":[-1038.87122,2065.20117,70.5500336],"rotationMatrix":[0.956154883,0.292861432,0,-0.292861432,0.956154883,0,0,0,0.999999881],"scale":1.09858894,"type":"desert_rocks_small_03"}
{"pos":[-1043.1958,2063.91016,70.6262665],"rotationMatrix":[0.433332324,0.90123421,0,-0.90123421,0.433332324,0,0,0,0.999999881],"scale":1.1369822,"type":"desert_rocks_small_03"}
{"pos":[-1047.24512,2064.40332,70.2870026],"rotationMatrix":[-0.998880148,0.0473099351,0,-0.0473099351,-0.998880148,0,0,0,0.999999881],"scale":0.519445658,"type":"desert_rocks_small_03"}
{"pos":[-1042.396,2064.60205,70.4916763],"rotationMatrix":[-0.491160333,0.871069014,0,-0.871069014,-0.491160333,0,0,0,0.999999881],"scale":0.499088347,"type":"desert_rocks_small_03"}
{"pos":[-1045.82251,2065.39014,70.1276932],"rotationMatrix":[-0.920795321,0.390046,0,-0.390046,-0.920795321,0,0,0,0.999999881],"scale":0.561088324,"type":"desert_rocks_small_03"}
{"pos":[-1049.50427,2062.97461,70.6501389],"rotationMatrix":[0.292665273,0.956214964,0,-0.956214964,0.292665273,0,0,0,0.999999881],"scale":0.593179762,"type":"desert_rocks_small_03"}
{"pos":[-1045.90039,2062.94702,70.7572403],"rotationMatrix":[0.691119432,-0.722740412,0,0.722740412,0.691119432,0,0,0,0.999999881],"scale":0.611688614,"type":"desert_rocks_small_03"}
{"pos":[-1048.62756,2061.08765,71.1111679],"rotationMatrix":[-0.547523379,-0.836790383,0,0.836790383,-0.547523379,0,0,0,0.999999881],"scale":0.442368031,"type":"desert_rocks_small_03"}
{"pos":[-1057.30493,2064.82715,69.4329147],"rotationMatrix":[0.0891873762,0.996014774,0,-0.996014774,0.0891873762,0,0,0,0.999999881],"scale":0.4561432,"type":"desert_rocks_small_03"}
{"pos":[-1059.84961,2065.38135,69.1367722],"rotationMatrix":[-0.460539758,-0.887639046,0,0.887639046,-0.460539758,0,0,0,0.999999881],"scale":0.495693654,"type":"desert_rocks_small_03"}
{"pos":[-1047.48779,2070.0376,69.0289993],"rotationMatrix":[-0.326814353,-0.945088446,0,0.945088446,-0.326814353,0,0,0,0.999999881],"scale":0.559099197,"type":"desert_rocks_small_03"}
{"pos":[-1046.44214,2070.48169,68.9386902],"rotationMatrix":[0.953621209,-0.30100888,0,0.30100888,0.953621209,0,0,0,0.999999881],"scale":0.938027799,"type":"desert_rocks_small_03"}
{"pos":[-1059.0813,2058.17676,71.0018463],"rotationMatrix":[-0.868368506,-0.495919287,0,0.495919287,-0.868368506,0,0,0,0.999999881],"scale":0.73737067,"type":"desert_rocks_small_03"}
{"pos":[-1062.7511,2057.64917,70.9673843],"rotationMatrix":[0.0327744707,0.999462664,0,-0.999462664,0.0327744707,0,0,0,0.999999881],"scale":0.44440639,"type":"desert_rocks_small_03"}
{"pos":[-1069.44495,2057.06641,70.3943481],"rotationMatrix":[-0.953226507,0.302256852,0,-0.302256852,-0.953226507,0,0,0,0.999999881],"scale":0.431523621,"type":"desert_rocks_small_03"}
{"pos":[-1073.6106,2060.40747,69.5795746],"rotationMatrix":[-0.186565667,0.982442319,0,-0.982442319,-0.186565667,0,0,0,0.999999881],"scale":1.21946812,"type":"desert_rocks_small_03"}
{"pos":[-1073.46411,2056.19189,70.3350372],"rotationMatrix":[0.197713718,-0.980259717,0,0.980259717,0.197713718,0,0,0,0.999999881],"scale":0.780956388,"type":"desert_rocks_small_03"}
{"pos":[-1074.75977,2054.13184,70.5129013],"rotationMatrix":[-0.337660909,-0.941267788,0,0.941267788,-0.337660909,0,0,0,0.999999881],"scale":0.453078747,"type":"desert_rocks_small_03"}
{"pos":[-1080.56897,2046.30969,71.3112564],"rotationMatrix":[-0.684563816,0.728952825,0,-0.728952825,-0.684563816,0,0,0,0.999999881],"scale":1.05063283,"type":"desert_rocks_small_03"}
{"pos":[-1083.85571,2053.58374,69.3762131],"rotationMatrix":[-0.887967885,0.459905386,0,-0.459905386,-0.887967885,0,0,0,0.999999881],"scale":0.470753044,"type":"desert_rocks_small_03"}
{"pos":[-1098.87915,2049.55933,69.1051865],"rotationMatrix":[-0.544122517,0.83900553,0,-0.83900553,-0.544122517,0,0,0,0.999999881],"scale":0.459267259,"type":"desert_rocks_small_03"}
{"pos":[-1097.84595,2052.75488,68.2726669],"rotationMatrix":[0.650029004,0.759909391,0,-0.759909391,0.650029004,0,0,0,0.999999881],"scale":0.441574663,"type":"desert_rocks_small_03"}
{"pos":[-1107.78882,2049.73901,71.0079422],"rotationMatrix":[0.669053137,-0.743214428,0,0.743214428,0.669053137,0,0,0,0.999999881],"scale":0.39335078,"type":"desert_rocks_small_03"}
{"pos":[-1103.28564,2053.9751,67.2774353],"rotationMatrix":[-0.266751468,-0.963765204,0,0.963765204,-0.266751468,0,0,0,0.999999881],"scale":0.534054637,"type":"desert_rocks_small_03"}
{"pos":[-1112.42493,2053.13965,70.0849228],"rotationMatrix":[0.345626712,-0.938371956,0,0.938371956,0.345626712,0,0,0,0.999999881],"scale":0.839687228,"type":"desert_rocks_small_03"}
{"pos":[-1114.02649,2058.28174,69.1872559],"rotationMatrix":[0.453800857,-0.89110297,0,0.89110297,0.453800857,0,0,0,0.999999881],"scale":0.559932828,"type":"desert_rocks_small_03"}
{"pos":[-1120.7937,2056.03784,69.2466736],"rotationMatrix":[0.128170177,-0.991752088,0,0.991752088,0.128170177,0,0,0,0.999999881],"scale":0.441779137,"type":"desert_rocks_small_03"}
{"pos":[-1129.96167,2053.60059,68.8095093],"rotationMatrix":[0.998773992,-0.0495009311,0,0.0495009311,0.998773992,0,0,0,0.999999881],"scale":1.03739822,"type":"desert_rocks_small_03"}
{"pos":[-1128.42505,2049.61108,70.2966919],"rotationMatrix":[-0.544377744,-0.838840187,0,0.838840187,-0.544377744,0,0,0,0.999999881],"scale":0.916018605,"type":"desert_rocks_small_03"}
{"pos":[-1125.81567,2048.78052,71.4274445],"rotationMatrix":[0.954086244,-0.299531639,0,0.299531639,0.954086244,0,0,0,0.999999881],"scale":1.23503613,"type":"desert_rocks_small_03"}
{"pos":[-1126.875,2047.68115,71.7549286],"rotationMatrix":[-0.966332495,-0.257296532,0,0.257296532,-0.966332495,0,0,0,0.999999881],"scale":0.944347739,"type":"desert_rocks_small_03"}
{"pos":[-1130.78687,2044.25818,71.888092],"rotationMatrix":[-0.030040836,-0.999548554,0,0.999548554,-0.030040836,0,0,0,0.999999881],"scale":1.38149905,"type":"desert_rocks_small_03"}
{"pos":[-1131.27856,2049.95508,69.3261032],"rotationMatrix":[0.64459008,-0.764528215,0,0.764528215,0.64459008,0,0,0,0.999999881],"scale":0.616383612,"type":"desert_rocks_small_03"}
{"pos":[-1136.58423,2049.74805,68.6952057],"rotationMatrix":[-0.3185772,-0.947896898,0,0.947896898,-0.3185772,0,0,0,0.999999881],"scale":0.470463336,"type":"desert_rocks_small_03"}
{"pos":[-1131.66272,2045.37219,71.2409363],"rotationMatrix":[0.910600722,-0.413287044,0,0.413287044,0.910600722,0,0,0,0.999999881],"scale":0.45317775,"type":"desert_rocks_small_03"}
{"pos":[-1139.00317,2042.77722,71.0802002],"rotationMatrix":[0.909928322,0.414765477,0,-0.414765477,0.909928322,0,0,0,0.999999881],"scale":0.7334975,"type":"desert_rocks_small_03"}
{"pos":[-1142.7583,2044.71631,71.4124298],"rotationMatrix":[-0.799177706,-0.601094842,0,0.601094842,-0.799177706,0,0,0,0.999999881],"scale":0.755216658,"type":"desert_rocks_small_03"}
{"pos":[-1145.21338,2046.72424,71.2012558],"rotationMatrix":[0.327700913,-0.944781363,0,0.944781363,0.327700913,0,0,0,0.999999881],"scale":0.585904121,"type":"desert_rocks_small_03"}
{"pos":[-1144.84912,2049.11255,70.5057068],"rotationMatrix":[-0.980988979,0.194063112,0,-0.194063112,-0.980988979,0,0,0,0.999999881],"scale":0.454069078,"type":"desert_rocks_small_03"}
{"pos":[-1149.6947,2049.81079,71.2079086],"rotationMatrix":[-0.161501274,0.986872375,0,-0.986872375,-0.161501274,0,0,0,0.999999881],"scale":0.711381614,"type":"desert_rocks_small_03"}
{"pos":[-1150.7113,2056.71118,69.5702362],"rotationMatrix":[0.912394464,0.40931192,0,-0.40931192,0.912394464,0,0,0,0.999999881],"scale":1.19073296,"type":"desert_rocks_small_03"}
{"pos":[-1151.5116,2050.87354,71.409874],"rotationMatrix":[-0.565879285,0.824487865,0,-0.824487865,-0.565879285,0,0,0,0.999999881],"scale":0.395851523,"type":"desert_rocks_small_03"}
{"pos":[-1148.99536,2057.93896,69.1365738],"rotationMatrix":[0.655779958,-0.754951894,0,0.754951894,0.655779958,0,0,0,0.999999881],"scale":0.520011544,"type":"desert_rocks_small_03"}
{"pos":[-1149.94275,2056.08545,69.8031616],"rotationMatrix":[-0.898397207,-0.439183921,0,0.439183921,-0.898397207,0,0,0,0.999999881],"scale":0.386522651,"type":"desert_rocks_small_03"}
{"pos":[-1153.30225,2059.12964,69.1094208],"rotationMatrix":[-0.991128206,0.132908553,0,-0.132908553,-0.991128206,0,0,0,0.999999881],"scale":0.45255959,"type":"desert_rocks_small_03"}
{"pos":[-1158.12305,2059.49536,70.095314],"rotationMatrix":[-0.574167371,0.818737745,0,-0.818737745,-0.574167371,0,0,0,0.999999881],"scale":0.59190917,"type":"desert_rocks_small_03"}
{"pos":[-1156.2312,2059.74463,69.4481812],"rotationMatrix":[0.84462285,0.535361707,0,-0.535361707,0.84462285,0,0,0,0.999999881],"scale":0.538051426,"type":"desert_rocks_small_03"}
{"pos":[-1157.81506,2062.21948,69.4546661],"rotationMatrix":[-0.996725798,0.0808545947,0,-0.0808545947,-0.996725798,0,0,0,0.999999881],"scale":0.941443622,"type":"desert_rocks_small_03"}
{"pos":[-1153.86169,2060.34009,68.7190857],"rotationMatrix":[-0.999480247,-0.032235194,0,0.032235194,-0.999480247,0,0,0,0.999999881],"scale":0.446926832,"type":"desert_rocks_small_03"}
{"pos":[-1158.24243,2063.65088,69.4018402],"rotationMatrix":[0.351081342,0.936344922,0,-0.936344922,0.351081342,0,0,0,0.999999881],"scale":1.16009998,"type":"desert_rocks_small_03"}
{"pos":[-1156.75342,2060.99878,69.3316574],"rotationMatrix":[-0.933826268,-0.357726783,0,0.357726783,-0.933826268,0,0,0,0.999999881],"scale":0.94727242,"type":"desert_rocks_small_03"}
{"pos":[-1160.07312,2067.06567,69.0122833],"rotationMatrix":[-0.712649941,0.701519549,0,-0.701519549,-0.712649941,0,0,0,0.999999881],"scale":0.496412814,"type":"desert_rocks_small_03"}
{"pos":[-1162.54822,2066.07837,69.5886383],"rotationMatrix":[-0.879551113,0.475804329,0,-0.475804329,-0.879551113,0,0,0,0.999999881],"scale":0.747507334,"type":"desert_rocks_small_03"}
{"pos":[-1166.78186,2066.15674,70.1186295],"rotationMatrix":[-0.0514778793,-0.998674035,0,0.998674035,-0.0514778793,0,0,0,0.999999881],"scale":0.644917488,"type":"desert_rocks_small_03"}
{"pos":[-1163.23181,2067.89941,69.1867218],"rotationMatrix":[-0.845900834,-0.533340096,0,0.533340096,-0.845900834,0,0,0,0.999999881],"scale":0.441130221,"type":"desert_rocks_small_03"}
{"pos":[-1177.78979,2055.54956,69.2016754],"rotationMatrix":[-0.333543271,-0.942734659,0,0.942734659,-0.333543271,0,0,0,0.999999881],"scale":0.733547926,"type":"desert_rocks_small_03"}
{"pos":[-1172.72937,2054.22168,70.608223],"rotationMatrix":[-0.961807966,-0.273724943,0,0.273724943,-0.961807966,0,0,0,0.999999881],"scale":1.06837451,"type":"desert_rocks_small_03"}
{"pos":[-1179.0979,2047.9939,70.3507004],"rotationMatrix":[0.156736106,0.98764044,0,-0.98764044,0.156736106,0,0,0,0.999999881],"scale":0.789446771,"type":"desert_rocks_small_03"}
{"pos":[-1177.64832,2047.17786,70.797905],"rotationMatrix":[-0.994628012,0.103513293,0,-0.103513293,-0.994628012,0,0,0,0.999999881],"scale":0.646943748,"type":"desert_rocks_small_03"}
{"pos":[-1180.5592,2046.57068,70.662529],"rotationMatrix":[-0.521131396,0.853476286,0,-0.853476286,-0.521131396,0,0,0,0.999999881],"scale":0.559058428,"type":"desert_rocks_small_03"}
{"pos":[-1179.20984,2046.83252,70.7352142],"rotationMatrix":[0.115107067,-0.993353069,0,0.993353069,0.115107067,0,0,0,0.999999881],"scale":0.536917329,"type":"desert_rocks_small_03"}
{"pos":[-1179.66064,2053.17603,68.7976151],"rotationMatrix":[-0.414019525,-0.910267949,0,0.910267949,-0.414019525,0,0,0,0.999999881],"scale":0.364898354,"type":"desert_rocks_small_03"}
{"pos":[-1186.68347,2045.40674,70.432991],"rotationMatrix":[-0.885091305,-0.465417236,0,0.465417236,-0.885091305,0,0,0,0.999999881],"scale":1.33308017,"type":"desert_rocks_small_03"}
{"pos":[-1192.47058,2041.98328,68.6837997],"rotationMatrix":[0.609564424,0.79273653,0,-0.79273653,0.609564424,0,0,0,0.999999881],"scale":0.959812522,"type":"desert_rocks_small_03"}
{"pos":[-1192.3031,2034.2605,70.7018967],"rotationMatrix":[0.025390191,-0.999677539,0,0.999677539,0.025390191,0,0,0,0.999999881],"scale":0.414085388,"type":"desert_rocks_small_03"}
{"pos":[-1189.37024,2029.48633,71.5802307],"rotationMatrix":[0.842236221,-0.539108396,0,0.539108396,0.842236221,0,0,0,0.999999881],"scale":0.814367473,"type":"desert_rocks_small_03"}
{"pos":[-1185.77234,2037.13818,70.058815],"rotationMatrix":[0.190658301,0.981656492,0,-0.981656492,0.190658301,0,0,0,0.999999881],"scale":0.857469797,"type":"desert_rocks_small_03"}
{"pos":[-1187.53503,2030.74023,70.7148132],"rotationMatrix":[0.763091743,0.646290123,0,-0.646290123,0.763091743,0,0,0,0.999999881],"scale":1.00037861,"type":"desert_rocks_small_03"}
{"pos":[-1188.51709,2032.90466,70.2384872],"rotationMatrix":[-0.290129483,-0.956987321,0,0.956987321,-0.290129483,0,0,0,0.999999881],"scale":0.630380273,"type":"desert_rocks_small_03"}
{"pos":[-1192.22131,2035.255,70.428627],"rotationMatrix":[-0.54370755,-0.839274585,0,0.839274585,-0.54370755,0,0,0,0.999999881],"scale":0.351650327,"type":"desert_rocks_small_03"}
{"pos":[-1191.99109,2036.91541,69.9402084],"rotationMatrix":[0.894795001,-0.446477026,0,0.446477026,0.894795001,0,0,0,0.999999881],"scale":0.351225972,"type":"desert_rocks_small_03"}
{"pos":[-1197.3053,2042.4093,69.5652924],"rotationMatrix":[-0.378367215,0.925655425,0,-0.925655425,-0.378367215,0,0,0,0.999999881],"scale":0.38874343,"type":"desert_rocks_small_03"}
{"pos":[-1208.99365,2039.54773,70.1194687],"rotationMatrix":[-0.988957167,-0.14820084,0,0.14820084,-0.988957167,0,0,0,0.999999881],"scale":0.65957427,"type":"desert_rocks_small_03"}
{"pos":[-1201.73987,2039.95337,70.9672623],"rotationMatrix":[0.907443166,0.420174748,0,-0.420174748,0.907443166,0,0,0,0.999999881],"scale":0.771004558,"type":"desert_rocks_small_03"}
{"pos":[-1205.18774,2037.81653,71.3979111],"rotationMatrix":[0.496186972,-0.868215621,0,0.868215621,0.496186972,0,0,0,0.999999881],"scale":0.747780323,"type":"desert_rocks_small_03"}
{"pos":[-1208.90527,2044.49146,70.3440018],"rotationMatrix":[-0.565224111,-0.824937284,0,0.824937284,-0.565224111,0,0,0,0.999999881],"scale":0.72307694,"type":"desert_rocks_small_03"}
{"pos":[-1210.80103,2043.21167,70.906311],"rotationMatrix":[-0.577975333,-0.816054165,0,0.816054165,-0.577975333,0,0,0,0.999999881],"scale":0.5169577,"type":"desert_rocks_small_03"}
{"pos":[-1210.76306,2049.64917,70.8220596],"rotationMatrix":[0.978505433,0.206220672,0,-0.206220672,0.978505433,0,0,0,0.999999881],"scale":0.542417049,"type":"desert_rocks_small_03"}
{"pos":[-1203.56812,2051.19263,68.841568],"rotationMatrix":[-0.0770142302,0.997029841,0,-0.997029841,-0.0770142302,0,0,0,0.999999881],"scale":0.85017699,"type":"desert_rocks_small_03"}
{"pos":[-1208.60132,2049.48535,70.400383],"rotationMatrix":[0.961399496,-0.275155962,0,0.275155962,0.961399496,0,0,0,0.999999881],"scale":0.450942397,"type":"desert_rocks_small_03"}
{"pos":[-1208.09119,2054.56519,69.1371841],"rotationMatrix":[-0.207102224,-0.978319228,0,0.978319228,-0.207102224,0,0,0,0.999999881],"scale":0.611970425,"type":"desert_rocks_small_03"}
{"pos":[-1207.24158,2054.29761,69.0877609],"rotationMatrix":[0.963753283,-0.266794562,0,0.266794562,0.963753283,0,0,0,0.999999881],"scale":0.557913184,"type":"desert_rocks_small_03"}
{"pos":[-1208.53589,2061.92456,70.8295059],"rotationMatrix":[-0.072869353,-0.997341394,0,0.997341394,-0.072869353,0,0,0,0.999999881],"scale":0.45860067,"type":"desert_rocks_small_03"}
{"pos":[-1201.23938,2062.22827,67.1898193],"rotationMatrix":[0.704708755,0.709496677,0,-0.709496677,0.704708755,0,0,0,0.999999881],"scale":1.10484838,"type":"desert_rocks_small_03"}
{"pos":[-1202.85364,2067.25342,67.1097412],"rotationMatrix":[-0.855776966,0.517344952,0,-0.517344952,-0.855776966,0,0,0,0.999999881],"scale":1.14350617,"type":"desert_rocks_small_03"}
{"pos":[-1203.17212,2070.44043,66.7700577],"rotationMatrix":[-0.872848392,-0.487991333,0,0.487991333,-0.872848392,0,0,0,0.999999881],"scale":0.803096831,"type":"desert_rocks_small_03"}
{"pos":[-1208.20752,2068.38867,70.1147842],"rotationMatrix":[0.944553137,-0.328358293,0,0.328358293,0.944553137,0,0,0,0.999999881],"scale":0.83891058,"type":"desert_rocks_small_03"}
{"pos":[-1209.31934,2074.39575,68.659996],"rotationMatrix":[0.501157045,-0.865356266,0,0.865356266,0.501157045,0,0,0,0.999999881],"scale":1.38236499,"type":"desert_rocks_small_03"}
{"pos":[-1210.71802,2074.02075,69.5937653],"rotationMatrix":[-0.578921735,-0.815382957,0,0.815382957,-0.578921735,0,0,0,0.999999881],"scale":0.411507696,"type":"desert_rocks_small_03"}
{"pos":[-1207.36475,2075.36157,67.9180069],"rotationMatrix":[-0.789930284,0.613196373,0,-0.613196373,-0.789930284,0,0,0,0.999999881],"scale":0.696894169,"type":"desert_rocks_small_03"}
{"pos":[-1217.32507,2079.23901,70.4336166],"rotationMatrix":[0.268663943,0.963233948,0,-0.963233948,0.268663943,0,0,0,0.999999881],"scale":0.57664597,"type":"desert_rocks_small_03"}
{"pos":[-1214.31653,2082.16943,69.3324127],"rotationMatrix":[0.569940329,-0.82168597,0,0.82168597,0.569940329,0,0,0,0.999999881],"scale":0.599286258,"type":"desert_rocks_small_03"}
{"pos":[-1216.61328,2082.87158,69.3164368],"rotationMatrix":[0.0842915997,-0.996441007,0,0.996441007,0.0842915997,0,0,0,0.999999881],"scale":0.886455059,"type":"desert_rocks_small_03"}
{"pos":[-1218.31372,2084.57373,68.9293594],"rotationMatrix":[0.999784172,0.0207698327,0,-0.0207698327,0.999784172,0,0,0,0.999999881],"scale":0.971275568,"type":"desert_rocks_small_03"}
{"pos":[-1225.65015,2079.95361,68.9489136],"rotationMatrix":[0.72307831,-0.690765917,0,0.690765917,0.72307831,0,0,0,0.999999881],"scale":0.406374395,"type":"desert_rocks_small_03"}
{"pos":[-1221.22607,2078.26807,69.8980331],"rotationMatrix":[-0.989254296,0.146205023,0,-0.146205023,-0.989254296,0,0,0,0.999999881],"scale":0.677816987,"type":"desert_rocks_small_03"}
{"pos":[-1223.45667,2082.61743,68.9484406],"rotationMatrix":[-0.969391286,0.24552086,0,-0.24552086,-0.969391286,0,0,0,0.999999881],"scale":0.768209696,"type":"desert_rocks_small_03"}
{"pos":[-1224.55652,2074.17041,70.5986252],"rotationMatrix":[-0.699529231,-0.714603782,0,0.714603782,-0.699529231,0,0,0,0.999999881],"scale":1.23921084,"type":"desert_rocks_small_03"}
{"pos":[-1229.60925,2077.88354,68.6204529],"rotationMatrix":[-0.596718073,-0.802450955,0,0.802450955,-0.596718073,0,0,0,0.999999881],"scale":0.40920493,"type":"desert_rocks_small_03"}
{"pos":[-1231.69971,2069.92749,69.4920273],"rotationMatrix":[-0.823762715,0.566934586,0,-0.566934586,-0.823762715,0,0,0,0.999999881],"scale":1.31374264,"type":"desert_rocks_small_03"}
{"pos":[-1228.56274,2071.85742,70.1468658],"rotationMatrix":[0.973230302,0.22983174,0,-0.22983174,0.973230302,0,0,0,0.999999881],"scale":1.23454034,"type":"desert_rocks_small_03"}
{"pos":[-1236.41846,2068.31323,68.6347885],"rotationMatrix":[-0.243418217,0.969921291,0,-0.969921291,-0.243418217,0,0,0,0.999999881],"scale":0.683242738,"type":"desert_rocks_small_03"}
{"pos":[-1238.28906,2061.08398,69.456459],"rotationMatrix":[-0.714722455,0.699407935,0,-0.699407935,-0.714722455,0,0,0,0.999999881],"scale":0.632902503,"type":"desert_rocks_small_03"}
{"pos":[-1237.27271,2059.94214,69.8326416],"rotationMatrix":[-0.955373824,0.295399278,0,-0.295399278,-0.955373824,0,0,0,0.999999881],"scale":0.714534342,"type":"desert_rocks_small_03"}
{"pos":[-1237.1615,2058.02808,70.2605896],"rotationMatrix":[-0.907508194,-0.420034409,0,0.420034409,-0.907508194,0,0,0,0.999999881],"scale":0.653497517,"type":"desert_rocks_small_03"}
{"pos":[-1235.39624,2062.90649,69.7199402],"rotationMatrix":[-0.578576803,-0.815627754,0,0.815627754,-0.578576803,0,0,0,0.999999881],"scale":0.412821442,"type":"desert_rocks_small_03"}
{"pos":[-1236.37476,2060.7085,69.9211197],"rotationMatrix":[0.834545135,0.55093956,0,-0.55093956,0.834545135,0,0,0,0.999999881],"scale":0.605322242,"type":"desert_rocks_small_03"}
{"pos":[-1241.15381,2054.53369,70.1586304],"rotationMatrix":[-0.788025022,-0.615643203,0,0.615643203,-0.788025022,0,0,0,0.999999881],"scale":0.552788198,"type":"desert_rocks_small_03"}
{"pos":[-1243.52051,2057.18677,69.2987213],"rotationMatrix":[-0.38262701,0.92390281,0,-0.92390281,-0.38262701,0,0,0,0.999999881],"scale":0.687601924,"type":"desert_rocks_small_03"}
{"pos":[-1243.65344,2054.07275,69.7681351],"rotationMatrix":[0.0337795652,0.999429166,0,-0.999429166,0.0337795652,0,0,0,0.999999881],"scale":0.49125734,"type":"desert_rocks_small_03"}
{"pos":[-1245.18835,2053.24536,69.709343],"rotationMatrix":[0.991514862,-0.129992515,0,0.129992515,0.991514862,0,0,0,0.999999881],"scale":0.752460182,"type":"desert_rocks_small_03"}
{"pos":[-1249.72803,2041.36072,70.51091],"rotationMatrix":[0.603440821,0.797407746,0,-0.797407746,0.603440821,0,0,0,0.999999881],"scale":0.785835862,"type":"desert_rocks_small_03"}
{"pos":[-1255.59106,2042.854,69.2028809],"rotationMatrix":[-0.933385313,-0.358875573,0,0.358875573,-0.933385313,0,0,0,0.999999881],"scale":1.26496196,"type":"desert_rocks_small_03"}
{"pos":[-1257.65149,2039.78796,69.0389328],"rotationMatrix":[-0.990136266,-0.140107334,0,0.140107334,-0.990136266,0,0,0,0.999999881],"scale":0.697545588,"type":"desert_rocks_small_03"}
{"pos":[-1251.24963,2039.51831,70.3763657],"rotationMatrix":[0.857015431,0.515290678,0,-0.515290678,0.857015431,0,0,0,0.999999881],"scale":0.551594853,"type":"desert_rocks_small_03"}
{"pos":[-1255.36096,2031.65552,70.3101196],"rotationMatrix":[-0.596943438,-0.802283168,0,0.802283168,-0.596943438,0,0,0,0.999999881],"scale":0.854131818,"type":"desert_rocks_small_03"}
{"pos":[-1257.29602,2029.03467,69.8421173],"rotationMatrix":[0.223063871,-0.974803746,0,0.974803746,0.223063871,0,0,0,0.999999881],"scale":0.705324233,"type":"desert_rocks_small_03"}
{"pos":[-1259.84351,2026.80298,69.7850266],"rotationMatrix":[-0.300248027,-0.953861058,0,0.953861058,-0.300248027,0,0,0,0.999999881],"scale":0.70089972,"type":"desert_rocks_small_03"}
{"pos":[-1259.14319,2025.73584,69.9320374],"rotationMatrix":[0.989033878,0.147688136,0,-0.147688136,0.989033878,0,0,0,0.999999881],"scale":0.944296837,"type":"desert_rocks_small_03"}
{"pos":[-1262.22632,2028.61108,69.2212067],"rotationMatrix":[-0.917231798,-0.398353666,0,0.398353666,-0.917231798,0,0,0,0.999999881],"scale":0.819072127,"type":"desert_rocks_small_03"}
{"pos":[-1255.39404,2027.60486,70.4167862],"rotationMatrix":[-0.99500078,-0.0998661965,0,0.0998661965,-0.99500078,0,0,0,0.999999881],"scale":0.389735729,"type":"desert_rocks_small_03"}
{"pos":[-1258.25537,2024.92798,70.0906754],"rotationMatrix":[-0.478898436,-0.877870142,0,0.877870142,-0.478898436,0,0,0,0.999999881],"scale":0.903074741,"type":"desert_rocks_small_03"}
{"pos":[-1262.58057,2023.2804,69.7462921],"rotationMatrix":[-0.588777423,0.808295012,0,-0.808295012,-0.588777423,0,0,0,0.999999881],"scale":0.512383044,"type":"desert_rocks_small_03"}
{"pos":[-1257.24133,2021.14563,70.5771561],"rotationMatrix":[0.335587889,-0.942008793,0,0.942008793,0.335587889,0,0,0,0.999999881],"scale":0.838764131,"type":"desert_rocks_small_03"}
{"pos":[-1262.40784,2021.11938,69.9880219],"rotationMatrix":[-0.848287702,-0.529535472,0,0.529535472,-0.848287702,0,0,0,0.999999881],"scale":0.617009044,"type":"desert_rocks_small_03"}
{"pos":[-1264.72729,2012.02283,70.6998596],"rotationMatrix":[-0.0395240933,0.999218524,0,-0.999218524,-0.0395240933,0,0,0,0.999999881],"scale":0.645974696,"type":"desert_rocks_small_03"}
{"pos":[-1266.96277,2016.6051,69.9018631],"rotationMatrix":[-0.86634618,0.499443799,0,-0.499443799,-0.86634618,0,0,0,0.999999881],"scale":0.934412837,"type":"desert_rocks_small_03"}
{"pos":[-1268.65491,2016.83203,69.6011047],"rotationMatrix":[0.46152851,0.887125373,0,-0.887125373,0.46152851,0,0,0,0.999999881],"scale":1.17124033,"type":"desert_rocks_small_03"}
{"pos":[-1269.31458,2018.17371,69.4332428],"rotationMatrix":[-0.909419835,0.41587919,0,-0.41587919,-0.909419835,0,0,0,0.999999881],"scale":0.864463329,"type":"desert_rocks_small_03"}
{"pos":[-1265.41333,2009.5437,70.7438278],"rotationMatrix":[0.448592454,-0.893736303,0,0.893736303,0.448592454,0,0,0,0.999999881],"scale":1.19204175,"type":"desert_rocks_small_03"}
{"pos":[-1272.10046,2011.39978,69.6243668],"rotationMatrix":[0.132689089,-0.991157651,0,0.991157651,0.132689089,0,0,0,0.999999881],"scale":0.41634652,"type":"desert_rocks_small_03"}
{"pos":[-1264.85559,2013.39355,70.5804672],"rotationMatrix":[-0.548967421,0.835843503,0,-0.835843503,-0.548967421,0,0,0,0.999999881],"scale":0.601873219,"type":"desert_rocks_small_03"}
{"pos":[-1265.84351,2014.47168,70.2871933],"rotationMatrix":[-0.487579137,-0.873078763,0,0.873078763,-0.487579137,0,0,0,0.999999881],"scale":0.697653174,"type":"desert_rocks_small_03"}
{"pos":[-1267.52698,2006.75867,70.6903915],"rotationMatrix":[0.322643816,-0.946520388,0,0.946520388,0.322643816,0,0,0,0.999999881],"scale":1.27233362,"type":"desert_rocks_small_03"}
{"pos":[-1268.35632,2004.30896,70.8369675],"rotationMatrix":[0.348470271,0.937319815,0,-0.937319815,0.348470271,0,0,0,0.999999881],"scale":0.62885946,"type":"desert_rocks_small_03"}
{"pos":[-1271.81995,2007.39551,70.0204773],"rotationMatrix":[-0.405926496,0.913905561,0,-0.913905561,-0.405926496,0,0,0,0.999999881],"scale":0.45835501,"type":"desert_rocks_small_03"}
{"pos":[-1277.26721,1998.77637,69.932724],"rotationMatrix":[-0.889333069,0.457259744,0,-0.457259744,-0.889333069,0,0,0,0.999999881],"scale":0.439487845,"type":"desert_rocks_small_03"}
{"pos":[-1275.63562,1997.96545,70.2865524],"rotationMatrix":[-0.423378438,0.905952752,0,-0.905952752,-0.423378438,0,0,0,0.999999881],"scale":0.553768277,"type":"desert_rocks_small_03"}
{"pos":[-1276.24829,1996.60461,70.3244019],"rotationMatrix":[-0.952899933,0.303284824,0,-0.303284824,-0.952899933,0,0,0,0.999999881],"scale":0.517527938,"type":"desert_rocks_small_03"}
{"pos":[-1279.45789,1994.30981,70.1876068],"rotationMatrix":[-0.14542073,0.98936981,0,-0.98936981,-0.14542073,0,0,0,0.999999881],"scale":1.37143207,"type":"desert_rocks_small_03"}
{"pos":[-1278.70361,1999.81885,69.5911865],"rotationMatrix":[-0.121326573,-0.992612541,0,0.992612541,-0.121326573,0,0,0,0.999999881],"scale":0.612031221,"type":"desert_rocks_small_03"}
{"pos":[-1280.4895,1990.79675,70.9516678],"rotationMatrix":[0.913033545,0.407884419,0,-0.407884419,0.913033545,0,0,0,0.999999881],"scale":0.852716565,"type":"desert_rocks_small_03"}
{"pos":[-1285.42505,1990.97876,69.6614685],"rotationMatrix":[0.687793434,0.725906491,0,-0.725906491,0.687793434,0,0,0,0.999999881],"scale":0.392283231,"type":"desert_rocks_small_03"}
{"pos":[-1288.146,1991.54053,69.0167847],"rotationMatrix":[0.178690374,0.983905315,0,-0.983905315,0.178690374,0,0,0,0.999999881],"scale":0.949417472,"type":"desert_rocks_small_03"}
{"pos":[-1284.96594,1985.35547,70.7364807],"rotationMatrix":[-0.999993682,-0.00352420844,0,0.00352420844,-0.999993682,0,0,0,0.999999881],"scale":1.32175779,"type":"desert_rocks_small_03"}
{"pos":[-1295.46106,1981.49329,69.2926788],"rotationMatrix":[0.512606859,0.858623445,0,-0.858623445,0.512606859,0,0,0,0.999999881],"scale":0.977708995,"type":"desert_rocks_small_03"}
{"pos":[-1296.76843,1976.7124,69.6812897],"rotationMatrix":[0.9083969,0.418108821,0,-0.418108821,0.9083969,0,0,0,0.999999881],"scale":0.467382342,"type":"desert_rocks_small_03"}
{"pos":[-1296.33643,1973.38501,70.2090073],"rotationMatrix":[0.989658535,0.14344278,0,-0.14344278,0.989658535,0,0,0,0.999999881],"scale":0.964007556,"type":"desert_rocks_small_03"}
{"pos":[-1299.7041,1974.47375,69.3654099],"rotationMatrix":[-0.984246314,-0.176802337,0,0.176802337,-0.984246314,0,0,0,0.999999881],"scale":0.618840218,"type":"desert_rocks_small_03"}
{"pos":[-1297.099,1971.88208,70.1816711],"rotationMatrix":[0.26620093,-0.963917434,0,0.963917434,0.26620093,0,0,0,0.999999881],"scale":1.19753122,"type":"desert_rocks_small_03"}
{"pos":[-1299.38623,1971.45837,69.8597412],"rotationMatrix":[-0.00980703905,-0.999951839,0,0.999951839,-0.00980703905,0,0,0,0.999999881],"scale":0.762367487,"type":"desert_rocks_small_03"}
{"pos":[-1302.20032,1964.32837,70.9344635],"rotationMatrix":[-0.153396845,-0.988164544,0,0.988164544,-0.153396845,0,0,0,0.999999881],"scale":0.982912183,"type":"desert_rocks_small_03"}
{"pos":[-1307.50659,1970.2157,69.1418915],"rotationMatrix":[-0.472917736,0.881106436,0,-0.881106436,-0.472917736,0,0,0,0.999999881],"scale":1.08721507,"type":"desert_rocks_small_03"}
{"pos":[-1307.80066,1961.35547,70.2518845],"rotationMatrix":[-0.523543417,-0.851998806,0,0.851998806,-0.523543417,0,0,0,0.999999881],"scale":1.26777291,"type":"desert_rocks_small_03"}
{"pos":[-1309.91333,1960.78735,70.0279617],"rotationMatrix":[0.992447913,-0.122666083,0,0.122666083,0.992447913,0,0,0,0.999999881],"scale":0.669646084,"type":"desert_rocks_small_03"}
{"pos":[-1307.59949,1960.0083,70.4188843],"rotationMatrix":[-0.963257253,-0.268580317,0,0.268580317,-0.963257253,0,0,0,0.999999881],"scale":0.73496753,"type":"desert_rocks_small_03"}
{"pos":[-1308.50598,1963.11169,69.911377],"rotationMatrix":[0.82347846,0.567347586,0,-0.567347586,0.82347846,0,0,0,0.999999881],"scale":0.397041082,"type":"desert_rocks_small_03"}
{"pos":[-1310.55151,1958.05872,70.278244],"rotationMatrix":[-0.149318546,-0.988789022,0,0.988789022,-0.149318546,0,0,0,0.999999881],"scale":1.15096164,"type":"desert_rocks_small_03"}
{"pos":[-1309.9812,1956.40613,70.6034393],"rotationMatrix":[-0.859405577,0.511294365,0,-0.511294365,-0.859405577,0,0,0,0.999999881],"scale":0.886411667,"type":"desert_rocks_small_03"}
{"pos":[-1311.23413,1958.80603,70.1505966],"rotationMatrix":[-0.998921692,-0.046425011,0,0.046425011,-0.998921692,0,0,0,0.999999881],"scale":0.703929901,"type":"desert_rocks_small_03"}
{"pos":[-1314.64746,1955.96399,70.076767],"rotationMatrix":[0.508237839,0.861216784,0,-0.861216784,0.508237839,0,0,0,0.999999881],"scale":0.409218758,"type":"desert_rocks_small_03"}
{"pos":[-1312.61914,1953.56909,70.5318298],"rotationMatrix":[-0.999960482,0.00887677073,0,-0.00887677073,-0.999960482,0,0,0,0.999999881],"scale":1.12364614,"type":"desert_rocks_small_03"}
{"pos":[-1319.61292,1946.74207,70.0803604],"rotationMatrix":[-0.666608989,0.745407522,0,-0.745407522,-0.666608989,0,0,0,0.999999881],"scale":1.13380206,"type":"desert_rocks_small_03"}
{"pos":[-1320.35767,1949.25854,69.8522568],"rotationMatrix":[-0.956317008,0.292331398,0,-0.292331398,-0.956317008,0,0,0,0.999999881],"scale":0.983501017,"type":"desert_rocks_small_03"}
{"pos":[-1322.69312,1944.95691,69.9013596],"rotationMatrix":[0.0944075659,-0.995533526,0,0.995533526,0.0944075659,0,0,0,0.999999881],"scale":0.951116204,"type":"desert_rocks_small_03"}
{"pos":[-1324.67432,1938.46643,70.055687],"rotationMatrix":[-0.907740533,-0.419531733,0,0.419531733,-0.907740533,0,0,0,0.999999881],"scale":0.452222586,"type":"desert_rocks_small_03"}
{"pos":[-1327.25208,1940.823,69.6477966],"rotationMatrix":[0.703587711,-0.710608363,0,0.710608363,0.703587711,0,0,0,0.999999881],"scale":0.425645888,"type":"desert_rocks_small_03"}
{"pos":[-1322.18677,1941.42566,70.1845016],"rotationMatrix":[-0.647477746,0.762084126,0,-0.762084126,-0.647477746,0,0,0,0.999999881],"scale":0.659641623,"type":"desert_rocks_small_03"}
{"pos":[-1323.38391,1936.87988,70.2427597],"rotationMatrix":[-0.462737143,0.886495411,0,-0.886495411,-0.462737143,0,0,0,0.999999881],"scale":1.37338448,"type":"desert_rocks_small_03"}
{"pos":[-1322.96704,1940.12305,70.2058029],"rotationMatrix":[-0.874811709,-0.484462917,0,0.484462917,-0.874811709,0,0,0,0.999999881],"scale":0.685621917,"type":"desert_rocks_small_03"}
{"pos":[-1323.1709,1930.22852,70.5574722],"rotationMatrix":[0.957736313,0.287647665,0,-0.287647665,0.957736313,0,0,0,0.999999881],"scale":0.877166152,"type":"desert_rocks_small_03"}
{"pos":[-1320.76868,1939.31531,70.427948],"rotationMatrix":[0.998283446,0.0585652851,0,-0.0585652851,0.998283446,0,0,0,0.999999881],"scale":0.864447176,"type":"desert_rocks_small_03"}
{"pos":[-1325.88123,1944.12244,69.6452408],"rotationMatrix":[-0.896265268,0.443518102,0,-0.443518102,-0.896265268,0,0,0,0.999999881],"scale":0.446373761,"type":"desert_rocks_small_03"}
{"pos":[-1325.98267,1941.0531,69.7705612],"rotationMatrix":[-0.91165477,0.410956919,0,-0.410956919,-0.91165477,0,0,0,0.999999881],"scale":1.27694154,"type":"desert_rocks_small_03"}
{"pos":[-1318.79309,1953.21558,69.8585587],"rotationMatrix":[-0.98149389,0.19149299,0,-0.19149299,-0.98149389,0,0,0,0.999999881],"scale":0.778101206,"type":"desert_rocks_small_03"}
{"pos":[-1313.07849,1952.5354,70.5761108],"rotationMatrix":[-0.775409698,0.631458402,0,-0.631458402,-0.775409698,0,0,0,0.999999881],"scale":0.826432109,"type":"desert_rocks_small_03"}
{"pos":[-1307.70386,1956.40112,70.8348846],"rotationMatrix":[-0.948495328,-0.316790879,0,0.316790879,-0.948495328,0,0,0,0.999999881],"scale":0.447352409,"type":"desert_rocks_small_03"}
{"pos":[-1299.96765,1965.19873,71.0774155],"rotationMatrix":[-0.435186297,0.900340319,0,-0.900340319,-0.435186297,0,0,0,0.999999881],"scale":0.572484493,"type":"desert_rocks_small_03"}
{"pos":[-1211.55579,2070.42334,71.3399811],"rotationMatrix":[0.681741416,-0.731593132,0,0.731593132,0.681741416,0,0,0,0.999999881],"scale":0.420966744,"type":"desert_rocks_small_03"}
