{"pos":[-955.013794,2083.98267,69.0522766],"rotationMatrix":[0.926576555,0.376106203,0,-0.376106203,0.926576555,0,0,0,0.999999881],"scale":0.596926153,"type":"desert_rocks_small_08"}
{"pos":[-954.461487,2088.17847,67.8104858],"rotationMatrix":[-0.791341305,0.611374319,0,-0.611374319,-0.791341305,0,0,0,0.999999881],"scale":0.396003485,"type":"desert_rocks_small_08"}
{"pos":[-954.52356,2079.54883,72.5926743],"rotationMatrix":[-0.484396905,-0.874848306,0,0.874848306,-0.484396905,0,0,0,0.999999881],"scale":0.997299075,"type":"desert_rocks_small_08"}
{"pos":[-958.354309,2082.20947,69.9463654],"rotationMatrix":[0.97932905,0.202273533,0,-0.202273533,0.97932905,0,0,0,0.999999881],"scale":0.462312967,"type":"desert_rocks_small_08"}
{"pos":[-961.678284,2083.73462,69.0845261],"rotationMatrix":[-0.71805799,0.695983171,0,-0.695983171,-0.71805799,0,0,0,0.999999881],"scale":1.21943474,"type":"desert_rocks_small_08"}
{"pos":[-964.333984,2078.80078,72.4384918],"rotationMatrix":[-0.410100996,-0.912039995,0,0.912039995,-0.410100996,0,0,0,0.999999881],"scale":1.03936362,"type":"desert_rocks_small_08"}
{"pos":[-970.415894,2082.3501,69.0573196],"rotationMatrix":[-0.940045357,-0.341049254,0,0.341049254,-0.940045357,0,0,0,0.999999881],"scale":0.444825798,"type":"desert_rocks_small_08"}
{"pos":[-964.022705,2081.38965,71.0140152],"rotationMatrix":[0.562990427,-0.826463342,0,0.826463342,0.562990427,0,0,0,0.999999881],"scale":1.13292587,"type":"desert_rocks_small_08"}
{"pos":[-966.940308,2086.27734,68.2918625],"rotationMatrix":[0.854284585,-0.519805253,0,0.519805253,0.854284585,0,0,0,0.999999881],"scale":1.07338655,"type":"desert_rocks_small_08"}
{"pos":[-969.017334,2078.53076,71.4672241],"rotationMatrix":[0.514988959,0.857196808,0,-0.857196808,0.514988959,0,0,0,0.999999881],"scale":0.806978822,"type":"desert_rocks_small_08"}
{"pos":[-976.097961,2075.62305,71.1624985],"rotationMatrix":[0.218352899,0.975869834,0,-0.975869834,0.218352899,0,0,0,0.999999881],"scale":1.15024817,"type":"desert_rocks_small_08"}
{"pos":[-976.177979,2080.33862,68.998024],"rotationMatrix":[0.784549356,0.620066345,0,-0.620066345,0.784549356,0,0,0,0.999999881],"scale":0.806919694,"type":"desert_rocks_small_08"}
{"pos":[-981.770264,2076.1958,69.4360962],"rotationMatrix":[-0.0473530404,-0.998878121,0,0.998878121,-0.0473530404,0,0,0,0.999999881],"scale":1.19310391,"type":"desert_rocks_small_08"}
{"pos":[-975.965942,2078.02759,69.9981842],"rotationMatrix":[0.863530278,0.504296899,0,-0.504296899,0.863530278,0,0,0,0.999999881],"scale":0.500559449,"type":"desert_rocks_small_08"}
{"pos":[-974.684692,2075.09888,71.9032974],"rotationMatrix":[-0.376750112,-0.92631489,0,0.92631489,-0.376750112,0,0,0,0.999999881],"scale":0.555714369,"type":"desert_rocks_small_08"}
{"pos":[-980.97467,2072.98364,71.5780563],"rotationMatrix":[-0.774536967,-0.632528663,0,0.632528663,-0.774536967,0,0,0,0.999999881],"scale":0.573869467,"type":"desert_rocks_small_08"}
{"pos":[-975.503235,2078.64478,69.8097992],"rotationMatrix":[-0.888799369,-0.458296537,0,0.458296537,-0.888799369,0,0,0,0.999999881],"scale":0.506133437,"type":"desert_rocks_small_08"}
{"pos":[-980.246521,2075.5105,70.297226],"rotationMatrix":[-0.821675837,-0.569955051,0,0.569955051,-0.821675837,0,0,0,0.999999881],"scale":0.421543241,"type":"desert_rocks_small_08"}
{"pos":[-984.511719,2074.48096,69.4633102],"rotationMatrix":[-0.807538271,-0.589814961,0,0.589814961,-0.807538271,0,0,0,0.999999881],"scale":0.926362932,"type":"desert_rocks_small_08"}
{"pos":[-981.30542,2071.59692,72.2862625],"rotationMatrix":[-0.13039194,0.991462409,0,-0.991462409,-0.13039194,0,0,0,0.999999881],"scale":0.737573981,"type":"desert_rocks_small_08"}
{"pos":[-980.601257,2071.04614,72.7920303],"rotationMatrix":[-0.957058847,0.289893329,0,-0.289893329,-0.957058847,0,0,0,0.999999881],"scale":0.426526546,"type":"desert_rocks_small_08"}
{"pos":[-981.814697,2079.56079,68.7989502],"rotationMatrix":[0.0205818489,-0.999788046,0,0.999788046,0.0205818489,0,0,0,0.999999881],"scale":0.909349203,"type":"desert_rocks_small_08"}
{"pos":[-984.713318,2071.99194,70.9761276],"rotationMatrix":[0.72227627,0.691604614,0,-0.691604614,0.72227627,0,0,0,0.999999881],"scale":0.572888851,"type":"desert_rocks_small_08"}
{"pos":[-987.47876,2068.34619,72.2926636],"rotationMatrix":[0.324854255,-0.945764005,0,0.945764005,0.324854255,0,0,0,0.999999881],"scale":0.615712881,"type":"desert_rocks_small_08"}
{"pos":[-988.593323,2074.03369,69.1247787],"rotationMatrix":[0.678471446,0.73462671,0,-0.73462671,0.678471446,0,0,0,0.999999881],"scale":0.577646077,"type":"desert_rocks_small_08"}
{"pos":[-993.356628,2070.53687,68.1593094],"rotationMatrix":[0.915258229,0.402867645,0,-0.402867645,0.915258229,0,0,0,0.999999881],"scale":0.753644764,"type":"desert_rocks_small_08"}
{"pos":[-991.839722,2065.03076,73.3514099],"rotationMatrix":[-0.811665237,-0.584122837,0,0.584122837,-0.811665237,0,0,0,0.999999881],"scale":0.687410593,"type":"desert_rocks_small_08"}
{"pos":[-996.750488,2067.20752,68.7310944],"rotationMatrix":[0.737826109,0.674990773,0,-0.674990773,0.737826109,0,0,0,0.999999881],"scale":0.459482372,"type":"desert_rocks_small_08"}
{"pos":[-1003.7019,2068.24512,68.373497],"rotationMatrix":[-0.596478522,-0.802628875,0,0.802628875,-0.596478522,0,0,0,0.999999881],"scale":0.974799335,"type":"desert_rocks_small_08"}
{"pos":[-1001.43408,2069.46143,67.6694336],"rotationMatrix":[0.968310833,-0.249747738,0,0.249747738,0.968310833,0,0,0,0.999999881],"scale":0.905746818,"type":"desert_rocks_small_08"}
{"pos":[-1002.50714,2070.06763,67.7916565],"rotationMatrix":[0.180073962,-0.983653009,0,0.983653009,0.180073962,0,0,0,0.999999881],"scale":1.29111767,"type":"desert_rocks_small_08"}
{"pos":[-1005.75,2064.65552,70.4875031],"rotationMatrix":[0.24716337,-0.968973696,0,0.968973696,0.24716337,0,0,0,0.999999881],"scale":0.454881221,"type":"desert_rocks_small_08"}
{"pos":[-1016.849,2063.53174,71.5525055],"rotationMatrix":[-0.798720837,0.601701677,0,-0.601701677,-0.798720837,0,0,0,0.999999881],"scale":0.462403953,"type":"desert_rocks_small_08"}
{"pos":[-1020.24634,2069.81201,69.5626297],"rotationMatrix":[-0.980767071,0.195181668,0,-0.195181668,-0.980767071,0,0,0,0.999999881],"scale":0.496025026,"type":"desert_rocks_small_08"}
{"pos":[-1015.65808,2063.98804,71.2749405],"rotationMatrix":[0.53770715,0.843131721,0,-0.843131721,0.53770715,0,0,0,0.999999881],"scale":0.417144716,"type":"desert_rocks_small_08"}
{"pos":[-1016.51532,2064.75513,71.0040741],"rotationMatrix":[0.0467336886,0.998907268,0,-0.998907268,0.0467336886,0,0,0,0.999999881],"scale":0.623178601,"type":"desert_rocks_small_08"}
{"pos":[-1016.44849,2063.05688,71.7382355],"rotationMatrix":[-0.881798029,0.471627176,0,-0.471627176,-0.881798029,0,0,0,0.999999881],"scale":0.920850456,"type":"desert_rocks_small_08"}
{"pos":[-1014.67224,2063.77002,71.2687836],"rotationMatrix":[0.985405266,0.170224518,0,-0.170224518,0.985405266,0,0,0,0.999999881],"scale":0.481246322,"type":"desert_rocks_small_08"}
{"pos":[-1022.15051,2065.29956,70.2224121],"rotationMatrix":[-0.633778095,0.773514688,0,-0.773514688,-0.633778095,0,0,0,0.999999881],"scale":0.520114958,"type":"desert_rocks_small_08"}
{"pos":[-1025.0249,2068.76831,69.4282379],"rotationMatrix":[0.564002812,0.825772882,0,-0.825772882,0.564002812,0,0,0,0.999999881],"scale":1.35319889,"type":"desert_rocks_small_08"}
{"pos":[-1028.24597,2067.0542,69.0306778],"rotationMatrix":[-0.994558871,0.10417489,0,-0.10417489,-0.994558871,0,0,0,0.999999881],"scale":0.944441438,"type":"desert_rocks_small_08"}
{"pos":[-1021.21252,2062.83179,71.159317],"rotationMatrix":[-0.350156188,-0.936691225,0,0.936691225,-0.350156188,0,0,0,0.999999881],"scale":0.751248479,"type":"desert_rocks_small_08"}
{"pos":[-1033.03345,2070.41675,68.6440964],"rotationMatrix":[0.319453984,-0.947601736,0,0.947601736,0.319453984,0,0,0,0.999999881],"scale":1.39567125,"type":"desert_rocks_small_08"}
{"pos":[-1031.55139,2066.72168,69.7900696],"rotationMatrix":[-0.991878688,-0.127186716,0,0.127186716,-0.991878688,0,0,0,0.999999881],"scale":0.46413213,"type":"desert_rocks_small_08"}
{"pos":[-1030.71704,2067.83594,69.2425232],"rotationMatrix":[-0.0518619344,-0.998654187,0,0.998654187,-0.0518619344,0,0,0,0.999999881],"scale":0.633153677,"type":"desert_rocks_small_08"}
{"pos":[-1035.00024,2063.01611,71.6136322],"rotationMatrix":[-0.919407666,0.393305629,0,-0.393305629,-0.919407666,0,0,0,0.999999881],"scale":0.88410449,"type":"desert_rocks_small_08"}
{"pos":[-1041.02026,2069.29199,69.4312363],"rotationMatrix":[-0.146438509,-0.989219725,0,0.989219725,-0.146438509,0,0,0,0.999999881],"scale":0.449747682,"type":"desert_rocks_small_08"}
{"pos":[-1038.73193,2063.0105,71.1609344],"rotationMatrix":[-0.0524726436,-0.998622239,0,0.998622239,-0.0524726436,0,0,0,0.999999881],"scale":0.857439637,"type":"desert_rocks_small_08"}
{"pos":[-1040.92786,2064.90552,70.4872818],"rotationMatrix":[0.987624228,-0.156838164,0,0.156838164,0.987624228,0,0,0,0.999999881],"scale":0.8538028,"type":"desert_rocks_small_08"}
{"pos":[-1034.98901,2069.79395,69.1333313],"rotationMatrix":[-0.506420493,-0.862286508,0,0.862286508,-0.506420493,0,0,0,0.999999881],"scale":1.29723454,"type":"desert_rocks_small_08"}
{"pos":[-1043.60449,2062.40015,70.9684372],"rotationMatrix":[-0.114655808,0.993405223,0,-0.993405223,-0.114655808,0,0,0,0.999999881],"scale":1.38380337,"type":"desert_rocks_small_08"}
{"pos":[-1047.90747,2065.76831,70.0384674],"rotationMatrix":[0.687766075,0.725932419,0,-0.725932419,0.687766075,0,0,0,0.999999881],"scale":1.33007121,"type":"desert_rocks_small_08"}
{"pos":[-1042.88306,2063.06372,70.9122238],"rotationMatrix":[0.988505185,-0.151185989,0,0.151185989,0.988505185,0,0,0,0.999999881],"scale":0.649289548,"type":"desert_rocks_small_08"}
{"pos":[-1045.29175,2066.12036,70.0055466],"rotationMatrix":[0.867266297,-0.497844219,0,0.497844219,0.867266297,0,0,0,0.999999881],"scale":1.00456905,"type":"desert_rocks_small_08"}
{"pos":[-1041.90234,2063.1687,70.9575577],"rotationMatrix":[0.711425126,0.702761889,0,-0.702761889,0.711425126,0,0,0,0.999999881],"scale":0.600402951,"type":"desert_rocks_small_08"}
{"pos":[-1043.20703,2068.60132,69.4573822],"rotationMatrix":[0.916974723,-0.398945123,0,0.398945123,0.916974723,0,0,0,0.999999881],"scale":0.88880676,"type":"desert_rocks_small_08"}
{"pos":[-1043.78955,2062.78345,70.9231644],"rotationMatrix":[-0.42212832,-0.906535983,0,0.906535983,-0.42212832,0,0,0,0.999999881],"scale":0.662362456,"type":"desert_rocks_small_08"}
{"pos":[-1051.44055,2068.44946,69.4558868],"rotationMatrix":[-0.684040546,-0.729443848,0,0.729443848,-0.684040546,0,0,0,0.999999881],"scale":0.422053009,"type":"desert_rocks_small_08"}
{"pos":[-1050.92896,2063.073,70.4875641],"rotationMatrix":[-0.888468027,-0.458938301,0,0.458938301,-0.888468027,0,0,0,0.999999881],"scale":0.732522845,"type":"desert_rocks_small_08"}
{"pos":[-1049.79846,2064.14478,70.4269791],"rotationMatrix":[0.623302579,0.781980753,0,-0.781980753,0.623302579,0,0,0,0.999999881],"scale":0.90971154,"type":"desert_rocks_small_08"}
{"pos":[-1049.6991,2068.90039,69.301918],"rotationMatrix":[0.939699292,-0.342001498,0,0.342001498,0.939699292,0,0,0,0.999999881],"scale":1.04405308,"type":"desert_rocks_small_08"}
{"pos":[-1051.64038,2067.35742,69.6437683],"rotationMatrix":[0.169686839,0.985498011,0,-0.985498011,0.169686839,0,0,0,0.999999881],"scale":0.58521235,"type":"desert_rocks_small_08"}
{"pos":[-1049.17834,2064.52368,70.315773],"rotationMatrix":[-0.780719876,-0.62488097,0,0.62488097,-0.780719876,0,0,0,0.999999881],"scale":0.634570062,"type":"desert_rocks_small_08"}
{"pos":[-1049.89636,2065.15649,70.1837158],"rotationMatrix":[-0.837419331,0.546560645,0,-0.546560645,-0.837419331,0,0,0,0.999999881],"scale":0.401503175,"type":"desert_rocks_small_08"}
{"pos":[-1051.63965,2060.59351,70.87677],"rotationMatrix":[-0.660735846,0.750618279,0,-0.750618279,-0.660735846,0,0,0,0.999999881],"scale":1.33320916,"type":"desert_rocks_small_08"}
{"pos":[-1053.91199,2064.8667,69.7825775],"rotationMatrix":[-0.6631127,0.74851948,0,-0.74851948,-0.6631127,0,0,0,0.999999881],"scale":0.880954981,"type":"desert_rocks_small_08"}
{"pos":[-1057.38306,2062.25586,70.0140533],"rotationMatrix":[-0.661896884,0.749594867,0,-0.749594867,-0.661896884,0,0,0,0.999999881],"scale":0.782188296,"type":"desert_rocks_small_08"}
{"pos":[-1057.90222,2066.57031,68.9727325],"rotationMatrix":[0.725727797,-0.687981844,0,0.687981844,0.725727797,0,0,0,0.999999881],"scale":0.450226843,"type":"desert_rocks_small_08"}
{"pos":[-1052.29065,2062.86621,70.3295441],"rotationMatrix":[-0.805971444,0.59195435,0,-0.59195435,-0.805971444,0,0,0,0.999999881],"scale":0.493578434,"type":"desert_rocks_small_08"}
{"pos":[-1057.97302,2059.88013,70.657135],"rotationMatrix":[0.396371454,-0.918090165,0,0.918090165,0.396371454,0,0,0,0.999999881],"scale":0.888911307,"type":"desert_rocks_small_08"}
{"pos":[-1059.78967,2064.61816,69.3510437],"rotationMatrix":[0.208001181,0.978128493,0,-0.978128493,0.208001181,0,0,0,0.999999881],"scale":1.16906083,"type":"desert_rocks_small_08"}
{"pos":[-1047.71802,2061.67578,70.9812546],"rotationMatrix":[-0.203054264,0.979167402,0,-0.979167402,-0.203054264,0,0,0,0.999999881],"scale":0.40362224,"type":"desert_rocks_small_08"}
{"pos":[-1047.56738,2065.08447,70.1521378],"rotationMatrix":[0.103783928,-0.99459976,0,0.99459976,0.103783928,0,0,0,0.999999881],"scale":0.632693887,"type":"desert_rocks_small_08"}
{"pos":[-1044.18774,2071.11328,68.7576523],"rotationMatrix":[0.828728795,0.559650362,0,-0.559650362,0.828728795,0,0,0,0.999999881],"scale":1.19808781,"type":"desert_rocks_small_08"}
{"pos":[-1042.65698,2065.82104,70.1627884],"rotationMatrix":[0.953241646,-0.30220893,0,0.30220893,0.953241646,0,0,0,0.999999881],"scale":0.480255306,"type":"desert_rocks_small_08"}
{"pos":[-1041.89111,2068.12939,69.6243591],"rotationMatrix":[0.569874704,-0.821731567,0,0.821731567,0.569874704,0,0,0,0.999999881],"scale":0.931495905,"type":"desert_rocks_small_08"}
{"pos":[-1059.13098,2065.43921,69.1850967],"rotationMatrix":[0.919067085,-0.394100904,0,0.394100904,0.919067085,0,0,0,0.999999881],"scale":0.443811476,"type":"desert_rocks_small_08"}
{"pos":[-1062.78333,2062.31689,69.8702545],"rotationMatrix":[-0.190980926,0.981593609,0,-0.981593609,-0.190980926,0,0,0,0.999999881],"scale":1.04687667,"type":"desert_rocks_small_08"}
{"pos":[-1059.65356,2058.64771,70.8136139],"rotationMatrix":[-0.777255416,0.629185081,0,-0.629185081,-0.777255416,0,0,0,0.999999881],"scale":0.553659499,"type":"desert_rocks_small_08"}
{"pos":[-1058.96509,2059.38281,70.6458282],"rotationMatrix":[0.234729961,-0.972060502,0,0.972060502,0.234729961,0,0,0,0.999999881],"scale":1.19182467,"type":"desert_rocks_small_08"}
{"pos":[-1062.37451,2059.53296,70.5845108],"rotationMatrix":[-0.999408782,0.0343782715,0,-0.0343782715,-0.999408782,0,0,0,0.999999881],"scale":0.733772755,"type":"desert_rocks_small_08"}
{"pos":[-1064.19421,2056.45898,71.0505981],"rotationMatrix":[-0.999591827,-0.0285640545,0,0.0285640545,-0.999591827,0,0,0,0.999999881],"scale":1.06829703,"type":"desert_rocks_small_08"}
{"pos":[-1070.68433,2056.78101,70.352562],"rotationMatrix":[-0.150866032,-0.98855412,0,0.98855412,-0.150866032,0,0,0,0.999999881],"scale":1.34108222,"type":"desert_rocks_small_08"}
{"pos":[-1075.83911,2057.0249,70.001236],"rotationMatrix":[-0.999821305,-0.0188977495,0,0.0188977495,-0.999821305,0,0,0,0.999999881],"scale":0.902377427,"type":"desert_rocks_small_08"}
{"pos":[-1070.16931,2056.61523,70.4382248],"rotationMatrix":[-0.936484039,0.350709975,0,-0.350709975,-0.936484039,0,0,0,0.999999881],"scale":0.481809795,"type":"desert_rocks_small_08"}
{"pos":[-1071.27527,2054.31738,70.7101364],"rotationMatrix":[0.971591592,0.236663654,0,-0.236663654,0.971591592,0,0,0,0.999999881],"scale":0.651810288,"type":"desert_rocks_small_08"}
{"pos":[-1077.7699,2056.87988,69.8207016],"rotationMatrix":[0.990984619,-0.133975193,0,0.133975193,0.990984619,0,0,0,0.999999881],"scale":0.777705729,"type":"desert_rocks_small_08"}
{"pos":[-1082.36816,2053.36816,69.5014954],"rotationMatrix":[-0.985028446,0.172391206,0,-0.172391206,-0.985028446,0,0,0,0.999999881],"scale":0.538042426,"type":"desert_rocks_small_08"}
{"pos":[-1081.93701,2055.29272,69.164032],"rotationMatrix":[-0.499195486,0.866489232,0,-0.866489232,-0.499195486,0,0,0,0.999999881],"scale":1.02758276,"type":"desert_rocks_small_08"}
{"pos":[-1082.96411,2048.1665,70.394989],"rotationMatrix":[0.995012581,0.0997486934,0,-0.0997486934,0.995012581,0,0,0,0.999999881],"scale":0.975802779,"type":"desert_rocks_small_08"}
{"pos":[-1083.16101,2050.38892,70.0517578],"rotationMatrix":[0.785931706,0.618313253,0,-0.618313253,0.785931706,0,0,0,0.999999881],"scale":0.637236714,"type":"desert_rocks_small_08"}
{"pos":[-1087.92578,2047.59363,70.7274551],"rotationMatrix":[-0.134619161,0.990897238,0,-0.990897238,-0.134619161,0,0,0,0.999999881],"scale":1.38885653,"type":"desert_rocks_small_08"}
{"pos":[-1085.6853,2047.14209,70.7723312],"rotationMatrix":[0.3297216,-0.944078147,0,0.944078147,0.3297216,0,0,0,0.999999881],"scale":1.14096773,"type":"desert_rocks_small_08"}
{"pos":[-1087.29163,2049.55518,69.9148331],"rotationMatrix":[-0.999794483,-0.0202710163,0,0.0202710163,-0.999794483,0,0,0,0.999999881],"scale":1.25677061,"type":"desert_rocks_small_08"}
{"pos":[-1089.97021,2047.95789,70.9729004],"rotationMatrix":[-0.640581667,-0.767889917,0,0.767889917,-0.640581667,0,0,0,0.999999881],"scale":0.391420245,"type":"desert_rocks_small_08"}
{"pos":[-1089.08533,2052.04028,69.5239029],"rotationMatrix":[-0.129905015,-0.991526306,0,0.991526306,-0.129905015,0,0,0,0.999999881],"scale":0.664606094,"type":"desert_rocks_small_08"}
{"pos":[-1091.28784,2051.92334,69.6543579],"rotationMatrix":[-0.582425296,0.812884033,0,-0.812884033,-0.582425296,0,0,0,0.999999881],"scale":0.684420884,"type":"desert_rocks_small_08"}
{"pos":[-1091.11511,2048.56177,70.7992477],"rotationMatrix":[0.987266481,0.159074485,0,-0.159074485,0.987266481,0,0,0,0.999999881],"scale":1.01683664,"type":"desert_rocks_small_08"}
{"pos":[-1090.47754,2053.37964,69.1911926],"rotationMatrix":[-0.967428148,0.253145695,0,-0.253145695,-0.967428148,0,0,0,0.999999881],"scale":1.31656015,"type":"desert_rocks_small_08"}
{"pos":[-1092.35767,2046.7384,71.7911301],"rotationMatrix":[-0.159111679,0.987260461,0,-0.987260461,-0.159111679,0,0,0,0.999999881],"scale":1.1302259,"type":"desert_rocks_small_08"}
{"pos":[-1094.34509,2051.19873,70.1680756],"rotationMatrix":[-0.502103031,-0.864807606,0,0.864807606,-0.502103031,0,0,0,0.999999881],"scale":1.02807045,"type":"desert_rocks_small_08"}
{"pos":[-1093.14856,2046.86011,71.9306793],"rotationMatrix":[0.677999139,-0.73506254,0,0.73506254,0.677999139,0,0,0,0.999999881],"scale":0.438630104,"type":"desert_rocks_small_08"}
{"pos":[-1093.18079,2052.79907,69.5077209],"rotationMatrix":[-0.977699459,-0.210008591,0,0.210008591,-0.977699459,0,0,0,0.999999881],"scale":0.994437575,"type":"desert_rocks_small_08"}
{"pos":[-1095.552,2052.52515,69.8173981],"rotationMatrix":[0.286456734,0.958093166,0,-0.958093166,0.286456734,0,0,0,0.999999881],"scale":0.619169593,"type":"desert_rocks_small_08"}
{"pos":[-1095.71802,2051.86084,70.0195999],"rotationMatrix":[-0.681896389,-0.73144865,0,0.73144865,-0.681896389,0,0,0,0.999999881],"scale":1.0276233,"type":"desert_rocks_small_08"}
{"pos":[-1098.43591,2046.19495,71.011795],"rotationMatrix":[-0.267228693,-0.96363306,0,0.96363306,-0.267228693,0,0,0,0.999999881],"scale":0.889203072,"type":"desert_rocks_small_08"}
{"pos":[-1098.90601,2047.1261,70.3534851],"rotationMatrix":[-0.937526405,0.347914129,0,-0.347914129,-0.937526405,0,0,0,0.999999881],"scale":0.390355438,"type":"desert_rocks_small_08"}
{"pos":[-1107.93652,2052.52661,69.8306122],"rotationMatrix":[0.574539661,-0.818476617,0,0.818476617,0.574539661,0,0,0,0.999999881],"scale":1.21962047,"type":"desert_rocks_small_08"}
{"pos":[-1115.02039,2056.72803,69.3974991],"rotationMatrix":[-0.79222554,0.61022824,0,-0.61022824,-0.79222554,0,0,0,0.999999881],"scale":0.703338027,"type":"desert_rocks_small_08"}
{"pos":[-1114.05774,2053.87061,69.869873],"rotationMatrix":[0.510494709,-0.859880745,0,0.859880745,0.510494709,0,0,0,0.999999881],"scale":1.03413451,"type":"desert_rocks_small_08"}
{"pos":[-1114.40735,2053.43188,69.8877182],"rotationMatrix":[-0.100547671,-0.994932115,0,0.994932115,-0.100547671,0,0,0,0.999999881],"scale":0.689138293,"type":"desert_rocks_small_08"}
{"pos":[-1117.1532,2057.3147,69.1183853],"rotationMatrix":[-0.764867723,0.644187272,0,-0.644187272,-0.764867723,0,0,0,0.999999881],"scale":0.665590167,"type":"desert_rocks_small_08"}
{"pos":[-1119.31909,2050.15552,71.5977249],"rotationMatrix":[0.3891159,-0.921188772,0,0.921188772,0.3891159,0,0,0,0.999999881],"scale":1.23514128,"type":"desert_rocks_small_08"}
{"pos":[-1128.38904,2051.19189,69.6638107],"rotationMatrix":[-0.965303361,-0.261130989,0,0.261130989,-0.965303361,0,0,0,0.999999881],"scale":1.24964762,"type":"desert_rocks_small_08"}
{"pos":[-1129.16455,2051.71118,69.3727112],"rotationMatrix":[-0.999997497,0.00218781456,0,-0.00218781456,-0.999997497,0,0,0,0.999999881],"scale":0.692141533,"type":"desert_rocks_small_08"}
{"pos":[-1133.26233,2047.56323,69.6810837],"rotationMatrix":[-0.942860425,-0.333187938,0,0.333187938,-0.942860425,0,0,0,0.999999881],"scale":0.500811696,"type":"desert_rocks_small_08"}
{"pos":[-1129.2356,2050.68262,69.6189117],"rotationMatrix":[0.953264177,-0.302137762,0,0.302137762,0.953264177,0,0,0,0.999999881],"scale":0.517061055,"type":"desert_rocks_small_08"}
{"pos":[-1133.90833,2050.80981,68.4133682],"rotationMatrix":[-0.668593824,-0.743627608,0,0.743627608,-0.668593824,0,0,0,0.999999881],"scale":1.30968118,"type":"desert_rocks_small_08"}
{"pos":[-1138.38965,2044.30103,70.451149],"rotationMatrix":[0.892076671,0.451884001,0,-0.451884001,0.892076671,0,0,0,0.999999881],"scale":0.463809013,"type":"desert_rocks_small_08"}
{"pos":[-1134.05737,2045.29419,70.3743057],"rotationMatrix":[0.077634953,-0.99698168,0,0.99698168,0.077634953,0,0,0,0.999999881],"scale":0.990923762,"type":"desert_rocks_small_08"}
{"pos":[-1132.5426,2043.44128,71.7582779],"rotationMatrix":[-0.940894425,0.338699967,0,-0.338699967,-0.940894425,0,0,0,0.999999881],"scale":0.741065443,"type":"desert_rocks_small_08"}
{"pos":[-1138.87805,2049.32104,69.2932053],"rotationMatrix":[0.885642707,0.464367181,0,-0.464367181,0.885642707,0,0,0,0.999999881],"scale":0.96040076,"type":"desert_rocks_small_08"}
{"pos":[-1137.71436,2049.81348,68.930542],"rotationMatrix":[0.888181388,-0.459492713,0,0.459492713,0.888181388,0,0,0,0.999999881],"scale":1.22289026,"type":"desert_rocks_small_08"}
{"pos":[-1138.05701,2043.65784,70.7624817],"rotationMatrix":[-0.989889503,0.141840264,0,-0.141840264,-0.989889503,0,0,0,0.999999881],"scale":0.793808401,"type":"desert_rocks_small_08"}
{"pos":[-1138.92004,2043.7572,70.5356445],"rotationMatrix":[-0.0696722046,-0.997569859,0,0.997569859,-0.0696722046,0,0,0,0.999999881],"scale":1.1783483,"type":"desert_rocks_small_08"}
{"pos":[-1138.86169,2051.66235,68.7993546],"rotationMatrix":[-0.904578626,0.426306456,0,-0.426306456,-0.904578626,0,0,0,0.999999881],"scale":1.1155107,"type":"desert_rocks_small_08"}
{"pos":[-1147.01245,2049.43384,70.7874374],"rotationMatrix":[-0.515231848,0.857050717,0,-0.857050717,-0.515231848,0,0,0,0.999999881],"scale":0.386505723,"type":"desert_rocks_small_08"}
{"pos":[-1145.99707,2051.64136,70.1297302],"rotationMatrix":[0.835010111,-0.550234377,0,0.550234377,0.835010111,0,0,0,0.999999881],"scale":0.550731599,"type":"desert_rocks_small_08"}
{"pos":[-1149.42932,2056.43726,69.6467285],"rotationMatrix":[-0.889720201,-0.456506282,0,0.456506282,-0.889720201,0,0,0,0.999999881],"scale":0.995339692,"type":"desert_rocks_small_08"}
{"pos":[-1152.49634,2052.44434,71.2191467],"rotationMatrix":[-0.977250636,0.212087095,0,-0.212087095,-0.977250636,0,0,0,0.999999881],"scale":1.26076996,"type":"desert_rocks_small_08"}
{"pos":[-1148.46155,2058.75806,68.7744064],"rotationMatrix":[-0.144381344,0.98952204,0,-0.98952204,-0.144381344,0,0,0,0.999999881],"scale":1.18287468,"type":"desert_rocks_small_08"}
{"pos":[-1153.44946,2051.94263,71.573822],"rotationMatrix":[-0.68307507,-0.73034817,0,0.73034817,-0.68307507,0,0,0,0.999999881],"scale":0.570398211,"type":"desert_rocks_small_08"}
{"pos":[-1153.63281,2057.8999,69.544426],"rotationMatrix":[-0.997429669,0.0716506466,0,-0.0716506466,-0.997429669,0,0,0,0.999999881],"scale":0.471367806,"type":"desert_rocks_small_08"}
{"pos":[-1147.78223,2055.92041,69.6202698],"rotationMatrix":[0.945258081,0.326323509,0,-0.326323509,0.945258081,0,0,0,0.999999881],"scale":1.34360421,"type":"desert_rocks_small_08"}
{"pos":[-1153.01111,2056.69995,69.8385773],"rotationMatrix":[0.0857834443,-0.996313691,0,0.996313691,0.0857834443,0,0,0,0.999999881],"scale":0.946704328,"type":"desert_rocks_small_08"}
{"pos":[-1155.31152,2057.2417,69.9580917],"rotationMatrix":[0.873349249,0.487094462,0,-0.487094462,0.873349249,0,0,0,0.999999881],"scale":0.787457466,"type":"desert_rocks_small_08"}
{"pos":[-1156.02271,2056.63281,70.250679],"rotationMatrix":[0.952932239,-0.303183049,0,0.303183049,0.952932239,0,0,0,0.999999881],"scale":0.76666832,"type":"desert_rocks_small_08"}
{"pos":[-1157.8042,2054.26099,71.3107224],"rotationMatrix":[0.994543016,-0.104326688,0,0.104326688,0.994543016,0,0,0,0.999999881],"scale":0.886204541,"type":"desert_rocks_small_08"}
{"pos":[-1157.5802,2058.63892,70.1215668],"rotationMatrix":[0.934328794,-0.356412023,0,0.356412023,0.934328794,0,0,0,0.999999881],"scale":0.936405063,"type":"desert_rocks_small_08"}
{"pos":[-1154.75745,2061.74341,68.622261],"rotationMatrix":[-0.725448787,-0.688275933,0,0.688275933,-0.725448787,0,0,0,0.999999881],"scale":1.21797574,"type":"desert_rocks_small_08"}
{"pos":[-1156.99438,2058.79321,69.9226761],"rotationMatrix":[0.0398741439,-0.999204636,0,0.999204636,0.0398741439,0,0,0,0.999999881],"scale":0.793932736,"type":"desert_rocks_small_08"}
{"pos":[-1155.953,2057.98218,69.8043137],"rotationMatrix":[-0.417962849,-0.908464134,0,0.908464134,-0.417962849,0,0,0,0.999999881],"scale":0.398856968,"type":"desert_rocks_small_08"}
{"pos":[-1160.27112,2059.52808,70.6593628],"rotationMatrix":[0.727376997,-0.686237991,0,0.686237991,0.727376997,0,0,0,0.999999881],"scale":1.36225569,"type":"desert_rocks_small_08"}
{"pos":[-1161.33789,2068.79834,68.6310425],"rotationMatrix":[0.226290837,-0.974059761,0,0.974059761,0.226290837,0,0,0,0.999999881],"scale":0.917280257,"type":"desert_rocks_small_08"}
{"pos":[-1159.23999,2065.62256,69.3688431],"rotationMatrix":[-0.819242299,-0.573447347,0,0.573447347,-0.819242299,0,0,0,0.999999881],"scale":1.11811113,"type":"desert_rocks_small_08"}
{"pos":[-1158.7616,2069.03418,68.2391968],"rotationMatrix":[0.994278848,-0.106814213,0,0.106814213,0.994278848,0,0,0,0.999999881],"scale":1.18763638,"type":"desert_rocks_small_08"}
{"pos":[-1158.7478,2066.95947,68.9061356],"rotationMatrix":[0.954177618,-0.2992405,0,0.2992405,0.954177618,0,0,0,0.999999881],"scale":0.692437053,"type":"desert_rocks_small_08"}
{"pos":[-1156.46667,2065.97388,69.0832672],"rotationMatrix":[0.972200334,0.23415044,0,-0.23415044,0.972200334,0,0,0,0.999999881],"scale":0.823944449,"type":"desert_rocks_small_08"}
{"pos":[-1159.4209,2068.21045,68.5653152],"rotationMatrix":[-0.937260687,-0.348629355,0,0.348629355,-0.937260687,0,0,0,0.999999881],"scale":0.858196616,"type":"desert_rocks_small_08"}
{"pos":[-1164.65503,2063.96802,70.4617004],"rotationMatrix":[-0.12250457,-0.99246788,0,0.99246788,-0.12250457,0,0,0,0.999999881],"scale":0.389765114,"type":"desert_rocks_small_08"}
{"pos":[-1165.19104,2065.44873,70.077774],"rotationMatrix":[0.846635103,0.532173753,0,-0.532173753,0.846635103,0,0,0,0.999999881],"scale":0.466047734,"type":"desert_rocks_small_08"}
{"pos":[-1164.91907,2063.10522,70.7424393],"rotationMatrix":[-0.817008913,0.576624691,0,-0.576624691,-0.817008913,0,0,0,0.999999881],"scale":1.37842464,"type":"desert_rocks_small_08"}
{"pos":[-1167.32581,2063.46118,71.030365],"rotationMatrix":[-0.650535882,0.759475291,0,-0.759475291,-0.650535882,0,0,0,0.999999881],"scale":0.446294487,"type":"desert_rocks_small_08"}
{"pos":[-1161.77051,2066.06152,69.4479828],"rotationMatrix":[0.385773271,0.922593653,0,-0.922593653,0.385773271,0,0,0,0.999999881],"scale":0.463248014,"type":"desert_rocks_small_08"}
{"pos":[-1169.45239,2063.85889,70.5900421],"rotationMatrix":[-0.653053224,-0.757311881,0,0.757311881,-0.653053224,0,0,0,0.999999881],"scale":0.933658123,"type":"desert_rocks_small_08"}
{"pos":[-1172.8783,2066.98901,69.0013351],"rotationMatrix":[0.82285136,0.568256617,0,-0.568256617,0.82285136,0,0,0,0.999999881],"scale":1.27059901,"type":"desert_rocks_small_08"}
{"pos":[-1170.69373,2062.91089,70.4189377],"rotationMatrix":[-0.754281521,0.656551003,0,-0.656551003,-0.754281521,0,0,0,0.999999881],"scale":0.510169029,"type":"desert_rocks_small_08"}
{"pos":[-1175.03662,2065.9292,68.3351974],"rotationMatrix":[0.986518323,0.163650483,0,-0.163650483,0.986518323,0,0,0,0.999999881],"scale":1.03293967,"type":"desert_rocks_small_08"}
{"pos":[-1171.74744,2061.47314,70.0779037],"rotationMatrix":[0.222064614,-0.975031853,0,0.975031853,0.222064614,0,0,0,0.999999881],"scale":1.2820226,"type":"desert_rocks_small_08"}
{"pos":[-1170.87573,2061.31445,70.4690323],"rotationMatrix":[0.781390369,0.624042511,0,-0.624042511,0.781390369,0,0,0,0.999999881],"scale":1.3646971,"type":"desert_rocks_small_08"}
{"pos":[-1175.86658,2059.41309,69.0543747],"rotationMatrix":[0.986974657,-0.160875127,0,0.160875127,0.986974657,0,0,0,0.999999881],"scale":0.448337466,"type":"desert_rocks_small_08"}
{"pos":[-1177.24707,2059.83203,68.5551605],"rotationMatrix":[0.76403594,-0.64517349,0,0.64517349,0.76403594,0,0,0,0.999999881],"scale":1.3829031,"type":"desert_rocks_small_08"}
{"pos":[-1174.78003,2059.87476,69.2149124],"rotationMatrix":[0.423238784,-0.906018138,0,0.906018138,0.423238784,0,0,0,0.999999881],"scale":0.767769814,"type":"desert_rocks_small_08"}
{"pos":[-1178.24207,2058.51099,68.8373032],"rotationMatrix":[-0.946663558,-0.322223365,0,0.322223365,-0.946663558,0,0,0,0.999999881],"scale":0.601643801,"type":"desert_rocks_small_08"}
{"pos":[-1177.32947,2050.03223,69.9280624],"rotationMatrix":[0.988156855,-0.153446525,0,0.153446525,0.988156855,0,0,0,0.999999881],"scale":1.35114789,"type":"desert_rocks_small_08"}
{"pos":[-1181.15356,2050.29517,69.3871994],"rotationMatrix":[-0.997797072,0.0663392171,0,-0.0663392171,-0.997797072,0,0,0,0.999999881],"scale":0.401826024,"type":"desert_rocks_small_08"}
{"pos":[-1178.95935,2054.02344,68.9624405],"rotationMatrix":[-0.935509801,0.353300393,0,-0.353300393,-0.935509801,0,0,0,0.999999881],"scale":0.672498226,"type":"desert_rocks_small_08"}
{"pos":[-1178.90942,2046.15723,70.8887405],"rotationMatrix":[0.779621899,-0.626250267,0,0.626250267,0.779621899,0,0,0,0.999999881],"scale":1.16600573,"type":"desert_rocks_small_08"}
{"pos":[-1185.42859,2051.15015,69.7123032],"rotationMatrix":[0.971329033,0.237738803,0,-0.237738803,0.971329033,0,0,0,0.999999881],"scale":1.38235235,"type":"desert_rocks_small_08"}
{"pos":[-1185.31787,2047.08252,71.1251297],"rotationMatrix":[-0.928750694,0.37070474,0,-0.37070474,-0.928750694,0,0,0,0.999999881],"scale":0.404608995,"type":"desert_rocks_small_08"}
{"pos":[-1199.59387,2041.55847,70.5172424],"rotationMatrix":[0.97977668,-0.200093776,0,0.200093776,0.97977668,0,0,0,0.999999881],"scale":1.09796894,"type":"desert_rocks_small_08"}
{"pos":[-1194.18481,2041.79688,69.0522003],"rotationMatrix":[-0.793139517,-0.609039783,0,0.609039783,-0.793139517,0,0,0,0.999999881],"scale":0.803154528,"type":"desert_rocks_small_08"}
{"pos":[-1199.45789,2040.60559,70.7946625],"rotationMatrix":[-0.955371916,0.295405656,0,-0.295405656,-0.955371916,0,0,0,0.999999881],"scale":1.29044604,"type":"desert_rocks_small_08"}
{"pos":[-1193.29614,2043.4054,68.5007324],"rotationMatrix":[0.381634533,0.924313307,0,-0.924313307,0.381634533,0,0,0,0.999999881],"scale":0.463884562,"type":"desert_rocks_small_08"}
{"pos":[-1186.66626,2037.64514,69.5944977],"rotationMatrix":[-0.910673916,-0.413125873,0,0.413125873,-0.910673916,0,0,0,0.999999881],"scale":1.08092749,"type":"desert_rocks_small_08"}
{"pos":[-1191.2627,2032.95605,70.8290176],"rotationMatrix":[0.490926772,0.87120086,0,-0.87120086,0.490926772,0,0,0,0.999999881],"scale":0.38947168,"type":"desert_rocks_small_08"}
{"pos":[-1189.77454,2034.60498,70.0734863],"rotationMatrix":[0.253662407,0.967292786,0,-0.967292786,0.253662407,0,0,0,0.999999881],"scale":1.01619399,"type":"desert_rocks_small_08"}
{"pos":[-1193.09509,2035.12122,70.5526352],"rotationMatrix":[-0.90275991,0.430144519,0,-0.430144519,-0.90275991,0,0,0,0.999999881],"scale":1.25532448,"type":"desert_rocks_small_08"}
{"pos":[-1186.5647,2030.41211,70.6424713],"rotationMatrix":[-0.0993904695,0.995048463,0,-0.995048463,-0.0993904695,0,0,0,0.999999881],"scale":0.856198788,"type":"desert_rocks_small_08"}
{"pos":[-1190.04456,2036.70032,69.5685425],"rotationMatrix":[0.925973594,0.377588034,0,-0.377588034,0.925973594,0,0,0,0.999999881],"scale":0.527507901,"type":"desert_rocks_small_08"}
{"pos":[-1185.17065,2032.66138,70.2159653],"rotationMatrix":[-0.991306126,0.131574973,0,-0.131574973,-0.991306126,0,0,0,0.999999881],"scale":0.505320787,"type":"desert_rocks_small_08"}
{"pos":[-1186.94446,2028.99377,71.1474075],"rotationMatrix":[0.725056887,-0.688688755,0,0.688688755,0.725056887,0,0,0,0.999999881],"scale":1.32431006,"type":"desert_rocks_small_08"}
{"pos":[-1187.9978,2029.72302,71.1359634],"rotationMatrix":[-0.453235775,0.891390562,0,-0.891390562,-0.453235775,0,0,0,0.999999881],"scale":0.812893689,"type":"desert_rocks_small_08"}
{"pos":[-1189.04871,2035.07227,69.7331238],"rotationMatrix":[0.400324225,0.916373551,0,-0.916373551,0.400324225,0,0,0,0.999999881],"scale":0.71524018,"type":"desert_rocks_small_08"}
{"pos":[-1188.3772,2040.90112,68.86026],"rotationMatrix":[-0.0369872712,0.999315619,0,-0.999315619,-0.0369872712,0,0,0,0.999999881],"scale":0.63398242,"type":"desert_rocks_small_08"}
{"pos":[-1190.32275,2039.65369,68.8760452],"rotationMatrix":[-0.454231381,-0.890883625,0,0.890883625,-0.454231381,0,0,0,0.999999881],"scale":1.27474666,"type":"desert_rocks_small_08"}
{"pos":[-1189.30823,2034.68018,69.9815903],"rotationMatrix":[-0.999846816,0.0174979251,0,-0.0174979251,-0.999846816,0,0,0,0.999999881],"scale":0.547657371,"type":"desert_rocks_small_08"}
{"pos":[-1185.5426,2039.89221,70.4251785],"rotationMatrix":[0.417387128,-0.908728659,0,0.908728659,0.417387128,0,0,0,0.999999881],"scale":0.884468555,"type":"desert_rocks_small_08"}
{"pos":[-1185.62915,2040.74988,70.595253],"rotationMatrix":[0.463925689,-0.885874093,0,0.885874093,0.463925689,0,0,0,0.999999881],"scale":0.460922182,"type":"desert_rocks_small_08"}
{"pos":[-1189.44775,2040.18665,68.5571671],"rotationMatrix":[-0.33412981,0.942526937,0,-0.942526937,-0.33412981,0,0,0,0.999999881],"scale":0.714951873,"type":"desert_rocks_small_08"}
{"pos":[-1185.14307,2038.80823,70.6412659],"rotationMatrix":[-0.207273632,0.978282928,0,-0.978282928,-0.207273632,0,0,0,0.999999881],"scale":0.386952668,"type":"desert_rocks_small_08"}
{"pos":[-1199.07776,2042.81885,69.915184],"rotationMatrix":[-0.88390559,-0.467665434,0,0.467665434,-0.88390559,0,0,0,0.999999881],"scale":0.884999514,"type":"desert_rocks_small_08"}
{"pos":[-1196.83606,2036.60803,71.1434784],"rotationMatrix":[-0.899839342,0.436221331,0,-0.436221331,-0.899839342,0,0,0,0.999999881],"scale":0.778163671,"type":"desert_rocks_small_08"}
{"pos":[-1197.23608,2043.25635,69.3512115],"rotationMatrix":[0.529387414,-0.848380089,0,0.848380089,0.529387414,0,0,0,0.999999881],"scale":0.83224225,"type":"desert_rocks_small_08"}
{"pos":[-1194.33862,2041.03906,69.3316956],"rotationMatrix":[-0.734405398,0.678710938,0,-0.678710938,-0.734405398,0,0,0,0.999999881],"scale":0.990838706,"type":"desert_rocks_small_08"}
{"pos":[-1199.38867,2040.10046,70.932785],"rotationMatrix":[-0.860634804,-0.509222507,0,0.509222507,-0.860634804,0,0,0,0.999999881],"scale":0.480826139,"type":"desert_rocks_small_08"}
{"pos":[-1202.55774,2040.09741,70.7536926],"rotationMatrix":[0.946896493,-0.32153824,0,0.32153824,0.946896493,0,0,0,0.999999881],"scale":1.22848105,"type":"desert_rocks_small_08"}
{"pos":[-1208.21436,2042.16699,69.9898605],"rotationMatrix":[-0.0892426074,0.996009827,0,-0.996009827,-0.0892426074,0,0,0,0.999999881],"scale":1.24497771,"type":"desert_rocks_small_08"}
{"pos":[-1208.15881,2039.93921,69.9693069],"rotationMatrix":[-0.0375362039,0.999295175,0,-0.999295175,-0.0375362039,0,0,0,0.999999881],"scale":0.973973632,"type":"desert_rocks_small_08"}
{"pos":[-1206.63721,2044.49805,69.5719376],"rotationMatrix":[-0.975749791,0.218888834,0,-0.218888834,-0.975749791,0,0,0,0.999999881],"scale":1.20230937,"type":"desert_rocks_small_08"}
{"pos":[-1204.32947,2040.89465,70.208252],"rotationMatrix":[-0.769473076,0.638678968,0,-0.638678968,-0.769473076,0,0,0,0.999999881],"scale":1.14843845,"type":"desert_rocks_small_08"}
{"pos":[-1205.96924,2042.97266,69.340477],"rotationMatrix":[0.720072329,0.693899035,0,-0.693899035,0.720072329,0,0,0,0.999999881],"scale":1.0862478,"type":"desert_rocks_small_08"}
{"pos":[-1210.23877,2042.57751,70.6868057],"rotationMatrix":[0.978523433,-0.206135139,0,0.206135139,0.978523433,0,0,0,0.999999881],"scale":0.495475799,"type":"desert_rocks_small_08"}
{"pos":[-1210.78699,2045.67603,70.9607773],"rotationMatrix":[-0.399446279,0.916756451,0,-0.916756451,-0.399446279,0,0,0,0.999999881],"scale":1.21762288,"type":"desert_rocks_small_08"}
{"pos":[-1203.40967,2043.86169,69.0129395],"rotationMatrix":[-0.983741105,0.179591939,0,-0.179591939,-0.983741105,0,0,0,0.999999881],"scale":0.759819269,"type":"desert_rocks_small_08"}
{"pos":[-1208.06409,2048.54492,70.3431244],"rotationMatrix":[0.692441344,-0.721473992,0,0.721473992,0.692441344,0,0,0,0.999999881],"scale":1.03699696,"type":"desert_rocks_small_08"}
{"pos":[-1208.46179,2053.08594,69.5963058],"rotationMatrix":[-0.710033476,-0.704167902,0,0.704167902,-0.710033476,0,0,0,0.999999881],"scale":0.625199437,"type":"desert_rocks_small_08"}
{"pos":[-1204.58069,2052.21802,68.9660263],"rotationMatrix":[-0.168468311,0.985706985,0,-0.985706985,-0.168468311,0,0,0,0.999999881],"scale":0.632389784,"type":"desert_rocks_small_08"}
{"pos":[-1209.95923,2051.24268,70.2783585],"rotationMatrix":[0.974820316,0.222991735,0,-0.222991735,0.974820316,0,0,0,0.999999881],"scale":1.16092408,"type":"desert_rocks_small_08"}
{"pos":[-1203.05981,2053.40015,68.3820114],"rotationMatrix":[0.176427096,-0.984313607,0,0.984313607,0.176427096,0,0,0,0.999999881],"scale":1.14420211,"type":"desert_rocks_small_08"}
{"pos":[-1205.66687,2052.09155,69.2874832],"rotationMatrix":[-0.190758124,0.981637001,0,-0.981637001,-0.190758124,0,0,0,0.999999881],"scale":0.929590106,"type":"desert_rocks_small_08"}
{"pos":[-1203.16638,2056.38013,67.8089294],"rotationMatrix":[-0.188410655,-0.982090294,0,0.982090294,-0.188410655,0,0,0,0.999999881],"scale":0.511897206,"type":"desert_rocks_small_08"}
{"pos":[-1206.245,2054.39307,68.7613297],"rotationMatrix":[-0.751634061,-0.659580112,0,0.659580112,-0.751634061,0,0,0,0.999999881],"scale":1.38527179,"type":"desert_rocks_small_08"}
{"pos":[-1200.56641,2062.96094,66.6599808],"rotationMatrix":[-0.494707555,0.869059384,0,-0.869059384,-0.494707555,0,0,0,0.999999881],"scale":0.526125908,"type":"desert_rocks_small_08"}
{"pos":[-1200.77002,2059.96533,67.2575836],"rotationMatrix":[0.999227822,0.0392877646,0,-0.0392877646,0.999227822,0,0,0,0.999999881],"scale":0.446660638,"type":"desert_rocks_small_08"}
{"pos":[-1208.10168,2061.57471,70.586319],"rotationMatrix":[0.994798303,-0.101863332,0,0.101863332,0.994798303,0,0,0,0.999999881],"scale":1.03468084,"type":"desert_rocks_small_08"}
{"pos":[-1205.82825,2066.36841,69.1531906],"rotationMatrix":[0.87487489,0.484348953,0,-0.484348953,0.87487489,0,0,0,0.999999881],"scale":0.635813355,"type":"desert_rocks_small_08"}
{"pos":[-1208.50366,2065.73145,70.8767395],"rotationMatrix":[0.897324264,0.441371828,0,-0.441371828,0.897324264,0,0,0,0.999999881],"scale":0.603169084,"type":"desert_rocks_small_08"}
