{"pos":[-984.013977,2071.13721,71.5922699],"rotationMatrix":[-0.965569198,0.26014623,0,-0.26014623,-0.965569198,0,0,0,0.999999881],"scale":0.569291353,"type":"desert_rocks_medium_05"}
{"pos":[-1020.03644,2064.65698,70.4298248],"rotationMatrix":[0.994247496,-0.107106432,0,0.107106432,0.994247496,0,0,0,0.999999881],"scale":0.861496925,"type":"desert_rocks_medium_05"}
{"pos":[-1022.95325,2064.8728,70.0590057],"rotationMatrix":[0.972046912,0.234786421,0,-0.234786421,0.972046912,0,0,0,0.999999881],"scale":0.883286953,"type":"desert_rocks_medium_05"}
{"pos":[-1020.51453,2066.19482,70.0719452],"rotationMatrix":[-0.856212735,-0.516623378,0,0.516623378,-0.856212735,0,0,0,0.999999881],"scale":1.02941239,"type":"desert_rocks_medium_05"}
{"pos":[-1021.1145,2071.54565,68.9376221],"rotationMatrix":[0.978009522,0.20856002,0,-0.20856002,0.978009522,0,0,0,0.999999881],"scale":0.852173328,"type":"desert_rocks_medium_05"}
{"pos":[-1030.48096,2070.05884,68.0578613],"rotationMatrix":[-0.0767489597,-0.997050345,0,0.997050345,-0.0767489597,0,0,0,0.999999881],"scale":1.12053871,"type":"desert_rocks_medium_05"}
{"pos":[-1025.80554,2070.65869,69.0141373],"rotationMatrix":[-0.180144235,0.983640134,0,-0.983640134,-0.180144235,0,0,0,0.999999881],"scale":0.632604778,"type":"desert_rocks_medium_05"}
{"pos":[-1024.70337,2074.06055,68.4741898],"rotationMatrix":[0.99660033,0.0823867619,0,-0.0823867619,0.99660033,0,0,0,0.999999881],"scale":1.11798286,"type":"desert_rocks_medium_05"}
{"pos":[-1054.93372,2063.19873,69.938446],"rotationMatrix":[-0.999999464,-0.000889213698,0,0.000889213698,-0.999999464,0,0,0,0.999999881],"scale":0.567593575,"type":"desert_rocks_medium_05"}
{"pos":[-1052.0498,2068.90112,69.1224899],"rotationMatrix":[0.991128564,0.132906169,0,-0.132906169,0.991128564,0,0,0,0.999999881],"scale":0.812178969,"type":"desert_rocks_medium_05"}
{"pos":[-1059.95593,2059.36377,70.3683395],"rotationMatrix":[0.878585875,0.477584302,0,-0.477584302,0.878585875,0,0,0,0.999999881],"scale":0.866821229,"type":"desert_rocks_medium_05"}
{"pos":[-1063.07117,2064.10669,69.4161682],"rotationMatrix":[-0.729469538,0.684013188,0,-0.684013188,-0.729469538,0,0,0,0.999999881],"scale":0.659461141,"type":"desert_rocks_medium_05"}
{"pos":[-1061.73511,2063.33228,69.3506775],"rotationMatrix":[0.829884171,0.557935715,0,-0.557935715,0.829884171,0,0,0,0.999999881],"scale":1.19605696,"type":"desert_rocks_medium_05"}
{"pos":[-1061.17236,2059.75537,70.4316177],"rotationMatrix":[0.951457918,0.307778597,0,-0.307778597,0.951457918,0,0,0,0.999999881],"scale":0.823795497,"type":"desert_rocks_medium_05"}
{"pos":[-1090.77869,2056.43628,68.6129608],"rotationMatrix":[-0.934649408,0.355570376,0,-0.355570376,-0.934649408,0,0,0,0.999999881],"scale":0.881510854,"type":"desert_rocks_medium_05"}
{"pos":[-1083.302,2052.31958,69.4971924],"rotationMatrix":[-0.390127897,-0.920760632,0,0.920760632,-0.390127897,0,0,0,0.999999881],"scale":0.887796044,"type":"desert_rocks_medium_05"}
{"pos":[-1090.16272,2052.26074,69.3885117],"rotationMatrix":[0.982118309,0.188264042,0,-0.188264042,0.982118309,0,0,0,0.999999881],"scale":0.955357552,"type":"desert_rocks_medium_05"}
{"pos":[-1084.41797,2051.78589,69.4163055],"rotationMatrix":[-0.898857415,-0.438241005,0,0.438241005,-0.898857415,0,0,0,0.999999881],"scale":1.01867568,"type":"desert_rocks_medium_05"}
{"pos":[-1121.46802,2057.30151,69.005249],"rotationMatrix":[0.401011407,-0.916072905,0,0.916072905,0.401011407,0,0,0,0.999999881],"scale":0.863199711,"type":"desert_rocks_medium_05"}
{"pos":[-1124.90454,2053.18335,69.4816132],"rotationMatrix":[-0.164127931,0.98643893,0,-0.98643893,-0.164127931,0,0,0,0.999999881],"scale":0.998989105,"type":"desert_rocks_medium_05"}
{"pos":[-1119.66345,2056.4541,68.8454285],"rotationMatrix":[0.19829914,-0.980141461,0,0.980141461,0.19829914,0,0,0,0.999999881],"scale":1.22137749,"type":"desert_rocks_medium_05"}
{"pos":[-1118.81824,2055.57739,69.0181046],"rotationMatrix":[0.944638371,-0.328113049,0,0.328113049,0.944638371,0,0,0,0.999999881],"scale":0.963247061,"type":"desert_rocks_medium_05"}
{"pos":[-1124.62439,2059.28076,68.6934814],"rotationMatrix":[0.404097915,0.914715767,0,-0.914715767,0.404097915,0,0,0,0.999999881],"scale":1.27610207,"type":"desert_rocks_medium_05"}
{"pos":[-1109.92322,2056.26758,69.2214279],"rotationMatrix":[-0.731612742,-0.681720436,0,0.681720436,-0.731612742,0,0,0,0.999999881],"scale":0.617167056,"type":"desert_rocks_medium_05"}
{"pos":[-1110.28857,2054.75415,69.5937805],"rotationMatrix":[-0.874925554,-0.48425746,0,0.48425746,-0.874925554,0,0,0,0.999999881],"scale":0.790516376,"type":"desert_rocks_medium_05"}
{"pos":[-1166.04749,2068.6189,69.2730179],"rotationMatrix":[0.507702231,0.861532629,0,-0.861532629,0.507702231,0,0,0,0.999999881],"scale":0.630812466,"type":"desert_rocks_medium_05"}
{"pos":[-1169.81018,2071.9209,67.990181],"rotationMatrix":[0.739277303,-0.673400879,0,0.673400879,0.739277303,0,0,0,0.999999881],"scale":1.21695995,"type":"desert_rocks_medium_05"}
{"pos":[-1163.80713,2065.62622,69.7777786],"rotationMatrix":[-0.997937977,0.0641837493,0,-0.0641837493,-0.997937977,0,0,0,0.999999881],"scale":0.626053631,"type":"desert_rocks_medium_05"}
{"pos":[-1243.33813,2063.01758,68.1447601],"rotationMatrix":[-0.559519172,0.828817189,0,-0.828817189,-0.559519172,0,0,0,0.999999881],"scale":0.595542967,"type":"desert_rocks_medium_05"}
{"pos":[-1245.45569,2059.00781,68.5155869],"rotationMatrix":[-0.577517688,-0.816378176,0,0.816378176,-0.577517688,0,0,0,0.999999881],"scale":1.07371449,"type":"desert_rocks_medium_05"}
{"pos":[-1243.39001,2064.35107,67.915535],"rotationMatrix":[0.997297466,-0.0734684467,0,0.0734684467,0.997297466,0,0,0,0.999999881],"scale":0.808201075,"type":"desert_rocks_medium_05"}
{"pos":[-1240.25977,2060.58374,69.0625381],"rotationMatrix":[0.991417229,-0.130735174,0,0.130735174,0.991417229,0,0,0,0.999999881],"scale":0.563326478,"type":"desert_rocks_medium_05"}
{"pos":[-1242.29529,2056.7002,69.4014587],"rotationMatrix":[0.635529816,0.772076309,0,-0.772076309,0.635529816,0,0,0,0.999999881],"scale":0.515206456,"type":"desert_rocks_medium_05"}
{"pos":[-1233.16614,2071.4939,68.7210464],"rotationMatrix":[-0.853423357,-0.521218181,0,0.521218181,-0.853423357,0,0,0,0.999999881],"scale":0.666883826,"type":"desert_rocks_medium_05"}
{"pos":[-1235.3302,2077.35571,67.6611786],"rotationMatrix":[0.798265755,-0.602305114,0,0.602305114,0.798265755,0,0,0,0.999999881],"scale":0.586140871,"type":"desert_rocks_medium_05"}
{"pos":[-1228.79907,2073.86499,69.2109528],"rotationMatrix":[0.26317203,-0.964748859,0,0.964748859,0.26317203,0,0,0,0.999999881],"scale":1.03460717,"type":"desert_rocks_medium_05"}
{"pos":[-1247.8252,2044.22009,70.3839111],"rotationMatrix":[0.936120212,0.3516801,0,-0.3516801,0.936120212,0,0,0,0.999999881],"scale":0.779684007,"type":"desert_rocks_medium_05"}
{"pos":[-1250.53003,2043.33118,69.937088],"rotationMatrix":[-0.499543756,0.866288483,0,-0.866288483,-0.499543756,0,0,0,0.999999881],"scale":0.650406361,"type":"desert_rocks_medium_05"}
{"pos":[-1250.17078,2045.30994,69.9345169],"rotationMatrix":[-0.765036345,0.643986821,0,-0.643986821,-0.765036345,0,0,0,0.999999881],"scale":0.666679978,"type":"desert_rocks_medium_05"}
{"pos":[-1247.06091,2049.5625,69.7707291],"rotationMatrix":[-0.86490649,0.501932919,0,-0.501932919,-0.86490649,0,0,0,0.999999881],"scale":1.36296749,"type":"desert_rocks_medium_05"}
{"pos":[-1243.25964,2046.6842,70.9103394],"rotationMatrix":[-0.334472716,-0.942405343,0,0.942405343,-0.334472716,0,0,0,0.999999881],"scale":1.2539717,"type":"desert_rocks_medium_05"}
{"pos":[-1251.07117,2049.81982,69.2100525],"rotationMatrix":[0.71750474,-0.696553349,0,0.696553349,0.71750474,0,0,0,0.999999881],"scale":0.728621721,"type":"desert_rocks_medium_05"}
{"pos":[-1255.89783,2034.95288,69.553894],"rotationMatrix":[0.972187221,0.23420468,0,-0.23420468,0.972187221,0,0,0,0.999999881],"scale":0.916224241,"type":"desert_rocks_medium_05"}
{"pos":[-1259.20361,2031.96643,68.9994812],"rotationMatrix":[-0.794873834,0.606774449,0,-0.606774449,-0.794873834,0,0,0,0.999999881],"scale":1.37829423,"type":"desert_rocks_medium_05"}
{"pos":[-1263.33838,2036.13086,67.44767],"rotationMatrix":[-0.182921603,0.983127415,0,-0.983127415,-0.182921603,0,0,0,0.999999881],"scale":1.04430485,"type":"desert_rocks_medium_05"}
{"pos":[-1257.12329,2034.39941,69.3161697],"rotationMatrix":[0.903734207,-0.428093672,0,0.428093672,0.903734207,0,0,0,0.999999881],"scale":1.12874126,"type":"desert_rocks_medium_05"}
{"pos":[-1272.07251,1999.91284,70.4976273],"rotationMatrix":[-0.339930117,-0.940450609,0,0.940450609,-0.339930117,0,0,0,0.999999881],"scale":0.849363208,"type":"desert_rocks_medium_05"}
{"pos":[-1270.09912,2000.81653,70.7125854],"rotationMatrix":[0.999971092,0.00759481359,0,-0.00759481359,0.999971092,0,0,0,0.999999881],"scale":1.20783794,"type":"desert_rocks_medium_05"}
{"pos":[-1273.19873,1998.13232,70.2289352],"rotationMatrix":[0.347471595,0.937690496,0,-0.937690496,0.347471595,0,0,0,0.999999881],"scale":1.31388795,"type":"desert_rocks_medium_05"}
{"pos":[-1276.16724,2005.98242,69.1658707],"rotationMatrix":[0.84843272,-0.529303074,0,0.529303074,0.84843272,0,0,0,0.999999881],"scale":1.09394526,"type":"desert_rocks_medium_05"}
{"pos":[-1274.31445,2006.31189,69.6772079],"rotationMatrix":[-0.877617061,0.47936219,0,-0.47936219,-0.877617061,0,0,0,0.999999881],"scale":0.520636678,"type":"desert_rocks_medium_05"}
{"pos":[-1277.67493,1999.67603,69.6812134],"rotationMatrix":[-0.240584865,0.970627964,0,-0.970627964,-0.240584865,0,0,0,0.999999881],"scale":0.588493824,"type":"desert_rocks_medium_05"}
{"pos":[-1271.35388,2009.55627,69.8104553],"rotationMatrix":[-0.997598588,-0.0692600831,0,0.0692600831,-0.997598588,0,0,0,0.999999881],"scale":0.539165854,"type":"desert_rocks_medium_05"}
{"pos":[-1261.4248,2023.75061,69.4690094],"rotationMatrix":[0.935467422,0.353412777,0,-0.353412777,0.935467422,0,0,0,0.999999881],"scale":1.28903258,"type":"desert_rocks_medium_05"}
{"pos":[-1259.96533,2022.74683,69.919548],"rotationMatrix":[0.955121994,0.296212524,0,-0.296212524,0.955121994,0,0,0,0.999999881],"scale":1.07145524,"type":"desert_rocks_medium_05"}
{"pos":[-1260.39087,2033.9541,68.6950607],"rotationMatrix":[0.993898213,-0.110300981,0,0.110300981,0.993898213,0,0,0,0.999999881],"scale":0.529132664,"type":"desert_rocks_medium_05"}
{"pos":[-1260.00439,2039.28479,68.29422],"rotationMatrix":[0.729969263,-0.683479786,0,0.683479786,0.729969263,0,0,0,0.999999881],"scale":0.893862844,"type":"desert_rocks_medium_05"}
{"pos":[-1248.7052,2055.62769,68.5702896],"rotationMatrix":[-0.497587383,0.8674137,0,-0.8674137,-0.497587383,0,0,0,0.999999881],"scale":0.774968028,"type":"desert_rocks_medium_05"}
{"pos":[-1242.74414,2053.08032,69.7898483],"rotationMatrix":[0.396677881,-0.917957783,0,0.917957783,0.396677881,0,0,0,0.999999881],"scale":1.07580936,"type":"desert_rocks_medium_05"}
{"pos":[-1242.1582,2051.25684,70.4412918],"rotationMatrix":[-0.507326424,0.861753821,0,-0.861753821,-0.507326424,0,0,0,0.999999881],"scale":0.646757483,"type":"desert_rocks_medium_05"}
{"pos":[-1238.52209,2064.05151,68.7056808],"rotationMatrix":[-0.926692426,-0.375820398,0,0.375820398,-0.926692426,0,0,0,0.999999881],"scale":1.18979907,"type":"desert_rocks_medium_05"}
{"pos":[-1229.75,2066.12256,70.8468781],"rotationMatrix":[0.276969522,-0.96087867,0,0.96087867,0.276969522,0,0,0,0.999999881],"scale":1.17094088,"type":"desert_rocks_medium_05"}
{"pos":[-1228.57556,2075.29834,68.9625702],"rotationMatrix":[-0.271804273,0.962352455,0,-0.962352455,-0.271804273,0,0,0,0.999999881],"scale":1.36562002,"type":"desert_rocks_medium_05"}
{"pos":[-1221.14258,2079.34131,69.6393356],"rotationMatrix":[-0.675084352,-0.737740517,0,0.737740517,-0.675084352,0,0,0,0.999999881],"scale":0.973228812,"type":"desert_rocks_medium_05"}
{"pos":[-1215.2627,2081.12769,69.395607],"rotationMatrix":[0.128007025,-0.991773188,0,0.991773188,0.128007025,0,0,0,0.999999881],"scale":1.14609098,"type":"desert_rocks_medium_05"}
{"pos":[-1210.65051,2070.07983,70.7919159],"rotationMatrix":[-0.995766163,-0.0919214636,0,0.0919214636,-0.995766163,0,0,0,0.999999881],"scale":1.04458845,"type":"desert_rocks_medium_05"}
{"pos":[-1209.65601,2072.79907,69.3659363],"rotationMatrix":[-0.980739951,0.19531776,0,-0.19531776,-0.980739951,0,0,0,0.999999881],"scale":0.475079387,"type":"desert_rocks_medium_05"}
{"pos":[-1209.00574,2067.16162,70.7471237],"rotationMatrix":[-0.22431539,-0.974516511,0,0.974516511,-0.22431539,0,0,0,0.999999881],"scale":1.24632096,"type":"desert_rocks_medium_05"}
{"pos":[-1209.67029,2062.9834,71.3699646],"rotationMatrix":[-0.817802787,0.575498283,0,-0.575498283,-0.817802787,0,0,0,0.999999881],"scale":0.935273945,"type":"desert_rocks_medium_05"}
{"pos":[-1203.31409,2049.61621,68.7705002],"rotationMatrix":[0.385137469,-0.922859132,0,0.922859132,0.385137469,0,0,0,0.999999881],"scale":0.672256589,"type":"desert_rocks_medium_05"}
{"pos":[-1196.81091,2035.47778,71.3843002],"rotationMatrix":[0.947025001,0.321159571,0,-0.321159571,0.947025001,0,0,0,0.999999881],"scale":0.970953226,"type":"desert_rocks_medium_05"}
{"pos":[-1190.46338,2038.57776,68.9128265],"rotationMatrix":[0.998838365,-0.0481837653,0,0.0481837653,0.998838365,0,0,0,0.999999881],"scale":0.835844338,"type":"desert_rocks_medium_05"}
{"pos":[-1189.16577,2038.52832,68.7185898],"rotationMatrix":[-0.981308043,0.192443192,0,-0.192443192,-0.981308043,0,0,0,0.999999881],"scale":0.935770988,"type":"desert_rocks_medium_05"}
{"pos":[-1183.91113,2049.09326,70.0583801],"rotationMatrix":[-0.753797352,-0.657106936,0,0.657106936,-0.753797352,0,0,0,0.999999881],"scale":0.887984931,"type":"desert_rocks_medium_05"}
{"pos":[-1181.36365,2054.68311,67.8213043],"rotationMatrix":[-0.931848586,-0.362847239,0,0.362847239,-0.931848586,0,0,0,0.999999881],"scale":1.24295223,"type":"desert_rocks_medium_05"}
{"pos":[-1183.51624,2050.34204,69.5897293],"rotationMatrix":[-0.323732406,-0.946148574,0,0.946148574,-0.323732406,0,0,0,0.999999881],"scale":0.720665812,"type":"desert_rocks_medium_05"}
{"pos":[-1175.78198,2049.87476,69.9100342],"rotationMatrix":[-0.878173709,-0.478341669,0,0.478341669,-0.878173709,0,0,0,0.999999881],"scale":1.35103106,"type":"desert_rocks_medium_05"}
{"pos":[-1175.08948,2051.94067,69.8114777],"rotationMatrix":[-0.519590139,-0.854415596,0,0.854415596,-0.519590139,0,0,0,0.999999881],"scale":1.01587546,"type":"desert_rocks_medium_05"}
{"pos":[-1170.7356,2058.67627,70.5954971],"rotationMatrix":[0.970617354,-0.240627825,0,0.240627825,0.970617354,0,0,0,0.999999881],"scale":1.01395655,"type":"desert_rocks_medium_05"}
{"pos":[-1169.7865,2061.35181,70.7699203],"rotationMatrix":[-0.999328673,0.0366327651,0,-0.0366327651,-0.999328673,0,0,0,0.999999881],"scale":1.14577377,"type":"desert_rocks_medium_05"}
{"pos":[-1179.53296,2061.35791,67.6701508],"rotationMatrix":[0.0290955063,-0.999576569,0,0.999576569,0.0290955063,0,0,0,0.999999881],"scale":0.893908739,"type":"desert_rocks_medium_05"}
{"pos":[-1174.01038,2070.24878,68.1790695],"rotationMatrix":[-0.927703679,-0.373317093,0,0.373317093,-0.927703679,0,0,0,0.999999881],"scale":1.20690989,"type":"desert_rocks_medium_05"}
{"pos":[-1150.94543,2054.24829,70.3652649],"rotationMatrix":[-0.782494962,-0.622656882,0,0.622656882,-0.782494962,0,0,0,0.999999881],"scale":0.861097276,"type":"desert_rocks_medium_05"}
{"pos":[-1152.1532,2054.66748,70.2587967],"rotationMatrix":[0.0975959226,-0.995226026,0,0.995226026,0.0975959226,0,0,0,0.999999881],"scale":0.754024029,"type":"desert_rocks_medium_05"}
{"pos":[-1146.66199,2050.75244,70.347641],"rotationMatrix":[0.0119622787,-0.999928355,0,0.999928355,0.0119622787,0,0,0,0.999999881],"scale":0.954266667,"type":"desert_rocks_medium_05"}
{"pos":[-1145.75342,2053.18237,69.4453888],"rotationMatrix":[0.5397138,-0.841848433,0,0.841848433,0.5397138,0,0,0,0.999999881],"scale":1.30120146,"type":"desert_rocks_medium_05"}
{"pos":[-1138.35706,2050.57129,68.8645935],"rotationMatrix":[0.960435629,-0.27850163,0,0.27850163,0.960435629,0,0,0,0.999999881],"scale":0.898497343,"type":"desert_rocks_medium_05"}
{"pos":[-1134.81445,2046.65576,69.3001251],"rotationMatrix":[0.636484325,0.771289587,0,-0.771289587,0.636484325,0,0,0,0.999999881],"scale":0.919098258,"type":"desert_rocks_medium_05"}
{"pos":[-1131.19324,2048.98291,69.4333344],"rotationMatrix":[0.931146622,-0.364644766,0,0.364644766,0.931146622,0,0,0,0.999999881],"scale":1.36653686,"type":"desert_rocks_medium_05"}
{"pos":[-1125.80737,2050.83057,70.3511734],"rotationMatrix":[-0.65076983,0.75927484,0,-0.75927484,-0.65076983,0,0,0,0.999999881],"scale":0.856004775,"type":"desert_rocks_medium_05"}
{"pos":[-1124.88123,2049.86279,70.7153473],"rotationMatrix":[0.192780182,0.981241941,0,-0.981241941,0.192780182,0,0,0,0.999999881],"scale":1.18089485,"type":"desert_rocks_medium_05"}
{"pos":[-1115.84131,2051.45581,70.8274078],"rotationMatrix":[0.622656524,-0.782495081,0,0.782495081,0.622656524,0,0,0,0.999999881],"scale":0.499812752,"type":"desert_rocks_medium_05"}
{"pos":[-1116.21692,2057.51831,69.1302795],"rotationMatrix":[-0.350078911,-0.936720133,0,0.936720133,-0.350078911,0,0,0,0.999999881],"scale":0.501954675,"type":"desert_rocks_medium_05"}
{"pos":[-1101.33215,2051.81006,67.2037506],"rotationMatrix":[0.5849334,0.81108135,0,-0.81108135,0.5849334,0,0,0,0.999999881],"scale":1.20285952,"type":"desert_rocks_medium_05"}
{"pos":[-1101.27234,2048.80518,68.1239243],"rotationMatrix":[0.885511398,-0.464617372,0,0.464617372,0.885511398,0,0,0,0.999999881],"scale":0.81451726,"type":"desert_rocks_medium_05"}
{"pos":[-1103.89832,2050.97437,68.7066803],"rotationMatrix":[-0.991319358,0.131475002,0,-0.131475002,-0.991319358,0,0,0,0.999999881],"scale":1.01404798,"type":"desert_rocks_medium_05"}
{"pos":[-1081.60803,2050.18481,70.0617905],"rotationMatrix":[0.981047809,-0.193765506,0,0.193765506,0.981047809,0,0,0,0.999999881],"scale":0.926179707,"type":"desert_rocks_medium_05"}
{"pos":[-1087.69434,2050.58569,69.6840057],"rotationMatrix":[0.882691383,0.46995303,0,-0.46995303,0.882691383,0,0,0,0.999999881],"scale":0.573649228,"type":"desert_rocks_medium_05"}
{"pos":[-1087.41931,2046.83997,70.69133],"rotationMatrix":[0.547124624,0.837051153,0,-0.837051153,0.547124624,0,0,0,0.999999881],"scale":1.36032403,"type":"desert_rocks_medium_05"}
{"pos":[-1072.99377,2059.25781,69.6896057],"rotationMatrix":[0.939513624,0.342511386,0,-0.342511386,0.939513624,0,0,0,0.999999881],"scale":0.795526803,"type":"desert_rocks_medium_05"}
{"pos":[-1072.19824,2056.02856,70.1222305],"rotationMatrix":[-0.566778064,-0.823870361,0,0.823870361,-0.566778064,0,0,0,0.999999881],"scale":0.890624464,"type":"desert_rocks_medium_05"}
{"pos":[-1071.76331,2058.40283,69.6826859],"rotationMatrix":[0.99999845,-0.00172622502,0,0.00172622502,0.99999845,0,0,0,0.999999881],"scale":1.142766,"type":"desert_rocks_medium_05"}
{"pos":[-1067.63428,2055.04468,70.7450256],"rotationMatrix":[0.459212601,0.888326406,0,-0.888326406,0.459212601,0,0,0,0.999999881],"scale":0.930257738,"type":"desert_rocks_medium_05"}
{"pos":[-1059.64563,2066.41675,68.8181686],"rotationMatrix":[0.919903636,0.392144382,0,-0.392144382,0.919903636,0,0,0,0.999999881],"scale":0.77737844,"type":"desert_rocks_medium_05"}
{"pos":[-1047.17236,2068.10498,69.0903168],"rotationMatrix":[0.162566409,-0.986697495,0,0.986697495,0.162566409,0,0,0,0.999999881],"scale":1.17825341,"type":"desert_rocks_medium_05"}
{"pos":[-1031.64502,2064.6853,70.1357117],"rotationMatrix":[-0.000290719647,-0.999999881,0,0.999999881,-0.000290719647,0,0,0,0.999999881],"scale":1.20515692,"type":"desert_rocks_medium_05"}
{"pos":[-1026.26807,2062.82544,70.1872787],"rotationMatrix":[0.926602066,-0.376043171,0,0.376043171,0.926602066,0,0,0,0.999999881],"scale":0.697396874,"type":"desert_rocks_medium_05"}
{"pos":[-1021.6532,2062.45874,71.0560455],"rotationMatrix":[-0.146428347,0.989221156,0,-0.989221156,-0.146428347,0,0,0,0.999999881],"scale":1.23375916,"type":"desert_rocks_medium_05"}
{"pos":[-993.578125,2071.44067,67.5688477],"rotationMatrix":[-0.978889287,0.204390854,0,-0.204390854,-0.978889287,0,0,0,0.999999881],"scale":0.902388632,"type":"desert_rocks_medium_05"}
{"pos":[-971.367798,2076.94751,71.5981827],"rotationMatrix":[0.155949071,-0.987765014,0,0.987765014,0.155949071,0,0,0,0.999999881],"scale":0.678478956,"type":"desert_rocks_medium_05"}
{"pos":[-969.086853,2084.60889,68.5005493],"rotationMatrix":[0.906443298,0.422327548,0,-0.422327548,0.906443298,0,0,0,0.999999881],"scale":0.595611393,"type":"desert_rocks_medium_05"}
{"pos":[-972.312805,2081.69507,68.9166107],"rotationMatrix":[0.0899144858,0.995949447,0,-0.995949447,0.0899144858,0,0,0,0.999999881],"scale":0.806297123,"type":"desert_rocks_medium_05"}
{"pos":[-968.687073,2077.84229,71.5001755],"rotationMatrix":[0.914979577,-0.403499901,0,0.403499901,0.914979577,0,0,0,0.999999881],"scale":1.11566424,"type":"desert_rocks_medium_05"}
{"pos":[-729.485474,2125.40747,69.9831085],"rotationMatrix":[0.294625729,0.955612719,0,-0.955612719,0.294625729,0,0,0,0.999999881],"scale":1.36163342,"type":"desert_rocks_medium_05"}
{"pos":[-727.217285,2126.6355,70.1874847],"rotationMatrix":[0.5581671,0.829728544,0,-0.829728544,0.5581671,0,0,0,0.999999881],"scale":0.909684896,"type":"desert_rocks_medium_05"}
{"pos":[-722.663818,2126.03394,70.3704987],"rotationMatrix":[-0.0642008632,0.997936845,0,-0.997936845,-0.0642008632,0,0,0,0.999999881],"scale":0.903426886,"type":"desert_rocks_medium_05"}
{"pos":[-716.618896,2124.32422,69.6897888],"rotationMatrix":[-0.762825787,0.646603942,0,-0.646603942,-0.762825787,0,0,0,0.999999881],"scale":0.470499784,"type":"desert_rocks_medium_05"}
{"pos":[-715.203369,2123.14429,70.6155548],"rotationMatrix":[-0.677914023,0.735141098,0,-0.735141098,-0.677914023,0,0,0,0.999999881],"scale":0.535122931,"type":"desert_rocks_medium_05"}
{"pos":[-715.990295,2128.18384,69.709259],"rotationMatrix":[0.432130814,0.901810944,0,-0.901810944,0.432130814,0,0,0,0.999999881],"scale":0.769759953,"type":"desert_rocks_medium_05"}
{"pos":[-704.205017,2137.76147,69.4614182],"rotationMatrix":[-0.962202191,-0.272335947,0,0.272335947,-0.962202191,0,0,0,0.999999881],"scale":1.3693198,"type":"desert_rocks_medium_05"}
{"pos":[-691.972778,2140.17407,68.6102142],"rotationMatrix":[-0.923181951,0.384362996,0,-0.384362996,-0.923181951,0,0,0,0.999999881],"scale":1.06736362,"type":"desert_rocks_medium_05"}
{"pos":[-715.724121,2141.77808,70.0114594],"rotationMatrix":[0.93861717,-0.344960481,0,0.344960481,0.93861717,0,0,0,0.999999881],"scale":0.792341113,"type":"desert_rocks_medium_05"}
{"pos":[-716.824585,2142.3811,69.9917526],"rotationMatrix":[-0.962621272,-0.270850658,0,0.270850658,-0.962621272,0,0,0,0.999999881],"scale":1.04141283,"type":"desert_rocks_medium_05"}
{"pos":[-719.367859,2138.14868,70.1497574],"rotationMatrix":[0.160052031,-0.987108469,0,0.987108469,0.160052031,0,0,0,0.999999881],"scale":1.34677184,"type":"desert_rocks_medium_05"}
{"pos":[-727.314636,2132.8501,69.840271],"rotationMatrix":[0.825604677,-0.56424886,0,0.56424886,0.825604677,0,0,0,0.999999881],"scale":0.709064484,"type":"desert_rocks_medium_05"}
{"pos":[-726.619812,2131.45386,70.158371],"rotationMatrix":[0.446019113,-0.895023346,0,0.895023346,0.446019113,0,0,0,0.999999881],"scale":1.10121536,"type":"desert_rocks_medium_05"}
{"pos":[-729.618713,2128.03027,69.9771729],"rotationMatrix":[-0.888063729,0.459720343,0,-0.459720343,-0.888063729,0,0,0,0.999999881],"scale":0.808321834,"type":"desert_rocks_medium_05"}
{"pos":[-724.429138,2132.21851,69.8910675],"rotationMatrix":[-0.135206953,-0.990817308,0,0.990817308,-0.135206953,0,0,0,0.999999881],"scale":0.631508589,"type":"desert_rocks_medium_05"}
{"pos":[-718.872437,2131.16675,69.4664841],"rotationMatrix":[0.56252414,0.826780856,0,-0.826780856,0.56252414,0,0,0,0.999999881],"scale":1.27021468,"type":"desert_rocks_medium_05"}
{"pos":[-722.983093,2131.85254,69.968544],"rotationMatrix":[-0.575148404,-0.818049073,0,0.818049073,-0.575148404,0,0,0,0.999999881],"scale":0.571110785,"type":"desert_rocks_medium_05"}
{"pos":[-715.043518,2140.54858,69.8961868],"rotationMatrix":[-0.978526771,0.206119686,0,-0.206119686,-0.978526771,0,0,0,0.999999881],"scale":0.987170398,"type":"desert_rocks_medium_05"}
{"pos":[-689.928162,2144.20508,69.8863144],"rotationMatrix":[0.884530663,0.466482043,0,-0.466482043,0.884530663,0,0,0,0.999999881],"scale":0.685622215,"type":"desert_rocks_medium_05"}
{"pos":[-692.142151,2141.90503,69.4948959],"rotationMatrix":[-0.331915885,0.94330889,0,-0.94330889,-0.331915885,0,0,0,0.999999881],"scale":0.61560297,"type":"desert_rocks_medium_05"}
{"pos":[-687.12793,2144.32227,69.6461258],"rotationMatrix":[-0.0968108848,0.995302677,0,-0.995302677,-0.0968108848,0,0,0,0.999999881],"scale":1.14578295,"type":"desert_rocks_medium_05"}
{"pos":[-683.909668,2139.00122,70.1722641],"rotationMatrix":[-0.727606714,-0.685994327,0,0.685994327,-0.727606714,0,0,0,0.999999881],"scale":0.747648597,"type":"desert_rocks_medium_05"}
{"pos":[-692.236267,2136.51685,69.0839996],"rotationMatrix":[0.879971087,-0.475027025,0,0.475027025,0.879971087,0,0,0,0.999999881],"scale":1.23876357,"type":"desert_rocks_medium_05"}
{"pos":[-695.686218,2137.01196,68.9451523],"rotationMatrix":[-0.299065232,-0.954232633,0,0.954232633,-0.299065232,0,0,0,0.999999881],"scale":1.37997198,"type":"desert_rocks_medium_05"}
{"pos":[-691.687683,2132.29785,72.6418686],"rotationMatrix":[0.42951408,0.903060198,0,-0.903060198,0.42951408,0,0,0,0.999999881],"scale":0.615870714,"type":"desert_rocks_medium_05"}
{"pos":[-695.07373,2133.57397,70.6342621],"rotationMatrix":[0.992442429,-0.122710541,0,0.122710541,0.992442429,0,0,0,0.999999881],"scale":0.993721366,"type":"desert_rocks_medium_05"}
{"pos":[-708.473999,2129.13501,69.7313843],"rotationMatrix":[-0.312221855,0.950009048,0,-0.950009048,-0.312221855,0,0,0,0.999999881],"scale":1.2687515,"type":"desert_rocks_medium_05"}
{"pos":[-717.215881,2126.66846,69.715126],"rotationMatrix":[-0.871834755,-0.489800155,0,0.489800155,-0.871834755,0,0,0,0.999999881],"scale":0.595987856,"type":"desert_rocks_medium_05"}
{"pos":[-714.423401,2124.03857,70.3755493],"rotationMatrix":[-0.998914957,0.0465692692,0,-0.0465692692,-0.998914957,0,0,0,0.999999881],"scale":0.872949123,"type":"desert_rocks_medium_05"}
{"pos":[-718.115723,2123.2373,69.9848099],"rotationMatrix":[0.970243514,0.242130876,0,-0.242130876,0.970243514,0,0,0,0.999999881],"scale":1.08043516,"type":"desert_rocks_medium_05"}
{"pos":[-722.188171,2119.53247,71.4763565],"rotationMatrix":[0.520779431,-0.853691161,0,0.853691161,0.520779431,0,0,0,0.999999881],"scale":0.554746747,"type":"desert_rocks_medium_05"}
{"pos":[-720.16272,2120.57837,71.1709061],"rotationMatrix":[-0.999396622,-0.0347302742,0,0.0347302742,-0.999396622,0,0,0,0.999999881],"scale":1.36814845,"type":"desert_rocks_medium_05"}
{"pos":[-721.354187,2120.34033,71.2324905],"rotationMatrix":[-0.507435739,0.861689448,0,-0.861689448,-0.507435739,0,0,0,0.999999881],"scale":0.640019417,"type":"desert_rocks_medium_05"}
{"pos":[-726.790588,2117.94775,71.0593338],"rotationMatrix":[-0.909903288,-0.414820224,0,0.414820224,-0.909903288,0,0,0,0.999999881],"scale":0.697852015,"type":"desert_rocks_medium_05"}
{"pos":[-723.993469,2121.7771,70.2464371],"rotationMatrix":[-0.984764099,0.17389521,0,-0.17389521,-0.984764099,0,0,0,0.999999881],"scale":1.24144197,"type":"desert_rocks_medium_05"}
{"pos":[-727.444031,2119.37354,70.3620377],"rotationMatrix":[-0.969729722,0.244180351,0,-0.244180351,-0.969729722,0,0,0,0.999999881],"scale":0.717857957,"type":"desert_rocks_medium_05"}
{"pos":[-730.131165,2115.04224,71.1814423],"rotationMatrix":[-0.75597775,-0.654597342,0,0.654597342,-0.75597775,0,0,0,0.999999881],"scale":0.893912375,"type":"desert_rocks_medium_05"}
{"pos":[-735.808105,2114.88379,69.3221664],"rotationMatrix":[0.935413182,0.353556424,0,-0.353556424,0.935413182,0,0,0,0.999999881],"scale":1.05237436,"type":"desert_rocks_medium_05"}
{"pos":[-736.947083,2115.81543,69.2068176],"rotationMatrix":[0.375254065,-0.926921904,0,0.926921904,0.375254065,0,0,0,0.999999881],"scale":1.01248062,"type":"desert_rocks_medium_05"}
{"pos":[-734.836609,2109.31201,71.3908157],"rotationMatrix":[-0.519255221,-0.854619026,0,0.854619026,-0.519255221,0,0,0,0.999999881],"scale":1.34418738,"type":"desert_rocks_medium_05"}
{"pos":[-736.422668,2108.77344,70.9623184],"rotationMatrix":[-0.326907605,0.9450562,0,-0.9450562,-0.326907605,0,0,0,0.999999881],"scale":1.02586162,"type":"desert_rocks_medium_05"}
{"pos":[-741.123291,2112.74146,68.2382507],"rotationMatrix":[0.194992557,-0.980804622,0,0.980804622,0.194992557,0,0,0,0.999999881],"scale":1.2147814,"type":"desert_rocks_medium_05"}
{"pos":[-737.095337,2114.53418,69.1579361],"rotationMatrix":[0.986055911,-0.166413859,0,0.166413859,0.986055911,0,0,0,0.999999881],"scale":0.792927384,"type":"desert_rocks_medium_05"}
{"pos":[-734.936401,2112.4978,69.9826736],"rotationMatrix":[0.420201004,-0.907430947,0,0.907430947,0.420201004,0,0,0,0.999999881],"scale":1.2393266,"type":"desert_rocks_medium_05"}
{"pos":[-737.709534,2112.44946,69.6344833],"rotationMatrix":[-0.749139726,-0.662412047,0,0.662412047,-0.749139726,0,0,0,0.999999881],"scale":0.690523505,"type":"desert_rocks_medium_05"}
{"pos":[-733.282776,2120.40479,69.9768677],"rotationMatrix":[0.212499768,-0.97716099,0,0.97716099,0.212499768,0,0,0,0.999999881],"scale":0.555883288,"type":"desert_rocks_medium_05"}
{"pos":[-732.437256,2127.77734,69.2151871],"rotationMatrix":[-0.874409914,-0.485187769,0,0.485187769,-0.874409914,0,0,0,0.999999881],"scale":0.588859081,"type":"desert_rocks_medium_05"}
{"pos":[-721.800415,2142.58545,69.6633072],"rotationMatrix":[-0.994594336,-0.103836097,0,0.103836097,-0.994594336,0,0,0,0.999999881],"scale":0.920010805,"type":"desert_rocks_medium_05"}
{"pos":[-719.42041,2143.37939,69.9255447],"rotationMatrix":[0.999807537,0.0196165983,0,-0.0196165983,0.999807537,0,0,0,0.999999881],"scale":1.11790204,"type":"desert_rocks_medium_05"}
{"pos":[-718.115417,2140.17041,70.0103378],"rotationMatrix":[-0.52141583,-0.853302658,0,0.853302658,-0.52141583,0,0,0,0.999999881],"scale":1.03306603,"type":"desert_rocks_medium_05"}
{"pos":[-715.298279,2147.39355,70.1780243],"rotationMatrix":[0.372541517,-0.928015411,0,0.928015411,0.372541517,0,0,0,0.999999881],"scale":0.484014452,"type":"desert_rocks_medium_05"}
{"pos":[-715.567627,2150.6311,69.378746],"rotationMatrix":[-0.930572867,-0.36610648,0,0.36610648,-0.930572867,0,0,0,0.999999881],"scale":0.644187868,"type":"desert_rocks_medium_05"}
{"pos":[-711.504089,2150.70776,69.4236374],"rotationMatrix":[0.848654687,-0.528946877,0,0.528946877,0.848654687,0,0,0,0.999999881],"scale":1.20606303,"type":"desert_rocks_medium_05"}
{"pos":[-706.241394,2148.41406,69.6494522],"rotationMatrix":[-0.549610555,-0.835421026,0,0.835421026,-0.549610555,0,0,0,0.999999881],"scale":1.35014594,"type":"desert_rocks_medium_05"}
{"pos":[-705.043396,2147.90771,69.9904785],"rotationMatrix":[0.890078723,-0.455806553,0,0.455806553,0.890078723,0,0,0,0.999999881],"scale":0.560450792,"type":"desert_rocks_medium_05"}
{"pos":[-705.927734,2147.40674,69.9777145],"rotationMatrix":[-0.300385177,-0.953817964,0,0.953817964,-0.300385177,0,0,0,0.999999881],"scale":0.558933139,"type":"desert_rocks_medium_05"}
{"pos":[-694.371033,2149.16699,69.6326065],"rotationMatrix":[-0.0297784545,-0.999556482,0,0.999556482,-0.0297784545,0,0,0,0.999999881],"scale":0.960249305,"type":"desert_rocks_medium_05"}
{"pos":[-701.003296,2152.76392,67.2670822],"rotationMatrix":[-0.334710866,0.942320764,0,-0.942320764,-0.334710866,0,0,0,0.999999881],"scale":1.239586,"type":"desert_rocks_medium_05"}
{"pos":[-713.861877,2151.80737,69.1644669],"rotationMatrix":[-0.919828713,-0.392319918,0,0.392319918,-0.919828713,0,0,0,0.999999881],"scale":0.958767891,"type":"desert_rocks_medium_05"}
{"pos":[-714.310852,2149.6687,69.4621506],"rotationMatrix":[0.966174304,0.257889658,0,-0.257889658,0.966174304,0,0,0,0.999999881],"scale":1.31177485,"type":"desert_rocks_medium_05"}
{"pos":[-718.204102,2148.70825,69.0702744],"rotationMatrix":[-0.249232903,0.968443453,0,-0.968443453,-0.249232903,0,0,0,0.999999881],"scale":1.27785206,"type":"desert_rocks_medium_05"}
{"pos":[-730.017273,2138.4248,67.7541504],"rotationMatrix":[-0.923835278,0.382790238,0,-0.382790238,-0.923835278,0,0,0,0.999999881],"scale":0.870135427,"type":"desert_rocks_medium_05"}
{"pos":[-727.046326,2142.69922,67.4982376],"rotationMatrix":[0.251164377,-0.967944324,0,0.967944324,0.251164377,0,0,0,0.999999881],"scale":1.34423983,"type":"desert_rocks_medium_05"}
{"pos":[-728.265869,2142.11963,67.59552],"rotationMatrix":[-0.998824,-0.0484823883,0,0.0484823883,-0.998824,0,0,0,0.999999881],"scale":0.95247978,"type":"desert_rocks_medium_05"}
{"pos":[-731.797546,2133.70898,67.8837357],"rotationMatrix":[-0.824850619,0.565350354,0,-0.565350354,-0.824850619,0,0,0,0.999999881],"scale":0.910624027,"type":"desert_rocks_medium_05"}
{"pos":[-728.234192,2130.77734,69.8882904],"rotationMatrix":[0.923822463,-0.382821023,0,0.382821023,0.923822463,0,0,0,0.999999881],"scale":0.719040871,"type":"desert_rocks_medium_05"}
{"pos":[-738.660278,2115.58325,69.0672073],"rotationMatrix":[-0.810390711,0.585889518,0,-0.585889518,-0.810390711,0,0,0,0.999999881],"scale":0.677717566,"type":"desert_rocks_medium_05"}
{"pos":[-737.576477,2118.69678,69.4377747],"rotationMatrix":[-0.933580577,-0.358367234,0,0.358367234,-0.933580577,0,0,0,0.999999881],"scale":0.639758348,"type":"desert_rocks_medium_05"}
{"pos":[-700.97876,2138.19019,69.7228241],"rotationMatrix":[-0.992915094,-0.118825495,0,0.118825495,-0.992915094,0,0,0,0.999999881],"scale":0.91755867,"type":"desert_rocks_medium_05"}
{"pos":[-690.683228,2142.33643,69.212532],"rotationMatrix":[0.766985118,-0.641664684,0,0.641664684,0.766985118,0,0,0,0.999999881],"scale":0.707992315,"type":"desert_rocks_medium_05"}
{"pos":[-687.560425,2138.57446,68.9151764],"rotationMatrix":[-0.422129601,0.906535327,0,-0.906535327,-0.422129601,0,0,0,0.999999881],"scale":1.15399158,"type":"desert_rocks_medium_05"}
{"pos":[-673.350403,2139.54126,69.6906052],"rotationMatrix":[-0.76218009,0.647364736,0,-0.647364736,-0.76218009,0,0,0,0.999999881],"scale":0.601499081,"type":"desert_rocks_medium_05"}
{"pos":[-678.928772,2147.60742,68.9392776],"rotationMatrix":[0.864388347,-0.502824545,0,0.502824545,0.864388347,0,0,0,0.999999881],"scale":1.01015925,"type":"desert_rocks_medium_05"}
{"pos":[-680.647522,2148.06787,68.9989624],"rotationMatrix":[-0.346323907,-0.938114941,0,0.938114941,-0.346323907,0,0,0,0.999999881],"scale":0.764119864,"type":"desert_rocks_medium_05"}
{"pos":[-682.382507,2148.57861,68.8896332],"rotationMatrix":[0.350632101,-0.936513245,0,0.936513245,0.350632101,0,0,0,0.999999881],"scale":1.31454992,"type":"desert_rocks_medium_05"}
{"pos":[-691.468567,2146.40649,69.8907089],"rotationMatrix":[-0.484257162,-0.874925673,0,0.874925673,-0.484257162,0,0,0,0.999999881],"scale":1.31588125,"type":"desert_rocks_medium_05"}
{"pos":[-674.258301,2140.17773,69.4652786],"rotationMatrix":[-0.578844726,-0.815437615,0,0.815437615,-0.578844726,0,0,0,0.999999881],"scale":0.473983437,"type":"desert_rocks_medium_05"}
{"pos":[-673.287048,2141.91821,69.1813278],"rotationMatrix":[-0.83810097,-0.545514882,0,0.545514882,-0.83810097,0,0,0,0.999999881],"scale":0.892764926,"type":"desert_rocks_medium_05"}
{"pos":[-668.378296,2139.0564,68.8243179],"rotationMatrix":[-0.896300375,-0.443447202,0,0.443447202,-0.896300375,0,0,0,0.999999881],"scale":1.22723639,"type":"desert_rocks_medium_05"}
{"pos":[-671.901428,2137.10059,70.7891006],"rotationMatrix":[0.250431359,-0.968134284,0,0.968134284,0.250431359,0,0,0,0.999999881],"scale":0.878025889,"type":"desert_rocks_medium_05"}
{"pos":[-670.542419,2138.16333,70.1127396],"rotationMatrix":[0.823845625,0.566814184,0,-0.566814184,0.823845625,0,0,0,0.999999881],"scale":0.757389426,"type":"desert_rocks_medium_05"}
{"pos":[-686.843506,2131.69702,73.5785446],"rotationMatrix":[0.978169143,0.207810059,0,-0.207810059,0.978169143,0,0,0,0.999999881],"scale":0.585775435,"type":"desert_rocks_medium_05"}
{"pos":[-684.212891,2137.02808,70.8952637],"rotationMatrix":[0.988069475,-0.154008269,0,0.154008269,0.988069475,0,0,0,0.999999881],"scale":0.658762574,"type":"desert_rocks_medium_05"}
{"pos":[-684.907593,2132.41187,73.1566315],"rotationMatrix":[0.874433696,-0.485144764,0,0.485144764,0.874433696,0,0,0,0.999999881],"scale":0.602158308,"type":"desert_rocks_medium_05"}
{"pos":[-681.689941,2134.9939,72.2493973],"rotationMatrix":[0.655292034,0.755375624,0,-0.755375624,0.655292034,0,0,0,0.999999881],"scale":0.471105188,"type":"desert_rocks_medium_05"}
{"pos":[-697.224487,2133.40601,70.1755905],"rotationMatrix":[0.739181757,-0.673505843,0,0.673505843,0.739181757,0,0,0,0.999999881],"scale":1.07349503,"type":"desert_rocks_medium_05"}
{"pos":[-698.71991,2135.78198,69.1356125],"rotationMatrix":[0.992306292,-0.123806119,0,0.123806119,0.992306292,0,0,0,0.999999881],"scale":0.50097847,"type":"desert_rocks_medium_05"}
{"pos":[-707.273865,2130.55688,69.3933182],"rotationMatrix":[-0.964258909,0.26496172,0,-0.26496172,-0.964258909,0,0,0,0.999999881],"scale":0.888516486,"type":"desert_rocks_medium_05"}
{"pos":[-704.376038,2129.94971,70.2023163],"rotationMatrix":[-0.748195112,-0.663478553,0,0.663478553,-0.748195112,0,0,0,0.999999881],"scale":0.505843639,"type":"desert_rocks_medium_05"}
{"pos":[-706.703247,2128.72412,69.9577942],"rotationMatrix":[0.963546574,0.267540425,0,-0.267540425,0.963546574,0,0,0,0.999999881],"scale":0.779885709,"type":"desert_rocks_medium_05"}
{"pos":[-728.203186,2112.03174,72.4800415],"rotationMatrix":[0.359980673,0.932959735,0,-0.932959735,0.359980673,0,0,0,0.999999881],"scale":1.34977186,"type":"desert_rocks_medium_05"}
{"pos":[-733.436096,2109.64404,72.0242081],"rotationMatrix":[-0.7156533,0.698455632,0,-0.698455632,-0.7156533,0,0,0,0.999999881],"scale":0.692459822,"type":"desert_rocks_medium_05"}
{"pos":[-739.605469,2108.78882,70.7325287],"rotationMatrix":[0.00534310937,0.999985635,0,-0.999985635,0.00534310937,0,0,0,0.999999881],"scale":0.658146381,"type":"desert_rocks_medium_05"}
{"pos":[604.610779,1858.85156,70.1293335],"rotationMatrix":[-0.948599637,0.316478282,0,-0.316478282,-0.948599637,0,0,0,0.999999881],"scale":1.34629464,"type":"desert_rocks_medium_05"}
{"pos":[612.238892,1856.28625,69.7664185],"rotationMatrix":[-0.52906692,-0.848580062,0,0.848580062,-0.52906692,0,0,0,0.999999881],"scale":0.985014677,"type":"desert_rocks_medium_05"}
{"pos":[609.248474,1853.01282,69.8834076],"rotationMatrix":[0.0704896897,-0.9975124,0,0.9975124,0.0704896897,0,0,0,0.999999881],"scale":0.672278285,"type":"desert_rocks_medium_05"}
{"pos":[614.899414,1859.87268,69.7283478],"rotationMatrix":[-0.979082048,-0.203465208,0,0.203465208,-0.979082048,0,0,0,0.999999881],"scale":1.08177114,"type":"desert_rocks_medium_05"}
{"pos":[613.573242,1854.53101,69.776268],"rotationMatrix":[-0.128685072,0.99168545,0,-0.99168545,-0.128685072,0,0,0,0.999999881],"scale":0.913360476,"type":"desert_rocks_medium_05"}
{"pos":[608.335876,1869.73999,70.2479858],"rotationMatrix":[0.969702899,-0.244287044,0,0.244287044,0.969702899,0,0,0,0.999999881],"scale":1.12675786,"type":"desert_rocks_medium_05"}
{"pos":[616.83728,1868.84143,69.9574127],"rotationMatrix":[-0.985641181,-0.168853104,0,0.168853104,-0.985641181,0,0,0,0.999999881],"scale":0.987859726,"type":"desert_rocks_medium_05"}
{"pos":[609.938782,1869.54834,70.1753235],"rotationMatrix":[-0.830362499,0.557223439,0,-0.557223439,-0.830362499,0,0,0,0.999999881],"scale":1.03628814,"type":"desert_rocks_medium_05"}
{"pos":[610.342896,1895.13989,70.6530685],"rotationMatrix":[0.994378388,-0.105884299,0,0.105884299,0.994378388,0,0,0,0.999999881],"scale":0.538062096,"type":"desert_rocks_medium_05"}
{"pos":[616.091553,1888.82068,70.2150879],"rotationMatrix":[-0.153164983,0.988200486,0,-0.988200486,-0.153164983,0,0,0,0.999999881],"scale":0.636865139,"type":"desert_rocks_medium_05"}
{"pos":[615.412231,1895.52039,70.1337738],"rotationMatrix":[-0.995938599,-0.0900341347,0,0.0900341347,-0.995938599,0,0,0,0.999999881],"scale":1.28213668,"type":"desert_rocks_medium_05"}
