{"pos":[-373.424988,-234.123993,102.258003],"rotationMatrix":[-0.990810513,-0.135257259,0,0.135257259,-0.990810513,0,0,0,1],"scale":1.09870005,"type":"eucalyptus_group"}
{"pos":[-372.740997,-183.399002,103.320999],"rotationMatrix":[0.220499039,-0.975387216,0,0.975387216,0.220499039,0,0,0,1],"scale":1.38900006,"type":"eucalyptus_group"}
{"pos":[-344.671997,-273.847992,112.278999],"rotationMatrix":[-0.510322094,0.859983325,0,-0.859983325,-0.510322094,0,0,0,1],"scale":1.22529995,"type":"eucalyptus_group"}
{"pos":[-342.540009,-304.623993,112.153],"rotationMatrix":[0.808419466,-0.588606775,0,0.588606775,0.808419466,0,0,0,1],"scale":1.33930004,"type":"eucalyptus_group"}
{"pos":[-358.069,-291.778992,105.901001],"rotationMatrix":[-0.117811561,0.993035972,0,-0.993035972,-0.117811561,0,0,0,1],"scale":1.17260003,"type":"eucalyptus_group"}
{"pos":[-350.552002,-330.984985,104.32],"rotationMatrix":[-0.991209626,0.132300705,0,-0.132300705,-0.991209626,0,0,0,1],"scale":1.11810005,"type":"eucalyptus_group"}
{"pos":[-304.73999,-411.649994,117.514999],"rotationMatrix":[-0.944786549,0.327686399,0,-0.327686399,-0.944786549,0,0,0,1],"scale":1.33599997,"type":"eucalyptus_group"}
{"pos":[-265.760986,-480.903992,121.824997],"rotationMatrix":[-0.692432046,-0.721483111,0,0.721483111,-0.692432046,0,0,0,1],"scale":1.07079995,"type":"eucalyptus_group"}
{"pos":[-258.026001,-495.083008,121.383003],"rotationMatrix":[0.979069471,0.203526333,0,-0.203526333,0.979069471,0,0,0,1],"scale":1.23339999,"type":"eucalyptus_group"}
{"pos":[-273.665009,-460.341003,122.341003],"rotationMatrix":[-0.103800893,0.994598091,0,-0.994598091,-0.103800893,0,0,0,1],"scale":1.12419999,"type":"eucalyptus_group"}
{"pos":[-409.337006,-472.488007,105.898003],"rotationMatrix":[0.140639544,-0.990060866,0,0.990060866,0.140639544,0,0,0,1],"scale":1.16299999,"type":"eucalyptus_group"}
{"pos":[-112.162003,-526.205017,124.587997],"rotationMatrix":[0.698290825,-0.715814173,0,0.715814173,0.698290825,0,0,0,1],"scale":1.39499998,"type":"eucalyptus_group"}
{"pos":[-120.695999,-668.187012,131.778],"rotationMatrix":[-0.453853488,-0.891076326,0,0.891076326,-0.453853488,0,0,0,1],"scale":1.05980003,"type":"eucalyptus_group"}
{"pos":[-105.678001,-711.237976,131.203995],"rotationMatrix":[0.0417182446,-0.999129415,0,0.999129415,0.0417182446,0,0,0,1],"scale":1.03320003,"type":"eucalyptus_group"}
{"pos":[-93.1589966,-733.671021,130.113007],"rotationMatrix":[-0.99200809,0.126174286,0,-0.126174286,-0.99200809,0,0,0,1],"scale":1.20430005,"type":"eucalyptus_group"}
{"pos":[-136.863998,-612.166016,133.942993],"rotationMatrix":[-1,0,0,0,-1,0,0,0,1],"scale":1.14450002,"type":"eucalyptus_group"}
{"pos":[-141.447998,-607.359009,133.128998],"rotationMatrix":[0.0233570337,0.99972719,0,-0.99972719,0.0233570337,0,0,0,1],"scale":1.05760002,"type":"eucalyptus_group"}
{"pos":[-71.8356018,-753.828979,131.798004],"rotationMatrix":[0.0524861813,0.998621643,0,-0.998621643,0.0524861813,0,0,0,1],"scale":1.28380001,"type":"eucalyptus_group"}
{"pos":[-510.091003,-253.729004,101.278893],"rotationMatrix":[-0.845504761,-0.533967912,0,0.533967912,-0.845504761,0,0,0,1],"scale":1.05350006,"type":"eucalyptus_group"}
{"pos":[-552.401001,-310.972992,103.457001],"rotationMatrix":[0.460031748,0.887902439,0,-0.887902439,0.460031748,0,0,0,1],"scale":1.05929995,"type":"eucalyptus_group"}
{"pos":[-909.385986,-551.107971,105.677002],"rotationMatrix":[0.616487145,0.78736496,0,-0.78736496,0.616487145,0,0,0,1],"scale":0.908200026,"type":"eucalyptus_group"}
{"pos":[-924.479004,-565.497986,105.565002],"rotationMatrix":[0.930956721,0.36512953,0,-0.36512953,0.930956721,0,0,0,1],"scale":0.843900025,"type":"eucalyptus_group"}
{"pos":[-700.791321,634.540466,106.906998],"rotationMatrix":[-0.265174538,0.964200318,0,-0.964200318,-0.265174538,0,0,0,0.999999881],"scale":1.19930005,"type":"eucalyptus_group"}
{"pos":[-863.759521,379.109924,153.532654],"rotationMatrix":[-0.994611144,-0.103674978,0,0.103674978,-0.994611144,0,0,0,0.999999881],"scale":1.01119995,"type":"eucalyptus_group"}
{"pos":[1000.42999,-189.710999,153.018204],"rotationMatrix":[-0.711620092,0.702564478,0,-0.702564478,-0.711620092,0,0,0,1],"scale":1.3678,"type":"eucalyptus_group"}
{"pos":[1014.56,-585.997009,174.125229],"rotationMatrix":[0.651888371,0.758314967,0,-0.758314967,0.651888371,0,0,0,1],"scale":1.24779999,"type":"eucalyptus_group"}
{"pos":[1015.57001,-557.48999,175.791046],"rotationMatrix":[0.0719330311,-0.997409463,0,0.997409463,0.0719330311,0,0,0,1],"scale":1.0302,"type":"eucalyptus_group"}
{"pos":[1014.23999,-536.625,177.408554],"rotationMatrix":[0.167433858,0.985883296,0,-0.985883296,0.167433858,0,0,0,1],"scale":1.32430005,"type":"eucalyptus_group"}
{"pos":[1015.59998,-547.112976,177.441742],"rotationMatrix":[0.844317913,-0.535842597,0,0.535842597,0.844317913,0,0,0,1],"scale":1.29620004,"type":"eucalyptus_group"}
{"pos":[1012.60999,-560.515015,175.575256],"rotationMatrix":[0.821676016,-0.569954872,0,0.569954872,0.821676016,0,0,0,1],"scale":1.1638,"type":"eucalyptus_group"}
{"pos":[999.583008,-168.932999,152.291763],"rotationMatrix":[-0.544578791,-0.838709712,0,0.838709712,-0.544578791,0,0,0,1],"scale":1.38110006,"type":"eucalyptus_group"}
{"pos":[114.792999,-1015.97998,130.751007],"rotationMatrix":[-0.733894467,0.679263532,0,-0.679263532,-0.733894467,0,0,0,1],"scale":1.26639998,"type":"eucalyptus_group"}
{"pos":[1017.82001,583.593018,156.946472],"rotationMatrix":[-0.905152082,0.425087869,0,-0.425087869,-0.905152082,0,0,0,1],"scale":1.16530001,"type":"eucalyptus_group"}
{"pos":[1011.02002,527.008972,158.413696],"rotationMatrix":[0.318355083,-0.947971523,0,0.947971523,0.318355083,0,0,0,1],"scale":1.36150002,"type":"eucalyptus_group"}
{"pos":[1003.90002,496.283997,157.921005],"rotationMatrix":[0.366737485,-0.930324495,0,0.930324495,0.366737485,0,0,0,1],"scale":1.02409995,"type":"eucalyptus_group"}
{"pos":[1021.21002,376.548004,160.862885],"rotationMatrix":[-0.479888082,0.877329707,0,-0.877329707,-0.479888082,0,0,0,1],"scale":1.12320006,"type":"eucalyptus_group"}
{"pos":[1015.70001,367.359009,159.562836],"rotationMatrix":[-0.257063746,0.966394424,0,-0.966394424,-0.257063746,0,0,0,1],"scale":1.06120002,"type":"eucalyptus_group"}
{"pos":[759.020996,758.320984,127.594513],"rotationMatrix":[0.0900995731,-0.995932758,0,0.995932758,0.0900995731,0,0,0,1],"scale":1.03910005,"type":"eucalyptus_group"}
{"pos":[807.432007,705.262024,141.301575],"rotationMatrix":[-0.983633518,0.180180743,0,-0.180180743,-0.983633518,0,0,0,1],"scale":1.18420005,"type":"eucalyptus_group"}
{"pos":[814.146973,716.495972,144.483002],"rotationMatrix":[-0.730172157,-0.683263242,0,0.683263242,-0.730172157,0,0,0,1],"scale":1.02709997,"type":"eucalyptus_group"}
{"pos":[800.315002,730.979004,142.704773],"rotationMatrix":[0.940694332,0.339255333,0,-0.339255333,0.940694332,0,0,0,1],"scale":1.24720001,"type":"eucalyptus_group"}
{"pos":[784.796997,725.718994,141.651001],"rotationMatrix":[-0.990012527,-0.140979424,0,0.140979424,-0.990012527,0,0,0,1],"scale":1.38979995,"type":"eucalyptus_group"}
{"pos":[753.916016,729.736023,137.442993],"rotationMatrix":[-0.93966198,-0.342104316,0,0.342104316,-0.93966198,0,0,0,1],"scale":1.08840001,"type":"eucalyptus_group"}
{"pos":[778.508972,726.771973,140.077271],"rotationMatrix":[-0.933757663,-0.357905895,0,0.357905895,-0.933757663,0,0,0,1],"scale":1.16270006,"type":"eucalyptus_group"}
{"pos":[832.75,645.76001,145.561005],"rotationMatrix":[0.561390162,-0.827551246,0,0.827551246,0.561390162,0,0,0,1],"scale":1.36570001,"type":"eucalyptus_group"}
{"pos":[745.340027,756.336975,129.009995],"rotationMatrix":[0.382395029,0.923998952,0,-0.923998952,0.382395029,0,0,0,1],"scale":1.09969997,"type":"eucalyptus_group"}
{"pos":[499.334015,494.799011,120.226997],"rotationMatrix":[-0.765696287,-0.643202305,0,0.643202305,-0.765696287,0,0,0,1],"scale":0.723999977,"type":"eucalyptus_group"}
{"pos":[-1277.34802,-563.615601,108.386658],"rotationMatrix":[-0.270121813,-0.957687855,-0.0993372947,0.956577182,-0.255201101,-0.140827149,0.10951747,-0.1330643,0.985037982],"scale":0.904125094,"type":"eucalyptus_group"}
{"pos":[-1281.13416,-566.262756,108.497566],"rotationMatrix":[-0.469347596,0.864444792,0.180133879,-0.867487848,-0.489485145,0.0887090191,0.164856881,-0.114628576,0.979633868],"scale":0.884473324,"type":"eucalyptus_group"}
{"pos":[-1276.51086,-572.902283,107.039093],"rotationMatrix":[0.89747113,0.439214498,-0.0404502116,-0.427260488,0.888473153,0.167523026,0.10951747,-0.1330643,0.985037982],"scale":0.9645347,"type":"eucalyptus_group"}
{"pos":[-1241.41907,-543.958069,105.818886],"rotationMatrix":[-0.290668607,-0.956052363,-0.0384128504,0.949943006,-0.283539772,-0.131199807,0.11454232,-0.0746256933,0.990611434],"scale":0.946999967,"type":"eucalyptus_group"}
{"pos":[-1243.84924,-538.273804,106.492203],"rotationMatrix":[-0.332360625,-0.943101645,-0.00979308039,0.93464303,-0.327952623,-0.137439519,0.126407772,-0.0548325107,0.990461767],"scale":0.997536063,"type":"eucalyptus_group"}
{"pos":[-1256.58289,-537.225525,108.07943],"rotationMatrix":[-0.98762536,-0.116083533,0.105452158,0.107124239,-0.990431666,-0.0869987234,0.114542313,-0.0746256933,0.990611434],"scale":0.846016288,"type":"eucalyptus_group"}
{"pos":[-1251.69324,-530.949341,107.898781],"rotationMatrix":[-0.149866462,0.985954702,0.0737097263,-0.980592072,-0.157754421,0.116414756,0.126407743,-0.0548325032,0.990461767],"scale":0.933864951,"type":"eucalyptus_group"}
{"pos":[-1249.39648,-519.016235,108.266281],"rotationMatrix":[-0.474149942,0.873685896,0.108881146,-0.871322691,-0.483390808,0.0844418481,0.126407772,-0.0548325107,0.990461767],"scale":0.947924435,"type":"eucalyptus_group"}
{"pos":[-1249.69434,-527.061646,107.858894],"rotationMatrix":[-0.616852045,-0.786291599,0.0351962522,0.776861906,-0.615417361,-0.133216903,0.126407743,-0.0548325032,0.990461767],"scale":0.827786684,"type":"eucalyptus_group"}
{"pos":[-1244.27795,-504.237885,109.482544],"rotationMatrix":[0.770729125,0.634883106,0.0538517758,-0.634560883,0.757204771,0.154833138,0.0575241297,-0.153506637,0.986471832],"scale":0.929440558,"type":"eucalyptus_group"}
{"pos":[-1239.98206,-495.931244,109.31601],"rotationMatrix":[0.41467154,0.909106672,-0.0396540388,-0.909859478,0.414909303,-0.00242261402,0.0142504098,0.0370841995,0.999210536],"scale":0.801640034,"type":"eucalyptus_group"}
{"pos":[-1241.78503,-493.512299,109.251945],"rotationMatrix":[-0.852227092,-0.522220075,0.0315356031,0.522977293,-0.852003694,0.0241623204,0.0142504098,0.0370841995,0.999210536],"scale":0.944624066,"type":"eucalyptus_group"}
{"pos":[-1244.82935,-480.276154,108.796463],"rotationMatrix":[-0.709884644,-0.704312682,-0.00268664584,0.704027414,-0.709696293,0.0260067005,-0.0202235524,0.0165702868,0.999658167],"scale":0.857681036,"type":"eucalyptus_group"}
{"pos":[-1229.18469,-482.552338,108.82988],"rotationMatrix":[-0.0461575985,0.998690069,-0.0220747758,-0.998925626,-0.0460553169,0.00511960313,0.00409623235,0.0222873706,0.999743223],"scale":0.991599798,"type":"eucalyptus_group"}
{"pos":[-1236.28931,-492.828125,109.148178],"rotationMatrix":[0.385826707,-0.922124028,0.0287207197,0.922461152,0.385112822,-0.0274487212,0.0142504107,0.0370841995,0.999210536],"scale":0.857587457,"type":"eucalyptus_group"}
{"pos":[-1248.32922,-461.277313,108.410736],"rotationMatrix":[0.808929563,0.587868214,0.00662054494,-0.587557554,0.808786929,-0.0252929777,-0.0202235505,0.016570285,0.999658167],"scale":0.831200719,"type":"eucalyptus_group"}
{"pos":[-1258.62915,-463.721313,108.242874],"rotationMatrix":[0.875391781,-0.482729912,0.0257112943,0.482990921,0.875612497,-0.00474297721,-0.0202235505,0.016570285,0.999658167],"scale":0.963883638,"type":"eucalyptus_group"}
{"pos":[-1249.9292,-468.118195,108.49176],"rotationMatrix":[-0.0017747879,0.999860346,-0.0166095495,-0.999793828,-0.00211012363,-0.0201913174,-0.0202235505,0.0165702868,0.999658167],"scale":0.917974472,"type":"eucalyptus_group"}
{"pos":[-1247.12573,-451.090485,108.373917],"rotationMatrix":[-0.997900009,-0.0417361036,-0.0495324731,0.0412510112,-0.999090552,0.0107761193,-0.0499371886,0.00871022604,0.998714387],"scale":0.875670671,"type":"eucalyptus_group"}
{"pos":[-1313.84155,-601.859924,111.811058],"rotationMatrix":[0.416319191,-0.886910796,-0.200168416,0.867058277,0.453536034,-0.206191421,0.273656994,-0.0877162814,0.957819223],"scale":0.888802648,"type":"eucalyptus_group"}
{"pos":[-1332.87231,-606.889832,114.306801],"rotationMatrix":[-0.453454256,0.886558533,0.0916159526,-0.891254544,-0.450268149,-0.0540754125,-0.00668928027,-0.106173851,0.994325101],"scale":0.881716728,"type":"eucalyptus_group"}
{"pos":[-1322.16028,-612.207275,112.995316],"rotationMatrix":[-0.955135345,0.146675751,0.257298917,-0.165308729,-0.984858155,-0.0522248745,0.245742828,-0.0924155861,0.964919567],"scale":0.834694982,"type":"eucalyptus_group"}
{"pos":[-1334.62781,-604.188232,114.583473],"rotationMatrix":[0.924481034,0.378366619,0.0466213189,-0.381169409,0.919546545,0.0956246853,-0.00668927655,-0.106173828,0.994325101],"scale":0.932361364,"type":"eucalyptus_group"}
{"pos":[-1331.68958,-600.855957,114.7892],"rotationMatrix":[-0.112916112,-0.993593872,-0.00457342714,0.987669885,-0.111738205,-0.109647587,0.108434156,-0.0168980211,0.993960023],"scale":0.993937433,"type":"eucalyptus_group"}
{"pos":[-1353.79504,-614.553284,116.331741],"rotationMatrix":[-0.951560855,-0.22896336,0.205200121,0.231348678,-0.972788692,-0.0126247359,0.202507004,0.0354595706,0.978638589],"scale":0.978681028,"type":"eucalyptus_group"}
{"pos":[-1356.6676,-616.299805,116.531052],"rotationMatrix":[-0.468868136,-0.882762551,-0.0298835672,0.883236289,-0.468295336,-0.0243538059,0.0075042909,-0.037812978,0.99925667],"scale":0.815594375,"type":"eucalyptus_group"}
{"pos":[-1375.323,-630.738098,118.311813],"rotationMatrix":[0.988177776,-0.125008985,-0.0887548774,0.121589921,0.991650403,-0.0429581702,0.0933839679,0.0316586122,0.995126724],"scale":0.892359495,"type":"eucalyptus_group"}
{"pos":[-1364.56702,-620.77594,116.421005],"rotationMatrix":[-0.253807664,-0.966632903,-0.0346723869,0.967225373,-0.253358841,-0.0168511271,0.00750428997,-0.0378129706,0.99925667],"scale":0.938262403,"type":"eucalyptus_group"}
{"pos":[-1413.90247,-636.799866,121.682449],"rotationMatrix":[-0.932684064,-0.353984952,0.0692446455,0.35212034,-0.935186625,-0.0379080437,0.0781755522,-0.0109737823,0.99687922],"scale":0.960447073,"type":"eucalyptus_group"}
{"pos":[-1421.05334,-641.003479,122.27063],"rotationMatrix":[-0.399438024,-0.916091502,0.0350066461,0.91291219,-0.400966287,-0.0762707293,0.0839074552,0.00149255991,0.996472418],"scale":0.909175634,"type":"eucalyptus_group"}
{"pos":[-1421.50354,-645.761597,122.315666],"rotationMatrix":[0.408432901,-0.912190557,-0.0330255553,0.908923507,0.409763217,-0.0771492124,0.0839074552,0.00149255618,0.996472418],"scale":0.908846259,"type":"eucalyptus_group"}
{"pos":[-1420.08484,-647.66394,122.211273],"rotationMatrix":[0.795987606,0.601081371,-0.0714480579,-0.600217581,0.799052596,0.0354089811,0.0783744454,0.0146992709,0.996815622],"scale":0.801055193,"type":"eucalyptus_group"}
{"pos":[-1433.99988,-646.435791,123.368927],"rotationMatrix":[0.632386506,-0.772899449,-0.0520920977,0.770095289,0.63452661,-0.0657959133,0.0839074478,0.00149255618,0.996472418],"scale":0.982492089,"type":"eucalyptus_group"}
{"pos":[-1451.6803,-651.563904,124.716064],"rotationMatrix":[-0.426570773,0.902571797,0.0583199598,-0.901895285,-0.4293257,0.0475826822,0.0679850578,-0.0323011093,0.997163296],"scale":0.923348069,"type":"eucalyptus_group"}
{"pos":[-1438.54614,-647.578308,123.782906],"rotationMatrix":[-0.955337048,0.281124383,0.0911024362,-0.279945403,-0.959670544,0.0257361047,0.0946633965,-0.000917049125,0.995508909],"scale":0.914957523,"type":"eucalyptus_group"}
{"pos":[-1465.1145,-691.706726,124.161331],"rotationMatrix":[0.877066076,0.474314719,-0.0760302171,-0.473937303,0.880229115,0.0240864456,0.0783485696,0.0149081536,0.996814549],"scale":0.818734825,"type":"eucalyptus_group"}
{"pos":[-1484.99902,-701.965393,125.464355],"rotationMatrix":[-0.757299423,0.651584208,0.0439926386,-0.652023971,-0.758178592,0.00545189809,0.0369066522,-0.0245555378,0.999017],"scale":0.878258228,"type":"eucalyptus_group"}
{"pos":[-1436.27441,-679.628357,123.289993],"rotationMatrix":[0.988319993,0.136427581,-0.0679055229,-0.135302514,0.99058342,0.0209219307,0.0701204166,-0.0114897713,0.997472346],"scale":0.989586473,"type":"eucalyptus_group"}
{"pos":[-1470.34766,-670.590637,125.355247],"rotationMatrix":[0.852908611,0.520275772,-0.043127358,-0.516575158,0.853006423,0.074364841,0.0754781365,-0.0411478877,0.996298075],"scale":0.90079391,"type":"eucalyptus_group"}
{"pos":[-1584.05664,-786.083862,131.123962],"rotationMatrix":[0.408432841,0.912693799,0.0131269172,-0.908332169,0.404977679,0.104524247,0.0900825486,-0.0546147302,0.994435728],"scale":0.96121937,"type":"eucalyptus_group"}
{"pos":[-1596.45032,-798.296204,131.765152],"rotationMatrix":[0.269565105,0.962890208,0.0133034922,-0.958013475,0.266747117,0.105147988,0.0976973027,-0.0410891585,0.994367599],"scale":0.862714648,"type":"eucalyptus_group"}
{"pos":[-1594.31799,-813.445374,130.605225],"rotationMatrix":[-0.979466081,-0.195874959,0.0477433801,0.181667328,-0.960168958,-0.212303415,0.0874266326,-0.199270561,0.976036787],"scale":0.946172833,"type":"eucalyptus_group"}
{"pos":[-1580.87476,-825.661926,127.823448],"rotationMatrix":[0.855950892,-0.504876554,-0.111569643,0.510578096,0.85936594,0.0282881279,0.0815971345,-0.0811782703,0.993353903],"scale":0.893343627,"type":"eucalyptus_group"}
{"pos":[-1573.45569,-806.510803,128.847656],"rotationMatrix":[0.985004187,0.141157821,-0.0992028639,-0.131504938,0.986466825,0.0979265347,0.111683436,-0.0834123865,0.990236938],"scale":0.9991045,"type":"eucalyptus_group"}
{"pos":[-1574.76416,-812.798767,128.465576],"rotationMatrix":[0.543941319,-0.828808844,-0.131162703,0.831657708,0.553279519,-0.0471927822,0.111683428,-0.083412379,0.990236938],"scale":0.932893991,"type":"eucalyptus_group"}
{"pos":[-1590.88171,-821.093079,129.018829],"rotationMatrix":[0.771383882,0.636268556,-0.0113670863,-0.631117046,0.767184734,0.114537291,0.0815971345,-0.0811782554,0.993353903],"scale":0.803756177,"type":"eucalyptus_group"}
{"pos":[-1597.0686,-851.823853,128.286804],"rotationMatrix":[-0.775153995,0.62886554,0.0605317876,-0.625622094,-0.77741313,0.0650040656,0.0879370347,0.0125181507,0.996047378],"scale":0.843224466,"type":"eucalyptus_group"}
{"pos":[-1593.18982,-843.682617,127.360962],"rotationMatrix":[0.440714955,-0.890708089,-0.111397572,0.894356251,0.446321547,-0.0303957388,0.0767928585,-0.0862332657,0.993310988],"scale":0.902566433,"type":"eucalyptus_group"}
{"pos":[-1616.06824,-849.976135,129.699371],"rotationMatrix":[0.995452225,-0.0187393054,-0.0934004709,0.0147753134,0.998967826,-0.0429531299,0.0941089764,0.0413777716,0.994701624],"scale":0.87629205,"type":"eucalyptus_group"}
{"pos":[-1621.31702,-841.666321,129.850281],"rotationMatrix":[-0.647654057,0.761359274,0.0296035707,-0.756100357,-0.647008538,0.0984492376,0.0941089913,0.0413777754,0.994701624],"scale":0.937043548,"type":"eucalyptus_group"}
{"pos":[-1607.57117,-856.49646,129.272751],"rotationMatrix":[-0.544619679,-0.836633503,0.0585969649,0.834060133,-0.54761982,-0.0667534396,0.0879370347,0.0125181526,0.996047378],"scale":0.891879797,"type":"eucalyptus_group"}
{"pos":[-1599.81604,-850.335083,128.510651],"rotationMatrix":[0.573610902,-0.818132997,-0.0403596535,0.814393997,0.574892759,-0.0791247413,0.0879370347,0.0125181526,0.996047378],"scale":0.818918169,"type":"eucalyptus_group"}
{"pos":[-1776.34387,-950.135986,162.291641],"rotationMatrix":[0.604412317,-0.787794471,-0.118598573,0.746466041,0.61202383,-0.26118052,0.278341711,0.0693309233,0.95797658],"scale":0.863698602,"type":"eucalyptus_group"}
{"pos":[-1777.49792,-954.55072,163.25177],"rotationMatrix":[0.318969131,-0.945975065,-0.0582190007,0.847434282,0.312170982,-0.429422915,0.424397767,0.0876357704,0.901224971],"scale":0.943995893,"type":"eucalyptus_group"}
{"pos":[-1755.43689,-947.488831,156.293396],"rotationMatrix":[0.693652868,0.705655754,-0.144553542,-0.679379404,0.707612753,0.194236308,0.239351898,-0.0365258381,0.9702456],"scale":0.970690131,"type":"eucalyptus_group"}
{"pos":[-1747.349,-951.153259,154.915085],"rotationMatrix":[-0.947030783,-0.241314784,0.211894929,0.254377723,-0.966423392,0.036297664,0.19602108,0.0882763565,0.976618171],"scale":0.864461184,"type":"eucalyptus_group"}
{"pos":[-1752.05371,-951.374695,155.87941],"rotationMatrix":[0.93530792,0.282352597,-0.213251352,-0.294575721,0.955240428,-0.0272185188,0.19602108,0.0882763639,0.976618171],"scale":0.905521452,"type":"eucalyptus_group"}
{"pos":[-1743.86804,-940.652893,153.696793],"rotationMatrix":[-0.210392952,-0.977500141,0.0151033551,0.947863519,-0.207747936,-0.241651326,0.239351913,-0.036525853,0.9702456],"scale":0.827208757,"type":"eucalyptus_group"}
{"pos":[-1739.84705,-906.180908,151.801361],"rotationMatrix":[0.127506375,0.991473913,0.0268586576,-0.963546872,0.117402434,0.240403324,0.235200375,-0.0565325096,0.97030139],"scale":0.960307121,"type":"eucalyptus_group"}
{"pos":[-1748.17749,-915.330017,154.462219],"rotationMatrix":[-0.32253933,0.935014784,0.147361428,-0.891702354,-0.352370381,0.284080237,0.317545086,-0.0397754684,0.947408557],"scale":0.963219643,"type":"eucalyptus_group"}
{"pos":[-1736.37744,-894.728455,151.468033],"rotationMatrix":[-0.100102901,0.993093729,0.0611868277,-0.965923429,-0.111748219,0.233460605,0.238685846,-0.0357316732,0.970439255],"scale":0.831831098,"type":"eucalyptus_group"}
{"pos":[-1735.43884,-896.449036,151.173828],"rotationMatrix":[0.538894355,0.836204946,-0.101755433,-0.807850182,0.547251821,0.218845934,0.238685876,-0.0357316807,0.970439196],"scale":0.850509703,"type":"eucalyptus_group"}
{"pos":[-1752.18921,-916.937256,155.739349],"rotationMatrix":[-0.943482161,-0.11324548,0.311474681,0.09490069,-0.992770314,-0.0734879971,0.317545056,-0.039775461,0.947408557],"scale":0.80493623,"type":"eucalyptus_group"}
{"pos":[-1734.04236,-913.067993,149.993042],"rotationMatrix":[-0.691358447,-0.711416245,0.126135692,0.683157444,-0.700493217,-0.206409633,0.23520039,-0.0565325096,0.970301449],"scale":0.917465508,"type":"eucalyptus_group"}
{"pos":[-1750.31909,-908.091736,155.483902],"rotationMatrix":[0.303370595,0.950869024,-0.0617606789,-0.898404896,0.307027698,0.314010501,0.317545116,-0.0397754461,0.947408557],"scale":0.854761541,"type":"eucalyptus_group"}
{"pos":[-1731.65149,-922.353394,149.131607],"rotationMatrix":[-0.902248502,0.416295826,0.112450771,-0.398033381,-0.904319167,0.15419443,0.165881917,0.0943625569,0.98162055],"scale":0.895787537,"type":"eucalyptus_group"}
{"pos":[-1747.94482,-909.363892,154.634705],"rotationMatrix":[-0.769163489,-0.595133603,0.232816532,0.554574311,-0.802641869,-0.219575614,0.317545116,-0.039775461,0.947408557],"scale":0.819230855,"type":"eucalyptus_group"}
{"pos":[-1695.87463,-912.625854,142.622742],"rotationMatrix":[0.806500375,-0.577963889,-0.124558493,0.561019957,0.814596057,-0.147274777,0.186584368,0.0488973558,0.981221318],"scale":0.833448052,"type":"eucalyptus_group"}
{"pos":[-1700.97546,-913.344849,143.62854],"rotationMatrix":[0.965462923,-0.193992257,-0.173920572,0.181845069,0.979783654,-0.0834045187,0.186584383,0.0488973632,0.981221318],"scale":0.947592378,"type":"eucalyptus_group"}
{"pos":[-1678.14673,-911.209106,139.739929],"rotationMatrix":[0.113838673,0.991946459,-0.0555234179,-0.982122302,0.120792627,0.14437741,0.149921477,0.0380950607,0.987963736],"scale":0.943024993,"type":"eucalyptus_group"}
{"pos":[-1688.59338,-904.469482,141.065308],"rotationMatrix":[-0.783341885,-0.605106056,0.142202944,0.603240073,-0.795232654,-0.0608769394,0.149921477,0.0380950533,0.987963736],"scale":0.802344263,"type":"eucalyptus_group"}
{"pos":[-1683.31628,-916.406067,140.724792],"rotationMatrix":[0.84398067,-0.525426507,-0.107812323,0.514995217,0.849985719,-0.110924214,0.149921462,0.0380950458,0.987963736],"scale":0.923599958,"type":"eucalyptus_group"}
{"pos":[-1674.96265,-889.064453,138.097687],"rotationMatrix":[0.179925978,0.979787052,-0.0874281228,-0.971260488,0.191029906,0.141987145,0.155818552,0.0593683496,0.986000001],"scale":0.882755637,"type":"eucalyptus_group"}
{"pos":[-1698.57397,-891.612549,142.680695],"rotationMatrix":[-0.657635927,0.729815781,0.186773047,-0.720909059,-0.681637049,0.125145495,0.218644544,-0.0523462072,0.974399507],"scale":0.857573748,"type":"eucalyptus_group"}
{"pos":[-1691.35559,-883.63208,141.406509],"rotationMatrix":[-0.757406831,-0.587911785,0.28406778,0.619997323,-0.784011245,0.030488193,0.204787984,0.199213222,0.958319366],"scale":0.837325811,"type":"eucalyptus_group"}
{"pos":[-1690.47375,-879.819092,140.42543],"rotationMatrix":[0.930837274,0.263105422,-0.253608942,-0.30266127,0.943975449,-0.131554261,0.204787955,0.199213222,0.958319366],"scale":0.967888117,"type":"eucalyptus_group"}
{"pos":[-1680.84509,-906.091553,139.952072],"rotationMatrix":[-0.380312324,-0.920150876,0.0931918919,0.91262579,-0.389706254,-0.123462364,0.149921477,0.0380950607,0.987963736],"scale":0.983339489,"type":"eucalyptus_group"}
{"pos":[-1682.46814,-879.075317,138.872833],"rotationMatrix":[0.963184714,-0.218759269,-0.156267822,0.208454043,0.974775732,-0.0797443986,0.169770926,0.0442339219,0.984490335],"scale":0.861392319,"type":"eucalyptus_group"}
{"pos":[-1681.96082,-865.844604,138.190887],"rotationMatrix":[-0.963111758,-0.2042045,0.175259382,0.208789766,-0.977928162,0.00793423317,0.169770926,0.0442339256,0.984490335],"scale":0.905343771,"type":"eucalyptus_group"}
{"pos":[-1677.27161,-869.588867,137.635757],"rotationMatrix":[0.323462129,0.943403363,-0.0732283816,-0.936143041,0.330326378,0.120501861,0.137871116,0.0295744501,0.990008533],"scale":0.93091917,"type":"eucalyptus_group"}
{"pos":[-1678.43518,-873.79657,137.940186],"rotationMatrix":[-0.577143908,-0.805287302,0.135708109,0.798800409,-0.591231942,-0.111185014,0.169770911,0.0442339145,0.984490335],"scale":0.95176369,"type":"eucalyptus_group"}
{"pos":[-1647.60156,-880.386108,134.214005],"rotationMatrix":[-0.262184143,-0.962503374,0.0696158782,0.958981812,-0.267921209,-0.0925840959,0.107764103,0.0424862728,0.993268251],"scale":0.878506303,"type":"eucalyptus_group"}
{"pos":[-1646.77539,-882.973022,133.98175],"rotationMatrix":[-0.00582277775,0.994016469,0.109073564,-0.998137534,-0.0124008656,0.0597270429,0.0607222877,-0.108522654,0.992237687],"scale":0.998659313,"type":"eucalyptus_group"}
{"pos":[-1637.02625,-867.527405,132.516617],"rotationMatrix":[-0.89511621,-0.43060261,0.115533859,0.432612479,-0.901540875,-0.00837335177,0.10776411,0.0424862728,0.993268251],"scale":0.990483999,"type":"eucalyptus_group"}
{"pos":[-1605.78711,-873.939209,126.560089],"rotationMatrix":[-0.709325433,-0.693450332,0.12642704,0.64254427,-0.709855199,-0.288516939,0.289817095,-0.123417459,0.949091256],"scale":0.968049943,"type":"eucalyptus_group"}
{"pos":[-1620.79346,-859.963684,130.483673],"rotationMatrix":[0.866077304,-0.494950622,-0.0702420324,0.492114991,0.868830919,-0.0543661788,0.0879370272,0.0125181507,0.996047378],"scale":0.999408185,"type":"eucalyptus_group"}
{"pos":[-1592.36218,-881.210022,121.515137],"rotationMatrix":[-0.447510839,-0.894046009,0.0203936547,0.846014321,-0.430639029,-0.314340532,0.289817154,-0.123417474,0.949091196],"scale":0.839389563,"type":"eucalyptus_group"}
{"pos":[-1586.19409,-862.038208,125.860107],"rotationMatrix":[-0.11640811,0.985252738,0.125402629,-0.978445768,-0.135444164,0.155879423,0.170565724,-0.104554012,0.979783535],"scale":0.952117085,"type":"eucalyptus_group"}
{"pos":[-1592.8667,-879.206299,121.929756],"rotationMatrix":[-0.743806243,0.595003784,0.30450359,-0.602293909,-0.794190288,0.0806436166,0.289817125,-0.123417445,0.949091196],"scale":0.950916231,"type":"eucalyptus_group"}
{"pos":[-1597.12341,-870.290161,125.847641],"rotationMatrix":[-0.975407958,-0.00289439037,0.220387965,-0.0713103265,-0.941988826,-0.327981353,0.208552331,-0.335631549,0.918617129],"scale":0.879226625,"type":"eucalyptus_group"}
{"pos":[-1733.28064,-959.092651,152.809006],"rotationMatrix":[0.693004608,-0.717096508,-0.0742775872,0.693772495,0.691360831,-0.201741964,0.19602108,0.0882763565,0.976618171],"scale":0.926468372,"type":"eucalyptus_group"}
{"pos":[-1733.49158,-966.525391,153.523193],"rotationMatrix":[0.943917751,-0.286839962,-0.163530216,0.265697241,0.953902602,-0.13955231,0.196021065,0.0882763639,0.976618171],"scale":0.904926419,"type":"eucalyptus_group"}
{"pos":[-1726.63184,-948.590759,150.332047],"rotationMatrix":[-0.814910054,0.563376307,0.136118248,-0.533412218,-0.820871353,0.204061434,0.22669901,0.0936846286,0.969448686],"scale":0.904005766,"type":"eucalyptus_group"}
{"pos":[-1695.76453,-967.754333,144.191528],"rotationMatrix":[0.698027909,0.684254766,-0.211074352,-0.660813332,0.729086876,0.178207472,0.275830865,0.0150869787,0.961087763],"scale":0.937029421,"type":"eucalyptus_group"}
{"pos":[-1697.06812,-954.160828,144.459503],"rotationMatrix":[0.85595113,-0.458144933,-0.239689082,0.440757126,0.888876438,-0.125027224,0.270334572,0.00137250125,0.962765455],"scale":0.834417343,"type":"eucalyptus_group"}
{"pos":[-1704.03735,-955.190491,145.820526],"rotationMatrix":[0.64750433,-0.755907416,-0.0966546685,0.735043287,0.65297693,-0.182571828,0.20112069,0.0471706763,0.978430092],"scale":0.983216166,"type":"eucalyptus_group"}
{"pos":[-1696.578,-952.232544,144.315826],"rotationMatrix":[-0.874740839,0.464451998,0.138247579,-0.451881081,-0.884834409,0.113450721,0.175018668,0.0367685258,0.983878314],"scale":0.986906648,"type":"eucalyptus_group"}
{"pos":[-1682.34277,-972.485046,140.153259],"rotationMatrix":[0.927746117,0.279498011,-0.24732165,-0.258917004,0.95928514,0.112845197,0.268792003,-0.0406558998,0.962339818],"scale":0.95622319,"type":"eucalyptus_group"}
{"pos":[-1672.54639,-956.923889,138.085419],"rotationMatrix":[-0.740663052,0.64782089,0.178175524,-0.63112849,-0.761781216,0.146171957,0.230424002,-0.00418750197,0.973081291],"scale":0.99714756,"type":"eucalyptus_group"}
{"pos":[-1659.06836,-954.179199,134.062653],"rotationMatrix":[-0.266376138,-0.963868201,0.00127896667,0.807776153,-0.22396183,-0.545287609,0.525871873,-0.144218594,0.838248074],"scale":0.901477933,"type":"eucalyptus_group"}
{"pos":[-1667.65112,-957.713684,136.590668],"rotationMatrix":[0.576070845,-0.778626084,-0.248764396,0.760576487,0.622086704,-0.185826316,0.299442232,-0.0821552426,0.950570822],"scale":0.853864431,"type":"eucalyptus_group"}
{"pos":[-1666.57544,-975.912231,134.288177],"rotationMatrix":[-0.562412381,0.713706553,0.417510808,-0.70030576,-0.679613113,0.218398362,0.43961817,-0.169555306,0.882035613],"scale":0.962815046,"type":"eucalyptus_group"}
{"pos":[-1655.37109,-960.501648,130.655426],"rotationMatrix":[-0.827874422,0.139325589,0.543334663,-0.195148379,-0.979688644,-0.0461274832,0.525871933,-0.144218624,0.838248014],"scale":0.851194322,"type":"eucalyptus_group"}
{"pos":[-1654.51074,-950.268799,131.876236],"rotationMatrix":[0.382836342,-0.923816085,0,0.923816085,0.382836342,0,0,0,0.999999881],"scale":0.813921094,"type":"eucalyptus_group"}
{"pos":[-1663.70837,-963.820801,134.820831],"rotationMatrix":[0.867273092,-0.497832388,0,0.497832388,0.867273092,0,0,0,0.999999881],"scale":0.815799296,"type":"eucalyptus_group"}
{"pos":[-1662.07324,-1008.40002,133.152817],"rotationMatrix":[-0.903704286,-0.265441835,0.335944772,0.311271369,-0.946067572,0.0898104981,0.293987036,0.185732156,0.937590063],"scale":0.931846738,"type":"eucalyptus_group"}
{"pos":[-1666.4928,-1018.3576,133.186646],"rotationMatrix":[0.253408611,-0.948431253,-0.190425947,0.930359364,0.292869568,-0.220587179,0.264981747,-0.121265933,0.956597745],"scale":0.833777487,"type":"eucalyptus_group"}
{"pos":[-1664.0166,-1017.34033,132.6297],"rotationMatrix":[-0.283912897,-0.957894742,-0.0427851751,0.921508372,-0.260253191,-0.288253635,0.264981717,-0.121265911,0.956597745],"scale":0.975357115,"type":"eucalyptus_group"}
{"pos":[-1636.8114,-1025.26758,123.439209],"rotationMatrix":[0.945536375,0.187938944,-0.26578176,-0.144600704,0.97401464,0.174316183,0.291636109,-0.126390055,0.94814235],"scale":0.998493612,"type":"eucalyptus_group"}
{"pos":[-1631.76917,-1019.03882,119.603607],"rotationMatrix":[0.568368673,0.472166598,-0.673806846,-0.622027099,0.782635808,0.0237364769,0.53855294,0.405635118,0.738526106],"scale":0.987387002,"type":"eucalyptus_group"}
{"pos":[-1626.85046,-1028.4845,119.946533],"rotationMatrix":[0.136064112,-0.975670516,-0.17191118,0.946802437,0.179143667,-0.26734364,0.291636109,-0.126390055,0.94814235],"scale":0.840325952,"type":"eucalyptus_group"}
{"pos":[-1616.22437,-1018.81122,113.70549],"rotationMatrix":[-0.71759963,-0.597198725,0.358334899,0.672349811,-0.728225589,0.132788092,0.181647852,0.336215138,0.924101412],"scale":0.914922595,"type":"eucalyptus_group"}
{"pos":[-1630.90076,-1010.54626,116.104187],"rotationMatrix":[-0.774902344,0.453120649,0.4406901,-0.340100467,-0.886574626,0.313555121,0.532783031,0.0930957273,0.841115594],"scale":0.883274436,"type":"eucalyptus_group"}
{"pos":[-1612.36707,-1033.25916,118.089706],"rotationMatrix":[0.863723278,0.398059756,-0.309080124,-0.468724817,0.859820187,-0.202499986,0.185146227,0.319777489,0.929227233],"scale":0.939248204,"type":"eucalyptus_group"}
{"pos":[-1623.03699,-1027.13196,118.071968],"rotationMatrix":[-0.924981952,-0.2605564,0.276619017,0.333784044,-0.905024409,0.26366353,0.181647822,0.336215138,0.924101412],"scale":0.859165192,"type":"eucalyptus_group"}
{"pos":[-1612.43176,-1020.14783,113.446289],"rotationMatrix":[0.734448969,0.578505933,-0.354845881,-0.653902709,0.743162274,-0.141848519,0.181647852,0.336215198,0.924101412],"scale":0.927098393,"type":"eucalyptus_group"}
{"pos":[-1597.70081,-1047.10974,118.077644],"rotationMatrix":[-0.91521275,0.337551475,0.220101207,-0.322666824,-0.941052437,0.101520665,0.241395235,0.0218936503,0.970179915],"scale":0.9757725,"type":"eucalyptus_group"}
{"pos":[-1590.23779,-1040.71265,112.984917],"rotationMatrix":[0.897572696,-0.265163302,-0.352209657,0.142464712,0.930493295,-0.337470084,0.41721341,0.252726465,0.87296176],"scale":0.851401806,"type":"eucalyptus_group"}
{"pos":[-1571.20483,-1053.67554,107.757446],"rotationMatrix":[-0.207866192,0.961791217,-0.17818284,-0.88847357,-0.109452248,0.445684671,0.409153104,0.250953555,0.877277613],"scale":0.980209351,"type":"eucalyptus_group"}
{"pos":[-1567.78845,-1054.22778,107.251228],"rotationMatrix":[0.949406445,-0.283198357,-0.135742605,0.280176282,0.959060669,-0.0412784219,0.141875386,0.00115813687,0.98988384],"scale":0.862904847,"type":"eucalyptus_group"}
{"pos":[-1602.85022,-1103.6355,114.249481],"rotationMatrix":[-0.187201142,0.973657072,0.130181253,-0.973836958,-0.201327562,0.105395995,0.128828675,-0.107045062,0.985872447],"scale":0.876510262,"type":"eucalyptus_group"}
{"pos":[-1595.57837,-1089.9668,116.650177],"rotationMatrix":[0.999936104,-0.0112762675,0.000776246947,0.0111458413,0.995119691,0.0980436727,-0.00187802548,-0.0980287567,0.995181799],"scale":0.800419569,"type":"eucalyptus_group"}
{"pos":[-1600.9325,-1091.76575,116.462868],"rotationMatrix":[0.908571601,0.415546387,0.0426473022,-0.417724878,0.904274046,0.0882857367,-0.00187802501,-0.0980287567,0.995181799],"scale":0.9808411,"type":"eucalyptus_group"}
{"pos":[-1617.95032,-1082.24255,120.71196],"rotationMatrix":[-0.00578069687,-0.979471266,-0.20150049,0.983908594,0.0304136872,-0.176064372,0.178578362,-0.199275881,0.963534594],"scale":0.866739094,"type":"eucalyptus_group"}
{"pos":[-1602.62146,-1086.38574,117.014069],"rotationMatrix":[0.56207478,-0.783100009,-0.266131938,0.80757761,0.589103937,-0.0278367996,0.178578362,-0.199275866,0.963534594],"scale":0.911289692,"type":"eucalyptus_group"}
{"pos":[-1608.80249,-1093.17603,116.755287],"rotationMatrix":[-0.0444916487,0.976638496,0.21023196,-0.982919157,-0.0804120302,0.165540382,0.178578347,-0.199275866,0.963534594],"scale":0.907030642,"type":"eucalyptus_group"}
{"pos":[-1617.72131,-1106.77344,117.069557],"rotationMatrix":[-0.477147818,-0.876412392,0.0650486797,0.842182636,-0.477149725,-0.251110494,0.251114309,-0.065033935,0.965770245],"scale":0.935311437,"type":"eucalyptus_group"}
{"pos":[-1605.93811,-1108.65503,114.107979],"rotationMatrix":[0.978029788,0.178019449,-0.108474679,-0.163892791,0.978187323,0.127627298,0.128828704,-0.107045084,0.985872447],"scale":0.849839091,"type":"eucalyptus_group"}
{"pos":[-1595.97754,-1117.79041,111.775032],"rotationMatrix":[0.604620099,-0.778113425,-0.17021741,0.785202205,0.618152082,-0.0366788357,0.133760527,-0.111478344,0.984723687],"scale":0.923267782,"type":"eucalyptus_group"}
{"pos":[-1597.12,-1121.25256,111.538269],"rotationMatrix":[-0.349334359,-0.935175478,-0.0584171005,0.927401721,-0.336183906,-0.164032802,0.133760571,-0.111478373,0.984723687],"scale":0.962768316,"type":"eucalyptus_group"}
{"pos":[-1601.67188,-1123.44275,111.946701],"rotationMatrix":[-0.844522119,-0.530909717,0.07011915,0.516004622,-0.841765642,-0.158647746,0.143251568,-0.0977997705,0.984842241],"scale":0.958299577,"type":"eucalyptus_group"}
{"pos":[-1609.33459,-1121.7041,113.73951],"rotationMatrix":[0.666846871,-0.69741261,-0.262546927,0.700608015,0.706787407,-0.0979791656,0.253896743,-0.118605398,0.95993185],"scale":0.995440125,"type":"eucalyptus_group"}
{"pos":[-1620.953,-1149.85474,113.493835],"rotationMatrix":[-0.146370351,-0.989229739,0,0.989229739,-0.146370351,0,0,0,0.999999881],"scale":0.825588405,"type":"eucalyptus_group"}
{"pos":[-1603.01172,-1151.59802,109.514206],"rotationMatrix":[0.922909081,-0.385017782,0,0.385017782,0.922909081,0,0,0,0.999999881],"scale":0.954657257,"type":"eucalyptus_group"}
{"pos":[-1615.46643,-1157.47705,111.252716],"rotationMatrix":[-0.272651255,0.962112844,0,-0.962112844,-0.272651255,0,0,0,0.999999881],"scale":0.964856267,"type":"eucalyptus_group"}
{"pos":[-1613.03015,-1158.95667,110.728462],"rotationMatrix":[-0.813031733,-0.582219362,0,0.582219362,-0.813031733,0,0,0,0.999999881],"scale":0.897619486,"type":"eucalyptus_group"}
{"pos":[-1406.15808,-711.188843,117.045578],"rotationMatrix":[-0.425379276,0.905015051,0,-0.905015051,-0.425379276,0,0,0,0.999999881],"scale":0.906779408,"type":"eucalyptus_group"}
{"pos":[-1473.9342,-745.787476,120.504852],"rotationMatrix":[0.651941419,-0.758269191,0,0.758269191,0.651941419,0,0,0,0.999999881],"scale":0.837897241,"type":"eucalyptus_group"}
{"pos":[-1469.85498,-736.733032,120.647644],"rotationMatrix":[0.684592247,0.728926241,0,-0.728926241,0.684592247,0,0,0,0.999999881],"scale":0.995413125,"type":"eucalyptus_group"}
{"pos":[-1467.68701,-743.767761,119.094574],"rotationMatrix":[0.0733309463,-0.997307599,0,0.997307599,0.0733309463,0,0,0,0.999999881],"scale":0.903607547,"type":"eucalyptus_group"}
{"pos":[-1334.01514,-653.295105,111.250092],"rotationMatrix":[-0.899011135,0.437925458,0,-0.437925458,-0.899011135,0,0,0,0.999999881],"scale":0.9334777,"type":"eucalyptus_group"}
{"pos":[247.357895,1574.71472,83.2521667],"rotationMatrix":[0.58643645,0.809995234,0,-0.809995234,0.58643645,0,0,0,0.999999881],"scale":1.00312042,"type":"eucalyptus_group"}
{"pos":[258.013947,1577.00427,81.8528442],"rotationMatrix":[0.307906628,-0.951416492,0,0.951416492,0.307906628,0,0,0,0.999999881],"scale":1.23021746,"type":"eucalyptus_group"}
{"pos":[270.316772,1642.00464,90.9667664],"rotationMatrix":[-0.668086648,0.744083226,0,-0.744083226,-0.668086648,0,0,0,0.999999881],"scale":1.23913658,"type":"eucalyptus_group"}
{"pos":[265.208466,1720.88733,92.8935623],"rotationMatrix":[-0.970659196,0.240459234,0,-0.240459234,-0.970659196,0,0,0,0.999999881],"scale":1.18593311,"type":"eucalyptus_group"}
{"pos":[255.925522,1754.54944,92.888382],"rotationMatrix":[0.546142757,0.837692082,0,-0.837692082,0.546142757,0,0,0,0.999999881],"scale":1.31755579,"type":"eucalyptus_group"}
{"pos":[263.63562,1862.65894,92.1410828],"rotationMatrix":[0.992753088,0.120171107,0,-0.120171107,0.992753088,0,0,0,0.999999881],"scale":1.2520982,"type":"eucalyptus_group"}
