{"pos":[-408.971985,-151.932999,101.633003],"rotationMatrix":[0.975313663,-0.220824048,0,0.220824048,0.975313663,0,0,0,1],"scale":1.15980005,"type":"fanpalm_skirt"}
{"pos":[-471.294006,-200.278,97.6259003],"rotationMatrix":[0.953670263,0.300853819,0,-0.300853819,0.953670263,0,0,0,1],"scale":1.20019996,"type":"fanpalm_skirt"}
{"pos":[-332.484009,-492.17099,106.040001],"rotationMatrix":[-0.970112562,-0.242655352,0,0.242655352,-0.970112562,0,0,0,1],"scale":1.01129997,"type":"fanpalm_skirt"}
{"pos":[-477.429993,-287.131989,98.1780014],"rotationMatrix":[0.963927031,-0.266166627,0,0.266166627,0.963927031,0,0,0,1],"scale":1.15840006,"type":"fanpalm_skirt"}
{"pos":[-248.077988,-696.981384,127.230003],"rotationMatrix":[-0.947153807,-0.320779771,0,0.320779771,-0.947153807,0,0,0,1],"scale":1.1365,"type":"fanpalm_skirt"}
{"pos":[-340.928986,-641.02301,126.078003],"rotationMatrix":[-0.656200051,0.754586995,0,-0.754586995,-0.656200051,0,0,0,1],"scale":0.855199993,"type":"fanpalm_skirt"}
{"pos":[-382.229218,-564.458801,126.355415],"rotationMatrix":[0.926271915,0.37685585,0,-0.37685585,0.926271915,0,0,0,1],"scale":0.743200004,"type":"fanpalm_skirt"}
{"pos":[-570.984009,-206.970993,105.355003],"rotationMatrix":[-0.935331345,0.353772908,0,-0.353772908,-0.935331345,0,0,0,1],"scale":1.1595,"type":"fanpalm_skirt"}
{"pos":[-704.85614,-54.4376831,101.908997],"rotationMatrix":[-0.145795226,0.989314795,0,-0.989314795,-0.145795226,0,0,0,1],"scale":1.09389997,"type":"fanpalm_skirt"}
{"pos":[-559.630005,-349.136993,104.053001],"rotationMatrix":[0.693925142,0.720047176,0,-0.720047176,0.693925142,0,0,0,1],"scale":1.06260002,"type":"fanpalm_skirt"}
{"pos":[-536.086975,-477.463013,118.169998],"rotationMatrix":[0.809285164,0.587415993,0,-0.587415993,0.809285164,0,0,0,1],"scale":1.08159995,"type":"fanpalm_skirt"}
{"pos":[-654.073975,-371.574005,108.913002],"rotationMatrix":[-0.156720519,-0.987643003,0,0.987643003,-0.156720519,0,0,0,1],"scale":0.909200013,"type":"fanpalm_skirt"}
{"pos":[-764.013,-467.773987,103.324997],"rotationMatrix":[-0.65547204,-0.75521946,0,0.75521946,-0.65547204,0,0,0,1],"scale":0.921599984,"type":"fanpalm_skirt"}
{"pos":[-947.469971,-595.705017,105.627998],"rotationMatrix":[0.0516600609,-0.998664737,0,0.998664737,0.0516600609,0,0,0,1],"scale":0.761399984,"type":"fanpalm_skirt"}
{"pos":[-78.8932037,701.171997,74.5289001],"rotationMatrix":[-0.0634652376,0.997984052,0,-0.997984052,-0.0634652376,0,0,0,1],"scale":1.23640001,"type":"fanpalm_skirt"}
{"pos":[-232.998993,679.176025,74.0402985],"rotationMatrix":[-0.862064123,-0.506799221,0,0.506799221,-0.862064123,0,0,0,1],"scale":1.27209997,"type":"fanpalm_skirt"}
{"pos":[-186.820999,679.599976,74.5999985],"rotationMatrix":[-0.818705916,0.574213028,0,-0.574213028,-0.818705916,0,0,0,1],"scale":1.05120003,"type":"fanpalm_skirt"}
{"pos":[-178.804001,605.120972,74.5670013],"rotationMatrix":[-0.117811561,-0.993035972,0,0.993035972,-0.117811561,0,0,0,1],"scale":1.02020001,"type":"fanpalm_skirt"}
{"pos":[-227.061005,620.552002,74.5615005],"rotationMatrix":[-0.499219418,0.866475582,0,-0.866475582,-0.499219418,0,0,0,1],"scale":1.09000003,"type":"fanpalm_skirt"}
{"pos":[-278.977997,684.017029,74.3454971],"rotationMatrix":[0.407039523,-0.913410544,0,0.913410544,0.407039523,0,0,0,1],"scale":1.05929995,"type":"fanpalm_skirt"}
{"pos":[-252.065918,562.444092,75.2048721],"rotationMatrix":[-0.402812362,-0.915282607,0,0.915282607,-0.402812362,0,0,0,1],"scale":1.09010005,"type":"fanpalm_skirt"}
{"pos":[-446.299011,742.325989,74.5186005],"rotationMatrix":[-0.070477128,-0.997513413,0,0.997513413,-0.070477128,0,0,0,1],"scale":1.29340005,"type":"fanpalm_skirt"}
{"pos":[-479.182007,721.437012,74.4542007],"rotationMatrix":[-0.988416791,-0.151763782,0,0.151763782,-0.988416791,0,0,0,1],"scale":0.676699996,"type":"fanpalm_skirt"}
{"pos":[-176.391006,438.415985,77.6628036],"rotationMatrix":[0.731062174,0.682310879,0,-0.682310879,0.731062174,0,0,0,1],"scale":1.1681,"type":"fanpalm_skirt"}
{"pos":[-196.848007,465.282013,75.0586014],"rotationMatrix":[0.197608829,0.980280936,0,-0.980280936,0.197608829,0,0,0,1],"scale":1.12300003,"type":"fanpalm_skirt"}
{"pos":[-189.240005,427.028015,78.4139023],"rotationMatrix":[-0.974879503,-0.222732916,0,0.222732916,-0.974879503,0,0,0,1],"scale":1.03799999,"type":"fanpalm_skirt"}
{"pos":[-148.447006,299.941986,92.7212982],"rotationMatrix":[0.667235136,0.744847119,0,-0.744847119,0.667235136,0,0,0,1],"scale":1.21449995,"type":"fanpalm_skirt"}
{"pos":[-6.81820011,187.746994,125.905998],"rotationMatrix":[-0.971303701,0.237842634,0,-0.237842634,-0.971303701,0,0,0,1],"scale":1.29050004,"type":"fanpalm_skirt"}
{"pos":[-13.3752003,191.544006,125.713997],"rotationMatrix":[0.936204076,0.351456881,0,-0.351456881,0.936204076,0,0,0,1],"scale":1.00510001,"type":"fanpalm_skirt"}
{"pos":[-363.29599,391.203003,97.7878036],"rotationMatrix":[0.430989265,0.901803672,-0.0315969102,-0.901924014,0.431602955,0.0158741325,0.0279526711,0.0216564294,0.999374628],"scale":0.950399995,"type":"fanpalm_skirt"}
{"pos":[-383.171997,44.3951988,105.658997],"rotationMatrix":[0.611919522,-0.790920019,0,0.790920019,0.611919522,0,0,0,1],"scale":1.17780006,"type":"fanpalm_skirt"}
{"pos":[-563.658997,745.414001,76.4522018],"rotationMatrix":[0.0527615547,-0.998607159,0,0.998607159,0.0527615547,0,0,0,1],"scale":1.20840001,"type":"fanpalm_skirt"}
{"pos":[-621.143982,688.643982,91.9561081],"rotationMatrix":[-0.321938038,0.946760714,0,-0.946760714,-0.321938038,0,0,0,1],"scale":0.915099978,"type":"fanpalm_skirt"}
{"pos":[-667.969971,681.731995,93.0682983],"rotationMatrix":[0.938679934,0.344789773,0,-0.344789773,0.938679934,0,0,0,1],"scale":1.26680005,"type":"fanpalm_skirt"}
{"pos":[-785.726868,901.172974,74.3003006],"rotationMatrix":[-0.761564493,-0.648089111,0,0.648089111,-0.761564493,0,0,0,1],"scale":1.04750001,"type":"fanpalm_skirt"}
{"pos":[-983.245972,864.796021,74.5273972],"rotationMatrix":[0.626406312,-0.779496729,0,0.779496729,0.626406312,0,0,0,1],"scale":0.918099999,"type":"fanpalm_skirt"}
{"pos":[-896.411987,590.83197,125.740997],"rotationMatrix":[0.173873425,0.984768033,0,-0.984768033,0.173873425,0,0,0,1],"scale":1.00929999,"type":"fanpalm_skirt"}
{"pos":[-906.086975,585.260986,127.149002],"rotationMatrix":[0.852575541,0.522603989,0,-0.522603989,0.852575541,0,0,0,1],"scale":0.991299987,"type":"fanpalm_skirt"}
{"pos":[-817.840027,79.1148987,132.503967],"rotationMatrix":[-0.999599934,-0.0282837879,0,0.0282837879,-0.999599934,0,0,0,1],"scale":1.17770004,"type":"fanpalm_skirt"}
{"pos":[-1115.89001,850.448975,95.8602982],"rotationMatrix":[0.781142712,0.624352515,0,-0.624352515,0.781142712,0,0,0,1],"scale":1.17509997,"type":"fanpalm_skirt"}
{"pos":[974.086975,874.630005,129.269104],"rotationMatrix":[0.108620524,-0.994083285,0,0.994083285,0.108620524,0,0,0,1],"scale":0.987699986,"type":"fanpalm_skirt"}
{"pos":[874.955994,934.893982,123.633003],"rotationMatrix":[0.436502695,0.899702966,0,-0.899702966,0.436502695,0,0,0,1],"scale":1.21609998,"type":"fanpalm_skirt"}
{"pos":[977.20697,508.902008,149.856003],"rotationMatrix":[0.831683993,0.555249274,0,-0.555249274,0.831683993,0,0,0,1],"scale":0.918299973,"type":"fanpalm_skirt"}
{"pos":[981.054016,507.420013,150.283005],"rotationMatrix":[-0.073405385,-0.997302175,0,0.997302175,-0.073405385,0,0,0,1],"scale":0.985099971,"type":"fanpalm_skirt"}
{"pos":[567.429016,970.502014,117.247002],"rotationMatrix":[0.912303209,-0.409515381,0,0.409515381,0.912303209,0,0,0,1],"scale":1.17519999,"type":"fanpalm_skirt"}
{"pos":[950.106262,255.972107,157.94722],"rotationMatrix":[0.366962433,-0.930235744,0,0.930235744,0.366962433,0,0,0,1],"scale":0.963800013,"type":"fanpalm_skirt"}
{"pos":[106.823997,806.156982,99.2160034],"rotationMatrix":[0.960687876,0.277630687,0,-0.277630687,0.960687876,0,0,0,1],"scale":1.26929998,"type":"fanpalm_skirt"}
{"pos":[185.667007,562.77301,102.13681],"rotationMatrix":[-0.951892853,0.306431055,0,-0.306431055,-0.951892853,0,0,0,1],"scale":0.901799977,"type":"fanpalm_skirt"}
{"pos":[42.5517998,535.770996,74.235199],"rotationMatrix":[0.956664324,0.291193008,0,-0.291193008,0.956664324,0,0,0,1],"scale":0.974399984,"type":"fanpalm_skirt"}
{"pos":[31.2649002,439.050995,107.830002],"rotationMatrix":[-0.638049841,0.769995093,0,-0.769995093,-0.638049841,0,0,0,1],"scale":1.01499999,"type":"fanpalm_skirt"}
{"pos":[-594.916138,558.848511,102.376488],"rotationMatrix":[-0.530578792,0.847635627,0,-0.847635627,-0.530578792,0,0,0,1],"scale":1.00547922,"type":"fanpalm_skirt"}
{"pos":[300.329437,169.106308,125.088997],"rotationMatrix":[0.512837529,-0.858485699,0,0.858485699,0.512837529,0,0,0,1],"scale":0.96404475,"type":"fanpalm_skirt"}
{"pos":[168.391022,682.097656,95.9096527],"rotationMatrix":[-0.0014533872,0.999998927,0,-0.999998927,-0.0014533872,0,0,0,1],"scale":1.07975328,"type":"fanpalm_skirt"}
{"pos":[1038.60938,913.004517,119.574982],"rotationMatrix":[-0.968291461,-0.249823123,0,0.249823123,-0.968291461,0,0,0,1],"scale":1.28659379,"type":"fanpalm_skirt"}
{"pos":[-1078.6991,-784.930176,107.763474],"rotationMatrix":[0.992096484,-0.125477418,0,0.125477418,0.992096484,0,0,0,1],"scale":0.952139199,"type":"fanpalm_skirt"}
{"pos":[-1033.04333,-758.830688,116.298279],"rotationMatrix":[0.37523362,0.926930249,0,-0.926930249,0.37523362,0,0,0,1],"scale":0.962368965,"type":"fanpalm_skirt"}
{"pos":[-1134.22437,-666.902771,109.412766],"rotationMatrix":[-0.0479499809,0.99884975,0,-0.99884975,-0.0479499809,0,0,0,1],"scale":1.07288909,"type":"fanpalm_skirt"}
{"pos":[-279.170471,-848.292114,136.061859],"rotationMatrix":[-0.918976784,-0.394311607,0,0.394311607,-0.918976784,0,0,0,1],"scale":0.791972935,"type":"fanpalm_skirt"}
{"pos":[-307.32486,-807.301025,137.010147],"rotationMatrix":[-0.601931989,-0.798547328,0,0.798547328,-0.601931989,0,0,0,1],"scale":1.0534507,"type":"fanpalm_skirt"}
{"pos":[-1202.40784,-857.909729,102.263199],"rotationMatrix":[0.0134486994,-0.99990952,0,0.99990952,0.0134486994,0,0,0,1],"scale":1.1733216,"type":"fanpalm_skirt"}
{"pos":[-791.421875,-549.470398,101.550941],"rotationMatrix":[0.950212002,-0.311603814,0,0.311603814,0.950212002,0,0,0,0.999999881],"scale":0.905726016,"type":"fanpalm_skirt"}
{"pos":[-223.208755,638.936035,73.6812134],"rotationMatrix":[-0.499219418,0.866475582,0,-0.866475582,-0.499219418,0,0,0,1],"scale":1.09000003,"type":"fanpalm_skirt"}
{"pos":[61.0667191,1831.47424,103.658371],"rotationMatrix":[0.978999376,-0.203862831,0,0.203862831,0.978999376,0,0,0,0.999999881],"scale":1.19452059,"type":"fanpalm_skirt"}
{"pos":[-1018.55988,1918.09387,92.5182114],"rotationMatrix":[-0.302590638,0.95312053,0,-0.95312053,-0.302590638,0,0,0,0.999999881],"scale":1.07816839,"type":"fanpalm_skirt"}
{"pos":[242.241608,1931.3772,73.7615967],"rotationMatrix":[-0.227353781,0.973812163,0,-0.973812163,-0.227353781,0,0,0,0.999999881],"scale":1.06839848,"type":"fanpalm_skirt"}
{"pos":[-397.741272,2017.5415,73.6663208],"rotationMatrix":[-0.314098507,-0.949390352,0,0.949390352,-0.314098507,0,0,0,0.999999881],"scale":1.29097593,"type":"fanpalm_skirt"}
{"pos":[-983.05957,1837.91602,75.8162689],"rotationMatrix":[0.0649059042,-0.997891247,0,0.997891247,0.0649059042,0,0,0,0.999999881],"scale":1.01530159,"type":"fanpalm_skirt"}
{"pos":[-499.938629,1895.83118,82.9170151],"rotationMatrix":[0.945613384,-0.325292379,0,0.325292379,0.945613384,0,0,0,0.999999881],"scale":1.20973825,"type":"fanpalm_skirt"}
{"pos":[-487.036255,1897.57922,83.2305298],"rotationMatrix":[-0.413707852,-0.910409689,0,0.910409689,-0.413707852,0,0,0,0.999999881],"scale":1.08182704,"type":"fanpalm_skirt"}
{"pos":[550.003479,1914.54431,74.7918472],"rotationMatrix":[-0.888836026,0.458225071,0,-0.458225071,-0.888836026,0,0,0,0.999999881],"scale":0.93047601,"type":"fanpalm_skirt"}
{"pos":[-1161.92957,1898.83582,94.4223633],"rotationMatrix":[0.289136887,0.957287729,0,-0.957287729,0.289136887,0,0,0,0.999999881],"scale":1.10521197,"type":"fanpalm_skirt"}
{"pos":[-1199.63831,-644.515747,104.696907],"rotationMatrix":[-0.763732731,0.645532429,0,-0.645532429,-0.763732731,0,0,0,0.999999881],"scale":0.668300509,"type":"fanpalm_skirt"}
{"pos":[-1180.73682,-616.214233,104.347923],"rotationMatrix":[-0.963440597,0.267921776,0,-0.267921776,-0.963440597,0,0,0,0.999999881],"scale":0.658262789,"type":"fanpalm_skirt"}
{"pos":[-1166.39136,-596.295044,104.524757],"rotationMatrix":[-0.880268037,0.474476784,0,-0.474476784,-0.880268037,0,0,0,0.999999881],"scale":0.553058684,"type":"fanpalm_skirt"}
{"pos":[204.071075,856.574524,105.899391],"rotationMatrix":[0.692735076,-0.721192122,0,0.721192122,0.692735076,0,0,0,0.999999881],"scale":1.29346454,"type":"fanpalm_skirt"}
{"pos":[319.330627,919.301636,102.296417],"rotationMatrix":[-0.249303579,-0.968425333,0,0.968425333,-0.249303579,0,0,0,0.999999881],"scale":1.27814388,"type":"fanpalm_skirt"}
{"pos":[256.998047,859.738037,100.784996],"rotationMatrix":[-0.983495831,-0.180930361,0,0.180930361,-0.983495831,0,0,0,0.999999881],"scale":1.09375083,"type":"fanpalm_skirt"}
{"pos":[278.369446,878.120605,104.658478],"rotationMatrix":[-0.785589993,0.618747354,0,-0.618747354,-0.785589993,0,0,0,0.999999881],"scale":1.01544619,"type":"fanpalm_skirt"}
{"pos":[215.729828,863.168152,103.865707],"rotationMatrix":[-0.490271211,0.871569812,0,-0.871569812,-0.490271211,0,0,0,0.999999881],"scale":0.952727258,"type":"fanpalm_skirt"}
{"pos":[203.937744,1755.03821,99.7428894],"rotationMatrix":[-0.999476314,0.032355465,0,-0.032355465,-0.999476314,0,0,0,0.999999881],"scale":1.06650651,"type":"fanpalm_skirt"}
{"pos":[-542.810486,1852.6084,90.3078156],"rotationMatrix":[0.780811548,-0.624766469,0,0.624766469,0.780811548,0,0,0,0.999999881],"scale":1.23106444,"type":"fanpalm_skirt"}
{"pos":[-208.891998,1646.03613,74.2567062],"rotationMatrix":[-0.744348228,0.667791367,0,-0.667791367,-0.744348228,0,0,0,0.999999881],"scale":0.901482761,"type":"fanpalm_skirt"}
{"pos":[-808.455444,1761.63477,72.9231796],"rotationMatrix":[0.522147536,0.852855206,0,-0.852855206,0.522147536,0,0,0,0.999999881],"scale":1.15158987,"type":"fanpalm_skirt"}
{"pos":[256.276184,1502.96838,72.5537186],"rotationMatrix":[-0.917357326,-0.398064762,0,0.398064762,-0.917357326,0,0,0,0.999999881],"scale":1.10530376,"type":"fanpalm_skirt"}
{"pos":[5.59689522,1608.40405,100.276749],"rotationMatrix":[0.174845144,-0.984595835,0,0.984595835,0.174845144,0,0,0,0.999999881],"scale":1.20983827,"type":"fanpalm_skirt"}
{"pos":[-937.489563,1812.32385,73.0830078],"rotationMatrix":[0.170293942,0.985393226,0,-0.985393226,0.170293942,0,0,0,0.999999881],"scale":0.939704418,"type":"fanpalm_skirt"}
{"pos":[-633.350647,744.702209,76.1395264],"rotationMatrix":[0.0644854307,-0.997918606,0,0.997918606,0.0644854307,0,0,0,0.999999762],"scale":1.03972006,"type":"fanpalm_skirt"}
{"pos":[-652.847717,743.442261,76.1395264],"rotationMatrix":[-0.928183258,-0.372122884,0,0.372122884,-0.928183258,0,0,0,0.999999642],"scale":0.969358683,"type":"fanpalm_skirt"}
{"pos":[-652.427246,718.953125,82.9259949],"rotationMatrix":[0.871518016,0.490363449,0,-0.490363449,0.871518016,0,0,0,0.999999881],"scale":1.06161714,"type":"fanpalm_skirt"}
{"pos":[-672.032654,717.615051,86.092804],"rotationMatrix":[-0.569075227,-0.822285354,0,0.822285354,-0.569075227,0,0,0,0.999999881],"scale":1.03754306,"type":"fanpalm_skirt"}
{"pos":[94.0442886,894.94281,71.746582],"rotationMatrix":[0.960102737,-0.279647142,0,0.279647142,0.960102737,0,0,0,0.999999881],"scale":1.04285419,"type":"fanpalm_skirt"}
{"pos":[242.064438,933.402649,71.5264053],"rotationMatrix":[-0.464347333,0.885653019,0,-0.885653019,-0.464347333,0,0,0,0.999999881],"scale":0.983027816,"type":"fanpalm_skirt"}
{"pos":[148.88327,853.276062,99.7357635],"rotationMatrix":[-0.705816269,0.708394647,0,-0.708394647,-0.705816269,0,0,0,0.999999881],"scale":1.16698802,"type":"fanpalm_skirt"}
{"pos":[127.496033,827.306519,100.352654],"rotationMatrix":[0.990500927,0.137505546,0,-0.137505546,0.990500927,0,0,0,0.999999881],"scale":1.01519704,"type":"fanpalm_skirt"}
{"pos":[362.593964,1596.98828,74.5195389],"rotationMatrix":[0.976025164,0.217657283,0,-0.217657283,0.976025164,0,0,0,0.999999881],"scale":1.23811781,"type":"fanpalm_skirt"}
{"pos":[563.928406,1911.34692,74.8048782],"rotationMatrix":[0.511686563,0.859172225,0,-0.859172225,0.511686563,0,0,0,0.999999881],"scale":1.20364261,"type":"fanpalm_skirt"}
{"pos":[269.954895,-193.673752,143.378586],"rotationMatrix":[-0.0904517248,0.99590075,0,-0.99590075,-0.0904517248,0,0,0,0.999999881],"scale":0.932891905,"type":"fanpalm_skirt"}
{"pos":[752.993042,-367.562622,157.871063],"rotationMatrix":[0.47449702,0.88025713,0,-0.88025713,0.47449702,0,0,0,0.999999881],"scale":0.984492302,"type":"fanpalm_skirt"}
{"pos":[783.766846,-388.447113,159.786392],"rotationMatrix":[-0.961416066,-0.275098026,0,0.275098026,-0.961416066,0,0,0,0.999999881],"scale":0.947252512,"type":"fanpalm_skirt"}
{"pos":[775.693481,-337.966766,153.578644],"rotationMatrix":[-0.962518275,0.271216422,0,-0.271216422,-0.962518275,0,0,0,0.999999881],"scale":0.986607552,"type":"fanpalm_skirt"}
{"pos":[869.386719,-406.649231,161.793777],"rotationMatrix":[0.934209466,0.356724828,0,-0.356724828,0.934209466,0,0,0,0.999999881],"scale":0.986570418,"type":"fanpalm_skirt"}
{"pos":[868.93988,-412.210419,161.580322],"rotationMatrix":[0.609743953,0.792598426,0,-0.792598426,0.609743953,0,0,0,0.999999881],"scale":1.15562642,"type":"fanpalm_skirt"}
{"pos":[877.148865,-419.145172,161.364166],"rotationMatrix":[0.769684017,0.638425052,0,-0.638425052,0.769684017,0,0,0,0.999999881],"scale":0.922771633,"type":"fanpalm_skirt"}
{"pos":[901.756348,-447.242889,160.627487],"rotationMatrix":[0.0137417121,0.999905467,0,-0.999905467,0.0137417121,0,0,0,0.999999881],"scale":1.17683578,"type":"fanpalm_skirt"}
{"pos":[830.444824,-362.596893,162.841064],"rotationMatrix":[0.366580576,0.930386364,0,-0.930386364,0.366580576,0,0,0,0.999999881],"scale":1.10405171,"type":"fanpalm_skirt"}
{"pos":[296.466461,-671.710815,151.032364],"rotationMatrix":[0.925664008,-0.378346324,0,0.378346324,0.925664008,0,0,0,0.999999881],"scale":1.17692149,"type":"fanpalm_skirt"}
{"pos":[347.820312,-651.40271,154.682404],"rotationMatrix":[0.95700556,-0.290069401,0,0.290069401,0.95700556,0,0,0,0.999999881],"scale":1.10430956,"type":"fanpalm_skirt"}
{"pos":[460.515564,-503.698853,152.836472],"rotationMatrix":[0.784675002,0.619907379,0,-0.619907379,0.784675002,0,0,0,0.999999881],"scale":1.27390051,"type":"fanpalm_skirt"}
{"pos":[474.441559,-486.043671,150.942749],"rotationMatrix":[0.878806889,-0.477177292,0,0.477177292,0.878806889,0,0,0,0.999999881],"scale":1.15065217,"type":"fanpalm_skirt"}
