{"pos":[-438.84259,-207.582489,99.9463425],"rotationMatrix":[0.10675025,-0.994285882,0,0.994285882,0.10675025,0,0,0,1],"scale":1.10440004,"type":"fanpalm_slim"}
{"pos":[-365.899994,-443.05899,103.316002],"rotationMatrix":[0.933606386,0.358300328,0,-0.358300328,0.933606386,0,0,0,1],"scale":1.26549995,"type":"fanpalm_slim"}
{"pos":[-376.600006,-377.148987,101.643929],"rotationMatrix":[-0.0866328478,0.996240318,0,-0.996240318,-0.0866328478,0,0,0,1],"scale":1.11459994,"type":"fanpalm_slim"}
{"pos":[-421.832001,-467.484985,106.719002],"rotationMatrix":[0.86974597,0.493499696,0,-0.493499696,0.86974597,0,0,0,1],"scale":0.913800001,"type":"fanpalm_slim"}
{"pos":[-446.519012,-450.924988,105.599998],"rotationMatrix":[-0.439225674,-0.898376763,0,0.898376763,-0.439225674,0,0,0,1],"scale":1.08399999,"type":"fanpalm_slim"}
{"pos":[-195.796097,-773.428589,133.381287],"rotationMatrix":[-0.308638453,0.951179445,0,-0.951179445,-0.308638453,0,0,0,1],"scale":0.922399998,"type":"fanpalm_slim"}
{"pos":[-392.539276,-542.433838,123.223999],"rotationMatrix":[-0.789453745,-0.613810062,0,0.613810062,-0.789453745,0,0,0,1],"scale":0.703199983,"type":"fanpalm_slim"}
{"pos":[-532.812988,-81.7059021,98.2674713],"rotationMatrix":[0.997605681,-0.0691585466,0,0.0691585466,0.997605681,0,0,0,1],"scale":0.99059999,"type":"fanpalm_slim"}
{"pos":[-603.062988,-238.235001,105.495003],"rotationMatrix":[0.480004072,-0.877266288,0,0.877266288,0.480004072,0,0,0,1],"scale":0.918299973,"type":"fanpalm_slim"}
{"pos":[-540.054016,-352.838989,101.885002],"rotationMatrix":[0.0871293545,0.996196985,0,-0.996196985,0.0871293545,0,0,0,1],"scale":1.23829997,"type":"fanpalm_slim"}
{"pos":[-551.213013,-353.428986,103.244003],"rotationMatrix":[0.356341362,-0.934355855,0,0.934355855,0.356341362,0,0,0,1],"scale":1.28970003,"type":"fanpalm_slim"}
{"pos":[-502.039001,-415.886993,104.332001],"rotationMatrix":[-0.561144471,0.8277179,0,-0.8277179,-0.561144471,0,0,0,1],"scale":1.21430004,"type":"fanpalm_slim"}
{"pos":[-776.507996,-4.01620007,111.818001],"rotationMatrix":[-0.0792742968,0.996852815,0,-0.996852815,-0.0792742968,0,0,0,1],"scale":1.028,"type":"fanpalm_slim"}
{"pos":[-86.2575989,697.247986,74.5540009],"rotationMatrix":[-0.593826652,-0.804593027,0,0.804593027,-0.593826652,0,0,0,1],"scale":1.12829995,"type":"fanpalm_slim"}
{"pos":[-34.7975998,531.330994,74.8887024],"rotationMatrix":[0.975135565,0.22160919,0,-0.22160919,0.975135565,0,0,0,1],"scale":1.06330001,"type":"fanpalm_slim"}
{"pos":[-26.1369991,531.679016,74.8862],"rotationMatrix":[0.943619251,0.331032783,0,-0.331032783,0.943619251,0,0,0,1],"scale":1.09590006,"type":"fanpalm_slim"}
{"pos":[-209.348999,683.309021,74.156601],"rotationMatrix":[0.814072013,0.580763936,0,-0.580763936,0.814072013,0,0,0,1],"scale":1.16729999,"type":"fanpalm_slim"}
{"pos":[-178.957993,594.583008,74.4757996],"rotationMatrix":[-0.91570735,-0.401845813,0,0.401845813,-0.91570735,0,0,0,1],"scale":1.26999998,"type":"fanpalm_slim"}
{"pos":[-179.406998,558.210022,74.1619034],"rotationMatrix":[0.99999547,0.00300996448,0,-0.00300996448,0.99999547,0,0,0,1],"scale":1.23090005,"type":"fanpalm_slim"}
{"pos":[-358.518005,659.664001,74.479599],"rotationMatrix":[-0.65547204,-0.75521946,0,0.75521946,-0.65547204,0,0,0,1],"scale":1.2335,"type":"fanpalm_slim"}
{"pos":[-279.459991,651.866028,74.6050034],"rotationMatrix":[0.490152001,-0.871636987,0,0.871636987,0.490152001,0,0,0,1],"scale":0.942700028,"type":"fanpalm_slim"}
{"pos":[-288.19101,577.083984,74.4241028],"rotationMatrix":[0.982590199,-0.185786173,0,0.185786173,0.982590199,0,0,0,1],"scale":1.26709998,"type":"fanpalm_slim"}
{"pos":[-437.192993,720.375977,74.533699],"rotationMatrix":[0.581570506,0.813495994,0,-0.813495994,0.581570506,0,0,0,1],"scale":1.07099998,"type":"fanpalm_slim"}
{"pos":[-414.442993,656.445984,74.8827972],"rotationMatrix":[-0.789075255,0.614296556,0,-0.614296556,-0.789075255,0,0,0,1],"scale":0.95660001,"type":"fanpalm_slim"}
{"pos":[-456.13501,663.31897,77.6961975],"rotationMatrix":[0.801045656,-0.598603249,0,0.598603249,0.801045656,0,0,0,1],"scale":0.90200001,"type":"fanpalm_slim"}
{"pos":[-443.127991,676.333008,75.2631989],"rotationMatrix":[0.349059463,0.937100589,0,-0.937100589,0.349059463,0,0,0,1],"scale":0.911499977,"type":"fanpalm_slim"}
{"pos":[-381.971008,623.932983,74.9143982],"rotationMatrix":[0.854415894,-0.519589722,0,0.519589722,0.854415894,0,0,0,1],"scale":1.00479996,"type":"fanpalm_slim"}
{"pos":[-377.571747,609.180786,75.5932999],"rotationMatrix":[0.815411091,-0.578882337,0,0.578882337,0.815411091,0,0,0,1],"scale":0.815400004,"type":"fanpalm_slim"}
{"pos":[-60.7444992,478.063995,74.2378998],"rotationMatrix":[-0.640222788,-0.768189311,0,0.768189311,-0.640222788,0,0,0,1],"scale":0.953299999,"type":"fanpalm_slim"}
{"pos":[-148.58905,285.449493,99.9623413],"rotationMatrix":[0.912051797,0.410075009,0,-0.410075009,0.912051797,0,0,0,1],"scale":1.05999994,"type":"fanpalm_slim"}
{"pos":[-74.0742035,356.009003,106.030998],"rotationMatrix":[-0.0550234318,-0.998485088,0,0.998485088,-0.0550234318,0,0,0,1],"scale":1.03050005,"type":"fanpalm_slim"}
{"pos":[-194.177994,471.621002,74.2733002],"rotationMatrix":[-0.83169806,-0.555228174,0,0.555228174,-0.83169806,0,0,0,1],"scale":1.27240002,"type":"fanpalm_slim"}
{"pos":[-122.586304,134.064667,123.820244],"rotationMatrix":[0.243550062,0.96988833,0,-0.96988833,0.243550062,0,0,0,1],"scale":0.91140002,"type":"fanpalm_slim"}
{"pos":[-58.894249,218.512039,123.636002],"rotationMatrix":[0.664455652,0.747327685,0,-0.747327685,0.664455652,0,0,0,1],"scale":1.11530006,"type":"fanpalm_slim"}
{"pos":[-50.5396996,143.826996,124.719002],"rotationMatrix":[0.476121545,0.879379511,0,-0.879379511,0.476121545,0,0,0,1],"scale":1.05250001,"type":"fanpalm_slim"}
{"pos":[-270.014008,428.421997,83.4434967],"rotationMatrix":[0.998341084,0.0575767383,0,-0.0575767383,0.998341084,0,0,0,1],"scale":0.996399999,"type":"fanpalm_slim"}
{"pos":[-350.773987,376.147003,101.193001],"rotationMatrix":[0.434164762,0.900833488,0,-0.900833488,0.434164762,0,0,0,1],"scale":0.844399989,"type":"fanpalm_slim"}
{"pos":[-372.295013,400.649994,97.483902],"rotationMatrix":[0.525272369,-0.850934148,0,0.850934148,0.525272369,0,0,0,1],"scale":1.2026,"type":"fanpalm_slim"}
{"pos":[-357.123993,385.464996,99.403801],"rotationMatrix":[-0.95268321,0.303964972,0,-0.303964972,-0.95268321,0,0,0,1],"scale":0.692499995,"type":"fanpalm_slim"}
{"pos":[-300.135986,365.234985,101.038002],"rotationMatrix":[-0.0573488474,-0.998354197,0,0.998354197,-0.0573488474,0,0,0,1],"scale":0.941900015,"type":"fanpalm_slim"}
{"pos":[-303.964996,368.981995,100.859001],"rotationMatrix":[-0.962972999,0.269597858,0,-0.269597858,-0.962972999,0,0,0,1],"scale":1.2938,"type":"fanpalm_slim"}
{"pos":[-338.734009,363.411011,101.023003],"rotationMatrix":[0.819639802,-0.572879195,0,0.572879195,0.819639802,0,0,0,1],"scale":0.752099991,"type":"fanpalm_slim"}
{"pos":[-342.501007,367.595001,101.259003],"rotationMatrix":[0.937977552,-0.346695989,0,0.346695989,0.937977552,0,0,0,1],"scale":0.641200006,"type":"fanpalm_slim"}
{"pos":[-316.644989,298.819,101.359001],"rotationMatrix":[-0.974879503,0.222732916,0,-0.222732916,-0.974879503,0,0,0,1],"scale":1.13750005,"type":"fanpalm_slim"}
{"pos":[-461.320007,279.404999,97.7085037],"rotationMatrix":[0.992509127,-0.122170508,0,0.122170508,0.992509127,0,0,0,1],"scale":1.10399997,"type":"fanpalm_slim"}
{"pos":[-414.807007,257.554993,100.825996],"rotationMatrix":[-0.771338463,-0.636425138,0,0.636425138,-0.771338463,0,0,0,1],"scale":1.11530006,"type":"fanpalm_slim"}
{"pos":[-405.174988,267.118011,101.177002],"rotationMatrix":[0.798895121,0.601470351,0,-0.601470351,0.798895121,0,0,0,1],"scale":1.01950002,"type":"fanpalm_slim"}
{"pos":[-396.404999,275.636993,100.916],"rotationMatrix":[0.176442146,-0.984310985,0,0.984310985,0.176442146,0,0,0,1],"scale":1.00600004,"type":"fanpalm_slim"}
{"pos":[-434.64801,319.781006,101.611],"rotationMatrix":[0.956073523,-0.293126971,0,0.293126971,0.956073523,0,0,0,1],"scale":0.835900009,"type":"fanpalm_slim"}
{"pos":[-306.509003,142.587997,106.720001],"rotationMatrix":[-1,0,0,0,-1,0,0,0,1],"scale":1.24249995,"type":"fanpalm_slim"}
{"pos":[-319.740997,57.9777985,107.162003],"rotationMatrix":[-0.990810513,-0.135257259,0,0.135257259,-0.990810513,0,0,0,1],"scale":1.13680005,"type":"fanpalm_slim"}
{"pos":[-486.678986,230.136993,101.490997],"rotationMatrix":[0.113953352,-0.993486106,0,0.993486106,0.113953352,0,0,0,1],"scale":1.17229998,"type":"fanpalm_slim"}
{"pos":[-470.570648,212.300629,100.288002],"rotationMatrix":[0.740079522,-0.672519386,0,0.672519386,0.740079522,0,0,0,1],"scale":1.07319999,"type":"fanpalm_slim"}
{"pos":[-428.198608,104.521393,99.0103302],"rotationMatrix":[-0.0184499025,0.999829769,0,-0.999829769,-0.0184499025,0,0,0,1],"scale":0.958800018,"type":"fanpalm_slim"}
{"pos":[-478.210999,104.342003,100.069],"rotationMatrix":[0.916604757,0.399794608,0,-0.399794608,0.916604757,0,0,0,1],"scale":0.963800013,"type":"fanpalm_slim"}
{"pos":[-601.817017,774.309998,74.6119003],"rotationMatrix":[0.383727908,-0.923446178,0,0.923446178,0.383727908,0,0,0,1],"scale":0.951499999,"type":"fanpalm_slim"}
{"pos":[-567.577026,774.179016,74.9069977],"rotationMatrix":[0.998904943,-0.0467858315,0,0.0467858315,0.998904943,0,0,0,1],"scale":0.865700006,"type":"fanpalm_slim"}
{"pos":[-632.30603,763.051025,74.6218033],"rotationMatrix":[-0.995602369,-0.09367989,0,0.09367989,-0.995602369,0,0,0,1],"scale":1.21730006,"type":"fanpalm_slim"}
{"pos":[-700.997986,791.08197,80.4758682],"rotationMatrix":[0.0754719973,-0.997147918,0,0.997147918,0.0754719973,0,0,0,1],"scale":0.954100013,"type":"fanpalm_slim"}
{"pos":[-580.588013,800.856995,74.3040009],"rotationMatrix":[0.506578207,0.862194002,0,-0.862194002,0.506578207,0,0,0,1],"scale":0.943300009,"type":"fanpalm_slim"}
{"pos":[-748.218994,900.588013,74.3003006],"rotationMatrix":[-0.0396820307,-0.999212384,0,0.999212384,-0.0396820307,0,0,0,1],"scale":1.16299999,"type":"fanpalm_slim"}
{"pos":[-632.916992,795.028992,74.4057007],"rotationMatrix":[-0.629373431,0.777103007,0,-0.777103007,-0.629373431,0,0,0,1],"scale":1.07930005,"type":"fanpalm_slim"}
{"pos":[-576.786987,646.90802,90.5679016],"rotationMatrix":[0.58138752,-0.813626766,0,0.813626766,0.58138752,0,0,0,1],"scale":1.05190003,"type":"fanpalm_slim"}
{"pos":[-597.703003,661.622986,91.0177994],"rotationMatrix":[-0.45590055,0.890030742,0,-0.890030742,-0.45590055,0,0,0,1],"scale":1.13279998,"type":"fanpalm_slim"}
{"pos":[-557.057983,678.981995,84.0958023],"rotationMatrix":[-0.724224448,-0.689564347,0,0.689564347,-0.724224448,0,0,0,1],"scale":1.12450004,"type":"fanpalm_slim"}
{"pos":[-561.687988,685.280029,84.2048035],"rotationMatrix":[-0.893847227,0.448371649,0,-0.448371649,-0.893847227,0,0,0,1],"scale":1.19640005,"type":"fanpalm_slim"}
{"pos":[-579.513977,726.265991,81.3840027],"rotationMatrix":[-0.333344579,0.942805052,0,-0.942805052,-0.333344579,0,0,0,1],"scale":1.26750004,"type":"fanpalm_slim"}
{"pos":[-541.572998,538.278015,95.1241989],"rotationMatrix":[0.802305222,0.596913993,0,-0.596913993,0.802305222,0,0,0,1],"scale":1.22099996,"type":"fanpalm_slim"}
{"pos":[-544.08197,563.22998,90.3486023],"rotationMatrix":[0.913555145,0.406714886,0,-0.406714886,0.913555145,0,0,0,1],"scale":1.24049997,"type":"fanpalm_slim"}
{"pos":[-653.419983,680.229004,91.2033005],"rotationMatrix":[0.840613365,-0.541635633,0,0.541635633,0.840613365,0,0,0,1],"scale":1.23619998,"type":"fanpalm_slim"}
{"pos":[-640.562988,681.343994,91.2020493],"rotationMatrix":[0.211985469,0.977272809,0,-0.977272809,0.211985469,0,0,0,1],"scale":1.24989998,"type":"fanpalm_slim"}
{"pos":[-629.405029,685.921997,91.3167191],"rotationMatrix":[0.647199988,-0.76232028,0,0.76232028,0.647199988,0,0,0,1],"scale":1.03499997,"type":"fanpalm_slim"}
{"pos":[-865.705994,862.218018,74.7873001],"rotationMatrix":[-0.910544038,0.412934929,-0.0198572353,-0.413412094,-0.909500837,0.0435738005,-6.70286972e-05,0.0478850864,0.998852849],"scale":0.735700011,"type":"fanpalm_slim"}
{"pos":[-845.422974,862.677002,75.0538025],"rotationMatrix":[-0.180935502,0.983397722,-0.0138279377,-0.983494937,-0.18091774,0.00253522722,-8.58237672e-06,0.0140584195,0.999901175],"scale":0.975600004,"type":"fanpalm_slim"}
{"pos":[-782.041016,843.645996,77.3983002],"rotationMatrix":[-0.0417017937,0.99913013,0,-0.99913013,-0.0417017937,0,0,0,1],"scale":1.23169994,"type":"fanpalm_slim"}
{"pos":[-993.924316,892.370972,74.1934967],"rotationMatrix":[-0.87327373,-0.487229913,0,0.487229913,-0.87327373,0,0,0,1],"scale":1.07169998,"type":"fanpalm_slim"}
{"pos":[-903.177979,862.388977,74.8309021],"rotationMatrix":[0.174467683,0.984014332,-0.0357321352,-0.984638572,0.174093246,-0.0133592151,-0.00692493655,0.0375139862,0.999272108],"scale":1.01339996,"type":"fanpalm_slim"}
{"pos":[-895,862.405029,74.9665985],"rotationMatrix":[0.752269983,-0.658518851,0.0210422166,0.658854961,0.751882792,-0.0241329763,7.07407817e-05,0.0320182815,0.999487281],"scale":1.2277,"type":"fanpalm_slim"}
{"pos":[-927.565979,859.710022,74.8700027],"rotationMatrix":[0.860079527,-0.510159969,0,0.510159969,0.860079527,0,0,0,1],"scale":0.755500019,"type":"fanpalm_slim"}
{"pos":[-905.541016,605.148987,122.435997],"rotationMatrix":[-0.948337913,-0.317262053,0,0.317262053,-0.948337913,0,0,0,1],"scale":1.01499999,"type":"fanpalm_slim"}
{"pos":[-583.046997,97.983902,101.125999],"rotationMatrix":[-0.945969939,0.324254334,0,-0.324254334,-0.945969939,0,0,0,1],"scale":0.905300021,"type":"fanpalm_slim"}
{"pos":[-657.166992,113.744003,116.728996],"rotationMatrix":[-0.161288023,0.986907363,0,-0.986907363,-0.161288023,0,0,0,1],"scale":0.718999982,"type":"fanpalm_slim"}
{"pos":[-653.799988,117.004997,116.582001],"rotationMatrix":[0.262859106,0.964834213,0,-0.964834213,0.262859106,0,0,0,1],"scale":1.18589997,"type":"fanpalm_slim"}
{"pos":[-1129.25,1011.08002,81.9208984],"rotationMatrix":[0.571262002,0.82076776,0,-0.82076776,0.571262002,0,0,0,1],"scale":0.98360002,"type":"fanpalm_slim"}
{"pos":[-1131.27002,1046.18994,79.2405014],"rotationMatrix":[0.985276699,0.170967326,0,-0.170967326,0.985276699,0,0,0,1],"scale":1.09130001,"type":"fanpalm_slim"}
{"pos":[-1122.29004,1021.88,80.4079971],"rotationMatrix":[0.324413061,0.94591552,0,-0.94591552,0.324413061,0,0,0,1],"scale":0.957700014,"type":"fanpalm_slim"}
{"pos":[-1068.93005,1004.65997,73.5197983],"rotationMatrix":[0.935631275,0.352978915,0,-0.352978915,0.935631275,0,0,0,1],"scale":0.950200021,"type":"fanpalm_slim"}
{"pos":[-1005.76001,894.038025,74.3152008],"rotationMatrix":[-0.780761957,0.624828577,0,-0.624828577,-0.780761957,0,0,0,1],"scale":1.21300006,"type":"fanpalm_slim"}
{"pos":[-1068.98999,997.362976,74.710701],"rotationMatrix":[0.935127974,-0.354310125,0,0.354310125,0.935127974,0,0,0,1],"scale":1.2385,"type":"fanpalm_slim"}
{"pos":[-1141.78003,893.559998,93.4949036],"rotationMatrix":[0.525467157,0.850813866,0,-0.850813866,0.525467157,0,0,0,1],"scale":1.10870004,"type":"fanpalm_slim"}
{"pos":[1013.87,273.98999,157.921997],"rotationMatrix":[0.704473257,-0.709730506,0,0.709730506,0.704473257,0,0,0,1],"scale":0.9023,"type":"fanpalm_slim"}
{"pos":[1019.51105,96.1295471,153.833664],"rotationMatrix":[0.994189501,0.107644029,0,-0.107644029,0.994189501,0,0,0,1],"scale":1.14040005,"type":"fanpalm_slim"}
{"pos":[981.801025,502.438995,148.914001],"rotationMatrix":[-0.377468109,-0.926022589,0,0.926022589,-0.377468109,0,0,0,1],"scale":1.15769994,"type":"fanpalm_slim"}
{"pos":[953.170471,245.582962,156.745102],"rotationMatrix":[0.770022392,-0.63801688,0,0.63801688,0.770022392,0,0,0,1],"scale":1.23730004,"type":"fanpalm_slim"}
{"pos":[257.872009,868.007996,101.733002],"rotationMatrix":[-0.551969767,0.833864152,0,-0.833864152,-0.551969767,0,0,0,1],"scale":0.988200009,"type":"fanpalm_slim"}
{"pos":[198.811996,576.283997,101.791359],"rotationMatrix":[-0.868631124,0.495459348,0,-0.495459348,-0.868631124,0,0,0,1],"scale":0.985099971,"type":"fanpalm_slim"}
{"pos":[48.5992012,541.760986,74.1695023],"rotationMatrix":[-0.617480874,-0.786585867,0,0.786585867,-0.617480874,0,0,0,1],"scale":0.988099992,"type":"fanpalm_slim"}
{"pos":[88.8080978,487.265991,104.248001],"rotationMatrix":[0.876495481,-0.481410086,0,0.481410086,0.876495481,0,0,0,1],"scale":1.18260002,"type":"fanpalm_slim"}
{"pos":[63.5085983,474.782104,111.042],"rotationMatrix":[0.981452703,0.191704437,0,-0.191704437,0.981452703,0,0,0,1],"scale":0.901300013,"type":"fanpalm_slim"}
{"pos":[8.28219986,213.929993,124.186996],"rotationMatrix":[0.728710175,-0.684822202,0,0.684822202,0.728710175,0,0,0,1],"scale":0.985599995,"type":"fanpalm_slim"}
{"pos":[-652.744995,560.948914,107.837814],"rotationMatrix":[-0.891086638,0.453831196,-0.0013632793,-0.452367723,-0.887963951,0.0829666182,0.0364422947,0.0745471492,0.996551394],"scale":1.09713769,"type":"fanpalm_slim"}
{"pos":[-597.919067,557.175232,102.863365],"rotationMatrix":[0.268783689,0.963200569,0,-0.963200569,0.268783689,0,0,0,1],"scale":0.991676211,"type":"fanpalm_slim"}
{"pos":[-43.3389664,508.354553,74.5760574],"rotationMatrix":[0.622291803,0.782785356,0,-0.782785356,0.622291803,0,0,0,1],"scale":1.04092467,"type":"fanpalm_slim"}
{"pos":[296.126343,165.659821,124.430199],"rotationMatrix":[-0.64443171,-0.764661849,0,0.764661849,-0.64443171,0,0,0,1],"scale":1.26974916,"type":"fanpalm_slim"}
{"pos":[-757.612549,853.016052,77.3856506],"rotationMatrix":[0.360099763,0.93291378,0,-0.93291378,0.360099763,0,0,0,1],"scale":0.727550089,"type":"fanpalm_slim"}
{"pos":[-1080.41431,-792.487671,110.238396],"rotationMatrix":[0.836338401,-0.548213542,0,0.548213542,0.836338401,0,0,0,1],"scale":1.25529134,"type":"fanpalm_slim"}
{"pos":[-1049.52917,-575.136597,101.722641],"rotationMatrix":[0.0257110987,0.999669433,0,-0.999669433,0.0257110987,0,0,0,1],"scale":0.997599363,"type":"fanpalm_slim"}
{"pos":[-262.623688,-761.518616,137.373032],"rotationMatrix":[-0.891898811,-0.452235013,0,0.452235013,-0.891898811,0,0,0,1],"scale":1.17100739,"type":"fanpalm_slim"}
{"pos":[-713.78125,-70.5436478,101.698235],"rotationMatrix":[0.911642909,-0.410983145,0,0.410983145,0.911642909,0,0,0,1],"scale":1.05526292,"type":"fanpalm_slim"}
{"pos":[-669.707581,-26.9822369,100.78936],"rotationMatrix":[0.818533897,0.574458241,0,-0.574458241,0.818533897,0,0,0,1],"scale":1.1352669,"type":"fanpalm_slim"}
{"pos":[-57.2936096,55.2429276,122.417976],"rotationMatrix":[-0.443028986,-0.896507263,0,0.896507263,-0.443028986,0,0,0,1],"scale":0.589179039,"type":"fanpalm_slim"}
{"pos":[-85.6732712,-25.7169266,119.576889],"rotationMatrix":[0.732450008,-0.680820823,0,0.680820823,0.732450008,0,0,0,1],"scale":0.958059788,"type":"fanpalm_slim"}
{"pos":[-416.462677,182.518967,99.8631058],"rotationMatrix":[-0.417582184,0.908639133,0,-0.908639133,-0.417582184,0,0,0,1],"scale":1.05790854,"type":"fanpalm_slim"}
{"pos":[-372.73175,471.349579,92.0153732],"rotationMatrix":[0.503674984,0.862926722,-0.040854346,-0.860101998,0.505329072,0.0697650462,0.08084701,0,0.996726573],"scale":1.15277469,"type":"fanpalm_slim"}
{"pos":[-1219.74536,-872.859802,103.923836],"rotationMatrix":[0.265012383,-0.964245021,0,0.964245021,0.265012383,0,0,0,1],"scale":0.925910532,"type":"fanpalm_slim"}
{"pos":[-1374.29053,-1038.7533,103.909897],"rotationMatrix":[-0.922727704,0.385452509,0,-0.385452509,-0.922727704,0,0,0,1],"scale":1.17349672,"type":"fanpalm_slim"}
{"pos":[-1299.89734,-957.369324,102.581093],"rotationMatrix":[-0.932518363,0.361122549,0,-0.361122549,-0.932518363,0,0,0,1],"scale":1.00628877,"type":"fanpalm_slim"}
{"pos":[-798.121338,914.935486,75.7729874],"rotationMatrix":[-0.726631284,0.687027514,0,-0.687027514,-0.726631284,0,0,0,1],"scale":1.10173786,"type":"fanpalm_slim"}
{"pos":[-867.768616,910.3974,72.6935272],"rotationMatrix":[0.875121593,-0.483902991,0,0.483902991,0.875121593,0,0,0,1],"scale":1.22721922,"type":"fanpalm_slim"}
{"pos":[-737.067078,851.81427,74.8074036],"rotationMatrix":[0.660490572,-0.750834286,0,0.750834286,0.660490572,0,0,0,1],"scale":0.984276652,"type":"fanpalm_slim"}
{"pos":[-730.433167,844.111633,74.5695877],"rotationMatrix":[0.906944394,-0.421250224,0,0.421250224,0.906944394,0,0,0,1],"scale":1.26526332,"type":"fanpalm_slim"}
{"pos":[-889.057373,-642.339661,104.839752],"rotationMatrix":[-0.742439449,0.669913113,0,-0.669913113,-0.742439449,0,0,0,0.999999881],"scale":0.98723948,"type":"fanpalm_slim"}
{"pos":[-894.740479,-648.588684,104.778664],"rotationMatrix":[0.80071646,-0.599043369,0,0.599043369,0.80071646,0,0,0,0.999999881],"scale":1.05490375,"type":"fanpalm_slim"}
{"pos":[-899.084412,-654.866638,105.054062],"rotationMatrix":[0.754744589,0.656018674,0,-0.656018674,0.754744589,0,0,0,0.999999881],"scale":1.16931939,"type":"fanpalm_slim"}
{"pos":[-904.546326,-660.998779,104.94796],"rotationMatrix":[0.180604219,0.983555853,0,-0.983555853,0.180604219,0,0,0,0.999999881],"scale":1.1089921,"type":"fanpalm_slim"}
{"pos":[-908.043152,-667.66156,104.807251],"rotationMatrix":[0.0698099732,-0.997560203,0,0.997560203,0.0698099732,0,0,0,0.999999881],"scale":1.08039141,"type":"fanpalm_slim"}
{"pos":[-903.857544,-672.73999,104.590218],"rotationMatrix":[0.982836246,0.184479639,0,-0.184479639,0.982836246,0,0,0,0.999999881],"scale":1.28124321,"type":"fanpalm_slim"}
{"pos":[-898.661804,-677.243713,104.950699],"rotationMatrix":[0.43889004,0.898540795,0,-0.898540795,0.43889004,0,0,0,0.999999881],"scale":1.26823759,"type":"fanpalm_slim"}
{"pos":[-893.37915,-679.397278,105.210335],"rotationMatrix":[0.930341423,-0.366694182,0,0.366694182,0.930341423,0,0,0,0.999999881],"scale":1.26627874,"type":"fanpalm_slim"}
{"pos":[-811.022705,-604.706421,103.121674],"rotationMatrix":[0.416563451,0.909106672,0,-0.909106672,0.416563451,0,0,0,0.999999881],"scale":1.22677875,"type":"fanpalm_slim"}
{"pos":[-880.465576,-687.499451,105.760513],"rotationMatrix":[-0.862981617,0.505235016,0,-0.505235016,-0.862981617,0,0,0,0.999999881],"scale":1.16555405,"type":"fanpalm_slim"}
{"pos":[-829.402405,-659.272339,103.952988],"rotationMatrix":[-0.117436878,0.993080258,0,-0.993080258,-0.117436878,0,0,0,0.999999881],"scale":1.00399828,"type":"fanpalm_slim"}
{"pos":[-742.254639,-575.479614,100.994804],"rotationMatrix":[0.647039652,0.762456298,0,-0.762456298,0.647039652,0,0,0,0.999999881],"scale":0.914055884,"type":"fanpalm_slim"}
{"pos":[-749.547119,-567.375183,100.807549],"rotationMatrix":[-0.678464532,0.734632909,0,-0.734632909,-0.678464532,0,0,0,0.999999881],"scale":1.07413816,"type":"fanpalm_slim"}
{"pos":[-755.460754,-560.789124,100.311928],"rotationMatrix":[0.703458607,-0.710736096,0,0.710736096,0.703458607,0,0,0,0.999999881],"scale":1.23814285,"type":"fanpalm_slim"}
{"pos":[-760.778809,-554.778381,100.48748],"rotationMatrix":[-0.984886348,0.173200905,0,-0.173200905,-0.984886348,0,0,0,0.999999881],"scale":0.916373909,"type":"fanpalm_slim"}
{"pos":[-748.163025,-595.047607,101.804276],"rotationMatrix":[0.550215006,0.835022986,0,-0.835022986,0.550215006,0,0,0,0.999999881],"scale":1.23845625,"type":"fanpalm_slim"}
{"pos":[-741.793396,-588.57019,101.088531],"rotationMatrix":[-0.293297976,-0.956021011,0,0.956021011,-0.293297976,0,0,0,0.999999881],"scale":1.29146659,"type":"fanpalm_slim"}
{"pos":[-737.513367,-580.516113,101.350281],"rotationMatrix":[-0.99392885,0.11002402,0,-0.11002402,-0.99392885,0,0,0,0.999999881],"scale":1.28252113,"type":"fanpalm_slim"}
{"pos":[-820.223816,-592.238525,104.098083],"rotationMatrix":[0.402777642,0.915297866,0,-0.915297866,0.402777642,0,0,0,0.999999881],"scale":1.05241489,"type":"fanpalm_slim"}
{"pos":[-823.92749,-588.875244,103.540581],"rotationMatrix":[0.433787346,-0.901015162,0,0.901015162,0.433787346,0,0,0,0.999999881],"scale":0.919299245,"type":"fanpalm_slim"}
{"pos":[-826.374817,-586.960449,103.420143],"rotationMatrix":[0.328275472,-0.944581926,0,0.944581926,0.328275472,0,0,0,0.999999881],"scale":0.952928126,"type":"fanpalm_slim"}
{"pos":[-830.159851,-583.545471,103.310089],"rotationMatrix":[-0.65774411,0.75324136,0,-0.75324136,-0.65774411,0,0,0,0.999999881],"scale":1.03534162,"type":"fanpalm_slim"}
{"pos":[-834.178223,-579.731567,103.401024],"rotationMatrix":[-0.613802254,-0.789459765,0,0.789459765,-0.613802254,0,0,0,0.999999881],"scale":0.964621127,"type":"fanpalm_slim"}
{"pos":[-781.274231,-625.600037,104.230103],"rotationMatrix":[-0.80346936,-0.595345914,0,0.595345914,-0.80346936,0,0,0,0.999999881],"scale":0.978788137,"type":"fanpalm_slim"}
{"pos":[-788.869812,-618.93811,104.93734],"rotationMatrix":[-0.391712695,0.920087457,0,-0.920087457,-0.391712695,0,0,0,0.999999881],"scale":1.27755737,"type":"fanpalm_slim"}
{"pos":[-797.065369,-612.006226,104.651413],"rotationMatrix":[-0.391565293,0.92015022,0,-0.92015022,-0.391565293,0,0,0,0.999999881],"scale":1.13283157,"type":"fanpalm_slim"}
{"pos":[-853.865295,-713.336731,106.426781],"rotationMatrix":[-0.881670952,0.47186473,0,-0.47186473,-0.881670952,0,0,0,0.999999881],"scale":0.902659297,"type":"fanpalm_slim"}
{"pos":[-859.551025,-709.044006,105.301048],"rotationMatrix":[0.248738378,-0.96857065,0,0.96857065,0.248738378,0,0,0,0.999999881],"scale":1.10238588,"type":"fanpalm_slim"}
{"pos":[-867.57959,-702.306091,106.322334],"rotationMatrix":[0.00380914053,0.999992669,0,-0.999992669,0.00380914053,0,0,0,0.999999881],"scale":1.10593307,"type":"fanpalm_slim"}
{"pos":[-283.995544,1848.58521,89.5937424],"rotationMatrix":[-0.689116299,0.724650502,0,-0.724650502,-0.689116299,0,0,0,0.999999881],"scale":1.05372131,"type":"fanpalm_slim"}
{"pos":[-184.147202,1827.6106,95.0133057],"rotationMatrix":[0.0473831147,-0.998876691,0,0.998876691,0.0473831147,0,0,0,0.999999881],"scale":0.948806465,"type":"fanpalm_slim"}
{"pos":[-244.084122,1836.61255,91.1306381],"rotationMatrix":[-0.203807786,0.97901082,0,-0.97901082,-0.203807786,0,0,0,0.999999881],"scale":0.922195077,"type":"fanpalm_slim"}
{"pos":[-217.15802,1872.66162,97.7114792],"rotationMatrix":[0.994154632,-0.107964568,0,0.107964568,0.994154632,0,0,0,0.999999881],"scale":1.29362833,"type":"fanpalm_slim"}
{"pos":[-267.901123,1883.71716,95.3539276],"rotationMatrix":[0.839372694,0.543556273,0,-0.543556273,0.839372694,0,0,0,0.999999881],"scale":1.08664858,"type":"fanpalm_slim"}
{"pos":[230.579575,1864.85571,90.0441971],"rotationMatrix":[-0.488847136,-0.872369409,0,0.872369409,-0.488847136,0,0,0,0.999999881],"scale":1.22288752,"type":"fanpalm_slim"}
{"pos":[221.507919,1870.21704,89.5426025],"rotationMatrix":[0.239370555,0.970928252,0,-0.970928252,0.239370555,0,0,0,0.999999881],"scale":1.22939825,"type":"fanpalm_slim"}
{"pos":[240.851547,1858.58154,93.5359421],"rotationMatrix":[-0.998164713,0.0605566129,0,-0.0605566129,-0.998164713,0,0,0,0.999999881],"scale":0.973407149,"type":"fanpalm_slim"}
{"pos":[-200.525696,-756.9198,130.309555],"rotationMatrix":[-0.308638453,0.951179445,0,-0.951179445,-0.308638453,0,0,0,1],"scale":0.922399998,"type":"fanpalm_slim"}
