{"pos":[-336.674988,-174.110992,118.267998],"rotationMatrix":[0.775147796,-0.631779969,0,0.631779969,0.775147796,0,0,0,1],"scale":1.21860003,"type":"fanpalm_full"}
{"pos":[-385.51001,-413.940002,102.806999],"rotationMatrix":[0.173616409,0.984813333,0,-0.984813333,0.173616409,0,0,0,1],"scale":1.21529996,"type":"fanpalm_full"}
{"pos":[-405.990997,-381.929993,101.472],"rotationMatrix":[0.910704613,0.413058251,0,-0.413058251,0.910704613,0,0,0,1],"scale":1.00349998,"type":"fanpalm_full"}
{"pos":[-402.48999,-483.098999,107.605003],"rotationMatrix":[0.777822256,-0.628484309,0,0.628484309,0.777822256,0,0,0,1],"scale":1.08379996,"type":"fanpalm_full"}
{"pos":[-475.903015,-430.063995,104.682999],"rotationMatrix":[0.653388619,0.757022679,0,-0.757022679,0.653388619,0,0,0,1],"scale":1.17719996,"type":"fanpalm_full"}
{"pos":[-522.25,-59.1279984,98.1032028],"rotationMatrix":[-0.160678506,0.987006783,0,-0.987006783,-0.160678506,0,0,0,1],"scale":1.14300001,"type":"fanpalm_full"}
{"pos":[-557.341003,-189.136002,106.370003],"rotationMatrix":[-0.982438684,-0.186585724,0,0.186585724,-0.982438684,0,0,0,1],"scale":1.05840003,"type":"fanpalm_full"}
{"pos":[-540.265991,-403.923004,104.698997],"rotationMatrix":[-0.830549836,0.556944311,0,-0.556944311,-0.830549836,0,0,0,1],"scale":1.20739996,"type":"fanpalm_full"}
{"pos":[-719.302979,-482.286011,102.099998],"rotationMatrix":[0.999915481,0.0130012166,0,-0.0130012166,0.999915481,0,0,0,1],"scale":1.074,"type":"fanpalm_full"}
{"pos":[-783.612,-429.174988,105.320999],"rotationMatrix":[0.780613184,-0.625014424,0,0.625014424,0.780613184,0,0,0,1],"scale":1.1135,"type":"fanpalm_full"}
{"pos":[-705.511963,-551.574829,107.122009],"rotationMatrix":[0.999887466,-0.0150018157,0,0.0150018157,0.999887466,0,0,0,1],"scale":0.967400014,"type":"fanpalm_full"}
{"pos":[-30.6956997,523.882019,74.9083023],"rotationMatrix":[-0.919624329,-0.39279905,0,0.39279905,-0.919624329,0,0,0,1],"scale":0.956200004,"type":"fanpalm_full"}
{"pos":[-172.195999,679.036011,74.9554901],"rotationMatrix":[-0.999200225,0.0399863794,0,-0.0399863794,-0.999200225,0,0,0,1],"scale":1.25569999,"type":"fanpalm_full"}
{"pos":[-178.750504,616.619019,74.3099976],"rotationMatrix":[-0.944786549,0.327686399,0,-0.327686399,-0.944786549,0,0,0,1],"scale":1.29229999,"type":"fanpalm_full"}
{"pos":[-181.320007,581.794006,74.221199],"rotationMatrix":[-0.966144562,-0.258001328,0,0.258001328,-0.966144562,0,0,0,1],"scale":0.972000003,"type":"fanpalm_full"}
{"pos":[-182.477417,548.157349,74.531601],"rotationMatrix":[0.891515255,-0.452990681,0,0.452990681,0.891515255,0,0,0,1],"scale":1.18089998,"type":"fanpalm_full"}
{"pos":[-482.567993,778.632019,75.0155029],"rotationMatrix":[-0.938086629,-0.346400738,0,0.346400738,-0.938086629,0,0,0,1],"scale":1.27869999,"type":"fanpalm_full"}
{"pos":[-325.126007,674.216003,74.2341003],"rotationMatrix":[-0.975276828,-0.220986679,0,0.220986679,-0.975276828,0,0,0,1],"scale":1.10280001,"type":"fanpalm_full"}
{"pos":[-295.820007,584.723022,74.6156998],"rotationMatrix":[-0.932971239,0.35995093,0,-0.35995093,-0.932971239,0,0,0,1],"scale":0.974399984,"type":"fanpalm_full"}
{"pos":[-327.765991,616.684021,74.1300964],"rotationMatrix":[-0.382119417,0.924112976,0,-0.924112976,-0.382119417,0,0,0,1],"scale":1.05040002,"type":"fanpalm_full"}
{"pos":[-411.96701,697.075012,74.3789978],"rotationMatrix":[0.386168003,-0.922428489,0,0.922428489,0.386168003,0,0,0,1],"scale":0.916299999,"type":"fanpalm_full"}
{"pos":[-397.600006,654.285278,75.0463028],"rotationMatrix":[-0.681777954,-0.731559157,0,0.731559157,-0.681777954,0,0,0,1],"scale":0.699100018,"type":"fanpalm_full"}
{"pos":[-468.839996,725.601013,75.1287994],"rotationMatrix":[0.542266846,-0.840206325,0,0.840206325,0.542266846,0,0,0,1],"scale":0.9278,"type":"fanpalm_full"}
{"pos":[-485.893005,741.552002,75.1054993],"rotationMatrix":[0.0177587271,0.999842286,0,-0.999842286,0.0177587271,0,0,0,1],"scale":0.761500001,"type":"fanpalm_full"}
{"pos":[-467.233002,652.372009,79.2668991],"rotationMatrix":[-0.906713963,-0.421746135,0,0.421746135,-0.906713963,0,0,0,1],"scale":1.00090003,"type":"fanpalm_full"}
{"pos":[-464.135986,683.825012,76.2029648],"rotationMatrix":[0.943350196,0.331798732,0,-0.331798732,0.943350196,0,0,0,1],"scale":1.06560004,"type":"fanpalm_full"}
{"pos":[-480.535004,668.828979,78.7322006],"rotationMatrix":[-0.341849685,0.939754665,0,-0.939754665,-0.341849685,0,0,0,1],"scale":1.02139997,"type":"fanpalm_full"}
{"pos":[-53.3627014,480.166992,74.0626984],"rotationMatrix":[-0.983633518,0.180180743,0,-0.180180743,-0.983633518,0,0,0,1],"scale":1.10259998,"type":"fanpalm_full"}
{"pos":[-105.949997,339.774994,104.903],"rotationMatrix":[-0.382784486,-0.923837662,0,0.923837662,-0.382784486,0,0,0,1],"scale":0.910600007,"type":"fanpalm_full"}
{"pos":[-91.6276016,346.394012,107.557999],"rotationMatrix":[-0.881800056,-0.471623421,0,0.471623421,-0.881800056,0,0,0,1],"scale":1.03059995,"type":"fanpalm_full"}
{"pos":[-195.697998,477.68399,74.6763992],"rotationMatrix":[-0.804619908,-0.593790174,0,0.593790174,-0.804619908,0,0,0,1],"scale":1.08319998,"type":"fanpalm_full"}
{"pos":[-86.9270172,112.510582,126.216675],"rotationMatrix":[-0.765696287,-0.643202305,0,0.643202305,-0.765696287,0,0,0,1],"scale":1.07710004,"type":"fanpalm_full"}
{"pos":[-210.152664,227.055939,106.632484],"rotationMatrix":[0.989946365,0.141443253,0,-0.141443253,0.989946365,0,0,0,1],"scale":1.2924,"type":"fanpalm_full"}
{"pos":[-289.218994,483.833008,79.2750015],"rotationMatrix":[-0.407841921,-0.913052559,0,0.913052559,-0.407841921,0,0,0,1],"scale":1.1013,"type":"fanpalm_full"}
{"pos":[-264.308014,427.730988,83.4188995],"rotationMatrix":[-0.877146959,-0.480222046,0,0.480222046,-0.877146959,0,0,0,1],"scale":0.96390003,"type":"fanpalm_full"}
{"pos":[-289.528015,356.191986,101.403],"rotationMatrix":[-0.266595244,0.963808596,0,-0.963808596,-0.266595244,0,0,0,1],"scale":0.933300018,"type":"fanpalm_full"}
{"pos":[-308.384003,303.337006,102.370003],"rotationMatrix":[-0.689489603,-0.724295557,0,0.724295557,-0.689489603,0,0,0,1],"scale":1.01960003,"type":"fanpalm_full"}
{"pos":[-435.282013,339.005005,101.279999],"rotationMatrix":[0.773266196,0.634081542,0,-0.634081542,0.773266196,0,0,0,1],"scale":0.944800019,"type":"fanpalm_full"}
{"pos":[-443.230011,276.385986,98.3215027],"rotationMatrix":[-0.702381372,-0.711800814,0,0.711800814,-0.702381372,0,0,0,1],"scale":0.92809999,"type":"fanpalm_full"}
{"pos":[-372.863007,53.2818985,105.283997],"rotationMatrix":[-1,0,0,0,-1,0,0,0,1],"scale":1.2191,"type":"fanpalm_full"}
{"pos":[-349.946014,72.8805008,105.862999],"rotationMatrix":[0.619459152,0.785028875,0,-0.785028875,0.619459152,0,0,0,1],"scale":1.24189997,"type":"fanpalm_full"}
{"pos":[-657.968994,837.407654,74.188797],"rotationMatrix":[0.205443859,-0.978668928,0,0.978668928,0.205443859,0,0,0,1],"scale":0.98360002,"type":"fanpalm_full"}
{"pos":[-554.927979,794.317993,74.1998978],"rotationMatrix":[0.825359464,0.56460762,0,-0.56460762,0.825359464,0,0,0,1],"scale":0.92869997,"type":"fanpalm_full"}
{"pos":[-534.66803,796.83197,74.5565033],"rotationMatrix":[0.680160046,0.733063638,0,-0.733063638,0.680160046,0,0,0,1],"scale":1.0553,"type":"fanpalm_full"}
{"pos":[-552.372009,774.062988,74.6740036],"rotationMatrix":[0.0428254604,0.999082565,0,-0.999082565,0.0428254604,0,0,0,1],"scale":0.837100029,"type":"fanpalm_full"}
{"pos":[-516.577026,750.16803,74.7584991],"rotationMatrix":[0.688107967,0.725608289,0,-0.725608289,0.688107967,0,0,0,1],"scale":1.01090002,"type":"fanpalm_full"}
{"pos":[-548.307007,708.393982,80.4567032],"rotationMatrix":[-0.29347527,-0.955966651,0,0.955966651,-0.29347527,0,0,0,1],"scale":1.03900003,"type":"fanpalm_full"}
{"pos":[-569.172974,637.296021,90.1520996],"rotationMatrix":[-0.50997448,-0.860189557,0,0.860189557,-0.50997448,0,0,0,1],"scale":0.982500017,"type":"fanpalm_full"}
{"pos":[-576.186768,732.214478,81.8957901],"rotationMatrix":[0.808419466,-0.588606775,0,0.588606775,0.808419466,0,0,0,1],"scale":0.968999982,"type":"fanpalm_full"}
{"pos":[-526.484009,546.486023,92.2891006],"rotationMatrix":[-0.450445056,-0.892804146,0,0.892804146,-0.450445056,0,0,0,1],"scale":0.94599998,"type":"fanpalm_full"}
{"pos":[-954.204285,896.825989,74.3889008],"rotationMatrix":[0.657870054,0.753131449,0,-0.753131449,0.657870054,0,0,0,1],"scale":1.02279997,"type":"fanpalm_full"}
{"pos":[-903.114014,900.607971,74.2941971],"rotationMatrix":[-0.932577968,-0.36096862,0,0.36096862,-0.932577968,0,0,0,1],"scale":1.10220003,"type":"fanpalm_full"}
{"pos":[-927.564026,849.429016,77.3513031],"rotationMatrix":[-0.188265204,0.982118249,0,-0.982118249,-0.188265204,0,0,0,1],"scale":1.00750005,"type":"fanpalm_full"}
{"pos":[-949.30603,866.150024,74.4027023],"rotationMatrix":[0.858487964,0.512833714,0,-0.512833714,0.858487964,0,0,0,1],"scale":1.22080004,"type":"fanpalm_full"}
{"pos":[-749.396973,50.660099,117.143997],"rotationMatrix":[0.907635927,0.41975829,0,-0.41975829,0.907635927,0,0,0,1],"scale":0.986000001,"type":"fanpalm_full"}
{"pos":[-655.420471,103.814003,105.295494],"rotationMatrix":[-0.866632581,-0.49746412,0.0384372361,0.495591611,-0.867165685,-0.049118638,0.057766214,-0.0235186405,0.998053074],"scale":1.20130002,"type":"fanpalm_full"}
{"pos":[-871.674011,118.651001,139.897003],"rotationMatrix":[-0.26723206,-0.963632226,0,0.963632226,-0.26723206,0,0,0,1],"scale":1.0869,"type":"fanpalm_full"}
{"pos":[-1125.33997,1026.03003,80.2343979],"rotationMatrix":[-0.728684187,0.684849858,0,-0.684849858,-0.728684187,0,0,0,1],"scale":1.25230002,"type":"fanpalm_full"}
{"pos":[-1116.06006,975.171997,79.4063034],"rotationMatrix":[0.982924461,-0.184009522,0,0.184009522,0.982924461,0,0,0,1],"scale":1.28320003,"type":"fanpalm_full"}
{"pos":[-1117.51001,858.999023,94.2478027],"rotationMatrix":[0.999394417,0.0347965471,0,-0.0347965471,0.999394417,0,0,0,1],"scale":1.27509999,"type":"fanpalm_full"}
{"pos":[-1158.81995,924.775024,93.6191025],"rotationMatrix":[0.186932445,0.982372761,0,-0.982372761,0.186932445,0,0,0,1],"scale":1.17639995,"type":"fanpalm_full"}
{"pos":[887.778015,934.16803,124.695],"rotationMatrix":[-0.996401787,0.0847554058,0,-0.0847554058,-0.996401787,0,0,0,1],"scale":0.95480001,"type":"fanpalm_full"}
{"pos":[988.934021,870.86499,129.255981],"rotationMatrix":[-0.974879503,0.222732916,0,-0.222732916,-0.974879503,0,0,0,1],"scale":1.07190001,"type":"fanpalm_full"}
{"pos":[956.302002,517.504028,144.087997],"rotationMatrix":[0.498799324,0.866717517,0,-0.866717517,0.498799324,0,0,0,1],"scale":1.13189995,"type":"fanpalm_full"}
{"pos":[570.213013,959.549988,117.921997],"rotationMatrix":[-0.981642365,-0.19073087,0,0.19073087,-0.981642365,0,0,0,1],"scale":1.15260005,"type":"fanpalm_full"}
{"pos":[209.751007,588.775024,102.145973],"rotationMatrix":[-0.665312529,0.746564984,0,-0.746564984,-0.665312529,0,0,0,1],"scale":1.13320005,"type":"fanpalm_full"}
{"pos":[11.0461016,208.074722,126.810532],"rotationMatrix":[-0.999599934,0.0282837879,0,-0.0282837879,-0.999599934,0,0,0,1],"scale":1.29999995,"type":"fanpalm_full"}
{"pos":[9.29339981,204.097,126.411003],"rotationMatrix":[-0.880636096,0.473793268,0,-0.473793268,-0.880636096,0,0,0,1],"scale":0.948599994,"type":"fanpalm_full"}
{"pos":[-559.395813,79.8611908,100.368637],"rotationMatrix":[-0.800703943,-0.599060237,0,0.599060237,-0.800703943,0,0,0,1],"scale":1.20310163,"type":"fanpalm_full"}
{"pos":[431.521484,236.37883,128.356842],"rotationMatrix":[0.281895399,0.959445119,0,-0.959445119,0.281895399,0,0,0,1],"scale":1.23081028,"type":"fanpalm_full"}
{"pos":[-1093.02795,-800.657776,109.276642],"rotationMatrix":[0.996750593,0.0805494413,0,-0.0805494413,0.996750593,0,0,0,1],"scale":0.930261552,"type":"fanpalm_full"}
{"pos":[-1034.20227,-769.326477,119.883087],"rotationMatrix":[-0.533552468,-0.845766962,0,0.845766962,-0.533552468,0,0,0,1],"scale":1.08793175,"type":"fanpalm_full"}
{"pos":[-273.317078,-720.634644,132.606262],"rotationMatrix":[0.841800869,0.539788187,0,-0.539788187,0.841800869,0,0,0,1],"scale":1.16934407,"type":"fanpalm_full"}
{"pos":[-445.739929,-561.304749,128.135742],"rotationMatrix":[0.207223758,-0.978293598,0,0.978293598,0.207223758,0,0,0,1],"scale":0.974238217,"type":"fanpalm_full"}
{"pos":[-301.238556,-837.067505,135.392654],"rotationMatrix":[-0.99986428,0.0164743047,0,-0.0164743047,-0.99986428,0,0,0,1],"scale":0.981039286,"type":"fanpalm_full"}
{"pos":[-1083.04541,-729.674072,101.521111],"rotationMatrix":[-0.973300755,0.229533374,0,-0.229533374,-0.973300755,0,0,0,1],"scale":1.049155,"type":"fanpalm_full"}
{"pos":[-1182.1637,-835.567322,102.62355],"rotationMatrix":[-0.00882978085,0.999960959,0,-0.999960959,-0.00882978085,0,0,0,1],"scale":0.955630958,"type":"fanpalm_full"}
{"pos":[-872.17804,-678.09613,105.383026],"rotationMatrix":[0.893390298,0.449281365,0,-0.449281365,0.893390298,0,0,0,0.999999881],"scale":0.867100835,"type":"fanpalm_full"}
{"pos":[-865.042358,-670.039673,105.342148],"rotationMatrix":[0.388502181,-0.921447694,0,0.921447694,0.388502181,0,0,0,0.999999881],"scale":0.805957794,"type":"fanpalm_full"}
{"pos":[-838.908386,-638.512024,104.581795],"rotationMatrix":[-0.937680244,0.347499013,0,-0.347499013,-0.937680244,0,0,0,0.999999881],"scale":0.925161958,"type":"fanpalm_full"}
{"pos":[-818.865051,-614.297424,103.597504],"rotationMatrix":[-0.488993973,-0.872287035,0,0.872287035,-0.488993973,0,0,0,0.999999881],"scale":0.952594757,"type":"fanpalm_full"}
{"pos":[311.415497,1809.57751,85.4779587],"rotationMatrix":[-0.906371474,-0.422481716,0,0.422481716,-0.906371474,0,0,0,0.999999881],"scale":0.914424121,"type":"fanpalm_full"}
{"pos":[124.889069,1958.05554,75.7656097],"rotationMatrix":[-0.664708436,-0.747102916,0,0.747102916,-0.664708436,0,0,0,0.999999881],"scale":0.910106182,"type":"fanpalm_full"}
{"pos":[88.4679337,1965.70801,72.0931702],"rotationMatrix":[-0.183016807,-0.983109653,0,0.983109653,-0.183016807,0,0,0,0.999999881],"scale":1.09381795,"type":"fanpalm_full"}
{"pos":[-30.5697784,1966.52979,72.9814758],"rotationMatrix":[-0.247746602,-0.968824804,0,0.968824804,-0.247746602,0,0,0,0.999999881],"scale":1.03665221,"type":"fanpalm_full"}
{"pos":[-305.223602,2010.84961,74.0907745],"rotationMatrix":[-0.440118581,-0.897939622,0,0.897939622,-0.440118581,0,0,0,0.999999881],"scale":1.05475163,"type":"fanpalm_full"}
{"pos":[-975.270081,2048.92432,74.8207703],"rotationMatrix":[0.958903372,-0.283732593,0,0.283732593,0.958903372,0,0,0,0.999999881],"scale":1.04842317,"type":"fanpalm_full"}
{"pos":[-423.15683,1888.19287,88.6257553],"rotationMatrix":[-0.989307761,-0.145842329,0,0.145842329,-0.989307761,0,0,0,0.999999881],"scale":1.17044818,"type":"fanpalm_full"}
{"pos":[-202.634369,1640.41028,73.8560028],"rotationMatrix":[0.908153534,0.418637186,0,-0.418637186,0.908153534,0,0,0,0.999999881],"scale":1.02823412,"type":"fanpalm_full"}
{"pos":[-1217,-671.085938,104.56208],"rotationMatrix":[0.537816286,-0.843061984,0,0.843061984,0.537816286,0,0,0,0.999999881],"scale":0.603836358,"type":"fanpalm_full"}
{"pos":[-1208.56763,-656.418701,104.701813],"rotationMatrix":[0.7317729,0.681548536,0,-0.681548536,0.7317729,0,0,0,0.999999881],"scale":0.648950994,"type":"fanpalm_full"}
{"pos":[-1186.39258,-624.089661,104.004944],"rotationMatrix":[-0.363276809,-0.931681097,0,0.931681097,-0.363276809,0,0,0,0.999999881],"scale":0.778903246,"type":"fanpalm_full"}
{"pos":[294.698395,901.335266,102.038605],"rotationMatrix":[0.265241355,0.964182019,0,-0.964182019,0.265241355,0,0,0,0.999999881],"scale":0.956873477,"type":"fanpalm_full"}
{"pos":[264.354065,860.503418,101.469444],"rotationMatrix":[0.41571492,0.909494996,0,-0.909494996,0.41571492,0,0,0,0.999999881],"scale":1.17815399,"type":"fanpalm_full"}
{"pos":[360.281708,976.484009,71.7410812],"rotationMatrix":[-0.843909502,0.536485493,0,-0.536485493,-0.843909502,0,0,0,0.999999881],"scale":1.13424325,"type":"fanpalm_full"}
{"pos":[198.384094,1773.43787,99.0901871],"rotationMatrix":[-0.18894726,0.981987178,0,-0.981987178,-0.18894726,0,0,0,0.999999881],"scale":0.94772464,"type":"fanpalm_full"}
{"pos":[212.008575,891.842834,75.9877167],"rotationMatrix":[0.0782591626,0.996932924,0,-0.996932924,0.0782591626,0,0,0,0.999999881],"scale":0.912404358,"type":"fanpalm_full"}
{"pos":[99.5772781,1730.82727,101.91288],"rotationMatrix":[-0.611125648,-0.791533589,0,0.791533589,-0.611125648,0,0,0,0.999999881],"scale":0.955058873,"type":"fanpalm_full"}
{"pos":[62.3985672,1637.63367,99.4370651],"rotationMatrix":[0.399581015,-0.9166978,0,0.9166978,0.399581015,0,0,0,0.999999881],"scale":1.13953078,"type":"fanpalm_full"}
{"pos":[-218.969223,1644.77441,73.2865829],"rotationMatrix":[0.885000408,0.465590179,0,-0.465590179,0.885000408,0,0,0,0.999999881],"scale":1.14945579,"type":"fanpalm_full"}
{"pos":[-275.259521,1941.58984,102.080055],"rotationMatrix":[0.515357614,-0.856975079,0,0.856975079,0.515357614,0,0,0,0.999999881],"scale":1.29964411,"type":"fanpalm_full"}
{"pos":[-326.845215,1953.85803,89.5124054],"rotationMatrix":[-0.659971654,-0.751290321,0,0.751290321,-0.659971654,0,0,0,0.999999881],"scale":1.17038131,"type":"fanpalm_full"}
{"pos":[-332.966827,1928.61499,101.708961],"rotationMatrix":[-0.236453772,0.971642554,0,-0.971642554,-0.236453772,0,0,0,0.999999881],"scale":0.949964285,"type":"fanpalm_full"}
{"pos":[141.046707,1974.49609,72.5602341],"rotationMatrix":[-0.198267534,-0.980147839,0,0.980147839,-0.198267534,0,0,0,0.999999881],"scale":1.09686828,"type":"fanpalm_full"}
{"pos":[-818.677917,1763.18262,72.2135544],"rotationMatrix":[-0.646092892,-0.763258636,0,0.763258636,-0.646092892,0,0,0,0.999999881],"scale":1.07434916,"type":"fanpalm_full"}
{"pos":[-1165.27893,1807.53345,84.7815552],"rotationMatrix":[0.394916862,-0.918716729,0,0.918716729,0.394916862,0,0,0,0.999999881],"scale":1.2026509,"type":"fanpalm_full"}
{"pos":[85.3887253,952.058167,77.9643326],"rotationMatrix":[-0.587216079,-0.809430063,0,0.809430063,-0.587216079,0,0,0,0.999999881],"scale":1.12078476,"type":"fanpalm_full"}
{"pos":[98.883522,872.327393,71.7183456],"rotationMatrix":[-0.236272186,-0.9716869,0,0.9716869,-0.236272186,0,0,0,0.999999881],"scale":1.17335474,"type":"fanpalm_full"}
{"pos":[136.514694,895.907349,72.095932],"rotationMatrix":[-0.543408573,-0.839468181,0,0.839468181,-0.543408573,0,0,0,0.999999881],"scale":1.04908288,"type":"fanpalm_full"}
{"pos":[109.855415,796.266052,96.3770218],"rotationMatrix":[0.315010607,-0.949088037,0,0.949088037,0.315010607,0,0,0,0.999999881],"scale":0.941423118,"type":"fanpalm_full"}
{"pos":[-99.5625153,437.740112,73.9612808],"rotationMatrix":[-0.998073339,0.0620439276,0,-0.0620439276,-0.998073339,0,0,0,0.999999881],"scale":0.909031808,"type":"fanpalm_full"}
{"pos":[-240.270187,-817.757996,137.121521],"rotationMatrix":[0.197941616,0.980213821,0,-0.980213821,0.197941616,0,0,0,0.999999881],"scale":1.06662357,"type":"fanpalm_full"}
{"pos":[272.727692,-141.229599,141.963104],"rotationMatrix":[0.998957634,-0.0456448644,0,0.0456448644,0.998957634,0,0,0,0.999999881],"scale":1.25621283,"type":"fanpalm_full"}
{"pos":[795.379211,-368.588715,159.059647],"rotationMatrix":[0.720707953,0.693238795,0,-0.693238795,0.720707953,0,0,0,0.999999881],"scale":1.29553759,"type":"fanpalm_full"}
{"pos":[802.349548,-353.934113,158.891556],"rotationMatrix":[-0.708037496,0.706174731,0,-0.706174731,-0.708037496,0,0,0,0.999999881],"scale":0.932730138,"type":"fanpalm_full"}
{"pos":[492.280762,-467.705566,151.264557],"rotationMatrix":[0.738792241,0.673933208,0,-0.673933208,0.738792241,0,0,0,0.999999881],"scale":0.927977502,"type":"fanpalm_full"}
{"pos":[495.022614,-486.587891,151.778427],"rotationMatrix":[0.8706339,0.491931468,0,-0.491931468,0.8706339,0,0,0,0.999999881],"scale":1.19894278,"type":"fanpalm_full"}
{"pos":[854.526367,-395.145935,161.440292],"rotationMatrix":[0.44404912,0.896002471,0,-0.896002471,0.44404912,0,0,0,0.999999881],"scale":1.24436998,"type":"fanpalm_full"}
{"pos":[846.529968,-358.932159,163.726471],"rotationMatrix":[0.612750769,-0.790276051,0,0.790276051,0.612750769,0,0,0,0.999999881],"scale":1.048352,"type":"fanpalm_full"}
{"pos":[862.870056,-357.971466,164.957657],"rotationMatrix":[0.0295616779,0.99956286,0,-0.99956286,0.0295616779,0,0,0,0.999999881],"scale":1.02985895,"type":"fanpalm_full"}
{"pos":[322.357727,-660.907959,153.187317],"rotationMatrix":[-0.0285799336,0.99959141,0,-0.99959141,-0.0285799336,0,0,0,0.999999881],"scale":1.09570551,"type":"fanpalm_full"}
{"pos":[330.575226,-645.830017,153.360291],"rotationMatrix":[0.527632833,-0.849472404,0,0.849472404,0.527632833,0,0,0,0.999999881],"scale":1.24207652,"type":"fanpalm_full"}
{"pos":[372.691315,-672.631714,158.126862],"rotationMatrix":[0.447765321,0.894151151,0,-0.894151151,0.447765321,0,0,0,0.999999881],"scale":1.09363222,"type":"fanpalm_full"}
{"pos":[349.054596,-616.302856,152.230637],"rotationMatrix":[0.580478489,0.814275563,0,-0.814275563,0.580478489,0,0,0,0.999999881],"scale":0.92523253,"type":"fanpalm_full"}
{"pos":[347.048615,-618.473999,152.09874],"rotationMatrix":[-0.99130851,0.131557018,0,-0.131557018,-0.99130851,0,0,0,0.999999881],"scale":1.14837945,"type":"fanpalm_full"}
