{"pos":[-307.859558,-292.137421,121.080231],"rotationMatrix":[-0.0169696808,0.998934865,-0.0429088995,-0.999855757,-0.0169847012,1.38916075e-05,-0.000714918599,0.0429029465,0.999078989],"scale":1,"type":"guardrail1_blue"}
{"pos":[-307.860046,-292.109131,121.738205],"rotationMatrix":[-0.0169473886,0.998935223,-0.0429089069,-0.999856114,-0.016962409,1.19805336e-05,-0.000715875998,0.0429029353,0.999078989],"scale":1,"type":"guardrail1_blue"}
{"pos":[-307.859802,-292.123169,121.411278],"rotationMatrix":[-0.0169582367,0.998934984,-0.0429116748,-0.999855995,-0.0169733763,1.29397959e-05,-0.000715427101,0.0429057106,0.99907887],"scale":1,"type":"guardrail1_blue"}
{"pos":[-308.282745,-284.174561,120.720764],"rotationMatrix":[-0.21298635,0.976102412,-0.0431388244,-0.977020919,-0.213141322,0.00102861971,-0.00819062442,0.0423666127,0.999068558],"scale":1,"type":"guardrail1_blue"}
{"pos":[-308.288025,-284.146698,121.378723],"rotationMatrix":[-0.214262962,0.975823164,-0.0431333035,-0.976741672,-0.214416742,0.00108475797,-0.0081899669,0.0423625186,0.999068737],"scale":1,"type":"guardrail1_blue"}
{"pos":[-308.2854,-284.160553,121.051804],"rotationMatrix":[-0.213627338,0.975962341,-0.0431367606,-0.976880848,-0.213781714,0.00105673447,-0.00819051825,0.0423652269,0.999068618],"scale":0.99999994,"type":"guardrail1_blue"}
{"pos":[-310.121796,-276.392761,120.503059],"rotationMatrix":[-0.232352972,0.97252357,-0.0144926086,-0.972625732,-0.23237741,-2.51457095e-08,-0.00336777931,0.0140958782,0.999894977],"scale":1,"type":"guardrail1_blue"}
{"pos":[-310.124054,-276.38327,121.161575],"rotationMatrix":[-0.23235321,0.97252363,-0.014488494,-0.972625673,-0.232377648,7.91624188e-09,-0.00336679304,0.0140918829,0.999895036],"scale":1,"type":"guardrail1_blue"}
{"pos":[-310.122925,-276.38797,120.834381],"rotationMatrix":[-0.232352495,0.97252363,-0.0144926123,-0.972625792,-0.232376933,2.28174031e-08,-0.00336772576,0.014095895,0.999894977],"scale":0.99999994,"type":"guardrail1_blue"}
{"pos":[-311.980408,-268.613586,120.338272],"rotationMatrix":[-0.23227489,0.972172141,-0.0304876473,-0.972624302,-0.232382894,-2.23517418e-08,-0.00708482973,0.0296530239,0.999535143],"scale":0.999999881,"type":"guardrail1_blue"}
{"pos":[-311.985077,-268.594116,120.996544],"rotationMatrix":[-0.23227489,0.972172081,-0.0304915607,-0.972624362,-0.232382894,-4.93600965e-08,-0.00708576664,0.0296568237,0.999535024],"scale":1,"type":"guardrail1_blue"}
{"pos":[-311.982758,-268.60379,120.669464],"rotationMatrix":[-0.232275248,0.972172141,-0.0304876529,-0.972624302,-0.232383251,-7.4505806e-08,-0.00708489213,0.0296530146,0.999535143],"scale":0.99999994,"type":"guardrail1_blue"}
{"pos":[-313.83844,-260.836853,120.072952],"rotationMatrix":[-0.232254148,0.972072065,-0.0336724706,-0.972623646,-0.232385874,2.36555934e-07,-0.00782478135,0.0327506959,0.999432921],"scale":0.99999994,"type":"guardrail1_blue"}
{"pos":[-313.843597,-260.815308,120.731163],"rotationMatrix":[-0.232254386,0.972072005,-0.0336742438,-0.972623587,-0.232386231,6.14672899e-08,-0.00782536715,0.0327523798,0.999432862],"scale":1,"type":"guardrail1_blue"}
{"pos":[-313.841034,-260.826019,120.404114],"rotationMatrix":[-0.232254028,0.972071946,-0.0336777829,-0.972623646,-0.232385874,-1.62050128e-07,-0.00782639906,0.0327557698,0.999432743],"scale":1.00000012,"type":"guardrail1_blue"}
{"pos":[-315.720337,-253.064758,119.846649],"rotationMatrix":[-0.238704562,0.970872045,-0.0206803568,-0.971079707,-0.238755584,2.80793756e-06,-0.00493482407,0.0200829469,0.999786139],"scale":1,"type":"guardrail1_blue"}
{"pos":[-315.723602,-253.051498,120.505081],"rotationMatrix":[-0.238705873,0.970871627,-0.0206803568,-0.97107929,-0.238756895,2.37021595e-06,-0.00493527669,0.0200828351,0.999786139],"scale":1,"type":"guardrail1_blue"}
{"pos":[-315.721985,-253.05809,120.177933],"rotationMatrix":[-0.23870492,0.970871925,-0.020680353,-0.971079588,-0.238755941,2.35252082e-06,-0.00493527483,0.0200828314,0.999786139],"scale":1,"type":"guardrail1_blue"}
{"pos":[-317.60611,-245.29126,119.721542],"rotationMatrix":[-0.229908943,0.973140478,-0.0118046934,-0.973208308,-0.229924917,1.14692375e-06,-0.00271307863,0.0114886891,0.999930322],"scale":1,"type":"guardrail1_blue"}
{"pos":[-317.60788,-245.283676,120.380074],"rotationMatrix":[-0.229891896,0.97314465,-0.0117996447,-0.973212361,-0.22990787,1.0705553e-06,-0.00271178968,0.0114838071,0.999930382],"scale":1,"type":"guardrail1_blue"}
{"pos":[-317.606995,-245.287445,120.052864],"rotationMatrix":[-0.22990036,0.973142743,-0.0117945913,-0.973210454,-0.229916334,9.01054591e-07,-0.00271089142,0.0114788264,0.999930441],"scale":0.99999994,"type":"guardrail1_blue"}
{"pos":[-319.351013,-237.484543,119.647934],"rotationMatrix":[-0.203421831,0.979079068,-0.00485832291,-0.979090631,-0.203424335,5.32250851e-07,-0.000987779931,0.00475684693,0.999988198],"scale":0.999999881,"type":"guardrail1_blue"}
{"pos":[-319.351654,-237.481384,120.306503],"rotationMatrix":[-0.203407645,0.979082167,-0.0048460383,-0.979093611,-0.203410029,4.60073352e-07,-0.000985282357,0.0047448189,0.999988258],"scale":1,"type":"guardrail1_blue"}
{"pos":[-319.351349,-237.482956,119.979279],"rotationMatrix":[-0.203415155,0.979080558,-0.00487057492,-0.979092121,-0.20341754,5.96512109e-07,-0.000990175758,0.00476886285,0.999988139],"scale":0.999999881,"type":"guardrail1_blue"}
{"pos":[-320.798798,-229.617691,119.642265],"rotationMatrix":[-0.153937936,0.988078713,0.0018911045,-0.988080502,-0.153938293,-3.25031579e-07,0.000290792144,-0.00186861353,0.999998212],"scale":1,"type":"guardrail1_blue"}
{"pos":[-320.798615,-229.618866,120.300842],"rotationMatrix":[-0.15394783,0.988077223,0.00185931846,-0.988078892,-0.153948069,-3.83995939e-07,0.000285859162,-0.00183721259,0.999998271],"scale":1,"type":"guardrail1_blue"}
{"pos":[-320.798706,-229.618286,119.973618],"rotationMatrix":[-0.1539433,0.988077879,0.00189110427,-0.988079667,-0.153943658,-3.39990947e-07,0.000290787488,-0.001868614,0.999998212],"scale":0.99999994,"type":"guardrail1_blue"}
{"pos":[-321.698364,-221.671875,119.646423],"rotationMatrix":[-0.061858058,0.998081386,-0.00267442339,-0.998084962,-0.0618582964,-1.72981527e-06,-0.000167161692,0.00266919471,0.999996424],"scale":1,"type":"guardrail1_blue"}
{"pos":[-321.698456,-221.670471,120.305],"rotationMatrix":[-0.0618391037,0.998082459,-0.00269661844,-0.998086035,-0.0618393421,-1.73249282e-06,-0.000168486382,0.00269135018,0.999996364],"scale":1,"type":"guardrail1_blue"}
{"pos":[-321.698395,-221.671173,119.977768],"rotationMatrix":[-0.0618485212,0.998082042,-0.00265204324,-0.998085499,-0.0618487597,-1.73901208e-06,-0.000165760983,0.00264685834,0.999996483],"scale":1,"type":"guardrail1_blue"}
{"pos":[-321.746246,-213.677353,119.637192],"rotationMatrix":[0.0541819334,0.998531103,0,-0.998531103,0.0541819334,0,0,0,1],"scale":0.99999994,"type":"guardrail1_blue"}
{"pos":[-321.746246,-213.677216,120.295776],"rotationMatrix":[0.0541832447,0.998530984,0,-0.998530984,0.0541832447,0,0,0,1],"scale":1,"type":"guardrail1_blue"}
{"pos":[-321.746246,-213.677277,119.968536],"rotationMatrix":[0.0541825294,0.998530984,-0.000345266977,-0.998530984,0.0541825891,6.25877874e-08,1.87699334e-05,0.000344756409,0.99999994],"scale":1,"type":"guardrail1_blue"}
{"pos":[-320.749268,-205.748337,119.626793],"rotationMatrix":[0.19945699,0.979901016,-0.00331168016,-0.97990638,0.199458063,5.30970283e-07,0.000661061495,0.00324503053,0.999994516],"scale":1,"type":"guardrail1_blue"}
{"pos":[-320.748871,-205.746384,120.28537],"rotationMatrix":[0.199496806,0.97989291,-0.00331168063,-0.979898274,0.199497879,2.47382559e-07,0.000660915859,0.0032450608,0.999994516],"scale":0.99999994,"type":"guardrail1_blue"}
{"pos":[-320.749054,-205.747345,119.95813],"rotationMatrix":[0.199476898,0.979896963,-0.00331167993,-0.979902327,0.199477971,4.61237505e-07,0.00066105905,0.00324503076,0.999994516],"scale":1,"type":"guardrail1_blue"}
{"pos":[-318.497894,-198.084106,119.610275],"rotationMatrix":[0.365244091,0.930911601,-0.00059801992,-0.93091172,0.36524415,1.62981451e-09,0.000218424815,0.000556703191,0.999999821],"scale":0.99999994,"type":"guardrail1_blue"}
{"pos":[-318.497772,-198.08374,120.26886],"rotationMatrix":[0.365252078,0.930908501,-0.00048828125,-0.93090862,0.365252078,4.02214937e-08,0.000178383183,0.000454530586,0.999999881],"scale":1,"type":"guardrail1_blue"}
{"pos":[-318.497833,-198.083923,119.941628],"rotationMatrix":[0.365248024,0.93091011,-0.00059801992,-0.93091023,0.365248084,2.68628355e-08,0.000218450616,0.000556693063,0.999999821],"scale":0.99999994,"type":"guardrail1_blue"}
{"pos":[-314.910797,-190.948395,119.61586],"rotationMatrix":[0.528972745,0.848636985,0.00179405767,-0.848638296,0.528973579,2.36026244e-06,-0.000947006047,-0.00152375456,0.999998391],"scale":1,"type":"guardrail1_blue"}
{"pos":[-314.911377,-190.94931,120.274437],"rotationMatrix":[0.528952897,0.848649323,0.00176052086,-0.848650634,0.528953731,2.32137972e-06,-0.000929264002,-0.00149529497,0.99999845],"scale":0.99999994,"type":"guardrail1_blue"}
{"pos":[-314.911072,-190.948853,119.947212],"rotationMatrix":[0.528962851,0.848643124,0.00179405767,-0.848644435,0.528963685,2.32795719e-06,-0.000947015651,-0.00152374851,0.999998391],"scale":0.99999994,"type":"guardrail1_blue"}
{"pos":[-310.183777,-184.506409,119.620605],"rotationMatrix":[0.655501783,0.755193412,-0.000598019862,-0.755193532,0.655501902,8.7544322e-08,0.000392069283,0.000451563363,0.999999821],"scale":0.99999994,"type":"guardrail1_blue"}
{"pos":[-310.183533,-184.506134,120.279182],"rotationMatrix":[0.655508816,0.755187273,-0.000598019862,-0.755187392,0.655508935,1.0234362e-07,0.00039208465,0.000451550004,0.999999821],"scale":1,"type":"guardrail1_blue"}
{"pos":[-310.183655,-184.506271,119.95195],"rotationMatrix":[0.655506492,0.7551893,-0.000598019862,-0.755189419,0.655506611,8.38626875e-08,0.000392069283,0.000451563334,0.999999821],"scale":1,"type":"guardrail1_blue"}
{"pos":[-304.446808,-178.946396,119.615829],"rotationMatrix":[0.76974529,0.638350606,-0.000845727976,-0.638350844,0.769745529,-5.2843825e-07,0.000650658039,0.000540277921,0.999999642],"scale":1,"type":"guardrail1_blue"}
{"pos":[-304.446411,-178.946075,120.274414],"rotationMatrix":[0.769748032,0.638347268,-0.000845727802,-0.638347507,0.76974833,-5.3003896e-07,0.000650659145,0.000540276233,0.999999642],"scale":1,"type":"guardrail1_blue"}
{"pos":[-304.446594,-178.946228,119.947182],"rotationMatrix":[0.769747078,0.638348401,-0.000845727802,-0.638348639,0.769747376,-5.26808435e-07,0.000650660426,0.000540274661,0.999999642],"scale":1,"type":"guardrail1_blue"}
{"pos":[-298.088623,-174.093872,119.602509],"rotationMatrix":[0.808171988,0.58894527,-0.00124487758,-0.588945746,0.808172584,-5.16651198e-07,0.00100577169,0.000733582943,0.999999225],"scale":1,"type":"guardrail1_blue"}
{"pos":[-298.087982,-174.093384,120.261093],"rotationMatrix":[0.808173358,0.588943362,-0.00124487747,-0.588943839,0.808174014,-5.53962309e-07,0.00100575131,0.000733610534,0.999999225],"scale":1,"type":"guardrail1_blue"}
{"pos":[-298.088318,-174.093628,119.933868],"rotationMatrix":[0.808172345,0.588944733,-0.00124487747,-0.58894521,0.808173001,-5.17640729e-07,0.00100577157,0.000733583001,0.999999225],"scale":1,"type":"guardrail1_blue"}
{"pos":[-291.637421,-169.362976,119.601303],"rotationMatrix":[0.80610019,0.5917781,-0.00109182997,-0.591778457,0.806100667,-7.60774128e-08,0.000880079868,0.000646182685,0.999999404],"scale":1,"type":"guardrail1_blue"}
{"pos":[-291.636871,-169.362579,120.25988],"rotationMatrix":[0.806100726,0.591777325,-0.00109183008,-0.591777682,0.806101203,-7.82602001e-08,0.000880079227,0.000646183733,0.999999404],"scale":1,"type":"guardrail1_blue"}
{"pos":[-291.637146,-169.362793,119.932663],"rotationMatrix":[0.806099892,0.591778457,-0.00109182997,-0.591778815,0.806100368,-7.56408554e-08,0.00088007981,0.000646182802,0.999999404],"scale":0.99999994,"type":"guardrail1_blue"}
{"pos":[-285.178406,-164.642792,119.584564],"rotationMatrix":[0.808218181,0.588877499,-0.00258373935,-0.588879406,0.808220863,-9.19681042e-09,0.00208822684,0.00152151857,0.999996662],"scale":1,"type":"guardrail1_blue"}
{"pos":[-285.177002,-164.641785,120.243149],"rotationMatrix":[0.808217347,0.588878691,-0.00258373958,-0.588880599,0.808220029,-8.70786607e-08,0.00208817865,0.00152158446,0.999996662],"scale":1,"type":"guardrail1_blue"}
{"pos":[-285.177704,-164.642288,119.915909],"rotationMatrix":[0.808217049,0.588879108,-0.00258373981,-0.588881016,0.808219731,-1.76951289e-08,0.00208821893,0.00152152951,0.999996662],"scale":1,"type":"guardrail1_blue"}
{"pos":[-278.709564,-159.936005,119.579597],"rotationMatrix":[0.808894098,0.587953389,0.00103580102,-0.587953746,0.808894515,4.03670128e-08,-0.00083783007,-0.000609035837,0.999999464],"scale":1,"type":"guardrail1_blue"}
{"pos":[-278.710083,-159.936401,120.238174],"rotationMatrix":[0.808894098,0.587953389,0.00103580102,-0.587953746,0.808894515,3.43425199e-09,-0.000837851781,-0.000609005918,0.999999464],"scale":1,"type":"guardrail1_blue"}
{"pos":[-278.709808,-159.936218,119.91095],"rotationMatrix":[0.808892131,0.587956131,0.00103580102,-0.587956488,0.808892608,-9.4587449e-09,-0.000837857311,-0.000608998234,0.999999464],"scale":1,"type":"guardrail1_blue"}
{"pos":[-272.237305,-155.233856,119.58403],"rotationMatrix":[0.80911088,0.587655306,-0.000913490425,-0.587655544,0.809111178,5.99538907e-09,0.000739118899,0.000536812935,0.999999583],"scale":1,"type":"guardrail1_blue"}
{"pos":[-272.236877,-155.233521,120.242615],"rotationMatrix":[0.809109509,0.587657273,-0.000845727918,-0.587657511,0.809109807,-2.91038305e-11,0.000684286759,0.000496998429,0.999999642],"scale":1,"type":"guardrail1_blue"}
{"pos":[-272.237091,-155.233688,119.91539],"rotationMatrix":[0.809111595,0.587654352,-0.000845728035,-0.587654591,0.809111893,-3.17231752e-09,0.000684286759,0.000496998546,0.999999642],"scale":1,"type":"guardrail1_blue"}
{"pos":[-265.764526,-150.532455,119.586029],"rotationMatrix":[0.809037447,0.587752283,0.00239207828,-0.587753952,0.809039712,3.89409252e-08,-0.00193526351,-0.00140598509,0.999997139],"scale":1,"type":"guardrail1_blue"}
{"pos":[-265.765808,-150.533386,120.244614],"rotationMatrix":[0.80903846,0.587750614,0.00244140532,-0.587752402,0.809040844,-4.25498001e-08,-0.00197522156,-0.00143490732,0.99999702],"scale":1,"type":"guardrail1_blue"}
{"pos":[-265.765167,-150.532928,119.917374],"rotationMatrix":[0.809037268,0.587752163,0.00246569747,-0.587753952,0.809039772,-5.01750037e-08,-0.00199487666,-0.00144918263,0.99999696],"scale":1,"type":"guardrail1_blue"}
{"pos":[-259.293549,-145.828552,119.596092],"rotationMatrix":[0.808632731,0.588310182,-0.00207160111,-0.588311493,0.8086344,4.82541509e-08,0.00167519634,0.00121870753,0.999997854],"scale":1,"type":"guardrail1_blue"}
{"pos":[-259.292389,-145.827698,120.254669],"rotationMatrix":[0.808631957,0.588311076,-0.00210017595,-0.588312387,0.808633745,-5.87897375e-08,0.00169823843,0.00123560708,0.999997795],"scale":0.99999994,"type":"guardrail1_blue"}
{"pos":[-259.292969,-145.828125,119.927444],"rotationMatrix":[0.808632374,0.58831054,-0.00210017571,-0.588311851,0.808634162,1.31549314e-08,0.0016982815,0.00123554759,0.999997795],"scale":0.99999994,"type":"guardrail1_blue"}
{"pos":[-252.828369,-141.116776,119.576706],"rotationMatrix":[0.807486296,0.589881659,0.00234171259,-0.589883327,0.807488501,7.7590812e-08,-0.00189086027,-0.00138140004,0.999997258],"scale":1,"type":"guardrail1_blue"}
{"pos":[-252.829529,-141.11763,120.235283],"rotationMatrix":[0.80748415,0.589884579,0.00234171352,-0.589886248,0.807486355,1.51689164e-07,-0.0018908123,-0.0013814671,0.999997258],"scale":1,"type":"guardrail1_blue"}
{"pos":[-252.828949,-141.117218,119.908058],"rotationMatrix":[0.807484865,0.589883626,0.00234171306,-0.589885294,0.807487071,1.54424924e-07,-0.00189081184,-0.00138146663,0.999997258],"scale":0.99999994,"type":"guardrail1_blue"}
{"pos":[-297.414062,-199.105988,119.355125],"rotationMatrix":[0.642993569,0.765871227,0.000690534012,-0.765871465,0.642993808,3.66708264e-08,-0.000443981029,-0.000528883829,0.999999762],"scale":1,"type":"guardrail1_blue"}
{"pos":[-297.414368,-199.106323,120.013695],"rotationMatrix":[0.642991662,0.765872836,0.000772040454,-0.765873075,0.642991781,4.24915925e-08,-0.000496383174,-0.000591312302,0.999999702],"scale":1,"type":"guardrail1_blue"}
{"pos":[-297.414215,-199.106155,119.686478],"rotationMatrix":[0.642992616,0.76587218,0.000488281221,-0.7658723,0.642992675,2.63535185e-08,-0.000313941069,-0.000373978051,0.999999881],"scale":1,"type":"guardrail1_blue"}
{"pos":[-292.09967,-193.127869,119.368004],"rotationMatrix":[0.683944523,0.729531288,0.00201323372,-0.729532719,0.683945894,1.34401489e-07,-0.00137684494,-0.00146881188,0.999997973],"scale":1,"type":"guardrail1_blue"}
{"pos":[-292.100586,-193.12883,120.026581],"rotationMatrix":[0.683939099,0.729536355,0.00201323465,-0.729537785,0.68394047,1.5104888e-07,-0.00137682259,-0.00146883423,0.999997973],"scale":1,"type":"guardrail1_blue"}
{"pos":[-292.100128,-193.128357,119.699356],"rotationMatrix":[0.683941364,0.729534268,0.00201323419,-0.729535699,0.683942676,1.41910277e-07,-0.0013768333,-0.00146882329,0.999997973],"scale":1,"type":"guardrail1_blue"}
{"pos":[-286.505219,-187.410202,119.382988],"rotationMatrix":[0.712552786,0.70161593,0.00192236458,-0.701617241,0.712554097,2.02504452e-07,-0.00136964652,-0.00134890829,0.999998152],"scale":1,"type":"guardrail1_blue"}
{"pos":[-286.506134,-187.411087,120.041557],"rotationMatrix":[0.712549686,0.70161891,0.00195312384,-0.701620221,0.712551057,1.84809323e-07,-0.00139157078,-0.00137048285,0.999998093],"scale":1,"type":"guardrail1_blue"}
{"pos":[-286.505676,-187.410645,119.714333],"rotationMatrix":[0.712551594,0.701617122,0.00192236411,-0.701618433,0.712552905,2.02388037e-07,-0.00136964396,-0.00134891015,0.999998152],"scale":1,"type":"guardrail1_blue"}
{"pos":[-280.730377,-181.874359,119.397743],"rotationMatrix":[0.73380965,0.679353237,0.00161944504,-0.679354072,0.733810604,-1.0796939e-06,-0.00118909951,-0.00109938439,0.999998689],"scale":1,"type":"guardrail1_blue"}
{"pos":[-280.731171,-181.875092,120.056313],"rotationMatrix":[0.733801007,0.679362476,0.00165584206,-0.67936343,0.733801961,-1.11781992e-06,-0.00121581962,-0.0011240982,0.999998629],"scale":1,"type":"guardrail1_blue"}
{"pos":[-280.730774,-181.874725,119.729088],"rotationMatrix":[0.73380506,0.679358184,0.00161944504,-0.679359019,0.733806014,-1.09075336e-06,-0.00118909951,-0.00109938416,0.999998689],"scale":1,"type":"guardrail1_blue"}
{"pos":[-274.677002,-176.646118,119.410118],"rotationMatrix":[0.772445083,0.635079145,0.00176052249,-0.635080099,0.772446275,2.46160198e-07,-0.00135975273,-0.001118263,0.99999845],"scale":1,"type":"guardrail1_blue"}
{"pos":[-274.677887,-176.646851,120.068687],"rotationMatrix":[0.772442102,0.635082781,0.00172633445,-0.635083735,0.772443295,2.32481398e-07,-0.00133334775,-0.00109654653,0.99999851],"scale":1,"type":"guardrail1_blue"}
{"pos":[-274.677429,-176.646484,119.741463],"rotationMatrix":[0.772443354,0.635081351,0.00172633445,-0.635082304,0.772444487,2.31957529e-07,-0.00133335032,-0.00109654362,0.99999851],"scale":1,"type":"guardrail1_blue"}
{"pos":[-268.426514,-171.653442,119.428795],"rotationMatrix":[0.788828611,0.614605427,0.00308815856,-0.614608407,0.788832366,1.01805199e-07,-0.00243597664,-0.00189808849,0.999995232],"scale":1,"type":"guardrail1_blue"}
{"pos":[-268.428101,-171.654678,120.087379],"rotationMatrix":[0.78882587,0.614609122,0.00306879659,-0.614611983,0.788829565,8.76607373e-08,-0.00242070365,-0.00188618817,0.999995291],"scale":1,"type":"guardrail1_blue"}
{"pos":[-268.427338,-171.654068,119.760147],"rotationMatrix":[0.788826823,0.614607751,0.00308815832,-0.614610732,0.788830578,7.21774995e-08,-0.00243598945,-0.00189807196,0.999995232],"scale":1,"type":"guardrail1_blue"}
{"pos":[-262.067841,-166.799194,119.456779],"rotationMatrix":[0.800643504,0.599129975,0.00363760674,-0.599133909,0.800648808,-1.7345883e-08,-0.0029124557,-0.00217940006,0.999993384],"scale":1,"type":"guardrail1_blue"}
{"pos":[-262.069733,-166.800629,120.115356],"rotationMatrix":[0.800640225,0.599134386,0.00363760651,-0.599138319,0.80064553,-3.66708264e-08,-0.00291245547,-0.00217940006,0.999993384],"scale":1,"type":"guardrail1_blue"}
{"pos":[-262.068787,-166.799911,119.788124],"rotationMatrix":[0.800641775,0.599132359,0.00363760721,-0.599136293,0.80064708,-4.12110239e-08,-0.00291246409,-0.00217938935,0.999993384],"scale":1,"type":"guardrail1_blue"}
{"pos":[-255.610107,-162.077591,119.479652],"rotationMatrix":[0.814970493,0.579500914,0.00133721251,-0.57950139,0.814971209,1.07410597e-06,-0.00108916732,-0.000775791879,0.999999106],"scale":1,"type":"guardrail1_blue"}
{"pos":[-255.61084,-162.07811,120.138237],"rotationMatrix":[0.814968467,0.579503775,0.00133721228,-0.579504251,0.814969182,1.07780215e-06,-0.00108916219,-0.00077579869,0.999999106],"scale":1,"type":"guardrail1_blue"}
{"pos":[-255.610474,-162.07785,119.811012],"rotationMatrix":[0.814969659,0.579502106,0.00133721239,-0.579502583,0.814970374,1.07957749e-06,-0.00108916301,-0.000775797875,0.999999106],"scale":0.99999994,"type":"guardrail1_blue"}
{"pos":[-249.078613,-157.458145,119.489502],"rotationMatrix":[0.816827714,0.57687825,0.00198340672,-0.576879442,0.816829324,3.09082679e-08,-0.00162008696,-0.00114421174,0.999998033],"scale":1,"type":"guardrail1_blue"}
{"pos":[-249.079681,-157.458893,120.148079],"rotationMatrix":[0.816827774,0.576878071,0.00201323419,-0.576879263,0.816829443,-4.88944352e-09,-0.00164447189,-0.00116138894,0.999997973],"scale":1,"type":"guardrail1_blue"}
{"pos":[-249.079147,-157.458527,119.820854],"rotationMatrix":[0.816827238,0.576878786,0.00204262603,-0.576879978,0.816828907,-7.27595761e-09,-0.00166848022,-0.00117834425,0.999997914],"scale":1,"type":"guardrail1_blue"}
{"pos":[-242.543365,-152.843979,119.505989],"rotationMatrix":[0.816959023,0.576694906,0.000976562384,-0.576695144,0.816959441,-2.73576006e-09,-0.000797813409,-0.000563176523,0.999999523],"scale":1,"type":"guardrail1_blue"}
{"pos":[-242.54393,-152.844376,120.164566],"rotationMatrix":[0.816959321,0.576694489,0.000976562325,-0.576694727,0.816959739,-2.12457962e-09,-0.000797813351,-0.000563176582,0.999999523],"scale":1,"type":"guardrail1_blue"}
{"pos":[-242.543655,-152.844177,119.837341],"rotationMatrix":[0.816959679,0.576693833,0.00103580079,-0.576694191,0.816960096,8.06176104e-09,-0.0008462033,-0.000597346923,0.999999464],"scale":1,"type":"guardrail1_blue"}
{"pos":[-236.007477,-148.230698,119.507942],"rotationMatrix":[0.817001641,0.576635361,0,-0.576635361,0.817001641,0,0,0,1],"scale":0.99999994,"type":"guardrail1_blue"}
{"pos":[-236.007324,-148.230591,120.166512],"rotationMatrix":[0.81700176,0.576635182,0,-0.576635182,0.81700176,0,0,0,1],"scale":1,"type":"guardrail1_blue"}
{"pos":[-236.007401,-148.230652,119.839287],"rotationMatrix":[0.817001641,0.576635361,0,-0.576635361,0.817001641,0,0,0,1],"scale":1,"type":"guardrail1_blue"}
{"pos":[-229.471344,-143.617798,119.509056],"rotationMatrix":[0.817043543,0.576574802,0.00114512083,-0.57657516,0.817044139,2.61934474e-10,-0.000935614051,-0.00066024845,0.999999344],"scale":1,"type":"guardrail1_blue"}
{"pos":[-229.471954,-143.61824,120.167633],"rotationMatrix":[0.817044079,0.576573968,0.00119603984,-0.576574326,0.817044675,3.25380825e-08,-0.000977199292,-0.000689632492,0.999999285],"scale":1,"type":"guardrail1_blue"}
{"pos":[-229.471649,-143.618011,119.840401],"rotationMatrix":[0.81704396,0.576574147,0.00119603984,-0.576574504,0.817044556,-2.11584847e-08,-0.000977230025,-0.000689588836,0.999999285],"scale":1,"type":"guardrail1_blue"}
{"pos":[-222.935028,-139.005142,119.518318],"rotationMatrix":[0.817002773,0.576633751,0,-0.576633751,0.817002773,0,0,0,1],"scale":1,"type":"guardrail1_blue"}
{"pos":[-222.93512,-139.005203,120.176903],"rotationMatrix":[0.817003131,0.576633215,0,-0.576633215,0.817003131,0,0,0,1],"scale":1,"type":"guardrail1_blue"}
{"pos":[-222.935089,-139.005173,119.84967],"rotationMatrix":[0.817004204,0.576631665,0.000345266948,-0.576631665,0.817004263,-8.51287041e-09,-0.000282089459,-0.000199084883,0.99999994],"scale":1,"type":"guardrail1_blue"}
{"pos":[-216.399963,-134.390717,119.513474],"rotationMatrix":[0.816697121,0.577066481,0,-0.577066481,0.816697121,0,0,0,1],"scale":1,"type":"guardrail1_blue"}
{"pos":[-216.399841,-134.39064,120.17205],"rotationMatrix":[0.816697359,0.577066123,-0.000345267006,-0.577066123,0.816697419,1.90630089e-09,0.000281979737,0.000199240341,0.99999994],"scale":1,"type":"guardrail1_blue"}
{"pos":[-216.399902,-134.390686,119.844826],"rotationMatrix":[0.816697717,0.577065766,0,-0.577065766,0.816697717,0,0,0,1],"scale":1,"type":"guardrail1_blue"}
{"pos":[-209.869446,-129.769852,119.514168],"rotationMatrix":[0.815875292,0.578225195,0.00176052237,-0.578226149,0.815876603,-3.48081812e-08,-0.00143638905,-0.00101795152,0.99999845],"scale":1,"type":"guardrail1_blue"}
{"pos":[-209.870346,-129.770493,120.172737],"rotationMatrix":[0.815876007,0.578224182,0.00176052237,-0.578225136,0.815877259,-4.57512215e-08,-0.00143639673,-0.00101794093,0.99999845],"scale":0.99999994,"type":"guardrail1_blue"}
{"pos":[-209.869904,-129.770172,119.845512],"rotationMatrix":[0.815874875,0.578225732,0.00179405941,-0.578226686,0.815876186,-2.56113708e-09,-0.00146373187,-0.00103737088,0.999998391],"scale":0.99999994,"type":"guardrail1_blue"}
{"pos":[-203.343796,-125.142181,119.538841],"rotationMatrix":[0.815601349,0.578604639,0.0033474823,-0.578607857,0.815605879,3.49245965e-10,-0.00273022591,-0.00193687982,0.999994397],"scale":1,"type":"guardrail1_blue"}
{"pos":[-203.345581,-125.143448,120.197426],"rotationMatrix":[0.815600157,0.578606367,0.00332962978,-0.578609586,0.815604687,7.97444955e-08,-0.00271561532,-0.00192662061,0.999994457],"scale":0.99999994,"type":"guardrail1_blue"}
{"pos":[-203.344696,-125.142822,119.870186],"rotationMatrix":[0.815600753,0.578605354,0.00334748253,-0.578608572,0.815605342,-3.7252903e-09,-0.00273022661,-0.00193687913,0.999994397],"scale":1,"type":"guardrail1_blue"}
{"pos":[-196.819275,-120.512909,119.558372],"rotationMatrix":[0.815539479,0.578700423,0.00109182985,-0.578700781,0.815539956,-4.49363142e-08,-0.000890456897,-0.00063180615,0.999999404],"scale":1,"type":"guardrail1_blue"}
{"pos":[-196.81987,-120.513336,120.216949],"rotationMatrix":[0.815536916,0.57870394,0.00114512083,-0.578704298,0.815537453,9.13860276e-09,-0.000933883595,-0.000662693812,0.999999344],"scale":1,"type":"guardrail1_blue"}
{"pos":[-196.81958,-120.513123,119.889732],"rotationMatrix":[0.815536618,0.578704536,0.0010358009,-0.578704894,0.815537095,6.95581548e-09,-0.000844730006,-0.000599428662,0.999999464],"scale":1,"type":"guardrail1_blue"}
{"pos":[-190.295044,-115.883163,119.55883],"rotationMatrix":[0.815522492,0.57872498,-0.000690533954,-0.5787251,0.815522671,-7.43166311e-08,0.000563103065,0.000399689947,0.999999762],"scale":1,"type":"guardrail1_blue"}
{"pos":[-190.294739,-115.88295,120.2174],"rotationMatrix":[0.815523267,0.578724027,-0.00048828125,-0.578724146,0.815523386,8.32369551e-09,0.00039820961,0.000282573339,0.999999881],"scale":1,"type":"guardrail1_blue"}
{"pos":[-190.294891,-115.883057,119.890175],"rotationMatrix":[0.815522313,0.578725338,-0.00059801992,-0.578725457,0.815522432,-1.12340786e-08,0.000487692159,0.000346098532,0.999999821],"scale":1,"type":"guardrail1_blue"}
{"pos":[-183.770874,-111.253349,119.554138],"rotationMatrix":[0.815531015,0.578713119,-0.00048828125,-0.578713238,0.815531135,-3.42115527e-08,0.000398188771,0.000282602676,0.999999881],"scale":1,"type":"guardrail1_blue"}
{"pos":[-183.770691,-111.253212,120.212715],"rotationMatrix":[0.815528512,0.578716636,-0.000488281308,-0.578716755,0.815528631,3.84170562e-09,0.00039820961,0.000282573426,0.999999881],"scale":1,"type":"guardrail1_blue"}
{"pos":[-183.770782,-111.253281,119.88549],"rotationMatrix":[0.815528154,0.578717351,-0.000345267006,-0.578717351,0.815528214,2.97586666e-09,0.000281576707,0.000199809583,0.99999994],"scale":1,"type":"guardrail1_blue"}
{"pos":[-177.246613,-106.623634,119.556389],"rotationMatrix":[0.815533817,0.57870847,0.0010358009,-0.578708827,0.815534294,2.39524525e-08,-0.000844717259,-0.00059944659,0.999999464],"scale":1,"type":"guardrail1_blue"}
{"pos":[-177.247192,-106.624031,120.214966],"rotationMatrix":[0.815532982,0.578709602,0.00103580102,-0.57870996,0.815533459,4.65661287e-10,-0.000844730064,-0.00059942872,0.999999464],"scale":1,"type":"guardrail1_blue"}
{"pos":[-177.246902,-106.623833,119.887741],"rotationMatrix":[0.815533519,0.578709066,0.000976562267,-0.578709304,0.815533876,1.01863407e-09,-0.000796418986,-0.000565146562,0.999999523],"scale":1,"type":"guardrail1_blue"}
{"pos":[-170.722305,-101.994034,119.569443],"rotationMatrix":[0.815544844,0.57869029,0.0020426258,-0.578691483,0.815546513,-2.10013241e-07,-0.00166597799,-0.00118187885,0.999997914],"scale":1,"type":"guardrail1_blue"}
{"pos":[-170.723419,-101.99482,120.22802],"rotationMatrix":[0.815544605,0.578690648,0.0020426258,-0.57869184,0.815546274,4.63915057e-08,-0.0016658291,-0.00118208863,0.999997914],"scale":1,"type":"guardrail1_blue"}
{"pos":[-170.72287,-101.994431,119.900795],"rotationMatrix":[0.815543771,0.578691542,0.00210017548,-0.578692853,0.815545559,4.47616912e-08,-0.00171276298,-0.00121539296,0.999997795],"scale":1,"type":"guardrail1_blue"}
{"pos":[-164.197937,-97.364563,119.586723],"rotationMatrix":[0.815552831,0.578678966,0.00207160064,-0.578680158,0.815554619,-1.84169039e-07,-0.00168961007,-0.00119864405,0.999997854],"scale":1,"type":"guardrail1_blue"}
{"pos":[-164.199036,-97.3653412,120.245308],"rotationMatrix":[0.815553665,0.578677773,0.00207160041,-0.578678966,0.815555394,2.52039172e-08,-0.0016894904,-0.00119881216,0.999997854],"scale":1,"type":"guardrail1_blue"}
{"pos":[-164.198486,-97.3649445,119.918083],"rotationMatrix":[0.815553308,0.578678429,0.00204262603,-0.578679621,0.815554976,7.61938281e-08,-0.00166582968,-0.00118208816,0.999997914],"scale":1,"type":"guardrail1_blue"}
{"pos":[-157.673355,-92.7353516,119.597649],"rotationMatrix":[0.815597236,0.578619778,0.000488281308,-0.578619897,0.815597296,-7.30506144e-09,-0.000398245174,-0.000282523339,0.999999881],"scale":1,"type":"guardrail1_blue"}
{"pos":[-157.673553,-92.7354889,120.256233],"rotationMatrix":[0.815599322,0.578616977,0.000345266948,-0.578616977,0.815599442,-3.93629307e-09,-0.000281601795,-0.000199774106,0.99999994],"scale":1,"type":"guardrail1_blue"}
{"pos":[-157.673447,-92.7354279,119.929008],"rotationMatrix":[0.815597653,0.578619301,0.000345267064,-0.578619301,0.815597773,-4.91854735e-09,-0.000281601853,-0.000199774178,0.99999994],"scale":1,"type":"guardrail1_blue"}
{"pos":[-151.148178,-88.1069946,119.592407],"rotationMatrix":[0.81573832,0.578419209,-0.00150498352,-0.578419805,0.815739274,-4.6857167e-08,0.00122764707,0.000870550517,0.999998868],"scale":0.99999994,"type":"guardrail1_blue"}
{"pos":[-151.1474,-88.1064301,120.250984],"rotationMatrix":[0.815736055,0.578422487,-0.00146484328,-0.578423083,0.81573689,-1.25146471e-09,0.00119492598,0.000847300282,0.999998927],"scale":1,"type":"guardrail1_blue"}
{"pos":[-151.147797,-88.1067123,119.923759],"rotationMatrix":[0.815736473,0.578421891,-0.0014648434,-0.578422487,0.815737367,5.11063263e-08,0.00119495706,0.000847256684,0.999998927],"scale":1,"type":"guardrail1_blue"}
{"pos":[845.362122,239.600342,161.431885],"rotationMatrix":[0.242475986,-0.969991744,-0.0179296508,0.970147312,0.242516577,-9.56952572e-05,0.00444106152,-0.0173711982,0.999839246],"scale":1,"type":"guardrail1_blue"}
{"pos":[845.365051,239.589081,162.090347],"rotationMatrix":[0.242707551,-0.969933867,-0.0179230273,0.970089316,0.242748141,-9.11680982e-05,0.00443920773,-0.0173648112,0.999839365],"scale":1,"type":"guardrail1_blue"}
{"pos":[845.363586,239.594681,161.763184],"rotationMatrix":[0.2425915,-0.969962776,-0.0179329924,0.970118344,0.242632151,-9.25809145e-05,0.00444092182,-0.0173746664,0.999839187],"scale":0.99999994,"type":"guardrail1_blue"}
{"pos":[848.846191,232.480103,161.330414],"rotationMatrix":[0.558157325,-0.829721093,-0.00483372342,0.829730749,0.558163762,-4.06056643e-07,0.00269834627,-0.0040104622,0.999988317],"scale":1,"type":"guardrail1_blue"}
{"pos":[848.847961,232.477478,161.988998],"rotationMatrix":[0.558158457,-0.829720318,-0.00483372435,0.829729974,0.558164954,-3.11993062e-08,0.00269804127,-0.00401066849,0.999988317],"scale":1,"type":"guardrail1_blue"}
{"pos":[848.847046,232.47879,161.661758],"rotationMatrix":[0.558157086,-0.829721272,-0.00483372342,0.829730928,0.558163524,-1.02911144e-07,0.00269809389,-0.00401063263,0.999988317],"scale":1,"type":"guardrail1_blue"}
{"pos":[853.311157,225.842804,161.236496],"rotationMatrix":[0.558081567,-0.829596579,-0.0177327264,0.829726994,0.558169365,-1.36205927e-06,0.00989899412,-0.0147125628,0.999842763],"scale":0.99999994,"type":"guardrail1_blue"}
{"pos":[853.317627,225.833176,161.894974],"rotationMatrix":[0.558083653,-0.829595089,-0.017736081,0.829725623,0.558171511,4.5215711e-07,0.00989939924,-0.0147163346,0.999842703],"scale":0.99999994,"type":"guardrail1_blue"}
{"pos":[853.314453,225.837952,161.567795],"rotationMatrix":[0.558083415,-0.829595447,-0.017729355,0.829725862,0.558171153,-1.32992864e-06,0.00989711843,-0.0147097623,0.999842823],"scale":1,"type":"guardrail1_blue"}
{"pos":[857.775635,219.206345,161.075668],"rotationMatrix":[0.558043003,-0.829536319,-0.0213914029,0.829726219,0.558170676,-3.7252903e-09,0.0119400583,-0.0177490041,0.999771178],"scale":1,"type":"guardrail1_blue"}
{"pos":[857.783447,219.194672,161.7341],"rotationMatrix":[0.558043838,-0.829535484,-0.0213969722,0.829725504,0.55817163,5.61587512e-07,0.0119427182,-0.0177539252,0.999771059],"scale":1,"type":"guardrail1_blue"}
{"pos":[857.779541,219.20047,161.406937],"rotationMatrix":[0.558043003,-0.829536259,-0.0213941932,0.82972616,0.558170676,-4.04193997e-07,0.011941948,-0.017751094,0.999771118],"scale":1,"type":"guardrail1_blue"}
{"pos":[862.240112,212.569702,160.925949],"rotationMatrix":[0.558131874,-0.829684734,-0.010591167,0.829731226,0.558163166,-9.49949026e-08,0.00591167901,-0.00878776889,0.999943912],"scale":1,"type":"guardrail1_blue"}
{"pos":[862.24408,212.563843,161.584488],"rotationMatrix":[0.558131099,-0.829685211,-0.0105911642,0.829731703,0.558162391,-4.3772161e-08,0.00591162592,-0.00878779963,0.999943912],"scale":1,"type":"guardrail1_blue"}
{"pos":[862.242126,212.566757,161.257278],"rotationMatrix":[0.558133245,-0.829683721,-0.010591167,0.829730213,0.558164597,-4.75440174e-07,0.0059120087,-0.00878754631,0.999943912],"scale":1,"type":"guardrail1_blue"}
{"pos":[866.705444,205.931992,160.922195],"rotationMatrix":[0.558159709,-0.829707325,0.00659628026,0.829725325,0.558171868,-5.12227416e-09,-0.00368185434,0.00547310384,0.999978244],"scale":1,"type":"guardrail1_blue"}
{"pos":[866.703003,205.935547,161.580765],"rotationMatrix":[0.558160126,-0.829707086,0.00659628073,0.829725087,0.558172286,-5.14555722e-08,-0.00368181849,0.00547312852,0.999978244],"scale":1,"type":"guardrail1_blue"}
{"pos":[866.704224,205.933777,161.253525],"rotationMatrix":[0.558159113,-0.829707742,0.00659628166,0.829725742,0.558171272,1.21071935e-07,-0.00368195539,0.00547303725,0.999978244],"scale":1,"type":"guardrail1_blue"}
{"pos":[871.179565,199.301514,161.043594],"rotationMatrix":[0.561602831,-0.826903582,0.0288552027,0.827248096,0.561836839,-9.87201929e-07,-0.0162110981,0.0238709673,0.999583602],"scale":1,"type":"guardrail1_blue"}
{"pos":[871.168945,199.317108,161.701904],"rotationMatrix":[0.561590672,-0.826911986,0.0288510732,0.827256382,0.56182456,-1.50967389e-06,-0.016207993,0.023868084,0.999583721],"scale":0.99999994,"type":"guardrail1_blue"}
{"pos":[871.174194,199.309357,161.374802],"rotationMatrix":[0.561594844,-0.826909184,0.0288531389,0.82725358,0.561828732,-7.40401447e-07,-0.0162099097,0.0238692798,0.999583662],"scale":0.99999994,"type":"guardrail1_blue"}
{"pos":[875.685913,192.696396,161.296738],"rotationMatrix":[0.564057231,-0.825390518,0.0238717068,0.825625837,0.564217985,-6.52857125e-07,-0.0134683084,0.0197094679,0.99971503],"scale":1,"type":"guardrail1_blue"}
{"pos":[875.677246,192.709152,161.955139],"rotationMatrix":[0.564059854,-0.825388849,0.0238692109,0.825624049,0.564220548,-1.32247806e-06,-0.0134664085,0.0197077431,0.99971509],"scale":1,"type":"guardrail1_blue"}
{"pos":[875.681519,192.70282,161.628006],"rotationMatrix":[0.564059734,-0.82538867,0.0238791928,0.825624108,0.564220548,-1.14366412e-06,-0.0134721883,0.0197158828,0.999714851],"scale":1,"type":"guardrail1_blue"}
{"pos":[880.1745,186.077682,161.505066],"rotationMatrix":[0.556110919,-0.830477118,0.0323791504,0.830912828,0.556402624,-2.30129808e-06,-0.0180139337,0.0269055329,0.999475658],"scale":1,"type":"guardrail1_blue"}
{"pos":[880.16272,186.095306,162.163315],"rotationMatrix":[0.556144357,-0.830454528,0.032382831,0.830890357,0.556436121,-3.33692878e-06,-0.0180162042,0.0269084387,0.999475539],"scale":1,"type":"guardrail1_blue"}
{"pos":[880.168579,186.086548,161.836243],"rotationMatrix":[0.556127906,-0.830465555,0.0323846638,0.830901384,0.556419611,-2.97650695e-06,-0.0180169921,0.0269101206,0.999475479],"scale":1,"type":"guardrail1_blue"}
{"pos":[884.558105,179.389648,161.725601],"rotationMatrix":[0.539091706,-0.842122376,0.0144926105,0.842210829,0.539148331,-2.07219273e-07,-0.00781349093,0.0122059453,0.999894977],"scale":0.99999994,"type":"guardrail1_blue"}
{"pos":[884.552856,179.397842,162.384094],"rotationMatrix":[0.53911382,-0.84210825,0.0144884959,0.842196703,0.539170384,-4.46569175e-07,-0.00781139173,0.0122024044,0.999895036],"scale":1,"type":"guardrail1_blue"}
{"pos":[884.555481,179.393768,162.0569],"rotationMatrix":[0.539104939,-0.842113972,0.0144884959,0.842202425,0.539161503,5.58793545e-08,-0.00781168742,0.0122022154,0.999895036],"scale":1,"type":"guardrail1_blue"}
{"pos":[888.798401,172.606445,161.790588],"rotationMatrix":[0.521487892,-0.853219628,0.00816314202,0.853248,0.521505296,2.71713361e-07,-0.00425735302,0.00696504302,0.999966681],"scale":0.99999994,"type":"guardrail1_blue"}
{"pos":[888.795593,172.611115,162.449142],"rotationMatrix":[0.521497071,-0.853214025,0.00816314109,0.853242397,0.521514475,1.82772055e-07,-0.00425735209,0.00696504395,0.999966681],"scale":1,"type":"guardrail1_blue"}
{"pos":[888.796997,172.608795,162.121933],"rotationMatrix":[0.521493375,-0.85321629,0.00816314202,0.853244662,0.52151078,1.8090941e-07,-0.00425732089,0.00696506258,0.999966681],"scale":0.99999994,"type":"guardrail1_blue"}
{"pos":[892.878906,165.726334,161.803467],"rotationMatrix":[0.494697094,-0.868891001,-0.0174105205,0.869022727,0.494772136,-8.54954123e-07,0.00861498341,-0.0151297161,0.999848425],"scale":0.99999994,"type":"guardrail1_blue"}
{"pos":[892.88446,165.716507,162.461945],"rotationMatrix":[0.494653463,-0.868915975,-0.0174036734,0.869047582,0.494728386,-1.91899016e-06,0.00861175917,-0.0151236728,0.999848545],"scale":1,"type":"guardrail1_blue"}
{"pos":[892.881714,165.72139,162.134766],"rotationMatrix":[0.494675338,-0.868903279,-0.0174173694,0.869035125,0.494750381,-1.4747493e-06,0.00861853175,-0.0151355769,0.999848306],"scale":1,"type":"guardrail1_blue"}
{"pos":[896.71875,158.712296,161.579224],"rotationMatrix":[0.466093719,-0.884117663,-0.0330528766,0.884601057,0.466348529,-3.23168933e-07,0.0154144457,-0.0292384624,0.999453604],"scale":0.99999994,"type":"guardrail1_blue"}
{"pos":[896.728882,158.693146,162.237442],"rotationMatrix":[0.466021657,-0.884155929,-0.0330456682,0.884639084,0.466276467,-3.37697566e-06,0.0154114002,-0.0292319153,0.999453843],"scale":0.99999994,"type":"guardrail1_blue"}
{"pos":[896.723816,158.702667,161.910385],"rotationMatrix":[0.466057777,-0.884136915,-0.0330456719,0.88462007,0.466312468,-1.98930502e-06,0.0154113695,-0.0292319376,0.999453843],"scale":1,"type":"guardrail1_blue"}
{"pos":[900.345154,151.585587,161.347656],"rotationMatrix":[0.440691769,-0.89732933,-0.0243070628,0.897594571,0.440822005,-1.13621354e-07,0.0107151922,-0.0218178369,0.99970454],"scale":1,"type":"guardrail1_blue"}
