{"pos":[284.577209,-69.9665756,131.848007],"rotationMatrix":[0.974302232,0.214895457,0.0674918741,-0.215385616,0.976529062,-1.43214129e-05,-0.0659108609,-0.0145228263,0.997719824],"scale":1,"type":"guardrail1"}
{"pos":[284.555695,-69.9713135,132.174484],"rotationMatrix":[0.974326372,0.214785054,0.067494534,-0.215275928,0.976553261,-6.19329512e-07,-0.0659121349,-0.0145293446,0.997719646],"scale":1,"type":"guardrail1"}
{"pos":[284.598999,-69.9617691,131.51741],"rotationMatrix":[0.974277079,0.215008765,0.0674936175,-0.21549949,0.976503968,-1.02347694e-05,-0.0659099817,-0.0145348683,0.997719705],"scale":1,"type":"guardrail1"}
{"pos":[280.6698,-70.7734375,131.586075],"rotationMatrix":[0.98043853,0.186577335,0.0626833811,-0.186944321,0.982370496,-1.07176602e-05,-0.0615803041,-0.0117077939,0.998033464],"scale":1,"type":"guardrail1"}
{"pos":[280.649414,-70.7773132,131.912659],"rotationMatrix":[0.980475128,0.186385199,0.0626824349,-0.186752543,0.982406974,1.55717134e-06,-0.061579369,-0.0117076309,0.998033524],"scale":1,"type":"guardrail1"}
{"pos":[280.69043,-70.7695084,131.255402],"rotationMatrix":[0.980401635,0.186770886,0.0626843348,-0.187137485,0.98233372,-2.30669975e-05,-0.0615812428,-0.0117079737,0.998033404],"scale":1,"type":"guardrail1"}
{"pos":[276.737396,-71.4316254,131.354813],"rotationMatrix":[0.988874853,0.140788212,0.0480130166,-0.140950516,0.990016639,-5.61983325e-06,-0.0475344732,-0.00676190201,0.99884671],"scale":1,"type":"guardrail1"}
{"pos":[276.722229,-71.4338226,131.681686],"rotationMatrix":[0.988904357,0.140578583,0.0480192266,-0.140741244,0.990046442,6.67874701e-06,-0.0475403257,-0.00676489063,0.998846412],"scale":1,"type":"guardrail1"}
{"pos":[276.752747,-71.42939,131.023849],"rotationMatrix":[0.988844812,0.14099972,0.048010543,-0.141161636,0.989986539,-1.80439092e-05,-0.0475323349,-0.0067594042,0.998846829],"scale":1,"type":"guardrail1"}
{"pos":[272.775696,-71.8752594,131.240875],"rotationMatrix":[0.996655881,0.08021494,0.0155748539,-0.0802246556,0.996776819,-6.5023778e-07,-0.0155247059,-0.00124883931,0.999878705],"scale":1,"type":"guardrail1"}
{"pos":[272.770721,-71.875679,131.568069],"rotationMatrix":[0.996662378,0.0801336691,0.0155786835,-0.0801433995,0.996783316,6.19154889e-07,-0.0155285224,-0.00124914595,0.999878645],"scale":1,"type":"guardrail1"}
{"pos":[272.780701,-71.8748322,130.909561],"rotationMatrix":[0.996649146,0.0802978575,0.0155786825,-0.0803075731,0.996770144,-1.94041058e-06,-0.0155285215,-0.00124915224,0.999878645],"scale":1,"type":"guardrail1"}
{"pos":[268.787842,-72.0635376,131.219299],"rotationMatrix":[0.999885619,0.0141536733,-0.00532650063,-0.0141538763,0.999899805,-5.16658474e-07,0.00532595953,7.59072354e-05,0.999985814],"scale":0.99999994,"type":"guardrail1"}
{"pos":[268.789032,-72.0635376,131.546524],"rotationMatrix":[0.99988544,0.0141729834,-0.00531530147,-0.0141731864,0.999899566,-4.11902874e-07,0.00531476131,7.57466041e-05,0.999985874],"scale":1,"type":"guardrail1"}
{"pos":[268.786621,-72.0635376,130.887955],"rotationMatrix":[0.999885917,0.0141338883,-0.00532650109,-0.0141340913,0.999900103,-6.22450898e-07,0.00532596,7.59076283e-05,0.999985814],"scale":1,"type":"guardrail1"}
{"pos":[264.791748,-71.9964676,131.249969],"rotationMatrix":[0.998866498,-0.046500966,-0.0101662101,0.0465033501,0.998918116,-1.93109736e-06,0.0101553006,-0.000470833911,0.999948323],"scale":1,"type":"guardrail1"}
{"pos":[264.795105,-71.9966278,131.577179],"rotationMatrix":[0.998868644,-0.0464545228,-0.0101662111,0.0464569144,0.998920321,-1.00578472e-06,0.0101552811,-0.000471286126,0.999948323],"scale":1,"type":"guardrail1"}
{"pos":[264.788361,-71.9963074,130.91864],"rotationMatrix":[0.998864412,-0.0465478823,-0.0101603465,0.0465502664,0.99891597,-1.9580184e-06,0.010149424,-0.000471011037,0.999948382],"scale":1,"type":"guardrail1"}
{"pos":[260.803833,-71.7198792,131.30307],"rotationMatrix":[0.996149778,-0.0863045901,-0.0153978299,0.0863147229,0.996267915,-6.40907092e-06,0.0153409168,-0.00132267503,0.999881446],"scale":1,"type":"guardrail1"}
{"pos":[260.808777,-71.7203064,131.630264],"rotationMatrix":[0.996151984,-0.0862801298,-0.0153939594,0.0862902626,0.996270061,-6.02717046e-06,0.0153370611,-0.00132234476,0.999881506],"scale":1,"type":"guardrail1"}
{"pos":[260.798828,-71.7194519,130.971756],"rotationMatrix":[0.996147633,-0.0863297582,-0.0153978309,0.0863399059,0.996265709,-6.10970892e-06,0.0153408581,-0.00132336107,0.999881446],"scale":1,"type":"guardrail1"}
{"pos":[256.820312,-71.3458862,131.357361],"rotationMatrix":[0.995009661,-0.0991866216,-0.0108524347,0.099192448,0.995068252,-1.37492316e-06,0.0107990494,-0.00107511156,0.999941111],"scale":1,"type":"guardrail1"}
{"pos":[256.823792,-71.3462296,131.68457],"rotationMatrix":[0.995010436,-0.0991795138,-0.0108469417,0.0991853252,0.995068967,-1.78406481e-06,0.0107936328,-0.00107408233,0.99994117],"scale":1,"type":"guardrail1"}
{"pos":[256.816772,-71.3455353,131.026031],"rotationMatrix":[0.995009005,-0.0991937444,-0.0108469417,0.0991995558,0.995067537,-1.94413587e-06,0.0107936328,-0.00107407733,0.99994117],"scale":1,"type":"guardrail1"}
{"pos":[252.838043,-70.9370956,131.38121],"rotationMatrix":[0.994533539,-0.104416087,-0.000598020037,0.104416102,0.994533718,-7.19373929e-08,0.000594758545,-6.23713786e-05,0.999999821],"scale":0.99999994,"type":"guardrail1"}
{"pos":[252.838287,-70.9371262,131.70845],"rotationMatrix":[0.994533658,-0.104416102,-0.000345267035,0.104416102,0.994533718,-2.5920599e-08,0.000343382388,-3.60256563e-05,0.99999994],"scale":0.99999994,"type":"guardrail1"}
{"pos":[252.837799,-70.9370728,131.049866],"rotationMatrix":[0.994533539,-0.104415849,-0.000598020037,0.104415864,0.994533718,-4.47726052e-08,0.000594755751,-6.23982487e-05,0.999999821],"scale":1,"type":"guardrail1"}
{"pos":[248.85878,-70.5158157,131.37178],"rotationMatrix":[0.994383812,-0.105758421,0.00399674708,0.10575927,0.994391739,2.58412911e-07,-0.00397435995,0.000422436104,0.999992013],"scale":1,"type":"guardrail1"}
{"pos":[248.857544,-70.515686,131.69902],"rotationMatrix":[0.994383812,-0.105758421,0.00399674568,0.10575927,0.994391739,8.29459168e-08,-0.00397433992,0.000422610436,0.999992013],"scale":1,"type":"guardrail1"}
{"pos":[248.860031,-70.5159454,131.040436],"rotationMatrix":[0.994383872,-0.105758183,0.00399674661,0.105759032,0.994391799,2.54876795e-07,-0.00397435855,0.000422438607,0.999992013],"scale":1,"type":"guardrail1"}
{"pos":[244.882019,-70.0952606,131.362076],"rotationMatrix":[0.994553447,-0.104227595,0,0.104227595,0.994553447,0,0,0,1],"scale":1,"type":"guardrail1"}
{"pos":[244.88179,-70.0952377,131.689301],"rotationMatrix":[0.994553447,-0.104227357,0.000345266977,0.104227357,0.994553506,2.3006578e-08,-0.000343388849,3.59633814e-05,0.99999994],"scale":1,"type":"guardrail1"}
{"pos":[244.882233,-70.0952911,131.030731],"rotationMatrix":[0.994553447,-0.104228072,0,0.104228072,0.994553447,0,0,0,1],"scale":0.99999994,"type":"guardrail1"}
{"pos":[240.902802,-69.6865234,131.360062],"rotationMatrix":[0.995014787,-0.0997197628,0.0012448777,0.0997198373,0.995015562,8.45611794e-08,-0.00123868114,0.000124054859,0.999999225],"scale":1,"type":"guardrail1"}
{"pos":[240.902405,-69.6864853,131.687286],"rotationMatrix":[0.995014846,-0.099719055,0.00124487758,0.0997191295,0.995015621,1.39974873e-07,-0.00123868661,0.000123998834,0.999999225],"scale":1,"type":"guardrail1"}
{"pos":[240.903198,-69.6865616,131.028702],"rotationMatrix":[0.995014787,-0.0997200012,0.0012448777,0.0997200757,0.995015502,8.50777724e-08,-0.00123868114,0.000124054641,0.999999225],"scale":1,"type":"guardrail1"}
{"pos":[236.920654,-69.3036423,131.351929],"rotationMatrix":[0.995843709,-0.0910348296,0.00282612932,0.0910351872,0.995847702,3.70084308e-07,-0.00281442818,0.000256908679,0.999996006],"scale":1,"type":"guardrail1"}
{"pos":[236.919739,-69.3035583,131.679153],"rotationMatrix":[0.995843887,-0.0910319686,0.00284714182,0.0910323411,0.99584794,4.92218533e-07,-0.00283536525,0.000258691842,0.999995947],"scale":1,"type":"guardrail1"}
{"pos":[236.9216,-69.3037262,131.020569],"rotationMatrix":[0.99584347,-0.0910374373,0.00282612955,0.0910377949,0.995847464,3.79048288e-07,-0.00281442842,0.000256907137,0.999996006],"scale":1,"type":"guardrail1"}
{"pos":[232.934006,-68.96978,131.336761],"rotationMatrix":[0.997213066,-0.0744406506,0.00496751117,0.0744415596,0.997225404,1.98889757e-06,-0.0049538766,0.000367805915,0.999987662],"scale":1,"type":"guardrail1"}
{"pos":[232.932373,-68.9696655,131.663986],"rotationMatrix":[0.99721384,-0.0744306594,0.00496751163,0.0744315684,0.997226119,1.71530701e-06,-0.00495386031,0.00036802917,0.999987662],"scale":1,"type":"guardrail1"}
{"pos":[232.935669,-68.969902,131.005417],"rotationMatrix":[0.99721235,-0.0744506344,0.0049675121,0.0744515434,0.997224629,2.04323442e-06,-0.00495387753,0.000367801375,0.999987662],"scale":1,"type":"guardrail1"}
{"pos":[228.93927,-68.7407684,131.307129],"rotationMatrix":[0.999333143,-0.0349301174,0.0106360838,0.0349319652,0.999389708,1.2288263e-05,-0.0106300209,0.000359259197,0.999943435],"scale":1,"type":"guardrail1"}
{"pos":[228.935745,-68.7406693,131.634338],"rotationMatrix":[0.99933517,-0.0348724574,0.0106360847,0.0348742977,0.999391735,1.26361701e-05,-0.0106300553,0.000358298188,0.999943435],"scale":1,"type":"guardrail1"}
{"pos":[228.942841,-68.7408829,130.9758],"rotationMatrix":[0.999331117,-0.034988489,0.0106360819,0.0349903293,0.999387622,1.33908907e-05,-0.0106300376,0.000358778052,0.999943435],"scale":1,"type":"guardrail1"}
{"pos":[224.939697,-68.6734772,131.257462],"rotationMatrix":[0.999901831,-0.00518839154,0.0130149648,0.00518882275,0.999986529,6.2419349e-07,-0.0130147934,6.69082219e-05,0.999915302],"scale":1,"type":"guardrail1"}
{"pos":[224.935425,-68.6734543,131.584671],"rotationMatrix":[0.99990195,-0.00516955834,0.0130149601,0.00516998395,0.999986649,9.73093847e-07,-0.0130147906,6.63141254e-05,0.999915302],"scale":1,"type":"guardrail1"}
{"pos":[224.944031,-68.6735001,130.926147],"rotationMatrix":[0.999901652,-0.0052074627,0.0130195403,0.00520789297,0.99998641,8.84672772e-07,-0.013019369,6.69197907e-05,0.999915242],"scale":0.99999994,"type":"guardrail1"}
{"pos":[220.939484,-68.6909103,131.201614],"rotationMatrix":[0.999778032,0.0143242851,0.0154480673,-0.014326008,0.999897361,8.93924152e-07,-0.0154464692,-0.000222202871,0.999880672],"scale":1,"type":"guardrail1"}
{"pos":[220.934494,-68.690979,131.528809],"rotationMatrix":[0.999777675,0.0143505046,0.0154480655,-0.0143522145,0.999897003,-2.03937816e-07,-0.0154464766,-0.000221510069,0.999880672],"scale":1,"type":"guardrail1"}
{"pos":[220.944519,-68.690834,130.870316],"rotationMatrix":[0.99977845,0.0142975887,0.0154480673,-0.0142993042,0.999897778,6.11100404e-07,-0.0154464785,-0.000221507566,0.999880672],"scale":1,"type":"guardrail1"}
{"pos":[216.941879,-68.7921829,131.141586],"rotationMatrix":[0.999239326,0.0365730152,0.0135357408,-0.0365763679,0.999330878,2.0902371e-07,-0.0135266753,-0.000495297136,0.999908388],"scale":1,"type":"guardrail1"}
{"pos":[216.937393,-68.7923431,131.468781],"rotationMatrix":[0.999238372,0.0365989842,0.0135357408,-0.0366023369,0.999329925,-1.39203621e-07,-0.0135266753,-0.000495300628,0.999908388],"scale":1,"type":"guardrail1"}
{"pos":[216.946411,-68.7920151,130.810257],"rotationMatrix":[0.99924022,0.036546573,0.0135401441,-0.0365499333,0.999331832,8.7718945e-07,-0.0135310655,-0.000495767861,0.999908328],"scale":1,"type":"guardrail1"}
{"pos":[212.948883,-68.985054,131.096939],"rotationMatrix":[0.998170018,0.0599285886,0.00807504822,-0.0599305406,0.998202562,-3.86047759e-07,-0.00806055684,-0.000483556651,0.999967396],"scale":1,"type":"guardrail1"}
{"pos":[212.946289,-68.9852066,131.424164],"rotationMatrix":[0.998169124,0.0599435829,0.00807504822,-0.0599455349,0.998201668,-5.10990503e-07,-0.00806055684,-0.000483552983,0.999967396],"scale":1,"type":"guardrail1"}
{"pos":[212.951508,-68.9849014,130.765594],"rotationMatrix":[0.998170853,0.0599131137,0.00808242615,-0.0599150732,0.998203456,9.43982741e-08,-0.00806789938,-0.000484353397,0.999967337],"scale":0.99999994,"type":"guardrail1"}
{"pos":[208.959808,-69.2703323,131.071091],"rotationMatrix":[0.996568561,0.0825301483,0.00631939294,-0.0825317875,0.996588409,-5.08618541e-07,-0.00629787566,-0.000521043898,0.999980032],"scale":1,"type":"guardrail1"}
{"pos":[208.957733,-69.2705002,131.398315],"rotationMatrix":[0.996567488,0.0825413093,0.00633822801,-0.0825429633,0.996587515,-4.44386387e-07,-0.00631663529,-0.0005227332,0.999979913],"scale":1,"type":"guardrail1"}
{"pos":[208.961914,-69.2701569,130.739746],"rotationMatrix":[0.996569335,0.082518734,0.00633822847,-0.0825203881,0.996589363,-2.99129169e-07,-0.00631663576,-0.000522734947,0.999979913],"scale":0.99999994,"type":"guardrail1"}
{"pos":[204.978271,-69.6575546,131.041382],"rotationMatrix":[0.992991209,0.117839836,0.00906932447,-0.117844604,0.993032038,-8.30151839e-06,-0.0090071084,-0.00106052775,0.999958873],"scale":1,"type":"guardrail1"}
{"pos":[204.975372,-69.6578979,131.368607],"rotationMatrix":[0.992986083,0.117882915,0.00906932261,-0.117887683,0.993026912,-8.4877247e-06,-0.00900708232,-0.00106073322,0.999958873],"scale":1,"type":"guardrail1"}
{"pos":[204.981186,-69.6572037,130.710052],"rotationMatrix":[0.992996335,0.117796503,0.00906932633,-0.117801271,0.993037164,-7.90273771e-06,-0.0090071084,-0.00106053078,0.999958873],"scale":1,"type":"guardrail1"}
{"pos":[201.019073,-70.2240982,131.002121],"rotationMatrix":[0.986678064,0.162383437,0.00989887025,-0.162391365,0.986726403,-3.50055052e-06,-0.00976804551,-0.00160403713,0.999951005],"scale":1,"type":"guardrail1"}
{"pos":[201.0159,-70.224617,131.32933],"rotationMatrix":[0.986673594,0.162410736,0.00989887025,-0.162418664,0.986721933,-3.55957309e-06,-0.00976801012,-0.00160424924,0.999951005],"scale":1,"type":"guardrail1"}
{"pos":[201.022293,-70.2235718,130.670776],"rotationMatrix":[0.986682594,0.162355915,0.00989886932,-0.162363842,0.986730933,-3.011839e-06,-0.00976800919,-0.00160424667,0.999951005],"scale":1,"type":"guardrail1"}
{"pos":[197.083221,-70.9329147,130.965881],"rotationMatrix":[0.981584966,0.19083336,0.00857617706,-0.190840364,0.981621087,-1.26141822e-06,-0.00841879658,-0.00163544249,0.999963224],"scale":1,"type":"guardrail1"}
{"pos":[197.080429,-70.9334564,131.293091],"rotationMatrix":[0.981581628,0.190850437,0.00858312286,-0.19085744,0.981617749,-1.41630881e-06,-0.00842561573,-0.00163676252,0.999963164],"scale":1,"type":"guardrail1"}
{"pos":[197.086029,-70.9323654,130.634537],"rotationMatrix":[0.981588423,0.190815791,0.0085761752,-0.190822795,0.981624484,-1.10798283e-06,-0.00841879472,-0.00163544202,0.999963224],"scale":1,"type":"guardrail1"}
{"pos":[193.1651,-71.7405853,130.9272],"rotationMatrix":[0.977129817,0.212344885,0.0112673808,-0.212358356,0.977191865,-1.0128133e-06,-0.0110106077,-0.00239173276,0.999936521],"scale":1,"type":"guardrail1"}
{"pos":[193.161514,-71.7413635,131.25441],"rotationMatrix":[0.977126002,0.212362841,0.0112620899,-0.212376282,0.977187932,-1.20152254e-06,-0.0110054342,-0.00239062682,0.999936581],"scale":1,"type":"guardrail1"}
{"pos":[193.168732,-71.7397919,130.595871],"rotationMatrix":[0.977133751,0.212326452,0.0112726698,-0.212339953,0.977195859,-5.49014658e-07,-0.0110157235,-0.00239310181,0.999936461],"scale":1,"type":"guardrail1"}
{"pos":[189.264038,-72.6275558,130.875656],"rotationMatrix":[0.972890556,0.230818614,0.0143770026,-0.230842456,0.972991109,-2.57277861e-07,-0.0139887547,-0.00331857242,0.999896646],"scale":1,"type":"guardrail1"}
{"pos":[189.25946,-72.6286469,131.20285],"rotationMatrix":[0.972885549,0.230839714,0.0143770035,-0.230863556,0.972986162,-8.90111551e-07,-0.0139888301,-0.00331826019,0.999896646],"scale":1,"type":"guardrail1"}
{"pos":[189.268677,-72.6264572,130.544342],"rotationMatrix":[0.972895622,0.230797261,0.0143770073,-0.230821133,0.972996175,5.23868948e-08,-0.0139887612,-0.00331856799,0.999896646],"scale":1,"type":"guardrail1"}
{"pos":[185.380478,-73.5869141,130.81221],"rotationMatrix":[0.968386829,0.248855829,0.0172558036,-0.248892903,0.968531013,6.4400956e-07,-0.016712619,-0.00429547019,0.999851108],"scale":1,"type":"guardrail1"}
{"pos":[185.375031,-73.5883102,131.139404],"rotationMatrix":[0.968380094,0.248881936,0.0172557402,-0.248918235,0.968524516,-4.48878855e-05,-0.01672378,-0.00425180001,0.999851108],"scale":1,"type":"guardrail1"}
{"pos":[185.385986,-73.585495,130.480911],"rotationMatrix":[0.968393564,0.24882926,0.0172592513,-0.248866335,0.968537867,7.23171979e-07,-0.0167160593,-0.00429594703,0.999851048],"scale":1,"type":"guardrail1"}
{"pos":[181.51622,-74.6231232,130.735855],"rotationMatrix":[0.962700665,0.269678265,0.0219333265,-0.269743234,0.962932289,3.5429839e-06,-0.0211193543,-0.00591977686,0.999759436],"scale":1,"type":"guardrail1"}
{"pos":[181.509216,-74.6250839,131.063004],"rotationMatrix":[0.962688208,0.269722044,0.0219414812,-0.269787014,0.96292001,2.32388265e-06,-0.0211272631,-0.0059217643,0.999759257],"scale":1,"type":"guardrail1"}
{"pos":[181.5233,-74.6211319,130.404587],"rotationMatrix":[0.962712944,0.269633681,0.0219414756,-0.269698709,0.962944746,4.56254929e-06,-0.0211271979,-0.00592197943,0.999759257],"scale":1,"type":"guardrail1"}
{"pos":[177.679352,-75.7571106,130.627853],"rotationMatrix":[0.954409778,0.296963602,0.0302423984,-0.297098905,0.95484674,-2.06832774e-05,-0.0288829952,-0.00896524265,0.999542594],"scale":1,"type":"guardrail1"}
{"pos":[177.669937,-75.760025,130.954941],"rotationMatrix":[0.954394042,0.297013849,0.0302443653,-0.297149152,0.954831064,-2.22818926e-05,-0.0288848765,-0.00896582194,0.999542534],"scale":0.99999994,"type":"guardrail1"}
{"pos":[177.688873,-75.7541504,130.296661],"rotationMatrix":[0.954425633,0.296912611,0.0302423928,-0.297047913,0.954862595,-1.94027089e-05,-0.0288830902,-0.00896492228,0.999542594],"scale":1,"type":"guardrail1"}
{"pos":[173.869919,-76.9688416,130.510361],"rotationMatrix":[0.951362908,0.306810409,0.0278571621,-0.30692932,0.951732278,-7.38212839e-06,-0.0265148245,-0.00854315609,0.999611914],"scale":1,"type":"guardrail1"}
{"pos":[173.861221,-76.9716415,130.837463],"rotationMatrix":[0.951361239,0.306815386,0.0278592985,-0.306934297,0.951730728,-7.49761239e-06,-0.0265168492,-0.00854384154,0.999611855],"scale":1,"type":"guardrail1"}
{"pos":[173.878723,-76.9660034,130.179138],"rotationMatrix":[0.951364398,0.30680564,0.0278571583,-0.306924552,0.951733828,-7.54697248e-06,-0.0265149176,-0.00854286551,0.999611914],"scale":1,"type":"guardrail1"}
{"pos":[170.063477,-78.1924438,130.401566],"rotationMatrix":[0.952336729,0.303839475,0.0271355696,-0.303951293,0.952687562,-4.83682379e-06,-0.0258531906,-0.00824328512,0.999631763],"scale":1,"type":"guardrail1"}
{"pos":[170.055023,-78.1951447,130.728668],"rotationMatrix":[0.952342212,0.303822726,0.0271311793,-0.303934485,0.952692926,-4.04892489e-06,-0.0258489121,-0.00824224576,0.999631882],"scale":1,"type":"guardrail1"}
{"pos":[170.072052,-78.1897125,130.070343],"rotationMatrix":[0.952331483,0.303856313,0.0271311887,-0.303968072,0.952682197,-5.00679016e-06,-0.0258489214,-0.00824224763,0.999631882],"scale":1,"type":"guardrail1"}
{"pos":[166.247116,-79.3865738,130.290924],"rotationMatrix":[0.955965757,0.29210946,0.0283111297,-0.292227715,0.956348777,4.06093895e-05,-0.0270634517,-0.00831211824,0.999599159],"scale":1,"type":"guardrail1"}
{"pos":[166.23822,-79.3892899,130.618011],"rotationMatrix":[0.955977142,0.292072296,0.0283111595,-0.2921893,0.956360519,-3.66801396e-06,-0.0270767473,-0.00826871209,0.999599159],"scale":1,"type":"guardrail1"}
{"pos":[166.256119,-79.3838272,129.959702],"rotationMatrix":[0.955954254,0.292147279,0.0283090547,-0.292264283,0.956337571,-5.74626029e-06,-0.0270746909,-0.00826823246,0.999599218],"scale":1,"type":"guardrail1"}
{"pos":[162.41127,-80.5154343,130.174332],"rotationMatrix":[0.962150991,0.270910203,0.0295488853,-0.27102834,0.962571383,-6.47967681e-06,-0.0284446646,-0.00800235197,0.999563336],"scale":1,"type":"guardrail1"}
{"pos":[162.402008,-80.5180435,130.501419],"rotationMatrix":[0.962169349,0.270845056,0.0295488872,-0.270963252,0.962589681,-4.49363142e-06,-0.0284446701,-0.00800233893,0.999563336],"scale":1,"type":"guardrail1"}
{"pos":[162.42067,-80.5127945,129.843124],"rotationMatrix":[0.962132394,0.270976037,0.0295509044,-0.271094173,0.962552845,-8.74092802e-06,-0.0284466762,-0.00800266862,0.999563277],"scale":1,"type":"guardrail1"}
{"pos":[158.546097,-81.5326004,130.061905],"rotationMatrix":[0.971522331,0.235528767,0.0258951522,-0.235607475,0.971848309,-1.17050949e-05,-0.0251689181,-0.00608971994,0.999664664],"scale":0.99999994,"type":"guardrail1"}
{"pos":[158.537949,-81.534584,130.389038],"rotationMatrix":[0.971545637,0.23543264,0.025895156,-0.235511377,0.971871614,-9.07713547e-06,-0.0251689032,-0.0060897856,0.999664664],"scale":1,"type":"guardrail1"}
{"pos":[158.554367,-81.5305939,129.730667],"rotationMatrix":[0.971498847,0.235625818,0.0258928519,-0.235704497,0.971824765,-1.42443459e-05,-0.0251666699,-0.00608922262,0.999664724],"scale":0.99999994,"type":"guardrail1"}
{"pos":[154.635666,-82.3574829,129.969757],"rotationMatrix":[0.98487699,0.171892658,0.021684669,-0.171932504,0.985108733,-2.6603695e-05,-0.021366328,-0.00370209804,0.99976486],"scale":1,"type":"guardrail1"}
{"pos":[154.62854,-82.3587112,130.296921],"rotationMatrix":[0.984904885,0.17173323,0.0216819197,-0.171773106,0.985136509,-2.31061131e-05,-0.0213636197,-0.00370161352,0.999764919],"scale":1,"type":"guardrail1"}
{"pos":[154.642883,-82.3562393,129.638504],"rotationMatrix":[0.984848797,0.172054186,0.0216846596,-0.172094002,0.98508054,-3.0179508e-05,-0.0213663299,-0.00370207801,0.99976486],"scale":0.99999994,"type":"guardrail1"}
{"pos":[150.667038,-82.8581848,129.862808],"rotationMatrix":[0.995143354,0.0928161666,0.0327850394,-0.0928650871,0.995678723,-3.06359725e-05,-0.0326462053,-0.00301409839,0.999462426],"scale":1,"type":"guardrail1"}
{"pos":[150.656189,-82.8591919,130.18985],"rotationMatrix":[0.995142639,0.0928247124,0.0327832252,-0.092873618,0.995677888,-3.10628675e-05,-0.0326444134,-0.00301378476,0.999462485],"scale":1,"type":"guardrail1"}
{"pos":[150.678009,-82.8571701,129.531631],"rotationMatrix":[0.995144129,0.0928073823,0.0327868648,-0.0928563029,0.995679498,-3.04887071e-05,-0.0326480381,-0.00301412656,0.999462366],"scale":1,"type":"guardrail1"}
{"pos":[146.679611,-83.2126846,129.692459],"rotationMatrix":[0.995249569,0.0809978768,0.0540153906,-0.0811155364,0.996704698,-1.42382924e-05,-0.0538385436,-0.00436731614,0.998540103],"scale":1,"type":"guardrail1"}
{"pos":[146.661926,-83.2141113,130.019211],"rotationMatrix":[0.995257795,0.0808975175,0.0540142916,-0.0810153261,0.996712863,-8.49575736e-06,-0.0538374297,-0.00436753035,0.998540163],"scale":1,"type":"guardrail1"}
{"pos":[146.697525,-83.2112503,129.361603],"rotationMatrix":[0.995241284,0.0811003894,0.0540142916,-0.081217885,0.996696353,-1.99296046e-05,-0.053837467,-0.00436709169,0.998540163],"scale":1,"type":"guardrail1"}
{"pos":[142.692413,-83.4791641,129.439087],"rotationMatrix":[0.996446133,0.0501130894,0.0677038953,-0.0502277985,0.998737812,-8.01065471e-06,-0.0676188394,-0.00339263584,0.99770546],"scale":1,"type":"guardrail1"}
{"pos":[142.670288,-83.4802704,129.765564],"rotationMatrix":[0.996456861,0.0498985685,0.0677039027,-0.0500137694,0.998748541,6.56209886e-06,-0.0676188469,-0.00339266635,0.99770546],"scale":1,"type":"guardrail1"}
{"pos":[142.714828,-83.4780426,129.10849],"rotationMatrix":[0.996435165,0.0503302291,0.0677038804,-0.0504444391,0.998726845,-2.27532582e-05,-0.0676188245,-0.00339261256,0.99770546],"scale":1,"type":"guardrail1"}
{"pos":[138.703064,-83.5887909,129.161667],"rotationMatrix":[0.997460783,0.00228839298,0.0711811408,-0.00229349989,0.999997377,-9.98828182e-06,-0.0711809769,-0.00015329101,0.997463405],"scale":1,"type":"guardrail1"}
{"pos":[138.679764,-83.5888367,129.488068],"rotationMatrix":[0.997461677,0.00195069844,0.0711786374,-0.00195662677,0.999998093,1.35642331e-05,-0.0711784735,-0.000152799825,0.997463584],"scale":1,"type":"guardrail1"}
{"pos":[138.726654,-83.5887451,128.831161],"rotationMatrix":[0.997459948,0.00263060606,0.0711811259,-0.00263484218,0.999996543,-3.43826941e-05,-0.071180962,-0.000153255649,0.997463405],"scale":1,"type":"guardrail1"}
{"pos":[134.716309,-83.4615784,128.868088],"rotationMatrix":[0.994746268,-0.0697076693,0.0749711022,0.0699060783,0.997553587,-2.23538373e-05,-0.0747861341,0.00526317209,0.997185707],"scale":1,"type":"guardrail1"}
{"pos":[134.691971,-83.4598694,129.194397],"rotationMatrix":[0.9947083,-0.0702495947,0.0749695301,0.0704465285,0.997515559,1.75856985e-05,-0.0747845024,0.00526385009,0.997185826],"scale":1,"type":"guardrail1"}
{"pos":[134.740952,-83.4633102,128.537659],"rotationMatrix":[0.994784415,-0.0691593215,0.0749726668,0.0693592802,0.997591734,-6.35406468e-05,-0.0747877136,0.00526325963,0.997185588],"scale":0.99999994,"type":"guardrail1"}
{"pos":[130.765167,-82.9684143,128.588089],"rotationMatrix":[0.980870545,-0.1844749,0.0621448457,0.184836224,0.98276931,-6.63814135e-05,-0.0610617995,0.0115517303,0.998067141],"scale":1,"type":"guardrail1"}
{"pos":[130.745422,-82.9647598,128.914688],"rotationMatrix":[0.980731308,-0.185215056,0.0621410385,0.185574889,0.982630134,-1.96709298e-05,-0.0610580146,0.0115511101,0.998067379],"scale":1,"type":"guardrail1"}
{"pos":[130.785172,-82.9721146,128.25737],"rotationMatrix":[0.981010914,-0.183728427,0.062140923,0.184091151,0.982909143,-0.000113612972,-0.0610580109,0.0115510495,0.998067379],"scale":1,"type":"guardrail1"}
{"pos":[126.948166,-81.8611679,128.382263],"rotationMatrix":[0.921748579,-0.385482669,0.0422217287,0.38583231,0.922568917,-0.000143786892,-0.0388970263,0.0164230429,0.999108255],"scale":1,"type":"guardrail1"}
{"pos":[126.93602,-81.8562851,128.709213],"rotationMatrix":[0.921383798,-0.386353374,0.0422246717,0.386702299,0.922204614,-0.000104338862,-0.0388994776,0.0164245144,0.999108136],"scale":1,"type":"guardrail1"}
{"pos":[126.960457,-81.8661194,128.051193],"rotationMatrix":[0.922115088,-0.384606004,0.0422131084,0.38495636,0.922934771,-0.000184701756,-0.0388889052,0.0164205208,0.999108613],"scale":1,"type":"guardrail1"}
{"pos":[123.663284,-79.7073288,128.36911],"rotationMatrix":[0.706436515,-0.706205845,-0.0471252799,0.706962109,0.707250893,-0.000866411254,0.0339412615,-0.03270372,0.998888612],"scale":1,"type":"guardrail1"}
{"pos":[123.672043,-79.7165527,128.69603],"rotationMatrix":[0.707125127,-0.705512524,-0.0471816361,0.70627141,0.707940698,-0.000821314752,0.0339812487,-0.0327422693,0.998885989],"scale":1,"type":"guardrail1"}
{"pos":[123.654404,-79.697998,128.038071],"rotationMatrix":[0.705747366,-0.706897914,-0.0470738485,0.707651794,0.706560731,-0.000911878422,0.0339051411,-0.0326683372,0.998890996],"scale":1,"type":"guardrail1"}
{"pos":[121.239555,-76.5692291,128.602402],"rotationMatrix":[0.498774827,-0.864503801,-0.0621032119,0.866183221,0.499726474,0.000240659341,0.0308265667,-0.0539127961,0.998069704],"scale":1,"type":"guardrail1"}
{"pos":[121.249519,-76.5865021,128.929016],"rotationMatrix":[0.500094414,-0.863741338,-0.0621008575,0.86542207,0.501043439,0.000335229561,0.0308256801,-0.0539110973,0.998069823],"scale":1,"type":"guardrail1"}
{"pos":[121.229469,-76.5517349,128.271667],"rotationMatrix":[0.497434795,-0.865275562,-0.0621035099,0.866953433,0.498389125,0.000143885612,0.0308272149,-0.0539124273,0.998069704],"scale":1,"type":"guardrail1"}
{"pos":[119.853813,-72.852623,128.824265],"rotationMatrix":[0.186101735,-0.981477141,-0.045483619,0.982493639,0.186295867,-3.02325934e-05,0.00850308314,-0.0446817428,0.998965085],"scale":1,"type":"guardrail1"}
{"pos":[119.856758,-72.8667984,129.151169],"rotationMatrix":[0.187263846,-0.981256187,-0.0454810038,0.982272804,0.187456787,2.37617642e-05,0.008502407,-0.0446792021,0.998965204],"scale":1,"type":"guardrail1"}
{"pos":[119.85083,-72.8382721,128.493256],"rotationMatrix":[0.184916317,-0.981701076,-0.0454861596,0.982717454,0.185111642,-8.47503543e-05,0.00850321725,-0.0446843728,0.998964965],"scale":0.99999994,"type":"guardrail1"}
{"pos":[119.615562,-68.8714142,128.954926],"rotationMatrix":[-0.045789361,-0.998658359,-0.0241817031,0.998950541,-0.0458021164,-2.4096109e-05,-0.00108351,-0.0241574273,0.99970758],"scale":0.99999994,"type":"guardrail1"}
{"pos":[119.615265,-68.8792038,129.282074],"rotationMatrix":[-0.0454517603,-0.998673677,-0.0241866335,0.998965979,-0.0454646349,-1.59237534e-05,-0.00108373445,-0.0241623465,0.99970746],"scale":1,"type":"guardrail1"}
{"pos":[119.61586,-68.8635254,128.623688],"rotationMatrix":[-0.0461318493,-0.998642504,-0.0241866186,0.998934805,-0.0461444855,-3.25702131e-05,-0.00108355377,-0.0241623558,0.99970746],"scale":1,"type":"guardrail1"}
{"pos":[120.093887,-64.9023438,129.021271],"rotationMatrix":[-0.184536338,-0.982759595,-0.0114040747,0.982823491,-0.18454814,-1.29695982e-05,-0.00209185435,-0.0112105859,0.999934971],"scale":1,"type":"guardrail1"}
{"pos":[120.093216,-64.905983,129.34848],"rotationMatrix":[-0.184438705,-0.982777894,-0.0114040785,0.98284179,-0.184450626,-1.18250027e-05,-0.00209186645,-0.0112105859,0.999934971],"scale":1,"type":"guardrail1"}
{"pos":[120.094559,-64.8986664,128.689941],"rotationMatrix":[-0.184635401,-0.982740998,-0.0114040747,0.982804894,-0.184647202,-1.41197816e-05,-0.00209185435,-0.0112105869,0.999934971],"scale":1,"type":"guardrail1"}
{"pos":[120.99765,-61.005043,129.051865],"rotationMatrix":[-0.258219481,-0.966077507,-0.00411429815,0.966085732,-0.258221507,-1.3835961e-05,-0.00104903395,-0.00397833716,0.999991536],"scale":0.999999821,"type":"guardrail1"}
{"pos":[120.997269,-61.0064812,129.379105],"rotationMatrix":[-0.258209109,-0.966080427,-0.00408522366,0.966088533,-0.258211255,-1.36499293e-05,-0.00104166334,-0.00395021215,0.999991655],"scale":1,"type":"guardrail1"}
{"pos":[120.998032,-61.0035858,128.72052],"rotationMatrix":[-0.258230448,-0.966074646,-0.00411429862,0.966082871,-0.258232474,-1.39269978e-05,-0.00104899087,-0.00397834973,0.999991536],"scale":0.999999881,"type":"guardrail1"}
{"pos":[721.41925,191.413391,150.175049],"rotationMatrix":[0.707693338,-0.705517352,0.037622638,0.70603019,0.7081815,-0.000491589308,-0.0262968317,0.0269106124,0.999291897],"scale":1,"type":"guardrail1"}
{"pos":[721.411072,191.421646,150.502045],"rotationMatrix":[0.707277656,-0.705933213,0.0376371667,0.706446171,0.707766593,-0.00046962779,-0.0263068005,0.0269207917,0.99929136],"scale":1,"type":"guardrail1"}
{"pos":[721.427612,191.405029,149.843903],"rotationMatrix":[0.708110094,-0.705098927,0.0376239307,0.705612123,0.708598137,-0.000513530336,-0.026298156,0.0269115381,0.999291837],"scale":0.99999994,"type":"guardrail1"}
{"pos":[719.192383,194.658905,150.128708],"rotationMatrix":[0.380906522,-0.924458146,-0.0169524644,0.924590468,0.38096261,-8.24038871e-05,0.00653443439,-0.0156426989,0.999856293],"scale":1,"type":"guardrail1"}
{"pos":[719.19397,194.653946,150.455872],"rotationMatrix":[0.381386578,-0.924260259,-0.0169489868,0.924392581,0.381442487,-7.38608651e-05,0.00653332984,-0.015639348,0.999856353],"scale":0.99999994,"type":"guardrail1"}
{"pos":[719.190796,194.663925,149.797424],"rotationMatrix":[0.380425274,-0.924656332,-0.016948903,0.924788535,0.380481303,-9.11336392e-05,0.0065330076,-0.0156394839,0.999856353],"scale":1,"type":"guardrail1"}
{"pos":[718.070679,198.485291,150.224915],"rotationMatrix":[0.239748478,-0.970600069,-0.0213551521,0.97082144,0.239803433,-1.02557242e-05,0.0051309932,-0.0207295809,0.999771953],"scale":1,"type":"guardrail1"}
{"pos":[718.072388,198.478302,150.552063],"rotationMatrix":[0.239762604,-0.970596611,-0.0213551521,0.970817983,0.23981756,-9.96142626e-06,0.0051310081,-0.0207295772,0.999771953],"scale":0.99999994,"type":"guardrail1"}
{"pos":[718.068909,198.49234,149.893646],"rotationMatrix":[0.239735484,-0.970603406,-0.0213523638,0.970824659,0.23979038,-9.96980816e-06,0.00512976758,-0.0207270123,0.999772012],"scale":1,"type":"guardrail1"}
{"pos":[717.112915,202.368774,150.306305],"rotationMatrix":[0.240906477,-0.97034204,-0.0200095922,0.970536351,0.240954816,-5.35603613e-06,0.00482660439,-0.0194187462,0.999799788],"scale":0.99999994,"type":"guardrail1"}
{"pos":[717.114502,202.362442,150.633453],"rotationMatrix":[0.240893602,-0.970345199,-0.0200125724,0.97053951,0.240942001,-6.17746264e-06,0.00482786447,-0.0194215029,0.999799728],"scale":1,"type":"guardrail1"}
{"pos":[717.111328,202.375168,149.975006],"rotationMatrix":[0.240920186,-0.970338523,-0.0200125761,0.970532835,0.240968585,-4.74881381e-06,0.00482700951,-0.019421719,0.999799728],"scale":1,"type":"guardrail1"}
{"pos":[716.125,206.24469,150.382706],"rotationMatrix":[0.254243672,-0.966975212,-0.017863309,0.967129469,0.254284263,-4.40329313e-06,0.00454661623,-0.017275013,0.999840438],"scale":1,"type":"guardrail1"}
{"pos":[716.126465,206.239044,150.709869],"rotationMatrix":[0.254217803,-0.966981828,-0.017873317,0.967136323,0.254258454,-4.77489084e-06,0.00454905955,-0.0172847211,0.99984026],"scale":1,"type":"guardrail1"}
{"pos":[716.123474,206.250412,150.051407],"rotationMatrix":[0.254270911,-0.966968,-0.0178699791,0.967122376,0.254311621,-4.26080078e-06,0.00454866374,-0.0172813721,0.999840319],"scale":1,"type":"guardrail1"}
{"pos":[715.063721,210.101562,150.448212],"rotationMatrix":[0.277554333,-0.960591912,-0.0150573291,0.96070075,0.277585804,-3.93856317e-06,0.00418348424,-0.0144644957,0.999886632],"scale":1,"type":"guardrail1"}
{"pos":[715.065063,210.096878,150.775406],"rotationMatrix":[0.277520001,-0.960601985,-0.0150494101,0.960710824,0.277551472,-4.71947715e-06,0.00418152008,-0.0144568197,0.999886751],"scale":1,"type":"guardrail1"}
{"pos":[715.062378,210.106308,150.116898],"rotationMatrix":[0.277588606,-0.960581899,-0.0150652425,0.960690856,0.277620196,-3.64426523e-06,0.00418591592,-0.0144720301,0.999886513],"scale":1,"type":"guardrail1"}
{"pos":[713.888672,213.926147,150.497894],"rotationMatrix":[0.310313284,-0.950593114,-0.00884976052,0.950630426,0.310325265,2.62651592e-05,0.0027213362,-0.00842100196,0.99996084],"scale":1,"type":"guardrail1"}
{"pos":[713.889648,213.923157,150.825104],"rotationMatrix":[0.310295939,-0.950598776,-0.00884975865,0.950636089,0.31030792,2.63531692e-05,0.00272109872,-0.00842107832,0.99996084],"scale":1,"type":"guardrail1"}
{"pos":[713.887695,213.929169,150.166565],"rotationMatrix":[0.310330093,-0.95058769,-0.00884975679,0.950625002,0.310342073,2.66726129e-05,0.00272109732,-0.00842107646,0.99996084],"scale":1,"type":"guardrail1"}
{"pos":[712.650696,217.730072,150.532532],"rotationMatrix":[0.306438386,-0.951851547,-0.00861085206,0.951886833,0.306449711,1.15018338e-07,0.00263868389,-0.00819659233,0.999962926],"scale":0.99999994,"type":"guardrail1"}
{"pos":[712.65155,217.727478,150.859756],"rotationMatrix":[0.306443989,-0.951849759,-0.00860392861,0.951885045,0.306455374,1.01514161e-07,0.00263662287,-0.0081899818,0.999962986],"scale":1.00000012,"type":"guardrail1"}
{"pos":[712.649841,217.732697,150.201202],"rotationMatrix":[0.306433737,-0.951852977,-0.00861085206,0.951888263,0.306445062,1.2665987e-07,0.00263863197,-0.00819660816,0.999962926],"scale":0.99999994,"type":"guardrail1"}
{"pos":[711.441956,221.543213,150.562485],"rotationMatrix":[0.297772467,-0.954609096,-0.00728336582,0.954634368,0.297780395,1.97906047e-08,0.00216882443,-0.00695295725,0.999973476],"scale":1,"type":"guardrail1"}
{"pos":[711.442688,221.540894,150.889709],"rotationMatrix":[0.297780395,-0.954606712,-0.00727517717,0.954631984,0.297788262,3.92086804e-07,0.00216608844,-0.00694523333,0.999973536],"scale":1,"type":"guardrail1"}
{"pos":[711.441223,221.545563,150.23114],"rotationMatrix":[0.297766209,-0.954611003,-0.00728336629,0.954636276,0.297774136,1.72294676e-08,0.00216878136,-0.00695297122,0.999973476],"scale":1,"type":"guardrail1"}
{"pos":[710.270203,225.368103,150.592819],"rotationMatrix":[0.287841916,-0.957656324,-0.0064315768,0.957676113,0.287847817,2.20257789e-07,0.00185110443,-0.0061594313,0.999979317],"scale":1,"type":"guardrail1"}
{"pos":[710.270813,225.366119,150.920044],"rotationMatrix":[0.287849605,-0.957654059,-0.00643157726,0.957673848,0.287855506,5.47617674e-07,0.0018508411,-0.00615951093,0.999979317],"scale":0.99999994,"type":"guardrail1"}
{"pos":[710.269592,225.370117,150.261475],"rotationMatrix":[0.287837207,-0.957657695,-0.00644083694,0.957677603,0.287843168,-1.7345883e-07,0.00185411703,-0.00616819505,0.999979258],"scale":1,"type":"guardrail1"}
{"pos":[709.14209,229.207092,150.608475],"rotationMatrix":[0.275650263,-0.961255014,-0.00239207735,0.961257756,0.275651097,2.42027454e-07,0.000659146055,-0.0022994699,0.999997139],"scale":1,"type":"guardrail1"}
{"pos":[709.142334,229.20639,150.935715],"rotationMatrix":[0.27565378,-0.961254179,-0.00234171213,0.961256802,0.275654495,1.28173269e-07,0.000645380467,-0.00225102203,0.999997258],"scale":1,"type":"guardrail1"}
{"pos":[709.141907,229.207809,150.27713],"rotationMatrix":[0.275649786,-0.961255312,-0.00234171213,0.961257935,0.275650501,1.18277967e-07,0.000645380642,-0.00225102203,0.999997258],"scale":0.99999994,"type":"guardrail1"}
{"pos":[708.078491,233.063126,150.615036],"rotationMatrix":[0.251423836,-0.967875659,-0.00165583822,0.967876971,0.251424134,2.71084718e-06,0.000413693953,-0.00160332932,0.999998629],"scale":0.99999994,"type":"guardrail1"}
{"pos":[708.078613,233.062622,150.942276],"rotationMatrix":[0.251430809,-0.967873812,-0.00169145223,0.967875242,0.251431167,2.79088272e-06,0.000422582496,-0.00163781643,0.999998569],"scale":0.99999994,"type":"guardrail1"}
{"pos":[708.078369,233.063629,150.283691],"rotationMatrix":[0.251416802,-0.967877388,-0.00169145199,0.967878819,0.25141716,2.77592335e-06,0.000422573241,-0.00163781841,0.999998569],"scale":0.99999994,"type":"guardrail1"}
{"pos":[707.181702,236.963089,150.609802],"rotationMatrix":[0.199983537,-0.979768634,0.0077434727,0.979797959,0.199989557,2.13552266e-06,-0.00155070564,0.00758661237,0.999970019],"scale":0.99999994,"type":"guardrail1"}
{"pos":[707.181335,236.965149,150.937027],"rotationMatrix":[0.199962378,-0.979772925,0.00775116682,0.97980237,0.199968457,2.6463531e-06,-0.00155258109,0.00759408204,0.999969959],"scale":1,"type":"guardrail1"}
{"pos":[707.182129,236.961029,150.278458],"rotationMatrix":[0.20000428,-0.979764342,0.00775116635,0.979793787,0.200010359,2.38069333e-06,-0.00155264558,0.00759406853,0.999969959],"scale":0.99999994,"type":"guardrail1"}
{"pos":[706.456909,240.896347,150.578033],"rotationMatrix":[0.163037896,-0.986597955,0.00656911824,0.986619294,0.163041472,1.0500662e-07,-0.00107114227,0.00648120046,0.999978423],"scale":0.99999994,"type":"guardrail1"}
{"pos":[706.456543,240.898422,150.905258],"rotationMatrix":[0.163020015,-0.986600816,0.00656911731,0.986622155,0.163023591,5.17582521e-07,-0.00107143144,0.00648115296,0.999978423],"scale":1,"type":"guardrail1"}
{"pos":[706.457275,240.894226,150.246704],"rotationMatrix":[0.163057208,-0.986594737,0.00656911824,0.986616075,0.163060784,-4.79631126e-08,-0.00107111805,0.00648120511,0.999978423],"scale":0.99999994,"type":"guardrail1"}
{"pos":[705.87738,244.851013,150.566147],"rotationMatrix":[0.126458168,-0.991971076,-0.00129186967,0.99197191,0.126458287,1.98138878e-07,0.000163171091,-0.00128152349,0.999999166],"scale":0.99999994,"type":"guardrail1"}
{"pos":[705.877441,244.85051,150.893372],"rotationMatrix":[0.126464903,-0.991970241,-0.00133721228,0.991971076,0.126464963,1.53435394e-07,0.000168958388,-0.0013264952,0.999999106],"scale":0.99999994,"type":"guardrail1"}
{"pos":[705.877319,244.851532,150.234802],"rotationMatrix":[0.126454532,-0.991971493,-0.00133721228,0.991972327,0.126454592,2.55997293e-07,0.000168842671,-0.0013265101,0.999999106],"scale":1,"type":"guardrail1"}
{"pos":[705.457825,248.823837,150.599518],"rotationMatrix":[0.0819680095,-0.996516943,-0.0153357759,0.996634126,0.0819774866,7.55209476e-06,0.00124966307,-0.0152847776,0.9998824],"scale":1,"type":"guardrail1"}
{"pos":[705.458191,248.819061,150.926697],"rotationMatrix":[0.0820317864,-0.996511579,-0.015343545,0.996628881,0.0820412636,8.55466351e-06,0.0012502782,-0.0152925234,0.999882281],"scale":0.99999994,"type":"guardrail1"}
