{"pos":[-358.100403,-490.082123,108.068642],"rotationMatrix":[0.822469711,0.568788826,0.00478156935,-0.568239152,0.821992874,-0.0378413647,-0.0254541636,0.0284062997,0.999272346],"scale":1,"type":"jerseybarrier_3m"}
{"pos":[952.296265,357.877686,151.533386],"rotationMatrix":[0.955273867,0.293523908,-0.0359942429,-0.294839382,0.954739571,-0.0392694995,0.0228385888,0.048125647,0.998580158],"scale":0.99999994,"type":"jerseybarrier_3m"}
{"pos":[951.439209,360.658264,151.418411],"rotationMatrix":[0.952575445,0.302069992,-0.0367941111,-0.303426355,0.952032983,-0.039568264,0.0230768211,0.048856061,0.998539209],"scale":0.999999881,"type":"jerseybarrier_3m"}
{"pos":[950.571167,363.435669,151.300964],"rotationMatrix":[0.952222407,0.303164005,-0.0369339362,-0.304541647,0.951649427,-0.0402206182,0.0229547136,0.0495468974,0.998507977],"scale":0.99999994,"type":"jerseybarrier_3m"}
{"pos":[949.692627,366.209503,151.181229],"rotationMatrix":[0.950437963,0.308615386,-0.0377388187,-0.310054064,0.949823201,-0.0412594751,0.0231118947,0.0509156436,0.998435497],"scale":0.99999994,"type":"jerseybarrier_3m"}
{"pos":[948.807007,368.980896,151.05957],"rotationMatrix":[0.950737298,0.307590425,-0.0385573544,-0.309095263,0.950091898,-0.0422550291,0.023635786,0.0520913303,0.998362601],"scale":1,"type":"jerseybarrier_3m"}
{"pos":[947.914673,371.750183,150.935837],"rotationMatrix":[0.94972831,0.310587406,-0.0393902846,-0.31214267,0.949078798,-0.0426197201,0.0241473354,0.0527725443,0.998314559],"scale":1,"type":"jerseybarrier_3m"}
{"pos":[947.015015,374.516815,150.809937],"rotationMatrix":[0.947076261,0.31856963,-0.0394964442,-0.320136636,0.946390033,-0.043109145,0.0236457754,0.0534719042,0.998289347],"scale":0.99999994,"type":"jerseybarrier_3m"}
{"pos":[946.108154,377.281067,150.681976],"rotationMatrix":[0.951156497,0.306063265,-0.0403312147,-0.307706088,0.950463355,-0.0440043211,0.0248652343,0.0542651564,0.998216927],"scale":0.999999881,"type":"jerseybarrier_3m"}
{"pos":[945.196899,380.043457,150.552353],"rotationMatrix":[0.947286129,0.317730665,-0.0411850587,-0.319432378,0.946547687,-0.0448376313,0.0247373339,0.055629909,0.998144984],"scale":0.99999994,"type":"jerseybarrier_3m"}
{"pos":[944.281128,382.804688,150.421021],"rotationMatrix":[0.950108409,0.309071898,-0.0420541391,-0.310840487,0.949382305,-0.0452931598,0.0259266123,0.0561055392,0.998088181],"scale":0.99999994,"type":"jerseybarrier_3m"}
{"pos":[943.36145,385.564056,150.288025],"rotationMatrix":[0.947150111,0.31801495,-0.0421097241,-0.319786161,0.946394384,-0.0455462784,0.0253680088,0.056605272,0.998074293],"scale":0.99999994,"type":"jerseybarrier_3m"}
{"pos":[942.438477,388.322571,150.153198],"rotationMatrix":[0.945578396,0.322542936,-0.0429835506,-0.324378759,0.94479543,-0.0462607294,0.0256895907,0.0576860979,0.998004198],"scale":1,"type":"jerseybarrier_3m"}
{"pos":[941.514038,391.080353,150.01709],"rotationMatrix":[0.946402729,0.319994897,-0.0438764319,-0.321900815,0.945612311,-0.0468746424,0.026490448,0.0584861487,0.997936666],"scale":0.999999881,"type":"jerseybarrier_3m"}
{"pos":[940.588989,393.837677,149.879745],"rotationMatrix":[0.949037015,0.311964899,-0.0447957478,-0.313947409,0.948253512,-0.0474580713,0.0276724733,0.0591029786,0.99786824],"scale":0.99999994,"type":"jerseybarrier_3m"}
{"pos":[939.663452,396.59491,149.741333],"rotationMatrix":[0.947706878,0.315984398,-0.044783093,-0.317960948,0.946918786,-0.0473888293,0.0274318177,0.0591499954,0.997872114],"scale":0.99999994,"type":"jerseybarrier_3m"}
{"pos":[938.739746,399.352448,149.601562],"rotationMatrix":[0.94909668,0.311651826,-0.0457015187,-0.313698649,0.948317766,-0.04781859,0.0284368098,0.059720967,0.997810006],"scale":0.99999994,"type":"jerseybarrier_3m"}
{"pos":[937.818359,402.11087,149.460953],"rotationMatrix":[0.949748456,0.309519589,-0.0466420688,-0.311634004,0.948981881,-0.0481423549,0.0293614753,0.0602583848,0.997750878],"scale":0.999999881,"type":"jerseybarrier_3m"}
{"pos":[936.89978,404.869965,149.319885],"rotationMatrix":[0.949331939,0.310647726,-0.0476114899,-0.31284225,0.94854635,-0.0488831438,0.0299762655,0.0613012128,0.997669101],"scale":0.99999994,"type":"jerseybarrier_3m"}
{"pos":[935.986572,407.630768,149.178223],"rotationMatrix":[0.946187139,0.320112854,-0.0475150906,-0.322280675,0.945403576,-0.0484478734,0.0294121541,0.061153952,0.99769491],"scale":1,"type":"jerseybarrier_3m"}
{"pos":[935.080322,410.39389,149.035675],"rotationMatrix":[0.951524019,0.303729653,-0.0484800339,-0.305973411,0.95080018,-0.0485730544,0.0313417464,0.0610520318,0.997642398],"scale":0.99999994,"type":"jerseybarrier_3m"}
{"pos":[934.180542,413.158997,148.892792],"rotationMatrix":[0.950588763,0.306485444,-0.0494741574,-0.30878827,0.949889421,-0.0485790148,0.0321062133,0.0614557043,0.997593284],"scale":0.99999994,"type":"jerseybarrier_3m"}
{"pos":[933.288208,415.926453,148.750412],"rotationMatrix":[0.950242162,0.30739218,-0.050496757,-0.309788167,0.9495157,-0.0495093614,0.032728672,0.0626891777,0.997496307],"scale":0.99999994,"type":"jerseybarrier_3m"}
{"pos":[932.407837,418.697601,148.607727],"rotationMatrix":[0.950714767,0.305958867,-0.0503051244,-0.308315933,0.95003885,-0.048656702,0.0329048745,0.0617685169,0.997547925],"scale":0.99999994,"type":"jerseybarrier_3m"}
{"pos":[931.539917,421.472565,148.464706],"rotationMatrix":[0.95290947,0.298880428,-0.0513228998,-0.301298052,0.952298582,-0.048444964,0.0343954712,0.061627157,0.99750644],"scale":0.99999994,"type":"jerseybarrier_3m"}
{"pos":[930.683594,424.251068,148.321823],"rotationMatrix":[0.954339266,0.294098526,-0.0523703136,-0.296622604,0.953709364,-0.0495330915,0.0353784449,0.062805593,0.997398555],"scale":0.99999994,"type":"jerseybarrier_3m"}
{"pos":[929.839844,427.033356,148.180923],"rotationMatrix":[0.954270542,0.294126958,-0.0534519851,-0.296708137,0.953698456,-0.0492291152,0.0364974663,0.0628375337,0.997356176],"scale":1,"type":"jerseybarrier_3m"}
{"pos":[929.015625,429.821594,148.039658],"rotationMatrix":[0.960331559,0.273746401,-0.0531623438,-0.27626875,0.959888816,-0.0478440635,0.0379327983,0.0606332608,0.997439086],"scale":0.99999994,"type":"jerseybarrier_3m"}
{"pos":[928.209351,432.615021,147.898834],"rotationMatrix":[0.961481869,0.269462973,-0.0542428419,-0.272026807,0.961132288,-0.0471826345,0.0394205749,0.0601207539,0.997412384],"scale":1,"type":"jerseybarrier_3m"}
{"pos":[927.42041,435.4133,147.759583],"rotationMatrix":[0.960555494,0.272525519,-0.0553445332,-0.275207967,0.960160494,-0.0485018678,0.0399216376,0.0618199892,0.997288585],"scale":1,"type":"jerseybarrier_3m"}
{"pos":[926.649292,438.216614,147.622772],"rotationMatrix":[0.961947083,0.267643899,-0.054995399,-0.270239025,0.961654305,-0.0468173921,0.0403561704,0.0598977581,0.997388422],"scale":0.999999821,"type":"jerseybarrier_3m"}
{"pos":[925.906372,441.027588,147.485703],"rotationMatrix":[0.967395663,0.246976301,-0.0561102591,-0.249605551,0.967257261,-0.0459400415,0.042926956,0.0584476292,0.997367084],"scale":0.99999994,"type":"jerseybarrier_3m"}
{"pos":[925.1875,443.844543,147.349609],"rotationMatrix":[0.968362808,0.242891684,-0.0572464466,-0.2455412,0.968346298,-0.0448884852,0.0445313454,0.0575246997,0.997350395],"scale":0.999999881,"type":"jerseybarrier_3m"}
{"pos":[924.491455,446.66745,147.217102],"rotationMatrix":[0.969042122,0.239890724,-0.0583936162,-0.242677599,0.968994617,-0.046443183,0.04544181,0.0591762252,0.997212708],"scale":0.99999994,"type":"jerseybarrier_3m"}
{"pos":[923.81897,449.496124,147.086563],"rotationMatrix":[0.973895133,0.219470799,-0.0579727888,-0.222128958,0.974014878,-0.0442014299,0.0467654392,0.055924993,0.997339129],"scale":0.99999994,"type":"jerseybarrier_3m"}
{"pos":[923.184082,452.333496,146.95636],"rotationMatrix":[0.975531995,0.211754337,-0.0591387786,-0.214411184,0.975802839,-0.0428567491,0.0486326851,0.0544881485,0.997329414],"scale":1,"type":"jerseybarrier_3m"}
{"pos":[922.579346,455.177551,146.828537],"rotationMatrix":[0.976047575,0.209035024,-0.0602947734,-0.211840227,0.976287007,-0.0445805714,0.0495461039,0.0562856197,0.997184575],"scale":0.999999881,"type":"jerseybarrier_3m"}
{"pos":[922.004639,458.027618,146.705414],"rotationMatrix":[0.980647147,0.185871452,-0.0615057237,-0.188660771,0.981095254,-0.0431188941,0.052328404,0.0538881421,0.997174919],"scale":0.99999994,"type":"jerseybarrier_3m"}
{"pos":[921.459961,460.884064,146.583679],"rotationMatrix":[0.983092844,0.17263256,-0.061045114,-0.175243065,0.983698964,-0.0403263532,0.0530883707,0.0503422804,0.997320056],"scale":1,"type":"jerseybarrier_3m"}
{"pos":[920.963013,463.748932,146.462784],"rotationMatrix":[0.984213412,0.165674269,-0.062257912,-0.168246388,0.984988987,-0.0385978147,0.0549286939,0.0484631509,0.997313499],"scale":0.99999994,"type":"jerseybarrier_3m"}
{"pos":[920.49939,466.61969,146.347321],"rotationMatrix":[0.985075951,0.16000548,-0.0634317026,-0.162737846,0.985837281,-0.0405123606,0.0560511388,0.0502304882,0.997163534],"scale":1,"type":"jerseybarrier_3m"}
{"pos":[920.045288,469.491394,146.235199],"rotationMatrix":[0.985930979,0.154837102,-0.0629731566,-0.157377183,0.986823499,-0.0375737511,0.0563255772,0.0469556637,0.997307658],"scale":0.99999994,"type":"jerseybarrier_3m"}
{"pos":[919.589233,472.363495,146.124237],"rotationMatrix":[0.987457097,0.144240513,-0.0642120168,-0.146713033,0.988538504,-0.0355933867,0.0583420433,0.0445676781,0.99730134],"scale":0.99999994,"type":"jerseybarrier_3m"}
{"pos":[919.187195,475.243805,146.016205],"rotationMatrix":[0.988017619,0.139811635,-0.0653753206,-0.1424523,0.98908639,-0.0376228578,0.0594017282,0.0464849137,0.997151256],"scale":0.999999881,"type":"jerseybarrier_3m"}
{"pos":[918.776672,478.122223,145.950912],"rotationMatrix":[0.984649718,0.144422948,-0.0980150476,-0.147915602,0.988565385,-0.0293172449,0.0926601961,0.043365173,0.994753003],"scale":0.99999994,"type":"jerseybarrier_3m"}
{"pos":[918.36499,481.001312,145.864227],"rotationMatrix":[0.987113655,0.125993252,-0.0986526906,-0.129732937,0.991018414,-0.0324320383,0.0936804116,0.0448126085,0.994593263],"scale":1,"type":"jerseybarrier_3m"}
{"pos":[917.994995,483.886017,145.778748],"rotationMatrix":[0.990158439,0.116410956,-0.0776838288,-0.119137168,0.992380559,-0.0314183608,0.0734344795,0.0403641835,0.996482849],"scale":0.99999994,"type":"jerseybarrier_3m"}
{"pos":[917.638367,486.771637,145.705139],"rotationMatrix":[0.99023962,0.130345553,-0.0493505932,-0.13156563,0.991056025,-0.0223248918,0.045999255,0.0285998341,0.998531997],"scale":0.999999881,"type":"jerseybarrier_3m"}
{"pos":[917.277405,489.657776,145.645126],"rotationMatrix":[0.991841912,0.121948197,-0.0371245854,-0.122708365,0.992262244,-0.0189284682,0.034529034,0.0233295448,0.999131382],"scale":0.99999994,"type":"jerseybarrier_3m"}
{"pos":[916.97168,492.675262,145.598999],"rotationMatrix":[0.993897438,0.0917527899,-0.0612312593,-0.0926814601,0.99561739,-0.0124969073,0.0598162822,0.0180956479,0.998045385],"scale":1,"type":"jerseybarrier_3m"}
{"pos":[916.742432,495.575256,145.575623],"rotationMatrix":[0.991301835,0.0669838414,-0.11328654,-0.0684518591,0.997612774,-0.009114163,0.112405598,0.0167895611,0.993520558],"scale":0.99999994,"type":"jerseybarrier_3m"}
{"pos":[916.552917,498.476288,145.554642],"rotationMatrix":[0.985787868,0.0604406223,-0.156745836,-0.062726289,0.997983873,-0.00967201591,0.15584524,0.0193666387,0.987591624],"scale":0.999999881,"type":"jerseybarrier_3m"}
{"pos":[916.387146,501.380768,145.524719],"rotationMatrix":[0.984058321,0.0510738902,-0.170354456,-0.0537925623,0.998487294,-0.0113785453,0.16951561,0.0203609541,0.985317171],"scale":0.999999881,"type":"jerseybarrier_3m"}
{"pos":[916.274658,504.440979,145.474945],"rotationMatrix":[0.98906076,0.0158338174,-0.146656379,-0.018653404,0.999666274,-0.017870469,0.146324471,0.0204106215,0.98902607],"scale":0.99999994,"type":"jerseybarrier_3m"}
{"pos":[984.55542,312.763733,152.866562],"rotationMatrix":[0.978792369,0.204397961,-0.0136751309,-0.20468922,0.978503525,-0.02516401,0.0082376916,0.0274294931,0.999589801],"scale":1,"type":"jerseybarrier_3m"}
{"pos":[983.917725,315.717896,152.786606],"rotationMatrix":[0.977629602,0.209841937,-0.0143763721,-0.210163593,0.977303326,-0.0266353395,0.00846086629,0.0290608872,0.999541819],"scale":0.99999994,"type":"jerseybarrier_3m"}
{"pos":[983.264893,318.668427,152.703918],"rotationMatrix":[0.973867238,0.226652384,-0.0145368585,-0.22698158,0.97350502,-0.0277014356,0.00787310768,0.0302771199,0.999510527],"scale":1,"type":"jerseybarrier_3m"}
{"pos":[982.596191,321.615417,152.618408],"rotationMatrix":[0.975450575,0.21969007,-0.0152462581,-0.220053747,0.97505945,-0.0289028175,0.0085163461,0.0315482654,0.999465942],"scale":1,"type":"jerseybarrier_3m"}
{"pos":[981.904785,324.556885,152.530609],"rotationMatrix":[0.973741055,0.227098107,-0.0159612875,-0.227492929,0.973311186,-0.0302038137,0.00867607072,0.0330417752,0.999416292],"scale":1,"type":"jerseybarrier_3m"}
{"pos":[981.197266,327.494171,152.439255],"rotationMatrix":[0.973391831,0.228539467,-0.0166756939,-0.228959173,0.972961128,-0.0304021742,0.00927670673,0.0334112793,0.999398649],"scale":1,"type":"jerseybarrier_3m"}
{"pos":[980.475464,330.427979,152.345032],"rotationMatrix":[0.97108537,0.238136977,-0.0168511439,-0.238568157,0.970614791,-0.0314982496,0.00885507092,0.0346076377,0.999361753],"scale":0.99999994,"type":"jerseybarrier_3m"}
{"pos":[979.73999,333.358337,152.247864],"rotationMatrix":[0.970437586,0.240711123,-0.0175810866,-0.241178423,0.969926775,-0.0327881239,0.00915990025,0.0360590033,0.999307692],"scale":0.99999994,"type":"jerseybarrier_3m"}
{"pos":[978.990723,336.284882,152.148102],"rotationMatrix":[0.966026068,0.257794708,-0.0183173828,-0.258291811,0.965463877,-0.0341303498,0.00888614729,0.0377020389,0.999249518],"scale":1,"type":"jerseybarrier_3m"}
{"pos":[978.221191,339.206085,152.044861],"rotationMatrix":[0.96516341,0.260953128,-0.0190544352,-0.261478186,0.964598715,-0.0343283415,0.00942179561,0.0381147787,0.999228954],"scale":0.99999994,"type":"jerseybarrier_3m"}
{"pos":[977.435547,342.122894,151.938965],"rotationMatrix":[0.963212848,0.268050253,-0.0192373469,-0.268586993,0.962608695,-0.0352923162,0.00905792229,0.039160911,0.99919188],"scale":1,"type":"jerseybarrier_3m"}
{"pos":[976.635986,345.035614,151.830322],"rotationMatrix":[0.965447426,0.259830117,-0.0199893638,-0.260413826,0.964805663,-0.0365327932,0.00979353301,0.0404759981,0.999132514],"scale":0.999999881,"type":"jerseybarrier_3m"}
{"pos":[975.823975,347.944946,151.719147],"rotationMatrix":[0.963451505,0.267078251,-0.020746598,-0.267700464,0.962761045,-0.0377846546,0.00988255814,0.0419575535,0.999070525],"scale":0.99999994,"type":"jerseybarrier_3m"}
{"pos":[974.99646,350.849854,151.604858],"rotationMatrix":[0.963650048,0.266300678,-0.0215074122,-0.2669577,0.962959051,-0.037992686,0.0105932802,0.0423532203,0.999046564],"scale":1,"type":"jerseybarrier_3m"}
{"pos":[974.154663,353.75061,151.48761],"rotationMatrix":[0.961727321,0.273148596,-0.0216887556,-0.27381897,0.960989535,-0.0390166268,0.0101853283,0.0434621498,0.999003172],"scale":0.99999994,"type":"jerseybarrier_3m"}
{"pos":[973.30127,356.647858,151.367325],"rotationMatrix":[0.960089505,0.278789103,-0.0224662349,-0.279503286,0.959295571,-0.0403721407,0.0102964453,0.0450402573,0.998932123],"scale":1,"type":"jerseybarrier_3m"}
{"pos":[972.436646,359.541687,151.244385],"rotationMatrix":[0.958284855,0.284867615,-0.0232492648,-0.285624713,0.957440197,-0.0415549241,0.0104221283,0.046462018,0.998865664],"scale":0.999999881,"type":"jerseybarrier_3m"}
{"pos":[971.560425,362.43219,151.118591],"rotationMatrix":[0.956398845,0.291072637,-0.0240409095,-0.29186371,0.955546618,-0.0417881943,0.0108088087,0.0469828509,0.998837233],"scale":1,"type":"jerseybarrier_3m"}
{"pos":[970.668945,365.317963,150.990143],"rotationMatrix":[0.952943683,0.302127481,-0.0248459224,-0.302959442,0.952034354,-0.0429672785,0.0106725749,0.0484727062,0.998767495],"scale":0.99999994,"type":"jerseybarrier_3m"}
{"pos":[969.766724,368.2005,150.85907],"rotationMatrix":[0.952130079,0.304668725,-0.0250049215,-0.305514574,0.951180339,-0.0437808558,0.0104455333,0.049324438,0.998728216],"scale":1,"type":"jerseybarrier_3m"}
{"pos":[968.855347,371.0802,150.725662],"rotationMatrix":[0.950818062,0.308672398,-0.0258134753,-0.309566528,0.949816823,-0.0449061766,0.010656774,0.0506885946,0.998657644],"scale":1,"type":"jerseybarrier_3m"}
{"pos":[790.213257,611.886414,137.57518],"rotationMatrix":[-0.927092433,-0.369124442,-0.0651658028,0.361701339,-0.92660439,0.102841526,-0.0983442515,0.0717730522,0.992560863],"scale":0.999999881,"type":"jerseybarrier_3m"}
{"pos":[791.317749,609.084961,137.888885],"rotationMatrix":[-0.927076578,-0.36914289,-0.0652905479,0.361661077,-0.926564574,0.103341758,-0.0986437723,0.072192654,0.992500722],"scale":0.999999881,"type":"jerseybarrier_3m"}
{"pos":[789.109985,614.68457,137.266068],"rotationMatrix":[-0.927140951,-0.369061798,-0.0648311228,0.361839384,-0.926747799,0.101048842,-0.0973753631,0.07022807,0.992766857],"scale":0.999999881,"type":"jerseybarrier_3m"}
{"pos":[788.005554,617.486084,136.963898],"rotationMatrix":[-0.92717886,-0.368991673,-0.0646858811,0.361994386,-0.926924706,0.0988459438,-0.0964322835,0.0682319552,0.992998123],"scale":0.999999881,"type":"jerseybarrier_3m"}
{"pos":[805.665894,572.691711,141.75415],"rotationMatrix":[-0.929063797,-0.368178964,-0.0358447954,0.363373339,-0.926476598,0.0979844034,-0.0692851618,0.0780087113,0.994542181],"scale":0.999999881,"type":"jerseybarrier_3m"}
{"pos":[806.770325,569.890381,142.049332],"rotationMatrix":[-0.929101706,-0.368142247,-0.0352333337,0.363455355,-0.926552534,0.0969573185,-0.0683396235,0.0772774592,0.994664729],"scale":0.999999881,"type":"jerseybarrier_3m"}
{"pos":[808.977966,564.290588,142.500748],"rotationMatrix":[-0.930358648,-0.366637737,0.00305843074,0.365202099,-0.925910592,0.0965243429,-0.0325576328,0.0909192115,0.995325923],"scale":0.999999881,"type":"jerseybarrier_3m"}
{"pos":[807.873535,567.092041,142.278854],"rotationMatrix":[-0.92995286,-0.367284834,-0.0170250647,0.365297914,-0.928200364,0.0707237571,-0.0417784303,0.0595505238,0.997350633],"scale":0.999999881,"type":"jerseybarrier_3m"}
{"pos":[812.288391,555.894104,143.352097],"rotationMatrix":[-0.930304766,-0.366787374,-0.000244935974,0.365280986,-0.92654407,0.0899214074,-0.0332089812,0.0835648403,0.995948851],"scale":0.999999881,"type":"jerseybarrier_3m"}
{"pos":[813.392883,553.092773,143.621033],"rotationMatrix":[-0.930296063,-0.366808593,-0.000769501552,0.365329087,-0.92672801,0.0878053606,-0.0329208821,0.0814038664,0.996137381],"scale":0.999999881,"type":"jerseybarrier_3m"}
{"pos":[967.935181,373.957031,150.589691],"rotationMatrix":[0.953756809,0.299396992,-0.0266338792,-0.300345719,0.952759564,-0.045184534,0.0118475687,0.0510944314,0.99862355],"scale":0.99999994,"type":"jerseybarrier_3m"}
{"pos":[811.18512,558.692383,143.074768],"rotationMatrix":[-0.930326581,-0.366730362,0.0010693334,0.365224332,-0.926234007,0.0932820439,-0.0332189053,0.0871733129,0.995639145],"scale":0.999999881,"type":"jerseybarrier_3m"}
{"pos":[810.080688,561.493774,142.7901],"rotationMatrix":[-0.930343151,-0.366684347,0.00207395479,0.365206629,-0.926055908,0.0951026604,-0.0329520591,0.0892355219,0.995465338],"scale":0.999999881,"type":"jerseybarrier_3m"}
{"pos":[801.250183,583.891846,140.541275],"rotationMatrix":[-0.928969622,-0.368347555,-0.0365428329,0.362874895,-0.925732613,0.106493175,-0.073055394,0.0856684595,0.993641675],"scale":0.999999881,"type":"jerseybarrier_3m"}
{"pos":[802.354614,581.090454,140.853088],"rotationMatrix":[-0.929011941,-0.368238688,-0.0365660638,0.363226891,-0.926307917,0.100099966,-0.0707321092,0.0797122866,0.994305253],"scale":0.999999881,"type":"jerseybarrier_3m"}
{"pos":[804.562378,575.490723,141.456039],"rotationMatrix":[-0.929031134,-0.368213683,-0.0363340005,0.363292366,-0.926391482,0.0990845188,-0.0701437742,0.0788527206,0.994415462],"scale":0.999999881,"type":"jerseybarrier_3m"}
{"pos":[803.457886,578.292053,141.155243],"rotationMatrix":[-0.929019451,-0.36822781,-0.0364883542,0.363256842,-0.926348805,0.0996123254,-0.0704809576,0.0792871267,0.994357049],"scale":0.999999881,"type":"jerseybarrier_3m"}
{"pos":[799.043091,589.490051,139.906631],"rotationMatrix":[-0.928942919,-0.368310243,-0.0375844203,0.363061517,-0.926138282,0.102245249,-0.0724663436,0.0813345388,0.994048953],"scale":0.999999881,"type":"jerseybarrier_3m"}
{"pos":[800.147461,586.688782,140.220383],"rotationMatrix":[-0.928966761,-0.368332237,-0.0367709622,0.362939924,-0.925862551,0.105134256,-0.0727691948,0.0843205824,0.99377799],"scale":0.999999881,"type":"jerseybarrier_3m"}
{"pos":[797.939819,592.288452,139.603699],"rotationMatrix":[-0.928880095,-0.368294358,-0.0392535664,0.363197982,-0.926507711,0.0983388871,-0.0725863874,0.0770882368,0.994378507],"scale":0.999999881,"type":"jerseybarrier_3m"}
{"pos":[796.835388,595.089661,139.307465],"rotationMatrix":[-0.928855062,-0.368293852,-0.0398512185,0.36322698,-0.926605344,0.0973082036,-0.0727643594,0.0759101659,0.994456112],"scale":0.999999881,"type":"jerseybarrier_3m"}
{"pos":[967.005005,376.831085,150.451035],"rotationMatrix":[0.95198828,0.304899335,-0.0274713505,-0.305898845,0.950937688,-0.0462969728,0.0120076258,0.0524776317,0.998549879],"scale":1,"type":"jerseybarrier_3m"}
{"pos":[832.158447,505.494934,146.586197],"rotationMatrix":[-0.929076195,-0.366952211,-0.0465144441,0.366076857,-0.930209398,0.026424557,-0.0529647246,0.00752256438,0.998568058],"scale":0.999999881,"type":"jerseybarrier_3m"}
{"pos":[833.262817,502.693481,146.665878],"rotationMatrix":[-0.929076195,-0.366952211,-0.0465144441,0.366076857,-0.930209398,0.026424557,-0.0529647246,0.00752256438,0.998568058],"scale":0.999999881,"type":"jerseybarrier_3m"}
{"pos":[835.470581,497.093872,146.735229],"rotationMatrix":[-0.928538203,-0.366394252,-0.0597683527,0.366486579,-0.930371761,0.0098059671,-0.0591996349,-0.0127990851,0.998164117],"scale":0.999999881,"type":"jerseybarrier_3m"}
{"pos":[834.36615,499.895203,146.712234],"rotationMatrix":[-0.92846334,-0.36626491,-0.0616926998,0.366582721,-0.930362821,0.00649480615,-0.0597754121,-0.0165852867,0.998074055],"scale":0.999999881,"type":"jerseybarrier_3m"}
{"pos":[838.780945,488.697266,146.855621],"rotationMatrix":[-0.928573728,-0.366681665,-0.0574027561,0.366201013,-0.930340409,0.0190602951,-0.0603931732,-0.00332205836,0.998169124],"scale":0.999999881,"type":"jerseybarrier_3m"}
{"pos":[839.885376,485.895874,146.917297],"rotationMatrix":[-0.928533435,-0.366781086,-0.0574229434,0.366072744,-0.930307388,0.0227846913,-0.0617779717,0.000135372393,0.99808991],"scale":0.999999881,"type":"jerseybarrier_3m"}
{"pos":[837.677673,491.495605,146.805725],"rotationMatrix":[-0.928580523,-0.366529703,-0.0582599267,0.366366506,-0.930367708,0.0138446288,-0.0592776164,-0.00848863181,0.998205423],"scale":0.999999881,"type":"jerseybarrier_3m"}
{"pos":[836.573242,494.296936,146.766647],"rotationMatrix":[-0.928557158,-0.366438061,-0.059202414,0.36645034,-0.930372238,0.0110415118,-0.0591263063,-0.0114420718,0.998184919],"scale":0.999999881,"type":"jerseybarrier_3m"}
{"pos":[845.403809,471.898926,147.473099],"rotationMatrix":[-0.927941442,-0.3673127,-0.0632934645,0.365164489,-0.929943919,0.0431161448,-0.0746964887,0.0168967303,0.99706316],"scale":0.999999881,"type":"jerseybarrier_3m"}
{"pos":[846.508118,469.097534,147.602295],"rotationMatrix":[-0.927903414,-0.367286861,-0.063998118,0.365185916,-0.929971814,0.0423315391,-0.0750642568,0.0159083642,0.997051775],"scale":0.999999881,"type":"jerseybarrier_3m"}
{"pos":[966.066528,379.702454,150.309906],"rotationMatrix":[0.951030076,0.307864249,-0.0275925845,-0.308875084,0.949941039,-0.0469912477,0.0117444051,0.0532127507,0.998514116],"scale":1,"type":"jerseybarrier_3m"}
{"pos":[848.715881,463.497925,147.886688],"rotationMatrix":[-0.928164601,-0.367523849,-0.0586243905,0.364931405,-0.929666162,0.0504584387,-0.0730457902,0.025439851,0.997004092],"scale":0.999999881,"type":"jerseybarrier_3m"}
{"pos":[847.61145,466.299255,147.739365],"rotationMatrix":[-0.928083181,-0.367429972,-0.0604706854,0.365046978,-0.929801226,0.047012955,-0.0734996945,0.0215572938,0.997062206],"scale":0.999999881,"type":"jerseybarrier_3m"}
{"pos":[843.196533,477.497131,147.213058],"rotationMatrix":[-0.928052902,-0.367244989,-0.0620384105,0.365299195,-0.930002213,0.0406473801,-0.0726234093,0.0150603401,0.997245729],"scale":0.999999881,"type":"jerseybarrier_3m"}
{"pos":[844.301086,474.695801,147.343079],"rotationMatrix":[-0.927941442,-0.3673127,-0.0632934645,0.365164489,-0.929943919,0.0431161448,-0.0746964887,0.0168967303,0.99706316],"scale":0.999999881,"type":"jerseybarrier_3m"}
{"pos":[842.093323,480.295471,147.096283],"rotationMatrix":[-0.928221345,-0.367128104,-0.0601851456,0.365519851,-0.93009758,0.0362489,-0.069286041,0.0116481353,0.997528851],"scale":0.999999881,"type":"jerseybarrier_3m"}
{"pos":[840.988953,483.096802,146.995056],"rotationMatrix":[-0.928439498,-0.366916269,-0.0580734238,0.365874559,-0.930241585,0.028040247,-0.0643107444,0.00478608347,0.997918427],"scale":0.999999881,"type":"jerseybarrier_3m"}
{"pos":[823.328613,527.891113,145.895554],"rotationMatrix":[-0.929410458,-0.367443174,-0.0343750492,0.365335554,-0.929239988,0.0551623441,-0.0522117019,0.0387100317,0.997885525],"scale":0.999999881,"type":"jerseybarrier_3m"}
{"pos":[824.432983,525.089661,146.053864],"rotationMatrix":[-0.929324746,-0.367350847,-0.0375375859,0.365528554,-0.929581165,0.0476232134,-0.0523886569,0.0305363648,0.998159766],"scale":0.999999881,"type":"jerseybarrier_3m"}
{"pos":[826.640747,519.48999,146.317764],"rotationMatrix":[-0.929307222,-0.367206097,-0.0393412635,0.365786076,-0.929884434,0.0389305577,-0.0508783683,0.0217879601,0.998467147],"scale":0.999999881,"type":"jerseybarrier_3m"}
{"pos":[825.536377,522.291504,146.193802],"rotationMatrix":[-0.929308295,-0.367301553,-0.0384157449,0.365619093,-0.929701924,0.0444638282,-0.0520468205,0.0272750705,0.998272121],"scale":0.999999881,"type":"jerseybarrier_3m"}
{"pos":[965.121582,382.571777,150.166565],"rotationMatrix":[0.949235022,0.313280046,-0.0284345224,-0.314342022,0.948094726,-0.0480150841,0.0119164521,0.0545157604,0.998441815],"scale":1,"type":"jerseybarrier_3m"}
{"pos":[829.951111,511.093506,146.537918],"rotationMatrix":[-0.929596186,-0.366758198,-0.0365991369,0.36651805,-0.930315733,0.0133109465,-0.0389306545,-0.00104044052,0.999241352],"scale":0.999999881,"type":"jerseybarrier_3m"}
{"pos":[831.055542,508.292236,146.567596],"rotationMatrix":[-0.929717898,-0.366681695,-0.0341976881,0.366648138,-0.9303298,0.00747369742,-0.0345555916,-0.00559008913,0.999387145],"scale":0.999999881,"type":"jerseybarrier_3m"}
{"pos":[828.8479,513.891846,146.491043],"rotationMatrix":[-0.929515481,-0.366830826,-0.0379002318,0.366400778,-0.930283546,0.0179813765,-0.0418540761,0.00282729231,0.999119759],"scale":0.999999881,"type":"jerseybarrier_3m"}
{"pos":[827.743469,516.693176,146.423691],"rotationMatrix":[-0.929429531,-0.366939604,-0.0389380865,0.366228044,-0.930207491,0.0243149921,-0.045142632,0.00833885279,0.998945773],"scale":0.999999881,"type":"jerseybarrier_3m"}
{"pos":[818.912964,539.091248,144.964325],"rotationMatrix":[-0.930375457,-0.366561592,0.00582369696,0.365892589,-0.927451372,0.0771776363,-0.0228891633,0.0739350393,0.997000337],"scale":0.999999881,"type":"jerseybarrier_3m"}
{"pos":[820.017395,536.289795,145.18454],"rotationMatrix":[-0.930386543,-0.366340369,0.0132596949,0.366393834,-0.928151369,0.0655048341,-0.0116900643,0.0658030808,0.99776417],"scale":0.999999881,"type":"jerseybarrier_3m"}
{"pos":[822.225037,530.690186,145.718262],"rotationMatrix":[-0.929542303,-0.367486626,-0.030077802,0.365184397,-0.928834677,0.0625023767,-0.0509060919,0.0471146591,0.997591496],"scale":0.999999881,"type":"jerseybarrier_3m"}
{"pos":[821.120667,533.491455,145.450821],"rotationMatrix":[-0.930141926,-0.367115259,-0.00791045651,0.36477685,-0.926259279,0.0947714895,-0.0421191901,0.0852653831,0.995467603],"scale":0.999999881,"type":"jerseybarrier_3m"}
{"pos":[816.705872,544.689453,144.454788],"rotationMatrix":[-0.930315614,-0.366759866,0.000408474356,0.36529842,-0.926508069,0.0902214423,-0.0327111483,0.0840836242,0.995921671],"scale":0.999999881,"type":"jerseybarrier_3m"}
{"pos":[817.810242,541.888184,144.719147],"rotationMatrix":[-0.93033576,-0.366704285,0.0018101614,0.365499556,-0.92685616,0.0857181847,-0.0297554675,0.0804083049,0.996317804],"scale":0.999999881,"type":"jerseybarrier_3m"}
{"pos":[964.170898,385.439667,150.021027],"rotationMatrix":[0.949802518,0.311476231,-0.0292866156,-0.312591374,0.948655784,-0.0483612828,0.0127195278,0.055088412,0.99840045],"scale":1,"type":"jerseybarrier_3m"}
{"pos":[815.6026,547.487854,144.174835],"rotationMatrix":[-0.930302024,-0.366794258,-0.000389300287,0.365127653,-0.926174998,0.0942425281,-0.0349281766,0.0875318646,0.995549202],"scale":0.999999881,"type":"jerseybarrier_3m"}
{"pos":[814.498108,550.289124,143.887466],"rotationMatrix":[-0.930298209,-0.366803288,-0.000619169325,0.365231574,-0.926465511,0.0909248665,-0.0339251831,0.0843611136,0.995857537],"scale":0.999999881,"type":"jerseybarrier_3m"}
{"pos":[849.402893,454.501343,148.240601],"rotationMatrix":[-0.996981144,-0.0171626005,-0.0757248402,0.0140022216,-0.999016523,0.0420703702,-0.0763723999,0.0408830456,0.996240854],"scale":0.999999881,"type":"jerseybarrier_3m"}
{"pos":[849.450317,451.49054,148.384003],"rotationMatrix":[-0.996599436,-0.0176981762,-0.0804757029,0.0136409542,-0.998621345,0.0506887063,-0.0812618583,0.0494185686,0.995466888],"scale":0.999999881,"type":"jerseybarrier_3m"}
{"pos":[849.545349,445.472107,148.725677],"rotationMatrix":[-0.996208072,-0.0181792378,-0.0850839019,0.013328962,-0.998272061,0.0572306514,-0.0859772861,0.0558795482,0.994728804],"scale":0.999999881,"type":"jerseybarrier_3m"}
{"pos":[849.497742,448.482971,148.552429],"rotationMatrix":[-0.996208787,-0.0181098767,-0.0850878805,0.0132597424,-0.998273253,0.0572247505,-0.0859772861,0.0558795631,0.994728804],"scale":0.999999881,"type":"jerseybarrier_3m"}
{"pos":[849.687744,436.447754,149.253937],"rotationMatrix":[-0.996663213,-0.0182279553,-0.0795629993,0.0129879937,-0.997742653,0.0658868179,-0.0805843696,0.0646336004,0.994650006],"scale":0.999999881,"type":"jerseybarrier_3m"}
{"pos":[849.735107,433.43689,149.458771],"rotationMatrix":[-0.996818423,-0.0183513276,-0.0775656924,0.0129164057,-0.997463584,0.0699983314,-0.0786535069,0.0687737539,0.994526923],"scale":0.999999881,"type":"jerseybarrier_3m"}
{"pos":[849.640198,439.455261,149.068298],"rotationMatrix":[-0.996193767,-0.018134078,-0.0852592662,0.0132712554,-0.998271108,0.0572604463,-0.0861502215,0.0559110045,0.994712055],"scale":0.999999881,"type":"jerseybarrier_3m"}
{"pos":[849.592712,442.466125,148.898636],"rotationMatrix":[-0.996208072,-0.0181792378,-0.0850839019,0.013328962,-0.998272061,0.0572306514,-0.0859772861,0.0558795482,0.994728804],"scale":0.999999881,"type":"jerseybarrier_3m"}
{"pos":[963.214722,388.305817,149.872955],"rotationMatrix":[0.951343596,0.306652218,-0.0301617943,-0.307835132,0.950158417,-0.0493615083,0.0135216648,0.0562446155,0.998325467],"scale":0.99999994,"type":"jerseybarrier_3m"}
{"pos":[849.355408,457.509766,148.119232],"rotationMatrix":[-0.997106194,-0.0168917589,-0.0741219074,0.0141100045,-0.999182224,0.0378939584,-0.0747013837,0.0367384404,0.996528983],"scale":0.999999881,"type":"jerseybarrier_3m"}
{"pos":[849.307922,460.520569,148.015442],"rotationMatrix":[-0.997206211,-0.0166763235,-0.072813645,0.014339813,-0.999369025,0.0324946195,-0.0733096004,0.0313597023,0.996816039],"scale":0.999999881,"type":"jerseybarrier_3m"}
{"pos":[849.500305,430.386353,149.66362],"rotationMatrix":[-0.983206511,0.160039023,-0.0877046511,-0.165834621,-0.984119415,0.0633054674,-0.0761805102,0.076786831,0.994132936],"scale":0.999999881,"type":"jerseybarrier_3m"}
{"pos":[849.011597,427.415039,149.865601],"rotationMatrix":[-0.983235002,0.159801573,-0.0878198817,-0.166072249,-0.983666897,0.0694207698,-0.0752919689,0.0828413814,0.993714452],"scale":0.999999881,"type":"jerseybarrier_3m"}
{"pos":[846.569702,412.569031,151.031769],"rotationMatrix":[-0.984458804,0.160210818,-0.0719239786,-0.164534599,-0.984614968,0.0588339791,-0.0613915995,0.0697536245,0.995673418],"scale":0.999999881,"type":"jerseybarrier_3m"}
{"pos":[846.080933,409.597717,151.209808],"rotationMatrix":[-0.984449744,0.160265461,-0.0719272345,-0.164589241,-0.984606147,0.0588299669,-0.061391592,0.0697536021,0.995673418],"scale":0.999999881,"type":"jerseybarrier_3m"}
{"pos":[845.104065,403.658386,151.63089],"rotationMatrix":[-0.98534584,0.161060855,-0.0561486036,-0.165272728,-0.982928395,0.0808480307,-0.0421686098,0.0889431164,0.995143652],"scale":0.999999881,"type":"jerseybarrier_3m"}
{"pos":[845.592834,406.6297,151.389252],"rotationMatrix":[-0.985261917,0.161166266,-0.0573086813,-0.165400311,-0.983058095,0.0789903998,-0.0436071754,0.0873051137,0.995226741],"scale":0.999999881,"type":"jerseybarrier_3m"}
{"pos":[847.546326,418.506836,150.581573],"rotationMatrix":[-0.983033419,0.158783123,-0.0918330327,-0.166523978,-0.98246634,0.0838431045,-0.0769099966,0.0977129713,0.992238402],"scale":0.999999881,"type":"jerseybarrier_3m"}
{"pos":[847.057739,415.535583,150.836884],"rotationMatrix":[-0.98331964,0.159022808,-0.0882838219,-0.166071415,-0.982926726,0.0792165473,-0.0741792917,0.0925566182,0.992940426],"scale":0.999999881,"type":"jerseybarrier_3m"}
{"pos":[962.25293,391.17041,149.722717],"rotationMatrix":[0.949823201,0.311323494,-0.0302248299,-0.312510937,0.948603928,-0.0498747677,0.0131442063,0.0568177998,0.998298049],"scale":1,"type":"jerseybarrier_3m"}
{"pos":[848.034546,421.474915,150.3311],"rotationMatrix":[-0.983108163,0.159021273,-0.0906134322,-0.166460648,-0.982676744,0.0814703256,-0.0760881975,0.0951777101,0.992548108],"scale":0.999999881,"type":"jerseybarrier_3m"}
{"pos":[848.523315,424.446167,150.08905],"rotationMatrix":[-0.983151078,0.159420311,-0.0894391388,-0.166488647,-0.982948899,0.0780581981,-0.0754700452,0.0916335881,0.992928803],"scale":0.999999881,"type":"jerseybarrier_3m"}
{"pos":[845.956482,398.467346,152.127747],"rotationMatrix":[-0.716858506,0.690942705,-0.0933388844,-0.696010649,-0.717052102,0.0374889188,-0.0410261527,0.0918391049,0.99492836],"scale":0.999999881,"type":"jerseybarrier_3m"}
{"pos":[843.860229,396.305603,152.244003],"rotationMatrix":[-0.717007399,0.690726399,-0.0937943086,-0.695888162,-0.717104197,0.0387461074,-0.0404973403,0.0930515975,0.994837344],"scale":0.999999881,"type":"jerseybarrier_3m"}
{"pos":[848.050171,400.626831,152.02652],"rotationMatrix":[-0.716648221,0.691370368,-0.0917729735,-0.69605875,-0.717276931,0.031874463,-0.0437895805,0.0867221579,0.995269656],"scale":0.999999881,"type":"jerseybarrier_3m"}
{"pos":[264.592041,216.7836,119.388542],"rotationMatrix":[0.588451028,-0.808532834,0,0.808532834,0.588451028,0,0,0,1],"scale":1,"type":"jerseybarrier_3m"}
{"pos":[267.054932,218.582672,119.388542],"rotationMatrix":[0.589022815,-0.808116436,0,0.808116436,0.589022815,0,0,0,1],"scale":1,"type":"jerseybarrier_3m"}
{"pos":[271.980713,222.180756,119.388542],"rotationMatrix":[0.59070611,-0.806886792,0,0.806886792,0.59070611,0,0,0,1],"scale":1,"type":"jerseybarrier_3m"}
{"pos":[269.517822,220.381683,119.388542],"rotationMatrix":[0.589373469,-0.807860672,0,0.807860672,0.589373469,0,0,0,1],"scale":1,"type":"jerseybarrier_3m"}
{"pos":[274.443604,223.979767,119.388542],"rotationMatrix":[0.590697229,-0.806893289,0,0.806893289,0.590697229,0,0,0,1],"scale":1,"type":"jerseybarrier_3m"}
{"pos":[961.288086,394.034363,149.570435],"rotationMatrix":[0.948653758,0.314783841,-0.0310993623,-0.316028923,0.947390258,-0.0507683754,0.0134821665,0.0579899102,0.998226106],"scale":1,"type":"jerseybarrier_3m"}
{"pos":[244.888794,202.391083,119.388542],"rotationMatrix":[0.59057045,-0.806986094,0,0.806986094,0.59057045,0,0,0,1],"scale":1,"type":"jerseybarrier_3m"}
{"pos":[247.351685,204.190186,119.388542],"rotationMatrix":[0.5892573,-0.80794543,0,0.80794543,0.5892573,0,0,0,1],"scale":1,"type":"jerseybarrier_3m"}
{"pos":[252.277527,207.7883,119.388542],"rotationMatrix":[0.588507533,-0.808491707,0,0.808491707,0.588507533,0,0,0,1],"scale":1,"type":"jerseybarrier_3m"}
{"pos":[249.814636,205.989166,119.388542],"rotationMatrix":[0.590852976,-0.806779206,0,0.806779206,0.590852976,0,0,0,1],"scale":1,"type":"jerseybarrier_3m"}
{"pos":[259.666199,213.185455,119.388542],"rotationMatrix":[0.58916831,-0.80801034,0,0.80801034,0.58916831,0,0,0,1],"scale":1,"type":"jerseybarrier_3m"}
{"pos":[262.12915,214.984467,119.388542],"rotationMatrix":[0.58983016,-0.807527304,0,0.807527304,0.58983016,0,0,0,1],"scale":1,"type":"jerseybarrier_3m"}
{"pos":[257.203308,211.386383,119.388542],"rotationMatrix":[0.588954985,-0.808165789,0,0.808165789,0.588954985,0,0,0,1],"scale":1,"type":"jerseybarrier_3m"}
{"pos":[254.740417,209.58728,119.388542],"rotationMatrix":[0.590323567,-0.807166696,0,0.807166696,0.590323567,0,0,0,1],"scale":1,"type":"jerseybarrier_3m"}
{"pos":[235.037231,195.194794,119.388542],"rotationMatrix":[0.587120175,-0.8094998,0,0.8094998,0.587120175,0,0,0,1],"scale":1,"type":"jerseybarrier_3m"}
{"pos":[237.500122,196.993866,119.388542],"rotationMatrix":[0.589869738,-0.807498455,0,0.807498455,0.589869738,0,0,0,1],"scale":1,"type":"jerseybarrier_3m"}
{"pos":[960.321289,396.897949,149.416245],"rotationMatrix":[0.948408961,0.315431744,-0.0319879353,-0.316739172,0.947109163,-0.0515807904,0.0140258456,0.0590515174,0.998156369],"scale":0.99999994,"type":"jerseybarrier_3m"}
{"pos":[242.425903,200.59198,119.388542],"rotationMatrix":[0.590055645,-0.807362556,0,0.807362556,0.590055645,0,0,0,1],"scale":1,"type":"jerseybarrier_3m"}
{"pos":[239.963013,198.792969,119.388542],"rotationMatrix":[0.590740681,-0.80686146,0,0.80686146,0.590740681,0,0,0,1],"scale":1,"type":"jerseybarrier_3m"}
{"pos":[230.111389,191.59671,119.388542],"rotationMatrix":[0.589337826,-0.80788672,0,0.80788672,0.589337826,0,0,0,1],"scale":1,"type":"jerseybarrier_3m"}
{"pos":[232.574341,193.395782,119.388542],"rotationMatrix":[0.5893929,-0.807846546,0,0.807846546,0.5893929,0,0,0,1],"scale":1,"type":"jerseybarrier_3m"}
{"pos":[227.64856,189.797668,119.388542],"rotationMatrix":[0.589217007,-0.807974815,0,0.807974815,0.589217007,0,0,0,1],"scale":1,"type":"jerseybarrier_3m"}
{"pos":[225.185608,187.998627,119.388542],"rotationMatrix":[0.588991404,-0.808139324,0,0.808139324,0.588991404,0,0,0,1],"scale":1,"type":"jerseybarrier_3m"}
{"pos":[276.881226,225.769257,119.388542],"rotationMatrix":[0.588991404,-0.808139324,0,0.808139324,0.588991404,0,0,0,1],"scale":1,"type":"jerseybarrier_3m"}
{"pos":[279.344238,227.568329,119.388542],"rotationMatrix":[0.589217007,-0.807974815,0,0.807974815,0.589217007,0,0,0,1],"scale":1,"type":"jerseybarrier_3m"}
{"pos":[284.27002,231.166473,119.388542],"rotationMatrix":[0.5893929,-0.807846546,0,0.807846546,0.5893929,0,0,0,1],"scale":1,"type":"jerseybarrier_3m"}
{"pos":[281.807007,229.367371,119.388542],"rotationMatrix":[0.589337826,-0.80788672,0,0.80788672,0.589337826,0,0,0,1],"scale":1,"type":"jerseybarrier_3m"}
{"pos":[959.352661,399.761688,149.26004],"rotationMatrix":[0.950418413,0.309228122,-0.0329061598,-0.310605645,0.949111938,-0.0520640612,0.0151319569,0.0597034842,0.998101473],"scale":1,"type":"jerseybarrier_3m"}
{"pos":[291.65863,236.563629,119.388542],"rotationMatrix":[0.590740681,-0.80686146,0,0.80686146,0.590740681,0,0,0,1],"scale":1,"type":"jerseybarrier_3m"}
{"pos":[294.121521,238.362671,119.388542],"rotationMatrix":[0.590055645,-0.807362556,0,0.807362556,0.590055645,0,0,0,1],"scale":1,"type":"jerseybarrier_3m"}
{"pos":[289.19574,234.764557,119.388542],"rotationMatrix":[0.589869738,-0.807498455,0,0.807498455,0.589869738,0,0,0,1],"scale":1,"type":"jerseybarrier_3m"}
{"pos":[286.732849,232.965454,119.388542],"rotationMatrix":[0.587120175,-0.8094998,0,0.8094998,0.587120175,0,0,0,1],"scale":1,"type":"jerseybarrier_3m"}
{"pos":[306.436035,247.358002,119.388542],"rotationMatrix":[0.590323567,-0.807166696,0,0.807166696,0.590323567,0,0,0,1],"scale":1,"type":"jerseybarrier_3m"}
