{"pos":[-617.431702,-198.382797,104.321671],"rotationMatrix":[0.765363872,-0.643597841,6.72116585e-10,0.643597841,0.765363872,4.19640055e-05,-2.70084565e-05,-3.21172993e-05,1],"scale":1,"type":"pipeline_support2"}
{"pos":[-621.038391,-202.6716,104.321434],"rotationMatrix":[0.765363872,-0.643597841,6.72116585e-10,0.643597841,0.765363872,4.19640055e-05,-2.70084565e-05,-3.21172993e-05,1],"scale":1,"type":"pipeline_support2"}
{"pos":[-628.267395,-211.26825,104.320961],"rotationMatrix":[0.765363872,-0.643597841,6.72116585e-10,0.643597841,0.765363872,4.19640055e-05,-2.70084565e-05,-3.21172993e-05,1],"scale":1,"type":"pipeline_support2"}
{"pos":[-624.660767,-206.97934,104.321198],"rotationMatrix":[0.765363872,-0.643597841,6.72116585e-10,0.643597841,0.765363872,4.19640055e-05,-2.70084565e-05,-3.21172993e-05,1],"scale":1,"type":"pipeline_support2"}
{"pos":[-613.818237,-194.084824,104.321907],"rotationMatrix":[0.765363872,-0.643597841,6.72116585e-10,0.643597841,0.765363872,4.19640055e-05,-2.70084565e-05,-3.21172993e-05,1],"scale":1,"type":"pipeline_support2"}
{"pos":[-606.590881,-185.490219,104.32238],"rotationMatrix":[0.765363872,-0.643597841,6.72116585e-10,0.643597841,0.765363872,4.19640055e-05,-2.70084565e-05,-3.21172993e-05,1],"scale":1,"type":"pipeline_support2"}
{"pos":[-610.19751,-189.779129,104.322144],"rotationMatrix":[0.765363872,-0.643597841,6.72116585e-10,0.643597841,0.765363872,4.19640055e-05,-2.70084565e-05,-3.21172993e-05,1],"scale":1,"type":"pipeline_support2"}
{"pos":[-602.968506,-181.18248,104.322617],"rotationMatrix":[0.765363872,-0.643597841,6.72116585e-10,0.643597841,0.765363872,4.19640055e-05,-2.70084565e-05,-3.21172993e-05,1],"scale":1,"type":"pipeline_support2"}
{"pos":[-599.361816,-176.893661,104.322845],"rotationMatrix":[0.765363872,-0.643597841,6.72116585e-10,0.643597841,0.765363872,4.19640055e-05,-2.70084565e-05,-3.21172993e-05,1],"scale":1,"type":"pipeline_support2"}
{"pos":[-521.803223,-109.455338,107.491295],"rotationMatrix":[0.0241634846,-0.999707937,0,0.999685287,0.0241629481,-0.00673799124,0.00673602382,0.000162813114,0.999977291],"scale":1,"type":"pipeline_support2"}
{"pos":[-527.405151,-109.590668,107.529053],"rotationMatrix":[0.0241634846,-0.999707937,0,0.999685287,0.0241629481,-0.00673799124,0.00673602382,0.000162813114,0.999977291],"scale":1,"type":"pipeline_support2"}
{"pos":[-538.633789,-109.861969,107.604736],"rotationMatrix":[0.0241634846,-0.999707937,0,0.999685287,0.0241629481,-0.00673799124,0.00673602382,0.000162813114,0.999977291],"scale":1,"type":"pipeline_support2"}
{"pos":[-533.031799,-109.726601,107.566978],"rotationMatrix":[0.0241634846,-0.999707937,0,0.999685287,0.0241629481,-0.00673799124,0.00673602382,0.000162813114,0.999977291],"scale":1,"type":"pipeline_support2"}
{"pos":[-544.257751,-109.997887,107.642639],"rotationMatrix":[0.0241634846,-0.999707937,0,0.999685287,0.0241629481,-0.00673799124,0.00673602382,0.000162813114,0.999977291],"scale":1,"type":"pipeline_support2"}
{"pos":[-508.597809,-100.531647,107.525055],"rotationMatrix":[0.721226335,-0.692699492,1.39698386e-09,0.692668855,0.721194446,0.00940238219,-0.00651302654,-0.00678124372,0.999955773],"scale":1,"type":"pipeline_support2"}
{"pos":[-512.47937,-104.572975,107.472366],"rotationMatrix":[0.721226335,-0.692699492,1.39698386e-09,0.692668855,0.721194446,0.00940238219,-0.00651302654,-0.00678124372,0.999955773],"scale":1,"type":"pipeline_support2"}
{"pos":[-504.699097,-96.472229,107.577988],"rotationMatrix":[0.721226335,-0.692699492,1.39698386e-09,0.692668855,0.721194446,0.00940238219,-0.00651302654,-0.00678124372,0.999955773],"scale":1,"type":"pipeline_support2"}
{"pos":[-500.817566,-92.4309006,107.630676],"rotationMatrix":[0.721226335,-0.692699492,1.39698386e-09,0.692668855,0.721194446,0.00940238219,-0.00651302654,-0.00678124372,0.999955773],"scale":1,"type":"pipeline_support2"}
{"pos":[-492.946838,-84.2359238,107.737526],"rotationMatrix":[0.721226335,-0.692699492,1.39698386e-09,0.692668855,0.721194446,0.00940238219,-0.00651302654,-0.00678124372,0.999955773],"scale":1,"type":"pipeline_support2"}
{"pos":[-496.828369,-88.2772522,107.684837],"rotationMatrix":[0.721226335,-0.692699492,1.39698386e-09,0.692668855,0.721194446,0.00940238219,-0.00651302654,-0.00678124372,0.999955773],"scale":1,"type":"pipeline_support2"}
{"pos":[-489.056244,-80.185173,107.790344],"rotationMatrix":[0.721226335,-0.692699492,1.39698386e-09,0.692668855,0.721194446,0.00940238219,-0.00651302654,-0.00678124372,0.999955773],"scale":1,"type":"pipeline_support2"}
{"pos":[-485.174652,-76.1438293,107.843033],"rotationMatrix":[0.721226335,-0.692699492,1.39698386e-09,0.692668855,0.721194446,0.00940238219,-0.00651302654,-0.00678124372,0.999955773],"scale":1,"type":"pipeline_support2"}
{"pos":[-477.396271,-68.0451965,107.948616],"rotationMatrix":[0.721226335,-0.692699492,1.39698386e-09,0.692668855,0.721194446,0.00940238219,-0.00651302654,-0.00678124372,0.999955773],"scale":1,"type":"pipeline_support2"}
{"pos":[-481.277802,-72.0865326,107.89592],"rotationMatrix":[0.721226335,-0.692699492,1.39698386e-09,0.692668855,0.721194446,0.00940238219,-0.00651302654,-0.00678124372,0.999955773],"scale":1,"type":"pipeline_support2"}
{"pos":[-473.497589,-63.9860458,108.001534],"rotationMatrix":[0.721226335,-0.692699492,1.39698386e-09,0.692668855,0.721194446,0.00940238219,-0.00651302654,-0.00678124372,0.999955773],"scale":1,"type":"pipeline_support2"}
{"pos":[-469.616028,-59.9447098,108.054222],"rotationMatrix":[0.721226335,-0.692699492,1.39698386e-09,0.692668855,0.721194446,0.00940238219,-0.00651302654,-0.00678124372,0.999955773],"scale":1,"type":"pipeline_support2"}
{"pos":[-436.164581,-25.1150646,108.508347],"rotationMatrix":[0.721226335,-0.692699492,1.39698386e-09,0.692668855,0.721194446,0.00940238219,-0.00651302654,-0.00678124372,0.999955773],"scale":1,"type":"pipeline_support2"}
{"pos":[-440.046143,-29.1563988,108.455658],"rotationMatrix":[0.721226335,-0.692699492,1.39698386e-09,0.692668855,0.721194446,0.00940238219,-0.00651302654,-0.00678124372,0.999955773],"scale":1,"type":"pipeline_support2"}
{"pos":[-447.826355,-37.2568855,108.350044],"rotationMatrix":[0.721226335,-0.692699492,1.39698386e-09,0.692668855,0.721194446,0.00940238219,-0.00651302654,-0.00678124372,0.999955773],"scale":1,"type":"pipeline_support2"}
{"pos":[-443.944824,-33.2155495,108.40274],"rotationMatrix":[0.721226335,-0.692699492,1.39698386e-09,0.692668855,0.721194446,0.00940238219,-0.00651302654,-0.00678124372,0.999955773],"scale":1,"type":"pipeline_support2"}
{"pos":[-451.723206,-41.3141861,108.29715],"rotationMatrix":[0.721226335,-0.692699492,1.39698386e-09,0.692668855,0.721194446,0.00940238219,-0.00651302654,-0.00678124372,0.999955773],"scale":1,"type":"pipeline_support2"}
{"pos":[-455.604797,-45.355526,108.244461],"rotationMatrix":[0.721226335,-0.692699492,1.39698386e-09,0.692668855,0.721194446,0.00940238219,-0.00651302654,-0.00678124372,0.999955773],"scale":1,"type":"pipeline_support2"}
{"pos":[-463.376923,-53.4476013,108.138962],"rotationMatrix":[0.721226335,-0.692699492,1.39698386e-09,0.692668855,0.721194446,0.00940238219,-0.00651302654,-0.00678124372,0.999955773],"scale":1,"type":"pipeline_support2"}
{"pos":[-459.495392,-49.4062767,108.19165],"rotationMatrix":[0.721226335,-0.692699492,1.39698386e-09,0.692668855,0.721194446,0.00940238219,-0.00651302654,-0.00678124372,0.999955773],"scale":1,"type":"pipeline_support2"}
{"pos":[472.766602,776.128601,130.158447],"rotationMatrix":[-0.998327017,0.0572158135,-0.00834903866,-0.0572199635,-0.998361707,0.000258497777,-0.00832056999,0.000735796988,0.999965131],"scale":1,"type":"pipeline_support2"}
{"pos":[473.08725,781.723145,130.156982],"rotationMatrix":[-0.998327017,0.0572158135,-0.00834903866,-0.0572199635,-0.998361707,0.000258497777,-0.00832056999,0.000735796988,0.999965131],"scale":1,"type":"pipeline_support2"}
{"pos":[473.73056,792.9505,130.154068],"rotationMatrix":[-0.998327017,0.0572158135,-0.00834903866,-0.0572199635,-0.998361707,0.000258497777,-0.00832056999,0.000735796988,0.999965131],"scale":1,"type":"pipeline_support2"}
{"pos":[473.409882,787.356018,130.155518],"rotationMatrix":[-0.998327017,0.0572158135,-0.00834903866,-0.0572199635,-0.998361707,0.000258497777,-0.00832056999,0.000735796988,0.999965131],"scale":1,"type":"pipeline_support2"}
{"pos":[484.208496,754.068604,124.435654],"rotationMatrix":[-0.826896191,-0.562292695,-0.00834903959,0.562310457,-0.826926231,0.000258497661,-0.00704939011,-0.00448100176,0.999965131],"scale":1,"type":"pipeline_support2"}
{"pos":[481.057526,758.702454,124.434196],"rotationMatrix":[-0.826896191,-0.562292695,-0.00834903959,0.562310457,-0.826926231,0.000258497661,-0.00704939011,-0.00448100176,0.999965131],"scale":1,"type":"pipeline_support2"}
{"pos":[509.471832,716.916443,124.447273],"rotationMatrix":[-0.826896191,-0.562292695,-0.00834903959,0.562310457,-0.826926231,0.000258497661,-0.00704939011,-0.00448100176,0.999965131],"scale":1,"type":"pipeline_support2"}
{"pos":[506.320831,721.550354,124.445824],"rotationMatrix":[-0.826896191,-0.562292695,-0.00834903959,0.562310457,-0.826926231,0.000258497661,-0.00704939011,-0.00448100176,0.999965131],"scale":1,"type":"pipeline_support2"}
{"pos":[500.004974,730.838501,124.442917],"rotationMatrix":[-0.826896191,-0.562292695,-0.00834903959,0.562310457,-0.826926231,0.000258497661,-0.00704939011,-0.00448100176,0.999965131],"scale":1,"type":"pipeline_support2"}
{"pos":[503.156006,726.204651,124.444374],"rotationMatrix":[-0.826896191,-0.562292695,-0.00834903959,0.562310457,-0.826926231,0.000258497661,-0.00704939011,-0.00448100176,0.999965131],"scale":1,"type":"pipeline_support2"}
{"pos":[496.841553,735.490601,124.441467],"rotationMatrix":[-0.826896191,-0.562292695,-0.00834903959,0.562310457,-0.826926231,0.000258497661,-0.00704939011,-0.00448100176,0.999965131],"scale":1,"type":"pipeline_support2"}
{"pos":[493.690552,740.124634,124.440018],"rotationMatrix":[-0.826896191,-0.562292695,-0.00834903959,0.562310457,-0.826926231,0.000258497661,-0.00704939011,-0.00448100176,0.999965131],"scale":1,"type":"pipeline_support2"}
{"pos":[-193.67865,199.578094,121.342377],"rotationMatrix":[-0.701758146,-0.71241504,3.7252903e-09,0.712167323,-0.701514125,0.0263718124,-0.0187876746,0.0185066406,0.999652207],"scale":1,"type":"pipeline_support2"}
{"pos":[-201.677719,207.457626,121.046173],"rotationMatrix":[-0.701758146,-0.71241504,3.7252903e-09,0.712167323,-0.701514125,0.0263718124,-0.0187876746,0.0185066406,0.999652207],"scale":1,"type":"pipeline_support2"}
{"pos":[-197.686981,203.526535,121.193954],"rotationMatrix":[-0.701758146,-0.71241504,3.7252903e-09,0.712167323,-0.701514125,0.0263718124,-0.0187876746,0.0185066406,0.999652207],"scale":1,"type":"pipeline_support2"}
{"pos":[-205.684265,211.404297,120.897812],"rotationMatrix":[-0.701758146,-0.71241504,3.7252903e-09,0.712167323,-0.701514125,0.0263718124,-0.0187876746,0.0185066406,0.999652207],"scale":1,"type":"pipeline_support2"}
{"pos":[-209.675018,215.335419,120.750031],"rotationMatrix":[-0.701758146,-0.71241504,3.7252903e-09,0.712167323,-0.701514125,0.0263718124,-0.0187876746,0.0185066406,0.999652207],"scale":1,"type":"pipeline_support2"}
{"pos":[487.381287,749.403137,124.437119],"rotationMatrix":[-0.826896191,-0.562292695,-0.00834903959,0.562310457,-0.826926231,0.000258497661,-0.00704939011,-0.00448100176,0.999965131],"scale":1,"type":"pipeline_support2"}
{"pos":[490.532257,744.769287,124.438568],"rotationMatrix":[-0.826896191,-0.562292695,-0.00834903959,0.562310457,-0.826926231,0.000258497661,-0.00704939011,-0.00448100176,0.999965131],"scale":1,"type":"pipeline_support2"}
{"pos":[-182.656616,188.795135,121.577515],"rotationMatrix":[-0.698771715,-0.715344846,2.32830644e-09,0.715288699,-0.69871676,0.0125354873,-0.00896719471,0.00875944365,0.999921441],"scale":1,"type":"pipeline_support2"}
{"pos":[-186.664841,192.710571,121.507271],"rotationMatrix":[-0.698771715,-0.715344846,2.32830644e-09,0.715288699,-0.69871676,0.0125354873,-0.00896719471,0.00875944365,0.999921441],"scale":1,"type":"pipeline_support2"}
{"pos":[-178.639038,184.87056,121.647934],"rotationMatrix":[-0.698771715,-0.715344846,2.32830644e-09,0.715288699,-0.69871676,0.0125354873,-0.00896719471,0.00875944365,0.999921441],"scale":1,"type":"pipeline_support2"}
{"pos":[-174.630798,180.955093,121.71817],"rotationMatrix":[-0.698771715,-0.715344846,2.32830644e-09,0.715288699,-0.69871676,0.0125354873,-0.00896719471,0.00875944365,0.999921441],"scale":1,"type":"pipeline_support2"}
{"pos":[-166.598465,173.108749,121.858948],"rotationMatrix":[-0.698771715,-0.715344846,2.32830644e-09,0.715288699,-0.69871676,0.0125354873,-0.00896719471,0.00875944365,0.999921441],"scale":1,"type":"pipeline_support2"}
{"pos":[-170.606705,177.024185,121.788696],"rotationMatrix":[-0.698771715,-0.715344846,2.32830644e-09,0.715288699,-0.69871676,0.0125354873,-0.00896719471,0.00875944365,0.999921441],"scale":1,"type":"pipeline_support2"}
{"pos":[-162.572571,169.176071,121.929497],"rotationMatrix":[-0.698771715,-0.715344846,2.32830644e-09,0.715288699,-0.69871676,0.0125354873,-0.00896719471,0.00875944365,0.999921441],"scale":1,"type":"pipeline_support2"}
{"pos":[-158.564331,165.260635,121.999741],"rotationMatrix":[-0.698771715,-0.715344846,2.32830644e-09,0.715288699,-0.69871676,0.0125354873,-0.00896719471,0.00875944365,0.999921441],"scale":1,"type":"pipeline_support2"}
{"pos":[111.759277,411.685303,122.39196],"rotationMatrix":[0.618294835,-0.78594625,0,0.78594625,0.618294835,0,0,0,1],"scale":1,"type":"pipeline_support2"}
{"pos":[107.355026,408.220581,122.39196],"rotationMatrix":[0.618294835,-0.78594625,0,0.78594625,0.618294835,0,0,0,1],"scale":1,"type":"pipeline_support2"}
{"pos":[98.5271301,401.275909,122.39196],"rotationMatrix":[0.618294835,-0.78594625,0,0.78594625,0.618294835,0,0,0,1],"scale":1,"type":"pipeline_support2"}
{"pos":[102.931389,404.740631,122.39196],"rotationMatrix":[0.618294835,-0.78594625,0,0.78594625,0.618294835,0,0,0,1],"scale":1,"type":"pipeline_support2"}
{"pos":[94.105484,397.797485,122.39196],"rotationMatrix":[0.618294835,-0.78594625,0,0.78594625,0.618294835,0,0,0,1],"scale":1,"type":"pipeline_support2"}
{"pos":[89.7012329,394.332794,122.39196],"rotationMatrix":[0.618294835,-0.78594625,0,0.78594625,0.618294835,0,0,0,1],"scale":1,"type":"pipeline_support2"}
{"pos":[80.8824692,387.395294,122.39196],"rotationMatrix":[0.618294835,-0.78594625,0,0.78594625,0.618294835,0,0,0,1],"scale":1,"type":"pipeline_support2"}
{"pos":[85.2867279,390.860016,122.39196],"rotationMatrix":[0.618294835,-0.78594625,0,0.78594625,0.618294835,0,0,0,1],"scale":1,"type":"pipeline_support2"}
{"pos":[76.477211,383.929779,122.39196],"rotationMatrix":[0.618294835,-0.78594625,0,0.78594625,0.618294835,0,0,0,1],"scale":1,"type":"pipeline_support2"}
{"pos":[72.0729523,380.465057,122.39196],"rotationMatrix":[0.618294835,-0.78594625,0,0.78594625,0.618294835,0,0,0,1],"scale":1,"type":"pipeline_support2"}
{"pos":[160.405533,628.141174,97.8164673],"rotationMatrix":[-0.37626195,-0.926513255,0,0.926513255,-0.37626195,0,0,0,1],"scale":1.04999995,"type":"pipeline_support2"}
{"pos":[159.676483,626.345947,97.8164673],"rotationMatrix":[-0.37626195,-0.926513255,0,0.926513255,-0.37626195,0,0,0,1],"scale":1.04999995,"type":"pipeline_support2"}
{"pos":[154.941467,630.360168,97.8164673],"rotationMatrix":[-0.37626195,-0.926513255,0,0.926513255,-0.37626195,0,0,0,1],"scale":1.04999995,"type":"pipeline_support2"}
{"pos":[154.212418,628.564941,97.8164673],"rotationMatrix":[-0.37626195,-0.926513255,0,0.926513255,-0.37626195,0,0,0,1],"scale":1.04999995,"type":"pipeline_support2"}
{"pos":[149.485306,632.575928,97.8164673],"rotationMatrix":[-0.37626195,-0.926513255,0,0.926513255,-0.37626195,0,0,0,1],"scale":1.04999995,"type":"pipeline_support2"}
{"pos":[148.756256,630.780701,97.8164673],"rotationMatrix":[-0.37626195,-0.926513255,0,0.926513255,-0.37626195,0,0,0,1],"scale":1.04999995,"type":"pipeline_support2"}
{"pos":[144.024139,634.793762,97.8164673],"rotationMatrix":[-0.37626195,-0.926513255,0,0.926513255,-0.37626195,0,0,0,1],"scale":1.04999995,"type":"pipeline_support2"}
{"pos":[143.29509,632.998535,97.8164673],"rotationMatrix":[-0.37626195,-0.926513255,0,0.926513255,-0.37626195,0,0,0,1],"scale":1.04999995,"type":"pipeline_support2"}
{"pos":[138.083878,642.039917,97.9902115],"rotationMatrix":[-0.926513195,0.376262546,-2.32830644e-09,-0.376198471,-0.926355362,-0.0184583273,-0.00694517978,-0.017101882,0.99982965],"scale":1.04999995,"type":"pipeline_support2"}
{"pos":[136.288651,642.768921,97.9902115],"rotationMatrix":[-0.926513195,0.376262546,-2.32830644e-09,-0.376198471,-0.926355362,-0.0184583273,-0.00694517978,-0.017101882,0.99982965],"scale":1.04999995,"type":"pipeline_support2"}
{"pos":[140.506866,660.909546,92.8427353],"rotationMatrix":[-0.828164101,-0.56048584,0,0.56048584,-0.828164101,0,0,0,1],"scale":1.04999995,"type":"pipeline_support2"}
{"pos":[139.05246,659.925354,92.8427353],"rotationMatrix":[-0.828164101,-0.56048584,0,0.56048584,-0.828164101,0,0,0,1],"scale":1.04999995,"type":"pipeline_support2"}
{"pos":[132.468857,672.844421,88.1974335],"rotationMatrix":[-0.828163981,-0.56048584,1.39698386e-09,0.560363173,-0.827982783,0.0209195688,-0.0117251202,0.0173248351,0.999781191],"scale":1.04999995,"type":"pipeline_support2"}
{"pos":[130.948059,671.82074,88.2119827],"rotationMatrix":[-0.82220614,-0.569189906,1.86264515e-09,0.569118381,-0.822102904,0.0158522408,-0.00902293436,0.013033811,0.999874353],"scale":1.04999995,"type":"pipeline_support2"}
{"pos":[125.730942,679.356934,88.0666656],"rotationMatrix":[-0.82220614,-0.569189906,1.86264515e-09,0.569118381,-0.822102904,0.0158522408,-0.00902293436,0.013033811,0.999874353],"scale":1.04999995,"type":"pipeline_support2"}
{"pos":[129.718796,684.117554,88.0971527],"rotationMatrix":[0.945905805,-0.324441403,0,0.324441403,0.945905805,0,0,0,1],"scale":1.04999995,"type":"pipeline_support2"}
{"pos":[132.321609,691.706055,88.0971527],"rotationMatrix":[0.945905805,-0.324441403,0,0.324441403,0.945905805,0,0,0,1],"scale":1.04999995,"type":"pipeline_support2"}
{"pos":[131.22464,699.885071,88.0971527],"rotationMatrix":[0.837794423,0.545985818,0,-0.545985818,0.837794423,0,0,0,1],"scale":1.04999995,"type":"pipeline_support2"}
{"pos":[127.991463,704.846252,88.0971527],"rotationMatrix":[0.837794423,0.545985818,0,-0.545985818,0.837794423,0,0,0,1],"scale":1.04999995,"type":"pipeline_support2"}
{"pos":[124.742188,709.832153,88.0971527],"rotationMatrix":[0.837794423,0.545985818,0,-0.545985818,0.837794423,0,0,0,1],"scale":1.04999995,"type":"pipeline_support2"}
{"pos":[121.509003,714.793335,88.0971527],"rotationMatrix":[0.837794423,0.545985818,0,-0.545985818,0.837794423,0,0,0,1],"scale":1.04999995,"type":"pipeline_support2"}
{"pos":[118.236214,719.815308,88.0971527],"rotationMatrix":[0.837794423,0.545985818,0,-0.545985818,0.837794423,0,0,0,1],"scale":1.04999995,"type":"pipeline_support2"}
{"pos":[115.003036,724.776489,88.0971527],"rotationMatrix":[0.837794423,0.545985818,0,-0.545985818,0.837794423,0,0,0,1],"scale":1.04999995,"type":"pipeline_support2"}
{"pos":[111.753754,729.762451,88.0971527],"rotationMatrix":[0.837794423,0.545985818,0,-0.545985818,0.837794423,0,0,0,1],"scale":1.04999995,"type":"pipeline_support2"}
{"pos":[108.520569,734.723633,88.0971527],"rotationMatrix":[0.837794423,0.545985818,0,-0.545985818,0.837794423,0,0,0,1],"scale":1.04999995,"type":"pipeline_support2"}
{"pos":[105.256447,739.7323,88.0971527],"rotationMatrix":[0.837794423,0.545985818,0,-0.545985818,0.837794423,0,0,0,1],"scale":1.04999995,"type":"pipeline_support2"}
{"pos":[-884.54657,2036.31335,87.5619431],"rotationMatrix":[0.974296153,-0.225270987,0,0.225270987,0.974296153,0,0,0,1],"scale":0.719643116,"type":"pipeline_support2"}
{"pos":[-885.487732,2032.3551,87.5619431],"rotationMatrix":[0.974296153,-0.225270987,0,0.225270987,0.974296153,0,0,0,1],"scale":0.719643116,"type":"pipeline_support2"}
{"pos":[-881.285034,2050.41943,85.6149216],"rotationMatrix":[0.974296153,-0.225270987,0,0.225270987,0.974296153,0,0,0,1],"scale":0.719643116,"type":"pipeline_support2"}
{"pos":[-887.855469,2022.00232,87.5619431],"rotationMatrix":[0.974296153,-0.225270987,0,0.225270987,0.974296153,0,0,0,1],"scale":0.719643116,"type":"pipeline_support2"}
{"pos":[-888.796631,2018.04395,87.5619431],"rotationMatrix":[0.974296153,-0.225270987,0,0.225270987,0.974296153,0,0,0,1],"scale":0.719643116,"type":"pipeline_support2"}
{"pos":[-522.94165,1893.62524,84.9991226],"rotationMatrix":[0.933253586,0.35921827,0,-0.35921827,0.933253586,0,0,0,1],"scale":0.783830941,"type":"pipeline_support2"}
{"pos":[-527.551453,1891.85083,84.9991226],"rotationMatrix":[0.933253586,0.35921827,0,-0.35921827,0.933253586,0,0,0,1],"scale":0.783830941,"type":"pipeline_support2"}
{"pos":[-588.031067,1869.61182,91.8822632],"rotationMatrix":[0.974177122,-0.225785241,0,0.225785241,0.974177122,0,0,0,1],"scale":0.783830941,"type":"pipeline_support2"}
{"pos":[-587.01416,1873.99939,91.8822632],"rotationMatrix":[0.974177122,-0.225785241,0,0.225785241,0.974177122,0,0,0,1],"scale":0.783830941,"type":"pipeline_support2"}
{"pos":[-584.815063,1883.48743,91.8822632],"rotationMatrix":[0.974177122,-0.225785241,0,0.225785241,0.974177122,0,0,0,1],"scale":0.783830941,"type":"pipeline_support2"}
{"pos":[-583.798157,1887.875,91.8822632],"rotationMatrix":[0.974177122,-0.225785241,0,0.225785241,0.974177122,0,0,0,1],"scale":0.783830941,"type":"pipeline_support2"}
{"pos":[-582.749573,1892.39917,91.8822632],"rotationMatrix":[0.974177122,-0.225785241,0,0.225785241,0.974177122,0,0,0,1],"scale":0.783830941,"type":"pipeline_support2"}
{"pos":[-581.732666,1896.78674,91.8822632],"rotationMatrix":[0.974177122,-0.225785241,0,0.225785241,0.974177122,0,0,0,1],"scale":0.783830941,"type":"pipeline_support2"}
{"pos":[-637.901794,1881.17041,91.8822632],"rotationMatrix":[0.974177122,-0.225785241,0,0.225785241,0.974177122,0,0,0,1],"scale":0.783830941,"type":"pipeline_support2"}
{"pos":[-636.884888,1885.55798,91.8822632],"rotationMatrix":[0.974177122,-0.225785241,0,0.225785241,0.974177122,0,0,0,1],"scale":0.783830941,"type":"pipeline_support2"}
{"pos":[-634.685791,1895.04602,91.8822632],"rotationMatrix":[0.974177122,-0.225785241,0,0.225785241,0.974177122,0,0,0,1],"scale":0.783830941,"type":"pipeline_support2"}
{"pos":[-633.668884,1899.43359,91.8822632],"rotationMatrix":[0.974177122,-0.225785241,0,0.225785241,0.974177122,0,0,0,1],"scale":0.783830941,"type":"pipeline_support2"}
{"pos":[-632.6203,1903.95776,91.8822632],"rotationMatrix":[0.974177122,-0.225785241,0,0.225785241,0.974177122,0,0,0,1],"scale":0.783830941,"type":"pipeline_support2"}
{"pos":[-631.603394,1908.34534,91.8822632],"rotationMatrix":[0.974177122,-0.225785241,0,0.225785241,0.974177122,0,0,0,1],"scale":0.783830941,"type":"pipeline_support2"}
{"pos":[-662.051819,1886.7677,91.8822632],"rotationMatrix":[0.974177122,-0.225785241,0,0.225785241,0.974177122,0,0,0,1],"scale":0.783830941,"type":"pipeline_support2"}
{"pos":[-661.034912,1891.15527,91.8822632],"rotationMatrix":[0.974177122,-0.225785241,0,0.225785241,0.974177122,0,0,0,1],"scale":0.783830941,"type":"pipeline_support2"}
{"pos":[-658.835815,1900.64331,91.8822632],"rotationMatrix":[0.974177122,-0.225785241,0,0.225785241,0.974177122,0,0,0,1],"scale":0.783830941,"type":"pipeline_support2"}
{"pos":[-657.818909,1905.03088,91.8822632],"rotationMatrix":[0.974177122,-0.225785241,0,0.225785241,0.974177122,0,0,0,1],"scale":0.783830941,"type":"pipeline_support2"}
{"pos":[-656.770325,1909.55505,91.8822632],"rotationMatrix":[0.974177122,-0.225785241,0,0.225785241,0.974177122,0,0,0,1],"scale":0.783830941,"type":"pipeline_support2"}
{"pos":[-655.753418,1913.94263,91.8822632],"rotationMatrix":[0.974177122,-0.225785241,0,0.225785241,0.974177122,0,0,0,1],"scale":0.783830941,"type":"pipeline_support2"}
{"pos":[-873.003906,2051.32324,85.5092392],"rotationMatrix":[0.288924813,0.957351863,0,-0.957351863,0.288924813,0,0,0,1],"scale":0.783830941,"type":"pipeline_support2"}
{"pos":[-877.315552,2052.62451,85.5092392],"rotationMatrix":[0.288924813,0.957351863,0,-0.957351863,0.288924813,0,0,0,1],"scale":0.783830941,"type":"pipeline_support2"}
{"pos":[-859.26709,2047.17749,85.5092392],"rotationMatrix":[0.288924813,0.957351863,0,-0.957351863,0.288924813,0,0,0,1],"scale":0.783830941,"type":"pipeline_support2"}
{"pos":[-863.578735,2048.47876,85.5092392],"rotationMatrix":[0.288924813,0.957351863,0,-0.957351863,0.288924813,0,0,0,1],"scale":0.783830941,"type":"pipeline_support2"}
{"pos":[-454.866364,2165.01367,84.3368301],"rotationMatrix":[-0.974369884,0.224951193,0,-0.224951193,-0.974369884,0,0,0,1],"scale":0.68476814,"type":"pipeline_support2"}
{"pos":[-456.069733,2165.2915,84.3368301],"rotationMatrix":[-0.974369884,0.224951193,0,-0.224951193,-0.974369884,0,0,0,1],"scale":0.68476814,"type":"pipeline_support2"}
{"pos":[-455.766174,2161.11621,84.3368301],"rotationMatrix":[-0.974369884,0.224951193,0,-0.224951193,-0.974369884,0,0,0,1],"scale":0.68476814,"type":"pipeline_support2"}
{"pos":[-456.969543,2161.39404,84.3368301],"rotationMatrix":[-0.974369884,0.224951193,0,-0.224951193,-0.974369884,0,0,0,1],"scale":0.68476814,"type":"pipeline_support2"}
{"pos":[-456.665985,2157.21875,84.3368301],"rotationMatrix":[-0.974369884,0.224951193,0,-0.224951193,-0.974369884,0,0,0,1],"scale":0.68476814,"type":"pipeline_support2"}
{"pos":[-457.869354,2157.49658,84.3368301],"rotationMatrix":[-0.974369884,0.224951193,0,-0.224951193,-0.974369884,0,0,0,1],"scale":0.68476814,"type":"pipeline_support2"}
{"pos":[-457.565796,2153.32129,84.3368301],"rotationMatrix":[-0.974369884,0.224951193,0,-0.224951193,-0.974369884,0,0,0,1],"scale":0.68476814,"type":"pipeline_support2"}
{"pos":[-458.769165,2153.59912,84.3368301],"rotationMatrix":[-0.974369884,0.224951193,0,-0.224951193,-0.974369884,0,0,0,1],"scale":0.68476814,"type":"pipeline_support2"}
{"pos":[-458.465607,2149.42383,84.3368301],"rotationMatrix":[-0.974369884,0.224951193,0,-0.224951193,-0.974369884,0,0,0,1],"scale":0.68476814,"type":"pipeline_support2"}
{"pos":[-459.668976,2149.70166,84.3368301],"rotationMatrix":[-0.974369884,0.224951193,0,-0.224951193,-0.974369884,0,0,0,1],"scale":0.68476814,"type":"pipeline_support2"}
{"pos":[-459.365417,2145.52637,84.3368301],"rotationMatrix":[-0.974369884,0.224951193,0,-0.224951193,-0.974369884,0,0,0,1],"scale":0.68476814,"type":"pipeline_support2"}
{"pos":[-460.568787,2145.8042,84.3368301],"rotationMatrix":[-0.974369884,0.224951193,0,-0.224951193,-0.974369884,0,0,0,1],"scale":0.68476814,"type":"pipeline_support2"}
{"pos":[-832.414124,2039.07336,85.5092392],"rotationMatrix":[0.288924813,0.957351863,0,-0.957351863,0.288924813,0,0,0,1],"scale":0.783830941,"type":"pipeline_support2"}
{"pos":[-828.05188,2037.75684,85.5092392],"rotationMatrix":[0.288924813,0.957351863,0,-0.957351863,0.288924813,0,0,0,1],"scale":0.783830941,"type":"pipeline_support2"}
{"pos":[-817.574585,2034.59485,85.5092392],"rotationMatrix":[0.288924813,0.957351863,0,-0.957351863,0.288924813,0,0,0,1],"scale":0.783830941,"type":"pipeline_support2"}
{"pos":[-842.816162,2042.21265,85.5092392],"rotationMatrix":[0.288924813,0.957351863,0,-0.957351863,0.288924813,0,0,0,1],"scale":0.783830941,"type":"pipeline_support2"}
{"pos":[-838.324036,2081.39307,85.5092392],"rotationMatrix":[0.957351685,-0.288925081,0,0.288925081,0.957351685,0,0,0,1],"scale":0.783830941,"type":"pipeline_support2"}
{"pos":[-840.129944,2081.93799,85.5092392],"rotationMatrix":[0.957351685,-0.288925081,0,0.288925081,0.957351685,0,0,0,1],"scale":0.783830941,"type":"pipeline_support2"}
{"pos":[-837.006287,2085.75952,85.5092392],"rotationMatrix":[0.957351685,-0.288925081,0,0.288925081,0.957351685,0,0,0,1],"scale":0.783830941,"type":"pipeline_support2"}
{"pos":[-838.812195,2086.30444,85.5092392],"rotationMatrix":[0.957351685,-0.288925081,0,0.288925081,0.957351685,0,0,0,1],"scale":0.783830941,"type":"pipeline_support2"}
{"pos":[-844.576599,2060.67529,85.5092392],"rotationMatrix":[0.957351685,-0.288925081,0,0.288925081,0.957351685,0,0,0,1],"scale":0.783830941,"type":"pipeline_support2"}
{"pos":[-846.382507,2061.22021,85.5092392],"rotationMatrix":[0.957351685,-0.288925081,0,0.288925081,0.957351685,0,0,0,1],"scale":0.783830941,"type":"pipeline_support2"}
{"pos":[-845.866577,2056.40088,85.5092392],"rotationMatrix":[0.957351685,-0.288925081,0,0.288925081,0.957351685,0,0,0,1],"scale":0.783830941,"type":"pipeline_support2"}
{"pos":[-847.672485,2056.9458,85.5092392],"rotationMatrix":[0.957351685,-0.288925081,0,0.288925081,0.957351685,0,0,0,1],"scale":0.783830941,"type":"pipeline_support2"}
{"pos":[-847.154358,2052.13379,85.5092392],"rotationMatrix":[0.957351685,-0.288925081,0,0.288925081,0.957351685,0,0,0,1],"scale":0.783830941,"type":"pipeline_support2"}
{"pos":[-848.960266,2052.67871,85.5092392],"rotationMatrix":[0.957351685,-0.288925081,0,0.288925081,0.957351685,0,0,0,1],"scale":0.783830941,"type":"pipeline_support2"}
{"pos":[-848.44519,2047.85657,85.5092392],"rotationMatrix":[0.957351685,-0.288925081,0,0.288925081,0.957351685,0,0,0,1],"scale":0.783830941,"type":"pipeline_support2"}
{"pos":[-850.251099,2048.40161,85.5092392],"rotationMatrix":[0.957351685,-0.288925081,0,0.288925081,0.957351685,0,0,0,1],"scale":0.783830941,"type":"pipeline_support2"}
{"pos":[-534.454956,1896.06091,85.1664429],"rotationMatrix":[-0.224951029,-0.974370122,0,0.974370122,-0.224951029,0,0,0,1],"scale":0.68476814,"type":"pipeline_support2"}
{"pos":[-538.237976,1896.93433,85.1664429],"rotationMatrix":[-0.224951029,-0.974370122,0,0.974370122,-0.224951029,0,0,0,1],"scale":0.68476814,"type":"pipeline_support2"}
{"pos":[-533.590698,1900.93701,85.1664429],"rotationMatrix":[-0.224951029,-0.974370122,0,0.974370122,-0.224951029,0,0,0,1],"scale":0.68476814,"type":"pipeline_support2"}
{"pos":[-537.373718,1901.81042,85.1664429],"rotationMatrix":[-0.224951029,-0.974370122,0,0.974370122,-0.224951029,0,0,0,1],"scale":0.68476814,"type":"pipeline_support2"}
{"pos":[-548.21167,1963.52454,84.3368301],"rotationMatrix":[-0.224951029,-0.974370122,0,0.974370122,-0.224951029,0,0,0,1],"scale":0.68476814,"type":"pipeline_support2"}
{"pos":[-548.489502,1962.32117,84.3368301],"rotationMatrix":[-0.224951029,-0.974370122,0,0.974370122,-0.224951029,0,0,0,1],"scale":0.68476814,"type":"pipeline_support2"}
{"pos":[-544.413025,1962.64758,84.3368301],"rotationMatrix":[-0.224951029,-0.974370122,0,0.974370122,-0.224951029,0,0,0,1],"scale":0.68476814,"type":"pipeline_support2"}
{"pos":[-544.690857,1961.44421,84.3368301],"rotationMatrix":[-0.224951029,-0.974370122,0,0.974370122,-0.224951029,0,0,0,1],"scale":0.68476814,"type":"pipeline_support2"}
{"pos":[-534.199829,1960.28967,84.3368301],"rotationMatrix":[-0.224951029,-0.974370122,0,0.974370122,-0.224951029,0,0,0,1],"scale":0.68476814,"type":"pipeline_support2"}
{"pos":[-534.477661,1959.0863,84.3368301],"rotationMatrix":[-0.224951029,-0.974370122,0,0.974370122,-0.224951029,0,0,0,1],"scale":0.68476814,"type":"pipeline_support2"}
{"pos":[-530.400452,1959.41248,84.3368301],"rotationMatrix":[-0.224951029,-0.974370122,0,0.974370122,-0.224951029,0,0,0,1],"scale":0.68476814,"type":"pipeline_support2"}
{"pos":[-530.678284,1958.20911,84.3368301],"rotationMatrix":[-0.224951029,-0.974370122,0,0.974370122,-0.224951029,0,0,0,1],"scale":0.68476814,"type":"pipeline_support2"}
{"pos":[-461.130981,2137.87891,84.3368301],"rotationMatrix":[-0.974369884,0.224951193,0,-0.224951193,-0.974369884,0,0,0,1],"scale":0.68476814,"type":"pipeline_support2"}
{"pos":[-462.334351,2138.15674,84.3368301],"rotationMatrix":[-0.974369884,0.224951193,0,-0.224951193,-0.974369884,0,0,0,1],"scale":0.68476814,"type":"pipeline_support2"}
{"pos":[-460.258911,2141.65625,84.3368301],"rotationMatrix":[-0.974369884,0.224951193,0,-0.224951193,-0.974369884,0,0,0,1],"scale":0.68476814,"type":"pipeline_support2"}
{"pos":[-461.46228,2141.93408,84.3368301],"rotationMatrix":[-0.974369884,0.224951193,0,-0.224951193,-0.974369884,0,0,0,1],"scale":0.68476814,"type":"pipeline_support2"}
{"pos":[-462.873596,2130.33105,84.3368301],"rotationMatrix":[-0.974369884,0.224951193,0,-0.224951193,-0.974369884,0,0,0,1],"scale":0.68476814,"type":"pipeline_support2"}
{"pos":[-464.076965,2130.60889,84.3368301],"rotationMatrix":[-0.974369884,0.224951193,0,-0.224951193,-0.974369884,0,0,0,1],"scale":0.68476814,"type":"pipeline_support2"}
{"pos":[-462.001526,2134.1084,84.3368301],"rotationMatrix":[-0.974369884,0.224951193,0,-0.224951193,-0.974369884,0,0,0,1],"scale":0.68476814,"type":"pipeline_support2"}
{"pos":[-463.204895,2134.38623,84.3368301],"rotationMatrix":[-0.974369884,0.224951193,0,-0.224951193,-0.974369884,0,0,0,1],"scale":0.68476814,"type":"pipeline_support2"}
{"pos":[-474.382782,2080.479,84.3368301],"rotationMatrix":[-0.974369884,0.224951193,0,-0.224951193,-0.974369884,0,0,0,1],"scale":0.68476814,"type":"pipeline_support2"}
{"pos":[-475.586151,2080.75684,84.3368301],"rotationMatrix":[-0.974369884,0.224951193,0,-0.224951193,-0.974369884,0,0,0,1],"scale":0.68476814,"type":"pipeline_support2"}
{"pos":[-473.510712,2084.25635,84.3368301],"rotationMatrix":[-0.974369884,0.224951193,0,-0.224951193,-0.974369884,0,0,0,1],"scale":0.68476814,"type":"pipeline_support2"}
{"pos":[-474.714081,2084.53418,84.3368301],"rotationMatrix":[-0.974369884,0.224951193,0,-0.224951193,-0.974369884,0,0,0,1],"scale":0.68476814,"type":"pipeline_support2"}
{"pos":[-476.125397,2072.93115,84.3368301],"rotationMatrix":[-0.974369884,0.224951193,0,-0.224951193,-0.974369884,0,0,0,1],"scale":0.68476814,"type":"pipeline_support2"}
{"pos":[-477.328766,2073.20898,84.3368301],"rotationMatrix":[-0.974369884,0.224951193,0,-0.224951193,-0.974369884,0,0,0,1],"scale":0.68476814,"type":"pipeline_support2"}
{"pos":[-475.253326,2076.7085,84.3368301],"rotationMatrix":[-0.974369884,0.224951193,0,-0.224951193,-0.974369884,0,0,0,1],"scale":0.68476814,"type":"pipeline_support2"}
{"pos":[-476.456696,2076.98633,84.3368301],"rotationMatrix":[-0.974369884,0.224951193,0,-0.224951193,-0.974369884,0,0,0,1],"scale":0.68476814,"type":"pipeline_support2"}
{"pos":[-477.866211,2065.39062,84.3368301],"rotationMatrix":[-0.974369884,0.224951193,0,-0.224951193,-0.974369884,0,0,0,1],"scale":0.68476814,"type":"pipeline_support2"}
{"pos":[-479.06958,2065.66846,84.3368301],"rotationMatrix":[-0.974369884,0.224951193,0,-0.224951193,-0.974369884,0,0,0,1],"scale":0.68476814,"type":"pipeline_support2"}
{"pos":[-476.994141,2069.16797,84.3368301],"rotationMatrix":[-0.974369884,0.224951193,0,-0.224951193,-0.974369884,0,0,0,1],"scale":0.68476814,"type":"pipeline_support2"}
{"pos":[-478.19751,2069.4458,84.3368301],"rotationMatrix":[-0.974369884,0.224951193,0,-0.224951193,-0.974369884,0,0,0,1],"scale":0.68476814,"type":"pipeline_support2"}
{"pos":[-479.608826,2057.84277,84.3368301],"rotationMatrix":[-0.974369884,0.224951193,0,-0.224951193,-0.974369884,0,0,0,1],"scale":0.68476814,"type":"pipeline_support2"}
{"pos":[-480.812195,2058.12061,84.3368301],"rotationMatrix":[-0.974369884,0.224951193,0,-0.224951193,-0.974369884,0,0,0,1],"scale":0.68476814,"type":"pipeline_support2"}
{"pos":[-478.736755,2061.62012,84.3368301],"rotationMatrix":[-0.974369884,0.224951193,0,-0.224951193,-0.974369884,0,0,0,1],"scale":0.68476814,"type":"pipeline_support2"}
{"pos":[-479.940125,2061.89795,84.3368301],"rotationMatrix":[-0.974369884,0.224951193,0,-0.224951193,-0.974369884,0,0,0,1],"scale":0.68476814,"type":"pipeline_support2"}
{"pos":[-481.350952,2050.29663,84.3368301],"rotationMatrix":[-0.974369884,0.224951193,0,-0.224951193,-0.974369884,0,0,0,1],"scale":0.68476814,"type":"pipeline_support2"}
{"pos":[-482.554321,2050.57446,84.3368301],"rotationMatrix":[-0.974369884,0.224951193,0,-0.224951193,-0.974369884,0,0,0,1],"scale":0.68476814,"type":"pipeline_support2"}
{"pos":[-480.478882,2054.07397,84.3368301],"rotationMatrix":[-0.974369884,0.224951193,0,-0.224951193,-0.974369884,0,0,0,1],"scale":0.68476814,"type":"pipeline_support2"}
{"pos":[-481.682251,2054.35181,84.3368301],"rotationMatrix":[-0.974369884,0.224951193,0,-0.224951193,-0.974369884,0,0,0,1],"scale":0.68476814,"type":"pipeline_support2"}
{"pos":[-483.093567,2042.74866,84.3368301],"rotationMatrix":[-0.974369884,0.224951193,0,-0.224951193,-0.974369884,0,0,0,1],"scale":0.68476814,"type":"pipeline_support2"}
{"pos":[-484.296936,2043.02649,84.3368301],"rotationMatrix":[-0.974369884,0.224951193,0,-0.224951193,-0.974369884,0,0,0,1],"scale":0.68476814,"type":"pipeline_support2"}
{"pos":[-482.221497,2046.526,84.3368301],"rotationMatrix":[-0.974369884,0.224951193,0,-0.224951193,-0.974369884,0,0,0,1],"scale":0.68476814,"type":"pipeline_support2"}
{"pos":[-483.424866,2046.80383,84.3368301],"rotationMatrix":[-0.974369884,0.224951193,0,-0.224951193,-0.974369884,0,0,0,1],"scale":0.68476814,"type":"pipeline_support2"}
{"pos":[-863.000427,2009.71191,87.5559082],"rotationMatrix":[0.225270808,0.974296153,0,-0.974296153,0.225270808,0,0,0,1],"scale":0.719643116,"type":"pipeline_support2"}
{"pos":[-863.280945,2008.49866,87.5559082],"rotationMatrix":[0.225270808,0.974296153,0,-0.974296153,0.225270808,0,0,0,1],"scale":0.719643116,"type":"pipeline_support2"}
{"pos":[-859.042053,2008.77075,87.5559082],"rotationMatrix":[0.225270808,0.974296153,0,-0.974296153,0.225270808,0,0,0,1],"scale":0.719643116,"type":"pipeline_support2"}
{"pos":[-859.322571,2007.55762,87.5559082],"rotationMatrix":[0.225270808,0.974296153,0,-0.974296153,0.225270808,0,0,0,1],"scale":0.719643116,"type":"pipeline_support2"}
{"pos":[-855.104248,2007.86938,87.5559082],"rotationMatrix":[0.225270808,0.974296153,0,-0.974296153,0.225270808,0,0,0,1],"scale":0.719643116,"type":"pipeline_support2"}
{"pos":[-855.384766,2006.65613,87.5559082],"rotationMatrix":[0.225270808,0.974296153,0,-0.974296153,0.225270808,0,0,0,1],"scale":0.719643116,"type":"pipeline_support2"}
{"pos":[-851.145874,2006.92822,87.5559082],"rotationMatrix":[0.225270808,0.974296153,0,-0.974296153,0.225270808,0,0,0,1],"scale":0.719643116,"type":"pipeline_support2"}
{"pos":[-851.426392,2005.71509,87.5559082],"rotationMatrix":[0.225270808,0.974296153,0,-0.974296153,0.225270808,0,0,0,1],"scale":0.719643116,"type":"pipeline_support2"}
{"pos":[-835.632935,2003.36731,87.5559082],"rotationMatrix":[0.225270808,0.974296153,0,-0.974296153,0.225270808,0,0,0,1],"scale":0.719643116,"type":"pipeline_support2"}
{"pos":[-835.913452,2002.15405,87.5559082],"rotationMatrix":[0.225270808,0.974296153,0,-0.974296153,0.225270808,0,0,0,1],"scale":0.719643116,"type":"pipeline_support2"}
{"pos":[-831.674561,2002.42615,87.5559082],"rotationMatrix":[0.225270808,0.974296153,0,-0.974296153,0.225270808,0,0,0,1],"scale":0.719643116,"type":"pipeline_support2"}
{"pos":[-831.955078,2001.21301,87.5559082],"rotationMatrix":[0.225270808,0.974296153,0,-0.974296153,0.225270808,0,0,0,1],"scale":0.719643116,"type":"pipeline_support2"}
{"pos":[-795.994385,2080.89551,84.2222137],"rotationMatrix":[0.95416832,-0.299270511,0,0.299270511,0.95416832,0,0,0,1],"scale":0.719643116,"type":"pipeline_support2"}
{"pos":[-809.571838,2036.69568,85.5654449],"rotationMatrix":[0.95416832,-0.299270511,0,0.299270511,0.95416832,0,0,0,1],"scale":0.719643116,"type":"pipeline_support2"}
{"pos":[-852.099609,2045.0144,85.5092392],"rotationMatrix":[0.288924813,0.957351863,0,-0.957351863,0.288924813,0,0,0,1],"scale":0.783830941,"type":"pipeline_support2"}
{"pos":[-847.127808,2043.51392,85.5092392],"rotationMatrix":[0.288924813,0.957351863,0,-0.957351863,0.288924813,0,0,0,1],"scale":0.783830941,"type":"pipeline_support2"}
{"pos":[-813.235046,2033.28516,85.5092392],"rotationMatrix":[0.288924813,0.957351863,0,-0.957351863,0.288924813,0,0,0,1],"scale":0.783830941,"type":"pipeline_support2"}
{"pos":[-824.862244,2089.54004,84.2274246],"rotationMatrix":[0.193380773,0.981123805,0,-0.981123805,0.193380773,0,0,0,1],"scale":0.719643116,"type":"pipeline_support2"}
{"pos":[-820.885132,2088.7561,84.2274246],"rotationMatrix":[0.193380773,0.981123805,0,-0.981123805,0.193380773,0,0,0,1],"scale":0.719643116,"type":"pipeline_support2"}
{"pos":[-809.664246,2086.54443,84.2274246],"rotationMatrix":[0.193380773,0.981123805,0,-0.981123805,0.193380773,0,0,0,1],"scale":0.719643116,"type":"pipeline_support2"}
