{"pos":[-11.6873846,439.430328,102.254723],"rotationMatrix":[0.679157138,-0.733992934,0,0.733992934,0.679157138,0,0,0,1],"scale":1,"type":"pole_light_single"}
{"pos":[5.8505578,455.169464,102.214569],"rotationMatrix":[0.679157138,-0.733992934,0,0.733992934,0.679157138,0,0,0,1],"scale":1,"type":"pole_light_single"}
{"pos":[23.1560326,470.885101,102.27565],"rotationMatrix":[0.70153451,-0.712635517,0,0.712635517,0.70153451,0,0,0,1],"scale":1,"type":"pole_light_single"}
{"pos":[160.39444,642.516968,92.3718414],"rotationMatrix":[-0.941712499,0.336418897,0,-0.336418897,-0.941712499,0,0,0,1],"scale":1,"type":"pole_light_single"}
{"pos":[165.822617,688.475525,96.1976395],"rotationMatrix":[-0.998013735,-0.0629982725,0,0.0629982725,-0.998013735,0,0,0,1],"scale":1,"type":"pole_light_single"}
{"pos":[147.366821,738.294128,97.7214127],"rotationMatrix":[-0.799615145,-0.600512683,0,0.600512683,-0.799615145,0,0,0,1],"scale":1,"type":"pole_light_single"}
{"pos":[110.126358,772.325745,101.028122],"rotationMatrix":[0.998526752,0.0542611629,0,-0.0542611629,0.998526752,0,0,0,1],"scale":1,"type":"pole_light_single"}
{"pos":[133.889709,807.06604,102.234322],"rotationMatrix":[0.392401457,-0.919794023,0,0.919794023,0.392401457,0,0,0,1],"scale":1,"type":"pole_light_single"}
{"pos":[123.012856,587.836609,82.8000031],"rotationMatrix":[-0.553221464,0.833034217,0,-0.833034217,-0.553221464,0,0,0,1],"scale":1,"type":"pole_light_single"}
{"pos":[70.5115204,556.304932,76.0153656],"rotationMatrix":[-0.550584316,0.834779501,0,-0.834779501,-0.550584316,0,0,0,1],"scale":1,"type":"pole_light_single"}
{"pos":[20.0051403,519.208618,74.7640533],"rotationMatrix":[-0.673382401,0.739294231,0,-0.739294231,-0.673382401,0,0,0,1],"scale":1,"type":"pole_light_single"}
{"pos":[127.968689,563.615356,101.293785],"rotationMatrix":[0.678862572,-0.734265387,0,0.734265387,0.678862572,0,0,0,1],"scale":1,"type":"pole_light_single"}
{"pos":[158.191833,601.163452,100.66214],"rotationMatrix":[0.80500102,-0.593273401,0,0.593273401,0.80500102,0,0,0,1],"scale":1,"type":"pole_light_single"}
{"pos":[173.475342,657.529419,100.683632],"rotationMatrix":[0.998976767,-0.0452263132,0,0.0452263132,0.998976767,0,0,0,1],"scale":1,"type":"pole_light_single"}
{"pos":[174.440231,729.56897,101.488365],"rotationMatrix":[0.998468161,0.0553298146,0,-0.0553298146,0.998468161,0,0,0,1],"scale":1,"type":"pole_light_single"}
{"pos":[-580.383728,-441.268402,114.390213],"rotationMatrix":[-0.023226738,-0.999730229,0,0.999730229,-0.023226738,0,0,0,1],"scale":1,"type":"pole_light_single"}
{"pos":[-518.065613,-461.442871,117.86264],"rotationMatrix":[-0.796616673,-0.604484677,0,0.604484677,-0.796616673,0,0,0,1],"scale":1,"type":"pole_light_single"}
{"pos":[-474.21463,-500.626862,122.086418],"rotationMatrix":[0.00198686123,-0.999998033,0,0.999998033,0.00198686123,0,0,0,1],"scale":1,"type":"pole_light_single"}
{"pos":[-421.034454,-508.279114,123.036125],"rotationMatrix":[-0.552998543,-0.833182335,0,0.833182335,-0.552998543,0,0,0,1],"scale":1,"type":"pole_light_single"}
{"pos":[-394.181885,-549.995911,125.561516],"rotationMatrix":[-0.920238853,-0.391357034,0,0.391357034,-0.920238853,0,0,0,1],"scale":1,"type":"pole_light_single"}
{"pos":[-361.170563,-588.454224,127.249077],"rotationMatrix":[-0.604521871,-0.7965886,0,0.7965886,-0.604521871,0,0,0,1],"scale":1,"type":"pole_light_single"}
{"pos":[-326.753693,-618.635681,125.714546],"rotationMatrix":[-0.663756371,-0.747948825,0,0.747948825,-0.663756371,0,0,0,1],"scale":1,"type":"pole_light_single"}
{"pos":[-291.972839,-663.582153,124.485985],"rotationMatrix":[-0.719470263,-0.694523156,0,0.694523156,-0.719470263,0,0,0,1],"scale":1,"type":"pole_light_single"}
{"pos":[-241.596634,-674.997314,126.672058],"rotationMatrix":[-0.418058157,-0.908420265,0,0.908420265,-0.418058157,0,0,0,1],"scale":1,"type":"pole_light_single"}
{"pos":[-205.55928,-710.882812,129.628387],"rotationMatrix":[-0.760116816,-0.649786294,0,0.649786294,-0.760116816,0,0,0,1],"scale":1,"type":"pole_light_single"}
{"pos":[-174.095215,-752.414001,131.052994],"rotationMatrix":[-0.873533845,-0.486763328,0,0.486763328,-0.873533845,0,0,0,1],"scale":1,"type":"pole_light_single"}
{"pos":[-190.068741,-815.030945,135.033188],"rotationMatrix":[-0.651875257,-0.758326232,0,0.758326232,-0.651875257,0,0,0,1],"scale":1,"type":"pole_light_single"}
{"pos":[-162.966537,-858.200012,132.531097],"rotationMatrix":[0.651875377,0.758326173,0,-0.758326173,0.651875377,0,0,0,1],"scale":1,"type":"pole_light_single"}
{"pos":[-130.342911,-865.513428,131.167099],"rotationMatrix":[-0.703091383,-0.711099267,0,0.711099267,-0.703091383,0,0,0,0.999999881],"scale":1,"type":"pole_light_single"}
{"pos":[-238.406372,-823.330811,137.351837],"rotationMatrix":[-0.077064991,-0.997026086,0,0.997026086,-0.077064991,0,0,0,1],"scale":1,"type":"pole_light_single"}
{"pos":[-305.921967,-802.505615,137.344193],"rotationMatrix":[0.50106287,0.865410924,0,-0.865410924,0.50106287,0,0,0,1],"scale":1,"type":"pole_light_single"}
{"pos":[-636.382446,-455.381683,111.412834],"rotationMatrix":[0.0411488414,0.999153018,0,-0.999153018,0.0411488414,0,0,0,1],"scale":1,"type":"pole_light_single"}
{"pos":[-700.551453,-457.166565,103.236351],"rotationMatrix":[-0.346009493,0.938230991,0,-0.938230991,-0.346009493,0,0,0,1],"scale":1,"type":"pole_light_single"}
{"pos":[-751.550903,-488.803802,99.9798889],"rotationMatrix":[-0.629763484,0.776786923,0,-0.776786923,-0.629763484,0,0,0,1],"scale":1,"type":"pole_light_single"}
{"pos":[-260.934753,-21.1018639,120.53595],"rotationMatrix":[-0.810007691,0.586419463,0,-0.586419463,-0.810007691,0,0,0,1],"scale":1,"type":"pole_light_single"}
{"pos":[-254.147339,-82.4665833,120.906509],"rotationMatrix":[-0.901247025,-0.43330574,0,0.43330574,-0.901247025,0,0,0,1],"scale":1,"type":"pole_light_single"}
{"pos":[-260.36261,-54.1275558,120.600891],"rotationMatrix":[-0.997787833,-0.0664779991,0,0.0664779991,-0.997787833,0,0,0,1],"scale":1,"type":"pole_light_single"}
{"pos":[-224.664383,-77.0865326,120.596268],"rotationMatrix":[0.601525068,-0.798853934,0,0.798853934,0.601525068,0,0,0,1],"scale":1,"type":"pole_light_single"}
{"pos":[-182.588715,-47.1545525,120.83596],"rotationMatrix":[0.601525068,-0.798853934,0,0.798853934,0.601525068,0,0,0,1],"scale":1,"type":"pole_light_single"}
{"pos":[-161.739655,-32.7271576,121.016953],"rotationMatrix":[0.601525068,-0.798853934,0,0.798853934,0.601525068,0,0,0,1],"scale":1,"type":"pole_light_single"}
{"pos":[-172.149963,-15.2849216,121.268234],"rotationMatrix":[0.731245756,0.682114124,0,-0.682114124,0.731245756,0,0,0,1],"scale":1,"type":"pole_light_single"}
{"pos":[-112.883957,5.52799749,121.977654],"rotationMatrix":[0.183323145,-0.983052671,0,0.983052671,0.183323145,0,0,0,1],"scale":1,"type":"pole_light_single"}
{"pos":[-42.3432999,70.7489166,122.939209],"rotationMatrix":[0.997076392,0.0764112324,0,-0.0764112324,0.997076392,0,0,0,1],"scale":1,"type":"pole_light_single"}
{"pos":[-71.1193771,98.5926666,126.068916],"rotationMatrix":[0.02460289,0.999697328,0,-0.999697328,0.02460289,0,0,0,1],"scale":1,"type":"pole_light_single"}
{"pos":[-213.582825,-1.44845641,121.78878],"rotationMatrix":[0.103229403,-0.994657338,-0.00059034396,0.994577467,0.103228629,-0.0126227513,0.0126162525,0.000715896022,0.99992013],"scale":1,"type":"pole_light_single"}
{"pos":[-159.299255,29.3646107,123.041328],"rotationMatrix":[0.678605437,-0.734380841,-0.0133934766,0.734295011,0.678734362,-0.0114216693,0.0174784698,-0.0020839572,0.999845088],"scale":1,"type":"pole_light_single"}
{"pos":[-117.297867,71.4542847,124.825806],"rotationMatrix":[0.678518295,-0.734286666,-0.0208816063,0.734564185,0.678432584,0.0120310523,0.0053325207,-0.0235021673,0.999709547],"scale":1,"type":"pole_light_single"}
{"pos":[-127.752975,113.333504,123.327911],"rotationMatrix":[0.734312296,0.678542316,-0.019126419,-0.678682864,0.734430492,-0.00120354258,0.0132303713,0.0138645489,0.999816358],"scale":1,"type":"pole_light_single"}
{"pos":[-181.682388,110.789581,121.692848],"rotationMatrix":[-0.709755421,0.703963757,0.0261171311,-0.704013467,-0.710132003,0.00880136155,0.0247424543,-0.0121399984,0.99962014],"scale":1,"type":"pole_light_single"}
{"pos":[-214.3862,75.6109619,121.278854],"rotationMatrix":[-0.709784985,0.703992963,-0.0244779065,-0.703900218,-0.71016705,-0.0136815086,-0.02701509,0.00751907332,0.999606729],"scale":1,"type":"pole_light_single"}
{"pos":[-246.87767,39.9850807,120.743408],"rotationMatrix":[-0.709956169,0.704162776,-0.0108153196,-0.704222023,-0.709974647,0.00268418738,-0.00578849856,0.00952204224,0.999937892],"scale":1,"type":"pole_light_single"}
{"pos":[934.799805,-469.041229,162.477219],"rotationMatrix":[0.590369403,0.806710541,0.0261171311,-0.807090342,0.59036243,0.00880136061,-0.00831842143,-0.0262749381,0.99962014],"scale":1,"type":"pole_light_single"}
{"pos":[916.259338,-463.524017,161.155914],"rotationMatrix":[-0.0556359291,0.998438358,0.0050404775,-0.99840343,-0.0555831194,-0.0100565543,-0.00976068527,-0.00559193548,0.9999367],"scale":1,"type":"pole_light_single"}
{"pos":[-866.615295,-786.680298,114.42482],"rotationMatrix":[-0.986421347,0.164232612,0,-0.164232612,-0.986421347,0,0,0,0.999999642],"scale":1,"type":"pole_light_single"}
{"pos":[-884.050171,-811.328491,114.954987],"rotationMatrix":[-0.115873389,0.993263602,0,-0.993263602,-0.115873389,0,0,0,0.999999642],"scale":1,"type":"pole_light_single"}
{"pos":[-350.484833,-818.313599,137.666473],"rotationMatrix":[-0.638661742,-0.769486964,0,0.769486964,-0.638661742,0,0,0,0.999999523],"scale":1,"type":"pole_light_single"}
{"pos":[-348.537354,-846.177063,136.176102],"rotationMatrix":[0.698335171,0.715770006,0,-0.715770006,0.698335171,0,0,0,0.999999285],"scale":1,"type":"pole_light_single"}
{"pos":[39.6589851,1826.80347,104.155159],"rotationMatrix":[-0.743016958,0.669272304,0,-0.669272304,-0.743016958,0,0,0,0.999999762],"scale":1,"type":"pole_light_single"}
{"pos":[11.4282026,1847.60999,103.552673],"rotationMatrix":[0.850378156,-0.526171446,0,0.526171446,0.850378156,0,0,0,0.999999642],"scale":1,"type":"pole_light_single"}
{"pos":[-725.706482,1808.32837,85.6800613],"rotationMatrix":[-0.697416902,-0.716665387,0,0.716665387,-0.697416902,0,0,0,0.999999762],"scale":1,"type":"pole_light_single"}
{"pos":[326.933167,1554.86646,74.8237381],"rotationMatrix":[-0.756879628,0.653553903,0,-0.653553903,-0.756879628,0,0,0,0.999999642],"scale":1,"type":"pole_light_single"}
{"pos":[304.438629,1569.33508,74.9819107],"rotationMatrix":[0.759595871,-0.650394738,0,0.650394738,0.759595871,0,0,0,0.999999404],"scale":1,"type":"pole_light_single"}
{"pos":[-680.654724,2054.19263,79.159935],"rotationMatrix":[0.140142962,0.99013114,0,-0.99013114,0.140142962,0,0,0,0.999999762],"scale":1,"type":"pole_light_single"}
{"pos":[-633.558899,2043.14441,78.9703598],"rotationMatrix":[0.256142527,0.966638923,0,-0.966638923,0.256142527,0,0,0,0.999999762],"scale":1,"type":"pole_light_single"}
{"pos":[-587.628113,2031.95886,79.0876923],"rotationMatrix":[0.148281217,0.988945067,0,-0.988945067,0.148281217,0,0,0,0.999999762],"scale":1,"type":"pole_light_single"}
{"pos":[-519.37085,2015.49719,79.0357437],"rotationMatrix":[0.143356025,0.989671052,0,-0.989671052,0.143356025,0,0,0,0.999999762],"scale":1,"type":"pole_light_single"}
{"pos":[-498.3992,1977.73682,80.5152817],"rotationMatrix":[-0.67063725,0.741785169,0,-0.741785169,-0.67063725,0,0,0,0.999999762],"scale":1,"type":"pole_light_single"}
{"pos":[-1178.19751,1950.8418,94.3234863],"rotationMatrix":[0.639180422,-0.76905638,0,0.76905638,0.639180422,0,0,0,0.999999523],"scale":1,"type":"pole_light_single"}
{"pos":[-1195.15442,1899.3822,94.6088257],"rotationMatrix":[0.923147857,0.384443909,0,-0.384443909,0.923147857,0,0,0,0.999999404],"scale":1,"type":"pole_light_single"}
{"pos":[-1175.37415,1864.74927,94.4849167],"rotationMatrix":[0.480055153,0.877237737,0,-0.877237737,0.480055153,0,0,0,0.999999166],"scale":1,"type":"pole_light_single"}
{"pos":[-486.91275,2030.43604,78.8819504],"rotationMatrix":[-0.78403455,-0.620716691,0,0.620716691,-0.78403455,0,0,0,0.999999642],"scale":1,"type":"pole_light_single"}
{"pos":[-730.376038,2070.40991,78.7476807],"rotationMatrix":[0.82300204,0.568037927,0,-0.568037927,0.82300204,0,0,0,0.999999642],"scale":1,"type":"pole_light_single"}
{"pos":[-701.297363,2079.42651,78.9748535],"rotationMatrix":[-0.800626397,-0.599163294,0,0.599163294,-0.800626397,0,0,0,0.999999523],"scale":1,"type":"pole_light_single"}
{"pos":[-938.433899,2062.72778,77.8284988],"rotationMatrix":[-0.904256642,0.426988453,0,-0.426988453,-0.904256642,0,0,0,0.999999523],"scale":1,"type":"pole_light_single"}
{"pos":[-962.650696,2071.60962,76.6570511],"rotationMatrix":[0.865956306,-0.500118613,0,0.500118613,0.865956306,0,0,0,0.999999404],"scale":1,"type":"pole_light_single"}
{"pos":[-1102.77405,1964.99194,93.0195312],"rotationMatrix":[0.383217692,-0.923657477,0,0.923657477,0.383217692,0,0,0,0.999999285],"scale":1,"type":"pole_light_single"}
{"pos":[-1086.85852,1971.07202,92.0381927],"rotationMatrix":[0.383217692,-0.923657477,0,0.923657477,0.383217692,0,0,0,0.999999285],"scale":1,"type":"pole_light_single"}
{"pos":[-486.06723,2053.30029,79.1382751],"rotationMatrix":[-0.979230702,0.202746525,0,-0.202746525,-0.979230702,0,0,0,0.999999285],"scale":1,"type":"pole_light_single"}
{"pos":[-477.525482,2090.48413,79.1340942],"rotationMatrix":[-0.979230702,0.202746525,0,-0.202746525,-0.979230702,0,0,0,0.999999285],"scale":1,"type":"pole_light_single"}
{"pos":[-468.623383,2129.4126,79.1434937],"rotationMatrix":[-0.979230702,0.202746525,0,-0.202746525,-0.979230702,0,0,0,0.999999285],"scale":1,"type":"pole_light_single"}
{"pos":[-452.912231,2138.12085,78.7156067],"rotationMatrix":[0.202209204,0.979341567,0,-0.979341567,0.202209204,0,0,0,0.999999046],"scale":1,"type":"pole_light_single"}
{"pos":[-452.912231,2138.12085,78.7341309],"rotationMatrix":[0.202209204,0.979341567,0,-0.979341567,0.202209204,0,0,0,0.999999046],"scale":1,"type":"pole_light_single"}
{"pos":[-373.459595,2119.45508,78.7579041],"rotationMatrix":[0.202209204,0.979341567,0,-0.979341567,0.202209204,0,0,0,0.999999046],"scale":1,"type":"pole_light_single"}
{"pos":[-415.528839,2129.3396,78.7472076],"rotationMatrix":[0.202209204,0.979341567,0,-0.979341567,0.202209204,0,0,0,0.999999046],"scale":1,"type":"pole_light_single"}
{"pos":[-504.4487,2151.03296,78.7637787],"rotationMatrix":[0.202209204,0.979341567,0,-0.979341567,0.202209204,0,0,0,0.999999046],"scale":1,"type":"pole_light_single"}
{"pos":[-627.923035,2179.42529,78.7479401],"rotationMatrix":[0.202209204,0.979341567,0,-0.979341567,0.202209204,0,0,0,0.999999046],"scale":1,"type":"pole_light_single"}
{"pos":[-557.840698,2162.88965,78.7594452],"rotationMatrix":[0.202209204,0.979341567,0,-0.979341567,0.202209204,0,0,0,0.999999046],"scale":1,"type":"pole_light_single"}
{"pos":[-531.183289,1926.5592,79.0656509],"rotationMatrix":[0.918335795,-0.395801693,0,0.395801693,0.918335795,0,0,0,0.999999642],"scale":1,"type":"pole_light_single"}
{"pos":[-812.152344,1977.00281,82.7480927],"rotationMatrix":[0.508470297,-0.861079276,0,0.861079276,0.508470297,0,0,0,0.999999523],"scale":1,"type":"pole_light_single"}
{"pos":[-682.452942,1932.64771,84.4034805],"rotationMatrix":[0.215359449,0.976534605,0,-0.976534605,0.215359449,0,0,0,0.999999404],"scale":1,"type":"pole_light_single"}
{"pos":[857.582092,-509.196259,164.742233],"rotationMatrix":[-0.00376998819,-0.99999243,0,0.99999243,-0.00376998819,0,0,0,0.999999404],"scale":1,"type":"pole_light_single"}
{"pos":[-467.962646,1962.37366,82.5977402],"rotationMatrix":[-0.0830444619,0.996545672,0,-0.996545672,-0.0830444619,0,0,0,0.999999762],"scale":1,"type":"pole_light_single"}
{"pos":[-431.918945,1932.9447,82.9752502],"rotationMatrix":[0.99999994,0,0,0,0.99999994,0,0,0,0.999999881],"scale":1,"type":"pole_light_single"}
{"pos":[-1135.56006,1863.98743,94.5172501],"rotationMatrix":[-0.18445313,0.982840657,0,-0.982840657,-0.18445313,0,0,0,0.999999046],"scale":1,"type":"pole_light_single"}
{"pos":[877.55957,-537.689026,165.304626],"rotationMatrix":[0.994129181,0.108194649,0,-0.108194649,0.994129181,0,0,0,0.999999166],"scale":1,"type":"pole_light_single"}
{"pos":[886.301086,-568.862854,165.07254],"rotationMatrix":[0.0485172197,0.998821735,0,-0.998821735,0.0485172197,0,0,0,0.999999046],"scale":1,"type":"pole_light_single"}
{"pos":[906.354065,-511.914062,163.489594],"rotationMatrix":[-0.158468261,-0.987363398,0,0.987363398,-0.158468261,0,0,0,0.999998927],"scale":1,"type":"pole_light_single"}
{"pos":[921.899353,-514.815918,163.225235],"rotationMatrix":[-0.20785296,-0.978159368,0,0.978159368,-0.20785296,0,0,0,0.999998927],"scale":1,"type":"pole_light_single"}
{"pos":[-149.858429,1618.68628,74.8237228],"rotationMatrix":[-0.178529188,0.983933985,0,-0.983933985,-0.178529188,0,0,0,0.999999285],"scale":1,"type":"pole_light_single"}
{"pos":[-147.974258,1642.42712,74.8237228],"rotationMatrix":[-0.108080886,-0.99414134,0,0.99414134,-0.108080886,0,0,0,0.999999166],"scale":1,"type":"pole_light_single"}
{"pos":[34.116024,1534.48218,74.9359512],"rotationMatrix":[0.390584797,-0.92056638,0,0.92056638,0.390584797,0,0,0,0.999999285],"scale":1,"type":"pole_light_single"}
{"pos":[49.0292778,1513.52979,74.9359512],"rotationMatrix":[-0.578136265,0.815939426,0,-0.815939426,-0.578136265,0,0,0,0.999999046],"scale":1,"type":"pole_light_single"}
