{"pos":[-441.742859,678.417297,75.1866837],"rotationMatrix":[0.70710659,0.707106948,0,-0.707106948,0.70710659,0,0,0,1],"scale":1,"type":"pole_traffic1"}
{"pos":[-420.249481,693.723267,75.0104218],"rotationMatrix":[-0.707107067,0.70710659,0,-0.70710659,-0.707107067,0,0,0,1],"scale":1,"type":"pole_traffic1"}
{"pos":[-350.292084,635.302551,75.0735321],"rotationMatrix":[-0.707106709,-0.707106829,0,0.707106829,-0.707106709,0,0,0,1],"scale":1,"type":"pole_traffic1"}
{"pos":[-361.256927,639.678772,75.0319519],"rotationMatrix":[-0.707107067,0.70710659,0,-0.70710659,-0.707107067,0,0,0,1],"scale":1,"type":"pole_traffic1"}
{"pos":[-766.168274,353.952454,143.433334],"rotationMatrix":[0.70710659,0.707106948,0,-0.707106948,0.70710659,0,0,0,1],"scale":1,"type":"pole_traffic1"}
{"pos":[-755.309204,388.615479,143.372894],"rotationMatrix":[-0.707106709,-0.707106829,0,0.707106829,-0.707106709,0,0,0,1],"scale":1,"type":"pole_traffic1"}
{"pos":[-742.837769,371.54068,143.207016],"rotationMatrix":[-0.707107067,0.70710659,0,-0.70710659,-0.707107067,0,0,0,1],"scale":1,"type":"pole_traffic1"}
{"pos":[-775.229736,394.000366,143.072174],"rotationMatrix":[5.36441803e-07,-0.99999994,0,0.99999994,5.36441803e-07,0,0,0,1],"scale":1,"type":"pole_traffic1"}
{"pos":[-614.190247,225.053665,112.597107],"rotationMatrix":[0.707106948,-0.70710659,0,0.70710659,0.707106948,0,0,0,1],"scale":1,"type":"pole_traffic1"}
{"pos":[-599.346436,233.941544,112.534714],"rotationMatrix":[-0.707106709,-0.707106829,0,0.707106829,-0.707106709,0,0,0,1],"scale":1,"type":"pole_traffic1"}
{"pos":[-602.461548,207.356934,112.513062],"rotationMatrix":[0.707106948,0.70710659,0,-0.70710659,0.707106948,0,0,0,1],"scale":1,"type":"pole_traffic1"}
{"pos":[-496.750153,313.061646,97.1756592],"rotationMatrix":[0.707106948,0.70710659,0,-0.70710659,0.707106948,0,0,0,1],"scale":1,"type":"pole_traffic1"}
{"pos":[-493.670166,339.644592,97.1044006],"rotationMatrix":[-0.707107067,-0.707106352,0,0.707106352,-0.707107067,0,0,0,1],"scale":1,"type":"pole_traffic1"}
{"pos":[-481.889526,321.985596,97.0917206],"rotationMatrix":[-0.707105994,0.707107663,0,-0.707107663,-0.707105994,0,0,0,1],"scale":1,"type":"pole_traffic1"}
{"pos":[-391.723816,417.972473,96.2528],"rotationMatrix":[0.707106948,0.70710659,0,-0.70710659,0.707106948,0,0,0,1],"scale":1,"type":"pole_traffic1"}
{"pos":[-385.686279,447.85495,96.0697861],"rotationMatrix":[-0.707107067,-0.707106352,0,0.707106352,-0.707107067,0,0,0,1],"scale":1,"type":"pole_traffic1"}
{"pos":[-463.93924,526.040283,96.538887],"rotationMatrix":[-0.707107067,-0.707106352,0,0.707106352,-0.707107067,0,0,0,1],"scale":1,"type":"pole_traffic1"}
{"pos":[-470.663971,497.082855,96.7362213],"rotationMatrix":[0.707107484,0.707106113,0,-0.707106113,0.707107484,0,0,0,1],"scale":1,"type":"pole_traffic1"}
{"pos":[-373.675018,429.904907,96.240387],"rotationMatrix":[-0.707105994,0.707107663,0,-0.707107663,-0.707105994,0,0,0,1],"scale":1,"type":"pole_traffic1"}
{"pos":[-403.759094,435.984497,96.2003937],"rotationMatrix":[0.707105756,-0.707107782,0,0.707107782,0.707105756,0,0,0,1],"scale":1,"type":"pole_traffic1"}
{"pos":[-450.736755,506.967682,96.5529022],"rotationMatrix":[-0.707106233,0.707107425,0,-0.707107425,-0.707106233,0,0,0,1],"scale":1,"type":"pole_traffic1"}
{"pos":[-547.576843,572.504211,90.3393478],"rotationMatrix":[0.707107484,0.707106113,0,-0.707106113,0.707107484,0,0,0,1],"scale":1,"type":"pole_traffic1"}
{"pos":[-528.921997,585.125427,90.1682205],"rotationMatrix":[-0.707106233,0.707107425,0,-0.707107425,-0.707106233,0,0,0,1],"scale":1,"type":"pole_traffic1"}
{"pos":[-117.899445,-974.314819,132.426941],"rotationMatrix":[0.910090983,-0.414408445,0,0.414408445,0.910090983,0,0,0,1],"scale":1,"type":"pole_traffic1"}
{"pos":[-86.6059418,-963.884094,132.391464],"rotationMatrix":[-0.910090923,0.414408743,0,-0.414408743,-0.910090923,0,0,0,1],"scale":1,"type":"pole_traffic1"}
{"pos":[-28.8093605,417.270905,101.794579],"rotationMatrix":[-0.707105756,-0.707107842,0,0.707107842,-0.707105756,0,0,0,1],"scale":1,"type":"pole_traffic1"}
{"pos":[-426.428589,152.717651,100.153725],"rotationMatrix":[-0.948553085,0.316618085,0,-0.316618085,-0.948553085,0,0,0,1],"scale":1,"type":"pole_traffic1"}
{"pos":[-290.181305,338.678345,101.987831],"rotationMatrix":[-0.885079265,-0.465440273,0,0.465440273,-0.885079265,0,0,0,1],"scale":1,"type":"pole_traffic1"}
{"pos":[-295.420563,316.67337,101.684364],"rotationMatrix":[0.885078967,0.465440899,0,-0.465440899,0.885078967,0,0,0,1],"scale":1,"type":"pole_traffic1"}
{"pos":[40.5956764,-785.428711,133.069748],"rotationMatrix":[0.678589046,0.734518111,0,-0.734518111,0.678589046,0,0,0,1],"scale":1,"type":"pole_traffic1"}
{"pos":[485.245392,-423.843872,151.579865],"rotationMatrix":[-0.000854849815,0.999999642,0,-0.999999642,-0.000854849815,0,0,0,1],"scale":1,"type":"pole_traffic1"}
{"pos":[961.49646,863.309509,133.682129],"rotationMatrix":[-0.395621538,0.918413639,0,-0.918413639,-0.395621538,0,0,0,1],"scale":1,"type":"pole_traffic1"}
{"pos":[937.738159,870.071716,131.985809],"rotationMatrix":[0.446237922,-0.894914329,0,0.894914329,0.446237922,0,0,0,1],"scale":1,"type":"pole_traffic1"}
{"pos":[869.102356,971.87738,124.792046],"rotationMatrix":[0.8046453,-0.593755782,0,0.593755782,0.8046453,0,0,0,1],"scale":1,"type":"pole_traffic1"}
{"pos":[891.835938,974.421326,126.351944],"rotationMatrix":[-0.672509074,0.740088761,0,-0.740088761,-0.672509074,0,0,0,1],"scale":1,"type":"pole_traffic1"}
{"pos":[988.53772,-795.634766,166.982986],"rotationMatrix":[0.187893987,-0.982189357,0,0.982189357,0.187893987,0,0,0,1],"scale":1,"type":"pole_traffic1"}
{"pos":[1008.4743,-806.565857,166.631104],"rotationMatrix":[-0.0667384863,0.997770488,0,-0.997770488,-0.0667384863,0,0,0,1],"scale":1,"type":"pole_traffic1"}
{"pos":[973.476318,-743.260681,166.637848],"rotationMatrix":[0.463459313,-0.886118233,0,0.886118233,0.463459313,0,0,0,1],"scale":1,"type":"pole_traffic1"}
{"pos":[994.057129,-749.149597,166.957962],"rotationMatrix":[-0.300363898,0.953824639,0,-0.953824639,-0.300363898,0,0,0,1],"scale":1,"type":"pole_traffic1"}
{"pos":[190.326996,664.037842,100.559464],"rotationMatrix":[0.326945305,0.945043266,0,-0.945043266,0.326945305,0,0,0,1],"scale":1,"type":"pole_traffic1"}
{"pos":[186.692383,629.089722,100.313087],"rotationMatrix":[0.326945305,0.945043266,0,-0.945043266,0.326945305,0,0,0,1],"scale":1,"type":"pole_traffic1"}
{"pos":[173.955994,651.015442,100.559464],"rotationMatrix":[-0.986989498,0.160784677,0,-0.160784677,-0.986989498,0,0,0,1],"scale":1,"type":"pole_traffic1"}
{"pos":[187.913635,808.799438,102.189743],"rotationMatrix":[-0.0572983027,0.998357177,0,-0.998357177,-0.0572983027,0,0,0,1],"scale":1,"type":"pole_traffic1"}
{"pos":[163.484634,830.984802,101.892769],"rotationMatrix":[0.0572978258,-0.998357177,0,0.998357177,0.0572978258,0,0,0,1],"scale":1,"type":"pole_traffic1"}
{"pos":[156.406189,816.320557,102.401855],"rotationMatrix":[-0.941743493,-0.336331666,0,0.336331666,-0.941743493,0,0,0,1],"scale":1,"type":"pole_traffic1"}
{"pos":[-882.79126,-786.694214,114.104141],"rotationMatrix":[0.853409648,-0.521240473,0,0.521240473,0.853409648,0,0,0,0.999999762],"scale":1,"type":"pole_traffic1"}
{"pos":[-891.814514,-780.110229,113.650085],"rotationMatrix":[0.868099928,-0.496389091,0,0.496389091,0.868099928,0,0,0,0.999999762],"scale":1,"type":"pole_traffic1"}
{"pos":[-898.033997,-788.667175,113.881462],"rotationMatrix":[0.821246624,-0.570572853,0,0.570572853,0.821246624,0,0,0,0.999999642],"scale":1,"type":"pole_traffic1"}
{"pos":[-891.303223,-798.343445,114.22345],"rotationMatrix":[-0.836150944,0.548498929,0,-0.548498929,-0.836150944,0,0,0,0.999999642],"scale":1,"type":"pole_traffic1"}
{"pos":[-337.720856,-830.348145,136.743134],"rotationMatrix":[0.99999994,0,0,0,0.99999994,0,0,0,0.999999881],"scale":1,"type":"pole_traffic1"}
{"pos":[-360.642914,-835.912903,137.044159],"rotationMatrix":[0.99999994,0,0,0,0.99999994,0,0,0,0.999999881],"scale":1,"type":"pole_traffic1"}
{"pos":[319.392365,1574.83228,74.8537598],"rotationMatrix":[0.286680758,-0.958026052,0,0.958026052,0.286680758,0,0,0,0.999999762],"scale":1,"type":"pole_traffic1"}
{"pos":[15.4549351,1824.70068,104.221542],"rotationMatrix":[-0.198743358,0.980051279,0,-0.980051279,-0.198743358,0,0,0,0.999999642],"scale":1,"type":"pole_traffic1"}
{"pos":[29.1779575,1850.67651,102.949722],"rotationMatrix":[0.99999994,0,0,0,0.99999994,0,0,0,0.999999881],"scale":1.52089846,"type":"pole_traffic1"}
{"pos":[39.7001152,1852.49573,102.99778],"rotationMatrix":[0.236523345,-0.971625686,0,0.971625686,0.236523345,0,0,0,0.999999762],"scale":1.52089846,"type":"pole_traffic1"}
{"pos":[311.534332,1549.86584,74.8223953],"rotationMatrix":[0.988766849,0.149464369,0,-0.149464369,0.988766849,0,0,0,0.999999642],"scale":1,"type":"pole_traffic1"}
{"pos":[-947.457458,2077.99561,76.5177994],"rotationMatrix":[-0.996571362,-0.0827358216,0,0.0827358216,-0.996571362,0,0,0,0.999999762],"scale":1.43444824,"type":"pole_traffic1"}
{"pos":[-961.101746,2060.32568,76.2895737],"rotationMatrix":[-0.222428098,0.974948943,0,-0.974948943,-0.222428098,0,0,0,0.999999762],"scale":1,"type":"pole_traffic1"}
{"pos":[-753.29657,1810.90601,85.86483],"rotationMatrix":[0.99469322,-0.102882832,0,0.102882832,0.99469322,0,0,0,0.999999642],"scale":1,"type":"pole_traffic1"}
{"pos":[-748.78418,1786.54089,86.1830292],"rotationMatrix":[0.99469322,-0.102882832,0,0.102882832,0.99469322,0,0,0,0.999999642],"scale":1,"type":"pole_traffic1"}
{"pos":[-138.228943,1627.27039,74.8223877],"rotationMatrix":[0.555820107,-0.831301987,0,0.831301987,0.555820107,0,0,0,0.999999285],"scale":1,"type":"pole_traffic1"}
{"pos":[28.4593582,1518.4895,74.8223877],"rotationMatrix":[0.785826385,0.618446529,0,-0.618446529,0.785826385,0,0,0,0.999999523],"scale":1,"type":"pole_traffic1"}
{"pos":[55.2885284,1528.82312,75.056694],"rotationMatrix":[-0.285313308,-0.958433926,0,0.958433926,-0.285313308,0,0,0,0.999999523],"scale":1,"type":"pole_traffic1"}
{"pos":[-160.528091,1632.02258,74.2639694],"rotationMatrix":[0.808498323,0.58849746,0,-0.58849746,0.808498323,0,0,0,0.999999166],"scale":1,"type":"pole_traffic1"}
