{"pos":[-224.755569,188.42038,112.909103],"rotationMatrix":[0.997973204,-0.0636353865,0,0.0636353865,0.997973204,0,0,0,1],"scale":1,"type":"sandbarrel"}
{"pos":[-224.886887,190.052643,112.891998],"rotationMatrix":[0.997973204,-0.0636353865,0,0.0636353865,0.997973204,0,0,0,1],"scale":1,"type":"sandbarrel"}
{"pos":[-223.392868,189.593643,112.933678],"rotationMatrix":[0.997973204,-0.0636353865,0,0.0636353865,0.997973204,0,0,0,1],"scale":1,"type":"sandbarrel"}
{"pos":[-223.662369,191.013138,112.912781],"rotationMatrix":[0.997973204,-0.0636353865,0,0.0636353865,0.997973204,0,0,0,1],"scale":1,"type":"sandbarrel"}
{"pos":[-222.31987,190.567535,112.972801],"rotationMatrix":[0.997973204,-0.0636353865,0,0.0636353865,0.997973204,0,0,0,1],"scale":1,"type":"sandbarrel"}
{"pos":[-222.660385,191.96019,112.932716],"rotationMatrix":[0.997973204,-0.0636353865,0,0.0636353865,0.997973204,0,0,0,1],"scale":1,"type":"sandbarrel"}
{"pos":[-221.327469,191.580688,112.974205],"rotationMatrix":[0.997973204,-0.0636353865,0,0.0636353865,0.997973204,0,0,0,1],"scale":1,"type":"sandbarrel"}
{"pos":[-221.410965,192.877563,112.952316],"rotationMatrix":[0.997973204,-0.0636353865,0,0.0636353865,0.997973204,0,0,0,1],"scale":1,"type":"sandbarrel"}
{"pos":[-220.298843,193.595963,112.967979],"rotationMatrix":[0.997973204,-0.0636353865,0,0.0636353865,0.997973204,0,0,0,1],"scale":1,"type":"sandbarrel"}
{"pos":[-219.233154,194.455795,112.986504],"rotationMatrix":[0.997973204,-0.0636353865,0,0.0636353865,0.997973204,0,0,0,1],"scale":1,"type":"sandbarrel"}
{"pos":[-218.192337,195.35881,113.007042],"rotationMatrix":[0.997973204,-0.0636353865,0,0.0636353865,0.997973204,0,0,0,1],"scale":1,"type":"sandbarrel"}
{"pos":[-226.05043,189.257614,112.85363],"rotationMatrix":[0.997973204,-0.0636353865,0,0.0636353865,0.997973204,0,0,0,1],"scale":1,"type":"sandbarrel"}
{"pos":[-484.766632,-234.58519,99.1241074],"rotationMatrix":[0.635616064,0.772005379,0,-0.772005379,0.635616064,0,0,0,1],"scale":1,"type":"sandbarrel"}
{"pos":[-485.126801,-224.637863,99.1409836],"rotationMatrix":[0.635616064,0.772005379,0,-0.772005379,0.635616064,0,0,0,1],"scale":1,"type":"sandbarrel"}
{"pos":[-485.006927,-225.998398,99.1494217],"rotationMatrix":[0.635616064,0.772005379,0,-0.772005379,0.635616064,0,0,0,1],"scale":1,"type":"sandbarrel"}
{"pos":[-484.978851,-227.398056,99.1575089],"rotationMatrix":[0.635616064,0.772005379,0,-0.772005379,0.635616064,0,0,0,1],"scale":1,"type":"sandbarrel"}
{"pos":[-485.17276,-228.806686,99.2164917],"rotationMatrix":[0.635616064,0.772005379,0,-0.772005379,0.635616064,0,0,0,1],"scale":1,"type":"sandbarrel"}
{"pos":[-483.886444,-229.39595,99.2446823],"rotationMatrix":[0.635616064,0.772005379,0,-0.772005379,0.635616064,0,0,0,1],"scale":1,"type":"sandbarrel"}
{"pos":[-484.974243,-230.254684,99.2031937],"rotationMatrix":[0.635616064,0.772005379,0,-0.772005379,0.635616064,0,0,0,1],"scale":1,"type":"sandbarrel"}
{"pos":[-483.645691,-230.793564,99.2432785],"rotationMatrix":[0.635616064,0.772005379,0,-0.772005379,0.635616064,0,0,0,1],"scale":1,"type":"sandbarrel"}
{"pos":[-484.792664,-231.621384,99.1832581],"rotationMatrix":[0.635616064,0.772005379,0,-0.772005379,0.635616064,0,0,0,1],"scale":1,"type":"sandbarrel"}
{"pos":[-483.483887,-232.233551,99.204155],"rotationMatrix":[0.635616064,0.772005379,0,-0.772005379,0.635616064,0,0,0,1],"scale":1,"type":"sandbarrel"}
{"pos":[-484.730347,-233.176453,99.1624756],"rotationMatrix":[0.635616064,0.772005379,0,-0.772005379,0.635616064,0,0,0,1],"scale":1,"type":"sandbarrel"}
{"pos":[-483.329956,-234.025162,99.1795807],"rotationMatrix":[0.635616064,0.772005379,0,-0.772005379,0.635616064,0,0,0,1],"scale":1,"type":"sandbarrel"}
{"pos":[-345.128815,-438.265717,105.250465],"rotationMatrix":[-0.285038352,-0.958501995,0.00520122703,0.958506405,-0.285006881,0.00604257686,-0.00430943631,0.00670777587,0.999968231],"scale":1,"type":"sandbarrel"}
{"pos":[-343.508514,-438.502533,105.258965],"rotationMatrix":[-0.285038352,-0.958501995,0.00520122703,0.958506405,-0.285006881,0.00604257686,-0.00430943631,0.00670777587,0.999968231],"scale":1,"type":"sandbarrel"}
{"pos":[-344.289856,-439.855957,105.290184],"rotationMatrix":[-0.285038352,-0.958501995,0.00520122703,0.958506405,-0.285006881,0.00604257686,-0.00430943631,0.00670777587,0.999968231],"scale":1,"type":"sandbarrel"}
{"pos":[-342.845947,-439.910553,105.294792],"rotationMatrix":[-0.285038352,-0.958501995,0.00520122703,0.958506405,-0.285006881,0.00604257686,-0.00430943631,0.00670777587,0.999968231],"scale":1,"type":"sandbarrel"}
{"pos":[-343.580597,-441.119141,105.321373],"rotationMatrix":[-0.285038352,-0.958501995,0.00520122703,0.958506405,-0.285006881,0.00604257686,-0.00430943631,0.00670777587,0.999968231],"scale":1,"type":"sandbarrel"}
{"pos":[-342.146881,-441.098633,105.323975],"rotationMatrix":[-0.285038352,-0.958501995,0.00520122703,0.958506405,-0.285006881,0.00604257686,-0.00430943631,0.00670777587,0.999968231],"scale":1,"type":"sandbarrel"}
{"pos":[-342.81485,-442.312775,105.34832],"rotationMatrix":[-0.285038352,-0.958501995,0.00520122703,0.958506405,-0.285006881,0.00604257686,-0.00430943631,0.00670777587,0.999968231],"scale":1,"type":"sandbarrel"}
{"pos":[-341.400574,-442.355072,105.355293],"rotationMatrix":[-0.285038352,-0.958501995,0.00520122703,0.958506405,-0.285006881,0.00604257686,-0.00430943631,0.00670777587,0.999968231],"scale":1,"type":"sandbarrel"}
{"pos":[-341.030701,-443.728485,105.389969],"rotationMatrix":[-0.285038352,-0.958501995,0.00520122703,0.958506405,-0.285006881,0.00604257686,-0.00430943631,0.00670777587,0.999968231],"scale":1,"type":"sandbarrel"}
{"pos":[-340.460052,-445.006866,105.423973],"rotationMatrix":[-0.285038352,-0.958501995,0.00520122703,0.958506405,-0.285006881,0.00604257686,-0.00430943631,0.00670777587,0.999968231],"scale":1,"type":"sandbarrel"}
{"pos":[-339.820099,-446.21347,105.459175],"rotationMatrix":[-0.285038352,-0.958501995,0.00520122703,0.958506405,-0.285006881,0.00604257686,-0.00430943631,0.00670777587,0.999968231],"scale":1,"type":"sandbarrel"}
{"pos":[-344.023224,-437.191071,105.226448],"rotationMatrix":[-0.285038352,-0.958501995,0.00520122703,0.958506405,-0.285006881,0.00604257686,-0.00430943631,0.00670777587,0.999968231],"scale":1,"type":"sandbarrel"}
{"pos":[340.746979,649.783752,116.280716],"rotationMatrix":[0.976854324,-0.213842332,0.0052012275,0.213810623,0.97685647,0.00604257872,-0.00637301197,-0.00479064183,0.999968231],"scale":1,"type":"sandbarrel"}
{"pos":[349.436218,654.638428,116.174118],"rotationMatrix":[0.976854324,-0.213842332,0.0052012275,0.213810623,0.97685647,0.00604257872,-0.00637301197,-0.00479064183,0.999968231],"scale":1,"type":"sandbarrel"}
{"pos":[348.279846,653.91156,116.191292],"rotationMatrix":[0.976854324,-0.213842332,0.0052012275,0.213810623,0.97685647,0.00604257872,-0.00637301197,-0.00479064183,0.999968231],"scale":1,"type":"sandbarrel"}
{"pos":[347.046844,653.248535,116.213509],"rotationMatrix":[0.976854324,-0.213842332,0.0052012275,0.213810623,0.97685647,0.00604257872,-0.00637301197,-0.00479064183,0.999968231],"scale":1,"type":"sandbarrel"}
{"pos":[345.704315,652.778809,116.236206],"rotationMatrix":[0.976854324,-0.213842332,0.0052012275,0.213810623,0.97685647,0.00604257872,-0.00637301197,-0.00479064183,0.999968231],"scale":1,"type":"sandbarrel"}
{"pos":[345.766083,651.365173,116.165031],"rotationMatrix":[0.976854324,-0.213842332,0.0052012275,0.213810623,0.97685647,0.00604257872,-0.00637301197,-0.00479064183,0.999968231],"scale":1,"type":"sandbarrel"}
{"pos":[344.506165,651.942139,116.241592],"rotationMatrix":[0.976854324,-0.213842332,0.0052012275,0.213810623,0.97685647,0.00604257872,-0.00637301197,-0.00479064183,0.999968231],"scale":1,"type":"sandbarrel"}
{"pos":[344.631897,650.513855,116.168404],"rotationMatrix":[0.976854324,-0.213842332,0.0052012275,0.213810623,0.97685647,0.00604257872,-0.00637301197,-0.00479064183,0.999968231],"scale":1,"type":"sandbarrel"}
{"pos":[343.37265,651.157715,116.250473],"rotationMatrix":[0.976854324,-0.213842332,0.0052012275,0.213810623,0.97685647,0.00604257872,-0.00637301197,-0.00479064183,0.999968231],"scale":1,"type":"sandbarrel"}
{"pos":[343.424316,649.713623,116.175919],"rotationMatrix":[0.976854324,-0.213842332,0.0052012275,0.213810623,0.97685647,0.00604257872,-0.00637301197,-0.00479064183,0.999968231],"scale":1,"type":"sandbarrel"}
{"pos":[342.01709,650.393433,116.278259],"rotationMatrix":[0.976854324,-0.213842332,0.0052012275,0.213810623,0.97685647,0.00604257872,-0.00637301197,-0.00479064183,0.999968231],"scale":1,"type":"sandbarrel"}
{"pos":[341.899933,648.760193,116.189285],"rotationMatrix":[0.976854324,-0.213842332,0.0052012275,0.213810623,0.97685647,0.00604257872,-0.00637301197,-0.00479064183,0.999968231],"scale":1,"type":"sandbarrel"}
{"pos":[986.326416,310.071533,152.923157],"rotationMatrix":[0.976794124,-0.214083716,-0.00643759035,0.213859037,0.976533532,-0.0254267305,0.0117299724,0.0234599449,0.999655962],"scale":1,"type":"sandbarrel"}
{"pos":[987.644348,309.851868,152.917496],"rotationMatrix":[0.976855576,-0.213899225,0.000552528305,0.213819742,0.976415336,-0.0299031213,0.00585675798,0.0293291733,0.999552667],"scale":1,"type":"sandbarrel"}
{"pos":[986.601074,308.753601,152.955841],"rotationMatrix":[0.976851881,-0.213916227,0.000539449742,0.213836327,0.976411581,-0.0299064387,0.00587074831,0.0293295141,0.999552548],"scale":1,"type":"sandbarrel"}
{"pos":[986.125,307.490631,152.991989],"rotationMatrix":[0.976794124,-0.214083716,-0.0064347852,0.213858947,0.976533234,-0.0254395269,0.0117299706,0.023473043,0.999655664],"scale":1,"type":"sandbarrel"}
{"pos":[986.619202,306.172699,153.023682],"rotationMatrix":[0.808744967,-0.588089705,0.00905834697,0.588130116,0.80845499,-0.022439044,0.00587290432,0.0234749503,0.999707162],"scale":1,"type":"sandbarrel"}
{"pos":[986.985291,304.799866,153.056793],"rotationMatrix":[0.808714747,-0.588185072,0.00432562456,0.588084102,0.808385491,-0.0258840192,0.0117278211,0.0234766211,0.999655604],"scale":1,"type":"sandbarrel"}
{"pos":[987.479492,303.500244,153.08725],"rotationMatrix":[0.605648935,-0.795485795,0.0197929405,0.795710385,0.605262041,-0.0224223603,0.00585675333,0.0293295253,0.999552667],"scale":1,"type":"sandbarrel"}
{"pos":[987.918823,305.80658,153.022858],"rotationMatrix":[0.605648875,-0.795486093,0.0197831597,0.795710325,0.605261683,-0.0224352088,0.00587290665,0.0293295253,0.999552548],"scale":1,"type":"sandbarrel"}
{"pos":[987.571167,307.142792,152.991562],"rotationMatrix":[0.137253225,-0.990133166,0.0282489061,0.990518689,0.13702637,-0.00982454047,0.00585675612,0.0293295197,0.999552667],"scale":1,"type":"sandbarrel"}
{"pos":[987.827271,308.442444,152.955536],"rotationMatrix":[0.461643219,-0.886932194,0.0153905712,0.886987984,0.461303532,-0.0212473385,0.0117452238,0.0234599411,0.999655783],"scale":1,"type":"sandbarrel"}
{"pos":[-951.814575,-549.375183,104.434608],"rotationMatrix":[0.635734797,0.771811426,-0.0121831158,-0.771661103,0.635053873,-0.0352943279,-0.019503627,0.031839069,0.999302685],"scale":1,"type":"sandbarrel"}
{"pos":[-950.710754,-549.649963,104.461884],"rotationMatrix":[0.232043207,0.972426355,-0.0233035609,-0.972549021,0.231509566,-0.023489438,-0.0174467489,0.0281144194,0.999452472],"scale":1,"type":"sandbarrel"}
{"pos":[-948.280701,-548.899048,104.513947],"rotationMatrix":[0.122775018,0.992184162,-0.0222899169,-0.992350221,0.122440875,-0.0157877915,-0.0129351998,0.0240577497,0.999626875],"scale":1,"type":"sandbarrel"}
{"pos":[-947.173584,-548.196228,104.511375],"rotationMatrix":[-0.740038633,0.672066987,-0.0258576497,-0.672437608,-0.740098238,0.0090583954,-0.0130493557,0.0240912195,0.99962461],"scale":1,"type":"sandbarrel"}
{"pos":[-949.606201,-549.002136,104.462234],"rotationMatrix":[-0.84501338,0.534187555,-0.0244170446,-0.534561396,-0.845039129,0.0123758595,-0.0140223261,0.0235101748,0.999625266],"scale":1,"type":"sandbarrel"}
{"pos":[-902.745972,-535.693787,104.747284],"rotationMatrix":[0.416883081,-0.908561945,0.0268996432,0.908889413,0.41703701,0.000122950412,-0.0113298548,0.0243975446,0.999638021],"scale":1,"type":"sandbarrel"}
{"pos":[-901.820557,-534.629517,104.731796],"rotationMatrix":[-0.158822834,0.986967564,-0.0258883946,-0.987241983,-0.15905866,-0.00730731757,-0.0113298614,0.0243975446,0.999638021],"scale":1,"type":"sandbarrel"}
{"pos":[-900.895142,-533.680969,104.719131],"rotationMatrix":[-0.85457027,-0.519327283,0.00298922579,0.519212306,-0.854227126,0.0267333221,-0.0113298623,0.0243975408,0.999638021],"scale":1,"type":"sandbarrel"}
{"pos":[-899.931213,-532.813293,104.708511],"rotationMatrix":[-0.0509544611,0.998383522,-0.0251784846,-0.998638272,-0.0512174368,-0.00991579145,-0.0111893425,0.0246389434,0.999633789],"scale":1,"type":"sandbarrel"}
{"pos":[-899.082886,-531.86853,104.694717],"rotationMatrix":[0.113061249,0.99331671,-0.0232176986,-0.993524969,0.112760007,-0.013900267,-0.0111893397,0.0246389452,0.999633789],"scale":1,"type":"sandbarrel"}
{"pos":[-898.190247,-530.942444,104.681885],"rotationMatrix":[0.481696129,0.876188517,-0.0162044279,-0.876266956,0.481338382,-0.0216724556,-0.0111893406,0.0246389415,0.999633789],"scale":1,"type":"sandbarrel"}
{"pos":[-897.253052,-529.982849,104.66835],"rotationMatrix":[0.623746276,0.781525791,-0.0125740375,-0.781549037,0.623376369,-0.0241467394,-0.011032939,0.0248886645,0.999629319],"scale":1,"type":"sandbarrel"}
{"pos":[-896.222046,-529.166077,104.659393],"rotationMatrix":[0.795650661,0.605722964,-0.00629960839,-0.605655253,0.795286238,-0.0264855847,-0.0110329343,0.0248886645,0.999629319],"scale":1,"type":"sandbarrel"}
{"pos":[-895.405334,-528.175232,104.643745],"rotationMatrix":[0.920207679,0.391430229,0.000410569832,-0.391274899,0.919871151,-0.0272213463,-0.0110329296,0.0248886477,0.999629319],"scale":1,"type":"sandbarrel"}
{"pos":[-894.481506,-527.171021,104.628601],"rotationMatrix":[0.985552847,0.169244349,0.00647495221,-0.169018149,0.985253692,-0.0266092308,-0.0108829318,0.0251304172,0.999624968],"scale":1,"type":"sandbarrel"}
{"pos":[-893.443726,-526.334167,104.618866],"rotationMatrix":[0.994322836,-0.105548389,0.013478674,0.10584753,0.994096577,-0.0238390621,-0.010882929,0.0251304079,0.999624968],"scale":1,"type":"sandbarrel"}
{"pos":[-892.093445,-526.378784,104.628273],"rotationMatrix":[0.883288562,0.468825817,-0.00191681692,-0.46868664,0.882910609,-0.028313864,-0.0115818903,0.025907699,0.999597251],"scale":1,"type":"sandbarrel"}
{"pos":[-861.04187,-488.3013,103.948311],"rotationMatrix":[0.682693422,0.729900777,-0.0342717469,-0.730704963,0.681942344,-0.0320159718,2.87219882e-06,0.0468996242,0.998899579],"scale":1,"type":"sandbarrel"}
{"pos":[-859.9505,-487.565369,103.95137],"rotationMatrix":[0.840403855,0.541364253,-0.025417747,-0.541960657,0.839479089,-0.0394146107,3.7252903e-09,0.046899613,0.998899579],"scale":1,"type":"sandbarrel"}
{"pos":[-859.058411,-486.641388,103.918854],"rotationMatrix":[0.947889924,0.318253219,-0.0148057221,-0.318594247,0.947064042,-0.0395872481,0.00142319594,0.0422413796,0.999106228],"scale":1,"type":"sandbarrel"}
{"pos":[-858.059326,-485.711121,103.895485],"rotationMatrix":[0.995699942,0.092195414,0.00899690762,-0.0919093043,0.995366335,-0.0282457937,-0.0115593495,0.0272974372,0.999559939],"scale":1,"type":"sandbarrel"}
{"pos":[-856.774353,-485.927856,103.930405],"rotationMatrix":[0.983120203,-0.182566166,0.011999717,0.18285881,0.982642233,-0.0312508531,-0.00608608127,0.0329175964,0.999439299],"scale":1,"type":"sandbarrel"}
{"pos":[-857.542114,-487.036285,103.940697],"rotationMatrix":[0.899751008,-0.436220437,0.0126437144,0.436364263,0.898903131,-0.0394887887,0.00586034264,0.0410473458,0.999140024],"scale":1,"type":"sandbarrel"}
{"pos":[-858.538635,-487.824585,103.95459],"rotationMatrix":[0.61946702,-0.784501731,0.0285962876,0.785000861,0.618766546,-0.0300271958,0.00586195849,0.0410489663,0.999139965],"scale":1,"type":"sandbarrel"}
{"pos":[-859.615417,-488.789581,103.978874],"rotationMatrix":[0.977797508,-0.209532186,0.00287174108,0.20946987,0.976939738,-0.041365847,0.00586195802,0.0410489663,0.999139965],"scale":1,"type":"sandbarrel"}
{"pos":[-259.542572,245.078918,74.5618668],"rotationMatrix":[0.976839483,-0.213749766,-0.00978259277,0.213760078,0.976886213,8.1815524e-06,0.00955473166,-0.00209912006,0.999952137],"scale":1,"type":"sandbarrel"}
{"pos":[-260.615417,243.8423,74.5712051],"rotationMatrix":[0.976848841,-0.213714719,-0.00961132161,0.213695407,0.97689569,-0.00300525175,0.010031525,0.000881781452,0.999949276],"scale":1,"type":"sandbarrel"}
{"pos":[-261.131073,244.987244,74.57724],"rotationMatrix":[0.976842284,-0.213715464,-0.0102419015,0.213713348,0.976895511,-0.00131422258,0.0102861375,-0.000905042747,0.999946713],"scale":1,"type":"sandbarrel"}
{"pos":[-261.944153,243.966446,74.5846786],"rotationMatrix":[0.976842284,-0.213715464,-0.0102419015,0.213713348,0.976895511,-0.00131422258,0.0102861375,-0.000905042747,0.999946713],"scale":1,"type":"sandbarrel"}
{"pos":[-263.049225,244.64238,74.5952911],"rotationMatrix":[0.976849914,-0.213748872,-0.00870185904,0.213732928,0.976888299,-0.00273437542,0.00908521377,0.000811200414,0.999958396],"scale":1,"type":"sandbarrel"}
{"pos":[-264.128906,243.690033,74.6064301],"rotationMatrix":[0.97684145,-0.213748977,-0.00960101653,0.213728771,0.97688812,-0.00309439143,0.010040543,0.000970716123,0.999949098],"scale":1,"type":"sandbarrel"}
{"pos":[-265.37854,243.993362,74.617981],"rotationMatrix":[0.976843417,-0.213751614,-0.00933650229,0.213722229,0.976886094,-0.00404966949,0.0099863233,0.00196047453,0.999948204],"scale":1,"type":"sandbarrel"}
{"pos":[-266.743408,243.740509,74.6313934],"rotationMatrix":[0.9768309,-0.213820845,-0.00905817468,0.213781863,0.976868212,-0.00508564338,0.00993605983,0.00303133973,0.999946058],"scale":1,"type":"sandbarrel"}
{"pos":[-123.576149,168.614075,80.3933868],"rotationMatrix":[0.976657927,-0.214477792,-0.0117705055,0.213032678,0.97418046,-0.0747632757,0.0275016613,0.0705106482,0.997131824],"scale":1,"type":"sandbarrel"}
{"pos":[-124.878609,168.870483,80.4110336],"rotationMatrix":[0.976551652,-0.215015367,-0.0107349446,0.213675216,0.974135041,-0.0735104159,0.026263155,0.0694929287,0.997236669],"scale":1,"type":"sandbarrel"}
{"pos":[-124.61367,167.616425,80.4924393],"rotationMatrix":[0.976448894,-0.215461925,-0.0111240856,0.214053139,0.973937333,-0.0750152916,0.0269971006,0.070867449,0.997120321],"scale":1,"type":"sandbarrel"}
{"pos":[7.75578022,347.988953,100.404655],"rotationMatrix":[0.976756752,-0.213607714,-0.0178316347,0.213993981,0.976548553,0.0236529652,0.0123610022,-0.0269190576,0.999561191],"scale":1,"type":"sandbarrel"}
{"pos":[6.70265579,350.611176,100.344711],"rotationMatrix":[0.976763606,-0.21362114,-0.0172873456,0.213968903,0.976600111,0.0216688272,0.0122539047,-0.0248642769,0.999615729],"scale":1,"type":"sandbarrel"}
{"pos":[5.95473814,352.248993,100.394089],"rotationMatrix":[0.976766586,-0.213626936,-0.017045334,0.213961586,0.976614535,0.0210825223,0.0121429274,-0.0242397506,0.999632418],"scale":1,"type":"sandbarrel"}
{"pos":[62.2300453,418.499237,74.7009735],"rotationMatrix":[0.976861715,-0.213871777,0.000163147633,0.213869065,0.976852655,0.00434563728,-0.00108878035,-0.00421019411,0.999990523],"scale":1,"type":"sandbarrel"}
{"pos":[60.8543854,419.442535,74.7025299],"rotationMatrix":[0.794860721,-0.60679096,-0.00105407555,0.606791556,0.794857383,0.0023894927,-0.000612082949,-0.00253891828,0.999996603],"scale":1,"type":"sandbarrel"}
{"pos":[-15.8308802,1803.85315,95.0065536],"rotationMatrix":[0.997973204,-0.0636353865,0,0.0636353865,0.997973204,0,0,0,1],"scale":1,"type":"sandbarrel"}
{"pos":[-15.5361614,1805.2085,94.9542618],"rotationMatrix":[0.997973204,-0.0636353865,0,0.0636353865,0.997973204,0,0,0,1],"scale":1,"type":"sandbarrel"}
{"pos":[-16.9497509,1804.84583,94.9542618],"rotationMatrix":[0.997973204,-0.0636353865,0,0.0636353865,0.997973204,0,0,0,1],"scale":1,"type":"sandbarrel"}
{"pos":[-16.9497509,1804.84583,94.9542618],"rotationMatrix":[0.997973204,-0.0636353865,0,0.0636353865,0.997973204,0,0,0,1],"scale":1,"type":"sandbarrel"}
{"pos":[-17.4096012,1806.20203,94.8635254],"rotationMatrix":[0.997973204,-0.0636353865,0,0.0636353865,0.997973204,0,0,0,1],"scale":1,"type":"sandbarrel"}
{"pos":[-15.9960117,1806.5647,94.8635254],"rotationMatrix":[0.997973204,-0.0636353865,0,0.0636353865,0.997973204,0,0,0,1],"scale":1,"type":"sandbarrel"}
{"pos":[-17.931818,1807.64465,94.7644577],"rotationMatrix":[0.997973204,-0.0636353865,0,0.0636353865,0.997973204,0,0,0,1],"scale":1,"type":"sandbarrel"}
{"pos":[-16.5182285,1808.00732,94.7644577],"rotationMatrix":[0.997973204,-0.0636353865,0,0.0636353865,0.997973204,0,0,0,1],"scale":1,"type":"sandbarrel"}
{"pos":[-18.2815857,1809.20581,94.720253],"rotationMatrix":[0.997973204,-0.0636353865,0,0.0636353865,0.997973204,0,0,0,1],"scale":1,"type":"sandbarrel"}
{"pos":[-16.8679962,1809.56848,94.720253],"rotationMatrix":[0.997973204,-0.0636353865,0,0.0636353865,0.997973204,0,0,0,1],"scale":1,"type":"sandbarrel"}
