{"pos":[-365.213989,-48.480999,106.802002],"rotationMatrix":[-0.784538269,0.620080411,0,-0.620080411,-0.784538269,0,0,0,1],"scale":0.635800004,"type":"shrub_f"}
{"pos":[-368.882996,-58.5667992,106.200996],"rotationMatrix":[-0.960596085,0.277948141,0,-0.277948141,-0.960596085,0,0,0,1],"scale":0.688199997,"type":"shrub_f"}
{"pos":[-381.670013,-54.1278992,107.550003],"rotationMatrix":[0.297176242,-0.954822659,0,0.954822659,0.297176242,0,0,0,1],"scale":0.984000027,"type":"shrub_f"}
{"pos":[-389.065002,-62.9748993,105.948997],"rotationMatrix":[-0.866312027,0.499503225,0,-0.499503225,-0.866312027,0,0,0,1],"scale":0.84890002,"type":"shrub_f"}
{"pos":[-391.472992,-80.1868973,104.130997],"rotationMatrix":[-0.050090313,0.998744667,0,-0.998744667,-0.050090313,0,0,0,1],"scale":0.609099984,"type":"shrub_f"}
{"pos":[-380.437012,-85.0145035,103.484001],"rotationMatrix":[0.4736619,0.880706787,0,-0.880706787,0.4736619,0,0,0,1],"scale":0.687399983,"type":"shrub_f"}
{"pos":[-377.540009,-72.8058014,104.074997],"rotationMatrix":[0.999223828,0.0393921435,0,-0.0393921435,0.999223828,0,0,0,1],"scale":0.56400001,"type":"shrub_f"}
{"pos":[-449.888,-34.1604996,104.372002],"rotationMatrix":[0.972575188,0.232588708,0,-0.232588708,0.972575188,0,0,0,1],"scale":1.16900003,"type":"shrub_f"}
{"pos":[-453.196991,-23.6254997,100.513],"rotationMatrix":[0.693455458,0.720499516,0,-0.720499516,0.693455458,0,0,0,1],"scale":1.22300005,"type":"shrub_f"}
{"pos":[-454.039001,-6.81510019,99.3585968],"rotationMatrix":[-0.848964453,-0.528449953,0,0.528449953,-0.848964453,0,0,0,1],"scale":1.03110003,"type":"shrub_f"}
{"pos":[-483.558014,-50.1348991,98.8699036],"rotationMatrix":[-0.983633518,0.180180743,0,-0.180180743,-0.983633518,0,0,0,1],"scale":0.510699987,"type":"shrub_f"}
{"pos":[-484.401001,-50.1377983,98.0248032],"rotationMatrix":[0.61928463,0.785166562,0,-0.785166562,0.61928463,0,0,0,1],"scale":0.59829998,"type":"shrub_f"}
{"pos":[-404.028015,-139.679993,102.272003],"rotationMatrix":[-0.34906745,0.937097609,0,-0.937097609,-0.34906745,0,0,0,1],"scale":0.680499971,"type":"shrub_f"}
{"pos":[-422.243988,-211.893005,100.059998],"rotationMatrix":[-0.234020472,0.972231686,0,-0.972231686,-0.234020472,0,0,0,1],"scale":1.25940001,"type":"shrub_f"}
{"pos":[-420.516998,-204.225998,101.224113],"rotationMatrix":[-0.770209312,0.637791216,0,-0.637791216,-0.770209312,0,0,0,1],"scale":0.92750001,"type":"shrub_f"}
{"pos":[-396.27301,-223.888,98.0923996],"rotationMatrix":[-0.835144758,-0.550030231,0,0.550030231,-0.835144758,0,0,0,1],"scale":0.577799976,"type":"shrub_f"}
{"pos":[-397.403992,-226.772003,98.5033035],"rotationMatrix":[-0.99520278,0.0978336707,0,-0.0978336707,-0.99520278,0,0,0,1],"scale":0.656199992,"type":"shrub_f"}
{"pos":[-397.100006,-214.031998,98.1983032],"rotationMatrix":[-0.264686108,0.964334607,0,-0.964334607,-0.264686108,0,0,0,1],"scale":0.641200006,"type":"shrub_f"}
{"pos":[-398.671265,-210.825806,98.4120026],"rotationMatrix":[-0.383782387,-0.923423588,0,0.923423588,-0.383782387,0,0,0,1],"scale":0.657100022,"type":"shrub_f"}
{"pos":[-274.691986,-456.162994,122.595001],"rotationMatrix":[0.994124651,-0.108241297,0,0.108241297,0.994124651,0,0,0,1],"scale":0.646600008,"type":"shrub_f"}
{"pos":[-372.977997,-433.84201,103.528999],"rotationMatrix":[-0.897351861,0.4413158,0,-0.4413158,-0.897351861,0,0,0,1],"scale":1.18770003,"type":"shrub_f"}
{"pos":[-347.359985,-471.240997,104.924004],"rotationMatrix":[0.213491201,0.976944983,0,-0.976944983,0.213491201,0,0,0,1],"scale":1.13469994,"type":"shrub_f"}
{"pos":[-339.14801,-483.036987,105.184998],"rotationMatrix":[-0.655108094,0.755535185,0,-0.755535185,-0.655108094,0,0,0,1],"scale":1.23559999,"type":"shrub_f"}
{"pos":[-336.410004,-484.17099,105.836998],"rotationMatrix":[0.743242264,0.669022381,0,-0.669022381,0.743242264,0,0,0,1],"scale":1.02079999,"type":"shrub_f"}
{"pos":[-354.119995,-460.903015,104.501999],"rotationMatrix":[-0.537556529,-0.843227684,0,0.843227684,-0.537556529,0,0,0,1],"scale":1.03989995,"type":"shrub_f"}
{"pos":[-352.071014,-461.871002,104.917999],"rotationMatrix":[0.344487548,0.938790858,0,-0.938790858,0.344487548,0,0,0,1],"scale":1.08700001,"type":"shrub_f"}
{"pos":[-413.264008,-296.808014,101.751999],"rotationMatrix":[-0.844736218,-0.535182893,0,0.535182893,-0.844736218,0,0,0,1],"scale":1.17799997,"type":"shrub_f"}
{"pos":[-414.636993,-294.356995,101.825996],"rotationMatrix":[0.940280318,0.340401113,0,-0.340401113,0.940280318,0,0,0,1],"scale":1.25,"type":"shrub_f"}
{"pos":[-385.798859,-284.825012,98.0379028],"rotationMatrix":[-0.757437468,0.652907729,0,-0.652907729,-0.757437468,0,0,0,1],"scale":0.594900012,"type":"shrub_f"}
{"pos":[-382.60199,-305.588989,99.1345978],"rotationMatrix":[0.156819105,-0.987627327,0,0.987627327,0.156819105,0,0,0,1],"scale":0.607299984,"type":"shrub_f"}
{"pos":[-383.501007,-298.104004,98.4064026],"rotationMatrix":[0.995712638,-0.0925005004,0,0.0925005004,0.995712638,0,0,0,1],"scale":0.591499984,"type":"shrub_f"}
{"pos":[-382.77774,-301.403015,98.513298],"rotationMatrix":[-0.983235359,-0.182340965,0,0.182340965,-0.983235359,0,0,0,1],"scale":0.551699996,"type":"shrub_f"}
{"pos":[-382.967987,-296.381012,98.3531036],"rotationMatrix":[-0.938874364,0.344259977,0,-0.344259977,-0.938874364,0,0,0,1],"scale":0.50940001,"type":"shrub_f"}
{"pos":[-389.765991,-286.135986,99.2335968],"rotationMatrix":[-0.253577828,0.967314959,0,-0.967314959,-0.253577828,0,0,0,1],"scale":0.549000025,"type":"shrub_f"}
{"pos":[-397.30899,-275.891998,100.431],"rotationMatrix":[-0.829019427,0.559219778,0,-0.559219778,-0.829019427,0,0,0,1],"scale":0.549000025,"type":"shrub_f"}
{"pos":[-409.088013,-279.440002,102.185997],"rotationMatrix":[-0.82710731,-0.562044024,0,0.562044024,-0.82710731,0,0,0,1],"scale":0.589999974,"type":"shrub_f"}
{"pos":[-413.752014,-364.321991,101.088997],"rotationMatrix":[-0.946364641,0.323100537,0,-0.323100537,-0.946364641,0,0,0,1],"scale":1.16709995,"type":"shrub_f"}
{"pos":[-417.281006,-363.756989,100.615997],"rotationMatrix":[-0.998400331,-0.0565400757,0,0.0565400757,-0.998400331,0,0,0,1],"scale":1.15320003,"type":"shrub_f"}
{"pos":[-426.023987,-341.343994,100.639],"rotationMatrix":[-0.979651928,0.200704008,0,-0.200704008,-0.979651928,0,0,0,1],"scale":1.16949999,"type":"shrub_f"}
{"pos":[-431.140991,-332.52301,100.365997],"rotationMatrix":[-0.000829577446,-0.999999642,0,0.999999642,-0.000829577446,0,0,0,1],"scale":1.2586,"type":"shrub_f"}
{"pos":[-432.468994,-326.786011,99.9654007],"rotationMatrix":[0.836179137,0.54845643,0,-0.54845643,0.836179137,0,0,0,1],"scale":1.17490005,"type":"shrub_f"}
{"pos":[-497.59201,-262.727997,98.600502],"rotationMatrix":[-0.885682106,0.464292169,0,-0.464292169,-0.885682106,0,0,0,1],"scale":1.01460004,"type":"shrub_f"}
{"pos":[-448.747986,-295.053009,99.0610962],"rotationMatrix":[-0.976072073,-0.217447251,0,0.217447251,-0.976072073,0,0,0,1],"scale":1.06050003,"type":"shrub_f"}
{"pos":[-450.072998,-287.638,99.1545029],"rotationMatrix":[-0.742097855,-0.670291543,0,0.670291543,-0.742097855,0,0,0,1],"scale":1.21809995,"type":"shrub_f"}
{"pos":[-441.427002,-312.747986,99.7675018],"rotationMatrix":[-0.567512155,-0.823365033,0,0.823365033,-0.567512155,0,0,0,1],"scale":0.971899986,"type":"shrub_f"}
{"pos":[-384.377991,-417.835999,102.557999],"rotationMatrix":[0.52058363,0.853810668,0,-0.853810668,0.52058363,0,0,0,1],"scale":0.939400017,"type":"shrub_f"}
{"pos":[-392.028992,-408.156006,102.053001],"rotationMatrix":[-0.338248014,0.941057026,0,-0.941057026,-0.338248014,0,0,0,1],"scale":1.06519997,"type":"shrub_f"}
{"pos":[-391.209991,-403.233002,102.578003],"rotationMatrix":[0.714987516,0.699137211,0,-0.699137211,0.714987516,0,0,0,1],"scale":1,"type":"shrub_f"}
{"pos":[-393.526001,-398.917999,102.524002],"rotationMatrix":[0.739646673,0.672995389,0,-0.672995389,0.739646673,0,0,0,1],"scale":1.24399996,"type":"shrub_f"}
{"pos":[-398.550995,-395.712006,101.944],"rotationMatrix":[-0.656563997,0.754270315,0,-0.754270315,-0.656563997,0,0,0,1],"scale":1.05229998,"type":"shrub_f"}
{"pos":[-402.640015,-384.372009,101.955002],"rotationMatrix":[0.697980165,0.716117084,0,-0.716117084,0.697980165,0,0,0,1],"scale":1.18470001,"type":"shrub_f"}
{"pos":[-499.946014,-480.058014,117.843002],"rotationMatrix":[0.999968052,-0.0079934448,0,0.0079934448,0.999968052,0,0,0,1],"scale":0.659200013,"type":"shrub_f"}
{"pos":[-498.015015,-486.252014,119.380997],"rotationMatrix":[0.993387461,0.114810072,0,-0.114810072,0.993387461,0,0,0,1],"scale":0.521399975,"type":"shrub_f"}
{"pos":[-38.0443993,-739.80603,137.078995],"rotationMatrix":[0.996555567,0.0829276964,0,-0.0829276964,0.996555567,0,0,0,1],"scale":1.10870004,"type":"shrub_f"}
{"pos":[-103.038002,-649.791992,132.535995],"rotationMatrix":[-0.676280499,0.736644208,0,-0.736644208,-0.676280499,0,0,0,1],"scale":0.971499979,"type":"shrub_f"}
{"pos":[-98.4250031,-646.898987,131.511002],"rotationMatrix":[0.624848843,0.780745745,0,-0.780745745,0.624848843,0,0,0,1],"scale":1.24670005,"type":"shrub_f"}
{"pos":[-207.497772,-741.844788,129.929871],"rotationMatrix":[0.565315127,0.824874997,0,-0.824874997,0.565315127,0,0,0,1],"scale":0.615499973,"type":"shrub_f"}
{"pos":[-210.827362,-737.941467,129.956985],"rotationMatrix":[-0.622520924,-0.782603145,0,0.782603145,-0.622520924,0,0,0,1],"scale":0.562699974,"type":"shrub_f"}
{"pos":[-218.777863,-727.962341,129.395065],"rotationMatrix":[0.361557156,0.932349801,0,-0.932349801,0.361557156,0,0,0,0.999999881],"scale":0.689700007,"type":"shrub_f"}
{"pos":[-98.8945999,-831.276978,123.147003],"rotationMatrix":[-0.530200243,0.847872436,0,-0.847872436,-0.530200243,0,0,0,1],"scale":1.10280001,"type":"shrub_f"}
{"pos":[-101.098999,-848.841003,125.116997],"rotationMatrix":[-0.609935641,0.792450964,0,-0.792450964,-0.609935641,0,0,0,1],"scale":1.22860003,"type":"shrub_f"}
{"pos":[-87.6110001,-996.976013,134.848999],"rotationMatrix":[0.350199938,-0.936674953,0,0.936674953,0.350199938,0,0,0,1],"scale":1.06920004,"type":"shrub_f"}
{"pos":[-106.498001,-994.484985,138.488007],"rotationMatrix":[-0.525655031,0.850697815,0,-0.850697815,-0.525655031,0,0,0,1],"scale":1.06789994,"type":"shrub_f"}
{"pos":[-105.954002,-992.021973,137.195007],"rotationMatrix":[0.962735415,-0.270445049,0,0.270445049,0.962735415,0,0,0,1],"scale":1.09640002,"type":"shrub_f"}
{"pos":[-91.2797012,-989.468994,133.682007],"rotationMatrix":[-0.660935402,-0.750442803,0,0.750442803,-0.660935402,0,0,0,1],"scale":0.948899984,"type":"shrub_f"}
{"pos":[-98.6137009,-986.218994,133.061996],"rotationMatrix":[0.00425720215,-0.99999094,0,0.99999094,0.00425720215,0,0,0,1],"scale":1.28110003,"type":"shrub_f"}
{"pos":[-206.698517,-792.379639,134.37265],"rotationMatrix":[-0.585432768,-0.810720861,0,0.810720861,-0.585432768,0,0,0,0.999999881],"scale":0.650099993,"type":"shrub_f"}
{"pos":[-208.936005,-795.549988,134.655334],"rotationMatrix":[0.47714448,0.87882489,0,-0.87882489,0.47714448,0,0,0,1],"scale":0.683600008,"type":"shrub_f"}
{"pos":[-212.724396,-797.917236,135.217361],"rotationMatrix":[0.844875574,-0.534962833,0,0.534962833,0.844875574,0,0,0,1],"scale":0.656000018,"type":"shrub_f"}
{"pos":[-203.591599,-789.686951,134.365204],"rotationMatrix":[0.918708563,-0.394935787,0,0.394935787,0.918708563,0,0,0,0.999999881],"scale":0.537100017,"type":"shrub_f"}
{"pos":[-169.028076,-780.933044,132.702927],"rotationMatrix":[0.472635508,0.881258011,0,-0.881258011,0.472635508,0,0,0,1],"scale":0.604099989,"type":"shrub_f"}
{"pos":[-168.726501,-777.505005,132.252518],"rotationMatrix":[0.225485325,0.974246562,0,-0.974246562,0.225485325,0,0,0,1],"scale":0.550800025,"type":"shrub_f"}
{"pos":[-223.685806,-810.695251,136.571884],"rotationMatrix":[-0.585411131,-0.810736477,0,0.810736477,-0.585411131,0,0,0,0.999999881],"scale":0.650699973,"type":"shrub_f"}
{"pos":[-219.572433,-808.396179,136.566818],"rotationMatrix":[0.999864817,-0.0164389312,0,0.0164389312,0.999864817,0,0,0,0.999999881],"scale":0.624100029,"type":"shrub_f"}
{"pos":[-218.273926,-805.918945,136.39859],"rotationMatrix":[-0.991608858,0.129274413,0,-0.129274413,-0.991608858,0,0,0,1],"scale":0.639699996,"type":"shrub_f"}
{"pos":[-219.565002,-805.103027,136.385651],"rotationMatrix":[-0.982438684,0.186585724,0,-0.186585724,-0.982438684,0,0,0,1],"scale":0.596800029,"type":"shrub_f"}
{"pos":[-219.037003,-801.356995,136.217926],"rotationMatrix":[0.10380733,-0.994597435,0,0.994597435,0.10380733,0,0,0,1],"scale":0.502799988,"type":"shrub_f"}
{"pos":[-220.585007,-799.377991,136.748764],"rotationMatrix":[-0.362900496,-0.931827903,0,0.931827903,-0.362900496,0,0,0,1],"scale":0.514299989,"type":"shrub_f"}
{"pos":[-221.186005,-797.728027,136.748993],"rotationMatrix":[0.156299472,0.987709701,0,-0.987709701,0.156299472,0,0,0,1],"scale":0.557799995,"type":"shrub_f"}
{"pos":[-292.723999,-545.88501,108.275002],"rotationMatrix":[0.766618848,0.64210242,0,-0.64210242,0.766618848,0,0,0,1],"scale":1.09979999,"type":"shrub_f"}
{"pos":[-311.045013,-623.643005,123.25],"rotationMatrix":[-0.279040217,-0.960279405,0,0.960279405,-0.279040217,0,0,0,1],"scale":0.601899981,"type":"shrub_f"}
{"pos":[-322.641998,-503.946991,107.100998],"rotationMatrix":[0.922539473,-0.385902733,0,0.385902733,0.922539473,0,0,0,1],"scale":1.24749994,"type":"shrub_f"}
{"pos":[-365.935211,-577.077209,127.15657],"rotationMatrix":[-0.216176033,-0.97635442,0,0.97635442,-0.216176033,0,0,0,1],"scale":0.471799999,"type":"shrub_f"}
{"pos":[-365.804901,-580.824585,127.067352],"rotationMatrix":[-0.0287516117,0.999586582,0,-0.999586582,-0.0287516117,0,0,0,1],"scale":0.427899987,"type":"shrub_f"}
{"pos":[-362.391998,-580.695984,126.973],"rotationMatrix":[0.328591347,-0.944472194,0,0.944472194,0.328591347,0,0,0,1],"scale":0.513899982,"type":"shrub_f"}
{"pos":[-370.099487,-607.369629,127.087479],"rotationMatrix":[0.999787807,0.0205995161,0,-0.0205995161,0.999787807,0,0,0,1],"scale":0.419800013,"type":"shrub_f"}
{"pos":[-354.325989,-620.526978,126.398567],"rotationMatrix":[0.927647948,0.373455852,0,-0.373455852,0.927647948,0,0,0,1],"scale":0.546299994,"type":"shrub_f"}
{"pos":[-355.041992,-622.140015,126.568001],"rotationMatrix":[-0.893847227,0.448371649,0,-0.448371649,-0.893847227,0,0,0,1],"scale":0.625800014,"type":"shrub_f"}
{"pos":[-357.297882,-620.070496,126.485992],"rotationMatrix":[-1,0,0,0,-1,0,0,0,1],"scale":0.522599995,"type":"shrub_f"}
{"pos":[-341.584991,-597.849976,125.143997],"rotationMatrix":[-0.105584502,0.994410336,0,-0.994410336,-0.105584502,0,0,0,1],"scale":0.381000012,"type":"shrub_f"}
{"pos":[-358.467987,-583.013977,125.634003],"rotationMatrix":[-0.200940132,0.979603529,0,-0.979603529,-0.200940132,0,0,0,1],"scale":0.4551,"type":"shrub_f"}
{"pos":[-312.699005,-622.275024,123.719002],"rotationMatrix":[-0.890345573,-0.45528537,0,0.45528537,-0.890345573,0,0,0,1],"scale":0.673099995,"type":"shrub_f"}
{"pos":[-307.667053,-680.054321,125.164978],"rotationMatrix":[-0.146400809,-0.989225328,0,0.989225328,-0.146400809,0,0,0,1],"scale":0.62650001,"type":"shrub_f"}
{"pos":[-307.848999,-677.911011,125.090057],"rotationMatrix":[0.0372831821,0.999304712,0,-0.999304712,0.0372831821,0,0,0,1],"scale":0.671400011,"type":"shrub_f"}
{"pos":[-307.666077,-674.03772,124.888542],"rotationMatrix":[-0.673757315,0.738952637,0,-0.738952637,-0.673757315,0,0,0,0.999999881],"scale":0.653999984,"type":"shrub_f"}
{"pos":[-298.873444,-638.124817,124.556931],"rotationMatrix":[-0.919519246,0.393044591,0,-0.393044591,-0.919519246,0,0,0,0.999999881],"scale":0.547100008,"type":"shrub_f"}
{"pos":[-324.541992,-662.974976,126.129997],"rotationMatrix":[-0.255478501,0.966814756,0,-0.966814756,-0.255478501,0,0,0,1],"scale":0.504299998,"type":"shrub_f"}
{"pos":[-323.888,-664.698975,126.237999],"rotationMatrix":[0.477349043,-0.878713787,0,0.878713787,0.477349043,0,0,0,1],"scale":0.691399992,"type":"shrub_f"}
{"pos":[-321.535004,-664.974976,125.641998],"rotationMatrix":[0.893555045,0.448953658,0,-0.448953658,0.893555045,0,0,0,1],"scale":0.557500005,"type":"shrub_f"}
{"pos":[-349.071014,-740.711975,147.056],"rotationMatrix":[-0.943603396,-0.331077993,0,0.331077993,-0.943603396,0,0,0,1],"scale":0.636900008,"type":"shrub_f"}
{"pos":[-351.80899,-733.479004,145.524994],"rotationMatrix":[0.999974012,-0.00720933964,0,0.00720933964,0.999974012,0,0,0,1],"scale":0.636399984,"type":"shrub_f"}
{"pos":[-363.135986,-708.22699,141.186996],"rotationMatrix":[0.343800306,-0.939042807,0,0.939042807,0.343800306,0,0,0,1],"scale":0.502300024,"type":"shrub_f"}
{"pos":[-361.690002,-702.408997,137.858994],"rotationMatrix":[0.997050881,0.0767433345,0,-0.0767433345,0.997050881,0,0,0,1],"scale":0.653900027,"type":"shrub_f"}
{"pos":[-422.416992,-540.992981,123.815002],"rotationMatrix":[-0.840896726,-0.541195631,0,0.541195631,-0.840896726,0,0,0,1],"scale":0.361099988,"type":"shrub_f"}
{"pos":[-425.080994,-543.718018,124.833],"rotationMatrix":[0.884607911,0.466335535,0,-0.466335535,0.884607911,0,0,0,1],"scale":0.386000007,"type":"shrub_f"}
{"pos":[-423.220001,-543.106018,124.252998],"rotationMatrix":[0.878869534,-0.477062196,0,0.477062196,0.878869534,0,0,0,1],"scale":0.618099988,"type":"shrub_f"}
{"pos":[-431.423004,-531.421997,123.331001],"rotationMatrix":[-0.798545837,-0.601934016,0,0.601934016,-0.798545837,0,0,0,1],"scale":0.677600026,"type":"shrub_f"}
{"pos":[-431.880005,-529.140991,123.114998],"rotationMatrix":[0.646863937,0.762605429,0,-0.762605429,0.646863937,0,0,0,1],"scale":0.514400005,"type":"shrub_f"}
{"pos":[-430.106995,-528.539978,122.964996],"rotationMatrix":[-0.780007243,-0.625770509,0,0.625770509,-0.780007243,0,0,0,1],"scale":0.62349999,"type":"shrub_f"}
{"pos":[-429.223999,-525.953979,122.915001],"rotationMatrix":[0.876495481,-0.481410086,0,0.481410086,0.876495481,0,0,0,1],"scale":0.540700018,"type":"shrub_f"}
{"pos":[-382.247009,-560.73999,126.412186],"rotationMatrix":[-0.549504161,-0.835491002,0,0.835491002,-0.549504161,0,0,0,1],"scale":0.686999977,"type":"shrub_f"}
{"pos":[-380.372009,-557.849976,123.767998],"rotationMatrix":[-0.860906482,-0.508763254,0,0.508763254,-0.860906482,0,0,0,1],"scale":0.585600019,"type":"shrub_f"}
{"pos":[-391.910004,-533.461975,121.75],"rotationMatrix":[-0.978060484,-0.208321124,0,0.208321124,-0.978060484,0,0,0,1],"scale":0.535099983,"type":"shrub_f"}
{"pos":[-392.524994,-536.188782,123.76841],"rotationMatrix":[0.115407795,0.993318081,0,-0.993318081,0.115407795,0,0,0,0.999999881],"scale":0.625899971,"type":"shrub_f"}
{"pos":[-409.890991,-566.97699,126.320267],"rotationMatrix":[-0.441601872,0.897211134,0,-0.897211134,-0.441601872,0,0,0,1],"scale":0.57069999,"type":"shrub_f"}
{"pos":[-384.034332,-596.612976,127.320793],"rotationMatrix":[0.705112457,0.709095359,0,-0.709095359,0.705112457,0,0,0,0.999999762],"scale":0.67930001,"type":"shrub_f"}
{"pos":[-417.085999,-567.617004,127.094002],"rotationMatrix":[-0.97448194,-0.224465922,0,0.224465922,-0.97448194,0,0,0,1],"scale":0.63440001,"type":"shrub_f"}
{"pos":[-467.137726,-521.149475,122.267075],"rotationMatrix":[0.666092038,-0.745869577,0,0.745869577,0.666092038,0,0,0,1],"scale":0.513999999,"type":"shrub_f"}
{"pos":[-431.528992,-641.393982,135.917007],"rotationMatrix":[0.54303205,-0.839711964,0,0.839711964,0.54303205,0,0,0,1],"scale":0.577600002,"type":"shrub_f"}
{"pos":[-373.227997,-771.625977,146.804993],"rotationMatrix":[-0.00734817982,-0.999972999,0,0.999972999,-0.00734817982,0,0,0,1],"scale":0.885500014,"type":"shrub_f"}
{"pos":[-366.971985,-778.679993,144.639999],"rotationMatrix":[0.0497310162,0.998762667,0,-0.998762667,0.0497310162,0,0,0,1],"scale":0.571399987,"type":"shrub_f"}
{"pos":[-362.868011,-779.47998,143.953995],"rotationMatrix":[0.991601944,0.129327431,0,-0.129327431,0.991601944,0,0,0,1],"scale":0.864799976,"type":"shrub_f"}
{"pos":[-358.144989,-774.435974,144.350998],"rotationMatrix":[-0.711989999,0.702189624,0,-0.702189624,-0.711989999,0,0,0,1],"scale":0.577799976,"type":"shrub_f"}
{"pos":[-355.678986,-792.617981,137.806],"rotationMatrix":[-0.570700884,0.821158051,0,-0.821158051,-0.570700884,0,0,0,1],"scale":0.972899973,"type":"shrub_f"}
{"pos":[-358.26001,-795.396973,138.141998],"rotationMatrix":[0.899199486,-0.437538892,0,0.437538892,0.899199486,0,0,0,1],"scale":0.536199987,"type":"shrub_f"}
{"pos":[-351.127014,-789.273987,138.005997],"rotationMatrix":[-0.528451204,-0.848963678,0,0.848963678,-0.528451204,0,0,0,1],"scale":0.785899997,"type":"shrub_f"}
{"pos":[-349.477997,-791.320007,137.867004],"rotationMatrix":[-0.738739491,-0.673991084,0,0.673991084,-0.738739491,0,0,0,1],"scale":0.752200007,"type":"shrub_f"}
{"pos":[-345.229004,-779.989014,138.570999],"rotationMatrix":[0.963116646,-0.269084245,0,0.269084245,0.963116646,0,0,0,1],"scale":0.815199971,"type":"shrub_f"}
{"pos":[-327.744995,-750.85498,142.354996],"rotationMatrix":[-0.646749616,-0.762702405,0,0.762702405,-0.646749616,0,0,0,1],"scale":0.670899987,"type":"shrub_f"}
{"pos":[-360.385986,-864.507996,136.880997],"rotationMatrix":[0.794174671,-0.607689559,0,0.607689559,0.794174671,0,0,0,1],"scale":0.634199977,"type":"shrub_f"}
{"pos":[-364.162994,-867.729004,137.906998],"rotationMatrix":[-0.997600794,0.0692290142,0,-0.0692290142,-0.997600794,0,0,0,1],"scale":0.698700011,"type":"shrub_f"}
{"pos":[-372.819,-877.460022,139.369995],"rotationMatrix":[-0.988017917,-0.154339224,0,0.154339224,-0.988017917,0,0,0,1],"scale":0.580299973,"type":"shrub_f"}
{"pos":[-370.51001,-883.526978,140.587997],"rotationMatrix":[0.912387013,0.40932864,0,-0.40932864,0.912387013,0,0,0,1],"scale":0.640500009,"type":"shrub_f"}
{"pos":[-400.033997,-902.518982,141.552994],"rotationMatrix":[-0.987220526,-0.159360081,0,0.159360081,-0.987220526,0,0,0,1],"scale":0.536000013,"type":"shrub_f"}
{"pos":[-402.587006,-930.880005,146.046005],"rotationMatrix":[-0.189190388,-0.981940448,0,0.981940448,-0.189190388,0,0,0,1],"scale":0.52759999,"type":"shrub_f"}
{"pos":[-403.992004,-924.211975,145.511993],"rotationMatrix":[-0.606707454,-0.794925213,0,0.794925213,-0.606707454,0,0,0,1],"scale":0.64319998,"type":"shrub_f"}
{"pos":[-392.356995,-952.184021,146.591003],"rotationMatrix":[0.999687433,0.0250007156,0,-0.0250007156,0.999687433,0,0,0,1],"scale":0.618600011,"type":"shrub_f"}
{"pos":[-397.800995,-945.929016,146.470993],"rotationMatrix":[-0.997200966,0.0747678652,0,-0.0747678652,-0.997200966,0,0,0,1],"scale":0.643899977,"type":"shrub_f"}
{"pos":[-425.471008,-963.640015,150.867996],"rotationMatrix":[0.13301897,0.991113484,0,-0.991113484,0.13301897,0,0,0,1],"scale":0.647199988,"type":"shrub_f"}
{"pos":[-418.669006,-962.117981,151.462006],"rotationMatrix":[0.975535274,0.21984297,0,-0.21984297,0.975535274,0,0,0,1],"scale":0.587300003,"type":"shrub_f"}
{"pos":[-408.878998,-960.041992,150.016006],"rotationMatrix":[-0.132813573,-0.991141021,0,0.991141021,-0.132813573,0,0,0,1],"scale":0.560299993,"type":"shrub_f"}
{"pos":[-499.013,-913.684998,154.977997],"rotationMatrix":[-0.790588975,0.612347186,0,-0.612347186,-0.790588975,0,0,0,1],"scale":0.602699995,"type":"shrub_f"}
{"pos":[-488.282013,-913.758972,155.335007],"rotationMatrix":[0.210478187,-0.977598548,0,0.977598548,0.210478187,0,0,0,1],"scale":0.609899998,"type":"shrub_f"}
{"pos":[-486.281006,-910.916992,156.110001],"rotationMatrix":[-0.786049962,-0.61816299,0,0.61816299,-0.786049962,0,0,0,1],"scale":0.754400015,"type":"shrub_f"}
{"pos":[-486.726013,-909.22699,156.477005],"rotationMatrix":[-0.999599934,-0.0282837879,0,0.0282837879,-0.999599934,0,0,0,1],"scale":0.658200026,"type":"shrub_f"}
{"pos":[-473.710999,-933.02301,153.438995],"rotationMatrix":[-0.470612526,-0.882340014,0,0.882340014,-0.470612526,0,0,0,1],"scale":0.693099976,"type":"shrub_f"}
{"pos":[-467.812988,-936.64801,153.112],"rotationMatrix":[-0.767951965,0.64050746,0,-0.64050746,-0.767951965,0,0,0,1],"scale":0.938600004,"type":"shrub_f"}
{"pos":[-540.611023,-136.576996,102.044998],"rotationMatrix":[-0.918057084,-0.396448225,0,0.396448225,-0.918057084,0,0,0,1],"scale":0.68779999,"type":"shrub_f"}
{"pos":[-716.236023,-0.836799979,102.335999],"rotationMatrix":[-0.592041612,-0.805907369,0,0.805907369,-0.592041612,0,0,0,1],"scale":0.526600003,"type":"shrub_f"}
{"pos":[-717.523987,-2.2493999,102.183998],"rotationMatrix":[0.753176689,0.657818258,0,-0.657818258,0.753176689,0,0,0,1],"scale":0.666000009,"type":"shrub_f"}
{"pos":[-733.028015,-16.3260002,102.882004],"rotationMatrix":[0.0995180607,0.995035768,0,-0.995035768,0.0995180607,0,0,0,1],"scale":0.612900019,"type":"shrub_f"}
{"pos":[-731.387024,-14.6604004,102.820999],"rotationMatrix":[-0.978458285,-0.206444621,0,0.206444621,-0.978458285,0,0,0,1],"scale":0.611599982,"type":"shrub_f"}
{"pos":[-730.349976,-13.2163,102.863998],"rotationMatrix":[-0.223673582,-0.974664092,0,0.974664092,-0.223673582,0,0,0,1],"scale":0.593200028,"type":"shrub_f"}
{"pos":[-729.132019,-11.9601002,103.085999],"rotationMatrix":[-0.783027172,-0.621987522,0,0.621987522,-0.783027172,0,0,0,1],"scale":0.65140003,"type":"shrub_f"}
{"pos":[-725.877014,-8.2592001,103.073997],"rotationMatrix":[-0.760063171,-0.649849176,0,0.649849176,-0.760063171,0,0,0,1],"scale":0.566200018,"type":"shrub_f"}
{"pos":[-746.200012,-103.571999,104.985001],"rotationMatrix":[0.981683016,-0.190521538,0,0.190521538,0.981683016,0,0,0,1],"scale":0.674899995,"type":"shrub_f"}
{"pos":[-635.348022,-160.302002,97.9178009],"rotationMatrix":[0.79082489,0.612042487,0,-0.612042487,0.79082489,0,0,0,1],"scale":0.696799994,"type":"shrub_f"}
{"pos":[-505.769012,-374.022003,102.510002],"rotationMatrix":[-0.545985222,-0.837794781,0,0.837794781,-0.545985222,0,0,0,1],"scale":0.98180002,"type":"shrub_f"}
{"pos":[-524.171997,-354.377014,102.005997],"rotationMatrix":[0.994081259,-0.108639084,0,0.108639084,0.994081259,0,0,0,1],"scale":0.959200025,"type":"shrub_f"}
{"pos":[-551.075989,-355.807007,103.920998],"rotationMatrix":[0.958987474,0.283448458,0,-0.283448458,0.958987474,0,0,0,1],"scale":0.907800019,"type":"shrub_f"}
{"pos":[-546.612,-319.222992,102.324997],"rotationMatrix":[0.594820023,-0.803858876,0,0.803858876,0.594820023,0,0,0,1],"scale":1.09449995,"type":"shrub_f"}
{"pos":[-608.979004,-325.459991,109.219002],"rotationMatrix":[0.368087173,-0.929791272,0,0.929791272,0.368087173,0,0,0,1],"scale":0.523999989,"type":"shrub_f"}
{"pos":[-501.692993,-474.635986,114.057968],"rotationMatrix":[0.280959606,-0.959719598,0,0.959719598,0.280959606,0,0,0,1],"scale":0.62379998,"type":"shrub_f"}
{"pos":[-534.692017,-481.734009,118.887001],"rotationMatrix":[0.128799915,0.991670609,0,-0.991670609,0.128799915,0,0,0,1],"scale":0.300399989,"type":"shrub_f"}
{"pos":[-538.074402,-472.239166,117.296089],"rotationMatrix":[0.011300683,-0.999936163,0,0.999936163,0.011300683,0,0,0,1],"scale":0.574500024,"type":"shrub_f"}
{"pos":[-539.388977,-483.256989,119.409691],"rotationMatrix":[-0.733894467,0.679263532,0,-0.679263532,-0.733894467,0,0,0,1],"scale":0.409000009,"type":"shrub_f"}
{"pos":[-538.088013,-481.72699,118.488235],"rotationMatrix":[-0.84128058,0.54059875,0,-0.54059875,-0.84128058,0,0,0,1],"scale":0.631600022,"type":"shrub_f"}
{"pos":[-617.110535,-433.676025,112.702797],"rotationMatrix":[-0.854352713,0.519693613,0,-0.519693613,-0.854352713,0,0,0,1],"scale":0.300700009,"type":"shrub_f"}
{"pos":[-616.133972,-468.765015,113.648003],"rotationMatrix":[0.645686388,0.763602674,0,-0.763602674,0.645686388,0,0,0,1],"scale":0.37560001,"type":"shrub_f"}
{"pos":[-615.552002,-464.761993,113.013],"rotationMatrix":[-0.983235359,-0.182340965,0,0.182340965,-0.983235359,0,0,0,1],"scale":0.586000025,"type":"shrub_f"}
{"pos":[-615.732056,-461.990326,112.847145],"rotationMatrix":[0.998606086,-0.0527814887,0,0.0527814887,0.998606086,0,0,0,1],"scale":0.372000009,"type":"shrub_f"}
{"pos":[-617.422974,-456.666992,112.67112],"rotationMatrix":[-0.688019276,-0.725692391,0,0.725692391,-0.688019276,0,0,0,1],"scale":0.556100011,"type":"shrub_f"}
{"pos":[-591.975708,-458.950653,114.060776],"rotationMatrix":[-0.978856206,0.204549581,0,-0.204549581,-0.978856206,0,0,0,1],"scale":0.570299983,"type":"shrub_f"}
{"pos":[-680.721008,-363.96701,106.107002],"rotationMatrix":[0.645012617,0.764171898,0,-0.764171898,0.645012617,0,0,0,1],"scale":0.699800014,"type":"shrub_f"}
{"pos":[-643.729858,-434.506775,109.913002],"rotationMatrix":[-0.91672349,-0.399522275,0,0.399522275,-0.91672349,0,0,0,0.999999881],"scale":0.625999987,"type":"shrub_f"}
{"pos":[-645.175232,-433.598328,110.079544],"rotationMatrix":[-0.411535978,-0.911393523,0,0.911393523,-0.411535978,0,0,0,1],"scale":0.564300001,"type":"shrub_f"}
{"pos":[-645.324219,-434.931519,110.069893],"rotationMatrix":[-0.736180425,-0.676785231,0,0.676785231,-0.736180425,0,0,0,0.999999881],"scale":0.350899994,"type":"shrub_f"}
{"pos":[-680.618591,-439.284027,106.296539],"rotationMatrix":[-1,0,0,0,-1,0,0,0,1],"scale":0.396899998,"type":"shrub_f"}
{"pos":[-679.832458,-439.820892,106.532616],"rotationMatrix":[-0.465814471,-0.88488239,0,0.88488239,-0.465814471,0,0,0,1],"scale":0.317799985,"type":"shrub_f"}
{"pos":[-665.36499,-458.074005,108.473526],"rotationMatrix":[-0.923937201,-0.38254419,0,0.38254419,-0.923937201,0,0,0,1],"scale":0.550400019,"type":"shrub_f"}
{"pos":[-663.013,-457.622009,109.281982],"rotationMatrix":[0.975711942,0.219057545,0,-0.219057545,0.975711942,0,0,0,1],"scale":0.50059998,"type":"shrub_f"}
{"pos":[-664.520996,-456.799011,108.620003],"rotationMatrix":[0.761673927,-0.647960544,0,0.647960544,0.761673927,0,0,0,1],"scale":0.378500015,"type":"shrub_f"}
{"pos":[-638.273987,-458.278717,112.106064],"rotationMatrix":[-0.994803429,0.101814233,0,-0.101814233,-0.994803429,0,0,0,1],"scale":0.668799996,"type":"shrub_f"}
{"pos":[-638.58197,-460.493011,111.514999],"rotationMatrix":[0.59247613,-0.805588007,0,0.805588007,0.59247613,0,0,0,1],"scale":0.3477,"type":"shrub_f"}
{"pos":[-637.635986,-461.592987,111.653],"rotationMatrix":[-0.547392249,0.836876154,0,-0.836876154,-0.547392249,0,0,0,1],"scale":0.449000001,"type":"shrub_f"}
{"pos":[-637.458008,-463.697998,112.013],"rotationMatrix":[0.755279899,-0.655402362,0,0.655402362,0.755279899,0,0,0,1],"scale":0.4727,"type":"shrub_f"}
{"pos":[-637.406982,-457.121002,111.862442],"rotationMatrix":[0.998115063,0.0613703653,0,-0.0613703653,0.998115063,0,0,0,1],"scale":0.388999999,"type":"shrub_f"}
{"pos":[-666.210022,-462.286011,109.612],"rotationMatrix":[-0.659842014,0.751404345,0,-0.751404345,-0.659842014,0,0,0,1],"scale":0.675199986,"type":"shrub_f"}
{"pos":[-669.90625,-462.309937,107.715965],"rotationMatrix":[-0.404487967,0.914543331,0,-0.914543331,-0.404487967,0,0,0,1],"scale":0.450599998,"type":"shrub_f"}
{"pos":[-663.38501,-455.062012,108.60701],"rotationMatrix":[0.0552372932,0.998473227,0,-0.998473227,0.0552372932,0,0,0,1],"scale":0.509899974,"type":"shrub_f"}
{"pos":[-681.467957,-439.910919,106.238365],"rotationMatrix":[-0.381454349,0.924387693,0,-0.924387693,-0.381454349,0,0,0,1],"scale":0.424800009,"type":"shrub_f"}
{"pos":[-719.640991,-470.285339,100.968987],"rotationMatrix":[-0.256429434,0.966562927,0,-0.966562927,-0.256429434,0,0,0,1],"scale":0.614600003,"type":"shrub_f"}
{"pos":[-721.574341,-469.202515,100.612244],"rotationMatrix":[-0.576732755,-0.816932857,0,0.816932857,-0.576732755,0,0,0,1],"scale":0.688000023,"type":"shrub_f"}
{"pos":[-721.81897,-467.498993,100.825996],"rotationMatrix":[0.368986249,-0.929434836,0,0.929434836,0.368986249,0,0,0,1],"scale":0.671599984,"type":"shrub_f"}
{"pos":[-720.286987,-466.882996,101.110001],"rotationMatrix":[-0.997200966,-0.0747678652,0,0.0747678652,-0.997200966,0,0,0,1],"scale":0.640399992,"type":"shrub_f"}
{"pos":[-746.026978,-485.20401,100.036049],"rotationMatrix":[0.883065462,-0.469249815,0,0.469249815,0.883065462,0,0,0,1],"scale":0.302700013,"type":"shrub_f"}
{"pos":[-743.910156,-487.983185,99.8461227],"rotationMatrix":[0.999875188,0.0157990083,0,-0.0157990083,0.999875188,0,0,0,1],"scale":0.457100004,"type":"shrub_f"}
{"pos":[-742.354004,-491.125,100.892998],"rotationMatrix":[-0.806520343,0.591206312,0,-0.591206312,-0.806520343,0,0,0,1],"scale":0.467700005,"type":"shrub_f"}
{"pos":[-748.604004,-497.002991,100.883003],"rotationMatrix":[0.209472656,0.977814496,0,-0.977814496,0.209472656,0,0,0,1],"scale":0.6171,"type":"shrub_f"}
{"pos":[-728.06897,-479.415985,101.461998],"rotationMatrix":[-0.118708849,-0.992929101,0,0.992929101,-0.118708849,0,0,0,1],"scale":0.610300004,"type":"shrub_f"}
{"pos":[-726.269409,-477.729004,100.682617],"rotationMatrix":[-0.083686471,-0.996492147,0,0.996492147,-0.083686471,0,0,0,1],"scale":0.524200022,"type":"shrub_f"}
{"pos":[-728.075134,-474.363312,100.575043],"rotationMatrix":[-0.949127793,0.31489113,0,-0.31489113,-0.949127793,0,0,0,1],"scale":0.630400002,"type":"shrub_f"}
{"pos":[-731.696167,-476.146606,100.456001],"rotationMatrix":[-0.744338393,0.667802632,0,-0.667802632,-0.744338393,0,0,0,1],"scale":0.595700026,"type":"shrub_f"}
{"pos":[-732.072876,-478.561462,100.098618],"rotationMatrix":[0.645349622,-0.763887346,0,0.763887346,0.645349622,0,0,0,1],"scale":0.665700018,"type":"shrub_f"}
{"pos":[-700.835022,-465.835999,103.088997],"rotationMatrix":[-0.0116108656,0.999932587,0,-0.999932587,-0.0116108656,0,0,0,1],"scale":0.658999979,"type":"shrub_f"}
{"pos":[-702.275024,-464.570007,102.091003],"rotationMatrix":[0.906428576,0.422359139,0,-0.422359139,0.906428576,0,0,0,1],"scale":0.628899992,"type":"shrub_f"}
{"pos":[-703.008972,-462.259003,102.084],"rotationMatrix":[0.202162743,0.979351938,0,-0.979351938,0.202162743,0,0,0,1],"scale":0.572700024,"type":"shrub_f"}
{"pos":[-703.93103,-460.773987,102.472305],"rotationMatrix":[-0.975276828,0.220986679,0,-0.220986679,-0.975276828,0,0,0,1],"scale":0.638800025,"type":"shrub_f"}
{"pos":[-672.645996,-466.565002,107.439003],"rotationMatrix":[0.398295522,0.91725713,0,-0.91725713,0.398295522,0,0,0,1],"scale":0.638599992,"type":"shrub_f"}
{"pos":[-673.057983,-459.113281,106.630249],"rotationMatrix":[0.996180534,0.0873174816,0,-0.0873174816,0.996180534,0,0,0,1],"scale":0.656000018,"type":"shrub_f"}
{"pos":[-672.251343,-456.102417,106.901031],"rotationMatrix":[-0.978449345,0.206486821,0,-0.206486821,-0.978449345,0,0,0,0.999999881],"scale":0.577000022,"type":"shrub_f"}
{"pos":[-674.362549,-458.13031,106.320923],"rotationMatrix":[-0.999599934,-0.0282837879,0,0.0282837879,-0.999599934,0,0,0,1],"scale":0.564300001,"type":"shrub_f"}
{"pos":[-645.846008,-464.270996,110.394997],"rotationMatrix":[0.688897252,-0.724858999,0,0.724858999,0.688897252,0,0,0,1],"scale":0.527400017,"type":"shrub_f"}
{"pos":[-646.875977,-461.613007,109.750999],"rotationMatrix":[-0.609935641,0.792450964,0,-0.792450964,-0.609935641,0,0,0,1],"scale":0.56309998,"type":"shrub_f"}
{"pos":[-646.997986,-457.776947,110.169533],"rotationMatrix":[-0.991608858,-0.129274413,0,0.129274413,-0.991608858,0,0,0,1],"scale":0.589100003,"type":"shrub_f"}
{"pos":[-646.125,-455.488007,110.326073],"rotationMatrix":[0.633118272,0.774055064,0,-0.774055064,0.633118272,0,0,0,1],"scale":0.513300002,"type":"shrub_f"}
{"pos":[-741.383972,-389.967987,106.018997],"rotationMatrix":[-0.975276828,0.220986679,0,-0.220986679,-0.975276828,0,0,0,1],"scale":0.528900027,"type":"shrub_f"}
{"pos":[-672.742981,-499.487,107.137001],"rotationMatrix":[0.33575654,0.941948831,0,-0.941948831,0.33575654,0,0,0,1],"scale":0.597299993,"type":"shrub_f"}
{"pos":[-718.824402,-487.05957,102.896004],"rotationMatrix":[0.824768066,0.565471172,0,-0.565471172,0.824768066,0,0,0,1],"scale":0.584900022,"type":"shrub_f"}
{"pos":[-680.10498,-499.747009,106.599998],"rotationMatrix":[-0.997600794,0.0692290142,0,-0.0692290142,-0.997600794,0,0,0,1],"scale":0.56370002,"type":"shrub_f"}
{"pos":[-775.421021,-2.02489996,112.898003],"rotationMatrix":[-0.778498054,0.627647042,0,-0.627647042,-0.778498054,0,0,0,1],"scale":0.519699991,"type":"shrub_f"}
{"pos":[-777.083008,-1.70570004,113.417999],"rotationMatrix":[-0.256429434,0.966562927,0,-0.966562927,-0.256429434,0,0,0,1],"scale":0.565299988,"type":"shrub_f"}
{"pos":[-788.429016,-69.7468033,108.475998],"rotationMatrix":[0.685416937,0.728150845,0,-0.728150845,0.685416937,0,0,0,1],"scale":0.536899984,"type":"shrub_f"}
{"pos":[-797.638,-242.462997,98.9578018],"rotationMatrix":[-0.0402588844,0.999189258,0,-0.999189258,-0.0402588844,0,0,0,1],"scale":0.675199986,"type":"shrub_f"}
{"pos":[-837.002014,-162.774994,105.921997],"rotationMatrix":[0.809285164,-0.587415993,0,0.587415993,0.809285164,0,0,0,1],"scale":0.674399972,"type":"shrub_f"}
{"pos":[-846.177979,-182.110992,104.601997],"rotationMatrix":[-0.377799988,0.925887227,0,-0.925887227,-0.377799988,0,0,0,1],"scale":0.58160001,"type":"shrub_f"}
{"pos":[-849.502991,-183.085007,105.507004],"rotationMatrix":[0.986552,0.163447708,0,-0.163447708,0.986552,0,0,0,1],"scale":0.615400016,"type":"shrub_f"}
{"pos":[-781.198975,-132.197998,106.998001],"rotationMatrix":[-0.128302455,-0.991735101,0,0.991735101,-0.128302455,0,0,0,1],"scale":0.599099994,"type":"shrub_f"}
{"pos":[-944.286011,-51.2458,123.319],"rotationMatrix":[-0.0451687574,0.99897939,0,-0.99897939,-0.0451687574,0,0,0,1],"scale":0.862200022,"type":"shrub_f"}
{"pos":[-941.840027,-57.7001991,123.889],"rotationMatrix":[-0.999200225,0.0399863794,0,-0.0399863794,-0.999200225,0,0,0,1],"scale":0.567399979,"type":"shrub_f"}
{"pos":[-945.234985,-49.531601,123.944],"rotationMatrix":[0.922696829,0.385526329,0,-0.385526329,0.922696829,0,0,0,1],"scale":0.81190002,"type":"shrub_f"}
{"pos":[-941.528015,-49.0690002,124.274208],"rotationMatrix":[0.0844249725,0.996429861,0,-0.996429861,0.0844249725,0,0,0,1],"scale":0.550199986,"type":"shrub_f"}
{"pos":[-942.080994,-63.4365997,125.358002],"rotationMatrix":[-0.990810513,0.135257259,0,-0.135257259,-0.990810513,0,0,0,1],"scale":0.903900027,"type":"shrub_f"}
{"pos":[-939.835999,-64.870903,124.271004],"rotationMatrix":[-0.108262777,-0.994122326,0,0.994122326,-0.108262777,0,0,0,1],"scale":0.986400008,"type":"shrub_f"}
{"pos":[-934.239014,-56.0147018,121.676277],"rotationMatrix":[0.775951862,0.630792141,0,-0.630792141,0.775951862,0,0,0,1],"scale":0.664799988,"type":"shrub_f"}
{"pos":[-946.781982,-54.1888008,124.619003],"rotationMatrix":[-0.359600544,-0.933106363,0,0.933106363,-0.359600544,0,0,0,1],"scale":0.840300024,"type":"shrub_f"}
{"pos":[-936.732971,-51.4429016,123.205093],"rotationMatrix":[-0.472327948,-0.881422877,0,0.881422877,-0.472327948,0,0,0,1],"scale":0.549199998,"type":"shrub_f"}
{"pos":[-938.463989,-55.3889008,123.230072],"rotationMatrix":[0.0053858757,-0.999985516,0,0.999985516,0.0053858757,0,0,0,1],"scale":0.569899976,"type":"shrub_f"}
{"pos":[-942.341003,-59.6941986,124.652],"rotationMatrix":[0.344258547,-0.9388749,0,0.9388749,0.344258547,0,0,0,1],"scale":0.569000006,"type":"shrub_f"}
{"pos":[-937.440002,-64.2844009,123.622002],"rotationMatrix":[0.935774803,0.35259825,0,-0.35259825,0.935774803,0,0,0,1],"scale":0.645500004,"type":"shrub_f"}
{"pos":[-947.802002,-61.8408012,126.905998],"rotationMatrix":[-0.159764528,-0.987155139,0,0.987155139,-0.159764528,0,0,0,1],"scale":0.919399977,"type":"shrub_f"}
{"pos":[-939.390991,-49.3566017,123.684464],"rotationMatrix":[0.374143243,-0.927370906,0,0.927370906,0.374143243,0,0,0,1],"scale":0.980700016,"type":"shrub_f"}
{"pos":[-949.830994,-115.151001,115.918999],"rotationMatrix":[0.40289402,-0.915246665,0,0.915246665,0.40289402,0,0,0,1],"scale":0.617299974,"type":"shrub_f"}
{"pos":[-944.710022,-120.18,112.189003],"rotationMatrix":[0.99911797,0.0419914424,0,-0.0419914424,0.99911797,0,0,0,1],"scale":0.699500024,"type":"shrub_f"}
{"pos":[-887.093018,-210.408005,107.237],"rotationMatrix":[-0.122601271,-0.992456019,0,0.992456019,-0.122601271,0,0,0,1],"scale":0.558000028,"type":"shrub_f"}
{"pos":[-873.607971,-434.490997,97.0659027],"rotationMatrix":[-0.50650084,0.86223948,0,-0.86223948,-0.50650084,0,0,0,1],"scale":0.711799979,"type":"shrub_f"}
{"pos":[-752.253845,-495.352112,99.9475021],"rotationMatrix":[0.980239272,0.197815493,0,-0.197815493,0.980239272,0,0,0,1],"scale":0.548200011,"type":"shrub_f"}
{"pos":[-751.641479,-493.435852,99.8923492],"rotationMatrix":[-0.994403958,-0.105644532,0,0.105644532,-0.994403958,0,0,0,1],"scale":0.688499987,"type":"shrub_f"}
{"pos":[-750.859497,-494.936584,99.9290161],"rotationMatrix":[-0.984828949,-0.173527926,0,0.173527926,-0.984828949,0,0,0,1],"scale":0.637799978,"type":"shrub_f"}
