{"pos":[-365.709015,-53.4463005,106.304001],"rotationMatrix":[0.457326412,0.889298916,0,-0.889298916,0.457326412,0,0,0,1],"scale":0.5625,"type":"shrub_d"}
{"pos":[-350.21701,-25.8899994,108.302002],"rotationMatrix":[-0.932184935,-0.361982375,0,0.361982375,-0.932184935,0,0,0,1],"scale":0.816500008,"type":"shrub_d"}
{"pos":[-432.485992,-9.66049957,106.309998],"rotationMatrix":[0.985000849,-0.172549501,0,0.172549501,0.985000849,0,0,0,1],"scale":1.22239995,"type":"shrub_d"}
{"pos":[-387.092987,-59.9561996,106.139999],"rotationMatrix":[-0.999200225,-0.0399863794,0,0.0399863794,-0.999200225,0,0,0,1],"scale":0.8926,"type":"shrub_d"}
{"pos":[-378.13501,-59.6799011,106.260002],"rotationMatrix":[0.625368357,0.780329704,0,-0.780329704,0.625368357,0,0,0,1],"scale":0.763300002,"type":"shrub_d"}
{"pos":[-450.748993,-29.3752003,103.343002],"rotationMatrix":[0.43544054,0.900217474,0,-0.900217474,0.43544054,0,0,0,1],"scale":1.15900004,"type":"shrub_d"}
{"pos":[-450.462006,-10.5551996,100.848],"rotationMatrix":[-0.052990675,-0.998594999,0,0.998594999,-0.052990675,0,0,0,1],"scale":1.06289995,"type":"shrub_d"}
{"pos":[-478.863007,-38.2122993,98.6874008],"rotationMatrix":[0.974732399,0.223375812,0,-0.223375812,0.974732399,0,0,0,1],"scale":0.574699998,"type":"shrub_d"}
{"pos":[-430.888,-211.783997,99.9493027],"rotationMatrix":[0.105145574,-0.994456828,0,0.994456828,0.105145574,0,0,0,1],"scale":1.1803,"type":"shrub_d"}
{"pos":[-396.240997,-234.647003,98.0674973],"rotationMatrix":[0.964195132,-0.26519379,0,0.26519379,0.964195132,0,0,0,1],"scale":0.601700008,"type":"shrub_d"}
{"pos":[-395.093994,-228.447998,97.9511032],"rotationMatrix":[-0.104395151,0.994535923,0,-0.994535923,-0.104395151,0,0,0,1],"scale":0.567300022,"type":"shrub_d"}
{"pos":[-393.213989,-245.052002,97.7881012],"rotationMatrix":[-0.435495615,0.90019083,0,-0.90019083,-0.435495615,0,0,0,1],"scale":0.64410001,"type":"shrub_d"}
{"pos":[-405.898987,-235.716003,99.8644028],"rotationMatrix":[-0.992806435,0.119730458,0,-0.119730458,-0.992806435,0,0,0,1],"scale":0.699599981,"type":"shrub_d"}
{"pos":[-332.833008,-334.858002,116.192001],"rotationMatrix":[0.704473257,-0.709730506,0,0.709730506,0.704473257,0,0,0,1],"scale":0.588400006,"type":"shrub_d"}
{"pos":[-342.808014,-335.677002,109.748001],"rotationMatrix":[0.702625275,0.711560071,0,-0.711560071,0.702625275,0,0,0,1],"scale":0.677999973,"type":"shrub_d"}
{"pos":[-329.766998,-494.277008,106.199997],"rotationMatrix":[0.409867525,-0.912145078,0,0.912145078,0.409867525,0,0,0,1],"scale":1.10119998,"type":"shrub_d"}
{"pos":[-340.678986,-479.882996,105.746002],"rotationMatrix":[0.511928082,-0.859028339,0,0.859028339,0.511928082,0,0,0,1],"scale":1.19700003,"type":"shrub_d"}
{"pos":[-349.683014,-469.195007,104.735001],"rotationMatrix":[0.684146523,0.729344606,0,-0.729344606,0.684146523,0,0,0,1],"scale":1.06439996,"type":"shrub_d"}
{"pos":[-351.825989,-464.071991,104.848],"rotationMatrix":[-0.999599934,-0.0282837879,0,0.0282837879,-0.999599934,0,0,0,1],"scale":1.27779996,"type":"shrub_d"}
{"pos":[-356.110992,-458.052002,104.739998],"rotationMatrix":[-0.497488141,-0.867470801,0,0.867470801,-0.497488141,0,0,0,1],"scale":1.1688,"type":"shrub_d"}
{"pos":[-361.782013,-450.747986,104.144997],"rotationMatrix":[0.636024833,-0.771668613,0,0.771668613,0.636024833,0,0,0,1],"scale":0.985599995,"type":"shrub_d"}
{"pos":[-357.346008,-455.082001,104.411003],"rotationMatrix":[0.917338252,0.398108691,0,-0.398108691,0.917338252,0,0,0,1],"scale":1.1099,"type":"shrub_d"}
{"pos":[-416.273987,-308.398987,99.8074036],"rotationMatrix":[-0.280640006,-0.959813118,0,0.959813118,-0.280640006,0,0,0,1],"scale":0.941200018,"type":"shrub_d"}
{"pos":[-382.721008,-304.389008,98.5926971],"rotationMatrix":[0.0124254227,0.999922812,0,-0.999922812,0.0124254227,0,0,0,1],"scale":0.78549999,"type":"shrub_d"}
{"pos":[-381.488892,-308.261993,98.6562958],"rotationMatrix":[-0.0433692634,-0.984860361,-0.167836666,0.997870445,-0.034509927,-0.0553484596,0.0487184823,-0.16987969,0.984259665],"scale":0.920099974,"type":"shrub_d"}
{"pos":[-390.085999,-295.214996,100.507004],"rotationMatrix":[-0.888013124,-0.459818095,0,0.459818095,-0.888013124,0,0,0,1],"scale":0.882000029,"type":"shrub_d"}
{"pos":[-399.104004,-277.670013,101.091003],"rotationMatrix":[-0.391779304,0.920059204,0,-0.920059204,-0.391779304,0,0,0,1],"scale":0.707899988,"type":"shrub_d"}
{"pos":[-396.15799,-273.721985,100.108002],"rotationMatrix":[0.731208801,-0.682153702,0,0.682153702,0.731208801,0,0,0,1],"scale":0.523899972,"type":"shrub_d"}
{"pos":[-412.125,-371.730011,101.170998],"rotationMatrix":[-0.782271981,0.622937024,0,-0.622937024,-0.782271981,0,0,0,1],"scale":1.1983,"type":"shrub_d"}
{"pos":[-418.196991,-359.053009,100.584],"rotationMatrix":[0.874098301,0.485749066,0,-0.485749066,0.874098301,0,0,0,1],"scale":1.14119995,"type":"shrub_d"}
{"pos":[-443.993011,-305.446991,99.3848038],"rotationMatrix":[-0.907495141,0.420062572,0,-0.420062572,-0.907495141,0,0,0,1],"scale":1.20550001,"type":"shrub_d"}
{"pos":[-463.433014,-322.509003,99.0053024],"rotationMatrix":[-0.867858052,0.496812254,0,-0.496812254,-0.867858052,0,0,0,1],"scale":0.960900009,"type":"shrub_d"}
{"pos":[-106.917999,-837.067017,124.509003],"rotationMatrix":[0.994674921,-0.103062123,0,0.103062123,0.994674921,0,0,0,1],"scale":1.19630003,"type":"shrub_d"}
{"pos":[-92.2938004,-833.723999,122.684998],"rotationMatrix":[-0.500604749,-0.865675986,0,0.865675986,-0.500604749,0,0,0,1],"scale":0.978399992,"type":"shrub_d"}
{"pos":[-101.560997,-999.836975,137.865005],"rotationMatrix":[-0.668233752,-0.74395138,0,0.74395138,-0.668233752,0,0,0,1],"scale":1.07589996,"type":"shrub_d"}
{"pos":[-309.019989,-523.549988,107.583],"rotationMatrix":[-0.443980098,-0.896036625,0,0.896036625,-0.443980098,0,0,0,1],"scale":1.27409995,"type":"shrub_d"}
{"pos":[-307.51001,-526.007996,107.830002],"rotationMatrix":[0.125893593,-0.992043734,0,0.992043734,0.125893593,0,0,0,1],"scale":1.28470004,"type":"shrub_d"}
{"pos":[-299.029999,-537.66803,107.967003],"rotationMatrix":[-0.330406666,0.943838656,0,-0.943838656,-0.330406666,0,0,0,1],"scale":1.24049997,"type":"shrub_d"}
{"pos":[-297.04599,-539.757019,108.091003],"rotationMatrix":[-1,0,0,0,-1,0,0,0,1],"scale":1.17509997,"type":"shrub_d"}
{"pos":[-321.524994,-506.950012,106.763],"rotationMatrix":[0.889267802,-0.457386911,0,0.457386911,0.889267802,0,0,0,1],"scale":1.04550004,"type":"shrub_d"}
{"pos":[-345.437012,-724.315002,139.914001],"rotationMatrix":[0.1171453,0.993114769,0,-0.993114769,0.1171453,0,0,0,1],"scale":0.8477,"type":"shrub_d"}
{"pos":[-363.165009,-732.361023,149.865005],"rotationMatrix":[0.0960254669,0.995378852,0,-0.995378852,0.0960254669,0,0,0,1],"scale":0.857299984,"type":"shrub_d"}
{"pos":[-358.037994,-697.757019,135.505997],"rotationMatrix":[0.589581966,0.807708561,0,-0.807708561,0.589581966,0,0,0,1],"scale":0.863699973,"type":"shrub_d"}
{"pos":[-367.588013,-705.55603,141.147995],"rotationMatrix":[0.00115013123,-0.999999344,0,0.999999344,0.00115013123,0,0,0,1],"scale":0.805599988,"type":"shrub_d"}
{"pos":[-365.046997,-707.307983,141.070007],"rotationMatrix":[0.995449424,0.0952913687,0,-0.0952913687,0.995449424,0,0,0,1],"scale":0.755599976,"type":"shrub_d"}
{"pos":[-318.990997,-747.010986,139.539001],"rotationMatrix":[-0.0582215786,-0.998303711,0,0.998303711,-0.0582215786,0,0,0,1],"scale":0.936800003,"type":"shrub_d"}
{"pos":[-434.665985,-640.072998,136.931],"rotationMatrix":[0.0294969082,0.999564886,0,-0.999564886,0.0294969082,0,0,0,1],"scale":0.576900005,"type":"shrub_d"}
{"pos":[-361.332001,-776.663025,144.643005],"rotationMatrix":[0.239115477,-0.970991135,0,0.970991135,0.239115477,0,0,0,1],"scale":0.941200018,"type":"shrub_d"}
{"pos":[-360.473999,-778.992004,143.266006],"rotationMatrix":[0.926808596,-0.375534058,0,0.375534058,0.926808596,0,0,0,1],"scale":0.771200001,"type":"shrub_d"}
{"pos":[-356.417999,-778.659973,142.192001],"rotationMatrix":[-0.998400331,0.0565400757,0,-0.0565400757,-0.998400331,0,0,0,1],"scale":0.834100008,"type":"shrub_d"}
{"pos":[-351.946014,-776.797974,141.432999],"rotationMatrix":[-0.201249957,0.979539931,0,-0.979539931,-0.201249957,0,0,0,1],"scale":0.847800016,"type":"shrub_d"}
{"pos":[-359.350006,-798.299988,137.901993],"rotationMatrix":[0.955299497,0.295639753,0,-0.295639753,0.955299497,0,0,0,1],"scale":0.668900013,"type":"shrub_d"}
{"pos":[-348.397003,-788.427979,137.966995],"rotationMatrix":[0.060179472,-0.998187602,0,0.998187602,0.060179472,0,0,0,1],"scale":0.967700005,"type":"shrub_d"}
{"pos":[-373.813995,-901.176025,142.567001],"rotationMatrix":[0.807924032,0.589286625,0,-0.589286625,0.807924032,0,0,0,1],"scale":0.5255,"type":"shrub_d"}
{"pos":[-373.545013,-888.140015,140.763],"rotationMatrix":[-0.912185669,0.409777135,0,-0.409777135,-0.912185669,0,0,0,1],"scale":0.83069998,"type":"shrub_d"}
{"pos":[-396.848999,-870.30603,140.419006],"rotationMatrix":[-0.843584061,-0.536997139,0,0.536997139,-0.843584061,0,0,0,1],"scale":0.954200029,"type":"shrub_d"}
{"pos":[-396.734985,-866.271973,141.046997],"rotationMatrix":[-0.310904264,0.950441241,0,-0.950441241,-0.310904264,0,0,0,1],"scale":0.734700024,"type":"shrub_d"}
{"pos":[-401.368988,-895.999023,140.419998],"rotationMatrix":[0.876296639,-0.481771946,0,0.481771946,0.876296639,0,0,0,1],"scale":0.877499998,"type":"shrub_d"}
{"pos":[-399.804993,-895.546021,140.253998],"rotationMatrix":[0.968096614,-0.250577211,0,0.250577211,0.968096614,0,0,0,1],"scale":0.560000002,"type":"shrub_d"}
{"pos":[-400.821014,-890.197021,140.501999],"rotationMatrix":[-0.991608858,-0.129274413,0,0.129274413,-0.991608858,0,0,0,1],"scale":0.659099996,"type":"shrub_d"}
{"pos":[-376.247009,-890.929016,140.589996],"rotationMatrix":[0.0629196167,-0.998018622,0,0.998018622,0.0629196167,0,0,0,1],"scale":0.80400002,"type":"shrub_d"}
{"pos":[-397.739014,-953.112,148.598007],"rotationMatrix":[0.192025423,-0.98138994,0,0.98138994,0.192025423,0,0,0,1],"scale":0.747600019,"type":"shrub_d"}
{"pos":[-408.217987,-939.48999,149.279999],"rotationMatrix":[0.868210196,0.496196598,0,-0.496196598,0.868210196,0,0,0,1],"scale":0.779600024,"type":"shrub_d"}
{"pos":[-406.921997,-962.68103,148.360001],"rotationMatrix":[-0.985227346,0.171251506,0,-0.171251506,-0.985227346,0,0,0,1],"scale":0.731599987,"type":"shrub_d"}
{"pos":[-481.26001,-909.627014,157.440994],"rotationMatrix":[0.541309595,0.840823352,0,-0.840823352,0.541309595,0,0,0,1],"scale":0.818400025,"type":"shrub_d"}
{"pos":[-487.516998,-905.176025,157.990005],"rotationMatrix":[0.651721478,-0.758458376,0,0.758458376,0.651721478,0,0,0,1],"scale":0.570299983,"type":"shrub_d"}
{"pos":[-489.246002,-904.049011,158.272995],"rotationMatrix":[0.44538486,-0.895339251,0,0.895339251,0.44538486,0,0,0,1],"scale":0.662299991,"type":"shrub_d"}
{"pos":[-490.957001,-905.758972,157.783005],"rotationMatrix":[0.702625275,0.711560071,0,-0.711560071,0.702625275,0,0,0,1],"scale":0.881299973,"type":"shrub_d"}
{"pos":[-472.936005,-924.450012,154.893997],"rotationMatrix":[0.916031957,0.401105285,0,-0.401105285,0.916031957,0,0,0,1],"scale":0.711600006,"type":"shrub_d"}
{"pos":[-456.074005,-947.924988,152.382996],"rotationMatrix":[-0.998000383,0.0632078722,0,-0.0632078722,-0.998000383,0,0,0,1],"scale":0.535600007,"type":"shrub_d"}
{"pos":[-465.460999,-969.434021,152.751007],"rotationMatrix":[0.0149536133,0.999888182,0,-0.999888182,0.0149536133,0,0,0,1],"scale":0.627699971,"type":"shrub_d"}
{"pos":[-463.84201,-967.419006,151.712006],"rotationMatrix":[-0.996401787,0.0847554058,0,-0.0847554058,-0.996401787,0,0,0,1],"scale":0.795700014,"type":"shrub_d"}
{"pos":[-553.682983,-151.503006,102.708],"rotationMatrix":[0.952012062,0.306060493,0,-0.306060493,0.952012062,0,0,0,1],"scale":0.540300012,"type":"shrub_d"}
{"pos":[-506.709991,-313.867004,99.7294006],"rotationMatrix":[-0.500258446,-0.865876138,0,0.865876138,-0.500258446,0,0,0,1],"scale":0.930599988,"type":"shrub_d"}
{"pos":[-521.177979,-369.059998,103.891998],"rotationMatrix":[0.839822054,-0.54286176,0,0.54286176,0.839822054,0,0,0,1],"scale":1.11740005,"type":"shrub_d"}
{"pos":[-518.27301,-354.13501,101.684998],"rotationMatrix":[0.34997201,0.936760187,0,-0.936760187,0.34997201,0,0,0,1],"scale":1.09360003,"type":"shrub_d"}
{"pos":[-564.197021,-312.868011,101.533997],"rotationMatrix":[-0.909448862,0.415815771,0,-0.415815771,-0.909448862,0,0,0,1],"scale":0.947000027,"type":"shrub_d"}
{"pos":[-610.031982,-322.832001,108.184998],"rotationMatrix":[-0.906323433,-0.422584713,0,0.422584713,-0.906323433,0,0,0,1],"scale":0.895900011,"type":"shrub_d"}
{"pos":[-603.53302,-326.43399,107.612999],"rotationMatrix":[-0.345456123,-0.938434899,0,0.938434899,-0.345456123,0,0,0,1],"scale":0.913299978,"type":"shrub_d"}
{"pos":[-725.108582,-372.457642,105.978996],"rotationMatrix":[0.700152397,0.71399343,0,-0.71399343,0.700152397,0,0,0,1],"scale":0.648500025,"type":"shrub_d"}
{"pos":[-649.463989,-338.123993,107.625],"rotationMatrix":[-0.255485058,0.940466285,-0.224166453,-0.922136188,-0.306707025,-0.235787228,-0.290503353,0.146471888,0.945597053],"scale":0.774699986,"type":"shrub_d"}
{"pos":[-691.539978,-376.46701,106.429001],"rotationMatrix":[0.105963469,0.993843436,0.0323572457,-0.950630724,0.11079371,-0.289872378,-0.291672736,-4.39100404e-05,0.956518173],"scale":0.50150001,"type":"shrub_d"}
{"pos":[-692.885254,-480.300293,103.561165],"rotationMatrix":[0.690944791,-0.722907543,0,0.722907543,0.690944791,0,0,0,1],"scale":0.989400029,"type":"shrub_d"}
{"pos":[-796.281982,-69.344101,110.584999],"rotationMatrix":[0.906428576,-0.422359139,0,0.422359139,0.906428576,0,0,0,1],"scale":0.560800016,"type":"shrub_d"}
{"pos":[-802.867981,-68.0223007,112.375999],"rotationMatrix":[0.847868681,0.530206263,0,-0.530206263,0.847868681,0,0,0,1],"scale":0.521300018,"type":"shrub_d"}
{"pos":[-822.439026,-17.1429005,116.363998],"rotationMatrix":[0.977443099,-0.211198926,0,0.211198926,0.977443099,0,0,0,1],"scale":0.501900017,"type":"shrub_d"}
{"pos":[-751.84198,-116.408997,104.740997],"rotationMatrix":[0.298124433,0.95452702,0,-0.95452702,0.298124433,0,0,0,1],"scale":0.997799993,"type":"shrub_d"}
{"pos":[-799.642029,-245.397995,98.9649963],"rotationMatrix":[-0.453512549,0.891249895,0,-0.891249895,-0.453512549,0,0,0,1],"scale":0.644900024,"type":"shrub_d"}
{"pos":[-834.442993,-155.929001,105.601997],"rotationMatrix":[0.827245593,0.561840475,0,-0.561840475,0.827245593,0,0,0,1],"scale":0.942700028,"type":"shrub_d"}
{"pos":[-847.539978,-184.048996,104.086998],"rotationMatrix":[-0.919232368,0.393715441,0,-0.393715441,-0.919232368,0,0,0,1],"scale":0.709299982,"type":"shrub_d"}
{"pos":[-782.25,-134.416,106.310997],"rotationMatrix":[-0.828254342,0.560352325,0,-0.560352325,-0.828254342,0,0,0,1],"scale":0.875899971,"type":"shrub_d"}
{"pos":[-948.325012,-117.246002,114.800003],"rotationMatrix":[-0.840129375,-0.542386055,0,0.542386055,-0.840129375,0,0,0,1],"scale":0.575699985,"type":"shrub_d"}
{"pos":[-941.653992,-121.642998,111.166],"rotationMatrix":[0.984370947,0.176107466,0,-0.176107466,0.984370947,0,0,0,1],"scale":0.980499983,"type":"shrub_d"}
{"pos":[-810.627991,-258.283997,99.1304016],"rotationMatrix":[0.682076693,0.731280625,0,-0.731280625,0.682076693,0,0,0,1],"scale":0.675599992,"type":"shrub_d"}
{"pos":[-842.05603,-428.042999,97.4834976],"rotationMatrix":[0.293139458,-0.956069708,0,0.956069708,0.293139458,0,0,0,1],"scale":0.603699982,"type":"shrub_d"}
{"pos":[-762.380005,-402.015015,104.021004],"rotationMatrix":[0.566805601,-0.823851585,0,0.823851585,0.566805601,0,0,0,1],"scale":0.518400013,"type":"shrub_d"}
{"pos":[-775.242981,-417.35199,104.445999],"rotationMatrix":[-0.315441966,-0.948944867,0,0.948944867,-0.315441966,0,0,0,1],"scale":0.803300023,"type":"shrub_d"}
{"pos":[-781.231995,-423.233002,104.176003],"rotationMatrix":[-0.0854537487,-0.996342123,0,0.996342123,-0.0854537487,0,0,0,1],"scale":0.909200013,"type":"shrub_d"}
{"pos":[-918.448975,-418.303009,99.0574036],"rotationMatrix":[-0.053861618,0.998548388,0,-0.998548388,-0.053861618,0,0,0,1],"scale":0.787199974,"type":"shrub_d"}
{"pos":[-896.314026,-469.471985,98.1468964],"rotationMatrix":[0.264558077,0.964369774,0,-0.964369774,0.264558077,0,0,0,1],"scale":0.628899992,"type":"shrub_d"}
{"pos":[-879.268005,-458.669006,96.2941971],"rotationMatrix":[-0.999599934,-0.0282837879,0,0.0282837879,-0.999599934,0,0,0,1],"scale":0.951799989,"type":"shrub_d"}
{"pos":[-573.73999,-672.302002,154.746994],"rotationMatrix":[-0.861678123,-0.50745523,0,0.50745523,-0.861678123,0,0,0,1],"scale":1.24189997,"type":"shrub_d"}
{"pos":[-582.138977,-668.176025,157.367004],"rotationMatrix":[0.713172674,0.700988412,0,-0.700988412,0.713172674,0,0,0,1],"scale":1.12460005,"type":"shrub_d"}
{"pos":[-619.077026,-697.203003,156.309998],"rotationMatrix":[0.974597454,0.223963842,0,-0.223963842,0.974597454,0,0,0,1],"scale":1.11819994,"type":"shrub_d"}
{"pos":[-749.372009,-532.257996,101.806],"rotationMatrix":[0.910112023,-0.414362282,0,0.414362282,0.910112023,0,0,0,1],"scale":0.669499993,"type":"shrub_d"}
{"pos":[-735.357971,-512.062012,102.772003],"rotationMatrix":[-0.879472733,-0.475949287,0,0.475949287,-0.879472733,0,0,0,1],"scale":0.880200028,"type":"shrub_d"}
{"pos":[-734.231018,-516.021973,103.264],"rotationMatrix":[0.528579473,0.848883808,0,-0.848883808,0.528579473,0,0,0,1],"scale":0.742900014,"type":"shrub_d"}
{"pos":[-705.695801,-494.562408,102.687569],"rotationMatrix":[0.218250036,0.975892901,0,-0.975892901,0.218250036,0,0,0,1],"scale":0.958899975,"type":"shrub_d"}
{"pos":[-714.875793,-521.031128,103.872002],"rotationMatrix":[0.687950015,0.725758076,0,-0.725758076,0.687950015,0,0,0,1],"scale":0.602299988,"type":"shrub_d"}
{"pos":[-678.750977,-506.575989,106.806999],"rotationMatrix":[-0.12469995,-0.992194474,0,0.992194474,-0.12469995,0,0,0,1],"scale":0.528800011,"type":"shrub_d"}
{"pos":[-651.478027,-703.742004,158.826996],"rotationMatrix":[-0.913750529,-0.406275719,0,0.406275719,-0.913750529,0,0,0,1],"scale":0.987200022,"type":"shrub_d"}
{"pos":[-608.783997,-915.138977,161.167007],"rotationMatrix":[0.943686247,-0.33084175,0,0.33084175,0.943686247,0,0,0,1],"scale":0.606899977,"type":"shrub_d"}
{"pos":[-732.041992,-806.916992,128.365997],"rotationMatrix":[0.874799967,-0.484484285,0,0.484484285,0.874799967,0,0,0,1],"scale":0.962000012,"type":"shrub_d"}
{"pos":[-676.20697,-962.010986,165.979996],"rotationMatrix":[0.743098855,-0.669181645,0,0.669181645,0.743098855,0,0,0,1],"scale":0.960799992,"type":"shrub_d"}
{"pos":[-659.401978,-947.312988,165.406006],"rotationMatrix":[-0.930612564,-0.366005808,0,0.366005808,-0.930612564,0,0,0,1],"scale":0.758000016,"type":"shrub_d"}
{"pos":[-627.283997,-965.119019,165.960999],"rotationMatrix":[-0.35103929,-0.936360717,0,0.936360717,-0.35103929,0,0,0,1],"scale":0.630400002,"type":"shrub_d"}
{"pos":[-727.559021,-918.754028,164.686005],"rotationMatrix":[0.453987598,-0.891008019,0,0.891008019,0.453987598,0,0,0,1],"scale":0.830299973,"type":"shrub_d"}
{"pos":[-730.73999,-933.434021,164.572006],"rotationMatrix":[0.778221965,-0.627989292,0,0.627989292,0.778221965,0,0,0,1],"scale":0.565400004,"type":"shrub_d"}
{"pos":[-698.393005,-961.76001,167.488007],"rotationMatrix":[0.664455652,-0.747327685,0,0.747327685,0.664455652,0,0,0,1],"scale":0.559199989,"type":"shrub_d"}
{"pos":[-752.927979,-527.176025,101.344002],"rotationMatrix":[0.634145379,-0.773213863,0,0.773213863,0.634145379,0,0,0,1],"scale":0.587100029,"type":"shrub_d"}
{"pos":[-760.695435,-519.61084,100.884003],"rotationMatrix":[0.343112826,-0.939294219,0,0.939294219,0.343112826,0,0,0,1],"scale":0.672500014,"type":"shrub_d"}
{"pos":[-820.172974,-854.71698,127.459],"rotationMatrix":[0.934333086,-0.356401026,0,0.356401026,0.934333086,0,0,0,1],"scale":0.796800017,"type":"shrub_d"}
{"pos":[-817.796997,-850.064026,125.417999],"rotationMatrix":[0.717548728,-0.696508288,0,0.696508288,0.717548728,0,0,0,1],"scale":0.900699973,"type":"shrub_d"}
{"pos":[-821.900024,-855.921021,127.867996],"rotationMatrix":[0.996879578,0.0789373666,0,-0.0789373666,0.996879578,0,0,0,1],"scale":0.767700016,"type":"shrub_d"}
{"pos":[-838.934998,-846.231018,122.707001],"rotationMatrix":[-0.884905219,-0.465771139,0,0.465771139,-0.884905219,0,0,0,1],"scale":0.888999999,"type":"shrub_d"}
{"pos":[-832.984009,-849.080017,124.226997],"rotationMatrix":[-0.266277075,-0.963896513,0,0.963896513,-0.266277075,0,0,0,1],"scale":0.683399975,"type":"shrub_d"}
{"pos":[-834.479004,-850.439026,124.824997],"rotationMatrix":[-0.82099545,0.570934713,0,-0.570934713,-0.82099545,0,0,0,1],"scale":0.68720001,"type":"shrub_d"}
{"pos":[-833.267029,-841.492004,120.249001],"rotationMatrix":[-0.739858508,0.672762513,0,-0.672762513,-0.739858508,0,0,0,1],"scale":0.849099994,"type":"shrub_d"}
{"pos":[-844.172974,-835.403992,119.263],"rotationMatrix":[-0.0434345007,0.99905628,0,-0.99905628,-0.0434345007,0,0,0,1],"scale":0.568799973,"type":"shrub_d"}
{"pos":[-873.346008,-854.296021,129.598999],"rotationMatrix":[-0.3203125,0.947311938,0,-0.947311938,-0.3203125,0,0,0,1],"scale":0.641600013,"type":"shrub_d"}
{"pos":[-757.028992,-923.926025,163.891998],"rotationMatrix":[-0.977265,-0.2120215,0,0.2120215,-0.977265,0,0,0,1],"scale":0.504100025,"type":"shrub_d"}
{"pos":[-782.471008,-948.888,165.145996],"rotationMatrix":[-0.347425342,-0.937707663,0,0.937707663,-0.347425342,0,0,0,1],"scale":0.836399972,"type":"shrub_d"}
{"pos":[-763.890991,-941.60498,164.069],"rotationMatrix":[-0.328776121,-0.94440788,0,0.94440788,-0.328776121,0,0,0,1],"scale":0.851199985,"type":"shrub_d"}
{"pos":[-761.33197,-940.752991,164.108994],"rotationMatrix":[0.795071959,0.60651511,0,-0.60651511,0.795071959,0,0,0,1],"scale":0.767499983,"type":"shrub_d"}
{"pos":[-847.169006,-934.346008,149.031006],"rotationMatrix":[-0.944391966,-0.328821868,0,0.328821868,-0.944391966,0,0,0,1],"scale":0.936399996,"type":"shrub_d"}
{"pos":[-864.223022,-947.713013,145.625],"rotationMatrix":[0.145352602,-0.989379942,0,0.989379942,0.145352602,0,0,0,1],"scale":0.583199978,"type":"shrub_d"}
{"pos":[-853.31897,-975.427002,152.332001],"rotationMatrix":[-0.437529683,0.899203956,0,-0.899203956,-0.437529683,0,0,0,1],"scale":0.921400011,"type":"shrub_d"}
{"pos":[-926.143005,-859.36499,123.117996],"rotationMatrix":[-0.11930716,0.992857397,0,-0.992857397,-0.11930716,0,0,0,1],"scale":0.818199992,"type":"shrub_d"}
{"pos":[-927.195984,-833.377991,119.554001],"rotationMatrix":[0.256043911,-0.966665149,0,0.966665149,0.256043911,0,0,0,1],"scale":0.743900001,"type":"shrub_d"}
{"pos":[-896.187988,-893.450012,128.389008],"rotationMatrix":[0.540926456,0.841069877,0,-0.841069877,0.540926456,0,0,0,1],"scale":0.934499979,"type":"shrub_d"}
{"pos":[-892.401001,-898.64801,129.544006],"rotationMatrix":[-0.771338463,-0.636425138,0,0.636425138,-0.771338463,0,0,0,1],"scale":0.737399995,"type":"shrub_d"}
{"pos":[-973.109009,-934.620972,137.139999],"rotationMatrix":[0.992775917,-0.119983241,0,0.119983241,0.992775917,0,0,0,1],"scale":0.934899986,"type":"shrub_d"}
{"pos":[-969.437012,-981.552979,143.270996],"rotationMatrix":[-0.114524603,-0.993420422,0,0.993420422,-0.114524603,0,0,0,1],"scale":0.995599985,"type":"shrub_d"}
{"pos":[-981.864014,-943.356018,141.031006],"rotationMatrix":[0.854954958,-0.518702269,0,0.518702269,0.854954958,0,0,0,1],"scale":0.540600002,"type":"shrub_d"}
{"pos":[-976.153992,-942.690002,137.960007],"rotationMatrix":[-0.520767927,0.853698313,0,-0.853698313,-0.520767927,0,0,0,1],"scale":0.747799993,"type":"shrub_d"}
{"pos":[-102.338997,-1001.53003,137.242996],"rotationMatrix":[0.341277599,0.939962566,0,-0.939962566,0.341277599,0,0,0,1],"scale":1.03840005,"type":"shrub_d"}
{"pos":[-95.635498,-1003.21002,137.352997],"rotationMatrix":[0.0513845682,0.998678923,0,-0.998678923,0.0513845682,0,0,0,1],"scale":0.962700009,"type":"shrub_d"}
{"pos":[-3.17939997,-1005.15997,135.660004],"rotationMatrix":[0.343112826,0.939294219,0,-0.939294219,0.343112826,0,0,0,1],"scale":0.739199996,"type":"shrub_d"}
{"pos":[-1028.06995,-244.192993,111.625443],"rotationMatrix":[0.188716769,-0.982031584,0,0.982031584,0.188716769,0,0,0,1],"scale":0.606700003,"type":"shrub_d"}
{"pos":[-1026.21997,-229.903,111.05397],"rotationMatrix":[0.997066259,0.0765432864,0,-0.0765432864,0.997066259,0,0,0,1],"scale":0.840399981,"type":"shrub_d"}
{"pos":[-1000.35999,-217.490005,106.247002],"rotationMatrix":[0.746243119,-0.665673494,0,0.665673494,0.746243119,0,0,0,1],"scale":0.691799998,"type":"shrub_d"}
{"pos":[-1017.96997,-123.209,125.462471],"rotationMatrix":[0.667887449,0.744262278,0,-0.744262278,0.667887449,0,0,0,1],"scale":0.83920002,"type":"shrub_d"}
{"pos":[-1045.35999,-205.770996,119.661415],"rotationMatrix":[0.366061926,-0.93059051,0,0.93059051,0.366061926,0,0,0,1],"scale":0.9903,"type":"shrub_d"}
{"pos":[-1047.12,-198.063995,121.543304],"rotationMatrix":[-0.148824811,-0.988863587,0,0.988863587,-0.148824811,0,0,0,1],"scale":0.995700002,"type":"shrub_d"}
{"pos":[-1042.31006,-217.339996,117.155998],"rotationMatrix":[0.993972063,-0.109633654,0,0.109633654,0.993972063,0,0,0,1],"scale":0.850700021,"type":"shrub_d"}
{"pos":[-1055.13,-148.475006,130.516998],"rotationMatrix":[0.676309347,-0.736617744,0,0.736617744,0.676309347,0,0,0,1],"scale":0.912999988,"type":"shrub_d"}
{"pos":[-1051.56006,-145.214005,131.302292],"rotationMatrix":[0.856351972,0.516392589,0,-0.516392589,0.856351972,0,0,0,1],"scale":0.927299976,"type":"shrub_d"}
{"pos":[-1049.48999,-144.914001,130.463928],"rotationMatrix":[-0.571764469,-0.820417821,0,0.820417821,-0.571764469,0,0,0,1],"scale":0.6778,"type":"shrub_d"}
{"pos":[-1028.81995,-290.772003,110.786133],"rotationMatrix":[-0.990012527,0.140979424,0,-0.140979424,-0.990012527,0,0,0,1],"scale":0.696799994,"type":"shrub_d"}
{"pos":[-1026.79004,-213.335999,112.661484],"rotationMatrix":[0.189735413,-0.981835246,0,0.981835246,0.189735413,0,0,0,1],"scale":0.931100011,"type":"shrub_d"}
{"pos":[-1026.91003,-3.35649991,168.215546],"rotationMatrix":[-0.420286536,-0.907391429,0,0.907391429,-0.420286536,0,0,0,1],"scale":0.672500014,"type":"shrub_d"}
{"pos":[-1034.94995,-59.7230988,159.550995],"rotationMatrix":[0.34723258,-0.937779069,0,0.937779069,0.34723258,0,0,0,1],"scale":0.536000013,"type":"shrub_d"}
{"pos":[-1059.06006,-25.4332008,176.179993],"rotationMatrix":[0.830405116,0.557160079,0,-0.557160079,0.830405116,0,0,0,1],"scale":0.748600006,"type":"shrub_d"}
{"pos":[-1016.97998,-38.0376015,154.742203],"rotationMatrix":[0.874599695,0.484845728,0,-0.484845728,0.874599695,0,0,0,1],"scale":0.671299994,"type":"shrub_d"}
{"pos":[-1012.44,-26.7080002,157.095169],"rotationMatrix":[0.272058249,-0.96228081,0,0.96228081,0.272058249,0,0,0,1],"scale":0.881099999,"type":"shrub_d"}
{"pos":[-1007.25,-26.6926003,154.246216],"rotationMatrix":[0.359514236,0.933139622,0,-0.933139622,0.359514236,0,0,0,1],"scale":0.808099985,"type":"shrub_d"}
{"pos":[-28.2399998,529.846008,74.780899],"rotationMatrix":[0.755279899,0.655402362,0,-0.655402362,0.755279899,0,0,0,1],"scale":0.553799987,"type":"shrub_d"}
{"pos":[-144.162003,604.182983,74.3877029],"rotationMatrix":[-0.216799855,-0.976216078,0,0.976216078,-0.216799855,0,0,0,1],"scale":0.691999972,"type":"shrub_d"}
{"pos":[-154.362,600.327026,74.4300003],"rotationMatrix":[0.984862089,0.173339739,0,-0.173339739,0.984862089,0,0,0,1],"scale":0.842000008,"type":"shrub_d"}
{"pos":[-214.264008,569.479004,74.9196014],"rotationMatrix":[0.246989965,0.969018042,0,-0.969018042,0.246989965,0,0,0,1],"scale":0.859399974,"type":"shrub_d"}
{"pos":[-235.103836,518.953796,74.719101],"rotationMatrix":[-0.999200225,0.0399863794,0,-0.0399863794,-0.999200225,0,0,0,1],"scale":0.925999999,"type":"shrub_d"}
{"pos":[-222.251434,518.538879,74.7490005],"rotationMatrix":[-0.722367883,0.691508949,0,-0.691508949,-0.722367883,0,0,0,1],"scale":0.848999977,"type":"shrub_d"}
{"pos":[-215.195999,523.270691,74.9244003],"rotationMatrix":[0.452314258,-0.891858637,0,0.891858637,0.452314258,0,0,0,1],"scale":0.669700027,"type":"shrub_d"}
{"pos":[-213.929993,560.307983,74.9253998],"rotationMatrix":[0.255067825,0.966923177,0,-0.966923177,0.255067825,0,0,0,1],"scale":0.867200017,"type":"shrub_d"}
{"pos":[-214.197998,550.484985,74.8062973],"rotationMatrix":[-0.202180266,-0.979348302,0,0.979348302,-0.202180266,0,0,0,1],"scale":0.987699986,"type":"shrub_d"}
{"pos":[-279.006989,573.166016,75.0675964],"rotationMatrix":[0.165109634,-0.986275196,0,0.986275196,0.165109634,0,0,0,1],"scale":0.850000024,"type":"shrub_d"}
{"pos":[-280.553009,568.005005,74.9162979],"rotationMatrix":[0.667398334,-0.744700909,0,0.744700909,0.667398334,0,0,0,1],"scale":0.649999976,"type":"shrub_d"}
{"pos":[-278.518005,611.156982,74.9786987],"rotationMatrix":[-0.966541052,-0.256511986,0,0.256511986,-0.966541052,0,0,0,1],"scale":0.629400015,"type":"shrub_d"}
{"pos":[-297.46701,594.20697,75.1127014],"rotationMatrix":[-0.333671212,0.942689538,0,-0.942689538,-0.333671212,0,0,0,1],"scale":0.737299979,"type":"shrub_d"}
{"pos":[-251.667007,578.187988,75.0202026],"rotationMatrix":[0.997081518,0.0763442591,0,-0.0763442591,0.997081518,0,0,0,1],"scale":0.601300001,"type":"shrub_d"}
{"pos":[-251.604004,535.010986,74.9824982],"rotationMatrix":[0.649045587,0.760749519,0,-0.760749519,0.649045587,0,0,0,1],"scale":0.546700001,"type":"shrub_d"}
{"pos":[-256.03299,536.349976,75.1433029],"rotationMatrix":[-0.890345573,-0.45528537,0,0.45528537,-0.890345573,0,0,0,1],"scale":0.64139998,"type":"shrub_d"}
{"pos":[-437.451996,670.953979,87.2398987],"rotationMatrix":[-0.991608858,-0.129274413,0,0.129274413,-0.991608858,0,0,0,1],"scale":0.770699978,"type":"shrub_d"}
{"pos":[-439.747986,673.11499,87.2507019],"rotationMatrix":[-0.91570735,-0.401845813,0,0.401845813,-0.91570735,0,0,0,1],"scale":0.569599986,"type":"shrub_d"}
{"pos":[-478.230988,670.844971,78.3473969],"rotationMatrix":[-0.991209626,0.132300705,0,-0.132300705,-0.991209626,0,0,0,1],"scale":0.857500017,"type":"shrub_d"}
{"pos":[-464.312012,690.484985,87.6281967],"rotationMatrix":[0.513901949,0.857848942,0,-0.857848942,0.513901949,0,0,0,1],"scale":0.701399982,"type":"shrub_d"}
{"pos":[-380.490997,615.01001,87.3748016],"rotationMatrix":[0.779020548,0.626998365,0,-0.626998365,0.779020548,0,0,0,1],"scale":0.734399974,"type":"shrub_d"}
{"pos":[-86.6947021,349.181,106.985001],"rotationMatrix":[0.953548431,-0.301239759,0,0.301239759,0.953548431,0,0,0,1],"scale":1.09350002,"type":"shrub_d"}
{"pos":[-83.5859985,348.25,106.806999],"rotationMatrix":[0.660511971,-0.750815511,0,0.750815511,0.660511971,0,0,0,1],"scale":1.29770005,"type":"shrub_d"}
{"pos":[-121.822998,347.942993,101.064003],"rotationMatrix":[-0.970906496,-0.239458919,0,0.239458919,-0.970906496,0,0,0,1],"scale":0.999000013,"type":"shrub_d"}
{"pos":[-103.313004,343.174011,106.723999],"rotationMatrix":[0.649882913,0.760034323,0,-0.760034323,0.649882913,0,0,0,1],"scale":0.697700024,"type":"shrub_d"}
{"pos":[-117.932999,315.471985,107.443001],"rotationMatrix":[-0.916490436,-0.400056601,0,0.400056601,-0.916490436,0,0,0,1],"scale":0.720099986,"type":"shrub_d"}
{"pos":[-54.2425003,344.855988,114.667],"rotationMatrix":[0.685575485,0.728001535,0,-0.728001535,0.685575485,0,0,0,1],"scale":0.532999992,"type":"shrub_d"}
{"pos":[-104.567001,305.764008,114.129997],"rotationMatrix":[-0.963765502,-0.266750932,0,0.266750932,-0.963765502,0,0,0,1],"scale":0.868200004,"type":"shrub_d"}
{"pos":[-169.682999,444.105988,75.3122025],"rotationMatrix":[-0.073112607,-0.997323692,0,0.997323692,-0.073112607,0,0,0,1],"scale":0.965900004,"type":"shrub_d"}
{"pos":[-169.959,462.781006,74.5419006],"rotationMatrix":[-0.891123533,-0.453760773,0,0.453760773,-0.891123533,0,0,0,1],"scale":0.73210001,"type":"shrub_d"}
{"pos":[-170.595993,464.472992,74.6576996],"rotationMatrix":[-0.248200059,0.968708813,0,-0.968708813,-0.248200059,0,0,0,1],"scale":0.558799982,"type":"shrub_d"}
{"pos":[-172.792999,474.917999,76.2712021],"rotationMatrix":[0.575510979,0.817794025,0,-0.817794025,0.575510979,0,0,0,1],"scale":0.521899998,"type":"shrub_d"}
{"pos":[-175.565002,465.446014,76.5402985],"rotationMatrix":[0.838233232,-0.545311868,0,0.545311868,0.838233232,0,0,0,1],"scale":0.515999973,"type":"shrub_d"}
{"pos":[-178.703995,455.648987,76.9116974],"rotationMatrix":[0.677434921,0.735582709,0,-0.735582709,0.677434921,0,0,0,1],"scale":0.604799986,"type":"shrub_d"}
{"pos":[-169.078003,433.806,77.7170029],"rotationMatrix":[-0.991608858,0.129274413,0,-0.129274413,-0.991608858,0,0,0,1],"scale":0.8477,"type":"shrub_d"}
{"pos":[-198.373001,473.781006,74.6921997],"rotationMatrix":[0.829938889,0.557854295,0,-0.557854295,0.829938889,0,0,0,1],"scale":0.966199994,"type":"shrub_d"}
{"pos":[-198.076004,461.006012,75.1048965],"rotationMatrix":[0.687633872,0.726057589,0,-0.726057589,0.687633872,0,0,0,1],"scale":0.709100008,"type":"shrub_d"}
{"pos":[-192.490997,433.484985,78.1513977],"rotationMatrix":[0.117410898,0.993083417,0,-0.993083417,0.117410898,0,0,0,1],"scale":0.832799971,"type":"shrub_d"}
{"pos":[-134.046997,346.684998,98.1271973],"rotationMatrix":[0.537662745,0.843159974,0,-0.843159974,0.537662745,0,0,0,1],"scale":0.643599987,"type":"shrub_d"}
{"pos":[-153.929993,291.290009,98.0102997],"rotationMatrix":[0.833996773,0.551769316,0,-0.551769316,0.833996773,0,0,0,1],"scale":0.943799973,"type":"shrub_d"}
{"pos":[-155.580994,287.993988,98.3472977],"rotationMatrix":[0.989048004,0.147594199,0,-0.147594199,0.989048004,0,0,0,1],"scale":0.935800016,"type":"shrub_d"}
{"pos":[-149.858002,297.411011,97.9308014],"rotationMatrix":[-0.677745581,0.735296488,0,-0.735296488,-0.677745581,0,0,0,1],"scale":0.529299974,"type":"shrub_d"}
{"pos":[-11.4251003,196.427002,125.762001],"rotationMatrix":[0.882387519,-0.470523387,0,0.470523387,0.882387519,0,0,0,1],"scale":0.869199991,"type":"shrub_d"}
{"pos":[-16.8045998,149.684998,126.790001],"rotationMatrix":[-0.099347949,-0.995052755,0,0.995052755,-0.099347949,0,0,0,1],"scale":0.529100001,"type":"shrub_d"}
{"pos":[-9.24540043,157.106995,126.421997],"rotationMatrix":[-0.54036355,0.841431677,0,-0.841431677,-0.54036355,0,0,0,1],"scale":0.938399971,"type":"shrub_d"}
{"pos":[-84.3158035,110.030998,125.883003],"rotationMatrix":[0.539007902,0.842300713,0,-0.842300713,0.539007902,0,0,0,1],"scale":0.624899983,"type":"shrub_d"}
{"pos":[-93.0922852,106.113403,125.797997],"rotationMatrix":[-0.650744557,0.759296715,0,-0.759296715,-0.650744557,0,0,0,1],"scale":0.88440001,"type":"shrub_d"}
{"pos":[-23.7651005,102.760002,123.838997],"rotationMatrix":[-0.536504507,-0.843897462,0,0.843897462,-0.536504507,0,0,0,1],"scale":0.642099977,"type":"shrub_d"}
{"pos":[-367.432007,395.639008,98.6688004],"rotationMatrix":[-0.566095948,-0.82433933,0,0.82433933,-0.566095948,0,0,0,1],"scale":0.623899996,"type":"shrub_d"}
{"pos":[-358.066986,386.891998,99.513298],"rotationMatrix":[0.398734093,-0.917066574,0,0.917066574,0.398734093,0,0,0,1],"scale":0.606100023,"type":"shrub_d"}
{"pos":[-365.006012,393.410004,98.7210007],"rotationMatrix":[-0.945575356,0.325403214,0,-0.325403214,-0.945575356,0,0,0,1],"scale":0.727599978,"type":"shrub_d"}
{"pos":[-341,455.834015,90.3289032],"rotationMatrix":[0.71875,0.695268631,0,-0.695268631,0.71875,0,0,0,1],"scale":0.761300027,"type":"shrub_d"}
{"pos":[-344.471985,369.229004,101.495003],"rotationMatrix":[0.986910343,-0.161269888,0,0.161269888,0.986910343,0,0,0,1],"scale":0.646200001,"type":"shrub_d"}
{"pos":[-340.550995,364.306,101.404999],"rotationMatrix":[-0.678478479,0.734620273,0,-0.734620273,-0.678478479,0,0,0,1],"scale":0.694500029,"type":"shrub_d"}
{"pos":[-383.18399,411.019989,96.9655991],"rotationMatrix":[-0.736875296,0.676028669,0,-0.676028669,-0.736875296,0,0,0,1],"scale":0.525900006,"type":"shrub_d"}
{"pos":[-393.722992,407.959991,102.380997],"rotationMatrix":[0.63448751,-0.772933125,0,0.772933125,0.63448751,0,0,0,1],"scale":0.603100002,"type":"shrub_d"}
{"pos":[-400.714996,273.144012,101.514],"rotationMatrix":[0.0637407303,-0.997966468,0,0.997966468,0.0637407303,0,0,0,1],"scale":0.509000003,"type":"shrub_d"}
{"pos":[-345.859924,198.372787,103.429001],"rotationMatrix":[0.262130499,0.965032458,0,-0.965032458,0.262130499,0,0,0,1],"scale":0.587400019,"type":"shrub_d"}
{"pos":[-348.326721,194.172714,103.041],"rotationMatrix":[-0.547744155,-0.836645901,0,0.836645901,-0.547744155,0,0,0,1],"scale":0.577400029,"type":"shrub_d"}
{"pos":[-490.536011,233.319,101.611],"rotationMatrix":[-0.956242085,-0.292576611,0,0.292576611,-0.956242085,0,0,0,1],"scale":1.01170003,"type":"shrub_d"}
{"pos":[-472.671997,215.639008,101.389999],"rotationMatrix":[-0.681777954,-0.731559157,0,0.731559157,-0.681777954,0,0,0,1],"scale":1.26970005,"type":"shrub_d"}
{"pos":[-499.19101,174.649994,100.651611],"rotationMatrix":[0.907893658,-0.419200569,0,0.419200569,0.907893658,0,0,0,1],"scale":0.932500005,"type":"shrub_d"}
{"pos":[-411.006012,11.1029997,106.217003],"rotationMatrix":[-0.0255984068,-0.999672294,0,0.999672294,-0.0255984068,0,0,0,1],"scale":1.14300001,"type":"shrub_d"}
{"pos":[-424.747986,11.7402,103.439003],"rotationMatrix":[-0.790210366,-0.612835705,0,0.612835705,-0.790210366,0,0,0,1],"scale":1.24399996,"type":"shrub_d"}
{"pos":[-442.201721,91.9985886,98.6490021],"rotationMatrix":[-0.221307307,-0.97520411,0,0.97520411,-0.221307307,0,0,0,0.999999881],"scale":0.861899972,"type":"shrub_d"}
{"pos":[-448.52301,0.64139998,101.116997],"rotationMatrix":[-0.86824441,-0.496136725,0,0.496136725,-0.86824441,0,0,0,1],"scale":1.07980001,"type":"shrub_d"}
{"pos":[-438.859985,7.62230015,101.775002],"rotationMatrix":[0.413555622,-0.91047883,0,0.91047883,0.413555622,0,0,0,1],"scale":1.03059995,"type":"shrub_d"}
{"pos":[-589.352173,789.348022,74.4828033],"rotationMatrix":[0.999631763,0.0271337405,0,-0.0271337405,0.999631763,0,0,0,0.999999881],"scale":0.390633166,"type":"shrub_d"}
{"pos":[-525.776978,737.28302,74.9744034],"rotationMatrix":[0.464801311,0.885415018,0,-0.885415018,0.464801311,0,0,0,1],"scale":0.977599978,"type":"shrub_d"}
{"pos":[-525.487,729.801025,75.6535034],"rotationMatrix":[-0.527752042,0.849398494,0,-0.849398494,-0.527752042,0,0,0,1],"scale":0.868499994,"type":"shrub_d"}
{"pos":[-542.95697,713.53302,79.1457977],"rotationMatrix":[-0.56503427,-0.825067461,0,0.825067461,-0.56503427,0,0,0,1],"scale":0.708800018,"type":"shrub_d"}
{"pos":[-545.629028,710.755981,80.0514984],"rotationMatrix":[-0.970906496,0.239458919,0,-0.239458919,-0.970906496,0,0,0,1],"scale":0.503000021,"type":"shrub_d"}
{"pos":[-563.392029,747.052979,74.7714005],"rotationMatrix":[-0.440922856,0.89754498,0,-0.89754498,-0.440922856,0,0,0,1],"scale":0.569700003,"type":"shrub_d"}
{"pos":[-718.552979,672.096985,103.241997],"rotationMatrix":[0.171558142,-0.985174,0,0.985174,0.171558142,0,0,0,1],"scale":0.820599973,"type":"shrub_d"}
{"pos":[-699.185974,677.02002,103.181999],"rotationMatrix":[-0.326820374,0.945086479,0,-0.945086479,-0.326820374,0,0,0,1],"scale":0.614400029,"type":"shrub_d"}
{"pos":[-625.179016,641.304993,97.850502],"rotationMatrix":[0.998789668,0.0491853543,0,-0.0491853543,0.998789668,0,0,0,1],"scale":0.623000026,"type":"shrub_d"}
{"pos":[-646.473999,647.724976,97.6880035],"rotationMatrix":[-0.764568925,-0.644541979,0,0.644541979,-0.764568925,0,0,0,1],"scale":0.938799977,"type":"shrub_d"}
{"pos":[-654.161987,647.247986,98.0571976],"rotationMatrix":[-0.394116044,-0.919060707,0,0.919060707,-0.394116044,0,0,0,1],"scale":0.648400009,"type":"shrub_d"}
{"pos":[-678.484009,637.062988,105.720001],"rotationMatrix":[-0.214305282,-0.976766706,0,0.976766706,-0.214305282,0,0,0,1],"scale":0.656000018,"type":"shrub_d"}
{"pos":[-679.987976,635.554016,105.773003],"rotationMatrix":[-0.848195434,-0.529683411,0,0.529683411,-0.848195434,0,0,0,1],"scale":0.665300012,"type":"shrub_d"}
{"pos":[-680.109009,637.864014,105.658997],"rotationMatrix":[-0.785671949,-0.618643343,0,0.618643343,-0.785671949,0,0,0,1],"scale":0.654100001,"type":"shrub_d"}
{"pos":[-690.309021,635.38501,105.721001],"rotationMatrix":[0.995638132,-0.0932990313,0,0.0932990313,0.995638132,0,0,0,1],"scale":0.705900013,"type":"shrub_d"}
{"pos":[-692.450012,634.52002,105.857002],"rotationMatrix":[0.158895493,0.987295389,0,-0.987295389,0.158895493,0,0,0,1],"scale":0.593699992,"type":"shrub_d"}
{"pos":[-702.30603,633.854004,105.568001],"rotationMatrix":[0.699532509,-0.714600801,0,0.714600801,0.699532509,0,0,0,1],"scale":0.997900009,"type":"shrub_d"}
