{"pos":[-71.1967163,-860.158875,125.19487],"rotationMatrix":[0.852882028,-0.522103608,0,0.522103608,0.852882028,0,0,0,1],"scale":1,"type":"wall_wood1"}
{"pos":[-72.6974945,-862.612305,126.286514],"rotationMatrix":[0.852882028,-0.522103608,0,0.522103608,0.852882028,0,0,0,1],"scale":1,"type":"wall_wood1"}
{"pos":[-74.2718048,-865.184875,127.134903],"rotationMatrix":[0.852882028,-0.522103608,0,0.522103608,0.852882028,0,0,0,1],"scale":1,"type":"wall_wood1"}
{"pos":[-80.2010422,-875.109741,131.154861],"rotationMatrix":[0.886011124,-0.463663995,0,0.463663995,0.886011124,0,0,0,1],"scale":1,"type":"wall_wood1"}
{"pos":[-78.8383255,-872.659851,130.619034],"rotationMatrix":[0.852882028,-0.522103608,0,0.522103608,0.852882028,0,0,0,1],"scale":1,"type":"wall_wood1"}
{"pos":[-77.3165283,-870.173035,129.402023],"rotationMatrix":[0.852882028,-0.522103608,0,0.522103608,0.852882028,0,0,0,1],"scale":1,"type":"wall_wood1"}
{"pos":[-75.7560196,-867.626404,128.085205],"rotationMatrix":[0.852882028,-0.522103608,0,0.522103608,0.852882028,0,0,0,1],"scale":1,"type":"wall_wood1"}
{"pos":[-81.6090927,-877.792603,131.506424],"rotationMatrix":[0.886011124,-0.463663995,0,0.463663995,0.886011124,0,0,0,1],"scale":1,"type":"wall_wood1"}
{"pos":[-83.0066147,-880.437866,131.549118],"rotationMatrix":[0.886011124,-0.463663995,0,0.463663995,0.886011124,0,0,0,1],"scale":1,"type":"wall_wood1"}
{"pos":[-84.3651962,-883.030945,131.568359],"rotationMatrix":[0.886011124,-0.463663995,0,0.463663995,0.886011124,0,0,0,1],"scale":1,"type":"wall_wood1"}
{"pos":[-85.7770081,-885.735535,131.585709],"rotationMatrix":[0.886011124,-0.463663995,0,0.463663995,0.886011124,0,0,0,1],"scale":1,"type":"wall_wood1"}
{"pos":[-101.002258,-914.773499,132.113007],"rotationMatrix":[0.886011124,-0.463663995,0,0.463663995,0.886011124,0,0,0,1],"scale":1,"type":"wall_wood1"}
{"pos":[-99.5904541,-912.068848,132.122375],"rotationMatrix":[0.886011124,-0.463663995,0,0.463663995,0.886011124,0,0,0,1],"scale":1,"type":"wall_wood1"}
{"pos":[-98.2318726,-909.475769,132.115692],"rotationMatrix":[0.886011124,-0.463663995,0,0.463663995,0.886011124,0,0,0,1],"scale":1,"type":"wall_wood1"}
{"pos":[-96.8343506,-906.803406,132.108444],"rotationMatrix":[0.886011124,-0.463663995,0,0.463663995,0.886011124,0,0,0,1],"scale":1,"type":"wall_wood1"}
{"pos":[-91.2659988,-896.180603,131.641785],"rotationMatrix":[0.886011124,-0.463663995,0,0.463663995,0.886011124,0,0,0,1],"scale":1,"type":"wall_wood1"}
{"pos":[-92.6520004,-898.826294,131.628067],"rotationMatrix":[0.886011124,-0.463663995,0,0.463663995,0.886011124,0,0,0,1],"scale":1,"type":"wall_wood1"}
{"pos":[-94.0034103,-901.409668,131.627762],"rotationMatrix":[0.886011124,-0.463663995,0,0.463663995,0.886011124,0,0,0,1],"scale":1,"type":"wall_wood1"}
{"pos":[-95.4263,-904.120605,132.101837],"rotationMatrix":[0.886011124,-0.463663995,0,0.463663995,0.886011124,0,0,0,1],"scale":1,"type":"wall_wood1"}
{"pos":[-89.87603,-893.524109,131.908279],"rotationMatrix":[0.886011124,-0.463663995,0,0.463663995,0.886011124,0,0,0,1],"scale":1,"type":"wall_wood1"}
{"pos":[-88.4913788,-890.878479,131.939209],"rotationMatrix":[0.886011124,-0.463663995,0,0.463663995,0.886011124,0,0,0,1],"scale":1,"type":"wall_wood1"}
{"pos":[-87.158699,-888.329834,131.690323],"rotationMatrix":[0.886011124,-0.463663995,0,0.463663995,0.886011124,0,0,0,1],"scale":1,"type":"wall_wood1"}
{"pos":[-103.105255,-916.69043,131.935852],"rotationMatrix":[0.390208185,-0.920726657,0,0.920726657,0.390208185,0,0,0,1],"scale":1,"type":"wall_wood1"}
{"pos":[-105.752975,-917.813599,131.820724],"rotationMatrix":[0.390208185,-0.920726657,0,0.920726657,0.390208185,0,0,0,1],"scale":1,"type":"wall_wood1"}
{"pos":[-108.529701,-918.990845,131.686111],"rotationMatrix":[0.390208185,-0.920726657,0,0.920726657,0.390208185,0,0,0,1],"scale":1,"type":"wall_wood1"}
{"pos":[-114.040565,-921.325134,131.405624],"rotationMatrix":[0.390208185,-0.920726657,0,0.920726657,0.390208185,0,0,0,1],"scale":1,"type":"wall_wood1"}
{"pos":[-111.2901,-920.160889,131.539078],"rotationMatrix":[0.390208185,-0.920726657,0,0.920726657,0.390208185,0,0,0,1],"scale":1,"type":"wall_wood1"}
{"pos":[-127.808418,-927.151855,131.533768],"rotationMatrix":[0.390208185,-0.920726657,0,0.920726657,0.390208185,0,0,0,1],"scale":1,"type":"wall_wood1"}
{"pos":[-130.616333,-928.345337,131.762146],"rotationMatrix":[0.390208185,-0.920726657,0,0.920726657,0.390208185,0,0,0,1],"scale":1,"type":"wall_wood1"}
{"pos":[-161.342407,-918.21405,132.567169],"rotationMatrix":[-0.34107554,-0.940035999,0,0.940035999,-0.34107554,0,0,0,1],"scale":1,"type":"wall_wood1"}
{"pos":[-158.487915,-919.249878,132.500351],"rotationMatrix":[-0.34107554,-0.940035999,0,0.940035999,-0.34107554,0,0,0,1],"scale":1,"type":"wall_wood1"}
{"pos":[-155.758301,-920.240295,132.437225],"rotationMatrix":[-0.34107554,-0.940035999,0,0.940035999,-0.34107554,0,0,0,1],"scale":1,"type":"wall_wood1"}
{"pos":[-152.95105,-921.25885,132.373047],"rotationMatrix":[-0.34107554,-0.940035999,0,0.940035999,-0.34107554,0,0,0,1],"scale":1,"type":"wall_wood1"}
{"pos":[-141.743225,-925.330261,132.123672],"rotationMatrix":[-0.34107554,-0.940035999,0,0.940035999,-0.34107554,0,0,0,1],"scale":1,"type":"wall_wood1"}
{"pos":[-144.550415,-924.311584,132.185135],"rotationMatrix":[-0.34107554,-0.940035999,0,0.940035999,-0.34107554,0,0,0,1],"scale":1,"type":"wall_wood1"}
{"pos":[-147.28009,-923.321167,132.245682],"rotationMatrix":[-0.34107554,-0.940035999,0,0.940035999,-0.34107554,0,0,0,1],"scale":1,"type":"wall_wood1"}
{"pos":[-150.134583,-922.285217,132.309723],"rotationMatrix":[-0.34107554,-0.940035999,0,0.940035999,-0.34107554,0,0,0,1],"scale":1,"type":"wall_wood1"}
{"pos":[-138.908997,-926.35022,132.061401],"rotationMatrix":[-0.34107554,-0.940035999,0,0.940035999,-0.34107554,0,0,0,1],"scale":1,"type":"wall_wood1"}
{"pos":[-136.054382,-927.386169,132.000549],"rotationMatrix":[-0.34107554,-0.940035999,0,0.940035999,-0.34107554,0,0,0,1],"scale":1,"type":"wall_wood1"}
{"pos":[-133.324768,-928.376465,131.943176],"rotationMatrix":[-0.34107554,-0.940035999,0,0.940035999,-0.34107554,0,0,0,1],"scale":1,"type":"wall_wood1"}
{"pos":[-164.113098,-917.098267,132.619293],"rotationMatrix":[-0.397569418,-0.917572081,0,0.917572081,-0.397569418,0,0,0,1],"scale":1,"type":"wall_wood1"}
{"pos":[-166.777466,-915.943909,132.660172],"rotationMatrix":[-0.397569418,-0.917572081,0,0.917572081,-0.397569418,0,0,0,1],"scale":1,"type":"wall_wood1"}
{"pos":[-169.563843,-914.736389,132.703613],"rotationMatrix":[-0.397569418,-0.917572081,0,0.917572081,-0.397569418,0,0,0,1],"scale":1,"type":"wall_wood1"}
{"pos":[-180.521698,-909.996765,133.083679],"rotationMatrix":[-0.397569418,-0.917572081,0,0.917572081,-0.397569418,0,0,0,1],"scale":1,"type":"wall_wood1"}
{"pos":[-177.735413,-911.204102,132.842789],"rotationMatrix":[-0.397569418,-0.917572081,0,0.917572081,-0.397569418,0,0,0,1],"scale":1,"type":"wall_wood1"}
{"pos":[-175.070984,-912.358582,132.792328],"rotationMatrix":[-0.397569418,-0.917572081,0,0.917572081,-0.397569418,0,0,0,1],"scale":1,"type":"wall_wood1"}
{"pos":[-172.330872,-913.546082,132.748489],"rotationMatrix":[-0.397569418,-0.917572081,0,0.917572081,-0.397569418,0,0,0,1],"scale":1,"type":"wall_wood1"}
{"pos":[-183.27063,-908.801025,133.025055],"rotationMatrix":[-0.397569418,-0.917572081,0,0.917572081,-0.397569418,0,0,0,1],"scale":1,"type":"wall_wood1"}
{"pos":[-186.010727,-907.61377,132.980637],"rotationMatrix":[-0.397569418,-0.917572081,0,0.917572081,-0.397569418,0,0,0,1],"scale":1,"type":"wall_wood1"}
{"pos":[-188.67511,-906.459351,133.020004],"rotationMatrix":[-0.397569418,-0.917572081,0,0.917572081,-0.397569418,0,0,0,1],"scale":1,"type":"wall_wood1"}
{"pos":[-191.461426,-905.251953,133.068787],"rotationMatrix":[-0.397569418,-0.917572081,0,0.917572081,-0.397569418,0,0,0,1],"scale":1,"type":"wall_wood1"}
{"pos":[-220.808395,-890.596375,133.643295],"rotationMatrix":[-0.449130893,-0.893465877,0,0.893465877,-0.449130893,0,0,0,1],"scale":1,"type":"wall_wood1"}
{"pos":[-218.095322,-891.960327,133.592972],"rotationMatrix":[-0.449130893,-0.893465877,0,0.893465877,-0.449130893,0,0,0,1],"scale":1,"type":"wall_wood1"}
{"pos":[-215.500916,-893.264648,133.413376],"rotationMatrix":[-0.449130893,-0.893465877,0,0.893465877,-0.449130893,0,0,0,1],"scale":1,"type":"wall_wood1"}
{"pos":[-212.832794,-894.605896,133.350571],"rotationMatrix":[-0.449130893,-0.893465877,0,0.893465877,-0.449130893,0,0,0,1],"scale":1,"type":"wall_wood1"}
{"pos":[-202.180679,-899.965576,133.212784],"rotationMatrix":[-0.449130893,-0.893465877,0,0.893465877,-0.449130893,0,0,0,1],"scale":1,"type":"wall_wood1"}
{"pos":[-204.848846,-898.624023,133.244904],"rotationMatrix":[-0.449130893,-0.893465877,0,0.893465877,-0.449130893,0,0,0,1],"scale":1,"type":"wall_wood1"}
{"pos":[-207.443268,-897.320007,133.283264],"rotationMatrix":[-0.449130893,-0.893465877,0,0.893465877,-0.449130893,0,0,0,1],"scale":1,"type":"wall_wood1"}
{"pos":[-210.156342,-895.956055,133.335251],"rotationMatrix":[-0.449130893,-0.893465877,0,0.893465877,-0.449130893,0,0,0,1],"scale":1,"type":"wall_wood1"}
{"pos":[-199.485901,-901.311401,133.156021],"rotationMatrix":[-0.449130893,-0.893465877,0,0.893465877,-0.449130893,0,0,0,1],"scale":1,"type":"wall_wood1"}
{"pos":[-196.772766,-902.675415,133.129807],"rotationMatrix":[-0.449130893,-0.893465877,0,0.893465877,-0.449130893,0,0,0,1],"scale":1,"type":"wall_wood1"}
{"pos":[-194.178406,-903.979614,133.105286],"rotationMatrix":[-0.449130893,-0.893465877,0,0.893465877,-0.449130893,0,0,0,1],"scale":1,"type":"wall_wood1"}
{"pos":[-223.47818,-889.23877,133.76532],"rotationMatrix":[-0.456055403,-0.889951408,0,0.889951408,-0.456055403,0,0,0,1],"scale":1,"type":"wall_wood1"}
{"pos":[-226.062393,-887.914429,133.847214],"rotationMatrix":[-0.456055403,-0.889951408,0,0.889951408,-0.456055403,0,0,0,1],"scale":1,"type":"wall_wood1"}
{"pos":[-228.764908,-886.529419,133.926926],"rotationMatrix":[-0.456055403,-0.889951408,0,0.889951408,-0.456055403,0,0,0,1],"scale":1,"type":"wall_wood1"}
{"pos":[-239.393387,-881.091492,134.159348],"rotationMatrix":[-0.456055403,-0.889951408,0,0.889951408,-0.456055403,0,0,0,1],"scale":1,"type":"wall_wood1"}
{"pos":[-236.690994,-882.47644,134.018158],"rotationMatrix":[-0.456055403,-0.889951408,0,0.889951408,-0.456055403,0,0,0,1],"scale":1,"type":"wall_wood1"}
{"pos":[-234.106766,-883.800598,133.93454],"rotationMatrix":[-0.456055403,-0.889951408,0,0.889951408,-0.456055403,0,0,0,1],"scale":1,"type":"wall_wood1"}
{"pos":[-231.449097,-885.162842,133.884949],"rotationMatrix":[-0.456055403,-0.889951408,0,0.889951408,-0.456055403,0,0,0,1],"scale":1,"type":"wall_wood1"}
{"pos":[-242.059265,-879.72052,134.319733],"rotationMatrix":[-0.456055403,-0.889951408,0,0.889951408,-0.456055403,0,0,0,1],"scale":1,"type":"wall_wood1"}
{"pos":[-244.716904,-878.358643,134.38826],"rotationMatrix":[-0.456055403,-0.889951408,0,0.889951408,-0.456055403,0,0,0,1],"scale":1,"type":"wall_wood1"}
{"pos":[-247.301117,-877.03418,134.450485],"rotationMatrix":[-0.456055403,-0.889951408,0,0.889951408,-0.456055403,0,0,0,1],"scale":1,"type":"wall_wood1"}
{"pos":[-250.00351,-875.649231,134.667526],"rotationMatrix":[-0.456055403,-0.889951408,0,0.889951408,-0.456055403,0,0,0,1],"scale":1,"type":"wall_wood1"}
{"pos":[-278.713257,-859.781006,135.104416],"rotationMatrix":[-0.485088348,-0.874465227,0,0.874465227,-0.485088348,0,0,0,1],"scale":1,"type":"wall_wood1"}
{"pos":[-276.057922,-861.25415,135.061783],"rotationMatrix":[-0.485088348,-0.874465227,0,0.874465227,-0.485088348,0,0,0,1],"scale":1,"type":"wall_wood1"}
{"pos":[-273.518677,-862.662842,135.040253],"rotationMatrix":[-0.485088348,-0.874465227,0,0.874465227,-0.485088348,0,0,0,1],"scale":1,"type":"wall_wood1"}
{"pos":[-270.907257,-864.11145,134.989258],"rotationMatrix":[-0.485088348,-0.874465227,0,0.874465227,-0.485088348,0,0,0,1],"scale":1,"type":"wall_wood1"}
{"pos":[-260.481903,-869.899902,134.767807],"rotationMatrix":[-0.485088348,-0.874465227,0,0.874465227,-0.485088348,0,0,0,1],"scale":1,"type":"wall_wood1"}
{"pos":[-263.093323,-868.450928,134.818893],"rotationMatrix":[-0.485088348,-0.874465227,0,0.874465227,-0.485088348,0,0,0,1],"scale":1,"type":"wall_wood1"}
{"pos":[-265.632568,-867.04248,134.878296],"rotationMatrix":[-0.485088348,-0.874465227,0,0.874465227,-0.485088348,0,0,0,1],"scale":1,"type":"wall_wood1"}
{"pos":[-268.287933,-865.569397,134.937454],"rotationMatrix":[-0.485088348,-0.874465227,0,0.874465227,-0.485088348,0,0,0,1],"scale":1,"type":"wall_wood1"}
{"pos":[-257.844116,-871.354065,134.731552],"rotationMatrix":[-0.485088348,-0.874465227,0,0.874465227,-0.485088348,0,0,0,1],"scale":1,"type":"wall_wood1"}
{"pos":[-255.188644,-872.827209,134.697372],"rotationMatrix":[-0.485088348,-0.874465227,0,0.874465227,-0.485088348,0,0,0,1],"scale":1,"type":"wall_wood1"}
{"pos":[-252.649414,-874.23584,134.699142],"rotationMatrix":[-0.485088348,-0.874465227,0,0.874465227,-0.485088348,0,0,0,1],"scale":1,"type":"wall_wood1"}
{"pos":[-281.340424,-858.321533,135.148605],"rotationMatrix":[-0.485088348,-0.874465227,0,0.874465227,-0.485088348,0,0,0,1],"scale":1,"type":"wall_wood1"}
{"pos":[-283.879639,-856.913025,135.184738],"rotationMatrix":[-0.485088348,-0.874465227,0,0.874465227,-0.485088348,0,0,0,1],"scale":1,"type":"wall_wood1"}
{"pos":[-286.535065,-855.43988,135.209991],"rotationMatrix":[-0.485088348,-0.874465227,0,0.874465227,-0.485088348,0,0,0,1],"scale":1,"type":"wall_wood1"}
{"pos":[-296.978912,-849.655212,135.353745],"rotationMatrix":[-0.485088348,-0.874465227,0,0.874465227,-0.485088348,0,0,0,1],"scale":1,"type":"wall_wood1"}
{"pos":[-294.323547,-851.128235,135.304291],"rotationMatrix":[-0.485088348,-0.874465227,0,0.874465227,-0.485088348,0,0,0,1],"scale":1,"type":"wall_wood1"}
{"pos":[-291.784302,-852.536682,135.264175],"rotationMatrix":[-0.485088348,-0.874465227,0,0.874465227,-0.485088348,0,0,0,1],"scale":1,"type":"wall_wood1"}
{"pos":[-289.172852,-853.985596,135.232269],"rotationMatrix":[-0.485088348,-0.874465227,0,0.874465227,-0.485088348,0,0,0,1],"scale":1,"type":"wall_wood1"}
{"pos":[-299.598206,-848.197144,135.399612],"rotationMatrix":[-0.485088348,-0.874465227,0,0.874465227,-0.485088348,0,0,0,1],"scale":1,"type":"wall_wood1"}
{"pos":[-302.209625,-846.748535,135.438339],"rotationMatrix":[-0.485088348,-0.874465227,0,0.874465227,-0.485088348,0,0,0,1],"scale":1,"type":"wall_wood1"}
{"pos":[-304.748901,-845.339905,135.485718],"rotationMatrix":[-0.485088348,-0.874465227,0,0.874465227,-0.485088348,0,0,0,1],"scale":1,"type":"wall_wood1"}
{"pos":[-307.404236,-843.866821,135.53038],"rotationMatrix":[-0.485088348,-0.874465227,0,0.874465227,-0.485088348,0,0,0,1],"scale":1,"type":"wall_wood1"}
{"pos":[-138.637451,-772.859985,122.618439],"rotationMatrix":[-0.906398058,-0.422424614,0,0.422424614,-0.906398058,0,0,0,1],"scale":1,"type":"wall_wood1"}
{"pos":[-139.917435,-770.113159,122.359772],"rotationMatrix":[-0.906398058,-0.422424614,0,0.422424614,-0.906398058,0,0,0,1],"scale":1,"type":"wall_wood1"}
{"pos":[-141.184418,-767.399048,122.293274],"rotationMatrix":[-0.906398058,-0.422424614,0,0.422424614,-0.906398058,0,0,0,1],"scale":1,"type":"wall_wood1"}
{"pos":[-146.581955,-760.138794,121.944595],"rotationMatrix":[-0.778682828,-0.627417803,0,0.627417803,-0.778682828,0,0,0,1],"scale":1,"type":"wall_wood1"}
{"pos":[-144.701172,-762.470032,122.682419],"rotationMatrix":[-0.778682828,-0.627417803,0,0.627417803,-0.778682828,0,0,0,1],"scale":1,"type":"wall_wood1"}
{"pos":[-142.799973,-764.829773,122.282181],"rotationMatrix":[-0.778682828,-0.627417803,0,0.627417803,-0.778682828,0,0,0,1],"scale":1,"type":"wall_wood1"}
{"pos":[-149.039246,-758.668762,122.037872],"rotationMatrix":[-0.173083663,-0.984907091,0,0.984907091,-0.173083663,0,0,0,1],"scale":1,"type":"wall_wood1"}
{"pos":[-152.023727,-758.144226,123.034851],"rotationMatrix":[-0.173083663,-0.984907091,0,0.984907091,-0.173083663,0,0,0,1],"scale":1,"type":"wall_wood1"}
{"pos":[-154.974182,-757.627625,124.14547],"rotationMatrix":[-0.173083663,-0.984907091,0,0.984907091,-0.173083663,0,0,0,1],"scale":1,"type":"wall_wood1"}
{"pos":[-128.524536,-784.879456,122.034386],"rotationMatrix":[-0.773031473,-0.634367466,0,0.634367466,-0.773031473,0,0,0,1],"scale":1,"type":"wall_wood1"}
{"pos":[-130.418915,-782.570862,122.072777],"rotationMatrix":[-0.773031473,-0.634367466,0,0.634367466,-0.773031473,0,0,0,1],"scale":1,"type":"wall_wood1"}
{"pos":[-132.260956,-780.326172,122.273735],"rotationMatrix":[-0.773031473,-0.634367466,0,0.634367466,-0.773031473,0,0,0,1],"scale":1,"type":"wall_wood1"}
{"pos":[-134.187271,-777.97876,122.17794],"rotationMatrix":[-0.773031473,-0.634367466,0,0.634367466,-0.773031473,0,0,0,1],"scale":1,"type":"wall_wood1"}
{"pos":[-137.98558,-773.359375,122.84481],"rotationMatrix":[-0.771336436,-0.636427641,0,0.636427641,-0.771336436,0,0,0,1],"scale":1,"type":"wall_wood1"}
{"pos":[-136.085068,-775.662842,122.41497],"rotationMatrix":[-0.771336436,-0.636427641,0,0.636427641,-0.771336436,0,0,0,1],"scale":1,"type":"wall_wood1"}
{"pos":[-121.009674,-794.121765,122.116722],"rotationMatrix":[-0.776238561,-0.630439222,0,0.630439222,-0.776238561,0,0,0,1],"scale":1,"type":"wall_wood1"}
{"pos":[-122.892319,-791.803528,122.134789],"rotationMatrix":[-0.776238561,-0.630439222,0,0.630439222,-0.776238561,0,0,0,1],"scale":1,"type":"wall_wood1"}
{"pos":[-124.722977,-789.549622,122.256401],"rotationMatrix":[-0.776238561,-0.630439222,0,0.630439222,-0.776238561,0,0,0,1],"scale":1,"type":"wall_wood1"}
{"pos":[-126.637375,-787.192322,122.143974],"rotationMatrix":[-0.776238561,-0.630439222,0,0.630439222,-0.776238561,0,0,0,1],"scale":1,"type":"wall_wood1"}
{"pos":[-119.129852,-796.452209,122.23159],"rotationMatrix":[-0.7779181,-0.628365636,0,0.628365636,-0.7779181,0,0,0,1],"scale":1,"type":"wall_wood1"}
{"pos":[-117.221779,-798.814453,122.178215],"rotationMatrix":[-0.7779181,-0.628365636,0,0.628365636,-0.7779181,0,0,0,1],"scale":1,"type":"wall_wood1"}
{"pos":[-115.397141,-801.073364,122.209496],"rotationMatrix":[-0.7779181,-0.628365636,0,0.628365636,-0.7779181,0,0,0,1],"scale":1,"type":"wall_wood1"}
{"pos":[-113.520699,-803.396545,122.317436],"rotationMatrix":[-0.7779181,-0.628365636,0,0.628365636,-0.7779181,0,0,0,1],"scale":1,"type":"wall_wood1"}
{"pos":[-106.031288,-812.67572,122.697929],"rotationMatrix":[-0.7779181,-0.628365636,0,0.628365636,-0.7779181,0,0,0,1],"scale":1,"type":"wall_wood1"}
{"pos":[-107.90773,-810.352417,122.604668],"rotationMatrix":[-0.7779181,-0.628365636,0,0.628365636,-0.7779181,0,0,0,1],"scale":1,"type":"wall_wood1"}
{"pos":[-109.732338,-808.093506,122.509941],"rotationMatrix":[-0.7779181,-0.628365636,0,0.628365636,-0.7779181,0,0,0,1],"scale":1,"type":"wall_wood1"}
{"pos":[-111.64045,-805.731323,122.41259],"rotationMatrix":[-0.7779181,-0.628365636,0,0.628365636,-0.7779181,0,0,0,1],"scale":1,"type":"wall_wood1"}
{"pos":[-104.132492,-815.013977,122.790977],"rotationMatrix":[-0.7779181,-0.628365636,0,0.628365636,-0.7779181,0,0,0,1],"scale":1,"type":"wall_wood1"}
{"pos":[-102.224434,-817.376282,122.893211],"rotationMatrix":[-0.7779181,-0.628365636,0,0.628365636,-0.7779181,0,0,0,1],"scale":1,"type":"wall_wood1"}
{"pos":[-100.399803,-819.635132,122.984367],"rotationMatrix":[-0.7779181,-0.628365636,0,0.628365636,-0.7779181,0,0,0,1],"scale":1,"type":"wall_wood1"}
{"pos":[-593.95166,-501.668823,118.10759],"rotationMatrix":[-0.998472452,0.0552516505,0,-0.0552516505,-0.998472452,0,0,0,1],"scale":1,"type":"wall_wood1"}
{"pos":[-594.118652,-504.688293,118.10759],"rotationMatrix":[-0.998472452,0.0552516505,0,-0.0552516505,-0.998472452,0,0,0,1],"scale":1,"type":"wall_wood1"}
{"pos":[-593.619141,-495.659851,118.10759],"rotationMatrix":[-0.998472452,0.0552516505,0,-0.0552516505,-0.998472452,0,0,0,1],"scale":1,"type":"wall_wood1"}
{"pos":[-593.786133,-498.679321,118.10759],"rotationMatrix":[-0.998472452,0.0552516505,0,-0.0552516505,-0.998472452,0,0,0,1],"scale":1,"type":"wall_wood1"}
{"pos":[-592.854492,-506.391144,118.643936],"rotationMatrix":[-0.105180025,-0.994453192,0,0.994453192,-0.105180025,0,0,0,1],"scale":1,"type":"wall_wood1"}
{"pos":[-589.847168,-506.709198,119.650574],"rotationMatrix":[-0.105180025,-0.994453192,0,0.994453192,-0.105180025,0,0,0,1],"scale":1,"type":"wall_wood1"}
{"pos":[-583.858643,-507.34256,120.971794],"rotationMatrix":[-0.105180025,-0.994453192,0,0.994453192,-0.105180025,0,0,0,1],"scale":1,"type":"wall_wood1"}
{"pos":[-586.865967,-507.024506,120.971794],"rotationMatrix":[-0.105180025,-0.994453192,0,0.994453192,-0.105180025,0,0,0,1],"scale":1,"type":"wall_wood1"}
{"pos":[-574.892639,-508.290863,120.971794],"rotationMatrix":[-0.105180025,-0.994453192,0,0.994453192,-0.105180025,0,0,0,1],"scale":1,"type":"wall_wood1"}
{"pos":[-571.885315,-508.608917,120.971794],"rotationMatrix":[-0.105180025,-0.994453192,0,0.994453192,-0.105180025,0,0,0,1],"scale":1,"type":"wall_wood1"}
{"pos":[-577.87384,-507.975555,120.971794],"rotationMatrix":[-0.105180025,-0.994453192,0,0.994453192,-0.105180025,0,0,0,1],"scale":1,"type":"wall_wood1"}
{"pos":[-580.881165,-507.657501,120.971794],"rotationMatrix":[-0.105180025,-0.994453192,0,0.994453192,-0.105180025,0,0,0,1],"scale":1,"type":"wall_wood1"}
{"pos":[-568.907349,-508.92392,120.971794],"rotationMatrix":[-0.105180025,-0.994453192,0,0.994453192,-0.105180025,0,0,0,1],"scale":1,"type":"wall_wood1"}
{"pos":[-565.900024,-509.241974,120.971794],"rotationMatrix":[-0.105180025,-0.994453192,0,0.994453192,-0.105180025,0,0,0,1],"scale":1,"type":"wall_wood1"}
{"pos":[-559.911499,-509.875336,120.971794],"rotationMatrix":[-0.105180025,-0.994453192,0,0.994453192,-0.105180025,0,0,0,1],"scale":1,"type":"wall_wood1"}
{"pos":[-562.918823,-509.557281,120.971794],"rotationMatrix":[-0.105180025,-0.994453192,0,0.994453192,-0.105180025,0,0,0,1],"scale":1,"type":"wall_wood1"}
{"pos":[-557.128174,-510.814392,121.401917],"rotationMatrix":[-0.514782071,-0.857321084,0,0.857321084,-0.514782071,0,0,0,1],"scale":1,"type":"wall_wood1"}
{"pos":[-554.535583,-512.371094,121.401917],"rotationMatrix":[-0.514782071,-0.857321084,0,0.857321084,-0.514782071,0,0,0,1],"scale":1,"type":"wall_wood1"}
{"pos":[-544.195435,-518.579895,121.401917],"rotationMatrix":[-0.514782071,-0.857321084,0,0.857321084,-0.514782071,0,0,0,1],"scale":1,"type":"wall_wood1"}
{"pos":[-546.788025,-517.023193,121.401917],"rotationMatrix":[-0.514782071,-0.857321084,0,0.857321084,-0.514782071,0,0,0,1],"scale":1,"type":"wall_wood1"}
{"pos":[-551.961365,-513.916809,121.401917],"rotationMatrix":[-0.514782071,-0.857321084,0,0.857321084,-0.514782071,0,0,0,1],"scale":1,"type":"wall_wood1"}
{"pos":[-549.368713,-515.473511,121.401917],"rotationMatrix":[-0.514782071,-0.857321084,0,0.857321084,-0.514782071,0,0,0,1],"scale":1,"type":"wall_wood1"}
{"pos":[-539.523132,-522.340881,122.690887],"rotationMatrix":[-0.663653493,-0.74804014,0,0.74804014,-0.663653493,0,0,0,1],"scale":1,"type":"wall_wood1"}
{"pos":[-541.785339,-520.333984,122.690887],"rotationMatrix":[-0.663653493,-0.74804014,0,0.74804014,-0.663653493,0,0,0,1],"scale":1,"type":"wall_wood1"}
{"pos":[-537.271423,-524.338684,122.690887],"rotationMatrix":[-0.663653493,-0.74804014,0,0.74804014,-0.663653493,0,0,0,1],"scale":1,"type":"wall_wood1"}
{"pos":[-535.009277,-526.345581,122.690887],"rotationMatrix":[-0.663653493,-0.74804014,0,0.74804014,-0.663653493,0,0,0,1],"scale":1,"type":"wall_wood1"}
{"pos":[-525.997437,-534.340759,124.377457],"rotationMatrix":[-0.663653493,-0.74804014,0,0.74804014,-0.663653493,0,0,0,1],"scale":1,"type":"wall_wood1"}
{"pos":[-528.259583,-532.333862,123.799194],"rotationMatrix":[-0.663653493,-0.74804014,0,0.74804014,-0.663653493,0,0,0,1],"scale":1,"type":"wall_wood1"}
{"pos":[-532.773499,-528.329163,123.124557],"rotationMatrix":[-0.663653493,-0.74804014,0,0.74804014,-0.663653493,0,0,0,1],"scale":1,"type":"wall_wood1"}
{"pos":[-530.511292,-530.33606,123.702827],"rotationMatrix":[-0.663653493,-0.74804014,0,0.74804014,-0.663653493,0,0,0,1],"scale":1,"type":"wall_wood1"}
{"pos":[-521.203979,-537.991638,125.293037],"rotationMatrix":[-0.585714698,-0.810517311,0,0.810517311,-0.585714698,0,0,0,1],"scale":1,"type":"wall_wood1"}
{"pos":[-523.65509,-536.220459,124.714767],"rotationMatrix":[-0.585714698,-0.810517311,0,0.810517311,-0.585714698,0,0,0,1],"scale":1,"type":"wall_wood1"}
{"pos":[-518.76416,-539.754822,125.389397],"rotationMatrix":[-0.585714698,-0.810517311,0,0.810517311,-0.585714698,0,0,0,1],"scale":1,"type":"wall_wood1"}
{"pos":[-516.31311,-541.526001,125.389397],"rotationMatrix":[-0.585714698,-0.810517311,0,0.810517311,-0.585714698,0,0,0,1],"scale":1,"type":"wall_wood1"}
{"pos":[-505.66391,-547.13147,126.623657],"rotationMatrix":[-0.448650837,-0.893707156,0,0.893707156,-0.448650837,0,0,0,1],"scale":1,"type":"wall_wood1"}
{"pos":[-508.366547,-545.77478,126.623657],"rotationMatrix":[-0.448650837,-0.893707156,0,0.893707156,-0.448650837,0,0,0,1],"scale":1,"type":"wall_wood1"}
{"pos":[-513.759399,-543.067505,126.623657],"rotationMatrix":[-0.448650837,-0.893707156,0,0.893707156,-0.448650837,0,0,0,1],"scale":1,"type":"wall_wood1"}
{"pos":[-511.056732,-544.424194,126.623657],"rotationMatrix":[-0.448650837,-0.893707156,0,0.893707156,-0.448650837,0,0,0,1],"scale":1,"type":"wall_wood1"}
{"pos":[-500.279663,-549.831421,128.063934],"rotationMatrix":[-0.448650837,-0.893707156,0,0.893707156,-0.448650837,0,0,0,1],"scale":1,"type":"wall_wood1"}
{"pos":[-502.9823,-548.474731,128.063934],"rotationMatrix":[-0.448650837,-0.893707156,0,0.893707156,-0.448650837,0,0,0,1],"scale":1,"type":"wall_wood1"}
{"pos":[-497.589447,-551.182007,128.063934],"rotationMatrix":[-0.448650837,-0.893707156,0,0.893707156,-0.448650837,0,0,0,1],"scale":1,"type":"wall_wood1"}
{"pos":[-494.88681,-552.538696,128.063934],"rotationMatrix":[-0.448650837,-0.893707156,0,0.893707156,-0.448650837,0,0,0,1],"scale":1,"type":"wall_wood1"}
{"pos":[-483.194214,-555.278809,128.670364],"rotationMatrix":[-0.195006609,-0.98080188,0,0.98080188,-0.195006609,0,0,0,1],"scale":1,"type":"wall_wood1"}
{"pos":[-486.160217,-554.689148,128.670364],"rotationMatrix":[-0.195006609,-0.98080188,0,0.98080188,-0.195006609,0,0,0,1],"scale":1,"type":"wall_wood1"}
{"pos":[-492.078644,-553.512451,128.670364],"rotationMatrix":[-0.195006609,-0.98080188,0,0.98080188,-0.195006609,0,0,0,1],"scale":1,"type":"wall_wood1"}
{"pos":[-489.11264,-554.102112,128.670364],"rotationMatrix":[-0.195006609,-0.98080188,0,0.98080188,-0.195006609,0,0,0,1],"scale":1,"type":"wall_wood1"}
{"pos":[-477.283905,-556.453979,128.768753],"rotationMatrix":[-0.195006609,-0.98080188,0,0.98080188,-0.195006609,0,0,0,1],"scale":1,"type":"wall_wood1"}
{"pos":[-480.249908,-555.864319,128.768753],"rotationMatrix":[-0.195006609,-0.98080188,0,0.98080188,-0.195006609,0,0,0,1],"scale":1,"type":"wall_wood1"}
{"pos":[-474.331482,-557.041016,128.768753],"rotationMatrix":[-0.195006609,-0.98080188,0,0.98080188,-0.195006609,0,0,0,1],"scale":1,"type":"wall_wood1"}
{"pos":[-471.365479,-557.630676,128.768753],"rotationMatrix":[-0.195006609,-0.98080188,0,0.98080188,-0.195006609,0,0,0,1],"scale":1,"type":"wall_wood1"}
{"pos":[-459.548981,-559.980042,130.124634],"rotationMatrix":[-0.195006609,-0.98080188,0,0.98080188,-0.195006609,0,0,0,1],"scale":1,"type":"wall_wood1"}
{"pos":[-462.514984,-559.390381,130.124634],"rotationMatrix":[-0.195006609,-0.98080188,0,0.98080188,-0.195006609,0,0,0,1],"scale":1,"type":"wall_wood1"}
{"pos":[-468.433411,-558.213684,130.124634],"rotationMatrix":[-0.195006609,-0.98080188,0,0.98080188,-0.195006609,0,0,0,1],"scale":1,"type":"wall_wood1"}
{"pos":[-465.467407,-558.803345,130.124634],"rotationMatrix":[-0.195006609,-0.98080188,0,0.98080188,-0.195006609,0,0,0,1],"scale":1,"type":"wall_wood1"}
{"pos":[-454.438965,-562.963745,130.124634],"rotationMatrix":[-0.594502687,-0.80409354,0,0.80409354,-0.594502687,0,0,0,1],"scale":1,"type":"wall_wood1"}
{"pos":[-456.870605,-561.165955,130.124634],"rotationMatrix":[-0.594502687,-0.80409354,0,0.80409354,-0.594502687,0,0,0,1],"scale":1,"type":"wall_wood1"}
{"pos":[-452.018463,-564.753296,130.124634],"rotationMatrix":[-0.594502687,-0.80409354,0,0.80409354,-0.594502687,0,0,0,1],"scale":1,"type":"wall_wood1"}
{"pos":[-449.586823,-566.551086,130.124634],"rotationMatrix":[-0.594502687,-0.80409354,0,0.80409354,-0.594502687,0,0,0,1],"scale":1,"type":"wall_wood1"}
{"pos":[-439.862335,-573.740845,130.124634],"rotationMatrix":[-0.594502687,-0.80409354,0,0.80409354,-0.594502687,0,0,0,1],"scale":1,"type":"wall_wood1"}
{"pos":[-442.293976,-571.943054,130.124634],"rotationMatrix":[-0.594502687,-0.80409354,0,0.80409354,-0.594502687,0,0,0,1],"scale":1,"type":"wall_wood1"}
{"pos":[-447.146118,-568.355713,130.124634],"rotationMatrix":[-0.594502687,-0.80409354,0,0.80409354,-0.594502687,0,0,0,1],"scale":1,"type":"wall_wood1"}
{"pos":[-444.714478,-570.153503,130.124634],"rotationMatrix":[-0.594502687,-0.80409354,0,0.80409354,-0.594502687,0,0,0,1],"scale":1,"type":"wall_wood1"}
{"pos":[-434.994141,-577.340149,130.635941],"rotationMatrix":[-0.594502687,-0.80409354,0,0.80409354,-0.594502687,0,0,0,1],"scale":1,"type":"wall_wood1"}
{"pos":[-437.425781,-575.542358,130.635941],"rotationMatrix":[-0.594502687,-0.80409354,0,0.80409354,-0.594502687,0,0,0,1],"scale":1,"type":"wall_wood1"}
{"pos":[-432.573639,-579.1297,130.635941],"rotationMatrix":[-0.594502687,-0.80409354,0,0.80409354,-0.594502687,0,0,0,1],"scale":1,"type":"wall_wood1"}
{"pos":[-430.141998,-580.92749,130.635941],"rotationMatrix":[-0.594502687,-0.80409354,0,0.80409354,-0.594502687,0,0,0,1],"scale":1,"type":"wall_wood1"}
{"pos":[-422.961975,-590.5849,130.635941],"rotationMatrix":[-0.826324344,-0.563194633,0,0.563194633,-0.826324344,0,0,0,1],"scale":1,"type":"wall_wood1"}
{"pos":[-424.665131,-588.08606,130.635941],"rotationMatrix":[-0.826324344,-0.563194633,0,0.563194633,-0.826324344,0,0,0,1],"scale":1,"type":"wall_wood1"}
{"pos":[-428.063629,-583.099792,130.635941],"rotationMatrix":[-0.826324344,-0.563194633,0,0.563194633,-0.826324344,0,0,0,1],"scale":1,"type":"wall_wood1"}
{"pos":[-426.360474,-585.598633,130.635941],"rotationMatrix":[-0.826324344,-0.563194633,0,0.563194633,-0.826324344,0,0,0,1],"scale":1,"type":"wall_wood1"}
{"pos":[-419.562439,-595.572754,131.458786],"rotationMatrix":[-0.826324344,-0.563194633,0,0.563194633,-0.826324344,0,0,0,1],"scale":1,"type":"wall_wood1"}
{"pos":[-421.265594,-593.073914,131.458786],"rotationMatrix":[-0.826324344,-0.563194633,0,0.563194633,-0.826324344,0,0,0,1],"scale":1,"type":"wall_wood1"}
{"pos":[-417.867096,-598.060181,131.458786],"rotationMatrix":[-0.826324344,-0.563194633,0,0.563194633,-0.826324344,0,0,0,1],"scale":1,"type":"wall_wood1"}
{"pos":[-416.16394,-600.559021,131.458786],"rotationMatrix":[-0.826324344,-0.563194633,0,0.563194633,-0.826324344,0,0,0,1],"scale":1,"type":"wall_wood1"}
{"pos":[-407.417297,-608.819092,131.649307],"rotationMatrix":[-0.665418744,-0.746470332,0,0.746470332,-0.665418744,0,0,0,1],"scale":1,"type":"wall_wood1"}
{"pos":[-409.674683,-606.806824,131.649307],"rotationMatrix":[-0.665418744,-0.746470332,0,0.746470332,-0.665418744,0,0,0,1],"scale":1,"type":"wall_wood1"}
{"pos":[-414.179108,-602.791504,131.649307],"rotationMatrix":[-0.665418744,-0.746470332,0,0.746470332,-0.665418744,0,0,0,1],"scale":1,"type":"wall_wood1"}
{"pos":[-411.921722,-604.803772,131.649307],"rotationMatrix":[-0.665418744,-0.746470332,0,0.746470332,-0.665418744,0,0,0,1],"scale":1,"type":"wall_wood1"}
{"pos":[-402.908875,-612.838013,131.88559],"rotationMatrix":[-0.665418744,-0.746470332,0,0.746470332,-0.665418744,0,0,0,1],"scale":1,"type":"wall_wood1"}
{"pos":[-405.16626,-610.825745,131.88559],"rotationMatrix":[-0.665418744,-0.746470332,0,0.746470332,-0.665418744,0,0,0,1],"scale":1,"type":"wall_wood1"}
{"pos":[-400.661835,-614.841064,131.88559],"rotationMatrix":[-0.665418744,-0.746470332,0,0.746470332,-0.665418744,0,0,0,1],"scale":1,"type":"wall_wood1"}
{"pos":[-398.404449,-616.853333,131.88559],"rotationMatrix":[-0.665418744,-0.746470332,0,0.746470332,-0.665418744,0,0,0,1],"scale":1,"type":"wall_wood1"}
{"pos":[-389.403687,-624.87677,131.88559],"rotationMatrix":[-0.665418744,-0.746470332,0,0.746470332,-0.665418744,0,0,0,1],"scale":1,"type":"wall_wood1"}
{"pos":[-391.661072,-622.864502,131.88559],"rotationMatrix":[-0.665418744,-0.746470332,0,0.746470332,-0.665418744,0,0,0,1],"scale":1,"type":"wall_wood1"}
{"pos":[-396.165497,-618.849182,131.88559],"rotationMatrix":[-0.665418744,-0.746470332,0,0.746470332,-0.665418744,0,0,0,1],"scale":1,"type":"wall_wood1"}
{"pos":[-393.908112,-620.86145,131.88559],"rotationMatrix":[-0.665418744,-0.746470332,0,0.746470332,-0.665418744,0,0,0,1],"scale":1,"type":"wall_wood1"}
{"pos":[-384.90506,-628.886963,131.88559],"rotationMatrix":[-0.665418744,-0.746470332,0,0.746470332,-0.665418744,0,0,0,1],"scale":1,"type":"wall_wood1"}
{"pos":[-387.162445,-626.874695,131.88559],"rotationMatrix":[-0.665418744,-0.746470332,0,0.746470332,-0.665418744,0,0,0,1],"scale":1,"type":"wall_wood1"}
{"pos":[-382.65802,-630.890015,131.88559],"rotationMatrix":[-0.665418744,-0.746470332,0,0.746470332,-0.665418744,0,0,0,1],"scale":1,"type":"wall_wood1"}
{"pos":[-380.400635,-632.902283,131.88559],"rotationMatrix":[-0.665418744,-0.746470332,0,0.746470332,-0.665418744,0,0,0,1],"scale":1,"type":"wall_wood1"}
{"pos":[-375.40155,-643.670593,129.995377],"rotationMatrix":[-0.929893017,-0.367830068,0,0.367830068,-0.929893017,0,0,0,1],"scale":1,"type":"wall_wood1"}
{"pos":[-376.507599,-640.87439,130.455612],"rotationMatrix":[-0.929893017,-0.367830068,0,0.367830068,-0.929893017,0,0,0,1],"scale":1,"type":"wall_wood1"}
{"pos":[-377.615448,-638.073608,131.178818],"rotationMatrix":[-0.929893017,-0.367830068,0,0.367830068,-0.929893017,0,0,0,1],"scale":1,"type":"wall_wood1"}
{"pos":[-378.715729,-635.292236,131.88559],"rotationMatrix":[-0.929893017,-0.367830068,0,0.367830068,-0.929893017,0,0,0,1],"scale":1,"type":"wall_wood1"}
{"pos":[-373.796112,-646.111084,130.01181],"rotationMatrix":[-0.691812277,-0.722077489,0,0.722077489,-0.691812277,0,0,0,1],"scale":1,"type":"wall_wood1"}
{"pos":[-371.636292,-648.180298,130.01181],"rotationMatrix":[-0.691812277,-0.722077489,0,0.722077489,-0.691812277,0,0,0,1],"scale":1,"type":"wall_wood1"}
{"pos":[-369.461456,-650.263977,130.01181],"rotationMatrix":[-0.691812277,-0.722077489,0,0.722077489,-0.691812277,0,0,0,1],"scale":1,"type":"wall_wood1"}
{"pos":[-367.290192,-652.344299,130.01181],"rotationMatrix":[-0.691812277,-0.722077489,0,0.722077489,-0.691812277,0,0,0,1],"scale":1,"type":"wall_wood1"}
{"pos":[-358.614655,-660.65625,130.321152],"rotationMatrix":[-0.691812277,-0.722077489,0,0.722077489,-0.691812277,0,0,0,1],"scale":1,"type":"wall_wood1"}
{"pos":[-360.785919,-658.575928,130.321152],"rotationMatrix":[-0.691812277,-0.722077489,0,0.722077489,-0.691812277,0,0,0,1],"scale":1,"type":"wall_wood1"}
{"pos":[-362.960754,-656.492249,130.321152],"rotationMatrix":[-0.691812277,-0.722077489,0,0.722077489,-0.691812277,0,0,0,1],"scale":1,"type":"wall_wood1"}
{"pos":[-365.120575,-654.423035,130.321152],"rotationMatrix":[-0.691812277,-0.722077489,0,0.722077489,-0.691812277,0,0,0,1],"scale":1,"type":"wall_wood1"}
{"pos":[-356.4599,-662.720703,131.191345],"rotationMatrix":[-0.691812277,-0.722077489,0,0.722077489,-0.691812277,0,0,0,1],"scale":1,"type":"wall_wood1"}
{"pos":[-354.300079,-664.789917,131.191345],"rotationMatrix":[-0.691812277,-0.722077489,0,0.722077489,-0.691812277,0,0,0,1],"scale":1,"type":"wall_wood1"}
{"pos":[-352.125244,-666.873596,131.191345],"rotationMatrix":[-0.691812277,-0.722077489,0,0.722077489,-0.691812277,0,0,0,1],"scale":1,"type":"wall_wood1"}
{"pos":[-349.953979,-668.953918,131.191345],"rotationMatrix":[-0.691812277,-0.722077489,0,0.722077489,-0.691812277,0,0,0,1],"scale":1,"type":"wall_wood1"}
{"pos":[-341.292603,-677.252258,131.191345],"rotationMatrix":[-0.691812277,-0.722077489,0,0.722077489,-0.691812277,0,0,0,1],"scale":1,"type":"wall_wood1"}
{"pos":[-343.463867,-675.171936,131.191345],"rotationMatrix":[-0.691812277,-0.722077489,0,0.722077489,-0.691812277,0,0,0,1],"scale":1,"type":"wall_wood1"}
{"pos":[-345.638702,-673.088257,131.191345],"rotationMatrix":[-0.691812277,-0.722077489,0,0.722077489,-0.691812277,0,0,0,1],"scale":1,"type":"wall_wood1"}
{"pos":[-347.798523,-671.019043,131.191345],"rotationMatrix":[-0.691812277,-0.722077489,0,0.722077489,-0.691812277,0,0,0,1],"scale":1,"type":"wall_wood1"}
{"pos":[-339.092804,-679.296143,131.90271],"rotationMatrix":[-0.669585347,-0.742735147,0,0.742735147,-0.669585347,0,0,0,1],"scale":1,"type":"wall_wood1"}
{"pos":[-336.871185,-681.298889,131.90271],"rotationMatrix":[-0.669585347,-0.742735147,0,0.742735147,-0.669585347,0,0,0,1],"scale":1,"type":"wall_wood1"}
{"pos":[-334.634125,-683.315613,131.90271],"rotationMatrix":[-0.669585347,-0.742735147,0,0.742735147,-0.669585347,0,0,0,1],"scale":1,"type":"wall_wood1"}
{"pos":[-332.400757,-685.329102,131.90271],"rotationMatrix":[-0.669585347,-0.742735147,0,0.742735147,-0.669585347,0,0,0,1],"scale":1,"type":"wall_wood1"}
{"pos":[-323.483337,-693.368286,132.542557],"rotationMatrix":[-0.669585347,-0.742735147,0,0.742735147,-0.669585347,0,0,0,1],"scale":1,"type":"wall_wood1"}
{"pos":[-325.716705,-691.354797,132.542557],"rotationMatrix":[-0.669585347,-0.742735147,0,0.742735147,-0.669585347,0,0,0,1],"scale":1,"type":"wall_wood1"}
{"pos":[-327.953766,-689.338074,132.542557],"rotationMatrix":[-0.669585347,-0.742735147,0,0.742735147,-0.669585347,0,0,0,1],"scale":1,"type":"wall_wood1"}
{"pos":[-330.175385,-687.335327,132.542557],"rotationMatrix":[-0.669585347,-0.742735147,0,0.742735147,-0.669585347,0,0,0,1],"scale":1,"type":"wall_wood1"}
{"pos":[-321.253998,-695.378052,133.319565],"rotationMatrix":[-0.669585347,-0.742735147,0,0.742735147,-0.669585347,0,0,0,1],"scale":1,"type":"wall_wood1"}
{"pos":[-319.032379,-697.380798,133.319565],"rotationMatrix":[-0.669585347,-0.742735147,0,0.742735147,-0.669585347,0,0,0,1],"scale":1,"type":"wall_wood1"}
{"pos":[-316.795319,-699.397522,133.319565],"rotationMatrix":[-0.669585347,-0.742735147,0,0.742735147,-0.669585347,0,0,0,1],"scale":1,"type":"wall_wood1"}
{"pos":[-314.561951,-701.411011,133.319565],"rotationMatrix":[-0.669585347,-0.742735147,0,0.742735147,-0.669585347,0,0,0,1],"scale":1,"type":"wall_wood1"}
{"pos":[-305.640442,-709.453857,134.012024],"rotationMatrix":[-0.669585347,-0.742735147,0,0.742735147,-0.669585347,0,0,0,1],"scale":1,"type":"wall_wood1"}
{"pos":[-307.87381,-707.440369,134.012024],"rotationMatrix":[-0.669585347,-0.742735147,0,0.742735147,-0.669585347,0,0,0,1],"scale":1,"type":"wall_wood1"}
{"pos":[-310.11087,-705.423645,134.012024],"rotationMatrix":[-0.669585347,-0.742735147,0,0.742735147,-0.669585347,0,0,0,1],"scale":1,"type":"wall_wood1"}
{"pos":[-312.332489,-703.420898,134.012024],"rotationMatrix":[-0.669585347,-0.742735147,0,0.742735147,-0.669585347,0,0,0,1],"scale":1,"type":"wall_wood1"}
{"pos":[-301.234497,-711.789917,134.089066],"rotationMatrix":[-0.84404546,-0.530902445,0.0756917298,0.532804608,-0.846216738,0.0059821303,0.0608756915,0.0453781001,0.997113049],"scale":1,"type":"wall_wood1"}
{"pos":[-299.446869,-714.188049,134.089066],"rotationMatrix":[-0.810022235,-0.583800972,0.0551362559,0.584719777,-0.811234593,0.000661632046,0.0443421789,0.0327752009,0.998478353],"scale":1,"type":"wall_wood1"}
{"pos":[-297.646759,-716.602905,134.92775],"rotationMatrix":[-0.80175817,-0.597648442,0,0.597648442,-0.80175817,0,0,0,1],"scale":1,"type":"wall_wood1"}
{"pos":[-295.84967,-719.013733,134.92775],"rotationMatrix":[-0.80175817,-0.597648442,0,0.597648442,-0.80175817,0,0,0,1],"scale":1,"type":"wall_wood1"}
{"pos":[-73.1237488,-855.319336,123.806656],"rotationMatrix":[-0.797923684,-0.602758646,0,0.602758646,-0.797923684,0,0,0,1],"scale":1,"type":"wall_wood1"}
{"pos":[-71.2934189,-857.742371,123.918266],"rotationMatrix":[-0.797923684,-0.602758646,0,0.602758646,-0.797923684,0,0,0,1],"scale":1,"type":"wall_wood1"}
{"pos":[-74.9271622,-852.924744,124.029861],"rotationMatrix":[-0.797923684,-0.602758646,0,0.602758646,-0.797923684,0,0,0,1],"scale":1,"type":"wall_wood1"}
{"pos":[-76.7271347,-850.541809,123.95546],"rotationMatrix":[-0.797923684,-0.602758646,0,0.602758646,-0.797923684,0,0,0,1],"scale":1,"type":"wall_wood1"}
