{"pos":[-85.4403,653.401001,75.4345016],"rotationMatrix":[1,0,0,0,1,0,0,0,1],"scale":1,"type":"wall_wire1"}
{"pos":[-82.4111023,653.401001,75.4345016],"rotationMatrix":[1,0,0,0,1,0,0,0,1],"scale":1,"type":"wall_wire1"}
{"pos":[-76.3705978,653.401001,75.4345016],"rotationMatrix":[1,0,0,0,1,0,0,0,1],"scale":1,"type":"wall_wire1"}
{"pos":[-79.3998032,653.401001,75.4345016],"rotationMatrix":[1,0,0,0,1,0,0,0,1],"scale":1,"type":"wall_wire1"}
{"pos":[-67.3172989,653.401001,75.4345016],"rotationMatrix":[1,0,0,0,1,0,0,0,1],"scale":1,"type":"wall_wire1"}
{"pos":[-64.2881012,653.401001,75.4345016],"rotationMatrix":[1,0,0,0,1,0,0,0,1],"scale":1,"type":"wall_wire1"}
{"pos":[-70.328598,653.401001,75.4345016],"rotationMatrix":[1,0,0,0,1,0,0,0,1],"scale":1,"type":"wall_wire1"}
{"pos":[-73.3579025,653.401001,75.4345016],"rotationMatrix":[1,0,0,0,1,0,0,0,1],"scale":1,"type":"wall_wire1"}
{"pos":[-62.8107986,639.830994,75.4345016],"rotationMatrix":[1.93119049e-05,-1,0,1,1.93119049e-05,0,0,0,1],"scale":1,"type":"wall_wire1"}
{"pos":[-62.8107986,636.802002,75.4345016],"rotationMatrix":[1.93119049e-05,-1,0,1,1.93119049e-05,0,0,0,1],"scale":1,"type":"wall_wire1"}
{"pos":[-62.8107986,630.760986,75.4345016],"rotationMatrix":[1.93119049e-05,-1,0,1,1.93119049e-05,0,0,0,1],"scale":1,"type":"wall_wire1"}
{"pos":[-62.8107986,633.789978,75.4345016],"rotationMatrix":[1.93119049e-05,-1,0,1,1.93119049e-05,0,0,0,1],"scale":1,"type":"wall_wire1"}
{"pos":[-62.8107986,645.872986,75.4345016],"rotationMatrix":[1.93119049e-05,-1,0,1,1.93119049e-05,0,0,0,1],"scale":1,"type":"wall_wire1"}
{"pos":[-62.8107986,642.843994,75.4345016],"rotationMatrix":[1.93119049e-05,-1,0,1,1.93119049e-05,0,0,0,1],"scale":1,"type":"wall_wire1"}
{"pos":[-62.8107986,648.883972,75.4345016],"rotationMatrix":[1.93119049e-05,-1,0,1,1.93119049e-05,0,0,0,1],"scale":1,"type":"wall_wire1"}
{"pos":[-62.8107986,651.913025,75.4345016],"rotationMatrix":[1.93119049e-05,-1,0,1,1.93119049e-05,0,0,0,1],"scale":1,"type":"wall_wire1"}
{"pos":[-62.8107986,627.752991,75.4345016],"rotationMatrix":[1.93119049e-05,-1,0,1,1.93119049e-05,0,0,0,1],"scale":1,"type":"wall_wire1"}
{"pos":[-62.8107986,624.741028,75.4345016],"rotationMatrix":[1.93119049e-05,-1,0,1,1.93119049e-05,0,0,0,1],"scale":1,"type":"wall_wire1"}
{"pos":[-62.8107986,621.711975,75.4345016],"rotationMatrix":[1.93119049e-05,-1,0,1,1.93119049e-05,0,0,0,1],"scale":1,"type":"wall_wire1"}
{"pos":[-62.8107986,618.708008,75.4345016],"rotationMatrix":[1.93119049e-05,-1,0,1,1.93119049e-05,0,0,0,1],"scale":1,"type":"wall_wire1"}
{"pos":[-48.3073006,375.264008,106.148003],"rotationMatrix":[0.80117178,0.59843421,0.000516211265,-0.598434448,0.80117166,0.000458653463,-0.000139099924,-0.000676378841,0.999999762],"scale":1,"type":"wall_wire1"}
{"pos":[-45.9252014,377.084015,106.154999],"rotationMatrix":[0.792374253,0.610035062,0.000519536494,-0.610035241,0.792374134,0.00045488347,-0.000134172398,-0.000677373493,0.999999762],"scale":1,"type":"wall_wire1"}
{"pos":[-43.5634003,378.932007,106.162003],"rotationMatrix":[0.787056565,0.616880596,0.000521503098,-0.616880834,0.787056446,0.000452627428,-0.000131235298,-0.000677948643,0.999999762],"scale":1,"type":"wall_wire1"}
{"pos":[-41.2156982,380.796997,106.167999],"rotationMatrix":[0.782595873,0.622530043,0.000161014439,-0.622530043,0.782595754,0.000460969546,0.000160958167,-0.000460989191,0.999999881],"scale":1,"type":"wall_wire1"}
{"pos":[-38.8793983,382.677002,106.174004],"rotationMatrix":[0.779020548,0.626998365,0.00016233277,-0.626998365,0.779020429,0.000460506941,0.000162276556,-0.00046052676,0.999999881],"scale":1,"type":"wall_wire1"}
{"pos":[-36.5537987,384.570007,106.179001],"rotationMatrix":[0.775817871,0.630956888,0,-0.630956888,0.775817871,0,0,0,1],"scale":1,"type":"wall_wire1"}
{"pos":[-34.2377014,386.473999,106.183998],"rotationMatrix":[0.773266196,0.634081602,0.000116251409,-0.634081602,0.773266077,0.00032510751,0.000116251409,-0.00032510751,1],"scale":1,"type":"wall_wire1"}
{"pos":[-11.3732996,405.869995,106.218002],"rotationMatrix":[0.757930636,0.652334392,-0.000971095986,-0.652334392,0.757931232,0.00036035513,0.000971095986,0.00036035513,0.999999523],"scale":1,"type":"wall_wire1"}
{"pos":[-9.10750008,407.834015,106.219002],"rotationMatrix":[0.757094979,0.65330416,-0.000915340497,-0.65330416,0.757095456,0.000340332073,0.000915340497,0.000340332073,0.999999523],"scale":1,"type":"wall_wire1"}
{"pos":[-6.84429979,409.800995,106.221001],"rotationMatrix":[0.756257653,0.654272974,-0.00112079142,-0.654272974,0.756258368,0.000417537551,0.00112079142,0.000417537551,0.999999285],"scale":1,"type":"wall_wire1"}
{"pos":[-4.58360004,411.769989,106.222],"rotationMatrix":[0.755419135,0.655240774,-0.00119355973,-0.655241191,0.755419731,7.69814942e-05,0.000952080009,0.000723916222,0.999999285],"scale":1,"type":"wall_wire1"}
{"pos":[-2.32509995,413.742004,106.223],"rotationMatrix":[0.754719019,0.656046867,-0.00129361136,-0.656046867,0.754719973,0.000483649928,0.00129361136,0.000483649928,0.999999046],"scale":1,"type":"wall_wire1"}
{"pos":[-0.0688000023,415.71701,106.223999],"rotationMatrix":[0.754018068,0.656852424,-0.00129335304,-0.656852424,0.754019022,0.000484340533,0.00129335304,0.000484340533,0.999999046],"scale":1,"type":"wall_wire1"}
{"pos":[-85.8146973,357.161011,106.165001],"rotationMatrix":[0.969038725,0.246865347,-0.00463138381,-0.246867597,0.969049215,8.85531044e-05,0.0045098993,0.00105752714,0.999989271],"scale":1,"type":"wall_wire1"}
{"pos":[-82.9212036,357.938995,106.155998],"rotationMatrix":[0.962834954,0.27005437,-0.00441398472,-0.27005589,0.96284461,0.000258776068,0.00431986526,0.000942864048,0.999990225],"scale":1,"type":"wall_wire1"}
{"pos":[-80.0521011,358.802002,106.149002],"rotationMatrix":[0.9554708,0.295058221,-0.00402486231,-0.295060158,0.955478668,0.000113500348,0.00387915922,0.00107913022,0.999991894],"scale":1,"type":"wall_wire1"}
{"pos":[-77.2052994,359.734985,106.141998],"rotationMatrix":[0.947050929,0.321063668,-0.00355665665,-0.321063668,0.947057486,0.000586483511,0.00355665665,0.000586483511,0.999993563],"scale":1,"type":"wall_wire1"}
{"pos":[-74.3873978,360.751007,106.137001],"rotationMatrix":[0.937549114,0.34783864,-0.00315148779,-0.34783864,0.93755424,0.000565771072,0.00315148779,0.000565771072,0.999994874],"scale":1,"type":"wall_wire1"}
{"pos":[-71.5982971,361.843994,106.132004],"rotationMatrix":[0.92695713,0.375155628,-0.00295449235,-0.375155628,0.92696166,0.000575204496,0.00295449235,0.000575204496,0.99999547],"scale":1,"type":"wall_wire1"}
{"pos":[-68.843399,363.019012,106.128998],"rotationMatrix":[0.915289402,0.402788937,-0.00252843206,-0.402788937,0.91529274,0.000531733967,0.00252843206,0.000531733967,0.999996662],"scale":1,"type":"wall_wire1"}
{"pos":[-66.1256027,364.278015,106.126999],"rotationMatrix":[0.902580619,0.430515617,-0.00212981342,-0.430515617,0.902583003,0.000481933821,0.00212981342,0.000481933821,0.999997616],"scale":1,"type":"wall_wire1"}
{"pos":[-63.4450989,365.61499,106.125999],"rotationMatrix":[0.888983727,0.45793578,-0.00166221161,-0.457935154,0.888985276,0.000758228009,0.00182490144,8.71327866e-05,0.999998331],"scale":1,"type":"wall_wire1"}
{"pos":[-60.8068008,367.03299,106.126999],"rotationMatrix":[0.874699116,0.484664947,-0.001157964,-0.484664947,0.874699831,0.000299383217,0.00115797145,0.000299354346,0.999999285],"scale":1,"type":"wall_wire1"}
{"pos":[-58.2126999,368.531006,106.128998],"rotationMatrix":[0.859761596,0.510695159,-0.000686241314,-0.510694742,0.859761834,0.000694799935,0.000944835017,-0.000246902462,0.999999523],"scale":1,"type":"wall_wire1"}
{"pos":[-55.6665001,370.108002,106.132004],"rotationMatrix":[0.844429493,0.535666585,-0.000332724681,-0.535666347,0.844429493,0.000605087902,0.000605087902,-0.000332724681,0.999999762],"scale":1,"type":"wall_wire1"}
{"pos":[-53.1691017,371.763,106.136002],"rotationMatrix":[0.828887463,0.55941534,-0.00015524606,-0.559415162,0.828887343,0.000672856404,0.000505087723,-0.000470875239,0.999999762],"scale":1,"type":"wall_wire1"}
{"pos":[-50.7186012,373.484985,106.141998],"rotationMatrix":[0.813949943,0.580934763,0.000511211867,-0.580935001,0.813949823,0.000464219251,-0.000146419712,-0.000674832088,0.999999762],"scale":1,"type":"wall_wire1"}
{"pos":[-82.3863983,251.014008,117.268997],"rotationMatrix":[0.740479946,0.671972513,0.0119321654,-0.672071755,0.740435004,0.00869057793,-0.00299516344,-0.01445447,0.999891043],"scale":1,"type":"wall_wire1"}
{"pos":[-80.1557007,253.024994,117.303001],"rotationMatrix":[0.741201401,0.671180129,0.011735688,-0.671276808,0.741154909,0.00876577664,-0.00281454809,-0.0143751008,0.999892712],"scale":1,"type":"wall_wire1"}
{"pos":[-77.9241028,255.035995,117.335999],"rotationMatrix":[0.741920233,0.67038542,0.011736393,-0.670482159,0.74187386,0.00876483228,-0.00283110747,-0.0143718487,0.999892712],"scale":1,"type":"wall_wire1"}
{"pos":[-75.6925964,257.04599,117.367996],"rotationMatrix":[0.74263978,0.669592917,0.0114653381,-0.669685602,0.742594242,0.00866059214,-0.00271502254,-0.0141098723,0.999896765],"scale":1,"type":"wall_wire1"}
{"pos":[-73.4608002,259.056,117.401001],"rotationMatrix":[0.743358135,0.668798566,0.011276871,-0.668888807,0.743311048,0.00874249917,-0.0025352519,-0.0140417805,0.999898195],"scale":1,"type":"wall_wire1"}
{"pos":[-71.2251968,261.062012,117.432999],"rotationMatrix":[0.744074106,0.668002009,0.0112721873,-0.668092251,0.744027019,0.00874853693,-0.00254277163,-0.0140404208,0.999898195],"scale":1,"type":"wall_wire1"}
{"pos":[-68.9838028,263.062012,117.463997],"rotationMatrix":[0.744790435,0.667206347,0.0110844551,-0.667294264,0.744741917,0.00882458128,-0.00236724131,-0.0139690563,0.999899626],"scale":1,"type":"wall_wire1"}
{"pos":[-66.7425003,265.061005,117.495003],"rotationMatrix":[0.745648384,0.666250527,0.0108967759,-0.666336,0.745598555,0.00889594853,-0.00219768984,-0.013894164,0.999901056],"scale":1,"type":"wall_wire1"}
{"pos":[-64.5014038,267.061005,117.526001],"rotationMatrix":[0.746362448,0.665453732,0.01069842,-0.665536642,0.746311188,0.00897556078,-0.0020115301,-0.0138192121,0.999902487],"scale":1,"type":"wall_wire1"}
{"pos":[-62.2599983,269.059998,117.556999],"rotationMatrix":[0.747075558,0.664656162,0.0105040837,-0.664736629,0.747022867,0.00905863009,-0.00182591658,-0.0137499301,0.999903798],"scale":1,"type":"wall_wire1"}
{"pos":[-60.009201,271.049011,117.585999],"rotationMatrix":[0.747786164,0.663856506,0.0105059426,-0.663937092,0.747733593,0.00905647315,-0.00184344721,-0.0137475906,0.999903798],"scale":1,"type":"wall_wire1"}
{"pos":[-57.7580986,273.036987,117.614998],"rotationMatrix":[0.748497248,0.663057804,0.010305631,-0.663135827,0.748443246,0.00914145261,-0.00165186787,-0.0136763854,0.999905109],"scale":1,"type":"wall_wire1"}
{"pos":[-55.5069008,275.026001,117.642998],"rotationMatrix":[0.74934876,0.662099361,0.0100423219,-0.662173748,0.74929595,0.00902959984,-0.00154617871,-0.0134160807,0.999908805],"scale":1,"type":"wall_wire1"}
{"pos":[-53.2556992,277.014008,117.671997],"rotationMatrix":[0.750057459,0.661299229,0.00985462777,-0.661371231,0.750003457,0.0091040777,-0.00137048541,-0.0133461496,0.999909997],"scale":1,"type":"wall_wire1"}
{"pos":[-50.9995003,278.996002,117.699997],"rotationMatrix":[0.750765204,0.6604985,0.00966069475,-0.660568058,0.750710011,0.00918068271,-0.00118855305,-0.0132740838,0.999911189],"scale":1,"type":"wall_wire1"}
{"pos":[-48.7380981,280.972992,117.725998],"rotationMatrix":[0.75161171,0.659535289,0.00964692701,-0.659604728,0.751556396,0.00919514801,-0.00118568505,-0.01327434,0.999911189],"scale":1,"type":"wall_wire1"}
{"pos":[-46.476799,282.950012,117.752998],"rotationMatrix":[0.752317071,0.658733189,0.00946563296,-0.658800423,0.752260685,0.00926661585,-0.00101639575,-0.0132073965,0.999912262],"scale":1,"type":"wall_wire1"}
{"pos":[-44.2154999,284.925995,117.778999],"rotationMatrix":[0.753162026,0.65776968,0.00927363057,-0.65783453,0.753104687,0.00933189038,-0.000845779956,-0.01312894,0.999913454],"scale":1,"type":"wall_wire1"}
{"pos":[-41.9538994,286.903015,117.805],"rotationMatrix":[0.753865242,0.656966269,0.0090826815,-0.657028735,0.75380671,0.00941711757,-0.000659857527,-0.0130668208,0.999914408],"scale":1,"type":"wall_wire1"}
{"pos":[-39.6819992,288.867004,117.829002],"rotationMatrix":[0.754707456,0.656002223,0.0088187512,-0.656061232,0.754650354,0.00930017699,-0.000554137281,-0.0128045529,0.999917865],"scale":1,"type":"wall_wire1"}
{"pos":[-37.4101982,290.832001,117.852997],"rotationMatrix":[0.755548239,0.655036449,0.00860739872,-0.655092895,0.755490065,0.00938247051,-0.000356943783,-0.0127275549,0.999918938],"scale":1,"type":"wall_wire1"}
{"pos":[-35.1385994,292.796997,117.876999],"rotationMatrix":[0.756247759,0.654230952,0.00843585376,-0.654285312,0.75618875,0.0094491085,-0.000197198169,-0.0126653221,0.999919772],"scale":1,"type":"wall_wire1"}
{"pos":[-32.8666,294.760986,117.901001],"rotationMatrix":[0.7570858,0.653263628,0.00823118817,-0.653315485,0.757025838,0.00952835847,-6.69180463e-06,-0.0125913471,0.999920726],"scale":1,"type":"wall_wire1"}
{"pos":[-30.5890007,296.718994,117.924004],"rotationMatrix":[0.757921457,0.652293801,0.00823602546,-0.652345836,0.757861614,0.00952417776,-2.92054483e-05,-0.0125913154,0.999920726],"scale":1,"type":"wall_wire1"}
{"pos":[-28.3064995,298.67099,117.945999],"rotationMatrix":[0.75861764,0.651486516,0.00803792384,-0.651536047,0.758556843,0.00960547011,0.000160612137,-0.0125238765,0.99992156],"scale":1,"type":"wall_wire1"}
{"pos":[-26.0242996,300.622986,117.967003],"rotationMatrix":[0.759451509,0.650517344,0.00778588094,-0.650563836,0.759392262,0.00948972721,0.000260694243,-0.0122722005,0.99992466],"scale":1,"type":"wall_wire1"}
{"pos":[-23.7416,302.575989,117.988998],"rotationMatrix":[0.760283947,0.649546683,0.00757932663,-0.649590731,0.760223866,0.00956869218,0.000453327026,-0.012198383,0.999925494],"scale":1,"type":"wall_wire1"}
{"pos":[-21.4582996,304.527008,118.010002],"rotationMatrix":[0.761114836,0.648575246,0.00737454696,-0.64861685,0.761054039,0.00964123011,0.000640634215,-0.0121213384,0.999926329],"scale":1,"type":"wall_wire1"}
{"pos":[-19.1648998,306.466003,118.028999],"rotationMatrix":[0.761944294,0.647602618,0.0071940436,-0.647642076,0.761882782,0.00971550215,0.000810766534,-0.0120618371,0.999926925],"scale":1,"type":"wall_wire1"}
{"pos":[-16.8717003,308.404999,118.047997],"rotationMatrix":[0.762772202,0.646629214,0.00701880176,-0.646666527,0.762710094,0.00978210941,0.000972086797,-0.0120003456,0.999927521],"scale":1,"type":"wall_wire1"}
{"pos":[-14.5782003,310.345001,118.067001],"rotationMatrix":[0.76359868,0.645656109,0.00672856392,-0.645690203,0.763538122,0.00968088955,0.00111301057,-0.0117368829,0.999930501],"scale":1,"type":"wall_wire1"}
{"pos":[-12.2849998,312.283997,118.085999],"rotationMatrix":[0.764423609,0.644681096,0.00654669432,-0.644713044,0.764362574,0.00974381808,0.00127760659,-0.011669144,0.999931097],"scale":1,"type":"wall_wire1"}
{"pos":[-9.98449993,314.214996,118.102997],"rotationMatrix":[0.765247107,0.643705249,0.00635600882,-0.643734992,0.765185475,0.00982083194,0.00145819539,-0.0116069485,0.999931574],"scale":1,"type":"wall_wire1"}
{"pos":[-7.67999983,316.140991,118.119003],"rotationMatrix":[0.766069174,0.642728686,0.00614984054,-0.642755985,0.766006947,0.00990320276,0.00165425241,-0.0115393857,0.999932051],"scale":1,"type":"wall_wire1"}
{"pos":[-5.3757,318.066986,118.135002],"rotationMatrix":[0.766889691,0.64175117,0.00597133627,-0.641776383,0.766827106,0.00996411126,0.00181549729,-0.0114736361,0.999932528],"scale":1,"type":"wall_wire1"}
{"pos":[-3.07119989,319.993011,118.151001],"rotationMatrix":[0.767708778,0.640773714,0.00568292756,-0.640795946,0.767647982,0.00985705014,0.0019536505,-0.0112089403,0.999935269],"scale":1,"type":"wall_wire1"}
{"pos":[-0.764900029,321.916992,118.167],"rotationMatrix":[0.768662333,0.639630914,0.00552667864,-0.639651358,0.768601298,0.00990947615,0.00209059427,-0.0111521883,0.999935627],"scale":1,"type":"wall_wire1"}
{"pos":[-58.1216011,251.932007,121.183998],"rotationMatrix":[-0.727569222,-0.686030269,0.00234162831,0.686032116,-0.727571249,-1.99084025e-05,0.00171735929,0.00159194751,0.999997258],"scale":1,"type":"wall_wire1"}
{"pos":[-55.9053001,254.026993,121.177002],"rotationMatrix":[-0.727940798,-0.68563652,0.00218322384,0.685638189,-0.727942467,4.35816255e-05,0.00155938021,0.00152862654,0.999997616],"scale":1,"type":"wall_wire1"}
{"pos":[-53.6871986,256.121002,121.169998],"rotationMatrix":[-0.728684545,-0.684846044,0.00218319986,0.684847713,-0.728686213,4.47664315e-05,0.00156020955,0.00152778008,0.999997616],"scale":1,"type":"wall_wire1"}
{"pos":[-51.4676018,258.213013,121.164001],"rotationMatrix":[-0.729056358,-0.684450209,0.00218318775,0.684451878,-0.729058027,4.53592475e-05,0.00156062434,0.00152735633,0.999997616],"scale":1,"type":"wall_wire1"}
{"pos":[-49.2463989,260.303009,121.156998],"rotationMatrix":[-0.729428291,-0.684053779,0.00218317518,0.684055507,-0.72942996,4.59525945e-05,0.00156103936,0.00152693223,0.999997616],"scale":1,"type":"wall_wire1"}
{"pos":[-47.0233994,262.390991,121.151001],"rotationMatrix":[-0.730172515,-0.683260024,0.00195222942,0.683261454,-0.730173826,5.91077587e-05,0.00138508086,0.00137704192,0.999998093],"scale":1,"type":"wall_wire1"}
{"pos":[-44.7986984,264.477997,121.144997],"rotationMatrix":[-0.7309165,-0.682464123,0.00195219694,0.682465494,-0.730917811,6.01712345e-05,0.00138583081,0.0013762872,0.999998093],"scale":1,"type":"wall_wire1"}
{"pos":[-42.5718002,266.562012,121.139],"rotationMatrix":[-0.731288552,-0.682065606,0.00188839424,0.682066679,-0.731289983,-0.000101205122,0.00144999241,0.00121400063,0.999998212],"scale":1,"type":"wall_wire1"}
{"pos":[-40.3428001,268.644012,121.133003],"rotationMatrix":[-0.732032895,-0.681266665,0.0018884493,0.681267738,-0.732034326,-0.000100174097,0.00145065493,0.00121320889,0.999998212],"scale":1,"type":"wall_wire1"}
{"pos":[-38.1116982,270.723999,121.127998],"rotationMatrix":[-0.732777596,-0.680466115,0.00169131602,0.680467069,-0.732778668,-2.17055131e-05,0.00125413015,0.00113497954,0.999998569],"scale":1,"type":"wall_wire1"}
{"pos":[-35.8778992,272.800995,121.123001],"rotationMatrix":[-0.733894706,-0.679261148,0.00169133325,0.679262102,-0.733895779,-2.03159725e-05,0.00125506218,0.0011339488,0.999998569],"scale":1,"type":"wall_wire1"}
{"pos":[-33.6419983,274.875,121.116997],"rotationMatrix":[-0.734639525,-0.678455532,0.00169134419,0.678456485,-0.734640598,-1.93881351e-05,0.00125568407,0.00113326008,0.999998569],"scale":1,"type":"wall_wire1"}
{"pos":[-31.4022007,276.946014,121.112],"rotationMatrix":[-0.735757232,-0.67724365,0.00153760111,0.677244604,-0.735757947,0.000141304772,0.00103560451,0.00114529801,0.999998808],"scale":1,"type":"wall_wire1"}
{"pos":[-29.1597004,279.013,121.108002],"rotationMatrix":[-0.736875534,-0.676026702,0.00153748388,0.676027656,-0.736876249,0.000142575358,0.00103655062,0.00114444189,0.999998808],"scale":1,"type":"wall_wire1"}
{"pos":[-26.9129009,281.075989,121.102997],"rotationMatrix":[-0.738366723,-0.674397647,0.00153732544,0.674398601,-0.738367438,0.000144273014,0.00103781372,0.0011432966,0.999998808],"scale":1,"type":"wall_wire1"}
{"pos":[-24.6618004,283.134003,121.098999],"rotationMatrix":[-0.740231752,-0.672350764,0.00119260105,0.672351122,-0.740232348,-9.06296482e-05,0.000943736755,0.000734759727,0.999999285],"scale":1,"type":"wall_wire1"}
{"pos":[-22.4048004,285.186005,121.095001],"rotationMatrix":[-0.742097974,-0.670290351,0.00119272585,0.670290768,-0.74209857,-8.89718867e-05,0.000944757136,0.000733447261,0.999999285],"scale":1,"type":"wall_wire1"}
{"pos":[-20.1410007,287.230011,121.092003],"rotationMatrix":[-0.744712234,-0.667384803,0.00108655891,0.66738528,-0.744712591,0.000107155771,0.000737659924,0.000804953626,0.999999404],"scale":1,"type":"wall_wire1"}
{"pos":[-17.8673992,289.264008,121.088997],"rotationMatrix":[-0.748076081,-0.663612247,0.00096396741,0.663612664,-0.74807632,0.000156336027,0.000617374666,0.000756652211,0.999999523],"scale":1,"type":"wall_wire1"}
{"pos":[-15.5819998,291.283997,121.086998],"rotationMatrix":[-0.75331533,-0.657659173,0.000646546949,0.657659173,-0.753315568,-0.000242516297,0.000646546949,0.000242516297,0.999999762],"scale":1,"type":"wall_wire1"}
{"pos":[-13.2728004,293.276001,121.084999],"rotationMatrix":[-0.763066411,-0.646320105,0,0.646320105,-0.763066411,0,0,0,1],"scale":1,"type":"wall_wire1"}
{"pos":[-10.9345999,295.231995,121.086998],"rotationMatrix":[-0.770962238,-0.636878073,-0.00189058343,0.636879146,-0.770963669,4.43823919e-05,-0.00148583727,-0.00116985594,0.999998212],"scale":1,"type":"wall_wire1"}
{"pos":[-8.58699989,297.173004,121.097],"rotationMatrix":[-0.771716237,-0.63594979,-0.00468324916,0.635956883,-0.771724582,-3.95661482e-05,-0.00358901639,-0.00300887856,0.999989033],"scale":1,"type":"wall_wire1"}
{"pos":[-6.23950005,299.114014,121.115997],"rotationMatrix":[-0.771718264,-0.635918438,-0.00765830791,0.635937214,-0.771740794,-2.06946261e-05,-0.00589706842,-0.00488617364,0.999970675],"scale":1,"type":"wall_wire1"}
{"pos":[-3.89179993,301.054993,121.143997],"rotationMatrix":[-0.771721363,-0.635871947,-0.0106304754,0.635908008,-0.771764874,-1.43758662e-05,-0.00819508638,-0.00677109836,0.999943495],"scale":1,"type":"wall_wire1"}
{"pos":[-1.54390001,302.996002,121.18],"rotationMatrix":[-0.771725535,-0.635818183,-0.0132276239,0.635875285,-0.771791816,-0.000146770049,-0.0101156533,-0.00852438528,0.9999125],"scale":1,"type":"wall_wire1"}
{"pos":[-124.327003,212.311996,116.552002],"rotationMatrix":[0.728066564,0.685356975,0.0143130245,-0.685488105,0.728041172,0.00788342021,-0.00501751387,-0.0155510623,0.999866486],"scale":1,"type":"wall_wire1"}
{"pos":[-122.139,214.371002,116.594002],"rotationMatrix":[0.728658199,0.68473196,0.0141195431,-0.684860468,0.728630781,0.00795980636,-0.00483759958,-0.0154698947,0.999868631],"scale":1,"type":"wall_wire1"}
{"pos":[-119.945,216.421997,116.634003],"rotationMatrix":[0.729247093,0.684104741,0.0141198114,-0.684233248,0.729219794,0.00795933139,-0.00485142972,-0.0154655632,0.999868631],"scale":1,"type":"wall_wire1"}
{"pos":[-117.75,218.472,116.674004],"rotationMatrix":[0.729837418,0.683478653,0.0139370905,-0.683604777,0.729808092,0.0080413511,-0.00467530917,-0.0153963408,0.999870539],"scale":1,"type":"wall_wire1"}
{"pos":[-115.554001,220.520996,116.713997],"rotationMatrix":[0.730571985,0.682693541,0.0139327655,-0.682819605,0.73054266,0.00804884266,-0.0046835863,-0.0153938243,0.999870539],"scale":1,"type":"wall_wire1"}
{"pos":[-113.358002,222.570999,116.753998],"rotationMatrix":[0.731160879,0.682066977,0.0137276305,-0.682190299,0.731129408,0.00813431013,-0.00448852964,-0.0153123457,0.999872684],"scale":1,"type":"wall_wire1"}
{"pos":[-111.160004,224.617996,116.792999],"rotationMatrix":[0.73174715,0.681438029,0.0137241315,-0.681561351,0.731715679,0.00814021192,-0.00449511269,-0.0153104151,0.999872684],"scale":1,"type":"wall_wire1"}
{"pos":[-108.956001,226.658005,116.832001],"rotationMatrix":[0.732481003,0.680652857,0.0135365948,-0.680773735,0.732447624,0.00821956247,-0.00432017818,-0.0152360322,0.999874592],"scale":1,"type":"wall_wire1"}
{"pos":[-106.750999,228.699005,116.870003],"rotationMatrix":[0.733067632,0.680024743,0.0133502092,-0.680143118,0.733032465,0.00829206221,-0.00414732937,-0.0151586961,0.999876499],"scale":1,"type":"wall_wire1"}
{"pos":[-104.546997,230.738998,116.908997],"rotationMatrix":[0.733797789,0.679236948,0.0133415731,-0.679355264,0.733762503,0.00830595102,-0.00414783787,-0.0151585564,0.999876499],"scale":1,"type":"wall_wire1"}
{"pos":[-102.343002,232.779007,116.946999],"rotationMatrix":[0.734382987,0.678607762,0.0131588867,-0.678723693,0.734345913,0.00838178117,-0.0039752326,-0.0150866853,0.999878287],"scale":1,"type":"wall_wire1"}
{"pos":[-100.130997,234.811996,116.984001],"rotationMatrix":[0.735111237,0.677820265,0.013081518,-0.677934349,0.735076666,0.008202333,-0.0040562111,-0.0148980375,0.999880791],"scale":1,"type":"wall_wire1"}
{"pos":[-97.9179993,236.843002,117.021004],"rotationMatrix":[0.735695004,0.677190363,0.0128870653,-0.677301884,0.735658646,0.00827729888,-0.00387517386,-0.0148180006,0.999882698],"scale":1,"type":"wall_wire1"}
{"pos":[-95.7049026,238.873001,117.056999],"rotationMatrix":[0.736423254,0.676401794,0.012703401,-0.67651099,0.736385107,0.00835920218,-0.00370041584,-0.0147499004,0.999884367],"scale":1,"type":"wall_wire1"}
{"pos":[-93.4916992,240.904007,117.094002],"rotationMatrix":[0.737148762,0.675611138,0.0126989139,-0.675720334,0.737110615,0.00836601667,-0.00370832975,-0.014747913,0.999884367],"scale":1,"type":"wall_wire1"}
{"pos":[-91.2752991,242.931,117.129997],"rotationMatrix":[0.737730145,0.674979925,0.0125037441,-0.675086558,0.73769021,0.00844589621,-0.00352307921,-0.0146719012,0.999886155],"scale":1,"type":"wall_wire1"}
{"pos":[-89.0530014,244.951996,117.165001],"rotationMatrix":[0.738455534,0.674189687,0.0123161394,-0.674293876,0.73841393,0.00852361508,-0.00334787555,-0.0145990076,0.999887824],"scale":1,"type":"wall_wire1"}
{"pos":[-86.8308029,246.973007,117.199997],"rotationMatrix":[0.7391783,0.673397243,0.0123115666,-0.673501432,0.739136696,0.00853021909,-0.00335570448,-0.0145972101,0.999887824],"scale":1,"type":"wall_wire1"}
{"pos":[-84.6085968,248.992996,117.235001],"rotationMatrix":[0.739901662,0.672605872,0.0121194571,-0.672707558,0.739858389,0.00860933028,-0.00317599601,-0.0145229083,0.999889493],"scale":1,"type":"wall_wire1"}
{"pos":[-106.545998,205.481003,121.379997],"rotationMatrix":[-0.717917442,-0.696118653,0.00365394377,0.696123362,-0.717922211,9.51848961e-06,0.00261662132,0.00255042897,0.999993324],"scale":1,"type":"wall_wire1"}
{"pos":[-104.359001,207.606995,121.369003],"rotationMatrix":[-0.718288302,-0.695735991,0.00365394121,0.69574064,-0.718293071,1.04920809e-05,0.00261730095,0.00254973164,0.999993324],"scale":1,"type":"wall_wire1"}
{"pos":[-102.169998,209.731003,121.358002],"rotationMatrix":[-0.718658924,-0.695353985,0.00348611712,0.695358455,-0.718663096,7.93636573e-05,0.00245015789,0.00248113624,0.99999392],"scale":1,"type":"wall_wire1"}
{"pos":[-99.9803009,211.854004,121.348],"rotationMatrix":[-0.719400525,-0.694587052,0.00341676991,0.694590926,-0.719404936,-9.03342443e-05,0.00252078613,0.00230827066,0.999994159],"scale":1,"type":"wall_wire1"}
{"pos":[-97.7890015,213.975998,121.336998],"rotationMatrix":[-0.719771266,-0.6942029,0.00341679389,0.694206715,-0.719775677,-8.94221303e-05,0.0025214022,0.00230759778,0.999994159],"scale":1,"type":"wall_wire1"}
{"pos":[-95.5964966,216.095993,121.327003],"rotationMatrix":[-0.720142245,-0.693818867,0.00323884399,0.693822503,-0.72014606,-1.6724176e-05,0.00234404416,0.00223513902,0.999994755],"scale":1,"type":"wall_wire1"}
{"pos":[-93.4024963,218.214996,121.317001],"rotationMatrix":[-0.720513225,-0.693433642,0.00323884841,0.693437219,-0.720517039,-1.5858046e-05,0.00234464183,0.00223451201,0.999994755],"scale":1,"type":"wall_wire1"}
{"pos":[-91.2071991,220.332001,121.306999],"rotationMatrix":[-0.720884323,-0.693047822,0.00323885237,0.693051457,-0.720888138,-1.4991153e-05,0.00234523998,0.00223388453,0.999994755],"scale":1,"type":"wall_wire1"}
{"pos":[-89.010498,222.447998,121.297997],"rotationMatrix":[-0.721626401,-0.692276001,0.00304865628,0.692279339,-0.72162962,6.32250085e-05,0.00215623155,0.00215614657,0.999995351],"scale":1,"type":"wall_wire1"}
{"pos":[-86.8125992,224.563004,121.289001],"rotationMatrix":[-0.721997619,-0.691888809,0.00304863928,0.691892207,-0.722000837,6.40426224e-05,0.00215680967,0.00215556822,0.999995351],"scale":1,"type":"wall_wire1"}
{"pos":[-84.6132965,226.675995,121.278999],"rotationMatrix":[-0.722368598,-0.691501498,0.00304862205,0.691504836,-0.722371817,6.48601635e-05,0.00215738779,0.00215498987,0.999995351],"scale":1,"type":"wall_wire1"}
{"pos":[-82.4126968,228.789001,121.271004],"rotationMatrix":[-0.722739697,-0.691114843,0.0027615726,0.691117346,-0.722742558,-5.56528466e-05,0.00203436846,0.0018683481,0.999996185],"scale":1,"type":"wall_wire1"}
{"pos":[-80.2110977,230.899002,121.262001],"rotationMatrix":[-0.723111033,-0.69072628,0.00276158727,0.690728784,-0.723113894,-5.4910739e-05,0.00203487044,0.00186780142,0.999996185],"scale":1,"type":"wall_wire1"}
{"pos":[-78.0078964,233.009003,121.252998],"rotationMatrix":[-0.72348237,-0.69033736,0.00276160194,0.690339863,-0.723485231,-5.41682093e-05,0.00203537266,0.00186725415,0.999996185],"scale":1,"type":"wall_wire1"}
{"pos":[-75.8035965,235.117004,121.245003],"rotationMatrix":[-0.723853469,-0.689948201,0.0027616166,0.689950705,-0.72385633,-5.34257342e-05,0.00203587464,0.00186670688,0.999996185],"scale":1,"type":"wall_wire1"}
{"pos":[-73.5981979,237.223999,121.237],"rotationMatrix":[-0.724224925,-0.689558983,0.00258367322,0.689561307,-0.724227309,1.84868204e-05,0.00185841892,0.00179498969,0.999996662],"scale":1,"type":"wall_wire1"}
{"pos":[-71.391098,239.328995,121.228996],"rotationMatrix":[-0.724967718,-0.688777983,0.00258366298,0.688780308,-0.724970102,1.98791713e-05,0.00185938599,0.00179398793,0.999996662],"scale":1,"type":"wall_wire1"}
{"pos":[-69.1829987,241.432999,121.221001],"rotationMatrix":[-0.725339293,-0.688386679,0.00258365739,0.688389003,-0.725341678,2.05762717e-05,0.00185986992,0.00179348618,0.999996662],"scale":1,"type":"wall_wire1"}
{"pos":[-66.9735031,243.535004,121.212997],"rotationMatrix":[-0.725710869,-0.687994957,0.0025836518,0.687997282,-0.725713253,2.12737668e-05,0.0018603541,0.00179298408,0.999996662],"scale":1,"type":"wall_wire1"}
{"pos":[-64.7626038,245.636993,121.205002],"rotationMatrix":[-0.726082563,-0.687603354,0.00239002425,0.6876055,-0.726084471,9.91026027e-05,0.0016672163,0.00171535055,0.999997139],"scale":1,"type":"wall_wire1"}
{"pos":[-62.5503998,247.737,121.197998],"rotationMatrix":[-0.7264539,-0.687211215,0.00234161154,0.687213063,-0.726455927,-2.18102214e-05,0.00171606569,0.00159334182,0.999997258],"scale":1,"type":"wall_wire1"}
{"pos":[-60.3367996,249.835007,121.191002],"rotationMatrix":[-0.727197409,-0.686424375,0.00234162295,0.686426222,-0.727199435,-2.0542775e-05,0.00171692786,0.00159241271,0.999997258],"scale":1,"type":"wall_wire1"}
{"pos":[-143.957993,193.725998,116.169998],"rotationMatrix":[0.722720385,0.690971732,0.0152736139,-0.691115379,0.722706079,0.00744451303,-0.00589438574,-0.0159361307,0.999855638],"scale":1,"type":"wall_wire1"}
{"pos":[-141.785995,195.800995,116.213997],"rotationMatrix":[0.7233181,0.690350235,0.0150812427,-0.690491378,0.723301411,0.00753198983,-0.00570857292,-0.0158614926,0.999857903],"scale":1,"type":"wall_wire1"}
{"pos":[-139.608994,197.871002,116.257004],"rotationMatrix":[0.723912716,0.68972671,0.0150811784,-0.689867854,0.723896146,0.00753211789,-0.00572210411,-0.0158566162,0.999857903],"scale":1,"type":"wall_wire1"}
{"pos":[-137.429001,199.938004,116.300003],"rotationMatrix":[0.724509001,0.689104378,0.0148952836,-0.689243078,0.724490166,0.00761671504,-0.00554277468,-0.0157848503,0.999860048],"scale":1,"type":"wall_wire1"}
{"pos":[-135.25,202.005005,116.343002],"rotationMatrix":[0.724954247,0.688636065,0.0148895448,-0.688774765,0.724935293,0.00762792816,-0.00554108992,-0.0157854408,0.999860048],"scale":1,"type":"wall_wire1"}
{"pos":[-133.070007,204.072006,116.386002],"rotationMatrix":[0.72554934,0.688013196,0.0146965617,-0.688149273,0.72552824,0.00770490523,-0.00536169438,-0.0157037172,0.999862313],"scale":1,"type":"wall_wire1"}
{"pos":[-130.889008,206.136993,116.428001],"rotationMatrix":[0.726141691,0.687388062,0.0146932425,-0.68752414,0.726120591,0.00771123357,-0.00536845624,-0.0157014076,0.999862313],"scale":1,"type":"wall_wire1"}
{"pos":[-128.701996,208.195007,116.469002],"rotationMatrix":[0.726883292,0.686607838,0.0145027097,-0.686741412,0.726860046,0.00779326493,-0.00519052334,-0.0156244049,0.999864459],"scale":1,"type":"wall_wire1"}
{"pos":[-126.514,210.253998,116.511002],"rotationMatrix":[0.727474213,0.68598181,0.0144993532,-0.686115324,0.727450967,0.00779950712,-0.00519724842,-0.0156221688,0.999864459],"scale":1,"type":"wall_wire1"}
{"pos":[-174.100006,136.742004,122.288002],"rotationMatrix":[0.690470457,0.723356664,0.00239176396,-0.72335875,0.690472364,3.87670189e-05,-0.00162340456,-0.00175687089,0.999997139],"scale":1,"type":"wall_wire1"}
{"pos":[-176.199997,134.544998,122.279999],"rotationMatrix":[0.689839244,0.723956168,0.0030493075,-0.723959506,0.689842463,-5.20023468e-06,-0.00210730662,-0.00220398791,0.999995351],"scale":1,"type":"wall_wire1"}
{"pos":[-178.298996,132.345993,122.269997],"rotationMatrix":[0.68904984,0.724705577,0.00348701398,-0.724709988,0.689054012,6.67482254e-06,-0.00239790371,-0.00253167306,0.99999392],"scale":1,"type":"wall_wire1"}
{"pos":[-180.395004,130.145004,122.259003],"rotationMatrix":[0.688417435,0.725304008,0.00393598806,-0.725309849,0.688422561,7.17288494e-05,-0.00265759788,-0.00290419045,0.999992251],"scale":1,"type":"wall_wire1"}
{"pos":[-182.490005,127.941002,122.246002],"rotationMatrix":[0.687783122,0.725901783,0.00458044047,-0.725909352,0.687790394,-1.70703697e-05,-0.00316277426,-0.00331324362,0.99998951],"scale":1,"type":"wall_wire1"}
{"pos":[-184.582001,125.736,122.231003],"rotationMatrix":[0.686990738,0.726648808,0.00502707623,-0.726658046,0.686999321,2.66884872e-05,-0.00343420496,-0.00367130036,0.999987364],"scale":1,"type":"wall_wire1"}
{"pos":[-186.671997,123.528999,122.214996],"rotationMatrix":[0.686197042,0.727395236,0.00545908092,-0.727406144,0.686207175,2.31995764e-05,-0.00372918509,-0.00398688857,0.999985099],"scale":1,"type":"wall_wire1"}
{"pos":[-188.759995,121.32,122.197998],"rotationMatrix":[0.685560942,0.727991343,0.00589961791,-0.728004217,0.685572624,5.75802151e-05,-0.0040026987,-0.00433442183,0.999982595],"scale":1,"type":"wall_wire1"}
{"pos":[-190.845001,119.108002,122.179001],"rotationMatrix":[0.6847651,0.728736043,0.0063657877,-0.728751183,0.684778571,8.65800976e-05,-0.00429606112,-0.0046983622,0.999979734],"scale":1,"type":"wall_wire1"}
{"pos":[-192.927994,116.894997,122.158997],"rotationMatrix":[0.683968306,0.729480028,0.0068000243,-0.729497433,0.683983564,0.000111072943,-0.0045700795,-0.0050365706,0.999976873],"scale":1,"type":"wall_wire1"}
{"pos":[-195.009003,114.679001,122.138],"rotationMatrix":[0.683170199,0.730223954,0.00717597688,-0.730242431,0.683188081,-5.57160056e-05,-0.00494322693,-0.00520213973,0.999974251],"scale":1,"type":"wall_wire1"}
{"pos":[-197.087006,112.460999,122.114998],"rotationMatrix":[0.68237102,0.73096621,0.00762707368,-0.73098731,0.682391047,-3.21258412e-05,-0.00522812968,-0.00555337267,0.999970913],"scale":1,"type":"wall_wire1"}
{"pos":[-199.162994,110.239998,122.091003],"rotationMatrix":[0.681570649,0.73170799,0.00805280916,-0.731731534,0.681592941,-3.26282097e-05,-0.00551261241,-0.00587025611,0.999967575],"scale":1,"type":"wall_wire1"}
{"pos":[-201.235992,108.016998,122.066002],"rotationMatrix":[0.680769086,0.732448637,0.00851339754,-0.732475162,0.680793762,-7.3980749e-07,-0.00579640968,-0.00623534853,0.99996376],"scale":1,"type":"wall_wire1"}
{"pos":[-203.307007,105.792,122.040001],"rotationMatrix":[0.679808021,0.733337641,0.00877480675,-0.73336643,0.679833531,0.000102376122,-0.0058903317,-0.00650474522,0.999961495],"scale":1,"type":"wall_wire1"}
{"pos":[-205.375,103.565002,122.013],"rotationMatrix":[0.679003954,0.734077811,0.0091344798,-0.734107912,0.679032803,-7.77391979e-05,-0.00625967793,-0.00665290887,0.999958277],"scale":1,"type":"wall_wire1"}
{"pos":[-207.440002,101.334,121.984001],"rotationMatrix":[0.678038359,0.734963894,0.00959293358,-0.734997392,0.678069949,-5.54983453e-05,-0.00654546916,-0.00701315096,0.999953985],"scale":1,"type":"wall_wire1"}
{"pos":[-209.501999,99.1018982,121.955002],"rotationMatrix":[0.677073002,0.735849917,0.00985049363,-0.735885918,0.677105546,4.22939629e-05,-0.00663870154,-0.0072774752,0.999951482],"scale":1,"type":"wall_wire1"}
{"pos":[-211.561996,96.8666,121.925003],"rotationMatrix":[0.676106215,0.73673588,0.0100303655,-0.736772656,0.676140547,-4.32193738e-05,-0.00681377854,-0.0073608784,0.999949694],"scale":1,"type":"wall_wire1"}
{"pos":[-213.619003,94.6287003,121.892998],"rotationMatrix":[0.67513597,0.737618983,0.0104722995,-0.737659276,0.675173163,-2.19604062e-05,-0.00708681392,-0.00771016255,0.999945164],"scale":1,"type":"wall_wire1"}
{"pos":[-215.671997,92.3878021,121.861],"rotationMatrix":[0.674166083,0.738501668,0.0107417395,-0.738544822,0.67420435,7.93297659e-05,-0.00718354248,-0.00798673742,0.999942303],"scale":1,"type":"wall_wire1"}
{"pos":[-217.722,90.1443024,121.828003],"rotationMatrix":[0.673194766,0.739384592,0.010918119,-0.73942852,0.673235059,-2.04485805e-05,-0.00736557972,-0.00805940293,0.999940395],"scale":1,"type":"wall_wire1"}
{"pos":[-219.770004,87.8980026,121.793999],"rotationMatrix":[0.672059894,0.740412295,0.0111875385,-0.740459144,0.672101378,6.94487971e-05,-0.00746773928,-0.00833058916,0.999937415],"scale":1,"type":"wall_wire1"}
{"pos":[-221.813995,85.6485977,121.760002],"rotationMatrix":[0.670923233,0.7414397,0.0113674393,-0.741487563,0.670966625,-4.7551307e-06,-0.00763069792,-0.00842562411,0.999935389],"scale":1,"type":"wall_wire1"}
{"pos":[-223.854004,83.3961029,121.724998],"rotationMatrix":[0.669784427,0.742465734,0.0115541201,-0.742514431,0.669830084,-0.000110661684,-0.00782146025,-0.00850498118,0.999933243],"scale":1,"type":"wall_wire1"}
{"pos":[-225.891006,81.1407013,121.690002],"rotationMatrix":[0.668643713,0.743488967,0.0118198311,-0.743540943,0.668690443,-1.99967121e-06,-0.00790529512,-0.00878719054,0.999930143],"scale":1,"type":"wall_wire1"}
{"pos":[-227.925003,78.8820038,121.653999],"rotationMatrix":[0.667503119,0.744513154,0.0118198255,-0.744565129,0.667549849,-1.10595765e-05,-0.007898557,-0.00879324786,0.999930143],"scale":1,"type":"wall_wire1"}
{"pos":[-229.953995,76.6199036,121.617996],"rotationMatrix":[0.666195035,0.745681047,0.0119994301,-0.745733798,0.66624403,-0.000115408002,-0.00808060635,-0.00887149572,0.999927998],"scale":1,"type":"wall_wire1"}
{"pos":[-231.979996,74.3543015,121.581001],"rotationMatrix":[0.664886475,0.746846735,0.0120790796,-0.746901631,0.664934516,5.18613633e-05,-0.00799306389,-0.00905636605,0.999927044],"scale":1,"type":"wall_wire1"}
{"pos":[-234.001999,72.0852966,121.543999],"rotationMatrix":[0.663575411,0.748011887,0.0120791206,-0.748066783,0.663623452,4.12677982e-05,-0.00798511878,-0.00906337332,0.999927044],"scale":1,"type":"wall_wire1"}
{"pos":[-236.020004,69.8125992,121.507004],"rotationMatrix":[0.662261844,0.749175131,0.0120791513,-0.749230027,0.662309885,3.06704751e-05,-0.00797716435,-0.009070375,0.999927044],"scale":1,"type":"wall_wire1"}
{"pos":[-238.033005,67.5361023,121.470001],"rotationMatrix":[0.660781026,0.750481546,0.0120791765,-0.750536442,0.660829067,1.87434907e-05,-0.0079682041,-0.00907824747,0.999927044],"scale":1,"type":"wall_wire1"}
{"pos":[-240.042007,65.2557983,121.432999],"rotationMatrix":[0.659296989,0.751785576,0.0120791746,-0.751840591,0.659344912,1.99114129e-05,-0.00794937275,-0.0090947412,0.999927044],"scale":1,"type":"wall_wire1"}
{"pos":[-242.046005,62.9712982,121.397003],"rotationMatrix":[0.657644033,0.753232002,0.0120791886,-0.753286898,0.657692075,-6.454713e-06,-0.00794924889,-0.00909485016,0.999927044],"scale":1,"type":"wall_wire1"}
{"pos":[-244.044998,60.6825981,121.360001],"rotationMatrix":[0.655989528,0.754676163,0.0118999993,-0.754730225,0.656035304,7.50456747e-05,-0.00775018474,-0.00903051812,0.99992919],"scale":1,"type":"wall_wire1"}
{"pos":[-246.039001,58.3894997,121.323997],"rotationMatrix":[0.65433085,0.756118834,0.0116368011,-0.756169736,0.654375553,-4.50564621e-05,-0.0076489062,-0.00876991451,0.999932289],"scale":1,"type":"wall_wire1"}
{"pos":[-248.028,56.0918007,121.289001],"rotationMatrix":[0.652501464,0.75770092,0.0114509929,-0.757750809,0.652544022,2.60413999e-05,-0.00745254569,-0.00869399123,0.999934435],"scale":1,"type":"wall_wire1"}
{"pos":[-250.011002,53.789299,121.253998],"rotationMatrix":[0.650667191,0.759280622,0.0111873904,-0.759327471,0.650708675,-9.01241801e-05,-0.00734816166,-0.00843625236,0.999937415],"scale":1,"type":"wall_wire1"}
