{"pos":[601.802979,-418.167999,149.598007],"rotationMatrix":[-0.948337913,-0.317262053,0,0.317262053,-0.948337913,0,0,0,1],"scale":0.990199983,"type":"wca_rock7"}
{"pos":[923.750671,-347.310577,157.773285],"rotationMatrix":[-0.649038255,0.760755539,0,-0.760755539,-0.649038255,0,0,0,0.999999881],"scale":0.813553691,"type":"wca_rock7"}
{"pos":[923.429565,-346.925629,157.885635],"rotationMatrix":[0.841815531,0.539765239,0,-0.539765239,0.841815531,0,0,0,0.999999881],"scale":1.08689141,"type":"wca_rock7"}
{"pos":[925.538635,-348.026947,157.605606],"rotationMatrix":[0.97407043,0.226244763,0,-0.226244763,0.97407043,0,0,0,0.999999881],"scale":1.09737563,"type":"wca_rock7"}
{"pos":[925.339355,-348.042175,157.587021],"rotationMatrix":[-0.210086122,0.977682769,0,-0.977682769,-0.210086122,0,0,0,0.999999881],"scale":0.895522714,"type":"wca_rock7"}
{"pos":[923.481323,-350.346344,158.049545],"rotationMatrix":[-0.652034283,0.758189261,0,-0.758189261,-0.652034283,0,0,0,0.999999881],"scale":1.00436175,"type":"wca_rock7"}
{"pos":[924.121582,-348.136902,157.802963],"rotationMatrix":[-0.0075013563,0.999971747,0,-0.999971747,-0.0075013563,0,0,0,0.999999881],"scale":1.47230661,"type":"wca_rock7"}
{"pos":[925.582825,-348.336853,157.729919],"rotationMatrix":[-0.979626894,0.200825706,0,-0.200825706,-0.979626894,0,0,0,0.999999881],"scale":1.39475405,"type":"wca_rock7"}
{"pos":[924.18988,-348.938782,157.742218],"rotationMatrix":[-0.622144163,-0.782902539,0,0.782902539,-0.622144163,0,0,0,0.999999881],"scale":1.08411336,"type":"wca_rock7"}
{"pos":[922.371948,-348.001068,157.975006],"rotationMatrix":[-0.996017396,0.0891576111,0,-0.0891576111,-0.996017396,0,0,0,0.999999881],"scale":1.02246094,"type":"wca_rock7"}
{"pos":[921.898987,-346.568176,158.047363],"rotationMatrix":[-0.78291434,0.62212944,0,-0.62212944,-0.78291434,0,0,0,0.999999881],"scale":0.875133634,"type":"wca_rock7"}
{"pos":[922.710449,-347.315369,157.940567],"rotationMatrix":[-0.954800785,0.297246218,0,-0.297246218,-0.954800785,0,0,0,0.999999881],"scale":0.983614564,"type":"wca_rock7"}
{"pos":[922.531372,-347.04303,158.042297],"rotationMatrix":[-0.857071042,0.515197933,0,-0.515197933,-0.857071042,0,0,0,0.999999881],"scale":1.09445417,"type":"wca_rock7"}
{"pos":[925.455078,-347.523132,157.677536],"rotationMatrix":[-0.927024662,-0.375000358,0,0.375000358,-0.927024662,0,0,0,0.999999881],"scale":1.43811917,"type":"wca_rock7"}
{"pos":[933.877319,-342.875031,156.54686],"rotationMatrix":[-0.833872855,-0.551956594,0,0.551956594,-0.833872855,0,0,0,0.999999881],"scale":1.43850732,"type":"wca_rock7"}
{"pos":[934.175415,-345.338165,156.587021],"rotationMatrix":[0.792793393,0.609490395,0,-0.609490395,0.792793393,0,0,0,0.999999881],"scale":0.810503602,"type":"wca_rock7"}
{"pos":[935.170837,-343.337463,156.452911],"rotationMatrix":[-0.896502018,-0.443039417,0,0.443039417,-0.896502018,0,0,0,0.999999881],"scale":0.966143012,"type":"wca_rock7"}
{"pos":[936.524292,-341.553223,156.268173],"rotationMatrix":[0.99995929,0.00901383162,0,-0.00901383162,0.99995929,0,0,0,0.999999881],"scale":0.833680689,"type":"wca_rock7"}
{"pos":[904.003052,-320.725281,163.041748],"rotationMatrix":[-0.958630443,-0.284653217,0,0.284653217,-0.958630443,0,0,0,0.999999881],"scale":1.08706522,"type":"wca_rock7"}
{"pos":[905.336853,-320.107697,162.323181],"rotationMatrix":[-0.403101563,0.915155113,0,-0.915155113,-0.403101563,0,0,0,0.999999881],"scale":1.31229329,"type":"wca_rock7"}
{"pos":[908.383057,-319.505402,160.717682],"rotationMatrix":[0.803798139,0.594902098,0,-0.594902098,0.803798139,0,0,0,0.999999881],"scale":1.07791269,"type":"wca_rock7"}
{"pos":[911.282593,-320.47168,158.722565],"rotationMatrix":[-0.679646313,0.733539879,0,-0.733539879,-0.679646313,0,0,0,0.999999881],"scale":0.831870675,"type":"wca_rock7"}
{"pos":[903.952759,-313.11792,158.961624],"rotationMatrix":[0.394402087,0.918937981,0,-0.918937981,0.394402087,0,0,0,0.999999881],"scale":0.863703012,"type":"wca_rock7"}
{"pos":[903.419617,-315.980225,161.38829],"rotationMatrix":[0.939165115,0.343465865,0,-0.343465865,0.939165115,0,0,0,0.999999881],"scale":1.46880913,"type":"wca_rock7"}
{"pos":[908.347717,-314.819,158.998993],"rotationMatrix":[-0.343134463,0.939286172,0,-0.939286172,-0.343134463,0,0,0,0.999999881],"scale":1.51723456,"type":"wca_rock7"}
{"pos":[906.900452,-313.578827,158.897141],"rotationMatrix":[0.947907805,0.318544626,0,-0.318544626,0.947907805,0,0,0,0.999999881],"scale":0.829955935,"type":"wca_rock7"}
{"pos":[906.560974,-314.485748,159.439026],"rotationMatrix":[0.730087221,0.683353961,0,-0.683353961,0.730087221,0,0,0,0.999999881],"scale":1.57865834,"type":"wca_rock7"}
{"pos":[898.660278,-321.449036,164.785568],"rotationMatrix":[0.990582824,-0.136913896,0,0.136913896,0.990582824,0,0,0,0.999999881],"scale":1.41544604,"type":"wca_rock7"}
{"pos":[899.468506,-321.748566,164.8815],"rotationMatrix":[-0.997790277,-0.0664406195,0,0.0664406195,-0.997790277,0,0,0,0.999999881],"scale":0.896067858,"type":"wca_rock7"}
{"pos":[900.364563,-321.614746,164.608566],"rotationMatrix":[0.444887996,-0.895586193,0,0.895586193,0.444887996,0,0,0,0.999999881],"scale":0.95537138,"type":"wca_rock7"}
{"pos":[904.388367,-323.48999,162.948166],"rotationMatrix":[-0.98834759,-0.15221338,0,0.15221338,-0.98834759,0,0,0,0.999999881],"scale":1.35110164,"type":"wca_rock7"}
{"pos":[907.091309,-320.623688,161.802048],"rotationMatrix":[-0.372479498,-0.928040385,0,0.928040385,-0.372479498,0,0,0,0.999999881],"scale":1.20427692,"type":"wca_rock7"}
{"pos":[910.927917,-323.745331,159.194962],"rotationMatrix":[-0.874033928,0.485864639,0,-0.485864639,-0.874033928,0,0,0,0.999999881],"scale":1.17776251,"type":"wca_rock7"}
{"pos":[894.339661,-319.191345,163.545853],"rotationMatrix":[-0.892230988,0.451579243,0,-0.451579243,-0.892230988,0,0,0,0.999999881],"scale":0.842983603,"type":"wca_rock7"}
{"pos":[898.561462,-320.544708,164.877258],"rotationMatrix":[0.864785492,0.502141416,0,-0.502141416,0.864785492,0,0,0,0.999999881],"scale":1.39093852,"type":"wca_rock7"}
{"pos":[896.965271,-320.475372,165.026764],"rotationMatrix":[0.798272073,-0.602296829,0,0.602296829,0.798272073,0,0,0,0.999999881],"scale":1.34425282,"type":"wca_rock7"}
{"pos":[899.101929,-318.899872,164.321823],"rotationMatrix":[0.510757744,-0.859724581,0,0.859724581,0.510757744,0,0,0,0.999999881],"scale":0.801264703,"type":"wca_rock7"}
{"pos":[896.994019,-319.063202,164.045776],"rotationMatrix":[0.819761693,-0.572704613,0,0.572704613,0.819761693,0,0,0,0.999999881],"scale":1.39101005,"type":"wca_rock7"}
{"pos":[901.677002,-311.61557,158.497681],"rotationMatrix":[0.137976751,-0.990435421,0,0.990435421,0.137976751,0,0,0,0.999999881],"scale":0.815928042,"type":"wca_rock7"}
{"pos":[903.172546,-312.31778,158.594299],"rotationMatrix":[-0.581668019,0.813426018,0,-0.813426018,-0.581668019,0,0,0,0.999999881],"scale":0.98305738,"type":"wca_rock7"}
{"pos":[276.792786,-668.179321,149.525024],"rotationMatrix":[0.892931759,0.450191915,0,-0.450191915,0.892931759,0,0,0,0.999999881],"scale":1.24658155,"type":"wca_rock7"}
{"pos":[439.394806,-507.129883,152.071991],"rotationMatrix":[-0.949186385,-0.314714164,0,0.314714164,-0.949186385,0,0,0,0.999999881],"scale":1.3907969,"type":"wca_rock7"}
{"pos":[436.324768,-503.848724,151.925903],"rotationMatrix":[0.519553006,0.854438245,0,-0.854438245,0.519553006,0,0,0,0.999999881],"scale":1.40340662,"type":"wca_rock7"}
{"pos":[435.811707,-506.801086,152.07666],"rotationMatrix":[-0.976641834,-0.214873597,0,0.214873597,-0.976641834,0,0,0,0.999999881],"scale":0.978158236,"type":"wca_rock7"}
{"pos":[440.754181,-510.692963,152.57196],"rotationMatrix":[0.380773157,0.924668491,0,-0.924668491,0.380773157,0,0,0,0.999999881],"scale":1.12297344,"type":"wca_rock7"}
{"pos":[440.275116,-510.119263,152.496567],"rotationMatrix":[0.9891572,0.146859929,0,-0.146859929,0.9891572,0,0,0,0.999999881],"scale":1.423522,"type":"wca_rock7"}
{"pos":[439.575653,-512.458496,152.674835],"rotationMatrix":[0.791671455,0.610947073,0,-0.610947073,0.791671455,0,0,0,0.999999881],"scale":0.855415463,"type":"wca_rock7"}
{"pos":[440.698761,-512.484314,152.675491],"rotationMatrix":[-0.986904085,0.161307648,0,-0.161307648,-0.986904085,0,0,0,0.999999881],"scale":0.840113521,"type":"wca_rock7"}
{"pos":[441.764832,-512.217896,152.690063],"rotationMatrix":[0.993933141,-0.109985135,0,0.109985135,0.993933141,0,0,0,0.999999881],"scale":0.882722437,"type":"wca_rock7"}
{"pos":[440.402496,-511.59491,152.46022],"rotationMatrix":[0.297091752,0.954848945,0,-0.954848945,0.297091752,0,0,0,0.999999881],"scale":0.975783169,"type":"wca_rock7"}
{"pos":[441.352295,-513.122314,152.917007],"rotationMatrix":[-0.998207271,0.0598500334,0,-0.0598500334,-0.998207271,0,0,0,0.999999881],"scale":1.55821419,"type":"wca_rock7"}
{"pos":[440.612762,-515.504272,153.590347],"rotationMatrix":[0.61125797,0.791431367,0,-0.791431367,0.61125797,0,0,0,0.999999881],"scale":1.30809617,"type":"wca_rock7"}
{"pos":[440.62265,-514.86322,153.497284],"rotationMatrix":[-0.893663347,-0.44873777,0,0.44873777,-0.893663347,0,0,0,0.999999881],"scale":1.23711431,"type":"wca_rock7"}
{"pos":[441.815063,-514.555542,153.328827],"rotationMatrix":[0.763214409,-0.646145105,0,0.646145105,0.763214409,0,0,0,0.999999881],"scale":0.899662733,"type":"wca_rock7"}
{"pos":[440.934448,-518.534119,154.495972],"rotationMatrix":[-0.543852448,0.839180648,0,-0.839180648,-0.543852448,0,0,0,0.999999881],"scale":1.47006154,"type":"wca_rock7"}
{"pos":[439.454224,-520.319153,155.088882],"rotationMatrix":[-0.927449286,-0.373948723,0,0.373948723,-0.927449286,0,0,0,0.999999881],"scale":1.15010881,"type":"wca_rock7"}
{"pos":[438.980225,-520.631653,155.152954],"rotationMatrix":[-0.748386204,-0.663263023,0,0.663263023,-0.748386204,0,0,0,0.999999881],"scale":1.43684649,"type":"wca_rock7"}
{"pos":[437.65799,-520.328918,154.920303],"rotationMatrix":[-0.985263169,-0.171044961,0,0.171044961,-0.985263169,0,0,0,0.999999881],"scale":0.848151684,"type":"wca_rock7"}
{"pos":[439.952209,-522.617798,155.950638],"rotationMatrix":[-0.843089402,0.537773371,0,-0.537773371,-0.843089402,0,0,0,0.999999881],"scale":1.11964118,"type":"wca_rock7"}
{"pos":[440.507477,-525.041626,156.902908],"rotationMatrix":[0.829649985,-0.558283687,0,0.558283687,0.829649985,0,0,0,0.999999881],"scale":1.21436644,"type":"wca_rock7"}
{"pos":[444.35025,-526.417603,157.465149],"rotationMatrix":[-0.905765355,-0.423779368,0,0.423779368,-0.905765355,0,0,0,0.999999881],"scale":1.12671161,"type":"wca_rock7"}
{"pos":[441.039032,-525.040649,156.846558],"rotationMatrix":[0.616214752,-0.787578106,0,0.787578106,0.616214752,0,0,0,0.999999881],"scale":0.837644875,"type":"wca_rock7"}
{"pos":[443.570496,-524.321289,156.800674],"rotationMatrix":[-0.0330267325,-0.999454379,0,0.999454379,-0.0330267325,0,0,0,0.999999881],"scale":1.04977059,"type":"wca_rock7"}
{"pos":[442.198608,-527.197876,157.804138],"rotationMatrix":[-0.999914408,-0.0130796591,0,0.0130796591,-0.999914408,0,0,0,0.999999881],"scale":1.13753164,"type":"wca_rock7"}
{"pos":[444.297089,-528.763306,158.343109],"rotationMatrix":[-0.990480363,-0.137653232,0,0.137653232,-0.990480363,0,0,0,0.999999881],"scale":1.20366955,"type":"wca_rock7"}
{"pos":[441.959656,-530.79364,158.946747],"rotationMatrix":[-0.9852404,0.171175495,0,-0.171175495,-0.9852404,0,0,0,0.999999881],"scale":0.843258619,"type":"wca_rock7"}
{"pos":[439.028503,-531.917725,159.227554],"rotationMatrix":[-0.215081438,0.976596057,0,-0.976596057,-0.215081438,0,0,0,0.999999881],"scale":0.820595145,"type":"wca_rock7"}
{"pos":[439.771393,-530.858643,158.977798],"rotationMatrix":[0.997731507,0.0673178583,0,-0.0673178583,0.997731507,0,0,0,0.999999881],"scale":1.24616086,"type":"wca_rock7"}
{"pos":[440.750427,-534.070984,160.256348],"rotationMatrix":[-0.999829352,0.0184700377,0,-0.0184700377,-0.999829352,0,0,0,0.999999881],"scale":1.58711243,"type":"wca_rock7"}
{"pos":[441.977234,-534.016113,160.277313],"rotationMatrix":[-0.747223079,-0.664573312,0,0.664573312,-0.747223079,0,0,0,0.999999881],"scale":1.15078127,"type":"wca_rock7"}
{"pos":[442.255371,-533.274658,160.034195],"rotationMatrix":[-0.628542364,0.777775109,0,-0.777775109,-0.628542364,0,0,0,0.999999881],"scale":1.44574785,"type":"wca_rock7"}
{"pos":[441.280457,-534.831299,160.57431],"rotationMatrix":[-0.989841878,-0.142171904,0,0.142171904,-0.989841878,0,0,0,0.999999881],"scale":0.867293119,"type":"wca_rock7"}
{"pos":[442.413116,-534.487976,160.469162],"rotationMatrix":[-0.0434755906,-0.999054432,0,0.999054432,-0.0434755906,0,0,0,0.999999881],"scale":1.41077232,"type":"wca_rock7"}
{"pos":[438.973053,-535.350647,160.48204],"rotationMatrix":[-0.182035074,-0.983291924,0,0.983291924,-0.182035074,0,0,0,0.999999881],"scale":1.496032,"type":"wca_rock7"}
{"pos":[436.558685,-538.271484,161.754852],"rotationMatrix":[-0.0476995483,-0.998861611,0,0.998861611,-0.0476995483,0,0,0,0.999999881],"scale":1.48483109,"type":"wca_rock7"}
{"pos":[440.233917,-538.963928,162.306534],"rotationMatrix":[-0.513198435,-0.85826993,0,0.85826993,-0.513198435,0,0,0,0.999999881],"scale":0.801307917,"type":"wca_rock7"}
{"pos":[441.913879,-544.606201,165.023376],"rotationMatrix":[-0.64248991,0.766293883,0,-0.766293883,-0.64248991,0,0,0,0.999999881],"scale":1.36462593,"type":"wca_rock7"}
{"pos":[443.879059,-545.324707,165.205963],"rotationMatrix":[0.405471802,-0.914107442,0,0.914107442,0.405471802,0,0,0,0.999999881],"scale":0.864101052,"type":"wca_rock7"}
{"pos":[442.606506,-543.413635,164.068863],"rotationMatrix":[-0.995843947,0.0910747722,0,-0.0910747722,-0.995843947,0,0,0,0.999999881],"scale":1.43496394,"type":"wca_rock7"}
{"pos":[441.546173,-540.25592,162.788239],"rotationMatrix":[-0.989013135,-0.147827581,0,0.147827581,-0.989013135,0,0,0,0.999999881],"scale":1.5225842,"type":"wca_rock7"}
{"pos":[441.298462,-547.215759,165.762589],"rotationMatrix":[-0.148377612,-0.988930762,0,0.988930762,-0.148377612,0,0,0,0.999999881],"scale":1.099208,"type":"wca_rock7"}
