{"pos":[600.901978,-421.531006,149.817993],"rotationMatrix":[-0.795512438,0.605937243,0,-0.605937243,-0.795512438,0,0,0,1],"scale":1.43540001,"type":"wca_rock9"}
{"pos":[923.556519,-349.859863,157.947983],"rotationMatrix":[0.668652058,-0.743575335,0,0.743575335,0.668652058,0,0,0,0.999999881],"scale":0.88747555,"type":"wca_rock9"}
{"pos":[922.159058,-348.156464,158.122452],"rotationMatrix":[0.957193434,0.289448768,0,-0.289448768,0.957193434,0,0,0,0.999999881],"scale":0.979790568,"type":"wca_rock9"}
{"pos":[923.006897,-346.751892,157.794083],"rotationMatrix":[0.860172212,0.510003567,0,-0.510003567,0.860172212,0,0,0,0.999999881],"scale":1.07111621,"type":"wca_rock9"}
{"pos":[924.402161,-349.141327,157.94487],"rotationMatrix":[-0.758142292,-0.65208894,0,0.65208894,-0.758142292,0,0,0,0.999999881],"scale":0.944178462,"type":"wca_rock9"}
{"pos":[923.762268,-350.330231,158.077423],"rotationMatrix":[0.914078295,-0.405537546,0,0.405537546,0.914078295,0,0,0,0.999999881],"scale":0.889634728,"type":"wca_rock9"}
{"pos":[924.018799,-349.217743,157.93898],"rotationMatrix":[-0.00838967506,0.999964774,0,-0.999964774,-0.00838967506,0,0,0,0.999999881],"scale":0.847852111,"type":"wca_rock9"}
{"pos":[924.147339,-346.944855,157.659195],"rotationMatrix":[0.0846769512,0.996408403,0,-0.996408403,0.0846769512,0,0,0,0.999999881],"scale":1.2598381,"type":"wca_rock9"}
{"pos":[924.044189,-349.047089,157.877213],"rotationMatrix":[-0.0926862881,0.995695293,0,-0.995695293,-0.0926862881,0,0,0,0.999999881],"scale":0.933253884,"type":"wca_rock9"}
{"pos":[924.714355,-348.696228,157.870422],"rotationMatrix":[-0.512124956,0.858910739,0,-0.858910739,-0.512124956,0,0,0,0.999999881],"scale":1.3006016,"type":"wca_rock9"}
{"pos":[923.843872,-346.240173,157.781998],"rotationMatrix":[0.0217183735,-0.999764025,0,0.999764025,0.0217183735,0,0,0,0.999999881],"scale":1.57473421,"type":"wca_rock9"}
{"pos":[925.674744,-348.243225,157.593826],"rotationMatrix":[-0.610377669,0.792110324,0,-0.792110324,-0.610377669,0,0,0,0.999999881],"scale":1.21508789,"type":"wca_rock9"}
{"pos":[923.231689,-349.582611,158.082443],"rotationMatrix":[0.998226166,0.0595344305,0,-0.0595344305,0.998226166,0,0,0,0.999999881],"scale":1.35786915,"type":"wca_rock9"}
{"pos":[922.463745,-349.888885,158.195587],"rotationMatrix":[0.994147122,0.10803441,0,-0.10803441,0.994147122,0,0,0,0.999999881],"scale":0.952945352,"type":"wca_rock9"}
{"pos":[921.371094,-347.154999,158.117996],"rotationMatrix":[0.593726993,0.804666519,0,-0.804666519,0.593726993,0,0,0,0.999999881],"scale":1.2065177,"type":"wca_rock9"}
{"pos":[924.200439,-348.572968,157.776672],"rotationMatrix":[-0.374876708,0.927074552,0,-0.927074552,-0.374876708,0,0,0,0.999999881],"scale":1.57317424,"type":"wca_rock9"}
{"pos":[922.906433,-351.005676,157.925323],"rotationMatrix":[0.999783933,0.0207798444,0,-0.0207798444,0.999783933,0,0,0,0.999999881],"scale":1.5637747,"type":"wca_rock9"}
{"pos":[936.937744,-344.986389,156.262787],"rotationMatrix":[0.901417315,-0.432951093,0,0.432951093,0.901417315,0,0,0,0.999999881],"scale":1.46713662,"type":"wca_rock9"}
{"pos":[934.892029,-344.099304,156.522751],"rotationMatrix":[-0.849515855,0.527563035,0,-0.527563035,-0.849515855,0,0,0,0.999999881],"scale":0.965806425,"type":"wca_rock9"}
{"pos":[934.698608,-345.0914,156.469254],"rotationMatrix":[-0.394488096,0.918900907,0,-0.918900907,-0.394488096,0,0,0,0.999999881],"scale":1.0423187,"type":"wca_rock9"}
{"pos":[936.16626,-342.65979,156.417831],"rotationMatrix":[0.991876066,0.127207205,0,-0.127207205,0.991876066,0,0,0,0.999999881],"scale":1.49785721,"type":"wca_rock9"}
{"pos":[933.994568,-342.531128,156.476883],"rotationMatrix":[0.755963266,0.654613972,0,-0.654613972,0.755963266,0,0,0,0.999999881],"scale":0.837444961,"type":"wca_rock9"}
{"pos":[903.735229,-318.923126,162.780731],"rotationMatrix":[0.802278459,0.596949935,0,-0.596949935,0.802278459,0,0,0,0.999999881],"scale":1.30220342,"type":"wca_rock9"}
{"pos":[908.702209,-318.786011,160.26326],"rotationMatrix":[0.931165338,-0.364596933,0,0.364596933,0.931165338,0,0,0,0.999999881],"scale":0.832685769,"type":"wca_rock9"}
{"pos":[908.268005,-321.390778,161.240936],"rotationMatrix":[0.982484281,-0.186345011,0,0.186345011,0.982484281,0,0,0,0.999999881],"scale":1.13006258,"type":"wca_rock9"}
{"pos":[911.052429,-318.961609,158.668121],"rotationMatrix":[0.41960901,0.907705009,0,-0.907705009,0.41960901,0,0,0,0.999999881],"scale":0.869815707,"type":"wca_rock9"}
{"pos":[911.432678,-320.863556,158.740784],"rotationMatrix":[0.785663068,0.618654609,0,-0.618654609,0.785663068,0,0,0,0.999999881],"scale":1.10493064,"type":"wca_rock9"}
{"pos":[911.936462,-319.250916,158.048538],"rotationMatrix":[0.433655053,0.901078999,0,-0.901078999,0.433655053,0,0,0,0.999999881],"scale":1.45490456,"type":"wca_rock9"}
{"pos":[904.760864,-313.026428,158.732895],"rotationMatrix":[0.406275392,-0.913750589,0,0.913750589,0.406275392,0,0,0,0.999999881],"scale":0.836409986,"type":"wca_rock9"}
{"pos":[906.498169,-312.457672,158.245102],"rotationMatrix":[0.78694725,0.617020249,0,-0.617020249,0.78694725,0,0,0,0.999999881],"scale":1.05655015,"type":"wca_rock9"}
{"pos":[906.009644,-312.585144,158.365128],"rotationMatrix":[-0.50079608,0.865565121,0,-0.865565121,-0.50079608,0,0,0,0.999999881],"scale":1.34384775,"type":"wca_rock9"}
{"pos":[903.174133,-316.834106,162.076614],"rotationMatrix":[-0.736281276,-0.676675379,0,0.676675379,-0.736281276,0,0,0,0.999999881],"scale":1.57365274,"type":"wca_rock9"}
{"pos":[899.722412,-322.259369,164.900894],"rotationMatrix":[-0.219306827,0.975655854,0,-0.975655854,-0.219306827,0,0,0,0.999999881],"scale":1.02691472,"type":"wca_rock9"}
{"pos":[899.475769,-324.942383,165.329178],"rotationMatrix":[0.804766655,-0.593591034,0,0.593591034,0.804766655,0,0,0,0.999999881],"scale":1.49009824,"type":"wca_rock9"}
{"pos":[900.639771,-322.862335,164.620972],"rotationMatrix":[-0.267874897,-0.963453591,0,0.963453591,-0.267874897,0,0,0,0.999999881],"scale":0.866295338,"type":"wca_rock9"}
{"pos":[904.784668,-323.876343,162.978302],"rotationMatrix":[0.690425754,-0.723403156,0,0.723403156,0.690425754,0,0,0,0.999999881],"scale":1.04588771,"type":"wca_rock9"}
{"pos":[906.247559,-321.19281,162.007614],"rotationMatrix":[-0.427519411,-0.904006004,0,0.904006004,-0.427519411,0,0,0,0.999999881],"scale":1.30896592,"type":"wca_rock9"}
{"pos":[906.809998,-321.521973,161.857391],"rotationMatrix":[-0.998463809,0.0554056838,0,-0.0554056838,-0.998463809,0,0,0,0.999999881],"scale":0.871059179,"type":"wca_rock9"}
{"pos":[906.108154,-323.985626,162.366577],"rotationMatrix":[-0.454922825,0.890530765,0,-0.890530765,-0.454922825,0,0,0,0.999999881],"scale":1.54871726,"type":"wca_rock9"}
{"pos":[908.10022,-320.538391,161.06369],"rotationMatrix":[0.167329893,-0.985900879,0,0.985900879,0.167329893,0,0,0,0.999999881],"scale":1.18701887,"type":"wca_rock9"}
{"pos":[908.494568,-323.699097,161.097382],"rotationMatrix":[-0.98745054,0.157927617,0,-0.157927617,-0.98745054,0,0,0,0.999999881],"scale":1.51024771,"type":"wca_rock9"}
{"pos":[910.806213,-321.311218,158.959564],"rotationMatrix":[0.719322622,-0.694676042,0,0.694676042,0.719322622,0,0,0,0.999999881],"scale":1.07430673,"type":"wca_rock9"}
{"pos":[911.890625,-323.602142,158.474609],"rotationMatrix":[-0.273860365,0.961769402,0,-0.961769402,-0.273860365,0,0,0,0.999999881],"scale":1.10425377,"type":"wca_rock9"}
{"pos":[910.239441,-322.912109,159.6539],"rotationMatrix":[0.843169391,-0.537647724,0,0.537647724,0.843169391,0,0,0,0.999999881],"scale":0.876504481,"type":"wca_rock9"}
{"pos":[895.188965,-318.760559,163.441574],"rotationMatrix":[-0.791013241,0.611798942,0,-0.611798942,-0.791013241,0,0,0,0.999999881],"scale":1.48177266,"type":"wca_rock9"}
{"pos":[893.559082,-319.121002,163.298386],"rotationMatrix":[-0.410212308,0.911989927,0,-0.911989927,-0.410212308,0,0,0,0.999999881],"scale":0.956000328,"type":"wca_rock9"}
{"pos":[899.286743,-319.749298,164.449158],"rotationMatrix":[-0.800547957,-0.599268675,0,0.599268675,-0.800547957,0,0,0,0.999999881],"scale":1.59690452,"type":"wca_rock9"}
{"pos":[898.439392,-318.32312,163.567322],"rotationMatrix":[-0.542719901,0.839913547,0,-0.839913547,-0.542719901,0,0,0,0.999999881],"scale":1.27541029,"type":"wca_rock9"}
{"pos":[896.533569,-317.802368,162.619507],"rotationMatrix":[0.511070907,-0.859538496,0,0.859538496,0.511070907,0,0,0,0.999999881],"scale":1.44852948,"type":"wca_rock9"}
{"pos":[897.12854,-315.9711,160.648056],"rotationMatrix":[-0.486813754,-0.873505771,0,0.873505771,-0.486813754,0,0,0,0.999999881],"scale":1.15161252,"type":"wca_rock9"}
{"pos":[896.128845,-317.031372,162.408005],"rotationMatrix":[-0.839414775,0.543491066,0,-0.543491066,-0.839414775,0,0,0,0.999999881],"scale":0.976888537,"type":"wca_rock9"}
{"pos":[899.210815,-313.286072,159.528748],"rotationMatrix":[-0.722100914,0.69178766,0,-0.69178766,-0.722100914,0,0,0,0.999999881],"scale":1.42112339,"type":"wca_rock9"}
{"pos":[899.996643,-311.768646,158.309189],"rotationMatrix":[-0.960423052,0.278545231,0,-0.278545231,-0.960423052,0,0,0,0.999999881],"scale":1.19562888,"type":"wca_rock9"}
{"pos":[838.103943,-330.583466,157.030838],"rotationMatrix":[0.878491819,-0.477757215,0,0.477757215,0.878491819,0,0,0,0.999999881],"scale":1.54065716,"type":"wca_rock9"}
{"pos":[842.439209,-343.440918,160.469742],"rotationMatrix":[-0.948239565,-0.317555815,0,0.317555815,-0.948239565,0,0,0,0.999999881],"scale":1.47155309,"type":"wca_rock9"}
{"pos":[831.209595,-348.013031,160.691422],"rotationMatrix":[0.758438766,0.651744306,0,-0.651744306,0.758438766,0,0,0,0.999999881],"scale":1.15464079,"type":"wca_rock9"}
{"pos":[277.610779,-669.179993,149.502151],"rotationMatrix":[-0.109622583,-0.993973196,0,0.993973196,-0.109622583,0,0,0,0.999999881],"scale":1.08042359,"type":"wca_rock9"}
{"pos":[436.800751,-507.124969,152.169098],"rotationMatrix":[-0.0251601264,-0.99968338,0,0.99968338,-0.0251601264,0,0,0,0.999999881],"scale":1.11108828,"type":"wca_rock9"}
{"pos":[435.847351,-503.936859,151.973434],"rotationMatrix":[-0.0464804135,0.99891907,0,-0.99891907,-0.0464804135,0,0,0,0.999999881],"scale":1.4145813,"type":"wca_rock9"}
{"pos":[440.799408,-510.500671,152.54982],"rotationMatrix":[-0.996188998,-0.0872197598,0,0.0872197598,-0.996188998,0,0,0,0.999999881],"scale":0.894361496,"type":"wca_rock9"}
{"pos":[438.642456,-510.056488,152.397461],"rotationMatrix":[0.238704249,-0.971092284,0,0.971092284,0.238704249,0,0,0,0.999999881],"scale":1.50682998,"type":"wca_rock9"}
{"pos":[441.11554,-511.927673,152.60318],"rotationMatrix":[0.998575151,-0.0533612892,0,0.0533612892,0.998575151,0,0,0,0.999999881],"scale":0.84087795,"type":"wca_rock9"}
{"pos":[440.676331,-513.34259,152.868866],"rotationMatrix":[-0.985261083,0.171056643,0,-0.171056643,-0.985261083,0,0,0,0.999999881],"scale":1.51181257,"type":"wca_rock9"}
{"pos":[441.5401,-515.330994,153.629257],"rotationMatrix":[-0.0077235559,0.999970138,0,-0.999970138,-0.0077235559,0,0,0,0.999999881],"scale":1.07176125,"type":"wca_rock9"}
{"pos":[442.122528,-517.211426,154.062943],"rotationMatrix":[-0.0515912138,-0.998668194,0,0.998668194,-0.0515912138,0,0,0,0.999999881],"scale":0.811594963,"type":"wca_rock9"}
{"pos":[437.234741,-520.455383,155.021103],"rotationMatrix":[-0.853775561,-0.520641029,0,0.520641029,-0.853775561,0,0,0,0.999999881],"scale":1.08708036,"type":"wca_rock9"}
{"pos":[438.900757,-522.644287,155.714691],"rotationMatrix":[0.632194698,0.774809539,0,-0.774809539,0.632194698,0,0,0,0.999999881],"scale":1.56842375,"type":"wca_rock9"}
{"pos":[436.463715,-522.845825,155.843903],"rotationMatrix":[-0.946858108,-0.321651399,0,0.321651399,-0.946858108,0,0,0,0.999999881],"scale":1.41436601,"type":"wca_rock9"}
{"pos":[440.733948,-524.464966,156.662766],"rotationMatrix":[0.99511081,-0.0987630934,0,0.0987630934,0.99511081,0,0,0,0.999999881],"scale":1.1253618,"type":"wca_rock9"}
{"pos":[439.817505,-522.6521,155.973831],"rotationMatrix":[-0.953482211,-0.30144909,0,0.30144909,-0.953482211,0,0,0,0.999999881],"scale":1.08351135,"type":"wca_rock9"}
{"pos":[441.654816,-523.842407,156.384171],"rotationMatrix":[-0.0158053879,-0.999875009,0,0.999875009,-0.0158053879,0,0,0,0.999999881],"scale":1.38687277,"type":"wca_rock9"}
{"pos":[443.54361,-525.029907,157.020325],"rotationMatrix":[-0.613970876,0.789328396,0,-0.789328396,-0.613970876,0,0,0,0.999999881],"scale":0.850908041,"type":"wca_rock9"}
{"pos":[444.727417,-525.354309,157.069565],"rotationMatrix":[0.998276234,-0.0586890765,0,0.0586890765,0.998276234,0,0,0,0.999999881],"scale":1.33933759,"type":"wca_rock9"}
{"pos":[442.668762,-528.741638,158.155685],"rotationMatrix":[0.135808706,0.990734994,0,-0.990734994,0.135808706,0,0,0,0.999999881],"scale":0.963073015,"type":"wca_rock9"}
{"pos":[445.344391,-528.031738,158.118515],"rotationMatrix":[0.954115808,0.299437612,0,-0.299437612,0.954115808,0,0,0,0.999999881],"scale":1.55339622,"type":"wca_rock9"}
{"pos":[442.923767,-531.854797,159.44455],"rotationMatrix":[0.934360802,0.356328338,0,-0.356328338,0.934360802,0,0,0,0.999999881],"scale":1.21504474,"type":"wca_rock9"}
{"pos":[439.932007,-530.411926,158.915665],"rotationMatrix":[0.85611707,0.516781867,0,-0.516781867,0.85611707,0,0,0,0.999999881],"scale":1.3121233,"type":"wca_rock9"}
{"pos":[438.62439,-530.53717,158.761765],"rotationMatrix":[0.713195562,-0.700964928,0,0.700964928,0.713195562,0,0,0,0.999999881],"scale":1.31199729,"type":"wca_rock9"}
{"pos":[439.039246,-532.148865,159.062103],"rotationMatrix":[-0.533579946,0.845749438,0,-0.845749438,-0.533579946,0,0,0,0.999999881],"scale":1.54987597,"type":"wca_rock9"}
{"pos":[438.281464,-533.339966,159.711487],"rotationMatrix":[-0.896875203,-0.442283481,0,0.442283481,-0.896875203,0,0,0,0.999999881],"scale":0.92260617,"type":"wca_rock9"}
{"pos":[438.949005,-531.563477,159.128815],"rotationMatrix":[-0.513048649,0.858359337,0,-0.858359337,-0.513048649,0,0,0,0.999999881],"scale":1.381055,"type":"wca_rock9"}
{"pos":[436.545288,-533.703979,159.659256],"rotationMatrix":[-0.751160562,-0.660119534,0,0.660119534,-0.751160562,0,0,0,0.999999881],"scale":1.22666752,"type":"wca_rock9"}
{"pos":[442.415436,-536.600708,161.415756],"rotationMatrix":[-0.749060392,0.662501574,0,-0.662501574,-0.749060392,0,0,0,0.999999881],"scale":1.42795897,"type":"wca_rock9"}
{"pos":[441.412659,-536.904968,161.728775],"rotationMatrix":[-0.802062154,-0.597240567,0,0.597240567,-0.802062154,0,0,0,0.999999881],"scale":1.2155422,"type":"wca_rock9"}
{"pos":[439.978699,-533.764587,159.950409],"rotationMatrix":[0.865388453,0.501101434,0,-0.501101434,0.865388453,0,0,0,0.999999881],"scale":1.31886792,"type":"wca_rock9"}
{"pos":[440.89975,-536.898987,161.456497],"rotationMatrix":[0.945921361,-0.324395686,0,0.324395686,0.945921361,0,0,0,0.999999881],"scale":1.04032111,"type":"wca_rock9"}
{"pos":[437.563538,-537.084351,161.48497],"rotationMatrix":[0.905958414,-0.423366427,0,0.423366427,0.905958414,0,0,0,0.999999881],"scale":1.32987499,"type":"wca_rock9"}
{"pos":[442.744904,-543.726013,164.558075],"rotationMatrix":[-0.833025396,0.553234398,0,-0.553234398,-0.833025396,0,0,0,0.999999881],"scale":1.22768271,"type":"wca_rock9"}
{"pos":[444.178864,-543.179199,164.342117],"rotationMatrix":[0.491554141,-0.870846927,0,0.870846927,0.491554141,0,0,0,0.999999881],"scale":0.883829415,"type":"wca_rock9"}
{"pos":[440.71521,-541.731567,163.297409],"rotationMatrix":[-0.408228338,0.912879705,0,-0.912879705,-0.408228338,0,0,0,0.999999881],"scale":1.55476451,"type":"wca_rock9"}
{"pos":[440.143646,-538.084839,161.845642],"rotationMatrix":[0.114346825,0.993440866,0,-0.993440866,0.114346825,0,0,0,0.999999881],"scale":0.887815833,"type":"wca_rock9"}
{"pos":[439.697723,-538.008484,161.988449],"rotationMatrix":[-0.837824643,0.545939326,0,-0.545939326,-0.837824643,0,0,0,0.999999881],"scale":1.21520817,"type":"wca_rock9"}
{"pos":[437.823273,-539.218994,162.056915],"rotationMatrix":[0.681347787,-0.73195976,0,0.73195976,0.681347787,0,0,0,0.999999881],"scale":0.920805812,"type":"wca_rock9"}
{"pos":[440.042175,-539.874451,162.62648],"rotationMatrix":[-0.879249871,-0.476360828,0,0.476360828,-0.879249871,0,0,0,0.999999881],"scale":1.03677726,"type":"wca_rock9"}
{"pos":[444.358063,-545.747314,165.199341],"rotationMatrix":[0.821210921,-0.57062465,0,0.57062465,0.821210921,0,0,0,0.999999881],"scale":1.41068792,"type":"wca_rock9"}
{"pos":[438.492737,-548.49115,165.99942],"rotationMatrix":[0.494310826,0.869285285,0,-0.869285285,0.494310826,0,0,0,0.999999881],"scale":1.15973711,"type":"wca_rock9"}
{"pos":[442.275635,-505.364319,152.664093],"rotationMatrix":[0.202545166,-0.979272902,0,0.979272902,0.202545166,0,0,0,0.999999881],"scale":1.21186364,"type":"wca_rock9"}
{"pos":[442.015808,-505.933746,152.863449],"rotationMatrix":[0.984333098,-0.176318392,0,0.176318392,0.984333098,0,0,0,0.999999881],"scale":1.18879533,"type":"wca_rock9"}
{"pos":[437.884216,-516.189209,154.154785],"rotationMatrix":[0.95375222,0.300593883,0,-0.300593883,0.95375222,0,0,0,0.999999881],"scale":1.10841799,"type":"wca_rock9"}
