{"pos":[607.95697,-419.140991,150.783005],"rotationMatrix":[0.652722239,-0.757597327,0,0.757597327,0.652722239,0,0,0,1],"scale":1.38859999,"type":"wca_rock5"}
{"pos":[922.573181,-350.910156,158.070221],"rotationMatrix":[0.891609967,-0.452803999,0,0.452803999,0.891609967,0,0,0,0.999999881],"scale":1.53280568,"type":"wca_rock5"}
{"pos":[924.115417,-347.261292,157.405518],"rotationMatrix":[0.993277729,0.115755178,0,-0.115755178,0.993277729,0,0,0,0.999999881],"scale":1.12462103,"type":"wca_rock5"}
{"pos":[921.975647,-347.589966,157.673019],"rotationMatrix":[0.909361422,0.416006893,0,-0.416006893,0.909361422,0,0,0,0.999999881],"scale":1.24671233,"type":"wca_rock5"}
{"pos":[925.039856,-348.576019,157.354416],"rotationMatrix":[-0.436296165,0.899802983,0,-0.899802983,-0.436296165,0,0,0,0.999999881],"scale":1.5651412,"type":"wca_rock5"}
{"pos":[921.485229,-348.02359,157.853592],"rotationMatrix":[-0.887017548,0.461735666,0,-0.461735666,-0.887017548,0,0,0,0.999999881],"scale":1.13361228,"type":"wca_rock5"}
{"pos":[922.566101,-351.0271,157.873016],"rotationMatrix":[0.957719982,-0.287701666,0,0.287701666,0.957719982,0,0,0,0.999999881],"scale":1.33576334,"type":"wca_rock5"}
{"pos":[923.662231,-346.723572,157.392426],"rotationMatrix":[-0.0775195882,0.99699074,0,-0.99699074,-0.0775195882,0,0,0,0.999999881],"scale":1.44162631,"type":"wca_rock5"}
{"pos":[924.666077,-348.91687,157.308105],"rotationMatrix":[-0.520998716,0.853557289,0,-0.853557289,-0.520998716,0,0,0,0.999999881],"scale":1.38380098,"type":"wca_rock5"}
{"pos":[922.139771,-349.961731,158.139572],"rotationMatrix":[0.381376654,-0.924419701,0,0.924419701,0.381376654,0,0,0,0.999999881],"scale":0.9777987,"type":"wca_rock5"}
{"pos":[923.299622,-346.804016,157.483154],"rotationMatrix":[0.699451804,-0.714679658,0,0.714679658,0.699451804,0,0,0,0.999999881],"scale":1.2542783,"type":"wca_rock5"}
{"pos":[923.497864,-347.745117,157.880066],"rotationMatrix":[-0.149068877,-0.988826752,0,0.988826752,-0.149068877,0,0,0,0.999999881],"scale":1.0699439,"type":"wca_rock5"}
{"pos":[921.483704,-347.604492,157.975159],"rotationMatrix":[-0.183737248,0.982975304,0,-0.982975304,-0.183737248,0,0,0,0.999999881],"scale":1.43899083,"type":"wca_rock5"}
{"pos":[934.044373,-343.313385,156.059067],"rotationMatrix":[0.614603698,0.788836062,0,-0.788836062,0.614603698,0,0,0,0.999999881],"scale":1.33634686,"type":"wca_rock5"}
{"pos":[905.182434,-320.9711,162.164322],"rotationMatrix":[0.875312388,0.483557791,0,-0.483557791,0.875312388,0,0,0,0.999999881],"scale":1.20149446,"type":"wca_rock5"}
{"pos":[907.270813,-316.536957,160.190308],"rotationMatrix":[-0.920687616,0.390300006,0,-0.390300006,-0.920687616,0,0,0,0.999999881],"scale":1.58468723,"type":"wca_rock5"}
{"pos":[908.930542,-319.068176,160.212799],"rotationMatrix":[0.322299004,0.946637928,0,-0.946637928,0.322299004,0,0,0,0.999999881],"scale":1.46006858,"type":"wca_rock5"}
{"pos":[911.657593,-318.875702,158.163376],"rotationMatrix":[0.864206672,0.503136933,0,-0.503136933,0.864206672,0,0,0,0.999999881],"scale":1.21508539,"type":"wca_rock5"}
{"pos":[908.687073,-314.680359,158.557266],"rotationMatrix":[-0.95995909,0.280139953,0,-0.280139953,-0.95995909,0,0,0,0.999999881],"scale":1.1283567,"type":"wca_rock5"}
{"pos":[907.52478,-312.556915,158.11351],"rotationMatrix":[0.984441221,-0.175713763,0,0.175713763,0.984441221,0,0,0,0.999999881],"scale":1.51204407,"type":"wca_rock5"}
{"pos":[905.514099,-310.802734,157.688614],"rotationMatrix":[0.999827206,-0.0185825657,0,0.0185825657,0.999827206,0,0,0,0.999999881],"scale":1.15773416,"type":"wca_rock5"}
{"pos":[905.137756,-312.906036,158.268295],"rotationMatrix":[-0.329670876,0.94409579,0,-0.94409579,-0.329670876,0,0,0,0.999999881],"scale":1.02828062,"type":"wca_rock5"}
{"pos":[906.611206,-312.57605,158.477173],"rotationMatrix":[-0.0031259642,0.999994993,0,-0.999994993,-0.0031259642,0,0,0,0.999999881],"scale":1.21792316,"type":"wca_rock5"}
{"pos":[904.488037,-314.321564,159.68663],"rotationMatrix":[0.948677421,0.316245288,0,-0.316245288,0.948677421,0,0,0,0.999999881],"scale":1.28943324,"type":"wca_rock5"}
{"pos":[903.39209,-315.490814,161.029984],"rotationMatrix":[0.313041091,0.949739516,0,-0.949739516,0.313041091,0,0,0,0.999999881],"scale":0.820885897,"type":"wca_rock5"}
{"pos":[900.640442,-318.404114,163.559998],"rotationMatrix":[0.293827027,-0.955858529,0,0.955858529,0.293827027,0,0,0,0.999999881],"scale":1.08323658,"type":"wca_rock5"}
{"pos":[903.412903,-319.191925,163.115494],"rotationMatrix":[-0.925689757,-0.378283679,0,0.378283679,-0.925689757,0,0,0,0.999999881],"scale":1.57692194,"type":"wca_rock5"}
{"pos":[901.493713,-319.191223,163.553375],"rotationMatrix":[-0.984344959,-0.176252499,0,0.176252499,-0.984344959,0,0,0,0.999999881],"scale":1.30234182,"type":"wca_rock5"}
{"pos":[901.775635,-320.907135,164.012894],"rotationMatrix":[-0.0972565189,0.995259225,0,-0.995259225,-0.0972565189,0,0,0,0.999999881],"scale":1.04761684,"type":"wca_rock5"}
{"pos":[898.971924,-319.7547,164.227936],"rotationMatrix":[-0.996178985,-0.0873344764,0,0.0873344764,-0.996178985,0,0,0,0.999999881],"scale":1.34652901,"type":"wca_rock5"}
{"pos":[899.635315,-321.546204,164.701752],"rotationMatrix":[0.973994315,-0.226572201,0,0.226572201,0.973994315,0,0,0,0.999999881],"scale":0.893548131,"type":"wca_rock5"}
{"pos":[899.540222,-322.651062,165.072266],"rotationMatrix":[-0.519892037,0.854231775,0,-0.854231775,-0.519892037,0,0,0,0.999999881],"scale":1.10306466,"type":"wca_rock5"}
{"pos":[902.155029,-325.388123,164.251205],"rotationMatrix":[0.711814046,-0.702367723,0,0.702367723,0.711814046,0,0,0,0.999999881],"scale":1.45250702,"type":"wca_rock5"}
{"pos":[905.313049,-322.909576,162.545761],"rotationMatrix":[-0.982281506,0.187410966,0,-0.187410966,-0.982281506,0,0,0,0.999999881],"scale":1.45569348,"type":"wca_rock5"}
{"pos":[910.255676,-323.157074,159.381836],"rotationMatrix":[-0.905262589,0.424852312,0,-0.424852312,-0.905262589,0,0,0,0.999999881],"scale":0.866190016,"type":"wca_rock5"}
{"pos":[910.238403,-321.494049,159.171967],"rotationMatrix":[0.105000094,-0.994472086,0,0.994472086,0.105000094,0,0,0,0.999999881],"scale":1.0784862,"type":"wca_rock5"}
{"pos":[912.372437,-321.792908,157.984695],"rotationMatrix":[-0.520079374,-0.854117751,0,0.854117751,-0.520079374,0,0,0,0.999999881],"scale":1.1765964,"type":"wca_rock5"}
{"pos":[908.35553,-322.651123,160.818253],"rotationMatrix":[-0.0892141312,-0.99601239,0,0.99601239,-0.0892141312,0,0,0,0.999999881],"scale":1.12694216,"type":"wca_rock5"}
{"pos":[910.290222,-321.613281,159.025314],"rotationMatrix":[0.93804431,-0.346515059,0,0.346515059,0.93804431,0,0,0,0.999999881],"scale":0.883726954,"type":"wca_rock5"}
{"pos":[897.34613,-315.1026,159.908218],"rotationMatrix":[-0.515555441,0.856856048,0,-0.856856048,-0.515555441,0,0,0,0.999999881],"scale":0.968155921,"type":"wca_rock5"}
{"pos":[898.494507,-316.568634,161.926147],"rotationMatrix":[0.0577730238,-0.998329639,0,0.998329639,0.0577730238,0,0,0,0.999999881],"scale":0.971460223,"type":"wca_rock5"}
{"pos":[901.588684,-315.798157,161.894562],"rotationMatrix":[0.496563643,0.868000329,0,-0.868000329,0.496563643,0,0,0,0.999999881],"scale":0.888070822,"type":"wca_rock5"}
{"pos":[900.787781,-314.173798,159.87088],"rotationMatrix":[0.0436095223,-0.999048531,0,0.999048531,0.0436095223,0,0,0,0.999999881],"scale":0.920606613,"type":"wca_rock5"}
{"pos":[838.289917,-330.780518,156.814926],"rotationMatrix":[-0.880650938,-0.473765433,0,0.473765433,-0.880650938,0,0,0,0.999999881],"scale":1.47407722,"type":"wca_rock5"}
{"pos":[839.146057,-330.098755,156.766052],"rotationMatrix":[-0.88407433,0.467346072,0,-0.467346072,-0.88407433,0,0,0,0.999999881],"scale":1.46389008,"type":"wca_rock5"}
{"pos":[838.381775,-330.452118,157.006424],"rotationMatrix":[-0.0100871427,0.999949038,0,-0.999949038,-0.0100871427,0,0,0,0.999999881],"scale":1.15514779,"type":"wca_rock5"}
{"pos":[837.493713,-332.144806,157.099228],"rotationMatrix":[-0.0748965293,0.99719125,0,-0.99719125,-0.0748965293,0,0,0,0.999999881],"scale":1.26440382,"type":"wca_rock5"}
{"pos":[840.455322,-331.037567,156.724472],"rotationMatrix":[-0.918373764,-0.395714015,0,0.395714015,-0.918373764,0,0,0,0.999999881],"scale":1.47500181,"type":"wca_rock5"}
{"pos":[838.567505,-342.562164,159.501099],"rotationMatrix":[-0.920821011,0.389985412,0,-0.389985412,-0.920821011,0,0,0,0.999999881],"scale":1.3471911,"type":"wca_rock5"}
{"pos":[840.006714,-344.642029,160.272308],"rotationMatrix":[0.914903045,0.403673559,0,-0.403673559,0.914903045,0,0,0,0.999999881],"scale":1.38721466,"type":"wca_rock5"}
{"pos":[829.949524,-345.977356,159.70253],"rotationMatrix":[-0.695851862,0.718185067,0,-0.718185067,-0.695851862,0,0,0,0.999999881],"scale":1.39493704,"type":"wca_rock5"}
{"pos":[271.889099,-674.236572,150.322006],"rotationMatrix":[0.681741893,-0.731592596,0,0.731592596,0.681741893,0,0,0,0.999999881],"scale":1.28289163,"type":"wca_rock5"}
{"pos":[286.250366,-670.147278,148.851334],"rotationMatrix":[-0.105242819,-0.994446456,0,0.994446456,-0.105242819,0,0,0,0.999999881],"scale":1.18963659,"type":"wca_rock5"}
{"pos":[439.679688,-507.971405,152.180786],"rotationMatrix":[0.119679116,0.992812574,0,-0.992812574,0.119679116,0,0,0,0.999999881],"scale":1.46065068,"type":"wca_rock5"}
{"pos":[441.029358,-505.36499,152.042145],"rotationMatrix":[0.71728766,-0.696776927,0,0.696776927,0.71728766,0,0,0,0.999999881],"scale":1.1641171,"type":"wca_rock5"}
{"pos":[437.345398,-504.34494,151.621582],"rotationMatrix":[0.561701059,0.827340245,0,-0.827340245,0.561701059,0,0,0,0.999999881],"scale":1.56781912,"type":"wca_rock5"}
{"pos":[438.054932,-508.392578,152.184708],"rotationMatrix":[0.868489563,-0.495707214,0,0.495707214,0.868489563,0,0,0,0.999999881],"scale":1.33560085,"type":"wca_rock5"}
{"pos":[436.927155,-508.869293,152.214218],"rotationMatrix":[0.562677085,-0.826676667,0,0.826676667,0.562677085,0,0,0,0.999999881],"scale":1.12159324,"type":"wca_rock5"}
{"pos":[437.15744,-510.63092,152.300797],"rotationMatrix":[-0.77423948,0.63289243,0,-0.63289243,-0.77423948,0,0,0,0.999999881],"scale":0.843206227,"type":"wca_rock5"}
{"pos":[442.792145,-512.412842,152.647293],"rotationMatrix":[0.840995848,0.541041493,0,-0.541041493,0.840995848,0,0,0,0.999999881],"scale":1.17963338,"type":"wca_rock5"}
{"pos":[440.958801,-513.440918,152.823517],"rotationMatrix":[-0.302242935,0.953230798,0,-0.953230798,-0.302242935,0,0,0,0.999999881],"scale":1.53123069,"type":"wca_rock5"}
{"pos":[439.603668,-513.383118,152.618637],"rotationMatrix":[0.402424932,-0.915452898,0,0.915452898,0.402424932,0,0,0,0.999999881],"scale":1.20709229,"type":"wca_rock5"}
{"pos":[440.861481,-514.956726,153.193558],"rotationMatrix":[-0.210996985,0.97748661,0,-0.97748661,-0.210996985,0,0,0,0.999999881],"scale":0.865920901,"type":"wca_rock5"}
{"pos":[442.7341,-517.140076,153.940491],"rotationMatrix":[-0.779291153,0.626661897,0,-0.626661897,-0.779291153,0,0,0,0.999999881],"scale":0.948536873,"type":"wca_rock5"}
{"pos":[437.328217,-520.38501,154.631088],"rotationMatrix":[-0.958629787,-0.28465575,0,0.28465575,-0.958629787,0,0,0,0.999999881],"scale":1.30053377,"type":"wca_rock5"}
{"pos":[438.44281,-520.648193,154.917801],"rotationMatrix":[-0.833372414,0.552711725,0,-0.552711725,-0.833372414,0,0,0,0.999999881],"scale":0.999517262,"type":"wca_rock5"}
{"pos":[439.075714,-522.693359,155.611679],"rotationMatrix":[-0.586098552,-0.810239613,0,0.810239613,-0.586098552,0,0,0,0.999999881],"scale":1.58131576,"type":"wca_rock5"}
{"pos":[438.864319,-524.939575,156.494736],"rotationMatrix":[-0.591874957,0.806029558,0,-0.806029558,-0.591874957,0,0,0,0.999999881],"scale":0.964919686,"type":"wca_rock5"}
{"pos":[438.959106,-522.343689,155.651413],"rotationMatrix":[0.528189659,0.849126399,0,-0.849126399,0.528189659,0,0,0,0.999999881],"scale":1.2054671,"type":"wca_rock5"}
{"pos":[438.268311,-524.677185,156.276169],"rotationMatrix":[0.67855674,-0.734547853,0,0.734547853,0.67855674,0,0,0,0.999999881],"scale":1.10795557,"type":"wca_rock5"}
{"pos":[442.084534,-528.160461,158.14473],"rotationMatrix":[-0.483272254,0.875469983,0,-0.875469983,-0.483272254,0,0,0,0.999999881],"scale":1.37757063,"type":"wca_rock5"}
{"pos":[443.270569,-529.209839,158.009308],"rotationMatrix":[0.525444984,0.850827575,0,-0.850827575,0.525444984,0,0,0,0.999999881],"scale":1.23919499,"type":"wca_rock5"}
{"pos":[441.929199,-531.972717,159.498047],"rotationMatrix":[0.288917303,-0.95735395,0,0.95735395,0.288917303,0,0,0,0.999999881],"scale":1.09507787,"type":"wca_rock5"}
{"pos":[440.369415,-530.250122,158.37738],"rotationMatrix":[0.227634549,-0.973746538,0,0.973746538,0.227634549,0,0,0,0.999999881],"scale":1.52905965,"type":"wca_rock5"}
{"pos":[439.305695,-532.44635,159.158249],"rotationMatrix":[-0.999728441,0.0233005323,0,-0.0233005323,-0.999728441,0,0,0,0.999999881],"scale":1.09953058,"type":"wca_rock5"}
{"pos":[440.423828,-532.736206,159.837463],"rotationMatrix":[0.0750432983,-0.997180164,0,0.997180164,0.0750432983,0,0,0,0.999999881],"scale":0.950701475,"type":"wca_rock5"}
{"pos":[444.428772,-535.666138,161.030548],"rotationMatrix":[0.188533202,0.98206681,0,-0.98206681,0.188533202,0,0,0,0.999999881],"scale":1.39682758,"type":"wca_rock5"}
{"pos":[441.618011,-533.681885,159.606186],"rotationMatrix":[-0.614351332,0.78903234,0,-0.78903234,-0.614351332,0,0,0,0.999999881],"scale":1.40355134,"type":"wca_rock5"}
{"pos":[437.411987,-538.765686,161.905762],"rotationMatrix":[0.586376965,0.810038269,0,-0.810038269,0.586376965,0,0,0,0.999999881],"scale":0.914307415,"type":"wca_rock5"}
{"pos":[437.804352,-537.053162,161.405777],"rotationMatrix":[0.690585792,0.723250449,0,-0.723250449,0.690585792,0,0,0,0.999999881],"scale":0.845037341,"type":"wca_rock5"}
{"pos":[438.329132,-536.117249,160.805725],"rotationMatrix":[-0.934363544,-0.356321067,0,0.356321067,-0.934363544,0,0,0,0.999999881],"scale":1.11608315,"type":"wca_rock5"}
{"pos":[437.106598,-537.915222,161.351639],"rotationMatrix":[-0.952602804,-0.304216653,0,0.304216653,-0.952602804,0,0,0,0.999999881],"scale":1.27669001,"type":"wca_rock5"}
{"pos":[438.364349,-538.360107,161.584167],"rotationMatrix":[-0.959108889,-0.283036947,0,0.283036947,-0.959108889,0,0,0,0.999999881],"scale":0.958019078,"type":"wca_rock5"}
{"pos":[438.976501,-536.86676,161.004166],"rotationMatrix":[0.999806643,0.019657122,0,-0.019657122,0.999806643,0,0,0,0.999999881],"scale":1.0677371,"type":"wca_rock5"}
{"pos":[444.907776,-545.046631,165.087479],"rotationMatrix":[-0.908610642,0.417643994,0,-0.417643994,-0.908610642,0,0,0,0.999999881],"scale":0.907885671,"type":"wca_rock5"}
{"pos":[444.544678,-544.938599,165.195007],"rotationMatrix":[0.641135931,-0.767427146,0,0.767427146,0.641135931,0,0,0,0.999999881],"scale":1.46148992,"type":"wca_rock5"}
{"pos":[439.72052,-539.952148,162.163208],"rotationMatrix":[0.149845734,0.988709331,0,-0.988709331,0.149845734,0,0,0,0.999999881],"scale":1.10401356,"type":"wca_rock5"}
{"pos":[439.958405,-537.48407,161.594849],"rotationMatrix":[0.50769031,0.861539662,0,-0.861539662,0.50769031,0,0,0,0.999999881],"scale":1.40542841,"type":"wca_rock5"}
{"pos":[438.17746,-539.854004,162.027054],"rotationMatrix":[-0.149564654,-0.988751829,0,0.988751829,-0.149564654,0,0,0,0.999999881],"scale":1.1023922,"type":"wca_rock5"}
{"pos":[437.229797,-538.740417,161.972855],"rotationMatrix":[-0.268177152,0.963369548,0,-0.963369548,-0.268177152,0,0,0,0.999999881],"scale":1.08884335,"type":"wca_rock5"}
{"pos":[444.535309,-543.43396,163.970032],"rotationMatrix":[0.0918538049,-0.995772421,0,0.995772421,0.0918538049,0,0,0,0.999999881],"scale":1.08892083,"type":"wca_rock5"}
{"pos":[444.280518,-545.364258,165.275574],"rotationMatrix":[-0.819485009,-0.573100388,0,0.573100388,-0.819485009,0,0,0,0.999999881],"scale":0.830854774,"type":"wca_rock5"}
{"pos":[440.932678,-506.167023,152.849518],"rotationMatrix":[0.946094096,0.32389164,0,-0.32389164,0.946094096,0,0,0,0.999999881],"scale":1.47633934,"type":"wca_rock5"}
{"pos":[435.396179,-516.846924,153.907822],"rotationMatrix":[0.270949155,0.962593615,0,-0.962593615,0.270949155,0,0,0,0.999999881],"scale":1.10652947,"type":"wca_rock5"}
{"pos":[436.039062,-515.26825,153.839401],"rotationMatrix":[-0.451620698,0.892209888,0,-0.892209888,-0.451620698,0,0,0,0.999999881],"scale":1.01530254,"type":"wca_rock5"}
