{"pos":[921.990356,-350.240479,157.600693],"rotationMatrix":[-0.909052014,0.416682571,0,-0.416682571,-0.909052014,0,0,0,0.999999881],"scale":1.37494707,"type":"wca_rock3"}
{"pos":[922.999512,-346.455505,157.403091],"rotationMatrix":[0.544024408,0.839069366,0,-0.839069366,0.544024408,0,0,0,0.999999881],"scale":1.22833693,"type":"wca_rock3"}
{"pos":[921.395874,-347.3862,157.881226],"rotationMatrix":[-0.97321254,0.229907185,0,-0.229907185,-0.97321254,0,0,0,0.999999881],"scale":0.982097626,"type":"wca_rock3"}
{"pos":[923.158936,-350.178406,157.952469],"rotationMatrix":[0.547709227,0.83666873,0,-0.83666873,0.547709227,0,0,0,0.999999881],"scale":1.02963626,"type":"wca_rock3"}
{"pos":[924.317017,-350.234436,157.951797],"rotationMatrix":[0.47217086,0.881507039,0,-0.881507039,0.47217086,0,0,0,0.999999881],"scale":1.4059422,"type":"wca_rock3"}
{"pos":[923.041809,-347.351654,157.305923],"rotationMatrix":[-0.95733422,0.288982749,0,-0.288982749,-0.95733422,0,0,0,0.999999881],"scale":1.53325665,"type":"wca_rock3"}
{"pos":[922.567139,-349.275269,157.913589],"rotationMatrix":[0.999793172,0.0203336198,0,-0.0203336198,0.999793172,0,0,0,0.999999881],"scale":1.19242644,"type":"wca_rock3"}
{"pos":[921.80426,-347.632477,158.150818],"rotationMatrix":[0.99903661,0.0438814461,0,-0.0438814461,0.99903661,0,0,0,0.999999881],"scale":1.4819088,"type":"wca_rock3"}
{"pos":[923.233276,-348.361786,157.94809],"rotationMatrix":[-0.0415027924,-0.999138296,0,0.999138296,-0.0415027924,0,0,0,0.999999881],"scale":1.00258946,"type":"wca_rock3"}
{"pos":[921.9646,-350.808868,158.295975],"rotationMatrix":[-0.650646329,0.759380639,0,-0.759380639,-0.650646329,0,0,0,0.999999881],"scale":1.47862685,"type":"wca_rock3"}
{"pos":[936.758606,-344.999969,156.12822],"rotationMatrix":[0.348843873,-0.937180758,0,0.937180758,0.348843873,0,0,0,0.999999881],"scale":1.36226606,"type":"wca_rock3"}
{"pos":[936.045044,-346.040833,156.153168],"rotationMatrix":[0.603015244,0.797729611,0,-0.797729611,0.603015244,0,0,0,0.999999881],"scale":1.2859695,"type":"wca_rock3"}
{"pos":[938.001831,-343.516235,156.126495],"rotationMatrix":[0.376042873,-0.926602066,0,0.926602066,0.376042873,0,0,0,0.999999881],"scale":1.58663821,"type":"wca_rock3"}
{"pos":[905.754639,-319.110596,161.522659],"rotationMatrix":[-0.0478578918,0.998854041,0,-0.998854041,-0.0478578918,0,0,0,0.999999881],"scale":1.19724262,"type":"wca_rock3"}
{"pos":[904.468323,-321.218231,162.826065],"rotationMatrix":[0.955005825,0.296586871,0,-0.296586871,0.955005825,0,0,0,0.999999881],"scale":1.29228854,"type":"wca_rock3"}
{"pos":[908.002625,-319.814636,160.821609],"rotationMatrix":[0.845302522,0.53428793,0,-0.53428793,0.845302522,0,0,0,0.999999881],"scale":0.94130075,"type":"wca_rock3"}
{"pos":[909.6521,-319.009369,159.698761],"rotationMatrix":[-0.822004855,0.56948036,0,-0.56948036,-0.822004855,0,0,0,0.999999881],"scale":1.56273651,"type":"wca_rock3"}
{"pos":[907.924988,-319.455719,160.940414],"rotationMatrix":[-0.910723984,-0.413015574,0,0.413015574,-0.910723984,0,0,0,0.999999881],"scale":1.31779408,"type":"wca_rock3"}
{"pos":[909.154968,-319.841705,159.928818],"rotationMatrix":[0.925376236,-0.379049689,0,0.379049689,0.925376236,0,0,0,0.999999881],"scale":0.882567704,"type":"wca_rock3"}
{"pos":[908.821594,-315.225311,159.037766],"rotationMatrix":[-0.5962286,-0.802814662,0,0.802814662,-0.5962286,0,0,0,0.999999881],"scale":0.88948971,"type":"wca_rock3"}
{"pos":[907.768555,-315.215881,158.473984],"rotationMatrix":[0.638126671,-0.769931197,0,0.769931197,0.638126671,0,0,0,0.999999881],"scale":1.48342431,"type":"wca_rock3"}
{"pos":[903.276794,-318.192108,162.607712],"rotationMatrix":[0.618355513,-0.785898268,0,0.785898268,0.618355513,0,0,0,0.999999881],"scale":1.16434574,"type":"wca_rock3"}
{"pos":[903.937683,-321.46106,163.061356],"rotationMatrix":[0.869958699,0.493124545,0,-0.493124545,0.869958699,0,0,0,0.999999881],"scale":1.05010605,"type":"wca_rock3"}
{"pos":[901.015503,-320.859558,163.856567],"rotationMatrix":[-0.288908333,-0.957356691,0,0.957356691,-0.288908333,0,0,0,0.999999881],"scale":1.13998222,"type":"wca_rock3"}
{"pos":[908.484192,-320.555969,160.497986],"rotationMatrix":[-0.611573935,-0.791187108,0,0.791187108,-0.611573935,0,0,0,0.999999881],"scale":1.43985116,"type":"wca_rock3"}
{"pos":[893.579773,-319.35321,162.964798],"rotationMatrix":[-0.994460881,-0.105106547,0,0.105106547,-0.994460881,0,0,0,0.999999881],"scale":1.07210684,"type":"wca_rock3"}
{"pos":[899.992126,-317.285919,162.313766],"rotationMatrix":[-0.215960085,0.976402104,0,-0.976402104,-0.215960085,0,0,0,0.999999881],"scale":1.33090115,"type":"wca_rock3"}
{"pos":[897.45636,-317.59848,162.539871],"rotationMatrix":[0.671286166,-0.741198123,0,0.741198123,0.671286166,0,0,0,0.999999881],"scale":1.39671671,"type":"wca_rock3"}
{"pos":[898.30835,-318.118835,163.731735],"rotationMatrix":[-0.411067516,0.911604762,0,-0.911604762,-0.411067516,0,0,0,0.999999881],"scale":1.58510149,"type":"wca_rock3"}
{"pos":[899.329041,-319.094208,164.384598],"rotationMatrix":[-0.371801913,-0.928312063,0,0.928312063,-0.371801913,0,0,0,0.999999881],"scale":0.941237569,"type":"wca_rock3"}
{"pos":[900.103455,-315.078522,159.640656],"rotationMatrix":[-0.929871976,0.367882878,0,-0.367882878,-0.929871976,0,0,0,0.999999881],"scale":1.46538532,"type":"wca_rock3"}
{"pos":[898.447266,-313.212463,158.891678],"rotationMatrix":[0.75141257,0.659832656,0,-0.659832656,0.75141257,0,0,0,0.999999881],"scale":1.06090748,"type":"wca_rock3"}
{"pos":[899.706482,-313.069977,158.80835],"rotationMatrix":[-0.574279368,0.818659127,0,-0.818659127,-0.574279368,0,0,0,0.999999881],"scale":0.867865086,"type":"wca_rock3"}
{"pos":[842.122559,-340.75058,159.182953],"rotationMatrix":[-0.946005404,0.324150592,0,-0.324150592,-0.946005404,0,0,0,0.999999881],"scale":1.26942074,"type":"wca_rock3"}
{"pos":[840.858032,-341.339752,159.854431],"rotationMatrix":[0.0713672638,0.997449994,0,-0.997449994,0.0713672638,0,0,0,0.999999881],"scale":1.38690531,"type":"wca_rock3"}
{"pos":[831.662598,-347.175751,159.892776],"rotationMatrix":[0.98583132,0.167739272,0,-0.167739272,0.98583132,0,0,0,0.999999881],"scale":1.55896235,"type":"wca_rock3"}
{"pos":[829.529297,-347.332214,160.231842],"rotationMatrix":[0.868736207,-0.495274872,0,0.495274872,0.868736207,0,0,0,0.999999881],"scale":1.24150622,"type":"wca_rock3"}
{"pos":[831.075256,-348.495911,160.194305],"rotationMatrix":[0.982747376,0.184952497,0,-0.184952497,0.982747376,0,0,0,0.999999881],"scale":1.27046871,"type":"wca_rock3"}
{"pos":[440.855682,-505.139221,152.014847],"rotationMatrix":[-0.970367372,0.241633981,0,-0.241633981,-0.970367372,0,0,0,0.999999881],"scale":1.53066981,"type":"wca_rock3"}
{"pos":[439.442383,-506.684479,152.273773],"rotationMatrix":[-0.968366683,-0.249531299,0,0.249531299,-0.968366683,0,0,0,0.999999881],"scale":1.06674945,"type":"wca_rock3"}
{"pos":[440.390656,-505.937805,152.100677],"rotationMatrix":[0.961207807,-0.275824934,0,0.275824934,0.961207807,0,0,0,0.999999881],"scale":1.17200613,"type":"wca_rock3"}
{"pos":[435.484283,-505.39798,151.547012],"rotationMatrix":[-0.254902154,-0.966966748,0,0.966966748,-0.254902154,0,0,0,0.999999881],"scale":1.29912293,"type":"wca_rock3"}
{"pos":[437.147339,-506.224579,151.691849],"rotationMatrix":[0.937530816,-0.34790206,0,0.34790206,0.937530816,0,0,0,0.999999881],"scale":1.13885748,"type":"wca_rock3"}
{"pos":[439.192993,-509.537231,152.365631],"rotationMatrix":[0.664700329,-0.747110009,0,0.747110009,0.664700329,0,0,0,0.999999881],"scale":1.17157531,"type":"wca_rock3"}
{"pos":[437.806396,-509.908478,152.45903],"rotationMatrix":[0.933731377,-0.357974142,0,0.357974142,0.933731377,0,0,0,0.999999881],"scale":1.16485322,"type":"wca_rock3"}
{"pos":[439.06958,-510.484436,152.296707],"rotationMatrix":[0.764324903,0.6448313,0,-0.6448313,0.764324903,0,0,0,0.999999881],"scale":1.04778159,"type":"wca_rock3"}
{"pos":[440.715851,-513.868713,152.760788],"rotationMatrix":[-0.685067296,0.728479505,0,-0.728479505,-0.685067296,0,0,0,0.999999881],"scale":0.831256449,"type":"wca_rock3"}
{"pos":[442.944427,-516.771423,153.603409],"rotationMatrix":[0.399426937,0.916765034,0,-0.916765034,0.399426937,0,0,0,0.999999881],"scale":0.984204888,"type":"wca_rock3"}
{"pos":[441.39502,-518.202881,154.229477],"rotationMatrix":[-0.734366238,0.678753316,0,-0.678753316,-0.734366238,0,0,0,0.999999881],"scale":1.49572062,"type":"wca_rock3"}
{"pos":[440.527222,-519.545166,154.885574],"rotationMatrix":[-0.974430025,-0.224691138,0,0.224691138,-0.974430025,0,0,0,0.999999881],"scale":1.19840813,"type":"wca_rock3"}
{"pos":[440.516113,-520.28009,154.862915],"rotationMatrix":[0.348347813,0.937365353,0,-0.937365353,0.348347813,0,0,0,0.999999881],"scale":1.21779883,"type":"wca_rock3"}
{"pos":[438.924591,-520.785522,155.103088],"rotationMatrix":[-0.491795689,0.870710492,0,-0.870710492,-0.491795689,0,0,0,0.999999881],"scale":1.45621407,"type":"wca_rock3"}
{"pos":[439.385864,-520.393738,154.538315],"rotationMatrix":[-0.730644286,-0.682758152,0,0.682758152,-0.730644286,0,0,0,0.999999881],"scale":1.2664609,"type":"wca_rock3"}
{"pos":[439.858215,-523.876343,155.614258],"rotationMatrix":[-0.978848755,-0.204584852,0,0.204584852,-0.978848755,0,0,0,0.999999881],"scale":1.3941288,"type":"wca_rock3"}
{"pos":[441.898438,-525.400818,156.719467],"rotationMatrix":[-0.199195608,0.979959667,0,-0.979959667,-0.199195608,0,0,0,0.999999881],"scale":1.44223285,"type":"wca_rock3"}
{"pos":[442.238556,-523.891479,156.130722],"rotationMatrix":[-0.629515827,0.776987433,0,-0.776987433,-0.629515827,0,0,0,0.999999881],"scale":0.960823655,"type":"wca_rock3"}
{"pos":[443.443512,-525.492432,156.692856],"rotationMatrix":[0.431022108,-0.902341306,0,0.902341306,0.431022108,0,0,0,0.999999881],"scale":0.949648499,"type":"wca_rock3"}
{"pos":[445.255676,-527.65033,158.336243],"rotationMatrix":[-0.852350593,-0.522970617,0,0.522970617,-0.852350593,0,0,0,0.999999881],"scale":1.13295841,"type":"wca_rock3"}
{"pos":[443.695282,-528.844727,158.320786],"rotationMatrix":[0.400464892,-0.916311979,0,0.916311979,0.400464892,0,0,0,0.999999881],"scale":1.5937264,"type":"wca_rock3"}
{"pos":[441.323883,-529.195862,158.345734],"rotationMatrix":[0.088995479,-0.99603194,0,0.99603194,0.088995479,0,0,0,0.999999881],"scale":0.824055433,"type":"wca_rock3"}
{"pos":[443.867493,-529.508545,158.521439],"rotationMatrix":[0.148038372,-0.988981545,0,0.988981545,0.148038372,0,0,0,0.999999881],"scale":1.38020325,"type":"wca_rock3"}
{"pos":[439.383484,-531.180969,158.413589],"rotationMatrix":[-0.99998641,0.00519878091,0,-0.00519878091,-0.99998641,0,0,0,0.999999881],"scale":1.45514441,"type":"wca_rock3"}
{"pos":[439.5448,-534.28125,160.137314],"rotationMatrix":[-0.999901712,-0.0140148886,0,0.0140148886,-0.999901712,0,0,0,0.999999881],"scale":0.975322843,"type":"wca_rock3"}
{"pos":[438.539154,-532.183838,159.166382],"rotationMatrix":[-0.574668944,0.81838578,0,-0.81838578,-0.574668944,0,0,0,0.999999881],"scale":1.00740933,"type":"wca_rock3"}
{"pos":[440.913727,-532.354614,159.515747],"rotationMatrix":[0.384194225,-0.923252165,0,0.923252165,0.384194225,0,0,0,0.999999881],"scale":1.185709,"type":"wca_rock3"}
{"pos":[440.368958,-533.002075,159.684601],"rotationMatrix":[-0.414794564,-0.90991503,0,0.90991503,-0.414794564,0,0,0,0.999999881],"scale":1.15191746,"type":"wca_rock3"}
{"pos":[442.020996,-536.262573,161.383667],"rotationMatrix":[0.975301981,0.220875308,0,-0.220875308,0.975301981,0,0,0,0.999999881],"scale":1.24044335,"type":"wca_rock3"}
{"pos":[438.159454,-538.115906,161.380081],"rotationMatrix":[0.335268289,-0.942122519,0,0.942122519,0.335268289,0,0,0,0.999999881],"scale":0.803853214,"type":"wca_rock3"}
{"pos":[444.363495,-543.554321,164.379913],"rotationMatrix":[-0.705451369,0.708758056,0,-0.708758056,-0.705451369,0,0,0,0.999999881],"scale":0.953949809,"type":"wca_rock3"}
{"pos":[442.35556,-543.79364,164.097519],"rotationMatrix":[0.45572719,-0.890119493,0,0.890119493,0.45572719,0,0,0,0.999999881],"scale":0.984858036,"type":"wca_rock3"}
{"pos":[444.213715,-543.830444,163.911621],"rotationMatrix":[-0.912750423,-0.40851742,0,0.40851742,-0.912750423,0,0,0,0.999999881],"scale":1.43600869,"type":"wca_rock3"}
{"pos":[441.646362,-541.688782,163.624512],"rotationMatrix":[-0.949400008,0.314069301,0,-0.314069301,-0.949400008,0,0,0,0.999999881],"scale":1.47619629,"type":"wca_rock3"}
{"pos":[438.177368,-539.595764,161.986603],"rotationMatrix":[-0.195472315,-0.980709195,0,0.980709195,-0.195472315,0,0,0,0.999999881],"scale":1.28120601,"type":"wca_rock3"}
{"pos":[439.133789,-540.755066,162.511734],"rotationMatrix":[0.903110087,-0.429409057,0,0.429409057,0.903110087,0,0,0,0.999999881],"scale":0.991570711,"type":"wca_rock3"}
{"pos":[440.626434,-539.624084,162.535446],"rotationMatrix":[-0.0988552421,0.99510175,0,-0.99510175,-0.0988552421,0,0,0,0.999999881],"scale":0.994883299,"type":"wca_rock3"}
{"pos":[444.779633,-545.572571,164.808701],"rotationMatrix":[0.898529053,-0.438913703,0,0.438913703,0.898529053,0,0,0,0.999999881],"scale":1.44086146,"type":"wca_rock3"}
{"pos":[440.524506,-545.548889,165.147675],"rotationMatrix":[0.416029066,-0.90935123,0,0.90935123,0.416029066,0,0,0,0.999999881],"scale":0.809572577,"type":"wca_rock3"}
{"pos":[439.640045,-548.447388,165.651688],"rotationMatrix":[-0.999632239,0.027112823,0,-0.027112823,-0.999632239,0,0,0,0.999999881],"scale":1.30606103,"type":"wca_rock3"}
{"pos":[441.331421,-546.467041,165.231659],"rotationMatrix":[0.639108419,-0.76911658,0,0.76911658,0.639108419,0,0,0,0.999999881],"scale":0.849494219,"type":"wca_rock3"}
{"pos":[440.805939,-547.169495,165.602585],"rotationMatrix":[-0.993451774,0.114251763,0,-0.114251763,-0.993451774,0,0,0,0.999999881],"scale":1.37815523,"type":"wca_rock3"}
{"pos":[441.704773,-505.927643,152.755402],"rotationMatrix":[0.865301967,0.501250863,0,-0.501250863,0.865301967,0,0,0,0.999999881],"scale":1.56664002,"type":"wca_rock3"}
{"pos":[440.505951,-507.384369,152.43013],"rotationMatrix":[-0.631572068,-0.775317013,0,0.775317013,-0.631572068,0,0,0,0.999999881],"scale":1.34199977,"type":"wca_rock3"}
{"pos":[437.055939,-517.598511,154.338257],"rotationMatrix":[-0.294486433,-0.955655515,0,0.955655515,-0.294486433,0,0,0,0.999999881],"scale":0.968048692,"type":"wca_rock3"}
{"pos":[435.490387,-515.985901,154.032272],"rotationMatrix":[0.61131537,0.791387081,0,-0.791387081,0.61131537,0,0,0,0.999999881],"scale":1.0319103,"type":"wca_rock3"}
