{"name":"hillclimbr_start","class":"BeamNGTrigger","persistentId":"a5c99221-9d08-4499-aec1-180c6e6f8705","__parent":"hillclimb","position":[336.399048,-591.382568,147.181259],"luaFunction":"mainLevel.Greenlight","rotationMatrix":[0.933068991,-0.359697372,0,0.359697372,0.933068991,0,0,0,1],"scale":[1,6.15909195,5.98764658]}
{"name":"hillclimbr_finish","class":"BeamNGTrigger","persistentId":"2d94944c-9e29-46eb-aa3a-a7bec51abf57","__parent":"hillclimb","position":[424.941254,-625.950989,174.81395],"luaFunction":"mainLevel.Finishline","rotationMatrix":[0.964655757,-0.263513356,0,0.263513356,0.964655757,0,0,0,1],"scale":[1,8.67180824,13.779541]}
{"name":"hillclimbm_start","class":"BeamNGTrigger","persistentId":"5537cf1f-0b93-4188-ba02-3bf171761799","__parent":"hillclimb","position":[338.048584,-583.76123,148.861572],"luaFunction":"mainLevel.Greenlight","rotationMatrix":[0.981627047,-0.190808982,0,0.190808982,0.981627047,0,0,0,0.999999881],"scale":[1,6.15909195,4]}
{"name":"hillclimbl_start","class":"BeamNGTrigger","persistentId":"0a8a512f-f23d-48d1-91cc-229f8712344b","__parent":"hillclimb","position":[341.902679,-573.553284,149.277939],"luaFunction":"mainLevel.Greenlight","rotationMatrix":[0.990267992,-0.13917309,0,0.13917309,0.990267992,0,0,0,0.999999881],"scale":[1,6.15909195,5]}
{"name":"hillclimbl_zone","class":"BeamNGTrigger","persistentId":"93814f19-c28b-462a-8e4b-8b0c49d66912","__parent":"hillclimb","position":[386.961639,-580.201538,165],"luaFunction":"mainLevel.manageZone","rotationMatrix":[0.981627047,-0.190808982,0,0.190808982,0.981627047,0,0,0,0.999999881],"scale":[90,16,50]}
{"name":"hillclimbm_zone","class":"BeamNGTrigger","persistentId":"f373a299-66fd-4908-acf2-d4ca17553953","__parent":"hillclimb","position":[382.122314,-598.169922,165.276474],"luaFunction":"mainLevel.manageZone","rotationMatrix":[0.939692557,-0.342020094,0,0.342020094,0.939692557,0,0,0,0.999999881],"scale":[90,14,50]}
{"name":"hillclimbr_zone","class":"BeamNGTrigger","persistentId":"4d860e93-367b-44d1-9eb8-72854c40b431","__parent":"hillclimb","position":[382.260712,-608.084351,165.276474],"luaFunction":"mainLevel.manageZone","rotationMatrix":[0.939692557,-0.342020094,0,0.342020094,0.939692557,0,0,0,0.999999881],"scale":[95,14,50]}
{"name":"hillclimbm_finish","class":"BeamNGTrigger","persistentId":"bb60f663-0863-43bd-ac5f-218b0ccc9612","__parent":"hillclimb","position":[422.184723,-609.475403,176.9263],"luaFunction":"mainLevel.Finishline","rotationMatrix":[0.996194661,-0.0871557295,0,0.0871557295,0.996194661,0,0,0,0.999999881],"scale":[1,8.67180824,13.779541]}
{"name":"hillclimbl_finish","class":"BeamNGTrigger","persistentId":"c07108a8-bdd5-493d-8e9a-4ad96d6298e0","__parent":"hillclimb","position":[421.477173,-586.292297,180.135773],"luaFunction":"mainLevel.Finishline","rotationMatrix":[0.996194661,-0.0871557295,0,0.0871557295,0.996194661,0,0,0,0.999999881],"scale":[1,8.67180824,13.779541]}
{"name":"hillclimbl_stage","class":"BeamNGTrigger","persistentId":"02e1a8a3-7b80-4ca5-8a27-292d1743a9d4","__parent":"hillclimb","position":[341.025665,-573.435791,149.264038],"luaFunction":"mainLevel.Yellowlight","rotationMatrix":[0.990267992,-0.13917309,0,0.13917309,0.990267992,0,0,0,0.999999881],"scale":[0.934013009,6.15909195,5]}
{"name":"hillclimbm_stage","class":"BeamNGTrigger","persistentId":"ae681c06-d1b0-4a1f-8039-349318601270","__parent":"hillclimb","position":[337.229584,-583.659058,148.876312],"luaFunction":"mainLevel.Yellowlight","rotationMatrix":[0.981627047,-0.190808982,0,0.190808982,0.981627047,0,0,0,0.999999881],"scale":[0.780359983,6.15909195,4]}
{"name":"hillclimbr_stage","class":"BeamNGTrigger","persistentId":"65271fb9-1cbf-42db-a168-13f839d57798","__parent":"hillclimb","position":[335.704956,-591.087097,147.261536],"luaFunction":"mainLevel.Yellowlight","rotationMatrix":[0.933068991,-0.359697372,0,0.359697372,0.933068991,0,0,0,1],"scale":[0.93116498,6.15909195,5.98764658]}
