//--- OBJECT WRITE BEGIN ---
$ThisPrefab = new SimGroup() {
   canSave = "1";
   canSaveDynamicFields = "1";
      groupPosition = "0 0 0";

   new TSStatic() {
      shapeName = "/levels/west_coast_usa/art/shapes/objects/s_gm_pipe_concrete_d30.dae";
      dynamic = "0";
      playAmbient = "1";
      meshCulling = "0";
      originSort = "0";
      useInstanceRenderData = "1";
      instanceColor = "White";
      instanceColor1 = "White";
      instanceColor2 = "White";
      collisionType = "Collision Mesh";
      decalType = "Collision Mesh";
      prebuildCollisionData = "0";
      renderNormals = "0";
      forceDetail = "-1";
      position = "-487.606842 637.80896 82.6031189";
      scale = "1 1 1";
      rotationMatrix = "0.697094023 0.70576632 -0.126307905 -0.0896274447 -0.0890058279 -0.991990209 -0.711355567 0.70283103 0.00121062994";
      isRenderEnabled = "false";
      canSave = "1";
      canSaveDynamicFields = "1";
   };
   new TSStatic() {
      shapeName = "/levels/west_coast_usa/art/shapes/objects/sandbarrel.dae";
      dynamic = "0";
      playAmbient = "1";
      meshCulling = "0";
      originSort = "0";
      useInstanceRenderData = "1";
      instanceColor = "White";
      instanceColor1 = "White";
      instanceColor2 = "White";
      collisionType = "Collision Mesh";
      decalType = "Collision Mesh";
      prebuildCollisionData = "0";
      renderNormals = "0";
      forceDetail = "-1";
      position = "-486.782043 637.543457 82.378418";
      scale = "1 1 1";
      rotationMatrix = "0.735563755 -0.677449703 -0.00278850272 0.671639681 0.729781151 -0.127747953 0.0885778368 0.0920938849 0.991802752";
      isRenderEnabled = "false";
      canSave = "1";
      canSaveDynamicFields = "1";
   };
   new TSStatic() {
      shapeName = "/levels/west_coast_usa/art/shapes/objects/s_gm_pipe_concrete_d60.dae";
      dynamic = "0";
      playAmbient = "1";
      meshCulling = "0";
      originSort = "0";
      useInstanceRenderData = "1";
      instanceColor = "White";
      instanceColor1 = "White";
      instanceColor2 = "White";
      collisionType = "Collision Mesh";
      decalType = "Collision Mesh";
      prebuildCollisionData = "0";
      renderNormals = "0";
      forceDetail = "-1";
      position = "-488.349304 638.131836 82.7806244";
      scale = "1 1 1";
      rotationMatrix = "0.695365071 -0.718654752 0.0016067028 0.241075039 0.231155276 -0.942576051 0.677015543 0.6558218 0.333987117";
      isRenderEnabled = "false";
      canSave = "1";
      canSaveDynamicFields = "1";
   };
   new TSStatic() {
      shapeName = "/levels/west_coast_usa/art/shapes/objects/s_gm_pipe_concrete_d60.dae";
      dynamic = "0";
      playAmbient = "1";
      meshCulling = "0";
      originSort = "0";
      useInstanceRenderData = "1";
      instanceColor = "White";
      instanceColor1 = "White";
      instanceColor2 = "White";
      collisionType = "Collision Mesh";
      decalType = "Collision Mesh";
      prebuildCollisionData = "0";
      renderNormals = "0";
      forceDetail = "-1";
      position = "-488.744598 637.649841 82.8616562";
      scale = "1 1 1";
      rotationMatrix = "0.69536531 -0.718654573 0.00160656869 0.602725923 0.584408164 0.54331249 -0.391392946 -0.376832306 0.839528978";
      isRenderEnabled = "false";
      canSave = "1";
      canSaveDynamicFields = "1";
   };
   new TSStatic() {
      shapeName = "/levels/west_coast_usa/art/shapes/objects/s_gm_pipe_concrete_d60.dae";
      dynamic = "0";
      playAmbient = "1";
      meshCulling = "0";
      originSort = "0";
      useInstanceRenderData = "1";
      instanceColor = "White";
      instanceColor1 = "White";
      instanceColor2 = "White";
      collisionType = "Collision Mesh";
      decalType = "Collision Mesh";
      prebuildCollisionData = "0";
      renderNormals = "0";
      forceDetail = "-1";
      position = "-488.630219 638.06665 83.3252258";
      scale = "1 1 1";
      rotationMatrix = "0.69536531 -0.718654573 0.00160657428 -0.717283666 -0.694173336 -0.0602262579 0.0443971232 0.0407268815 -0.99818325";
      isRenderEnabled = "false";
      canSave = "1";
      canSaveDynamicFields = "1";
   };
   new TSStatic() {
      shapeName = "/levels/west_coast_usa/art/shapes/objects/s_gm_pipe_concrete_d30.dae";
      dynamic = "0";
      playAmbient = "1";
      meshCulling = "0";
      originSort = "0";
      useInstanceRenderData = "1";
      instanceColor = "White";
      instanceColor1 = "White";
      instanceColor2 = "White";
      collisionType = "Collision Mesh";
      decalType = "Collision Mesh";
      prebuildCollisionData = "0";
      renderNormals = "0";
      forceDetail = "-1";
      position = "-486.081787 636.283081 82.5984879";
      scale = "1 1 1";
      rotationMatrix = "0.747849703 0.651910901 -0.125430673 -0.0899640322 -0.0876767635 -0.992078185 -0.65774405 0.753209591 -0.00692045689";
      isRenderEnabled = "false";
      canSave = "1";
      canSaveDynamicFields = "1";
   };
   new TSStatic() {
      shapeName = "/levels/west_coast_usa/art/shapes/objects/s_gm_pipe_concrete_d60.dae";
      dynamic = "0";
      playAmbient = "1";
      meshCulling = "0";
      originSort = "0";
      useInstanceRenderData = "1";
      instanceColor = "White";
      instanceColor1 = "White";
      instanceColor2 = "White";
      collisionType = "Collision Mesh";
      decalType = "Collision Mesh";
      prebuildCollisionData = "0";
      renderNormals = "0";
      forceDetail = "-1";
      position = "-687.279236 455.243439 124.422401";
      scale = "1 1 1";
      rotationMatrix = "0.695602477 -0.718418062 0.00357433176 -0.718214333 -0.6952672 0.0277842805 -0.0174756125 -0.021893952 -0.999607801";
      isRenderEnabled = "false";
      canSave = "1";
      canSaveDynamicFields = "1";
   };
   new TSStatic() {
      shapeName = "/levels/west_coast_usa/art/shapes/objects/s_gm_pipe_concrete_d60.dae";
      dynamic = "0";
      playAmbient = "1";
      meshCulling = "0";
      originSort = "0";
      useInstanceRenderData = "1";
      instanceColor = "White";
      instanceColor1 = "White";
      instanceColor2 = "White";
      collisionType = "Collision Mesh";
      decalType = "Collision Mesh";
      prebuildCollisionData = "0";
      renderNormals = "0";
      forceDetail = "-1";
      position = "-686.703369 455.495056 124.292747";
      scale = "1 1 1";
      rotationMatrix = "0.695602417 -0.718418002 0.00357432663 0.633963108 0.616155028 0.46737963 -0.337976336 -0.322844386 0.884049475";
      isRenderEnabled = "false";
      canSave = "1";
      canSaveDynamicFields = "1";
   };
   new TSStatic() {
      shapeName = "/levels/west_coast_usa/art/shapes/objects/s_gm_pipe_concrete_d60.dae";
      dynamic = "0";
      playAmbient = "1";
      meshCulling = "0";
      originSort = "0";
      useInstanceRenderData = "1";
      instanceColor = "White";
      instanceColor1 = "White";
      instanceColor2 = "White";
      collisionType = "Collision Mesh";
      decalType = "Collision Mesh";
      prebuildCollisionData = "0";
      renderNormals = "0";
      forceDetail = "-1";
      position = "-686.314819 455.970245 124.157433";
      scale = "1 1 1";
      rotationMatrix = "0.695602417 -0.718418002 0.00357434154 0.181874007 0.171280563 -0.968289495 0.69502449 0.674194574 0.249804795";
      isRenderEnabled = "false";
      canSave = "1";
      canSaveDynamicFields = "1";
   };
   new TSStatic() {
      shapeName = "/levels/west_coast_usa/art/shapes/objects/sandbarrel.dae";
      dynamic = "0";
      playAmbient = "1";
      meshCulling = "0";
      originSort = "0";
      useInstanceRenderData = "1";
      instanceColor = "White";
      instanceColor1 = "White";
      instanceColor2 = "White";
      collisionType = "Collision Mesh";
      decalType = "Collision Mesh";
      prebuildCollisionData = "0";
      renderNormals = "0";
      forceDetail = "-1";
      position = "-684.455078 455.060883 123.69416";
      scale = "1 1 1";
      rotationMatrix = "0.741809368 -0.669109881 0.0448426753 0.662323415 0.720522165 -0.205366895 0.105102852 0.182043448 0.977657199";
      isRenderEnabled = "false";
      canSave = "1";
      canSaveDynamicFields = "1";
   };
   new TSStatic() {
      shapeName = "/levels/west_coast_usa/art/shapes/objects/s_gm_pipe_concrete_d30.dae";
      dynamic = "0";
      playAmbient = "1";
      meshCulling = "0";
      originSort = "0";
      useInstanceRenderData = "1";
      instanceColor = "White";
      instanceColor1 = "White";
      instanceColor2 = "White";
      collisionType = "Collision Mesh";
      decalType = "Collision Mesh";
      prebuildCollisionData = "0";
      renderNormals = "0";
      forceDetail = "-1";
      position = "-685.584106 455.63559 123.954918";
      scale = "1 1 1";
      rotationMatrix = "0.686508656 0.695202112 -0.213072568 -0.150595635 -0.150739312 -0.977035642 -0.711355686 0.702831149 0.00121062994";
      isRenderEnabled = "false";
      canSave = "1";
      canSaveDynamicFields = "1";
   };
   new TSStatic() {
      shapeName = "/levels/west_coast_usa/art/shapes/objects/s_gm_pipe_concrete_d30.dae";
      dynamic = "0";
      playAmbient = "1";
      meshCulling = "0";
      originSort = "0";
      useInstanceRenderData = "1";
      instanceColor = "White";
      instanceColor1 = "White";
      instanceColor2 = "White";
      collisionType = "Collision Mesh";
      decalType = "Collision Mesh";
      prebuildCollisionData = "0";
      renderNormals = "0";
      forceDetail = "-1";
      position = "-684.059143 454.109528 123.951485";
      scale = "1 1 1";
      rotationMatrix = "0.73733151 0.641414225 -0.211966917 -0.150939807 -0.149417162 -0.977185547 -0.658452213 0.752503932 -0.0133550167";
      isRenderEnabled = "false";
      canSave = "1";
      canSaveDynamicFields = "1";
   };
   new DecalRoad() {
      drivability = "-1";
      lanesLeft = "1";
      lanesRight = "1";
      oneWay = "0";
      flipDirection = "0";
      gatedRoad = "0";
      useSubdivisions = "1";
      ImprovedSpline = "1";
      startTangent = "0";
      endTangent = "0";
      looped = "0";
      smoothness = "0.5";
      detail = "0.100000001";
      overObjects = "0";
      material = "road_dirt_tracks";
      textureLength = "25";
      breakAngle = "3";
      renderPriority = "1";
      zBias = "0";
      decalBias = "0.000500000024";
      distanceFade = "0 0";
      startEndFade = "5 5";
      hiddenInNavi = "0";
      position = "-496.042938 627.838806 84.0313416";
      scale = "1 1 1";
      rotationMatrix = "1 0 0 0 1 0 0 0 1";
      canSave = "1";
      canSaveDynamicFields = "1";

      Node = "-496.042938 627.838806 84.031342 7.000000";
      Node = "-479.735046 644.073181 81.164185 7.000000";
   };
   new TSStatic() {
      shapeName = "/levels/west_coast_usa/art/shapes/objects/construction_sign_big_a.DAE";
      dynamic = "0";
      playAmbient = "1";
      meshCulling = "0";
      originSort = "0";
      useInstanceRenderData = "1";
      instanceColor = "White";
      instanceColor1 = "White";
      instanceColor2 = "White";
      collisionType = "Collision Mesh";
      decalType = "Collision Mesh";
      prebuildCollisionData = "0";
      renderNormals = "0";
      forceDetail = "-1";
      position = "-488.66568 634.238464 82.83638";
      scale = "1 1 1";
      rotationMatrix = "0.105505109 -0.991160333 0.0804371238 0.990330279 0.0973995328 -0.0987900421 0.0900822133 0.090082176 0.991851985";
      isRenderEnabled = "false";
      canSave = "1";
      canSaveDynamicFields = "1";
   };
   new DecalRoad() {
      drivability = "-1";
      lanesLeft = "1";
      lanesRight = "1";
      oneWay = "0";
      flipDirection = "0";
      gatedRoad = "0";
      useSubdivisions = "1";
      ImprovedSpline = "1";
      startTangent = "0";
      endTangent = "0";
      looped = "0";
      smoothness = "0.5";
      detail = "0.100000001";
      overObjects = "0";
      material = "road_gravel";
      textureLength = "15";
      breakAngle = "3";
      renderPriority = "2";
      zBias = "0";
      decalBias = "0.000500000024";
      distanceFade = "0 0";
      startEndFade = "7 12";
      hiddenInNavi = "0";
      position = "-863.761597 257.81076 159.423752";
      scale = "1 1 1";
      rotationMatrix = "1 0 0 0 1 0 0 0 1";
      canSave = "1";
      canSaveDynamicFields = "1";

      Node = "-863.761597 257.810760 159.423752 7.000000";
      Node = "-849.158875 273.462799 159.386551 7.000000";
   };
   new DecalRoad() {
      drivability = "-1";
      lanesLeft = "1";
      lanesRight = "1";
      oneWay = "0";
      flipDirection = "0";
      gatedRoad = "0";
      useSubdivisions = "1";
      ImprovedSpline = "1";
      startTangent = "0";
      endTangent = "0";
      looped = "0";
      smoothness = "0.5";
      detail = "0.100000001";
      overObjects = "0";
      material = "road_gravel";
      textureLength = "15";
      breakAngle = "3";
      renderPriority = "2";
      zBias = "0";
      decalBias = "0.000500000024";
      distanceFade = "0 0";
      startEndFade = "7 12";
      hiddenInNavi = "0";
      position = "-832.712646 309.255371 154.377365";
      scale = "1 1 1";
      rotationMatrix = "1 0 0 0 1 0 0 0 1";
      canSave = "1";
      canSaveDynamicFields = "1";

      Node = "-832.712646 309.255371 154.377365 7.000000";
      Node = "-817.308167 324.268494 151.294144 7.000000";
   };
   new DecalRoad() {
      drivability = "-1";
      lanesLeft = "1";
      lanesRight = "1";
      oneWay = "0";
      flipDirection = "0";
      gatedRoad = "0";
      useSubdivisions = "1";
      ImprovedSpline = "1";
      startTangent = "0";
      endTangent = "0";
      looped = "0";
      smoothness = "0.5";
      detail = "0.100000001";
      overObjects = "0";
      material = "road_gravel";
      textureLength = "15";
      breakAngle = "3";
      renderPriority = "2";
      zBias = "0";
      decalBias = "0.000500000024";
      distanceFade = "0 0";
      startEndFade = "7 12";
      hiddenInNavi = "0";
      position = "-453.014923 685.918274 75.171936";
      scale = "1 1 1";
      rotationMatrix = "1 0 0 0 1 0 0 0 1";
      canSave = "1";
      canSaveDynamicFields = "1";

      Node = "-453.014923 685.918274 75.171936 7.000000";
      Node = "-444.421600 694.670715 74.889320 7.000000";
   };
   new DecalRoad() {
      drivability = "-1";
      lanesLeft = "1";
      lanesRight = "1";
      oneWay = "0";
      flipDirection = "0";
      gatedRoad = "0";
      useSubdivisions = "1";
      ImprovedSpline = "1";
      startTangent = "0";
      endTangent = "0";
      looped = "0";
      smoothness = "0.5";
      detail = "0.100000001";
      overObjects = "0";
      material = "road_gravel";
      textureLength = "15";
      breakAngle = "3";
      renderPriority = "2";
      zBias = "0";
      decalBias = "0.000500000024";
      distanceFade = "0 0";
      startEndFade = "7 12";
      hiddenInNavi = "0";
      position = "-453.371704 696.725891 74.8875885";
      scale = "1 1 1";
      rotationMatrix = "1 0 0 0 1 0 0 0 1";
      canSave = "1";
      canSaveDynamicFields = "1";

      Node = "-453.371704 696.725891 74.887589 7.000000";
      Node = "-440.676575 709.958557 74.896103 7.000000";
   };
   new DecalRoad() {
      drivability = "-1";
      lanesLeft = "1";
      lanesRight = "1";
      oneWay = "0";
      flipDirection = "0";
      gatedRoad = "0";
      useSubdivisions = "1";
      ImprovedSpline = "1";
      startTangent = "0";
      endTangent = "0";
      looped = "0";
      smoothness = "0.5";
      detail = "0.100000001";
      overObjects = "0";
      material = "road_gravel";
      textureLength = "15";
      breakAngle = "3";
      renderPriority = "2";
      zBias = "0";
      decalBias = "0.000500000024";
      distanceFade = "0 0";
      startEndFade = "7 12";
      hiddenInNavi = "0";
      position = "-432.343384 710.247986 74.7989273";
      scale = "1 1 1";
      rotationMatrix = "1 0 0 0 1 0 0 0 1";
      canSave = "1";
      canSaveDynamicFields = "1";

      Node = "-432.343384 710.247986 74.798927 7.000000";
      Node = "-426.039795 704.167969 74.783089 7.000000";
   };
   new DecalRoad() {
      drivability = "-1";
      lanesLeft = "1";
      lanesRight = "1";
      oneWay = "0";
      flipDirection = "0";
      gatedRoad = "0";
      useSubdivisions = "1";
      ImprovedSpline = "1";
      startTangent = "0";
      endTangent = "0";
      looped = "0";
      smoothness = "0.5";
      detail = "0.100000001";
      overObjects = "0";
      material = "road_gravel";
      textureLength = "15";
      breakAngle = "3";
      renderPriority = "2";
      zBias = "0";
      decalBias = "0.000500000024";
      distanceFade = "0 0";
      startEndFade = "7 12";
      hiddenInNavi = "0";
      position = "-490.200378 634.004089 83.0010605";
      scale = "1 1 1";
      rotationMatrix = "1 0 0 0 1 0 0 0 1";
      canSave = "1";
      canSaveDynamicFields = "1";

      Node = "-490.200378 634.004089 83.001060 7.000000";
      Node = "-479.002838 645.487915 80.980637 7.000000";
   };
   new DecalRoad() {
      drivability = "-1";
      lanesLeft = "1";
      lanesRight = "1";
      oneWay = "0";
      flipDirection = "0";
      gatedRoad = "0";
      useSubdivisions = "1";
      ImprovedSpline = "1";
      startTangent = "0";
      endTangent = "0";
      looped = "0";
      smoothness = "0.5";
      detail = "0.100000001";
      overObjects = "0";
      material = "road_gravel";
      textureLength = "15";
      breakAngle = "3";
      renderPriority = "2";
      zBias = "0";
      decalBias = "0.000500000024";
      distanceFade = "0 0";
      startEndFade = "7 12";
      hiddenInNavi = "0";
      position = "-547.245361 576.828125 89.9309158";
      scale = "1 1 1";
      rotationMatrix = "1 0 0 0 1 0 0 0 1";
      canSave = "1";
      canSaveDynamicFields = "1";

      Node = "-547.245361 576.828125 89.930916 7.000000";
      Node = "-534.599915 588.646484 89.926979 7.000000";
   };
   new DecalRoad() {
      drivability = "-1";
      lanesLeft = "1";
      lanesRight = "1";
      oneWay = "0";
      flipDirection = "0";
      gatedRoad = "0";
      useSubdivisions = "1";
      ImprovedSpline = "1";
      startTangent = "0";
      endTangent = "0";
      looped = "0";
      smoothness = "0.5";
      detail = "0.100000001";
      overObjects = "0";
      material = "road_gravel";
      textureLength = "15";
      breakAngle = "3";
      renderPriority = "2";
      zBias = "0";
      decalBias = "0.000500000024";
      distanceFade = "0 0";
      startEndFade = "7 12";
      hiddenInNavi = "0";
      position = "-554.825562 583.238464 89.9570999";
      scale = "1 1 1";
      rotationMatrix = "1 0 0 0 1 0 0 0 1";
      canSave = "1";
      canSaveDynamicFields = "1";

      Node = "-554.825562 583.238464 89.957100 7.000000";
      Node = "-545.832764 592.387756 89.912621 7.000000";
   };
   new DecalRoad() {
      drivability = "-1";
      lanesLeft = "1";
      lanesRight = "1";
      oneWay = "0";
      flipDirection = "0";
      gatedRoad = "0";
      useSubdivisions = "1";
      ImprovedSpline = "1";
      startTangent = "0";
      endTangent = "0";
      looped = "0";
      smoothness = "0.5";
      detail = "0.100000001";
      overObjects = "0";
      material = "road_gravel";
      textureLength = "15";
      breakAngle = "3";
      renderPriority = "2";
      zBias = "0";
      decalBias = "0.000500000024";
      distanceFade = "0 0";
      startEndFade = "7 12";
      hiddenInNavi = "0";
      position = "-660.522034 478.859436 116.921249";
      scale = "1 1 1";
      rotationMatrix = "1 0 0 0 1 0 0 0 1";
      canSave = "1";
      canSaveDynamicFields = "1";

      Node = "-660.522034 478.859436 116.921249 7.000000";
      Node = "-647.906067 491.718781 116.863213 7.000000";
   };
   new DecalRoad() {
      drivability = "-1";
      lanesLeft = "1";
      lanesRight = "1";
      oneWay = "0";
      flipDirection = "0";
      gatedRoad = "0";
      useSubdivisions = "1";
      ImprovedSpline = "1";
      startTangent = "0";
      endTangent = "0";
      looped = "0";
      smoothness = "0.5";
      detail = "0.100000001";
      overObjects = "0";
      material = "road_gravel";
      textureLength = "15";
      breakAngle = "3";
      renderPriority = "2";
      zBias = "0";
      decalBias = "0.000500000024";
      distanceFade = "0 0";
      startEndFade = "7 12";
      hiddenInNavi = "0";
      position = "-714.832153 424.546539 133.050873";
      scale = "1 1 1";
      rotationMatrix = "1 0 0 0 1 0 0 0 1";
      canSave = "1";
      canSaveDynamicFields = "1";

      Node = "-714.832153 424.546539 133.050873 7.000000";
      Node = "-695.723816 443.498291 127.206955 7.000000";
   };
   new DecalRoad() {
      drivability = "-1";
      lanesLeft = "1";
      lanesRight = "1";
      oneWay = "0";
      flipDirection = "0";
      gatedRoad = "0";
      useSubdivisions = "1";
      ImprovedSpline = "1";
      startTangent = "0";
      endTangent = "0";
      looped = "0";
      smoothness = "0.5";
      detail = "0.100000001";
      overObjects = "0";
      material = "road_gravel";
      textureLength = "15";
      breakAngle = "3";
      renderPriority = "2";
      zBias = "0";
      decalBias = "0.000500000024";
      distanceFade = "0 0";
      startEndFade = "7 12";
      hiddenInNavi = "0";
      position = "-709.623657 416.097504 133.570389";
      scale = "1 1 1";
      rotationMatrix = "1 0 0 0 1 0 0 0 1";
      canSave = "1";
      canSaveDynamicFields = "1";

      Node = "-709.623657 416.097504 133.570389 7.000000";
      Node = "-696.230408 429.480408 129.462845 7.000000";
   };
   new DecalRoad() {
      drivability = "-1";
      lanesLeft = "1";
      lanesRight = "1";
      oneWay = "0";
      flipDirection = "0";
      gatedRoad = "0";
      useSubdivisions = "1";
      ImprovedSpline = "1";
      startTangent = "0";
      endTangent = "0";
      looped = "0";
      smoothness = "0.5";
      detail = "0.100000001";
      overObjects = "0";
      material = "road_gravel";
      textureLength = "15";
      breakAngle = "3";
      renderPriority = "2";
      zBias = "0";
      decalBias = "0.000500000024";
      distanceFade = "0 0";
      startEndFade = "7 12";
      hiddenInNavi = "0";
      position = "-758.876526 366.493469 143.207031";
      scale = "1 1 1";
      rotationMatrix = "1 0 0 0 1 0 0 0 1";
      canSave = "1";
      canSaveDynamicFields = "1";

      Node = "-758.876526 366.493469 143.207031 7.000000";
      Node = "-742.810120 382.633362 143.171555 7.000000";
   };
   new DecalRoad() {
      drivability = "-1";
      lanesLeft = "1";
      lanesRight = "1";
      oneWay = "0";
      flipDirection = "0";
      gatedRoad = "0";
      useSubdivisions = "1";
      ImprovedSpline = "1";
      startTangent = "0";
      endTangent = "0";
      looped = "0";
      smoothness = "0.5";
      detail = "0.100000001";
      overObjects = "0";
      material = "road_gravel";
      textureLength = "15";
      breakAngle = "3";
      renderPriority = "2";
      zBias = "0";
      decalBias = "0.000500000024";
      distanceFade = "0 0";
      startEndFade = "7 12";
      hiddenInNavi = "0";
      position = "-823.756287 301.84021 154.226288";
      scale = "1 1 1";
      rotationMatrix = "1 0 0 0 1 0 0 0 1";
      canSave = "1";
      canSaveDynamicFields = "1";

      Node = "-823.756287 301.840210 154.226288 7.000000";
      Node = "-807.487000 318.516235 150.880859 7.000000";
   };
   new BeamNGVehicle(barrel01) {
      JBeam = "trafficbarrel";
      color = "White";
      colorPalette0 = "White";
      colorPalette1 = "White";
      metallicPaintData[0] = "0.200000003 0.5 0.800000012 0";
      metallicPaintData[1] = "0.200000003 0.5 0.800000012 0";
      metallicPaintData[2] = "0.200000003 0.5 0.800000012 0";
      metallicPaintData[3] = "1 1 1 1";
      partConfig = "trafficbarrel";
      renderDistance = "500";
      renderFade = "0.100000001";
      dataBlock = "default_vehicle";
      position = "-822.615417 304.506897 153.841644";
      rotationMatrix = "-0.385989904 0.920957565 -0.0533799864 -0.917199492 -0.376931787 0.129104331 0.0987789929 0.0987930298 0.990193248";
      annotation = "CAR";
      canSave = "1";
      canSaveDynamicFields = "1";
         autoEnterVehicle = "true";
   };
   new BeamNGVehicle(barrel02) {
      JBeam = "trafficbarrel";
      color = "White";
      colorPalette0 = "White";
      colorPalette1 = "White";
      metallicPaintData[0] = "0.200000003 0.5 0.800000012 0";
      metallicPaintData[1] = "0.200000003 0.5 0.800000012 0";
      metallicPaintData[2] = "0.200000003 0.5 0.800000012 0";
      metallicPaintData[3] = "1 1 1 1";
      partConfig = "trafficbarrel";
      renderDistance = "500";
      renderFade = "0.100000001";
      dataBlock = "default_vehicle";
      position = "-824.601074 300.330292 154.468979";
      rotationMatrix = "-0.667761862 0.744335592 -0.00764934625 -0.737791836 -0.66045773 0.139494941 0.0987789854 0.0987930372 0.990193248";
      annotation = "CAR";
      canSave = "1";
      canSaveDynamicFields = "1";
         autoEnterVehicle = "true";
   };
   new BeamNGVehicle(barrel03) {
      JBeam = "trafficbarrel";
      color = "White";
      colorPalette0 = "White";
      colorPalette1 = "White";
      metallicPaintData[0] = "0.200000003 0.5 0.800000012 0";
      metallicPaintData[1] = "0.200000003 0.5 0.800000012 0";
      metallicPaintData[2] = "0.200000003 0.5 0.800000012 0";
      metallicPaintData[3] = "1 1 1 1";
      partConfig = "trafficbarrel";
      renderDistance = "500";
      renderFade = "0.100000001";
      dataBlock = "default_vehicle";
      position = "-754.829895 374.001526 143.187042";
      rotationMatrix = "-0.619421661 0.785058498 0 -0.785055578 -0.619419396 -0.00275047915 -0.00215928699 -0.00170370634 0.999996305";
      annotation = "CAR";
      canSave = "1";
      canSaveDynamicFields = "1";
         autoEnterVehicle = "true";
   };
   new BeamNGVehicle(barrel04) {
      JBeam = "trafficbarrel";
      color = "White";
      colorPalette0 = "White";
      colorPalette1 = "White";
      metallicPaintData[0] = "0.200000003 0.5 0.800000012 0";
      metallicPaintData[1] = "0.200000003 0.5 0.800000012 0";
      metallicPaintData[2] = "0.200000003 0.5 0.800000012 0";
      metallicPaintData[3] = "1 1 1 1";
      partConfig = "trafficbarrel";
      renderDistance = "500";
      renderFade = "0.100000001";
      dataBlock = "default_vehicle";
      position = "-707.86792 420.424225 132.625137";
      rotationMatrix = "-0.647139132 0.762034416 -0.0226819851 -0.746556163 -0.62740463 0.221398637 0.154482618 0.160209119 0.974919677";
      annotation = "CAR";
      canSave = "1";
      canSaveDynamicFields = "1";
         autoEnterVehicle = "true";
   };
   new BeamNGVehicle(barrel05) {
      JBeam = "trafficbarrel";
      color = "White";
      colorPalette0 = "White";
      colorPalette1 = "White";
      metallicPaintData[0] = "0.200000003 0.5 0.800000012 0";
      metallicPaintData[1] = "0.200000003 0.5 0.800000012 0";
      metallicPaintData[2] = "0.200000003 0.5 0.800000012 0";
      metallicPaintData[3] = "1 1 1 1";
      partConfig = "trafficbarrel";
      renderDistance = "500";
      renderFade = "0.100000001";
      dataBlock = "default_vehicle";
      position = "-648.116211 488.691071 116.883942";
      rotationMatrix = "-0.642164946 0.766566336 0.000411592715 -0.766566455 -0.642165065 -1.45519152e-11 0.000264310453 -0.0003155132 1";
      annotation = "CAR";
      canSave = "1";
      canSaveDynamicFields = "1";
         autoEnterVehicle = "true";
   };
   new BeamNGVehicle(barrel06) {
      JBeam = "trafficbarrel";
      color = "White";
      colorPalette0 = "White";
      colorPalette1 = "White";
      metallicPaintData[0] = "0.200000003 0.5 0.800000012 0";
      metallicPaintData[1] = "0.200000003 0.5 0.800000012 0";
      metallicPaintData[2] = "0.200000003 0.5 0.800000012 0";
      metallicPaintData[3] = "1 1 1 1";
      partConfig = "trafficbarrel";
      renderDistance = "500";
      renderFade = "0.100000001";
      dataBlock = "default_vehicle";
      position = "-585.905579 550.113159 99.1389923";
      rotationMatrix = "-0.674388826 0.738310456 -0.00986729376 -0.723003268 -0.657576263 0.21180138 0.149886653 0.149970546 0.977262914";
      annotation = "CAR";
      canSave = "1";
      canSaveDynamicFields = "1";
         autoEnterVehicle = "true";
   };
   new BeamNGVehicle(barrel07) {
      JBeam = "trafficbarrel";
      color = "White";
      colorPalette0 = "White";
      colorPalette1 = "White";
      metallicPaintData[0] = "0.200000003 0.5 0.800000012 0";
      metallicPaintData[1] = "0.200000003 0.5 0.800000012 0";
      metallicPaintData[2] = "0.200000003 0.5 0.800000012 0";
      metallicPaintData[3] = "1 1 1 1";
      partConfig = "trafficbarrel";
      renderDistance = "500";
      renderFade = "0.100000001";
      dataBlock = "default_vehicle";
      position = "-552.489319 585.941345 89.9208679";
      rotationMatrix = "-0.700610936 0.713540614 0.00202778843 -0.713543355 -0.700610042 -0.00125481619 0.000525326643 -0.00232605264 0.999997139";
      annotation = "CAR";
      canSave = "1";
      canSaveDynamicFields = "1";
         autoEnterVehicle = "true";
   };
   new BeamNGVehicle(barrel08) {
      JBeam = "trafficbarrel";
      color = "White";
      colorPalette0 = "White";
      colorPalette1 = "White";
      metallicPaintData[0] = "0.200000003 0.5 0.800000012 0";
      metallicPaintData[1] = "0.200000003 0.5 0.800000012 0";
      metallicPaintData[2] = "0.200000003 0.5 0.800000012 0";
      metallicPaintData[3] = "1 1 1 1";
      partConfig = "trafficbarrel";
      renderDistance = "500";
      renderFade = "0.100000001";
      dataBlock = "default_vehicle";
      position = "-518.213989 612.001648 87.3929977";
      rotationMatrix = "-0.735148013 0.677887738 0.00505946297 -0.672251284 -0.729956865 0.123455264 0.0873820111 0.0873566791 0.992337346";
      annotation = "CAR";
      canSave = "1";
      canSaveDynamicFields = "1";
         autoEnterVehicle = "true";
   };
   new BeamNGVehicle(barrel09) {
      JBeam = "trafficbarrel";
      color = "White";
      colorPalette0 = "White";
      colorPalette1 = "White";
      metallicPaintData[0] = "0.200000003 0.5 0.800000012 0";
      metallicPaintData[1] = "0.200000003 0.5 0.800000012 0";
      metallicPaintData[2] = "0.200000003 0.5 0.800000012 0";
      metallicPaintData[3] = "1 1 1 1";
      partConfig = "trafficbarrel";
      renderDistance = "500";
      renderFade = "0.100000001";
      dataBlock = "default_vehicle";
      position = "-448.700867 688.2146 74.9024734";
      rotationMatrix = "-0.335643649 0.941921175 -0.011306365 -0.941820204 -0.335332036 0.0229594167 0.017834574 0.0183547456 0.999672472";
      annotation = "CAR";
      canSave = "1";
      canSaveDynamicFields = "1";
         autoEnterVehicle = "true";
   };
   new BeamNGVehicle(barrel10) {
      JBeam = "trafficbarrel";
      color = "White";
      colorPalette0 = "White";
      colorPalette1 = "White";
      metallicPaintData[0] = "0.200000003 0.5 0.800000012 0";
      metallicPaintData[1] = "0.200000003 0.5 0.800000012 0";
      metallicPaintData[2] = "0.200000003 0.5 0.800000012 0";
      metallicPaintData[3] = "1 1 1 1";
      partConfig = "trafficbarrel";
      renderDistance = "500";
      renderFade = "0.100000001";
      dataBlock = "default_vehicle";
      position = "-431.307312 708.393372 74.8118973";
      rotationMatrix = "-0.77029407 0.637654662 0.00671062618 -0.637446761 -0.770248294 0.0195145197 0.0176123623 0.0107542388 0.999787033";
      annotation = "CAR";
      canSave = "1";
      canSaveDynamicFields = "1";
         autoEnterVehicle = "true";
   };
   new BeamNGVehicle(barrel11) {
      JBeam = "trafficbarrel";
      color = "White";
      colorPalette0 = "White";
      colorPalette1 = "White";
      metallicPaintData[0] = "0.200000003 0.5 0.800000012 0";
      metallicPaintData[1] = "0.200000003 0.5 0.800000012 0";
      metallicPaintData[2] = "0.200000003 0.5 0.800000012 0";
      metallicPaintData[3] = "1 1 1 1";
      partConfig = "trafficbarrel";
      renderDistance = "500";
      renderFade = "0.100000001";
      dataBlock = "default_vehicle";
      position = "-449.874817 689.454224 74.8991394";
      rotationMatrix = "-0.687610567 0.726078868 -0.00106410193 -0.725860655 -0.687366426 0.025570225 0.0178345721 0.0183547474 0.999672532";
      annotation = "CAR";
      canSave = "1";
      canSaveDynamicFields = "1";
         autoEnterVehicle = "true";
   };
   new BeamNGVehicle(barrel12) {
      JBeam = "trafficbarrel";
      color = "White";
      colorPalette0 = "White";
      colorPalette1 = "White";
      metallicPaintData[0] = "0.200000003 0.5 0.800000012 0";
      metallicPaintData[1] = "0.200000003 0.5 0.800000012 0";
      metallicPaintData[2] = "0.200000003 0.5 0.800000012 0";
      metallicPaintData[3] = "1 1 1 1";
      partConfig = "trafficbarrel";
      renderDistance = "500";
      renderFade = "0.100000001";
      dataBlock = "default_vehicle";
      position = "-430.78598 707.623291 74.8158417";
      rotationMatrix = "0.774330974 -0.632744074 -0.00683458429 0.632535815 0.774286449 -0.0194714647 0.0176123753 0.0107542444 0.999787033";
      annotation = "CAR";
      canSave = "1";
      canSaveDynamicFields = "1";
         autoEnterVehicle = "true";
   };
   new BeamNGVehicle(barrel14) {
      JBeam = "trafficbarrel";
      color = "White";
      colorPalette0 = "White";
      colorPalette1 = "White";
      metallicPaintData[0] = "0.200000003 0.5 0.800000012 0";
      metallicPaintData[1] = "0.200000003 0.5 0.800000012 0";
      metallicPaintData[2] = "0.200000003 0.5 0.800000012 0";
      metallicPaintData[3] = "1 1 1 1";
      partConfig = "trafficbarrel";
      renderDistance = "500";
      renderFade = "0.100000001";
      dataBlock = "default_vehicle";
      position = "-549.234192 586.590759 89.8975449";
      rotationMatrix = "-0.700610936 0.713540614 0.00202778843 -0.713543355 -0.700610042 -0.00125481619 0.000525326643 -0.00232605264 0.999997139";
      annotation = "CAR";
      canSave = "1";
      canSaveDynamicFields = "1";
         autoEnterVehicle = "true";
   };
   new BeamNGVehicle(barrel13) {
      JBeam = "trafficbarrel";
      color = "White";
      colorPalette0 = "White";
      colorPalette1 = "White";
      metallicPaintData[0] = "0.200000003 0.5 0.800000012 0";
      metallicPaintData[1] = "0.200000003 0.5 0.800000012 0";
      metallicPaintData[2] = "0.200000003 0.5 0.800000012 0";
      metallicPaintData[3] = "1 1 1 1";
      partConfig = "trafficbarrel";
      renderDistance = "500";
      renderFade = "0.100000001";
      dataBlock = "default_vehicle";
      position = "-429.338531 705.916809 74.8057861";
      rotationMatrix = "-0.301177859 0.953555405 -0.00495136809 -0.953405559 -0.301026464 0.0200332981 0.0176123641 0.0107542407 0.999787033";
      annotation = "CAR";
      canSave = "1";
      canSaveDynamicFields = "1";
         autoEnterVehicle = "true";
   };
   new BeamNGVehicle(barrel15) {
      JBeam = "trafficbarrel";
      color = "White";
      colorPalette0 = "White";
      colorPalette1 = "White";
      metallicPaintData[0] = "0.200000003 0.5 0.800000012 0";
      metallicPaintData[1] = "0.200000003 0.5 0.800000012 0";
      metallicPaintData[2] = "0.200000003 0.5 0.800000012 0";
      metallicPaintData[3] = "1 1 1 1";
      partConfig = "trafficbarrel";
      renderDistance = "500";
      renderFade = "0.100000001";
      dataBlock = "default_vehicle";
      position = "-514.734924 613.4021 86.9746399";
      rotationMatrix = "-0.735148013 0.677887738 0.00505946297 -0.672251284 -0.729956865 0.123455264 0.0873820111 0.0873566791 0.992337346";
      annotation = "CAR";
      canSave = "1";
      canSaveDynamicFields = "1";
         autoEnterVehicle = "true";
   };
   new BeamNGVehicle(barrel16) {
      JBeam = "trafficbarrel";
      color = "White";
      colorPalette0 = "White";
      colorPalette1 = "White";
      metallicPaintData[0] = "0.200000003 0.5 0.800000012 0";
      metallicPaintData[1] = "0.200000003 0.5 0.800000012 0";
      metallicPaintData[2] = "0.200000003 0.5 0.800000012 0";
      metallicPaintData[3] = "1 1 1 1";
      partConfig = "trafficbarrel";
      renderDistance = "500";
      renderFade = "0.100000001";
      dataBlock = "default_vehicle";
      position = "-522.002319 610.336548 87.8688202";
      rotationMatrix = "-0.735148013 0.677887738 0.00505946297 -0.672251284 -0.729956865 0.123455264 0.0873820111 0.0873566791 0.992337346";
      annotation = "CAR";
      canSave = "1";
      canSaveDynamicFields = "1";
         autoEnterVehicle = "true";
   };
   new BeamNGVehicle(barrel17) {
      JBeam = "trafficbarrel";
      color = "White";
      colorPalette0 = "White";
      colorPalette1 = "White";
      metallicPaintData[0] = "0.200000003 0.5 0.800000012 0";
      metallicPaintData[1] = "0.200000003 0.5 0.800000012 0";
      metallicPaintData[2] = "0.200000003 0.5 0.800000012 0";
      metallicPaintData[3] = "1 1 1 1";
      partConfig = "trafficbarrel";
      renderDistance = "500";
      renderFade = "0.100000001";
      dataBlock = "default_vehicle";
      position = "-582.526428 551.181274 98.4662018";
      rotationMatrix = "-0.674388826 0.738310456 -0.00986729376 -0.723003268 -0.657576263 0.21180138 0.149886653 0.149970546 0.977262914";
      annotation = "CAR";
      canSave = "1";
      canSaveDynamicFields = "1";
         autoEnterVehicle = "true";
   };
   new BeamNGVehicle(barrel18) {
      JBeam = "trafficbarrel";
      color = "White";
      colorPalette0 = "White";
      colorPalette1 = "White";
      metallicPaintData[0] = "0.200000003 0.5 0.800000012 0";
      metallicPaintData[1] = "0.200000003 0.5 0.800000012 0";
      metallicPaintData[2] = "0.200000003 0.5 0.800000012 0";
      metallicPaintData[3] = "1 1 1 1";
      partConfig = "trafficbarrel";
      renderDistance = "500";
      renderFade = "0.100000001";
      dataBlock = "default_vehicle";
      position = "-589.593994 547.180054 100.153313";
      rotationMatrix = "-0.674388826 0.738310456 -0.00986729376 -0.723003268 -0.657576263 0.21180138 0.149886653 0.149970546 0.977262914";
      annotation = "CAR";
      canSave = "1";
      canSaveDynamicFields = "1";
         autoEnterVehicle = "true";
   };
   new BeamNGVehicle(barrel19) {
      JBeam = "trafficbarrel";
      color = "White";
      colorPalette0 = "White";
      colorPalette1 = "White";
      metallicPaintData[0] = "0.200000003 0.5 0.800000012 0";
      metallicPaintData[1] = "0.200000003 0.5 0.800000012 0";
      metallicPaintData[2] = "0.200000003 0.5 0.800000012 0";
      metallicPaintData[3] = "1 1 1 1";
      partConfig = "trafficbarrel";
      renderDistance = "500";
      renderFade = "0.100000001";
      dataBlock = "default_vehicle";
      position = "-592.604431 542.050537 101.391472";
      rotationMatrix = "-0.674388826 0.738310456 -0.00986729376 -0.723003268 -0.657576263 0.21180138 0.149886653 0.149970546 0.977262914";
      annotation = "CAR";
      canSave = "1";
      canSaveDynamicFields = "1";
         autoEnterVehicle = "true";
   };
   new BeamNGVehicle(barrel20) {
      JBeam = "trafficbarrel";
      color = "White";
      colorPalette0 = "White";
      colorPalette1 = "White";
      metallicPaintData[0] = "0.200000003 0.5 0.800000012 0";
      metallicPaintData[1] = "0.200000003 0.5 0.800000012 0";
      metallicPaintData[2] = "0.200000003 0.5 0.800000012 0";
      metallicPaintData[3] = "1 1 1 1";
      partConfig = "trafficbarrel";
      renderDistance = "500";
      renderFade = "0.100000001";
      dataBlock = "default_vehicle";
      position = "-595.279907 535.765259 102.747414";
