{"class":"TSStatic","__parent":"refreshArea","position":[-193.158295,-203.145081,118.784058],"decalType":"None","isRenderEnabled":false,"rotationMatrix":[0.984349728,0.176225945,0,-0.176225945,0.984349728,0,0,0,1],"shapeName":"/art/shapes/garage_and_dealership/Clutter/metal_drum_a.DAE","useInstanceRenderData":true}
{"class":"TSStatic","__parent":"refreshArea","position":[-203.865433,-209.580902,119.428543],"collisionType":"None","decalType":"None","isRenderEnabled":false,"rotationMatrix":[-0.316091299,-0.948728919,-9.65059007e-06,0.948728919,-0.316091299,-3.08459039e-06,-1.24026428e-07,-1.01308051e-05,1],"scale":[0.602539301,0.602539301,0.602539301],"shapeName":"/art/shapes/garage_and_dealership/Clutter/clutter_workshop_short_bottle.dae","useInstanceRenderData":true}
{"class":"TSStatic","__parent":"refreshArea","position":[-206.394257,-205.703339,120.594696],"collisionType":"None","decalType":"None","isRenderEnabled":false,"rotationMatrix":[0.865260601,0.501287818,0.00588208577,-0.50129652,0.865275621,6.75208867e-09,-0.00508962153,-0.00294867461,0.999982715],"scale":[0.719140649,0.719140649,0.719140649],"shapeName":"/art/shapes/garage_and_dealership/Clutter/cbbox_medium_dirt.DAE","useInstanceRenderData":true}
{"class":"TSStatic","__parent":"refreshArea","position":[-208.564056,-208.296967,118.782463],"isRenderEnabled":false,"rotationMatrix":[0.903316557,0.428973615,0.000953876995,-0.428970158,0.903294563,0.00659651309,0.00196809741,-0.00636792462,0.999977767],"shapeName":"/levels/west_coast_usa/art/shapes/objects/constructionbarrier.dae","useInstanceRenderData":true}
{"class":"TSStatic","__parent":"refreshArea","position":[-208.274353,-202.346939,118.806656],"collisionType":"None","decalType":"None","isRenderEnabled":false,"rotationMatrix":[-0.999999881,-1.99645929e-05,-9.09494593e-13,1.99642491e-05,-0.999982536,-0.00587704452,1.17332e-07,-0.00587698491,0.999982536],"scale":[1.23623037,1.23623037,1.23623037],"shapeName":"/art/shapes/garage_and_dealership/Clutter/clutter_workshop_fire_extinguisher.dae","useInstanceRenderData":true}
{"class":"TSStatic","__parent":"refreshArea","position":[-207.570496,-203.340775,119.877731],"collisionType":"None","decalType":"None","isRenderEnabled":false,"rotationMatrix":[0.817901433,0.57535851,2.20796039e-07,-0.57535851,0.817901433,1.39219196e-07,-1.00488499e-07,-2.40904427e-07,1],"shapeName":"/art/shapes/garage_and_dealership/garage/s_small_toolbox_02.dae","useInstanceRenderData":true}
{"class":"TSStatic","__parent":"refreshArea","position":[-205.186462,-199.298279,119.582901],"collisionType":"None","decalType":"None","isRenderEnabled":false,"rotationMatrix":[0.866758466,-0.498728126,0,0.498728126,0.866758466,0,0,0,1],"scale":[0.692041039,0.692041039,0.692041039],"shapeName":"/art/shapes/garage_and_dealership/Clutter/clutter_workshop_white_bottle.dae","useInstanceRenderData":true}
{"class":"TSStatic","__parent":"refreshArea","position":[-208.067093,-205.313202,118.794861],"decalType":"None","isRenderEnabled":false,"rotationMatrix":[-0.477975488,0.87836808,0.00303802267,-0.877835095,-0.477558732,-0.0366527103,-0.030743733,-0.0201859772,0.999323428],"shapeName":"/art/shapes/garage_and_dealership/Clutter/pallet_stack.DAE","useInstanceRenderData":true}
{"class":"TSStatic","__parent":"refreshArea","position":[-207.046127,-200.245575,118.794434],"decalType":"None","isRenderEnabled":false,"rotationMatrix":[0.868562639,0.495570898,0.00291243312,-0.495579481,0.868547618,0.00510460977,1.08964741e-07,-0.00587701518,0.999982715],"shapeName":"/art/shapes/garage_and_dealership/garage/s_metal_locker.dae","useInstanceRenderData":true}
{"class":"TSStatic","__parent":"refreshArea","position":[-196.11319,-197.866379,118.590591],"isRenderEnabled":false,"rotationMatrix":[0.958927035,-0.283647954,-0.00166714354,0.283652842,0.958910465,0.00563559448,1.16415322e-07,-0.00587701378,0.999982715],"scale":[0.588769555,0.588769555,0.588769555],"shapeName":"/levels/west_coast_usa/art/shapes/buildings/s_mascot.dae","useInstanceRenderData":true}
{"class":"TSStatic","__parent":"refreshArea","position":[-206.425537,-205.59549,118.779831],"decalType":"None","isRenderEnabled":false,"rotationMatrix":[-0.500017285,0.866015375,0,-0.866000473,-0.500008583,-0.00587701611,-0.0050895866,-0.00293860957,0.999982715],"shapeName":"/art/shapes/garage_and_dealership/garage/s_metal_locker.dae","useInstanceRenderData":true}
{"class":"TSStatic","__parent":"refreshArea","position":[-201.770432,-197.235245,122.031677],"collisionType":"None","decalType":"None","isRenderEnabled":false,"rotationMatrix":[-0.148563743,0.988902867,1.00338075e-05,-0.988902867,-0.148563743,-1.40237989e-06,1.03842012e-07,-1.01308042e-05,1],"scale":[0.692041039,0.692041039,0.692041039],"shapeName":"/art/shapes/garage_and_dealership/Clutter/clutter_workshop_white_bottle.dae","useInstanceRenderData":true}
{"class":"TSStatic","__parent":"refreshArea","position":[-207.877457,-203.415787,120.287628],"decalType":"None","isRenderEnabled":false,"rotationMatrix":[-0.0139553547,0.0938892663,-0.995485067,-0.458826691,0.883975863,0.0898042917,0.888416409,0.45800823,0.0307427049],"shapeName":"/art/shapes/garage_and_dealership/garage/s_ducktape.dae","useInstanceRenderData":true}
{"class":"TSStatic","__parent":"refreshArea","position":[-203.737839,-209.455704,119.428543],"collisionType":"None","decalType":"None","isRenderEnabled":false,"rotationMatrix":[-1,0,0,0,-0.999999821,-1.00413963e-05,0,-1.02202102e-05,0.999999821],"scale":[0.602539301,0.602539301,0.602539301],"shapeName":"/art/shapes/garage_and_dealership/Clutter/clutter_workshop_short_bottle.dae","useInstanceRenderData":true}
{"class":"TSStatic","__parent":"refreshArea","position":[-203.034271,-197.592926,120.772469],"collisionType":"None","decalType":"None","isRenderEnabled":false,"rotationMatrix":[0.858573556,0.512690485,0,-0.512690485,0.858573556,0,0,0,1],"scale":[1.32597888,1,1],"shapeName":"/art/shapes/garage_and_dealership/garage/s_wooden_shelf_02.dae","useInstanceRenderData":true}
{"class":"TSStatic","__parent":"refreshArea","position":[-209.984161,-204.921448,118.789246],"isRenderEnabled":false,"rotationMatrix":[0.946155548,0.323677838,0.0047297366,-0.323701024,0.946143746,0.00544753112,-0.00271176617,-0.00668523181,0.999973953],"shapeName":"/levels/west_coast_usa/art/shapes/objects/constructionbarrier.dae","useInstanceRenderData":true}
{"class":"TSStatic","__parent":"refreshArea","position":[-205.538544,-206.367966,118.809334],"collisionType":"None","decalType":"None","isRenderEnabled":false,"rotationMatrix":[-0.707715392,0.706497431,5.96046377e-08,-0.706473053,-0.707690954,-0.00830402598,-0.0058667371,-0.0058769593,0.99996537],"shapeName":"/art/shapes/garage_and_dealership/garage/s_wrench_01.dae","useInstanceRenderData":true}
{"class":"TSStatic","__parent":"refreshArea","position":[-203.45224,-210.723007,119.834419],"collisionType":"None","decalType":"None","isRenderEnabled":false,"rotationMatrix":[-0.529866576,0.84808141,0,-0.84808141,-0.529866576,0,0,0,1],"scale":[0.727929711,0.727929711,0.727929711],"shapeName":"/art/shapes/garage_and_dealership/Clutter/clutter_workshop_white_bottle.dae","useInstanceRenderData":true}
{"class":"TSStatic","__parent":"refreshArea","position":[-205.70726,-199.451233,122.03318],"collisionType":"None","decalType":"None","isRenderEnabled":false,"rotationMatrix":[0.545490324,-0.838117182,0,0.838117182,0.545490324,0,0,0,1],"shapeName":"/art/shapes/garage_and_dealership/Clutter/cbbox_new_b.DAE","useInstanceRenderData":true}
{"class":"TSStatic","__parent":"refreshArea","position":[-207.264877,-204.092651,118.82457],"collisionType":"None","decalType":"None","isRenderEnabled":false,"rotationMatrix":[0.845824242,0.53346175,8.54581594e-06,-0.530223429,0.840691566,-0.110003568,-0.0586898774,0.0930391476,0.993931174],"shapeName":"/art/shapes/garage_and_dealership/Clutter/clutter_workshop_broom.dae","useInstanceRenderData":true}
{"name":"garageLightPropOff_711","class":"TSStatic","__parent":"refreshArea","position":[-203.861588,-204.815628,123.292877],"decalType":"None","isRenderEnabled":false,"rotationMatrix":[0,1.78813934e-07,-0.999999881,0.857178807,0.515018821,-5.96046448e-08,0.515018702,-0.857178807,-1.1920929e-07],"scale":[1.29999995,1.29999995,1.29999995],"shapeName":"/levels/west_coast_usa/art/shapes/objects/s_small_light_hanging_off.dae","useInstanceRenderData":true}
{"class":"TSStatic","__parent":"refreshArea","position":[-205.565582,-199.104477,120.772469],"collisionType":"None","decalType":"None","isRenderEnabled":false,"rotationMatrix":[0.858573556,0.512690485,0,-0.512690485,0.858573556,0,0,0,1],"scale":[1.32597888,1,1],"shapeName":"/art/shapes/garage_and_dealership/garage/s_wooden_shelf_02.dae","useInstanceRenderData":true}
{"class":"TSStatic","__parent":"refreshArea","position":[-203.534943,-210.531967,118.954399],"collisionType":"None","decalType":"None","isRenderEnabled":false,"rotationMatrix":[-0.905318141,-0.424736649,0,0.424736649,-0.905318141,0,0,0,1],"scale":[0.602539301,0.602539301,0.602539301],"shapeName":"/art/shapes/garage_and_dealership/Clutter/clutter_workshop_short_bottle.dae","useInstanceRenderData":true}
{"class":"TSStatic","__parent":"refreshArea","position":[-205.227371,-210.30452,118.952721],"collisionType":"None","decalType":"None","isRenderEnabled":false,"rotationMatrix":[0.500482976,0.472059011,-0.725725174,0.513956964,0.512561023,0.687844038,0.69668138,-0.717245698,0.0139100552],"shapeName":"/art/shapes/garage_and_dealership/Clutter/clutter_workshop_white_bucket.dae","useInstanceRenderData":true}
{"class":"TSStatic","__parent":"refreshArea","position":[-204.842026,-208.129913,119.708664],"collisionType":"None","decalType":"None","isRenderEnabled":false,"rotationMatrix":[-0.673420072,0.739260256,7.46270143e-06,-0.739260256,-0.673420072,-6.85148461e-06,-3.94968538e-08,-1.01308042e-05,1],"shapeName":"/art/shapes/garage_and_dealership/garage/s_wrench_01.dae","useInstanceRenderData":true}
{"class":"TSStatic","__parent":"refreshArea","position":[-210.59552,-201.325211,118.764015],"isRenderEnabled":false,"rotationMatrix":[0.999123514,-0.0418589674,0.000269131589,0.0418598168,0.99909699,-0.00727353338,3.55740849e-05,0.00727842376,0.999973536],"shapeName":"/levels/west_coast_usa/art/shapes/objects/constructionbarrier.dae","useInstanceRenderData":true}
{"class":"TSStatic","__parent":"refreshArea","position":[-202.166779,-197.481689,119.12458],"collisionType":"None","decalType":"None","isRenderEnabled":false,"rotationMatrix":[-0.622209549,-0.7828511,-7.90406375e-06,0.7828511,-0.622209549,-6.33725767e-06,4.31459739e-08,-1.01308051e-05,1],"scale":[0.719140649,0.719140649,0.719140649],"shapeName":"/art/shapes/garage_and_dealership/Clutter/cbbox_medium_dirt.DAE","useInstanceRenderData":true}
{"class":"TSStatic","__parent":"refreshArea","position":[-204.859879,-208.210632,119.708664],"collisionType":"None","decalType":"None","isRenderEnabled":false,"rotationMatrix":[-1,0,0,0,-0.999999821,-1.00413963e-05,0,-1.02202102e-05,0.999999821],"shapeName":"/art/shapes/garage_and_dealership/garage/s_wrench_03.dae","useInstanceRenderData":true}
{"class":"TSStatic","__parent":"refreshArea","position":[-204.095612,-198.675812,118.800453],"collisionType":"None","decalType":"None","isRenderEnabled":false,"rotationMatrix":[-0.852295637,-0.476984859,0.21465674,0.48793155,-0.872878909,-0.0022739321,0.188453972,0.102799736,0.976686895],"shapeName":"/art/shapes/garage_and_dealership/garage/s_portable_stair_small_02.dae","useInstanceRenderData":true}
{"class":"TSStatic","__parent":"refreshArea","position":[-203.350006,-210.480408,119.392555],"collisionType":"None","decalType":"None","isRenderEnabled":false,"rotationMatrix":[-0.832667947,-0.553773046,-5.58767078e-06,0.553773046,-0.832667947,-8.45055456e-06,2.70156306e-08,-1.01308042e-05,1],"scale":[0.565600634,0.565600634,0.565600634],"shapeName":"/art/shapes/garage_and_dealership/garage/s_wrench_collection.dae","useInstanceRenderData":true}
{"class":"TSStatic","__parent":"refreshArea","position":[-203.335953,-210.964798,118.785217],"collisionType":"None","decalType":"None","isRenderEnabled":false,"rotationMatrix":[0.715823591,-0.698281169,9.57951415e-05,0.698256493,0.715799451,0.00830349047,-0.00586674083,-0.0058769444,0.999965549],"scale":[0.727929711,0.727929711,0.727929711],"shapeName":"/art/shapes/garage_and_dealership/Clutter/clutter_workshop_white_bottle.dae","useInstanceRenderData":true}
{"class":"TSStatic","__parent":"refreshArea","position":[-193.699707,-205.12973,118.804634],"collisionType":"None","decalType":"None","isRenderEnabled":false,"rotationMatrix":[0.473051965,-0.881034374,0,0.881034315,0.473051846,-0.000201670293,0.000177639231,9.54087664e-05,0.999999821],"shapeName":"/art/shapes/garage_and_dealership/Clutter/clutter_workshop_fire_extinguisher.dae","useInstanceRenderData":true}
{"class":"TSStatic","__parent":"refreshArea","position":[-207.738144,-203.041031,119.90094],"collisionType":"None","decalType":"None","isRenderEnabled":false,"rotationMatrix":[1.1920929e-07,1.1920929e-07,-1,-0.809516907,0.587096512,-2.98023224e-08,0.587096572,0.809516907,1.78813934e-07],"scale":[0.602539301,0.602539301,0.602539301],"shapeName":"/art/shapes/garage_and_dealership/Clutter/clutter_workshop_short_bottle.dae","useInstanceRenderData":true}
{"class":"TSStatic","__parent":"refreshArea","position":[-205.028442,-211.947189,118.784233],"isRenderEnabled":false,"rotationMatrix":[0.109048963,0.994036376,1.00616508e-05,-0.994036376,0.109048963,1.18441176e-06,8.01360329e-08,-1.01308051e-05,1],"shapeName":"/levels/west_coast_usa/art/shapes/objects/constructionbarrier.dae","useInstanceRenderData":true}
{"class":"TSStatic","__parent":"refreshArea","position":[-205.362885,-199.16713,119.582901],"collisionType":"None","decalType":"None","isRenderEnabled":false,"rotationMatrix":[0.706067264,0.708144844,0,-0.708144844,0.706067264,0,0,0,1],"scale":[0.692041039,0.692041039,0.692041039],"shapeName":"/art/shapes/garage_and_dealership/Clutter/clutter_workshop_white_bottle.dae","useInstanceRenderData":true}
{"class":"TSStatic","__parent":"refreshArea","position":[-198.434296,-197.620682,118.805336],"decalType":"None","isRenderEnabled":false,"rotationMatrix":[0.566105008,-0.82429266,-0.00817015953,0.82431221,0.566133499,-0.00151547417,0.00587459514,-0.00587684382,0.999965489],"shapeName":"/art/shapes/garage_and_dealership/garage/s_big_toolbox_02.dae","useInstanceRenderData":true}
{"class":"TSStatic","__parent":"refreshArea","position":[-196.78714,-198.410599,118.853851],"isRenderEnabled":false,"rotationMatrix":[-0.496866107,0.867827475,-3.25962901e-09,-0.867812455,-0.496857524,-0.00587701891,-0.00510023907,-0.00292008743,0.999982715],"shapeName":"/art/shapes/garage_and_dealership/Clutter/ind_pallet_cans.DAE","useInstanceRenderData":true}
{"class":"TSStatic","__parent":"refreshArea","position":[-206.330338,-200.015533,122.028717],"collisionType":"None","decalType":"None","isRenderEnabled":false,"rotationMatrix":[0.527262568,-0.849702477,-8.68755433e-06,0.849702477,0.527262568,5.21365655e-06,1.50566848e-07,-1.01308015e-05,1],"scale":[0.861730933,0.861730933,0.861730933],"shapeName":"/art/shapes/garage_and_dealership/Clutter/cbbox_large_dirt.DAE","useInstanceRenderData":true}
{"class":"TSStatic","__parent":"refreshArea","position":[-206.836884,-209.541016,118.788963],"isRenderEnabled":false,"rotationMatrix":[-0.990187407,-0.139744177,-0.000821178779,0.139746591,-0.99017036,-0.00581936212,1.15280272e-07,-0.00587701565,0.999982715],"shapeName":"/levels/west_coast_usa/art/shapes/objects/constructionbarrier.dae","useInstanceRenderData":true}
{"class":"TSStatic","__parent":"refreshArea","position":[-204.692322,-208.24855,118.798668],"decalType":"None","isRenderEnabled":false,"rotationMatrix":[-0.513631344,0.858011305,0,-0.858011305,-0.513631344,0,0,0,1],"shapeName":"/art/shapes/garage_and_dealership/garage/s_garage_workbench_medium.dae","useInstanceRenderData":true}
{"class":"TSStatic","__parent":"refreshArea","position":[-203.439209,-210.56308,118.954399],"collisionType":"None","decalType":"None","isRenderEnabled":false,"rotationMatrix":[0.660815835,-0.750548124,0,0.750548124,0.660815835,0,0,0,1],"scale":[0.602539301,0.602539301,0.602539301],"shapeName":"/art/shapes/garage_and_dealership/Clutter/clutter_workshop_short_bottle.dae","useInstanceRenderData":true}
{"class":"TSStatic","__parent":"refreshArea","position":[-204.678223,-198.824219,120.545334],"collisionType":"None","decalType":"None","isRenderEnabled":false,"rotationMatrix":[-1,0,0,0,-0.999999821,-1.00413963e-05,0,-1.02202102e-05,0.999999821],"shapeName":"/art/shapes/garage_and_dealership/Clutter/clutter_workshop_black_oil.dae","useInstanceRenderData":true}
{"name":"garageLightPropOff_71","class":"TSStatic","__parent":"refreshArea","position":[-198.877197,-201.820831,123.292877],"decalType":"None","isRenderEnabled":false,"rotationMatrix":[0,1.78813934e-07,-0.999999881,0.857178807,0.515018821,-5.96046448e-08,0.515018702,-0.857178807,-1.1920929e-07],"scale":[1.29999995,1.29999995,1.29999995],"shapeName":"/levels/west_coast_usa/art/shapes/objects/s_small_light_hanging_off.dae","useInstanceRenderData":true}
{"class":"TSStatic","__parent":"refreshArea","position":[-206.707382,-204.957901,118.805977],"isRenderEnabled":false,"rotationMatrix":[-0.999999881,-1.99645929e-05,-9.09494593e-13,1.99642491e-05,-0.999982536,-0.00587704452,1.17332e-07,-0.00587698491,0.999982536],"scale":[1.10000002,1.10000002,1.10000002],"shapeName":"/art/shapes/garage_and_dealership/garage/s_metal_stool.dae","useInstanceRenderData":true}
{"class":"TSStatic","__parent":"refreshArea","position":[-206.26796,-199.753693,118.797134],"decalType":"None","isRenderEnabled":false,"rotationMatrix":[0.836581767,0.547833979,0.00298266206,-0.547842085,0.836566508,0.00506389607,0.000278978841,-0.00587039068,0.999982715],"shapeName":"/art/shapes/garage_and_dealership/garage/s_metal_locker.dae","useInstanceRenderData":true}
{"class":"TSStatic","__parent":"refreshArea","position":[-199.080475,-196.465775,118.815453],"decalType":"None","isRenderEnabled":false,"rotationMatrix":[0.757785916,-0.652458131,0.00767247519,0.65248245,0.757615447,-0.0168967843,0.0052116611,0.0178103,0.999827802],"shapeName":"/art/shapes/garage_and_dealership/Clutter/clutter_workshop_hand_truck.dae","useInstanceRenderData":true}
{"class":"TSStatic","__parent":"refreshArea","position":[-201.35289,-203.332977,118.790268],"isRenderEnabled":false,"rotationMatrix":[-0.860043883,-0.510220051,0,0.510220051,-0.860043883,0,0,0,1],"shapeName":"/levels/west_coast_usa/art/shapes/buildings/tent2.dae","useInstanceRenderData":true}
{"class":"TSStatic","__parent":"refreshArea","position":[-203.310928,-210.884705,118.828583],"collisionType":"None","decalType":"None","isRenderEnabled":false,"rotationMatrix":[0.789043069,0.0555629134,-0.611820102,-0.610780537,-0.0360686779,-0.790978074,-0.066016525,0.997803569,0.0054770112],"scale":[0.602539301,0.602539301,0.602539301],"shapeName":"/art/shapes/garage_and_dealership/Clutter/clutter_workshop_short_bottle.dae","useInstanceRenderData":true}
{"class":"TSStatic","__parent":"refreshArea","position":[-205.426666,-199.489639,119.585007],"collisionType":"None","decalType":"None","isRenderEnabled":false,"rotationMatrix":[-0.865290046,-0.501271784,0,0.501271784,-0.865290046,0,0,0,1],"shapeName":"/art/shapes/garage_and_dealership/Clutter/clutter_workshop_black_oil.dae","useInstanceRenderData":true}
{"class":"TSStatic","__parent":"refreshArea","position":[-197.253403,-199.462662,118.804695],"decalType":"None","isRenderEnabled":false,"rotationMatrix":[0.499785185,-0.866149545,-1.11850823e-05,0.866149545,0.499785185,-0.000201351824,0.000179990879,9.09447263e-05,1],"shapeName":"/art/shapes/garage_and_dealership/garage/s_tire_rack.dae","useInstanceRenderData":true}
{"class":"TSStatic","__parent":"refreshArea","position":[-201.742126,-196.994186,119.198357],"collisionType":"None","decalType":"None","isRenderEnabled":false,"rotationMatrix":[-2.38418579e-07,-0.742378473,-0.669980824,-2.38418579e-07,0.669980764,-0.742378473,1,0,-3.57627869e-07],"shapeName":"/art/shapes/garage_and_dealership/Clutter/clutter_workshop_fire_extinguisher.dae","useInstanceRenderData":true}
{"class":"TSStatic","__parent":"refreshArea","position":[-203.305161,-210.576538,119.835861],"decalType":"None","isRenderEnabled":false,"rotationMatrix":[-0.0304979086,0.999534726,0,-0.999534726,-0.0304979086,0,0,0,1],"shapeName":"/art/shapes/garage_and_dealership/garage/s_wrench_04.dae","useInstanceRenderData":true}
{"class":"TSStatic","__parent":"refreshArea","position":[-207.86821,-200.731003,118.80748],"collisionType":"None","decalType":"None","isRenderEnabled":false,"rotationMatrix":[-0.999999881,-1.99774695e-05,9.09494593e-13,1.99760943e-05,-0.999930859,-0.0117432727,2.34601316e-07,-0.0117432727,0.999930859],"scale":[0.80507803,0.80507803,0.80507803],"shapeName":"/art/shapes/garage_and_dealership/Clutter/cbbox_medium_dirt.DAE","useInstanceRenderData":true}
{"class":"TSStatic","__parent":"refreshArea","position":[-205.526413,-210.736115,118.787224],"decalType":"None","isRenderEnabled":false,"rotationMatrix":[-0.707701325,-0.706511438,0,0.70648706,-0.707676947,-0.00830420479,0.00586700533,-0.00587684009,0.99996531],"shapeName":"/art/shapes/garage_and_dealership/Clutter/metal_drum_old_a.DAE","useInstanceRenderData":true}
{"class":"TSStatic","__parent":"refreshArea","position":[-199.833206,-196.497147,118.806465],"isRenderEnabled":false,"rotationMatrix":[-0.999999881,-1.99774749e-05,0,1.99760962e-05,-0.999930799,-0.0117508424,2.34753202e-07,-0.011750902,0.999930799],"shapeName":"/art/shapes/garage_and_dealership/garage/s_metal_stool.dae","useInstanceRenderData":true}
{"class":"TSStatic","__parent":"refreshArea","position":[-193.410553,-203.126709,118.775894],"decalType":"None","isRenderEnabled":false,"rotationMatrix":[0.0845472217,0.996419251,0,-0.996419251,0.0845472217,0,0,0,1],"shapeName":"/art/shapes/garage_and_dealership/Clutter/clutter_workshop_hand_truck.dae","useInstanceRenderData":true}
{"class":"TSStatic","__parent":"refreshArea","position":[-204.591309,-198.718201,120.545334],"collisionType":"None","decalType":"None","isRenderEnabled":false,"rotationMatrix":[-0.972103357,0.234553844,2.36588221e-06,-0.234553844,-0.972103357,-9.85068073e-06,-1.06336984e-08,-1.01308051e-05,1],"shapeName":"/art/shapes/garage_and_dealership/Clutter/clutter_workshop_black_oil.dae","useInstanceRenderData":true}
{"class":"TSStatic","__parent":"refreshArea","position":[-204.168518,-198.768494,122.03318],"collisionType":"None","decalType":"None","isRenderEnabled":false,"rotationMatrix":[-0.545490384,0.838116944,0,-0.838116944,-0.545490384,0,0,0,1],"shapeName":"/art/shapes/garage_and_dealership/Clutter/cbbox_new_b.DAE","useInstanceRenderData":true}
{"class":"TSStatic","__parent":"refreshArea","position":[-204.826828,-198.797836,122.101311],"collisionType":"None","decalType":"None","isRenderEnabled":false,"rotationMatrix":[0.963667095,0.267106295,2.78651714e-06,-7.4505806e-08,-1.01327896e-05,0.99999994,0.267106295,-0.963666975,-9.77516174e-06],"shapeName":"/art/shapes/garage_and_dealership/Clutter/clutter_workshop_green_can.dae","useInstanceRenderData":true}
{"class":"TSStatic","__parent":"refreshArea","position":[-195.065811,-200.714157,118.803726],"decalType":"None","isRenderEnabled":false,"rotationMatrix":[-0.298773766,0.954257905,0.0112142144,-0.953729689,-0.298981667,0.0317679234,0.0336676426,-0.00120390207,0.999432385],"shapeName":"/art/shapes/garage_and_dealership/Clutter/clutter_workshop_hand_dolly.dae","useInstanceRenderData":true}
{"class":"TSStatic","__parent":"refreshArea","position":[-199.888855,-196.020004,118.810486],"decalType":"None","isRenderEnabled":false,"rotationMatrix":[-0.999999881,-1.99774749e-05,0,1.99760962e-05,-0.999930799,-0.0117508424,2.34753202e-07,-0.011750902,0.999930799],"shapeName":"/art/shapes/garage_and_dealership/garage/s_compressor_01.dae","useInstanceRenderData":true}
{"class":"TSStatic","__parent":"refreshArea","position":[-205.473557,-199.28038,119.105942],"collisionType":"None","decalType":"None","isRenderEnabled":false,"rotationMatrix":[-0.643911958,0.765099704,0,-0.765099704,-0.643911958,0,0,0,1],"scale":[0.691552758,0.691552758,0.691552758],"shapeName":"/art/shapes/garage_and_dealership/Clutter/clutter_workshop_white_bucket.dae","useInstanceRenderData":true}
{"class":"TSStatic","__parent":"refreshArea","position":[-205.150574,-207.823853,119.124596],"collisionType":"None","decalType":"None","isRenderEnabled":false,"rotationMatrix":[-0.795335531,0.606169343,6.24933637e-06,-0.606169343,-0.795335531,-7.97480607e-06,1.36236622e-07,-1.01308033e-05,1],"shapeName":"/art/shapes/garage_and_dealership/Clutter/clutter_workshop_green_can.dae","useInstanceRenderData":true}
{"class":"TSStatic","__parent":"refreshArea","position":[-204.978683,-214.687973,118.779671],"isRenderEnabled":false,"rotationMatrix":[0.879703104,0.475523353,-4.94977632e-17,-0.475523353,0.879703104,1.65967384e-16,1.22464698e-16,-1.22464698e-16,1],"shapeName":"/levels/west_coast_usa/art/shapes/objects/constructionbarrier.dae","useInstanceRenderData":true}
{"class":"TSStatic","__parent":"refreshArea","position":[-202.11734,-197.605988,122.031677],"collisionType":"None","decalType":"None","isRenderEnabled":false,"rotationMatrix":[0.81491518,0.579580307,5.84834743e-06,-0.579580307,0.81491518,8.2722936e-06,2.85510851e-08,-1.01308042e-05,1],"shapeName":"/art/shapes/garage_and_dealership/Clutter/clutter_workshop_black_oil.dae","useInstanceRenderData":true}
{"class":"TSStatic","__parent":"refreshArea","position":[-203.37587,-198.102203,122.828247],"collisionType":"None","decalType":"None","isRenderEnabled":false,"rotationMatrix":[-0.513383985,0.858159184,8.66781556e-06,-0.858159184,-0.513383985,-5.24449797e-06,-5.06984179e-08,-1.01308051e-05,1],"shapeName":"/art/shapes/garage_and_dealership/Clutter/cbbox_medium_dirt.DAE","useInstanceRenderData":true}
{"class":"TSStatic","__parent":"refreshArea","position":[-203.466431,-210.601791,118.820885],"decalType":"None","isRenderEnabled":false,"rotationMatrix":[-0.601767421,0.798671901,0,-0.798671901,-0.601767421,0,0,0,1],"shapeName":"/art/shapes/garage_and_dealership/garage/s_big_toolbox_02.dae","useInstanceRenderData":true}
{"class":"TSStatic","__parent":"refreshArea","position":[-202.204468,-197.376877,122.031677],"collisionType":"None","decalType":"None","isRenderEnabled":false,"rotationMatrix":[-0.493640661,0.869665921,8.78657738e-06,-0.869665921,-0.493640661,-5.04297532e-06,-4.82918949e-08,-1.01308051e-05,1],"scale":[0.811914086,0.811914086,0.811914086],"shapeName":"/art/shapes/garage_and_dealership/Clutter/cbbox_small_dirt.DAE","useInstanceRenderData":true}
{"class":"TSStatic","__parent":"refreshArea","position":[-202.792236,-197.898224,122.433182],"collisionType":"None","decalType":"None","isRenderEnabled":false,"rotationMatrix":[0.82631135,0.563213587,5.68302357e-06,-0.563213587,0.82631135,8.38672713e-06,2.75717866e-08,-1.01308033e-05,1],"scale":[0.811914086,0.811914086,0.811914086],"shapeName":"/art/shapes/garage_and_dealership/Clutter/cbbox_small_dirt.DAE","useInstanceRenderData":true}
{"class":"TSStatic","__parent":"refreshArea","position":[-205.100784,-207.501083,119.124596],"collisionType":"None","decalType":"None","isRenderEnabled":false,"rotationMatrix":[-0.397927284,0.917417288,9.34838681e-06,-0.917417288,-0.397927284,-3.90633522e-06,1.36235485e-07,-1.0130806e-05,1],"shapeName":"/art/shapes/garage_and_dealership/Clutter/clutter_workshop_green_can.dae","useInstanceRenderData":true}
{"class":"TSStatic","__parent":"refreshArea","position":[-203.712952,-198.362442,119.708664],"collisionType":"None","decalType":"None","isRenderEnabled":false,"rotationMatrix":[-0.853770614,-0.520649612,-5.25316e-06,0.520649612,-0.853770614,-8.662455e-06,2.5110694e-08,-1.01308033e-05,1],"shapeName":"/art/shapes/garage_and_dealership/Clutter/cbbox_medium_dirt.DAE","useInstanceRenderData":true}
{"class":"TSStatic","__parent":"refreshArea","position":[-205.045151,-199.158966,122.031677],"collisionType":"None","decalType":"None","isRenderEnabled":false,"rotationMatrix":[0.645299852,-0.763929486,-7.70761289e-06,0.763929486,0.645299852,6.57482269e-06,-4.89785634e-08,-1.01308033e-05,1],"shapeName":"/art/shapes/garage_and_dealership/Clutter/clutter_workshop_green_can.dae","useInstanceRenderData":true}
{"class":"TSStatic","__parent":"refreshArea","position":[-207.718933,-209.922424,118.779778],"isRenderEnabled":false,"rotationMatrix":[0.858942568,0.512070596,0.0011994387,-0.512069762,0.858929574,0.00495272316,0.00150590995,-0.00486830063,0.999987006],"shapeName":"/levels/west_coast_usa/art/shapes/objects/constructionbarrier.dae","useInstanceRenderData":true}
{"class":"TSStatic","__parent":"refreshArea","position":[-196.028198,-199.662537,118.855301],"decalType":"None","isRenderEnabled":false,"rotationMatrix":[0.523392797,-0.852053285,-0.00808238517,0.852071404,0.523422182,-0.00192956929,0.00587459607,-0.00587684568,0.999965489],"shapeName":"/art/shapes/garage_and_dealership/Clutter/pallet_stack.DAE","useInstanceRenderData":true}
{"class":"TSStatic","__parent":"refreshArea","position":[-202.713608,-197.751328,122.03318],"collisionType":"None","decalType":"None","isRenderEnabled":false,"rotationMatrix":[-0.545490384,0.838116944,0,-0.838116944,-0.545490384,0,0,0,1],"shapeName":"/art/shapes/garage_and_dealership/Clutter/cbbox_new_b.DAE","useInstanceRenderData":true}
{"class":"TSStatic","__parent":"refreshArea","position":[-208.323715,-206.728378,118.784843],"decalType":"None","isRenderEnabled":false,"rotationMatrix":[-0.00170445419,0.99999845,2.98023188e-08,-0.999981225,-0.00170445407,-0.00586703094,-0.00586706074,-1.00137277e-05,0.999982655],"shapeName":"/art/shapes/garage_and_dealership/Clutter/pallet_stack.DAE","useInstanceRenderData":true}
{"class":"TSStatic","__parent":"refreshArea","position":[-197.495468,-194.351791,118.781738],"decalType":"None","isRenderEnabled":false,"rotationMatrix":[0.448377788,0.893705726,0.0157371163,-0.893844247,0.448308289,0.00789418817,-9.31322575e-10,-0.0176061057,0.999845028],"shapeName":"/art/shapes/garage_and_dealership/Clutter/ind_metal_scraps_c.DAE","useInstanceRenderData":true}
{"name":"adlerStrip_icon_1","class":"BeamNGPointOfInterest","__parent":"refreshArea","position":[-187.466019,-201.507065,119.432198],"rotationMatrix":[-0.447593749,0.894236803,2.98023188e-08,-0.894159734,-0.447555125,-0.0131291999,-0.0117406109,-0.00587657886,0.999913633]}
{"name":"alderDragwayGarageComputer_icon_1","class":"BeamNGPointOfInterest","__parent":"refreshArea","position":[-205.082245,-207.655807,119.750237],"rotationMatrix":[0.343125641,-0.939289391,0,0.939195991,0.343091488,-0.0140956296,0.0132398801,0.00483658817,0.99990046]}
{"name":"alderDragwayGarageComputer_screen_1","class":"TSStatic","__parent":"refreshArea","position":[-205.06871,-207.638901,119.709663],"hidden":true,"isRenderEnabled":false,"rotationMatrix":[-0.343750358,0.939061224,0,-0.939061224,-0.343750358,0,0,0,1],"shapeName":"/art/shapes/garage_and_dealership/garage/s_laptop_ON.dae","useInstanceRenderData":true}
{"class":"TSStatic","__parent":"refreshArea","position":[-205.068527,-207.639267,119.709221],"collisionType":"None","decalType":"None","isRenderEnabled":false,"rotationMatrix":[-0.343749166,0.939061701,0,-0.939061701,-0.343749166,0,0,0,1],"shapeName":"/art/shapes/garage_and_dealership/garage/s_laptop.dae","useInstanceRenderData":true}
{"name":"alderDragwayGarageComputer_area_1","class":"BeamNGGameplayArea","__parent":"refreshArea","position":[-201.123169,-203.532578,121.118759],"rotationMatrix":[0.510703564,-0.859757185,0,0.859757185,0.510703564,0,0,0,1],"scale":[5.86063957,5.58354187,2.35013485]}
{"class":"TSStatic","__parent":"refreshArea","position":[-203.423431,-198.161331,122.03318],"collisionType":"None","decalType":"None","isRenderEnabled":false,"rotationMatrix":[0.545490324,-0.838117182,0,0.838117182,0.545490324,0,0,0,1],"shapeName":"/art/shapes/garage_and_dealership/Clutter/cbbox_new_b.DAE","useInstanceRenderData":true}
{"class":"TSStatic","__parent":"refreshArea","position":[-202.071869,-197.432449,118.798668],"decalType":"None","isRenderEnabled":false,"rotationMatrix":[0.858010948,0.513631344,0,-0.513631344,0.858010948,0,0,0,1],"shapeName":"/art/shapes/garage_and_dealership/garage/s_garage_workbench_medium.dae","useInstanceRenderData":true}
{"class":"TSStatic","__parent":"refreshArea","position":[-205.542145,-206.906937,119.708672],"collisionType":"None","decalType":"None","isRenderEnabled":false,"rotationMatrix":[-0.876820803,-0.48081848,0,0.48081848,-0.876820803,-1.01308078e-05,4.87107854e-06,-8.88289742e-06,1],"shapeName":"/art/shapes/garage_and_dealership/garage/s_small_toolbox_01.dae","useInstanceRenderData":true}
{"class":"TSStatic","__parent":"refreshArea","position":[-204.101334,-209.295578,119.53653],"collisionType":"None","decalType":"None","isRenderEnabled":false,"rotationMatrix":[-0.385350466,0.9227705,9.4473362e-06,2.08616257e-07,-1.02519989e-05,1.00000012,0.9227705,0.385350436,3.57627869e-06],"scale":[0.836474657,0.836474657,0.836474657],"shapeName":"/art/shapes/garage_and_dealership/Clutter/clutter_workshop_toolbox.dae","useInstanceRenderData":true}
{"class":"TSStatic","__parent":"refreshArea","position":[-204.655411,-208.303268,119.12458],"collisionType":"None","decalType":"None","isRenderEnabled":false,"rotationMatrix":[-0.896265984,-0.443517208,-4.47444381e-06,0.443517208,-0.896265984,-9.08916991e-06,2.09115569e-08,-1.01308051e-05,1],"scale":[0.80507803,0.80507803,0.80507803],"shapeName":"/art/shapes/garage_and_dealership/Clutter/cbbox_medium_dirt.DAE","useInstanceRenderData":true}
{"class":"TSStatic","__parent":"refreshArea","position":[-210.444061,-203.149765,118.774933],"isRenderEnabled":false,"rotationMatrix":[0.980808318,0.194938764,0.00373269944,-0.194914863,0.980802059,-0.0059581087,-0.0048225061,0.00511620427,0.999975264],"shapeName":"/levels/west_coast_usa/art/shapes/objects/constructionbarrier.dae","useInstanceRenderData":true}
{"class":"TSStatic","__parent":"refreshArea","position":[-206.821152,-211.519821,118.780014],"isRenderEnabled":false,"rotationMatrix":[0.883433402,0.468556732,2.04004391e-05,-0.468556672,0.883433282,0.000471351988,0.000202832744,-0.000425966835,0.999999881],"shapeName":"/levels/west_coast_usa/art/shapes/objects/constructionbarrier.dae","useInstanceRenderData":true}
{"class":"TSStatic","__parent":"refreshArea","position":[-201.81044,-197.418442,122.031677],"collisionType":"None","decalType":"None","isRenderEnabled":false,"rotationMatrix":[0.81491518,0.579580307,5.84834743e-06,-0.579580307,0.81491518,8.2722936e-06,2.85510851e-08,-1.01308042e-05,1],"shapeName":"/art/shapes/garage_and_dealership/Clutter/clutter_workshop_black_oil.dae","useInstanceRenderData":true}
{"class":"TSStatic","__parent":"refreshArea","position":[-195.08493,-192.696609,118.885315],"decalType":"None","isRenderEnabled":false,"rotationMatrix":[-0.769125462,-0.639097333,-6.43851126e-06,0.639097333,-0.769125462,-7.8218236e-06,4.68826329e-08,-1.01308015e-05,1],"shapeName":"/art/shapes/garage_and_dealership/Clutter/ind_clutter_mix.DAE","useInstanceRenderData":true}
{"class":"TSStatic","__parent":"refreshArea","position":[-208.013519,-202.715607,119.871811],"collisionType":"None","decalType":"None","isRenderEnabled":false,"rotationMatrix":[0.0742282867,0.997241378,2.47698836e-07,-0.997241378,0.0742282867,-8.23293007e-08,-1.00488442e-07,-2.40904342e-07,1],"shapeName":"/art/shapes/garage_and_dealership/Clutter/clutter_workshop_toolbox.dae","useInstanceRenderData":true}
{"class":"TSStatic","__parent":"refreshArea","position":[-200.575485,-196.428879,119.708664],"collisionType":"None","decalType":"None","isRenderEnabled":false,"rotationMatrix":[0.423981667,-0.905671,4.54747351e-13,0.905671,0.423981667,-1.01308087e-05,9.17517536e-06,4.29527972e-06,1],"shapeName":"/art/shapes/garage_and_dealership/garage/s_small_toolbox_01.dae","useInstanceRenderData":true}
{"class":"TSStatic","__parent":"refreshArea","position":[-205.549805,-199.626633,119.585007],"collisionType":"None","decalType":"None","isRenderEnabled":false,"rotationMatrix":[-0.865290046,-0.501271784,0,0.501271784,-0.865290046,0,0,0,1],"shapeName":"/art/shapes/garage_and_dealership/Clutter/clutter_workshop_black_oil.dae","useInstanceRenderData":true}
{"class":"TSStatic","__parent":"refreshArea","position":[-205.59758,-199.526596,120.064713],"collisionType":"None","decalType":"None","isRenderEnabled":false,"rotationMatrix":[0.984551668,0.175094187,0,-0.175094187,0.984551668,0,0,0,1],"shapeName":"/art/shapes/garage_and_dealership/Clutter/plastic_bucket.DAE","useInstanceRenderData":true}
{"class":"TSStatic","__parent":"refreshArea","position":[-207.706207,-203.178131,118.807556],"decalType":"None","isRenderEnabled":false,"rotationMatrix":[-0.455916166,0.890022576,1.68595975e-07,-0.890022576,-0.455916166,-1.99269181e-07,-1.00488435e-07,-2.40904313e-07,1],"shapeName":"/art/shapes/garage_and_dealership/garage/s_big_toolbox_01.dae","useInstanceRenderData":true}
{"class":"TSStatic","__parent":"refreshArea","position":[-205.900528,-213.104218,118.779671],"isRenderEnabled":false,"rotationMatrix":[0.839084208,0.544001579,-3.61372049e-17,-0.544001579,0.839084208,1.69379167e-16,1.22464672e-16,-1.22464685e-16,1],"shapeName":"/levels/west_coast_usa/art/shapes/objects/constructionbarrier.dae","useInstanceRenderData":true}
{"class":"TSStatic","__parent":"refreshArea","position":[-194.902481,-200.62825,118.953102],"collisionType":"None","decalType":"None","isRenderEnabled":false,"rotationMatrix":[-0.298793197,0.954251826,0.0112150954,-0.953723967,-0.299001217,0.0317576639,0.0336581394,-0.0012071291,0.999432683],"shapeName":"/art/shapes/garage_and_dealership/Clutter/cbbox_large_dirt.DAE","useInstanceRenderData":true}
{"class":"TSStatic","__parent":"refreshArea","position":[-205.64566,-199.533737,122.428246],"collisionType":"None","decalType":"None","isRenderEnabled":false,"rotationMatrix":[0.545490026,-0.838117421,0,0.838117421,0.545490026,0,0,0,1],"shapeName":"/art/shapes/garage_and_dealership/Clutter/cbbox_new_a.DAE","useInstanceRenderData":true}
{"class":"TSStatic","__parent":"refreshArea","position":[-206.004608,-206.358765,118.797813],"collisionType":"None","decalType":"None","isRenderEnabled":false,"rotationMatrix":[-0.707715392,0.706497431,5.96046377e-08,-0.706473053,-0.707690954,-0.00830402598,-0.0058667371,-0.0058769593,0.99996537],"shapeName":"/art/shapes/garage_and_dealership/Clutter/clutter_workshop_fire_extinguisher.dae","useInstanceRenderData":true}
{"class":"TSStatic","__parent":"refreshArea","position":[-205.044266,-199.099457,118.802078],"decalType":"None","isRenderEnabled":false,"rotationMatrix":[-0.839912295,-0.542722285,0,0.542722285,-0.839912295,0,0,0,1],"shapeName":"/art/shapes/garage_and_dealership/garage/s_metal_shelf_01.dae","useInstanceRenderData":true}
{"class":"TSStatic","__parent":"refreshArea","position":[-208.309998,-201.221039,119.73616],"collisionType":"None","decalType":"None","isRenderEnabled":false,"rotationMatrix":[-0.999999881,-3.99854325e-05,0,3.99826713e-05,-0.999930799,-0.0117533458,4.69964789e-07,-0.0117534054,0.999930799],"scale":[0.811914086,0.811914086,0.811914086],"shapeName":"/art/shapes/garage_and_dealership/Clutter/cbbox_small_dirt.DAE","useInstanceRenderData":true}
{"class":"TSStatic","__parent":"refreshArea","position":[-201.97728,-197.500626,122.031677],"collisionType":"None","decalType":"None","isRenderEnabled":false,"rotationMatrix":[0.81491518,0.579580307,5.84834743e-06,-0.579580307,0.81491518,8.2722936e-06,2.85510851e-08,-1.01308042e-05,1],"shapeName":"/art/shapes/garage_and_dealership/Clutter/clutter_workshop_black_oil.dae","useInstanceRenderData":true}
