{"class":"DecalRoad","persistentId":"25ba8ffb-8d50-4549-a23d-39b762762528","__parent":"SimGroup_","position":[573.205383,-672.654968,200.671799],"improvedSpline":true,"material":"road_invisible","nodes":[[573.205383,-672.654968,200.671799,1],[567.401367,-681.144287,200.671799,1],[561.954102,-688.47876,200.671799,1],[556.401978,-698.97876,200.671799,1],[552.877502,-706.034302,200.671799,1],[551.464111,-710.073853,200.671799,1],[551.826172,-714.648865,200.671799,1],[553.817627,-717.611633,200.70488,1]]}
{"class":"DecalRoad","persistentId":"2b5f1e6f-b9a8-489b-839d-66706eb15a0c","__parent":"SimGroup_","position":[614.382446,-826.369141,151.897446],"improvedSpline":true,"material":"road_invisible","nodes":[[614.382446,-826.369141,151.897446,1],[611.706787,-824.076172,152.1866,1],[608.668152,-822.397339,152.45137,1],[606.086121,-821.350708,152.6521,1]]}
{"class":"DecalRoad","persistentId":"347f5525-59b6-4c36-8d38-135f8d9523a2","__parent":"SimGroup_","position":[688.335388,-778.474609,172.918274],"improvedSpline":true,"material":"road_invisible","nodes":[[688.335388,-778.474609,172.918274,1],[693.706116,-779.206787,171.873795,1],[704.737915,-780.100281,170.110519,1],[718.252075,-780.164307,168.348221,1],[732.675842,-779.238647,166.725784,1],[744.421204,-778.450012,165.648483,1]]}
{"class":"DecalRoad","persistentId":"42da68c8-0100-4874-a87e-09979415b33d","__parent":"SimGroup_","position":[574.200378,-849.954285,154.652023],"improvedSpline":true,"material":"road_invisible","nodes":[[574.200378,-849.954285,154.652023,1],[571.298706,-853.327026,155.052521,1],[567.426819,-856.460083,156.19191,1],[563.800232,-857.78949,157.304611,1],[554.770081,-860.940369,158.225388,1],[551.484924,-860.55426,159.073242,1]]}
{"class":"DecalRoad","persistentId":"75ae1bd0-35bf-4dba-8065-a2add1c9957c","__parent":"SimGroup_","position":[583.051697,-672.816772,200.671799],"improvedSpline":true,"material":"road_invisible","nodes":[[583.051697,-672.816772,200.671799,1],[579.218384,-683.353577,200.671799,1],[574.057922,-694.927551,200.671799,1],[569.288269,-702.812805,200.671799,1],[564.978821,-707.768982,200.671799,1]]}
{"class":"DecalRoad","persistentId":"9a8b111b-3c67-4cbc-aaa1-c62238b604b2","__parent":"SimGroup_","position":[555.29126,-718.801086,200.743195],"improvedSpline":true,"material":"road_invisible","nodes":[[555.29126,-718.801086,200.743195,1],[557.241638,-722.08313,200.785583,1],[559.826904,-725.126953,200.902664,1],[566.231934,-726.357971,200.97937,1],[571.229553,-725.730164,200.956512,1],[576.146301,-723.587463,200.971573,1]]}
{"class":"DecalRoad","persistentId":"bda02c5e-21fe-4387-86a7-f33c9be04dcb","__parent":"SimGroup_","position":[807.284241,-788.352478,164.22403],"improvedSpline":true,"material":"road_invisible","nodes":[[807.284241,-788.352478,164.22403,1],[793.907227,-788.3396,163.170914,1],[778.75415,-788.127747,162.150528,1],[766.368103,-787.652649,163.142761,1],[759.026306,-787.782715,163.884308,1]]}
{"class":"DecalRoad","persistentId":"c6167aad-38f6-4377-869a-640b98925a96","__parent":"SimGroup_","position":[535.233887,-846.159119,162.42543],"improvedSpline":true,"material":"road_invisible","nodes":[[535.233887,-846.159119,162.42543,1],[528.131226,-844.33667,163.416168,1],[523.831787,-842.920654,164.168884,1],[521.421936,-841.367615,164.882019,1],[520.167847,-838.33429,165.824387,1],[520.971375,-834.641541,166.889954,1],[524.095459,-831.931946,168.059143,1],[528.365112,-830.279541,169.263885,1],[530.570312,-829.548645,169.985046,1]]}
{"class":"DecalRoad","persistentId":"df6d018c-754e-4bc2-aaf6-b1992652647e","__parent":"SimGroup_","position":[879.714783,-589.565125,166.298523],"improvedSpline":true,"material":"road_invisible","nodes":[[879.714783,-589.565125,166.298523,1],[874.326599,-590.660339,166.448853,1],[868.973572,-594.571411,166.756744,1],[866.519531,-598.985474,166.917786,1],[864.42572,-604.255066,167.062531,1],[865.105469,-609.378357,167.182495,1]]}
{"name":"SimGroup_","class":"SimGroup","persistentId":"bebb661c-9461-4075-824d-b92d9a921aca","groupPosition":"648.35903454702 -744.88329630161 179.00414983067"}
{"class":"TSStatic","persistentId":"0080520e-8f00-4d6d-9f3c-936db214945a","__parent":"SimGroup_","position":[773.868042,-787.950378,162.474762],"isRenderEnabled":false,"rotationMatrix":[0.0574003458,0.982100606,0.179397792,-0.995517969,0.0427773595,0.084345445,0.075161539,-0.183435187,0.980154216],"shapeName":"/levels/rls_west_coast_usa/art/shapes/objects/constructionbarrier.dae","useInstanceRenderData":true}
{"class":"TSStatic","persistentId":"031e0b69-f110-4a7c-ac8a-414bd5ce5a2d","__parent":"SimGroup_","position":[527.019836,-830.733948,168.881699],"isRenderEnabled":false,"rotationMatrix":[0.371430457,-0.884869397,-0.281150371,0.917435348,0.303260207,0.257576376,-0.142659724,-0.353608996,0.924450576],"shapeName":"/levels/rls_west_coast_usa/art/shapes/objects/constructionbarrier.dae","useInstanceRenderData":true}
{"class":"TSStatic","persistentId":"03547130-fc20-420c-849e-d12f76396026","__parent":"SimGroup_","position":[556.155945,-720.340942,200.764435],"isRenderEnabled":false,"rotationMatrix":[-0.868345737,-0.493934631,-0.0447713993,0.494166136,-0.869343281,0.00651457859,-0.0421394818,-0.0164676029,0.998975992],"shapeName":"/levels/rls_west_coast_usa/art/shapes/objects/constructionbarrier.dae","useInstanceRenderData":true}
{"class":"TSStatic","persistentId":"04a0036a-d14b-4455-a4af-5588701899d2","__parent":"SimGroup_","position":[647.88385,-619.383057,227.93396],"isRenderEnabled":false,"shapeName":"/levels/rls_west_coast_usa/art/shapes/objects/sandbarrel.dae","useInstanceRenderData":true}
{"class":"TSStatic","persistentId":"07049543-c5fd-4491-970d-d8dfa66af5b6","__parent":"SimGroup_","position":[577.409546,-687.672485,200.671799],"isRenderEnabled":false,"rotationMatrix":[-0.917176485,0.398481071,1.61121588e-16,-0.398481071,-0.917176485,-6.35218727e-17,1.22464672e-16,-1.22464685e-16,1],"shapeName":"/levels/rls_west_coast_usa/art/shapes/objects/constructionbarrier.dae","useInstanceRenderData":true}
{"class":"TSStatic","persistentId":"0884013e-e5d7-486c-80d9-2686218dc56e","__parent":"SimGroup_","position":[552.291992,-707.33844,200.671799],"isRenderEnabled":false,"rotationMatrix":[-0.912758589,0.40849942,1.61807433e-16,-0.40849942,-0.912758589,-6.17539363e-17,1.22464685e-16,-1.22464685e-16,1],"shapeName":"/levels/rls_west_coast_usa/art/shapes/objects/constructionbarrier.dae","useInstanceRenderData":true}
{"class":"TSStatic","persistentId":"100b3645-91b5-431a-89da-c4d99803b68c","__parent":"SimGroup_","position":[693.488525,-779.184021,171.9133],"isRenderEnabled":false,"rotationMatrix":[-0.0999400616,-0.994757116,0.021684356,0.978077114,-0.102219224,-0.181428865,0.182694227,0.00307695568,0.983164966],"shapeName":"/levels/rls_west_coast_usa/art/shapes/objects/constructionbarrier.dae","useInstanceRenderData":true}
{"class":"TSStatic","persistentId":"11bcc80a-3dc5-4814-ad22-0444439ff698","__parent":"SimGroup_","position":[578.782288,-684.417725,200.671799],"isRenderEnabled":false,"rotationMatrix":[-0.923466682,0.383678615,1.60079129e-16,-0.383678615,-0.923466682,-6.61049791e-17,1.22464672e-16,-1.22464672e-16,1],"shapeName":"/levels/rls_west_coast_usa/art/shapes/objects/constructionbarrier.dae","useInstanceRenderData":true}
{"class":"TSStatic","persistentId":"15ea2e8c-4b9b-424b-8ac1-b596f1e60eab","__parent":"SimGroup_","position":[561.746582,-858.547668,157.509933],"isRenderEnabled":false,"rotationMatrix":[-0.33280158,0.92961055,0.158326477,-0.932541907,-0.34937191,0.0911309198,0.140031099,-0.117317565,0.983172357],"shapeName":"/levels/rls_west_coast_usa/art/shapes/objects/constructionbarrier.dae","useInstanceRenderData":true}
{"class":"TSStatic","persistentId":"19c07f50-df06-468b-8f85-97787e6058ed","__parent":"SimGroup_","position":[560.208008,-691.552734,200.671799],"isRenderEnabled":false,"rotationMatrix":[-0.882028341,0.471196324,1.65722234e-16,-0.471196324,-0.882028341,-5.03124137e-17,1.22464685e-16,-1.22464685e-16,1],"shapeName":"/levels/rls_west_coast_usa/art/shapes/objects/constructionbarrier.dae","useInstanceRenderData":true}
{"class":"TSStatic","persistentId":"1ba1b4bf-378b-42c1-8a43-8e56b255d007","__parent":"SimGroup_","position":[566.154053,-682.808105,200.671799],"isRenderEnabled":false,"rotationMatrix":[-0.787919164,0.615778863,1.71903404e-16,-0.615778863,-0.787919164,-2.10811016e-17,1.22464685e-16,-1.22464685e-16,1],"shapeName":"/levels/rls_west_coast_usa/art/shapes/objects/constructionbarrier.dae","useInstanceRenderData":true}
{"class":"TSStatic","persistentId":"1f82e62b-8379-44a1-a76e-255ba6e2f3ed","__parent":"SimGroup_","position":[881.17572,-607.918213,166.963425],"isRenderEnabled":false,"shapeName":"/levels/rls_west_coast_usa/art/shapes/objects/sandbarrel.dae","useInstanceRenderData":true}
{"class":"TSStatic","persistentId":"215d715d-23a9-4bf7-bef1-dcca0fac1d05","__parent":"SimGroup_","position":[574.473572,-694.097595,200.671799],"isRenderEnabled":false,"rotationMatrix":[-0.894141436,0.447784543,1.6433854e-16,-0.447784543,-0.894141436,-5.46629602e-17,1.22464672e-16,-1.22464685e-16,1],"shapeName":"/levels/rls_west_coast_usa/art/shapes/objects/constructionbarrier.dae","useInstanceRenderData":true}
{"class":"TSStatic","persistentId":"23392973-6198-4c93-a76e-0c3f719dcd2d","__parent":"SimGroup_","position":[521.270935,-834.217529,167.038635],"isRenderEnabled":false,"rotationMatrix":[0.805211723,-0.564521432,-0.181520343,0.592743754,0.757468283,0.273672611,-0.016998142,-0.327959448,0.944538891],"shapeName":"/levels/rls_west_coast_usa/art/shapes/objects/constructionbarrier.dae","useInstanceRenderData":true}
{"class":"TSStatic","persistentId":"24449546-ec16-4305-8b91-907b05c650de","__parent":"SimGroup_","position":[610.206909,-823.173035,152.30925],"isRenderEnabled":false,"rotationMatrix":[0.486055553,0.849671662,0.204470158,-0.873739183,0.467600763,0.133900464,0.0181610212,-0.243736655,0.969671428],"shapeName":"/levels/rls_west_coast_usa/art/shapes/objects/constructionbarrier.dae","useInstanceRenderData":true}
{"class":"TSStatic","persistentId":"25422929-2a32-4b9b-aa59-967d9615e5e9","__parent":"SimGroup_","position":[710.908691,-780.242737,169.269547],"isRenderEnabled":false,"rotationMatrix":[-0.00530469418,-0.999964416,0.00656731799,0.991396964,-0.00611793995,-0.130746603,0.130782127,0.00581724942,0.991394043],"shapeName":"/levels/rls_west_coast_usa/art/shapes/objects/constructionbarrier.dae","useInstanceRenderData":true}
{"class":"TSStatic","persistentId":"28ac2f7a-3951-416a-8ab9-b7e798f954b9","__parent":"SimGroup_","position":[780.916992,-788.17572,162.091415],"isRenderEnabled":false,"rotationMatrix":[0.0232360363,0.985131025,0.170226142,-0.999638438,0.0205907822,0.0172889158,0.0135267675,-0.17056632,0.985253334],"shapeName":"/levels/rls_west_coast_usa/art/shapes/objects/constructionbarrier.dae","useInstanceRenderData":true}
{"class":"TSStatic","persistentId":"2af8f18a-fccb-44d9-9fd6-f4da8432290c","__parent":"SimGroup_","position":[566.751709,-705.873413,200.671799],"isRenderEnabled":false,"rotationMatrix":[-0.736148596,0.67681998,1.73038746e-16,-0.67681998,-0.736148596,-7.26565672e-18,1.22464685e-16,-1.22464685e-16,1],"shapeName":"/levels/rls_west_coast_usa/art/shapes/objects/constructionbarrier.dae","useInstanceRenderData":true}
{"class":"TSStatic","persistentId":"32570b6b-37f2-4a8a-bfe0-ed105bc4670b","__parent":"SimGroup_","position":[717.917664,-780.173401,168.387512],"isRenderEnabled":false,"rotationMatrix":[0.0270591974,-0.999633729,-0.000327020884,0.992360532,0.0269016623,-0.120402634,0.120367341,0.00293346867,0.992725074],"shapeName":"/levels/rls_west_coast_usa/art/shapes/objects/constructionbarrier.dae","useInstanceRenderData":true}
{"class":"TSStatic","persistentId":"373f83d8-f359-4b59-a625-e7a8e9e977db","__parent":"SimGroup_","position":[865.578003,-600.923767,166.971436],"isRenderEnabled":false,"rotationMatrix":[-0.905604482,0.42411074,-0.00322878873,-0.42401883,-0.905187011,0.0290575624,0.00940096751,0.0276837274,0.999572515],"shapeName":"/levels/rls_west_coast_usa/art/shapes/objects/constructionbarrier.dae","useInstanceRenderData":true}
{"class":"TSStatic","persistentId":"379578f1-14c9-4511-866b-d55b137f645d","__parent":"SimGroup_","position":[600.584961,-841.908264,144.9375],"isRenderEnabled":false,"rotationMatrix":[0.0537037849,0.998556733,0,-0.998556733,0.0537037849,0,0,0,1],"shapeName":"/levels/rls_west_coast_usa/art/shapes/race/race_rally_gate.dae","useInstanceRenderData":true}
{"class":"TSStatic","persistentId":"3c683acf-cc74-4ebd-b8e1-b4b68ba8b360","__parent":"SimGroup_","position":[648.474487,-614.04248,227.93396],"isRenderEnabled":false,"shapeName":"/levels/rls_west_coast_usa/art/shapes/objects/sandbarrel.dae","useInstanceRenderData":true}
{"class":"TSStatic","persistentId":"3f3c6524-9b58-4973-89ff-75abb977ecb1","__parent":"SimGroup_","position":[530.147217,-844.876648,163.170975],"isRenderEnabled":false,"rotationMatrix":[0.262162149,0.957472861,0.120485201,-0.960636556,0.247036517,0.127084285,0.091915518,-0.149059176,0.984547079],"shapeName":"/levels/rls_west_coast_usa/art/shapes/objects/constructionbarrier.dae","useInstanceRenderData":true}
{"class":"TSStatic","persistentId":"3fd7a36c-70cd-4bcc-a93d-dde48cd67c64","__parent":"SimGroup_","position":[520.929504,-840.64447,165.144516],"isRenderEnabled":false,"rotationMatrix":[0.871489584,0.490193337,-0.0147097781,-0.466296524,0.83754921,0.284743458,0.151899517,-0.241291851,0.958490908],"shapeName":"/levels/rls_west_coast_usa/art/shapes/objects/constructionbarrier.dae","useInstanceRenderData":true}
{"class":"TSStatic","persistentId":"44c38751-b109-444e-8abe-0eee25505f20","__parent":"SimGroup_","position":[874.533142,-590.575256,166.438766],"isRenderEnabled":false,"rotationMatrix":[-0.381465912,0.924161613,-0.0202257,-0.923864067,-0.380427599,0.041832637,0.0309657007,0.0346435271,0.998919904],"shapeName":"/levels/rls_west_coast_usa/art/shapes/objects/constructionbarrier.dae","useInstanceRenderData":true}
{"class":"TSStatic","persistentId":"478bbcca-8f3e-4c87-8449-aeff8d0ffa81","__parent":"SimGroup_","position":[556.984253,-697.838989,200.671799],"isRenderEnabled":false,"rotationMatrix":[-0.89208138,0.451874822,1.64587157e-16,-0.451874822,-0.89208138,-5.39097494e-17,1.22464685e-16,-1.22464685e-16,1],"shapeName":"/levels/rls_west_coast_usa/art/shapes/objects/constructionbarrier.dae","useInstanceRenderData":true}
{"class":"TSStatic","persistentId":"4b8f4987-d07d-41d7-8f61-cc74c061cd55","__parent":"SimGroup_","position":[558.011414,-723.344482,200.821304],"isRenderEnabled":false,"rotationMatrix":[-0.851786494,-0.522756636,-0.0344299935,0.52153188,-0.85234797,0.038825538,-0.0496426411,0.0151147274,0.998652697],"shapeName":"/levels/rls_west_coast_usa/art/shapes/objects/constructionbarrier.dae","useInstanceRenderData":true}
{"class":"TSStatic","persistentId":"4def9fde-9594-4648-b583-7cb6a097c44d","__parent":"SimGroup_","position":[877.963196,-589.787903,166.327347],"isRenderEnabled":false,"rotationMatrix":[-0.125674605,0.991799116,-0.0232460648,-0.99180305,-0.125061035,0.0261991192,0.0230770893,0.0263480823,0.99938643],"shapeName":"/levels/rls_west_coast_usa/art/shapes/objects/constructionbarrier.dae","useInstanceRenderData":true}
{"class":"TSStatic","persistentId":"4f4c656d-ca68-498f-b86d-b1579b19c5b0","__parent":"SimGroup_","position":[794.962219,-788.346375,163.232086],"isRenderEnabled":false,"rotationMatrix":[-0.00486814976,0.981261611,0.192618549,-0.998306155,0.00639849901,-0.0578266308,-0.0579755083,-0.192573786,0.979568362],"shapeName":"/levels/rls_west_coast_usa/art/shapes/objects/constructionbarrier.dae","useInstanceRenderData":true}
{"class":"TSStatic","persistentId":"530d849d-62f1-4ffe-be7f-a6ee394c3a76","__parent":"SimGroup_","position":[784.448608,-788.237,162.095154],"isRenderEnabled":false,"rotationMatrix":[0.00971740484,0.985269248,0.170733541,-0.999545991,0.0144401193,-0.0264412537,-0.0285171643,-0.1703991,0.984962404],"shapeName":"/levels/rls_west_coast_usa/art/shapes/objects/constructionbarrier.dae","useInstanceRenderData":true}
{"class":"TSStatic","persistentId":"53e60d0b-14aa-4023-948a-82b10ee14ba1","__parent":"SimGroup_","position":[572.828064,-697.2229,200.671799],"isRenderEnabled":false,"rotationMatrix":[-0.873740792,0.486391723,1.66568209e-16,-0.486391723,-0.873740792,-4.74365781e-17,1.22464685e-16,-1.22464685e-16,1],"shapeName":"/levels/rls_west_coast_usa/art/shapes/objects/constructionbarrier.dae","useInstanceRenderData":true}
{"class":"TSStatic","persistentId":"56f429be-c6e3-4848-ab28-3c0801d7643f","__parent":"SimGroup_","position":[520.174255,-837.376648,166.057968],"isRenderEnabled":false,"rotationMatrix":[0.995258451,-0.0305991936,-0.0923272893,0.0522721335,0.968765259,0.242407694,0.0820259973,-0.246084437,0.965771317],"shapeName":"/levels/rls_west_coast_usa/art/shapes/objects/constructionbarrier.dae","useInstanceRenderData":true}
{"class":"TSStatic","persistentId":"57c8b9ba-7f4f-4cc9-bf27-378650e23096","__parent":"SimGroup_","position":[569.024719,-703.171814,200.671799],"isRenderEnabled":false,"rotationMatrix":[-0.806134939,0.591731906,1.71189303e-16,-0.591731906,-0.806134939,-2.62567905e-17,1.22464685e-16,-1.22464685e-16,1],"shapeName":"/levels/rls_west_coast_usa/art/shapes/objects/constructionbarrier.dae","useInstanceRenderData":true}
{"class":"TSStatic","persistentId":"584e48a0-9d93-45af-b469-777f23545b89","__parent":"SimGroup_","position":[648.076477,-616.814636,227.93396],"isRenderEnabled":false,"shapeName":"/levels/rls_west_coast_usa/art/shapes/objects/sandbarrel.dae","useInstanceRenderData":true}
{"class":"TSStatic","persistentId":"5f3bb768-b542-4e02-bb6b-8d1b930785c7","__parent":"SimGroup_","position":[561.668274,-712.05072,200.710114],"isRenderEnabled":false,"shapeName":"/levels/rls_west_coast_usa/art/shapes/objects/sandbarrel.dae","useInstanceRenderData":true}
{"class":"TSStatic","persistentId":"61bace69-c61c-4fb0-924a-f46161aac9ba","__parent":"SimGroup_","position":[728.425598,-779.544312,167.178604],"isRenderEnabled":false,"rotationMatrix":[0.0740329027,-0.997241557,-0.00532628596,0.991535485,0.0741784573,-0.106559932,0.106661096,0.00260773674,0.994292021],"shapeName":"/levels/rls_west_coast_usa/art/shapes/objects/constructionbarrier.dae","useInstanceRenderData":true}
{"class":"TSStatic","persistentId":"61d8abd5-544e-4b83-9c12-863a000df783","__parent":"SimGroup_","position":[738.94458,-778.820618,166.116241],"isRenderEnabled":false,"rotationMatrix":[0.066827774,-0.997744799,-0.00627529994,0.993555069,0.0671216249,-0.0913397968,0.0915550143,-0.000130821019,0.995800018],"shapeName":"/levels/rls_west_coast_usa/art/shapes/objects/constructionbarrier.dae","useInstanceRenderData":true}
{"class":"TSStatic","persistentId":"65b6bbd5-5ca1-467a-97ee-191ac876893b","__parent":"SimGroup_","position":[551.766357,-860.634888,158.991776],"isRenderEnabled":false,"rotationMatrix":[0.365759254,0.926316738,0.0903186575,-0.903676629,0.330240607,0.272598058,0.222685248,-0.181324124,0.957879364],"shapeName":"/levels/rls_west_coast_usa/art/shapes/objects/constructionbarrier.dae","useInstanceRenderData":true}
{"class":"TSStatic","persistentId":"66893da9-d820-4e46-b6f4-01438e8a956a","__parent":"SimGroup_","position":[731.928955,-779.289551,166.802628],"isRenderEnabled":false,"rotationMatrix":[0.0675315857,-0.997708321,-0.00420374423,0.992366672,0.0676046014,-0.103140771,0.103188597,0.00279360637,0.994657874],"shapeName":"/levels/rls_west_coast_usa/art/shapes/objects/constructionbarrier.dae","useInstanceRenderData":true}
{"class":"TSStatic","persistentId":"67d0afe9-7ab9-4be8-85df-86c32f903ddc","__parent":"SimGroup_","position":[864.426941,-604.248169,167.062378],"isRenderEnabled":false,"rotationMatrix":[-0.983203053,0.176143214,0.0478035398,-0.175306186,-0.984285474,0.0212043598,0.0507873408,0.0124679357,0.998631656],"shapeName":"/levels/rls_west_coast_usa/art/shapes/objects/constructionbarrier.dae","useInstanceRenderData":true}
{"class":"TSStatic","persistentId":"6adfeab4-dc00-4025-868c-d7e0f14dbbf5","__parent":"SimGroup_","position":[568.039734,-856.06366,155.873383],"isRenderEnabled":false,"rotationMatrix":[-0.560064673,0.828448832,-0.000348374248,-0.75724858,-0.511759758,0.405803442,0.336009085,0.227539957,0.913960338],"shapeName":"/levels/rls_west_coast_usa/art/shapes/objects/constructionbarrier.dae","useInstanceRenderData":true}
{"class":"TSStatic","persistentId":"753653e5-32d3-44d9-9f96-4d1eef3a4069","__parent":"SimGroup_","position":[690.046753,-778.741333,172.572754],"isRenderEnabled":false,"rotationMatrix":[-0.149499059,-0.988480508,0.0235871002,0.969387114,-0.151227117,-0.193440139,0.19477883,-0.00605407357,0.980828524],"shapeName":"/levels/rls_west_coast_usa/art/shapes/objects/constructionbarrier.dae","useInstanceRenderData":true}
{"class":"TSStatic","persistentId":"75ec7600-0f8f-4cc2-bcaf-274b7d17549c","__parent":"SimGroup_","position":[523.879944,-832.062134,167.988739],"isRenderEnabled":false,"rotationMatrix":[0.557313919,-0.797804415,-0.230020285,0.824161828,0.497912407,0.269889802,-0.100789301,-0.339987308,0.935013473],"shapeName":"/levels/rls_west_coast_usa/art/shapes/objects/constructionbarrier.dae","useInstanceRenderData":true}
{"class":"TSStatic","persistentId":"76b65fb0-25c7-4200-be4b-efe9921d21d2","__parent":"SimGroup_","position":[571.012634,-700.252563,200.671799],"isRenderEnabled":false,"rotationMatrix":[-0.845364809,0.534189463,1.68946677e-16,-0.534189463,-0.845364809,-3.81079891e-17,1.22464685e-16,-1.22464685e-16,1],"shapeName":"/levels/rls_west_coast_usa/art/shapes/objects/constructionbarrier.dae","useInstanceRenderData":true}
{"class":"TSStatic","persistentId":"78048631-c754-4321-887e-101c8760d322","__parent":"SimGroup_","position":[581.296265,-677.816162,200.671799],"isRenderEnabled":false,"rotationMatrix":[-0.942754745,0.333487034,1.56294546e-16,-0.333487034,-0.942754745,-7.46137691e-17,1.22464685e-16,-1.22464685e-16,1],"shapeName":"/levels/rls_west_coast_usa/art/shapes/objects/constructionbarrier.dae","useInstanceRenderData":true}
{"class":"TSStatic","persistentId":"792905d7-70c4-4bd7-af8c-ec639d0ce60c","__parent":"SimGroup_","position":[558.449219,-859.766907,157.854248],"isRenderEnabled":false,"rotationMatrix":[-0.313697696,0.929436922,0.194269687,-0.937662959,-0.335462451,0.0908455029,0.149605364,-0.153661489,0.976732492],"shapeName":"/levels/rls_west_coast_usa/art/shapes/objects/constructionbarrier.dae","useInstanceRenderData":true}
{"class":"TSStatic","persistentId":"7eab2270-ee6f-471d-a310-8cf16ebd3d9d","__parent":"SimGroup_","position":[555.106934,-860.854004,158.193649],"isRenderEnabled":false,"rotationMatrix":[-0.219887972,0.949136257,0.225365609,-0.963778973,-0.247105956,0.100342691,0.15092808,-0.195138484,0.969093204],"shapeName":"/levels/rls_west_coast_usa/art/shapes/objects/constructionbarrier.dae","useInstanceRenderData":true}
{"class":"TSStatic","persistentId":"80fb8a38-efec-460d-a2e5-77a84f09d6ce","__parent":"SimGroup_","position":[526.769104,-843.943604,163.608688],"isRenderEnabled":false,"rotationMatrix":[0.297790825,0.943464696,0.145585448,-0.950391471,0.27864337,0.13825348,0.0898708403,-0.17953378,0.9796381],"shapeName":"/levels/rls_west_coast_usa/art/shapes/objects/constructionbarrier.dae","useInstanceRenderData":true}
{"class":"TSStatic","persistentId":"82170549-130f-46d3-8c4d-421f1fcf4b67","__parent":"SimGroup_","position":[607.01123,-821.701721,152.571472],"isRenderEnabled":false,"rotationMatrix":[0.348146498,0.925784945,0.147363976,-0.934783459,0.354669988,-0.019723393,-0.0705251843,-0.130886793,0.988885641],"shapeName":"/levels/rls_west_coast_usa/art/shapes/objects/constructionbarrier.dae","useInstanceRenderData":true}
{"class":"TSStatic","persistentId":"828583eb-7b46-4ce5-ad95-0b21b9721349","__parent":"SimGroup_","position":[742.455139,-778.582947,165.801315],"isRenderEnabled":false,"rotationMatrix":[0.067244947,-0.99771893,-0.00591994822,0.99445951,0.0675034523,-0.0805821419,0.0807979405,-0.000468406826,0.996730387],"shapeName":"/levels/rls_west_coast_usa/art/shapes/objects/constructionbarrier.dae","useInstanceRenderData":true}
{"class":"TSStatic","persistentId":"842d4b2f-9a8c-4299-8e9d-b7d44ad88cd8","__parent":"SimGroup_","position":[791.458313,-788.318787,162.842484],"isRenderEnabled":false,"rotationMatrix":[-0.0280452967,0.981414735,0.189837858,-0.981696784,0.00874716043,-0.190249354,-0.188374057,-0.191698819,0.96320653],"shapeName":"/levels/rls_west_coast_usa/art/shapes/objects/constructionbarrier.dae","useInstanceRenderData":true}
{"class":"TSStatic","persistentId":"8539bec9-9943-4696-b0e4-6e5161f6a72a","__parent":"SimGroup_","position":[763.319519,-787.655884,163.411438],"isRenderEnabled":false,"rotationMatrix":[-0.00268280506,0.990180433,0.139769584,-0.995251596,-0.0162433386,0.0959709585,0.0972988904,-0.138848424,0.985522211],"shapeName":"/levels/rls_west_coast_usa/art/shapes/objects/constructionbarrier.dae","useInstanceRenderData":true}
{"class":"TSStatic","persistentId":"8f2609c4-af78-4478-bdc3-b0f69d860222","__parent":"SimGroup_","position":[570.235168,-677.042847,200.671799],"isRenderEnabled":false,"rotationMatrix":[-0.8266114,0.562773049,1.70150523e-16,-0.562773049,-0.8266114,-3.23108857e-17,1.22464685e-16,-1.22464685e-16,1],"shapeName":"/levels/rls_west_coast_usa/art/shapes/objects/constructionbarrier.dae","useInstanceRenderData":true}
{"class":"TSStatic","persistentId":"8f71d112-f74d-41a7-a0a8-ba7f9cd22088","__parent":"SimGroup_","position":[766.838196,-787.663574,163.103561],"isRenderEnabled":false,"rotationMatrix":[0.0356813669,0.987052441,0.156378493,-0.996408701,0.0231142044,0.0814580768,0.0767888278,-0.158723429,0.984332442],"shapeName":"/levels/rls_west_coast_usa/art/shapes/objects/constructionbarrier.dae","useInstanceRenderData":true}
{"class":"TSStatic","persistentId":"8fb3a542-d2a5-4801-a6c9-d9b0b13ed5f7","__parent":"SimGroup_","position":[553.773254,-704.131836,200.671799],"isRenderEnabled":false,"rotationMatrix":[-0.897976637,0.440043211,1.63860165e-16,-0.440043211,-0.897976637,-5.60806684e-17,1.22464685e-16,-1.22464685e-16,1],"shapeName":"/levels/rls_west_coast_usa/art/shapes/objects/constructionbarrier.dae","useInstanceRenderData":true}
{"class":"TSStatic","persistentId":"90000020-da6e-4be1-8ab2-8c0baf451aa3","__parent":"SimGroup_","position":[721.421875,-780.022644,167.969452],"isRenderEnabled":false,"rotationMatrix":[0.0555016398,-0.998452187,-0.00358234346,0.991871715,0.0555465817,-0.11447721,0.114499003,0.00280044973,0.993419409],"shapeName":"/levels/rls_west_coast_usa/art/shapes/objects/constructionbarrier.dae","useInstanceRenderData":true}
{"class":"TSStatic","persistentId":"902315d6-e5bc-440a-994d-e8f3bbc922da","__parent":"SimGroup_","position":[871.509766,-592.379639,166.608582],"isRenderEnabled":false,"rotationMatrix":[-0.592637539,0.805416226,-0.00923424959,-0.80483222,-0.591674209,0.0465454869,0.0320248231,0.0350166298,0.998873472],"shapeName":"/levels/rls_west_coast_usa/art/shapes/objects/constructionbarrier.dae","useInstanceRenderData":true}
{"class":"TSStatic","persistentId":"945d61af-8d42-4ed2-911c-5ea8ee7b6cf0","__parent":"SimGroup_","position":[565.057739,-857.379028,157.134872],"isRenderEnabled":false,"rotationMatrix":[-0.292609811,0.95593822,-0.0236996822,-0.946462631,-0.285997748,0.149712384,0.136337727,0.0662381649,0.98844552],"shapeName":"/levels/rls_west_coast_usa/art/shapes/objects/constructionbarrier.dae","useInstanceRenderData":true}
{"class":"TSStatic","persistentId":"952a0de3-aff7-4c30-87d4-d24e072911df","__parent":"SimGroup_","position":[696.951172,-779.530762,171.307983],"isRenderEnabled":false,"rotationMatrix":[-0.0940239429,-0.995390058,0.0189270377,0.981317163,-0.0958665609,-0.166812032,0.167857498,0.00288910419,0.985807061],"shapeName":"/levels/rls_west_coast_usa/art/shapes/objects/constructionbarrier.dae","useInstanceRenderData":true}
{"class":"TSStatic","persistentId":"96466660-75d5-46d9-9c68-9daecff57b7f","__parent":"SimGroup_","position":[798.488464,-788.358276,163.436249],"isRenderEnabled":false,"rotationMatrix":[-0.00796806812,0.991796613,0.127577126,-0.997430444,0.00120073557,-0.0716309547,-0.0711965039,-0.127820089,0.98923862],"shapeName":"/levels/rls_west_coast_usa/art/shapes/objects/constructionbarrier.dae","useInstanceRenderData":true}
{"class":"TSStatic","persistentId":"9998ba3b-445b-4e45-9c8d-3515f0a60a56","__parent":"SimGroup_","position":[551.713684,-714.240845,200.671799],"isRenderEnabled":false,"rotationMatrix":[-0.974573851,-0.224066705,9.1910612e-17,0.224066705,-0.974573851,-1.46791127e-16,1.22464685e-16,-1.22464685e-16,1],"shapeName":"/levels/rls_west_coast_usa/art/shapes/objects/constructionbarrier.dae","useInstanceRenderData":true}
{"class":"TSStatic","persistentId":"99f9d774-5d68-427c-bfbb-77f58e00585e","__parent":"SimGroup_","position":[574.42627,-724.416077,200.953995],"isRenderEnabled":false,"rotationMatrix":[0.432404399,-0.896471322,-0.096775867,0.90071851,0.434403002,0.000462502241,0.0416251048,-0.0873678029,0.995306075],"shapeName":"/levels/rls_west_coast_usa/art/shapes/objects/constructionbarrier.dae","useInstanceRenderData":true}
{"class":"TSStatic","persistentId":"9a7bdc77-c443-4590-b8dd-4d2850d32c60","__parent":"SimGroup_","position":[724.92395,-779.800903,167.565414],"isRenderEnabled":false,"rotationMatrix":[0.0709180236,-0.997467458,-0.00540249795,0.991180956,0.0710768104,-0.111840755,0.111941509,0.00257666036,0.993711472],"shapeName":"/levels/rls_west_coast_usa/art/shapes/objects/constructionbarrier.dae","useInstanceRenderData":true}
{"class":"TSStatic","persistentId":"9ed77f14-66ba-4272-b0b9-dcbbbceeff6e","__parent":"SimGroup_","position":[580.084473,-681.134216,200.671799],"isRenderEnabled":false,"rotationMatrix":[-0.936810017,0.349838406,1.57568986e-16,-0.349838406,-0.936810017,-7.18832989e-17,1.22464685e-16,-1.22464685e-16,1],"shapeName":"/levels/rls_west_coast_usa/art/shapes/objects/constructionbarrier.dae","useInstanceRenderData":true}
{"class":"TSStatic","persistentId":"a13b19dc-821b-402d-89ff-65b61dedbf5e","__parent":"SimGroup_","position":[564.883362,-716.846436,200.971069],"isRenderEnabled":false,"shapeName":"/levels/rls_west_coast_usa/art/shapes/objects/sandbarrel.dae","useInstanceRenderData":true}
{"class":"TSStatic","persistentId":"a828f2d5-f4e3-41a6-96cd-a1214ecb3242","__parent":"SimGroup_","position":[714.412292,-780.240784,168.81955],"isRenderEnabled":false,"rotationMatrix":[0.00708734989,-0.999962687,0.00495166332,0.991894722,0.00640177727,-0.12690109,0.126864642,0.0058109276,0.991903007],"shapeName":"/levels/rls_west_coast_usa/art/shapes/objects/constructionbarrier.dae","useInstanceRenderData":true}
{"class":"TSStatic","persistentId":"a842ef1d-243b-4854-a0eb-1dd40d8fab96","__parent":"SimGroup_","position":[561.952393,-688.481628,200.671799],"isRenderEnabled":false,"rotationMatrix":[-0.857814074,0.513960302,1.67993897e-16,-0.513960302,-0.857814074,-4.2109932e-17,1.22464685e-16,-1.22464685e-16,1],"shapeName":"/levels/rls_west_coast_usa/art/shapes/objects/constructionbarrier.dae","useInstanceRenderData":true}
{"class":"TSStatic","persistentId":"b2011e56-5c95-42c5-900f-49fea31e72bc","__parent":"SimGroup_","position":[570.697815,-853.891724,155.132324],"isRenderEnabled":false,"rotationMatrix":[-0.683166504,0.728459179,-0.0512903333,-0.729370773,-0.677176952,0.0972091779,0.0360802859,0.10381972,0.993941486],"shapeName":"/levels/rls_west_coast_usa/art/shapes/objects/constructionbarrier.dae","useInstanceRenderData":true}
{"class":"TSStatic","persistentId":"b3470102-3cce-4682-9851-8575c9a333b2","__parent":"SimGroup_","position":[575.981201,-690.903198,200.671799],"isRenderEnabled":false,"rotationMatrix":[-0.911849856,0.41052404,1.61944097e-16,-0.41052404,-0.911849856,-6.1394695e-17,1.22464685e-16,-1.22464685e-16,1],"shapeName":"/levels/rls_west_coast_usa/art/shapes/objects/constructionbarrier.dae","useInstanceRenderData":true}
{"class":"TSStatic","persistentId":"b43c7d38-b078-4493-bc0c-a091545ff437","__parent":"SimGroup_","position":[867.075806,-597.726562,166.880554],"isRenderEnabled":false,"rotationMatrix":[-0.91856432,0.395264417,-0.00234975317,-0.395163029,-0.918157101,0.0288726538,0.00925489049,0.0274499282,0.999580324],"shapeName":"/levels/rls_west_coast_usa/art/shapes/objects/constructionbarrier.dae","useInstanceRenderData":true}
{"class":"TSStatic","persistentId":"b757b90d-d79c-4ad7-b3a0-85bcf85aa4dd","__parent":"SimGroup_","position":[563.964355,-685.579895,200.671799],"isRenderEnabled":false,"rotationMatrix":[-0.790297508,0.612723172,1.71820488e-16,-0.612723172,-0.790297508,-2.17465882e-17,1.22464672e-16,-1.22464672e-16,1],"shapeName":"/levels/rls_west_coast_usa/art/shapes/objects/constructionbarrier.dae","useInstanceRenderData":true}
{"class":"TSStatic","persistentId":"b93dfee0-a6cc-47ab-beba-7b9025106ee4","__parent":"SimGroup_","position":[802.009277,-788.358826,163.72496],"isRenderEnabled":false,"rotationMatrix":[-0.00929069519,0.995097339,0.0984625444,-0.996194541,-0.000677227974,-0.0871546045,-0.0866606459,-0.0988975838,0.991316915],"shapeName":"/levels/rls_west_coast_usa/art/shapes/objects/constructionbarrier.dae","useInstanceRenderData":true}
{"class":"TSStatic","persistentId":"bb6f8042-9fcd-4b5a-93d2-91362902494e","__parent":"SimGroup_","position":[555.36792,-700.979919,200.671799],"isRenderEnabled":false,"rotationMatrix":[-0.888774872,0.458343923,1.64974476e-16,-0.458343923,-0.888774872,-5.27125974e-17,1.22464672e-16,-1.22464685e-16,1],"shapeName":"/levels/rls_west_coast_usa/art/shapes/objects/constructionbarrier.dae","useInstanceRenderData":true}
{"class":"TSStatic","persistentId":"bdc48535-c692-4bd3-bd56-d68196057755","__parent":"SimGroup_","position":[533.536438,-845.263367,162.664597],"isRenderEnabled":false,"rotationMatrix":[-0.132616758,0.990159214,0.0446981192,-0.980194151,-0.137706995,0.142325819,0.147080436,-0.024938073,0.988810122],"shapeName":"/levels/rls_west_coast_usa/art/shapes/objects/constructionbarrier.dae","useInstanceRenderData":true}
{"class":"TSStatic","persistentId":"be66bb89-b370-40b3-86db-0ace1281f074","__parent":"SimGroup_","position":[568.235901,-679.955078,200.671799],"isRenderEnabled":false,"rotationMatrix":[-0.820804119,0.571209908,1.70472554e-16,-0.571209908,-0.820804119,-3.05664644e-17,1.22464685e-16,-1.22464672e-16,1],"shapeName":"/levels/rls_west_coast_usa/art/shapes/objects/constructionbarrier.dae","useInstanceRenderData":true}
{"class":"TSStatic","persistentId":"bf4b1251-bf19-46b1-9718-c5efe71723cf","__parent":"SimGroup_","position":[558.578064,-694.686523,200.671799],"isRenderEnabled":false,"rotationMatrix":[-0.891539931,0.452942163,1.64651558e-16,-0.452942163,-0.891539931,-5.37127348e-17,1.22464685e-16,-1.22464685e-16,1],"shapeName":"/levels/rls_west_coast_usa/art/shapes/objects/constructionbarrier.dae","useInstanceRenderData":true}
{"class":"TSStatic","persistentId":"ce476846-0eb0-4c44-9856-d535c6d42d11","__parent":"SimGroup_","position":[523.501282,-842.773987,164.242142],"isRenderEnabled":false,"rotationMatrix":[0.433255315,0.892031908,0.128719658,-0.889815331,0.400664389,0.218395725,0.143242598,-0.209157839,0.967333734],"shapeName":"/levels/rls_west_coast_usa/art/shapes/objects/constructionbarrier.dae","useInstanceRenderData":true}
{"class":"TSStatic","persistentId":"cfdc5c16-b712-4226-a0f0-256d2d3cecd8","__parent":"SimGroup_","position":[553.518738,-717.2323,200.69664],"isRenderEnabled":false,"rotationMatrix":[-0.763962626,-0.645182729,-0.0100101205,0.644725561,-0.763869047,0.0288601816,-0.0262665153,0.0155943213,0.999533355],"shapeName":"/levels/rls_west_coast_usa/art/shapes/objects/constructionbarrier.dae","useInstanceRenderData":true}
{"class":"TSStatic","persistentId":"d02745cb-9909-4cfb-8953-05657f5df753","__parent":"SimGroup_","position":[564.166443,-726.164673,200.986847],"isRenderEnabled":false,"rotationMatrix":[-0.127288342,-0.991300106,-0.0334937088,0.991846681,-0.12742269,0.00189899933,-0.00615033787,-0.0329789035,0.999437153],"shapeName":"/levels/rls_west_coast_usa/art/shapes/objects/constructionbarrier.dae","useInstanceRenderData":true}
{"class":"TSStatic","persistentId":"d07275a0-df03-4d93-8231-ae75e4661e34","__parent":"SimGroup_","position":[805.527344,-788.353882,164.04361],"isRenderEnabled":false,"rotationMatrix":[-0.00839650631,0.997551858,0.0694243461,-0.995129168,-0.00151634216,-0.0985680595,-0.0982214808,-0.0699138269,0.992705703],"shapeName":"/levels/rls_west_coast_usa/art/shapes/objects/constructionbarrier.dae","useInstanceRenderData":true}
{"class":"TSStatic","persistentId":"d09c2fa1-f1f6-4a19-b46e-9ae8b500c78a","__parent":"SimGroup_","position":[560.709534,-725.463013,200.924881],"isRenderEnabled":false,"rotationMatrix":[-0.321191907,-0.946791291,-0.0205439515,0.946559548,-0.321634293,0.0240114853,-0.029341504,-0.0117337788,0.999500573],"shapeName":"/levels/rls_west_coast_usa/art/shapes/objects/constructionbarrier.dae","useInstanceRenderData":true}
{"class":"TSStatic","persistentId":"d1d2ddb5-dcc8-4aeb-803a-ef131e474551","__parent":"SimGroup_","position":[571.159851,-725.749084,200.956604],"isRenderEnabled":false,"rotationMatrix":[0.260632336,-0.961069942,-0.0917350501,0.96510005,0.261876523,-0.00158472732,0.02554629,-0.0881204754,0.995782197],"shapeName":"/levels/rls_west_coast_usa/art/shapes/objects/constructionbarrier.dae","useInstanceRenderData":true}
{"class":"TSStatic","persistentId":"d3b097a9-8eb5-42e6-9912-5b5ae01707ac","__parent":"SimGroup_","position":[700.425049,-779.838684,170.746735],"isRenderEnabled":false,"rotationMatrix":[-0.0730614662,-0.997221947,0.0145066604,0.985884309,-0.0744125843,-0.149982736,0.150645554,0.00334392488,0.988582194],"shapeName":"/levels/rls_west_coast_usa/art/shapes/objects/constructionbarrier.dae","useInstanceRenderData":true}
{"class":"TSStatic","persistentId":"d555bc51-3639-43d1-8479-877d1f3565ca","__parent":"SimGroup_","position":[572.214966,-674.117371,200.671799],"isRenderEnabled":false,"rotationMatrix":[-0.828807235,0.559534431,1.70022806e-16,-0.559534431,-0.828807235,-3.29764022e-17,1.22464685e-16,-1.22464685e-16,1],"shapeName":"/levels/rls_west_coast_usa/art/shapes/objects/constructionbarrier.dae","useInstanceRenderData":true}
{"class":"TSStatic","persistentId":"da2ca50c-5815-4b6c-86d0-9fe51e359255","__parent":"SimGroup_","position":[759.808472,-787.759949,163.784607],"isRenderEnabled":false,"rotationMatrix":[-0.0169295073,0.99170953,0.127379671,-0.991970837,-0.0326280594,0.122185566,0.125328735,-0.124288373,0.984299302],"shapeName":"/levels/rls_west_coast_usa/art/shapes/objects/constructionbarrier.dae","useInstanceRenderData":true}
{"class":"TSStatic","persistentId":"dcf7b8a3-f399-4eb2-9c4d-ab1cfa0195d1","__parent":"SimGroup_","position":[582.464783,-674.482605,200.671799],"isRenderEnabled":false,"rotationMatrix":[-0.944394112,0.328815967,1.55923254e-16,-0.328815967,-0.944394112,-7.53865808e-17,1.22464685e-16,-1.22464685e-16,1],"shapeName":"/levels/rls_west_coast_usa/art/shapes/objects/constructionbarrier.dae","useInstanceRenderData":true}
{"class":"TSStatic","persistentId":"dda07a61-b107-4c44-919b-e6ae835551ad","__parent":"SimGroup_","position":[735.435852,-779.056091,166.449371],"isRenderEnabled":false,"rotationMatrix":[0.0660207868,-0.997796476,-0.00658737496,0.992866576,0.0663486123,-0.0990648493,0.0992836207,-4.47034836e-08,0.995059192],"shapeName":"/levels/rls_west_coast_usa/art/shapes/objects/constructionbarrier.dae","useInstanceRenderData":true}
{"class":"TSStatic","persistentId":"de6122c3-8ef3-4b93-ae37-046dbb624499","__parent":"SimGroup_","position":[787.97644,-788.283264,162.263367],"isRenderEnabled":false,"rotationMatrix":[-0.000253796577,0.983850718,0.178991109,-0.997774124,0.0116868019,-0.0656531304,-0.0666847229,-0.178609356,0.981657684],"shapeName":"/levels/rls_west_coast_usa/art/shapes/objects/constructionbarrier.dae","useInstanceRenderData":true}
