//--- OBJECT WRITE BEGIN ---
$ThisPrefab = new SimGroup() {
   canSave = "1";
   canSaveDynamicFields = "1";
      groupPosition = "0 0 0";

   new DecalRoad() {
      drivability = "-1";
      lanesLeft = "1";
      lanesRight = "1";
      oneWay = "0";
      flipDirection = "0";
      gatedRoad = "0";
      useSubdivisions = "1";
      ImprovedSpline = "1";
      startTangent = "0";
      endTangent = "0";
      looped = "0";
      smoothness = "0.5";
      detail = "0.100000001";
      overObjects = "0";
      material = "line_yellow";
      textureLength = "5";
      breakAngle = "3";
      renderPriority = "10";
      zBias = "0";
      decalBias = "0.000500000024";
      distanceFade = "0 0";
      startEndFade = "0.300000012 0.300000012";
      hiddenInNavi = "0";
      position = "-698.649658 524.535461 118.877914";
      scale = "1 1 1";
      rotationMatrix = "1 0 0 0 1 0 0 0 1";
      canSave = "1";
      canSaveDynamicFields = "1";

      Node = "-698.649658 524.535461 118.877914 0.200000";
      Node = "-699.859375 523.266541 118.875160 0.200000";
   };
   new DecalRoad() {
      drivability = "-1";
      lanesLeft = "1";
      lanesRight = "1";
      oneWay = "0";
      flipDirection = "0";
      gatedRoad = "0";
      useSubdivisions = "1";
      ImprovedSpline = "1";
      startTangent = "0";
      endTangent = "0";
      looped = "0";
      smoothness = "0.5";
      detail = "0.100000001";
      overObjects = "0";
      material = "line_yellow";
      textureLength = "5";
      breakAngle = "3";
      renderPriority = "10";
      zBias = "0";
      decalBias = "0.000500000024";
      distanceFade = "0 0";
      startEndFade = "0.300000012 0.300000012";
      hiddenInNavi = "0";
      position = "-702.182068 528.172302 119.071785";
      scale = "1 1 1";
      rotationMatrix = "1 0 0 0 1 0 0 0 1";
      canSave = "1";
      canSaveDynamicFields = "1";

      Node = "-702.182068 528.172302 119.071785 0.200000";
      Node = "-703.448181 527.015991 119.075012 0.200000";
   };
   new DecalRoad() {
      drivability = "-1";
      lanesLeft = "1";
      lanesRight = "1";
      oneWay = "0";
      flipDirection = "0";
      gatedRoad = "0";
      useSubdivisions = "1";
      ImprovedSpline = "1";
      startTangent = "0";
      endTangent = "0";
      looped = "0";
      smoothness = "0.5";
      detail = "0.100000001";
      overObjects = "0";
      material = "line_yellow";
      textureLength = "5";
      breakAngle = "3";
      renderPriority = "10";
      zBias = "0";
      decalBias = "0.000500000024";
      distanceFade = "0 0";
      startEndFade = "0.300000012 0.300000012";
      hiddenInNavi = "0";
      position = "-694.399414 520.374695 118.643913";
      scale = "1 1 1";
      rotationMatrix = "1 0 0 0 1 0 0 0 1";
      canSave = "1";
      canSaveDynamicFields = "1";

      Node = "-694.399414 520.374695 118.643913 0.200000";
      Node = "-695.663025 519.154907 118.645210 0.200000";
   };
   new DecalRoad() {
      drivability = "-1";
      lanesLeft = "1";
      lanesRight = "1";
      oneWay = "0";
      flipDirection = "0";
      gatedRoad = "0";
      useSubdivisions = "1";
      ImprovedSpline = "1";
      startTangent = "0";
      endTangent = "0";
      looped = "0";
      smoothness = "0.5";
      detail = "0.100000001";
      overObjects = "0";
      material = "line_yellow";
      textureLength = "5";
      breakAngle = "3";
      renderPriority = "10";
      zBias = "0";
      decalBias = "0.000500000024";
      distanceFade = "0 0";
      startEndFade = "0.300000012 0.300000012";
      hiddenInNavi = "0";
      position = "-690.767944 516.718079 118.444809";
      scale = "1 1 1";
      rotationMatrix = "1 0 0 0 1 0 0 0 1";
      canSave = "1";
      canSaveDynamicFields = "1";

      Node = "-690.767944 516.718079 118.444809 0.200000";
      Node = "-691.941406 515.384644 118.441048 0.200000";
   };
   new DecalRoad() {
      drivability = "-1";
      lanesLeft = "1";
      lanesRight = "1";
      oneWay = "0";
      flipDirection = "0";
      gatedRoad = "0";
      useSubdivisions = "1";
      ImprovedSpline = "1";
      startTangent = "0";
      endTangent = "0";
      looped = "0";
      smoothness = "0.5";
      detail = "0.100000001";
      overObjects = "0";
      material = "line_yellow";
      textureLength = "5";
      breakAngle = "3";
      renderPriority = "10";
      zBias = "0";
      decalBias = "0.000500000024";
      distanceFade = "0 0";
      startEndFade = "0.300000012 0.300000012";
      hiddenInNavi = "0";
      position = "-686.661133 512.585754 118.190155";
      scale = "1 1 1";
      rotationMatrix = "1 0 0 0 1 0 0 0 1";
      canSave = "1";
      canSaveDynamicFields = "1";

      Node = "-686.661133 512.585754 118.190155 0.200000";
      Node = "-687.927490 511.304901 118.203453 0.200000";
   };
   new DecalRoad() {
      drivability = "-1";
      lanesLeft = "1";
      lanesRight = "1";
      oneWay = "0";
      flipDirection = "0";
      gatedRoad = "0";
      useSubdivisions = "1";
      ImprovedSpline = "1";
      startTangent = "0";
      endTangent = "0";
      looped = "0";
      smoothness = "0.5";
      detail = "0.100000001";
      overObjects = "0";
      material = "line_yellow";
      textureLength = "5";
      breakAngle = "3";
      renderPriority = "10";
      zBias = "0";
      decalBias = "0.000500000024";
      distanceFade = "0 0";
      startEndFade = "0.300000012 0.300000012";
      hiddenInNavi = "0";
      position = "-682.972168 508.910797 118.013931";
      scale = "1 1 1";
      rotationMatrix = "1 0 0 0 1 0 0 0 1";
      canSave = "1";
      canSaveDynamicFields = "1";

      Node = "-682.972168 508.910797 118.013931 0.200000";
      Node = "-684.168152 507.665710 118.007881 0.200000";
   };
   new DecalRoad() {
      drivability = "-1";
      lanesLeft = "1";
      lanesRight = "1";
      oneWay = "0";
      flipDirection = "0";
      gatedRoad = "0";
      useSubdivisions = "1";
      ImprovedSpline = "1";
      startTangent = "0";
      endTangent = "0";
      looped = "0";
      smoothness = "0.5";
      detail = "0.100000001";
      overObjects = "0";
      material = "line_yellow";
      textureLength = "5";
      breakAngle = "3";
      renderPriority = "10";
      zBias = "0";
      decalBias = "0.000500000024";
      distanceFade = "0 0";
      startEndFade = "0.300000012 0.300000012";
      hiddenInNavi = "0";
      position = "-675.029785 500.900024 117.574844";
      scale = "1 1 1";
      rotationMatrix = "1 0 0 0 1 0 0 0 1";
      canSave = "1";
      canSaveDynamicFields = "1";

      Node = "-675.029785 500.900024 117.574844 0.200000";
      Node = "-676.287842 499.626434 117.574493 0.200000";
   };
   new DecalRoad() {
      drivability = "-1";
      lanesLeft = "1";
      lanesRight = "1";
      oneWay = "0";
      flipDirection = "0";
      gatedRoad = "0";
      useSubdivisions = "1";
      ImprovedSpline = "1";
      startTangent = "0";
      endTangent = "0";
      looped = "0";
      smoothness = "0.5";
      detail = "0.100000001";
      overObjects = "0";
      material = "line_yellow";
      textureLength = "5";
      breakAngle = "3";
      renderPriority = "10";
      zBias = "0";
      decalBias = "0.000500000024";
      distanceFade = "0 0";
      startEndFade = "0.300000012 0.300000012";
      hiddenInNavi = "0";
      position = "-671.379517 497.144714 117.374733";
      scale = "1 1 1";
      rotationMatrix = "1 0 0 0 1 0 0 0 1";
      canSave = "1";
      canSaveDynamicFields = "1";

      Node = "-671.379517 497.144714 117.374733 0.200000";
      Node = "-672.469299 495.947296 117.371559 0.200000";
   };
   new BeamNGVehicle() {
      JBeam = "barrier";
      color = "White";
      colorPalette0 = "White";
      colorPalette1 = "White";
      metallicPaintData[0] = "0.200000003 0.5 0.800000012 0";
      metallicPaintData[1] = "0.200000003 0.5 0.800000012 0";
      metallicPaintData[2] = "0.200000003 0.5 0.800000012 0";
      metallicPaintData[3] = "1 1 1 1";
      partConfig = "barrier";
      renderDistance = "500";
      renderFade = "0.100000001";
      dataBlock = "default_vehicle";
      position = "-699.031067 527.541138 118.94931";
      rotationMatrix = "-0.707093239 0.706048012 0.0389371477 -0.706382513 -0.707798839 0.00672002323 0.032304313 -0.0227528363 0.99921906";
      annotation = "CAR";
      canSave = "1";
      canSaveDynamicFields = "1";
         autoEnterVehicle = "true";
   };
   new BeamNGVehicle() {
      JBeam = "barrier";
      color = "White";
      colorPalette0 = "White";
      colorPalette1 = "White";
      metallicPaintData[0] = "0.200000003 0.5 0.800000012 0";
      metallicPaintData[1] = "0.200000003 0.5 0.800000012 0";
      metallicPaintData[2] = "0.200000003 0.5 0.800000012 0";
      metallicPaintData[3] = "1 1 1 1";
      partConfig = "barrier";
      renderDistance = "500";
      renderFade = "0.100000001";
      dataBlock = "default_vehicle";
      position = "-698.24884 523.432983 118.822845";
      rotationMatrix = "-0.70450139 -0.709671676 0.0066165626 0.708966911 -0.704164863 -0.0389548428 0.0323043019 -0.0227528214 0.99921906";
      annotation = "CAR";
      canSave = "1";
      canSaveDynamicFields = "1";
         autoEnterVehicle = "true";
   };
   new BeamNGVehicle() {
      JBeam = "barrier";
      color = "White";
      colorPalette0 = "White";
      colorPalette1 = "White";
      metallicPaintData[0] = "0.200000003 0.5 0.800000012 0";
      metallicPaintData[1] = "0.200000003 0.5 0.800000012 0";
      metallicPaintData[2] = "0.200000003 0.5 0.800000012 0";
      metallicPaintData[3] = "1 1 1 1";
      partConfig = "barrier";
      renderDistance = "500";
      renderFade = "0.100000001";
      dataBlock = "default_vehicle";
      position = "-683.680725 511.980652 118.116104";
      rotationMatrix = "-0.707093239 0.706048012 0.0389371477 -0.706382513 -0.707798839 0.00672002323 0.032304313 -0.0227528363 0.99921906";
      annotation = "CAR";
      canSave = "1";
      canSaveDynamicFields = "1";
         autoEnterVehicle = "true";
   };
   new BeamNGVehicle() {
      JBeam = "barrier";
      color = "White";
      colorPalette0 = "White";
      colorPalette1 = "White";
      metallicPaintData[0] = "0.200000003 0.5 0.800000012 0";
      metallicPaintData[1] = "0.200000003 0.5 0.800000012 0";
      metallicPaintData[2] = "0.200000003 0.5 0.800000012 0";
      metallicPaintData[3] = "1 1 1 1";
      partConfig = "barrier";
      renderDistance = "500";
      renderFade = "0.100000001";
      dataBlock = "default_vehicle";
      position = "-688.343872 513.466003 118.285057";
      rotationMatrix = "-0.695281625 -0.718711257 0.00611265469 0.718010902 -0.694936037 -0.0390370861 0.0323043019 -0.0227528214 0.99921906";
      annotation = "CAR";
      canSave = "1";
      canSaveDynamicFields = "1";
         autoEnterVehicle = "true";
   };
   new BeamNGVehicle() {
      JBeam = "barrier";
      color = "White";
      colorPalette0 = "White";
      colorPalette1 = "White";
      metallicPaintData[0] = "0.200000003 0.5 0.800000012 0";
      metallicPaintData[1] = "0.200000003 0.5 0.800000012 0";
      metallicPaintData[2] = "0.200000003 0.5 0.800000012 0";
      metallicPaintData[3] = "1 1 1 1";
      partConfig = "barrier";
      renderDistance = "500";
      renderFade = "0.100000001";
      dataBlock = "default_vehicle";
      position = "-678.843079 503.877258 117.752357";
      rotationMatrix = "-0.695281625 -0.718711257 0.00611265469 0.718010902 -0.694936037 -0.0390370861 0.0323043019 -0.0227528214 0.99921906";
      annotation = "CAR";
      canSave = "1";
      canSaveDynamicFields = "1";
         autoEnterVehicle = "true";
   };
   new BeamNGVehicle() {
      JBeam = "barrier";
      color = "White";
      colorPalette0 = "White";
      colorPalette1 = "White";
      metallicPaintData[0] = "0.200000003 0.5 0.800000012 0";
      metallicPaintData[1] = "0.200000003 0.5 0.800000012 0";
      metallicPaintData[2] = "0.200000003 0.5 0.800000012 0";
      metallicPaintData[3] = "1 1 1 1";
      partConfig = "barrier";
      renderDistance = "500";
      renderFade = "0.100000001";
      dataBlock = "default_vehicle";
      position = "-676.763916 501.856018 117.638786";
      rotationMatrix = "-0.695281625 -0.718711257 0.00611265469 0.718010902 -0.694936037 -0.0390370861 0.0323043019 -0.0227528214 0.99921906";
      annotation = "CAR";
      canSave = "1";
      canSaveDynamicFields = "1";
         autoEnterVehicle = "true";
   };
   new BeamNGVehicle() {
      JBeam = "barrier";
      color = "White";
      colorPalette0 = "White";
      colorPalette1 = "White";
      metallicPaintData[0] = "0.200000003 0.5 0.800000012 0";
      metallicPaintData[1] = "0.200000003 0.5 0.800000012 0";
      metallicPaintData[2] = "0.200000003 0.5 0.800000012 0";
      metallicPaintData[3] = "1 1 1 1";
      partConfig = "barrier";
      renderDistance = "500";
      renderFade = "0.100000001";
      dataBlock = "default_vehicle";
      position = "-670.975891 496.086853 117.321571";
      rotationMatrix = "-0.695281625 -0.718711257 0.00611265469 0.718010902 -0.694936037 -0.0390370861 0.0323043019 -0.0227528214 0.99921906";
      annotation = "CAR";
      canSave = "1";
      canSaveDynamicFields = "1";
         autoEnterVehicle = "true";
   };
   new TSStatic() {
      shapeName = "/levels/west_coast_usa/art/shapes/objects/construction_sign_big_b.DAE";
      dynamic = "0";
      playAmbient = "1";
      meshCulling = "0";
      originSort = "0";
      useInstanceRenderData = "1";
      instanceColor = "White";
      instanceColor1 = "White";
      instanceColor2 = "White";
      collisionType = "Collision Mesh";
      decalType = "Collision Mesh";
      prebuildCollisionData = "0";
      renderNormals = "0";
      forceDetail = "-1";
      position = "-718.665955 546.531982 120.037971";
      scale = "1 1 1";
      rotationMatrix = "-0.701485634 -0.712683976 0 0.712683976 -0.701485634 0 0 0 1";
      isRenderEnabled = "false";
      canSave = "1";
      canSaveDynamicFields = "1";
   };
   new TSStatic() {
      shapeName = "/levels/west_coast_usa/art/shapes/objects/construction_sign_big_a.DAE";
      dynamic = "0";
      playAmbient = "1";
      meshCulling = "0";
      originSort = "0";
      useInstanceRenderData = "1";
      instanceColor = "White";
      instanceColor1 = "White";
      instanceColor2 = "White";
      collisionType = "Collision Mesh";
      decalType = "Collision Mesh";
      prebuildCollisionData = "0";
      renderNormals = "0";
      forceDetail = "-1";
      position = "-714.20105 550.651672 120.019875";
      scale = "1 1 1";
      rotationMatrix = "-0.709058404 -0.705150127 0 0.705150127 -0.709058404 0 0 0 1";
      isRenderEnabled = "false";
      canSave = "1";
      canSaveDynamicFields = "1";
   };
   new TSStatic() {
      shapeName = "/levels/west_coast_usa/art/shapes/objects/construction_sign_big_b.DAE";
      dynamic = "0";
      playAmbient = "1";
      meshCulling = "0";
      originSort = "0";
      useInstanceRenderData = "1";
      instanceColor = "White";
      instanceColor1 = "White";
      instanceColor2 = "White";
      collisionType = "Collision Mesh";
      decalType = "Collision Mesh";
      prebuildCollisionData = "0";
      renderNormals = "0";
      forceDetail = "-1";
      position = "-658.671814 494.77182 116.96199";
      scale = "1 1 1";
      rotationMatrix = "0.70148766 0.712681472 0.00025010854 -0.712490261 0.701291203 0.0234128237 0.0165104903 -0.0166020058 0.999725878";
      isRenderEnabled = "false";
      canSave = "1";
      canSaveDynamicFields = "1";
   };
   new TSStatic() {
      shapeName = "/levels/west_coast_usa/art/shapes/objects/construction_sign_big_a.DAE";
      dynamic = "0";
      playAmbient = "1";
      meshCulling = "0";
      originSort = "0";
      useInstanceRenderData = "1";
      instanceColor = "White";
      instanceColor1 = "White";
      instanceColor2 = "White";
      collisionType = "Collision Mesh";
      decalType = "Collision Mesh";
      prebuildCollisionData = "0";
      renderNormals = "0";
      forceDetail = "-1";
      position = "-663.136963 490.652374 116.949226";
      scale = "1 1 1";
      rotationMatrix = "0.709058464 0.705149651 -9.31322575e-10 -0.704956293 0.708864093 0.0234141611 0.0165104903 -0.0166020058 0.999725878";
      isRenderEnabled = "false";
      canSave = "1";
      canSaveDynamicFields = "1";
   };
   new TSStatic() {
      shapeName = "/levels/west_coast_usa/art/shapes/objects/excavator.dae";
      dynamic = "0";
      playAmbient = "1";
      meshCulling = "0";
      originSort = "0";
      useInstanceRenderData = "1";
      instanceColor = "White";
      instanceColor1 = "White";
      instanceColor2 = "White";
      collisionType = "Collision Mesh";
      decalType = "Collision Mesh";
      prebuildCollisionData = "0";
      renderNormals = "0";
      forceDetail = "-1";
      position = "-711.581787 537.475952 119.544357";
      scale = "1 1 1";
      rotationMatrix = "-0.20784986 -0.978160918 0 0.978160918 -0.20784986 0 0 0 1";
      isRenderEnabled = "false";
      canSave = "1";
      canSaveDynamicFields = "1";
   };
   new TSStatic() {
      shapeName = "/levels/west_coast_usa/art/shapes/objects/dumpster.dae";
      dynamic = "0";
      playAmbient = "1";
      meshCulling = "0";
      originSort = "0";
      useInstanceRenderData = "1";
      instanceColor = "White";
      instanceColor1 = "White";
      instanceColor2 = "White";
      collisionType = "Collision Mesh";
      decalType = "Collision Mesh";
      prebuildCollisionData = "0";
      renderNormals = "0";
      forceDetail = "-1";
      position = "-715.883728 542.979675 120.764656";
      scale = "1 1 1";
      rotationMatrix = "0.952807784 0.303574234 0 -0.303574234 0.952807784 0 0 0 1";
      isRenderEnabled = "false";
      canSave = "1";
      canSaveDynamicFields = "1";
   };
   new DecalRoad() {
      drivability = "-1";
      lanesLeft = "1";
      lanesRight = "1";
      oneWay = "0";
      flipDirection = "0";
      gatedRoad = "0";
      useSubdivisions = "1";
      ImprovedSpline = "1";
      startTangent = "0";
      endTangent = "0";
      looped = "0";
      smoothness = "0.5";
      detail = "0.100000001";
      overObjects = "0";
      material = "road_dirt";
      textureLength = "5";
      breakAngle = "3";
      renderPriority = "1";
      zBias = "0";
      decalBias = "0.000500000024";
      distanceFade = "0 0";
      startEndFade = "3 3";
      hiddenInNavi = "0";
      position = "-701.239319 539.625793 119.356728";
      scale = "1 1 1";
      rotationMatrix = "1 0 0 0 1 0 0 0 1";
      canSave = "1";
      canSaveDynamicFields = "1";

      Node = "-701.239319 539.625793 119.356728 3.000000";
      Node = "-694.774292 533.875244 118.993736 3.000000";
      Node = "-689.574768 526.800964 118.688721 3.000000";
      Node = "-684.526245 523.708435 118.435547 3.000000";
      Node = "-682.229980 520.171082 118.301956 3.000000";
   };
   new DecalRoad() {
      drivability = "-1";
      lanesLeft = "1";
      lanesRight = "1";
      oneWay = "0";
      flipDirection = "0";
      gatedRoad = "0";
      useSubdivisions = "1";
      ImprovedSpline = "1";
      startTangent = "0";
      endTangent = "0";
      looped = "0";
      smoothness = "0.5";
      detail = "0.100000001";
      overObjects = "0";
      material = "repair2";
      textureLength = "5";
      breakAngle = "3";
      renderPriority = "10";
      zBias = "0";
      decalBias = "0.000500000024";
      distanceFade = "0 0";
      startEndFade = "0 0";
      hiddenInNavi = "0";
      position = "-703.110657 534.526306 119.241158";
      scale = "1 1 1";
      rotationMatrix = "1 0 0 0 1 0 0 0 1";
      canSave = "1";
      canSaveDynamicFields = "1";

      Node = "-703.110657 534.526306 119.241158 5.000000";
      Node = "-696.374817 527.915894 118.906326 5.000000";
      Node = "-690.526733 524.243652 118.643814 5.000000";
      Node = "-685.181580 516.860413 118.271912 5.000000";
   };
   new DecalRoad() {
      drivability = "-1";
      lanesLeft = "1";
      lanesRight = "1";
      oneWay = "0";
      flipDirection = "0";
      gatedRoad = "0";
      useSubdivisions = "1";
      ImprovedSpline = "1";
      startTangent = "0";
      endTangent = "0";
      looped = "0";
      smoothness = "0.5";
      detail = "0.100000001";
      overObjects = "0";
      material = "repair1";
      textureLength = "20";
      breakAngle = "3";
      renderPriority = "1";
      zBias = "0";
      decalBias = "0.000500000024";
      distanceFade = "0 0";
      startEndFade = "3 3";
      hiddenInNavi = "0";
      position = "-702.213196 538.942261 119.370247";
      scale = "1 1 1";
      rotationMatrix = "1 0 0 0 1 0 0 0 1";
      canSave = "1";
      canSaveDynamicFields = "1";

      Node = "-702.213196 538.942261 119.370247 5.000000";
      Node = "-694.532898 530.670044 118.930359 5.000000";
      Node = "-688.644653 524.849243 118.612221 5.000000";
      Node = "-678.120300 514.723511 118.042358 5.000000";
   };
   new DecalRoad() {
      drivability = "-1";
      lanesLeft = "1";
      lanesRight = "1";
      oneWay = "0";
      flipDirection = "0";
      gatedRoad = "0";
      useSubdivisions = "1";
      ImprovedSpline = "1";
      startTangent = "0";
      endTangent = "0";
      looped = "0";
      smoothness = "0.5";
      detail = "0.100000001";
      overObjects = "0";
      material = "road_dirt_tracks";
      textureLength = "5";
      breakAngle = "3";
      renderPriority = "1";
      zBias = "0";
      decalBias = "0.000500000024";
      distanceFade = "0 0";
      startEndFade = "1 5";
      hiddenInNavi = "0";
      position = "-656.219604 489.133881 116.889809";
      scale = "1 1 1";
      rotationMatrix = "1 0 0 0 1 0 0 0 1";
      canSave = "1";
      canSaveDynamicFields = "1";

      Node = "-656.219604 489.133881 116.889809 5.000000";
      Node = "-663.899353 495.886383 117.132286 4.000000";
      Node = "-668.572632 503.191223 117.463921 5.000000";
      Node = "-679.414551 511.484680 117.990250 8.000000";
   };
   new DecalRoad() {
      drivability = "-1";
      lanesLeft = "1";
      lanesRight = "1";
      oneWay = "0";
      flipDirection = "0";
      gatedRoad = "0";
      useSubdivisions = "1";
      ImprovedSpline = "1";
      startTangent = "0";
      endTangent = "0";
      looped = "0";
      smoothness = "0.5";
      detail = "0.100000001";
      overObjects = "0";
      material = "road_dirt_tracks";
      textureLength = "5";
      breakAngle = "3";
      renderPriority = "1";
      zBias = "0";
      decalBias = "0.000500000024";
      distanceFade = "0 0";
      startEndFade = "1 1";
      hiddenInNavi = "0";
      position = "-716.18866 548.334412 120.002823";
      scale = "1 1 1";
      rotationMatrix = "1 0 0 0 1 0 0 0 1";
      canSave = "1";
      canSaveDynamicFields = "1";

      Node = "-716.188660 548.334412 120.002823 5.000000";
      Node = "-713.933777 545.318604 119.869255 5.000000";
      Node = "-712.212769 539.308716 119.630081 5.000000";
      Node = "-704.881714 532.659546 119.263214 5.000000";
   };
   new TSStatic() {
      shapeName = "/levels/west_coast_usa/art/shapes/objects/boom_lift2.dae";
      dynamic = "0";
      playAmbient = "1";
      meshCulling = "0";
      originSort = "0";
      useInstanceRenderData = "1";
      instanceColor = "White";
      instanceColor1 = "White";
      instanceColor2 = "White";
      collisionType = "Collision Mesh";
      decalType = "Collision Mesh";
      prebuildCollisionData = "0";
      renderNormals = "0";
      forceDetail = "-1";
      position = "-679.286377 516.841797 118.135872";
      scale = "1 1 1";
      rotationMatrix = "-0.606692791 0.794472635 0.0271482524 -0.794765532 -0.606916428 1.86264515e-09 0.0164767224 -0.0215764958 0.999631405";
      isRenderEnabled = "false";
      canSave = "1";
      canSaveDynamicFields = "1";
   };
   new BeamNGVehicle() {
      JBeam = "trafficbarrel";
      color = "White";
      colorPalette0 = "White";
      colorPalette1 = "White";
      metallicPaintData[0] = "0.200000003 0.5 0.800000012 0";
      metallicPaintData[1] = "0.200000003 0.5 0.800000012 0";
      metallicPaintData[2] = "0.200000003 0.5 0.800000012 0";
      metallicPaintData[3] = "1 1 1 1";
      partConfig = "trafficbarrel";
      renderDistance = "500";
      renderFade = "0.100000001";
      dataBlock = "default_vehicle";
      position = "-676.286194 514.477478 117.981026";
      rotationMatrix = "0.0120440722 -0.0364842117 0.999261737 -0.876485944 0.480606198 0.0281118155 -0.481277078 -0.876177311 -0.0261894464";
      annotation = "CAR";
      canSave = "1";
      canSaveDynamicFields = "1";
         autoEnterVehicle = "true";
   };
   new BeamNGVehicle() {
      JBeam = "trafficbarrel";
      color = "White";
      colorPalette0 = "White";
      colorPalette1 = "White";
      metallicPaintData[0] = "0.200000003 0.5 0.800000012 0";
      metallicPaintData[1] = "0.200000003 0.5 0.800000012 0";
      metallicPaintData[2] = "0.200000003 0.5 0.800000012 0";
      metallicPaintData[3] = "1 1 1 1";
      partConfig = "trafficbarrel";
      renderDistance = "500";
      renderFade = "0.100000001";
      dataBlock = "default_vehicle";
      position = "-676.142273 512.166077 117.91507";
      rotationMatrix = "0.86667943 0.498856008 -0.00307653192 -0.498535275 0.866313636 0.0310379006 0.018148683 -0.0253661498 0.999513447";
      annotation = "CAR";
      canSave = "1";
      canSaveDynamicFields = "1";
         autoEnterVehicle = "true";
   };
   new BeamNGVehicle() {
      JBeam = "trafficbarrel";
      color = "White";
      colorPalette0 = "White";
      colorPalette1 = "White";
      metallicPaintData[0] = "0.200000003 0.5 0.800000012 0";
      metallicPaintData[1] = "0.200000003 0.5 0.800000012 0";
      metallicPaintData[2] = "0.200000003 0.5 0.800000012 0";
      metallicPaintData[3] = "1 1 1 1";
      partConfig = "trafficbarrel";
      renderDistance = "500";
      renderFade = "0.100000001";
      dataBlock = "default_vehicle";
      position = "-675.168091 512.745056 117.907471";
      rotationMatrix = "0.48108542 0.876569569 0.0135107031 -0.876485825 0.480606169 0.0281118676 0.0181486811 -0.0253661498 0.999513507";
      annotation = "CAR";
      canSave = "1";
      canSaveDynamicFields = "1";
         autoEnterVehicle = "true";
   };
   new BeamNGVehicle() {
      JBeam = "trafficbarrel";
      color = "White";
      colorPalette0 = "White";
      colorPalette1 = "White";
      metallicPaintData[0] = "0.200000003 0.5 0.800000012 0";
      metallicPaintData[1] = "0.200000003 0.5 0.800000012 0";
      metallicPaintData[2] = "0.200000003 0.5 0.800000012 0";
      metallicPaintData[3] = "1 1 1 1";
      partConfig = "trafficbarrel";
      renderDistance = "500";
      renderFade = "0.100000001";
      dataBlock = "default_vehicle";
      position = "-675.777527 513.363464 117.93924";
      rotationMatrix = "-0.270775914 0.962195456 0.0293356944 -0.962471426 -0.271176577 0.0105940346 0.0181486811 -0.0253661554 0.999513447";
      annotation = "CAR";
      canSave = "1";
      canSaveDynamicFields = "1";
         autoEnterVehicle = "true";
   };
   new BeamNGVehicle() {
      JBeam = "cones";
      color = "White";
      colorPalette0 = "White";
      colorPalette1 = "White";
      metallicPaintData[0] = "0.200000003 0.5 0.800000012 0";
      metallicPaintData[1] = "0.200000003 0.5 0.800000012 0";
      metallicPaintData[2] = "0.200000003 0.5 0.800000012 0";
      metallicPaintData[3] = "1 1 1 1";
      partConfig = "vehicles/cones/large.pc";
      renderDistance = "500";
      renderFade = "0.100000001";
      dataBlock = "default_vehicle";
      position = "-697.617676 525.475525 118.875633";
      rotationMatrix = "0.388092935 -0.921092987 -0.0311666653 0.921393037 0.388526022 -0.00906280894 0.0204567499 -0.0251995437 0.999473095";
      annotation = "CAR";
      canSave = "1";
      canSaveDynamicFields = "1";
         autoEnterVehicle = "true";
   };
   new BeamNGVehicle() {
      JBeam = "cones";
      color = "White";
      colorPalette0 = "White";
      colorPalette1 = "White";
      metallicPaintData[0] = "0.200000003 0.5 0.800000012 0";
      metallicPaintData[1] = "0.200000003 0.5 0.800000012 0";
      metallicPaintData[2] = "0.200000003 0.5 0.800000012 0";
      metallicPaintData[3] = "1 1 1 1";
      partConfig = "vehicles/cones/large.pc";
      renderDistance = "500";
      renderFade = "0.100000001";
      dataBlock = "default_vehicle";
      position = "-686.325378 513.617188 118.208656";
      rotationMatrix = "0.957940757 -0.285710931 -0.0268102698 0.286236048 0.957984567 0.0182949584 0.0204567537 -0.0251995474 0.999473095";
      annotation = "CAR";
      canSave = "1";
      canSaveDynamicFields = "1";
         autoEnterVehicle = "true";
   };
};
//--- OBJECT WRITE END ---




