{"class":"TSStatic","__parent":"hairPinRails","position":[44.7442551,111.218498,120.115051],"isRenderEnabled":false,"rotationMatrix":[-0.952893496,0.302520812,0.0218106769,-0.302592814,-0.953120232,0,0.0207881927,-0.00659975316,0.999762118],"shapeName":"/levels/west_coast_usa/art/shapes/objects/guardrail2_red.dae","useInstanceRenderData":true}
{"class":"TSStatic","__parent":"hairPinRails","position":[43.7224274,111.413567,119.18457],"isRenderEnabled":false,"rotationMatrix":[-0.952893496,0.302520812,0.0218106769,-0.302592814,-0.953120232,0,0.0207881927,-0.00659975316,0.999762118],"shapeName":"/levels/west_coast_usa/art/shapes/objects/guardrailpost.dae","useInstanceRenderData":true}
{"class":"TSStatic","__parent":"hairPinRails","position":[42.8099442,111.667717,120.207199],"isRenderEnabled":false,"rotationMatrix":[-0.985296726,0.156802967,0.067847155,-0.157441244,-0.987519741,-0.00413146196,0.0663525835,-0.0147526562,0.997687161],"shapeName":"/levels/west_coast_usa/art/shapes/objects/guardrail2_white.dae","useInstanceRenderData":true}
{"class":"TSStatic","__parent":"hairPinRails","position":[41.730423,111.722755,119.324799],"isRenderEnabled":false,"rotationMatrix":[-0.985296726,0.156802967,0.067847155,-0.157441244,-0.987519741,-0.00413146196,0.0663525835,-0.0147526562,0.997687161],"shapeName":"/levels/west_coast_usa/art/shapes/objects/guardrailpost.dae","useInstanceRenderData":true}
{"class":"TSStatic","__parent":"hairPinRails","position":[40.8154602,111.678764,120.395653],"isRenderEnabled":false,"rotationMatrix":[-0.98239255,-0.14486748,0.117978536,0.143238366,-0.98943913,-0.0222178921,0.119951196,-0.00492763054,0.992767572],"shapeName":"/levels/west_coast_usa/art/shapes/objects/guardrail2_red.dae","useInstanceRenderData":true}
{"class":"TSStatic","__parent":"hairPinRails","position":[39.7242508,111.414818,119.566452],"isRenderEnabled":false,"rotationMatrix":[-0.98239255,-0.14486748,0.117978536,0.143238366,-0.98943913,-0.0222178921,0.119951196,-0.00492763054,0.992767572],"shapeName":"/levels/west_coast_usa/art/shapes/objects/guardrailpost.dae","useInstanceRenderData":true}
{"class":"TSStatic","__parent":"hairPinRails","position":[38.889946,111.212593,120.662018],"isRenderEnabled":false,"rotationMatrix":[-0.934596062,-0.324957997,0.144681379,0.322071642,-0.94571054,-0.0436083749,0.150997564,0.00584155135,0.988516867],"shapeName":"/levels/west_coast_usa/art/shapes/objects/guardrail2_white.dae","useInstanceRenderData":true}
{"class":"TSStatic","__parent":"hairPinRails","position":[37.839592,110.761459,119.861267],"isRenderEnabled":false,"rotationMatrix":[-0.934596062,-0.324957997,0.144681379,0.322071642,-0.94571054,-0.0436083749,0.150997564,0.00584155135,0.988516867],"shapeName":"/levels/west_coast_usa/art/shapes/objects/guardrailpost.dae","useInstanceRenderData":true}
{"class":"TSStatic","__parent":"hairPinRails","position":[37.0726318,110.440445,120.937141],"isRenderEnabled":false,"rotationMatrix":[-0.888370275,-0.440457374,0.129599139,0.43616876,-0.897771478,-0.0613482818,0.143371686,0.00202711858,0.98966682],"shapeName":"/levels/west_coast_usa/art/shapes/objects/guardrail1_red.dae","useInstanceRenderData":true}
{"class":"TSStatic","__parent":"hairPinRails","position":[36.0893021,109.88588,120.120667],"isRenderEnabled":false,"rotationMatrix":[-0.886957169,-0.443353444,0.129400402,0.439034492,-0.896344543,-0.0617663562,0.143371671,0.00202711485,0.98966682],"shapeName":"/levels/west_coast_usa/art/shapes/objects/guardrailpost.dae","useInstanceRenderData":true}
{"class":"TSStatic","__parent":"hairPinRails","position":[35.3280716,109.477806,121.18515],"isRenderEnabled":false,"rotationMatrix":[-0.844002724,-0.524185896,0.113527335,0.519024014,-0.851598382,-0.0734459683,0.135179028,-0.00306519121,0.990816474],"shapeName":"/levels/west_coast_usa/art/shapes/objects/guardrail1_white.dae","useInstanceRenderData":true}
{"class":"TSStatic","__parent":"hairPinRails","position":[34.4087906,108.84507,120.346985],"isRenderEnabled":false,"rotationMatrix":[-0.844002724,-0.524185896,0.113527335,0.519024014,-0.851598382,-0.0734459683,0.135179028,-0.00306519121,0.990816474],"shapeName":"/levels/west_coast_usa/art/shapes/objects/guardrailpost.dae","useInstanceRenderData":true}
{"class":"TSStatic","__parent":"hairPinRails","position":[33.6990128,108.352623,121.403915],"isRenderEnabled":false,"rotationMatrix":[-0.791719079,-0.601591825,0.106154665,0.595741749,-0.798798084,-0.0837493688,0.135179043,-0.00306519493,0.990816474],"shapeName":"/levels/west_coast_usa/art/shapes/objects/guardrail1_red.dae","useInstanceRenderData":true}
{"class":"TSStatic","__parent":"hairPinRails","position":[32.8421173,107.648033,120.557014],"isRenderEnabled":false,"rotationMatrix":[-0.791719079,-0.601591825,0.106154665,0.595741749,-0.798798084,-0.0837493688,0.135179043,-0.00306519493,0.990816474],"shapeName":"/levels/west_coast_usa/art/shapes/objects/guardrailpost.dae","useInstanceRenderData":true}
{"class":"TSStatic","__parent":"hairPinRails","position":[32.1296768,107.145691,121.64225],"isRenderEnabled":false,"rotationMatrix":[-0.782018542,-0.609188318,0.131668612,0.603403926,-0.792916536,-0.0847765356,0.156047091,0.013152536,0.987662017],"shapeName":"/levels/west_coast_usa/art/shapes/objects/guardrail1_white.dae","useInstanceRenderData":true}
{"class":"TSStatic","__parent":"hairPinRails","position":[31.2636681,106.418686,120.824059],"isRenderEnabled":false,"rotationMatrix":[-0.782018542,-0.609188318,0.131668612,0.603403926,-0.792916536,-0.0847765356,0.156047091,0.013152536,0.987662017],"shapeName":"/levels/west_coast_usa/art/shapes/objects/guardrailpost.dae","useInstanceRenderData":true}
{"class":"TSStatic","__parent":"hairPinRails","position":[30.5461731,105.94545,121.908417],"isRenderEnabled":false,"rotationMatrix":[-0.796919584,-0.589091897,0.133755267,0.583582878,-0.807959318,-0.0814445615,0.156047106,0.0131525323,0.987662017],"shapeName":"/levels/west_coast_usa/art/shapes/objects/guardrail1_red.dae","useInstanceRenderData":true}
{"class":"TSStatic","__parent":"hairPinRails","position":[29.662632,105.236938,121.092751],"isRenderEnabled":false,"rotationMatrix":[-0.796919584,-0.589091897,0.133755267,0.583582878,-0.807959318,-0.0814445615,0.156047106,0.0131525323,0.987662017],"shapeName":"/levels/west_coast_usa/art/shapes/objects/guardrailpost.dae","useInstanceRenderData":true}
{"class":"TSStatic","__parent":"hairPinRails","position":[28.9350128,104.772278,122.183205],"isRenderEnabled":false,"rotationMatrix":[-0.805439115,-0.576376855,0.138049275,0.571083963,-0.817047715,-0.079348743,0.158527613,0.0149271302,0.987241685],"shapeName":"/levels/west_coast_usa/art/shapes/objects/guardrail1_white.dae","useInstanceRenderData":true}
{"class":"TSStatic","__parent":"hairPinRails","position":[28.0389442,104.07383,121.372543],"isRenderEnabled":false,"rotationMatrix":[-0.805439115,-0.576376855,0.138049275,0.571083963,-0.817047715,-0.079348743,0.158527613,0.0149271302,0.987241685],"shapeName":"/levels/west_coast_usa/art/shapes/objects/guardrailpost.dae","useInstanceRenderData":true}
{"class":"TSStatic","__parent":"hairPinRails","position":[27.3007584,103.637505,122.466553],"isRenderEnabled":false,"rotationMatrix":[-0.817029476,-0.558291018,0.144132584,0.553325117,-0.829462647,-0.0763093829,0.16215542,0.0174051691,0.986611724],"shapeName":"/levels/west_coast_usa/art/shapes/objects/guardrail1_red.dae","useInstanceRenderData":true}
{"class":"TSStatic","__parent":"hairPinRails","position":[26.38731,102.953476,121.663025],"isRenderEnabled":false,"rotationMatrix":[-0.817029476,-0.558291018,0.144132584,0.553325117,-0.829462647,-0.0763093829,0.16215542,0.0174051691,0.986611724],"shapeName":"/levels/west_coast_usa/art/shapes/objects/guardrailpost.dae","useInstanceRenderData":true}
{"class":"TSStatic","__parent":"hairPinRails","position":[25.6624146,102.530067,122.74736],"isRenderEnabled":false,"rotationMatrix":[-0.824043751,-0.548804939,0.140589312,0.543909848,-0.835816979,-0.0746498331,0.158475086,0.0149531867,0.987249732],"shapeName":"/levels/west_coast_usa/art/shapes/objects/guardrail1_white.dae","useInstanceRenderData":true}
{"class":"TSStatic","__parent":"hairPinRails","position":[24.7442131,101.857201,121.939835],"isRenderEnabled":false,"rotationMatrix":[-0.824043751,-0.548804939,0.140589312,0.543909848,-0.835816979,-0.0746498331,0.158475086,0.0149531867,0.987249732],"shapeName":"/levels/west_coast_usa/art/shapes/objects/guardrailpost.dae","useInstanceRenderData":true}
{"class":"TSStatic","__parent":"hairPinRails","position":[23.9972153,101.424538,123.031403],"isRenderEnabled":false,"rotationMatrix":[-0.825810909,-0.546079457,0.140831679,0.541222632,-0.837599874,-0.074191466,0.158475041,0.01495317,0.987249732],"shapeName":"/levels/west_coast_usa/art/shapes/objects/guardrail1_red.dae","useInstanceRenderData":true}
{"class":"TSStatic","__parent":"hairPinRails","position":[23.0768929,100.754211,122.224174],"isRenderEnabled":false,"rotationMatrix":[-0.825810909,-0.546079457,0.140831679,0.541222632,-0.837599874,-0.074191466,0.158475041,0.01495317,0.987249732],"shapeName":"/levels/west_coast_usa/art/shapes/objects/guardrailpost.dae","useInstanceRenderData":true}
{"class":"TSStatic","__parent":"hairPinRails","position":[22.30439,100.380836,123.320114],"isRenderEnabled":false,"rotationMatrix":[-0.858876467,-0.490634739,0.146999642,0.486577809,-0.871222615,-0.0649105161,0.159916744,0.0157766454,0.987004399],"shapeName":"/levels/west_coast_usa/art/shapes/objects/guardrail1_white.dae","useInstanceRenderData":true}
{"class":"TSStatic","__parent":"hairPinRails","position":[21.3424835,99.7617111,122.520508],"isRenderEnabled":false,"rotationMatrix":[-0.858876467,-0.490634739,0.146999642,0.486577809,-0.871222615,-0.0649105161,0.159916744,0.0157766454,0.987004399],"shapeName":"/levels/west_coast_usa/art/shapes/objects/guardrailpost.dae","useInstanceRenderData":true}
{"class":"TSStatic","__parent":"hairPinRails","position":[20.5526047,99.4572525,123.618713],"isRenderEnabled":false,"rotationMatrix":[-0.889289379,-0.431702614,0.150985241,0.428474426,-0.901877642,-0.0550064668,0.159916699,0.0157766398,0.987004399],"shapeName":"/levels/west_coast_usa/art/shapes/objects/guardrail1_red.dae","useInstanceRenderData":true}
{"class":"TSStatic","__parent":"hairPinRails","position":[19.5527496,98.8940125,122.824356],"isRenderEnabled":false,"rotationMatrix":[-0.889289379,-0.431702614,0.150985241,0.428474426,-0.901877642,-0.0550064668,0.159916699,0.0157766398,0.987004399],"shapeName":"/levels/west_coast_usa/art/shapes/objects/guardrailpost.dae","useInstanceRenderData":true}
{"class":"TSStatic","__parent":"hairPinRails","position":[18.7612762,98.6156464,123.922401],"isRenderEnabled":false,"rotationMatrix":[-0.900272012,-0.407786906,0.152382329,0.404891551,-0.912940979,-0.0510086715,0.159916714,0.0157766398,0.987004399],"shapeName":"/levels/west_coast_usa/art/shapes/objects/guardrail1_white.dae","useInstanceRenderData":true}
{"class":"TSStatic","__parent":"hairPinRails","position":[17.7473946,98.0752563,123.129951],"isRenderEnabled":false,"rotationMatrix":[-0.900272012,-0.407786906,0.152382329,0.404891551,-0.912940979,-0.0510086715,0.159916714,0.0157766398,0.987004399],"shapeName":"/levels/west_coast_usa/art/shapes/objects/guardrailpost.dae","useInstanceRenderData":true}
{"class":"TSStatic","__parent":"hairPinRails","position":[16.927002,97.8426895,124.231949],"isRenderEnabled":false,"rotationMatrix":[-0.921366215,-0.356462955,0.154979661,0.354275584,-0.934176326,-0.0424683206,0.159916714,0.0157766342,0.987004459],"shapeName":"/levels/west_coast_usa/art/shapes/objects/guardrail1_red.dae","useInstanceRenderData":true}
{"class":"TSStatic","__parent":"hairPinRails","position":[15.8855324,97.3516388,123.443176],"isRenderEnabled":false,"rotationMatrix":[-0.921366215,-0.356462955,0.154979661,0.354275584,-0.934176326,-0.0424683206,0.159916714,0.0157766342,0.987004459],"shapeName":"/levels/west_coast_usa/art/shapes/objects/guardrailpost.dae","useInstanceRenderData":true}
{"class":"TSStatic","__parent":"hairPinRails","position":[15.0642567,97.1786423,124.518005],"isRenderEnabled":false,"rotationMatrix":[-0.942361295,-0.307069033,0.132905006,0.304059982,-0.951687157,-0.0428828038,0.139651969,0,0.990200579],"shapeName":"/levels/west_coast_usa/art/shapes/objects/guardrail1_white.dae","useInstanceRenderData":true}
{"class":"TSStatic","__parent":"hairPinRails","position":[14.0152006,96.7417679,123.70771],"isRenderEnabled":false,"rotationMatrix":[-0.942361295,-0.307069033,0.132905006,0.304059982,-0.951687157,-0.0428828038,0.139651969,0,0.990200579],"shapeName":"/levels/west_coast_usa/art/shapes/objects/guardrailpost.dae","useInstanceRenderData":true}
{"class":"TSStatic","__parent":"hairPinRails","position":[13.1724567,96.5967636,124.787117],"isRenderEnabled":false,"rotationMatrix":[-0.951852202,-0.273930907,0.137621611,0.271256983,-0.961749196,-0.0381935164,0.142819822,0.000976242125,0.98974824],"shapeName":"/levels/west_coast_usa/art/shapes/objects/guardrail1_red.dae","useInstanceRenderData":true}
{"class":"TSStatic","__parent":"hairPinRails","position":[12.1064463,96.1912842,123.982658],"isRenderEnabled":false,"rotationMatrix":[-0.951852202,-0.273930907,0.137621611,0.271256983,-0.961749196,-0.0381935164,0.142819822,0.000976242125,0.98974824],"shapeName":"/levels/west_coast_usa/art/shapes/objects/guardrailpost.dae","useInstanceRenderData":true}
{"class":"TSStatic","__parent":"hairPinRails","position":[11.2583122,96.0778351,125.026375],"isRenderEnabled":false,"rotationMatrix":[-0.964029014,-0.245283321,0.10239277,0.243911371,-0.969451427,-0.0259066503,0.105619274,0,0.994406581],"shapeName":"/levels/west_coast_usa/art/shapes/objects/guardrail1_white.dae","useInstanceRenderData":true}
{"class":"TSStatic","__parent":"hairPinRails","position":[10.2112741,95.7102432,124.179893],"isRenderEnabled":false,"rotationMatrix":[-0.964029014,-0.245283321,0.10239277,0.243911371,-0.969451427,-0.0259066503,0.105619274,0,0.994406581],"shapeName":"/levels/west_coast_usa/art/shapes/objects/guardrailpost.dae","useInstanceRenderData":true}
{"class":"TSStatic","__parent":"hairPinRails","position":[9.30378914,95.6731033,125.199326],"isRenderEnabled":false,"rotationMatrix":[-0.985243797,-0.155002132,0.0725914687,0.153994247,-0.98788321,-0.0193154104,0.0747058094,-0.00785171613,0.99717468],"shapeName":"/levels/west_coast_usa/art/shapes/objects/guardrail1_red.dae","useInstanceRenderData":true}
{"class":"TSStatic","__parent":"hairPinRails","position":[8.25365257,95.4021683,124.320831],"isRenderEnabled":false,"rotationMatrix":[-0.985243797,-0.155002132,0.0725914687,0.153994247,-0.98788321,-0.0193154104,0.0747058094,-0.00785171613,0.99717468],"shapeName":"/levels/west_coast_usa/art/shapes/objects/guardrailpost.dae","useInstanceRenderData":true}
{"class":"TSStatic","__parent":"hairPinRails","position":[7.30439854,95.4812164,125.34137],"isRenderEnabled":false,"rotationMatrix":[-0.996840835,-0.0397009477,0.0687898695,0.0396067575,-0.99921155,-0.0027331782,0.0688441396,0,0.997627318],"shapeName":"/levels/west_coast_usa/art/shapes/objects/guardrail1_white.dae","useInstanceRenderData":true}
{"class":"TSStatic","__parent":"hairPinRails","position":[6.23395061,95.3259048,124.459351],"isRenderEnabled":false,"rotationMatrix":[-0.996840835,-0.0397009477,0.0687898695,0.0396067575,-0.99921155,-0.0027331782,0.0688441396,0,0.997627318],"shapeName":"/levels/west_coast_usa/art/shapes/objects/guardrailpost.dae","useInstanceRenderData":true}
{"class":"TSStatic","__parent":"hairPinRails","position":[5.30153131,95.468895,125.471535],"isRenderEnabled":false,"rotationMatrix":[-0.997985244,0.0254974365,0.0581010059,-0.0254320689,-0.999675035,0.00186432502,0.0581296459,0.000382939877,0.998308957],"shapeName":"/levels/west_coast_usa/art/shapes/objects/guardrail1_red.dae","useInstanceRenderData":true}
{"class":"TSStatic","__parent":"hairPinRails","position":[4.2326498,95.3792877,124.57856],"isRenderEnabled":false,"rotationMatrix":[-0.997985244,0.0254974365,0.0581010059,-0.0254320689,-0.999675035,0.00186432502,0.0581296459,0.000382939877,0.998308957],"shapeName":"/levels/west_coast_usa/art/shapes/objects/guardrailpost.dae","useInstanceRenderData":true}
{"class":"TSStatic","__parent":"hairPinRails","position":[3.29722953,95.6154099,125.587151],"isRenderEnabled":false,"rotationMatrix":[-0.991693377,0.115458623,0.0566867404,-0.115242407,-0.99331212,0.00707958173,0.0571250282,0.000488058431,0.998366892],"shapeName":"/levels/west_coast_usa/art/shapes/objects/guardrail1_white.dae","useInstanceRenderData":true}
{"class":"TSStatic","__parent":"hairPinRails","position":[2.22533965,95.6175308,124.693298],"isRenderEnabled":false,"rotationMatrix":[-0.991693377,0.115458623,0.0566867404,-0.115242407,-0.99331212,0.00707958173,0.0571250282,0.000488058431,0.998366892],"shapeName":"/levels/west_coast_usa/art/shapes/objects/guardrailpost.dae","useInstanceRenderData":true}
{"class":"TSStatic","__parent":"hairPinRails","position":[1.32095039,95.8904419,125.697662],"isRenderEnabled":false,"rotationMatrix":[-0.985198259,0.162789449,0.0537012182,-0.162497923,-0.986660242,0.00978021976,0.0545769818,0.000909118913,0.998509169],"shapeName":"/levels/west_coast_usa/art/shapes/objects/guardrail1_red.dae","useInstanceRenderData":true}
{"class":"TSStatic","__parent":"hairPinRails","position":[0.252628326,95.9408493,124.800957],"isRenderEnabled":false,"rotationMatrix":[-0.985198259,0.162789449,0.0537012182,-0.162497923,-0.986660242,0.00978021976,0.0545769818,0.000909118913,0.998509169],"shapeName":"/levels/west_coast_usa/art/shapes/objects/guardrailpost.dae","useInstanceRenderData":true}
{"class":"TSStatic","__parent":"hairPinRails","position":[-0.627170622,96.3078995,125.803772],"isRenderEnabled":false,"rotationMatrix":[-0.965569973,0.254225433,0.0551727079,-0.253797114,-0.967144966,0.0147527251,0.0571105219,0.000242114533,0.998367846],"shapeName":"/levels/west_coast_usa/art/shapes/objects/guardrail1_white.dae","useInstanceRenderData":true}
{"class":"TSStatic","__parent":"hairPinRails","position":[-1.68854189,96.4537735,124.909264],"isRenderEnabled":false,"rotationMatrix":[-0.965569973,0.254225433,0.0551727079,-0.253797114,-0.967144966,0.0147527251,0.0571105219,0.000242114533,0.998367846],"shapeName":"/levels/west_coast_usa/art/shapes/objects/guardrailpost.dae","useInstanceRenderData":true}
{"class":"TSStatic","__parent":"hairPinRails","position":[-2.52481461,96.9057083,125.91217],"isRenderEnabled":false,"rotationMatrix":[-0.935072243,0.350398093,0.0534897745,-0.349826217,-0.936600864,0.0200114232,0.0571105257,0,0.998367786],"shapeName":"/levels/west_coast_usa/art/shapes/objects/guardrail1_red.dae","useInstanceRenderData":true}
{"class":"TSStatic","__parent":"hairPinRails","position":[-3.56636095,97.1524734,125.01651],"isRenderEnabled":false,"rotationMatrix":[-0.935072243,0.350398093,0.0534897745,-0.349826217,-0.936600864,0.0200114232,0.0571105257,0,0.998367786],"shapeName":"/levels/west_coast_usa/art/shapes/objects/guardrailpost.dae","useInstanceRenderData":true}
{"class":"TSStatic","__parent":"hairPinRails","position":[-4.36400509,97.6749573,126.017433],"isRenderEnabled":false,"rotationMatrix":[-0.904255509,0.423847556,0.0517269298,-0.423155785,-0.905733824,0.0242061596,0.0571105406,0,0.998367846],"shapeName":"/levels/west_coast_usa/art/shapes/objects/guardrail1_white.dae","useInstanceRenderData":true}
{"class":"TSStatic","__parent":"hairPinRails","position":[-5.38280678,97.999649,125.120468],"isRenderEnabled":false,"rotationMatrix":[-0.904255509,0.423847556,0.0517269298,-0.423155785,-0.905733824,0.0242061596,0.0571105406,0,0.998367846],"shapeName":"/levels/west_coast_usa/art/shapes/objects/guardrailpost.dae","useInstanceRenderData":true}
{"class":"TSStatic","__parent":"hairPinRails","position":[-6.15392208,98.5760727,126.122849],"isRenderEnabled":false,"rotationMatrix":[-0.877982974,0.475707471,0.0533744469,-0.474922419,-0.87960279,0.0273505971,0.0599591807,-0.00133536942,0.99819994],"shapeName":"/levels/west_coast_usa/art/shapes/objects/guardrail1_red.dae","useInstanceRenderData":true}
{"class":"TSStatic","__parent":"hairPinRails","position":[-7.15480995,98.95755,125.228073],"isRenderEnabled":false,"rotationMatrix":[-0.877982974,0.475707471,0.0533744469,-0.474922419,-0.87960279,0.0273505971,0.0599591807,-0.00133536942,0.99819994],"shapeName":"/levels/west_coast_usa/art/shapes/objects/guardrailpost.dae","useInstanceRenderData":true}
{"class":"TSStatic","__parent":"hairPinRails","position":[-7.87677813,99.5900955,126.22982],"isRenderEnabled":false,"rotationMatrix":[-0.842730522,0.535681844,0.0533833131,-0.534787774,-0.844416261,0.0310298912,0.0616998971,-0.00239889976,0.998091877],"shapeName":"/levels/west_coast_usa/art/shapes/objects/guardrail1_white.dae","useInstanceRenderData":true}
{"class":"TSStatic","__parent":"hairPinRails","position":[-8.85053825,100.037369,125.335579],"isRenderEnabled":false,"rotationMatrix":[-0.842730522,0.535681844,0.0533833131,-0.534787774,-0.844416261,0.0310298912,0.0616998971,-0.00239889976,0.998091877],"shapeName":"/levels/west_coast_usa/art/shapes/objects/guardrailpost.dae","useInstanceRenderData":true}
{"class":"TSStatic","__parent":"hairPinRails","position":[-9.51473713,100.720917,126.340141],"isRenderEnabled":false,"rotationMatrix":[-0.79899013,0.598917067,0.0539730825,-0.59755522,-0.800811052,0.0403658263,0.0673980117,0,0.997726023],"shapeName":"/levels/west_coast_usa/art/shapes/objects/guardrail1_red.dae","useInstanceRenderData":true}
{"class":"TSStatic","__parent":"hairPinRails","position":[-10.4566526,101.241302,125.451363],"isRenderEnabled":false,"rotationMatrix":[-0.79899013,0.598917067,0.0539730825,-0.59755522,-0.800811052,0.0403658263,0.0673980117,0,0.997726023],"shapeName":"/levels/west_coast_usa/art/shapes/objects/guardrailpost.dae","useInstanceRenderData":true}
{"class":"TSStatic","__parent":"hairPinRails","position":[-11.0805922,101.967369,126.461098],"isRenderEnabled":false,"rotationMatrix":[-0.763017774,0.643282115,0.0631860271,-0.64186269,-0.765593052,0.0433588624,0.0762667432,-0.00747317076,0.997059464],"shapeName":"/levels/west_coast_usa/art/shapes/objects/guardrail1_white.dae","useInstanceRenderData":true}
{"class":"TSStatic","__parent":"hairPinRails","position":[-11.9992609,102.543816,125.582649],"isRenderEnabled":false,"rotationMatrix":[-0.763017774,0.643282115,0.0631860271,-0.64186269,-0.765593052,0.0433588624,0.0762667432,-0.00747317076,0.997059464],"shapeName":"/levels/west_coast_usa/art/shapes/objects/guardrailpost.dae","useInstanceRenderData":true}
{"class":"TSStatic","__parent":"hairPinRails","position":[-12.5536623,103.31279,126.595154],"isRenderEnabled":false,"rotationMatrix":[-0.711096168,0.699509501,0.0709092095,-0.69736743,-0.714554071,0.055593472,0.0895566568,-0.00991745666,0.995932341],"shapeName":"/levels/west_coast_usa/art/shapes/objects/guardrail1_red.dae","useInstanceRenderData":true}
{"class":"TSStatic","__parent":"hairPinRails","position":[-13.4474888,103.955704,125.720474],"isRenderEnabled":false,"rotationMatrix":[-0.711096168,0.699509501,0.0709092095,-0.69736743,-0.714554071,0.055593472,0.0895566568,-0.00991745666,0.995932341],"shapeName":"/levels/west_coast_usa/art/shapes/objects/guardrailpost.dae","useInstanceRenderData":true}
{"class":"TSStatic","__parent":"hairPinRails","position":[-14.7090263,105.524361,125.877403],"isRenderEnabled":false,"rotationMatrix":[-0.626461744,0.775528014,0.0781176984,-0.773193657,-0.63097775,0.0635532737,0.0985778421,-0.0205864254,0.994916379],"shapeName":"/levels/west_coast_usa/art/shapes/objects/guardrailpost.dae","useInstanceRenderData":true}
{"class":"TSStatic","__parent":"hairPinRails","position":[-13.8844252,104.783806,126.742821],"isRenderEnabled":false,"rotationMatrix":[-0.626461744,0.775528014,0.0781176984,-0.773193657,-0.63097775,0.0635532737,0.0985778421,-0.0205864254,0.994916379],"shapeName":"/levels/west_coast_usa/art/shapes/objects/guardrail1_white.dae","useInstanceRenderData":true}
{"class":"TSStatic","__parent":"hairPinRails","position":[-15.0887976,106.385109,126.902077],"isRenderEnabled":false,"rotationMatrix":[-0.573188663,0.81538111,0.0812891647,-0.812881052,-0.578318238,0.0690805465,0.103337996,-0.026482217,0.99429369],"shapeName":"/levels/west_coast_usa/art/shapes/objects/guardrail1_red.dae","useInstanceRenderData":true}
{"class":"TSStatic","__parent":"hairPinRails","position":[-16.8610382,108.911537,126.203964],"isRenderEnabled":false,"rotationMatrix":[-0.495391965,0.864818096,0.0817135051,-0.86206913,-0.5010221,0.0762514696,0.106883876,-0.0326683372,0.993734658],"shapeName":"/levels/west_coast_usa/art/shapes/objects/guardrailpost.dae","useInstanceRenderData":true}
{"class":"TSStatic","__parent":"hairPinRails","position":[-16.152359,108.053062,127.063095],"isRenderEnabled":false,"rotationMatrix":[-0.495391965,0.864818096,0.0817135051,-0.86206913,-0.5010221,0.0762514696,0.106883876,-0.0326683372,0.993734658],"shapeName":"/levels/west_coast_usa/art/shapes/objects/guardrail1_white.dae","useInstanceRenderData":true}
{"class":"TSStatic","__parent":"hairPinRails","position":[-17.0804749,109.810951,127.225685],"isRenderEnabled":false,"rotationMatrix":[-0.433043957,0.897538364,0.0830565467,-0.894649804,-0.43921876,0.0817875266,0.109887399,-0.0388889425,0.993182957],"shapeName":"/levels/west_coast_usa/art/shapes/objects/guardrail1_red.dae","useInstanceRenderData":true}
{"class":"TSStatic","__parent":"hairPinRails","position":[-18.5053406,112.550529,126.525146],"isRenderEnabled":false,"rotationMatrix":[-0.385873199,0.919244528,0.07804434,-0.916013241,-0.391818881,0.08600723,0.109640941,-0.0383017585,0.993233025],"shapeName":"/levels/west_coast_usa/art/shapes/objects/guardrailpost.dae","useInstanceRenderData":true}
{"class":"TSStatic","__parent":"hairPinRails","position":[-17.8998756,111.618362,127.386429],"isRenderEnabled":false,"rotationMatrix":[-0.385873199,0.919244528,0.07804434,-0.916013241,-0.391818881,0.08600723,0.109640941,-0.0383017585,0.993233025],"shapeName":"/levels/west_coast_usa/art/shapes/objects/guardrail1_white.dae","useInstanceRenderData":true}
{"class":"TSStatic","__parent":"hairPinRails","position":[-19.1795349,114.447121,126.672707],"isRenderEnabled":false,"rotationMatrix":[-0.333700776,0.939842045,0.073079437,-0.936281264,-0.339455128,0.0902638286,0.109640941,-0.0383017994,0.993233025],"shapeName":"/levels/west_coast_usa/art/shapes/objects/guardrailpost.dae","useInstanceRenderData":true}
{"class":"TSStatic","__parent":"hairPinRails","position":[-18.6251221,113.487839,127.538567],"isRenderEnabled":false,"rotationMatrix":[-0.333700776,0.939842045,0.073079437,-0.936281264,-0.339455128,0.0902638286,0.109640941,-0.0383017994,0.993233025],"shapeName":"/levels/west_coast_usa/art/shapes/objects/guardrail1_red.dae","useInstanceRenderData":true}
{"class":"TSStatic","__parent":"hairPinRails","position":[-19.7690506,116.346024,126.828453],"isRenderEnabled":false,"rotationMatrix":[-0.294469476,0.952470899,0.0780224353,-0.949026465,-0.30105257,0.0933631063,0.112414449,-0.0465527736,0.992570341],"shapeName":"/levels/west_coast_usa/art/shapes/objects/guardrailpost.dae","useInstanceRenderData":true}
{"class":"TSStatic","__parent":"hairPinRails","position":[-19.2506561,115.361496,127.688255],"isRenderEnabled":false,"rotationMatrix":[-0.294469476,0.952470899,0.0780224353,-0.949026465,-0.30105257,0.0933631063,0.112414449,-0.0465527736,0.992570341],"shapeName":"/levels/west_coast_usa/art/shapes/objects/guardrail1_white.dae","useInstanceRenderData":true}
{"class":"TSStatic","__parent":"hairPinRails","position":[-20.1610146,118.329102,126.977341],"isRenderEnabled":false,"rotationMatrix":[-0.194090724,0.978205562,0.0737714395,-0.974388838,-0.20094502,0.100930721,0.113555036,-0.052292347,0.992154598],"shapeName":"/levels/west_coast_usa/art/shapes/objects/guardrailpost.dae","useInstanceRenderData":true}
{"class":"TSStatic","__parent":"hairPinRails","position":[-19.7413254,117.301193,127.84021],"isRenderEnabled":false,"rotationMatrix":[-0.194090724,0.978205562,0.0737714395,-0.974388838,-0.20094502,0.100930721,0.113555036,-0.052292347,0.992154598],"shapeName":"/levels/west_coast_usa/art/shapes/objects/guardrail1_red.dae","useInstanceRenderData":true}
{"class":"TSStatic","__parent":"hairPinRails","position":[-20.4096146,120.310364,127.131004],"isRenderEnabled":false,"rotationMatrix":[-0.124014854,0.989309013,0.0767314583,-0.985612333,-0.131762147,0.105861574,0.114840135,-0.0624990761,0.991415977],"shapeName":"/levels/west_coast_usa/art/shapes/objects/guardrailpost.dae","useInstanceRenderData":true}
{"class":"TSStatic","__parent":"hairPinRails","position":[-20.0591049,119.253342,127.989578],"isRenderEnabled":false,"rotationMatrix":[-0.124014854,0.989309013,0.0767314583,-0.985612333,-0.131762147,0.105861574,0.114840135,-0.0624990761,0.991415977],"shapeName":"/levels/west_coast_usa/art/shapes/objects/guardrail1_white.dae","useInstanceRenderData":true}
{"class":"TSStatic","__parent":"hairPinRails","position":[-20.3501892,122.279388,127.240791],"isRenderEnabled":false,"rotationMatrix":[-0.0247398615,0.99704963,0.0726620406,-0.999692142,-0.0248054266,0,0.00180242211,-0.0726396814,0.997356594],"shapeName":"/levels/west_coast_usa/art/shapes/objects/guardrailpost.dae","useInstanceRenderData":true}
{"class":"TSStatic","__parent":"hairPinRails","position":[-20.198658,121.237411,128.13826],"isRenderEnabled":false,"rotationMatrix":[-0.0247398615,0.99704963,0.0726620406,-0.999692142,-0.0248054266,0,0.00180242211,-0.0726396814,0.997356594],"shapeName":"/levels/west_coast_usa/art/shapes/objects/guardrail1_red.dae","useInstanceRenderData":true}
{"class":"TSStatic","__parent":"hairPinRails","position":[-20.2255821,124.299232,127.390579],"isRenderEnabled":false,"rotationMatrix":[0.0696691275,0.994653821,0.0762242824,-0.997569084,0.0693480968,0.00685359165,0.00153093413,-0.0765164644,0.997067153],"shapeName":"/levels/west_coast_usa/art/shapes/objects/guardrailpost.dae","useInstanceRenderData":true}
{"class":"TSStatic","__parent":"hairPinRails","position":[-20.1575356,123.229721,128.2892],"isRenderEnabled":false,"rotationMatrix":[0.0696691275,0.994653821,0.0762242824,-0.997569084,0.0693480968,0.00685359165,0.00153093413,-0.0765164644,0.997067153],"shapeName":"/levels/west_coast_usa/art/shapes/objects/guardrail1_white.dae","useInstanceRenderData":true}
{"class":"TSStatic","__parent":"hairPinRails","position":[-19.9449615,126.220802,127.521416],"isRenderEnabled":false,"rotationMatrix":[0.132535458,0.989671886,0.0546226576,-0.991151631,0.132733643,-3.7252903e-09,-0.00725025684,-0.0541393422,0.998507082],"shapeName":"/levels/west_coast_usa/art/shapes/objects/guardrailpost.dae","useInstanceRenderData":true}
{"class":"TSStatic","__parent":"hairPinRails","position":[-19.95541,125.204506,128.419937],"isRenderEnabled":false,"rotationMatrix":[0.132535458,0.989671886,0.0546226576,-0.991151631,0.132733643,-3.7252903e-09,-0.00725025684,-0.0541393422,0.998507082],"shapeName":"/levels/west_coast_usa/art/shapes/objects/guardrail1_red.dae","useInstanceRenderData":true}
{"class":"TSStatic","__parent":"hairPinRails","position":[-19.6204262,128.193726,127.604721],"isRenderEnabled":false,"rotationMatrix":[0.162831247,0.985813975,0.0407006666,-0.986641169,0.162899017,0.00166831538,-0.00498544611,-0.0404286161,0.999170005],"shapeName":"/levels/west_coast_usa/art/shapes/objects/guardrailpost.dae","useInstanceRenderData":true}
{"class":"TSStatic","__parent":"hairPinRails","position":[-19.6583061,127.190422,128.517014],"isRenderEnabled":false,"rotationMatrix":[0.162831247,0.985813975,0.0407006666,-0.986641169,0.162899017,0.00166831538,-0.00498544611,-0.0404286161,0.999170005],"shapeName":"/levels/west_coast_usa/art/shapes/objects/guardrail1_white.dae","useInstanceRenderData":true}
{"class":"TSStatic","__parent":"hairPinRails","position":[-19.1194267,130.137543,127.675003],"isRenderEnabled":false,"rotationMatrix":[0.246538997,0.968497097,0.0350958928,-0.969125807,0.24651283,0.00513889827,-0.0036745742,-0.0352792814,0.999370754],"shapeName":"/levels/west_coast_usa/art/shapes/objects/guardrailpost.dae","useInstanceRenderData":true}
{"class":"TSStatic","__parent":"hairPinRails","position":[-19.2384377,129.145325,128.592453],"isRenderEnabled":false,"rotationMatrix":[0.246538997,0.968497097,0.0350958928,-0.969125807,0.24651283,0.00513889827,-0.0036745742,-0.0352792814,0.999370754],"shapeName":"/levels/west_coast_usa/art/shapes/objects/guardrail1_red.dae","useInstanceRenderData":true}
{"class":"TSStatic","__parent":"hairPinRails","position":[-18.3784943,131.999054,127.738243],"isRenderEnabled":false,"rotationMatrix":[0.370376706,0.928346157,0.0315331221,-0.928877592,0.370260775,0.00965537317,-0.00271194335,-0.0328665376,0.999456048],"shapeName":"/levels/west_coast_usa/art/shapes/objects/guardrailpost.dae","useInstanceRenderData":true}
{"class":"TSStatic","__parent":"hairPinRails","position":[-18.6202545,131.032196,128.658615],"isRenderEnabled":false,"rotationMatrix":[0.370376706,0.928346157,0.0315331221,-0.928877592,0.370260775,0.00965537317,-0.00271194335,-0.0328665376,0.999456048],"shapeName":"/levels/west_coast_usa/art/shapes/objects/guardrail1_white.dae","useInstanceRenderData":true}
{"class":"TSStatic","__parent":"hairPinRails","position":[-17.4398537,133.761292,127.788033],"isRenderEnabled":false,"rotationMatrix":[0.4700737,0.88227433,0.0249513108,-0.88262707,0.469892383,0.0130571956,-0.000204399228,-0.0281605497,0.999603391],"shapeName":"/levels/west_coast_usa/art/shapes/objects/guardrailpost.dae","useInstanceRenderData":true}
{"class":"TSStatic","__parent":"hairPinRails","position":[-17.7805023,132.830658,128.714462],"isRenderEnabled":false,"rotationMatrix":[0.4700737,0.88227433,0.0249513108,-0.88262707,0.469892383,0.0130571956,-0.000204399228,-0.0281605497,0.999603391],"shapeName":"/levels/west_coast_usa/art/shapes/objects/guardrail1_red.dae","useInstanceRenderData":true}
{"class":"TSStatic","__parent":"hairPinRails","position":[-16.3571625,135.428894,127.815674],"isRenderEnabled":false,"rotationMatrix":[0.545736909,0.837839663,0.013992887,-0.837940991,0.545549095,0.0151977129,0.00509944232,-0.0200191662,0.999786615],"shapeName":"/levels/west_coast_usa/art/shapes/objects/guardrailpost.dae","useInstanceRenderData":true}
{"class":"TSStatic","__parent":"hairPinRails","position":[-16.7708168,134.539154,128.752457],"isRenderEnabled":false,"rotationMatrix":[0.545736909,0.837839663,0.013992887,-0.837940991,0.545549095,0.0151977129,0.00509944232,-0.0200191662,0.999786615],"shapeName":"/levels/west_coast_usa/art/shapes/objects/guardrail1_white.dae","useInstanceRenderData":true}
{"class":"TSStatic","__parent":"hairPinRails","position":[-15.1838751,137.030136,127.834625],"isRenderEnabled":false,"rotationMatrix":[0.591017544,0.806601942,0.00956127234,-0.806626379,0.590846419,0.0159449987,0.00721202418,-0.0171361491,0.999827147],"shapeName":"/levels/west_coast_usa/art/shapes/objects/guardrailpost.dae","useInstanceRenderData":true}
{"class":"TSStatic","__parent":"hairPinRails","position":[-15.6428013,136.167435,128.77562],"isRenderEnabled":false,"rotationMatrix":[0.591017544,0.806601942,0.00956127234,-0.806626379,0.590846419,0.0159449987,0.00721202418,-0.0171361491,0.999827147],"shapeName":"/levels/west_coast_usa/art/shapes/objects/guardrail1_red.dae","useInstanceRenderData":true}
{"class":"TSStatic","__parent":"hairPinRails","position":[-13.9057837,138.556412,127.85157],"isRenderEnabled":false,"rotationMatrix":[0.642608762,0.766147494,0.00849577505,-0.766160607,0.642436385,0.0165373161,0.00721202511,-0.0171361528,0.999827147],"shapeName":"/levels/west_coast_usa/art/shapes/objects/guardrailpost.dae","useInstanceRenderData":true}
{"class":"TSStatic","__parent":"hairPinRails","position":[-14.419179,137.726044,128.793503],"isRenderEnabled":false,"rotationMatrix":[0.642608762,0.766147494,0.00849577505,-0.766160607,0.642436385,0.0165373161,0.00721202511,-0.0171361528,0.999827147],"shapeName":"/levels/west_coast_usa/art/shapes/objects/guardrail1_white.dae","useInstanceRenderData":true}
{"class":"TSStatic","__parent":"hairPinRails","position":[-12.5678082,140.018814,127.863777],"isRenderEnabled":false,"rotationMatrix":[0.675716639,0.737136304,0.00610387139,-0.737114489,0.675556719,0.0168954488,0.00833073445,-0.0159157868,0.99983865],"shapeName":"/levels/west_coast_usa/art/shapes/objects/guardrailpost.dae","useInstanceRenderData":true}
{"class":"TSStatic","__parent":"hairPinRails","position":[-13.1154757,139.213272,128.807968],"isRenderEnabled":false,"rotationMatrix":[0.675716639,0.737136304,0.00610387139,-0.737114489,0.675556719,0.0168954488,0.00833073445,-0.0159157868,0.99983865],"shapeName":"/levels/west_coast_usa/art/shapes/objects/guardrail1_red.dae","useInstanceRenderData":true}
{"class":"TSStatic","__parent":"hairPinRails","position":[-11.2132673,141.442108,127.850716],"isRenderEnabled":false,"rotationMatrix":[0.689593673,0.724164486,-0.00681895018,-0.72399652,0.689593911,0.0170095973,0.0170200504,-0.00679281587,0.999832094],"shapeName":"/levels/west_coast_usa/art/shapes/objects/guardrailpost.dae","useInstanceRenderData":true}
{"class":"TSStatic","__parent":"hairPinRails","position":[-11.7675896,140.65593,128.807266],"isRenderEnabled":false,"rotationMatrix":[0.689593673,0.724164486,-0.00681895018,-0.72399652,0.689593911,0.0170095973,0.0170200504,-0.00679281587,0.999832094],"shapeName":"/levels/west_coast_usa/art/shapes/objects/guardrail1_white.dae","useInstanceRenderData":true}
{"class":"TSStatic","__parent":"hairPinRails","position":[-9.84267521,142.881409,127.837158],"isRenderEnabled":false,"rotationMatrix":[0.689593673,0.724164486,-0.00681895018,-0.72399652,0.689593911,0.0170095973,0.0170200504,-0.00679281587,0.999832094],"shapeName":"/levels/west_coast_usa/art/shapes/objects/guardrailpost.dae","useInstanceRenderData":true}
{"class":"TSStatic","__parent":"hairPinRails","position":[-10.3969975,142.09523,128.793716],"isRenderEnabled":false,"rotationMatrix":[0.689593673,0.724164486,-0.00681895018,-0.72399652,0.689593911,0.0170095973,0.0170200504,-0.00679281587,0.999832094],"shapeName":"/levels/west_coast_usa/art/shapes/objects/guardrail1_red.dae","useInstanceRenderData":true}
{"class":"TSStatic","__parent":"hairPinRails","position":[-8.49297237,144.312759,127.809807],"isRenderEnabled":false,"rotationMatrix":[0.686082363,0.7273947,-0.0137148034,-0.727196336,0.686217189,0.0170735866,0.0218305681,-0.00174053386,0.999760151],"shapeName":"/levels/west_coast_usa/art/shapes/objects/guardrailpost.dae","useInstanceRenderData":true}
{"class":"TSStatic","__parent":"hairPinRails","position":[-9.03895187,143.528717,128.772873],"isRenderEnabled":false,"rotationMatrix":[0.686082363,0.7273947,-0.0137148034,-0.727196336,0.686217189,0.0170735866,0.0218305681,-0.00174053386,0.999760151],"shapeName":"/levels/west_coast_usa/art/shapes/objects/guardrail1_white.dae","useInstanceRenderData":true}
{"class":"TSStatic","__parent":"hairPinRails","position":[-7.08112955,145.706589,127.771805],"isRenderEnabled":false,"rotationMatrix":[0.711472452,0.702453613,-0.0191283636,-0.702260017,0.711727619,0.0165734943,0.0252562948,0.00164149748,0.999679685],"shapeName":"/levels/west_coast_usa/art/shapes/objects/guardrailpost.dae","useInstanceRenderData":true}
{"class":"TSStatic","__parent":"hairPinRails","position":[-7.6512785,144.946487,128.740067],"isRenderEnabled":false,"rotationMatrix":[0.711472452,0.702453613,-0.0191283636,-0.702260017,0.711727619,0.0165734943,0.0252562948,0.00164149748,0.999679685],"shapeName":"/levels/west_coast_usa/art/shapes/objects/guardrail1_red.dae","useInstanceRenderData":true}
{"class":"TSStatic","__parent":"hairPinRails","position":[-5.6784811,147.107239,127.738945],"isRenderEnabled":false,"rotationMatrix":[0.707487941,0.706531227,-0.0165613089,-0.706334293,0.707681775,0.0166830719,0.0235072505,-0.000105249695,0.999723673],"shapeName":"/levels/west_coast_usa/art/shapes/objects/guardrailpost.dae","useInstanceRenderData":true}
