{"name":"lampBulb_924","class":"PointLight","__parent":"lensflare lamps","position":[-891.712463,-645.923279,112.695793],"brightness":20,"color":[0.826189578,0.925667524,0.471540183,1],"radius":0.5,"rotationMatrix":[0.785744727,-0.618551016,-3.33786011e-06,-2.62260437e-06,1.78813934e-06,-1.00000036,0.618551016,0.785745025,-2.38418579e-07],"shadowDarkenColor":[0,0,0,0]}
{"name":"lampBulb_923","class":"PointLight","__parent":"lensflare lamps","position":[-891.316772,-646.245239,112.695625],"brightness":20,"color":[0.826189578,0.925667524,0.471540183,1],"radius":0.5,"rotationMatrix":[0.785744727,-0.618551016,-3.33786011e-06,-2.62260437e-06,1.78813934e-06,-1.00000036,0.618551016,0.785745025,-2.38418579e-07],"shadowDarkenColor":[0,0,0,0]}
{"name":"lampBulb_920","class":"PointLight","__parent":"lensflare lamps","position":[-890.792542,-644.792908,112.697014],"brightness":20,"color":[0.826189578,0.925667524,0.471540183,1],"radius":0.5,"rotationMatrix":[0.785744727,-0.618551016,-3.33786011e-06,-2.62260437e-06,1.78813934e-06,-1.00000036,0.618551016,0.785745025,-2.38418579e-07],"shadowDarkenColor":[0,0,0,0]}
{"name":"lampBulb_922","class":"PointLight","__parent":"lensflare lamps","position":[-890.872131,-645.698853,112.696205],"brightness":20,"color":[0.826189578,0.925667524,0.471540183,1],"radius":0.5,"rotationMatrix":[0.785744727,-0.618551016,-3.33786011e-06,-2.62260437e-06,1.78813934e-06,-1.00000036,0.618551016,0.785745025,-2.38418579e-07],"shadowDarkenColor":[0,0,0,0]}
{"name":"lampBulb_921","class":"PointLight","__parent":"lensflare lamps","position":[-891.267822,-645.376892,112.696373],"brightness":20,"color":[0.826189578,0.925667524,0.471540183,1],"radius":0.5,"rotationMatrix":[0.785744727,-0.618551016,-3.33786011e-06,-2.62260437e-06,1.78813934e-06,-1.00000036,0.618551016,0.785745025,-2.38418579e-07],"shadowDarkenColor":[0,0,0,0]}
{"name":"lampLight_307","class":"SpotLight","__parent":"lensflare lamps","position":[-890.790771,-645.257874,112.718422],"animationPeriod":2,"brightness":0.899999976,"color":[0.82745105,0.92549026,0.470588267,1],"fadeStartDistance":10,"innerAngle":10,"outerAngle":170,"rotationMatrix":[0.785744727,-0.618551016,-3.33786011e-06,-2.62260437e-06,1.78813934e-06,-1.00000036,0.618551016,0.785745025,-2.38418579e-07],"shadowDarkenColor":[0,0,0,0],"shadowDistance":20}
{"name":"lampBulb_919","class":"PointLight","__parent":"lensflare lamps","position":[-890.396973,-645.114868,112.696846],"brightness":20,"color":[0.826189578,0.925667524,0.471540183,1],"radius":0.5,"rotationMatrix":[0.785744727,-0.618551016,-3.33786011e-06,-2.62260437e-06,1.78813934e-06,-1.00000036,0.618551016,0.785745025,-2.38418579e-07],"shadowDarkenColor":[0,0,0,0]}
{"name":"lampLight_308","class":"SpotLight","__parent":"lensflare lamps","position":[-891.265015,-645.840637,112.717812],"animationPeriod":2,"brightness":0.899999976,"color":[0.82745105,0.92549026,0.470588267,1],"fadeStartDistance":10,"innerAngle":10,"outerAngle":170,"rotationMatrix":[0.785744727,-0.618551016,-3.33786011e-06,-2.62260437e-06,1.78813934e-06,-1.00000036,0.618551016,0.785745025,-2.38418579e-07],"shadowDarkenColor":[0,0,0,0],"shadowDistance":20}
{"name":"lampBulb_925","class":"PointLight","__parent":"lensflare lamps","position":[-902.215637,-658.392639,112.695625],"brightness":20,"color":[0.826189578,0.925667524,0.471540183,1],"radius":0.5,"rotationMatrix":[0.785744727,-0.618551016,-3.33786011e-06,-2.62260437e-06,1.78813934e-06,-1.00000036,0.618551016,0.785745025,-2.38418579e-07],"shadowDarkenColor":[0,0,0,0]}
{"name":"lampBulb_926","class":"PointLight","__parent":"lensflare lamps","position":[-901.691406,-656.940308,112.697014],"brightness":20,"color":[0.826189578,0.925667524,0.471540183,1],"radius":0.5,"rotationMatrix":[0.785744727,-0.618551016,-3.33786011e-06,-2.62260437e-06,1.78813934e-06,-1.00000036,0.618551016,0.785745025,-2.38418579e-07],"shadowDarkenColor":[0,0,0,0]}
{"name":"lampBulb_927","class":"PointLight","__parent":"lensflare lamps","position":[-901.770996,-657.846252,112.696205],"brightness":20,"color":[0.826189578,0.925667524,0.471540183,1],"radius":0.5,"rotationMatrix":[0.785744727,-0.618551016,-3.33786011e-06,-2.62260437e-06,1.78813934e-06,-1.00000036,0.618551016,0.785745025,-2.38418579e-07],"shadowDarkenColor":[0,0,0,0]}
{"name":"lampBulb_928","class":"PointLight","__parent":"lensflare lamps","position":[-902.166687,-657.524292,112.696373],"brightness":20,"color":[0.826189578,0.925667524,0.471540183,1],"radius":0.5,"rotationMatrix":[0.785744727,-0.618551016,-3.33786011e-06,-2.62260437e-06,1.78813934e-06,-1.00000036,0.618551016,0.785745025,-2.38418579e-07],"shadowDarkenColor":[0,0,0,0]}
{"name":"lampLight_309","class":"SpotLight","__parent":"lensflare lamps","position":[-901.689636,-657.405273,112.718422],"animationPeriod":2,"brightness":0.899999976,"color":[0.82745105,0.92549026,0.470588267,1],"fadeStartDistance":10,"innerAngle":10,"outerAngle":170,"rotationMatrix":[0.785744727,-0.618551016,-3.33786011e-06,-2.62260437e-06,1.78813934e-06,-1.00000036,0.618551016,0.785745025,-2.38418579e-07],"shadowDarkenColor":[0,0,0,0],"shadowDistance":20}
{"name":"lampBulb_929","class":"PointLight","__parent":"lensflare lamps","position":[-901.295837,-657.262268,112.696846],"brightness":20,"color":[0.826189578,0.925667524,0.471540183,1],"radius":0.5,"rotationMatrix":[0.785744727,-0.618551016,-3.33786011e-06,-2.62260437e-06,1.78813934e-06,-1.00000036,0.618551016,0.785745025,-2.38418579e-07],"shadowDarkenColor":[0,0,0,0]}
{"name":"lampLight_310","class":"SpotLight","__parent":"lensflare lamps","position":[-902.163879,-657.988037,112.717812],"animationPeriod":2,"brightness":0.899999976,"color":[0.82745105,0.92549026,0.470588267,1],"fadeStartDistance":10,"innerAngle":10,"outerAngle":170,"rotationMatrix":[0.785744727,-0.618551016,-3.33786011e-06,-2.62260437e-06,1.78813934e-06,-1.00000036,0.618551016,0.785745025,-2.38418579e-07],"shadowDarkenColor":[0,0,0,0],"shadowDistance":20}
{"name":"lampBulb_930","class":"PointLight","__parent":"lensflare lamps","position":[-902.611328,-658.070679,112.695793],"brightness":20,"color":[0.826189578,0.925667524,0.471540183,1],"radius":0.5,"rotationMatrix":[0.785744727,-0.618551016,-3.33786011e-06,-2.62260437e-06,1.78813934e-06,-1.00000036,0.618551016,0.785745025,-2.38418579e-07],"shadowDarkenColor":[0,0,0,0]}
{"name":"lampBulb_931","class":"PointLight","__parent":"lensflare lamps","position":[-889.7099,-678.532898,112.695625],"brightness":20,"color":[0.826189578,0.925667524,0.471540183,1],"radius":0.5,"rotationMatrix":[0.664135933,0.74761194,-3.39746475e-06,-1.60932541e-06,-3.33786011e-06,-1.00000024,-0.74761194,0.664136231,-1.1920929e-06],"shadowDarkenColor":[0,0,0,0]}
{"name":"lampBulb_932","class":"PointLight","__parent":"lensflare lamps","position":[-891.12854,-677.923279,112.697014],"brightness":20,"color":[0.826189578,0.925667524,0.471540183,1],"radius":0.5,"rotationMatrix":[0.664135933,0.74761194,-3.39746475e-06,-1.60932541e-06,-3.33786011e-06,-1.00000024,-0.74761194,0.664136231,-1.1920929e-06],"shadowDarkenColor":[0,0,0,0]}
{"name":"lampBulb_933","class":"PointLight","__parent":"lensflare lamps","position":[-890.228943,-678.05658,112.696205],"brightness":20,"color":[0.826189578,0.925667524,0.471540183,1],"radius":0.5,"rotationMatrix":[0.664135933,0.74761194,-3.39746475e-06,-1.60932541e-06,-3.33786011e-06,-1.00000024,-0.74761194,0.664136231,-1.1920929e-06],"shadowDarkenColor":[0,0,0,0]}
{"name":"lampBulb_934","class":"PointLight","__parent":"lensflare lamps","position":[-890.573853,-678.432373,112.696373],"brightness":20,"color":[0.826189578,0.925667524,0.471540183,1],"radius":0.5,"rotationMatrix":[0.664135933,0.74761194,-3.39746475e-06,-1.60932541e-06,-3.33786011e-06,-1.00000024,-0.74761194,0.664136231,-1.1920929e-06],"shadowDarkenColor":[0,0,0,0]}
{"name":"lampLight_311","class":"SpotLight","__parent":"lensflare lamps","position":[-890.664307,-677.949097,112.718422],"animationPeriod":2,"brightness":0.899999976,"color":[0.82745105,0.92549026,0.470588267,1],"fadeStartDistance":10,"innerAngle":10,"outerAngle":170,"rotationMatrix":[0.664135933,0.74761194,-3.39746475e-06,-1.60932541e-06,-3.33786011e-06,-1.00000024,-0.74761194,0.664136231,-1.1920929e-06],"shadowDarkenColor":[0,0,0,0],"shadowDistance":20}
{"name":"lampBulb_935","class":"PointLight","__parent":"lensflare lamps","position":[-890.78363,-677.547485,112.696846],"brightness":20,"color":[0.826189578,0.925667524,0.471540183,1],"radius":0.5,"rotationMatrix":[0.664135933,0.74761194,-3.39746475e-06,-1.60932541e-06,-3.33786011e-06,-1.00000024,-0.74761194,0.664136231,-1.1920929e-06],"shadowDarkenColor":[0,0,0,0]}
{"name":"lampLight_312","class":"SpotLight","__parent":"lensflare lamps","position":[-890.110718,-678.457153,112.717812],"animationPeriod":2,"brightness":0.899999976,"color":[0.82745105,0.92549026,0.470588267,1],"fadeStartDistance":10,"innerAngle":10,"outerAngle":170,"rotationMatrix":[0.664135933,0.74761194,-3.39746475e-06,-1.60932541e-06,-3.33786011e-06,-1.00000024,-0.74761194,0.664136231,-1.1920929e-06],"shadowDarkenColor":[0,0,0,0],"shadowDistance":20}
{"name":"lampBulb_936","class":"PointLight","__parent":"lensflare lamps","position":[-890.05481,-678.908691,112.695793],"brightness":20,"color":[0.826189578,0.925667524,0.471540183,1],"radius":0.5,"rotationMatrix":[0.664135933,0.74761194,-3.39746475e-06,-1.60932541e-06,-3.33786011e-06,-1.00000024,-0.74761194,0.664136231,-1.1920929e-06],"shadowDarkenColor":[0,0,0,0]}
{"name":"lampBulb_937","class":"PointLight","__parent":"lensflare lamps","position":[-871.527344,-645.77002,112.696205],"brightness":20,"color":[0.826189578,0.925667524,0.471540183,1],"radius":0.5,"rotationMatrix":[0.785744727,-0.618551016,-3.33786011e-06,-2.62260437e-06,1.78813934e-06,-1.00000036,0.618551016,0.785745025,-2.38418579e-07],"shadowDarkenColor":[0,0,0,0]}
{"name":"lampLight_313","class":"SpotLight","__parent":"lensflare lamps","position":[-871.920227,-645.911804,112.717812],"animationPeriod":2,"brightness":0.899999976,"color":[0.82745105,0.92549026,0.470588267,1],"fadeStartDistance":10,"innerAngle":10,"outerAngle":170,"rotationMatrix":[0.785744727,-0.618551016,-3.33786011e-06,-2.62260437e-06,1.78813934e-06,-1.00000036,0.618551016,0.785745025,-2.38418579e-07],"shadowDarkenColor":[0,0,0,0],"shadowDistance":20}
{"name":"lampLight_314","class":"SpotLight","__parent":"lensflare lamps","position":[-871.445984,-645.329041,112.718422],"animationPeriod":2,"brightness":0.899999976,"color":[0.82745105,0.92549026,0.470588267,1],"fadeStartDistance":10,"innerAngle":10,"outerAngle":170,"rotationMatrix":[0.785744727,-0.618551016,-3.33786011e-06,-2.62260437e-06,1.78813934e-06,-1.00000036,0.618551016,0.785745025,-2.38418579e-07],"shadowDarkenColor":[0,0,0,0],"shadowDistance":20}
{"name":"lampBulb_938","class":"PointLight","__parent":"lensflare lamps","position":[-871.923035,-645.448059,112.696373],"brightness":20,"color":[0.826189578,0.925667524,0.471540183,1],"radius":0.5,"rotationMatrix":[0.785744727,-0.618551016,-3.33786011e-06,-2.62260437e-06,1.78813934e-06,-1.00000036,0.618551016,0.785745025,-2.38418579e-07],"shadowDarkenColor":[0,0,0,0]}
{"name":"lampBulb_939","class":"PointLight","__parent":"lensflare lamps","position":[-872.367676,-645.994446,112.695793],"brightness":20,"color":[0.826189578,0.925667524,0.471540183,1],"radius":0.5,"rotationMatrix":[0.785744727,-0.618551016,-3.33786011e-06,-2.62260437e-06,1.78813934e-06,-1.00000036,0.618551016,0.785745025,-2.38418579e-07],"shadowDarkenColor":[0,0,0,0]}
{"name":"lampBulb_940","class":"PointLight","__parent":"lensflare lamps","position":[-871.971985,-646.316406,112.695625],"brightness":20,"color":[0.826189578,0.925667524,0.471540183,1],"radius":0.5,"rotationMatrix":[0.785744727,-0.618551016,-3.33786011e-06,-2.62260437e-06,1.78813934e-06,-1.00000036,0.618551016,0.785745025,-2.38418579e-07],"shadowDarkenColor":[0,0,0,0]}
{"name":"lampBulb_941","class":"PointLight","__parent":"lensflare lamps","position":[-871.447754,-644.864075,112.697014],"brightness":20,"color":[0.826189578,0.925667524,0.471540183,1],"radius":0.5,"rotationMatrix":[0.785744727,-0.618551016,-3.33786011e-06,-2.62260437e-06,1.78813934e-06,-1.00000036,0.618551016,0.785745025,-2.38418579e-07],"shadowDarkenColor":[0,0,0,0]}
{"name":"lampBulb_942","class":"PointLight","__parent":"lensflare lamps","position":[-871.052185,-645.186035,112.696846],"brightness":20,"color":[0.826189578,0.925667524,0.471540183,1],"radius":0.5,"rotationMatrix":[0.785744727,-0.618551016,-3.33786011e-06,-2.62260437e-06,1.78813934e-06,-1.00000036,0.618551016,0.785745025,-2.38418579e-07],"shadowDarkenColor":[0,0,0,0]}
{"name":"lampBulb_943","class":"PointLight","__parent":"lensflare lamps","position":[-868.366577,-616.888977,112.51281],"brightness":20,"color":[0.826189578,0.925667524,0.471540183,1],"radius":0.5,"rotationMatrix":[0.785744727,-0.618551016,-3.33786011e-06,-2.62260437e-06,1.78813934e-06,-1.00000036,0.618551016,0.785745025,-2.38418579e-07],"shadowDarkenColor":[0,0,0,0]}
{"name":"lampLight_315","class":"SpotLight","__parent":"lensflare lamps","position":[-868.75946,-617.030762,112.534416],"animationPeriod":2,"brightness":0.899999976,"color":[0.82745105,0.92549026,0.470588267,1],"fadeStartDistance":10,"innerAngle":10,"outerAngle":170,"rotationMatrix":[0.785744727,-0.618551016,-3.33786011e-06,-2.62260437e-06,1.78813934e-06,-1.00000036,0.618551016,0.785745025,-2.38418579e-07],"shadowDarkenColor":[0,0,0,0],"shadowDistance":20}
{"name":"lampLight_316","class":"SpotLight","__parent":"lensflare lamps","position":[-868.285217,-616.447998,112.535027],"animationPeriod":2,"brightness":0.899999976,"color":[0.82745105,0.92549026,0.470588267,1],"fadeStartDistance":10,"innerAngle":10,"outerAngle":170,"rotationMatrix":[0.785744727,-0.618551016,-3.33786011e-06,-2.62260437e-06,1.78813934e-06,-1.00000036,0.618551016,0.785745025,-2.38418579e-07],"shadowDarkenColor":[0,0,0,0],"shadowDistance":20}
{"name":"lampBulb_944","class":"PointLight","__parent":"lensflare lamps","position":[-868.762268,-616.567017,112.512978],"brightness":20,"color":[0.826189578,0.925667524,0.471540183,1],"radius":0.5,"rotationMatrix":[0.785744727,-0.618551016,-3.33786011e-06,-2.62260437e-06,1.78813934e-06,-1.00000036,0.618551016,0.785745025,-2.38418579e-07],"shadowDarkenColor":[0,0,0,0]}
{"name":"lampBulb_945","class":"PointLight","__parent":"lensflare lamps","position":[-869.206909,-617.113403,112.512398],"brightness":20,"color":[0.826189578,0.925667524,0.471540183,1],"radius":0.5,"rotationMatrix":[0.785744727,-0.618551016,-3.33786011e-06,-2.62260437e-06,1.78813934e-06,-1.00000036,0.618551016,0.785745025,-2.38418579e-07],"shadowDarkenColor":[0,0,0,0]}
{"name":"lampBulb_946","class":"PointLight","__parent":"lensflare lamps","position":[-868.811218,-617.435364,112.51223],"brightness":20,"color":[0.826189578,0.925667524,0.471540183,1],"radius":0.5,"rotationMatrix":[0.785744727,-0.618551016,-3.33786011e-06,-2.62260437e-06,1.78813934e-06,-1.00000036,0.618551016,0.785745025,-2.38418579e-07],"shadowDarkenColor":[0,0,0,0]}
{"name":"lampBulb_947","class":"PointLight","__parent":"lensflare lamps","position":[-868.286987,-615.983032,112.513618],"brightness":20,"color":[0.826189578,0.925667524,0.471540183,1],"radius":0.5,"rotationMatrix":[0.785744727,-0.618551016,-3.33786011e-06,-2.62260437e-06,1.78813934e-06,-1.00000036,0.618551016,0.785745025,-2.38418579e-07],"shadowDarkenColor":[0,0,0,0]}
{"name":"lampBulb_948","class":"PointLight","__parent":"lensflare lamps","position":[-867.891418,-616.304993,112.513451],"brightness":20,"color":[0.826189578,0.925667524,0.471540183,1],"radius":0.5,"rotationMatrix":[0.785744727,-0.618551016,-3.33786011e-06,-2.62260437e-06,1.78813934e-06,-1.00000036,0.618551016,0.785745025,-2.38418579e-07],"shadowDarkenColor":[0,0,0,0]}
{"name":"lampBulb_949","class":"PointLight","__parent":"lensflare lamps","position":[-859.494019,-606.973267,112.51281],"brightness":20,"color":[0.826189578,0.925667524,0.471540183,1],"radius":0.5,"rotationMatrix":[0.785744727,-0.618551016,-3.33786011e-06,-2.62260437e-06,1.78813934e-06,-1.00000036,0.618551016,0.785745025,-2.38418579e-07],"shadowDarkenColor":[0,0,0,0]}
{"name":"lampLight_317","class":"SpotLight","__parent":"lensflare lamps","position":[-859.886902,-607.115051,112.534416],"animationPeriod":2,"brightness":0.899999976,"color":[0.82745105,0.92549026,0.470588267,1],"fadeStartDistance":10,"innerAngle":10,"outerAngle":170,"rotationMatrix":[0.785744727,-0.618551016,-3.33786011e-06,-2.62260437e-06,1.78813934e-06,-1.00000036,0.618551016,0.785745025,-2.38418579e-07],"shadowDarkenColor":[0,0,0,0],"shadowDistance":20}
{"name":"lampLight_318","class":"SpotLight","__parent":"lensflare lamps","position":[-859.412659,-606.532288,112.535027],"animationPeriod":2,"brightness":0.899999976,"color":[0.82745105,0.92549026,0.470588267,1],"fadeStartDistance":10,"innerAngle":10,"outerAngle":170,"rotationMatrix":[0.785744727,-0.618551016,-3.33786011e-06,-2.62260437e-06,1.78813934e-06,-1.00000036,0.618551016,0.785745025,-2.38418579e-07],"shadowDarkenColor":[0,0,0,0],"shadowDistance":20}
{"name":"lampBulb_950","class":"PointLight","__parent":"lensflare lamps","position":[-859.889709,-606.651306,112.512978],"brightness":20,"color":[0.826189578,0.925667524,0.471540183,1],"radius":0.5,"rotationMatrix":[0.785744727,-0.618551016,-3.33786011e-06,-2.62260437e-06,1.78813934e-06,-1.00000036,0.618551016,0.785745025,-2.38418579e-07],"shadowDarkenColor":[0,0,0,0]}
{"name":"lampBulb_951","class":"PointLight","__parent":"lensflare lamps","position":[-860.334351,-607.197693,112.512398],"brightness":20,"color":[0.826189578,0.925667524,0.471540183,1],"radius":0.5,"rotationMatrix":[0.785744727,-0.618551016,-3.33786011e-06,-2.62260437e-06,1.78813934e-06,-1.00000036,0.618551016,0.785745025,-2.38418579e-07],"shadowDarkenColor":[0,0,0,0]}
{"name":"lampBulb_952","class":"PointLight","__parent":"lensflare lamps","position":[-859.93866,-607.519653,112.51223],"brightness":20,"color":[0.826189578,0.925667524,0.471540183,1],"radius":0.5,"rotationMatrix":[0.785744727,-0.618551016,-3.33786011e-06,-2.62260437e-06,1.78813934e-06,-1.00000036,0.618551016,0.785745025,-2.38418579e-07],"shadowDarkenColor":[0,0,0,0]}
{"name":"lampBulb_953","class":"PointLight","__parent":"lensflare lamps","position":[-859.414429,-606.067322,112.513618],"brightness":20,"color":[0.826189578,0.925667524,0.471540183,1],"radius":0.5,"rotationMatrix":[0.785744727,-0.618551016,-3.33786011e-06,-2.62260437e-06,1.78813934e-06,-1.00000036,0.618551016,0.785745025,-2.38418579e-07],"shadowDarkenColor":[0,0,0,0]}
{"name":"lampBulb_954","class":"PointLight","__parent":"lensflare lamps","position":[-859.01886,-606.389282,112.513451],"brightness":20,"color":[0.826189578,0.925667524,0.471540183,1],"radius":0.5,"rotationMatrix":[0.785744727,-0.618551016,-3.33786011e-06,-2.62260437e-06,1.78813934e-06,-1.00000036,0.618551016,0.785745025,-2.38418579e-07],"shadowDarkenColor":[0,0,0,0]}
