{"name":"dockBulb_25","class":"PointLight","__parent":"dockSpotLights_4","position":[649.045471,1720.27625,104.825081],"brightness":20,"hidden":true,"radius":0.5,"rotationMatrix":[0.999974072,-0.00718795089,-2.32830616e-10,-0.00696086278,-0.968382001,-0.249374017,0.00179248815,0.24936758,-0.968407035],"shadowDarkenColor":[0,0,0,0]}
{"name":"dockBulb_26","class":"PointLight","__parent":"dockSpotLights_4","position":[649.085632,1722.18262,104.825081],"brightness":20,"hidden":true,"radius":0.5,"rotationMatrix":[0.999974072,-0.00718795089,-2.32830616e-10,-0.00696086278,-0.968382001,-0.249374017,0.00179248815,0.24936758,-0.968407035],"shadowDarkenColor":[0,0,0,0]}
{"name":"dockBulb_27","class":"PointLight","__parent":"dockSpotLights_4","position":[649.425842,1721.18616,104.825081],"brightness":20,"hidden":true,"radius":0.5,"rotationMatrix":[0.999974072,-0.00718795089,-2.32830616e-10,-0.00696086278,-0.968382001,-0.249374017,0.00179248815,0.24936758,-0.968407035],"shadowDarkenColor":[0,0,0,0]}
{"name":"dockBulb_28","class":"PointLight","__parent":"dockSpotLights_4","position":[648.176758,1719.91211,104.825081],"brightness":20,"hidden":true,"radius":0.5,"rotationMatrix":[0.999974072,-0.00718795089,-2.32830616e-10,-0.00696086278,-0.968382001,-0.249374017,0.00179248815,0.24936758,-0.968407035],"shadowDarkenColor":[0,0,0,0]}
{"name":"dockBulb_29","class":"PointLight","__parent":"dockSpotLights_4","position":[647.334595,1720.34534,104.825081],"brightness":20,"hidden":true,"radius":0.5,"rotationMatrix":[0.999974072,-0.00718795089,-2.32830616e-10,-0.00696086278,-0.968382001,-0.249374017,0.00179248815,0.24936758,-0.968407035],"shadowDarkenColor":[0,0,0,0]}
{"name":"dockBulb_30","class":"PointLight","__parent":"dockSpotLights_4","position":[646.793457,1721.18066,104.825081],"brightness":20,"hidden":true,"radius":0.5,"rotationMatrix":[0.999974072,-0.00718795089,-2.32830616e-10,-0.00696086278,-0.968382001,-0.249374017,0.00179248815,0.24936758,-0.968407035],"shadowDarkenColor":[0,0,0,0]}
{"name":"dockBulb_31","class":"PointLight","__parent":"dockSpotLights_4","position":[647.205139,1722.11499,104.825081],"brightness":20,"hidden":true,"radius":0.5,"rotationMatrix":[0.999974072,-0.00718795089,-2.32830616e-10,-0.00696086278,-0.968382001,-0.249374017,0.00179248815,0.24936758,-0.968407035],"shadowDarkenColor":[0,0,0,0]}
{"name":"dockBulb_32","class":"PointLight","__parent":"dockSpotLights_4","position":[648.130432,1722.53894,104.825081],"brightness":20,"hidden":true,"radius":0.5,"rotationMatrix":[0.999974072,-0.00718795089,-2.32830616e-10,-0.00696086278,-0.968382001,-0.249374017,0.00179248815,0.24936758,-0.968407035],"shadowDarkenColor":[0,0,0,0]}
