//--- OBJECT WRITE BEGIN ---
$ThisPrefab = new SimGroup() {
   canSave = "1";
   canSaveDynamicFields = "1";
      groupPosition = "0 0 0";

   new TSStatic() {
      shapeName = "/levels/west_coast_usa/art/shapes/objects/constructionbarrier_arrows.dae";
      dynamic = "0";
      playAmbient = "1";
      meshCulling = "0";
      originSort = "0";
      useInstanceRenderData = "1";
      instanceColor = "White";
      instanceColor1 = "White";
      instanceColor2 = "White";
      collisionType = "Collision Mesh";
      decalType = "Collision Mesh";
      prebuildCollisionData = "0";
      renderNormals = "0";
      forceDetail = "-1";
      position = "-141.824661 -963.782043 132.805756";
      scale = "1 1 1";
      rotationMatrix = "0.434657454 0.90053165 0.0107535496 -0.900519252 0.434433758 0.0182335339 0.0117481686 -0.0176091194 0.999775946";
      isRenderEnabled = "false";
      canSave = "1";
      canSaveDynamicFields = "1";
      persistentId = "6dc26ca4-0564-4673-af0b-8666d8edf5cb";
         mode = "Ignore";
         order_simset = "513";
   };
   new TSStatic() {
      shapeName = "/levels/west_coast_usa/art/shapes/objects/constructionbarrier_arrows.dae";
      dynamic = "0";
      playAmbient = "1";
      meshCulling = "0";
      originSort = "0";
      useInstanceRenderData = "1";
      instanceColor = "White";
      instanceColor1 = "White";
      instanceColor2 = "White";
      collisionType = "Collision Mesh";
      decalType = "Collision Mesh";
      prebuildCollisionData = "0";
      renderNormals = "0";
      forceDetail = "-1";
      position = "-140.135513 -964.604309 132.771469";
      scale = "1 1 1";
      rotationMatrix = "0.435024381 0.900319159 0.0133864721 -0.900359809 0.434777856 0.0179006942 0.0102961948 -0.0198398791 0.999750137";
      isRenderEnabled = "false";
      canSave = "1";
      canSaveDynamicFields = "1";
      persistentId = "73dbb15e-bd22-49b8-a0d0-c6faf553543b";
         mode = "Ignore";
         order_simset = "513";
   };
   new TSStatic() {
      shapeName = "/levels/west_coast_usa/art/shapes/objects/constructionbarrier_arrows.dae";
      dynamic = "0";
      playAmbient = "1";
      meshCulling = "0";
      originSort = "0";
      useInstanceRenderData = "1";
      instanceColor = "White";
      instanceColor1 = "White";
      instanceColor2 = "White";
      collisionType = "Collision Mesh";
      decalType = "Collision Mesh";
      prebuildCollisionData = "0";
      renderNormals = "0";
      forceDetail = "-1";
      position = "-138.435654 -965.403809 132.731567";
      scale = "1 1 1";
      rotationMatrix = "0.417657733 0.908550858 0.00987075455 -0.908464313 0.417377889 0.0220973697 0.0159567483 -0.0181963649 0.999707103";
      isRenderEnabled = "false";
      canSave = "1";
      canSaveDynamicFields = "1";
      persistentId = "de6b7edf-eea2-4c88-b6b9-596bbe747918";
         mode = "Ignore";
         order_simset = "513";
   };
   new TSStatic() {
      shapeName = "/levels/west_coast_usa/art/shapes/objects/constructionbarrier_arrows.dae";
      dynamic = "0";
      playAmbient = "1";
      meshCulling = "0";
      originSort = "0";
      useInstanceRenderData = "1";
      instanceColor = "White";
      instanceColor1 = "White";
      instanceColor2 = "White";
      collisionType = "Collision Mesh";
      decalType = "Collision Mesh";
      prebuildCollisionData = "0";
      renderNormals = "0";
      forceDetail = "-1";
      position = "-136.70787 -966.140869 132.698303";
      scale = "1 1 1";
      rotationMatrix = "0.359263539 0.933156192 0.0122132711 -0.933162391 0.359039843 0.0172732566 0.0117335971 -0.0176026169 0.999776185";
      isRenderEnabled = "false";
      canSave = "1";
      canSaveDynamicFields = "1";
      persistentId = "182e1e5a-4a57-450e-bf65-a18af9543f8a";
         mode = "Ignore";
         order_simset = "513";
   };
   new TSStatic() {
      shapeName = "/levels/west_coast_usa/art/shapes/objects/constructionbarrier_arrows.dae";
      dynamic = "0";
      playAmbient = "1";
      meshCulling = "0";
      originSort = "0";
      useInstanceRenderData = "1";
      instanceColor = "White";
      instanceColor1 = "White";
      instanceColor2 = "White";
      collisionType = "Collision Mesh";
      decalType = "Collision Mesh";
      prebuildCollisionData = "0";
      renderNormals = "0";
      forceDetail = "-1";
      position = "-134.929779 -966.744446 132.666809";
      scale = "1 1 1";
      rotationMatrix = "0.282468557 0.959136665 0.0163824242 -0.959214151 0.282214224 0.016225677 0.0109392898 -0.0202974975 0.999734163";
      isRenderEnabled = "false";
      canSave = "1";
      canSaveDynamicFields = "1";
      persistentId = "2a5c248b-23fb-4644-8662-908af8d34658";
         mode = "Ignore";
         order_simset = "513";
   };
   new TSStatic() {
      shapeName = "/levels/west_coast_usa/art/shapes/objects/constructionbarrier_arrows.dae";
      dynamic = "0";
      playAmbient = "1";
      meshCulling = "0";
      originSort = "0";
      useInstanceRenderData = "1";
      instanceColor = "White";
      instanceColor1 = "White";
      instanceColor2 = "White";
      collisionType = "Collision Mesh";
      decalType = "Collision Mesh";
      prebuildCollisionData = "0";
      renderNormals = "0";
      forceDetail = "-1";
      position = "-133.096375 -967.151489 132.638107";
      scale = "1 1 1";
      rotationMatrix = "0.185092151 0.982556045 0.0180142727 -0.982657135 0.184839785 0.0148043903 0.0112163881 -0.0204420313 0.999728143";
      isRenderEnabled = "false";
      canSave = "1";
      canSaveDynamicFields = "1";
      persistentId = "139fd2e7-4223-4e29-a363-4c3a9987fbff";
         mode = "Ignore";
         order_simset = "513";
   };
   new TSStatic() {
      shapeName = "/levels/west_coast_usa/art/shapes/objects/constructionbarrier_arrows.dae";
      dynamic = "0";
      playAmbient = "1";
      meshCulling = "0";
      originSort = "0";
      useInstanceRenderData = "1";
      instanceColor = "White";
      instanceColor1 = "White";
      instanceColor2 = "White";
      collisionType = "Collision Mesh";
      decalType = "Collision Mesh";
      prebuildCollisionData = "0";
      renderNormals = "0";
      forceDetail = "-1";
      position = "-131.239761 -967.43811 132.605408";
      scale = "1 1 1";
      rotationMatrix = "0.14628166 0.989076138 0.0181678273 -0.989177585 0.146036208 0.0141784931 0.0113704493 -0.0200452618 0.999734402";
      isRenderEnabled = "false";
      canSave = "1";
      canSaveDynamicFields = "1";
      persistentId = "8dc0524e-c7a5-401c-bd0f-bfdba80f5f0d";
         mode = "Ignore";
         order_simset = "513";
   };
   new TSStatic() {
      shapeName = "/levels/west_coast_usa/art/shapes/objects/constructionbarrier_arrows.dae";
      dynamic = "0";
      playAmbient = "1";
      meshCulling = "0";
      originSort = "0";
      useInstanceRenderData = "1";
      instanceColor = "White";
      instanceColor1 = "White";
      instanceColor2 = "White";
      collisionType = "Collision Mesh";
      decalType = "Collision Mesh";
      prebuildCollisionData = "0";
      renderNormals = "0";
      forceDetail = "-1";
      position = "-129.383926 -967.730408 132.578476";
      scale = "1 1 1";
      rotationMatrix = "0.168037891 0.985660553 0.0153843844 -0.985710859 0.167819977 0.0145115443 0.0117216473 -0.0176030435 0.999776363";
      isRenderEnabled = "false";
      canSave = "1";
      canSaveDynamicFields = "1";
      persistentId = "caf3b2e7-f6be-477c-b601-23d6c1ba7a65";
         mode = "Ignore";
         order_simset = "513";
   };
   new TSStatic() {
      shapeName = "/levels/west_coast_usa/art/shapes/objects/constructionbarrier_arrows.dae";
      dynamic = "0";
      playAmbient = "1";
      meshCulling = "0";
      originSort = "0";
      useInstanceRenderData = "1";
      instanceColor = "White";
      instanceColor1 = "White";
      instanceColor2 = "White";
      collisionType = "Collision Mesh";
      decalType = "Collision Mesh";
      prebuildCollisionData = "0";
      renderNormals = "0";
      forceDetail = "-1";
      position = "-127.537018 -968.074768 132.550735";
      scale = "1 1 1";
      rotationMatrix = "0.171459019 0.985072017 0.0153325694 -0.98512125 0.171240509 0.0145895248 0.0117461728 -0.0176059455 0.999776006";
      isRenderEnabled = "false";
      canSave = "1";
      canSaveDynamicFields = "1";
      persistentId = "625e0acd-37db-4d4c-a143-eb0f514239bf";
         mode = "Ignore";
         order_simset = "513";
   };
   new TSStatic() {
      shapeName = "/levels/west_coast_usa/art/shapes/objects/constructionbarrier_arrows.dae";
      dynamic = "0";
      playAmbient = "1";
      meshCulling = "0";
      originSort = "0";
      useInstanceRenderData = "1";
      instanceColor = "White";
      instanceColor1 = "White";
      instanceColor2 = "White";
      collisionType = "Collision Mesh";
      decalType = "Collision Mesh";
      prebuildCollisionData = "0";
      renderNormals = "0";
      forceDetail = "-1";
      position = "-125.684479 -968.387512 132.523483";
      scale = "1 1 1";
      rotationMatrix = "0.162576556 0.986574709 0.0154645666 -0.986626089 0.162358701 0.014437384 0.0117327515 -0.0176049247 0.999776185";
      isRenderEnabled = "false";
      canSave = "1";
      canSaveDynamicFields = "1";
      persistentId = "48eed362-2ea9-4ff9-94c4-867555b932b9";
         mode = "Ignore";
         order_simset = "513";
   };
   new TSStatic() {
      shapeName = "/levels/west_coast_usa/art/shapes/objects/constructionbarrier_arrows.dae";
      dynamic = "0";
      playAmbient = "1";
      meshCulling = "0";
      originSort = "0";
      useInstanceRenderData = "1";
      instanceColor = "White";
      instanceColor1 = "White";
      instanceColor2 = "White";
      collisionType = "Collision Mesh";
      decalType = "Collision Mesh";
      prebuildCollisionData = "0";
      renderNormals = "0";
      forceDetail = "-1";
      position = "-123.831848 -968.699768 132.496231";
      scale = "1 1 1";
      rotationMatrix = "0.1757074 0.984315932 0.0157854799 -0.98439461 0.175518095 0.0126808537 0.00971132703 -0.0177672617 0.99979496";
      isRenderEnabled = "false";
      canSave = "1";
      canSaveDynamicFields = "1";
      persistentId = "d00df023-2c7c-4b57-b532-5f41d220bdd5";
         mode = "Ignore";
         order_simset = "513";
   };
   new TSStatic() {
      shapeName = "/levels/west_coast_usa/art/shapes/objects/constructionbarrier_arrows.dae";
      dynamic = "0";
      playAmbient = "1";
      meshCulling = "0";
      originSort = "0";
      useInstanceRenderData = "1";
      instanceColor = "White";
      instanceColor1 = "White";
      instanceColor2 = "White";
      collisionType = "Collision Mesh";
      decalType = "Collision Mesh";
      prebuildCollisionData = "0";
      renderNormals = "0";
      forceDetail = "-1";
      position = "-121.985954 -969.0495 132.474274";
      scale = "1 1 1";
      rotationMatrix = "0.208752811 0.977896094 0.0118959313 -0.97788322 0.208558679 0.0157353655 0.0129065523 -0.0149176344 0.99980545";
      isRenderEnabled = "false";
      canSave = "1";
      canSaveDynamicFields = "1";
      persistentId = "3a58cca7-66ae-463b-9b8a-55bd18828209";
         mode = "Ignore";
         order_simset = "513";
   };
   new TSStatic() {
      shapeName = "/levels/west_coast_usa/art/shapes/objects/constructionbarrier_arrows.dae";
      dynamic = "0";
      playAmbient = "1";
      meshCulling = "0";
      originSort = "0";
      useInstanceRenderData = "1";
      instanceColor = "White";
      instanceColor1 = "White";
      instanceColor2 = "White";
      collisionType = "Collision Mesh";
      decalType = "Collision Mesh";
      prebuildCollisionData = "0";
      renderNormals = "0";
      forceDetail = "-1";
      position = "-120.154617 -969.468445 132.45108";
      scale = "1 1 1";
      rotationMatrix = "0.261209369 0.965239942 0.00902835559 -0.965229332 0.261085749 0.0129085006 0.010102625 -0.0120862545 0.999875903";
      isRenderEnabled = "false";
      canSave = "1";
      canSaveDynamicFields = "1";
      persistentId = "2266cea6-e780-4863-934b-041cc8c6bbfe";
         mode = "Ignore";
         order_simset = "513";
   };
   new TSStatic() {
      shapeName = "/levels/west_coast_usa/art/shapes/objects/constructionbarrier_arrows.dae";
      dynamic = "0";
      playAmbient = "1";
      meshCulling = "0";
      originSort = "0";
      useInstanceRenderData = "1";
      instanceColor = "White";
      instanceColor1 = "White";
      instanceColor2 = "White";
      collisionType = "Collision Mesh";
      decalType = "Collision Mesh";
      prebuildCollisionData = "0";
      renderNormals = "0";
      forceDetail = "-1";
      position = "-118.350151 -969.990784 132.429642";
      scale = "1 1 1";
      rotationMatrix = "0.295114636 0.955393612 0.0114186071 -0.955439866 0.295005739 0.0103057446 0.00647748867 -0.0139511684 0.999881685";
      isRenderEnabled = "false";
      canSave = "1";
      canSaveDynamicFields = "1";
      persistentId = "612e25af-f7c1-4e1b-af98-cf26e753ded5";
         mode = "Ignore";
         order_simset = "513";
   };
   new TSStatic() {
      shapeName = "/levels/west_coast_usa/art/shapes/objects/constructionbarrier_arrows.dae";
      dynamic = "0";
      playAmbient = "1";
      meshCulling = "0";
      originSort = "0";
      useInstanceRenderData = "1";
      instanceColor = "White";
      instanceColor1 = "White";
      instanceColor2 = "White";
      collisionType = "Collision Mesh";
      decalType = "Collision Mesh";
      prebuildCollisionData = "0";
      renderNormals = "0";
      forceDetail = "-1";
      position = "-116.585854 -970.635803 132.406723";
      scale = "1 1 1";
      rotationMatrix = "0.362412632 0.93197614 0.00880677532 -0.932004035 0.362339914 0.00884444639 0.00505176745 -0.0114132892 0.999922097";
      isRenderEnabled = "false";
      canSave = "1";
      canSaveDynamicFields = "1";
      persistentId = "5aab12cf-f59f-4d17-ab7e-97c54b5ebc43";
         mode = "Ignore";
         order_simset = "513";
   };
   new TSStatic() {
      shapeName = "/levels/west_coast_usa/art/shapes/objects/constructionbarrier_arrows.dae";
      dynamic = "0";
      playAmbient = "1";
      meshCulling = "0";
      originSort = "0";
      useInstanceRenderData = "1";
      instanceColor = "White";
      instanceColor1 = "White";
      instanceColor2 = "White";
      collisionType = "Collision Mesh";
      decalType = "Collision Mesh";
      prebuildCollisionData = "0";
      renderNormals = "0";
      forceDetail = "-1";
      position = "-114.856323 -971.369385 132.387192";
      scale = "1 1 1";
      rotationMatrix = "0.406569183 0.913602531 0.00565830572 -0.913598478 0.406509221 0.00938987173 0.00627845665 -0.00898705237 0.999939919";
      isRenderEnabled = "false";
      canSave = "1";
      canSaveDynamicFields = "1";
      persistentId = "97c82620-83ad-40eb-a32d-95dc15a9032a";
         mode = "Ignore";
         order_simset = "513";
   };
   new TSStatic() {
      shapeName = "/levels/west_coast_usa/art/shapes/objects/constructionbarrier_arrows.dae";
      dynamic = "0";
      playAmbient = "1";
      meshCulling = "0";
      originSort = "0";
      useInstanceRenderData = "1";
      instanceColor = "White";
      instanceColor1 = "White";
      instanceColor2 = "White";
      collisionType = "Collision Mesh";
      decalType = "Collision Mesh";
      prebuildCollisionData = "0";
      renderNormals = "0";
      forceDetail = "-1";
      position = "-113.15052 -972.156921 132.372574";
      scale = "1 1 1";
      rotationMatrix = "0.430203795 0.902727544 0.00277590402 -0.902712643 0.430172563 0.00783800893 0.00588146877 -0.00587778445 0.999965429";
      isRenderEnabled = "false";
      canSave = "1";
      canSaveDynamicFields = "1";
      persistentId = "bd6cca99-f9b5-437a-a411-a3aed8781e1d";
         mode = "Ignore";
         order_simset = "513";
   };
   new TSStatic() {
      shapeName = "/levels/west_coast_usa/art/shapes/objects/constructionbarrier_arrows.dae";
      dynamic = "0";
      playAmbient = "1";
      meshCulling = "0";
      originSort = "0";
      useInstanceRenderData = "1";
      instanceColor = "White";
      instanceColor1 = "White";
      instanceColor2 = "White";
      collisionType = "Collision Mesh";
      decalType = "Collision Mesh";
      prebuildCollisionData = "0";
      renderNormals = "0";
      forceDetail = "-1";
      position = "-111.457077 -972.970886 132.357849";
      scale = "1 1 1";
      rotationMatrix = "0.435644209 0.900114775 0.00272859447 -0.900099754 0.435613155 0.00784237031 0.00587042235 -0.00587249082 0.999965549";
      isRenderEnabled = "false";
      canSave = "1";
      canSaveDynamicFields = "1";
      persistentId = "6a005f70-833c-401d-b929-461988b1f6a4";
         mode = "Ignore";
         order_simset = "513";
   };
   new TSStatic() {
      shapeName = "/levels/west_coast_usa/art/shapes/objects/constructionbarrier_arrows.dae";
      dynamic = "0";
      playAmbient = "1";
      meshCulling = "0";
      originSort = "0";
      useInstanceRenderData = "1";
      instanceColor = "White";
      instanceColor1 = "White";
      instanceColor2 = "White";
      collisionType = "Collision Mesh";
      decalType = "Collision Mesh";
      prebuildCollisionData = "0";
      renderNormals = "0";
      forceDetail = "-1";
      position = "-109.764305 -973.786316 132.344803";
      scale = "1 1 1";
      rotationMatrix = "0.431981981 0.901881218 0.00137665786 -0.901870608 0.431968153 0.0057413145 0.00458331127 -0.00372171169 0.999982595";
      isRenderEnabled = "false";
      canSave = "1";
      canSaveDynamicFields = "1";
      persistentId = "ba23f3a4-942e-4db3-8882-f7fafb943c10";
         mode = "Ignore";
         order_simset = "513";
   };
   new TSStatic() {
      shapeName = "/levels/west_coast_usa/art/shapes/objects/constructionbarrier_arrows.dae";
      dynamic = "0";
      playAmbient = "1";
      meshCulling = "0";
      originSort = "0";
      useInstanceRenderData = "1";
      instanceColor = "White";
      instanceColor1 = "White";
      instanceColor2 = "White";
      collisionType = "Collision Mesh";
      decalType = "Collision Mesh";
      prebuildCollisionData = "0";
      renderNormals = "0";
      forceDetail = "-1";
      position = "-108.060623 -974.578613 132.334808";
      scale = "1 1 1";
      rotationMatrix = "0.411813438 0.911264956 -0.00241925358 -0.91124934 0.411820531 0.0053404537 0.00586286653 5.27221709e-06 0.999982834";
      isRenderEnabled = "false";
      canSave = "1";
      canSaveDynamicFields = "1";
      persistentId = "b03d9f7c-60ac-4a4c-a8f0-760d5f9ac4f8";
         mode = "Ignore";
         order_simset = "513";
   };
   new TSStatic() {
      shapeName = "/levels/west_coast_usa/art/shapes/objects/constructionbarrier_arrows.dae";
      dynamic = "0";
      playAmbient = "1";
      meshCulling = "0";
      originSort = "0";
      useInstanceRenderData = "1";
      instanceColor = "White";
      instanceColor1 = "White";
      instanceColor2 = "White";
      collisionType = "Collision Mesh";
      decalType = "Collision Mesh";
      prebuildCollisionData = "0";
      renderNormals = "0";
      forceDetail = "-1";
      position = "-106.347412 -975.350159 132.324753";
      scale = "1 1 1";
      rotationMatrix = "0.416451693 0.909154594 -0.00244332454 -0.909138978 0.416458845 0.00532252109 0.00585653819 4.74834815e-06 0.999982834";
      isRenderEnabled = "false";
      canSave = "1";
      canSaveDynamicFields = "1";
      persistentId = "29e9c440-a518-490c-b61b-d74a32d0286e";
         mode = "Ignore";
         order_simset = "513";
   };
   new TSStatic() {
      shapeName = "/levels/west_coast_usa/art/shapes/objects/constructionbarrier_arrows.dae";
      dynamic = "0";
      playAmbient = "1";
      meshCulling = "0";
      originSort = "0";
      useInstanceRenderData = "1";
      instanceColor = "White";
      instanceColor1 = "White";
      instanceColor2 = "White";
      collisionType = "Collision Mesh";
      decalType = "Collision Mesh";
      prebuildCollisionData = "0";
      renderNormals = "0";
      forceDetail = "-1";
      position = "-104.641212 -976.137085 132.314743";
      scale = "1 1 1";
      rotationMatrix = "0.420879245 0.907102168 -0.00513695786 -0.90708977 0.420903623 0.00532482145 0.006992321 0.00241857488 0.999972641";
      isRenderEnabled = "false";
      canSave = "1";
      canSaveDynamicFields = "1";
      persistentId = "23b13ceb-3849-4eba-ab4a-8068052e513a";
         mode = "Ignore";
         order_simset = "513";
   };
   new TSStatic() {
      shapeName = "/levels/west_coast_usa/art/shapes/objects/constructionbarrier_arrows.dae";
      dynamic = "0";
      playAmbient = "1";
      meshCulling = "0";
      originSort = "0";
      useInstanceRenderData = "1";
      instanceColor = "White";
      instanceColor1 = "White";
      instanceColor2 = "White";
      collisionType = "Collision Mesh";
      decalType = "Collision Mesh";
      prebuildCollisionData = "0";
      renderNormals = "0";
      forceDetail = "-1";
      position = "-102.937347 -976.929138 132.304733";
      scale = "1 1 1";
      rotationMatrix = "0.420401752 0.907315731 -0.0063595036 -0.90730238 0.420437038 0.00592264393 0.0080474792 0.00328010274 0.999962211";
      isRenderEnabled = "false";
      canSave = "1";
      canSaveDynamicFields = "1";
      persistentId = "6161d2d9-2063-48a1-9b0f-9acedbcd49aa";
         mode = "Ignore";
         order_simset = "513";
   };
   new TSStatic() {
      shapeName = "/levels/west_coast_usa/art/shapes/objects/constructionbarrier_arrows.dae";
      dynamic = "0";
      playAmbient = "1";
      meshCulling = "0";
      originSort = "0";
      useInstanceRenderData = "1";
      instanceColor = "White";
      instanceColor1 = "White";
      instanceColor2 = "White";
      collisionType = "Collision Mesh";
      decalType = "Collision Mesh";
      prebuildCollisionData = "0";
      renderNormals = "0";
      forceDetail = "-1";
      position = "-101.227539 -977.708191 132.295929";
      scale = "1 1 1";
      rotationMatrix = "0.407790184 0.913054228 -0.00626527891 -0.913048029 0.407821655 0.00499025686 0.00711149164 0.00368552236 0.999967933";
      isRenderEnabled = "false";
      canSave = "1";
      canSaveDynamicFields = "1";
      persistentId = "d0ebe721-b301-41af-8617-730afe8b4544";
         mode = "Ignore";
         order_simset = "513";
   };
   new TSStatic() {
      shapeName = "/levels/west_coast_usa/art/shapes/objects/constructionbarrier_arrows.dae";
      dynamic = "0";
      playAmbient = "1";
      meshCulling = "0";
      originSort = "0";
      useInstanceRenderData = "1";
      instanceColor = "White";
      instanceColor1 = "White";
      instanceColor2 = "White";
      collisionType = "Collision Mesh";
      decalType = "Collision Mesh";
      prebuildCollisionData = "0";
      renderNormals = "0";
      forceDetail = "-1";
      position = "-99.506485 -978.462036 132.284607";
      scale = "1 1 1";
      rotationMatrix = "0.385485291 0.922707796 -0.00339393667 -0.922651172 0.385499358 0.010252377 0.0107683074 -0.0008207215 0.999941707";
      isRenderEnabled = "false";
      canSave = "1";
      canSaveDynamicFields = "1";
      persistentId = "457f4dfd-55cf-4400-b7fc-1707466b81af";
         mode = "Ignore";
         order_simset = "513";
   };
   new TSStatic() {
      shapeName = "/levels/west_coast_usa/art/shapes/objects/constructionbarrier_arrows.dae";
      dynamic = "0";
      playAmbient = "1";
      meshCulling = "0";
      originSort = "0";
      useInstanceRenderData = "1";
      instanceColor = "White";
      instanceColor1 = "White";
      instanceColor2 = "White";
      collisionType = "Collision Mesh";
      decalType = "Collision Mesh";
      prebuildCollisionData = "0";
      renderNormals = "0";
      forceDetail = "-1";
      position = "-97.7690353 -979.177002 132.266144";
      scale = "1 1 1";
      rotationMatrix = "0.371901691 0.928261817 -0.00436389679 -0.928207576 0.371927202 0.0100439955 0.0109465085 0.000315224286 0.999940038";
      isRenderEnabled = "false";
      canSave = "1";
      canSaveDynamicFields = "1";
      persistentId = "801842ee-191d-42f7-95d3-3da839e7d7f0";
         mode = "Ignore";
         order_simset = "513";
   };
   new TSStatic() {
      shapeName = "/levels/west_coast_usa/art/shapes/objects/constructionbarrier_arrows.dae";
      dynamic = "0";
      playAmbient = "1";
      meshCulling = "0";
      originSort = "0";
      useInstanceRenderData = "1";
      instanceColor = "White";
      instanceColor1 = "White";
      instanceColor2 = "White";
      collisionType = "Collision Mesh";
      decalType = "Collision Mesh";
      prebuildCollisionData = "0";
      renderNormals = "0";
      forceDetail = "-1";
      position = "-96.01754 -979.856873 132.245377";
      scale = "1 1 1";
      rotationMatrix = "0.357251287 0.934008241 -0.000401875935 -0.933949471 0.357233524 0.0110755097 0.0104881814 -0.00358140748 0.999938607";
      isRenderEnabled = "false";
      canSave = "1";
      canSaveDynamicFields = "1";
      persistentId = "8304e9d1-17ba-41c3-bc76-6b4e09628370";
         mode = "Ignore";
         order_simset = "513";
   };
   new TSStatic() {
      shapeName = "/levels/west_coast_usa/art/shapes/objects/constructionbarrier_arrows.dae";
      dynamic = "0";
      playAmbient = "1";
      meshCulling = "0";
      originSort = "0";
      useInstanceRenderData = "1";
      instanceColor = "White";
      instanceColor1 = "White";
      instanceColor2 = "White";
      collisionType = "Collision Mesh";
      decalType = "Collision Mesh";
      prebuildCollisionData = "0";
      renderNormals = "0";
      forceDetail = "-1";
      position = "-94.2501602 -980.494446 132.228836";
      scale = "1 1 1";
      rotationMatrix = "0.328581095 0.944475174 -0.00108385738 -0.944376469 0.328562975 0.0141256498 0.0136974407 -0.00361785199 0.999899626";
      isRenderEnabled = "false";
      canSave = "1";
      canSaveDynamicFields = "1";
      persistentId = "23780322-4aa6-4742-8640-f6f698adf163";
         mode = "Ignore";
         order_simset = "513";
   };
   new TSStatic() {
      shapeName = "/levels/west_coast_usa/art/shapes/objects/constructionbarrier_arrows.dae";
      dynamic = "0";
      playAmbient = "1";
      meshCulling = "0";
      originSort = "0";
      useInstanceRenderData = "1";
      instanceColor = "White";
      instanceColor1 = "White";
      instanceColor2 = "White";
      collisionType = "Collision Mesh";
      decalType = "Collision Mesh";
      prebuildCollisionData = "0";
      renderNormals = "0";
      forceDetail = "-1";
      position = "-92.4740677 -981.107056 132.200821";
      scale = "1 1 1";
      rotationMatrix = "0.320043683 0.947386682 0.0055233296 -0.947357714 0.319966197 0.0116163222 0.00923787057 -0.00895029958 0.999917269";
      isRenderEnabled = "false";
      canSave = "1";
      canSaveDynamicFields = "1";
      persistentId = "2451c9a1-4573-40c1-9ddb-4b4174319c56";
         mode = "Ignore";
         order_simset = "513";
   };
   new TSStatic() {
      shapeName = "/levels/west_coast_usa/art/shapes/objects/constructionbarrier_arrows.dae";
      dynamic = "0";
      playAmbient = "1";
      meshCulling = "0";
      originSort = "0";
      useInstanceRenderData = "1";
      instanceColor = "White";
      instanceColor1 = "White";
      instanceColor2 = "White";
      collisionType = "Collision Mesh";
      decalType = "Collision Mesh";
      prebuildCollisionData = "0";
      renderNormals = "0";
      forceDetail = "-1";
      position = "-90.6927795 -981.704407 132.178711";
      scale = "1 1 1";
      rotationMatrix = "0.313273907 0.949282289 -0.0268811602 -0.949321032 0.31379503 0.0179522764 0.025476953 0.0198948737 0.999477446";
      isRenderEnabled = "false";
      canSave = "1";
      canSaveDynamicFields = "1";
      persistentId = "20d884a8-4fe3-42c0-b3d3-f3d53cf7ea98";
         mode = "Ignore";
         order_simset = "513";
   };
   new TSStatic() {
      shapeName = "/levels/west_coast_usa/art/shapes/objects/constructionbarrier_arrows.dae";
      dynamic = "0";
      playAmbient = "1";
      meshCulling = "0";
      originSort = "0";
      useInstanceRenderData = "1";
      instanceColor = "White";
      instanceColor1 = "White";
      instanceColor2 = "White";
      collisionType = "Collision Mesh";
      decalType = "Collision Mesh";
      prebuildCollisionData = "0";
      renderNormals = "0";
      forceDetail = "-1";
      position = "-88.9080963 -982.29126 132.145081";
      scale = "1 1 1";
      rotationMatrix = "0.309529364 0.950860083 0.00753027294 -0.950817525 0.309398413 0.0147901382 0.0117334975 -0.011737898 0.999862254";
      isRenderEnabled = "false";
      canSave = "1";
      canSaveDynamicFields = "1";
      persistentId = "de8e6407-3dfd-4937-be4f-c37ab9879f96";
         mode = "Ignore";
         order_simset = "513";
   };
   new TSStatic() {
      shapeName = "/levels/west_coast_usa/art/shapes/objects/constructionbarrier_arrows.dae";
      dynamic = "0";
      playAmbient = "1";
      meshCulling = "0";
      originSort = "0";
      useInstanceRenderData = "1";
      instanceColor = "White";
      instanceColor1 = "White";
      instanceColor2 = "White";
      collisionType = "Collision Mesh";
      decalType = "Collision Mesh";
      prebuildCollisionData = "0";
      renderNormals = "0";
      forceDetail = "-1";
      position = "-87.1209183 -982.870667 132.117294";
      scale = "1 1 1";
      rotationMatrix = "0.306309521 0.951884866 0.00947144628 -0.951837301 0.306123614 0.0171477329 0.0134232342 -0.0142677892 0.999808133";
      isRenderEnabled = "false";
      canSave = "1";
      canSaveDynamicFields = "1";
      persistentId = "12a66e74-b448-43a5-90ae-b92af363a3e7";
         mode = "Ignore";
         order_simset = "513";
   };
   new TSStatic() {
      shapeName = "/levels/west_coast_usa/art/shapes/objects/constructionbarrier_arrows.dae";
      dynamic = "0";
      playAmbient = "1";
      meshCulling = "0";
      originSort = "0";
      useInstanceRenderData = "1";
      instanceColor = "White";
      instanceColor1 = "White";
      instanceColor2 = "White";
      collisionType = "Collision Mesh";
      decalType = "Collision Mesh";
      prebuildCollisionData = "0";
      renderNormals = "0";
      forceDetail = "-1";
      position = "-85.3320084 -983.444519 132.084015";
      scale = "1 1 1";
      rotationMatrix = "0.304155648 0.95253098 0.0131942239 -0.952550173 0.303932905 0.0165243596 0.0117298067 -0.0175941363 0.999776423";
      isRenderEnabled = "false";
      canSave = "1";
      canSaveDynamicFields = "1";
      persistentId = "2f21fe9b-8be0-4b8a-b052-368ac318302f";
         mode = "Ignore";
         order_simset = "513";
   };
   new TSStatic() {
      shapeName = "/levels/west_coast_usa/art/shapes/objects/constructionbarrier_arrows.dae";
      dynamic = "0";
      playAmbient = "1";
      meshCulling = "0";
      originSort = "0";
      useInstanceRenderData = "1";
      instanceColor = "White";
      instanceColor1 = "White";
      instanceColor2 = "White";
      collisionType = "Collision Mesh";
      decalType = "Collision Mesh";
      prebuildCollisionData = "0";
      renderNormals = "0";
      forceDetail = "-1";
      position = "-83.6860199 -984.241211 132.053741";
      scale = "1 1 1";
      rotationMatrix = "0.536684573 0.843777835 -0.0028995825 -0.843601286 0.536637187 0.0189010687 0.0175043307 -0.0076978188 0.999817133";
      isRenderEnabled = "false";
      canSave = "1";
      canSaveDynamicFields = "1";
      persistentId = "4cb3b76f-8e97-46b9-9650-3535f203bbc1";
         mode = "Ignore";
         order_simset = "513";
   };
   new TSStatic() {
      shapeName = "/levels/west_coast_usa/art/shapes/objects/constructionbarrier_arrows.dae";
      dynamic = "0";
      playAmbient = "1";
      meshCulling = "0";
      originSort = "0";
      useInstanceRenderData = "1";
      instanceColor = "White";
      instanceColor1 = "White";
      instanceColor2 = "White";
      collisionType = "Collision Mesh";
      decalType = "Collision Mesh";
      prebuildCollisionData = "0";
      renderNormals = "0";
      forceDetail = "-1";
      position = "-142.263962 -938.702515 132.653015";
      scale = "1 1 1";
      rotationMatrix = "0.374529302 0.926426113 -0.0382452607 -0.927113354 0.374780953 -0.000634141266 0.0137461163 0.0356951877 0.999268174";
      isRenderEnabled = "false";
      canSave = "1";
      canSaveDynamicFields = "1";
      persistentId = "ed1657ee-7ffd-40c7-9973-7f80121b6f98";
         mode = "Ignore";
         order_simset = "513";
   };
   new TSStatic() {
      shapeName = "/levels/west_coast_usa/art/shapes/objects/constructionbarrier_arrows.dae";
      dynamic = "0";
      playAmbient = "1";
      meshCulling = "0";
      originSort = "0";
      useInstanceRenderData = "1";
      instanceColor = "White";
      instanceColor1 = "White";
      instanceColor2 = "White";
      collisionType = "Collision Mesh";
      decalType = "Collision Mesh";
      prebuildCollisionData = "0";
      renderNormals = "0";
      forceDetail = "-1";
      position = "-140.543961 -939.495789 132.660324";
      scale = "1 1 1";
      rotationMatrix = "0.476826012 0.878341794 -0.0339515619 -0.878933191 0.47690326 -0.00630607828 0.01065272 0.0328480564 0.999403596";
      isRenderEnabled = "false";
      canSave = "1";
      canSaveDynamicFields = "1";
      persistentId = "982054aa-4efb-4cc1-a8e5-96550f01434a";
         mode = "Ignore";
         order_simset = "513";
   };
   new TSStatic() {
      shapeName = "/levels/west_coast_usa/art/shapes/objects/constructionbarrier_arrows.dae";
      dynamic = "0";
      playAmbient = "1";
      meshCulling = "0";
      originSort = "0";
      useInstanceRenderData = "1";
      instanceColor = "White";
      instanceColor1 = "White";
      instanceColor2 = "White";
      collisionType = "Collision Mesh";
      decalType = "Collision Mesh";
      prebuildCollisionData = "0";
      renderNormals = "0";
      forceDetail = "-1";
      position = "-138.89267 -940.392334 132.667511";
      scale = "1 1 1";
      rotationMatrix = "0.477165639 0.878341317 -0.028798664 -0.878743172 0.477285266 -0.00301064458 0.0111008044 0.0267432071 0.999580681";
      isRenderEnabled = "false";
      canSave = "1";
      canSaveDynamicFields = "1";
      persistentId = "2ec49ad2-874b-4934-b2b2-dfcebdbd485c";
         mode = "Ignore";
         order_simset = "513";
   };
   new TSStatic() {
      shapeName = "/levels/west_coast_usa/art/shapes/objects/constructionbarrier_arrows.dae";
      dynamic = "0";
      playAmbient = "1";
      meshCulling = "0";
      originSort = "0";
      useInstanceRenderData = "1";
      instanceColor = "White";
      instanceColor1 = "White";
      instanceColor2 = "White";
      collisionType = "Collision Mesh";
      decalType = "Collision Mesh";
      prebuildCollisionData = "0";
      renderNormals = "0";
      forceDetail = "-1";
      position = "-137.244492 -941.294556 132.668472";
      scale = "1 1 1";
      rotationMatrix = "0.481431723 0.876048028 -0.0276290346 -0.876362026 0.48165077 0.0014729891 0.0145979542 0.023503894 0.999617159";
      isRenderEnabled = "false";
      canSave = "1";
      canSaveDynamicFields = "1";
      persistentId = "c2f2483c-ad0f-4657-bd60-3dd36be5c277";
         mode = "Ignore";
         order_simset = "513";
   };
   new TSStatic() {
      shapeName = "/levels/west_coast_usa/art/shapes/objects/constructionbarrier_arrows.dae";
      dynamic = "0";
      playAmbient = "1";
      meshCulling = "0";
      originSort = "0";
      useInstanceRenderData = "1";
      instanceColor = "White";
      instanceColor1 = "White";
      instanceColor2 = "White";
      collisionType = "Collision Mesh";
      decalType = "Collision Mesh";
      prebuildCollisionData = "0";
      renderNormals = "0";
      forceDetail = "-1";
      position = "-135.603455 -942.209656 132.661057";
      scale = "1 1 1";
      rotationMatrix = "0.489255428 0.871655703 -0.0290778037 -0.871963024 0.489556611 0.00385546498 0.0175958667 0.0234684628 0.999569714";
      isRenderEnabled = "false";
      canSave = "1";
      canSaveDynamicFields = "1";
      persistentId = "012dba35-20dc-49f5-8ae4-a88b6f493805";
         mode = "Ignore";
         order_simset = "513";
   };
   new TSStatic() {
      shapeName = "/levels/west_coast_usa/art/shapes/objects/constructionbarrier_arrows.dae";
      dynamic = "0";
      playAmbient = "1";
      meshCulling = "0";
      originSort = "0";
      useInstanceRenderData = "1";
      instanceColor = "White";
      instanceColor1 = "White";
      instanceColor2 = "White";
      collisionType = "Collision Mesh";
      decalType = "Collision Mesh";
      prebuildCollisionData = "0";
      renderNormals = "0";
      forceDetail = "-1";
      position = "-133.973251 -943.14386 132.654297";
      scale = "1 1 1";
      rotationMatrix = "0.50085187 0.865042865 -0.0291229412 -0.865346849 0.501158357 0.00387769286 0.0179495774 0.023259297 0.999568343";
      isRenderEnabled = "false";
      canSave = "1";
      canSaveDynamicFields = "1";
      persistentId = "9104710b-7e3e-404c-8494-821c769bb4b0";
         mode = "Ignore";
         order_simset = "513";
   };
   new TSStatic() {
      shapeName = "/levels/west_coast_usa/art/shapes/objects/constructionbarrier_arrows.dae";
      dynamic = "0";
      playAmbient = "1";
      meshCulling = "0";
      originSort = "0";
      useInstanceRenderData = "1";
      instanceColor = "White";
      instanceColor1 = "White";
      instanceColor2 = "White";
      collisionType = "Collision Mesh";
      decalType = "Collision Mesh";
      prebuildCollisionData = "0";
      renderNormals = "0";
      forceDetail = "-1";
      position = "-132.358582 -944.104553 132.641708";
      scale = "1 1 1";
      rotationMatrix = "0.516959846 0.855545044 -0.0281994306 -0.855742335 0.517341137 0.00794985704 0.0213901848 0.0200216901 0.999570727";
      isRenderEnabled = "false";
      canSave = "1";
      canSaveDynamicFields = "1";
      persistentId = "a7d33e01-d2e3-4788-9fd1-254fb4a1f55f";
         mode = "Ignore";
         order_simset = "513";
   };
   new TSStatic() {
      shapeName = "/levels/west_coast_usa/art/shapes/objects/constructionbarrier_arrows.dae";
      dynamic = "0";
      playAmbient = "1";
      meshCulling = "0";
      originSort = "0";
      useInstanceRenderData = "1";
      instanceColor = "White";
      instanceColor1 = "White";
      instanceColor2 = "White";
      collisionType = "Collision Mesh";
      decalType = "Collision Mesh";
      prebuildCollisionData = "0";
      renderNormals = "0";
      forceDetail = "-1";
      position = "-130.766541 -945.102112 132.62619";
      scale = "1 1 1";
      rotationMatrix = "0.539167166 0.8417207 -0.0283716656 -0.841929913 0.539540291 0.00709302817 0.0212780051 0.0200626254 0.999572277";
      isRenderEnabled = "false";
      canSave = "1";
      canSaveDynamicFields = "1";
      persistentId = "f6bafc12-7a0d-4f12-a59a-5c47c596a0b2";
         mode = "Ignore";
         order_simset = "513";
   };
   new TSStatic() {
      shapeName = "/levels/west_coast_usa/art/shapes/objects/constructionbarrier_arrows.dae";
      dynamic = "0";
      playAmbient = "1";
      meshCulling = "0";
      originSort = "0";
      useInstanceRenderData = "1";
      instanceColor = "White";
      instanceColor1 = "White";
      instanceColor2 = "White";
      collisionType = "Collision Mesh";
      decalType = "Collision Mesh";
      prebuildCollisionData = "0";
      renderNormals = "0";
      forceDetail = "-1";
      position = "-129.209549 -946.15332 132.612045";
      scale = "1 1 1";
