{"class":"DecalRoad","persistentId":"7aa8dd8d-c732-4c42-bbf7-245c7a444e64","__parent":"SimGroup_","position":[36.7194099,538.679504,74.5791702],"improvedSpline":true,"material":"track_rubber","nodes":[[36.7194099,538.679504,74.5791702,4.5],[40.6913109,541.859863,74.5941467,4.5],[43.1011467,545.97821,74.6301193,4.5],[45.7459221,552.35321,74.7058945,4.5],[52.834446,558.559204,74.9317093,4.5],[62.5666237,565.299072,75.4184418,4.5],[76.6851349,572.843506,76.4668274,4.5],[104.978409,582.65741,79.790657,4.5],[120.155014,589.977783,82.3176804,4.5],[134.582153,602.380554,85.3876877,4.5],[143.382599,612.430603,87.5442505,4.5],[150.119797,624.043701,89.5090332,4.5],[158.308609,648.939697,92.5531921,4.5],[162.756897,677.761963,95.1503296,4.5],[160.515503,703.189941,96.6390915,4.5],[149.797104,719.622131,97.093132,4.5],[136.462448,734.287781,97.5708084,4.5],[124.60704,748.567749,98.7635956,4.5],[116.959808,764.415405,100.137169,4.5],[117.70388,781.253601,101.141479,4.5],[124.031334,793.138062,101.848831,4.5],[137.351654,803.236694,102.336014,4.5],[148.899246,808.159546,102.421555,4.5],[171.890152,816.22168,102.028481,4.5]],"renderPriority":2,"startEndFade":[10,10],"textureLength":50}
{"class":"DecalRoad","persistentId":"1c3d218a-a413-4b02-a2cd-ba15e2557a1b","__parent":"SimGroup_","position":[36.7194099,538.679504,74.5791702],"improvedSpline":true,"material":"track_rubber","nodes":[[36.7194099,538.679504,74.5791702,4.5],[41.2881165,542.461182,74.6011734,4.5],[43.7105446,546.401062,74.6409912,4.5],[46.1873016,553.3703,74.7236633,4.5],[53.2603149,559.349182,74.9518585,4.5],[62.7684975,564.976685,75.4234314,4.5],[77.1560822,571.918884,76.4878464,4.5],[105.335365,582.420105,79.8309555,4.5],[121.166786,591.467041,82.5496979,4.5],[133.685364,602.872986,85.2740707,4.5],[142.615768,613.345459,87.5115814,4.5],[149.131622,625.286621,89.4945755,4.5],[157.539001,649.390869,92.5108337,4.5],[162.645172,677.783875,95.1446686,4.5],[160.791779,703.431641,96.6617889,4.5],[150.290833,720.120911,97.1281815,4.5],[136.555298,734.579041,97.5828018,4.5],[123.426872,749.286011,98.879631,4.5],[117.239998,764.445374,100.122307,4.5],[118.171021,781.125488,101.104286,4.5],[123.896652,793.557373,101.88723,4.5],[137.744263,802.790894,102.297707,4.5],[149.792786,808.157959,102.39743,4.5],[173.421555,815.019043,102.021141,4.5]],"renderPriority":2,"startEndFade":[15,15],"textureLength":75}
{"class":"DecalRoad","persistentId":"96eecce7-c44f-4735-b53d-8233f75497c8","__parent":"SimGroup_","position":[36.7194099,538.679504,74.5791702],"improvedSpline":true,"material":"track_rubber","nodes":[[36.7194099,538.679504,74.5791702,4.5],[41.2881165,542.461182,74.6011734,4.5],[43.7105446,546.401062,74.6409912,4.5],[46.1873016,553.3703,74.7236633,4.5],[53.2603149,559.349182,74.9518585,4.5],[62.7684975,564.976685,75.4234314,4.5],[77.1560822,571.918884,76.4878464,4.5],[105.335365,582.420105,79.8309555,4.5],[121.264977,590.805908,82.5297699,4.5],[134.452011,601.381104,85.2919846,4.5],[144.454163,613.246033,87.773262,4.5],[151.82933,626.460938,89.9484558,4.5],[159.265167,650.036743,92.736824,4.5],[163.295898,677.374634,95.1617889,4.5],[160.791779,703.431641,96.6617889,4.5],[150.290833,720.120911,97.1281815,4.5],[136.555298,734.579041,97.5828018,4.5],[123.426872,749.286011,98.879631,4.5],[117.239998,764.445374,100.122307,4.5],[118.171021,781.125488,101.104286,4.5],[123.896652,793.557373,101.88723,4.5],[137.744263,802.790894,102.297707,4.5],[149.792786,808.157959,102.39743,4.5],[175.115402,814.176819,102.015686,4.5]],"renderPriority":2,"startEndFade":[15,15],"textureLength":75}
{"class":"DecalRoad","persistentId":"5addc713-5510-47db-bf34-1e4ade49e1f9","__parent":"SimGroup_","position":[132.981476,743.365906,98.0317001],"improvedSpline":true,"material":"road_invisible","nodes":[[132.981476,743.365906,98.0317001,0.200000003],[140.252151,745.89386,97.9368744,0.200000003],[132.981476,743.365906,98.0317001,0.200000003],[140.252151,745.89386,97.9368744,0.200000003]]}
{"class":"DecalRoad","persistentId":"5c273db8-5d1d-4d4e-8d0d-a5dac727705c","__parent":"SimGroup_","position":[37.3093796,535.316284,74.5791702],"improvedSpline":true,"material":"road_invisible","nodes":[[37.3093796,535.316284,74.5791702,0.200000003],[43.0776634,539.54071,74.6006546,0.200000003],[47.7716293,545.040955,74.6943665,0.200000003],[48.7327423,550.700806,74.7560272,0.200000003],[58.5328827,557.891418,75.133049,0.200000003],[37.3093796,535.316284,74.5791702,0.200000003],[43.0776634,539.54071,74.6006546,0.200000003],[47.7716293,545.040955,74.6943665,0.200000003],[48.7327423,550.700806,74.7560272,0.200000003],[58.5328827,557.891418,75.133049,0.200000003]]}
{"class":"DecalRoad","persistentId":"c69526b2-08fe-444a-9ced-8b222962fefd","__parent":"SimGroup_","position":[33.4650917,539.851746,74.5791702],"improvedSpline":true,"material":"road_invisible","nodes":[[33.4650917,539.851746,74.5791702,0.200000003],[36.1844368,541.988281,74.5791702,0.200000003],[38.3311882,544.383484,74.58992,0.200000003],[39.4323463,547.571289,74.6026688,0.200000003],[41.2697182,552.17865,74.6377945,0.200000003],[45.11343,556.713684,74.7180786,0.200000003],[33.4650917,539.851746,74.5791702,0.200000003],[36.1844368,541.988281,74.5791702,0.200000003],[38.3311882,544.383484,74.58992,0.200000003],[39.4323463,547.571289,74.6026688,0.200000003],[41.2697182,552.17865,74.6377945,0.200000003],[45.11343,556.713684,74.7180786,0.200000003]]}
{"class":"DecalRoad","persistentId":"e64b1b79-c48c-4c20-9adb-f4110341f77c","__parent":"SimGroup_","position":[141.42038,744.410889,97.8720474],"improvedSpline":true,"material":"road_invisible","nodes":[[141.42038,744.410889,97.8720474,0.200000003],[135.003586,742.390503,97.9272537,0.200000003],[141.42038,744.410889,97.8720474,0.200000003],[135.003586,742.390503,97.9272537,0.200000003]]}
{"class":"DecalRoad","persistentId":"ea6aaa34-1433-449c-bf1f-0ef2261b8733","__parent":"SimGroup_","position":[119.020042,593.795532,82.3305511],"improvedSpline":true,"material":"road_invisible","nodes":[[119.020042,593.795532,82.3305511,0.200000003],[115.229759,599.069763,82.0026474,0.200000003],[119.020042,593.795532,82.3305511,0.200000003],[115.229759,599.069763,82.0026474,0.200000003]]}
{"class":"DecalRoad","persistentId":"43246a02-458d-49bc-826d-37cc07523917","__parent":"SimGroup_","position":[133.10376,598.108032,84.8501129],"improvedSpline":true,"material":"crossing_white","nodes":[[133.10376,598.108032,84.8501129,1.50000012],[137.102798,602.193848,85.7692871,1.50000012],[143.331451,609.348877,87.2780533,1.50000012],[147.745163,615.476624,88.4334641,1.50000012]]}
{"class":"DecalRoad","persistentId":"25142d3c-5702-4b4a-b774-0b893bf7a20a","__parent":"SimGroup_","position":[164.621063,681.487061,95.5330429],"improvedSpline":true,"material":"crossing_white","nodes":[[164.621063,681.487061,95.5330429,1.5],[163.867218,694.772095,96.3228989,1.5],[161.53714,706.674683,96.8562088,1.5]]}
{"class":"DecalRoad","persistentId":"523cc2ce-bd07-4987-bb3f-5c0d2083d52c","__parent":"SimGroup_","position":[120.112434,754.411682,99.3821182],"improvedSpline":true,"material":"crossing_white","nodes":[[120.112434,754.411682,99.3821182,1.5],[118.36058,757.949097,99.6866837,1.5],[116.652687,762.716492,100.06086,1.5],[115.831429,767.6651,100.391678,1.5]]}
{"class":"DecalRoad","persistentId":"3049678f-69a7-4424-a678-c3b33024d8d1","__parent":"SimGroup_","position":[125.126244,795.743835,102.027184],"improvedSpline":true,"material":"crossing_white","nodes":[[125.126244,795.743835,102.027184,1.5],[129.470291,799.541992,102.214989,1.5],[134.62265,802.999084,102.370262,1.5],[139.036652,805.022278,102.44104,1.5]]}
{"name":"SimGroup_","class":"SimGroup","groupPosition":"76.390704696243 600.71636962891 81.506363946038"}
{"class":"TSStatic","persistentId":"2a53b01f-9aaf-48b4-a358-76253f033681","__parent":"SimGroup_","position":[55.8642693,556.101685,75.009903],"isRenderEnabled":false,"rotationMatrix":[0.550532937,-0.834758341,0.00959002879,0.834071577,0.550491571,0.035827864,-0.0351868384,-0.0117256492,0.999311984],"shapeName":"/levels/west_coast_usa/art/shapes/objects/constructionbarrier.dae","useInstanceRenderData":true}
{"class":"TSStatic","persistentId":"3fb863e6-e749-4b0b-a0a1-f74fbaff4e9a","__parent":"SimGroup_","position":[38.9749641,536.452393,74.5791702],"isRenderEnabled":false,"rotationMatrix":[0.558944762,-0.829204917,-1.69999301e-16,0.829204917,0.558944762,-3.30973161e-17,1.22464685e-16,-1.22464685e-16,1],"shapeName":"/levels/west_coast_usa/art/shapes/objects/constructionbarrier.dae","useInstanceRenderData":true}
{"class":"TSStatic","persistentId":"4160c59b-7039-4864-bfc4-5a71c6a1bca9","__parent":"SimGroup_","position":[118.12822,595.03656,82.2547836],"isRenderEnabled":false,"rotationMatrix":[0.583359241,-0.81054759,0.0520057157,0.79702878,0.583601356,0.155417293,-0.156323731,-0.0492140725,0.986479044],"shapeName":"/levels/west_coast_usa/art/shapes/objects/construction_sign_big_a.DAE","useInstanceRenderData":true}
{"class":"TSStatic","persistentId":"55dc568c-1c14-4637-92d4-64b5dc7a7034","__parent":"SimGroup_","position":[45.8582382,542.354065,74.6470795],"isRenderEnabled":false,"rotationMatrix":[0.746612847,-0.665252388,0.00290905219,0.665179312,0.746584117,0.0121904444,-0.0102815749,-0.00716650113,0.999921441],"shapeName":"/levels/west_coast_usa/art/shapes/objects/constructionbarrier.dae","useInstanceRenderData":true}
{"class":"TSStatic","persistentId":"5a410f75-f507-488a-a91b-6a427e8266d7","__parent":"SimGroup_","position":[47.9376717,547.747803,74.7189102],"isRenderEnabled":false,"rotationMatrix":[0.99398452,0.108008839,0.0181330256,-0.108176388,0.994095147,0.00852524489,-0.017105151,-0.0104355272,0.999799252],"shapeName":"/levels/west_coast_usa/art/shapes/objects/constructionbarrier.dae","useInstanceRenderData":true}
{"class":"TSStatic","persistentId":"6bb0a8bf-0a46-4dcf-a6c5-a913450f3ebf","__parent":"SimGroup_","position":[38.852417,545.670837,74.5939865],"isRenderEnabled":false,"rotationMatrix":[0.956831396,-0.290630072,0.00280686701,0.29061076,0.956823766,0.00580183556,-0.00437186472,-0.00473567238,0.999979258],"shapeName":"/levels/west_coast_usa/art/shapes/objects/constructionbarrier.dae","useInstanceRenderData":true}
{"class":"TSStatic","persistentId":"6fe78f5a-97ff-4d96-97b8-200e05acb7a9","__parent":"SimGroup_","position":[139.522751,743.813416,97.8785629],"isRenderEnabled":false,"rotationMatrix":[-0.300017834,0.95328486,0.0351736657,-0.953792095,-0.300404191,0.00614621025,0.0164254084,-0.0317043923,0.99936229],"shapeName":"/levels/west_coast_usa/art/shapes/objects/constructionbarrier_arrows.dae","useInstanceRenderData":true}
{"class":"TSStatic","persistentId":"75896e9a-ae42-4000-9dc6-330e781ca6d0","__parent":"SimGroup_","position":[53.34832,554.411926,74.9087448],"isRenderEnabled":false,"rotationMatrix":[0.563821912,-0.825861156,0.00762106106,0.825389326,0.563775122,0.0298337266,-0.0289350823,-0.0105305677,0.999525845],"shapeName":"/levels/west_coast_usa/art/shapes/objects/constructionbarrier.dae","useInstanceRenderData":true}
{"class":"TSStatic","persistentId":"75ac664e-ff20-4b85-8b26-9d755c6b726e","__parent":"SimGroup_","position":[50.8931427,552.634888,74.8247452],"isRenderEnabled":false,"rotationMatrix":[0.621741593,-0.783184528,0.00770275109,0.782826543,0.621709943,0.0256783124,-0.0248997342,-0.00993535854,0.999640584],"shapeName":"/levels/west_coast_usa/art/shapes/objects/constructionbarrier.dae","useInstanceRenderData":true}
{"class":"TSStatic","persistentId":"7a6b2b94-2338-4fe9-aeb1-6e23e43147c1","__parent":"SimGroup_","position":[35.0751648,541.065247,74.5791702],"isRenderEnabled":false,"rotationMatrix":[0.610626221,-0.791918933,-1.71762241e-16,0.791918933,0.610626221,-2.22019545e-17,1.22464685e-16,-1.22464685e-16,1],"shapeName":"/levels/west_coast_usa/art/shapes/objects/constructionbarrier.dae","useInstanceRenderData":true}
{"class":"TSStatic","persistentId":"86d2e60c-c667-4551-9a3c-0b767154554e","__parent":"SimGroup_","position":[136.681366,742.918823,97.9009399],"isRenderEnabled":false,"rotationMatrix":[-0.299705029,0.952870309,0.0470641032,-0.953777492,-0.300399542,0.00828531384,0.0220328663,-0.0424055271,0.998857498],"shapeName":"/levels/west_coast_usa/art/shapes/objects/constructionbarrier_arrows.dae","useInstanceRenderData":true}
{"class":"TSStatic","persistentId":"8c5209e6-6888-4869-a234-f2403e12d25d","__parent":"SimGroup_","position":[115.886375,595.219238,81.8939362],"isRenderEnabled":false,"rotationMatrix":[-0.802102447,-0.587567329,-0.106761701,0.585887551,-0.808860898,0.0498151705,-0.115625016,-0.0225934982,0.993035972],"shapeName":"/levels/west_coast_usa/art/shapes/objects/constructionbarrier_arrows.dae","useInstanceRenderData":true}
{"class":"TSStatic","persistentId":"8c6106e2-cf43-498c-9fdb-e23b439bb3da","__parent":"SimGroup_","position":[39.7713165,548.559387,74.6104584],"isRenderEnabled":false,"rotationMatrix":[0.950739861,-0.309900075,0.00746034412,0.309847564,0.950757325,0.00741880946,-0.00939206686,-0.00474178884,0.999944627],"shapeName":"/levels/west_coast_usa/art/shapes/objects/constructionbarrier.dae","useInstanceRenderData":true}
{"class":"TSStatic","persistentId":"8c6a7ab2-2cc6-4d23-86f1-883ede46dcc9","__parent":"SimGroup_","position":[136.608307,744.626892,97.9703674],"isRenderEnabled":false,"rotationMatrix":[0.944475472,0.328440368,-0.00964316726,-0.327743888,0.943755627,0.0436954163,0.0234521329,-0.0381087624,0.998998344],"shapeName":"/levels/west_coast_usa/art/shapes/objects/construction_sign_big_a.DAE","useInstanceRenderData":true}
{"class":"TSStatic","persistentId":"9691bc10-9f48-4b95-b29c-d0d98968d47f","__parent":"SimGroup_","position":[134.190353,743.786255,98.0072784],"isRenderEnabled":false,"rotationMatrix":[0.944378316,0.328273594,-0.0196480602,-0.326649845,0.943269491,0.0595191084,0.0380719677,-0.0497905202,0.998033762],"shapeName":"/levels/west_coast_usa/art/shapes/objects/construction_sign_big_a.DAE","useInstanceRenderData":true}
{"class":"TSStatic","persistentId":"ab17731e-8a94-449a-81cd-e98e43b0597a","__parent":"SimGroup_","position":[42.5604019,553.880005,74.6584091],"isRenderEnabled":false,"rotationMatrix":[0.76518631,-0.643741131,0.00934080034,0.643636346,0.765236557,0.0120525006,-0.0149066132,-0.00321032992,0.999883711],"shapeName":"/levels/west_coast_usa/art/shapes/objects/constructionbarrier.dae","useInstanceRenderData":true}
{"class":"TSStatic","persistentId":"ad7f507b-7a8f-4fb3-940c-d432c11ae463","__parent":"SimGroup_","position":[116.344734,597.518311,82.0964737],"isRenderEnabled":false,"rotationMatrix":[0.583272338,-0.810760736,0.0496029556,0.797096848,0.583054602,0.157111198,-0.156300813,-0.052100271,0.986334443],"shapeName":"/levels/west_coast_usa/art/shapes/objects/construction_sign_big_a.DAE","useInstanceRenderData":true}
{"class":"TSStatic","persistentId":"b1732cd4-293c-46aa-b3f7-de62c6418494","__parent":"SimGroup_","position":[48.6590233,550.59668,74.753685],"isRenderEnabled":false,"rotationMatrix":[0.815931797,-0.577933192,0.0157646984,0.577671289,0.816062927,0.0183620676,-0.0234770328,-0.00587538118,0.999707103],"shapeName":"/levels/west_coast_usa/art/shapes/objects/constructionbarrier.dae","useInstanceRenderData":true}
{"class":"TSStatic","persistentId":"b3db1ce4-bebf-4137-9511-216a252c75ce","__parent":"SimGroup_","position":[37.3290138,543.090027,74.5840378],"isRenderEnabled":false,"rotationMatrix":[0.726014256,-0.68767637,0.00213253405,0.687666118,0.726015925,0.00402993243,-0.00431954302,-0.00145931693,0.999989629],"shapeName":"/levels/west_coast_usa/art/shapes/objects/constructionbarrier.dae","useInstanceRenderData":true}
{"class":"TSStatic","persistentId":"bd099bd6-c9d7-4662-b595-55188330fa15","__parent":"SimGroup_","position":[44.5900612,556.132202,74.7023773],"isRenderEnabled":false,"rotationMatrix":[0.733727992,-0.679317415,0.0130795678,0.679098666,0.733832955,0.0177239329,-0.0216383934,-0.0041222279,0.999757349],"shapeName":"/levels/west_coast_usa/art/shapes/objects/constructionbarrier.dae","useInstanceRenderData":true}
{"class":"TSStatic","persistentId":"c5a08bbb-fd89-4289-99ff-cdc83cb7c95e","__parent":"SimGroup_","position":[47.6387901,544.80072,74.6898346],"isRenderEnabled":false,"rotationMatrix":[0.874972343,-0.484009922,0.0125622042,0.48380518,0.875024498,0.0162694957,-0.0188668333,-0.0081577003,0.999788702],"shapeName":"/levels/west_coast_usa/art/shapes/objects/constructionbarrier.dae","useInstanceRenderData":true}
{"class":"TSStatic","persistentId":"e357b081-0070-4a13-b694-a686683b477e","__parent":"SimGroup_","position":[41.4514084,538.201904,74.5865021],"isRenderEnabled":false,"rotationMatrix":[0.610967636,-0.791654527,0.00126154046,0.791648567,0.610968232,0.00323328585,-0.0033304065,-0.000976736424,0.99999398],"shapeName":"/levels/west_coast_usa/art/shapes/objects/constructionbarrier.dae","useInstanceRenderData":true}
{"class":"TSStatic","persistentId":"e4a44f3a-8103-4a5c-8499-566b571330b2","__parent":"SimGroup_","position":[58.3828316,557.786377,75.1252289],"isRenderEnabled":false,"rotationMatrix":[0.573146105,-0.819361687,0.0122462707,0.818345189,0.573084116,0.0434260182,-0.0425997563,-0.0148677798,0.998981595],"shapeName":"/levels/west_coast_usa/art/shapes/objects/constructionbarrier.dae","useInstanceRenderData":true}
{"class":"TSStatic","persistentId":"f5b003bd-acc2-4791-af45-1aa3c8a5c5ad","__parent":"SimGroup_","position":[40.8386917,551.394592,74.6262207],"isRenderEnabled":false,"rotationMatrix":[0.889814377,-0.456203103,0.0104444847,0.456096232,0.889860809,0.0111342845,-0.0143736321,-0.00514375698,0.999883473],"shapeName":"/levels/west_coast_usa/art/shapes/objects/constructionbarrier.dae","useInstanceRenderData":true}
{"class":"TSStatic","persistentId":"fa1fe171-e73c-4610-ade2-ded81e7a96e5","__parent":"SimGroup_","position":[43.7501411,540.175964,74.6120529],"isRenderEnabled":false,"rotationMatrix":[0.692587614,-0.721333742,-0.000253090635,0.721280813,0.69253242,0.0123650394,-0.00874404702,-0.00874642283,0.999923527],"shapeName":"/levels/west_coast_usa/art/shapes/objects/constructionbarrier.dae","useInstanceRenderData":true}
