{"name":"dockBulb_3","class":"PointLight","__parent":"dockSpotLights_1","position":[653.740723,1589.29272,104.825081],"brightness":20,"hidden":true,"radius":0.5,"rotationMatrix":[0.991118312,-0.132983088,1.86264515e-09,-0.128781796,-0.959806681,-0.249374151,0.0331625417,0.247159272,-0.96840775],"shadowDarkenColor":[0,0,0,0]}
{"name":"dockBulb_1","class":"PointLight","__parent":"dockSpotLights_1","position":[654.020508,1591.17896,104.825081],"brightness":20,"hidden":true,"radius":0.5,"rotationMatrix":[0.991118312,-0.132983088,1.86264515e-09,-0.128781796,-0.959806681,-0.249374151,0.0331625417,0.247159272,-0.96840775],"shadowDarkenColor":[0,0,0,0]}
{"name":"dockBulb_2","class":"PointLight","__parent":"dockSpotLights_1","position":[654.232605,1590.14758,104.825081],"brightness":20,"hidden":true,"radius":0.5,"rotationMatrix":[0.991118312,-0.132983088,1.86264515e-09,-0.128781796,-0.959806681,-0.249374151,0.0331625417,0.247159272,-0.96840775],"shadowDarkenColor":[0,0,0,0]}
{"name":"dockBulb_4","class":"PointLight","__parent":"dockSpotLights_1","position":[652.833069,1589.04089,104.825081],"brightness":20,"hidden":true,"radius":0.5,"rotationMatrix":[0.991118312,-0.132983088,1.86264515e-09,-0.128781796,-0.959806681,-0.249374151,0.0331625417,0.247159272,-0.96840775],"shadowDarkenColor":[0,0,0,0]}
{"name":"dockBulb_5","class":"PointLight","__parent":"dockSpotLights_1","position":[652.052124,1589.57666,104.825081],"brightness":20,"hidden":true,"radius":0.5,"rotationMatrix":[0.991118312,-0.132983088,1.86264515e-09,-0.128781796,-0.959806681,-0.249374151,0.0331625417,0.247159272,-0.96840775],"shadowDarkenColor":[0,0,0,0]}
{"name":"dockBulb_6","class":"PointLight","__parent":"dockSpotLights_1","position":[651.620422,1590.47339,104.825081],"brightness":20,"hidden":true,"radius":0.5,"rotationMatrix":[0.991118312,-0.132983088,1.86264515e-09,-0.128781796,-0.959806681,-0.249374151,0.0331625417,0.247159272,-0.96840775],"shadowDarkenColor":[0,0,0,0]}
{"name":"dockBulb_7","class":"PointLight","__parent":"dockSpotLights_1","position":[652.146423,1591.34851,104.825081],"brightness":20,"hidden":true,"radius":0.5,"rotationMatrix":[0.991118312,-0.132983088,1.86264515e-09,-0.128781796,-0.959806681,-0.249374151,0.0331625417,0.247159272,-0.96840775],"shadowDarkenColor":[0,0,0,0]}
{"name":"dockLight_1","class":"SpotLight","__parent":"dockSpotLights_1","position":[653.88324,1591.03662,105.100296],"hidden":true,"innerAngle":0,"outerAngle":35,"range":50,"rotationMatrix":[0.491224051,-0.871033311,1.49011612e-07,0.231871873,0.130765259,-0.963917017,0.839603662,0.473499298,0.266203165],"shadowDarkenColor":[0,0,0,0]}
{"name":"dockLight_3","class":"SpotLight","__parent":"dockSpotLights_1","position":[652.036316,1589.60144,105.100296],"hidden":true,"innerAngle":0,"outerAngle":35,"range":50,"rotationMatrix":[-0.518362999,0.855160892,-2.98023224e-08,-0.227646172,-0.137989759,-0.963917196,-0.824304223,-0.499658883,0.266202629],"shadowDarkenColor":[0,0,0,0]}
{"name":"dockLight_4","class":"SpotLight","__parent":"dockSpotLights_1","position":[653.735962,1589.40796,105.100296],"hidden":true,"innerAngle":0,"outerAngle":35,"range":50,"rotationMatrix":[-0.309852004,-0.934493065,0.175255537,0.139178783,-0.226921439,-0.963916957,0.940542936,-0.274279773,0.20037365],"shadowDarkenColor":[0,0,0,0]}
{"name":"dockLight_5","class":"SpotLight","__parent":"dockSpotLights_1","position":[652.828979,1589.30017,105.100296],"hidden":true,"innerAngle":0,"outerAngle":35,"range":50,"rotationMatrix":[-0.985842705,0.167674199,7.4505806e-09,-0.0446353219,-0.262434125,-0.963917255,-0.161624014,-0.950270534,0.266202569],"shadowDarkenColor":[0,0,0,0]}
{"name":"dockLight_6","class":"SpotLight","__parent":"dockSpotLights_1","position":[654.125977,1590.19397,105.100296],"hidden":true,"innerAngle":0,"outerAngle":35,"range":50,"rotationMatrix":[-0.184090734,-0.982909322,1.78813934e-07,0.261653334,-0.0490057468,-0.963917077,0.947443008,-0.177448094,0.266202927],"shadowDarkenColor":[0,0,0,0]}
{"name":"dockLight_7","class":"SpotLight","__parent":"dockSpotLights_1","position":[652.211426,1591.25537,105.100296],"hidden":true,"innerAngle":0,"outerAngle":35,"range":50,"rotationMatrix":[0.276874781,0.944788933,0.175255537,-0.147054553,0.221898556,-0.963917136,-0.949587107,0.241112441,0.20037353],"shadowDarkenColor":[0,0,0,0]}
{"name":"dockLight_8","class":"SpotLight","__parent":"dockSpotLights_1","position":[651.849121,1590.45605,105.100296],"hidden":true,"innerAngle":0,"outerAngle":35,"range":50,"rotationMatrix":[0.149492145,0.988763094,2.38418579e-07,-0.263211608,0.0397952795,-0.963917196,-0.953085601,0.144098103,0.266202807],"shadowDarkenColor":[0,0,0,0]}
{"name":"dockLight_2","class":"SpotLight","__parent":"dockSpotLights_1","position":[653.114014,1591.39478,105.100296],"hidden":true,"innerAngle":0,"outerAngle":35,"range":50,"rotationMatrix":[0.991118312,-0.132983088,0,0.035400454,0.263838291,-0.963917196,0.128184661,0.955355942,0.266202569]}
{"name":"dockBulb_8","class":"PointLight","__parent":"dockSpotLights_1","position":[653.117737,1591.65259,104.825081],"brightness":20,"hidden":true,"radius":0.5,"rotationMatrix":[0.991118312,-0.132983088,1.86264515e-09,-0.128781796,-0.959806681,-0.249374151,0.0331625417,0.247159272,-0.96840775]}
