//--- OBJECT WRITE BEGIN ---
$ThisPrefab = new SimGroup() {
   canSave = "1";
   canSaveDynamicFields = "1";
      groupPosition = "0 0 0";

   new TSStatic() {
      shapeName = "/levels/west_coast_usa/art/shapes/objects/constructionbarrier_arrows.dae";
      dynamic = "0";
      playAmbient = "1";
      meshCulling = "0";
      originSort = "0";
      useInstanceRenderData = "1";
      instanceColor = "White";
      instanceColor1 = "White";
      instanceColor2 = "White";
      collisionType = "Collision Mesh";
      decalType = "Collision Mesh";
      prebuildCollisionData = "0";
      renderNormals = "0";
      forceDetail = "-1";
      position = "568.848572 -889.650757 153.89801";
      scale = "1 1 1";
      rotationMatrix = "0.728053331 0.68515414 -0.0224056188 -0.685250819 0.72829479 0.00424294965 0.0192249697 0.0122643765 0.999739945";
      isRenderEnabled = "false";
      canSave = "1";
      canSaveDynamicFields = "1";
      persistentId = "579a666f-4c35-4922-bb23-6b94e5de179b";
   };
   new TSStatic() {
      shapeName = "/levels/west_coast_usa/art/shapes/objects/constructionbarrier_arrows.dae";
      dynamic = "0";
      playAmbient = "1";
      meshCulling = "0";
      originSort = "0";
      useInstanceRenderData = "1";
      instanceColor = "White";
      instanceColor1 = "White";
      instanceColor2 = "White";
      collisionType = "Collision Mesh";
      decalType = "Collision Mesh";
      prebuildCollisionData = "0";
      renderNormals = "0";
      forceDetail = "-1";
      position = "567.610352 -888.173157 153.934097";
      scale = "1 1 1";
      rotationMatrix = "0.730369925 0.683051765 0.000184407458 -0.682813823 0.73010838 0.0265887808 0.0180268772 -0.0195455607 0.999646425";
      isRenderEnabled = "false";
      canSave = "1";
      canSaveDynamicFields = "1";
      persistentId = "d6d23233-8b2e-45d6-9b9b-3fa8ad3808f6";
   };
   new TSStatic() {
      shapeName = "/levels/west_coast_usa/art/shapes/objects/constructionbarrier_arrows.dae";
      dynamic = "0";
      playAmbient = "1";
      meshCulling = "0";
      originSort = "0";
      useInstanceRenderData = "1";
      instanceColor = "White";
      instanceColor1 = "White";
      instanceColor2 = "White";
      collisionType = "Collision Mesh";
      decalType = "Collision Mesh";
      prebuildCollisionData = "0";
      renderNormals = "0";
      forceDetail = "-1";
      position = "566.374695 -886.793518 153.974365";
      scale = "1 1 1";
      rotationMatrix = "0.731498897 0.681052089 0.0328224525 -0.68181479 0.731055677 0.0261939466 -0.00615559239 -0.0415396765 0.999117911";
      isRenderEnabled = "false";
      canSave = "1";
      canSaveDynamicFields = "1";
      persistentId = "15f563bf-61fa-4fda-82b6-fbc04bd6eb88";
   };
   new TSStatic() {
      shapeName = "/levels/west_coast_usa/art/shapes/objects/constructionbarrier_arrows.dae";
      dynamic = "0";
      playAmbient = "1";
      meshCulling = "0";
      originSort = "0";
      useInstanceRenderData = "1";
      instanceColor = "White";
      instanceColor1 = "White";
      instanceColor2 = "White";
      collisionType = "Collision Mesh";
      decalType = "Collision Mesh";
      prebuildCollisionData = "0";
      renderNormals = "0";
      forceDetail = "-1";
      position = "565.125732 -885.38324 154.032471";
      scale = "1 1 1";
      rotationMatrix = "0.73313725 0.675770998 0.0764413625 -0.679584146 0.73225385 0.0443808697 -0.0259831697 -0.0844856054 0.996085882";
      isRenderEnabled = "false";
      canSave = "1";
      canSaveDynamicFields = "1";
      persistentId = "6d4e4e8e-68ae-4f0a-b543-2f217712e472";
   };
   new TSStatic() {
      shapeName = "/levels/west_coast_usa/art/shapes/objects/constructionbarrier_arrows.dae";
      dynamic = "0";
      playAmbient = "1";
      meshCulling = "0";
      originSort = "0";
      useInstanceRenderData = "1";
      instanceColor = "White";
      instanceColor1 = "White";
      instanceColor2 = "White";
      collisionType = "Collision Mesh";
      decalType = "Collision Mesh";
      prebuildCollisionData = "0";
      renderNormals = "0";
      forceDetail = "-1";
      position = "563.869507 -884.017944 154.132156";
      scale = "1 1 1";
      rotationMatrix = "0.73314023 0.672818124 0.0991020873 -0.6796332 0.730107307 0.0710074157 -0.0245800763 -0.119411454 0.992540538";
      isRenderEnabled = "false";
      canSave = "1";
      canSaveDynamicFields = "1";
      persistentId = "414506f3-5dcd-4ad6-ad1a-ebed947b3bb3";
   };
   new TSStatic() {
      shapeName = "/levels/west_coast_usa/art/shapes/objects/constructionbarrier_arrows.dae";
      dynamic = "0";
      playAmbient = "1";
      meshCulling = "0";
      originSort = "0";
      useInstanceRenderData = "1";
      instanceColor = "White";
      instanceColor1 = "White";
      instanceColor2 = "White";
      collisionType = "Collision Mesh";
      decalType = "Collision Mesh";
      prebuildCollisionData = "0";
      renderNormals = "0";
      forceDetail = "-1";
      position = "562.601318 -882.666077 154.27774";
      scale = "1 1 1";
      rotationMatrix = "0.733208835 0.672159433 0.102987304 -0.679804921 0.728199005 0.0871287882 -0.0164307952 -0.133894876 0.99085933";
      isRenderEnabled = "false";
      canSave = "1";
      canSaveDynamicFields = "1";
      persistentId = "8afc0cbc-998c-45a4-90ca-44314e763dcd";
   };
   new TSStatic() {
      shapeName = "/levels/west_coast_usa/art/shapes/objects/constructionbarrier_arrows.dae";
      dynamic = "0";
      playAmbient = "1";
      meshCulling = "0";
      originSort = "0";
      useInstanceRenderData = "1";
      instanceColor = "White";
      instanceColor1 = "White";
      instanceColor2 = "White";
      collisionType = "Collision Mesh";
      decalType = "Collision Mesh";
      prebuildCollisionData = "0";
      renderNormals = "0";
      forceDetail = "-1";
      position = "561.322449 -881.289185 154.455322";
      scale = "1 1 1";
      rotationMatrix = "0.732788563 0.672178984 0.105812952 -0.680443287 0.724828243 0.107800648 -0.00423489884 -0.150994793 0.98852551";
      isRenderEnabled = "false";
      canSave = "1";
      canSaveDynamicFields = "1";
      persistentId = "526b46bb-54ed-4314-bf40-f23c9223cd42";
   };
   new TSStatic() {
      shapeName = "/levels/west_coast_usa/art/shapes/objects/constructionbarrier_arrows.dae";
      dynamic = "0";
      playAmbient = "1";
      meshCulling = "0";
      originSort = "0";
      useInstanceRenderData = "1";
      instanceColor = "White";
      instanceColor1 = "White";
      instanceColor2 = "White";
      collisionType = "Collision Mesh";
      decalType = "Collision Mesh";
      prebuildCollisionData = "0";
      renderNormals = "0";
      forceDetail = "-1";
      position = "560.147766 -879.765686 154.717804";
      scale = "1 1 1";
      rotationMatrix = "0.841359794 0.532000363 0.0953377262 -0.540370166 0.824524879 0.167805552 0.0106642991 -0.192702502 0.981199265";
      isRenderEnabled = "false";
      canSave = "1";
      canSaveDynamicFields = "1";
      persistentId = "76c183b8-f472-4a8d-b092-f671310577b3";
   };
   new TSStatic() {
      shapeName = "/levels/west_coast_usa/art/shapes/objects/constructionbarrier_arrows.dae";
      dynamic = "0";
      playAmbient = "1";
      meshCulling = "0";
      originSort = "0";
      useInstanceRenderData = "1";
      instanceColor = "White";
      instanceColor1 = "White";
      instanceColor2 = "White";
      collisionType = "Collision Mesh";
      decalType = "Collision Mesh";
      prebuildCollisionData = "0";
      renderNormals = "0";
      forceDetail = "-1";
      position = "522.519592 -854.093994 164.311295";
      scale = "1 1 1";
      rotationMatrix = "0.439452648 0.894613922 -0.0809147656 -0.879619777 0.446839571 0.16310519 0.182072103 -0.000502772629 0.983285069";
      isRenderEnabled = "false";
      canSave = "1";
      canSaveDynamicFields = "1";
      persistentId = "12bf0b6c-abf7-46ba-be83-2d869aa79d66";
   };
   new TSStatic() {
      shapeName = "/levels/west_coast_usa/art/shapes/objects/constructionbarrier_arrows.dae";
      dynamic = "0";
      playAmbient = "1";
      meshCulling = "0";
      originSort = "0";
      useInstanceRenderData = "1";
      instanceColor = "White";
      instanceColor1 = "White";
      instanceColor2 = "White";
      collisionType = "Collision Mesh";
      decalType = "Collision Mesh";
      prebuildCollisionData = "0";
      renderNormals = "0";
      forceDetail = "-1";
      position = "520.841187 -853.267273 164.568207";
      scale = "1 1 1";
      rotationMatrix = "0.448365152 0.888128161 -0.100979164 -0.880810618 0.458222091 0.119184271 0.152121797 0.0355054773 0.987723827";
      isRenderEnabled = "false";
      canSave = "1";
      canSaveDynamicFields = "1";
      persistentId = "cf5a7278-0510-4fe7-a01d-078a0cab80a3";
   };
   new TSStatic() {
      shapeName = "/levels/west_coast_usa/art/shapes/objects/constructionbarrier_arrows.dae";
      dynamic = "0";
      playAmbient = "1";
      meshCulling = "0";
      originSort = "0";
      useInstanceRenderData = "1";
      instanceColor = "White";
      instanceColor1 = "White";
      instanceColor2 = "White";
      collisionType = "Collision Mesh";
      decalType = "Collision Mesh";
      prebuildCollisionData = "0";
      renderNormals = "0";
      forceDetail = "-1";
      position = "519.146301 -852.425293 164.798859";
      scale = "1 1 1";
      rotationMatrix = "0.441870689 0.888319314 -0.125056386 -0.884423912 0.454716384 0.105011359 0.150148809 0.0642014146 0.986576676";
      isRenderEnabled = "false";
      canSave = "1";
      canSaveDynamicFields = "1";
      persistentId = "135a53bb-97f1-428b-a676-5a8d35f88171";
   };
   new TSStatic() {
      shapeName = "/levels/west_coast_usa/art/shapes/objects/constructionbarrier_arrows.dae";
      dynamic = "0";
      playAmbient = "1";
      meshCulling = "0";
      originSort = "0";
      useInstanceRenderData = "1";
      instanceColor = "White";
      instanceColor1 = "White";
      instanceColor2 = "White";
      collisionType = "Collision Mesh";
      decalType = "Collision Mesh";
      prebuildCollisionData = "0";
      renderNormals = "0";
      forceDetail = "-1";
      position = "517.512512 -851.54834 164.958954";
      scale = "1 1 1";
      rotationMatrix = "0.461776733 0.880953014 -0.103363171 -0.880764425 0.469197631 0.0640899837 0.104958013 0.0614433587 0.992576718";
      isRenderEnabled = "false";
      canSave = "1";
      canSaveDynamicFields = "1";
      persistentId = "8e9a65ae-5e60-4759-b151-fbf836b6e709";
   };
   new TSStatic() {
      shapeName = "/levels/west_coast_usa/art/shapes/objects/constructionbarrier_arrows.dae";
      dynamic = "0";
      playAmbient = "1";
      meshCulling = "0";
      originSort = "0";
      useInstanceRenderData = "1";
      instanceColor = "White";
      instanceColor1 = "White";
      instanceColor2 = "White";
      collisionType = "Collision Mesh";
      decalType = "Collision Mesh";
      prebuildCollisionData = "0";
      renderNormals = "0";
      forceDetail = "-1";
      position = "515.870178 -850.633789 165.075302";
      scale = "1 1 1";
      rotationMatrix = "0.502290845 0.85640502 -0.119475789 -0.854515076 0.512757421 0.0829697102 0.132317767 0.060418915 0.989364207";
      isRenderEnabled = "false";
      canSave = "1";
      canSaveDynamicFields = "1";
      persistentId = "fec46e1f-49b8-4e6e-a662-94f311ee1d82";
   };
   new TSStatic() {
      shapeName = "/levels/west_coast_usa/art/shapes/objects/constructionbarrier_arrows.dae";
      dynamic = "0";
      playAmbient = "1";
      meshCulling = "0";
      originSort = "0";
      useInstanceRenderData = "1";
      instanceColor = "White";
      instanceColor1 = "White";
      instanceColor2 = "White";
      collisionType = "Collision Mesh";
      decalType = "Collision Mesh";
      prebuildCollisionData = "0";
      renderNormals = "0";
      forceDetail = "-1";
      position = "514.266602 -849.566833 165.321564";
      scale = "1 1 1";
      rotationMatrix = "0.567755282 0.810627282 -0.143308342 -0.796711624 0.58490169 0.152119949 0.207133889 0.027808547 0.977917314";
      isRenderEnabled = "false";
      canSave = "1";
      canSaveDynamicFields = "1";
      persistentId = "45d77a91-1d2a-494e-97b3-bbc6d11fa79d";
   };
   new TSStatic() {
      shapeName = "/levels/west_coast_usa/art/shapes/objects/constructionbarrier_arrows.dae";
      dynamic = "0";
      playAmbient = "1";
      meshCulling = "0";
      originSort = "0";
      useInstanceRenderData = "1";
      instanceColor = "White";
      instanceColor1 = "White";
      instanceColor2 = "White";
      collisionType = "Collision Mesh";
      decalType = "Collision Mesh";
      prebuildCollisionData = "0";
      renderNormals = "0";
      forceDetail = "-1";
      position = "512.832703 -848.297791 165.591537";
      scale = "1 1 1";
      rotationMatrix = "0.71352613 0.680303216 -0.167535037 -0.66216743 0.73293066 0.156034842 0.228942573 -0.000398680568 0.973439872";
      isRenderEnabled = "false";
      canSave = "1";
      canSaveDynamicFields = "1";
      persistentId = "f0cd17e4-055d-41de-8305-07dc9159cc66";
   };
   new TSStatic() {
      shapeName = "/levels/west_coast_usa/art/shapes/objects/constructionbarrier_arrows.dae";
      dynamic = "0";
      playAmbient = "1";
      meshCulling = "0";
      originSort = "0";
      useInstanceRenderData = "1";
      instanceColor = "White";
      instanceColor1 = "White";
      instanceColor2 = "White";
      collisionType = "Collision Mesh";
      decalType = "Collision Mesh";
      prebuildCollisionData = "0";
      renderNormals = "0";
      forceDetail = "-1";
      position = "511.743683 -846.767761 165.873291";
      scale = "1 1 1";
      rotationMatrix = "0.82959795 0.531419754 -0.171348512 -0.51283884 0.846562743 0.142575607 0.220824778 -0.0304062478 0.974839389";
      isRenderEnabled = "false";
      canSave = "1";
      canSaveDynamicFields = "1";
      persistentId = "45a8c689-d7b9-483b-a643-644827cc90e1";
   };
   new TSStatic() {
      shapeName = "/levels/west_coast_usa/art/shapes/objects/constructionbarrier_arrows.dae";
      dynamic = "0";
      playAmbient = "1";
      meshCulling = "0";
      originSort = "0";
      useInstanceRenderData = "1";
      instanceColor = "White";
      instanceColor1 = "White";
      instanceColor2 = "White";
      collisionType = "Collision Mesh";
      decalType = "Collision Mesh";
      prebuildCollisionData = "0";
      renderNormals = "0";
      forceDetail = "-1";
      position = "510.921997 -845.07074 166.152634";
      scale = "1 1 1";
      rotationMatrix = "0.895740211 0.402064741 -0.18971917 -0.376066625 0.912848115 0.159003764 0.237114608 -0.0710790157 0.968877912";
      isRenderEnabled = "false";
      canSave = "1";
      canSaveDynamicFields = "1";
      persistentId = "881368b5-3d90-4dea-9a8c-2da1691989f1";
   };
   new TSStatic() {
      shapeName = "/levels/west_coast_usa/art/shapes/objects/constructionbarrier_arrows.dae";
      dynamic = "0";
      playAmbient = "1";
      meshCulling = "0";
      originSort = "0";
      useInstanceRenderData = "1";
      instanceColor = "White";
      instanceColor1 = "White";
      instanceColor2 = "White";
      collisionType = "Collision Mesh";
      decalType = "Collision Mesh";
      prebuildCollisionData = "0";
      renderNormals = "0";
      forceDetail = "-1";
      position = "510.333618 -843.296082 166.43898";
      scale = "1 1 1";
      rotationMatrix = "0.932133138 0.282912016 -0.226027861 -0.25470978 0.955920398 0.146079034 0.257392168 -0.0785935894 0.963105559";
      isRenderEnabled = "false";
      canSave = "1";
      canSaveDynamicFields = "1";
      persistentId = "efe4bee0-0c12-4cd9-a32b-97f3cf24f879";
   };
   new TSStatic() {
      shapeName = "/levels/west_coast_usa/art/shapes/objects/constructionbarrier_arrows.dae";
      dynamic = "0";
      playAmbient = "1";
      meshCulling = "0";
      originSort = "0";
      useInstanceRenderData = "1";
      instanceColor = "White";
      instanceColor1 = "White";
      instanceColor2 = "White";
      collisionType = "Collision Mesh";
      decalType = "Collision Mesh";
      prebuildCollisionData = "0";
      renderNormals = "0";
      forceDetail = "-1";
      position = "509.990662 -841.43811 166.700302";
      scale = "1 1 1";
      rotationMatrix = "0.967397332 0.160566106 -0.195859343 -0.133995607 0.980730891 0.142169088 0.214912862 -0.11128971 0.970271647";
      isRenderEnabled = "false";
      canSave = "1";
      canSaveDynamicFields = "1";
      persistentId = "ef0d834e-060b-4645-b77d-10e6062f09ac";
   };
   new TSStatic() {
      shapeName = "/levels/west_coast_usa/art/shapes/objects/arrowboard_R.dae";
      dynamic = "0";
      playAmbient = "1";
      meshCulling = "0";
      originSort = "0";
      useInstanceRenderData = "1";
      instanceColor = "White";
      instanceColor1 = "White";
      instanceColor2 = "White";
      collisionType = "Collision Mesh";
      decalType = "Collision Mesh";
      prebuildCollisionData = "0";
      renderNormals = "0";
      forceDetail = "-1";
      position = "809.6604 -781.882996 164.856506";
      scale = "1 1 1";
      rotationMatrix = "-0.92470479 0.377571851 -0.0485804453 -0.371975988 -0.923303604 -0.0956236273 -0.0809592977 -0.0703528821 0.994231403";
      isRenderEnabled = "false";
      canSave = "1";
      canSaveDynamicFields = "1";
      persistentId = "c36ab4cf-8d7e-4c68-8f35-e3fafc31209b";
   };
   new TSStatic() {
      shapeName = "/levels/west_coast_usa/art/shapes/objects/arrowboard_R.dae";
      dynamic = "0";
      playAmbient = "1";
      meshCulling = "0";
      originSort = "0";
      useInstanceRenderData = "1";
      instanceColor = "White";
      instanceColor1 = "White";
      instanceColor2 = "White";
      collisionType = "Collision Mesh";
      decalType = "Collision Mesh";
      prebuildCollisionData = "0";
      renderNormals = "0";
      forceDetail = "-1";
      position = "560.916443 -890.448425 153.452637";
      scale = "1 1 1";
      rotationMatrix = "0.739691734 0.663247883 0.113834828 -0.666918695 0.745091617 -0.00760887191 -0.0898639411 -0.0702903569 0.99347055";
      isRenderEnabled = "false";
      canSave = "1";
      canSaveDynamicFields = "1";
      persistentId = "94ededd1-5bd0-44ae-ba7c-ae2c258617f6";
   };
   new TSStatic() {
      shapeName = "/levels/west_coast_usa/art/shapes/objects/arrowboard_R.dae";
      dynamic = "0";
      playAmbient = "1";
      meshCulling = "0";
      originSort = "0";
      useInstanceRenderData = "1";
      instanceColor = "White";
      instanceColor1 = "White";
      instanceColor2 = "White";
      collisionType = "Collision Mesh";
      decalType = "Collision Mesh";
      prebuildCollisionData = "0";
      renderNormals = "0";
      forceDetail = "-1";
      position = "557.330261 -886.465332 153.622543";
      scale = "1 1 1";
      rotationMatrix = "0.741963625 0.659951389 0.118127078 -0.668945611 0.740485728 0.064749971 -0.0447395742 -0.127062723 0.990885198";
      isRenderEnabled = "false";
      canSave = "1";
      canSaveDynamicFields = "1";
      persistentId = "c52fed97-c9c8-497e-aea4-1d46180f50c5";
   };
   new TSStatic() {
      shapeName = "/levels/west_coast_usa/art/shapes/objects/arrowboard_R.dae";
      dynamic = "0";
      playAmbient = "1";
      meshCulling = "0";
      originSort = "0";
      useInstanceRenderData = "1";
      instanceColor = "White";
      instanceColor1 = "White";
      instanceColor2 = "White";
      collisionType = "Collision Mesh";
      decalType = "Collision Mesh";
      prebuildCollisionData = "0";
      renderNormals = "0";
      forceDetail = "-1";
      position = "648.691284 -852.17041 156.051285";
      scale = "1 1 1";
      rotationMatrix = "-0.925034881 0.379366249 -0.0197997577 -0.376123935 -0.921951175 -0.092396453 -0.0533065014 -0.0780227631 0.99552542";
      isRenderEnabled = "false";
      canSave = "1";
      canSaveDynamicFields = "1";
      persistentId = "3084f4ad-6335-40c3-841a-eea444f61506";
   };
   new TSStatic() {
      shapeName = "/levels/west_coast_usa/art/shapes/objects/arrowboard_R.dae";
      dynamic = "0";
      playAmbient = "1";
      meshCulling = "0";
      originSort = "0";
      useInstanceRenderData = "1";
      instanceColor = "White";
      instanceColor1 = "White";
      instanceColor2 = "White";
      collisionType = "Collision Mesh";
      decalType = "Collision Mesh";
      prebuildCollisionData = "0";
      renderNormals = "0";
      forceDetail = "-1";
      position = "674.931458 -834.151917 157.990143";
      scale = "1 1 1";
      rotationMatrix = "0.96781671 0.250247926 0.0265863016 -0.251530498 0.965258718 0.0707675368 -0.00795322936 -0.0751772672 0.997138441";
      isRenderEnabled = "false";
      canSave = "1";
      canSaveDynamicFields = "1";
      persistentId = "a1f39373-a3c0-4ab5-9270-6bbced8d7349";
   };
   new TSStatic() {
      shapeName = "/levels/west_coast_usa/art/shapes/objects/arrowboard_R.dae";
      dynamic = "0";
      playAmbient = "1";
      meshCulling = "0";
      originSort = "0";
      useInstanceRenderData = "1";
      instanceColor = "White";
      instanceColor1 = "White";
      instanceColor2 = "White";
      collisionType = "Collision Mesh";
      decalType = "Collision Mesh";
      prebuildCollisionData = "0";
      renderNormals = "0";
      forceDetail = "-1";
      position = "679.153748 -839.295654 157.793518";
      scale = "1 1 1";
      rotationMatrix = "0.967479348 0.251909703 0.022918148 -0.252573997 0.967006445 0.0332401209 -0.0137884859 -0.0379476584 0.999184608";
      isRenderEnabled = "false";
      canSave = "1";
      canSaveDynamicFields = "1";
      persistentId = "500af1ec-d341-48a9-8d5e-37623d781495";
   };
   new TSStatic() {
      shapeName = "/levels/west_coast_usa/art/shapes/objects/constructionbarrier_arrows.dae";
      dynamic = "0";
      playAmbient = "1";
      meshCulling = "0";
      originSort = "0";
      useInstanceRenderData = "1";
      instanceColor = "White";
      instanceColor1 = "White";
      instanceColor2 = "White";
      collisionType = "Collision Mesh";
      decalType = "Collision Mesh";
      prebuildCollisionData = "0";
      renderNormals = "0";
      forceDetail = "-1";
      position = "795.656494 -777.116821 164.419571";
      scale = "1 1 1";
      rotationMatrix = "-0.82075417 -0.567267179 -0.0676086396 0.570227385 -0.820669174 -0.0366495922 -0.034694206 -0.0686325952 0.997038543";
      isRenderEnabled = "false";
      canSave = "1";
      canSaveDynamicFields = "1";
      persistentId = "9f75755f-ab2f-4a68-8909-3940591cb1e9";
   };
   new TSStatic() {
      shapeName = "/levels/west_coast_usa/art/shapes/objects/constructionbarrier_arrows.dae";
      dynamic = "0";
      playAmbient = "1";
      meshCulling = "0";
      originSort = "0";
      useInstanceRenderData = "1";
      instanceColor = "White";
      instanceColor1 = "White";
      instanceColor2 = "White";
      collisionType = "Collision Mesh";
      decalType = "Collision Mesh";
      prebuildCollisionData = "0";
      renderNormals = "0";
      forceDetail = "-1";
      position = "796.710754 -778.636292 164.343704";
      scale = "1 1 1";
      rotationMatrix = "-0.820492625 -0.567033768 -0.0725548491 0.57021153 -0.82081902 -0.0333862044 -0.0406232998 -0.0687647611 0.996805489";
      isRenderEnabled = "false";
      canSave = "1";
      canSaveDynamicFields = "1";
      persistentId = "2d5d71e3-7e7b-470a-b99d-235716cb5c2c";
   };
   new TSStatic() {
      shapeName = "/levels/west_coast_usa/art/shapes/objects/constructionbarrier_arrows.dae";
      dynamic = "0";
      playAmbient = "1";
      meshCulling = "0";
      originSort = "0";
      useInstanceRenderData = "1";
      instanceColor = "White";
      instanceColor1 = "White";
      instanceColor2 = "White";
      collisionType = "Collision Mesh";
      decalType = "Collision Mesh";
      prebuildCollisionData = "0";
      renderNormals = "0";
      forceDetail = "-1";
      position = "797.77594 -780.169678 164.262634";
      scale = "1 1 1";
      rotationMatrix = "-0.820183516 -0.566394448 -0.0805966035 0.570214152 -0.820756435 -0.0348443836 -0.0464145318 -0.0745361298 0.996137559";
      isRenderEnabled = "false";
      canSave = "1";
      canSaveDynamicFields = "1";
      persistentId = "4b39db71-4282-4ae6-8e2f-fe947929c44d";
   };
   new TSStatic() {
      shapeName = "/levels/west_coast_usa/art/shapes/objects/constructionbarrier_arrows.dae";
      dynamic = "0";
      playAmbient = "1";
      meshCulling = "0";
      originSort = "0";
      useInstanceRenderData = "1";
      instanceColor = "White";
      instanceColor1 = "White";
      instanceColor2 = "White";
      collisionType = "Collision Mesh";
      decalType = "Collision Mesh";
      prebuildCollisionData = "0";
      renderNormals = "0";
      forceDetail = "-1";
      position = "798.721375 -781.799316 164.157425";
      scale = "1 1 1";
      rotationMatrix = "-0.898450494 -0.431852549 -0.079312548 0.436300188 -0.898362875 -0.0508604348 -0.0492872186 -0.0802996457 0.995551467";
      isRenderEnabled = "false";
      canSave = "1";
      canSaveDynamicFields = "1";
      persistentId = "00e735cf-aebb-405c-b5d7-a3b0a8fc9cc1";
   };
   new TSStatic() {
      shapeName = "/levels/west_coast_usa/art/shapes/objects/constructionbarrier_arrows.dae";
      dynamic = "0";
      playAmbient = "1";
      meshCulling = "0";
      originSort = "0";
      useInstanceRenderData = "1";
      instanceColor = "White";
      instanceColor1 = "White";
      instanceColor2 = "White";
      collisionType = "Collision Mesh";
      decalType = "Collision Mesh";
      prebuildCollisionData = "0";
      renderNormals = "0";
      forceDetail = "-1";
      position = "799.526489 -783.457153 164.03363";
      scale = "1 1 1";
      rotationMatrix = "-0.898348927 -0.431577832 -0.0819120482 0.437280804 -0.896351576 -0.0730698109 -0.0418866873 -0.101460755 0.993957341";
      isRenderEnabled = "false";
      canSave = "1";
      canSaveDynamicFields = "1";
      persistentId = "2781748d-973f-4794-9e2c-20d836566572";
   };
   new TSStatic() {
      shapeName = "/levels/west_coast_usa/art/shapes/objects/constructionbarrier_arrows.dae";
      dynamic = "0";
      playAmbient = "1";
      meshCulling = "0";
      originSort = "0";
      useInstanceRenderData = "1";
      instanceColor = "White";
      instanceColor1 = "White";
      instanceColor2 = "White";
      collisionType = "Collision Mesh";
      decalType = "Collision Mesh";
      prebuildCollisionData = "0";
      renderNormals = "0";
      forceDetail = "-1";
      position = "800.360352 -785.174683 163.902039";
      scale = "1 1 1";
      rotationMatrix = "-0.89787209 -0.430784434 -0.090828903 0.437479824 -0.896147728 -0.0743638799 -0.0493613407 -0.106505089 0.993086159";
      isRenderEnabled = "false";
      canSave = "1";
      canSaveDynamicFields = "1";
      persistentId = "8e1383f0-a491-4d48-a1fe-66b0f3e52e41";
   };
   new TSStatic() {
      shapeName = "/levels/west_coast_usa/art/shapes/objects/constructionbarrier_arrows.dae";
      dynamic = "0";
      playAmbient = "1";
      meshCulling = "0";
      originSort = "0";
      useInstanceRenderData = "1";
      instanceColor = "White";
      instanceColor1 = "White";
      instanceColor2 = "White";
      collisionType = "Collision Mesh";
      decalType = "Collision Mesh";
      prebuildCollisionData = "0";
      renderNormals = "0";
      forceDetail = "-1";
      position = "801.065857 -786.97168 163.761139";
      scale = "1 1 1";
      rotationMatrix = "-0.960164547 -0.265439749 -0.0873260945 0.273326874 -0.957122087 -0.095968388 -0.0581078976 -0.116014011 0.991546392";
      isRenderEnabled = "false";
      canSave = "1";
      canSaveDynamicFields = "1";
      persistentId = "8cc84bd4-69ec-4d60-8ca8-064074304b73";
   };
   new TSStatic() {
      shapeName = "/levels/west_coast_usa/art/shapes/objects/constructionbarrier_arrows.dae";
      dynamic = "0";
      playAmbient = "1";
      meshCulling = "0";
      originSort = "0";
      useInstanceRenderData = "1";
      instanceColor = "White";
      instanceColor1 = "White";
      instanceColor2 = "White";
      collisionType = "Collision Mesh";
      decalType = "Collision Mesh";
      prebuildCollisionData = "0";
      renderNormals = "0";
      forceDetail = "-1";
      position = "801.464722 -788.831299 163.60202";
      scale = "1 1 1";
      rotationMatrix = "-0.983392596 -0.1561919 -0.092426613 0.162344441 -0.984705091 -0.0632433966 -0.0811348706 -0.0771980509 0.993709028";
      isRenderEnabled = "false";
      canSave = "1";
      canSaveDynamicFields = "1";
      persistentId = "dc56940f-ab11-471d-b092-98620b88faf3";
   };
   new TSStatic() {
      shapeName = "/levels/west_coast_usa/art/shapes/objects/constructionbarrier_arrows.dae";
      dynamic = "0";
      playAmbient = "1";
      meshCulling = "0";
      originSort = "0";
      useInstanceRenderData = "1";
      instanceColor = "White";
      instanceColor1 = "White";
      instanceColor2 = "White";
      collisionType = "Collision Mesh";
      decalType = "Collision Mesh";
      prebuildCollisionData = "0";
      renderNormals = "0";
      forceDetail = "-1";
      position = "801.750671 -790.756592 163.432816";
      scale = "1 1 1";
      rotationMatrix = "-0.989148498 -0.110303283 -0.0970475972 0.116242096 -0.991536617 -0.0578164607 -0.0898489058 -0.0684700906 0.993598998";
      isRenderEnabled = "false";
      canSave = "1";
      canSaveDynamicFields = "1";
      persistentId = "c8c2b3a4-5eb4-43b7-ad72-c3a2ce428b34";
   };
   new TSStatic() {
      shapeName = "/levels/west_coast_usa/art/shapes/objects/constructionbarrier_arrows.dae";
      dynamic = "0";
      playAmbient = "1";
      meshCulling = "0";
      originSort = "0";
      useInstanceRenderData = "1";
      instanceColor = "White";
      instanceColor1 = "White";
      instanceColor2 = "White";
      collisionType = "Collision Mesh";
      decalType = "Collision Mesh";
      prebuildCollisionData = "0";
      renderNormals = "0";
      forceDetail = "-1";
      position = "801.898804 -792.64093 163.272186";
      scale = "1 1 1";
      rotationMatrix = "-0.995384455 -0.0276206769 -0.0919068903 0.0337374248 -0.997270226 -0.0656798407 -0.0898418874 -0.0684773996 0.993599176";
      isRenderEnabled = "false";
      canSave = "1";
      canSaveDynamicFields = "1";
      persistentId = "ab702cea-174f-4756-8a2a-358afad33a80";
   };
   new TSStatic() {
      shapeName = "/levels/west_coast_usa/art/shapes/objects/constructionbarrier_arrows.dae";
      dynamic = "0";
      playAmbient = "1";
      meshCulling = "0";
      originSort = "0";
      useInstanceRenderData = "1";
      instanceColor = "White";
      instanceColor1 = "White";
      instanceColor2 = "White";
      collisionType = "Collision Mesh";
      decalType = "Collision Mesh";
      prebuildCollisionData = "0";
      renderNormals = "0";
      forceDetail = "-1";
      position = "794.598328 -775.591614 164.483124";
      scale = "1 1 1";
      rotationMatrix = "-0.820927739 -0.567398489 -0.0643115491 0.569581926 -0.821653962 -0.0214645248 -0.0406629108 -0.0542515293 0.997699022";
      isRenderEnabled = "false";
      canSave = "1";
      canSaveDynamicFields = "1";
      persistentId = "f2296f01-54ca-4c1b-a213-5b0b79912bb1";
   };
   new TSStatic() {
      shapeName = "/levels/west_coast_usa/art/shapes/objects/constructionbarrier_arrows.dae";
      dynamic = "0";
      playAmbient = "1";
      meshCulling = "0";
      originSort = "0";
      useInstanceRenderData = "1";
      instanceColor = "White";
      instanceColor1 = "White";
      instanceColor2 = "White";
      collisionType = "Collision Mesh";
      decalType = "Collision Mesh";
      prebuildCollisionData = "0";
      renderNormals = "0";
      forceDetail = "-1";
      position = "793.539368 -774.063904 164.541977";
      scale = "1 1 1";
      rotationMatrix = "-0.821047306 -0.567328393 -0.06340231 0.56980294 -0.821213007 -0.0305625461 -0.0347277932 -0.0612201132 0.99751997";
      isRenderEnabled = "false";
      canSave = "1";
      canSaveDynamicFields = "1";
      persistentId = "25a1af68-69ca-4c18-975b-c7381463b493";
   };
};
//--- OBJECT WRITE END ---






