//--- OBJECT WRITE BEGIN ---
$ThisPrefab = new SimGroup() {
   canSave = "1";
   canSaveDynamicFields = "1";
      groupPosition = "0 0 0";

   new TSStatic() {
      shapeName = "/art/shapes/race/s_concrete_race_barrier.dae";
      dynamic = "0";
      playAmbient = "1";
      meshCulling = "0";
      originSort = "0";
      useInstanceRenderData = "1";
      instanceColor = "White";
      instanceColor1 = "White";
      instanceColor2 = "White";
      collisionType = "Collision Mesh";
      decalType = "Collision Mesh";
      prebuildCollisionData = "0";
      renderNormals = "0";
      forceDetail = "-1";
      position = "552.882202 -861.993713 158.467026";
      scale = "1 1 1";
      rotationMatrix = "-0.175529599 0.925728202 0.334987402 -0.950475097 -0.24800694 0.187322035 0.256488502 -0.28551662 0.92341423";
      isRenderEnabled = "false";
      canSave = "1";
      canSaveDynamicFields = "1";
      persistentId = "159f2bf3-04be-4c6b-a300-3cee9a172cef";
   };
   new TSStatic() {
      shapeName = "/art/shapes/race/s_concrete_race_barrier.dae";
      dynamic = "0";
      playAmbient = "1";
      meshCulling = "0";
      originSort = "0";
      useInstanceRenderData = "1";
      instanceColor = "White";
      instanceColor1 = "White";
      instanceColor2 = "White";
      collisionType = "Collision Mesh";
      decalType = "Collision Mesh";
      prebuildCollisionData = "0";
      renderNormals = "0";
      forceDetail = "-1";
      position = "549.165283 -861.935608 159.340164";
      scale = "1 1 1";
      rotationMatrix = "-0.177713871 0.945004046 0.274564266 -0.977059305 -0.202712536 0.0652929693 0.117359653 -0.256662071 0.959349394";
      isRenderEnabled = "false";
      canSave = "1";
      canSaveDynamicFields = "1";
      persistentId = "a20dbbf7-4d3e-43bb-b746-d740cdcf29a1";
   };
   new TSStatic() {
      shapeName = "/art/shapes/race/s_concrete_race_barrier.dae";
      dynamic = "0";
      playAmbient = "1";
      meshCulling = "0";
      originSort = "0";
      useInstanceRenderData = "1";
      instanceColor = "White";
      instanceColor1 = "White";
      instanceColor2 = "White";
      collisionType = "Collision Mesh";
      decalType = "Collision Mesh";
      prebuildCollisionData = "0";
      renderNormals = "0";
      forceDetail = "-1";
      position = "545.279419 -861.935608 159.67244";
      scale = "1 1 1";
      rotationMatrix = "-0.177455902 0.922147989 0.343733311 -0.982063055 -0.188549399 -0.00117070973 0.063731119 -0.337775528 0.939066589";
      isRenderEnabled = "false";
      canSave = "1";
      canSaveDynamicFields = "1";
      persistentId = "0eb9dcc2-c5a6-44ed-bb87-a9b78719be2f";
   };
   new TSStatic() {
      shapeName = "/art/shapes/race/s_concrete_race_barrier.dae";
      dynamic = "0";
      playAmbient = "1";
      meshCulling = "0";
      originSort = "0";
      useInstanceRenderData = "1";
      instanceColor = "White";
      instanceColor1 = "White";
      instanceColor2 = "White";
      collisionType = "Collision Mesh";
      decalType = "Collision Mesh";
      prebuildCollisionData = "0";
      renderNormals = "0";
      forceDetail = "-1";
      position = "541.018982 -861.935608 159.950806";
      scale = "1 1 1";
      rotationMatrix = "-0.116881847 0.913143754 0.390521258 -0.990654469 -0.135031104 0.0192391425 0.0703006983 -0.384622931 0.920392871";
      isRenderEnabled = "false";
      canSave = "1";
      canSaveDynamicFields = "1";
      persistentId = "db4d02a9-4f67-451a-883b-684dad95077c";
   };
   new TSStatic() {
      shapeName = "/art/shapes/race/s_concrete_race_barrier.dae";
      dynamic = "0";
      playAmbient = "1";
      meshCulling = "0";
      originSort = "0";
      useInstanceRenderData = "1";
      instanceColor = "White";
      instanceColor1 = "White";
      instanceColor2 = "White";
      collisionType = "Collision Mesh";
      decalType = "Collision Mesh";
      prebuildCollisionData = "0";
      renderNormals = "0";
      forceDetail = "-1";
      position = "748.072754 -790.112427 165.321503";
      scale = "1 1 1";
      rotationMatrix = "0.0297789574 -0.998228133 -0.0515131131 0.993193924 0.0353556275 -0.110975936 0.112600587 -0.0478577763 0.992487133";
      isRenderEnabled = "false";
      canSave = "1";
      canSaveDynamicFields = "1";
      persistentId = "423b7176-3012-464b-af59-8c178f45a4bf";
   };
   new TSStatic() {
      shapeName = "/art/shapes/race/s_concrete_race_barrier.dae";
      dynamic = "0";
      playAmbient = "1";
      meshCulling = "0";
      originSort = "0";
      useInstanceRenderData = "1";
      instanceColor = "White";
      instanceColor1 = "White";
      instanceColor2 = "White";
      collisionType = "Collision Mesh";
      decalType = "Collision Mesh";
      prebuildCollisionData = "0";
      renderNormals = "0";
      forceDetail = "-1";
      position = "744.665161 -790.112427 165.665115";
      scale = "1 1 1";
      rotationMatrix = "0.0250609517 -0.999560833 0.0158196948 0.994213223 0.0232670307 -0.104875095 0.104460955 0.0183564201 0.994359553";
      isRenderEnabled = "false";
      canSave = "1";
      canSaveDynamicFields = "1";
      persistentId = "90be83b0-cfa6-495e-bb75-2f3674981c9b";
   };
   new TSStatic() {
      shapeName = "/art/shapes/race/s_concrete_race_barrier.dae";
      dynamic = "0";
      playAmbient = "1";
      meshCulling = "0";
      originSort = "0";
      useInstanceRenderData = "1";
      instanceColor = "White";
      instanceColor1 = "White";
      instanceColor2 = "White";
      collisionType = "Collision Mesh";
      decalType = "Collision Mesh";
      prebuildCollisionData = "0";
      renderNormals = "0";
      forceDetail = "-1";
      position = "741.123779 -790.112427 165.961807";
      scale = "1 1 1";
      rotationMatrix = "0.0322313309 -0.997088075 0.069109045 0.99479568 0.0253167748 -0.0986917466 0.0966547802 0.071930334 0.992715418";
      isRenderEnabled = "false";
      canSave = "1";
      canSaveDynamicFields = "1";
      persistentId = "4c823010-f75e-446e-a424-74227c98fa2f";
   };
   new TSStatic() {
      shapeName = "/art/shapes/race/s_concrete_race_barrier.dae";
      dynamic = "0";
      playAmbient = "1";
      meshCulling = "0";
      originSort = "0";
      useInstanceRenderData = "1";
      instanceColor = "White";
      instanceColor1 = "White";
      instanceColor2 = "White";
      collisionType = "Collision Mesh";
      decalType = "Collision Mesh";
      prebuildCollisionData = "0";
      renderNormals = "0";
      forceDetail = "-1";
      position = "736.782593 -790.112427 166.361343";
      scale = "1 1 1";
      rotationMatrix = "0.0344731212 -0.995691717 0.086078994 0.994373858 0.0255401134 -0.102802247 0.100160889 0.0891386122 0.990970314";
      isRenderEnabled = "false";
      canSave = "1";
      canSaveDynamicFields = "1";
      persistentId = "1df4487e-5363-48d4-a631-69982f84e446";
   };
   new TSStatic() {
      shapeName = "/art/shapes/race/s_concrete_race_barrier.dae";
      dynamic = "0";
      playAmbient = "1";
      meshCulling = "0";
      originSort = "0";
      useInstanceRenderData = "1";
      instanceColor = "White";
      instanceColor1 = "White";
      instanceColor2 = "White";
      collisionType = "Collision Mesh";
      decalType = "Collision Mesh";
      prebuildCollisionData = "0";
      renderNormals = "0";
      forceDetail = "-1";
      position = "732.812317 -790.112427 166.755814";
      scale = "1 1 1";
      rotationMatrix = "0.0371227264 -0.994282722 0.100118473 0.994799495 0.0272603035 -0.0981362164 0.094845891 0.103240892 0.990124047";
      isRenderEnabled = "false";
      canSave = "1";
      canSaveDynamicFields = "1";
      persistentId = "38cdd2be-51ec-4e82-aae6-810ce8cf4340";
   };
   new TSStatic() {
      shapeName = "/art/shapes/race/s_concrete_race_barrier.dae";
      dynamic = "0";
      playAmbient = "1";
      meshCulling = "0";
      originSort = "0";
      useInstanceRenderData = "1";
      instanceColor = "White";
      instanceColor1 = "White";
      instanceColor2 = "White";
      collisionType = "Collision Mesh";
      decalType = "Collision Mesh";
      prebuildCollisionData = "0";
      renderNormals = "0";
      forceDetail = "-1";
      position = "727.603088 -790.112427 167.304306";
      scale = "1 1 1";
      rotationMatrix = "0.0398539901 -0.99266392 0.114150606 0.993928611 0.0276583433 -0.106496081 0.102557562 0.117701843 0.987738967";
      isRenderEnabled = "false";
      canSave = "1";
      canSaveDynamicFields = "1";
      persistentId = "3f3d1849-12cc-4445-aa8c-e55b90c3275f";
   };
   new TSStatic() {
      shapeName = "/art/shapes/race/s_concrete_race_barrier.dae";
      dynamic = "0";
      playAmbient = "1";
      meshCulling = "0";
      originSort = "0";
      useInstanceRenderData = "1";
      instanceColor = "White";
      instanceColor1 = "White";
      instanceColor2 = "White";
      collisionType = "Collision Mesh";
      decalType = "Collision Mesh";
      prebuildCollisionData = "0";
      renderNormals = "0";
      forceDetail = "-1";
      position = "722.283081 -790.112427 167.897949";
      scale = "1 1 1";
      rotationMatrix = "0.040835619 -0.992943883 0.111332193 0.993410468 0.0284051895 -0.111034594 0.107088715 0.115132727 0.987560868";
      isRenderEnabled = "false";
      canSave = "1";
      canSaveDynamicFields = "1";
      persistentId = "aee41c06-2547-4b6f-9fe1-2cea098feb24";
   };
   new TSStatic() {
      shapeName = "/art/shapes/race/s_concrete_race_barrier.dae";
      dynamic = "0";
      playAmbient = "1";
      meshCulling = "0";
      originSort = "0";
      useInstanceRenderData = "1";
      instanceColor = "White";
      instanceColor1 = "White";
      instanceColor2 = "White";
      collisionType = "Collision Mesh";
      decalType = "Collision Mesh";
      prebuildCollisionData = "0";
      renderNormals = "0";
      forceDetail = "-1";
      position = "716.826233 -790.112427 168.544998";
      scale = "1 1 1";
      rotationMatrix = "0.0404140353 -0.994895458 0.0924639702 0.992499113 0.0292856693 -0.118691616 0.115377888 0.0965672061 0.988616586";
      isRenderEnabled = "false";
      canSave = "1";
      canSaveDynamicFields = "1";
      persistentId = "a36b2d2f-32a5-44c6-9021-03dd8adb4c1d";
   };
   new TSStatic() {
      shapeName = "/art/shapes/race/s_concrete_race_barrier.dae";
      dynamic = "0";
      playAmbient = "1";
      meshCulling = "0";
      originSort = "0";
      useInstanceRenderData = "1";
      instanceColor = "White";
      instanceColor1 = "White";
      instanceColor2 = "White";
      collisionType = "Collision Mesh";
      decalType = "Collision Mesh";
      prebuildCollisionData = "0";
      renderNormals = "0";
      forceDetail = "-1";
      position = "710.317261 -790.112427 169.365906";
      scale = "1 1 1";
      rotationMatrix = "0.0436210632 -0.992803097 0.111530349 0.990355134 0.0282764435 -0.135635152 0.13150534 0.116371207 0.984461308";
      isRenderEnabled = "false";
      canSave = "1";
      canSaveDynamicFields = "1";
      persistentId = "e1dc86a6-ce07-461d-ad9f-635e4769dd88";
   };
   new TSStatic() {
      shapeName = "/art/shapes/race/s_concrete_race_barrier.dae";
      dynamic = "0";
      playAmbient = "1";
      meshCulling = "0";
      originSort = "0";
      useInstanceRenderData = "1";
      instanceColor = "White";
      instanceColor1 = "White";
      instanceColor2 = "White";
      collisionType = "Collision Mesh";
      decalType = "Collision Mesh";
      prebuildCollisionData = "0";
      renderNormals = "0";
      forceDetail = "-1";
      position = "696.626953 -774.940735 171.330551";
      scale = "1 1 1";
      rotationMatrix = "0.980575323 -0.13147895 -0.145551726 0.1278532 0.99120903 -0.0340320319 0.148746684 0.0147617143 0.988765121";
      isRenderEnabled = "false";
      canSave = "1";
      canSaveDynamicFields = "1";
      persistentId = "de24e15d-7984-4bfb-8ce4-58961a793d03";
   };
   new TSStatic() {
      shapeName = "/art/shapes/race/s_concrete_race_barrier.dae";
      dynamic = "0";
      playAmbient = "1";
      meshCulling = "0";
      originSort = "0";
      useInstanceRenderData = "1";
      instanceColor = "White";
      instanceColor1 = "White";
      instanceColor2 = "White";
      collisionType = "Collision Mesh";
      decalType = "Collision Mesh";
      prebuildCollisionData = "0";
      renderNormals = "0";
      forceDetail = "-1";
      position = "696.140564 -778.864624 171.44223";
      scale = "1 1 1";
      rotationMatrix = "0.980575204 -0.13147904 -0.14555265 0.128111079 0.99123317 -0.0323171169 0.14852564 0.0130424509 0.98882252";
      isRenderEnabled = "false";
      canSave = "1";
      canSaveDynamicFields = "1";
      persistentId = "0bb28efe-05e9-486a-a751-15f8fb5a5c87";
   };
};
//--- OBJECT WRITE END ---
