//--- OBJECT WRITE BEGIN ---
$ThisPrefab = new SimGroup() {
   canSave = "1";
   canSaveDynamicFields = "1";
      groupPosition = "0 0 0";

   new TSStatic() {
      shapeName = "/levels/west_coast_usa/art/shapes/objects/constructionbarrier_arrows.dae";
      dynamic = "0";
      playAmbient = "1";
      meshCulling = "0";
      originSort = "0";
      useInstanceRenderData = "1";
      instanceColor = "White";
      instanceColor1 = "White";
      instanceColor2 = "White";
      collisionType = "Collision Mesh";
      decalType = "Collision Mesh";
      prebuildCollisionData = "0";
      renderNormals = "0";
      forceDetail = "-1";
      position = "509.509583 -837.746521 167.38446";
      scale = "1 1 1";
      rotationMatrix = "-0.975899577 -0.15635857 0.152222365 0.120824404 -0.968046427 -0.219743431 0.181717128 -0.196055382 0.963608384";
      isRenderEnabled = "false";
      canSave = "1";
      canSaveDynamicFields = "1";
      persistentId = "be7661c8-67bf-493d-937a-4f6fd1def073";
   };
   new TSStatic() {
      shapeName = "/levels/west_coast_usa/art/shapes/objects/constructionbarrier_arrows.dae";
      dynamic = "0";
      playAmbient = "1";
      meshCulling = "0";
      originSort = "0";
      useInstanceRenderData = "1";
      instanceColor = "White";
      instanceColor1 = "White";
      instanceColor2 = "White";
      collisionType = "Collision Mesh";
      decalType = "Collision Mesh";
      prebuildCollisionData = "0";
      renderNormals = "0";
      forceDetail = "-1";
      position = "509.753418 -839.631836 167.011017";
      scale = "1 1 1";
      rotationMatrix = "-0.975899816 -0.156358615 0.152222425 0.134309515 -0.98016417 -0.145737201 0.171990216 -0.121779978 0.977542341";
      isRenderEnabled = "false";
      canSave = "1";
      canSaveDynamicFields = "1";
      persistentId = "c75fe449-3f74-4b30-b1a7-d211785a0c95";
   };
   new TSStatic() {
      shapeName = "/levels/west_coast_usa/art/shapes/objects/constructionbarrier_arrows.dae";
      dynamic = "0";
      playAmbient = "1";
      meshCulling = "0";
      originSort = "0";
      useInstanceRenderData = "1";
      instanceColor = "White";
      instanceColor1 = "White";
      instanceColor2 = "White";
      collisionType = "Collision Mesh";
      decalType = "Collision Mesh";
      prebuildCollisionData = "0";
      renderNormals = "0";
      forceDetail = "-1";
      position = "510.009766 -841.502625 166.73288";
      scale = "1 1 1";
      rotationMatrix = "-0.975899816 -0.156358615 0.152222425 0.134309515 -0.98016417 -0.145737201 0.171990216 -0.121779978 0.977542341";
      isRenderEnabled = "false";
      canSave = "1";
      canSaveDynamicFields = "1";
      persistentId = "97fe08ad-0e86-4e95-8576-0bc96715ade4";
   };
   new TSStatic() {
      shapeName = "/levels/west_coast_usa/art/shapes/objects/constructionbarrier_arrows.dae";
      dynamic = "0";
      playAmbient = "1";
      meshCulling = "0";
      originSort = "0";
      useInstanceRenderData = "1";
      instanceColor = "White";
      instanceColor1 = "White";
      instanceColor2 = "White";
      collisionType = "Collision Mesh";
      decalType = "Collision Mesh";
      prebuildCollisionData = "0";
      renderNormals = "0";
      forceDetail = "-1";
      position = "510.367676 -843.335632 166.473953";
      scale = "1 1 1";
      rotationMatrix = "-0.960881233 -0.231247872 0.152418643 0.208797932 -0.966401458 -0.149904683 0.181962758 -0.112215921 0.976881325";
      isRenderEnabled = "false";
      canSave = "1";
      canSaveDynamicFields = "1";
      persistentId = "a162b377-4124-4be1-8571-44b0927fa3e9";
   };
   new TSStatic() {
      shapeName = "/levels/west_coast_usa/art/shapes/objects/constructionbarrier_arrows.dae";
      dynamic = "0";
      playAmbient = "1";
      meshCulling = "0";
      originSort = "0";
      useInstanceRenderData = "1";
      instanceColor = "White";
      instanceColor1 = "White";
      instanceColor2 = "White";
      collisionType = "Collision Mesh";
      decalType = "Collision Mesh";
      prebuildCollisionData = "0";
      renderNormals = "0";
      forceDetail = "-1";
      position = "510.96933 -845.098206 166.191833";
      scale = "1 1 1";
      rotationMatrix = "-0.902374625 -0.413472086 0.121492438 0.393987328 -0.905746222 -0.156196102 0.174624085 -0.0930809528 0.980225682";
      isRenderEnabled = "false";
      canSave = "1";
      canSaveDynamicFields = "1";
      persistentId = "bb57d904-4531-42fc-aa91-83671c9a7da0";
   };
   new TSStatic() {
      shapeName = "/levels/west_coast_usa/art/shapes/objects/constructionbarrier_arrows.dae";
      dynamic = "0";
      playAmbient = "1";
      meshCulling = "0";
      originSort = "0";
      useInstanceRenderData = "1";
      instanceColor = "White";
      instanceColor1 = "White";
      instanceColor2 = "White";
      collisionType = "Collision Mesh";
      decalType = "Collision Mesh";
      prebuildCollisionData = "0";
      renderNormals = "0";
      forceDetail = "-1";
      position = "511.792084 -846.757568 165.88588";
      scale = "1 1 1";
      rotationMatrix = "-0.849399209 -0.509200156 0.138695061 0.485690504 -0.857037544 -0.172021717 0.206460357 -0.078752242 0.975280583";
      isRenderEnabled = "false";
      canSave = "1";
      canSaveDynamicFields = "1";
      persistentId = "f0c0e1c3-0641-44d5-9259-dbf8834c7655";
   };
   new TSStatic() {
      shapeName = "/levels/west_coast_usa/art/shapes/objects/constructionbarrier_arrows.dae";
      dynamic = "0";
      playAmbient = "1";
      meshCulling = "0";
      originSort = "0";
      useInstanceRenderData = "1";
      instanceColor = "White";
      instanceColor1 = "White";
      instanceColor2 = "White";
      collisionType = "Collision Mesh";
      decalType = "Collision Mesh";
      prebuildCollisionData = "0";
      renderNormals = "0";
      forceDetail = "-1";
      position = "512.902771 -848.302795 165.602936";
      scale = "1 1 1";
      rotationMatrix = "-0.69282794 -0.704921663 0.151903436 0.687614024 -0.709278107 -0.155278265 0.217200831 -0.00313021243 0.976121902";
      isRenderEnabled = "false";
      canSave = "1";
      canSaveDynamicFields = "1";
      persistentId = "3c8f0074-0573-4f9b-84c1-8bad61886277";
   };
   new TSStatic() {
      shapeName = "/levels/west_coast_usa/art/shapes/objects/constructionbarrier_arrows.dae";
      dynamic = "0";
      playAmbient = "1";
      meshCulling = "0";
      originSort = "0";
      useInstanceRenderData = "1";
      instanceColor = "White";
      instanceColor1 = "White";
      instanceColor2 = "White";
      collisionType = "Collision Mesh";
      decalType = "Collision Mesh";
      prebuildCollisionData = "0";
      renderNormals = "0";
      forceDetail = "-1";
      position = "514.299072 -849.550537 165.345444";
      scale = "1 1 1";
      rotationMatrix = "-0.582813501 -0.793968856 0.173035905 0.784905255 -0.605159521 -0.133061111 0.210360751 0.0582669713 0.975885928";
      isRenderEnabled = "false";
      canSave = "1";
      canSaveDynamicFields = "1";
      persistentId = "fe64fae1-0398-448c-8ca1-53f03b2d2282";
   };
   new TSStatic() {
      shapeName = "/levels/west_coast_usa/art/shapes/objects/constructionbarrier_arrows.dae";
      dynamic = "0";
      playAmbient = "1";
      meshCulling = "0";
      originSort = "0";
      useInstanceRenderData = "1";
      instanceColor = "White";
      instanceColor1 = "White";
      instanceColor2 = "White";
      collisionType = "Collision Mesh";
      decalType = "Collision Mesh";
      prebuildCollisionData = "0";
      renderNormals = "0";
      forceDetail = "-1";
      position = "515.868103 -850.631165 165.075302";
      scale = "1 1 1";
      rotationMatrix = "-0.488991618 -0.860027194 0.145740226 0.857761383 -0.504454136 -0.0988486707 0.15853183 0.0766741633 0.984372258";
      isRenderEnabled = "false";
      canSave = "1";
      canSaveDynamicFields = "1";
      persistentId = "3a3058b5-95fa-4a51-ad58-7149a5856dff";
   };
   new TSStatic() {
      shapeName = "/levels/west_coast_usa/art/shapes/objects/constructionbarrier_arrows.dae";
      dynamic = "0";
      playAmbient = "1";
      meshCulling = "0";
      originSort = "0";
      useInstanceRenderData = "1";
      instanceColor = "White";
      instanceColor1 = "White";
      instanceColor2 = "White";
      collisionType = "Collision Mesh";
      decalType = "Collision Mesh";
      prebuildCollisionData = "0";
      renderNormals = "0";
      forceDetail = "-1";
      position = "517.511841 -851.547363 164.958878";
      scale = "1 1 1";
      rotationMatrix = "-0.458449364 -0.872539043 0.16881755 0.877604485 -0.474422216 -0.0688000768 0.140121609 0.116613701 0.983243167";
      isRenderEnabled = "false";
      canSave = "1";
      canSaveDynamicFields = "1";
      persistentId = "37db1ef7-ee51-403d-970e-98124012d1c8";
   };
   new TSStatic() {
      shapeName = "/levels/west_coast_usa/art/shapes/objects/constructionbarrier_arrows.dae";
      dynamic = "0";
      playAmbient = "1";
      meshCulling = "0";
      originSort = "0";
      useInstanceRenderData = "1";
      instanceColor = "White";
      instanceColor1 = "White";
      instanceColor2 = "White";
      collisionType = "Collision Mesh";
      decalType = "Collision Mesh";
      prebuildCollisionData = "0";
      renderNormals = "0";
      forceDetail = "-1";
      position = "519.17511 -852.449585 164.822556";
      scale = "1 1 1";
      rotationMatrix = "-0.428519011 -0.880410433 0.203097507 0.884770393 -0.454452157 -0.103218921 0.183173165 0.135463402 0.973702848";
      isRenderEnabled = "false";
      canSave = "1";
      canSaveDynamicFields = "1";
      persistentId = "2019302d-5e6e-46dd-b225-101943866da5";
   };
   new TSStatic() {
      shapeName = "/levels/west_coast_usa/art/shapes/objects/constructionbarrier_arrows.dae";
      dynamic = "0";
      playAmbient = "1";
      meshCulling = "0";
      originSort = "0";
      useInstanceRenderData = "1";
      instanceColor = "White";
      instanceColor1 = "White";
      instanceColor2 = "White";
      collisionType = "Collision Mesh";
      decalType = "Collision Mesh";
      prebuildCollisionData = "0";
      renderNormals = "0";
      forceDetail = "-1";
      position = "520.867554 -853.29541 164.584579";
      scale = "1 1 1";
      rotationMatrix = "-0.458077908 -0.874475837 0.15955171 0.869548559 -0.478082061 -0.123785995 0.184526652 0.082034342 0.979397893";
      isRenderEnabled = "false";
      canSave = "1";
      canSaveDynamicFields = "1";
      persistentId = "3cf5faf1-9b74-4946-b63e-616a9c3f119c";
   };
   new TSStatic() {
      shapeName = "/levels/west_coast_usa/art/shapes/objects/constructionbarrier_arrows.dae";
      dynamic = "0";
      playAmbient = "1";
      meshCulling = "0";
      originSort = "0";
      useInstanceRenderData = "1";
      instanceColor = "White";
      instanceColor1 = "White";
      instanceColor2 = "White";
      collisionType = "Collision Mesh";
      decalType = "Collision Mesh";
      prebuildCollisionData = "0";
      renderNormals = "0";
      forceDetail = "-1";
      position = "522.551819 -854.113831 164.333542";
      scale = "1 1 1";
      rotationMatrix = "-0.447640538 -0.888618946 0.0998691171 0.874725223 -0.458334684 -0.157431304 0.185669973 0.0168853775 0.982467055";
      isRenderEnabled = "false";
      canSave = "1";
      canSaveDynamicFields = "1";
      persistentId = "309c85da-f82e-42d1-a3f1-20809445b7d9";
   };
   new TSStatic() {
      shapeName = "/levels/west_coast_usa/art/shapes/objects/constructionbarrier_arrows.dae";
      dynamic = "0";
      playAmbient = "1";
      meshCulling = "0";
      originSort = "0";
      useInstanceRenderData = "1";
      instanceColor = "White";
      instanceColor1 = "White";
      instanceColor2 = "White";
      collisionType = "Collision Mesh";
      decalType = "Collision Mesh";
      prebuildCollisionData = "0";
      renderNormals = "0";
      forceDetail = "-1";
      position = "560.138184 -879.735168 154.73111";
      scale = "1 1 1";
      rotationMatrix = "-0.856306076 -0.508048654 -0.0928785056 0.51619494 -0.836044908 -0.185934827 0.0168133564 -0.207160547 0.978162467";
      isRenderEnabled = "false";
      canSave = "1";
      canSaveDynamicFields = "1";
      persistentId = "c8647f78-0dae-4336-8337-b5cfcfee8330";
   };
   new TSStatic() {
      shapeName = "/levels/west_coast_usa/art/shapes/objects/constructionbarrier_arrows.dae";
      dynamic = "0";
      playAmbient = "1";
      meshCulling = "0";
      originSort = "0";
      useInstanceRenderData = "1";
      instanceColor = "White";
      instanceColor1 = "White";
      instanceColor2 = "White";
      collisionType = "Collision Mesh";
      decalType = "Collision Mesh";
      prebuildCollisionData = "0";
      renderNormals = "0";
      forceDetail = "-1";
      position = "561.321167 -881.255798 154.458221";
      scale = "1 1 1";
      rotationMatrix = "-0.715774179 -0.690040827 -0.107286945 0.698327541 -0.707788587 -0.106646672 -0.00234593078 -0.151256397 0.988491774";
      isRenderEnabled = "false";
      canSave = "1";
      canSaveDynamicFields = "1";
      persistentId = "d4cc7e73-7794-4f84-8629-05f0dd09a77d";
   };
   new TSStatic() {
      shapeName = "/levels/west_coast_usa/art/shapes/objects/constructionbarrier_arrows.dae";
      dynamic = "0";
      playAmbient = "1";
      meshCulling = "0";
      originSort = "0";
      useInstanceRenderData = "1";
      instanceColor = "White";
      instanceColor1 = "White";
      instanceColor2 = "White";
      collisionType = "Collision Mesh";
      decalType = "Collision Mesh";
      prebuildCollisionData = "0";
      renderNormals = "0";
      forceDetail = "-1";
      position = "562.592468 -882.632019 154.276947";
      scale = "1 1 1";
      rotationMatrix = "-0.757499099 -0.645200431 -0.0995541885 0.652618825 -0.752322555 -0.0899942368 -0.0168325603 -0.133141518 0.990954101";
      isRenderEnabled = "false";
      canSave = "1";
      canSaveDynamicFields = "1";
      persistentId = "a7f1b2be-72b6-4c00-b059-354767f2fc8b";
   };
   new TSStatic() {
      shapeName = "/levels/west_coast_usa/art/shapes/objects/constructionbarrier_arrows.dae";
      dynamic = "0";
      playAmbient = "1";
      meshCulling = "0";
      originSort = "0";
      useInstanceRenderData = "1";
      instanceColor = "White";
      instanceColor1 = "White";
      instanceColor2 = "White";
      collisionType = "Collision Mesh";
      decalType = "Collision Mesh";
      prebuildCollisionData = "0";
      renderNormals = "0";
      forceDetail = "-1";
      position = "563.86377 -883.994019 154.131607";
      scale = "1 1 1";
      rotationMatrix = "-0.722068071 -0.684417367 -0.100946337 0.691631556 -0.717564464 -0.0821373239 -0.0162193067 -0.12912643 0.99149549";
      isRenderEnabled = "false";
      canSave = "1";
      canSaveDynamicFields = "1";
      persistentId = "5ad6d42f-36b3-46d8-8631-dd214f81ac25";
   };
   new TSStatic() {
      shapeName = "/levels/west_coast_usa/art/shapes/objects/constructionbarrier_arrows.dae";
      dynamic = "0";
      playAmbient = "1";
      meshCulling = "0";
      originSort = "0";
      useInstanceRenderData = "1";
      instanceColor = "White";
      instanceColor1 = "White";
      instanceColor2 = "White";
      collisionType = "Collision Mesh";
      decalType = "Collision Mesh";
      prebuildCollisionData = "0";
      renderNormals = "0";
      forceDetail = "-1";
      position = "565.185242 -885.417358 154.033691";
      scale = "1 1 1";
      rotationMatrix = "-0.736286521 -0.672401667 -0.0758808702 0.676312923 -0.734897971 -0.0502563938 -0.0219722185 -0.0883223191 0.995849609";
      isRenderEnabled = "false";
      canSave = "1";
      canSaveDynamicFields = "1";
      persistentId = "e70c3c93-a62b-4620-b81e-2337b1594b21";
   };
   new TSStatic() {
      shapeName = "/levels/west_coast_usa/art/shapes/objects/constructionbarrier_arrows.dae";
      dynamic = "0";
      playAmbient = "1";
      meshCulling = "0";
      originSort = "0";
      useInstanceRenderData = "1";
      instanceColor = "White";
      instanceColor1 = "White";
      instanceColor2 = "White";
      collisionType = "Collision Mesh";
      decalType = "Collision Mesh";
      prebuildCollisionData = "0";
      renderNormals = "0";
      forceDetail = "-1";
      position = "566.436218 -886.838928 153.972565";
      scale = "1 1 1";
      rotationMatrix = "-0.732012391 -0.680502594 -0.0327635482 0.681265652 -0.731552482 -0.0266016889 -0.00586573966 -0.0417934582 0.99910903";
      isRenderEnabled = "false";
      canSave = "1";
      canSaveDynamicFields = "1";
      persistentId = "667cf2db-2bdc-40ed-8236-49fe9d44169b";
   };
   new TSStatic() {
      shapeName = "/levels/west_coast_usa/art/shapes/objects/constructionbarrier_arrows.dae";
      dynamic = "0";
      playAmbient = "1";
      meshCulling = "0";
      originSort = "0";
      useInstanceRenderData = "1";
      instanceColor = "White";
      instanceColor1 = "White";
      instanceColor2 = "White";
      collisionType = "Collision Mesh";
      decalType = "Collision Mesh";
      prebuildCollisionData = "0";
      renderNormals = "0";
      forceDetail = "-1";
      position = "567.677307 -888.224487 153.931137";
      scale = "1 1 1";
      rotationMatrix = "-0.731636047 -0.681695223 -6.43189996e-05 0.681421518 -0.731339693 -0.0284030624 0.0193151943 -0.0208245367 0.999596536";
      isRenderEnabled = "false";
      canSave = "1";
      canSaveDynamicFields = "1";
      persistentId = "690f9365-13d0-425a-bc7a-991919c85d8f";
   };
   new TSStatic() {
      shapeName = "/levels/west_coast_usa/art/shapes/objects/constructionbarrier_arrows.dae";
      dynamic = "0";
      playAmbient = "1";
      meshCulling = "0";
      originSort = "0";
      useInstanceRenderData = "1";
      instanceColor = "White";
      instanceColor1 = "White";
      instanceColor2 = "White";
      collisionType = "Collision Mesh";
      decalType = "Collision Mesh";
      prebuildCollisionData = "0";
      renderNormals = "0";
      forceDetail = "-1";
      position = "568.921997 -889.686523 153.925171";
      scale = "1 1 1";
      rotationMatrix = "-0.732190967 -0.676337004 0.0804017261 0.678323507 -0.734755039 -0.00347906724 0.0614285991 0.051991038 0.996756494";
      isRenderEnabled = "false";
      canSave = "1";
      canSaveDynamicFields = "1";
      persistentId = "60fe5d83-72b0-4eee-b796-0f7f6b4ed46c";
   };
   new TSStatic() {
      shapeName = "/levels/west_coast_usa/art/shapes/objects/arrowboard_L.dae";
      dynamic = "0";
      playAmbient = "1";
      meshCulling = "0";
      originSort = "0";
      useInstanceRenderData = "1";
      instanceColor = "White";
      instanceColor1 = "White";
      instanceColor2 = "White";
      collisionType = "Collision Mesh";
      decalType = "Collision Mesh";
      prebuildCollisionData = "0";
      renderNormals = "0";
      forceDetail = "-1";
      position = "593.504944 -893.950928 154.006409";
      scale = "1 1 1";
      rotationMatrix = "-0.341765046 0.939706028 -0.0121979779 -0.939378202 -0.341206312 0.0338593647 0.027655825 0.0230304711 0.999352157";
      isRenderEnabled = "false";
      canSave = "1";
      canSaveDynamicFields = "1";
      persistentId = "46fbb3ea-b25c-4392-9013-cf358a132df2";
   };
   new TSStatic() {
      shapeName = "/levels/west_coast_usa/art/shapes/objects/arrowboard_L.dae";
      dynamic = "0";
      playAmbient = "1";
      meshCulling = "0";
      originSort = "0";
      useInstanceRenderData = "1";
      instanceColor = "White";
      instanceColor1 = "White";
      instanceColor2 = "White";
      collisionType = "Collision Mesh";
      decalType = "Collision Mesh";
      prebuildCollisionData = "0";
      renderNormals = "0";
      forceDetail = "-1";
      position = "803.523865 -780.329163 164.584381";
      scale = "1 1 1";
      rotationMatrix = "-0.736061454 -0.670432866 -0.0934509039 0.675184548 -0.737014055 -0.030593181 -0.0483639687 -0.0856150761 0.995153725";
      isRenderEnabled = "false";
      canSave = "1";
      canSaveDynamicFields = "1";
      persistentId = "f40c04eb-1196-4888-8fcc-c9b91f6f991c";
   };
   new TSStatic() {
      shapeName = "/levels/west_coast_usa/art/shapes/objects/arrowboard_L.dae";
      dynamic = "0";
      playAmbient = "1";
      meshCulling = "0";
      originSort = "0";
      useInstanceRenderData = "1";
      instanceColor = "White";
      instanceColor1 = "White";
      instanceColor2 = "White";
      collisionType = "Collision Mesh";
      decalType = "Collision Mesh";
      prebuildCollisionData = "0";
      renderNormals = "0";
      forceDetail = "-1";
      position = "807.974243 -787.918457 164.325455";
      scale = "1 1 1";
      rotationMatrix = "-0.857881427 -0.500810623 -0.115015127 0.505845904 -0.862442493 -0.017697053 -0.0903310403 -0.073361896 0.993206084";
      isRenderEnabled = "false";
      canSave = "1";
      canSaveDynamicFields = "1";
      persistentId = "e254cae1-faa8-4de1-85fa-083af3aa6169";
   };
   new TSStatic() {
      shapeName = "/levels/west_coast_usa/art/shapes/objects/arrowboard_L.dae";
      dynamic = "0";
      playAmbient = "1";
      meshCulling = "0";
      originSort = "0";
      useInstanceRenderData = "1";
      instanceColor = "White";
      instanceColor1 = "White";
      instanceColor2 = "White";
      collisionType = "Collision Mesh";
      decalType = "Collision Mesh";
      prebuildCollisionData = "0";
      renderNormals = "0";
      forceDetail = "-1";
      position = "558.654541 -885.161682 153.856781";
      scale = "1 1 1";
      rotationMatrix = "0.577674925 0.805789649 0.130363554 -0.815438926 0.576873124 0.0477143452 -0.0367555097 -0.133866906 0.990317464";
      isRenderEnabled = "false";
      canSave = "1";
      canSaveDynamicFields = "1";
      persistentId = "db0c4aec-21a1-4ac1-913a-882eaa3473d5";
   };
   new TSStatic() {
      shapeName = "/levels/west_coast_usa/art/shapes/objects/arrowboard_L.dae";
      dynamic = "0";
      playAmbient = "1";
      meshCulling = "0";
      originSort = "0";
      useInstanceRenderData = "1";
      instanceColor = "White";
      instanceColor1 = "White";
      instanceColor2 = "White";
      collisionType = "Collision Mesh";
      decalType = "Collision Mesh";
      prebuildCollisionData = "0";
      renderNormals = "0";
      forceDetail = "-1";
      position = "562.652832 -889.470947 153.638367";
      scale = "1 1 1";
      rotationMatrix = "0.578140616 0.809434831 0.102803811 -0.813082039 0.582057357 -0.0103284083 -0.0681978911 -0.0776166767 0.994648039";
      isRenderEnabled = "false";
      canSave = "1";
      canSaveDynamicFields = "1";
      persistentId = "d1c8a9d2-577c-4298-a5aa-4fc9b8d872bd";
   };
   new TSStatic() {
      shapeName = "/levels/west_coast_usa/art/shapes/objects/arrowboard_L.dae";
      dynamic = "0";
      playAmbient = "1";
      meshCulling = "0";
      originSort = "0";
      useInstanceRenderData = "1";
      instanceColor = "White";
      instanceColor1 = "White";
      instanceColor2 = "White";
      collisionType = "Collision Mesh";
      decalType = "Collision Mesh";
      prebuildCollisionData = "0";
      renderNormals = "0";
      forceDetail = "-1";
      position = "648.646729 -847.125732 156.443771";
      scale = "1 1 1";
      rotationMatrix = "-0.874407887 -0.480303884 -0.0686970279 0.483896077 -0.87362802 -0.0511759073 -0.0354356542 -0.0779908299 0.996324122";
      isRenderEnabled = "false";
      canSave = "1";
      canSaveDynamicFields = "1";
      persistentId = "95e3511f-f86f-4929-b6c4-c8431aaa0994";
   };
   new TSStatic() {
      shapeName = "/levels/west_coast_usa/art/shapes/objects/arrowboard_L.dae";
      dynamic = "0";
      playAmbient = "1";
      meshCulling = "0";
      originSort = "0";
      useInstanceRenderData = "1";
      instanceColor = "White";
      instanceColor1 = "White";
      instanceColor2 = "White";
      collisionType = "Collision Mesh";
      decalType = "Collision Mesh";
      prebuildCollisionData = "0";
      renderNormals = "0";
      forceDetail = "-1";
      position = "648.676392 -854.070007 155.873535";
      scale = "1 1 1";
      rotationMatrix = "-0.873725772 -0.47910279 -0.084043622 0.484469533 -0.872588396 -0.0622770265 -0.0434984006 -0.0951296315 0.994514048";
      isRenderEnabled = "false";
      canSave = "1";
      canSaveDynamicFields = "1";
      persistentId = "8e25d81d-e329-46ac-a9dd-d5b42c5e1613";
   };
   new TSStatic() {
      shapeName = "/levels/west_coast_usa/art/shapes/objects/constructionbarrier_arrows.dae";
      dynamic = "0";
      playAmbient = "1";
      meshCulling = "0";
      originSort = "0";
      useInstanceRenderData = "1";
      instanceColor = "White";
      instanceColor1 = "White";
      instanceColor2 = "White";
      collisionType = "Collision Mesh";
      decalType = "Collision Mesh";
      prebuildCollisionData = "0";
      renderNormals = "0";
      forceDetail = "-1";
      position = "793.684265 -774.105103 164.554138";
      scale = "1 1 1";
      rotationMatrix = "0.805111468 0.589683175 0.0637909323 -0.592354178 0.804879308 0.0358575918 -0.0301993825 -0.0666561872 0.997318864";
      isRenderEnabled = "false";
      canSave = "1";
      canSaveDynamicFields = "1";
      persistentId = "217e4d13-5409-460f-af6c-1bb1274165df";
   };
   new TSStatic() {
      shapeName = "/levels/west_coast_usa/art/shapes/objects/constructionbarrier_arrows.dae";
      dynamic = "0";
      playAmbient = "1";
      meshCulling = "0";
      originSort = "0";
      useInstanceRenderData = "1";
      instanceColor = "White";
      instanceColor1 = "White";
      instanceColor2 = "White";
      collisionType = "Collision Mesh";
      decalType = "Collision Mesh";
      prebuildCollisionData = "0";
      renderNormals = "0";
      forceDetail = "-1";
      position = "794.754883 -775.656311 164.488159";
      scale = "1 1 1";
      rotationMatrix = "0.840240479 0.538479745 0.0635261685 -0.540687144 0.840890229 0.0236881897 -0.0406629294 -0.0542515516 0.997699022";
      isRenderEnabled = "false";
      canSave = "1";
      canSaveDynamicFields = "1";
      persistentId = "dd194e37-5b2d-4b54-8ed7-aff0e89bfa3b";
   };
   new TSStatic() {
      shapeName = "/levels/west_coast_usa/art/shapes/objects/constructionbarrier_arrows.dae";
      dynamic = "0";
      playAmbient = "1";
      meshCulling = "0";
      originSort = "0";
      useInstanceRenderData = "1";
      instanceColor = "White";
      instanceColor1 = "White";
      instanceColor2 = "White";
      collisionType = "Collision Mesh";
      decalType = "Collision Mesh";
      prebuildCollisionData = "0";
      renderNormals = "0";
      forceDetail = "-1";
      position = "801.785706 -792.647705 163.287872";
      scale = "1 1 1";
      rotationMatrix = "0.995912552 0.00314432359 0.0902677551 -0.00930549763 0.997647703 0.067915 -0.0898418799 -0.0684773847 0.993599176";
      isRenderEnabled = "false";
      canSave = "1";
      canSaveDynamicFields = "1";
      persistentId = "edfa136f-1f92-4e0f-91ed-42b76eb3af75";
   };
   new TSStatic() {
      shapeName = "/levels/west_coast_usa/art/shapes/objects/constructionbarrier_arrows.dae";
      dynamic = "0";
      playAmbient = "1";
      meshCulling = "0";
      originSort = "0";
      useInstanceRenderData = "1";
      instanceColor = "White";
      instanceColor1 = "White";
      instanceColor2 = "White";
      collisionType = "Collision Mesh";
      decalType = "Collision Mesh";
      prebuildCollisionData = "0";
      renderNormals = "0";
      forceDetail = "-1";
      position = "801.637573 -790.763367 163.448502";
      scale = "1 1 1";
      rotationMatrix = "0.985248566 0.140232816 0.0980815366 -0.149296269 0.984491348 0.092126824 -0.0836412236 -0.10541103 0.990904987";
      isRenderEnabled = "false";
      canSave = "1";
      canSaveDynamicFields = "1";
      persistentId = "60ac284d-68b5-4eb3-be18-046eaa9b22d4";
   };
   new TSStatic() {
      shapeName = "/levels/west_coast_usa/art/shapes/objects/constructionbarrier_arrows.dae";
      dynamic = "0";
      playAmbient = "1";
      meshCulling = "0";
      originSort = "0";
      useInstanceRenderData = "1";
      instanceColor = "White";
      instanceColor1 = "White";
      instanceColor2 = "White";
      collisionType = "Collision Mesh";
      decalType = "Collision Mesh";
      prebuildCollisionData = "0";
      renderNormals = "0";
      forceDetail = "-1";
      position = "801.36676 -788.945801 163.585815";
      scale = "1 1 1";
      rotationMatrix = "0.989271879 0.115281999 0.0897284299 -0.122036129 0.98977685 0.0738167316 -0.0803013891 -0.0839749277 0.993227005";
      isRenderEnabled = "false";
      canSave = "1";
      canSaveDynamicFields = "1";
      persistentId = "14d06a54-fb01-49ad-bde6-1da7237eb756";
   };
   new TSStatic() {
      shapeName = "/levels/west_coast_usa/art/shapes/objects/constructionbarrier_arrows.dae";
      dynamic = "0";
      playAmbient = "1";
      meshCulling = "0";
      originSort = "0";
      useInstanceRenderData = "1";
      instanceColor = "White";
      instanceColor1 = "White";
      instanceColor2 = "White";
      collisionType = "Collision Mesh";
      decalType = "Collision Mesh";
      prebuildCollisionData = "0";
      renderNormals = "0";
      forceDetail = "-1";
      position = "800.981018 -787.072327 163.755661";
      scale = "1 1 1";
      rotationMatrix = "0.959613085 0.267363399 0.0875188187 -0.274541944 0.957905531 0.0839268565 -0.0613957867 -0.10456489 0.992621124";
      isRenderEnabled = "false";
      canSave = "1";
      canSaveDynamicFields = "1";
      persistentId = "d94bf546-2033-4340-8ff8-2b2ac5e61c6d";
   };
   new TSStatic() {
      shapeName = "/levels/west_coast_usa/art/shapes/objects/constructionbarrier_arrows.dae";
      dynamic = "0";
      playAmbient = "1";
      meshCulling = "0";
      originSort = "0";
      useInstanceRenderData = "1";
      instanceColor = "White";
      instanceColor1 = "White";
      instanceColor2 = "White";
      collisionType = "Collision Mesh";
      decalType = "Collision Mesh";
      prebuildCollisionData = "0";
      renderNormals = "0";
      forceDetail = "-1";
      position = "800.385132 -785.273865 163.890717";
      scale = "1 1 1";
      rotationMatrix = "0.936537087 0.341051102 0.08113195 -0.346481502 0.935725152 0.0660984144 -0.0533742718 -0.0900143459 0.99450922";
      isRenderEnabled = "false";
      canSave = "1";
      canSaveDynamicFields = "1";
      persistentId = "db1b5577-44e9-4e5f-ba57-8c6c7a629a28";
   };
   new TSStatic() {
      shapeName = "/levels/west_coast_usa/art/shapes/objects/constructionbarrier_arrows.dae";
      dynamic = "0";
      playAmbient = "1";
      meshCulling = "0";
      originSort = "0";
      useInstanceRenderData = "1";
      instanceColor = "White";
      instanceColor1 = "White";
      instanceColor2 = "White";
      collisionType = "Collision Mesh";
      decalType = "Collision Mesh";
      prebuildCollisionData = "0";
      renderNormals = "0";
      forceDetail = "-1";
      position = "799.584229 -783.576599 164.030594";
      scale = "1 1 1";
      rotationMatrix = "0.896199763 0.435219526 0.0860808045 -0.441013515 0.895066679 0.0660508424 -0.0483014397 -0.0971575528 0.994096279";
      isRenderEnabled = "false";
      canSave = "1";
      canSaveDynamicFields = "1";
      persistentId = "a486892d-ad04-44f7-afe2-69d338caf04c";
   };
   new TSStatic() {
      shapeName = "/levels/west_coast_usa/art/shapes/objects/constructionbarrier_arrows.dae";
      dynamic = "0";
      playAmbient = "1";
      meshCulling = "0";
      originSort = "0";
      useInstanceRenderData = "1";
      instanceColor = "White";
      instanceColor1 = "White";
      instanceColor2 = "White";
      collisionType = "Collision Mesh";
      decalType = "Collision Mesh";
      prebuildCollisionData = "0";
      renderNormals = "0";
      forceDetail = "-1";
      position = "798.78186 -781.926331 164.176498";
      scale = "1 1 1";
      rotationMatrix = "0.91058284 0.405934125 0.0778226182 -0.411629111 0.907670557 0.0818264112 -0.0374211594 -0.106543787 0.993603587";
      isRenderEnabled = "false";
      canSave = "1";
      canSaveDynamicFields = "1";
      persistentId = "c5e41008-9181-4d35-b40f-9903bd7f445c";
   };
   new TSStatic() {
      shapeName = "/levels/west_coast_usa/art/shapes/objects/constructionbarrier_arrows.dae";
      dynamic = "0";
      playAmbient = "1";
      meshCulling = "0";
      originSort = "0";
      useInstanceRenderData = "1";
      instanceColor = "White";
      instanceColor1 = "White";
      instanceColor2 = "White";
      collisionType = "Collision Mesh";
      decalType = "Collision Mesh";
      prebuildCollisionData = "0";
      renderNormals = "0";
      forceDetail = "-1";
      position = "797.821289 -780.286072 164.282349";
      scale = "1 1 1";
      rotationMatrix = "0.817627847 0.570056081 0.0807514936 -0.573873162 0.818217874 0.034483932 -0.0464145392 -0.0745361373 0.996137559";
      isRenderEnabled = "false";
      canSave = "1";
      canSaveDynamicFields = "1";
      persistentId = "7e1ee30a-77de-46d5-95a9-3ce2c193ed2c";
   };
   new TSStatic() {
      shapeName = "/levels/west_coast_usa/art/shapes/objects/constructionbarrier_arrows.dae";
      dynamic = "0";
      playAmbient = "1";
      meshCulling = "0";
      originSort = "0";
      useInstanceRenderData = "1";
      instanceColor = "White";
      instanceColor1 = "White";
      instanceColor2 = "White";
      collisionType = "Collision Mesh";
      decalType = "Collision Mesh";
      prebuildCollisionData = "0";
      renderNormals = "0";
      forceDetail = "-1";
      position = "796.770752 -778.765015 164.363556";
      scale = "1 1 1";
      rotationMatrix = "0.838228524 0.540617287 0.0714552924 -0.543803871 0.838453531 0.0356789194 -0.0406232998 -0.0687647611 0.996805489";
      isRenderEnabled = "false";
      canSave = "1";
      canSaveDynamicFields = "1";
      persistentId = "75c63056-2ae3-4c1e-97c7-9d2c021b478e";
   };
   new TSStatic() {
      shapeName = "/levels/west_coast_usa/art/shapes/objects/constructionbarrier_arrows.dae";
      dynamic = "0";
      playAmbient = "1";
      meshCulling = "0";
      originSort = "0";
      useInstanceRenderData = "1";
      instanceColor = "White";
      instanceColor1 = "White";
      instanceColor2 = "White";
      collisionType = "Collision Mesh";
      decalType = "Collision Mesh";
      prebuildCollisionData = "0";
      renderNormals = "0";
      forceDetail = "-1";
      position = "795.759338 -777.201233 164.424667";
      scale = "1 1 1";
      rotationMatrix = "0.839937449 0.538573325 0.0666624755 -0.541158974 0.840435266 0.028557159 -0.0406453796 -0.0600612238 0.997366846";
      isRenderEnabled = "false";
      canSave = "1";
      canSaveDynamicFields = "1";
      persistentId = "767c456c-acc4-45c5-a3bf-6b1e3bf9ccfe";
   };
};
//--- OBJECT WRITE END ---






