{"class":"DecalRoad","persistentId":"029462fd-c3d8-4c91-adb2-ac4d474734fb","__parent":"SimGroup_","position":[419.297485,174.86232,128.222198],"improvedSpline":true,"material":"road_invisible","nodes":[[419.297485,174.86232,128.222198,0.5],[415.33548,177.52179,128.216339,0.5],[408.450317,181.017578,128.19339,0.5],[400.760193,184.146912,128.219009,0.5]]}
{"class":"DecalRoad","persistentId":"0848ec07-fea3-41dd-aa8d-16bdd68c9986","__parent":"SimGroup_","position":[419.159424,155.302094,126.725655],"improvedSpline":true,"material":"BlankWhite","nodes":[[419.159424,155.302094,126.725655,0.5],[425.950287,160.648605,127.630852,0.5]]}
{"class":"DecalRoad","persistentId":"23a9e4a6-950d-4f35-9260-197a0e02d19d","__parent":"SimGroup_","position":[292.541626,85.2891464,126.532806],"improvedSpline":true,"material":"BlankWhite","nodes":[[292.541626,85.2891464,126.532806,0.200000003],[330.93924,41.7848244,126.532806,0.200000003],[348.972321,34.6527481,127.525024,0.200000003],[391.469635,65.7804413,127.634682,0.200000003],[420.526733,93.146492,127.271988,0.200000003],[431.88385,116.389679,127.113647,0.200000003],[427.050293,140.870789,126.715981,0.200000003],[419.011688,155.244812,126.70948,0.200000003]]}
{"class":"DecalRoad","persistentId":"3f4e2d0e-c7fa-44b2-8f3c-a2cad2d32e54","__parent":"SimGroup_","position":[421.738861,158.764771,127.162468],"drivability":1,"improvedSpline":true,"material":"road_invisible","nodes":[[421.738861,158.764771,127.162468,6],[430.134094,144.440369,127.151199,6],[435.873352,131.878464,127.425491,6],[439.74823,115.314461,127.942642,6],[434.808929,100.225998,128.03772,6],[419.709747,81.1241074,128.144287,6],[394.842255,60.4878464,128.293182,6],[363.920746,36.2774277,128.344864,6],[345.119354,28.7570496,127.772446,6],[331.007416,35.270752,126.532806,6],[310.10675,57.2300873,126.532806,6],[289.480682,80.3947678,126.532806,6]],"overObjects":true}
{"class":"DecalRoad","persistentId":"4dd8c210-b125-450d-86da-0aa588131b6e","__parent":"SimGroup_","position":[315.237091,27.2889786,126.532806],"improvedSpline":true,"material":"BlankWhite","nodes":[[315.237091,27.2889786,126.532806,0.200000003],[260.325195,87.4386597,126.63781,0.200000003],[252.799789,106.972717,128.751419,0.200000003]]}
{"class":"DecalRoad","persistentId":"7b52a789-c119-4933-9d00-f60981854572","__parent":"SimGroup_","position":[432.334198,139.257904,127.196297],"improvedSpline":true,"material":"road_invisible","nodes":[[432.334198,139.257904,127.196297,0.5],[436.516052,130.998108,127.482361,0.5],[439.003967,122.990288,127.742378,0.5],[439.41394,113.917114,127.943542,0.5]]}
{"class":"DecalRoad","persistentId":"ccdd194a-3037-46f2-9de1-558ffe645d79","__parent":"SimGroup_","position":[398.068024,185.028305,128.236343],"improvedSpline":true,"material":"road_invisible","nodes":[[398.068024,185.028305,128.236343,0.5],[389.004761,186.885742,128.290298,0.5],[379.537109,186.085815,128.222656,0.5],[370.37973,184.382721,128.225967,0.5],[361.072968,180.154465,128.140289,0.5]]}
{"class":"DecalRoad","persistentId":"cedd9865-2282-4138-acad-d7dc52a7ed10","__parent":"SimGroup_","position":[431.638153,153.782181,127.717758],"improvedSpline":true,"material":"BlankWhite","nodes":[[431.638153,153.782181,127.717758,0.5],[441.053253,159.108246,128.698517,0.5]]}
{"class":"DecalRoad","persistentId":"dac74242-b065-429f-86c1-c38b971ee205","__parent":"SimGroup_","position":[438.07077,109.477226,127.946327],"improvedSpline":true,"material":"road_invisible","nodes":[[438.07077,109.477226,127.946327,0.5],[434.639404,100.881676,127.987152,0.5],[428.532288,90.7282791,128.068832,0.5],[422.312653,83.0684357,128.16655,0.5]]}
{"class":"DecalRoad","persistentId":"e2689978-e2f1-4027-9db7-356ada4dce0e","__parent":"SimGroup_","position":[431.472992,153.595444,127.692261],"improvedSpline":true,"material":"BlankWhite","nodes":[[431.472992,153.595444,127.692261,0.200000003],[424.632172,162.57106,127.657158,0.200000003],[414.978363,171.032257,127.62896,0.200000003],[399.746033,178.731155,127.643013,0.200000003],[382.578705,180.850662,127.649323,0.200000003],[362.890381,173.845963,127.45871,0.200000003],[342.200684,159.919022,127.466942,0.200000003],[282.203766,115.939896,127.621048,0.200000003],[266.892761,102.034592,127.437614,0.200000003],[277.03479,86.5029449,126.532806,0.200000003],[324.162598,33.2465897,126.532806,0.200000003],[337.519104,17.4847031,128.225693,0.200000003],[342.477539,15.5491791,128.704773,0.200000003]]}
{"class":"DecalRoad","persistentId":"f11b8025-d94b-489f-a034-36944df108b6","__parent":"SimGroup_","position":[288.171082,55.5185699,126.532806],"improvedSpline":true,"material":"checkered_line_alt","nodes":[[288.171082,55.5185699,126.532806,0.5],[305.628998,70.0217819,126.532806,0.5]]}
{"name":"SimGroup_","class":"SimGroup","persistentId":"9f7b2b5f-7cb5-4c63-9403-6d7758099c14","groupPosition":"348.15481047504 100.61255559668 127.23352962258"}
{"class":"TSStatic","persistentId":"0090010e-eb7d-411b-8d4b-6202e0df831f","__parent":"SimGroup_","position":[289.387939,72.2688904,126.532806],"isRenderEnabled":false,"rotationMatrix":[-0.748637915,-0.662979126,1.04901656e-17,0.662979126,-0.748637915,-1.72873231e-16,1.22464685e-16,-1.22464685e-16,1],"shapeName":"/levels/west_coast_usa/art/shapes/objects/constructionbarrier.dae","useInstanceRenderData":true}
{"class":"TSStatic","persistentId":"03170c76-b0a4-4d58-8c17-276ff1168168","__parent":"SimGroup_","position":[316.842804,141.557373,127.550369],"isRenderEnabled":false,"rotationMatrix":[-0.585218191,0.804114401,0.104496725,-0.808394969,-0.588635683,0.00232535973,0.0633803681,-0.0831137896,0.994522512],"shapeName":"/levels/west_coast_usa/art/shapes/objects/constructionbarrier.dae","useInstanceRenderData":true}
{"class":"TSStatic","persistentId":"04e65d49-7ef2-440e-bbb7-75869e250d2e","__parent":"SimGroup_","position":[428.397217,157.909698,127.663536],"isRenderEnabled":false,"rotationMatrix":[0.805724263,0.582999825,0.104497015,-0.585944057,0.81034565,-0.00308151916,-0.0864752233,-0.058746554,0.994520426],"shapeName":"/levels/west_coast_usa/art/shapes/objects/constructionbarrier.dae","useInstanceRenderData":true}
{"class":"TSStatic","persistentId":"05076e97-6729-429b-8c70-8a5bb64d6f63","__parent":"SimGroup_","position":[420.110382,153.520447,126.689919],"isRenderEnabled":false,"rotationMatrix":[0.823564649,0.557523429,0.104445249,-0.561180532,0.827664256,0.0069530569,-0.0825691074,-0.0643389374,0.994506359],"shapeName":"/levels/west_coast_usa/art/shapes/objects/constructionbarrier.dae","useInstanceRenderData":true}
{"class":"TSStatic","persistentId":"05693daa-1f47-491d-a471-55e634ac235d","__parent":"SimGroup_","position":[266.778534,99.2244797,127.208214],"isRenderEnabled":false,"rotationMatrix":[-0.986526966,-0.155474797,0.0509149656,0.150394157,-0.984354138,-0.091807425,0.0643920973,-0.0829131752,0.994474292],"shapeName":"/levels/west_coast_usa/art/shapes/objects/constructionbarrier.dae","useInstanceRenderData":true}
{"class":"TSStatic","persistentId":"06069896-f883-4eb2-b53c-d853b9cca3dd","__parent":"SimGroup_","position":[421.414429,165.859955,127.645905],"isRenderEnabled":false,"rotationMatrix":[0.686493635,0.719765544,0.103266895,-0.723730803,0.69008112,0.00135520101,-0.0702871084,-0.0756677613,0.994652748],"shapeName":"/levels/west_coast_usa/art/shapes/objects/constructionbarrier.dae","useInstanceRenderData":true}
{"class":"TSStatic","persistentId":"07d1de75-aa32-4a37-a1eb-a4ea01a43a86","__parent":"SimGroup_","position":[345.459869,162.266479,127.455269],"isRenderEnabled":false,"rotationMatrix":[-0.580887556,0.807028472,0.10618186,-0.811429322,-0.584442973,0.00294682011,0.0644354224,-0.0844473094,0.994342387],"shapeName":"/levels/west_coast_usa/art/shapes/objects/constructionbarrier.dae","useInstanceRenderData":true}
{"class":"TSStatic","persistentId":"08e61ac8-b337-46a4-8752-4b2977433e15","__parent":"SimGroup_","position":[379.534424,180.302307,127.620773],"isRenderEnabled":false,"rotationMatrix":[-0.202786565,0.973552287,0.105231225,-0.979153454,-0.202878594,-0.00994256139,0.0116695575,-0.10505373,0.994398057],"shapeName":"/levels/west_coast_usa/art/shapes/objects/constructionbarrier.dae","useInstanceRenderData":true}
{"class":"TSStatic","persistentId":"0a07625c-fc40-4af3-8ff6-bfaf89f41c40","__parent":"SimGroup_","position":[385.904175,61.209053,127.66272],"isRenderEnabled":false,"rotationMatrix":[0.631848216,-0.76779145,0.106132723,0.772400677,0.635124564,-0.00373855606,-0.0645370707,0.0843391865,0.99434495],"shapeName":"/levels/west_coast_usa/art/shapes/objects/constructionbarrier.dae","useInstanceRenderData":true}
{"class":"TSStatic","persistentId":"0a58bf2e-8edb-41f0-9262-a2654704a585","__parent":"SimGroup_","position":[415.97821,170.359512,127.637939],"isRenderEnabled":false,"rotationMatrix":[0.554543495,0.825575769,0.104432754,-0.829654634,0.558227122,-0.0074611716,-0.064456962,-0.0825055689,0.994503975],"shapeName":"/levels/west_coast_usa/art/shapes/objects/constructionbarrier.dae","useInstanceRenderData":true}
{"class":"TSStatic","persistentId":"0aaaf15f-639e-4a2d-b751-e57e291acf5e","__parent":"SimGroup_","position":[282.693054,62.1459961,126.532806],"isRenderEnabled":false,"rotationMatrix":[0.735073924,0.677986979,-6.99113863e-18,-0.677986979,0.735073924,1.73050049e-16,1.22464685e-16,-1.22464685e-16,1],"shapeName":"/levels/west_coast_usa/art/shapes/objects/constructionbarrier.dae","useInstanceRenderData":true}
{"class":"TSStatic","persistentId":"0ab0c29c-5a24-4f0c-8943-9b7ea3307fdf","__parent":"SimGroup_","position":[285.569061,118.497139,127.619781],"isRenderEnabled":false,"rotationMatrix":[-0.601709843,0.791925609,0.103917763,-0.796204865,-0.605026841,0.000500112772,0.0632690936,-0.0824389011,0.994585752],"shapeName":"/levels/west_coast_usa/art/shapes/objects/constructionbarrier.dae","useInstanceRenderData":true}
{"class":"TSStatic","persistentId":"0b33e222-13a1-4c11-a807-085be289a8b4","__parent":"SimGroup_","position":[432.036377,120.702415,127.039024],"isRenderEnabled":false,"rotationMatrix":[0.994671822,0.0153847989,0.101937689,-0.0135038849,0.999726057,-0.0191161036,-0.102203868,0.0176376961,0.994607091],"shapeName":"/levels/west_coast_usa/art/shapes/objects/constructionbarrier.dae","useInstanceRenderData":true}
{"class":"TSStatic","persistentId":"0ce9fbaa-6ad9-4c74-834d-a2e9a9c24f5d","__parent":"SimGroup_","position":[407.992096,181.221176,128.19368],"isRenderEnabled":false,"rotationMatrix":[-0.403822064,-0.908702016,-0.105775505,0.913853407,-0.406043887,-0.000579576939,-0.0424228273,-0.0968973637,0.994389892],"scale":[1.94438481,1,1],"shapeName":"/levels/west_coast_usa/art/shapes/objects/s_gm_suspension_bump_2x4_a.dae","useInstanceRenderData":true}
{"class":"TSStatic","persistentId":"0d551dd1-b020-4628-b868-93ec135ea12c","__parent":"SimGroup_","position":[296.424286,64.3446808,126.532806],"isRenderEnabled":false,"rotationMatrix":[-0.746887207,-0.664950609,1.00343493e-17,0.664950609,-0.746887207,-1.72900269e-16,1.22464672e-16,-1.22464672e-16,1],"shapeName":"/levels/west_coast_usa/art/shapes/objects/constructionbarrier.dae","useInstanceRenderData":true}
{"class":"TSStatic","persistentId":"0d6d73c1-1c1d-409e-b45e-8252dda7c379","__parent":"SimGroup_","position":[284.71994,77.5719528,126.532806],"isRenderEnabled":false,"rotationMatrix":[-0.751348734,-0.659905374,1.11985895e-17,0.659905374,-0.751348734,-1.72828775e-16,1.22464685e-16,-1.22464672e-16,1],"shapeName":"/levels/west_coast_usa/art/shapes/objects/constructionbarrier.dae","useInstanceRenderData":true}
{"class":"TSStatic","persistentId":"0e8cbe7d-b07c-4848-aa9b-276c1d5a5b42","__parent":"SimGroup_","position":[415.018066,86.9026642,127.36071],"isRenderEnabled":false,"rotationMatrix":[0.723721266,-0.682393432,0.102794692,0.686983109,0.726546884,-0.0135558248,-0.0654347539,0.0804288611,0.99461019],"shapeName":"/levels/west_coast_usa/art/shapes/objects/constructionbarrier.dae","useInstanceRenderData":true}
{"class":"TSStatic","persistentId":"0fbe252a-ffd7-454f-af62-3d22333df61c","__parent":"SimGroup_","position":[339.726135,158.138916,127.475883],"isRenderEnabled":false,"rotationMatrix":[-0.58053422,0.807587683,0.103837572,-0.811773002,-0.583963871,0.00327482074,0.0632820949,-0.0823914036,0.994588852],"shapeName":"/levels/west_coast_usa/art/shapes/objects/constructionbarrier.dae","useInstanceRenderData":true}
{"class":"TSStatic","persistentId":"107ac118-58e0-4a3e-86d3-f0afd9b9f0ba","__parent":"SimGroup_","position":[322.300232,35.3569412,126.532806],"isRenderEnabled":false,"rotationMatrix":[-0.749787569,-0.661678553,1.07902468e-17,0.661678553,-0.749787569,-1.72854755e-16,1.22464672e-16,-1.22464685e-16,1],"shapeName":"/levels/west_coast_usa/art/shapes/objects/constructionbarrier.dae","useInstanceRenderData":true}
{"class":"TSStatic","persistentId":"12001bb7-c068-4e4c-a75a-3eeae320182b","__parent":"SimGroup_","position":[336.860077,156.074066,127.486168],"isRenderEnabled":false,"rotationMatrix":[-0.581986308,0.806540668,0.103845306,-0.810780108,-0.585346103,0.00233493373,0.0626686737,-0.0828368068,0.9945907],"shapeName":"/levels/west_coast_usa/art/shapes/objects/constructionbarrier.dae","useInstanceRenderData":true}
{"class":"TSStatic","persistentId":"1207e924-7482-4e14-b446-be25008020e5","__parent":"SimGroup_","position":[304.39035,38.9091492,126.532806],"isRenderEnabled":false,"rotationMatrix":[0.728984177,0.684530556,-5.44400648e-18,-0.684530556,0.728984177,1.73105622e-16,1.22464685e-16,-1.22464672e-16,1],"shapeName":"/levels/west_coast_usa/art/shapes/objects/constructionbarrier.dae","useInstanceRenderData":true}
{"class":"TSStatic","persistentId":"12ea9f0c-bcfd-4573-8d6a-04c2ea797df9","__parent":"SimGroup_","position":[402.174713,74.7896194,127.567932],"isRenderEnabled":false,"rotationMatrix":[0.654568255,-0.748844445,0.103790365,0.753366649,0.657564461,-0.00690261647,-0.0630798712,0.08271043,0.994575262],"shapeName":"/levels/west_coast_usa/art/shapes/objects/constructionbarrier.dae","useInstanceRenderData":true}
{"class":"TSStatic","persistentId":"137a0816-b4b2-4212-9397-3495d605c7f2","__parent":"SimGroup_","position":[331.133972,151.935944,127.507843],"isRenderEnabled":false,"rotationMatrix":[-0.583008051,0.805718362,0.104497015,-0.809961021,-0.58647573,0.00306688249,0.063756004,-0.082850486,0.994520485],"shapeName":"/levels/west_coast_usa/art/shapes/objects/constructionbarrier.dae","useInstanceRenderData":true}
{"class":"TSStatic","persistentId":"147027fc-97c3-46bf-8845-eb5b7f42be20","__parent":"SimGroup_","position":[322.555176,145.714432,127.532875],"isRenderEnabled":false,"rotationMatrix":[-0.584142447,0.804979205,0.103856191,-0.809195399,-0.58753407,0.00257359445,0.0630907416,-0.0825366005,0.994588971],"shapeName":"/levels/west_coast_usa/art/shapes/objects/constructionbarrier.dae","useInstanceRenderData":true}
{"class":"TSStatic","persistentId":"151c8a39-3a47-4c32-8139-18547eb731d0","__parent":"SimGroup_","position":[324.633484,32.7047501,126.532806],"isRenderEnabled":false,"rotationMatrix":[-0.754801273,-0.655953526,1.21053515e-17,0.655953526,-0.754801273,-1.72767643e-16,1.22464685e-16,-1.22464685e-16,1],"shapeName":"/levels/west_coast_usa/art/shapes/objects/constructionbarrier.dae","useInstanceRenderData":true}
{"class":"TSStatic","persistentId":"15524245-262c-4335-ab7d-b9554304c126","__parent":"SimGroup_","position":[288.39389,120.61805,127.617531],"isRenderEnabled":false,"rotationMatrix":[-0.595982432,0.796246707,0.103903055,-0.800549567,-0.599266171,0.00048378855,0.0626508147,-0.0828912184,0.994587302],"shapeName":"/levels/west_coast_usa/art/shapes/objects/constructionbarrier.dae","useInstanceRenderData":true}
{"class":"TSStatic","persistentId":"16e7c33e-4255-40d8-bc01-42a55fb41806","__parent":"SimGroup_","position":[279.937683,114.230957,127.621048],"isRenderEnabled":false,"rotationMatrix":[-0.598804832,0.794125617,0.10391023,-0.798410594,-0.602113128,0.000590633601,0.0630347505,-0.0826093405,0.994586527],"shapeName":"/levels/west_coast_usa/art/shapes/objects/constructionbarrier.dae","useInstanceRenderData":true}
{"class":"TSStatic","persistentId":"199378f3-73af-4446-9ce0-c1a336bf8359","__parent":"SimGroup_","position":[308.192627,51.1742477,126.532806],"isRenderEnabled":false,"rotationMatrix":[-0.74519062,-0.666851401,9.59379295e-18,0.666851401,-0.74519062,-1.72925297e-16,1.22464685e-16,-1.22464685e-16,1],"shapeName":"/levels/west_coast_usa/art/shapes/objects/constructionbarrier.dae","useInstanceRenderData":true}
{"class":"TSStatic","persistentId":"1a3fe96d-8eea-4f76-bbd9-81876dd7639f","__parent":"SimGroup_","position":[306.808411,36.334053,126.532806],"isRenderEnabled":false,"rotationMatrix":[0.728984177,0.684530556,-5.44400648e-18,-0.684530556,0.728984177,1.73105622e-16,1.22464685e-16,-1.22464672e-16,1],"shapeName":"/levels/west_coast_usa/art/shapes/objects/constructionbarrier.dae","useInstanceRenderData":true}
{"class":"TSStatic","persistentId":"1bdc30da-ad2e-4bde-bd69-11797ea9a5b9","__parent":"SimGroup_","position":[268.489471,96.2054443,126.84964],"isRenderEnabled":false,"rotationMatrix":[-0.785724759,-0.618561864,-0.00421948917,0.61555934,-0.781201482,-0.103974812,0.0610185862,-0.0842929259,0.994570971],"shapeName":"/levels/west_coast_usa/art/shapes/objects/constructionbarrier.dae","useInstanceRenderData":true}
{"class":"TSStatic","persistentId":"1c324b60-5d74-4139-8f54-6bf62b739109","__parent":"SimGroup_","position":[439.078308,122.469521,127.75618],"isRenderEnabled":false,"rotationMatrix":[0.984714627,0.14298375,0.0994624272,-0.141258553,0.989676595,-0.0242131166,-0.101897724,0.00979309063,0.994746685],"scale":[1.94438481,1,1],"shapeName":"/levels/west_coast_usa/art/shapes/objects/s_gm_suspension_bump_2x4_a.dae","useInstanceRenderData":true}
{"class":"TSStatic","persistentId":"1d323aff-d216-436d-83ef-28648f88bcec","__parent":"SimGroup_","position":[433.631104,98.9710159,127.949615],"isRenderEnabled":false,"rotationMatrix":[0.875610232,-0.472120732,0.102023266,0.475013644,0.879966021,-0.00467173569,-0.08757139,0.0525530651,0.994771063],"scale":[2.66694355,1,1],"shapeName":"/levels/west_coast_usa/art/shapes/objects/s_gm_suspension_bump_4x4_a.dae","useInstanceRenderData":true}
{"class":"TSStatic","persistentId":"1edcabbd-d283-40ea-bc53-c8dba4a5b670","__parent":"SimGroup_","position":[270.804749,75.2078781,126.532806],"isRenderEnabled":false,"rotationMatrix":[0.745894432,0.666064203,-9.77638149e-18,-0.666064203,0.745894432,1.72915053e-16,1.22464685e-16,-1.22464685e-16,1],"shapeName":"/levels/west_coast_usa/art/shapes/objects/constructionbarrier.dae","useInstanceRenderData":true}
{"class":"TSStatic","persistentId":"1f065cb8-3284-4f9a-a127-7818fced6a69","__parent":"SimGroup_","position":[287.493927,56.9629593,126.532806],"isRenderEnabled":false,"rotationMatrix":[0.732083023,0.681215405,-6.22948396e-18,-0.681215405,0.732083023,1.73079139e-16,1.22464685e-16,-1.22464685e-16,1],"shapeName":"/levels/west_coast_usa/art/shapes/objects/constructionbarrier.dae","useInstanceRenderData":true}
{"class":"TSStatic","persistentId":"1f2533e4-777b-42e7-b524-e7f1965d7a5b","__parent":"SimGroup_","position":[319.698425,143.636688,127.541519],"isRenderEnabled":false,"rotationMatrix":[-0.585109115,0.803971112,0.106197283,-0.808394969,-0.588635802,0.00232535973,0.0643810481,-0.0844887644,0.994342387],"shapeName":"/levels/west_coast_usa/art/shapes/objects/constructionbarrier.dae","useInstanceRenderData":true}
{"class":"TSStatic","persistentId":"207b4ee7-0d5b-42a4-b9a5-b453de06a085","__parent":"SimGroup_","position":[376.119293,179.404953,127.580597],"isRenderEnabled":false,"rotationMatrix":[-0.280944109,0.954097867,0.103767276,-0.959561586,-0.281239748,-0.012074504,0.0176632181,-0.102963358,0.994528294],"shapeName":"/levels/west_coast_usa/art/shapes/objects/constructionbarrier.dae","useInstanceRenderData":true}
{"class":"TSStatic","persistentId":"225482bc-4f28-4a60-a80a-02e660762b6e","__parent":"SimGroup_","position":[316.598328,57.0587997,126.532806],"isRenderEnabled":false,"rotationMatrix":[-0.755229592,-0.655460417,1.22181889e-17,0.655460417,-0.755229592,-1.72759702e-16,1.22464685e-16,-1.22464685e-16,1],"shapeName":"/levels/west_coast_usa/art/shapes/objects/constructionbarrier.dae","useInstanceRenderData":true}
{"class":"TSStatic","persistentId":"253cdcd0-ffd4-4402-975f-887d46c5adfa","__parent":"SimGroup_","position":[338.384064,16.722496,128.348648],"isRenderEnabled":false,"rotationMatrix":[-0.598955274,-0.800241292,0.029436741,0.798404634,-0.593942404,0.0989063755,-0.0616652407,0.082742922,0.994661272],"shapeName":"/levels/west_coast_usa/art/shapes/objects/constructionbarrier.dae","useInstanceRenderData":true}
{"class":"TSStatic","persistentId":"2579a391-54fa-4ea0-bda6-fd52dd6e7f29","__parent":"SimGroup_","position":[305.435333,133.219543,127.582108],"isRenderEnabled":false,"rotationMatrix":[-0.587967038,0.802187562,0.10387373,-0.806427479,-0.591329694,0.00196894631,0.063003093,-0.0826089531,0.994588554],"shapeName":"/levels/west_coast_usa/art/shapes/objects/constructionbarrier.dae","useInstanceRenderData":true}
{"class":"TSStatic","persistentId":"25c285cd-f397-40d6-a1e8-1898a3461f52","__parent":"SimGroup_","position":[348.674011,34.5415039,127.5149],"isRenderEnabled":false,"rotationMatrix":[0.344905436,-0.933405876,0.0989637002,0.936546206,0.349252939,0.0300598778,-0.0626214221,0.0823162645,0.994636893],"shapeName":"/levels/west_coast_usa/art/shapes/objects/constructionbarrier.dae","useInstanceRenderData":true}
{"class":"TSStatic","persistentId":"27e0d2ff-7af5-45ac-b47e-7f7cb3acc3c9","__parent":"SimGroup_","position":[369.491791,176.970367,127.504242],"isRenderEnabled":false,"rotationMatrix":[-0.392858028,0.913887024,0.102338105,-0.919047236,-0.39403832,-0.00926851481,0.0318547599,-0.0976947695,0.994706511],"shapeName":"/levels/west_coast_usa/art/shapes/objects/constructionbarrier.dae","useInstanceRenderData":true}
{"class":"TSStatic","persistentId":"292e2996-b1ba-4559-b733-d2bd40550734","__parent":"SimGroup_","position":[387.369781,186.914368,128.283722],"isRenderEnabled":false,"rotationMatrix":[0.00268602371,-0.994463205,-0.105051428,0.999992013,0.00235754251,0.00325066596,-0.00298499316,-0.105059311,0.994461477],"scale":[2.66694355,1,1],"shapeName":"/levels/west_coast_usa/art/shapes/objects/s_gm_suspension_bump_4x4_a.dae","useInstanceRenderData":true}
{"class":"TSStatic","persistentId":"29557282-13ff-4de2-9bfa-fca0d3ab2434","__parent":"SimGroup_","position":[314.282959,59.7266083,126.532806],"isRenderEnabled":false,"rotationMatrix":[-0.755229592,-0.655460417,1.22181889e-17,0.655460417,-0.755229592,-1.72759702e-16,1.22464685e-16,-1.22464685e-16,1],"shapeName":"/levels/west_coast_usa/art/shapes/objects/constructionbarrier.dae","useInstanceRenderData":true}
{"class":"TSStatic","persistentId":"2b8e46e5-595c-40cd-bada-72be8ba8e458","__parent":"SimGroup_","position":[309.677521,65.0840378,126.532806],"isRenderEnabled":false,"rotationMatrix":[-0.759922504,-0.650013626,1.34599524e-17,0.650013626,-0.759922504,-1.72667388e-16,1.22464685e-16,-1.22464672e-16,1],"shapeName":"/levels/west_coast_usa/art/shapes/objects/constructionbarrier.dae","useInstanceRenderData":true}
{"class":"TSStatic","persistentId":"2bb7e9f9-5cb5-4544-affb-12b5f884fdb4","__parent":"SimGroup_","position":[275.533478,69.9589996,126.532806],"isRenderEnabled":false,"rotationMatrix":[0.739431322,0.673232019,-8.10708469e-18,-0.673232019,0.739431322,1.73001371e-16,1.22464685e-16,-1.22464685e-16,1],"shapeName":"/levels/west_coast_usa/art/shapes/objects/constructionbarrier.dae","useInstanceRenderData":true}
{"class":"TSStatic","persistentId":"2d7d87d5-e1ac-4988-9864-6bbef6de9b35","__parent":"SimGroup_","position":[285.087982,59.5493889,126.532806],"isRenderEnabled":false,"rotationMatrix":[0.735073924,0.677986979,-6.99113863e-18,-0.677986979,0.735073924,1.73050049e-16,1.22464685e-16,-1.22464685e-16,1],"shapeName":"/levels/west_coast_usa/art/shapes/objects/constructionbarrier.dae","useInstanceRenderData":true}
{"class":"TSStatic","persistentId":"2f76b6c0-072f-4b7d-934a-5faf4255ce7f","__parent":"SimGroup_","position":[383.014587,180.895508,127.651489],"isRenderEnabled":false,"rotationMatrix":[-0.102282643,0.98918736,0.10510242,-0.994738102,-0.102329493,-0.00496172905,0.00584699214,-0.105056889,0.994449019],"shapeName":"/levels/west_coast_usa/art/shapes/objects/constructionbarrier.dae","useInstanceRenderData":true}
{"class":"TSStatic","persistentId":"30b3b97b-d353-4f3a-a474-a4744bd70c2c","__parent":"SimGroup_","position":[407.439667,79.4993973,127.485985],"isRenderEnabled":false,"rotationMatrix":[0.676738501,-0.728900254,0.103582889,0.733510673,0.679605007,-0.00995009765,-0.0631428212,0.0827127695,0.99457103],"shapeName":"/levels/west_coast_usa/art/shapes/objects/constructionbarrier.dae","useInstanceRenderData":true}
{"class":"TSStatic","persistentId":"31a8ca50-70c0-448d-b03a-227a35a28163","__parent":"SimGroup_","position":[313.988403,139.476395,127.561516],"isRenderEnabled":false,"rotationMatrix":[-0.586341381,0.803072751,0.106197327,-0.807500541,-0.589862704,0.00218195468,0.0643941164,-0.0844750255,0.994342685],"shapeName":"/levels/west_coast_usa/art/shapes/objects/constructionbarrier.dae","useInstanceRenderData":true}
{"class":"TSStatic","persistentId":"31c3e98e-a8df-4a27-a283-9fbd74e59e73","__parent":"SimGroup_","position":[390.062866,180.882507,127.66819],"isRenderEnabled":false,"rotationMatrix":[0.1058532,0.988780975,0.105390966,-0.994349837,0.10610342,0.00324551016,-0.00797324628,-0.105139032,0.994425595],"shapeName":"/levels/west_coast_usa/art/shapes/objects/constructionbarrier.dae","useInstanceRenderData":true}
{"class":"TSStatic","persistentId":"32fb945e-5e69-43a3-ab00-06ed5f36189b","__parent":"SimGroup_","position":[403.180908,183.1931,128.200745],"isRenderEnabled":false,"rotationMatrix":[-0.365140557,-0.925114751,-0.104092106,0.93042016,-0.366424084,-0.00720354915,-0.0314777382,-0.0994796902,0.994541585],"scale":[1.94438481,1,1],"shapeName":"/levels/west_coast_usa/art/shapes/objects/s_gm_suspension_bump_2x4_a.dae","useInstanceRenderData":true}
{"class":"TSStatic","persistentId":"33381ea3-0800-474c-8a18-b645a0ac4193","__parent":"SimGroup_","position":[331.110565,41.6249161,126.532806],"isRenderEnabled":false,"rotationMatrix":[-0.682337523,-0.731037319,-5.9640053e-18,0.731037319,-0.682337523,-1.73088509e-16,1.22464685e-16,-1.22464685e-16,1],"shapeName":"/levels/west_coast_usa/art/shapes/objects/constructionbarrier.dae","useInstanceRenderData":true}
{"class":"TSStatic","persistentId":"349d8e48-8edc-447a-899e-73ba59978ad1","__parent":"SimGroup_","position":[394.542755,185.906555,128.255081],"isRenderEnabled":false,"rotationMatrix":[-0.231411934,-0.967037797,-0.106236815,0.972698212,-0.231956005,-0.00737698004,-0.0175084621,-0.105043486,0.994313478],"scale":[2.66694355,1,1],"shapeName":"/levels/west_coast_usa/art/shapes/objects/s_gm_suspension_bump_4x4_a.dae","useInstanceRenderData":true}
{"class":"TSStatic","persistentId":"34d2e290-8d6e-45be-9f3d-47ca7d4fcd77","__parent":"SimGroup_","position":[341.87323,32.8858643,127.217758],"isRenderEnabled":false,"rotationMatrix":[-0.0377533436,-0.995881915,0.0824250281,0.99723804,-0.0322680473,0.0668960512,-0.0639608651,0.0847229213,0.994349539],"shapeName":"/levels/west_coast_usa/art/shapes/objects/constructionbarrier.dae","useInstanceRenderData":true}
{"class":"TSStatic","persistentId":"35e776e5-fa1b-4094-93af-9d7203da1f08","__parent":"SimGroup_","position":[425.590454,144.463791,126.710014],"isRenderEnabled":false,"rotationMatrix":[0.890274346,0.44329083,0.104426362,-0.445375621,0.895336151,-0.00371357799,-0.0951428935,-0.0432028547,0.994525671],"shapeName":"/levels/west_coast_usa/art/shapes/objects/constructionbarrier.dae","useInstanceRenderData":true}
{"class":"TSStatic","persistentId":"39c41ed8-9e18-4f1b-89cb-a8e64873b930","__parent":"SimGroup_","position":[282.399384,80.2352295,126.532806],"isRenderEnabled":false,"rotationMatrix":[-0.755609989,-0.655021787,1.23185027e-17,0.655021787,-0.755609989,-1.72752568e-16,1.22464672e-16,-1.22464672e-16,1],"shapeName":"/levels/west_coast_usa/art/shapes/objects/constructionbarrier.dae","useInstanceRenderData":true}
{"class":"TSStatic","persistentId":"3b7248c3-e9d6-4964-baed-2298745d1615","__parent":"SimGroup_","position":[419.718628,92.1736221,127.284561],"isRenderEnabled":false,"rotationMatrix":[0.765818238,-0.634794354,0.102754898,0.638930917,0.769199848,-0.00993853062,-0.0727301314,0.0732643977,0.99465704],"shapeName":"/levels/west_coast_usa/art/shapes/objects/constructionbarrier.dae","useInstanceRenderData":true}
{"class":"TSStatic","persistentId":"3e4e64c5-ac84-441f-aabd-ccc1ef13006d","__parent":"SimGroup_","position":[346.573883,171.004135,127.92009],"isRenderEnabled":false,"rotationMatrix":[-0.592920184,0.796405256,0.119099393,-0.803057969,-0.595728517,-0.0143407024,0.0595298745,-0.1041466,0.992778778],"scale":[1.92970896,1.26348925,1],"shapeName":"/levels/west_coast_usa/art/shapes/objects/ramp_shallow_long.dae","useInstanceRenderData":true}
{"class":"TSStatic","persistentId":"40472f61-d512-413b-9c7e-9913640ab987","__parent":"SimGroup_","position":[423.89624,163.346619,127.649765],"isRenderEnabled":false,"rotationMatrix":[0.720857501,0.685028017,0.105361491,-0.688323557,0.725371838,-0.00680407882,-0.0810872465,-0.0676180273,0.994410694],"shapeName":"/levels/west_coast_usa/art/shapes/objects/constructionbarrier.dae","useInstanceRenderData":true}
{"class":"TSStatic","persistentId":"40680308-40e4-40ef-bfc8-02eba63ade0d","__parent":"SimGroup_","position":[307.387817,67.7739029,126.532806],"isRenderEnabled":false,"rotationMatrix":[-0.762980938,-0.646421134,1.42744507e-17,0.646421134,-0.762980938,-1.72601955e-16,1.22464685e-16,-1.22464672e-16,1],"shapeName":"/levels/west_coast_usa/art/shapes/objects/constructionbarrier.dae","useInstanceRenderData":true}
{"class":"TSStatic","persistentId":"40d81498-1113-41c1-8e7e-26cbf5b4bb46","__parent":"SimGroup_","position":[321.288422,51.7753868,126.532806],"isRenderEnabled":false,"rotationMatrix":[-0.737903476,-0.674906254,7.7149349e-18,0.674906254,-0.737903476,-1.73019291e-16,1.22464685e-16,-1.22464685e-16,1],"shapeName":"/levels/west_coast_usa/art/shapes/objects/constructionbarrier.dae","useInstanceRenderData":true}
{"class":"TSStatic","persistentId":"40daff87-2858-4492-99dd-ccbb88458960","__parent":"SimGroup_","position":[257.36853,91.5399246,127.166695],"isRenderEnabled":false,"rotationMatrix":[0.842026889,0.539342046,-0.0100442395,-0.535575986,0.838080823,0.10382133,0.0644130856,-0.0820408985,0.994545221],"shapeName":"/levels/west_coast_usa/art/shapes/objects/constructionbarrier.dae","useInstanceRenderData":true}
{"class":"TSStatic","persistentId":"419a94eb-6425-4703-a87e-2eb72b13c53d","__parent":"SimGroup_","position":[302.82608,73.1686325,126.532806],"isRenderEnabled":false,"rotationMatrix":[-0.764624357,-0.644476295,1.47138788e-17,0.644476295,-0.764624357,-1.72565069e-16,1.22464685e-16,-1.22464685e-16,1],"shapeName":"/levels/west_coast_usa/art/shapes/objects/constructionbarrier.dae","useInstanceRenderData":true}
{"class":"TSStatic","persistentId":"42a6a6e7-21b4-448e-baf2-dd575418b41f","__parent":"SimGroup_","position":[328.272827,149.864243,127.516464],"isRenderEnabled":false,"rotationMatrix":[-0.582898855,0.805576265,0.106188126,-0.809961021,-0.586475849,0.00306688622,0.0647473708,-0.0842205584,0.994341314],"shapeName":"/levels/west_coast_usa/art/shapes/objects/constructionbarrier.dae","useInstanceRenderData":true}
{"class":"TSStatic","persistentId":"44df0afe-9315-4975-aed6-501b93680283","__parent":"SimGroup_","position":[298.774841,61.7078362,126.532806],"isRenderEnabled":false,"rotationMatrix":[-0.745798945,-0.666171074,9.75160577e-18,0.666171074,-0.745798945,-1.72916443e-16,1.22464685e-16,-1.22464672e-16,1],"shapeName":"/levels/west_coast_usa/art/shapes/objects/constructionbarrier.dae","useInstanceRenderData":true}
{"class":"TSStatic","persistentId":"458d4c9e-6e35-43ec-9fea-01656ea4947e","__parent":"SimGroup_","position":[422.080688,150.588654,126.685921],"isRenderEnabled":false,"rotationMatrix":[0.829509974,0.548333585,0.106035605,-0.551129758,0.834412336,-0.00347654894,-0.0903837234,-0.0555555411,0.994356275],"shapeName":"/levels/west_coast_usa/art/shapes/objects/constructionbarrier.dae","useInstanceRenderData":true}
{"class":"TSStatic","persistentId":"48dc2184-8ea2-473f-8529-d6baf2568665","__parent":"SimGroup_","position":[423.941528,147.586639,126.696228],"isRenderEnabled":false,"rotationMatrix":[0.854304075,0.509439945,0.10312856,-0.511911631,0.859033227,-0.00288590416,-0.0900610611,-0.0503272749,0.994663835],"shapeName":"/levels/west_coast_usa/art/shapes/objects/constructionbarrier.dae","useInstanceRenderData":true}
{"class":"TSStatic","persistentId":"491b9ef1-d116-40a4-a509-485978758be8","__parent":"SimGroup_","position":[287.483917,127.730453,127.668457],"isRenderEnabled":false,"rotationMatrix":[0.586264551,-0.801300228,-0.119213842,0.807929575,0.589127779,0.0133561678,0.0595298931,-0.10414663,0.992778778],"scale":[1.92970896,1.26348925,1],"shapeName":"/levels/west_coast_usa/art/shapes/objects/ramp_shallow_long.dae","useInstanceRenderData":true}
{"class":"TSStatic","persistentId":"4b2fa859-92f9-4a83-8482-b2720edba8d1","__parent":"SimGroup_","position":[429.159637,134.494049,126.760902],"isRenderEnabled":false,"rotationMatrix":[0.950109541,0.29479757,0.10191264,-0.294709653,0.955448449,-0.0162633844,-0.102166675,-0.0145826414,0.994660378],"shapeName":"/levels/west_coast_usa/art/shapes/objects/constructionbarrier.dae","useInstanceRenderData":true}
{"class":"TSStatic","persistentId":"4b63c1cf-f57d-4c20-a0d7-a8f6fe76b756","__parent":"SimGroup_","position":[294.72345,49.2145653,126.532806],"isRenderEnabled":false,"rotationMatrix":[0.730128467,0.683309853,-5.73362558e-18,-0.683309853,0.730128467,1.73096278e-16,1.22464685e-16,-1.22464672e-16,1],"shapeName":"/levels/west_coast_usa/art/shapes/objects/constructionbarrier.dae","useInstanceRenderData":true}
{"class":"TSStatic","persistentId":"4dec1407-74d4-4770-b3b8-6ffd44741315","__parent":"SimGroup_","position":[297.137177,46.6354256,126.532806],"isRenderEnabled":false,"rotationMatrix":[0.730128467,0.683309853,-5.73362558e-18,-0.683309853,0.730128467,1.73096278e-16,1.22464685e-16,-1.22464672e-16,1],"shapeName":"/levels/west_coast_usa/art/shapes/objects/constructionbarrier.dae","useInstanceRenderData":true}
{"class":"TSStatic","persistentId":"4eecef20-bcc7-45b4-8b5c-8ab5ad17f80d","__parent":"SimGroup_","position":[369.370728,47.9497414,127.714912],"isRenderEnabled":false,"rotationMatrix":[0.606738329,-0.788009107,0.104452334,0.79236263,0.610050321,-0.000302929431,-0.0634824708,0.0829479247,0.994529843],"shapeName":"/levels/west_coast_usa/art/shapes/objects/constructionbarrier.dae","useInstanceRenderData":true}
{"class":"TSStatic","persistentId":"51bb26c9-4503-44e1-af96-ed9857b1fb1e","__parent":"SimGroup_","position":[391.363434,65.6932678,127.634995],"isRenderEnabled":false,"rotationMatrix":[0.631343603,-0.768456817,0.104304731,0.772942781,0.634461939,-0.00417878106,-0.0629661679,0.0832598358,0.994536579],"shapeName":"/levels/west_coast_usa/art/shapes/objects/constructionbarrier.dae","useInstanceRenderData":true}
{"class":"TSStatic","persistentId":"5596bc0f-ab1f-4a84-bdfd-8adb59d57f26","__parent":"SimGroup_","position":[427.724091,103.787979,127.206406],"isRenderEnabled":false,"rotationMatrix":[0.868294537,-0.484894991,0.104601145,0.48785758,0.872917533,-0.00316176377,-0.0897750407,0.0537758023,0.99450922],"shapeName":"/levels/west_coast_usa/art/shapes/objects/constructionbarrier.dae","useInstanceRenderData":true}
{"class":"TSStatic","persistentId":"55d7a56e-2d87-48e3-a87b-2b1757d5fd66","__parent":"SimGroup_","position":[418.788422,168.221222,127.645355],"isRenderEnabled":false,"rotationMatrix":[0.630218089,0.769487977,0.103505492,-0.773615956,0.633654594,-0.000413298607,-0.0659047514,-0.0798130408,0.994628787],"shapeName":"/levels/west_coast_usa/art/shapes/objects/constructionbarrier.dae","useInstanceRenderData":true}
{"class":"TSStatic","persistentId":"5897e8a0-b73e-4fe3-8184-751a1aa568cd","__parent":"SimGroup_","position":[333.996033,154.006363,127.496162],"isRenderEnabled":false,"rotationMatrix":[-0.5819453,0.806486249,0.104496874,-0.810780048,-0.585346222,0.00233493373,0.0630499348,-0.083365187,0.994522452],"shapeName":"/levels/west_coast_usa/art/shapes/objects/constructionbarrier.dae","useInstanceRenderData":true}
{"class":"TSStatic","persistentId":"58f38674-b658-4a10-90ad-fd65fe7c8cdc","__parent":"SimGroup_","position":[363.721893,43.7071762,127.709808],"isRenderEnabled":false,"rotationMatrix":[0.591927826,-0.79926753,0.103888705,0.803500295,0.595301509,0.00183804333,-0.0633141994,0.0823866203,0.994587243],"shapeName":"/levels/west_coast_usa/art/shapes/objects/constructionbarrier.dae","useInstanceRenderData":true}
{"class":"TSStatic","persistentId":"59ce8395-0e7f-4620-a457-469a34c6344f","__parent":"SimGroup_","position":[374.934326,52.303669,127.707176],"isRenderEnabled":false,"rotationMatrix":[0.617484331,-0.779686868,0.103930503,0.784077823,0.620658398,-0.00227667019,-0.0627302378,0.082895413,0.994581938],"shapeName":"/levels/west_coast_usa/art/shapes/objects/constructionbarrier.dae","useInstanceRenderData":true}
{"class":"TSStatic","persistentId":"5b9bb17b-e221-4410-b4ae-6090211081b6","__parent":"SimGroup_","position":[305.10437,70.4690933,126.532806],"isRenderEnabled":false,"rotationMatrix":[-0.762980938,-0.646421134,1.42744507e-17,0.646421134,-0.762980938,-1.72601955e-16,1.22464685e-16,-1.22464672e-16,1],"shapeName":"/levels/west_coast_usa/art/shapes/objects/constructionbarrier.dae","useInstanceRenderData":true}
{"class":"TSStatic","persistentId":"609ada86-0a83-405e-bffb-c1e83465b453","__parent":"SimGroup_","position":[297.627869,135.204498,127.844269],"isRenderEnabled":false,"rotationMatrix":[-0.592920184,0.796405256,0.119099393,-0.803057969,-0.595728517,-0.0143407024,0.0595298745,-0.1041466,0.992778778],"scale":[1.92970896,1.26348925,1],"shapeName":"/levels/west_coast_usa/art/shapes/objects/ramp_shallow_long.dae","useInstanceRenderData":true}
{"class":"TSStatic","persistentId":"60ea9ac9-a214-4b50-827c-8b3d7bf6e5c5","__parent":"SimGroup_","position":[328.558716,44.0674896,126.532806],"isRenderEnabled":false,"rotationMatrix":[-0.692117333,-0.721785128,-3.63326842e-18,0.721785128,-0.692117333,-1.73153096e-16,1.22464685e-16,-1.22464685e-16,1],"shapeName":"/levels/west_coast_usa/art/shapes/objects/constructionbarrier.dae","useInstanceRenderData":true}
{"class":"TSStatic","persistentId":"624c0c67-f65f-4051-827f-679828484359","__parent":"SimGroup_","position":[274.213531,110.090851,127.642876],"isRenderEnabled":false,"rotationMatrix":[-0.573170304,0.81274718,0.104488924,-0.816951692,-0.576689959,0.00431339443,0.0637634099,-0.0828900859,0.994516671],"shapeName":"/levels/west_coast_usa/art/shapes/objects/constructionbarrier.dae","useInstanceRenderData":true}
{"class":"TSStatic","persistentId":"631cf631-a12e-4393-9623-f959d8f897bd","__parent":"SimGroup_","position":[431.398407,113.689972,127.139229],"isRenderEnabled":false,"rotationMatrix":[0.969578445,-0.221637473,0.103896298,0.223750249,0.974605024,-0.00899388455,-0.0992644653,0.031967096,0.994547486],"shapeName":"/levels/west_coast_usa/art/shapes/objects/constructionbarrier.dae","useInstanceRenderData":true}
{"class":"TSStatic","persistentId":"6453a9ec-bd89-4dd9-bc75-bcb7af588743","__parent":"SimGroup_","position":[386.538818,181.090149,127.665962],"isRenderEnabled":false,"rotationMatrix":[0.00859493017,0.994727373,0.102194376,-0.999956608,0.00891721249,-0.00269689783,-0.00359395891,-0.102166757,0.994760811],"shapeName":"/levels/west_coast_usa/art/shapes/objects/constructionbarrier.dae","useInstanceRenderData":true}
