{"class":"TSStatic","__parent":"Mountain_Trail","position":[466.101288,-636.529175,171.329086],"isRenderEnabled":false,"rotationMatrix":[-0.293241978,-0.956038535,0,0.956038535,-0.293241978,0,0,0,1],"shapeName":"/levels/west_coast_usa/art/shapes/trees/trees_oak/oak_a.dae","useInstanceRenderData":true}
{"class":"TSStatic","__parent":"Mountain_Trail","position":[437.463013,-644.579285,168.615723],"isRenderEnabled":false,"shapeName":"/levels/west_coast_usa/art/shapes/trees/trees_oak/oak_a.dae","useInstanceRenderData":true}
{"class":"TSStatic","__parent":"Mountain_Trail","position":[717.913147,-475.723389,165.315231],"isRenderEnabled":false,"rotationMatrix":[-0.717990279,0.696053505,0,-0.696053505,-0.717990279,0,0,0,1],"shapeName":"/levels/west_coast_usa/art/shapes/trees/trees_conifer/pine_radiata_weathered.dae","useInstanceRenderData":true}
{"class":"TSStatic","__parent":"Mountain_Trail","position":[544.550537,-539.406738,161.616745],"isRenderEnabled":false,"rotationMatrix":[0.989069879,0,-0.147447646,0,1,0,0.147447646,0,0.989069879],"scale":[1.45297194,1.2593751,1.45297194],"shapeName":"/levels/west_coast_usa/art/shapes/rocksJV/s_rocks_desert_huge_sheet_2.dae","useInstanceRenderData":true}
{"class":"DecalRoad","persistentId":"a1f0f2a2-726e-4a1e-a0ac-3a64774ee368","__parent":"Mountain_Trail","position":[127.574989,82.4557266,119.384193],"drivability":0.100000001,"improvedSpline":true,"material":"road_invisible","nodes":[[127.574989,82.4557266,119.384193,6],[131.256943,77.4187393,119.384193,6]]}
{"name":"NewMeshRoad4","class":"MeshRoad","__parent":"Mountain_Trail","position":[477.121368,-477.692261,153.398499],"hidden":true,"nodes":[[475.434631,-477.388947,151.403915,15,1.5,0,0,1],[464.901367,-479.107086,150.910431,15,1.5,0,0,1],[455.49704,-480.551514,151.436432,15,1.5,0,0.0270035453,0.999635339],[449.542969,-481.290619,151.593506,15,1.5,0,0,1],[429.73111,-486.095612,149.161011,15,1.5,0,0,1],[405.024139,-492.327179,149.982849,15,1.5,0,0,1],[389.814423,-499.004791,146.426804,15,1.5,0,0,1],[368.398132,-514.668518,144.941345,15,1.5,0,0,1],[355.325592,-535.482239,146.864822,15,1.5,-0.0975292698,0,0.995232701],[341.878906,-546.973999,144.448669,15,1.5,-0.412693501,-0.240639552,0.87850821],[331.67334,-556.797729,142.147842,15,1.5,0.413668275,0,0.91042769],[330.767944,-571.724243,143.385406,15,1.5,0,0.377096146,0.926174104],[345.205261,-578.122986,146.086502,15,1.5,0,0,1],[353.496552,-580.960205,148.84874,15,1.5,0,0,1],[365.147705,-582.604126,150.514786,15,1.5,0,-0.202243358,0.979335308],[376.203186,-591.250122,153.553146,15,1.5,-0.296287358,0,0.955098867],[384.238831,-601.597168,158.499298,15,1.5,-0.223749131,0,0.974646747],[389.359406,-610.030029,160.43486,15,1.5,0.0575672351,0,0.99834162],[395.889221,-617.595215,160.931229,15,1.5,0,0.156427234,0.987689495],[410.991302,-624.586975,160.578888,15,1.5,0,0.0963199958,0.99535042],[428.889954,-630.659119,167.585602,15,1.5,0,0.014971057,0.999887943],[446.014954,-637.495911,171.551483,15,1.5,0,-0.154735371,0.987955928],[455.936646,-642.579773,170.130814,15,1.5,0,-0.191450298,0.981502295],[463.156219,-648.407776,170.760864,15,1.5,0,-0.123607315,0.992331207]]}
{"name":"NewMeshRoad6","class":"MeshRoad","__parent":"Mountain_Trail","position":[337.281616,-710.691406,156.333694],"hidden":true,"nodes":[[337.771973,-709.181335,155.016113,12,1,-0.135963216,0,0.990713894],[338.278595,-689.920715,157.071594,15,1,-0.0770198554,0,0.997029543],[336.564056,-674.753784,154.962677,15,1,0,0,1],[332.252747,-643.256409,145.148804,15,1,0,0,1],[332.649261,-611.781372,148.833633,15,1,0,0,1],[331.454315,-574.319641,144.665176,15,1,0.0369515121,0,0.99931705]]}
{"class":"DecalRoad","persistentId":"840035cf-3f55-4a87-85bb-8386937dad69","__parent":"Mountain_Trail","position":[869.975342,-484.085754,162.8936],"improvedSpline":true,"material":"road_gravel_02","nodes":[[869.975342,-484.085754,162.8936,5],[860.922241,-481.622833,163.59407,5],[857.033203,-480.759369,164.114365,5],[850.919983,-477.490875,163.707413,5],[848.315613,-475.671295,163.282059,5],[844.153381,-470.126923,162.980774,5],[838.04187,-464.873627,163.200012,5],[831.962219,-463.557648,162.638077,5],[822.889221,-464.475525,162.544785,5],[813.074768,-466.75116,163.90741,5],[805.732422,-468.974121,165.348373,5],[798.877686,-471.034088,166.705994,5],[794.189209,-473.121429,167.096039,5],[789.095764,-478.269165,167.841019,5],[783.764526,-483.570404,168.77182,5],[775.514099,-490.65094,169.45784,5],[771.325989,-492.347595,169.548447,5],[767.362427,-492.309265,169.282578,5],[761.651794,-490.632385,168.92601,5],[756.87677,-487.021088,167.745667,5],[751.199707,-482.811646,166.136597,5],[745.871521,-480.036041,165.046036,5],[741.677429,-479.144226,165.166489,5],[737.291687,-480.410645,165.989044,5],[733.375732,-482.441101,167.058884,5],[730.404846,-484.956085,168.167709,5],[727.783142,-487.889435,169.109482,5],[725.974426,-492.961426,170.268021,5],[723.699341,-497.970642,171.288818,5],[719.043335,-503.575439,171.929947,5],[713.03302,-507.24176,172.437134,5],[703.612671,-509.827484,173.578644,5],[699.424072,-511.298157,174.794769,5],[696.713867,-512.922424,175.584213,5],[692.560303,-516.511169,176.812607,5],[686.331909,-521.607788,178.133591,5],[680.385925,-526.779236,179.086121,5],[674.745728,-529.949158,180.001663,5],[669.220703,-532.191772,180.833191,5],[663.095032,-533.246765,181.005249,5],[657.811523,-532.97113,180.527191,5],[652.027405,-530.806824,178.849335,5],[647.410095,-528.112183,177.002975,5],[642.811279,-527.919067,175.281448,5],[635.644409,-528.697388,174.134171,5],[628.320251,-531.279541,173.087494,5],[620.364746,-534.991821,172.298386,5],[616.416687,-539.386719,172.51413,5],[611.953369,-541.022888,172.091232,5],[605.107727,-542.770203,171.62439,5],[596.689819,-547.00592,171.499268,5],[588.873169,-551.267395,171.313126,5],[579.651306,-557.322021,171.637634,5],[571.880493,-562.90802,172.684998,5],[566.035095,-568.081116,174.444443,5],[561.549072,-573.34137,175.825302,5],[562.159363,-579.731018,179.083435,5]],"renderPriority":2,"startEndFade":[2,2]}
{"class":"DecalRoad","persistentId":"c39d04b5-ac5c-4b81-b197-e7f465a9d57e","__parent":"Mountain_Trail","position":[869.975342,-484.085754,162.8936],"improvedSpline":true,"material":"m_dirt_tiretracks","nodes":[[869.975342,-484.085754,162.8936,3.5],[860.922241,-481.622833,163.59407,3.5],[857.033203,-480.759369,164.114365,3.5],[850.919983,-477.490875,163.707413,3.5],[848.315613,-475.671295,163.282059,3.5],[844.153381,-470.126923,162.980774,3.5],[838.04187,-464.873627,163.200012,3.5],[831.962219,-463.557648,162.638077,3.5],[822.889221,-464.475525,162.544785,3.5],[813.074768,-466.75116,163.90741,3.5],[805.732422,-468.974121,165.348373,3.5],[798.877686,-471.034088,166.705994,3.5],[794.189209,-473.121429,167.096039,3.5],[789.095764,-478.269165,167.841019,3.5],[783.764526,-483.570404,168.77182,3.5],[775.514099,-490.65094,169.45784,3.5],[771.325989,-492.347595,169.548447,3.5],[767.362427,-492.309265,169.282578,3.5],[761.651794,-490.632385,168.92601,3.5],[756.87677,-487.021088,167.745667,3.5],[751.199707,-482.811646,166.136597,3.5],[745.871521,-480.036041,165.046036,3.5],[741.677429,-479.144226,165.166489,3.5],[737.291687,-480.410645,165.989044,3.5],[733.375732,-482.441101,167.058884,3.5],[730.404846,-484.956085,168.167709,3.5],[727.783142,-487.889435,169.109482,3.5],[725.974426,-492.961426,170.268021,3.5],[723.699341,-497.970642,171.288818,3.5],[719.043335,-503.575439,171.929947,3.5],[713.03302,-507.24176,172.437134,3.5],[703.612671,-509.827484,173.578644,3.5],[699.424072,-511.298157,174.794769,3.5],[696.713867,-512.922424,175.584213,3.5],[692.560303,-516.511169,176.812607,3.5],[686.331909,-521.607788,178.133591,3.5],[680.385925,-526.779236,179.086121,3.5],[674.745728,-529.949158,180.001663,3.5],[669.220703,-532.191772,180.833191,3.5],[663.095032,-533.246765,181.005249,3.5],[657.811523,-532.97113,180.527191,3.5],[652.027405,-530.806824,178.849335,3.5],[647.410095,-528.112183,177.002975,3.5],[642.811279,-527.919067,175.281448,3.5],[635.644409,-528.697388,174.134171,3.5],[628.320251,-531.279541,173.087494,3.5],[620.364746,-534.991821,172.298386,3.5],[616.416687,-539.386719,172.51413,3.5],[611.953369,-541.022888,172.091232,3.5],[605.107727,-542.770203,171.62439,3.5],[596.689819,-547.00592,171.499268,3.5],[588.873169,-551.267395,171.313126,3.5],[579.651306,-557.322021,171.637634,3.5],[571.880493,-562.90802,172.684998,3.5],[566.035095,-568.081116,174.444443,3.5],[561.549072,-573.34137,175.825302,3.5],[562.159363,-579.731018,179.083435,3.5]],"renderPriority":2,"startEndFade":[2,2],"textureLength":10}
{"name":"NewMeshRoad2","class":"MeshRoad","__parent":"Mountain_Trail","position":[554.048706,-524.981262,160.407852],"hidden":true,"nodes":[[553.418762,-524.882629,159.219742,12,1,0,0,1],[555.036499,-535.423462,159.797989,10,1,0,0,1],[550.811401,-541.88501,164.332596,7,1,-0.12834844,0,0.99172914],[549.46521,-551.109924,167.094666,7,1,0.0699274093,0,0.997552097],[552.338318,-564.7229,172.439713,7,1,0,0,1],[555.927856,-570.812561,175.263306,7,1,0,0,1],[560.462097,-575.589783,178.178909,7,1,0,0.422763824,0.906239927]]}
{"name":"NewMeshRoad","class":"MeshRoad","__parent":"Mountain_Trail","position":[866.939453,-482.336578,165.300156],"hidden":true,"nodes":[[868.232971,-483.23291,163.679398,6,1.5,0,0.0355952866,0.999366283],[858.574951,-480.96106,165.502335,6,1.5,0,0,1],[853.231384,-479.512482,165.74823,6,1.5,0,0,1],[846.705444,-472.593079,164.186829,6,1.5,0,0,1],[839.782654,-465.201874,164.834167,6,1.5,-0.0628732294,-0.231734246,0.970745206],[825.859375,-463.682861,163.864655,6,1.5,0,0,1],[811.830566,-467.123688,165.509369,6,1.5,0,-0.0800302774,0.996792436],[800.721375,-470.005249,167.98877,6,1.5,0,-0.085237138,0.99636066],[792.946472,-474.036285,168.719116,6,1.5,0.0477188006,-0.157456145,0.986372411],[782.689575,-485.143555,170.451889,6,1.5,0.396350771,0.244018778,0.885076761],[769.611206,-492.834534,171.070343,7,1.5,0,0.222372934,0.974961638],[755.249084,-485.812256,168.638016,6,1.5,-0.464767992,0.124717683,0.876604974],[744.400879,-478.910919,166.515976,8,1.5,0,-0.0847336054,0.996403635],[734.875854,-481.277802,168.098709,6,1.5,0,-0.10227266,0.994756401],[727.580444,-488.229431,170.733871,6,1.5,0,-0.133025348,0.991112649],[722.219727,-501.378723,173.419189,6,1.5,0,0.440554678,0.897725761],[707.637085,-508.776703,174.105881,6,1.5,0,0.294648081,0.955605865],[699.873901,-511.721771,176.040054,6,1.5,0,-0.180576041,0.983561039],[691.101562,-517.772217,178.731995,6,1.5,0.114708975,-0.0251267999,0.993081331],[678.293884,-528.989319,181.046478,6,1.5,0,0.306546688,0.951855659],[659.896118,-533.475037,182.388596,6,1.5,0,0.308982849,0.951067567],[643.584717,-527.092957,177.303558,8,1.5,0,-0.34522751,0.938519001],[623.983582,-533.627625,174.025909,6,1.5,0,-0.140736878,0.990047038],[615.664673,-539.921814,173.976929,6,1.5,0,0,1],[606.350159,-543.064148,173.099136,6,1.5,0,0,1],[582.644043,-555.661377,172.844864,6,1.5,0,-0.206097394,0.97853148],[562.177734,-572.134583,176.741119,6,1.5,0.21104379,0.190483689,0.958736897],[565.733582,-587.349976,184.502121,6,1.5,-0.0396187678,0,0.999214888],[569.022461,-606.156372,190.857208,6,1.5,-0.406293899,0,0.913742483],[562.04895,-640.270996,192.234558,6,1.5,0.0386047885,0,0.999254584],[559.443848,-660.226257,195.03743,6,1.5,0.268106818,0,0.963389158],[573.336609,-667.84137,200.756485,6,1.5,0,0,1]]}
{"name":"NewMeshRoad1","class":"MeshRoad","__parent":"Mountain_Trail","position":[707.401062,-476.281616,164.174042],"hidden":true,"nodes":[[706.911011,-472.527039,161.93132,11,1.5,0,0,1],[709.550537,-482.989105,163.034393,11,1.5,0,0,1],[710.83136,-487.10083,165.29808,11,1.5,0,0,1],[711.970398,-491.679382,167.069778,11,1.5,0,0,1],[712.72876,-494.861328,169.330551,11,1.5,0,0,1],[713.141724,-498.207794,170.329895,11,1.5,0,0,1],[713.461731,-502.525024,173.585678,11,1.5,0,0,1],[714.118103,-509.719788,174.80336,11,1.5,0,0,1]]}
{"class":"TSStatic","__parent":"Mountain_Trail","position":[714.346008,-502.672089,167.976685],"hidden":true,"isRenderEnabled":false,"rotationMatrix":[-0.654991508,0.720682502,-0.227163911,-0.75515902,-0.634985328,0.162877634,-0.0268626437,0.278228283,0.960139275],"scale":[1.58815408,1.48000002,1.37926829],"shapeName":"/levels/west_coast_usa/art/shapes/rocksJV/s_rocks_desert_collection_02.dae","useInstanceRenderData":true}
{"class":"TSStatic","__parent":"Mountain_Trail","position":[554.197449,-537.614197,161.176514],"isRenderEnabled":false,"rotationMatrix":[0.807511687,0.492173165,-0.325100869,-0.582247913,0.753315508,-0.305782974,0.0944053903,0.436212599,0.894877791],"scale":[1.07410192,1.10522628,1],"shapeName":"/levels/west_coast_usa/art/shapes/rocksJV/s_rocks_desert_huge_sheet_3.dae","useInstanceRenderData":true}
{"class":"TSStatic","__parent":"Mountain_Trail","position":[545.989014,-543.64563,164.710861],"isRenderEnabled":false,"rotationMatrix":[0.532248259,0.787637889,-0.310384423,-0.836911976,0.544800103,-0.0526436418,0.127633363,0.287783861,0.94915235],"scale":[1.17780614,1.17780614,1.69645786],"shapeName":"/levels/west_coast_usa/art/shapes/rocksJV/s_rocks_desert_huge_sheet_1.dae","useInstanceRenderData":true}
{"class":"TSStatic","__parent":"Mountain_Trail","position":[550.566101,-546.596008,165.446121],"isRenderEnabled":false,"rotationMatrix":[1,0,0,0,0.942495525,-0.334218889,0,0.334218889,0.942495525],"scale":[1.43861413,1.5471065,1.43861413],"shapeName":"/levels/west_coast_usa/art/shapes/rocksJV/s_rocks_desert_collection_03.dae","useInstanceRenderData":true}
{"class":"TSStatic","__parent":"Mountain_Trail","position":[547.456726,-550.596252,166.598648],"isRenderEnabled":false,"rotationMatrix":[0.603582621,-0.738918304,0.299479336,0.797300577,0.5593853,-0.226715773,2.98023224e-08,0.375616699,0.926775098],"scale":[1.10578084,1.16907048,0.834721565],"shapeName":"/levels/west_coast_usa/art/shapes/rocksJV/s_rocks_desert_collection_01.dae","useInstanceRenderData":true}
{"class":"TSStatic","__parent":"Mountain_Trail","position":[550.115845,-563.872131,172.129547],"isRenderEnabled":false,"rotationMatrix":[-0.932098508,-0.355563611,0.069044821,0.350416332,-0.836987495,0.420310229,-0.0916573778,0.415964931,0.904749751],"scale":[0.900746942,1,1],"shapeName":"/levels/west_coast_usa/art/shapes/rocksJV/s_rocks_desert_huge_sheet_3.dae","useInstanceRenderData":true}
{"class":"TSStatic","__parent":"Mountain_Trail","position":[551.874756,-568.054504,173.615829],"isRenderEnabled":false,"rotationMatrix":[-0.681233764,0.66720885,-0.301252693,-0.727524936,-0.571263909,0.379954129,0.0814139843,0.478006393,0.874575138],"scale":[1,1.1252532,1.1252532],"shapeName":"/levels/west_coast_usa/art/shapes/rocksJV/s_rocks_desert_huge_sheet_3.dae","useInstanceRenderData":true}
{"class":"TSStatic","__parent":"Mountain_Trail","position":[551.194153,-552.238892,167.39325],"isRenderEnabled":false,"rotationMatrix":[0.568739891,0.779560626,-0.262336165,-0.817649066,0.501195967,-0.283289284,-0.089359276,0.375616819,0.922457039],"scale":[1.10578084,1.16907048,0.834721565],"shapeName":"/levels/west_coast_usa/art/shapes/rocksJV/s_rocks_desert_collection_01.dae","useInstanceRenderData":true}
{"class":"TSStatic","__parent":"Mountain_Trail","position":[554.955383,-549.917725,167.738632],"isRenderEnabled":false,"rotationMatrix":[0.362485647,0.920894265,-0.143381357,-0.930508733,0.366270125,1.49011612e-08,0.0525163449,0.133417562,0.989667535],"scale":[1,1,1.38163567],"shapeName":"/levels/west_coast_usa/art/shapes/rocksJV/s_rocks_desert_large_03.dae","useInstanceRenderData":true}
{"class":"TSStatic","__parent":"Mountain_Trail","position":[560.054016,-537.530029,162.726791],"isRenderEnabled":false,"scale":[1.7593348,1.83722949,1.77228785],"shapeName":"/levels/west_coast_usa/art/shapes/rocksJV/s_rocks_desert_large_06.dae","useInstanceRenderData":true}
{"class":"TSStatic","__parent":"Mountain_Trail","position":[546.939148,-532.825317,161.306946],"isRenderEnabled":false,"rotationMatrix":[0.991642833,-0.129013762,0,0.129013762,0.991642833,0,0,0,1],"scale":[1.24184418,1.31503272,1.24184418],"shapeName":"/levels/west_coast_usa/art/shapes/rocksJV/s_rocks_desert_large_03.dae","useInstanceRenderData":true}
{"class":"TSStatic","__parent":"Mountain_Trail","position":[714.625671,-494.266937,164.615952],"hidden":true,"isRenderEnabled":false,"rotationMatrix":[-0.857038856,0.473796695,-0.202485889,-0.515251219,-0.788085818,0.336803257,-1.49011612e-08,0.392984688,0.919544995],"scale":[1.67930079,1.60000002,1.47048724],"shapeName":"/levels/west_coast_usa/art/shapes/rocksJV/s_rocks_desert_collection_03.dae","useInstanceRenderData":true}
{"class":"TSStatic","__parent":"Mountain_Trail","position":[709.935547,-495.176117,165.570816],"hidden":true,"isRenderEnabled":false,"rotationMatrix":[0.160836637,-0.90591979,0.391715705,0.978064895,0.0930662751,-0.186354846,0.13236694,0.41309604,0.901016474],"scale":[1.83092594,1.70623922,1.37926829],"shapeName":"/levels/west_coast_usa/art/shapes/rocksJV/s_rocks_desert_collection_02.dae","useInstanceRenderData":true}
{"class":"DecalRoad","persistentId":"bf031395-1566-4176-908b-0588d6aa438e","__parent":"Mountain_Trail","position":[867.033936,-479.739746,163.46225],"improvedSpline":true,"material":"bank_erosion","nodes":[[867.033936,-479.739746,163.46225,3],[858.80957,-477.576355,164.231186,3],[853.912476,-475.62915,164.363586,3],[850.171326,-472.543823,163.298981,3],[847.264771,-468.579956,163.34201,3],[841.580017,-463.021149,164.038757,3],[837.857666,-461.167511,163.993515,3],[830.507874,-460.360046,163.922989,3],[823.289673,-460.754456,163.924118,3.5],[813.402466,-463.009338,165.139236,3.5],[803.631897,-466.126495,166.627121,3.5],[797.090027,-467.550323,168.147537,4.5],[792.050903,-469.476654,169.025421,4.5],[786.536743,-474.525146,169.763779,4.5],[781.833679,-479.575928,170.472595,4.5],[778.111755,-483.20993,170.501907,4.5],[772.485291,-487.895538,170.21965,4.5],[768.667786,-488.846375,169.853455,4.5],[764.483032,-487.75824,169.382202,4],[761.221619,-485.950317,168.758453,4.5],[756.254944,-482.7854,168.035828,3],[749.516296,-478.121521,166.033173,3],[744.021667,-476.73996,165.251099,3],[738.358337,-477.205231,165.805801,3],[733.027283,-479.34967,166.789474,3],[728.05188,-483.061096,168.580872,3],[724.699097,-487.4216,169.27002,3],[722.919922,-491.825775,170.138031,3],[721.573669,-496.203613,171.074173,3],[720.340881,-498.633484,171.296341,3],[718.509399,-499.009003,170.925491,3],[717.223572,-497.239807,169.304855,3],[717.157043,-492.023102,167.097839,3],[716.733398,-485.444214,165.588287,4],[715.099854,-471.959045,161.875229,4]],"startEndFade":[2,2],"textureLength":15}
{"class":"DecalRoad","persistentId":"9185db41-0bbe-4614-9b3f-7e5c8083cb3e","__parent":"Mountain_Trail","position":[704.026184,-480.145508,161.455429],"improvedSpline":true,"material":"bank_erosion","nodes":[[704.026184,-480.145508,161.455429,4],[705.919128,-487.822418,164.327225,3],[706.896973,-493.932922,168.112289,3],[709.196594,-501.223938,171.175934,3],[709.376526,-503.853455,171.94957,3],[707.486084,-505.356079,172.473297,3],[702.110779,-506.651733,174.40892,3],[698.569885,-507.580292,175.547714,3],[695.013,-509.661804,176.213089,3],[690.695496,-513.618774,177.409393,3],[686.670166,-517.649658,178.171371,3],[682.518555,-521.373901,178.808609,3],[674.803162,-526.676697,179.877716,3],[670.506409,-528.77356,180.45755,3],[664.718262,-530.398621,180.752701,3],[658.983582,-530.063171,180.272842,3],[653.509521,-528.260315,178.976303,3],[651.194031,-526.815735,178.267914,3]],"startEndFade":[2,2],"textureLength":15}
{"class":"DecalRoad","persistentId":"e36092c0-78e3-4af6-ac43-3eb43ff1648e","__parent":"Mountain_Trail","position":[866.159302,-486.589905,163.393265],"improvedSpline":true,"material":"bank_erosion","nodes":[[866.159302,-486.589905,163.393265,3],[863.295105,-485.49884,163.659363,3],[859.961914,-485.028137,163.972092,3],[858.309998,-484.646698,164.361298,3],[856.144897,-484.070099,164.402161,3],[854.228577,-483.153198,164.462631,3],[852.085999,-481.917175,164.405289,3],[850.246643,-480.624329,164.316956,3],[847.714844,-478.75293,164.2995,3],[844.608643,-475.50174,164.244308,3],[842.722473,-472.898193,164.036194,3],[840.118774,-469.63562,164.035492,3],[838.471802,-468.299591,163.96727,3],[835.868958,-467.013702,163.440918,3],[832.459839,-466.710022,163.028336,3],[826.98822,-467.036499,162.971466,3],[821.342163,-468.364899,163.991653,3],[810.591797,-471.1492,165.395737,3],[804.661072,-472.506683,166.327545,3],[799.459595,-473.998718,167.141388,3],[795.432678,-476.411713,167.506775,3],[790.484741,-480.933014,168.040695,3],[781.67218,-489.655426,169.665787,3],[774.67981,-494.496918,170.38858,3],[767.841125,-495.595459,170.300018,4],[764.131226,-495.12146,170.645386,4],[760.848328,-493.462128,170.584946,4],[756.267029,-490.690155,169.682266,4],[750.859192,-486.814728,167.641983,4],[746.982666,-484.238434,166.643753,4],[742.664368,-482.77597,166.566116,4],[737.98175,-483.778412,167.363022,4],[734.172974,-485.864044,168.255997,4],[731.927856,-487.612946,169.110092,4],[729.945129,-490.563354,170.299423,4],[729.125916,-494.43869,172.158173,4],[727.201843,-499.221344,173.231201,4],[724.476135,-503.988617,173.764587,4],[721.54303,-506.929871,174.472092,4],[717.86615,-509.144531,174.218628,4],[711.959351,-511.599976,174.809052,4],[704.970215,-513.356201,175.104492,4],[701.637512,-514.182251,175.276703,4],[697.947205,-516.682983,176.75737,4],[694.971313,-519.391785,178.15094,4],[690.698425,-522.590027,179.486404,4],[684.826294,-528.443054,181.636276,4],[676.603943,-533.831238,183.284256,4],[669.618958,-536.36731,184.478836,4],[661.145874,-537.26001,183.855011,4],[653.798401,-535.825134,183.317108,4],[647.848206,-532.336548,179.04921,4],[642.56427,-531.086609,176.470459,4],[635.661438,-532.461792,175.375458,4],[625.870911,-536.399353,174.280594,4],[621.401428,-538.940063,173.817001,4],[616.366516,-542.66333,174.507996,4],[610.892456,-544.292725,173.322281,4],[607.094666,-545.518738,172.929916,4],[601.638977,-548.138733,172.24176,4],[597.585388,-550.262512,172.525467,4],[592.664062,-553.025391,172.249161,4],[583.793579,-558.818604,173.832413,4],[575.988464,-563.928833,174.857071,4],[571.041443,-567.967407,176.072327,4],[566.784363,-572.051453,177.164124,4],[564.930054,-575.12616,177.754852,4],[566.32666,-579.747925,180.896835,4],[568.385803,-586.454102,183.802048,4],[570.946533,-592.933777,187.661194,4],[572.692383,-599.308044,190.379791,4],[573.005737,-608.024414,192.412979,4],[572.263428,-615.766968,193.116653,4],[570.936462,-620.957275,193.386658,4],[569.034607,-626.223206,193.083862,4],[567.033142,-632.443848,192.323242,4],[566.468506,-635.230469,192.323853,4],[565.141663,-641.261963,192.969879,4],[564.349243,-646.67157,193.875305,4],[563.066589,-654.380981,194.412674,4],[562.961548,-658.94751,195.063828,4],[564.50238,-661.666992,195.92366,4],[568.769653,-663.875916,197.614517,4],[572.813599,-666.40509,199.11647,4]],"startEndFade":[2,2],"textureLength":17}
{"class":"DecalRoad","persistentId":"3f9b43a7-eaf2-42e6-a7d5-5bd49ee2572e","__parent":"Mountain_Trail","position":[579.376099,-665.379517,200.834503],"improvedSpline":true,"material":"road_gravel_02","nodes":[[579.376099,-665.379517,200.834503,5],[576.317627,-669.527222,200.702591,5],[571.837463,-669.966003,199.676819,5],[568.29425,-667.623169,197.952637,5]],"renderPriority":7,"startEndFade":[3,3]}
{"class":"TSStatic","__parent":"Mountain_Trail","position":[707.898987,-470.848083,159.852646],"hidden":true,"isRenderEnabled":false,"rotationMatrix":[0.995637298,0.0152571546,0.0920518413,-0.00175544713,0.989429176,-0.145006165,-0.093291156,0.144211963,0.98513943],"scale":[1.41992128,1.41999996,0.948368013],"shapeName":"/levels/west_coast_usa/art/shapes/rocksJV/s_rocks_desert_collection_01.dae","useInstanceRenderData":true}
{"class":"TSStatic","__parent":"Mountain_Trail","position":[713.934631,-485.374329,161.493301],"hidden":true,"isRenderEnabled":false,"rotationMatrix":[1,0,0,0,0.887875974,-0.460082889,0,0.460082889,0.887875974],"scale":[1.58815408,1.48000002,1.39067411],"shapeName":"/levels/west_coast_usa/art/shapes/rocksJV/s_rocks_desert_collection_02.dae","useInstanceRenderData":true}
{"class":"DecalRoad","persistentId":"58cd9a1b-6676-4cb5-a366-23d2cb6338da","__parent":"Mountain_Trail","position":[564.845093,-563.98645,173.904312],"improvedSpline":true,"material":"bank_erosion","nodes":[[564.845093,-563.98645,173.904312,3],[563.318359,-565.652527,174.248642,3],[561.188904,-568.395386,174.658997,3],[559.727234,-568.899536,174.517715,3],[558.299744,-568.086853,174.219543,3],[556.610962,-564.625732,173.045639,3],[554.71521,-560.527649,170.770737,3],[553.879761,-556.322083,169.107895,3],[553.422485,-547.776855,165.774002,3],[553.811646,-543.554688,164.354309,3.5],[556.536072,-538.811462,161.272217,3.5],[559.059082,-533.694946,160.658966,3.5],[559.081299,-529.707397,159.661133,3.5],[557.799622,-524.686401,158.708176,3]],"startEndFade":[2,2],"textureLength":15}
{"class":"DecalRoad","persistentId":"eb541ee1-8b93-49a9-82e5-2fda5af3e789","__parent":"Mountain_Trail","position":[573.179382,-679.092651,200.671799],"improvedSpline":true,"material":"road_gravel_02","nodes":[[573.179382,-679.092651,200.671799,5],[573.412231,-674.860596,200.671799,5],[571.123718,-670.827393,199.931137,5],[568.29425,-667.623169,197.952637,5]],"renderPriority":8,"startEndFade":[3,3]}
{"class":"TSStatic","__parent":"Mountain_Trail","position":[710.299683,-489.233612,162.619308],"hidden":true,"isRenderEnabled":false,"rotationMatrix":[1,0,0,0,0.919544995,-0.392984778,0,0.392984778,0.919544995],"scale":[1.67930079,1.60000002,1.47048724],"shapeName":"/levels/west_coast_usa/art/shapes/rocksJV/s_rocks_desert_collection_03.dae","useInstanceRenderData":true}
{"class":"DecalRoad","persistentId":"9c212f4f-ef57-4fd2-afa8-e2d0e799443d","__parent":"Mountain_Trail","position":[550.317505,-525.582642,158.737289],"improvedSpline":true,"material":"bank_erosion","nodes":[[550.317505,-525.582642,158.737289,3],[550.548828,-529.651489,159.06369,3],[550.873413,-531.936157,159.414032,3],[550.427246,-533.839844,160.598221,3],[548.650757,-536.535278,162.750214,3],[547.060486,-540.756714,164.629761,3],[545.962158,-545.046082,165.97908,3],[545.706604,-551.391296,166.82106,3],[547.5896,-561.321167,171.579376,3],[551.38501,-569.289185,174.044525,3],[554.463135,-573.281128,174.677505,3],[556.755493,-574.734497,175.66507,3],[558.418396,-576.42749,176.496033,3],[559.799072,-579.847534,179.310043,3],[560.757446,-584.019653,181.58783,3],[562.151367,-587.066162,183.292587,3],[564.58313,-594.637756,185.7612,3],[565.710632,-599.712708,187.385193,3],[566.471191,-603.522034,188.413071,3],[565.567383,-610.013306,189.359665,3],[564.259033,-616.954041,189.830566,3],[563.688904,-621.153564,190.211472,3],[562.09259,-625.774048,190.586166,3],[560.265442,-630.018677,190.929352,3],[559.512939,-635.207397,191.307861,3],[558.249146,-642.503906,192.388687,3],[556.929382,-650.942688,193.074036,3],[556.027954,-657.363281,193.796921,3],[555.950562,-660.283691,193.954834,3],[557.358765,-663.940308,194.875168,3],[559.855042,-666.887451,196.096436,3],[563.352173,-669.461609,197.603058,3],[566.762573,-670.823486,199.476364,3],[568.409485,-672.344971,200.61264,3]],"startEndFade":[2,2],"textureLength":15}
{"name":"WaterBlock_4","class":"WaterBlock","__parent":"Mountain_Trail","position":[820.872803,-465.608185,162.939499],"Foam":[{},{}],"Ripples (texture animation)":[{"rippleDir":[0,1],"rippleSpeed":0.0649999976,"rippleTexScale":[7.13999987,7.13999987]},{"rippleDir":[0.707000017,0.707000017],"rippleSpeed":0.0900000036,"rippleTexScale":[6.25,12.5]},{"rippleDir":[0.5,0.860000014],"rippleSpeed":0.0399999991,"rippleTexScale":[50,50]}],"Waves (vertex undulation)":[{"waveDir":[0,1],"waveMagnitude":0.200000003,"waveSpeed":1},{"waveDir":[0.707000017,0.707000017],"waveMagnitude":0.200000003,"waveSpeed":1},{"waveDir":[0.5,0.860000014],"waveMagnitude":0.200000003,"waveSpeed":1}],"baseColor":[34,34,33,255],"clarity":0.300000012,"cubemap":"DefaultSkyCubemap","depthGradientTex":"core/art/water/depthcolor_ramp.dds","distortStartDist":0.100000016,"foamMaxDepth":1.99999988,"foamTex":"core/art/water/foam.dds","overallRippleMagnitude":0.599999905,"overallWaveMagnitude":0.099999927,"rippleTex":"core/art/water/ripple.dds","rotationMatrix":[-0.0384678841,-0.999259889,2.79396772e-08,0.998449266,-0.0384366512,-0.0402724743,0.0402426645,-0.00154916197,0.999188721],"scale":[19.4488583,19.6483383,10],"specularColor":[0.281452596,0.281452596,0.281452596,1],"underwaterColor":[81,62,56,240],"waterFogDensity":1.00000012,"waterFogDensityOffset":0.399999917,"wetDarkening":0.100000016,"wetDepth":0.299999803}
{"class":"DecalRoad","persistentId":"bf393bdc-4033-4c45-95d1-d1fe910e8c6a","__parent":"Mountain_Trail","position":[714.773499,-505.205475,172.067551],"improvedSpline":true,"material":"road_gravel_02","nodes":[[714.773499,-505.205475,172.067551,7],[714.154846,-499.426575,169.737061,7],[712.966675,-493.889679,167.226059,8],[711.894592,-486.839294,163.747131,8],[710.182251,-478.518036,161.098892,8],[707.051941,-469.335785,161.584488,12]],"renderPriority":9,"startEndFade":[1,2]}
{"class":"TSStatic","__parent":"Mountain_Trail","position":[710.637146,-497.364502,166.546539],"hidden":true,"isRenderEnabled":false,"rotationMatrix":[1,0,0,0,0.949615419,-0.313417554,0,0.313417554,0.949615419],"scale":[1,1,0.868472576],"shapeName":"/levels/west_coast_usa/art/shapes/rocksJV/s_rocks_desert_huge_sheet_3.dae","useInstanceRenderData":true}
{"class":"DecalRoad","persistentId":"412472fd-aa59-45b6-8c50-461c5b070dd1","__parent":"Mountain_Trail","position":[553.815796,-522.996948,158.54216],"improvedSpline":true,"material":"road_gravel_02","nodes":[[553.815796,-522.996948,158.54216,5],[554.250305,-527.064087,158.926071,5],[554.909546,-532.150208,159.882797,5],[553.668213,-535.667542,160.72789,5.5],[551.215515,-539.423889,162.935379,5.5],[549.771606,-543.700928,165.08403,5.5],[549.337952,-547.874451,166.257629,5.5],[549.40155,-552.754211,167.602402,5.5],[550.428284,-557.997681,169.915726,5.5],[552.140869,-563.604187,172.274994,5.5],[554.34967,-567.210144,173.693253,5.5],[556.259216,-570.604187,174.445908,5],[559.360535,-572.835999,175.22435,5],[561.375366,-577.004639,177.453171,5],[563.065002,-582.529602,180.431824,5],[565.820435,-588.947205,183.636292,5],[568.030945,-596.665527,186.554916,5],[569.185852,-602.933289,188.739868,5],[568.394409,-611.550415,189.82576,5],[566.477905,-621.834351,190.302139,5],[563.141968,-631.967896,190.717422,5],[561.586975,-641.793396,190.998764,5],[560.042847,-653.09967,192.525284,5],[558.864685,-659.937195,193.562897,5],[560.590576,-663.333008,194.744507,5],[563.962708,-666.022461,196.280121,5],[568.080383,-668.037476,198.073318,5],[570.418823,-669.266235,199.098343,5],[576.539124,-672.758911,200.671799,5]]}
{"class":"DecalRoad","persistentId":"30fb88ea-49c8-4ace-ae72-3ab8edecfc13","__parent":"Mountain_Trail","position":[553.815796,-522.996948,158.54216],"improvedSpline":true,"material":"m_dirt_tiretracks","nodes":[[553.815796,-522.996948,158.54216,3.5],[554.250305,-527.064087,158.926071,3.5],[554.909546,-532.150208,159.882797,3.5],[553.668213,-535.667542,160.72789,3.5],[551.215515,-539.423889,162.935379,3.5],[549.771606,-543.700928,165.08403,3.5],[549.337952,-547.874451,166.257629,3.5],[549.40155,-552.754211,167.602402,3.5],[550.428284,-557.997681,169.915726,3.5],[552.140869,-563.604187,172.274994,3.5],[554.34967,-567.210144,173.693253,3.5],[556.259216,-570.604187,174.445908,3.5],[559.360535,-572.835999,175.22435,3.5],[561.375366,-577.004639,177.453171,3.5],[563.065002,-582.529602,180.431824,3.5],[565.820435,-588.947205,183.636292,3.5],[568.030945,-596.665527,186.554916,3.5],[569.185852,-602.933289,188.739868,3.5],[568.394409,-611.550415,189.82576,3.5],[566.477905,-621.834351,190.302139,3.5],[563.141968,-631.967896,190.717422,3.5],[561.586975,-641.793396,190.998764,3.5],[560.042847,-653.09967,192.525284,3.5],[558.864685,-659.937195,193.562897,3.5],[560.590576,-663.333008,194.744507,3.5],[563.962708,-666.022461,196.280121,3.5],[568.080383,-668.037476,198.073318,3.5],[570.418823,-669.266235,199.098343,3.5],[576.539124,-672.758911,200.671799,3.5]],"startEndFade":[2,2],"textureLength":10}
{"class":"DecalRoad","persistentId":"4adc348b-7d1c-4c0e-9890-dd09990ed68b","__parent":"Mountain_Trail","position":[713.630554,-506.568665,172.319489],"improvedSpline":true,"material":"m_dirt_tiretracks_02","nodes":[[713.630554,-506.568665,172.319489,5],[713.685303,-499.53479,169.777039,5],[713.42395,-492.930939,166.627609,5],[711.932373,-483.978699,162.147491,5],[708.42395,-468.190765,161.601257,5],[705.380005,-460.016449,161.499161,5]],"renderPriority":9,"startEndFade":[2,2],"textureLength":10}
{"class":"DecalRoad","persistentId":"63ca7178-d8e7-46bc-8f45-e60b0b892d4b","__parent":"Mountain_Trail","position":[714.861633,-504.455017,171.89212],"improvedSpline":true,"material":"m_dirt_tiretracks","nodes":[[714.861633,-504.455017,171.89212,5],[714.186707,-499.225098,169.613586,5],[711.953369,-493.250061,166.598679,5],[711.590515,-484.636505,162.416351,5],[708.895691,-474.686554,160.79538,5],[707.916382,-468.635559,161.594543,5]],"renderPriority":9,"startEndFade":[2,2],"textureLength":10}
{"class":"TSStatic","__parent":"Mountain_Trail","position":[559.199158,-562.850952,172.104279],"isRenderEnabled":false,"rotationMatrix":[-0.461374879,-0.875543118,-0.143381372,0.884684086,-0.466191769,2.23517418e-08,-0.0668431818,-0.126847178,0.989667535],"scale":[1.71507001,1.70713115,2.36960196],"shapeName":"/levels/west_coast_usa/art/shapes/rocksJV/s_rocks_desert_large_03.dae","useInstanceRenderData":true}
{"class":"TSStatic","__parent":"Mountain_Trail","position":[720.248291,-496.733398,168.331833],"hidden":true,"isRenderEnabled":false,"rotationMatrix":[-0.461374879,-0.875543118,-0.143381372,0.884684086,-0.466191769,2.23517418e-08,-0.0668431818,-0.126847178,0.989667535],"scale":[1.71507001,1.70713115,2.36960196],"shapeName":"/levels/west_coast_usa/art/shapes/rocksJV/s_rocks_desert_large_03.dae","useInstanceRenderData":true}
{"class":"TSStatic","__parent":"Mountain_Trail","position":[713.736145,-497.364502,166.32753],"hidden":true,"isRenderEnabled":false,"rotationMatrix":[0.325172842,0.935516417,-0.138101548,-0.898008406,0.259707689,-0.355152518,-0.296384841,0.239502341,0.92455107],"scale":[1,1,0.868472576],"shapeName":"/levels/west_coast_usa/art/shapes/rocksJV/s_rocks_desert_huge_sheet_3.dae","useInstanceRenderData":true}
{"class":"TSStatic","__parent":"Mountain_Trail","position":[710.642883,-502.79892,168.210342],"hidden":true,"isRenderEnabled":false,"rotationMatrix":[0.160836637,-0.90591979,0.391715705,0.978064895,0.0930662751,-0.186354846,0.13236694,0.41309604,0.901016474],"scale":[1.83092594,1.70623922,1.37926829],"shapeName":"/levels/west_coast_usa/art/shapes/rocksJV/s_rocks_desert_collection_02.dae","useInstanceRenderData":true}
{"class":"DecalRoad","persistentId":"b065c43b-6e9a-4b81-920a-cf712bfb9620","__parent":"Mountain_Trail","position":[555.048889,-524.989868,158.732925],"improvedSpline":true,"material":"road_gravel_02","nodes":[[555.048889,-524.989868,158.732925,5],[566.83136,-521.558167,159.117599,5],[579.338196,-520.480713,159.554459,5],[581.132263,-530.325562,162.661392,5],[583.165894,-538.961121,166.986282,5.5],[589.30542,-549.540649,171.544952,5.5]],"startEndFade":[2,2]}
{"class":"DecalRoad","persistentId":"aa0cadf3-9c7f-45cd-9dcc-5b77ca3dff67","__parent":"Mountain_Trail","position":[737.129822,-480.256989,166.021591],"improvedSpline":true,"material":"road_gravel_02","nodes":[[737.129822,-480.256989,166.021591,5],[745.684326,-472.203766,165.579041,5],[746.880798,-463.651917,163.411789,5],[741.356873,-458.577026,162.453033,5],[734.365051,-456.299896,162.246948,5]],"renderPriority":9,"startEndFade":[1,5]}
{"class":"TSStatic","__parent":"Mountain_Trail","position":[555.400452,-545.02063,164.642258],"isRenderEnabled":false,"rotationMatrix":[0.14174819,0.135717154,-0.980555236,-0.00152475387,-0.990526199,-0.137317613,-0.989901721,0.0209596418,-0.140198708],"scale":[1.38953471,1.48696232,1.91983104],"shapeName":"/levels/west_coast_usa/art/shapes/rocksJV/s_rocks_desert_large_03.dae","useInstanceRenderData":true}
{"class":"TSStatic","__parent":"Mountain_Trail","position":[543.149475,-548.93158,165.352264],"isRenderEnabled":false,"rotationMatrix":[-0.195951581,-0.0107125938,-0.980555177,0.646101356,0.75079751,-0.137317598,0.737669468,-0.660445571,-0.140198588],"scale":[1.38953471,1.48696232,1.91983104],"shapeName":"/levels/west_coast_usa/art/shapes/rocksJV/s_rocks_desert_large_03.dae","useInstanceRenderData":true}
{"class":"TSStatic","__parent":"Mountain_Trail","position":[545.817688,-560.035217,169.699493],"isRenderEnabled":false,"rotationMatrix":[0.126690924,0.149870902,-0.980554819,0.10264653,-0.985193849,-0.137317717,-0.98661685,-0.0832536742,-0.140198588],"scale":[1.38953471,1.48696232,1.91983104],"shapeName":"/levels/west_coast_usa/art/shapes/rocksJV/s_rocks_desert_large_03.dae","useInstanceRenderData":true}
{"class":"TSStatic","__parent":"Mountain_Trail","position":[551.267761,-573.365845,174.392014],"isRenderEnabled":false,"rotationMatrix":[0.795205474,0.589143574,-0.143381387,-0.595294416,0.803507686,-4.09781933e-08,0.11520803,0.0853541642,0.989667535],"scale":[1.71507001,1.70713115,2.36960196],"shapeName":"/levels/west_coast_usa/art/shapes/rocksJV/s_rocks_desert_large_03.dae","useInstanceRenderData":true}
{"class":"TSStatic","__parent":"Mountain_Trail","position":[553.95105,-558.614502,169.908081],"isRenderEnabled":false,"rotationMatrix":[0.635149419,0.771298766,-0.0410339534,-0.700138807,0.552488446,-0.452285975,-0.326176673,0.315998703,0.890928566],"scale":[1.17780614,1.17780614,1.69645786],"shapeName":"/levels/west_coast_usa/art/shapes/rocksJV/s_rocks_desert_huge_sheet_1.dae","useInstanceRenderData":true}
{"class":"TSStatic","__parent":"Mountain_Trail","position":[549.60968,-557.036743,169.189117],"isRenderEnabled":false,"rotationMatrix":[0.982904732,0.14620012,-0.111909658,-0.183821529,0.813543677,-0.551684976,0.0103869699,0.562825203,0.826510668],"scale":[0.900746942,1,1],"shapeName":"/levels/west_coast_usa/art/shapes/rocksJV/s_rocks_desert_huge_sheet_3.dae","useInstanceRenderData":true}
{"class":"TSStatic","__parent":"Mountain_Trail","position":[555.126221,-565.570374,173.091476],"isRenderEnabled":false,"rotationMatrix":[-0.937253475,-0.175505713,-0.301252663,0.0508253835,-0.923607707,0.37995407,-0.344923496,0.340802103,0.874575138],"scale":[1,1.1252532,1.1252532],"shapeName":"/levels/west_coast_usa/art/shapes/rocksJV/s_rocks_desert_huge_sheet_3.dae","useInstanceRenderData":true}
