{"class":"DecalRoad","persistentId":"0ea43b0c-1f5d-4c28-8373-22a0463ee486","__parent":"SimGroup_","position":[188.970779,818.89502,101.943123],"improvedSpline":true,"material":"track_rubber","nodes":[[188.970779,818.89502,101.943123,4.5],[206.057404,823.857971,101.901192,4.5],[217.642288,826.694336,102.034096,4.5],[229.233276,828.30481,102.330681,4.5],[240.940598,831.203003,102.78994,4.5],[258.843781,840.259338,103.694054,4.5],[271.386078,849.196899,104.469231,4.5],[280.929047,860.010925,105.207626,4.5],[288.368225,873.733948,105.885811,4.5],[306.111115,894.503357,107.253181,4.5],[325.602539,906.779846,108.577309,4.5],[345.908844,913.777039,109.835426,4.5],[364.511841,916.585266,110.877068,4.5],[391.209656,915.154114,112.489189,4.5],[418.511627,916.653442,113.753151,4.5],[437.332733,920.640015,114.68911,4.5],[460.73465,933.142944,115.822762,4.5],[480.215118,952.479675,116.741325,4.5],[508.879089,979.624146,118.252106,4.5],[532.200928,990.360229,119.209808,4.5],[544.850708,993.430237,119.741722,4.5],[557.024719,993.919189,120.177582,4.5],[570.464722,989.381287,120.442978,4.5],[581.647339,982.627502,120.849075,4.5],[590.51355,968.582214,121.186104,4.5],[593.768127,952.810547,121.640991,4.5],[592.18457,939.93811,122.10154,4.5],[585.920532,928.714172,122.46312,4.5],[577.727539,913.995483,122.96225,4.5]],"renderPriority":2,"startEndFade":[10,10],"textureLength":75}
{"class":"DecalRoad","persistentId":"1fbed9ee-9719-4b02-b730-a9af9c31eacd","__parent":"SimGroup_","position":[593.657654,943.116455,121.97744],"improvedSpline":true,"material":"checkered_line_alt","nodes":[[593.657654,943.116455,121.97744,0.25],[580.625,946.639343,121.591957,0.25]],"renderPriority":3,"startEndFade":[1,1]}
{"class":"DecalRoad","persistentId":"617d8b96-f052-47b9-9378-4f743a3209da","__parent":"SimGroup_","position":[188.970779,818.89502,101.943123],"improvedSpline":true,"material":"track_rubber","nodes":[[188.970779,818.89502,101.943123,4.5],[206.107086,823.818848,101.901718,4.5],[217.967194,826.465027,102.043655,4.5],[229.823303,828.587219,102.344543,4.5],[243.13707,832.533203,102.872986,4.5],[259.106415,840.731384,103.701599,4.5],[271.289734,849.47345,104.464081,4.5],[280.653656,860.562378,105.212868,4.5],[289.579071,876.534607,106.01757,4.5],[306.095795,894.81842,107.269371,4.5],[326.575043,907.004395,108.620239,4.5],[346.33606,914.20874,109.8834,4.5],[365.065887,916.032471,110.890312,4.5],[395.50766,915.802979,112.684135,4.5],[419.002686,916.303528,113.803757,4.5],[437.256226,920.847534,114.674438,4.5],[462.18161,933.603516,115.916939,4.5],[480.461426,953.876953,116.767952,4.5],[506.943542,978.765137,118.207787,4.5],[531.717407,989.491638,119.132362,4.5],[545.732849,992.823242,119.728821,4.5],[558.414551,992.837708,120.15374,4.5],[572.408386,989.035339,120.514,4.5],[581.855957,981.723938,120.863083,4.5],[590.14325,966.898193,121.188072,4.5],[593.284607,952.372681,121.643753,4.5],[591.453796,939.937134,122.085602,4.5],[586.186951,925.636841,122.63102,4.5],[578.730896,912.93396,123.067123,4.5]],"renderPriority":3,"startEndFade":[15,15],"textureLength":100}
{"class":"DecalRoad","persistentId":"7be27fee-7700-4243-ac72-c2475be1ed66","__parent":"SimGroup_","position":[596.105957,956.197693,121.590614],"improvedSpline":true,"material":"BlankWhite","nodes":[[596.105957,956.197693,121.590614,0.25],[595.351074,960.858215,121.455841,0.25],[593.316895,967.463074,121.303482,0.25],[590.194336,974.247375,121.148499,0.25],[586.076355,981.220764,121.002647,0.25],[582.730652,984.991577,120.881454,0.25],[577.661133,988.667053,120.733887,0.25],[571.028748,991.921387,120.577599,0.25],[559.948547,995.865479,120.426102,0.25],[553.790955,996.957092,120.289391,0.25]]}
{"class":"DecalRoad","persistentId":"af305f65-5810-4ffa-a4ee-bc3e6d3c22b5","__parent":"SimGroup_","position":[188.970779,818.89502,101.943123],"improvedSpline":true,"material":"track_rubber","nodes":[[188.970779,818.89502,101.943123,4.5],[203.98201,823.050659,101.896393,4.5],[215.038589,825.838501,101.996277,4.5],[224.50531,827.473389,102.188416,4.5],[237.624863,830.684875,102.627876,4.5],[258.326477,840.276062,103.655113,4.5],[270.559296,848.934631,104.418045,4.5],[279.878662,859.012085,105.124222,4.5],[289.601868,874.647522,105.945831,4.5],[302.947815,891.98584,107.036484,4.5],[325.203491,906.241455,108.52697,4.5],[343.601227,912.643372,109.657356,4.5],[362.983063,917.129211,110.813126,4.5],[389.698669,915.424744,112.391205,4.5],[417.951477,916.301208,113.744247,4.5],[436.863892,919.891907,114.697533,4.5],[457.976959,932.103271,115.657898,4.5],[480.268982,952.04364,116.741295,4.5],[507.681396,978.847534,118.205399,4.5],[531.553894,989.469116,119.129425,4.5],[543.862671,992.704895,119.661629,4.5],[556.085571,993.522766,120.116577,4.5],[569.19043,989.334473,120.389786,4.5],[580.443237,983.07843,120.814346,4.5],[589.780334,969.517456,121.14193,4.5],[592.97998,953.798706,121.596542,4.5],[591.571838,941.931335,121.994995,4.5],[586.130371,927.921692,122.511154,4.5],[578.396179,912.981262,123.04924,4.5]],"renderPriority":2,"startEndFade":[10,10],"textureLength":50}
{"class":"DecalRoad","persistentId":"c5101e0e-4105-4ed0-9afd-56e4da0d3b8a","__parent":"SimGroup_","position":[189.117172,816.867188,101.964676],"improvedSpline":true,"material":"BlankWhite","nodes":[[189.117172,816.867188,101.964676,0.25],[205.996796,821.457642,101.923958,0.25],[210.613602,822.666077,101.963966,0.25],[216.86235,823.785217,102.057777,0.25],[229.449478,825.51532,102.414459,0.25],[239.745178,828.977905,102.774559,0.25]]}
{"class":"DecalRoad","persistentId":"f918ffe9-3b1a-4879-a297-4cb8e68d5770","__parent":"SimGroup_","position":[188.166275,820.792053,101.916161],"improvedSpline":true,"material":"BlankWhite","nodes":[[188.166275,820.792053,101.916161,0.25],[196.883682,823.175049,101.87812,0.25],[214.236511,828.28125,101.93856,0.25],[227.084137,830.36554,102.188644,0.25]]}
{"name":"SimGroup_","class":"SimGroup","persistentId":"3cce4045-9acf-453d-a15c-7f204432d525","groupPosition":"358.81606723101 889.17867807242 109.73481016893"}
{"class":"TSStatic","persistentId":"09fbcf3b-fe63-41ad-8b3b-e66d60102a36","__parent":"SimGroup_","position":[210.878601,827.397644,101.920235],"isRenderEnabled":false,"rotationMatrix":[0.273129046,-0.961821496,0.0173208062,0.961862624,0.273330331,0.0105285076,-0.014860847,0.0137845939,0.999794543],"shapeName":"/levels/west_coast_usa/art/shapes/objects/jerseybarrier_3m.dae","useInstanceRenderData":true}
{"class":"TSStatic","persistentId":"0f96b3f3-f460-4b3f-a7e7-178aeacac429","__parent":"SimGroup_","position":[509.782349,975.443665,117.916817],"isRenderEnabled":false,"shapeName":"/levels/west_coast_usa/art/shapes/objects/sandbarrel.dae","useInstanceRenderData":true}
{"class":"TSStatic","persistentId":"0fefa0b8-1dfd-4361-ad32-a155c6305d9d","__parent":"SimGroup_","position":[563.227234,994.808899,120.470619],"isRenderEnabled":false,"rotationMatrix":[0.321404874,0.943430364,0.0814746842,-0.946156204,0.323451459,-0.0129448213,-0.0385656431,-0.0729272515,0.99659133],"shapeName":"/levels/west_coast_usa/art/shapes/objects/jerseybarrier_3m.dae","useInstanceRenderData":true}
{"class":"TSStatic","persistentId":"10019703-1b64-4b93-b425-b57ccf4b6f96","__parent":"SimGroup_","position":[209.255447,822.355652,101.950829],"isRenderEnabled":false,"rotationMatrix":[0.255164981,-0.966819823,0.0122558,0.966815412,0.255288005,0.00979944039,-0.0126030529,0.00934862252,0.999876857],"shapeName":"/levels/west_coast_usa/art/shapes/objects/jerseybarrier_3m.dae","useInstanceRenderData":true}
{"class":"TSStatic","persistentId":"113ab09c-e006-4caf-bf34-6fb4f3702936","__parent":"SimGroup_","position":[239.066223,828.735046,102.745522],"isRenderEnabled":false,"rotationMatrix":[0.348015308,-0.937119365,0.026318606,0.93633306,0.348842859,0.0398629084,-0.0465373583,0.010770076,0.998858511],"shapeName":"/levels/west_coast_usa/art/shapes/objects/jerseybarrier_3m.dae","useInstanceRenderData":true}
{"class":"TSStatic","persistentId":"11ec4b00-e1bc-4774-9e72-9ab1c7054340","__parent":"SimGroup_","position":[259.812134,845.374512,103.674309],"isRenderEnabled":false,"shapeName":"/levels/west_coast_usa/art/shapes/objects/sandbarrel.dae","useInstanceRenderData":true}
{"class":"TSStatic","persistentId":"14cf03c3-591e-446f-90c3-18d76fdfcfc4","__parent":"SimGroup_","position":[189.077011,815.408936,101.963554],"isRenderEnabled":false,"shapeName":"/levels/west_coast_usa/art/shapes/objects/jerseybarrier_3m.dae","useInstanceRenderData":true}
{"class":"TSStatic","persistentId":"1ce0e9ea-1e9d-461d-8137-1329c490c504","__parent":"SimGroup_","position":[565.852722,993.886597,120.508102],"isRenderEnabled":false,"rotationMatrix":[0.335045397,0.93865782,0.0816461816,-0.941418946,0.337039709,-0.0115973633,-0.0384039581,-0.0729776248,0.996593893],"shapeName":"/levels/west_coast_usa/art/shapes/objects/jerseybarrier_3m.dae","useInstanceRenderData":true}
{"class":"TSStatic","persistentId":"1ed47c39-cf02-4c0f-8b41-eb8fdd287ef5","__parent":"SimGroup_","position":[211.973892,822.950012,101.979385],"isRenderEnabled":false,"rotationMatrix":[0.199316859,-0.979828894,0.0144253001,0.979779184,0.199526131,0.014903238,-0.0174808465,0.0111631434,0.999784887],"shapeName":"/levels/west_coast_usa/art/shapes/objects/jerseybarrier_3m.dae","useInstanceRenderData":true}
{"class":"TSStatic","persistentId":"223b3694-a340-4dca-9193-1828d799754a","__parent":"SimGroup_","position":[228.492783,825.316589,102.382164],"isRenderEnabled":false,"rotationMatrix":[0.203096211,-0.9791134,0.00942816865,0.978580654,0.203297734,0.0324017815,-0.0336417407,0.00264554564,0.999430478],"shapeName":"/levels/west_coast_usa/art/shapes/objects/jerseybarrier_3m.dae","useInstanceRenderData":true}
{"class":"TSStatic","persistentId":"24e2f757-20f5-4d39-b94e-ca97eb73abe7","__parent":"SimGroup_","position":[582.93512,984.808716,120.888023],"isRenderEnabled":false,"rotationMatrix":[0.665967941,0.745539546,0.0256406236,-0.745244265,0.666444242,-0.021517748,-0.0331303775,-0.0047783982,0.999439597],"shapeName":"/levels/west_coast_usa/art/shapes/objects/jerseybarrier_3m.dae","useInstanceRenderData":true}
{"class":"TSStatic","persistentId":"2736ccd3-ab84-4eab-8a53-3cde7adaebb1","__parent":"SimGroup_","position":[217.462112,823.869019,102.070869],"isRenderEnabled":false,"rotationMatrix":[0.137975037,-0.99028343,0.0173630752,0.9901492,0.138335526,0.0216273088,-0.0238190964,0.0142080057,0.999615312],"shapeName":"/levels/west_coast_usa/art/shapes/objects/jerseybarrier_3m.dae","useInstanceRenderData":true}
{"class":"TSStatic","persistentId":"30ef383a-d69b-456c-8144-92e1076ca658","__parent":"SimGroup_","position":[198.51561,819.426331,101.906853],"isRenderEnabled":false,"rotationMatrix":[0.262535334,-0.964877903,0.00926524214,0.964913905,0.262561142,0.00166807882,-0.00404218491,0.00850223191,0.999955714],"shapeName":"/levels/west_coast_usa/art/shapes/objects/jerseybarrier_3m.dae","useInstanceRenderData":true}
{"class":"TSStatic","persistentId":"3183cfb7-da1a-4370-8a5a-1961c81b2012","__parent":"SimGroup_","position":[219.01976,829.223999,102.009552],"isRenderEnabled":false,"rotationMatrix":[0.162137091,-0.986474693,0.0240711961,0.986576617,0.162538171,0.0157497413,-0.0194492098,0.021194458,0.999586165],"shapeName":"/levels/west_coast_usa/art/shapes/objects/jerseybarrier_3m.dae","useInstanceRenderData":true}
{"class":"TSStatic","persistentId":"3444319d-1544-4c3b-9955-4fd62dddd553","__parent":"SimGroup_","position":[224.527756,830.015991,102.123466],"isRenderEnabled":false,"rotationMatrix":[0.128448606,-0.991171896,0.0328531191,0.991336763,0.129245222,0.0233903509,-0.0274299663,0.0295640472,0.999186456],"shapeName":"/levels/west_coast_usa/art/shapes/objects/jerseybarrier_3m.dae","useInstanceRenderData":true}
{"class":"TSStatic","persistentId":"361132cd-c9f8-4ca6-afb7-5636f613bb96","__parent":"SimGroup_","position":[434.97937,925.36145,114.300697],"isRenderEnabled":false,"shapeName":"/levels/west_coast_usa/art/shapes/objects/sandbarrel.dae","useInstanceRenderData":true}
{"class":"TSStatic","persistentId":"3aa272a9-88f5-494b-a0eb-ed6fa7eeccc3","__parent":"SimGroup_","position":[591.884094,970.833862,121.237007],"isRenderEnabled":false,"rotationMatrix":[0.906666875,0.419816852,0.0413395092,-0.41931051,0.907607794,-0.0206601135,-0.0461935252,0.0013977522,0.998931527],"shapeName":"/levels/west_coast_usa/art/shapes/objects/jerseybarrier_3m.dae","useInstanceRenderData":true}
{"class":"TSStatic","persistentId":"41368f2e-7f34-4c49-86ed-40143bcbcc79","__parent":"SimGroup_","position":[214.711792,823.447205,102.017441],"isRenderEnabled":false,"rotationMatrix":[0.159902632,-0.986981213,0.0172997564,0.986859024,0.160246491,0.0207478236,-0.0232499391,0.0137547869,0.999635041],"shapeName":"/levels/west_coast_usa/art/shapes/objects/jerseybarrier_3m.dae","useInstanceRenderData":true}
{"class":"TSStatic","persistentId":"47d4fd63-77b1-457a-841c-20c82dd6814b","__parent":"SimGroup_","position":[571.05542,991.910339,120.577988],"isRenderEnabled":false,"rotationMatrix":[0.379824638,0.922625363,0.0670498908,-0.924282372,0.381476343,-0.0133411363,-0.037886817,-0.056905739,0.997660398],"shapeName":"/levels/west_coast_usa/art/shapes/objects/jerseybarrier_3m.dae","useInstanceRenderData":true}
{"class":"TSStatic","persistentId":"4afae186-8bf2-4be6-9151-7abf15fece6e","__parent":"SimGroup_","position":[233.847046,826.81073,102.554207],"isRenderEnabled":false,"rotationMatrix":[0.329878092,-0.943750739,0.0226937328,0.943299413,0.330471158,0.0312256739,-0.0369688794,0.0111063188,0.999254704],"shapeName":"/levels/west_coast_usa/art/shapes/objects/jerseybarrier_3m.dae","useInstanceRenderData":true}
{"class":"TSStatic","persistentId":"54796022-87f1-4ab5-a19a-9e1cd0e62ffb","__parent":"SimGroup_","position":[508.986572,972.480652,117.704201],"isRenderEnabled":false,"shapeName":"/levels/west_coast_usa/art/shapes/objects/sandbarrel.dae","useInstanceRenderData":true}
{"class":"TSStatic","persistentId":"595f06e4-6ffc-46da-a170-c3dc27edad14","__parent":"SimGroup_","position":[194.882767,822.607727,101.890648],"isRenderEnabled":false,"rotationMatrix":[0.270657659,-0.962673485,0.00203266996,0.962651908,0.270635605,-0.00759103289,0.00675757322,0.00401132507,0.999969125],"shapeName":"/levels/west_coast_usa/art/shapes/objects/jerseybarrier_3m.dae","useInstanceRenderData":true}
{"class":"TSStatic","persistentId":"5bf76684-d867-4e1f-bfa4-b8d59a2438a5","__parent":"SimGroup_","position":[257.95108,846.469666,103.522301],"isRenderEnabled":false,"shapeName":"/levels/west_coast_usa/art/shapes/objects/sandbarrel.dae","useInstanceRenderData":true}
{"class":"TSStatic","persistentId":"5d7d8fe8-1889-4b44-bc7c-17d3195a7b60","__parent":"SimGroup_","position":[213.567764,828.113708,101.935631],"isRenderEnabled":false,"rotationMatrix":[0.242904186,-0.969799399,0.0220603645,0.970026493,0.242994606,0.0014742827,-0.00679030782,0.0210410319,0.999755561],"shapeName":"/levels/west_coast_usa/art/shapes/objects/jerseybarrier_3m.dae","useInstanceRenderData":true}
{"class":"TSStatic","persistentId":"5f7e3755-e302-4ef9-a8b5-06db044882c6","__parent":"SimGroup_","position":[590.66626,973.335327,121.17131],"isRenderEnabled":false,"rotationMatrix":[0.889604032,0.454939306,0.0404334962,-0.454243064,0.89051187,-0.0255326293,-0.0476223007,0.00434729736,0.998855948],"shapeName":"/levels/west_coast_usa/art/shapes/objects/jerseybarrier_3m.dae","useInstanceRenderData":true}
{"class":"TSStatic","persistentId":"6876f388-5b3c-4724-b75c-369f605ddf29","__parent":"SimGroup_","position":[584.881104,982.824646,120.958984],"isRenderEnabled":false,"rotationMatrix":[0.779957414,0.625034869,0.0315889381,-0.624838054,0.780569792,-0.0169755854,-0.035267707,-0.00649773842,0.999356806],"shapeName":"/levels/west_coast_usa/art/shapes/objects/jerseybarrier_3m.dae","useInstanceRenderData":true}
{"class":"TSStatic","persistentId":"68d1691d-aeb7-44bf-9883-83d310b116f0","__parent":"SimGroup_","position":[331.111206,905.250549,108.632301],"isRenderEnabled":false,"shapeName":"/levels/west_coast_usa/art/shapes/objects/sandbarrel.dae","useInstanceRenderData":true}
{"class":"TSStatic","persistentId":"68d8e6d9-b31d-4759-9508-fa480116eb2d","__parent":"SimGroup_","position":[221.770294,829.644714,102.061447],"isRenderEnabled":false,"rotationMatrix":[0.139780402,-0.989827216,0.0265225787,0.989904463,0.140325725,0.0199465044,-0.0234653968,0.0234666876,0.999449193],"shapeName":"/levels/west_coast_usa/art/shapes/objects/jerseybarrier_3m.dae","useInstanceRenderData":true}
{"class":"TSStatic","persistentId":"6c35594d-3c05-4ca2-ab1a-3c177e878760","__parent":"SimGroup_","position":[201.201096,820.15686,101.914032],"isRenderEnabled":false,"rotationMatrix":[0.262341976,-0.964922726,0.0100356517,0.96496135,0.262379348,0.0025833589,-0.00512588955,0.00900629349,0.999946296],"shapeName":"/levels/west_coast_usa/art/shapes/objects/jerseybarrier_3m.dae","useInstanceRenderData":true}
{"class":"TSStatic","persistentId":"6da2e5a6-1802-41cc-8127-22ca8ace8666","__parent":"SimGroup_","position":[203.886887,820.886292,101.915359],"isRenderEnabled":false,"rotationMatrix":[0.261652112,-0.965117753,0.00926476344,0.965155184,0.261674821,0.00130733242,-0.00368608511,0.00859986804,0.99995625],"shapeName":"/levels/west_coast_usa/art/shapes/objects/jerseybarrier_3m.dae","useInstanceRenderData":true}
{"class":"TSStatic","persistentId":"6e9456db-e62f-4065-bdb2-ede12b0544ae","__parent":"SimGroup_","position":[197.558411,823.373352,101.872513],"isRenderEnabled":false,"rotationMatrix":[0.281968653,-0.9593575,0.0112644285,0.959423542,0.281946003,-0.00357907871,0.000257655047,0.0118165463,0.999930143],"shapeName":"/levels/west_coast_usa/art/shapes/objects/jerseybarrier_3m.dae","useInstanceRenderData":true}
{"class":"TSStatic","persistentId":"6f0edf33-5060-4cc3-a863-cd322c271baa","__parent":"SimGroup_","position":[586.512939,980.572388,121.016846],"isRenderEnabled":false,"rotationMatrix":[0.836447895,0.546582937,0.0400253907,-0.546238422,0.837389529,-0.0200581886,-0.0444803089,-0.00508577935,0.998997331],"shapeName":"/levels/west_coast_usa/art/shapes/objects/jerseybarrier_3m.dae","useInstanceRenderData":true}
{"class":"TSStatic","persistentId":"6ff62adb-71da-49e9-be6e-ba7ca33bf5ba","__parent":"SimGroup_","position":[587.980469,978.208496,121.069061],"isRenderEnabled":false,"rotationMatrix":[0.86169827,0.506153464,0.0358427167,-0.505930424,0.862431169,-0.0157124288,-0.0388647765,-0.00459454767,0.999233902],"shapeName":"/levels/west_coast_usa/art/shapes/objects/jerseybarrier_3m.dae","useInstanceRenderData":true}
{"class":"TSStatic","persistentId":"74b704bd-4617-4161-b92b-a61df5efc19b","__parent":"SimGroup_","position":[580.786377,986.574829,120.823471],"isRenderEnabled":false,"rotationMatrix":[0.602324843,0.79759562,0.0323412083,-0.797266722,0.603099585,-0.0252330452,-0.0396307372,-0.0105860746,0.999158323],"shapeName":"/levels/west_coast_usa/art/shapes/objects/jerseybarrier_3m.dae","useInstanceRenderData":true}
{"class":"TSStatic","persistentId":"78aaac99-b3ea-44c3-9f89-c2aef84cfe5e","__parent":"SimGroup_","position":[189.510635,821.151184,101.906166],"isRenderEnabled":false,"rotationMatrix":[0.256171584,-0.966538012,0.0134279374,0.966630876,0.256133556,-0.00450813351,0.000917937607,0.0141347144,0.999899685],"shapeName":"/levels/west_coast_usa/art/shapes/objects/jerseybarrier_3m.dae","useInstanceRenderData":true}
{"class":"TSStatic","persistentId":"79ac536b-143f-4daa-9ec5-bb9a22099924","__parent":"SimGroup_","position":[553.348328,996.995056,120.324905],"isRenderEnabled":false,"rotationMatrix":[0.111872375,0.990763783,0.0766264945,-0.993091702,0.114215732,-0.0269004721,-0.0354039669,-0.0730877146,0.996696889],"shapeName":"/levels/west_coast_usa/art/shapes/objects/jerseybarrier_3m.dae","useInstanceRenderData":true}
{"class":"TSStatic","persistentId":"7ab9a539-9747-46f7-be43-3a71f672c9ef","__parent":"SimGroup_","position":[222.988998,824.514771,102.20179],"isRenderEnabled":false,"rotationMatrix":[0.115194499,-0.993186772,0.017613994,0.992930472,0.115639508,0.0267681815,-0.0286226775,0.0144059248,0.999486446],"shapeName":"/levels/west_coast_usa/art/shapes/objects/jerseybarrier_3m.dae","useInstanceRenderData":true}
{"class":"TSStatic","persistentId":"7f6d1e8e-d670-43fd-89ec-87aece651c18","__parent":"SimGroup_","position":[225.748428,824.866089,102.285965],"isRenderEnabled":false,"rotationMatrix":[0.134910285,-0.990670145,0.0192851052,0.990317404,0.13545388,0.0303915609,-0.0327202529,0.0149982404,0.999352038],"shapeName":"/levels/west_coast_usa/art/shapes/objects/jerseybarrier_3m.dae","useInstanceRenderData":true}
{"class":"TSStatic","persistentId":"8c9803e0-24f7-4662-96c7-91ddda8282c6","__parent":"SimGroup_","position":[595.926636,957.576843,121.545929],"isRenderEnabled":false,"rotationMatrix":[0.991468608,0.128821701,0.0198732987,-0.128150314,0.991238296,-0.0320018977,-0.0238217115,0.02918211,0.999290228],"shapeName":"/levels/west_coast_usa/art/shapes/objects/jerseybarrier_3m.dae","useInstanceRenderData":true}
{"class":"TSStatic","persistentId":"8d4d00ff-dff5-4586-be6d-d99a068e3646","__parent":"SimGroup_","position":[205.541229,825.819336,101.875397],"isRenderEnabled":false,"rotationMatrix":[0.29293853,-0.955971777,0.0174649507,0.956085861,0.293053865,0.00440037437,-0.00932480488,0.0154089537,0.999837816],"shapeName":"/levels/west_coast_usa/art/shapes/objects/jerseybarrier_3m.dae","useInstanceRenderData":true}
{"class":"TSStatic","persistentId":"8e78e47b-29b9-4fef-ba3a-e2d8305cda43","__parent":"SimGroup_","position":[190.459824,817.232666,101.955986],"isRenderEnabled":false,"rotationMatrix":[0.262717605,-0.964841902,0.00772409514,0.964860976,0.262666345,-0.00705113262,0.00477436744,0.00930513442,0.999945283],"shapeName":"/levels/west_coast_usa/art/shapes/objects/jerseybarrier_3m.dae","useInstanceRenderData":true}
{"class":"TSStatic","persistentId":"9335c44c-fb53-4c9b-a89e-fe35317f6e9f","__parent":"SimGroup_","position":[216.282425,828.724426,101.965912],"isRenderEnabled":false,"rotationMatrix":[0.19600594,-0.980146348,0.0299149547,0.980425417,0.196459413,0.0130302589,-0.0186486375,0.0267753694,0.999467492],"shapeName":"/levels/west_coast_usa/art/shapes/objects/jerseybarrier_3m.dae","useInstanceRenderData":true}
{"class":"TSStatic","persistentId":"9a1358b0-f579-41a1-9d91-b5a135aab387","__parent":"SimGroup_","position":[192.199509,821.86908,101.900024],"isRenderEnabled":false,"rotationMatrix":[0.261449218,-0.965200663,0.00566283613,0.965217233,0.261445582,-0.00137907616,-0.000149438391,0.00582642574,0.999983013],"shapeName":"/levels/west_coast_usa/art/shapes/objects/jerseybarrier_3m.dae","useInstanceRenderData":true}
{"class":"TSStatic","persistentId":"9af4fcaa-1a76-42ff-b732-05078ad24395","__parent":"SimGroup_","position":[206.573105,821.614014,101.928886],"isRenderEnabled":false,"rotationMatrix":[0.261810601,-0.965058744,0.0108017521,0.965070546,0.261893392,0.00710824551,-0.00968878251,0.00856344029,0.999916375],"shapeName":"/levels/west_coast_usa/art/shapes/objects/jerseybarrier_3m.dae","useInstanceRenderData":true}
{"class":"TSStatic","persistentId":"9d2fa2bb-f329-4643-b657-ca703a2b5f38","__parent":"SimGroup_","position":[432.177429,924.458679,114.157494],"isRenderEnabled":false,"shapeName":"/levels/west_coast_usa/art/shapes/objects/sandbarrel.dae","useInstanceRenderData":true}
{"class":"TSStatic","persistentId":"9da9adeb-7a26-45cd-b20f-5b9df5ec7b27","__parent":"SimGroup_","position":[236.463531,827.754395,102.646782],"isRenderEnabled":false,"rotationMatrix":[0.348803759,-0.936853468,0.0253269747,0.936296403,0.349525392,0.0343648642,-0.0410472676,0.0117269624,0.999088407],"shapeName":"/levels/west_coast_usa/art/shapes/objects/jerseybarrier_3m.dae","useInstanceRenderData":true}
{"class":"TSStatic","persistentId":"9f1cc10d-4c6a-4164-8eed-9e83d686f5aa","__parent":"SimGroup_","position":[220.22438,824.202332,102.131935],"isRenderEnabled":false,"rotationMatrix":[0.110512376,-0.993806183,0.0116687492,0.993507564,0.110783041,0.0258804951,-0.0270128958,0.00873287581,0.999596953],"shapeName":"/levels/west_coast_usa/art/shapes/objects/jerseybarrier_3m.dae","useInstanceRenderData":true}
{"class":"TSStatic","persistentId":"a19472f3-8365-4ded-8e32-05653304c1d4","__parent":"SimGroup_","position":[434.166992,923.080322,114.355011],"isRenderEnabled":false,"shapeName":"/levels/west_coast_usa/art/shapes/objects/sandbarrel.dae","useInstanceRenderData":true}
{"class":"TSStatic","persistentId":"ab2c482b-0643-42ce-ae28-54304de0d86d","__parent":"SimGroup_","position":[208.205399,826.62384,101.897797],"isRenderEnabled":false,"rotationMatrix":[0.282157481,-0.959119081,0.0218571946,0.959282279,0.282363713,0.00694202818,-0.0128299072,0.0190084763,0.999737024],"shapeName":"/levels/west_coast_usa/art/shapes/objects/jerseybarrier_3m.dae","useInstanceRenderData":true}
{"class":"TSStatic","persistentId":"aee24d86-9b2f-44e1-8029-813eddff583b","__parent":"SimGroup_","position":[202.881516,824.999939,101.866356],"isRenderEnabled":false,"rotationMatrix":[0.295270205,-0.955175102,0.0213548224,0.955374897,0.295386195,0.00242712442,-0.00862625055,0.0196852013,0.999769032],"shapeName":"/levels/west_coast_usa/art/shapes/objects/jerseybarrier_3m.dae","useInstanceRenderData":true}
{"class":"TSStatic","persistentId":"b22043aa-08b1-4a82-b2e2-24cc7a030dd9","__parent":"SimGroup_","position":[578.496826,988.154236,120.757233],"isRenderEnabled":false,"rotationMatrix":[0.53150177,0.846461177,0.0317719877,-0.846186757,0.532281995,-0.0253760591,-0.0383915007,-0.0133976117,0.999172986],"shapeName":"/levels/west_coast_usa/art/shapes/objects/jerseybarrier_3m.dae","useInstanceRenderData":true}
{"class":"TSStatic","persistentId":"b65e55ad-c19e-4bfb-bb97-1a97cd168a4b","__parent":"SimGroup_","position":[231.19519,825.971741,102.469353],"isRenderEnabled":false,"rotationMatrix":[0.271615505,-0.962251425,0.017236039,0.961868525,0.272018671,0.0285417531,-0.0321528688,0.00882642157,0.999444008],"shapeName":"/levels/west_coast_usa/art/shapes/objects/jerseybarrier_3m.dae","useInstanceRenderData":true}
{"class":"TSStatic","persistentId":"b805dbbb-8094-4926-8f4a-6dc5a9cb5d82","__parent":"SimGroup_","position":[573.609924,990.807678,120.630447],"isRenderEnabled":false,"rotationMatrix":[0.415275931,0.90792042,0.0568005927,-0.90860039,0.4170295,-0.0230588131,-0.0446230881,-0.0420332737,0.998119235],"shapeName":"/levels/west_coast_usa/art/shapes/objects/jerseybarrier_3m.dae","useInstanceRenderData":true}
{"class":"TSStatic","persistentId":"bf5e020e-ec9e-491a-b04d-6417340e2dd4","__parent":"SimGroup_","position":[557.889282,996.368835,120.388474],"isRenderEnabled":false,"rotationMatrix":[0.203064263,0.975759447,0.0815996379,-0.978709638,0.204806328,-0.0134898573,-0.0298749842,-0.077123031,0.996573865],"shapeName":"/levels/west_coast_usa/art/shapes/objects/jerseybarrier_3m.dae","useInstanceRenderData":true}
{"class":"TSStatic","persistentId":"c5b2c9e2-6d50-475e-9124-168b676aaeb0","__parent":"SimGroup_","position":[589.360168,975.792114,121.117439],"isRenderEnabled":false,"rotationMatrix":[0.874037921,0.484421521,0.0373302773,-0.484193772,0.874823093,-0.0155215655,-0.0401763692,-0.00450865179,0.999182403],"shapeName":"/levels/west_coast_usa/art/shapes/objects/jerseybarrier_3m.dae","useInstanceRenderData":true}
{"class":"TSStatic","persistentId":"c66ed43d-d1ae-491e-a4dc-900907fc18c7","__parent":"SimGroup_","position":[512.42804,975.121826,117.87088],"isRenderEnabled":false,"shapeName":"/levels/west_coast_usa/art/shapes/objects/sandbarrel.dae","useInstanceRenderData":true}
{"class":"TSStatic","persistentId":"c89086ca-e7df-4567-94b9-21f2f994dd2c","__parent":"SimGroup_","position":[334.14624,904.415405,108.80999],"isRenderEnabled":false,"shapeName":"/levels/west_coast_usa/art/shapes/objects/sandbarrel.dae","useInstanceRenderData":true}
{"class":"TSStatic","persistentId":"cd5daf47-af28-458d-8418-c4a0f0ee22f8","__parent":"SimGroup_","position":[576.096313,989.560242,120.696152],"isRenderEnabled":false,"rotationMatrix":[0.483438551,0.873978078,0.0494918823,-0.874351799,0.484836459,-0.0210356601,-0.0423801765,-0.0331038684,0.998552978],"shapeName":"/levels/west_coast_usa/art/shapes/objects/jerseybarrier_3m.dae","useInstanceRenderData":true}
{"class":"TSStatic","persistentId":"cf5aaea7-ea8d-40fa-bef6-53d86a9b1fa0","__parent":"SimGroup_","position":[555.139465,996.787048,120.324905],"isRenderEnabled":false,"rotationMatrix":[0.111872375,0.990763783,0.0766264945,-0.993091702,0.114215732,-0.0269004721,-0.0354039669,-0.0730877146,0.996696889],"shapeName":"/levels/west_coast_usa/art/shapes/objects/jerseybarrier_3m.dae","useInstanceRenderData":true}
{"class":"TSStatic","persistentId":"d26593e1-e11c-41ea-adc3-41ca71175265","__parent":"SimGroup_","position":[193.145065,817.963989,101.937752],"isRenderEnabled":false,"rotationMatrix":[0.262872994,-0.964772701,0.0105531933,0.964827657,0.262830555,-0.00525104627,0.00229236484,0.0115623716,0.999930501],"shapeName":"/levels/west_coast_usa/art/shapes/objects/jerseybarrier_3m.dae","useInstanceRenderData":true}
{"class":"TSStatic","persistentId":"d71cb910-ccab-40f0-ba89-35c1b869c2da","__parent":"SimGroup_","position":[195.830276,818.695312,101.919273],"isRenderEnabled":false,"rotationMatrix":[0.262800574,-0.964767694,0.0126162488,0.964836597,0.262704849,-0.00875113998,0.00512846606,0.0144724222,0.999882102],"shapeName":"/levels/west_coast_usa/art/shapes/objects/jerseybarrier_3m.dae","useInstanceRenderData":true}
{"class":"TSStatic","persistentId":"d828d78c-9b21-486e-a81d-d0b18146aaee","__parent":"SimGroup_","position":[260.708679,848.113098,103.722313],"isRenderEnabled":false,"shapeName":"/levels/west_coast_usa/art/shapes/objects/sandbarrel.dae","useInstanceRenderData":true}
{"class":"TSStatic","persistentId":"db4f5043-d1ac-4510-b5eb-c48a8e17e39a","__parent":"SimGroup_","position":[593.958679,965.672852,121.334602],"isRenderEnabled":false,"rotationMatrix":[0.946146309,0.323215008,0.0184175558,-0.322851002,0.946233571,-0.0202298537,-0.0239659026,0.0131942751,0.999625683],"shapeName":"/levels/west_coast_usa/art/shapes/objects/jerseybarrier_3m.dae","useInstanceRenderData":true}
{"class":"TSStatic","persistentId":"de490c59-ed13-498c-9c9e-0499b52cf623","__parent":"SimGroup_","position":[200.222534,824.178162,101.864868],"isRenderEnabled":false,"rotationMatrix":[0.294157445,-0.955593348,0.0176859684,0.955748796,0.294181406,-0.00129168108,-0.00396856107,0.0172832999,0.999842763],"shapeName":"/levels/west_coast_usa/art/shapes/objects/jerseybarrier_3m.dae","useInstanceRenderData":true}
{"class":"TSStatic","persistentId":"e0ed1d1a-1f72-4262-8f0b-4c505e6ce2e3","__parent":"SimGroup_","position":[187.435242,822.079773,101.963554],"isRenderEnabled":false,"rotationMatrix":[0.866882801,0.49851203,0,-0.49851203,0.866882801,0,0,0,1],"shapeName":"/levels/west_coast_usa/art/shapes/objects/jerseybarrier_3m.dae","useInstanceRenderData":true}
{"class":"TSStatic","persistentId":"e5fe2dbc-ff1d-4244-aef6-025731404ed8","__parent":"SimGroup_","position":[592.99231,968.28186,121.288498],"isRenderEnabled":false,"rotationMatrix":[0.925588608,0.377397597,0.0292704552,-0.377285898,0.926048517,-0.00946222246,-0.0306768827,-0.00228520459,0.999526739],"shapeName":"/levels/west_coast_usa/art/shapes/objects/jerseybarrier_3m.dae","useInstanceRenderData":true}
{"class":"TSStatic","persistentId":"e9b7468d-5171-44bd-863d-0cce58778aa1","__parent":"SimGroup_","position":[568.463196,992.922302,120.53952],"isRenderEnabled":false,"rotationMatrix":[0.353597462,0.932271183,0.0764157623,-0.934622109,0.355449438,-0.0117155127,-0.038083978,-0.0672772825,0.997007191],"shapeName":"/levels/west_coast_usa/art/shapes/objects/jerseybarrier_3m.dae","useInstanceRenderData":true}
{"class":"TSStatic","persistentId":"f547e977-fb8e-4ec5-8dc6-30bfc99a4145","__parent":"SimGroup_","position":[594.778015,963.014099,121.396004],"isRenderEnabled":false,"rotationMatrix":[0.962707102,0.270171553,0.0142261647,-0.269723266,0.962549508,-0.0273451582,-0.0210812725,0.0224882513,0.999524832],"shapeName":"/levels/west_coast_usa/art/shapes/objects/jerseybarrier_3m.dae","useInstanceRenderData":true}
{"class":"TSStatic","persistentId":"f637237b-d2e6-4b1e-9a62-d00f100ce1c6","__parent":"SimGroup_","position":[595.475281,960.321228,121.471359],"isRenderEnabled":false,"rotationMatrix":[0.979317307,0.201744929,0.0153804142,-0.201291904,0.979163766,-0.0268311761,-0.0204729978,0.0231802836,0.999521673],"shapeName":"/levels/west_coast_usa/art/shapes/objects/jerseybarrier_3m.dae","useInstanceRenderData":true}
{"class":"TSStatic","persistentId":"f7ec465c-8981-47c5-8f9b-4f08315353e2","__parent":"SimGroup_","position":[560.582214,995.673645,120.438164],"isRenderEnabled":false,"rotationMatrix":[0.287497044,0.954351723,0.0809824467,-0.956958473,0.28972584,-0.0170114711,-0.0396976359,-0.0726060942,0.996570349],"shapeName":"/levels/west_coast_usa/art/shapes/objects/jerseybarrier_3m.dae","useInstanceRenderData":true}
{"class":"TSStatic","persistentId":"ffeeb134-d58a-4be2-bc95-e3aebde09ea5","__parent":"SimGroup_","position":[330.942841,903.015625,108.464073],"isRenderEnabled":false,"shapeName":"/levels/west_coast_usa/art/shapes/objects/sandbarrel.dae","useInstanceRenderData":true}
