{"class":"DecalRoad","persistentId":"0b31b09c-e902-413a-9c8a-ec9725a3cbdf","__parent":"SimGroup_","position":[-640.712891,10.5791245,100.555992],"improvedSpline":true,"material":"spraypaint_mark","nodes":[[-640.712891,10.5791245,100.555992,0.25],[-641.650269,11.6114883,100.555992,0.25]],"renderPriority":5,"startEndFade":[1,1]}
{"class":"DecalRoad","persistentId":"14862289-fa10-4761-ba04-f254a4e19926","__parent":"SimGroup_","position":[-619.051331,33.9121094,100.555992],"improvedSpline":true,"material":"spraypaint_mark","nodes":[[-619.051331,33.9121094,100.555992,0.25],[-623.10022,30.089859,100.558395,0.25],[-629.367004,25.2000046,100.56321,0.25],[-639.414856,20.5908051,100.555992,0.25],[-650.334717,10.7304611,100.555611,0.25],[-652.005188,-4.69857788,100.555992,0.25]],"renderPriority":5}
{"class":"DecalRoad","persistentId":"1690822a-6432-426e-8fdd-b9f9c78e5ed1","__parent":"SimGroup_","position":[-641.223572,9.60690308,100.555992],"improvedSpline":true,"material":"spraypaint_mark","nodes":[[-641.223572,9.60690308,100.555992,0.25],[-642.433716,10.3284378,100.555992,0.25]],"renderPriority":5,"startEndFade":[1,1]}
{"class":"DecalRoad","persistentId":"1d010b43-1be8-4843-bb00-33153362a825","__parent":"SimGroup_","position":[-829.810547,-185.612152,99.5084076],"improvedSpline":true,"material":"spraypaint_mark","nodes":[[-829.810547,-185.612152,99.5084076,0.25],[-831.097168,-184.225067,99.5316544,0.25]],"renderPriority":5,"startEndFade":[1,1]}
{"class":"DecalRoad","persistentId":"24d6279b-319e-430e-b6cf-c7f8dc7496ff","__parent":"SimGroup_","position":[-619.682983,29.7105026,100.561699],"improvedSpline":true,"material":"track_rubber","nodes":[[-619.682983,29.7105026,100.561699,4.5],[-629.516785,20.0063248,100.555992,4.5],[-642.625244,12.1555405,100.555992,4.5],[-647.953552,-4.49685669,100.555992,4.5],[-649.889038,-22.6668243,100.555992,4.5],[-655.769836,-37.2930984,100.555992,4.5],[-671.375732,-58.6937447,100.555992,4.5],[-700.126221,-82.6864548,100.555992,4.5],[-713.530396,-98.6027298,100.555634,4.5],[-717.142395,-107.978493,100.471016,4.5],[-717.51062,-117.797668,100.443047,4.5],[-716.365601,-129.360046,99.9370575,4.5],[-718.421692,-142.724335,99.1837997,4.5],[-726.406982,-153.351028,98.9525146,4.5],[-741.497192,-161.536896,99.0546036,4.5],[-771.253479,-169.236664,99.1958771,4.5],[-800.515686,-173.802521,99.431427,4.5],[-821.471191,-180.553009,99.4811478,4.5],[-836.002075,-191.919678,99.5616608,4.5],[-843.715942,-203.148895,99.5829849,4.5],[-854.913574,-229.868347,99.6953964,4.5],[-880.667114,-274.351624,99.858551,4.5],[-903.051819,-299.61084,99.4773788,4.5],[-923.84137,-308.175262,99.8579636,4.5]],"renderPriority":1,"startEndFade":[25,10],"textureLength":75}
{"class":"DecalRoad","persistentId":"2a0553f3-8908-4aa8-a425-d32e7a82989b","__parent":"SimGroup_","position":[-670.592041,-62.16465,100.555992],"improvedSpline":true,"material":"spraypaint_mark","nodes":[[-670.592041,-62.16465,100.555992,0.25],[-671.965271,-60.8326035,100.555992,0.25]],"renderPriority":5,"startEndFade":[1,1]}
{"class":"DecalRoad","persistentId":"312e225d-fa56-4b6b-a87c-cff57ad9157a","__parent":"SimGroup_","position":[-716.304321,-101.510925,100.54425],"improvedSpline":true,"material":"spraypaint_mark","nodes":[[-716.304321,-101.510925,100.54425,0.25],[-714.907715,-102.242386,100.548172,0.25]],"renderPriority":5,"startEndFade":[1,1]}
{"class":"DecalRoad","persistentId":"3af912c3-ca92-4185-bc3d-8044ec1b5a42","__parent":"SimGroup_","position":[-721.753235,-151.671295,98.981102],"improvedSpline":true,"material":"spraypaint_mark","nodes":[[-721.753235,-151.671295,98.981102,0.25],[-722.700989,-150.672653,98.9641037,0.25]],"renderPriority":5,"startEndFade":[1,1]}
{"class":"DecalRoad","persistentId":"550b64fe-9ede-4442-b75d-15721546760f","__parent":"SimGroup_","position":[-887.844788,-287.912445,99.6644745],"improvedSpline":true,"material":"spraypaint_mark","nodes":[[-887.844788,-287.912445,99.6644745,0.25],[-889.214539,-286.849731,99.6112289,0.25]],"renderPriority":5,"startEndFade":[1,1]}
{"class":"DecalRoad","persistentId":"5e2b2b76-25f7-47b3-9681-7fddbb8b3053","__parent":"SimGroup_","position":[-825.769592,-180.728287,99.5160522],"improvedSpline":true,"material":"spraypaint_mark","nodes":[[-825.769592,-180.728287,99.5160522,0.25],[-824.945862,-181.966217,99.4934464,0.25]],"renderPriority":5,"startEndFade":[1,1]}
{"class":"DecalRoad","persistentId":"68ead6a7-c739-4e76-9d24-fdc797eb7920","__parent":"SimGroup_","position":[-820.786926,-177.87706,99.5121994],"improvedSpline":true,"material":"spraypaint_mark","nodes":[[-820.786926,-177.87706,99.5121994,0.25],[-819.930847,-179.622681,99.4830246,0.25]],"renderPriority":5,"startEndFade":[1,1]}
{"class":"DecalRoad","persistentId":"7e5580e6-ea62-412d-be47-0ab1f3e70848","__parent":"SimGroup_","position":[-823.383911,-179.023911,99.5161896],"improvedSpline":true,"material":"spraypaint_mark","nodes":[[-823.383911,-179.023911,99.5161896,0.25],[-822.501709,-180.513245,99.4877396,0.25]],"renderPriority":5,"startEndFade":[1,1]}
{"class":"DecalRoad","persistentId":"88e09d05-4bf2-4db6-a751-01b9831f1d5f","__parent":"SimGroup_","position":[-613.074463,32.1716309,100.540215],"improvedSpline":true,"material":"spraypaint_mark","nodes":[[-613.074463,32.1716309,100.540215,0.25],[-619.436401,25.5015182,100.556038,0.25],[-626.354736,18.5709991,100.555992,0.25],[-638.878113,11.3799973,100.555992,0.25]],"renderPriority":5}
{"class":"DecalRoad","persistentId":"96315f8d-c859-477d-b7c8-13e2ac8ed465","__parent":"SimGroup_","position":[-652.859497,-25.6134453,100.555992],"improvedSpline":true,"material":"spraypaint_mark","nodes":[[-652.859497,-25.6134453,100.555992,0.25],[-651.312439,-26.1740494,100.555992,0.25]],"renderPriority":5,"startEndFade":[1,1]}
{"class":"DecalRoad","persistentId":"9da43f87-1c19-408e-b42f-e0641340f2c9","__parent":"SimGroup_","position":[-720.387207,-150.199966,98.9985504],"improvedSpline":true,"material":"spraypaint_mark","nodes":[[-720.387207,-150.199966,98.9985504,0.25],[-721.460693,-149.220566,98.9853897,0.25]],"renderPriority":5,"startEndFade":[1,1]}
{"class":"DecalRoad","persistentId":"9e8014c6-db4d-4078-9462-7c3f3136dfb5","__parent":"SimGroup_","position":[-652.05542,-23.0561829,100.555992],"improvedSpline":true,"material":"spraypaint_mark","nodes":[[-652.05542,-23.0561829,100.555992,0.25],[-650.546143,-23.3877258,100.555992,0.25]],"renderPriority":5,"startEndFade":[1,1]}
{"class":"DecalRoad","persistentId":"a476c703-7be5-4df6-a0b9-4a8c1aa4052b","__parent":"SimGroup_","position":[-619.682983,29.7105026,100.561699],"improvedSpline":true,"material":"track_rubber","nodes":[[-619.682983,29.7105026,100.561699,4.00000048],[-629.516785,20.0063248,100.555992,4.00000048],[-642.625244,12.1555405,100.555992,4.00000048],[-647.953552,-4.49685669,100.555992,4.00000048],[-649.889038,-22.6668243,100.555992,4.00000048],[-655.769836,-37.2930984,100.555992,4.00000048],[-671.375732,-58.6937447,100.555992,4.00000048],[-700.126221,-82.6864548,100.555992,4.00000048],[-713.530396,-98.6027298,100.555634,4.00000048],[-717.142395,-107.978493,100.471016,4.00000048],[-717.51062,-117.797668,100.443047,4.00000048],[-716.365601,-129.360046,99.9370575,4.00000048],[-718.421692,-142.724335,99.1837997,4.00000048],[-726.406982,-153.351028,98.9525146,4.00000048],[-741.497192,-161.536896,99.0546036,4.00000048],[-771.253479,-169.236664,99.1958771,4.00000048],[-800.515686,-173.802521,99.431427,4.00000048],[-821.471191,-180.553009,99.4811478,4.00000048],[-836.002075,-191.919678,99.5616608,4.00000048],[-843.715942,-203.148895,99.5829849,4.00000048],[-854.913574,-229.868347,99.6953964,4.00000048],[-880.667114,-274.351624,99.858551,4.00000048],[-903.051819,-299.61084,99.4773788,4.00000048],[-923.84137,-308.175262,99.8579636,4.00000048]],"renderPriority":2,"startEndFade":[25,10],"textureLength":100}
{"class":"DecalRoad","persistentId":"a5958b01-1c2e-4b61-9eac-a75169b0cd16","__parent":"SimGroup_","position":[-828.751282,-182.314499,99.5222778],"improvedSpline":true,"material":"spraypaint_mark","nodes":[[-828.751282,-182.314499,99.5222778,0.25],[-827.612061,-183.736496,99.4988098,0.25]],"renderPriority":5,"startEndFade":[1,1]}
{"class":"DecalRoad","persistentId":"af0878ec-dade-4267-9b3b-f3b96aabd824","__parent":"SimGroup_","position":[-714.787598,-98.6528549,100.554199],"improvedSpline":true,"material":"spraypaint_mark","nodes":[[-714.787598,-98.6528549,100.554199,0.25],[-713.354614,-99.5197906,100.555992,0.25]],"renderPriority":5,"startEndFade":[1,1]}
{"class":"DecalRoad","persistentId":"b16167f1-99a0-44bc-97e7-ad56a7c1b3f0","__parent":"SimGroup_","position":[-653.864685,-28.1699104,100.555992],"improvedSpline":true,"material":"spraypaint_mark","nodes":[[-653.864685,-28.1699104,100.555992,0.25],[-652.226624,-28.9255447,100.555992,0.25]],"renderPriority":5,"startEndFade":[1,1]}
{"class":"DecalRoad","persistentId":"bb8c434c-09ad-4b61-a946-b29d084ec75b","__parent":"SimGroup_","position":[-891.770081,-292.043945,99.4649277],"improvedSpline":true,"material":"spraypaint_mark","nodes":[[-891.770081,-292.043945,99.4649277,0.25],[-892.908386,-290.92215,99.4530945,0.25]],"renderPriority":5,"startEndFade":[1,1]}
{"class":"DecalRoad","persistentId":"c0bae0ef-45f6-4eb6-8f0b-d1335cd09ffb","__parent":"SimGroup_","position":[-669.219482,-60.707695,100.555992],"improvedSpline":true,"material":"spraypaint_mark","nodes":[[-669.219482,-60.707695,100.555992,0.25],[-670.528198,-59.4250679,100.555992,0.25]],"renderPriority":5,"startEndFade":[1,1]}
{"class":"DecalRoad","persistentId":"c4f50899-c863-4eab-9952-d2cd2b7536b7","__parent":"SimGroup_","position":[-709.19989,-106.869354,100.555992],"improvedSpline":true,"material":"BlankWhite","nodes":[[-709.19989,-106.869354,100.555992,0.25],[-710.926636,-110.18898,100.582123,0.25],[-711.499084,-116.337814,100.464958,0.25],[-712.152893,-125.257011,100.167114,0.25],[-714.472595,-139.117798,99.492897,0.25],[-720.915283,-151.213699,98.9899292,0.25],[-732.331421,-159.837067,99.0663376,0.25]]}
{"class":"DecalRoad","persistentId":"c6f4d50b-3ab4-4cae-8af3-bb2b74481864","__parent":"SimGroup_","position":[-653.487305,-43.8071785,100.555923],"improvedSpline":true,"material":"BlankWhite","nodes":[[-653.487305,-43.8071785,100.555923,0.25],[-672.684387,-65.0540085,100.555992,0.25]]}
{"class":"DecalRoad","persistentId":"d5ff1597-2198-40b5-bf2a-b7dbe08750c0","__parent":"SimGroup_","position":[-818.808105,-176.234955,99.5236282],"improvedSpline":true,"material":"spraypaint_mark","nodes":[[-818.808105,-176.234955,99.5236282,0.25],[-817.580139,-178.601654,99.4806213,0.25]],"renderPriority":5,"startEndFade":[1,1]}
{"class":"DecalRoad","persistentId":"dc758891-0187-4857-ac06-c19ba7207495","__parent":"SimGroup_","position":[-640.05957,11.2581406,100.555992],"improvedSpline":true,"material":"spraypaint_mark","nodes":[[-640.05957,11.2581406,100.555992,0.25],[-640.761414,12.4942703,100.555992,0.25]],"renderPriority":5,"startEndFade":[1,1]}
{"class":"DecalRoad","persistentId":"e160592a-df02-4225-8a0b-13b38357d1ab","__parent":"SimGroup_","position":[-719.129944,-148.351242,99.0404434],"improvedSpline":true,"material":"spraypaint_mark","nodes":[[-719.129944,-148.351242,99.0404434,0.25],[-720.289429,-147.568832,99.0223999,0.25]],"renderPriority":5,"startEndFade":[1,1]}
{"class":"DecalRoad","persistentId":"e794c7ec-1991-495f-96d7-027b0826a3da","__parent":"SimGroup_","position":[-889.843445,-290.153625,99.5653992],"improvedSpline":true,"material":"spraypaint_mark","nodes":[[-889.843445,-290.153625,99.5653992,0.25],[-891.137756,-289.042725,99.5204086,0.25]],"renderPriority":5,"startEndFade":[1,1]}
{"class":"DecalRoad","persistentId":"f0306a03-9fd2-44e6-bcd2-fb3f77a87462","__parent":"SimGroup_","position":[-715.625427,-100.077919,100.54425],"improvedSpline":true,"material":"spraypaint_mark","nodes":[[-715.625427,-100.077919,100.54425,0.25],[-714.121338,-100.909935,100.548698,0.25]],"renderPriority":5,"startEndFade":[1,1]}
{"class":"DecalRoad","persistentId":"fc2dc8d4-1730-47f8-a1bb-d1f83685d103","__parent":"SimGroup_","position":[-614.718445,33.6027451,100.533661],"improvedSpline":true,"material":"track_rubber","nodes":[[-614.718445,33.6027451,100.533661,4.50000048],[-629.672913,20.2739029,100.555992,4.50000048],[-641.838684,12.305069,100.555992,4.50000048],[-648.109436,-3.8689003,100.555992,4.50000048],[-649.517212,-22.638031,100.555992,4.50000048],[-656.014648,-36.2909012,100.555992,4.50000048],[-670.922668,-58.6138649,100.555992,4.50000048],[-699.573975,-82.6058197,100.555992,4.50000048],[-713.197815,-98.567688,100.555992,4.50000048],[-716.824524,-107.566544,100.473434,4.50000048],[-717.257019,-117.301941,100.441093,4.50000048],[-716.762329,-128.787567,99.9797058,4.50000048],[-718.23999,-141.51828,99.2394943,4.50000048],[-726.458191,-153.317429,98.9518127,4.50000048],[-741.155396,-161.023285,99.0443192,4.50000048],[-770.824402,-169.548096,99.1883163,4.50000048],[-800.279724,-173.328918,99.4339752,4.50000048],[-821.110107,-179.412109,99.4924164,4.50000048],[-836.435425,-191.478821,99.5693436,4.50000048],[-844.040283,-202.304169,99.5860367,4.50000048],[-854.440674,-229.846436,99.6908569,4.50000048],[-880.830994,-273.968903,99.8594971,4.50000048],[-903.308533,-299.158508,99.4592972,4.50000048],[-923.566833,-309.58493,99.913765,4.50000048]],"renderPriority":7,"startEndFade":[25,10],"textureLength":50}
{"class":"DecalRoad","persistentId":"fdfe9206-62f7-4a5e-bfe1-70b1be16c8e7","__parent":"SimGroup_","position":[-717.78186,-146.025772,99.1178207],"improvedSpline":true,"material":"spraypaint_mark","nodes":[[-717.78186,-146.025772,99.1178207,0.25],[-719.220093,-145.277725,99.0904007,0.25]],"renderPriority":5,"startEndFade":[1,1]}
{"class":"DecalRoad","persistentId":"feb10495-b857-4c4c-9248-5b42c5d8bcf7","__parent":"SimGroup_","position":[-908.339661,-304.984497,99.6955185],"improvedSpline":true,"material":"checkered_line_alt","nodes":[[-908.339661,-304.984497,99.6955185,0.25],[-912.864014,-297.216736,99.3373871,0.25]],"renderPriority":5,"startEndFade":[1,1]}
{"name":"SimGroup_","class":"SimGroup","persistentId":"bfda44ef-d760-479d-bbb0-afffd15b45cd","groupPosition":"-684.775090888 -62.995214725485 100.20610167248"}
{"class":"TSStatic","persistentId":"0630559a-5f13-4292-8fff-25233dbcfc82","__parent":"SimGroup_","position":[-712.385071,-127.215141,100.077705],"isRenderEnabled":false,"rotationMatrix":[-0.993563652,0.113077708,-0.00668484345,-0.11263705,-0.992500067,-0.0475032851,-0.0120062698,-0.04644458,0.998848736],"shapeName":"/levels/west_coast_usa/art/shapes/objects/jerseybarrier_3m.dae","useInstanceRenderData":true}
{"class":"TSStatic","persistentId":"0e8936d2-c7e2-4555-8b05-15d0d07a034b","__parent":"SimGroup_","position":[-643.212769,17.9805679,100.554855],"isRenderEnabled":false,"rotationMatrix":[-0.580003262,0.81461072,-0.00239276979,-0.814612269,-0.580005765,-0.000489339116,-0.00178644108,0.00166536134,0.99999702],"shapeName":"/levels/west_coast_usa/art/shapes/objects/jerseybarrier_3m.dae","useInstanceRenderData":true}
{"class":"TSStatic","persistentId":"0fa712b9-e9c7-4f1c-b5be-ef8700b4ab86","__parent":"SimGroup_","position":[-654.420044,-44.8395844,100.555992],"isRenderEnabled":false,"rotationMatrix":[-0.741978407,0.670423865,9.09494702e-13,-0.670423865,-0.741978407,4.19948155e-05,2.81543253e-05,3.11592412e-05,1],"shapeName":"/levels/west_coast_usa/art/shapes/objects/jerseybarrier_3m.dae","useInstanceRenderData":true}
{"class":"TSStatic","persistentId":"149a059f-f778-4e32-bfa1-d5fc3ffd0efc","__parent":"SimGroup_","position":[-728.936768,-157.564743,99.0267792],"isRenderEnabled":false,"rotationMatrix":[-0.548521399,0.835621238,-0.0293518864,-0.836066127,-0.548592687,0.00628284179,-0.0108521553,0.0279863905,0.999549389],"shapeName":"/levels/west_coast_usa/art/shapes/objects/jerseybarrier_3m.dae","useInstanceRenderData":true}
{"class":"TSStatic","persistentId":"15db52ed-41e6-4455-9214-4efbc0d0b60e","__parent":"SimGroup_","position":[-669.346436,-61.3598251,100.555992],"isRenderEnabled":false,"rotationMatrix":[-0.741992116,0.670408607,1.72969197e-16,-0.670408607,-0.741992116,-8.76645351e-18,1.22464672e-16,-1.22464685e-16,1],"shapeName":"/levels/west_coast_usa/art/shapes/objects/jerseybarrier_3m.dae","useInstanceRenderData":true}
{"class":"TSStatic","persistentId":"1824d099-7a2d-467a-bcea-57edebef330c","__parent":"SimGroup_","position":[-718.734985,-148.283005,99.0505142],"isRenderEnabled":false,"rotationMatrix":[-0.829437613,0.558449984,-0.0129165975,-0.558106065,-0.829455137,-0.0228433777,-0.0234706216,-0.0117383245,0.999655604],"shapeName":"/levels/west_coast_usa/art/shapes/objects/jerseybarrier_3m.dae","useInstanceRenderData":true}
{"class":"TSStatic","persistentId":"1ca0fcac-c88a-4ca2-a1a2-7a7bccb42af5","__parent":"SimGroup_","position":[-663.749084,-55.1647072,100.555992],"isRenderEnabled":false,"rotationMatrix":[-0.74198544,0.670415819,1.72969276e-16,-0.670415819,-0.74198544,-8.76475945e-18,1.22464672e-16,-1.22464685e-16,1],"shapeName":"/levels/west_coast_usa/art/shapes/objects/jerseybarrier_3m.dae","useInstanceRenderData":true}
{"class":"TSStatic","persistentId":"1e6c141a-c25e-4387-bc9c-28dc9aaceaa0","__parent":"SimGroup_","position":[-625.603699,19.1427231,100.555992],"isRenderEnabled":false,"rotationMatrix":[-0.60579443,0.795621097,1.71623923e-16,-0.795621097,-0.60579443,2.32470508e-17,1.22464672e-16,-1.22464685e-16,1],"shapeName":"/levels/west_coast_usa/art/shapes/objects/jerseybarrier_3m.dae","useInstanceRenderData":true}
{"class":"TSStatic","persistentId":"20a80941-20c6-4a92-a669-425d11a43c8a","__parent":"SimGroup_","position":[-658.151611,-48.9696388,100.555992],"isRenderEnabled":false,"rotationMatrix":[-0.742008805,0.670390129,1.72968972e-16,-0.670390129,-0.742008805,-8.77075485e-18,1.22464685e-16,-1.22464685e-16,1],"shapeName":"/levels/west_coast_usa/art/shapes/objects/jerseybarrier_3m.dae","useInstanceRenderData":true}
{"class":"TSStatic","persistentId":"245e7180-4ee0-4d30-bb24-11b984e435ee","__parent":"SimGroup_","position":[-713.527893,-135.473175,99.6760559],"isRenderEnabled":false,"rotationMatrix":[-0.977473617,0.210217759,-0.0188145973,-0.209123477,-0.976700306,-0.0482101478,-0.0285108462,-0.0431895666,0.998660028],"shapeName":"/levels/west_coast_usa/art/shapes/objects/jerseybarrier_3m.dae","useInstanceRenderData":true}
{"class":"TSStatic","persistentId":"248a199a-29aa-4c5d-b1c8-0d8ddd864b28","__parent":"SimGroup_","position":[-711.483398,-116.130981,100.46907],"isRenderEnabled":false,"rotationMatrix":[-0.996821165,0.0757230595,-0.0247734841,-0.075242959,-0.996969342,-0.0197704732,-0.0261954833,-0.0178435929,0.999497592],"shapeName":"/levels/west_coast_usa/art/shapes/objects/jerseybarrier_3m.dae","useInstanceRenderData":true}
{"class":"TSStatic","persistentId":"250b82dd-b0ff-4995-8c03-320cdd34c7d6","__parent":"SimGroup_","position":[-712.696777,-129.977692,99.9490433],"isRenderEnabled":false,"rotationMatrix":[-0.993366718,0.114348829,-0.0121230138,-0.113636762,-0.992333055,-0.0485974737,-0.0175871328,-0.0468974896,0.998744845],"shapeName":"/levels/west_coast_usa/art/shapes/objects/jerseybarrier_3m.dae","useInstanceRenderData":true}
{"class":"TSStatic","persistentId":"2bb49050-4014-4da0-b26b-bc111d9bf681","__parent":"SimGroup_","position":[-720.362305,-150.538391,98.9972153],"isRenderEnabled":false,"rotationMatrix":[-0.773538113,0.633512735,-0.0173372421,-0.633434892,-0.773726702,-0.0103642717,-0.0199801829,0.00296485564,0.999795973],"shapeName":"/levels/west_coast_usa/art/shapes/objects/jerseybarrier_3m.dae","useInstanceRenderData":true}
{"class":"TSStatic","persistentId":"2d0502ed-9f53-4ca0-bb8a-bdf83b893e42","__parent":"SimGroup_","position":[-712.055298,-124.454567,100.205055],"isRenderEnabled":false,"rotationMatrix":[-0.992677331,0.120747566,-0.00342434808,-0.120464623,-0.991654038,-0.0459406599,-0.0089429915,-0.0451917425,0.998938322],"shapeName":"/levels/west_coast_usa/art/shapes/objects/jerseybarrier_3m.dae","useInstanceRenderData":true}
{"class":"TSStatic","persistentId":"30e22f5d-142c-48a7-8c73-05122b651fae","__parent":"SimGroup_","position":[-713.057312,-132.734024,99.8158875],"isRenderEnabled":false,"rotationMatrix":[-0.987661242,0.155474484,-0.0187835656,-0.154380739,-0.98674798,-0.0499503426,-0.0263006501,-0.0464341976,0.998575032],"shapeName":"/levels/west_coast_usa/art/shapes/objects/jerseybarrier_3m.dae","useInstanceRenderData":true}
{"class":"TSStatic","persistentId":"313b6eff-3dda-4d27-b212-ab961d5e8369","__parent":"SimGroup_","position":[-717.331787,-145.882172,99.1372147],"isRenderEnabled":false,"rotationMatrix":[-0.888459086,0.45849666,-0.0205256119,-0.457414538,-0.888251543,-0.0422042459,-0.0375824086,-0.0281080306,0.998898149],"shapeName":"/levels/west_coast_usa/art/shapes/objects/jerseybarrier_3m.dae","useInstanceRenderData":true}
{"class":"TSStatic","persistentId":"352934e2-9d86-44aa-a663-e53c99d28636","__parent":"SimGroup_","position":[-615.945129,29.141098,100.555992],"isRenderEnabled":false,"rotationMatrix":[-0.725495338,0.688215852,-0.00393103156,-0.688221216,-0.725500941,0,-0.002851967,0.0027054192,0.999992251],"shapeName":"/levels/west_coast_usa/art/shapes/objects/jerseybarrier_3m.dae","useInstanceRenderData":true}
{"class":"TSStatic","persistentId":"3587ac23-cf52-4674-9b1a-d3b43ae8f7e8","__parent":"SimGroup_","position":[-645.431213,16.3011475,100.555992],"isRenderEnabled":false,"rotationMatrix":[-0.627870083,0.778318226,1.72208389e-16,-0.778318226,-0.627870083,1.84245978e-17,1.22464685e-16,-1.22464685e-16,1],"shapeName":"/levels/west_coast_usa/art/shapes/objects/jerseybarrier_3m.dae","useInstanceRenderData":true}
{"class":"TSStatic","persistentId":"368d949e-dbcb-4d04-9b5b-29f5f93422ca","__parent":"SimGroup_","position":[-610.162292,29.1410065,100.555992],"isRenderEnabled":false,"rotationMatrix":[0.689516664,0.724269867,0,-0.724269867,0.689516664,0,0,0,1],"shapeName":"/levels/west_coast_usa/art/shapes/objects/jerseybarrier_3m.dae","useInstanceRenderData":true}
{"class":"TSStatic","persistentId":"373e8ba7-9cea-4396-814e-c6b5516dc846","__parent":"SimGroup_","position":[-612.001282,30.9091568,100.555992],"isRenderEnabled":false,"rotationMatrix":[0.689516664,0.724269867,0,-0.724269867,0.689516664,0,0,0,1],"shapeName":"/levels/west_coast_usa/art/shapes/objects/jerseybarrier_3m.dae","useInstanceRenderData":true}
{"class":"TSStatic","persistentId":"3911ea43-c49b-48ed-81db-1210eb7b8e3a","__parent":"SimGroup_","position":[-651.722595,4.47763062,100.555992],"isRenderEnabled":false,"rotationMatrix":[-0.99737823,0.0723653659,1.31005795e-16,-0.0723653659,-0.99737823,-1.13281392e-16,1.22464685e-16,-1.22464685e-16,1],"shapeName":"/levels/west_coast_usa/art/shapes/objects/jerseybarrier_3m.dae","useInstanceRenderData":true}
{"class":"TSStatic","persistentId":"3c1bb9b6-0479-4b91-891f-a706148a5026","__parent":"SimGroup_","position":[-726.631531,-156.005814,99.005127],"isRenderEnabled":false,"rotationMatrix":[-0.567123175,0.823199034,-0.0267309584,-0.823562145,-0.567201138,0.0053040199,-0.0107955672,0.025022639,0.999628603],"shapeName":"/levels/west_coast_usa/art/shapes/objects/jerseybarrier_3m.dae","useInstanceRenderData":true}
{"class":"TSStatic","persistentId":"45eec3bb-c00b-4b99-9321-d768f13efabc","__parent":"SimGroup_","position":[-675.102844,-56.9530563,100.555984],"isRenderEnabled":false,"shapeName":"/levels/west_coast_usa/art/shapes/objects/sandbarrel.dae","useInstanceRenderData":true}
{"class":"TSStatic","persistentId":"4695c2b7-050c-4321-81b7-05d02025f4d8","__parent":"SimGroup_","position":[-635.132812,13.4105225,100.555992],"isRenderEnabled":false,"rotationMatrix":[-0.473289967,0.880906761,1.65841256e-16,-0.880906761,-0.473289967,4.99186691e-17,1.22464672e-16,-1.22464685e-16,1],"shapeName":"/levels/west_coast_usa/art/shapes/objects/jerseybarrier_3m.dae","useInstanceRenderData":true}
{"class":"TSStatic","persistentId":"4729f21b-144a-41c1-85fc-f2888b9c5a2f","__parent":"SimGroup_","position":[-624.1474,29.1788864,100.561829],"isRenderEnabled":false,"rotationMatrix":[-0.662156105,0.749008119,-0.0231585018,-0.749250948,-0.662279844,0.00294160005,-0.0131341247,0.0192993283,0.999727488],"shapeName":"/levels/west_coast_usa/art/shapes/objects/jerseybarrier_3m.dae","useInstanceRenderData":true}
{"class":"TSStatic","persistentId":"4bcdb9b1-a7ec-41f6-9804-7044a5300193","__parent":"SimGroup_","position":[-630.265381,16.1101151,100.555992],"isRenderEnabled":false,"rotationMatrix":[-0.500133991,0.865948141,1.67296789e-16,-0.865948141,-0.500133991,4.47993244e-17,1.22464685e-16,-1.22464685e-16,1],"shapeName":"/levels/west_coast_usa/art/shapes/objects/jerseybarrier_3m.dae","useInstanceRenderData":true}
{"class":"TSStatic","persistentId":"4d4500c9-13e3-426c-b876-0a2bb532ac5b","__parent":"SimGroup_","position":[-651.951477,-3.86639023,100.555992],"isRenderEnabled":false,"rotationMatrix":[-0.997930527,0.0642319471,-0.00293123862,-0.0642322302,-0.997934818,0,-0.00292518549,0.000188279999,0.999995708],"shapeName":"/levels/west_coast_usa/art/shapes/objects/jerseybarrier_3m.dae","useInstanceRenderData":true}
{"class":"TSStatic","persistentId":"50d22b70-a0e7-4cf3-90be-4010f3762787","__parent":"SimGroup_","position":[-627.883118,17.5484238,100.555992],"isRenderEnabled":false,"rotationMatrix":[-0.536154509,0.844119787,1.69034861e-16,-0.844119787,-0.536154509,3.77148633e-17,1.22464672e-16,-1.22464685e-16,1],"shapeName":"/levels/west_coast_usa/art/shapes/objects/jerseybarrier_3m.dae","useInstanceRenderData":true}
{"class":"TSStatic","persistentId":"53623a93-f728-40bd-9210-7d365cf0904e","__parent":"SimGroup_","position":[-638.608459,21.1072769,100.555992],"isRenderEnabled":false,"rotationMatrix":[-0.539413333,0.842041075,1.69179373e-16,-0.842041075,-0.539413333,3.70612119e-17,1.22464685e-16,-1.22464685e-16,1],"shapeName":"/levels/west_coast_usa/art/shapes/objects/jerseybarrier_3m.dae","useInstanceRenderData":true}
{"class":"TSStatic","persistentId":"551f415c-fd58-46f1-8fb4-257451d92267","__parent":"SimGroup_","position":[-649.325806,12.3497543,100.552025],"isRenderEnabled":false,"rotationMatrix":[-0.807915092,0.589284658,-0.00410401821,-0.589287519,-0.807923198,-0.000617893646,-0.00367984688,0.00191924116,0.999991417],"shapeName":"/levels/west_coast_usa/art/shapes/objects/jerseybarrier_3m.dae","useInstanceRenderData":true}
{"class":"TSStatic","persistentId":"56cee79f-3014-4b21-879b-314ce23fbff6","__parent":"SimGroup_","position":[-716.122009,-143.379639,99.2610703],"isRenderEnabled":false,"rotationMatrix":[-0.915377736,0.401667297,-0.0273271035,-0.400156021,-0.915193558,-0.0479146913,-0.0442553535,-0.0329249427,0.998477519],"shapeName":"/levels/west_coast_usa/art/shapes/objects/jerseybarrier_3m.dae","useInstanceRenderData":true}
{"class":"TSStatic","persistentId":"56f161ee-4e77-4e14-a8aa-af2185c0ac8e","__parent":"SimGroup_","position":[-628.507996,25.729599,100.585144],"isRenderEnabled":false,"rotationMatrix":[-0.55067575,0.834630907,-0.0121482257,-0.834611237,-0.550780296,-0.00807772949,-0.0134329256,0.00569083681,0.999893606],"shapeName":"/levels/west_coast_usa/art/shapes/objects/jerseybarrier_3m.dae","useInstanceRenderData":true}
{"class":"TSStatic","persistentId":"5dd5c027-d01e-4a6a-8691-1e8c38cb75b9","__parent":"SimGroup_","position":[-731.261719,-159.09436,99.0488586],"isRenderEnabled":false,"rotationMatrix":[-0.556235313,0.830480516,-0.0300734416,-0.830993474,-0.556164265,0.0114505757,-0.00721629243,0.0313600525,0.999482095],"shapeName":"/levels/west_coast_usa/art/shapes/objects/jerseybarrier_3m.dae","useInstanceRenderData":true}
{"class":"TSStatic","persistentId":"63cbe22e-7a84-49a5-947a-8784a6030bec","__parent":"SimGroup_","position":[-711.800232,-121.685654,100.31292],"isRenderEnabled":false,"rotationMatrix":[-0.997285724,0.0733851269,-0.0059810034,-0.0731591657,-0.996811271,-0.0318567827,-0.00829974655,-0.0313327536,0.999474525],"shapeName":"/levels/west_coast_usa/art/shapes/objects/jerseybarrier_3m.dae","useInstanceRenderData":true}
{"class":"TSStatic","persistentId":"63d7d125-d5bf-432d-a86c-f53a8927daf7","__parent":"SimGroup_","position":[-619.795593,25.1223984,100.555992],"isRenderEnabled":false,"rotationMatrix":[-0.725786805,0.687919736,-1.8189894e-12,-0.687919736,-0.725786805,-5.36487278e-05,-3.69060144e-05,-3.89375346e-05,1],"shapeName":"/levels/west_coast_usa/art/shapes/objects/jerseybarrier_3m.dae","useInstanceRenderData":true}
{"class":"TSStatic","persistentId":"63d7e875-8f49-463f-a1bb-be542e0b3393","__parent":"SimGroup_","position":[-621.646606,23.0444489,100.555992],"isRenderEnabled":false,"rotationMatrix":[-0.754748344,0.656014442,1.72768622e-16,-0.656014442,-0.754748344,-1.20914152e-17,1.22464685e-16,-1.22464685e-16,1],"shapeName":"/levels/west_coast_usa/art/shapes/objects/jerseybarrier_3m.dae","useInstanceRenderData":true}
{"class":"TSStatic","persistentId":"6a1d19f2-ba41-47d0-a6f4-218f74fc2f76","__parent":"SimGroup_","position":[-724.386841,-154.361221,98.9878159],"isRenderEnabled":false,"rotationMatrix":[-0.607187271,0.794212818,-0.0234442092,-0.794472337,-0.607292056,0.00317212008,-0.0117181428,0.0205518473,0.999720097],"shapeName":"/levels/west_coast_usa/art/shapes/objects/jerseybarrier_3m.dae","useInstanceRenderData":true}
{"class":"TSStatic","persistentId":"6a4ea4f6-9061-499b-be84-93b98830a46a","__parent":"SimGroup_","position":[-636.13678,22.3810349,100.555992],"isRenderEnabled":false,"rotationMatrix":[-0.398942828,0.916975737,1.6115355e-16,-0.916975737,-0.398942828,6.34407296e-17,1.22464685e-16,-1.22464672e-16,1],"shapeName":"/levels/west_coast_usa/art/shapes/objects/jerseybarrier_3m.dae","useInstanceRenderData":true}
{"class":"TSStatic","persistentId":"6c3fd067-f020-4545-8da9-80b20408a94f","__parent":"SimGroup_","position":[-633.551636,23.4105606,100.555992],"isRenderEnabled":false,"rotationMatrix":[-0.347524166,0.937671006,1.57391017e-16,-0.937671006,-0.347524166,7.22721465e-17,1.22464672e-16,-1.22464672e-16,1],"shapeName":"/levels/west_coast_usa/art/shapes/objects/jerseybarrier_3m.dae","useInstanceRenderData":true}
{"class":"TSStatic","persistentId":"6eefaae5-06e3-4024-bd8d-6e148ae86c26","__parent":"SimGroup_","position":[-711.012695,-110.589836,100.574501],"isRenderEnabled":false,"rotationMatrix":[-0.97450316,0.211033031,-0.0762141272,-0.21015738,-0.97747457,-0.0194240455,-0.0785964951,-0.00291183218,0.996902287],"shapeName":"/levels/west_coast_usa/art/shapes/objects/jerseybarrier_3m.dae","useInstanceRenderData":true}
{"class":"TSStatic","persistentId":"72773655-e831-40e5-96ba-76d15911e8bb","__parent":"SimGroup_","position":[-622.05365,31.0122147,100.555992],"isRenderEnabled":false,"rotationMatrix":[-0.676349401,0.736568272,-0.00432144944,-0.736575186,-0.67635572,0,-0.00292283716,0.0031830722,0.999990642],"shapeName":"/levels/west_coast_usa/art/shapes/objects/jerseybarrier_3m.dae","useInstanceRenderData":true}
{"class":"TSStatic","persistentId":"742f1622-5dbd-40be-9e20-36ba2405d676","__parent":"SimGroup_","position":[-677.191589,-57.2319069,100.555992],"isRenderEnabled":false,"shapeName":"/levels/west_coast_usa/art/shapes/objects/sandbarrel.dae","useInstanceRenderData":true}
{"class":"TSStatic","persistentId":"75d993ba-912e-40e4-ae83-61876a82da47","__parent":"SimGroup_","position":[-650.661621,9.92118835,100.555992],"isRenderEnabled":false,"rotationMatrix":[-0.927173972,0.374611586,-0.00382375694,-0.374615341,-0.92718029,0.000282634632,-0.00343943364,0.00169448939,0.999992669],"shapeName":"/levels/west_coast_usa/art/shapes/objects/jerseybarrier_3m.dae","useInstanceRenderData":true}
{"class":"TSStatic","persistentId":"78ac95ff-0cb9-4d67-82a6-de71a86d63d0","__parent":"SimGroup_","position":[-656.285828,-46.9046288,100.555992],"isRenderEnabled":false,"rotationMatrix":[-0.741981506,0.670420527,1.72969342e-16,-0.670420527,-0.741981506,-8.7636808e-18,1.22464685e-16,-1.22464685e-16,1],"shapeName":"/levels/west_coast_usa/art/shapes/objects/jerseybarrier_3m.dae","useInstanceRenderData":true}
{"class":"TSStatic","persistentId":"7c0d52ef-1f2d-4bae-add4-44de08711428","__parent":"SimGroup_","position":[-637.583984,12.0924911,100.555992],"isRenderEnabled":false,"rotationMatrix":[-0.476620793,0.879109025,1.66029006e-16,-0.879109025,-0.476620793,4.92905942e-17,1.22464672e-16,-1.22464685e-16,1],"shapeName":"/levels/west_coast_usa/art/shapes/objects/jerseybarrier_3m.dae","useInstanceRenderData":true}
{"class":"TSStatic","persistentId":"8419a84f-b03e-42db-b4e4-07fed2f524e8","__parent":"SimGroup_","position":[-661.88324,-53.0996971,100.555992],"isRenderEnabled":false,"rotationMatrix":[-0.741977215,0.670425177,1.72969409e-16,-0.670425177,-0.741977215,-8.76258893e-18,1.22464698e-16,-1.22464685e-16,1],"shapeName":"/levels/west_coast_usa/art/shapes/objects/jerseybarrier_3m.dae","useInstanceRenderData":true}
{"class":"TSStatic","persistentId":"865be630-df07-48a0-b712-ee5433208f4a","__parent":"SimGroup_","position":[-614.031555,31.1619492,100.555992],"isRenderEnabled":false,"rotationMatrix":[-0.726477027,0.687190771,1.73124363e-16,-0.687190771,-0.726477027,-4.81118023e-18,1.22464672e-16,-1.22464685e-16,1],"shapeName":"/levels/west_coast_usa/art/shapes/objects/jerseybarrier_3m.dae","useInstanceRenderData":true}
{"class":"TSStatic","persistentId":"909ed3dc-aaa7-47a6-8fe6-e453f37eb06c","__parent":"SimGroup_","position":[-623.530029,20.9962692,100.555992],"isRenderEnabled":false,"rotationMatrix":[-0.70078063,0.71337688,1.73184356e-16,-0.71337688,-0.70078063,1.54259258e-18,1.22464685e-16,-1.22464685e-16,1],"shapeName":"/levels/west_coast_usa/art/shapes/objects/jerseybarrier_3m.dae","useInstanceRenderData":true}
{"class":"TSStatic","persistentId":"94ce27b6-f9b7-4dbb-a69e-30424d8f234e","__parent":"SimGroup_","position":[-665.614807,-57.2297821,100.555992],"isRenderEnabled":false,"rotationMatrix":[-0.742015719,0.67038238,1.72968879e-16,-0.67038238,-0.742015719,-8.77256803e-18,1.22464672e-16,-1.22464685e-16,1],"shapeName":"/levels/west_coast_usa/art/shapes/objects/jerseybarrier_3m.dae","useInstanceRenderData":true}
{"class":"TSStatic","persistentId":"9ac5b774-c09d-4846-a2ac-dd57e0fbf5c1","__parent":"SimGroup_","position":[-711.3078,-113.353973,100.518066],"isRenderEnabled":false,"rotationMatrix":[-0.997497797,0.0606792346,-0.0362746119,-0.0601071343,-0.998052716,-0.0166601297,-0.037214905,-0.0144380825,0.999202967],"shapeName":"/levels/west_coast_usa/art/shapes/objects/jerseybarrier_3m.dae","useInstanceRenderData":true}
{"class":"TSStatic","persistentId":"9f6f4382-7445-42ca-bc03-ad1be4c26c08","__parent":"SimGroup_","position":[-651.917603,-1.08358765,100.555992],"isRenderEnabled":false,"rotationMatrix":[-0.999974966,0.0070914356,1.23330062e-16,-0.0070914356,-0.999974966,-1.21593155e-16,1.22464685e-16,-1.22464672e-16,1],"shapeName":"/levels/west_coast_usa/art/shapes/objects/jerseybarrier_3m.dae","useInstanceRenderData":true}
{"class":"TSStatic","persistentId":"a0cbd2cf-4d7f-405c-a6dc-5903d90c6e05","__parent":"SimGroup_","position":[-674.947388,-54.8369064,100.555992],"isRenderEnabled":false,"shapeName":"/levels/west_coast_usa/art/shapes/objects/sandbarrel.dae","useInstanceRenderData":true}
{"class":"TSStatic","persistentId":"a187bd4d-d46a-4b26-975b-ac89c6aadfb1","__parent":"SimGroup_","position":[-660.017395,-51.0347099,100.555992],"isRenderEnabled":false,"rotationMatrix":[-0.741977215,0.670425177,1.72969409e-16,-0.670425177,-0.741977215,-8.76258893e-18,1.22464698e-16,-1.22464685e-16,1],"shapeName":"/levels/west_coast_usa/art/shapes/objects/jerseybarrier_3m.dae","useInstanceRenderData":true}
{"class":"TSStatic","persistentId":"a5ec913f-8005-4feb-bcb7-c31840224b97","__parent":"SimGroup_","position":[-617.86554,27.1270828,100.585335],"isRenderEnabled":false,"rotationMatrix":[-0.721728921,0.692027986,0.0143002281,-0.692093074,-0.721807957,0.000543207396,0.0106979338,-0.00950504094,0.999897599],"shapeName":"/levels/west_coast_usa/art/shapes/objects/jerseybarrier_3m.dae","useInstanceRenderData":true}
{"class":"TSStatic","persistentId":"b130d992-286a-4f4e-a185-6a9ccfd484c8","__parent":"SimGroup_","position":[-651.371155,7.23677063,100.555992],"isRenderEnabled":false,"rotationMatrix":[-0.98419559,0.177084252,1.42215773e-16,-0.177084252,-0.98419559,-9.88426304e-17,1.22464685e-16,-1.22464672e-16,1],"shapeName":"/levels/west_coast_usa/art/shapes/objects/jerseybarrier_3m.dae","useInstanceRenderData":true}
{"class":"TSStatic","persistentId":"b82de3ab-fa71-4ba0-b446-e7a12ba1a5f1","__parent":"SimGroup_","position":[-626.259277,27.3668518,100.579544],"isRenderEnabled":false,"rotationMatrix":[-0.623499274,0.78177011,-0.00917627942,-0.781823993,-0.623457909,0.00717420969,-0.000112441368,0.0116473502,0.99993217],"shapeName":"/levels/west_coast_usa/art/shapes/objects/jerseybarrier_3m.dae","useInstanceRenderData":true}
{"class":"TSStatic","persistentId":"bff2806b-df91-4de7-8fb6-dc7da6a4341d","__parent":"SimGroup_","position":[-714.182922,-138.173676,99.5417328],"isRenderEnabled":false,"rotationMatrix":[-0.955406308,0.294288188,-0.0243588798,-0.292865068,-0.954876065,-0.0494137667,-0.037801601,-0.0400763564,0.998481333],"shapeName":"/levels/west_coast_usa/art/shapes/objects/jerseybarrier_3m.dae","useInstanceRenderData":true}
{"class":"TSStatic","persistentId":"cf336c03-cd29-4f04-b4e8-be816738ed6e","__parent":"SimGroup_","position":[-715.0755,-140.805084,99.3988113],"isRenderEnabled":false,"rotationMatrix":[-0.935315251,0.352728099,-0.0277185701,-0.35103038,-0.934911132,-0.0521432646,-0.044306796,-0.0390403308,0.998254836],"shapeName":"/levels/west_coast_usa/art/shapes/objects/jerseybarrier_3m.dae","useInstanceRenderData":true}
{"class":"TSStatic","persistentId":"d19450dc-311e-493a-8c1d-1e7d4b31b9c1","__parent":"SimGroup_","position":[-722.257019,-152.571869,98.9813156],"isRenderEnabled":false,"rotationMatrix":[-0.676229239,0.736394703,-0.0209043697,-0.736561596,-0.676370382,0.000424111728,-0.0138267837,0.015684152,0.99978137],"shapeName":"/levels/west_coast_usa/art/shapes/objects/jerseybarrier_3m.dae","useInstanceRenderData":true}
{"class":"TSStatic","persistentId":"d6858fc5-5e3c-4f92-b524-cc0719816b71","__parent":"SimGroup_","position":[-651.875366,1.69909668,100.555992],"isRenderEnabled":false,"rotationMatrix":[-0.999179006,0.0405133739,1.27325582e-16,-0.0405133739,-0.999179006,-1.17402671e-16,1.22464672e-16,-1.22464672e-16,1],"shapeName":"/levels/west_coast_usa/art/shapes/objects/jerseybarrier_3m.dae","useInstanceRenderData":true}
{"class":"TSStatic","persistentId":"e5a6d078-872f-4360-80bc-aef5850cfbb3","__parent":"SimGroup_","position":[-667.480652,-59.2948112,100.555992],"isRenderEnabled":false,"rotationMatrix":[-0.741978407,0.670423865,1.72969395e-16,-0.670423865,-0.741978407,-8.76289333e-18,1.22464685e-16,-1.22464685e-16,1],"shapeName":"/levels/west_coast_usa/art/shapes/objects/jerseybarrier_3m.dae","useInstanceRenderData":true}
{"class":"TSStatic","persistentId":"ed4bd349-b76d-4232-8c65-d41cfc83cccf","__parent":"SimGroup_","position":[-711.648438,-118.90818,100.401421],"isRenderEnabled":false,"rotationMatrix":[-0.998867512,0.0469981954,-0.00741529837,-0.0467619151,-0.998475075,-0.0293406062,-0.00878294557,-0.0289606228,0.999541938],"shapeName":"/levels/west_coast_usa/art/shapes/objects/jerseybarrier_3m.dae","useInstanceRenderData":true}
{"class":"TSStatic","persistentId":"ee6fd175-92e4-4138-b4e1-a86e26f04f07","__parent":"SimGroup_","position":[-671.21228,-63.4248695,100.555992],"isRenderEnabled":false,"rotationMatrix":[-0.74200213,0.67039758,1.72969078e-16,-0.67039758,-0.74200213,-8.7690277e-18,1.22464685e-16,-1.22464685e-16,1],"shapeName":"/levels/west_coast_usa/art/shapes/objects/jerseybarrier_3m.dae","useInstanceRenderData":true}
{"class":"TSStatic","persistentId":"f092c08a-516c-410f-ace0-3e38e54304f0","__parent":"SimGroup_","position":[-647.508057,14.4512024,100.555992],"isRenderEnabled":false,"rotationMatrix":[-0.704154611,0.710034549,-0.00415392173,-0.710040629,-0.70416069,0,-0.00292502809,0.00294945342,0.999991357],"shapeName":"/levels/west_coast_usa/art/shapes/objects/jerseybarrier_3m.dae","useInstanceRenderData":true}
