{"class":"TSStatic","__parent":"offRoadCircuit_rails","position":[333.057159,492.268738,130.920303],"isRenderEnabled":false,"rotationMatrix":[0.933475435,-0.358641326,0,0.358641326,0.933475435,0,0,0,1],"shapeName":"/levels/west_coast_usa/art/shapes/objects/constructionbarrier.dae","useInstanceRenderData":true}
{"class":"TSStatic","__parent":"offRoadCircuit_rails","position":[331.727478,491.902802,130.921387],"isRenderEnabled":false,"rotationMatrix":[0.692130923,0.721772075,0,-0.721772075,0.692130923,0,0,0,1],"shapeName":"/levels/west_coast_usa/art/shapes/objects/constructionbarrier.dae","useInstanceRenderData":true}
{"class":"TSStatic","__parent":"offRoadCircuit_rails","position":[335.393524,501.036591,130.920303],"isRenderEnabled":false,"rotationMatrix":[0.763984263,-0.645234823,0,0.645234823,0.763984263,0,0,0,1],"shapeName":"/levels/west_coast_usa/art/shapes/objects/constructionbarrier.dae","useInstanceRenderData":true}
{"class":"TSStatic","__parent":"offRoadCircuit_rails","position":[322.281586,502.835175,130.934967],"isRenderEnabled":false,"rotationMatrix":[0.735012233,-0.678053916,0,0.678053916,0.735012233,0,0,0,1],"shapeName":"/levels/west_coast_usa/art/shapes/objects/constructionbarrier.dae","useInstanceRenderData":true}
{"class":"TSStatic","__parent":"offRoadCircuit_rails","position":[319.087952,501.131226,130.934967],"isRenderEnabled":false,"rotationMatrix":[0.231332898,-0.972874463,0,0.972874463,0.231332898,0,0,0,1],"shapeName":"/levels/west_coast_usa/art/shapes/objects/constructionbarrier.dae","useInstanceRenderData":true}
{"class":"TSStatic","__parent":"offRoadCircuit_rails","position":[315.453827,501.115326,130.934967],"isRenderEnabled":false,"rotationMatrix":[-0.254426241,-0.967092156,0,0.967092156,-0.254426241,0,0,0,1],"shapeName":"/levels/west_coast_usa/art/shapes/objects/constructionbarrier.dae","useInstanceRenderData":true}
{"class":"TSStatic","__parent":"offRoadCircuit_rails","position":[333.622101,497.833344,130.920303],"isRenderEnabled":false,"rotationMatrix":[0.999822378,-0.0188472979,0,0.0188472979,0.999822378,0,0,0,1],"shapeName":"/levels/west_coast_usa/art/shapes/objects/constructionbarrier.dae","useInstanceRenderData":true}
{"class":"TSStatic","__parent":"offRoadCircuit_rails","position":[333.507202,494.081726,130.920303],"isRenderEnabled":false,"rotationMatrix":[0.990950584,-0.134227395,0,0.134227395,0.990950584,0,0,0,1],"shapeName":"/levels/west_coast_usa/art/shapes/objects/constructionbarrier.dae","useInstanceRenderData":true}
{"class":"TSStatic","__parent":"offRoadCircuit_rails","position":[108.422447,260.734833,130.767883],"isRenderEnabled":false,"rotationMatrix":[0.814539731,-0.564437866,-0.133921042,0.569223523,0.822176993,-0.0030814521,0.111846089,-0.0737210512,0.990987241],"shapeName":"/levels/west_coast_usa/art/shapes/objects/constructionbarrier.dae","useInstanceRenderData":true}
{"class":"TSStatic","__parent":"offRoadCircuit_rails","position":[325.176819,506.054474,130.934967],"isRenderEnabled":false,"rotationMatrix":[0.79030782,-0.612710059,0,0.612710059,0.79030782,0,0,0,1],"shapeName":"/levels/west_coast_usa/art/shapes/objects/constructionbarrier.dae","useInstanceRenderData":true}
{"class":"TSStatic","__parent":"offRoadCircuit_rails","position":[323.594269,504.19577,130.934967],"isRenderEnabled":false,"rotationMatrix":[0.705699801,-0.708510876,0,0.708510876,0.705699801,0,0,0,1],"shapeName":"/levels/west_coast_usa/art/shapes/objects/constructionbarrier.dae","useInstanceRenderData":true}
{"class":"TSStatic","__parent":"offRoadCircuit_rails","position":[320.810699,501.774261,130.934967],"isRenderEnabled":false,"rotationMatrix":[0.44619751,-0.894934595,0,0.894934595,0.44619751,0,0,0,1],"shapeName":"/levels/west_coast_usa/art/shapes/objects/constructionbarrier.dae","useInstanceRenderData":true}
{"class":"TSStatic","__parent":"offRoadCircuit_rails","position":[105.247688,276.056793,130.899429],"isRenderEnabled":false,"rotationMatrix":[-0.998943686,0.0459493697,4.65548226e-07,-0.0459493697,-0.998943686,-1.01220357e-05,-4.46647164e-11,-1.01327369e-05,1],"shapeName":"/levels/west_coast_usa/art/shapes/objects/constructionbarrier.dae","useInstanceRenderData":true}
{"class":"TSStatic","__parent":"offRoadCircuit_rails","position":[317.251495,500.902496,130.934967],"isRenderEnabled":false,"rotationMatrix":[-0.00299143791,-0.999995708,0,0.999995708,-0.00299143791,0,0,0,1],"shapeName":"/levels/west_coast_usa/art/shapes/objects/constructionbarrier.dae","useInstanceRenderData":true}
{"class":"TSStatic","__parent":"offRoadCircuit_rails","position":[334.254974,499.607971,130.920303],"isRenderEnabled":false,"rotationMatrix":[0.802984118,-0.596000254,0,0.596000254,0.802984118,0,0,0,1],"shapeName":"/levels/west_coast_usa/art/shapes/objects/constructionbarrier.dae","useInstanceRenderData":true}
{"class":"TSStatic","__parent":"offRoadCircuit_rails","position":[333.601135,495.930603,130.920303],"isRenderEnabled":false,"rotationMatrix":[0.999777913,0.0210735835,0,-0.0210735835,0.999777913,0,0,0,1],"shapeName":"/levels/west_coast_usa/art/shapes/objects/constructionbarrier.dae","useInstanceRenderData":true}
{"class":"TSStatic","__parent":"offRoadCircuit_rails","position":[330.412628,493.163666,130.915787],"isRenderEnabled":false,"rotationMatrix":[0.692130804,0.721772075,-6.75208867e-09,-0.721757531,0.692116737,-0.00635905098,-0.00458978117,0.00440129917,0.999979794],"shapeName":"/levels/west_coast_usa/art/shapes/objects/constructionbarrier.dae","useInstanceRenderData":true}
{"class":"TSStatic","__parent":"offRoadCircuit_rails","position":[342.049103,311.152466,119.460556],"isRenderEnabled":false,"rotationMatrix":[-0.421243906,-0.906947136,4.77179419e-05,0.906928658,-0.421235085,0.00639858749,-0.00578308105,0.00273864437,0.999979556],"shapeName":"/levels/west_coast_usa/art/shapes/objects/guardrailpost.dae","useInstanceRenderData":true}
{"class":"TSStatic","__parent":"offRoadCircuit_rails","position":[360.605652,341.722473,120.118141],"isRenderEnabled":false,"rotationMatrix":[-0.637187839,-0.769992054,-0.0332274102,0.770409524,-0.6375494,0.000374834053,-0.0214727316,-0.0253598727,0.999447763],"shapeName":"/levels/west_coast_usa/art/shapes/objects/guardrailpost.dae","useInstanceRenderData":true}
{"class":"TSStatic","__parent":"offRoadCircuit_rails","position":[366.479462,348.491425,121.288284],"isRenderEnabled":false,"rotationMatrix":[-0.82509923,-0.564688802,-0.0183704048,0.56485188,-0.825177431,-0.00492233504,-0.0123792589,-0.0144379744,0.99981916],"shapeName":"/levels/west_coast_usa/art/shapes/objects/guardrail2_red.dae","useInstanceRenderData":true}
{"class":"TSStatic","__parent":"offRoadCircuit_rails","position":[335.298645,297.801392,120.044701],"isRenderEnabled":false,"rotationMatrix":[-0.478746653,-0.877869427,-0.0121307075,0.877881229,-0.478838682,0.00619013328,-0.011242779,-0.00768581498,0.999907255],"shapeName":"/levels/west_coast_usa/art/shapes/objects/guardrail1_red.dae","useInstanceRenderData":true}
{"class":"TSStatic","__parent":"offRoadCircuit_rails","position":[355.591492,335.580811,119.861145],"isRenderEnabled":false,"rotationMatrix":[-0.598935485,-0.80024004,-0.0298792869,0.800561786,-0.599247694,0.00191188417,-0.0194350481,-0.0227751154,0.999551713],"shapeName":"/levels/west_coast_usa/art/shapes/objects/guardrailpost.dae","useInstanceRenderData":true}
{"class":"TSStatic","__parent":"offRoadCircuit_rails","position":[340.377228,307.527313,119.460808],"isRenderEnabled":false,"rotationMatrix":[-0.422346711,-0.906434476,3.99353448e-05,0.906415999,-0.42233789,0.00639864197,-0.00578308292,0.00273864297,0.999979556],"shapeName":"/levels/west_coast_usa/art/shapes/objects/guardrailpost.dae","useInstanceRenderData":true}
{"class":"TSStatic","__parent":"offRoadCircuit_rails","position":[358.077942,338.66861,119.986343],"isRenderEnabled":false,"rotationMatrix":[-0.634143233,-0.772500992,-0.0332256667,0.772917032,-0.634506464,0.000505913049,-0.0214727279,-0.0253598653,0.999447763],"shapeName":"/levels/west_coast_usa/art/shapes/objects/guardrailpost.dae","useInstanceRenderData":true}
{"class":"TSStatic","__parent":"offRoadCircuit_rails","position":[364.980865,347.145599,120.932899],"isRenderEnabled":false,"rotationMatrix":[-0.650790453,-0.759019256,-0.019018447,0.759156585,-0.650908113,1.39698386e-09,-0.0123792617,-0.0144379772,0.99981916],"shapeName":"/levels/west_coast_usa/art/shapes/objects/guardrail2_white.dae","useInstanceRenderData":true}
{"class":"TSStatic","__parent":"offRoadCircuit_rails","position":[331.396118,290.848938,119.989265],"isRenderEnabled":false,"rotationMatrix":[-0.495788097,-0.868441463,-0.00187121984,0.868421793,-0.495789766,0.0060044853,-0.00614227634,0.0013519444,0.999980211],"shapeName":"/levels/west_coast_usa/art/shapes/objects/guardrail1_red.dae","useInstanceRenderData":true}
{"class":"TSStatic","__parent":"offRoadCircuit_rails","position":[353.22113,332.367523,119.741707],"isRenderEnabled":false,"rotationMatrix":[-0.574312925,-0.81814909,-0.0282220319,0.818426132,-0.57460463,0.00282073021,-0.0185242929,-0.0214776676,0.999597728],"shapeName":"/levels/west_coast_usa/art/shapes/objects/guardrailpost.dae","useInstanceRenderData":true}
{"class":"TSStatic","__parent":"offRoadCircuit_rails","position":[338.653442,303.92276,119.460075],"isRenderEnabled":false,"rotationMatrix":[-0.455143332,-0.890405059,-0.00481885439,0.890383124,-0.455166817,0.00639582891,-0.00788826123,-0.00137960701,0.999967933],"shapeName":"/levels/west_coast_usa/art/shapes/objects/guardrailpost.dae","useInstanceRenderData":true}
{"class":"TSStatic","__parent":"offRoadCircuit_rails","position":[359.856354,341.015778,120.728172],"isRenderEnabled":false,"rotationMatrix":[-0.637187839,-0.769992054,-0.0332274102,0.770409524,-0.6375494,0.000374834053,-0.0214727316,-0.0253598727,0.999447763],"shapeName":"/levels/west_coast_usa/art/shapes/objects/guardrail1_white.dae","useInstanceRenderData":true}
{"class":"TSStatic","__parent":"offRoadCircuit_rails","position":[328.415131,283.525452,119.964951],"isRenderEnabled":false,"rotationMatrix":[0.00785541534,-0.999968171,-0.00145196449,0.999939084,0.00784391165,0.00777810207,-0.00776646473,-0.00151297683,0.999968708],"shapeName":"/levels/west_coast_usa/art/shapes/objects/guardrail2_red.dae","useInstanceRenderData":true}
{"class":"TSStatic","__parent":"offRoadCircuit_rails","position":[350.963318,329.03952,119.641579],"isRenderEnabled":false,"rotationMatrix":[-0.538610578,-0.842285097,-0.0213265792,0.842424572,-0.53880012,0.00396199059,-0.0148278838,-0.0158320628,0.99976474],"shapeName":"/levels/west_coast_usa/art/shapes/objects/guardrailpost.dae","useInstanceRenderData":true}
{"class":"TSStatic","__parent":"offRoadCircuit_rails","position":[336.826721,300.389832,119.432457],"isRenderEnabled":false,"rotationMatrix":[-0.466010094,-0.884731233,-0.00925053749,0.884724081,-0.46607244,0.00632479042,-0.00990715902,-0.00523675792,0.999937236],"shapeName":"/levels/west_coast_usa/art/shapes/objects/guardrailpost.dae","useInstanceRenderData":true}
{"class":"TSStatic","__parent":"offRoadCircuit_rails","position":[354.878448,334.841614,120.474419],"isRenderEnabled":false,"rotationMatrix":[-0.598935485,-0.80024004,-0.0298792869,0.800561786,-0.599247694,0.00191188417,-0.0194350481,-0.0227751154,0.999551713],"shapeName":"/levels/west_coast_usa/art/shapes/objects/guardrail1_white.dae","useInstanceRenderData":true}
{"class":"TSStatic","__parent":"offRoadCircuit_rails","position":[348.908386,325.606415,119.556549],"isRenderEnabled":false,"rotationMatrix":[-0.47049284,-0.882215738,-0.0182055961,0.882300377,-0.470653176,0.00558256591,-0.0134935537,-0.0134362504,0.999818683],"shapeName":"/levels/west_coast_usa/art/shapes/objects/guardrailpost.dae","useInstanceRenderData":true}
{"class":"TSStatic","__parent":"offRoadCircuit_rails","position":[334.938904,296.867828,119.389732],"isRenderEnabled":false,"rotationMatrix":[-0.482803106,-0.875661731,-0.0108675715,0.87566483,-0.48288095,0.00613413891,-0.010619171,-0.00655476796,0.999922156],"shapeName":"/levels/west_coast_usa/art/shapes/objects/guardrailpost.dae","useInstanceRenderData":true}
{"class":"TSStatic","__parent":"offRoadCircuit_rails","position":[347.043274,322.059631,119.492599],"isRenderEnabled":false,"rotationMatrix":[-0.424721718,-0.905306399,-0.00561467092,0.905287445,-0.424751997,0.0063298326,-0.00811528228,-0.00239447295,0.999964178],"shapeName":"/levels/west_coast_usa/art/shapes/objects/guardrailpost.dae","useInstanceRenderData":true}
{"class":"TSStatic","__parent":"offRoadCircuit_rails","position":[332.978271,293.355865,119.354073],"isRenderEnabled":false,"rotationMatrix":[-0.495780468,-0.868442893,-0.0030248072,0.868422151,-0.495789528,0.00600448623,-0.00671422016,0.000350096496,0.99997741],"shapeName":"/levels/west_coast_usa/art/shapes/objects/guardrailpost.dae","useInstanceRenderData":true}
{"class":"TSStatic","__parent":"offRoadCircuit_rails","position":[345.319885,318.413971,119.469795],"isRenderEnabled":false,"rotationMatrix":[-0.411400676,-0.911453664,-0.00117512932,0.911432445,-0.411399364,0.00641167536,-0.00632739346,0.0015667174,0.999978781],"shapeName":"/levels/west_coast_usa/art/shapes/objects/guardrailpost.dae","useInstanceRenderData":true}
{"class":"TSStatic","__parent":"offRoadCircuit_rails","position":[331.000641,289.889465,119.344368],"isRenderEnabled":false,"rotationMatrix":[-0.504897475,-0.863177478,-0.00193428854,0.863157809,-0.504899383,0.00598446699,-0.0061422768,0.00135194464,0.999980211],"shapeName":"/levels/west_coast_usa/art/shapes/objects/guardrailpost.dae","useInstanceRenderData":true}
{"class":"TSStatic","__parent":"offRoadCircuit_rails","position":[343.687988,314.800476,119.465134],"isRenderEnabled":false,"rotationMatrix":[-0.403864861,-0.914817989,-0.00112217595,0.91479677,-0.40386343,0.0064211553,-0.00632739346,0.00156671577,0.999978781],"shapeName":"/levels/west_coast_usa/art/shapes/objects/guardrailpost.dae","useInstanceRenderData":true}
{"class":"TSStatic","__parent":"offRoadCircuit_rails","position":[362.402588,344.084717,121.166893],"isRenderEnabled":false,"rotationMatrix":[-0.641885757,-0.766352594,-0.0261877831,0.766611755,-0.642110348,0.000219351612,-0.0169835556,-0.0199350677,0.999657035],"shapeName":"/levels/west_coast_usa/art/shapes/objects/guardrail1_white.dae","useInstanceRenderData":true}
{"class":"TSStatic","__parent":"offRoadCircuit_rails","position":[329.021393,286.439606,119.330322],"isRenderEnabled":false,"rotationMatrix":[-0.251215577,-0.967924833,-0.00341561111,0.96789968,-0.251234293,0.00713727204,-0.00776646333,-0.00151297403,0.999968708],"shapeName":"/levels/west_coast_usa/art/shapes/objects/guardrailpost.dae","useInstanceRenderData":true}
{"class":"TSStatic","__parent":"offRoadCircuit_rails","position":[341.508942,310.304352,120.420807],"isRenderEnabled":false,"rotationMatrix":[-0.421243906,-0.906947136,4.77179419e-05,0.906928658,-0.421235085,0.00639858749,-0.00578308105,0.00273864437,0.999979556],"shapeName":"/levels/west_coast_usa/art/shapes/objects/guardrail1_white.dae","useInstanceRenderData":true}
{"class":"TSStatic","__parent":"offRoadCircuit_rails","position":[359.852386,341.0112,121.045456],"isRenderEnabled":false,"rotationMatrix":[-0.637187839,-0.769992054,-0.0332274102,0.770409524,-0.6375494,0.000374834053,-0.0214727316,-0.0253598727,0.999447763],"shapeName":"/levels/west_coast_usa/art/shapes/objects/guardrail1_white.dae","useInstanceRenderData":true}
{"class":"TSStatic","__parent":"offRoadCircuit_rails","position":[367.385284,348.963806,120.345131],"isRenderEnabled":false,"rotationMatrix":[-0.82509923,-0.564688802,-0.0183704048,0.56485188,-0.825177431,-0.00492233504,-0.0123792589,-0.0144379744,0.99981916],"shapeName":"/levels/west_coast_usa/art/shapes/objects/guardrailpost.dae","useInstanceRenderData":true}
{"class":"TSStatic","__parent":"offRoadCircuit_rails","position":[339.835999,306.679871,120.421051],"isRenderEnabled":false,"rotationMatrix":[-0.422346711,-0.906434476,3.99353448e-05,0.906415999,-0.42233789,0.00639864197,-0.00578308292,0.00273864297,0.999979556],"shapeName":"/levels/west_coast_usa/art/shapes/objects/guardrail1_white.dae","useInstanceRenderData":true}
{"class":"TSStatic","__parent":"offRoadCircuit_rails","position":[357.327393,337.954468,120.913643],"isRenderEnabled":false,"rotationMatrix":[-0.634143233,-0.772500992,-0.0332256667,0.772917032,-0.634506464,0.000505913049,-0.0214727279,-0.0253598653,0.999447763],"shapeName":"/levels/west_coast_usa/art/shapes/objects/guardrail1_white.dae","useInstanceRenderData":true}
{"class":"TSStatic","__parent":"offRoadCircuit_rails","position":[368.238525,349.383514,121.322945],"isRenderEnabled":false,"rotationMatrix":[-0.946025848,-0.323677003,-0.0163873043,0.323855042,-0.946057677,-0.00965181645,-0.0123792617,-0.0144379782,0.99981916],"shapeName":"/levels/west_coast_usa/art/shapes/objects/guardrail2_white.dae","useInstanceRenderData":true}
{"class":"TSStatic","__parent":"offRoadCircuit_rails","position":[352.527283,331.604034,120.673851],"isRenderEnabled":false,"rotationMatrix":[-0.574312925,-0.81814909,-0.0282220319,0.818426132,-0.57460463,0.00282073021,-0.0185242929,-0.0214776676,0.999597728],"shapeName":"/levels/west_coast_usa/art/shapes/objects/guardrail1_white.dae","useInstanceRenderData":true}
{"class":"TSStatic","__parent":"offRoadCircuit_rails","position":[338.079498,303.091492,120.415466],"isRenderEnabled":false,"rotationMatrix":[-0.455143332,-0.890405059,-0.00481885439,0.890383124,-0.455166817,0.00639582891,-0.00788826123,-0.00137960701,0.999967933],"shapeName":"/levels/west_coast_usa/art/shapes/objects/guardrail1_white.dae","useInstanceRenderData":true}
{"class":"TSStatic","__parent":"offRoadCircuit_rails","position":[354.874481,334.837036,120.791702],"isRenderEnabled":false,"rotationMatrix":[-0.598935485,-0.80024004,-0.0298792869,0.800561786,-0.599247694,0.00191188417,-0.0194350481,-0.0227751154,0.999551713],"shapeName":"/levels/west_coast_usa/art/shapes/objects/guardrail1_white.dae","useInstanceRenderData":true}
{"class":"TSStatic","__parent":"offRoadCircuit_rails","position":[361.121429,342.544586,120.791603],"isRenderEnabled":false,"rotationMatrix":[-0.637234211,-0.770047128,-0.0309746023,0.770409286,-0.637549043,0.000374831259,-0.0200364757,-0.0236242693,0.999520123],"shapeName":"/levels/west_coast_usa/art/shapes/objects/guardrail1_red.dae","useInstanceRenderData":true}
{"class":"TSStatic","__parent":"offRoadCircuit_rails","position":[350.305573,328.252899,120.580612],"isRenderEnabled":false,"rotationMatrix":[-0.538610578,-0.842285097,-0.0213265792,0.842424572,-0.53880012,0.00396199059,-0.0148278838,-0.0158320628,0.99976474],"shapeName":"/levels/west_coast_usa/art/shapes/objects/guardrail1_white.dae","useInstanceRenderData":true}
{"class":"TSStatic","__parent":"offRoadCircuit_rails","position":[336.240753,299.56189,120.383408],"isRenderEnabled":false,"rotationMatrix":[-0.466010094,-0.884731233,-0.00925053749,0.884724081,-0.46607244,0.00632479042,-0.00990715902,-0.00523675792,0.999937236],"shapeName":"/levels/west_coast_usa/art/shapes/objects/guardrail1_white.dae","useInstanceRenderData":true}
{"class":"TSStatic","__parent":"offRoadCircuit_rails","position":[356.083923,336.407867,120.533539],"isRenderEnabled":false,"rotationMatrix":[-0.618824124,-0.784959674,-0.0299178343,0.785289168,-0.619128227,0.0011619376,-0.0194350462,-0.0227751136,0.999551713],"shapeName":"/levels/west_coast_usa/art/shapes/objects/guardrail1_red.dae","useInstanceRenderData":true}
{"class":"TSStatic","__parent":"offRoadCircuit_rails","position":[348.314789,324.773682,120.498543],"isRenderEnabled":false,"rotationMatrix":[-0.47049284,-0.882215738,-0.0182055961,0.882300377,-0.470653176,0.00558256591,-0.0134935537,-0.0134362504,0.999818683],"shapeName":"/levels/west_coast_usa/art/shapes/objects/guardrail1_white.dae","useInstanceRenderData":true}
{"class":"TSStatic","__parent":"offRoadCircuit_rails","position":[334.33667,296.049774,120.339081],"isRenderEnabled":false,"rotationMatrix":[-0.482803106,-0.875661731,-0.0108675715,0.87566483,-0.48288095,0.00613413891,-0.010619171,-0.00655476796,0.999922156],"shapeName":"/levels/west_coast_usa/art/shapes/objects/guardrail1_white.dae","useInstanceRenderData":true}
{"class":"TSStatic","__parent":"offRoadCircuit_rails","position":[351.391663,329.931244,120.305878],"isRenderEnabled":false,"rotationMatrix":[-0.54765892,-0.836428583,-0.0213680416,0.836570084,-0.547846913,0.00373189338,-0.014827881,-0.0158320609,0.99976474],"shapeName":"/levels/west_coast_usa/art/shapes/objects/guardrail2_red.dae","useInstanceRenderData":true}
{"class":"TSStatic","__parent":"offRoadCircuit_rails","position":[346.497559,321.208679,120.447197],"isRenderEnabled":false,"rotationMatrix":[-0.424721718,-0.905306399,-0.00561467092,0.905287445,-0.424751997,0.0063298326,-0.00811528228,-0.00239447295,0.999964178],"shapeName":"/levels/west_coast_usa/art/shapes/objects/guardrail2_white.dae","useInstanceRenderData":true}
{"class":"TSStatic","__parent":"offRoadCircuit_rails","position":[332.367737,292.553253,120.31131],"isRenderEnabled":false,"rotationMatrix":[-0.495780468,-0.868442893,-0.0030248072,0.868422151,-0.495789528,0.00600448623,-0.00671422016,0.000350096496,0.99997741],"shapeName":"/levels/west_coast_usa/art/shapes/objects/guardrail1_white.dae","useInstanceRenderData":true}
{"class":"TSStatic","__parent":"offRoadCircuit_rails","position":[347.394318,323.020966,120.149452],"isRenderEnabled":false,"rotationMatrix":[-0.459925175,-0.887853622,-0.0135672363,0.887884259,-0.460029721,0.00580068771,-0.0113914991,-0.00937825255,0.999891162],"shapeName":"/levels/west_coast_usa/art/shapes/objects/guardrail2_red.dae","useInstanceRenderData":true}
{"class":"TSStatic","__parent":"offRoadCircuit_rails","position":[344.788391,317.55899,120.428825],"isRenderEnabled":false,"rotationMatrix":[-0.411400676,-0.911453664,-0.00117512932,0.911432445,-0.411399364,0.00641167536,-0.00632739346,0.0015667174,0.999978781],"shapeName":"/levels/west_coast_usa/art/shapes/objects/guardrail2_white.dae","useInstanceRenderData":true}
{"class":"TSStatic","__parent":"offRoadCircuit_rails","position":[330.382202,289.094208,120.302704],"isRenderEnabled":false,"rotationMatrix":[-0.504897475,-0.863177478,-0.00193428854,0.863157809,-0.504899383,0.00598446699,-0.0061422768,0.00135194464,0.999980211],"shapeName":"/levels/west_coast_usa/art/shapes/objects/guardrail2_white.dae","useInstanceRenderData":true}
{"class":"TSStatic","__parent":"offRoadCircuit_rails","position":[343.974579,315.751862,120.109207],"isRenderEnabled":false,"rotationMatrix":[-0.411400676,-0.911453664,-0.00117512932,0.911432445,-0.411399364,0.00641167536,-0.00632739346,0.0015667174,0.999978781],"shapeName":"/levels/west_coast_usa/art/shapes/objects/guardrail2_red.dae","useInstanceRenderData":true}
{"class":"TSStatic","__parent":"offRoadCircuit_rails","position":[343.163605,313.941193,120.424217],"isRenderEnabled":false,"rotationMatrix":[-0.403864861,-0.914817989,-0.00112217595,0.91479677,-0.40386343,0.0064211553,-0.00632739346,0.00156671577,0.999978781],"shapeName":"/levels/west_coast_usa/art/shapes/objects/guardrail2_white.dae","useInstanceRenderData":true}
{"class":"TSStatic","__parent":"offRoadCircuit_rails","position":[364.430634,346.308624,120.270203],"isRenderEnabled":false,"rotationMatrix":[-0.641991615,-0.766476154,-0.0190171842,0.766612053,-0.642110944,0.000219350681,-0.0123792645,-0.01443798,0.99981916],"shapeName":"/levels/west_coast_usa/art/shapes/objects/guardrailpost.dae","useInstanceRenderData":true}
{"class":"TSStatic","__parent":"offRoadCircuit_rails","position":[328.641022,285.505035,120.287025],"isRenderEnabled":false,"rotationMatrix":[-0.251215577,-0.967924833,-0.00341561111,0.96789968,-0.251234293,0.00713727204,-0.00776646333,-0.00151297403,0.999968708],"shapeName":"/levels/west_coast_usa/art/shapes/objects/guardrail2_white.dae","useInstanceRenderData":true}
{"class":"TSStatic","__parent":"offRoadCircuit_rails","position":[340.67276,308.48761,120.103653],"isRenderEnabled":false,"rotationMatrix":[-0.416086912,-0.909324825,8.40534922e-05,0.909306467,-0.416077852,0.00639821403,-0.00578308199,0.00273864367,0.999979556],"shapeName":"/levels/west_coast_usa/art/shapes/objects/guardrail1_red.dae","useInstanceRenderData":true}
{"class":"TSStatic","__parent":"offRoadCircuit_rails","position":[342.884552,312.977356,119.462898],"isRenderEnabled":false,"rotationMatrix":[-0.41605866,-0.909337044,-0.00120792026,0.909315825,-0.416057467,0.00640557893,-0.00632739393,0.00156671484,0.999978781],"shapeName":"/levels/west_coast_usa/art/shapes/objects/guardrailpost.dae","useInstanceRenderData":true}
{"class":"TSStatic","__parent":"offRoadCircuit_rails","position":[361.869385,343.249664,120.179253],"isRenderEnabled":false,"rotationMatrix":[-0.637234211,-0.770047128,-0.0309746023,0.770409286,-0.637549043,0.000374831259,-0.0200364757,-0.0236242693,0.999520123],"shapeName":"/levels/west_coast_usa/art/shapes/objects/guardrailpost.dae","useInstanceRenderData":true}
{"class":"TSStatic","__parent":"offRoadCircuit_rails","position":[328.552887,282.535706,119.32077],"isRenderEnabled":false,"rotationMatrix":[0.00785541534,-0.999968171,-0.00145196449,0.999939084,0.00784391165,0.00777810207,-0.00776646473,-0.00151297683,0.999968708],"shapeName":"/levels/west_coast_usa/art/shapes/objects/guardrailpost.dae","useInstanceRenderData":true}
{"class":"TSStatic","__parent":"offRoadCircuit_rails","position":[337.166718,301.322266,120.084442],"isRenderEnabled":false,"rotationMatrix":[-0.463702083,-0.885942876,-0.00923401862,0.885935605,-0.463764429,0.0063488828,-0.00990715995,-0.00523675513,0.999937236],"shapeName":"/levels/west_coast_usa/art/shapes/objects/guardrail1_red.dae","useInstanceRenderData":true}
{"class":"TSStatic","__parent":"offRoadCircuit_rails","position":[341.204132,309.334167,119.460648],"isRenderEnabled":false,"rotationMatrix":[-0.416086912,-0.909324825,8.40534922e-05,0.909306467,-0.416077852,0.00639821403,-0.00578308199,0.00273864367,0.999979556],"shapeName":"/levels/west_coast_usa/art/shapes/objects/guardrailpost.dae","useInstanceRenderData":true}
{"class":"TSStatic","__parent":"offRoadCircuit_rails","position":[359.345001,340.199005,120.052399],"isRenderEnabled":false,"rotationMatrix":[-0.637187839,-0.769992054,-0.0332274102,0.770409524,-0.6375494,0.000374834053,-0.0214727316,-0.0253598727,0.999447763],"shapeName":"/levels/west_coast_usa/art/shapes/objects/guardrailpost.dae","useInstanceRenderData":true}
{"class":"TSStatic","__parent":"offRoadCircuit_rails","position":[369.234375,349.600342,120.37722],"isRenderEnabled":false,"rotationMatrix":[-0.946025848,-0.323677003,-0.0163873043,0.323855042,-0.946057677,-0.00965181645,-0.0123792617,-0.0144379782,0.99981916],"shapeName":"/levels/west_coast_usa/art/shapes/objects/guardrailpost.dae","useInstanceRenderData":true}
{"class":"TSStatic","__parent":"offRoadCircuit_rails","position":[333.363068,294.302856,120.003944],"isRenderEnabled":false,"rotationMatrix":[-0.492257237,-0.870423675,-0.0067470232,0.870407701,-0.492294788,0.00601659575,-0.00855851173,-0.00291094882,0.999959111],"shapeName":"/levels/west_coast_usa/art/shapes/objects/guardrail1_red.dae","useInstanceRenderData":true}
{"class":"TSStatic","__parent":"offRoadCircuit_rails","position":[354.396423,333.985077,119.801552],"isRenderEnabled":false,"rotationMatrix":[-0.586986423,-0.809046268,-0.0298476089,0.809363365,-0.5873034,0.0023551695,-0.0194350462,-0.022775108,0.999551713],"shapeName":"/levels/west_coast_usa/art/shapes/objects/guardrailpost.dae","useInstanceRenderData":true}
{"class":"TSStatic","__parent":"offRoadCircuit_rails","position":[356.81485,337.129303,119.920212],"isRenderEnabled":false,"rotationMatrix":[-0.618824124,-0.784959674,-0.0299178343,0.785289168,-0.619128227,0.0011619376,-0.0194350462,-0.0227751136,0.999551713],"shapeName":"/levels/west_coast_usa/art/shapes/objects/guardrailpost.dae","useInstanceRenderData":true}
{"class":"TSStatic","__parent":"offRoadCircuit_rails","position":[362.406555,344.089294,120.849609],"isRenderEnabled":false,"rotationMatrix":[-0.641885757,-0.766352594,-0.0261877831,0.766611755,-0.642110348,0.000219351612,-0.0169835556,-0.0199350677,0.999657035],"shapeName":"/levels/west_coast_usa/art/shapes/objects/guardrail1_white.dae","useInstanceRenderData":true}
{"class":"TSStatic","__parent":"offRoadCircuit_rails","position":[329.384888,287.359741,119.978279],"isRenderEnabled":false,"rotationMatrix":[-0.493166804,-0.869919538,-0.00514648994,0.869900107,-0.493191361,0.00601005182,-0.00776646519,-0.00151297427,0.999968708],"shapeName":"/levels/west_coast_usa/art/shapes/objects/guardrail2_red.dae","useInstanceRenderData":true}
{"class":"TSStatic","__parent":"offRoadCircuit_rails","position":[352.053711,330.706329,119.684143],"isRenderEnabled":false,"rotationMatrix":[-0.54765892,-0.836428583,-0.0213680416,0.836570084,-0.547846913,0.00373189338,-0.014827881,-0.0158320609,0.99976474],"shapeName":"/levels/west_coast_usa/art/shapes/objects/guardrailpost.dae","useInstanceRenderData":true}
{"class":"TSStatic","__parent":"offRoadCircuit_rails","position":[337.746582,302.147125,119.450768],"isRenderEnabled":false,"rotationMatrix":[-0.463702083,-0.885942876,-0.00923401862,0.885935605,-0.463764429,0.0063488828,-0.00990715995,-0.00523675513,0.999937236],"shapeName":"/levels/west_coast_usa/art/shapes/objects/guardrailpost.dae","useInstanceRenderData":true}
{"class":"TSStatic","__parent":"offRoadCircuit_rails","position":[357.33136,337.959045,120.596359],"isRenderEnabled":false,"rotationMatrix":[-0.634143233,-0.772500992,-0.0332256667,0.772917032,-0.634506464,0.000505913049,-0.0214727279,-0.0253598653,0.999447763],"shapeName":"/levels/west_coast_usa/art/shapes/objects/guardrail1_white.dae","useInstanceRenderData":true}
{"class":"TSStatic","__parent":"offRoadCircuit_rails","position":[368.242493,349.388092,121.005661],"isRenderEnabled":false,"rotationMatrix":[-0.946025848,-0.323677003,-0.0163873043,0.323855042,-0.946057677,-0.00965181645,-0.0123792617,-0.0144379782,0.99981916],"shapeName":"/levels/west_coast_usa/art/shapes/objects/guardrail2_white.dae","useInstanceRenderData":true}
{"class":"TSStatic","__parent":"offRoadCircuit_rails","position":[349.881958,327.351715,119.598808],"isRenderEnabled":false,"rotationMatrix":[-0.486454725,-0.873452008,-0.0210465975,0.873579681,-0.486652374,0.00524986302,-0.0148278857,-0.0158320591,0.99976474],"shapeName":"/levels/west_coast_usa/art/shapes/objects/guardrailpost.dae","useInstanceRenderData":true}
{"class":"TSStatic","__parent":"offRoadCircuit_rails","position":[335.893738,298.618652,119.413918],"isRenderEnabled":false,"rotationMatrix":[-0.478746653,-0.877869427,-0.0121307075,0.877881229,-0.478838682,0.00619013328,-0.011242779,-0.00768581498,0.999907255],"shapeName":"/levels/west_coast_usa/art/shapes/objects/guardrailpost.dae","useInstanceRenderData":true}
{"class":"TSStatic","__parent":"offRoadCircuit_rails","position":[352.53125,331.608612,120.356567],"isRenderEnabled":false,"rotationMatrix":[-0.574312925,-0.81814909,-0.0282220319,0.818426132,-0.57460463,0.00282073021,-0.0185242929,-0.0214776676,0.999597728],"shapeName":"/levels/west_coast_usa/art/shapes/objects/guardrail1_white.dae","useInstanceRenderData":true}
{"class":"TSStatic","__parent":"offRoadCircuit_rails","position":[347.972107,323.852203,119.520073],"isRenderEnabled":false,"rotationMatrix":[-0.459925175,-0.887853622,-0.0135672363,0.887884259,-0.460029721,0.00580068771,-0.0113914991,-0.00937825255,0.999891162],"shapeName":"/levels/west_coast_usa/art/shapes/objects/guardrailpost.dae","useInstanceRenderData":true}
{"class":"TSStatic","__parent":"offRoadCircuit_rails","position":[333.96814,295.106415,119.367722],"isRenderEnabled":false,"rotationMatrix":[-0.492257237,-0.870423675,-0.0067470232,0.870407701,-0.492294788,0.00601659575,-0.00855851173,-0.00291094882,0.999959111],"shapeName":"/levels/west_coast_usa/art/shapes/objects/guardrailpost.dae","useInstanceRenderData":true}
{"class":"TSStatic","__parent":"offRoadCircuit_rails","position":[346.178741,320.218384,119.481171],"isRenderEnabled":false,"rotationMatrix":[-0.429622769,-0.902990878,-0.00564889982,0.902972043,-0.429653287,0.00629930291,-0.00811528042,-0.00239447504,0.999964178],"shapeName":"/levels/west_coast_usa/art/shapes/objects/guardrailpost.dae","useInstanceRenderData":true}
{"class":"TSStatic","__parent":"offRoadCircuit_rails","position":[332.002167,291.646027,119.34816],"isRenderEnabled":false,"rotationMatrix":[-0.495788097,-0.868441463,-0.00187121984,0.868421793,-0.495789766,0.0060044853,-0.00614227634,0.0013519444,0.999980211],"shapeName":"/levels/west_coast_usa/art/shapes/objects/guardrailpost.dae","useInstanceRenderData":true}
{"class":"TSStatic","__parent":"offRoadCircuit_rails","position":[344.502106,316.602264,119.467461],"isRenderEnabled":false,"rotationMatrix":[-0.411400676,-0.911453664,-0.00117512932,0.911432445,-0.411399364,0.00641167536,-0.00632739346,0.0015667174,0.999978781],"shapeName":"/levels/west_coast_usa/art/shapes/objects/guardrailpost.dae","useInstanceRenderData":true}
{"class":"TSStatic","__parent":"offRoadCircuit_rails","position":[363.681793,345.611938,121.212059],"isRenderEnabled":false,"rotationMatrix":[-0.641991615,-0.766476154,-0.0190171842,0.766612053,-0.642110944,0.000219350681,-0.0123792645,-0.01443798,0.99981916],"shapeName":"/levels/west_coast_usa/art/shapes/objects/guardrail1_red.dae","useInstanceRenderData":true}
{"class":"TSStatic","__parent":"offRoadCircuit_rails","position":[329.990082,288.161407,119.340446],"isRenderEnabled":false,"rotationMatrix":[-0.493166804,-0.869919538,-0.00514648994,0.869900107,-0.493191361,0.00601005182,-0.00776646519,-0.00151297427,0.999968708],"shapeName":"/levels/west_coast_usa/art/shapes/objects/guardrailpost.dae","useInstanceRenderData":true}
{"class":"TSStatic","__parent":"offRoadCircuit_rails","position":[342.348724,312.125061,120.421898],"isRenderEnabled":false,"rotationMatrix":[-0.41605866,-0.909337044,-0.00120792026,0.909315825,-0.416057467,0.00640557893,-0.00632739393,0.00156671484,0.999978781],"shapeName":"/levels/west_coast_usa/art/shapes/objects/guardrail1_red.dae","useInstanceRenderData":true}
{"class":"TSStatic","__parent":"offRoadCircuit_rails","position":[361.117462,342.540009,121.108887],"isRenderEnabled":false,"rotationMatrix":[-0.637234211,-0.770047128,-0.0309746023,0.770409286,-0.637549043,0.000374831259,-0.0200364757,-0.0236242693,0.999520123],"shapeName":"/levels/west_coast_usa/art/shapes/objects/guardrail1_red.dae","useInstanceRenderData":true}
{"class":"TSStatic","__parent":"offRoadCircuit_rails","position":[328.537323,284.520172,119.323654],"isRenderEnabled":false,"rotationMatrix":[0.00785541534,-0.999968171,-0.00145196449,0.999939084,0.00784391165,0.00777810207,-0.00776646473,-0.00151297683,0.999968708],"shapeName":"/levels/west_coast_usa/art/shapes/objects/guardrailpost.dae","useInstanceRenderData":true}
{"class":"TSStatic","__parent":"offRoadCircuit_rails","position":[340.668793,308.483032,120.420937],"isRenderEnabled":false,"rotationMatrix":[-0.416086912,-0.909324825,8.40534922e-05,0.909306467,-0.416077852,0.00639821403,-0.00578308199,0.00273864367,0.999979556],"shapeName":"/levels/west_coast_usa/art/shapes/objects/guardrail1_red.dae","useInstanceRenderData":true}
{"class":"TSStatic","__parent":"offRoadCircuit_rails","position":[358.591736,339.487732,120.979713],"isRenderEnabled":false,"rotationMatrix":[-0.637187839,-0.769992054,-0.0332274102,0.770409524,-0.6375494,0.000374834053,-0.0214727316,-0.0253598727,0.999447763],"shapeName":"/levels/west_coast_usa/art/shapes/objects/guardrail1_red.dae","useInstanceRenderData":true}
{"class":"TSStatic","__parent":"offRoadCircuit_rails","position":[353.690216,333.231018,120.732086],"isRenderEnabled":false,"rotationMatrix":[-0.586986423,-0.809046268,-0.0298476089,0.809363365,-0.5873034,0.0023551695,-0.0194350462,-0.022775108,0.999551713],"shapeName":"/levels/west_coast_usa/art/shapes/objects/guardrail1_red.dae","useInstanceRenderData":true}
{"class":"TSStatic","__parent":"offRoadCircuit_rails","position":[338.973999,304.87381,120.421013],"isRenderEnabled":false,"rotationMatrix":[-0.439790606,-0.898100197,-8.37713014e-05,0.898081601,-0.439782023,0.00639821775,-0.00578308199,0.00273864344,0.999979556],"shapeName":"/levels/west_coast_usa/art/shapes/objects/guardrail1_red.dae","useInstanceRenderData":true}
{"class":"TSStatic","__parent":"offRoadCircuit_rails","position":[356.079956,336.40329,120.850822],"isRenderEnabled":false,"rotationMatrix":[-0.618824124,-0.784959674,-0.0299178343,0.785289168,-0.619128227,0.0011619376,-0.0194350462,-0.0227751136,0.999551713],"shapeName":"/levels/west_coast_usa/art/shapes/objects/guardrail1_red.dae","useInstanceRenderData":true}
{"class":"TSStatic","__parent":"offRoadCircuit_rails","position":[363.68576,345.616516,120.894775],"isRenderEnabled":false,"rotationMatrix":[-0.641991615,-0.766476154,-0.0190171842,0.766612053,-0.642110944,0.000219350681,-0.0123792645,-0.01443798,0.99981916],"shapeName":"/levels/west_coast_usa/art/shapes/objects/guardrail1_red.dae","useInstanceRenderData":true}
{"class":"TSStatic","__parent":"offRoadCircuit_rails","position":[366.483429,348.496002,120.971001],"isRenderEnabled":false,"rotationMatrix":[-0.82509923,-0.564688802,-0.0183704048,0.56485188,-0.825177431,-0.00492233504,-0.0123792589,-0.0144379744,0.99981916],"shapeName":"/levels/west_coast_usa/art/shapes/objects/guardrail2_red.dae","useInstanceRenderData":true}
{"class":"TSStatic","__parent":"offRoadCircuit_rails","position":[351.387695,329.926666,120.623161],"isRenderEnabled":false,"rotationMatrix":[-0.54765892,-0.836428583,-0.0213680416,0.836570084,-0.547846913,0.00373189338,-0.014827881,-0.0158320609,0.99976474],"shapeName":"/levels/west_coast_usa/art/shapes/objects/guardrail2_red.dae","useInstanceRenderData":true}
{"class":"TSStatic","__parent":"offRoadCircuit_rails","position":[328.644989,285.509613,119.969742],"isRenderEnabled":false,"rotationMatrix":[-0.251215577,-0.967924833,-0.00341561111,0.96789968,-0.251234293,0.00713727204,-0.00776646333,-0.00151297403,0.999968708],"shapeName":"/levels/west_coast_usa/art/shapes/objects/guardrail2_white.dae","useInstanceRenderData":true}
{"class":"TSStatic","__parent":"offRoadCircuit_rails","position":[337.16275,301.317688,120.401726],"isRenderEnabled":false,"rotationMatrix":[-0.463702083,-0.885942876,-0.00923401862,0.885935605,-0.463764429,0.0063488828,-0.00990715995,-0.00523675513,0.999937236],"shapeName":"/levels/west_coast_usa/art/shapes/objects/guardrail1_red.dae","useInstanceRenderData":true}
{"class":"TSStatic","__parent":"offRoadCircuit_rails","position":[330.386169,289.098785,119.98542],"isRenderEnabled":false,"rotationMatrix":[-0.504897475,-0.863177478,-0.00193428854,0.863157809,-0.504899383,0.00598446699,-0.0061422768,0.00135194464,0.999980211],"shapeName":"/levels/west_coast_usa/art/shapes/objects/guardrail2_white.dae","useInstanceRenderData":true}
{"class":"TSStatic","__parent":"offRoadCircuit_rails","position":[358.595703,339.49231,120.66243],"isRenderEnabled":false,"rotationMatrix":[-0.637187839,-0.769992054,-0.0332274102,0.770409524,-0.6375494,0.000374834053,-0.0214727316,-0.0253598727,0.999447763],"shapeName":"/levels/west_coast_usa/art/shapes/objects/guardrail1_red.dae","useInstanceRenderData":true}
{"class":"TSStatic","__parent":"offRoadCircuit_rails","position":[332.371704,292.557831,119.994026],"isRenderEnabled":false,"rotationMatrix":[-0.495780468,-0.868442893,-0.0030248072,0.868422151,-0.495789528,0.00600448623,-0.00671422016,0.000350096496,0.99997741],"shapeName":"/levels/west_coast_usa/art/shapes/objects/guardrail1_white.dae","useInstanceRenderData":true}
