{"name":"PointLight_55","class":"PointLight","__parent":"night_light_shadow","position":[918.515686,-485.908051,167.003693],"castShadows":true,"isEnabled":false,"rotationMatrix":[0.940909803,-0.338657349,-1.13686838e-13,-0.338657349,-0.940910339,-9.86655596e-06,3.34138031e-06,9.28353893e-06,-1.00000048],"shadowDarkenColor":[0,0,0,0]}
{"name":"SpotLight_120","class":"SpotLight","__parent":"night_light_shadow","position":[918.574646,-485.92514,167.003677],"brightness":2,"castShadows":true,"innerAngle":20,"isEnabled":false,"outerAngle":90,"rotationMatrix":[0.98967284,-0.143344492,-1.71363354e-07,-1.56462193e-07,-1.1920929e-07,-1.00000024,0.143344492,0.989673138,-1.1920929e-07],"shadowDarkenColor":[0,0,0,0]}
{"name":"SpotLight_129","class":"SpotLight","__parent":"night_light_shadow","position":[927.165039,-483.648407,167.003677],"brightness":2,"castShadows":true,"innerAngle":20,"isEnabled":false,"outerAngle":90,"rotationMatrix":[0.98967284,-0.143344492,-1.71363354e-07,-1.56462193e-07,-1.1920929e-07,-1.00000024,0.143344492,0.989673138,-1.1920929e-07],"shadowDarkenColor":[0,0,0,0]}
{"name":"PointLight_65","class":"PointLight","__parent":"night_light_shadow","position":[927.896057,-479.703461,167.003693],"castShadows":true,"isEnabled":false,"rotationMatrix":[0.940909803,-0.338657349,-1.13686838e-13,-0.338657349,-0.940910339,-9.86655596e-06,3.34138031e-06,9.28353893e-06,-1.00000048],"shadowDarkenColor":[0,0,0,0]}
{"name":"SpotLight_130","class":"SpotLight","__parent":"night_light_shadow","position":[927.955017,-479.720551,167.003677],"brightness":2,"castShadows":true,"innerAngle":20,"isEnabled":false,"outerAngle":90,"rotationMatrix":[0.98967284,-0.143344492,-1.71363354e-07,-1.56462193e-07,-1.1920929e-07,-1.00000024,0.143344492,0.989673138,-1.1920929e-07],"shadowDarkenColor":[0,0,0,0]}
{"name":"SpotLight_119","class":"SpotLight","__parent":"night_light_shadow","position":[914.065186,-489.002899,167.003677],"brightness":2,"castShadows":true,"innerAngle":20,"isEnabled":false,"outerAngle":90,"rotationMatrix":[0.98967284,-0.143344492,-1.71363354e-07,-1.56462193e-07,-1.1920929e-07,-1.00000024,0.143344492,0.989673138,-1.1920929e-07],"shadowDarkenColor":[0,0,0,0]}
{"name":"PointLight_54","class":"PointLight","__parent":"night_light_shadow","position":[917.867126,-489.847198,167.003693],"castShadows":true,"isEnabled":false,"rotationMatrix":[0.940909803,-0.338657349,-1.13686838e-13,-0.338657349,-0.940910339,-9.86655596e-06,3.34138031e-06,9.28353893e-06,-1.00000048],"shadowDarkenColor":[0,0,0,0]}
{"name":"SpotLight_134","class":"SpotLight","__parent":"night_light_shadow","position":[931.993286,-480.589874,167.003677],"brightness":2,"castShadows":true,"innerAngle":20,"isEnabled":false,"outerAngle":90,"rotationMatrix":[0.98967284,-0.143344492,-1.71363354e-07,-1.56462193e-07,-1.1920929e-07,-1.00000024,0.143344492,0.989673138,-1.1920929e-07],"shadowDarkenColor":[0,0,0,0]}
{"name":"SpotLight_135","class":"SpotLight","__parent":"night_light_shadow","position":[929.725037,-492.364319,167.003677],"brightness":2,"castShadows":true,"innerAngle":20,"isEnabled":false,"outerAngle":90,"rotationMatrix":[0.98967284,-0.143344492,-1.71363354e-07,-1.56462193e-07,-1.1920929e-07,-1.00000024,0.143344492,0.989673138,-1.1920929e-07],"shadowDarkenColor":[0,0,0,0]}
{"name":"PointLight_53","class":"PointLight","__parent":"night_light_shadow","position":[916.274475,-477.211365,167.003693],"castShadows":true,"isEnabled":false,"rotationMatrix":[0.940909803,-0.338657349,-1.13686838e-13,-0.338657349,-0.940910339,-9.86655596e-06,3.34138031e-06,9.28353893e-06,-1.00000048],"shadowDarkenColor":[0,0,0,0]}
{"name":"SpotLight_118","class":"SpotLight","__parent":"night_light_shadow","position":[916.333435,-477.228455,167.003677],"brightness":2,"castShadows":true,"innerAngle":20,"isEnabled":false,"outerAngle":90,"rotationMatrix":[0.98967284,-0.143344492,-1.71363354e-07,-1.56462193e-07,-1.1920929e-07,-1.00000024,0.143344492,0.989673138,-1.1920929e-07],"shadowDarkenColor":[0,0,0,0]}
{"name":"SpotLight_133","class":"SpotLight","__parent":"night_light_shadow","position":[931.203308,-484.517731,167.003677],"brightness":2,"castShadows":true,"innerAngle":20,"isEnabled":false,"outerAngle":90,"rotationMatrix":[0.98967284,-0.143344492,-1.71363354e-07,-1.56462193e-07,-1.1920929e-07,-1.00000024,0.143344492,0.989673138,-1.1920929e-07],"shadowDarkenColor":[0,0,0,0]}
{"name":"PointLight_69","class":"PointLight","__parent":"night_light_shadow","position":[931.934326,-480.572784,167.003693],"castShadows":true,"isEnabled":false,"rotationMatrix":[0.940909803,-0.338657349,-1.13686838e-13,-0.338657349,-0.940910339,-9.86655596e-06,3.34138031e-06,9.28353893e-06,-1.00000048],"shadowDarkenColor":[0,0,0,0]}
{"name":"PointLight_52","class":"PointLight","__parent":"night_light_shadow","position":[915.484497,-481.139221,167.003693],"castShadows":true,"isEnabled":false,"rotationMatrix":[0.940909803,-0.338657349,-1.13686838e-13,-0.338657349,-0.940910339,-9.86655596e-06,3.34138031e-06,9.28353893e-06,-1.00000048],"shadowDarkenColor":[0,0,0,0]}
{"name":"SpotLight_117","class":"SpotLight","__parent":"night_light_shadow","position":[915.543457,-481.156311,167.003677],"brightness":2,"castShadows":true,"innerAngle":20,"isEnabled":false,"outerAngle":90,"rotationMatrix":[0.98967284,-0.143344492,-1.71363354e-07,-1.56462193e-07,-1.1920929e-07,-1.00000024,0.143344492,0.989673138,-1.1920929e-07],"shadowDarkenColor":[0,0,0,0]}
{"name":"SpotLight_132","class":"SpotLight","__parent":"night_light_shadow","position":[930.373596,-488.425171,167.003677],"brightness":2,"castShadows":true,"innerAngle":20,"isEnabled":false,"outerAngle":90,"rotationMatrix":[0.98967284,-0.143344492,-1.71363354e-07,-1.56462193e-07,-1.1920929e-07,-1.00000024,0.143344492,0.989673138,-1.1920929e-07],"shadowDarkenColor":[0,0,0,0]}
{"name":"PointLight_68","class":"PointLight","__parent":"night_light_shadow","position":[931.144348,-484.500641,167.003693],"castShadows":true,"isEnabled":false,"rotationMatrix":[0.940909803,-0.338657349,-1.13686838e-13,-0.338657349,-0.940910339,-9.86655596e-06,3.34138031e-06,9.28353893e-06,-1.00000048],"shadowDarkenColor":[0,0,0,0]}
{"name":"PointLight_51","class":"PointLight","__parent":"night_light_shadow","position":[914.654785,-485.046661,167.003693],"castShadows":true,"isEnabled":false,"rotationMatrix":[0.940909803,-0.338657349,-1.13686838e-13,-0.338657349,-0.940910339,-9.86655596e-06,3.34138031e-06,9.28353893e-06,-1.00000048],"shadowDarkenColor":[0,0,0,0]}
{"name":"SpotLight_116","class":"SpotLight","__parent":"night_light_shadow","position":[914.713745,-485.063751,167.003677],"brightness":2,"castShadows":true,"innerAngle":20,"isEnabled":false,"outerAngle":90,"rotationMatrix":[0.98967284,-0.143344492,-1.71363354e-07,-1.56462193e-07,-1.1920929e-07,-1.00000024,0.143344492,0.989673138,-1.1920929e-07],"shadowDarkenColor":[0,0,0,0]}
{"name":"SpotLight_113","class":"SpotLight","__parent":"night_light_shadow","position":[910.787903,-484.18161,167.003677],"brightness":2,"castShadows":true,"innerAngle":20,"isEnabled":false,"outerAngle":90,"rotationMatrix":[0.98967284,-0.143344492,-1.71363354e-07,-1.56462193e-07,-1.1920929e-07,-1.00000024,0.143344492,0.989673138,-1.1920929e-07],"shadowDarkenColor":[0,0,0,0]}
{"name":"PointLight_48","class":"PointLight","__parent":"night_light_shadow","position":[911.558655,-480.25708,167.003693],"castShadows":true,"isEnabled":false,"rotationMatrix":[0.940909803,-0.338657349,-1.13686838e-13,-0.338657349,-0.940910339,-9.86655596e-06,3.34138031e-06,9.28353893e-06,-1.00000048],"shadowDarkenColor":[0,0,0,0]}
{"name":"SpotLight_114","class":"SpotLight","__parent":"night_light_shadow","position":[911.617615,-480.27417,167.003677],"brightness":2,"castShadows":true,"innerAngle":20,"isEnabled":false,"outerAngle":90,"rotationMatrix":[0.98967284,-0.143344492,-1.71363354e-07,-1.56462193e-07,-1.1920929e-07,-1.00000024,0.143344492,0.989673138,-1.1920929e-07],"shadowDarkenColor":[0,0,0,0]}
{"name":"PointLight_49","class":"PointLight","__parent":"night_light_shadow","position":[912.348633,-476.329224,167.003693],"castShadows":true,"isEnabled":false,"rotationMatrix":[0.940909803,-0.338657349,-1.13686838e-13,-0.338657349,-0.940910339,-9.86655596e-06,3.34138031e-06,9.28353893e-06,-1.00000048],"shadowDarkenColor":[0,0,0,0]}
{"name":"SpotLight_115","class":"SpotLight","__parent":"night_light_shadow","position":[912.407593,-476.346313,167.003677],"brightness":2,"castShadows":true,"innerAngle":20,"isEnabled":false,"outerAngle":90,"rotationMatrix":[0.98967284,-0.143344492,-1.71363354e-07,-1.56462193e-07,-1.1920929e-07,-1.00000024,0.143344492,0.989673138,-1.1920929e-07],"shadowDarkenColor":[0,0,0,0]}
{"name":"PointLight_50","class":"PointLight","__parent":"night_light_shadow","position":[914.006226,-488.985809,167.003693],"castShadows":true,"isEnabled":false,"rotationMatrix":[0.940909803,-0.338657349,-1.13686838e-13,-0.338657349,-0.940910339,-9.86655596e-06,3.34138031e-06,9.28353893e-06,-1.00000048],"shadowDarkenColor":[0,0,0,0]}
{"name":"PointLight_46","class":"PointLight","__parent":"night_light_shadow","position":[910.080383,-488.103668,167.003693],"castShadows":true,"isEnabled":false,"rotationMatrix":[0.940909803,-0.338657349,-1.13686838e-13,-0.338657349,-0.940910339,-9.86655596e-06,3.34138031e-06,9.28353893e-06,-1.00000048]}
{"name":"PointLight_47","class":"PointLight","__parent":"night_light_shadow","position":[910.728943,-484.16452,167.003693],"castShadows":true,"isEnabled":false,"rotationMatrix":[0.940909803,-0.338657349,-1.13686838e-13,-0.338657349,-0.940910339,-9.86655596e-06,3.34138031e-06,9.28353893e-06,-1.00000048],"shadowDarkenColor":[0,0,0,0]}
{"name":"SpotLight_131","class":"SpotLight","__parent":"night_light_shadow","position":[925.686768,-491.494995,167.003677],"brightness":2,"castShadows":true,"innerAngle":20,"isEnabled":false,"outerAngle":90,"rotationMatrix":[0.98967284,-0.143344492,-1.71363354e-07,-1.56462193e-07,-1.1920929e-07,-1.00000024,0.143344492,0.989673138,-1.1920929e-07],"shadowDarkenColor":[0,0,0,0]}
{"name":"PointLight_66","class":"PointLight","__parent":"night_light_shadow","position":[929.666077,-492.347229,167.003693],"castShadows":true,"isEnabled":false,"rotationMatrix":[0.940909803,-0.338657349,-1.13686838e-13,-0.338657349,-0.940910339,-9.86655596e-06,3.34138031e-06,9.28353893e-06,-1.00000048],"shadowDarkenColor":[0,0,0,0]}
{"name":"PointLight_67","class":"PointLight","__parent":"night_light_shadow","position":[930.314636,-488.408081,167.003693],"castShadows":true,"isEnabled":false,"rotationMatrix":[0.940909803,-0.338657349,-1.13686838e-13,-0.338657349,-0.940910339,-9.86655596e-06,3.34138031e-06,9.28353893e-06,-1.00000048],"shadowDarkenColor":[0,0,0,0]}
{"name":"SpotLight_128","class":"SpotLight","__parent":"night_light_shadow","position":[926.335327,-487.555847,167.003677],"brightness":2,"castShadows":true,"innerAngle":20,"isEnabled":false,"outerAngle":90,"rotationMatrix":[0.98967284,-0.143344492,-1.71363354e-07,-1.56462193e-07,-1.1920929e-07,-1.00000024,0.143344492,0.989673138,-1.1920929e-07],"shadowDarkenColor":[0,0,0,0]}
{"name":"PointLight_64","class":"PointLight","__parent":"night_light_shadow","position":[927.106079,-483.631317,167.003693],"castShadows":true,"isEnabled":false,"rotationMatrix":[0.940909803,-0.338657349,-1.13686838e-13,-0.338657349,-0.940910339,-9.86655596e-06,3.34138031e-06,9.28353893e-06,-1.00000048],"shadowDarkenColor":[0,0,0,0]}
{"name":"PointLight_62","class":"PointLight","__parent":"night_light_shadow","position":[925.627808,-491.477905,167.003693],"castShadows":true,"isEnabled":false,"rotationMatrix":[0.940909803,-0.338657349,-1.13686838e-13,-0.338657349,-0.940910339,-9.86655596e-06,3.34138031e-06,9.28353893e-06,-1.00000048],"shadowDarkenColor":[0,0,0,0]}
{"name":"PointLight_63","class":"PointLight","__parent":"night_light_shadow","position":[926.276367,-487.538757,167.003693],"castShadows":true,"isEnabled":false,"rotationMatrix":[0.940909803,-0.338657349,-1.13686838e-13,-0.338657349,-0.940910339,-9.86655596e-06,3.34138031e-06,9.28353893e-06,-1.00000048],"shadowDarkenColor":[0,0,0,0]}
{"name":"SpotLight_126","class":"SpotLight","__parent":"night_light_shadow","position":[924.202026,-478.891174,167.003677],"brightness":2,"castShadows":true,"innerAngle":20,"isEnabled":false,"outerAngle":90,"rotationMatrix":[0.98967284,-0.143344492,-1.71363354e-07,-1.56462193e-07,-1.1920929e-07,-1.00000024,0.143344492,0.989673138,-1.1920929e-07],"shadowDarkenColor":[0,0,0,0]}
{"name":"SpotLight_127","class":"SpotLight","__parent":"night_light_shadow","position":[921.933777,-490.665619,167.003677],"brightness":2,"castShadows":true,"innerAngle":20,"isEnabled":false,"outerAngle":90,"rotationMatrix":[0.98967284,-0.143344492,-1.71363354e-07,-1.56462193e-07,-1.1920929e-07,-1.00000024,0.143344492,0.989673138,-1.1920929e-07],"shadowDarkenColor":[0,0,0,0]}
{"name":"SpotLight_125","class":"SpotLight","__parent":"night_light_shadow","position":[923.412048,-482.819031,167.003677],"brightness":2,"castShadows":true,"innerAngle":20,"isEnabled":false,"outerAngle":90,"rotationMatrix":[0.98967284,-0.143344492,-1.71363354e-07,-1.56462193e-07,-1.1920929e-07,-1.00000024,0.143344492,0.989673138,-1.1920929e-07],"shadowDarkenColor":[0,0,0,0]}
{"name":"PointLight_61","class":"PointLight","__parent":"night_light_shadow","position":[924.143066,-478.874084,167.003693],"castShadows":true,"isEnabled":false,"rotationMatrix":[0.940909803,-0.338657349,-1.13686838e-13,-0.338657349,-0.940910339,-9.86655596e-06,3.34138031e-06,9.28353893e-06,-1.00000048],"shadowDarkenColor":[0,0,0,0]}
{"name":"SpotLight_124","class":"SpotLight","__parent":"night_light_shadow","position":[922.582336,-486.726471,167.003677],"brightness":2,"castShadows":true,"innerAngle":20,"isEnabled":false,"outerAngle":90,"rotationMatrix":[0.98967284,-0.143344492,-1.71363354e-07,-1.56462193e-07,-1.1920929e-07,-1.00000024,0.143344492,0.989673138,-1.1920929e-07],"shadowDarkenColor":[0,0,0,0]}
{"name":"PointLight_60","class":"PointLight","__parent":"night_light_shadow","position":[923.353088,-482.801941,167.003693],"castShadows":true,"isEnabled":false,"rotationMatrix":[0.940909803,-0.338657349,-1.13686838e-13,-0.338657349,-0.940910339,-9.86655596e-06,3.34138031e-06,9.28353893e-06,-1.00000048],"shadowDarkenColor":[0,0,0,0]}
{"name":"PointLight_58","class":"PointLight","__parent":"night_light_shadow","position":[921.874817,-490.648529,167.003693],"castShadows":true,"isEnabled":false,"rotationMatrix":[0.940909803,-0.338657349,-1.13686838e-13,-0.338657349,-0.940910339,-9.86655596e-06,3.34138031e-06,9.28353893e-06,-1.00000048],"shadowDarkenColor":[0,0,0,0]}
{"name":"PointLight_59","class":"PointLight","__parent":"night_light_shadow","position":[922.523376,-486.709381,167.003693],"castShadows":true,"isEnabled":false,"rotationMatrix":[0.940909803,-0.338657349,-1.13686838e-13,-0.338657349,-0.940910339,-9.86655596e-06,3.34138031e-06,9.28353893e-06,-1.00000048],"shadowDarkenColor":[0,0,0,0]}
{"name":"SpotLight_110","class":"SpotLight","__parent":"night_light_shadow","position":[910.139343,-488.120758,167.003677],"brightness":2,"castShadows":true,"innerAngle":20,"isEnabled":false,"outerAngle":90,"rotationMatrix":[0.98967284,-0.143344492,-1.71363354e-07,-1.56462193e-07,-1.1920929e-07,-1.00000024,0.143344492,0.989673138,-1.1920929e-07]}
{"name":"SpotLight_122","class":"SpotLight","__parent":"night_light_shadow","position":[920.194336,-478.089844,167.003677],"brightness":2,"castShadows":true,"innerAngle":20,"isEnabled":false,"outerAngle":90,"rotationMatrix":[0.98967284,-0.143344492,-1.71363354e-07,-1.56462193e-07,-1.1920929e-07,-1.00000024,0.143344492,0.989673138,-1.1920929e-07],"shadowDarkenColor":[0,0,0,0]}
{"name":"SpotLight_123","class":"SpotLight","__parent":"night_light_shadow","position":[917.926086,-489.864288,167.003677],"brightness":2,"castShadows":true,"innerAngle":20,"isEnabled":false,"outerAngle":90,"rotationMatrix":[0.98967284,-0.143344492,-1.71363354e-07,-1.56462193e-07,-1.1920929e-07,-1.00000024,0.143344492,0.989673138,-1.1920929e-07],"shadowDarkenColor":[0,0,0,0]}
{"name":"SpotLight_121","class":"SpotLight","__parent":"night_light_shadow","position":[919.404358,-482.0177,167.003677],"brightness":2,"castShadows":true,"innerAngle":20,"isEnabled":false,"outerAngle":90,"rotationMatrix":[0.98967284,-0.143344492,-1.71363354e-07,-1.56462193e-07,-1.1920929e-07,-1.00000024,0.143344492,0.989673138,-1.1920929e-07],"shadowDarkenColor":[0,0,0,0]}
{"name":"PointLight_57","class":"PointLight","__parent":"night_light_shadow","position":[920.135376,-478.072754,167.003693],"castShadows":true,"isEnabled":false,"rotationMatrix":[0.940909803,-0.338657349,-1.13686838e-13,-0.338657349,-0.940910339,-9.86655596e-06,3.34138031e-06,9.28353893e-06,-1.00000048],"shadowDarkenColor":[0,0,0,0]}
{"name":"PointLight_56","class":"PointLight","__parent":"night_light_shadow","position":[919.345398,-482.00061,167.003693],"castShadows":true,"isEnabled":false,"rotationMatrix":[0.940909803,-0.338657349,-1.13686838e-13,-0.338657349,-0.940910339,-9.86655596e-06,3.34138031e-06,9.28353893e-06,-1.00000048],"shadowDarkenColor":[0,0,0,0]}
