{"name":"SimGroup_","class":"SimGroup","persistentId":"3cb2a84b-082e-41f7-9b93-c3ee226fb88d","groupPosition":"0 0 0"}
{"class":"TSStatic","persistentId":"035bc0e7-f180-4d99-8330-e2e50297bea3","__parent":"SimGroup_","position":[-283.238281,1994.87402,75.5907059],"isRenderEnabled":false,"rotationMatrix":[0.350362599,-0.936384439,-0.0207426883,0.936335087,0.350712836,-0.0166443624,0.0228602476,-0.0135905463,0.999646306],"shapeName":"/art/shapes/objects/constructionbarrier_arrows.dae","useInstanceRenderData":true}
{"class":"TSStatic","persistentId":"0617c55d-a8bf-4125-9931-35c5a1227776","__parent":"SimGroup_","position":[406.334351,1877.17834,74.666954],"isRenderEnabled":false,"rotationMatrix":[-0.985608459,-0.169033676,0.00191472354,0.169017315,-0.985589862,-0.0067727752,0.00303195906,-0.00635168236,0.999975204],"shapeName":"/art/shapes/objects/constructionbarrier_arrows.dae","useInstanceRenderData":true}
{"class":"TSStatic","persistentId":"0b5f31bc-09c4-4ee1-8828-d30c6b6a325d","__parent":"SimGroup_","position":[-304.650391,1986.85376,76.0046158],"isRenderEnabled":false,"rotationMatrix":[0.350268483,-0.936404109,-0.0214322954,0.936272502,0.350684881,-0.0203429628,0.0265652165,-0.0129409712,0.999563336],"shapeName":"/art/shapes/objects/constructionbarrier_arrows.dae","useInstanceRenderData":true}
{"class":"TSStatic","persistentId":"0fa38b98-504f-47d3-add4-d103026fba6f","__parent":"SimGroup_","position":[-1110.60962,1908.40039,93.3377686],"isRenderEnabled":false,"rotationMatrix":[-0.6326015,0.770347536,-0.079873614,-0.771721661,-0.635681629,-0.0188236162,-0.0652749315,0.0497323498,0.996627271],"shapeName":"/art/shapes/objects/constructionbarrier_arrows.dae","useInstanceRenderData":true}
{"class":"TSStatic","persistentId":"113bdde3-8601-4429-bf39-55e5dffc4808","__parent":"SimGroup_","position":[-1058.07886,1919.14026,92.7095566],"isRenderEnabled":false,"rotationMatrix":[-0.287321091,0.957197368,0.0349262282,-0.95775491,-0.287575722,0.00239029713,0.0123319225,-0.0327639803,0.999387026],"shapeName":"/art/shapes/objects/constructionbarrier_arrows.dae","useInstanceRenderData":true}
{"class":"TSStatic","persistentId":"11f259ca-bf40-4787-9819-7ff2d41aafca","__parent":"SimGroup_","position":[-174.544571,1671.7804,74.6848907],"isRenderEnabled":false,"rotationMatrix":[0.374854565,0.927010477,0.0116422903,-0.927081764,0.374849319,0.00271160388,-0.00185041782,-0.0118098129,0.999928534],"shapeName":"/art/shapes/objects/constructionbarrier_arrows.dae","useInstanceRenderData":true}
{"class":"TSStatic","persistentId":"17cb6b1d-82f1-4458-85d2-e9f3ccb5dc76","__parent":"SimGroup_","position":[407.829529,1586.20447,74.6559753],"isRenderEnabled":false,"rotationMatrix":[-0.419292688,0.907840431,-0.00442532636,-0.907849133,-0.419297218,-0.00010409567,-0.00195002882,0.00397388171,0.999990225],"shapeName":"/art/shapes/objects/constructionbarrier_arrows.dae","useInstanceRenderData":true}
{"class":"TSStatic","persistentId":"1897e79b-3c63-4830-a332-736cd0e24c1f","__parent":"SimGroup_","position":[403.875641,1891.52161,74.7682266],"isRenderEnabled":false,"rotationMatrix":[-0.985596061,-0.168898657,-0.00857078843,0.168946818,-0.9856112,-0.00524105132,-0.00756225921,-0.00661356747,0.999949515],"shapeName":"/art/shapes/objects/constructionbarrier_arrows.dae","useInstanceRenderData":true}
{"class":"TSStatic","persistentId":"1bc7f45f-d641-4647-bbd1-14c990ff6fa1","__parent":"SimGroup_","position":[-176.471985,1672.55957,74.6885071],"isRenderEnabled":false,"rotationMatrix":[0.37476927,0.927010655,0.0141168404,-0.927114725,0.374765873,0.00298462017,-0.00252373563,-0.0142064728,0.999895871],"shapeName":"/art/shapes/objects/constructionbarrier_arrows.dae","useInstanceRenderData":true}
{"class":"TSStatic","persistentId":"1bcdcacf-32d9-4c39-a921-be5d3b454965","__parent":"SimGroup_","position":[-1109.00513,1909.7218,93.3758621],"isRenderEnabled":false,"rotationMatrix":[-0.632576227,0.770185411,-0.0816189125,-0.77179271,-0.635657072,-0.0166149791,-0.0646782592,0.0524826422,0.996525109],"shapeName":"/art/shapes/objects/constructionbarrier_arrows.dae","useInstanceRenderData":true}
{"class":"TSStatic","persistentId":"218c2c32-ab88-4416-933f-36ecc98e6fc3","__parent":"SimGroup_","position":[-300.757416,1988.31189,75.9211121],"isRenderEnabled":false,"rotationMatrix":[0.350282252,-0.936378419,-0.0223105084,0.936286271,0.350707471,-0.0192941204,0.02589106,-0.0141306343,0.999564886],"shapeName":"/art/shapes/objects/constructionbarrier_arrows.dae","useInstanceRenderData":true}
{"class":"TSStatic","persistentId":"26d9da4e-e488-4b87-bda5-ae34c46b396c","__parent":"SimGroup_","position":[-289.078094,1992.68665,75.6953201],"isRenderEnabled":false,"rotationMatrix":[0.350381136,-0.936372519,-0.0209664498,0.936321855,0.350739121,-0.0168344863,0.0231171045,-0.0137328589,0.999638438],"shapeName":"/art/shapes/objects/constructionbarrier_arrows.dae","useInstanceRenderData":true}
{"class":"TSStatic","persistentId":"29fb40da-0ecf-457a-a8ee-26c539c866da","__parent":"SimGroup_","position":[403.173157,1895.61963,74.7453003],"isRenderEnabled":false,"rotationMatrix":[-0.985608697,-0.16902934,-0.00220471807,0.168875948,-0.985127568,0.0316977836,-0.00752978399,0.0308692846,0.999495089],"shapeName":"/art/shapes/objects/constructionbarrier_arrows.dae","useInstanceRenderData":true}
{"class":"TSStatic","persistentId":"2de0328f-aa91-42f6-9252-b60194efbd8e","__parent":"SimGroup_","position":[-172.617081,1671.00134,74.6776657],"isRenderEnabled":false,"rotationMatrix":[0.374663055,0.927110672,0.00966277346,-0.927160621,0.374652684,0.00293045654,-0.000903326552,-0.0100568756,0.999949038],"shapeName":"/art/shapes/objects/constructionbarrier_arrows.dae","useInstanceRenderData":true}
{"class":"TSStatic","persistentId":"30e256c9-3648-4b3d-abcf-82f852497277","__parent":"SimGroup_","position":[411.60434,1587.94775,74.6652832],"isRenderEnabled":false,"rotationMatrix":[-0.419264793,0.907860637,0.00245069689,-0.907857299,-0.419249892,-0.00497327372,-0.00348758535,-0.00431000162,0.999984622],"shapeName":"/art/shapes/objects/constructionbarrier_arrows.dae","useInstanceRenderData":true}
{"class":"TSStatic","persistentId":"36dbb5e0-88b1-4a3f-a783-72911fac9192","__parent":"SimGroup_","position":[-1054.09668,1920.3363,92.681633],"isRenderEnabled":false,"rotationMatrix":[-0.28731966,0.957490265,0.0256846398,-0.957643688,-0.287694454,0.0122591024,0.0191273019,-0.0210744515,0.999594927],"shapeName":"/art/shapes/objects/constructionbarrier_arrows.dae","useInstanceRenderData":true}
{"class":"TSStatic","persistentId":"36ff04b2-784b-4971-856b-b7a3d9ef7cec","__parent":"SimGroup_","position":[-310.489685,1984.6665,76.1376495],"isRenderEnabled":false,"rotationMatrix":[0.35027951,-0.936405838,-0.0211744606,0.93623668,0.350704849,-0.021609813,0.0276615433,-0.0122548332,0.999542236],"shapeName":"/art/shapes/objects/constructionbarrier_arrows.dae","useInstanceRenderData":true}
{"class":"TSStatic","persistentId":"37329b03-0cf3-4fd3-acc8-7087be42fa5e","__parent":"SimGroup_","position":[-287.1315,1993.41577,75.6599579],"isRenderEnabled":false,"rotationMatrix":[0.350371122,-0.936389506,-0.0203688629,0.936335146,0.350712836,-0.0166443624,0.0227292255,-0.0132403784,0.999653995],"shapeName":"/art/shapes/objects/constructionbarrier_arrows.dae","useInstanceRenderData":true}
{"class":"TSStatic","persistentId":"37f63cac-e3e6-4d69-adb7-42b29de7706a","__parent":"SimGroup_","position":[-1113.81873,1905.75757,93.2607346],"isRenderEnabled":false,"rotationMatrix":[-0.631872296,0.769969642,-0.0887926072,-0.771633327,-0.63570714,-0.0214146785,-0.0729347467,0.0549839921,0.995819926],"shapeName":"/art/shapes/objects/constructionbarrier_arrows.dae","useInstanceRenderData":true}
{"class":"TSStatic","persistentId":"3a620852-6b82-4790-ad7d-987ce87acfdb","__parent":"SimGroup_","position":[404.578156,1887.42358,74.7411575],"isRenderEnabled":false,"rotationMatrix":[-0.985609293,-0.168893918,-0.00702219876,0.168942407,-0.985601068,-0.00700323237,-0.00573828304,-0.00808879733,0.999950826],"shapeName":"/art/shapes/objects/constructionbarrier_arrows.dae","useInstanceRenderData":true}
{"class":"TSStatic","persistentId":"3e018093-de6c-4e4d-8f28-53f43dfb58c1","__parent":"SimGroup_","position":[-312.436127,1983.93738,76.1821899],"isRenderEnabled":false,"rotationMatrix":[0.350274682,-0.936418355,-0.0206959099,0.936250508,0.350683749,-0.0213515833,0.0272517353,-0.0118976375,0.999557793],"shapeName":"/art/shapes/objects/constructionbarrier_arrows.dae","useInstanceRenderData":true}
{"class":"TSStatic","persistentId":"3e3ca8c3-03ef-4d7d-ab2a-394741a24386","__parent":"SimGroup_","position":[409.716919,1587.07617,74.6561966],"isRenderEnabled":false,"rotationMatrix":[-0.419252157,0.907863021,-0.00351137435,-0.907860518,-0.41926229,-0.00289144693,-0.00409722468,0.00197559269,0.999989629],"shapeName":"/art/shapes/objects/constructionbarrier_arrows.dae","useInstanceRenderData":true}
{"class":"TSStatic","persistentId":"3fd55a71-f0ce-4b19-af71-482ff69ca7ec","__parent":"SimGroup_","position":[-302.703918,1987.58289,75.9629135],"isRenderEnabled":false,"rotationMatrix":[0.350252926,-0.93639642,-0.022014048,0.936272562,0.350684822,-0.0203429647,0.0267690718,-0.013485969,0.9995507],"shapeName":"/art/shapes/objects/constructionbarrier_arrows.dae","useInstanceRenderData":true}
{"class":"TSStatic","persistentId":"4020f33b-c7a5-4217-aafe-6b2dc56738b5","__parent":"SimGroup_","position":[-1050.11487,1921.53223,92.6290283],"isRenderEnabled":false,"rotationMatrix":[-0.28726387,0.957453549,0.0276036058,-0.957635105,-0.28769207,0.0129657909,0.0203554872,-0.0227095783,0.999534845],"shapeName":"/art/shapes/objects/constructionbarrier_arrows.dae","useInstanceRenderData":true}
{"class":"TSStatic","persistentId":"53d07a19-2867-40f0-912f-34f443ebc2e8","__parent":"SimGroup_","position":[-291.024658,1991.95752,75.7297516],"isRenderEnabled":false,"rotationMatrix":[0.350383401,-0.93637383,-0.0208688788,0.936321855,0.350739121,-0.0168344844,0.0230829045,-0.0136414655,0.999640465],"shapeName":"/art/shapes/objects/constructionbarrier_arrows.dae","useInstanceRenderData":true}
{"class":"TSStatic","persistentId":"53d0b563-1cbd-4111-bc17-e5fa8ecf01f0","__parent":"SimGroup_","position":[-188.036438,1677.2345,74.7223206],"isRenderEnabled":false,"rotationMatrix":[0.375217736,0.925124586,0.0579320639,-0.926926792,0.374768376,0.0188486278,-0.00427377783,-0.0607711226,0.9981426],"shapeName":"/art/shapes/objects/constructionbarrier_arrows.dae","useInstanceRenderData":true}
{"class":"TSStatic","persistentId":"54b7acd1-4813-412d-9c09-f209e06c62f1","__parent":"SimGroup_","position":[419.153931,1591.43445,74.6999741],"isRenderEnabled":false,"rotationMatrix":[-0.419239521,0.907680869,0.0188107491,-0.907850266,-0.419292927,-0.00119708758,0.00680063944,-0.0175792091,0.999822319],"shapeName":"/art/shapes/objects/constructionbarrier_arrows.dae","useInstanceRenderData":true}
{"class":"TSStatic","persistentId":"5ba2cd14-7d12-457a-b787-2ff092cfac2a","__parent":"SimGroup_","position":[-1052.10583,1920.9342,92.655426],"isRenderEnabled":false,"rotationMatrix":[-0.287181139,0.957505703,0.0266416296,-0.957664013,-0.287591815,0.0130544826,0.0201616585,-0.0217647292,0.99955982],"shapeName":"/art/shapes/objects/constructionbarrier_arrows.dae","useInstanceRenderData":true}
{"class":"TSStatic","persistentId":"63e54fe5-7223-4378-b8d9-f70f81e4db38","__parent":"SimGroup_","position":[-308.543274,1985.39563,76.0923843],"isRenderEnabled":false,"rotationMatrix":[0.350264788,-0.936399162,-0.0217073634,0.93623668,0.350704908,-0.0216098111,0.0278482884,-0.0127540734,0.999530792],"shapeName":"/art/shapes/objects/constructionbarrier_arrows.dae","useInstanceRenderData":true}
{"class":"TSStatic","persistentId":"645dd35d-137e-44c1-b7af-6b537a99b54c","__parent":"SimGroup_","position":[424.816132,1594.04944,74.6823807],"isRenderEnabled":false,"rotationMatrix":[-0.419245005,0.907846332,0.00697840005,-0.907832384,-0.419286609,0.00625388836,0.00860351976,-0.00371330651,0.999956071],"shapeName":"/art/shapes/objects/constructionbarrier_arrows.dae","useInstanceRenderData":true}
{"class":"TSStatic","persistentId":"69c7a028-74f5-450f-a59a-2d5670784a14","__parent":"SimGroup_","position":[-182.254272,1674.89709,74.7077713],"isRenderEnabled":false,"rotationMatrix":[0.374824822,0.926961184,0.0157876275,-0.927083373,0.374852955,0.00124837272,-0.00476084556,-0.0151043702,0.999874592],"shapeName":"/art/shapes/objects/constructionbarrier_arrows.dae","useInstanceRenderData":true}
{"class":"TSStatic","persistentId":"6bea4523-2f31-45ea-a21f-1bc047bed284","__parent":"SimGroup_","position":[-285.184875,1994.1449,75.6257553],"isRenderEnabled":false,"rotationMatrix":[0.350357652,-0.936381578,-0.0209530164,0.936335206,0.350712776,-0.0166443624,0.0229339655,-0.0137875639,0.999641895],"shapeName":"/art/shapes/objects/constructionbarrier_arrows.dae","useInstanceRenderData":true}
{"class":"TSStatic","persistentId":"6cf94b07-6f71-4025-bcff-c546f21b985b","__parent":"SimGroup_","position":[-1112.21423,1907.07898,93.2989807],"isRenderEnabled":false,"rotationMatrix":[-0.632536173,0.770364821,-0.0802241042,-0.771711528,-0.635673404,-0.0195072927,-0.0660240576,0.0495708026,0.996585965],"shapeName":"/art/shapes/objects/constructionbarrier_arrows.dae","useInstanceRenderData":true}
{"class":"TSStatic","persistentId":"77bf2f93-d5e4-4a5d-bf7e-95c6e0754fab","__parent":"SimGroup_","position":[-1141.07935,1942.88953,93.5483398],"isRenderEnabled":false,"rotationMatrix":[-0.980210066,0.197235793,0.0169070549,-0.197898239,-0.978445888,-0.0589870885,0.00490827672,-0.0611656234,0.99811554],"shapeName":"/art/shapes/objects/arrowboard_L.dae","useInstanceRenderData":true}
{"class":"TSStatic","persistentId":"798dd97a-3bf9-4602-a731-636898c575f6","__parent":"SimGroup_","position":[-314.382568,1983.20837,76.2263031],"isRenderEnabled":false,"rotationMatrix":[0.350280583,-0.936421037,-0.0204768088,0.936250567,0.350683689,-0.0213515852,0.0271749552,-0.0116923768,0.999562323],"shapeName":"/art/shapes/objects/constructionbarrier_arrows.dae","useInstanceRenderData":true}
{"class":"TSStatic","persistentId":"7c49d1bc-e199-47f2-84e0-5bddf31e5293","__parent":"SimGroup_","position":[404.929382,1885.37451,74.7276001],"isRenderEnabled":false,"rotationMatrix":[-0.985617757,-0.168906286,-0.00531036779,0.168940976,-0.985601664,-0.00695245946,-0.00405959319,-0.00774960639,0.999961734],"shapeName":"/art/shapes/objects/constructionbarrier_arrows.dae","useInstanceRenderData":true}
{"class":"TSStatic","persistentId":"80ac99f4-ed9b-4a54-9e98-eb9c4c653a56","__parent":"SimGroup_","position":[413.49176,1588.81934,74.6755447],"isRenderEnabled":false,"rotationMatrix":[-0.419276714,0.907830179,0.00717126112,-0.907857239,-0.419249892,-0.00497327419,-0.00150833721,-0.00859566033,0.999961913],"shapeName":"/art/shapes/objects/constructionbarrier_arrows.dae","useInstanceRenderData":true}
{"class":"TSStatic","persistentId":"8115287d-75ee-4153-83f9-1041b3a9630f","__parent":"SimGroup_","position":[405.631836,1881.27649,74.6974335],"isRenderEnabled":false,"rotationMatrix":[-0.985617757,-0.168917581,-0.00497082667,0.168951049,-0.985597372,-0.00733174523,-0.00366077223,-0.00806612428,0.99996078],"shapeName":"/art/shapes/objects/constructionbarrier_arrows.dae","useInstanceRenderData":true}
{"class":"TSStatic","persistentId":"86b04985-ceef-42c6-9d61-1dee83168b8d","__parent":"SimGroup_","position":[403.524384,1893.57068,74.7660217],"isRenderEnabled":false,"rotationMatrix":[-0.985604167,-0.168985233,-0.00533414213,0.168958381,-0.985609889,0.00513852714,-0.00612571789,0.00416330574,0.999972582],"shapeName":"/art/shapes/objects/constructionbarrier_arrows.dae","useInstanceRenderData":true}
{"class":"TSStatic","persistentId":"886bf4fd-0c27-416c-9735-3ea01ff0a87e","__parent":"SimGroup_","position":[417.26651,1590.56274,74.6953125],"isRenderEnabled":false,"rotationMatrix":[-0.419301152,0.907650352,0.0189077668,-0.907839656,-0.419291735,-0.00465113809,0.00370626245,-0.0191154461,0.999810398],"shapeName":"/art/shapes/objects/constructionbarrier_arrows.dae","useInstanceRenderData":true}
{"class":"TSStatic","persistentId":"8c17e6b5-01fa-4cd4-883c-4690ecd3a2fd","__parent":"SimGroup_","position":[-277.399078,1997.06128,75.458847],"isRenderEnabled":false,"rotationMatrix":[0.350778461,-0.936457336,-0.0014647441,0.936085403,0.350682497,-0.0276748426,0.0264299698,0.00833661482,0.999615908],"shapeName":"/art/shapes/objects/constructionbarrier_arrows.dae","useInstanceRenderData":true}
{"class":"TSStatic","persistentId":"8d955777-2334-43f6-a1b2-34e62d0f2b34","__parent":"SimGroup_","position":[-298.810883,1989.04102,75.8803787],"isRenderEnabled":false,"rotationMatrix":[0.350303948,-0.936390042,-0.0214661062,0.93628633,0.350707471,-0.0192941204,0.0255951472,-0.0133396126,0.999583364],"shapeName":"/art/shapes/objects/constructionbarrier_arrows.dae","useInstanceRenderData":true}
{"class":"TSStatic","persistentId":"8e6192c2-1038-480a-a8b1-ad8c525153d7","__parent":"SimGroup_","position":[-1056.08777,1919.73816,92.7029648],"isRenderEnabled":false,"rotationMatrix":[-0.28734231,0.957303166,0.0317021459,-0.957705498,-0.287677526,0.00647493638,0.0153184719,-0.0285007935,0.999476373],"shapeName":"/art/shapes/objects/constructionbarrier_arrows.dae","useInstanceRenderData":true}
{"class":"TSStatic","persistentId":"9159bca3-549d-4c26-ad37-e55a3cd924da","__parent":"SimGroup_","position":[415.37915,1589.69104,74.6856384],"isRenderEnabled":false,"rotationMatrix":[-0.419314861,0.907738626,0.0136312321,-0.907839715,-0.419291735,-0.00465113809,0.0014934442,-0.014325263,0.999896288],"shapeName":"/art/shapes/objects/constructionbarrier_arrows.dae","useInstanceRenderData":true}
{"class":"TSStatic","persistentId":"94d93218-7007-4ccb-a49e-e7654e709d93","__parent":"SimGroup_","position":[422.92868,1593.17786,74.6951447],"isRenderEnabled":false,"rotationMatrix":[-0.41910553,0.907823801,0.0143684605,-0.907879591,-0.41920507,0.00466407742,0.0102574928,-0.0110900914,0.999885917],"shapeName":"/art/shapes/objects/constructionbarrier_arrows.dae","useInstanceRenderData":true}
{"class":"TSStatic","persistentId":"95ff2e25-0924-459a-8086-b80095668cfb","__parent":"SimGroup_","position":[400.279877,1582.71777,74.6540375],"isRenderEnabled":false,"rotationMatrix":[-0.419294238,0.907834291,-0.00539866276,-0.907846689,-0.419301987,-0.000337931793,-0.00257045613,0.00475946534,0.999985397],"shapeName":"/art/shapes/objects/constructionbarrier_arrows.dae","useInstanceRenderData":true}
{"class":"TSStatic","persistentId":"964ebf79-fb26-4769-80f5-1fd265003ff9","__parent":"SimGroup_","position":[421.04129,1592.30615,74.6976395],"isRenderEnabled":false,"rotationMatrix":[-0.419244051,0.907705009,0.017493939,-0.907835066,-0.419325709,0.00112310983,0.00835511275,-0.0154107548,0.999846339],"shapeName":"/art/shapes/objects/constructionbarrier_arrows.dae","useInstanceRenderData":true}
{"class":"TSStatic","persistentId":"9b45a687-5ff4-4ba7-9a12-92377febecab","__parent":"SimGroup_","position":[-178.399414,1673.33875,74.6947327],"isRenderEnabled":false,"rotationMatrix":[0.374792814,0.926991224,0.0147557314,-0.927102923,0.374798834,0.0024580285,-0.00325186038,-0.0146013331,0.999888122],"shapeName":"/art/shapes/objects/constructionbarrier_arrows.dae","useInstanceRenderData":true}
{"class":"TSStatic","persistentId":"ac923447-3692-45b8-9d83-ebfe6a3166d5","__parent":"SimGroup_","position":[-320.221863,1981.02112,76.3598557],"isRenderEnabled":false,"rotationMatrix":[0.350277722,-0.93641305,-0.020884268,0.936229825,0.350699604,-0.0219897814,0.027915623,-0.0118499435,0.999540031],"shapeName":"/art/shapes/objects/constructionbarrier_arrows.dae","useInstanceRenderData":true}
{"class":"TSStatic","persistentId":"b0b6d1cb-8ed4-4f2b-b8c8-8aa43c941240","__parent":"SimGroup_","position":[-316.32901,1982.47925,76.2700806],"isRenderEnabled":false,"rotationMatrix":[0.35027808,-0.936420918,-0.0205232631,0.936258197,0.350679398,-0.021086989,0.0269433837,-0.0118287597,0.999566972],"shapeName":"/art/shapes/objects/constructionbarrier_arrows.dae","useInstanceRenderData":true}
{"class":"TSStatic","persistentId":"b36cd7a3-20f1-4402-8502-4b129c26bfd5","__parent":"SimGroup_","position":[-292.971252,1991.22839,75.7660904],"isRenderEnabled":false,"rotationMatrix":[0.350317657,-0.936388612,-0.0213053823,0.936313987,0.3507002,-0.0180420782,0.0243662,-0.0136280674,0.999610186],"shapeName":"/art/shapes/objects/constructionbarrier_arrows.dae","useInstanceRenderData":true}
{"class":"TSStatic","persistentId":"b60131cd-21a8-44f5-b25d-02a05ddef716","__parent":"SimGroup_","position":[-281.291656,1995.60315,75.557457],"isRenderEnabled":false,"rotationMatrix":[0.35044831,-0.936439514,-0.0163400657,0.936324835,0.35070765,-0.0173218697,0.0219514705,-0.00922918972,0.999716461],"shapeName":"/art/shapes/objects/constructionbarrier_arrows.dae","useInstanceRenderData":true}
{"class":"TSStatic","persistentId":"b7932d14-5bdf-42e1-bddd-617b4caa8f34","__parent":"SimGroup_","position":[402.167297,1583.58948,74.6547394],"isRenderEnabled":false,"rotationMatrix":[-0.41924417,0.907859623,-0.00501243817,-0.907870471,-0.419250607,-0.000263401074,-0.00234059896,0.00444021542,0.999987423],"shapeName":"/art/shapes/objects/constructionbarrier_arrows.dae","useInstanceRenderData":true}
{"class":"TSStatic","persistentId":"bafc0b86-8123-424e-a66e-85a9bbb721e0","__parent":"SimGroup_","position":[-279.345154,1996.33228,75.5168686],"isRenderEnabled":false,"rotationMatrix":[0.350619614,-0.93648988,-0.00725273788,0.936085403,0.350682497,-0.0276748426,0.0284606181,0.00291415863,0.999590695],"shapeName":"/art/shapes/objects/constructionbarrier_arrows.dae","useInstanceRenderData":true}
{"class":"TSStatic","persistentId":"c1b52918-749c-4502-9702-449a9b75270b","__parent":"SimGroup_","position":[405.983063,1879.22742,74.6821976],"isRenderEnabled":false,"rotationMatrix":[-0.985621572,-0.168895021,-0.00497065904,0.168928489,-0.985601068,-0.00733416667,-0.00366038224,-0.00806839857,0.99996078],"shapeName":"/art/shapes/objects/constructionbarrier_arrows.dae","useInstanceRenderData":true}
{"class":"TSStatic","persistentId":"c3314fee-a746-4f9e-8866-298652b98371","__parent":"SimGroup_","position":[-1060.06995,1918.54224,92.7113113],"isRenderEnabled":false,"rotationMatrix":[-0.287628531,0.957130134,0.034229435,-0.957690179,-0.287801147,0.000118253753,0.00996445306,-0.0327471793,0.999413967],"shapeName":"/art/shapes/objects/constructionbarrier_arrows.dae","useInstanceRenderData":true}
{"class":"TSStatic","persistentId":"c3e296be-f672-43b6-b549-1a39fa7b11a1","__parent":"SimGroup_","position":[-294.917816,1990.49927,75.8031387],"isRenderEnabled":false,"rotationMatrix":[0.350321829,-0.936390996,-0.0211316198,0.936313987,0.3507002,-0.0180420782,0.0243053026,-0.0134652946,0.999613881],"shapeName":"/art/shapes/objects/constructionbarrier_arrows.dae","useInstanceRenderData":true}
{"class":"TSStatic","persistentId":"c504f7b8-6038-4584-9e98-537596916708","__parent":"SimGroup_","position":[405.280609,1883.32544,74.712677],"isRenderEnabled":false,"rotationMatrix":[-0.985617995,-0.168915629,-0.00497081224,0.168949097,-0.98559761,-0.0073288586,-0.00366126164,-0.00806326885,0.99996078],"shapeName":"/art/shapes/objects/constructionbarrier_arrows.dae","useInstanceRenderData":true}
{"class":"TSStatic","persistentId":"ca694116-06ba-491b-a5a8-3081b729eb8a","__parent":"SimGroup_","position":[405.942139,1585.33276,74.6557388],"isRenderEnabled":false,"rotationMatrix":[-0.419273496,0.907848716,-0.00453606807,-0.907857537,-0.419278741,-0.000242124544,-0.0021216895,0.00401658751,0.999989688],"shapeName":"/art/shapes/objects/constructionbarrier_arrows.dae","useInstanceRenderData":true}
{"class":"TSStatic","persistentId":"cb9ca2d1-7116-4a6c-901b-d0dee80995e0","__parent":"SimGroup_","position":[-184.181702,1675.67627,74.7034302],"isRenderEnabled":false,"rotationMatrix":[0.374660134,0.926961124,0.0193130933,-0.927116811,0.374766707,-0.00209295377,-0.00917799212,-0.0171213467,0.999811292],"shapeName":"/art/shapes/objects/constructionbarrier_arrows.dae","useInstanceRenderData":true}
{"class":"TSStatic","persistentId":"d35e3341-de0f-433a-ba2a-36a945d4f008","__parent":"SimGroup_","position":[-1048.1239,1922.13025,92.6033859],"isRenderEnabled":false,"rotationMatrix":[-0.287324905,0.957485378,0.0258116834,-0.957655966,-0.287685752,0.0114898207,0.0184269883,-0.0214174017,0.999600768],"shapeName":"/art/shapes/objects/constructionbarrier_arrows.dae","useInstanceRenderData":true}
{"class":"TSStatic","persistentId":"d692fc0f-4b38-46cf-a944-b7f9d3891a06","__parent":"SimGroup_","position":[-318.275452,1981.75024,76.3141479],"isRenderEnabled":false,"rotationMatrix":[0.350267053,-0.936415851,-0.0209355205,0.936258137,0.350679457,-0.021086989,0.0270878486,-0.0122149754,0.999558449],"shapeName":"/art/shapes/objects/constructionbarrier_arrows.dae","useInstanceRenderData":true}
{"class":"TSStatic","persistentId":"d89b6ab6-0713-4b62-a052-56631c0ee414","__parent":"SimGroup_","position":[-306.596863,1986.12476,76.0477676],"isRenderEnabled":false,"rotationMatrix":[0.350276291,-0.936404407,-0.0212896299,0.93623668,0.350704849,-0.021609813,0.0277019013,-0.012362726,0.999539793],"shapeName":"/art/shapes/objects/constructionbarrier_arrows.dae","useInstanceRenderData":true}
{"class":"TSStatic","persistentId":"d96bd3d9-b180-49f0-b823-d0f49b92e08f","__parent":"SimGroup_","position":[-296.86438,1989.77014,75.8415985],"isRenderEnabled":false,"rotationMatrix":[0.350300014,-0.936387956,-0.0216214713,0.936286271,0.350707471,-0.0192941204,0.0256495941,-0.013485156,0.999580026],"shapeName":"/art/shapes/objects/constructionbarrier_arrows.dae","useInstanceRenderData":true}
{"class":"TSStatic","persistentId":"e18fc7e1-7fa2-4bc9-8504-8c53dd964206","__parent":"SimGroup_","position":[-186.109146,1676.45532,74.7018738],"isRenderEnabled":false,"rotationMatrix":[0.374645531,0.926820397,0.0253915787,-0.927133918,0.374726474,0.00167129375,-0.00796590745,-0.0241675358,0.999676168],"shapeName":"/art/shapes/objects/constructionbarrier_arrows.dae","useInstanceRenderData":true}
{"class":"TSStatic","persistentId":"e4a377b6-d952-4fe9-a484-df30521ac1a4","__parent":"SimGroup_","position":[404.226898,1889.47253,74.7561951],"isRenderEnabled":false,"rotationMatrix":[-0.98559773,-0.168906152,-0.00824835058,0.168963671,-0.985598564,-0.00685630692,-0.00697148917,-0.00815123133,0.999942482],"shapeName":"/art/shapes/objects/constructionbarrier_arrows.dae","useInstanceRenderData":true}
{"class":"TSStatic","persistentId":"ec258c2a-7e87-44ff-9b51-fb6971f8412d","__parent":"SimGroup_","position":[-180.326874,1674.1178,74.7025833],"isRenderEnabled":false,"rotationMatrix":[0.37473315,0.926974118,0.0171453096,-0.927128732,0.374721527,0.00400911877,-0.00270836614,-0.0173982605,0.999844968],"shapeName":"/art/shapes/objects/constructionbarrier_arrows.dae","useInstanceRenderData":true}
{"class":"TSStatic","persistentId":"f3ef9077-f54b-40dd-8780-edcb0cd128f1","__parent":"SimGroup_","position":[404.054718,1584.46106,74.6552353],"isRenderEnabled":false,"rotationMatrix":[-0.41927278,0.907847643,-0.0047867829,-0.907857537,-0.419278622,-0.000242125243,-0.00222680834,0.00424420042,0.999988496],"shapeName":"/art/shapes/objects/constructionbarrier_arrows.dae","useInstanceRenderData":true}
