{"name":"gateBlockitaly3","class":"TSStatic","__parent":"Italy Level Gate","position":[959.090271,636.676941,133.964325],"collisionType":"None","hidden":true,"isRenderEnabled":false,"rotationMatrix":[0.952014625,-0.306052625,0,0.306052625,0.952014625,0,0,0,1],"shapeName":"/levels/west_coast_usa/art/shapes/objects/arrowboard_L.dae","useInstanceRenderData":true}
{"name":"gateBlockitaly2","class":"TSStatic","__parent":"Italy Level Gate","position":[948.852051,629.404724,133.964325],"collisionType":"None","hidden":true,"isRenderEnabled":false,"rotationMatrix":[0.952014625,-0.306052625,0,0.306052625,0.952014625,0,0,0,1],"shapeName":"/levels/west_coast_usa/art/shapes/objects/arrowboard_L.dae","useInstanceRenderData":true}
{"name":"gateBlockitaly1","class":"TSStatic","__parent":"Italy Level Gate","position":[935.127075,621.149658,133.778656],"collisionType":"None","hidden":true,"isRenderEnabled":false,"rotationMatrix":[0.952014625,-0.306052625,0,0.306052625,0.952014625,0,0,0,1],"shapeName":"/levels/west_coast_usa/art/shapes/objects/arrowboard_L.dae","useInstanceRenderData":true}
{"class":"TSStatic","__parent":"Italy Level Gate","position":[759.195068,658.220093,124.301453],"isRenderEnabled":false,"rotationMatrix":[0.771425486,0.632269561,-0.0716792941,-0.046035707,0.167806387,0.984744489,0.634652197,-0.756357253,0.158557057],"scale":[1.85375071,1.62006783,1],"shapeName":"/levels/west_coast_usa/art/shapes/rocksJV/s_rocks_desert_huge_sheet_3.dae","useInstanceRenderData":true}
{"name":"switchTo_italy","class":"BeamNGTrigger","__parent":"Italy Level Gate","position":[853.490051,614.8703,136.876709],"luaFunction":"onBeamNGTrigger","rotationMatrix":[0.0417951941,0.999126554,5.40167093e-08,-0.997506499,0.0417274237,-0.0569228902,-0.0568731502,0.00237906538,0.998378575],"scale":[11.4427757,10.6219425,7.64591026]}
{"name":"setGate_italy","class":"BeamNGTrigger","__parent":"Italy Level Gate","position":[1173.71545,792.2323,134.690277],"luaFunction":"onBeamNGTrigger","rotationMatrix":[0.995183349,-0.0276301987,0.0940567628,0.0367679633,0.994619727,-0.0968492255,-0.090874739,0.0998410061,0.990844846],"scale":[17.4049911,4.60317135,9.00493431]}
