{"name":"gateBlockitaly3","class":"TSStatic","__parent":"Italy Level Gate","position":[959.090271,636.676941,133.964325],"collisionType":"None","isRenderEnabled":false,"rotationMatrix":[0.952014625,-0.306052625,0,0.306052625,0.952014625,0,0,0,1],"shapeName":"/levels/west_coast_usa/art/shapes/objects/arrowboard_L.dae","useInstanceRenderData":true}
{"name":"gateBlockitaly2","class":"TSStatic","__parent":"Italy Level Gate","position":[948.852051,629.404724,133.964325],"collisionType":"None","isRenderEnabled":false,"rotationMatrix":[0.952014625,-0.306052625,0,0.306052625,0.952014625,0,0,0,1],"shapeName":"/levels/west_coast_usa/art/shapes/objects/arrowboard_L.dae","useInstanceRenderData":true}
{"name":"gateBlockitaly1","class":"TSStatic","__parent":"Italy Level Gate","position":[935.127075,621.149658,133.778656],"collisionType":"None","isRenderEnabled":false,"rotationMatrix":[0.952014625,-0.306052625,0,0.306052625,0.952014625,0,0,0,1],"shapeName":"/levels/west_coast_usa/art/shapes/objects/arrowboard_L.dae","useInstanceRenderData":true}
{"class":"TSStatic","__parent":"Italy Level Gate","position":[759.195068,658.220093,124.301453],"isRenderEnabled":false,"rotationMatrix":[0.771425486,0.632269561,-0.0716792941,-0.046035707,0.167806387,0.984744489,0.634652197,-0.756357253,0.158557057],"scale":[1.85375071,1.62006783,1],"shapeName":"/levels/west_coast_usa/art/shapes/rocksJV/s_rocks_desert_huge_sheet_3.dae","useInstanceRenderData":true}
