//--- OBJECT WRITE BEGIN ---
$ThisPrefab = new SimGroup() {
   canSave = "1";
   canSaveDynamicFields = "1";
      groupPosition = "0 0 0";

   new BeamNGVehicle() {
      JBeam = "cannon";
      color = "White";
      colorPalette0 = "White";
      colorPalette1 = "White";
      metallicPaintData[0] = "0.200000003 0.5 0.800000012 0";
      metallicPaintData[1] = "0.200000003 0.5 0.800000012 0";
      metallicPaintData[2] = "0.200000003 0.5 0.800000012 0";
      metallicPaintData[3] = "1 1 1 1";
      partConfig = "{[\"vars\"]={[\"$power\"]=53600,[\"$weight\"]=540},[\"parts\"]={},[\"partConfigFilename\"]=\"cannon\"}";
      renderDistance = "500";
      renderFade = "0.100000001";
      dataBlock = "default_vehicle";
      position = "-691.476257 -348.761719 106.224861";
      rotationMatrix = "0.685694933 -0.727889061 0 0.727889061 0.685694933 0 0 0 1";
      annotation = "CAR";
      internalName = "cannon_1";
      canSave = "1";
      canSaveDynamicFields = "1";
         autoEnterVehicle = "true";
         licenseText = "3APF240";
   };
   new BeamNGVehicle() {
      JBeam = "barrier";
      color = "White";
      colorPalette0 = "White";
      colorPalette1 = "White";
      metallicPaintData[0] = "0.200000003 0.5 0.800000012 0";
      metallicPaintData[1] = "0.200000003 0.5 0.800000012 0";
      metallicPaintData[2] = "0.200000003 0.5 0.800000012 0";
      metallicPaintData[3] = "1 1 1 1";
      partConfig = "barrier";
      renderDistance = "500";
      renderFade = "0.100000001";
      dataBlock = "default_vehicle";
      position = "-691.806274 -354.674866 106.060799";
      rotationMatrix = "-0.676688612 0.736258209 0.00401301309 -0.736235917 -0.676596224 -0.013197476 -0.00700156204 -0.0118851075 0.999904871";
      annotation = "CAR";
      internalName = "notTarget";
      canSave = "1";
      canSaveDynamicFields = "1";
         autoEnterVehicle = "true";
         licenseText = "3APF240";
   };
   new BeamNGVehicle() {
      JBeam = "barrier";
      color = "White";
      colorPalette0 = "White";
      colorPalette1 = "White";
      metallicPaintData[0] = "0.200000003 0.5 0.800000012 0";
      metallicPaintData[1] = "0.200000003 0.5 0.800000012 0";
      metallicPaintData[2] = "0.200000003 0.5 0.800000012 0";
      metallicPaintData[3] = "1 1 1 1";
      partConfig = "barrier";
      renderDistance = "500";
      renderFade = "0.100000001";
      dataBlock = "default_vehicle";
      position = "-694.89032 -351.476776 106.061211";
      rotationMatrix = "-0.676693857 0.736253738 0.00399269909 -0.736231089 -0.67660141 -0.0132084414 -0.00702329865 -0.0118776206 0.999904871";
      annotation = "CAR";
      internalName = "notTarget";
      canSave = "1";
      canSaveDynamicFields = "1";
         autoEnterVehicle = "true";
         licenseText = "3APF240";
   };
   new BeamNGVehicle() {
      JBeam = "barrier";
      color = "White";
      colorPalette0 = "White";
      colorPalette1 = "White";
      metallicPaintData[0] = "0.200000003 0.5 0.800000012 0";
      metallicPaintData[1] = "0.200000003 0.5 0.800000012 0";
      metallicPaintData[2] = "0.200000003 0.5 0.800000012 0";
      metallicPaintData[3] = "1 1 1 1";
      partConfig = "barrier";
      renderDistance = "500";
      renderFade = "0.100000001";
      dataBlock = "default_vehicle";
      position = "-685.971436 -361.036072 106.055313";
      rotationMatrix = "-0.655694902 0.755013466 0.0043487167 -0.754993618 -0.655602574 -0.0130355107 -0.00699095614 -0.0118305702 0.999905586";
      annotation = "CAR";
      internalName = "notTarget";
      canSave = "1";
      canSaveDynamicFields = "1";
         autoEnterVehicle = "true";
         licenseText = "3APF240";
   };
   new BeamNGVehicle() {
      JBeam = "barrier";
      color = "White";
      colorPalette0 = "White";
      colorPalette1 = "White";
      metallicPaintData[0] = "0.200000003 0.5 0.800000012 0";
      metallicPaintData[1] = "0.200000003 0.5 0.800000012 0";
      metallicPaintData[2] = "0.200000003 0.5 0.800000012 0";
      metallicPaintData[3] = "1 1 1 1";
      partConfig = "barrier";
      renderDistance = "500";
      renderFade = "0.100000001";
      dataBlock = "default_vehicle";
      position = "-688.864624 -357.816711 106.055374";
      rotationMatrix = "-0.655697286 0.755011141 0.00437925011 -0.754991353 -0.655604303 -0.0130747911 -0.00700055854 -0.0118794041 0.99990499";
      annotation = "CAR";
      internalName = "notTarget";
      canSave = "1";
      canSaveDynamicFields = "1";
         autoEnterVehicle = "true";
         licenseText = "3APF240";
   };
   new BeamNGVehicle() {
      JBeam = "barrier";
      color = "White";
      colorPalette0 = "White";
      colorPalette1 = "White";
      metallicPaintData[0] = "0.200000003 0.5 0.800000012 0";
      metallicPaintData[1] = "0.200000003 0.5 0.800000012 0";
      metallicPaintData[2] = "0.200000003 0.5 0.800000012 0";
      metallicPaintData[3] = "1 1 1 1";
      partConfig = "barrier";
      renderDistance = "500";
      renderFade = "0.100000001";
      dataBlock = "default_vehicle";
      position = "-683.281433 -364.195953 106.225281";
      rotationMatrix = "-0.65199244 0.758213043 0.00433345977 -0.758191586 -0.651898682 -0.0131784678 -0.00716710929 -0.0118778553 0.999903798";
      annotation = "CAR";
      internalName = "notTarget";
      canSave = "1";
      canSaveDynamicFields = "1";
         autoEnterVehicle = "true";
         licenseText = "3APF240";
   };
   new BeamNGVehicle() {
      JBeam = "wigeon";
      color = "0.180000007 0.360000014 0.0900000036 1.20000005";
      colorPalette0 = "0 0 0 1.20000005";
      colorPalette1 = "0.180000007 0.360000014 0.0900000036 1.20000005";
      metallicPaintData[0] = "0 1 1 0.0599999987";
      metallicPaintData[1] = "1 1 1 0.0599999987";
      metallicPaintData[2] = "0 1 1 0.0599999987";
      metallicPaintData[3] = "1 1 1 1";
      partConfig = "vehicles/wigeon/base.pc";
      renderDistance = "500";
      renderFade = "0.100000001";
      dataBlock = "default_vehicle";
      position = "-854.595947 -519.48468 106.578156";
      rotationMatrix = "-0.682097435 0.731261313 0 -0.731261313 -0.682097435 0 0 0 1";
      annotation = "CAR";
      internalName = "target";
      canSave = "1";
      canSaveDynamicFields = "1";
         autoEnterVehicle = "true";
         health = "2000";
         licenseDesign = "vehicles/common/licenseplates/west_coast_usa/licensePlate-default.json";
         licenseFormats = "[\"30-15\"]";
         licenseText = "3APF240";
   };
   new BeamNGVehicle() {
      JBeam = "wigeon";
      color = "0.579999983 0.119999997 0.119999997 1.20000005";
      colorPalette0 = "0 0 0 1.20000005";
      colorPalette1 = "0.579999983 0.119999997 0.119999997 1.20000005";
      metallicPaintData[0] = "0.200000003 0.600000024 1 0.0599999987";
      metallicPaintData[1] = "1 1 1 0.0599999987";
      metallicPaintData[2] = "0.200000003 0.600000024 1 0.0599999987";
      metallicPaintData[3] = "1 1 1 1";
      partConfig = "vehicles/wigeon/lx.pc";
      renderDistance = "500";
      renderFade = "0.100000001";
      dataBlock = "default_vehicle";
      position = "-849.754761 -524.013 106.584045";
      rotationMatrix = "-0.711447358 0.702738464 0.00113512995 -0.702738941 -0.711447835 -7.54371285e-08 0.000807532808 -0.000797753746 0.999999404";
      annotation = "CAR";
      internalName = "target";
      canSave = "1";
      canSaveDynamicFields = "1";
         autoEnterVehicle = "true";
         health = "2000";
         licenseDesign = "vehicles/common/licenseplates/west_coast_usa/licensePlate-default.json";
         licenseFormats = "[\"30-15\"]";
         licenseText = "3APF240";
   };
   new BeamNGVehicle() {
      JBeam = "pigeon";
      color = "0.800000012 0.100000001 0.100000001 1.20000005";
      colorPalette0 = "0.800000012 0.100000001 0.100000001 1.20000005";
      colorPalette1 = "0.800000012 0.100000001 0.100000001 1.20000005";
      metallicPaintData[0] = "0 1 1 0.0599999987";
      metallicPaintData[1] = "0 1 1 0.0599999987";
      metallicPaintData[2] = "0 1 1 0.0599999987";
      metallicPaintData[3] = "1 1 1 1";
      partConfig = "vehicles/pigeon/base.pc";
      renderDistance = "500";
      renderFade = "0.100000001";
      dataBlock = "default_vehicle";
      position = "-849.893311 -516.039612 106.61721";
      rotationMatrix = "-0.731881618 0.68143183 0 -0.68143183 -0.731881618 0 0 0 1";
      annotation = "CAR";
      internalName = "target";
      canSave = "1";
      canSaveDynamicFields = "1";
         autoEnterVehicle = "true";
         health = "2000";
         licenseDesign = "vehicles/common/licenseplates/west_coast_usa/licensePlate-default.json";
         licenseFormats = "[\"30-15\"]";
         licenseText = "3APF240";
   };
   new BeamNGVehicle() {
      JBeam = "pigeon";
      color = "0.860000014 0.660000026 0.100000001 1.20000005";
      colorPalette0 = "0.860000014 0.660000026 0.100000001 1.20000005";
      colorPalette1 = "0.860000014 0.660000026 0.100000001 1.20000005";
      metallicPaintData[0] = "0 1 1 0.0599999987";
      metallicPaintData[1] = "0 1 1 0.0599999987";
      metallicPaintData[2] = "0 1 1 0.0599999987";
      metallicPaintData[3] = "1 1 1 1";
      partConfig = "vehicles/pigeon/van.pc";
      renderDistance = "500";
      renderFade = "0.100000001";
      dataBlock = "default_vehicle";
      position = "-843.560181 -513.490723 106.62484";
      rotationMatrix = "-0.683616698 0.729841232 0 -0.729841232 -0.683616698 0 0 0 1";
      annotation = "CAR";
      internalName = "target";
      canSave = "1";
      canSaveDynamicFields = "1";
         autoEnterVehicle = "true";
         health = "2000";
         licenseDesign = "vehicles/common/licenseplates/west_coast_usa/licensePlate-default.json";
         licenseFormats = "[\"30-15\"]";
         licenseText = "3APF240";
   };
   new BeamNGVehicle() {
      JBeam = "wigeon";
      color = "0.829999983 0.829999983 0.829999983 1.20000005";
      colorPalette0 = "0 0 0 1.20000005";
      colorPalette1 = "0.829999983 0.829999983 0.829999983 1.20000005";
      metallicPaintData[0] = "0.300000012 0.600000024 1 0.0599999987";
      metallicPaintData[1] = "1 1 1 0.0599999987";
      metallicPaintData[2] = "0.300000012 0.600000024 1 0.0599999987";
      metallicPaintData[3] = "1 1 1 1";
      partConfig = "vehicles/wigeon/base.pc";
      renderDistance = "500";
      renderFade = "0.100000001";
      dataBlock = "default_vehicle";
      position = "-846.711609 -518.911987 106.582375";
      rotationMatrix = "-0.654794216 0.755800903 -0.00309830741 -0.755803168 -0.654798687 -0.000622253283 -0.00249906699 0.00193426234 0.999994993";
      annotation = "CAR";
      internalName = "target";
      canSave = "1";
      canSaveDynamicFields = "1";
         autoEnterVehicle = "true";
         health = "2000";
         licenseDesign = "vehicles/common/licenseplates/west_coast_usa/licensePlate-default.json";
         licenseFormats = "[\"30-15\"]";
         licenseText = "3APF240";
   };
   new BeamNGVehicle() {
      JBeam = "pigeon";
      color = "0.899999976 0.400000006 0 1.20000005";
      colorPalette0 = "0.899999976 0.400000006 0 1.20000005";
      colorPalette1 = "0.899999976 0.400000006 0 1.20000005";
      metallicPaintData[0] = "0 1 1 0.0599999987";
      metallicPaintData[1] = "0 1 1 0.0599999987";
      metallicPaintData[2] = "0 1 1 0.0599999987";
      metallicPaintData[3] = "1 1 1 1";
      partConfig = "vehicles/pigeon/stabilizer.pc";
      renderDistance = "500";
      renderFade = "0.100000001";
      dataBlock = "default_vehicle";
      position = "-851.55719 -521.169067 106.607552";
      rotationMatrix = "-0.734911978 0.678162575 0 -0.678162575 -0.734911978 0 0 0 1";
      annotation = "CAR";
      internalName = "target";
      canSave = "1";
      canSaveDynamicFields = "1";
         autoEnterVehicle = "true";
         health = "2000";
         licenseDesign = "vehicles/common/licenseplates/west_coast_usa/licensePlate-default.json";
         licenseFormats = "[\"30-15\"]";
         licenseText = "3APF240";
   };
   new BeamNGVehicle() {
      JBeam = "cannon";
      color = "White";
      colorPalette0 = "White";
      colorPalette1 = "White";
      metallicPaintData[0] = "0.200000003 0.5 0.800000012 0";
      metallicPaintData[1] = "0.200000003 0.5 0.800000012 0";
      metallicPaintData[2] = "0.200000003 0.5 0.800000012 0";
      metallicPaintData[3] = "1 1 1 1";
      partConfig = "{[\"vars\"]={[\"$power\"]=56800,[\"$weight\"]=540},[\"parts\"]={},[\"partConfigFilename\"]=\"cannon\"}";
      renderDistance = "500";
      renderFade = "0.100000001";
      dataBlock = "default_vehicle";
      position = "-680.981934 -357.902252 106.21907";
      rotationMatrix = "0.740125954 -0.672412694 -0.00863885414 0.67246145 0.739999771 0.0140012596 -0.0030218754 -0.0161719937 0.999864757";
      annotation = "CAR";
      internalName = "cannon_4";
      canSave = "1";
      canSaveDynamicFields = "1";
         autoEnterVehicle = "true";
         licenseText = "3APF240";
   };
   new BeamNGVehicle() {
      JBeam = "cannon";
      color = "White";
      colorPalette0 = "White";
      colorPalette1 = "White";
      metallicPaintData[0] = "0.200000003 0.5 0.800000012 0";
      metallicPaintData[1] = "0.200000003 0.5 0.800000012 0";
      metallicPaintData[2] = "0.200000003 0.5 0.800000012 0";
      metallicPaintData[3] = "1 1 1 1";
      partConfig = "{[\"vars\"]={[\"$power\"]=56800,[\"$weight\"]=540},[\"parts\"]={},[\"partConfigFilename\"]=\"cannon\"}";
      renderDistance = "500";
      renderFade = "0.100000001";
      dataBlock = "default_vehicle";
      position = "-684.189941 -354.867249 106.21917";
      rotationMatrix = "0.741855204 -0.670554161 -0.00280039012 0.670522571 0.741763175 0.0136739947 -0.00709192734 -0.0120218489 0.999902606";
      annotation = "CAR";
      internalName = "cannon_3";
      canSave = "1";
      canSaveDynamicFields = "1";
         autoEnterVehicle = "true";
         licenseText = "3APF240";
   };
   new BeamNGVehicle() {
      JBeam = "cannon";
      color = "White";
      colorPalette0 = "White";
      colorPalette1 = "White";
      metallicPaintData[0] = "0.200000003 0.5 0.800000012 0";
      metallicPaintData[1] = "0.200000003 0.5 0.800000012 0";
      metallicPaintData[2] = "0.200000003 0.5 0.800000012 0";
      metallicPaintData[3] = "1 1 1 1";
      partConfig = "{[\"vars\"]={[\"$power\"]=57600,[\"$weight\"]=540},[\"parts\"]={},[\"partConfigFilename\"]=\"cannon\"}";
      renderDistance = "500";
      renderFade = "0.100000001";
      dataBlock = "default_vehicle";
      position = "-687.903809 -351.571899 106.224449";
      rotationMatrix = "0.743593276 -0.668626308 -0.00279024732 0.668594599 0.743500829 0.0137076676 -0.00709075574 -0.0120584732 0.999902189";
      annotation = "CAR";
      internalName = "cannon_2";
      canSave = "1";
      canSaveDynamicFields = "1";
         autoEnterVehicle = "true";
         licenseText = "3APF240";
   };
};
//--- OBJECT WRITE END ---










