//--- OBJECT WRITE BEGIN ---
$ThisPrefab = new SimGroup() {
   canSave = "1";
   canSaveDynamicFields = "1";
      groupPosition = "0 0 0";

   new BeamNGVehicle() {
      JBeam = "haybale";
      color = "White";
      colorPalette0 = "White";
      colorPalette1 = "White";
      metallicPaintData[0] = "0.200000003 0.5 0.800000012 0";
      metallicPaintData[1] = "0.200000003 0.5 0.800000012 0";
      metallicPaintData[2] = "0.200000003 0.5 0.800000012 0";
      metallicPaintData[3] = "1 1 1 1";
      partConfig = "vehicles/haybale/round_alt.pc";
      renderDistance = "500";
      renderFade = "0.100000001";
      dataBlock = "default_vehicle";
      position = "391.019165 -118.460091 144.844254";
      rotationMatrix = "-0.51303196 0.85834831 -0.00603038399 -0.858289301 -0.513067424 -0.0100663733 -0.0117344493 1.14431668e-05 0.999931216";
      annotation = "CAR";
      canSave = "1";
      canSaveDynamicFields = "1";
         autoEnterVehicle = "true";
   };
   new DecalRoad() {
      drivability = "-1";
      lanesLeft = "1";
      lanesRight = "1";
      oneWay = "0";
      flipDirection = "0";
      gatedRoad = "0";
      useSubdivisions = "1";
      ImprovedSpline = "1";
      startTangent = "0";
      endTangent = "0";
      looped = "0";
      smoothness = "0.5";
      detail = "0.200000003";
      overObjects = "0";
      material = "AsphaltRoad_track_skidmarks";
      textureLength = "10";
      breakAngle = "3";
      renderPriority = "8";
      zBias = "0";
      decalBias = "0.000500000024";
      distanceFade = "100 200";
      startEndFade = "30 30";
      hiddenInNavi = "0";
      position = "382.890686 -129.60434 144.731125";
      scale = "1 1 1";
      rotationMatrix = "1 0 0 0 1 0 0 0 1";
      canSave = "1";
      canSaveDynamicFields = "1";

      Node = "382.890686 -129.604340 144.731125 7.000000";
      Node = "374.181396 -129.571030 144.642700 7.000000";
      Node = "369.205109 -135.408722 144.573349 7.000000";
      Node = "369.630890 -144.823792 144.520584 7.000000";
      Node = "375.657837 -149.429565 144.564667 7.000000";
      Node = "384.632324 -150.360046 144.694260 7.000000";
      Node = "395.224548 -146.198593 144.847168 7.000000";
   };
   new TSStatic() {
      shapeName = "/levels/west_coast_usa/art/shapes/objects/s_gm_pipe_metal_d30.dae";
      dynamic = "0";
      playAmbient = "1";
      meshCulling = "0";
      originSort = "0";
      useInstanceRenderData = "1";
      instanceColor = "White";
      instanceColor1 = "White";
      instanceColor2 = "White";
      collisionType = "Collision Mesh";
      decalType = "Collision Mesh";
      prebuildCollisionData = "0";
      renderNormals = "0";
      forceDetail = "-1";
      position = "382.936646 -157.343155 144.664413";
      scale = "1 1 1";
      rotationMatrix = "-8.74227766e-08 0 0.99999994 0 0.99999994 0 -0.999999881 0 -8.74227695e-08";
      isRenderEnabled = "false";
      canSave = "1";
      canSaveDynamicFields = "1";
   };
   new TSStatic() {
      shapeName = "/levels/west_coast_usa/art/shapes/objects/s_gm_pipe_metal_d30.dae";
      dynamic = "0";
      playAmbient = "1";
      meshCulling = "0";
      originSort = "0";
      useInstanceRenderData = "1";
      instanceColor = "White";
      instanceColor1 = "White";
      instanceColor2 = "White";
      collisionType = "Collision Mesh";
      decalType = "Collision Mesh";
      prebuildCollisionData = "0";
      renderNormals = "0";
      forceDetail = "-1";
      position = "397.092957 -136.296967 144.880844";
      scale = "1 1 1";
      rotationMatrix = "-8.74227766e-08 0 0.99999994 0 0.99999994 0 -0.999999881 0 -8.74227695e-08";
      isRenderEnabled = "false";
      canSave = "1";
      canSaveDynamicFields = "1";
   };
   new TSStatic() {
      shapeName = "/levels/west_coast_usa/art/shapes/objects/s_gm_pipe_metal_d30.dae";
      dynamic = "0";
      playAmbient = "1";
      meshCulling = "0";
      originSort = "0";
      useInstanceRenderData = "1";
      instanceColor = "White";
      instanceColor1 = "White";
      instanceColor2 = "White";
      collisionType = "Collision Mesh";
      decalType = "Collision Mesh";
      prebuildCollisionData = "0";
      renderNormals = "0";
      forceDetail = "-1";
      position = "382.936646 -146.872955 144.677261";
      scale = "1 1 1";
      rotationMatrix = "-8.74227766e-08 0 0.99999994 0 0.99999994 0 -0.999999881 0 -8.74227695e-08";
      isRenderEnabled = "false";
      canSave = "1";
      canSaveDynamicFields = "1";
   };
   new DecalRoad() {
      drivability = "-1";
      lanesLeft = "0";
      lanesRight = "1";
      oneWay = "0";
      flipDirection = "0";
      gatedRoad = "0";
      useSubdivisions = "1";
      ImprovedSpline = "1";
      startTangent = "0";
      endTangent = "0";
      looped = "1";
      smoothness = "0.5";
      detail = "0.100000001";
      overObjects = "0";
      material = "BlankWhite";
      textureLength = "1";
      breakAngle = "3";
      renderPriority = "10";
      zBias = "0";
      decalBias = "0.000500000024";
      distanceFade = "0 0";
      startEndFade = "0 0";
      hiddenInNavi = "0";
      position = "359.134674 -137.178131 144.50386";
      scale = "1 1 1";
      rotationMatrix = "1 0 0 0 1 0 0 0 1";
      canSave = "1";
      canSaveDynamicFields = "1";

      Node = "359.134674 -137.178131 144.503860 0.500000";
      Node = "363.913330 -153.509277 144.436066 0.500000";
      Node = "380.871155 -165.089905 144.610428 0.500000";
      Node = "404.131287 -162.604355 144.951706 0.500000";
      Node = "417.339783 -147.404190 145.112625 0.500000";
      Node = "416.506439 -126.608894 145.126328 0.500000";
      Node = "400.958557 -111.233124 144.961426 0.500000";
      Node = "379.713318 -110.982155 144.753113 0.500000";
      Node = "365.302399 -120.807953 144.625565 0.500000";
   };
   new DecalRoad() {
      drivability = "-1";
      lanesLeft = "1";
      lanesRight = "1";
      oneWay = "0";
      flipDirection = "0";
      gatedRoad = "0";
      useSubdivisions = "1";
      ImprovedSpline = "1";
      startTangent = "0";
      endTangent = "0";
      looped = "0";
      smoothness = "0.5";
      detail = "0.200000003";
      overObjects = "0";
      material = "AsphaltRoad_track_skidmarks";
      textureLength = "15";
      breakAngle = "3";
      renderPriority = "8";
      zBias = "0";
      decalBias = "0.000500000024";
      distanceFade = "100 200";
      startEndFade = "30 30";
      hiddenInNavi = "0";
      position = "383.342468 -129.619141 144.736343";
      scale = "1 1 1";
      rotationMatrix = "1 0 0 0 1 0 0 0 1";
      canSave = "1";
      canSaveDynamicFields = "1";

      Node = "383.342468 -129.619141 144.736343 7.000000";
      Node = "374.633179 -129.585831 144.646530 7.000000";
      Node = "369.656891 -135.423523 144.575912 7.000000";
      Node = "370.082672 -144.838593 144.523163 7.000000";
      Node = "376.109619 -149.444366 144.569962 7.000000";
      Node = "385.084106 -150.374847 144.702209 7.000000";
      Node = "395.676331 -146.213394 144.852463 7.000000";
   };
   new BeamNGVehicle() {
      JBeam = "cones";
      color = "White";
      colorPalette0 = "White";
      colorPalette1 = "White";
      metallicPaintData[0] = "0.200000003 0.5 0.800000012 0";
      metallicPaintData[1] = "0.200000003 0.5 0.800000012 0";
      metallicPaintData[2] = "0.200000003 0.5 0.800000012 0";
      metallicPaintData[3] = "1 1 1 1";
      partConfig = "vehicles/cones/small.pc";
      renderDistance = "500";
      renderFade = "0.100000001";
      dataBlock = "default_vehicle";
      position = "374.941406 -142.760178 144.584076";
      rotationMatrix = "-0.998402953 0.0553424917 -0.0113431755 -0.0552847683 -0.998456359 -0.00534124114 -0.0116212638 -0.00470560649 0.999921441";
      annotation = "CAR";
      canSave = "1";
      canSaveDynamicFields = "1";
         autoEnterVehicle = "true";
   };
   new BeamNGVehicle() {
      JBeam = "cones";
      color = "White";
      colorPalette0 = "White";
      colorPalette1 = "White";
      metallicPaintData[0] = "0.200000003 0.5 0.800000012 0";
      metallicPaintData[1] = "0.200000003 0.5 0.800000012 0";
      metallicPaintData[2] = "0.200000003 0.5 0.800000012 0";
      metallicPaintData[3] = "1 1 1 1";
      partConfig = "vehicles/cones/small.pc";
      renderDistance = "500";
      renderFade = "0.100000001";
      dataBlock = "default_vehicle";
      position = "374.86792 -142.456863 144.568253";
      rotationMatrix = "-0.998402953 0.0553424917 -0.0113431755 -0.0552847683 -0.998456359 -0.00534124114 -0.0116212638 -0.00470560649 0.999921441";
      annotation = "CAR";
      canSave = "1";
      canSaveDynamicFields = "1";
         autoEnterVehicle = "true";
   };
   new BeamNGVehicle() {
      JBeam = "barrier_plastic";
      color = "White";
      colorPalette0 = "White";
      colorPalette1 = "White";
      metallicPaintData[0] = "0.200000003 0.5 0.800000012 0";
      metallicPaintData[1] = "0.200000003 0.5 0.800000012 0";
      metallicPaintData[2] = "0.200000003 0.5 0.800000012 0";
      metallicPaintData[3] = "1 1 1 1";
      partConfig = "barrier_plastic";
      renderDistance = "500";
      renderFade = "0.100000001";
      dataBlock = "default_vehicle";
      position = "364.167511 -142.729462 144.500809";
      rotationMatrix = "0.0232455134 -0.999664426 -0.0114314286 0.999721408 0.0232906342 -0.00382763636 0.00409259647 -0.0113392686 0.999927342";
      annotation = "CAR";
      canSave = "1";
      canSaveDynamicFields = "1";
         autoEnterVehicle = "true";
   };
   new BeamNGVehicle() {
      JBeam = "barrier_plastic";
      color = "White";
      colorPalette0 = "White";
      colorPalette1 = "White";
      metallicPaintData[0] = "0.200000003 0.5 0.800000012 0";
      metallicPaintData[1] = "0.200000003 0.5 0.800000012 0";
      metallicPaintData[2] = "0.200000003 0.5 0.800000012 0";
      metallicPaintData[3] = "1 1 1 1";
      partConfig = "barrier_plastic";
      renderDistance = "500";
      renderFade = "0.100000001";
      dataBlock = "default_vehicle";
      position = "371.81073 -154.452805 144.50441";
      rotationMatrix = "0.968791962 -0.247611418 -0.0114314286 0.247583374 0.968859017 -0.00382763636 0.0120232096 0.000877951505 0.999927342";
      annotation = "CAR";
      canSave = "1";
      canSaveDynamicFields = "1";
         autoEnterVehicle = "true";
   };
   new BeamNGVehicle() {
      JBeam = "barrier_plastic";
      color = "White";
      colorPalette0 = "White";
      colorPalette1 = "White";
      metallicPaintData[0] = "0.200000003 0.5 0.800000012 0";
      metallicPaintData[1] = "0.200000003 0.5 0.800000012 0";
      metallicPaintData[2] = "0.200000003 0.5 0.800000012 0";
      metallicPaintData[3] = "1 1 1 1";
      partConfig = "barrier_plastic";
      renderDistance = "500";
      renderFade = "0.100000001";
      dataBlock = "default_vehicle";
      position = "370.105072 -153.71254 144.491241";
      rotationMatrix = "0.915787578 -0.401500225 -0.0114314295 0.401483417 0.915858269 -0.0038276366 0.0120063666 -0.00108422711 0.999927342";
      annotation = "CAR";
      canSave = "1";
      canSaveDynamicFields = "1";
         autoEnterVehicle = "true";
   };
   new BeamNGVehicle() {
      JBeam = "barrier_plastic";
      color = "White";
      colorPalette0 = "White";
      colorPalette1 = "White";
      metallicPaintData[0] = "0.200000003 0.5 0.800000012 0";
      metallicPaintData[1] = "0.200000003 0.5 0.800000012 0";
      metallicPaintData[2] = "0.200000003 0.5 0.800000012 0";
      metallicPaintData[3] = "1 1 1 1";
      partConfig = "barrier_plastic";
      renderDistance = "500";
      renderFade = "0.100000001";
      dataBlock = "default_vehicle";
      position = "368.47522 -152.751511 144.477524";
      rotationMatrix = "0.851335645 -0.524496794 -0.0114314295 0.524489999 0.851408005 -0.0038276366 0.0117403939 -0.00273706671 0.999927342";
      annotation = "CAR";
      canSave = "1";
      canSaveDynamicFields = "1";
         autoEnterVehicle = "true";
   };
   new BeamNGVehicle() {
      JBeam = "barrier_plastic";
      color = "White";
      colorPalette0 = "White";
      colorPalette1 = "White";
      metallicPaintData[0] = "0.200000003 0.5 0.800000012 0";
      metallicPaintData[1] = "0.200000003 0.5 0.800000012 0";
      metallicPaintData[2] = "0.200000003 0.5 0.800000012 0";
      metallicPaintData[3] = "1 1 1 1";
      partConfig = "barrier_plastic";
      renderDistance = "500";
      renderFade = "0.100000001";
      dataBlock = "default_vehicle";
      position = "366.996124 -151.575089 144.4655";
      rotationMatrix = "0.777500808 -0.628777981 -0.0114314286 0.628780484 0.777573466 -0.00382763566 0.0112955077 -0.00421186956 0.999927342";
      annotation = "CAR";
      canSave = "1";
      canSaveDynamicFields = "1";
         autoEnterVehicle = "true";
   };
   new BeamNGVehicle() {
      JBeam = "barrier_plastic";
      color = "White";
      colorPalette0 = "White";
      colorPalette1 = "White";
      metallicPaintData[0] = "0.200000003 0.5 0.800000012 0";
      metallicPaintData[1] = "0.200000003 0.5 0.800000012 0";
      metallicPaintData[2] = "0.200000003 0.5 0.800000012 0";
      metallicPaintData[3] = "1 1 1 1";
      partConfig = "barrier_plastic";
      renderDistance = "500";
      renderFade = "0.100000001";
      dataBlock = "default_vehicle";
      position = "364.199402 -144.654388 144.489655";
      rotationMatrix = "0.123907089 -0.992227852 -0.0114314277 0.992279947 0.123957694 -0.00382763636 0.00521489978 -0.0108689088 0.999927342";
      annotation = "CAR";
      canSave = "1";
      canSaveDynamicFields = "1";
         autoEnterVehicle = "true";
   };
   new BeamNGVehicle() {
      JBeam = "barrier_plastic";
      color = "White";
      colorPalette0 = "White";
      colorPalette1 = "White";
      metallicPaintData[0] = "0.200000003 0.5 0.800000012 0";
      metallicPaintData[1] = "0.200000003 0.5 0.800000012 0";
      metallicPaintData[2] = "0.200000003 0.5 0.800000012 0";
      metallicPaintData[3] = "1 1 1 1";
      partConfig = "barrier_plastic";
      renderDistance = "500";
      renderFade = "0.100000001";
      dataBlock = "default_vehicle";
      position = "364.47699 -146.485016 144.470993";
      rotationMatrix = "0.231074631 -0.972868741 -0.0114314277 0.972915113 0.2311306 -0.00382763566 0.00636593951 -0.0102373417 0.999927342";
      annotation = "CAR";
      canSave = "1";
      canSaveDynamicFields = "1";
         autoEnterVehicle = "true";
   };
   new BeamNGVehicle() {
      JBeam = "barrier_plastic";
      color = "White";
      colorPalette0 = "White";
      colorPalette1 = "White";
      metallicPaintData[0] = "0.200000003 0.5 0.800000012 0";
      metallicPaintData[1] = "0.200000003 0.5 0.800000012 0";
      metallicPaintData[2] = "0.200000003 0.5 0.800000012 0";
      metallicPaintData[3] = "1 1 1 1";
      partConfig = "barrier_plastic";
      renderDistance = "500";
      renderFade = "0.100000001";
      dataBlock = "default_vehicle";
      position = "364.958282 -148.31073 144.466324";
      rotationMatrix = "0.413081706 -0.91062212 -0.0114314295 0.910656929 0.413145542 -0.00382763776 0.00820837542 -0.00882898457 0.999927342";
      annotation = "CAR";
      canSave = "1";
      canSaveDynamicFields = "1";
         autoEnterVehicle = "true";
   };
   new BeamNGVehicle() {
      JBeam = "barrier_plastic";
      color = "White";
      colorPalette0 = "White";
      colorPalette1 = "White";
      metallicPaintData[0] = "0.200000003 0.5 0.800000012 0";
      metallicPaintData[1] = "0.200000003 0.5 0.800000012 0";
      metallicPaintData[2] = "0.200000003 0.5 0.800000012 0";
      metallicPaintData[3] = "1 1 1 1";
      partConfig = "barrier_plastic";
      renderDistance = "500";
      renderFade = "0.100000001";
      dataBlock = "default_vehicle";
      position = "365.781006 -150.025116 144.458893";
      rotationMatrix = "0.608778894 -0.793257535 -0.0114314314 0.793276966 0.608848929 -0.00382763753 0.00999631733 -0.00673810625 0.999927342";
      annotation = "CAR";
      canSave = "1";
      canSaveDynamicFields = "1";
         autoEnterVehicle = "true";
   };
   new BeamNGVehicle() {
      JBeam = "haybale";
      color = "White";
      colorPalette0 = "White";
      colorPalette1 = "White";
      metallicPaintData[0] = "0.200000003 0.5 0.800000012 0";
      metallicPaintData[1] = "0.200000003 0.5 0.800000012 0";
      metallicPaintData[2] = "0.200000003 0.5 0.800000012 0";
      metallicPaintData[3] = "1 1 1 1";
      partConfig = "vehicles/haybale/square.pc";
      renderDistance = "500";
      renderFade = "0.100000001";
      dataBlock = "default_vehicle";
      position = "375.106079 -133.260117 144.618744";
      rotationMatrix = "-0.989756107 -0.142649651 -0.00582933938 0.142715544 -0.989676714 -0.0131301777 -0.00389614562 -0.0138276098 0.999896824";
      annotation = "CAR";
      canSave = "1";
      canSaveDynamicFields = "1";
         autoEnterVehicle = "true";
         licenseDesign = "vehicles/common/licenseplates/west_coast_usa/licensePlate-default.json";
         licenseFormats = "[\"30-15\"]";
         licenseText = "3APF240";
   };
   new BeamNGVehicle() {
      JBeam = "haybale";
      color = "White";
      colorPalette0 = "White";
      colorPalette1 = "White";
      metallicPaintData[0] = "0.200000003 0.5 0.800000012 0";
      metallicPaintData[1] = "0.200000003 0.5 0.800000012 0";
      metallicPaintData[2] = "0.200000003 0.5 0.800000012 0";
      metallicPaintData[3] = "1 1 1 1";
      partConfig = "vehicles/haybale/square.pc";
      renderDistance = "500";
      renderFade = "0.100000001";
      dataBlock = "default_vehicle";
      position = "380.192322 -132.11705 144.676056";
      rotationMatrix = "-0.992067695 -0.125568584 -0.00582933892 0.125635818 -0.991989493 -0.0131301759 -0.00413390528 -0.0137583995 0.999896824";
      annotation = "CAR";
      canSave = "1";
      canSaveDynamicFields = "1";
         autoEnterVehicle = "true";
         licenseDesign = "vehicles/common/licenseplates/west_coast_usa/licensePlate-default.json";
         licenseFormats = "[\"30-15\"]";
         licenseText = "3APF240";
   };
   new BeamNGVehicle() {
      JBeam = "barrier_plastic";
      color = "White";
      colorPalette0 = "White";
      colorPalette1 = "White";
      metallicPaintData[0] = "0.200000003 0.5 0.800000012 0";
      metallicPaintData[1] = "0.200000003 0.5 0.800000012 0";
      metallicPaintData[2] = "0.200000003 0.5 0.800000012 0";
      metallicPaintData[3] = "1 1 1 1";
      partConfig = "barrier_plastic";
      renderDistance = "500";
      renderFade = "0.100000001";
      dataBlock = "default_vehicle";
      position = "376.80426 -132.334915 144.65538";
      rotationMatrix = "0.999446929 -0.0312267635 -0.0114314323 0.0311848391 0.999506295 -0.00382763078 0.0115453126 0.00346902641 0.999927342";
      annotation = "CAR";
      canSave = "1";
      canSaveDynamicFields = "1";
         autoEnterVehicle = "true";
   };
   new BeamNGVehicle() {
      JBeam = "barrier_plastic";
      color = "White";
      colorPalette0 = "White";
      colorPalette1 = "White";
      metallicPaintData[0] = "0.200000003 0.5 0.800000012 0";
      metallicPaintData[1] = "0.200000003 0.5 0.800000012 0";
      metallicPaintData[2] = "0.200000003 0.5 0.800000012 0";
      metallicPaintData[3] = "1 1 1 1";
      partConfig = "barrier_plastic";
      renderDistance = "500";
      renderFade = "0.100000001";
      dataBlock = "default_vehicle";
      position = "375.296112 -133.107849 144.622559";
      rotationMatrix = "0.87713784 0.480102628 -0.0114314314 -0.480168849 0.877167702 -0.00382763147 0.00818962604 0.00884637795 0.999927342";
      annotation = "CAR";
      canSave = "1";
      canSaveDynamicFields = "1";
         autoEnterVehicle = "true";
   };
   new BeamNGVehicle() {
      JBeam = "barrier_plastic";
      color = "White";
      colorPalette0 = "White";
      colorPalette1 = "White";
      metallicPaintData[0] = "0.200000003 0.5 0.800000012 0";
      metallicPaintData[1] = "0.200000003 0.5 0.800000012 0";
      metallicPaintData[2] = "0.200000003 0.5 0.800000012 0";
      metallicPaintData[3] = "1 1 1 1";
      partConfig = "barrier_plastic";
      renderDistance = "500";
      renderFade = "0.100000001";
      dataBlock = "default_vehicle";
      position = "379.014069 -134.306976 144.653122";
      rotationMatrix = "-0.885896564 -0.463741511 -0.0114314305 0.463807195 -0.885927677 -0.00382763078 -0.00835239235 -0.00869286619 0.999927342";
      annotation = "CAR";
      canSave = "1";
      canSaveDynamicFields = "1";
         autoEnterVehicle = "true";
   };
   new BeamNGVehicle() {
      JBeam = "barrier_plastic";
      color = "White";
      colorPalette0 = "White";
      colorPalette1 = "White";
      metallicPaintData[0] = "0.200000003 0.5 0.800000012 0";
      metallicPaintData[1] = "0.200000003 0.5 0.800000012 0";
      metallicPaintData[2] = "0.200000003 0.5 0.800000012 0";
      metallicPaintData[3] = "1 1 1 1";
      partConfig = "barrier_plastic";
      renderDistance = "500";
      renderFade = "0.100000001";
      dataBlock = "default_vehicle";
      position = "377.511353 -135.09346 144.630936";
      rotationMatrix = "-0.998695314 0.0497696735 -0.0114314333 -0.0497288555 -0.998755455 -0.00382763124 -0.0116077065 -0.00325416517 0.999927342";
      annotation = "CAR";
      canSave = "1";
      canSaveDynamicFields = "1";
         autoEnterVehicle = "true";
   };
   new BeamNGVehicle() {
      JBeam = "cones";
      color = "White";
      colorPalette0 = "White";
      colorPalette1 = "White";
      metallicPaintData[0] = "0.200000003 0.5 0.800000012 0";
      metallicPaintData[1] = "0.200000003 0.5 0.800000012 0";
      metallicPaintData[2] = "0.200000003 0.5 0.800000012 0";
      metallicPaintData[3] = "1 1 1 1";
      partConfig = "vehicles/cones/large.pc";
      renderDistance = "500";
      renderFade = "0.100000001";
      dataBlock = "default_vehicle";
      position = "397.649414 -134.442352 144.88739";
      rotationMatrix = "-0.998344481 0.0553567111 -0.015621935 -0.0552777722 -0.99845618 -0.00544047402 -0.0158989839 -0.00456792116 0.999863207";
      annotation = "CAR";
      canSave = "1";
      canSaveDynamicFields = "1";
         autoEnterVehicle = "true";
   };
   new BeamNGVehicle() {
      JBeam = "cones";
      color = "White";
      colorPalette0 = "White";
      colorPalette1 = "White";
      metallicPaintData[0] = "0.200000003 0.5 0.800000012 0";
      metallicPaintData[1] = "0.200000003 0.5 0.800000012 0";
      metallicPaintData[2] = "0.200000003 0.5 0.800000012 0";
      metallicPaintData[3] = "1 1 1 1";
      partConfig = "vehicles/cones/large.pc";
      renderDistance = "500";
      renderFade = "0.100000001";
      dataBlock = "default_vehicle";
      position = "399.025848 -136.43428 144.903183";
      rotationMatrix = "-0.998344481 0.0553567111 -0.015621935 -0.0552777722 -0.99845618 -0.00544047402 -0.0158989839 -0.00456792116 0.999863207";
      annotation = "CAR";
      canSave = "1";
      canSaveDynamicFields = "1";
         autoEnterVehicle = "true";
   };
   new BeamNGVehicle() {
      JBeam = "cones";
      color = "White";
      colorPalette0 = "White";
      colorPalette1 = "White";
      metallicPaintData[0] = "0.200000003 0.5 0.800000012 0";
      metallicPaintData[1] = "0.200000003 0.5 0.800000012 0";
      metallicPaintData[2] = "0.200000003 0.5 0.800000012 0";
      metallicPaintData[3] = "1 1 1 1";
      partConfig = "vehicles/cones/large.pc";
      renderDistance = "500";
      renderFade = "0.100000001";
      dataBlock = "default_vehicle";
      position = "397.033936 -137.722824 144.879211";
      rotationMatrix = "-0.998344481 0.0553567111 -0.015621935 -0.0552777722 -0.99845618 -0.00544047402 -0.0158989839 -0.00456792116 0.999863207";
      annotation = "CAR";
      canSave = "1";
      canSaveDynamicFields = "1";
         autoEnterVehicle = "true";
   };
   new BeamNGVehicle() {
      JBeam = "cones";
      color = "White";
      colorPalette0 = "White";
      colorPalette1 = "White";
      metallicPaintData[0] = "0.200000003 0.5 0.800000012 0";
      metallicPaintData[1] = "0.200000003 0.5 0.800000012 0";
      metallicPaintData[2] = "0.200000003 0.5 0.800000012 0";
      metallicPaintData[3] = "1 1 1 1";
      partConfig = "vehicles/cones/small.pc";
      renderDistance = "500";
      renderFade = "0.100000001";
      dataBlock = "default_vehicle";
      position = "374.622437 -142.7603 144.580322";
      rotationMatrix = "-0.998402953 0.0553424917 -0.0113431755 -0.0552847683 -0.998456359 -0.00534124114 -0.0116212638 -0.00470560649 0.999921441";
      annotation = "CAR";
      canSave = "1";
      canSaveDynamicFields = "1";
         autoEnterVehicle = "true";
   };
   new BeamNGVehicle() {
      JBeam = "cones";
      color = "White";
      colorPalette0 = "White";
      colorPalette1 = "White";
      metallicPaintData[0] = "0.200000003 0.5 0.800000012 0";
      metallicPaintData[1] = "0.200000003 0.5 0.800000012 0";
      metallicPaintData[2] = "0.200000003 0.5 0.800000012 0";
      metallicPaintData[3] = "1 1 1 1";
      partConfig = "vehicles/cones/large.pc";
      renderDistance = "500";
      renderFade = "0.100000001";
      dataBlock = "default_vehicle";
      position = "395.526215 -136.304153 144.862427";
      rotationMatrix = "-0.998344481 0.0553567111 -0.015621935 -0.0552777722 -0.99845618 -0.00544047402 -0.0158989839 -0.00456792116 0.999863207";
      annotation = "CAR";
      canSave = "1";
      canSaveDynamicFields = "1";
         autoEnterVehicle = "true";
   };
   new BeamNGVehicle() {
      JBeam = "haybale";
      color = "White";
      colorPalette0 = "White";
      colorPalette1 = "White";
      metallicPaintData[0] = "0.200000003 0.5 0.800000012 0";
      metallicPaintData[1] = "0.200000003 0.5 0.800000012 0";
      metallicPaintData[2] = "0.200000003 0.5 0.800000012 0";
      metallicPaintData[3] = "1 1 1 1";
      partConfig = "vehicles/haybale/square.pc";
      renderDistance = "500";
      renderFade = "0.100000001";
      dataBlock = "default_vehicle";
      position = "382.299805 -146.08963 144.664932";
      rotationMatrix = "-0.998451948 0.0553088114 -0.00582933845 -0.0552285612 -0.998387098 -0.0131301749 -0.00654615229 -0.0127879065 0.999896824";
      annotation = "CAR";
      canSave = "1";
      canSaveDynamicFields = "1";
         autoEnterVehicle = "true";
         licenseDesign = "vehicles/common/licenseplates/west_coast_usa/licensePlate-default.json";
         licenseFormats = "[\"30-15\"]";
         licenseText = "3APF240";
   };
   new BeamNGVehicle() {
      JBeam = "haybale";
      color = "White";
      colorPalette0 = "White";
      colorPalette1 = "White";
      metallicPaintData[0] = "0.200000003 0.5 0.800000012 0";
      metallicPaintData[1] = "0.200000003 0.5 0.800000012 0";
      metallicPaintData[2] = "0.200000003 0.5 0.800000012 0";
      metallicPaintData[3] = "1 1 1 1";
      partConfig = "vehicles/haybale/square.pc";
      renderDistance = "500";
      renderFade = "0.100000001";
      dataBlock = "default_vehicle";
      position = "382.346039 -156.461334 144.648132";
      rotationMatrix = "-0.998451948 0.0553088114 -0.00582933845 -0.0552285612 -0.998387098 -0.0131301749 -0.00654615229 -0.0127879065 0.999896824";
      annotation = "CAR";
      canSave = "1";
      canSaveDynamicFields = "1";
         autoEnterVehicle = "true";
         licenseDesign = "vehicles/common/licenseplates/west_coast_usa/licensePlate-default.json";
         licenseFormats = "[\"30-15\"]";
         licenseText = "3APF240";
   };
   new BeamNGVehicle() {
      JBeam = "haybale";
      color = "White";
      colorPalette0 = "White";
      colorPalette1 = "White";
      metallicPaintData[0] = "0.200000003 0.5 0.800000012 0";
      metallicPaintData[1] = "0.200000003 0.5 0.800000012 0";
      metallicPaintData[2] = "0.200000003 0.5 0.800000012 0";
      metallicPaintData[3] = "1 1 1 1";
      partConfig = "vehicles/haybale/square.pc";
      renderDistance = "500";
      renderFade = "0.100000001";
      dataBlock = "default_vehicle";
      position = "384.570129 -146.027603 144.689438";
      rotationMatrix = "-0.998451948 0.0553088114 -0.00582933845 -0.0552285612 -0.998387098 -0.0131301749 -0.00654615229 -0.0127879065 0.999896824";
      annotation = "CAR";
      canSave = "1";
      canSaveDynamicFields = "1";
         autoEnterVehicle = "true";
         licenseDesign = "vehicles/common/licenseplates/west_coast_usa/licensePlate-default.json";
         licenseFormats = "[\"30-15\"]";
         licenseText = "3APF240";
   };
   new BeamNGVehicle() {
      JBeam = "haybale";
      color = "White";
      colorPalette0 = "White";
      colorPalette1 = "White";
      metallicPaintData[0] = "0.200000003 0.5 0.800000012 0";
      metallicPaintData[1] = "0.200000003 0.5 0.800000012 0";
      metallicPaintData[2] = "0.200000003 0.5 0.800000012 0";
      metallicPaintData[3] = "1 1 1 1";
      partConfig = "vehicles/haybale/square.pc";
      renderDistance = "500";
      renderFade = "0.100000001";
      dataBlock = "default_vehicle";
      position = "396.05484 -137.699432 146.711777";
      rotationMatrix = "-0.470161676 0.882560611 -0.00582927465 -0.302819937 -0.167516232 -0.938209891 -0.829003811 -0.439345479 0.346017241";
      annotation = "CAR";
      canSave = "1";
      canSaveDynamicFields = "1";
         autoEnterVehicle = "true";
         licenseDesign = "vehicles/common/licenseplates/west_coast_usa/licensePlate-default.json";
         licenseFormats = "[\"30-15\"]";
         licenseText = "3APF240";
   };
   new BeamNGVehicle() {
      JBeam = "haybale";
      color = "White";
      colorPalette0 = "White";
      colorPalette1 = "White";
      metallicPaintData[0] = "0.200000003 0.5 0.800000012 0";
      metallicPaintData[1] = "0.200000003 0.5 0.800000012 0";
      metallicPaintData[2] = "0.200000003 0.5 0.800000012 0";
      metallicPaintData[3] = "1 1 1 1";
      partConfig = "vehicles/haybale/square.pc";
      renderDistance = "500";
      renderFade = "0.100000001";
      dataBlock = "default_vehicle";
      position = "397.536072 -135.515488 144.886032";
      rotationMatrix = "-0.511896074 0.859027565 -0.00582934031 -0.858929038 -0.511926472 -0.0131301768 -0.0142633766 -0.00171429641 0.999896824";
      annotation = "CAR";
      canSave = "1";
      canSaveDynamicFields = "1";
         autoEnterVehicle = "true";
         licenseDesign = "vehicles/common/licenseplates/west_coast_usa/licensePlate-default.json";
         licenseFormats = "[\"30-15\"]";
         licenseText = "3APF240";
   };
   new DecalRoad() {
      drivability = "-1";
      lanesLeft = "1";
      lanesRight = "1";
      oneWay = "0";
      flipDirection = "0";
      gatedRoad = "0";
      useSubdivisions = "1";
      ImprovedSpline = "1";
      startTangent = "0";
      endTangent = "0";
      looped = "0";
      smoothness = "0.5";
      detail = "0.200000003";
      overObjects = "0";
      material = "AsphaltRoad_track_skidmarks";
      textureLength = "15";
      breakAngle = "3";
      renderPriority = "8";
      zBias = "0";
      decalBias = "0.000500000024";
      distanceFade = "100 200";
      startEndFade = "30 30";
      hiddenInNavi = "0";
      position = "410.570801 -132.70816 145.044907";
      scale = "1 1 1";
      rotationMatrix = "1 0 0 0 1 0 0 0 1";
      canSave = "1";
      canSaveDynamicFields = "1";

      Node = "410.570801 -132.708160 145.044907 7.000000";
      Node = "401.364655 -128.268494 144.942703 7.000000";
      Node = "392.913361 -130.832825 144.837631 7.000000";
      Node = "391.259094 -137.654892 144.806488 7.000000";
      Node = "396.787201 -143.109024 144.867798 7.000000";
      Node = "404.929535 -141.431305 144.967361 7.000000";
      Node = "408.508118 -134.076401 145.020691 7.000000";
   };
   new BeamNGVehicle() {
      JBeam = "haybale";
      color = "White";
      colorPalette0 = "White";
      colorPalette1 = "White";
      metallicPaintData[0] = "0.200000003 0.5 0.800000012 0";
      metallicPaintData[1] = "0.200000003 0.5 0.800000012 0";
      metallicPaintData[2] = "0.200000003 0.5 0.800000012 0";
      metallicPaintData[3] = "1 1 1 1";
      partConfig = "vehicles/haybale/round.pc";
      renderDistance = "500";
      renderFade = "0.100000001";
      dataBlock = "default_vehicle";
      position = "397.997284 -136.027298 144.87146";
      rotationMatrix = "-0.51323849 0.858235419 -0.00428053457 -0.858177423 -0.513254166 -0.0100919213 -0.0108582452 -0.00150610378 0.999939919";
      annotation = "CAR";
      canSave = "1";
      canSaveDynamicFields = "1";
         autoEnterVehicle = "true";
   };
   new BeamNGVehicle() {
      JBeam = "haybale";
      color = "White";
      colorPalette0 = "White";
      colorPalette1 = "White";
      metallicPaintData[0] = "0.200000003 0.5 0.800000012 0";
      metallicPaintData[1] = "0.200000003 0.5 0.800000012 0";
      metallicPaintData[2] = "0.200000003 0.5 0.800000012 0";
      metallicPaintData[3] = "1 1 1 1";
      partConfig = "vehicles/haybale/round_alt.pc";
      renderDistance = "500";
      renderFade = "0.100000001";
      dataBlock = "default_vehicle";
      position = "390.564606 -116.538155 144.824692";
      rotationMatrix = "-0.51303196 0.85834831 -0.00603038399 -0.858289301 -0.513067424 -0.0100663733 -0.0117344493 1.14431668e-05 0.999931216";
      annotation = "CAR";
      canSave = "1";
      canSaveDynamicFields = "1";
         autoEnterVehicle = "true";
   };
   new BeamNGVehicle() {
      JBeam = "haybale";
      color = "White";
      colorPalette0 = "White";
      colorPalette1 = "White";
      metallicPaintData[0] = "0.200000003 0.5 0.800000012 0";
      metallicPaintData[1] = "0.200000003 0.5 0.800000012 0";
      metallicPaintData[2] = "0.200000003 0.5 0.800000012 0";
      metallicPaintData[3] = "1 1 1 1";
      partConfig = "vehicles/haybale/square.pc";
      renderDistance = "500";
      renderFade = "0.100000001";
      dataBlock = "default_vehicle";
      position = "384.613434 -156.398727 144.682663";
      rotationMatrix = "-0.998451948 0.0553088114 -0.00582933845 -0.0552285612 -0.998387098 -0.0131301749 -0.00654615229 -0.0127879065 0.999896824";
      annotation = "CAR";
      canSave = "1";
      canSaveDynamicFields = "1";
         autoEnterVehicle = "true";
         licenseDesign = "vehicles/common/licenseplates/west_coast_usa/licensePlate-default.json";
         licenseFormats = "[\"30-15\"]";
         licenseText = "3APF240";
   };
   new BeamNGVehicle() {
      JBeam = "haybale";
      color = "White";
      colorPalette0 = "White";
      colorPalette1 = "White";
      metallicPaintData[0] = "0.200000003 0.5 0.800000012 0";
      metallicPaintData[1] = "0.200000003 0.5 0.800000012 0";
      metallicPaintData[2] = "0.200000003 0.5 0.800000012 0";
      metallicPaintData[3] = "1 1 1 1";
      partConfig = "vehicles/haybale/round_alt.pc";
      renderDistance = "500";
      renderFade = "0.100000001";
      dataBlock = "default_vehicle";
      position = "397.615967 -137.182281 144.867676";
      rotationMatrix = "-0.511886537 0.859032094 -0.00600606017 -0.858972728 -0.511921763 -0.0100980569 -0.0117491875 -1.00168409e-05 0.999930978";
      annotation = "CAR";
      canSave = "1";
      canSaveDynamicFields = "1";
         autoEnterVehicle = "true";
   };
};
//--- OBJECT WRITE END ---






