//--- OBJECT WRITE BEGIN ---
$ThisPrefab = new SimGroup() {
   canSave = "1";
   canSaveDynamicFields = "1";
      groupPosition = "0 0 0";

   new TSStatic() {
      shapeName = "/levels/west_coast_usa/art/shapes/objects/arrowboard_L.dae";
      dynamic = "0";
      playAmbient = "1";
      meshCulling = "0";
      originSort = "0";
      useInstanceRenderData = "1";
      instanceColor = "White";
      instanceColor1 = "White";
      instanceColor2 = "White";
      collisionType = "Collision Mesh";
      decalType = "Collision Mesh";
      prebuildCollisionData = "0";
      renderNormals = "0";
      forceDetail = "-1";
      position = "-557.782837 615.934265 90.3605499";
      scale = "1 1 1";
      rotationMatrix = "-0.707107186 -0.707106888 9.31322575e-10 0.706962883 -0.706963181 -0.0201780275 0.0142680202 -0.0142680211 0.999796391";
      isRenderEnabled = "false";
      canSave = "1";
      canSaveDynamicFields = "1";
         mode = "Ignore";
         order_simset = "459";
   };
   new TSStatic() {
      shapeName = "/levels/west_coast_usa/art/shapes/objects/arrowboard_L.dae";
      dynamic = "0";
      playAmbient = "1";
      meshCulling = "0";
      originSort = "0";
      useInstanceRenderData = "1";
      instanceColor = "White";
      instanceColor1 = "White";
      instanceColor2 = "White";
      collisionType = "Collision Mesh";
      decalType = "Collision Mesh";
      prebuildCollisionData = "0";
      renderNormals = "0";
      forceDetail = "-1";
      position = "-553.017944 611.169373 90.2373352";
      scale = "1 1 1";
      rotationMatrix = "-0.707107186 -0.707106888 9.31322575e-10 0.706962883 -0.706963181 -0.0201780275 0.0142680202 -0.0142680211 0.999796391";
      isRenderEnabled = "false";
      canSave = "1";
      canSaveDynamicFields = "1";
         mode = "Ignore";
         order_simset = "459";
   };
   new TSStatic() {
      shapeName = "/levels/west_coast_usa/art/shapes/race/curbramp.dae";
      dynamic = "0";
      playAmbient = "1";
      meshCulling = "0";
      originSort = "0";
      useInstanceRenderData = "1";
      instanceColor = "White";
      instanceColor1 = "White";
      instanceColor2 = "White";
      collisionType = "Collision Mesh";
      decalType = "Collision Mesh";
      prebuildCollisionData = "0";
      renderNormals = "0";
      forceDetail = "-1";
      position = "-775.362793 434.356689 139.83551";
      scale = "0.985533237 1 1";
      rotationMatrix = "0.545046926 -0.838403404 -0.00194821879 0.835374177 0.542877316 0.0862227976 -0.0712318271 -0.0486229658 0.996273994";
      isRenderEnabled = "false";
      canSave = "1";
      canSaveDynamicFields = "1";
   };
   new TSStatic() {
      shapeName = "/levels/west_coast_usa/art/shapes/race/curbramp.dae";
      dynamic = "0";
      playAmbient = "1";
      meshCulling = "0";
      originSort = "0";
      useInstanceRenderData = "1";
      instanceColor = "White";
      instanceColor1 = "White";
      instanceColor2 = "White";
      collisionType = "Collision Mesh";
      decalType = "Collision Mesh";
      prebuildCollisionData = "0";
      renderNormals = "0";
      forceDetail = "-1";
      position = "-779.740967 436.523682 139.907379";
      scale = "0.985533237 1 1";
      rotationMatrix = "0.998168826 -0.0150658153 -0.0585832745 0.0183021799 0.998312771 0.0551056676 0.0576542169 -0.0560769625 0.996760428";
      isRenderEnabled = "false";
      canSave = "1";
      canSaveDynamicFields = "1";
   };
   new TSStatic() {
      shapeName = "/levels/west_coast_usa/art/shapes/race/curbramp.dae";
      dynamic = "0";
      playAmbient = "1";
      meshCulling = "0";
      originSort = "0";
      useInstanceRenderData = "1";
      instanceColor = "White";
      instanceColor1 = "White";
      instanceColor2 = "White";
      collisionType = "Collision Mesh";
      decalType = "Collision Mesh";
      prebuildCollisionData = "0";
      renderNormals = "0";
      forceDetail = "-1";
      position = "-778.740967 436.475922 139.864899";
      scale = "0.985533237 1 1";
      rotationMatrix = "0.992841661 -0.113263577 -0.0379048064 0.115140826 0.992004275 0.0516728871 0.0317490771 -0.0556673892 0.997944474";
      isRenderEnabled = "false";
      canSave = "1";
      canSaveDynamicFields = "1";
   };
   new TSStatic() {
      shapeName = "/levels/west_coast_usa/art/shapes/race/curbramp.dae";
      dynamic = "0";
      playAmbient = "1";
      meshCulling = "0";
      originSort = "0";
      useInstanceRenderData = "1";
      instanceColor = "White";
      instanceColor1 = "White";
      instanceColor2 = "White";
      collisionType = "Collision Mesh";
      decalType = "Collision Mesh";
      prebuildCollisionData = "0";
      renderNormals = "0";
      forceDetail = "-1";
      position = "-777.725098 436.239655 139.836761";
      scale = "0.985533237 1 1";
      rotationMatrix = "0.947010159 -0.320557743 -0.020359017 0.321185976 0.945717871 0.0495708995 0.00336354692 -0.053483177 0.998563111";
      isRenderEnabled = "false";
      canSave = "1";
      canSaveDynamicFields = "1";
   };
   new TSStatic() {
      shapeName = "/levels/west_coast_usa/art/shapes/race/curbramp.dae";
      dynamic = "0";
      playAmbient = "1";
      meshCulling = "0";
      originSort = "0";
      useInstanceRenderData = "1";
      instanceColor = "White";
      instanceColor1 = "White";
      instanceColor2 = "White";
      collisionType = "Collision Mesh";
      decalType = "Collision Mesh";
      prebuildCollisionData = "0";
      renderNormals = "0";
      forceDetail = "-1";
      position = "-776.804871 435.786957 139.829987";
      scale = "0.985533237 1 1";
      rotationMatrix = "0.845871329 -0.533385873 0.00113527291 0.53251946 0.844614804 0.0552165546 -0.0304105934 -0.0461015441 0.998473763";
      isRenderEnabled = "false";
      canSave = "1";
      canSaveDynamicFields = "1";
   };
   new TSStatic() {
      shapeName = "/levels/west_coast_usa/art/shapes/race/curbramp.dae";
      dynamic = "0";
      playAmbient = "1";
      meshCulling = "0";
      originSort = "0";
      useInstanceRenderData = "1";
      instanceColor = "White";
      instanceColor1 = "White";
      instanceColor2 = "White";
      collisionType = "Collision Mesh";
      decalType = "Collision Mesh";
      prebuildCollisionData = "0";
      renderNormals = "0";
      forceDetail = "-1";
      position = "-776.008301 435.157867 139.830139";
      scale = "0.985533237 1 1";
      rotationMatrix = "0.707106471 -0.707107186 -7.4505806e-09 0.705973148 0.705972433 0.0566122904 -0.0400309451 -0.0400309265 0.998396218";
      isRenderEnabled = "false";
      canSave = "1";
      canSaveDynamicFields = "1";
   };
   new TSStatic() {
      shapeName = "/levels/west_coast_usa/art/shapes/race/curbramp.dae";
      dynamic = "0";
      playAmbient = "1";
      meshCulling = "0";
      originSort = "0";
      useInstanceRenderData = "1";
      instanceColor = "White";
      instanceColor1 = "White";
      instanceColor2 = "White";
      collisionType = "Collision Mesh";
      decalType = "Collision Mesh";
      prebuildCollisionData = "0";
      renderNormals = "0";
      forceDetail = "-1";
      position = "-909.33844 445.014435 153.159332";
      scale = "1.00496209 1 1";
      rotationMatrix = "-0.99815309 0.00682562357 0.0603636093 -0.00466827163 -0.999347687 0.0358083658 0.0605686493 0.0354604386 0.997533977";
      isRenderEnabled = "false";
      canSave = "1";
      canSaveDynamicFields = "1";
   };
   new TSStatic() {
      shapeName = "/levels/west_coast_usa/art/shapes/race/curbramp.dae";
      dynamic = "0";
      playAmbient = "1";
      meshCulling = "0";
      originSort = "0";
      useInstanceRenderData = "1";
      instanceColor = "White";
      instanceColor1 = "White";
      instanceColor2 = "White";
      collisionType = "Collision Mesh";
      decalType = "Collision Mesh";
      prebuildCollisionData = "0";
      renderNormals = "0";
      forceDetail = "-1";
      position = "-914.37262 449.129852 153.216156";
      scale = "1 1 1";
      rotationMatrix = "-0.108494878 0.993636191 -0.0302724428 -0.993848503 -0.10773623 0.0256629903 0.0222382359 0.0328705162 0.999212205";
      isRenderEnabled = "false";
      canSave = "1";
      canSaveDynamicFields = "1";
   };
   new TSStatic() {
      shapeName = "/levels/west_coast_usa/art/shapes/race/curbramp.dae";
      dynamic = "0";
      playAmbient = "1";
      meshCulling = "0";
      originSort = "0";
      useInstanceRenderData = "1";
      instanceColor = "White";
      instanceColor1 = "White";
      instanceColor2 = "White";
      collisionType = "Collision Mesh";
      decalType = "Collision Mesh";
      prebuildCollisionData = "0";
      renderNormals = "0";
      forceDetail = "-1";
      position = "-910.352234 445.068146 153.206528";
      scale = "0.974828839 1 1";
      rotationMatrix = "-0.992358565 0.121846065 0.0194596536 -0.121027559 -0.99189055 0.0388097651 0.0240306556 0.0361580364 0.999057114";
      isRenderEnabled = "false";
      canSave = "1";
      canSaveDynamicFields = "1";
   };
   new TSStatic() {
      shapeName = "/levels/west_coast_usa/art/shapes/race/curbramp.dae";
      dynamic = "0";
      playAmbient = "1";
      meshCulling = "0";
      originSort = "0";
      useInstanceRenderData = "1";
      instanceColor = "White";
      instanceColor1 = "White";
      instanceColor2 = "White";
      collisionType = "Collision Mesh";
      decalType = "Collision Mesh";
      prebuildCollisionData = "0";
      renderNormals = "0";
      forceDetail = "-1";
      position = "-911.343933 445.290588 153.221527";
      scale = "0.974828839 1 1";
      rotationMatrix = "-0.940762639 0.338907897 0.0103626717 -0.338213682 -0.940124631 0.0421603061 0.0240306612 0.0361580364 0.999057114";
      isRenderEnabled = "false";
      canSave = "1";
      canSaveDynamicFields = "1";
   };
   new TSStatic() {
      shapeName = "/levels/west_coast_usa/art/shapes/race/curbramp.dae";
      dynamic = "0";
      playAmbient = "1";
      meshCulling = "0";
      originSort = "0";
      useInstanceRenderData = "1";
      instanceColor = "White";
      instanceColor1 = "White";
      instanceColor2 = "White";
      collisionType = "Collision Mesh";
      decalType = "Collision Mesh";
      prebuildCollisionData = "0";
      renderNormals = "0";
      forceDetail = "-1";
      position = "-912.263184 445.736206 153.227509";
      scale = "0.974828839 1 1";
      rotationMatrix = "-0.845529318 0.533928454 0.00101377908 -0.533388317 -0.844756484 0.0434033349 0.0240306705 0.0361580476 0.999057114";
      isRenderEnabled = "false";
      canSave = "1";
      canSaveDynamicFields = "1";
   };
   new TSStatic() {
      shapeName = "/levels/west_coast_usa/art/shapes/race/curbramp.dae";
      dynamic = "0";
      playAmbient = "1";
      meshCulling = "0";
      originSort = "0";
      useInstanceRenderData = "1";
      instanceColor = "White";
      instanceColor1 = "White";
      instanceColor2 = "White";
      collisionType = "Collision Mesh";
      decalType = "Collision Mesh";
      prebuildCollisionData = "0";
      renderNormals = "0";
      forceDetail = "-1";
      position = "-913.056091 446.376556 153.230164";
      scale = "0.974828839 1 1";
      rotationMatrix = "-0.704092622 0.710107088 0.00149564631 -0.709879756 -0.703917623 0.0239033643 0.0180267543 0.0157684442 0.999713182";
      isRenderEnabled = "false";
      canSave = "1";
      canSaveDynamicFields = "1";
   };
   new TSStatic() {
      shapeName = "/levels/west_coast_usa/art/shapes/race/curbramp.dae";
      dynamic = "0";
      playAmbient = "1";
      meshCulling = "0";
      originSort = "0";
      useInstanceRenderData = "1";
      instanceColor = "White";
      instanceColor1 = "White";
      instanceColor2 = "White";
      collisionType = "Collision Mesh";
      decalType = "Collision Mesh";
      prebuildCollisionData = "0";
      renderNormals = "0";
      forceDetail = "-1";
      position = "-913.703247 447.18277 153.229599";
      scale = "1 1 1";
      rotationMatrix = "-0.527423382 0.849583268 0.00575176254 -0.849231243 -0.527380943 0.0259972066 0.0251201596 0.00882695615 0.999645472";
      isRenderEnabled = "false";
      canSave = "1";
      canSaveDynamicFields = "1";
   };
   new TSStatic() {
      shapeName = "/levels/west_coast_usa/art/shapes/race/curbramp.dae";
      dynamic = "0";
      playAmbient = "1";
      meshCulling = "0";
      originSort = "0";
      useInstanceRenderData = "1";
      instanceColor = "White";
      instanceColor1 = "White";
      instanceColor2 = "White";
      collisionType = "Collision Mesh";
      decalType = "Collision Mesh";
      prebuildCollisionData = "0";
      renderNormals = "0";
      forceDetail = "-1";
      position = "-914.142212 448.1008 153.228943";
      scale = "1 1 1";
      rotationMatrix = "-0.331517696 0.943448961 -9.31322575e-10 -0.94311446 -0.331400156 0.0266258847 0.0251201652 0.00882695429 0.999645472";
      isRenderEnabled = "false";
      canSave = "1";
      canSaveDynamicFields = "1";
   };
   new TSStatic() {
      shapeName = "/levels/west_coast_usa/art/shapes/objects/featherflag_beamng.dae";
      dynamic = "0";
      playAmbient = "1";
      meshCulling = "0";
      originSort = "0";
      useInstanceRenderData = "1";
      instanceColor = "White";
      instanceColor1 = "White";
      instanceColor2 = "White";
      collisionType = "Collision Mesh";
      decalType = "Collision Mesh";
      prebuildCollisionData = "0";
      renderNormals = "0";
      forceDetail = "-1";
      position = "-569.49585 624.708679 92.3443222";
      scale = "1 1 1";
      rotationMatrix = "0.711533785 0.702651799 0 -0.702651799 0.711533785 0 0 0 1";
      isRenderEnabled = "false";
      canSave = "1";
      canSaveDynamicFields = "1";
   };
   new TSStatic() {
      shapeName = "/levels/west_coast_usa/art/shapes/objects/featherflag_beamng.dae";
      dynamic = "0";
      playAmbient = "1";
      meshCulling = "0";
      originSort = "0";
      useInstanceRenderData = "1";
      instanceColor = "White";
      instanceColor1 = "White";
      instanceColor2 = "White";
      collisionType = "Collision Mesh";
      decalType = "Collision Mesh";
      prebuildCollisionData = "0";
      renderNormals = "0";
      forceDetail = "-1";
      position = "-575.404785 618.652588 92.3544388";
      scale = "1 1 1";
      rotationMatrix = "-0.711533904 -0.702652276 0 0.702652276 -0.711533904 0 0 0 1";
      isRenderEnabled = "false";
      canSave = "1";
      canSaveDynamicFields = "1";
   };
   new TSStatic() {
      shapeName = "/levels/west_coast_usa/art/shapes/objects/constructionbarrier_arrows.dae";
      dynamic = "0";
      playAmbient = "1";
      meshCulling = "0";
      originSort = "0";
      useInstanceRenderData = "1";
      instanceColor = "White";
      instanceColor1 = "White";
      instanceColor2 = "White";
      collisionType = "Collision Mesh";
      decalType = "Collision Mesh";
      prebuildCollisionData = "0";
      renderNormals = "0";
      forceDetail = "-1";
      position = "-581.945496 620.256409 90.6228333";
      scale = "1 1 1";
      rotationMatrix = "1.45435333e-05 0.999947846 0.0102208834 -0.999948442 -8.92877579e-05 0.010160462 0.0101608429 -0.0102205044 0.999896169";
      isRenderEnabled = "false";
      canSave = "1";
      canSaveDynamicFields = "1";
         mode = "Ignore";
         order_simset = "459";
   };
   new TSStatic() {
      shapeName = "/levels/west_coast_usa/art/shapes/objects/constructionbarrier_arrows.dae";
      dynamic = "0";
      playAmbient = "1";
      meshCulling = "0";
      originSort = "0";
      useInstanceRenderData = "1";
      instanceColor = "White";
      instanceColor1 = "White";
      instanceColor2 = "White";
      collisionType = "Collision Mesh";
      decalType = "Collision Mesh";
      prebuildCollisionData = "0";
      renderNormals = "0";
      forceDetail = "-1";
      position = "-580.095581 620.256531 90.6040421";
      scale = "1 1 1";
      rotationMatrix = "1.45435333e-05 0.999947846 0.0102208834 -0.999948442 -8.92877579e-05 0.010160462 0.0101608429 -0.0102205044 0.999896169";
      isRenderEnabled = "false";
      canSave = "1";
      canSaveDynamicFields = "1";
         mode = "Ignore";
         order_simset = "459";
   };
   new TSStatic() {
      shapeName = "/levels/west_coast_usa/art/shapes/objects/constructionbarrier_arrows.dae";
      dynamic = "0";
      playAmbient = "1";
      meshCulling = "0";
      originSort = "0";
      useInstanceRenderData = "1";
      instanceColor = "White";
      instanceColor1 = "White";
      instanceColor2 = "White";
      collisionType = "Collision Mesh";
      decalType = "Collision Mesh";
      prebuildCollisionData = "0";
      renderNormals = "0";
      forceDetail = "-1";
      position = "-578.214111 620.023804 90.5825424";
      scale = "1 1 1";
      rotationMatrix = "0.258819282 0.965898752 0.00724289939 -0.965872407 0.258718789 0.0124596152 0.0101608504 -0.0102205053 0.999896169";
      isRenderEnabled = "false";
      canSave = "1";
      canSaveDynamicFields = "1";
         mode = "Ignore";
         order_simset = "459";
   };
   new TSStatic() {
      shapeName = "/levels/west_coast_usa/art/shapes/objects/constructionbarrier_arrows.dae";
      dynamic = "0";
      playAmbient = "1";
      meshCulling = "0";
      originSort = "0";
      useInstanceRenderData = "1";
      instanceColor = "White";
      instanceColor1 = "White";
      instanceColor2 = "White";
      collisionType = "Collision Mesh";
      decalType = "Collision Mesh";
      prebuildCollisionData = "0";
      renderNormals = "0";
      forceDetail = "-1";
      position = "-576.463928 619.327209 90.5576324";
      scale = "1 1 1";
      rotationMatrix = "0.499986291 0.866025329 0.00377132022 -0.865973949 0.499896049 0.0139096687 0.0101608513 -0.01022051 0.999896169";
      isRenderEnabled = "false";
      canSave = "1";
      canSaveDynamicFields = "1";
         mode = "Ignore";
         order_simset = "459";
   };
   new DecalRoad() {
      drivability = "-1";
      lanesLeft = "1";
      lanesRight = "1";
      oneWay = "0";
      flipDirection = "0";
      gatedRoad = "0";
      useSubdivisions = "1";
      ImprovedSpline = "1";
      startTangent = "0";
      endTangent = "0";
      looped = "0";
      smoothness = "0.5";
      detail = "0.100000001";
      overObjects = "0";
      material = "road_gravel";
      textureLength = "15";
      breakAngle = "3";
      renderPriority = "1";
      zBias = "0";
      decalBias = "0.000500000024";
      distanceFade = "0 0";
      startEndFade = "20 20";
      hiddenInNavi = "0";
      position = "-776.848999 393.639923 142.806747";
      scale = "1 1 1";
      rotationMatrix = "1 0 0 0 1 0 0 0 1";
      canSave = "1";
      canSaveDynamicFields = "1";

      Node = "-776.848999 393.639923 142.806747 7.000000";
      Node = "-775.297119 381.303223 143.209503 7.000000";
      Node = "-769.407166 373.943085 143.210297 7.000000";
      Node = "-758.955017 370.410309 143.207031 7.000000";
      Node = "-749.245239 372.097595 143.207031 7.000000";
      Node = "-740.325195 377.225616 142.981659 7.000000";
      Node = "-733.567383 384.028198 141.921356 7.000000";
   };
   new DecalRoad() {
      drivability = "-1";
      lanesLeft = "1";
      lanesRight = "1";
      oneWay = "0";
      flipDirection = "0";
      gatedRoad = "0";
      useSubdivisions = "1";
      ImprovedSpline = "1";
      startTangent = "0";
      endTangent = "0";
      looped = "0";
      smoothness = "0.5";
      detail = "0.100000001";
      overObjects = "0";
      material = "checkered_line";
      textureLength = "5";
      breakAngle = "3";
      renderPriority = "1";
      zBias = "0";
      decalBias = "0.000500000024";
      distanceFade = "0 0";
      startEndFade = "1 1";
      hiddenInNavi = "0";
      position = "-569.754883 624.403625 90.5284195";
      scale = "1 1 1";
      rotationMatrix = "1 0 0 0 1 0 0 0 1";
      canSave = "1";
      canSaveDynamicFields = "1";

      Node = "-569.754883 624.403625 90.528419 1.000000";
      Node = "-575.088684 619.073914 90.527542 1.000000";
   };
   new DecalRoad() {
      drivability = "-1";
      lanesLeft = "1";
      lanesRight = "1";
      oneWay = "0";
      flipDirection = "0";
      gatedRoad = "0";
      useSubdivisions = "1";
      ImprovedSpline = "1";
      startTangent = "0";
      endTangent = "0";
      looped = "0";
      smoothness = "0.5";
      detail = "0.100000001";
      overObjects = "0";
      material = "road_gravel";
      textureLength = "15";
      breakAngle = "3";
      renderPriority = "1";
      zBias = "0";
      decalBias = "0.000500000024";
      distanceFade = "0 0";
      startEndFade = "20 20";
      hiddenInNavi = "0";
      position = "-648.464905 466.736176 116.895058";
      scale = "1 1 1";
      rotationMatrix = "1 0 0 0 1 0 0 0 1";
      canSave = "1";
      canSaveDynamicFields = "1";

      Node = "-648.464905 466.736176 116.895058 7.000000";
      Node = "-635.907288 479.363983 116.450302 7.000000";
   };
   new DecalRoad() {
      drivability = "-1";
      lanesLeft = "1";
      lanesRight = "1";
      oneWay = "0";
      flipDirection = "0";
      gatedRoad = "0";
      useSubdivisions = "1";
      ImprovedSpline = "1";
      startTangent = "0";
      endTangent = "0";
      looped = "0";
      smoothness = "0.5";
      detail = "0.100000001";
      overObjects = "0";
      material = "road_gravel";
      textureLength = "15";
      breakAngle = "3";
      renderPriority = "1";
      zBias = "0";
      decalBias = "0.000500000024";
      distanceFade = "0 0";
      startEndFade = "20 20";
      hiddenInNavi = "0";
      position = "-665.443726 481.997559 116.771118";
      scale = "1 1 1";
      rotationMatrix = "1 0 0 0 1 0 0 0 1";
      canSave = "1";
      canSaveDynamicFields = "1";

      Node = "-665.443726 481.997559 116.771118 7.000000";
      Node = "-652.137268 495.686005 116.718712 7.000000";
   };
   new DecalRoad() {
      drivability = "-1";
      lanesLeft = "1";
      lanesRight = "1";
      oneWay = "0";
      flipDirection = "0";
      gatedRoad = "0";
      useSubdivisions = "1";
      ImprovedSpline = "1";
      startTangent = "0";
      endTangent = "0";
      looped = "0";
      smoothness = "0.5";
      detail = "0.100000001";
      overObjects = "0";
      material = "road_gravel";
      textureLength = "15";
      breakAngle = "3";
      renderPriority = "1";
      zBias = "0";
      decalBias = "0.000500000024";
      distanceFade = "0 0";
      startEndFade = "20 20";
      hiddenInNavi = "0";
      position = "-543.371582 571.281189 89.9838715";
      scale = "1 1 1";
      rotationMatrix = "1 0 0 0 1 0 0 0 1";
      canSave = "1";
      canSaveDynamicFields = "1";

      Node = "-543.371582 571.281189 89.983871 7.000000";
      Node = "-538.307129 579.591309 89.932846 7.000000";
      Node = "-537.746704 589.772095 89.928574 7.000000";
      Node = "-545.252502 603.587708 89.913788 7.000000";
      Node = "-568.763000 627.660156 90.476791 7.000000";
   };
   new DecalRoad() {
      drivability = "-1";
      lanesLeft = "1";
      lanesRight = "1";
      oneWay = "0";
      flipDirection = "0";
      gatedRoad = "0";
      useSubdivisions = "1";
      ImprovedSpline = "1";
      startTangent = "0";
      endTangent = "0";
      looped = "0";
      smoothness = "0.5";
      detail = "0.100000001";
      overObjects = "0";
      material = "road_gravel";
      textureLength = "15";
      breakAngle = "3";
      renderPriority = "1";
      zBias = "0";
      decalBias = "0.000500000024";
      distanceFade = "0 0";
      startEndFade = "20 20";
      hiddenInNavi = "0";
      position = "-558.029663 589.058472 89.939064";
      scale = "1 1 1";
      rotationMatrix = "1 0 0 0 1 0 0 0 1";
      canSave = "1";
      canSaveDynamicFields = "1";

      Node = "-558.029663 589.058472 89.939064 7.000000";
      Node = "-560.222351 596.068420 90.002525 7.000000";
      Node = "-567.575928 606.546692 90.251221 7.000000";
      Node = "-579.169434 618.254272 90.571686 7.000000";
   };
   new DecalRoad() {
      drivability = "-1";
      lanesLeft = "1";
      lanesRight = "1";
      oneWay = "0";
      flipDirection = "0";
      gatedRoad = "0";
      useSubdivisions = "1";
      ImprovedSpline = "1";
      startTangent = "0";
      endTangent = "0";
      looped = "0";
      smoothness = "0.5";
      detail = "0.100000001";
      overObjects = "0";
      material = "road_gravel";
      textureLength = "15";
      breakAngle = "3";
      renderPriority = "1";
      zBias = "0";
      decalBias = "0.000500000024";
      distanceFade = "0 0";
      startEndFade = "20 20";
      hiddenInNavi = "0";
      position = "-590.584412 619.12915 90.7559814";
      scale = "1 1 1";
      rotationMatrix = "1 0 0 0 1 0 0 0 1";
      canSave = "1";
      canSaveDynamicFields = "1";

      Node = "-590.584412 619.129150 90.755981 7.000000";
      Node = "-600.427612 628.526428 91.011803 7.000000";
   };
   new DecalRoad() {
      drivability = "-1";
      lanesLeft = "1";
      lanesRight = "1";
      oneWay = "0";
      flipDirection = "0";
      gatedRoad = "0";
      useSubdivisions = "1";
      ImprovedSpline = "1";
      startTangent = "0";
      endTangent = "0";
      looped = "0";
      smoothness = "0.5";
      detail = "0.100000001";
      overObjects = "0";
      material = "road_gravel";
      textureLength = "15";
      breakAngle = "3";
      renderPriority = "1";
      zBias = "0";
      decalBias = "0.000500000024";
      distanceFade = "0 0";
      startEndFade = "20 20";
      hiddenInNavi = "0";
      position = "-599.885437 659.183838 91.3810806";
      scale = "1 1 1";
      rotationMatrix = "1 0 0 0 1 0 0 0 1";
      canSave = "1";
      canSaveDynamicFields = "1";

      Node = "-599.885437 659.183838 91.381081 7.000000";
      Node = "-613.879456 665.915710 91.505775 7.000000";
      Node = "-628.159546 668.165222 91.505775 7.000000";
      Node = "-648.353699 667.166016 91.500626 7.000000";
   };
   new DecalRoad() {
      drivability = "-1";
      lanesLeft = "1";
      lanesRight = "1";
      oneWay = "0";
      flipDirection = "0";
      gatedRoad = "0";
      useSubdivisions = "1";
      ImprovedSpline = "1";
      startTangent = "0";
      endTangent = "0";
      looped = "0";
      smoothness = "0.5";
      detail = "0.100000001";
      overObjects = "0";
      material = "road_gravel";
      textureLength = "15";
      breakAngle = "3";
      renderPriority = "1";
      zBias = "0";
      decalBias = "0.000500000024";
      distanceFade = "0 0";
      startEndFade = "20 20";
      hiddenInNavi = "0";
      position = "-760.282471 669.712463 102.590561";
      scale = "1 1 1";
      rotationMatrix = "1 0 0 0 1 0 0 0 1";
      canSave = "1";
      canSaveDynamicFields = "1";

      Node = "-760.282471 669.712463 102.590561 7.000000";
      Node = "-778.846191 669.515808 105.629219 7.000000";
   };
   new DecalRoad() {
      drivability = "-1";
      lanesLeft = "1";
      lanesRight = "1";
      oneWay = "0";
      flipDirection = "0";
      gatedRoad = "0";
      useSubdivisions = "1";
      ImprovedSpline = "1";
      startTangent = "0";
      endTangent = "0";
      looped = "0";
      smoothness = "0.5";
      detail = "0.100000001";
      overObjects = "0";
      material = "road_gravel";
      textureLength = "15";
      breakAngle = "3";
      renderPriority = "1";
      zBias = "0";
      decalBias = "0.000500000024";
      distanceFade = "0 0";
      startEndFade = "20 20";
      hiddenInNavi = "0";
      position = "-760.137573 654.410461 106.338173";
      scale = "1 1 1";
      rotationMatrix = "1 0 0 0 1 0 0 0 1";
      canSave = "1";
      canSaveDynamicFields = "1";

      Node = "-760.137573 654.410461 106.338173 7.000000";
      Node = "-779.916504 654.329468 105.868217 7.000000";
   };
   new DecalRoad() {
      drivability = "-1";
      lanesLeft = "1";
      lanesRight = "1";
      oneWay = "0";
      flipDirection = "0";
      gatedRoad = "0";
      useSubdivisions = "1";
      ImprovedSpline = "1";
      startTangent = "0";
      endTangent = "0";
      looped = "0";
      smoothness = "0.5";
      detail = "0.100000001";
      overObjects = "0";
      material = "road_gravel";
      textureLength = "15";
      breakAngle = "3";
      renderPriority = "1";
      zBias = "0";
      decalBias = "0.000500000024";
      distanceFade = "0 0";
      startEndFade = "20 20";
      hiddenInNavi = "0";
      position = "-910.217773 669.553894 111.269867";
      scale = "1 1 1";
      rotationMatrix = "1 0 0 0 1 0 0 0 1";
      canSave = "1";
      canSaveDynamicFields = "1";

      Node = "-910.217773 669.553894 111.269867 7.000000";
      Node = "-920.485474 666.480652 112.041817 7.000000";
      Node = "-926.752380 661.084167 112.059509 7.000000";
      Node = "-930.225098 650.242004 110.744736 7.000000";
   };
   new DecalRoad() {
      drivability = "-1";
      lanesLeft = "1";
      lanesRight = "1";
      oneWay = "0";
      flipDirection = "0";
      gatedRoad = "0";
      useSubdivisions = "1";
      ImprovedSpline = "1";
      startTangent = "0";
      endTangent = "0";
      looped = "0";
      smoothness = "0.5";
      detail = "0.100000001";
      overObjects = "0";
      material = "road_gravel";
      textureLength = "15";
      breakAngle = "3";
      renderPriority = "1";
      zBias = "0";
      decalBias = "0.000500000024";
      distanceFade = "0 0";
      startEndFade = "20 20";
      hiddenInNavi = "0";
      position = "-911.263794 564.051819 131.864639";
      scale = "1 1 1";
      rotationMatrix = "1 0 0 0 1 0 0 0 1";
      canSave = "1";
      canSaveDynamicFields = "1";

      Node = "-911.263794 564.051819 131.864639 7.000000";
      Node = "-911.070435 544.965088 131.910965 7.000000";
   };
   new DecalRoad() {
      drivability = "-1";
      lanesLeft = "1";
      lanesRight = "1";
      oneWay = "0";
      flipDirection = "0";
      gatedRoad = "0";
      useSubdivisions = "1";
      ImprovedSpline = "1";
      startTangent = "0";
      endTangent = "0";
      looped = "0";
      smoothness = "0.5";
      detail = "0.100000001";
      overObjects = "0";
      material = "road_gravel";
      textureLength = "15";
      breakAngle = "3";
      renderPriority = "1";
      zBias = "0";
      decalBias = "0.000500000024";
      distanceFade = "0 0";
      startEndFade = "20 20";
      hiddenInNavi = "0";
      position = "-928.181885 565.377014 131.792465";
      scale = "1 1 1";
      rotationMatrix = "1 0 0 0 1 0 0 0 1";
      canSave = "1";
      canSaveDynamicFields = "1";

      Node = "-928.181885 565.377014 131.792465 7.000000";
      Node = "-928.720459 544.932068 131.774673 7.000000";
   };
   new DecalRoad() {
      drivability = "-1";
      lanesLeft = "1";
      lanesRight = "1";
      oneWay = "0";
      flipDirection = "0";
      gatedRoad = "0";
      useSubdivisions = "1";
      ImprovedSpline = "1";
      startTangent = "0";
      endTangent = "0";
      looped = "0";
      smoothness = "0.5";
      detail = "0.100000001";
      overObjects = "0";
      material = "road_gravel";
      textureLength = "15";
      breakAngle = "3";
      renderPriority = "1";
      zBias = "0";
      decalBias = "0.000500000024";
      distanceFade = "0 0";
      startEndFade = "20 20";
      hiddenInNavi = "0";
      position = "-929.539368 452.860413 151.679749";
      scale = "1 1 1";
      rotationMatrix = "1 0 0 0 1 0 0 0 1";
      canSave = "1";
      canSaveDynamicFields = "1";

      Node = "-929.539368 452.860413 151.679749 7.000000";
      Node = "-927.480835 440.814941 153.231537 7.000000";
      Node = "-920.116150 435.333069 153.231537 7.000000";
      Node = "-903.121765 433.886749 152.194565 7.000000";
   };
   new DecalRoad() {
      drivability = "-1";
      lanesLeft = "1";
      lanesRight = "1";
      oneWay = "0";
      flipDirection = "0";
      gatedRoad = "0";
      useSubdivisions = "1";
      ImprovedSpline = "1";
      startTangent = "0";
      endTangent = "0";
      looped = "0";
      smoothness = "0.5";
      detail = "0.100000001";
      overObjects = "0";
      material = "road_gravel";
      textureLength = "15";
      breakAngle = "3";
      renderPriority = "1";
      zBias = "0";
      decalBias = "0.000500000024";
      distanceFade = "0 0";
      startEndFade = "20 20";
      hiddenInNavi = "0";
      position = "-778.521912 449.458679 138.589462";
      scale = "1 1 1";
      rotationMatrix = "1 0 0 0 1 0 0 0 1";
      canSave = "1";
      canSaveDynamicFields = "1";

      Node = "-778.521912 449.458679 138.589462 7.000000";
      Node = "-768.747437 448.429932 139.806320 7.000000";
      Node = "-762.487976 441.406891 139.767715 7.000000";
      Node = "-760.787720 423.028381 140.204056 7.000000";
   };
   new DecalRoad() {
      drivability = "-1";
      lanesLeft = "1";
      lanesRight = "1";
      oneWay = "0";
      flipDirection = "0";
      gatedRoad = "0";
      useSubdivisions = "1";
      ImprovedSpline = "1";
      startTangent = "0";
      endTangent = "0";
      looped = "0";
      smoothness = "0.5";
      detail = "0.100000001";
      overObjects = "0";
      material = "AsphaltRoad_track_skidmarks";
      textureLength = "40";
      breakAngle = "3";
      renderPriority = "1";
      zBias = "0";
      decalBias = "0.000500000024";
      distanceFade = "0 0";
      startEndFade = "15 40";
      hiddenInNavi = "0";
      position = "-770.364319 426.201019 140.122711";
      scale = "1 1 1";
      rotationMatrix = "1 0 0 0 1 0 0 0 1";
      canSave = "1";
      canSaveDynamicFields = "1";

      Node = "-770.364319 426.201019 140.122711 12.000000";
      Node = "-771.666260 401.838440 142.249924 7.000000";
      Node = "-765.827881 389.124878 143.197769 7.000000";
      Node = "-755.507751 383.960297 143.197998 7.000000";
      Node = "-738.937561 389.421509 142.161484 7.000000";
      Node = "-714.193604 411.934906 134.906448 11.000000";
   };
   new DecalRoad() {
      drivability = "-1";
      lanesLeft = "1";
      lanesRight = "1";
      oneWay = "0";
      flipDirection = "0";
      gatedRoad = "0";
      useSubdivisions = "1";
      ImprovedSpline = "1";
      startTangent = "0";
      endTangent = "0";
      looped = "0";
      smoothness = "0.5";
      detail = "0.100000001";
      overObjects = "0";
      material = "AsphaltRoad_track_skidmarks";
      textureLength = "40";
      breakAngle = "3";
      renderPriority = "1";
      zBias = "0";
      decalBias = "0.000500000024";
      distanceFade = "0 0";
      startEndFade = "15 40";
      hiddenInNavi = "0";
      position = "-670.915649 460.924408 120.753746";
      scale = "1 1 1";
      rotationMatrix = "1 0 0 0 1 0 0 0 1";
      canSave = "1";
      canSaveDynamicFields = "1";

      Node = "-670.915649 460.924408 120.753746 7.000000";
      Node = "-640.374695 491.590698 116.273003 7.000000";
   };
   new DecalRoad() {
      drivability = "-1";
      lanesLeft = "1";
      lanesRight = "1";
      oneWay = "0";
      flipDirection = "0";
      gatedRoad = "0";
      useSubdivisions = "1";
      ImprovedSpline = "1";
      startTangent = "0";
      endTangent = "0";
      looped = "0";
      smoothness = "0.5";
      detail = "0.100000001";
      overObjects = "0";
      material = "AsphaltRoad_track_skidmarks";
      textureLength = "40";
      breakAngle = "3";
      renderPriority = "1";
      zBias = "0";
      decalBias = "0.000500000024";
      distanceFade = "0 0";
      startEndFade = "15 40";
      hiddenInNavi = "0";
      position = "-574.819702 550.029419 97.4729156";
      scale = "1 1 1";
      rotationMatrix = "1 0 0 0 1 0 0 0 1";
      canSave = "1";
      canSaveDynamicFields = "1";

      Node = "-574.819702 550.029419 97.472916 11.000000";
      Node = "-552.140930 574.364624 90.358902 7.000000";
      Node = "-549.779724 592.107178 89.907730 7.000000";
      Node = "-560.780518 610.931702 90.202866 7.000000";
      Node = "-583.942383 633.268677 90.815689 11.000000";
   };
   new DecalRoad() {
      drivability = "-1";
      lanesLeft = "1";
      lanesRight = "1";
      oneWay = "0";
      flipDirection = "0";
      gatedRoad = "0";
      useSubdivisions = "1";
      ImprovedSpline = "1";
      startTangent = "0";
      endTangent = "0";
      looped = "0";
      smoothness = "0.5";
      detail = "0.100000001";
      overObjects = "1";
      material = "AsphaltRoad_track_skidmarks";
      textureLength = "40";
      breakAngle = "3";
      renderPriority = "1";
      zBias = "0";
      decalBias = "0.000500000024";
      distanceFade = "0 0";
      startEndFade = "15 40";
      hiddenInNavi = "0";
      position = "-593.779297 641.469971 91.0994873";
      scale = "1 1 1";
      rotationMatrix = "1 0 0 0 1 0 0 0 1";
      canSave = "1";
      canSaveDynamicFields = "1";

      Node = "-593.779297 641.469971 91.099487 8.000000";
      Node = "-618.370911 655.806274 91.506531 7.000000";
      Node = "-645.047363 662.139404 91.505753 7.000000";
      Node = "-679.257202 662.323853 95.574097 10.000000";
   };
   new DecalRoad() {
      drivability = "-1";
      lanesLeft = "1";
      lanesRight = "1";
      oneWay = "0";
      flipDirection = "0";
      gatedRoad = "0";
      useSubdivisions = "1";
      ImprovedSpline = "1";
      startTangent = "0";
      endTangent = "0";
      looped = "0";
      smoothness = "0.5";
      detail = "0.100000001";
      overObjects = "0";
      material = "AsphaltRoad_track_skidmarks";
      textureLength = "40";
      breakAngle = "3";
      renderPriority = "1";
      zBias = "0";
      decalBias = "0.000500000024";
      distanceFade = "0 0";
      startEndFade = "15 40";
      hiddenInNavi = "0";
      position = "-752.444031 663.069336 105.72583";
      scale = "1 1 1";
      rotationMatrix = "1 0 0 0 1 0 0 0 1";
      canSave = "1";
      canSaveDynamicFields = "1";

      Node = "-752.444031 663.069336 105.725830 7.000000";
      Node = "-778.416199 663.166443 106.367401 7.000000";
   };
   new DecalRoad() {
      drivability = "-1";
      lanesLeft = "1";
      lanesRight = "1";
      oneWay = "0";
      flipDirection = "0";
      gatedRoad = "0";
      useSubdivisions = "1";
      ImprovedSpline = "1";
      startTangent = "0";
      endTangent = "0";
      looped = "0";
      smoothness = "0.5";
      detail = "0.100000001";
      overObjects = "0";
      material = "AsphaltRoad_track_skidmarks";
      textureLength = "40";
      breakAngle = "3";
      renderPriority = "1";
      zBias = "0";
      decalBias = "0.000500000024";
      distanceFade = "0 0";
      startEndFade = "15 40";
      hiddenInNavi = "0";
      position = "-881.506897 663.014038 110.850784";
      scale = "1 1 1";
      rotationMatrix = "1 0 0 0 1 0 0 0 1";
      canSave = "1";
      canSaveDynamicFields = "1";

      Node = "-881.506897 663.014038 110.850784 7.000000";
      Node = "-900.705078 662.486023 111.704048 7.000000";
      Node = "-914.123657 659.050415 112.032799 7.000000";
      Node = "-922.589417 646.848328 113.055595 7.000000";
      Node = "-922.209717 617.423035 120.036560 7.000000";
   };
   new DecalRoad() {
      drivability = "-1";
      lanesLeft = "1";
      lanesRight = "1";
      oneWay = "0";
      flipDirection = "0";
      gatedRoad = "0";
      useSubdivisions = "1";
      ImprovedSpline = "1";
      startTangent = "0";
      endTangent = "0";
      looped = "0";
      smoothness = "0.5";
      detail = "0.100000001";
      overObjects = "0";
      material = "AsphaltRoad_track_skidmarks";
      textureLength = "40";
      breakAngle = "3";
      renderPriority = "1";
      zBias = "0";
      decalBias = "0.000500000024";
      distanceFade = "0 0";
      startEndFade = "15 40";
      hiddenInNavi = "0";
