{"class":"TSStatic","__parent":"startFinishStraight","position":[53.9616547,119.193855,119.091881],"isRenderEnabled":false,"rotationMatrix":[-0.367255569,-0.930119753,0,0.930119753,-0.367255569,0,0,0,1],"shapeName":"/levels/west_coast_usa/art/shapes/objects/guardrailpost.dae","useInstanceRenderData":true}
{"class":"TSStatic","__parent":"startFinishStraight","position":[53.5001488,118.36087,120.065491],"isRenderEnabled":false,"rotationMatrix":[-0.367255569,-0.930119753,0,0.930119753,-0.367255569,0,0,0,1],"shapeName":"/levels/west_coast_usa/art/shapes/objects/guardrail2_red.dae","useInstanceRenderData":true}
{"class":"TSStatic","__parent":"startFinishStraight","position":[54.9151878,120.949509,119.091881],"isRenderEnabled":false,"rotationMatrix":[-0.48063302,-0.876921475,0,0.876921475,-0.48063302,0,0,0,1],"shapeName":"/levels/west_coast_usa/art/shapes/objects/guardrailpost.dae","useInstanceRenderData":true}
{"class":"TSStatic","__parent":"startFinishStraight","position":[54.3531837,120.18074,120.065491],"isRenderEnabled":false,"rotationMatrix":[-0.48063302,-0.876921475,0,0.876921475,-0.48063302,0,0,0,1],"shapeName":"/levels/west_coast_usa/art/shapes/objects/guardrail2_white.dae","useInstanceRenderData":true}
{"class":"TSStatic","__parent":"startFinishStraight","position":[56.3536835,122.271339,119.091881],"isRenderEnabled":false,"rotationMatrix":[-0.738773465,-0.673953414,0,0.673953414,-0.738773465,0,0,0,1],"shapeName":"/levels/west_coast_usa/art/shapes/objects/guardrailpost.dae","useInstanceRenderData":true}
{"class":"TSStatic","__parent":"startFinishStraight","position":[55.5729599,121.726059,120.065491],"isRenderEnabled":false,"rotationMatrix":[-0.738773465,-0.673953414,0,0.673953414,-0.738773465,0,0,0,1],"shapeName":"/levels/west_coast_usa/art/shapes/objects/guardrail2_red.dae","useInstanceRenderData":true}
{"class":"TSStatic","__parent":"startFinishStraight","position":[57.8893814,123.54039,119.11657],"isRenderEnabled":false,"rotationMatrix":[-0.771201968,-0.636486292,-0.0115187727,0.636528492,-0.771253109,-1.16415322e-09,-0.00888388976,-0.00733202882,0.99993366],"shapeName":"/levels/west_coast_usa/art/shapes/objects/guardrailpost.dae","useInstanceRenderData":true}
{"class":"TSStatic","__parent":"startFinishStraight","position":[57.0740051,123.027359,120.079239],"isRenderEnabled":false,"rotationMatrix":[-0.771201968,-0.636486292,-0.0115187727,0.636528492,-0.771253109,-1.16415322e-09,-0.00888388976,-0.00733202882,0.99993366],"shapeName":"/levels/west_coast_usa/art/shapes/objects/guardrail1_white.dae","useInstanceRenderData":true}
{"class":"TSStatic","__parent":"startFinishStraight","position":[59.4804611,124.769722,119.139725],"isRenderEnabled":false,"rotationMatrix":[-0.790932894,-0.611793995,-0.0115130162,0.611837864,-0.790982723,-0.000364031177,-0.00888388883,-0.00733202463,0.99993366],"shapeName":"/levels/west_coast_usa/art/shapes/objects/guardrailpost.dae","useInstanceRenderData":true}
{"class":"TSStatic","__parent":"startFinishStraight","position":[58.6494942,124.282433,120.102448],"isRenderEnabled":false,"rotationMatrix":[-0.790932894,-0.611793995,-0.0115130162,0.611837864,-0.790982723,-0.000364031177,-0.00888388883,-0.00733202463,0.99993366],"shapeName":"/levels/west_coast_usa/art/shapes/objects/guardrail1_red.dae","useInstanceRenderData":true}
{"class":"TSStatic","__parent":"startFinishStraight","position":[60.2621574,125.485123,120.125587],"isRenderEnabled":false,"rotationMatrix":[-0.811211109,-0.584639847,-0.0114940675,0.584685385,-0.811259389,-0.00075394637,-0.00888388697,-0.00733202416,0.99993366],"shapeName":"/levels/west_coast_usa/art/shapes/objects/guardrail1_white.dae","useInstanceRenderData":true}
{"class":"TSStatic","__parent":"startFinishStraight","position":[61.1089287,125.94426,119.162804],"isRenderEnabled":false,"rotationMatrix":[-0.811211109,-0.584639847,-0.0114940675,0.584685385,-0.811259389,-0.00075394637,-0.00888388697,-0.00733202416,0.99993366],"shapeName":"/levels/west_coast_usa/art/shapes/objects/guardrailpost.dae","useInstanceRenderData":true}
{"class":"TSStatic","__parent":"startFinishStraight","position":[61.8764534,126.648544,120.136009],"isRenderEnabled":false,"rotationMatrix":[-0.811263561,-0.584680021,0,0.584680021,-0.811263561,0,0,0,1],"shapeName":"/levels/west_coast_usa/art/shapes/objects/guardrail1_red.dae","useInstanceRenderData":true}
{"class":"TSStatic","__parent":"startFinishStraight","position":[62.7176514,127.103683,119.166466],"isRenderEnabled":false,"rotationMatrix":[-0.811263561,-0.584680021,0,0.584680021,-0.811263561,0,0,0,1],"shapeName":"/levels/west_coast_usa/art/shapes/objects/guardrailpost.dae","useInstanceRenderData":true}
{"class":"TSStatic","__parent":"startFinishStraight","position":[63.5006104,127.819107,120.136009],"isRenderEnabled":false,"rotationMatrix":[-0.811263561,-0.584680021,0,0.584680021,-0.811263561,0,0,0,1],"shapeName":"/levels/west_coast_usa/art/shapes/objects/guardrail1_white.dae","useInstanceRenderData":true}
{"class":"TSStatic","__parent":"startFinishStraight","position":[64.3417969,128.274216,119.166466],"isRenderEnabled":false,"rotationMatrix":[-0.811263561,-0.584680021,0,0.584680021,-0.811263561,0,0,0,1],"shapeName":"/levels/west_coast_usa/art/shapes/objects/guardrailpost.dae","useInstanceRenderData":true}
{"class":"TSStatic","__parent":"startFinishStraight","position":[65.1098633,128.978882,120.136009],"isRenderEnabled":false,"rotationMatrix":[-0.811263561,-0.584680021,0,0.584680021,-0.811263561,0,0,0,1],"shapeName":"/levels/west_coast_usa/art/shapes/objects/guardrail1_red.dae","useInstanceRenderData":true}
{"class":"TSStatic","__parent":"startFinishStraight","position":[65.9510345,129.43399,119.166466],"isRenderEnabled":false,"rotationMatrix":[-0.811263561,-0.584680021,0,0.584680021,-0.811263561,0,0,0,1],"shapeName":"/levels/west_coast_usa/art/shapes/objects/guardrailpost.dae","useInstanceRenderData":true}
{"class":"TSStatic","__parent":"startFinishStraight","position":[66.737587,130.141434,120.136009],"isRenderEnabled":false,"rotationMatrix":[-0.816399574,-0.577487767,0,0.577487767,-0.816399574,0,0,0,1],"shapeName":"/levels/west_coast_usa/art/shapes/objects/guardrail1_white.dae","useInstanceRenderData":true}
{"class":"TSStatic","__parent":"startFinishStraight","position":[67.5827637,130.589096,119.166466],"isRenderEnabled":false,"rotationMatrix":[-0.816399574,-0.577487767,0,0.577487767,-0.816399574,0,0,0,1],"shapeName":"/levels/west_coast_usa/art/shapes/objects/guardrailpost.dae","useInstanceRenderData":true}
{"class":"TSStatic","__parent":"startFinishStraight","position":[68.3732224,131.293091,120.136009],"isRenderEnabled":false,"rotationMatrix":[-0.818865061,-0.57398659,0,0.57398659,-0.818865061,0,0,0,1],"shapeName":"/levels/west_coast_usa/art/shapes/objects/guardrail1_red.dae","useInstanceRenderData":true}
{"class":"TSStatic","__parent":"startFinishStraight","position":[69.220314,131.737137,119.166466],"isRenderEnabled":false,"rotationMatrix":[-0.818865061,-0.57398659,0,0.57398659,-0.818865061,0,0,0,1],"shapeName":"/levels/west_coast_usa/art/shapes/objects/guardrailpost.dae","useInstanceRenderData":true}
{"class":"TSStatic","__parent":"startFinishStraight","position":[70.0412445,132.451965,120.136009],"isRenderEnabled":false,"rotationMatrix":[-0.824147582,-0.566375017,0,0.566375017,-0.824147582,0,0,0,1],"shapeName":"/levels/west_coast_usa/art/shapes/objects/guardrail1_white.dae","useInstanceRenderData":true}
{"class":"TSStatic","__parent":"startFinishStraight","position":[70.8924179,132.888168,119.166466],"isRenderEnabled":false,"rotationMatrix":[-0.824147582,-0.566375017,0,0.566375017,-0.824147582,0,0,0,1],"shapeName":"/levels/west_coast_usa/art/shapes/objects/guardrailpost.dae","useInstanceRenderData":true}
{"class":"TSStatic","__parent":"startFinishStraight","position":[72.5335464,134.035248,119.166466],"isRenderEnabled":false,"rotationMatrix":[-0.817982554,-0.575242579,0,0.575242579,-0.817982554,0,0,0,1],"shapeName":"/levels/west_coast_usa/art/shapes/objects/guardrailpost.dae","useInstanceRenderData":true}
{"class":"TSStatic","__parent":"startFinishStraight","position":[71.6871338,133.58989,120.136009],"isRenderEnabled":false,"rotationMatrix":[-0.817982554,-0.575242579,0,0.575242579,-0.817982554,0,0,0,1],"shapeName":"/levels/west_coast_usa/art/shapes/objects/guardrail1_red.dae","useInstanceRenderData":true}
{"class":"TSStatic","__parent":"startFinishStraight","position":[74.1603622,135.197235,119.166466],"isRenderEnabled":false,"rotationMatrix":[-0.813687563,-0.581301868,0,0.581301868,-0.813687563,0,0,0,1],"shapeName":"/levels/west_coast_usa/art/shapes/objects/guardrailpost.dae","useInstanceRenderData":true}
{"class":"TSStatic","__parent":"startFinishStraight","position":[73.3172913,134.745605,120.136009],"isRenderEnabled":false,"rotationMatrix":[-0.813687563,-0.581301868,0,0.581301868,-0.813687563,0,0,0,1],"shapeName":"/levels/west_coast_usa/art/shapes/objects/guardrail1_white.dae","useInstanceRenderData":true}
{"class":"TSStatic","__parent":"startFinishStraight","position":[75.7578735,136.368881,119.166466],"isRenderEnabled":false,"rotationMatrix":[-0.806253195,-0.591570318,0,0.591570318,-0.806253195,0,0,0,1],"shapeName":"/levels/west_coast_usa/art/shapes/objects/guardrailpost.dae","useInstanceRenderData":true}
{"class":"TSStatic","__parent":"startFinishStraight","position":[74.9205856,135.906601,120.136009],"isRenderEnabled":false,"rotationMatrix":[-0.806253195,-0.591570318,0,0.591570318,-0.806253195,0,0,0,1],"shapeName":"/levels/west_coast_usa/art/shapes/objects/guardrail1_red.dae","useInstanceRenderData":true}
{"class":"TSStatic","__parent":"startFinishStraight","position":[77.3442383,137.56633,119.166466],"isRenderEnabled":false,"rotationMatrix":[-0.798082829,-0.602547348,0,0.602547348,-0.798082829,0,0,0,1],"shapeName":"/levels/west_coast_usa/art/shapes/objects/guardrailpost.dae","useInstanceRenderData":true}
{"class":"TSStatic","__parent":"startFinishStraight","position":[76.5133591,137.092636,120.136009],"isRenderEnabled":false,"rotationMatrix":[-0.798082829,-0.602547348,0,0.602547348,-0.798082829,0,0,0,1],"shapeName":"/levels/west_coast_usa/art/shapes/objects/guardrail1_white.dae","useInstanceRenderData":true}
{"class":"TSStatic","__parent":"startFinishStraight","position":[78.9349518,138.752396,119.166466],"isRenderEnabled":false,"rotationMatrix":[-0.801847816,-0.5975281,0,0.5975281,-0.801847816,0,0,0,1],"shapeName":"/levels/west_coast_usa/art/shapes/objects/guardrailpost.dae","useInstanceRenderData":true}
{"class":"TSStatic","__parent":"startFinishStraight","position":[78.1011047,138.283936,120.136009],"isRenderEnabled":false,"rotationMatrix":[-0.801847816,-0.5975281,0,0.5975281,-0.801847816,0,0,0,1],"shapeName":"/levels/west_coast_usa/art/shapes/objects/guardrail1_red.dae","useInstanceRenderData":true}
{"class":"TSStatic","__parent":"startFinishStraight","position":[80.5402527,139.948654,119.166466],"isRenderEnabled":false,"rotationMatrix":[-0.801847816,-0.5975281,0,0.5975281,-0.801847816,0,0,0,1],"shapeName":"/levels/west_coast_usa/art/shapes/objects/guardrailpost.dae","useInstanceRenderData":true}
{"class":"TSStatic","__parent":"startFinishStraight","position":[79.7064133,139.480194,120.136009],"isRenderEnabled":false,"rotationMatrix":[-0.801847816,-0.5975281,0,0.5975281,-0.801847816,0,0,0,1],"shapeName":"/levels/west_coast_usa/art/shapes/objects/guardrail1_white.dae","useInstanceRenderData":true}
{"class":"TSStatic","__parent":"startFinishStraight","position":[82.1608505,141.126297,119.166466],"isRenderEnabled":false,"rotationMatrix":[-0.809034944,-0.587760091,0,0.587760091,-0.809034944,0,0,0,1],"shapeName":"/levels/west_coast_usa/art/shapes/objects/guardrailpost.dae","useInstanceRenderData":true}
{"class":"TSStatic","__parent":"startFinishStraight","position":[81.3213882,140.667969,120.136009],"isRenderEnabled":false,"rotationMatrix":[-0.809034944,-0.587760091,0,0.587760091,-0.809034944,0,0,0,1],"shapeName":"/levels/west_coast_usa/art/shapes/objects/guardrail1_red.dae","useInstanceRenderData":true}
{"class":"TSStatic","__parent":"startFinishStraight","position":[83.7921753,142.29071,119.166466],"isRenderEnabled":false,"rotationMatrix":[-0.814307809,-0.580432713,0,0.580432713,-0.814307809,0,0,0,1],"shapeName":"/levels/west_coast_usa/art/shapes/objects/guardrailpost.dae","useInstanceRenderData":true}
{"class":"TSStatic","__parent":"startFinishStraight","position":[82.9486084,141.839981,120.136009],"isRenderEnabled":false,"rotationMatrix":[-0.814307809,-0.580432713,0,0.580432713,-0.814307809,0,0,0,1],"shapeName":"/levels/west_coast_usa/art/shapes/objects/guardrail1_white.dae","useInstanceRenderData":true}
{"class":"TSStatic","__parent":"startFinishStraight","position":[85.4138336,143.446625,119.166466],"isRenderEnabled":false,"rotationMatrix":[-0.814307809,-0.580432713,0,0.580432713,-0.814307809,0,0,0,1],"shapeName":"/levels/west_coast_usa/art/shapes/objects/guardrailpost.dae","useInstanceRenderData":true}
{"class":"TSStatic","__parent":"startFinishStraight","position":[84.5702667,142.995895,120.136009],"isRenderEnabled":false,"rotationMatrix":[-0.814307809,-0.580432713,0,0.580432713,-0.814307809,0,0,0,1],"shapeName":"/levels/west_coast_usa/art/shapes/objects/guardrail1_red.dae","useInstanceRenderData":true}
{"class":"TSStatic","__parent":"startFinishStraight","position":[87.0550919,144.5952,119.166466],"isRenderEnabled":false,"rotationMatrix":[-0.81956017,-0.572993696,0,0.572993696,-0.81956017,0,0,0,1],"shapeName":"/levels/west_coast_usa/art/shapes/objects/guardrailpost.dae","useInstanceRenderData":true}
{"class":"TSStatic","__parent":"startFinishStraight","position":[86.2074585,144.152176,120.136009],"isRenderEnabled":false,"rotationMatrix":[-0.81956017,-0.572993696,0,0.572993696,-0.81956017,0,0,0,1],"shapeName":"/levels/west_coast_usa/art/shapes/objects/guardrail1_white.dae","useInstanceRenderData":true}
{"class":"TSStatic","__parent":"startFinishStraight","position":[88.6905746,145.719345,119.166466],"isRenderEnabled":false,"rotationMatrix":[-0.82424593,-0.566232562,0,0.566232562,-0.82424593,0,0,0,1],"shapeName":"/levels/west_coast_usa/art/shapes/objects/guardrailpost.dae","useInstanceRenderData":true}
{"class":"TSStatic","__parent":"startFinishStraight","position":[87.8393173,145.28331,120.136009],"isRenderEnabled":false,"rotationMatrix":[-0.82424593,-0.566232562,0,0.566232562,-0.82424593,0,0,0,1],"shapeName":"/levels/west_coast_usa/art/shapes/objects/guardrail1_red.dae","useInstanceRenderData":true}
{"class":"TSStatic","__parent":"startFinishStraight","position":[90.3565979,146.871002,119.166466],"isRenderEnabled":false,"rotationMatrix":[-0.822440028,-0.568851173,0,0.568851173,-0.822440028,0,0,0,1],"shapeName":"/levels/west_coast_usa/art/shapes/objects/guardrailpost.dae","useInstanceRenderData":true}
{"class":"TSStatic","__parent":"startFinishStraight","position":[89.5067368,146.432281,120.136009],"isRenderEnabled":false,"rotationMatrix":[-0.822440028,-0.568851173,0,0.568851173,-0.822440028,0,0,0,1],"shapeName":"/levels/west_coast_usa/art/shapes/objects/guardrail1_white.dae","useInstanceRenderData":true}
{"class":"TSStatic","__parent":"startFinishStraight","position":[91.9971313,148.005722,119.166466],"isRenderEnabled":false,"rotationMatrix":[-0.822440028,-0.568851173,0,0.568851173,-0.822440028,0,0,0,1],"shapeName":"/levels/west_coast_usa/art/shapes/objects/guardrailpost.dae","useInstanceRenderData":true}
{"class":"TSStatic","__parent":"startFinishStraight","position":[91.1472778,147.566986,120.136009],"isRenderEnabled":false,"rotationMatrix":[-0.822440028,-0.568851173,0,0.568851173,-0.822440028,0,0,0,1],"shapeName":"/levels/west_coast_usa/art/shapes/objects/guardrail1_red.dae","useInstanceRenderData":true}
{"class":"TSStatic","__parent":"startFinishStraight","position":[93.6416092,149.143143,119.166466],"isRenderEnabled":false,"rotationMatrix":[-0.822440028,-0.568851173,0,0.568851173,-0.822440028,0,0,0,1],"shapeName":"/levels/west_coast_usa/art/shapes/objects/guardrailpost.dae","useInstanceRenderData":true}
{"class":"TSStatic","__parent":"startFinishStraight","position":[92.791748,148.704407,120.136009],"isRenderEnabled":false,"rotationMatrix":[-0.822440028,-0.568851173,0,0.568851173,-0.822440028,0,0,0,1],"shapeName":"/levels/west_coast_usa/art/shapes/objects/guardrail1_white.dae","useInstanceRenderData":true}
{"class":"TSStatic","__parent":"startFinishStraight","position":[95.2988434,150.305145,119.166466],"isRenderEnabled":false,"rotationMatrix":[-0.818525195,-0.57447058,0,0.57447058,-0.818525195,0,0,0,1],"shapeName":"/levels/west_coast_usa/art/shapes/objects/guardrailpost.dae","useInstanceRenderData":true}
{"class":"TSStatic","__parent":"startFinishStraight","position":[94.4520035,149.860596,120.136009],"isRenderEnabled":false,"rotationMatrix":[-0.818525195,-0.57447058,0,0.57447058,-0.818525195,0,0,0,1],"shapeName":"/levels/west_coast_usa/art/shapes/objects/guardrail1_red.dae","useInstanceRenderData":true}
{"class":"TSStatic","__parent":"startFinishStraight","position":[96.0994949,151.028824,120.136009],"isRenderEnabled":false,"rotationMatrix":[-0.81264782,-0.582755625,0,0.582755625,-0.81264782,0,0,0,1],"shapeName":"/levels/west_coast_usa/art/shapes/objects/guardrail1_white.dae","useInstanceRenderData":true}
{"class":"TSStatic","__parent":"startFinishStraight","position":[96.9417725,151.481949,119.166466],"isRenderEnabled":false,"rotationMatrix":[-0.81264782,-0.582755625,0,0.582755625,-0.81264782,0,0,0,1],"shapeName":"/levels/west_coast_usa/art/shapes/objects/guardrailpost.dae","useInstanceRenderData":true}
{"class":"TSStatic","__parent":"startFinishStraight","position":[97.7423706,152.218719,120.136009],"isRenderEnabled":false,"rotationMatrix":[-0.806913257,-0.590669513,0,0.590669513,-0.806913257,0,0,0,1],"shapeName":"/levels/west_coast_usa/art/shapes/objects/guardrail1_red.dae","useInstanceRenderData":true}
{"class":"TSStatic","__parent":"startFinishStraight","position":[98.580162,152.680038,119.166466],"isRenderEnabled":false,"rotationMatrix":[-0.806913257,-0.590669513,0,0.590669513,-0.806913257,0,0,0,1],"shapeName":"/levels/west_coast_usa/art/shapes/objects/guardrailpost.dae","useInstanceRenderData":true}
{"class":"TSStatic","__parent":"startFinishStraight","position":[99.3669968,153.413986,120.140129],"isRenderEnabled":false,"rotationMatrix":[-0.804111362,-0.594464958,-0.00400997186,0.594469726,-0.804117918,1.89184211e-05,-0.00323573686,-0.00236859429,0.999991953],"shapeName":"/levels/west_coast_usa/art/shapes/objects/guardrail1_white.dae","useInstanceRenderData":true}
{"class":"TSStatic","__parent":"startFinishStraight","position":[100.20575,153.881546,119.1744],"isRenderEnabled":false,"rotationMatrix":[-0.804111362,-0.594464958,-0.00400997186,0.594469726,-0.804117918,1.89184211e-05,-0.00323573686,-0.00236859429,0.999991953],"shapeName":"/levels/west_coast_usa/art/shapes/objects/guardrailpost.dae","useInstanceRenderData":true}
{"class":"TSStatic","__parent":"startFinishStraight","position":[100.990723,154.603409,120.14016],"isRenderEnabled":false,"rotationMatrix":[-0.809599757,-0.586966038,0.00442556711,0.586971998,-0.809607625,6.00457424e-05,0.00354772666,0.00264629629,0.999990225],"shapeName":"/levels/west_coast_usa/art/shapes/objects/guardrail1_red.dae","useInstanceRenderData":true}
{"class":"TSStatic","__parent":"startFinishStraight","position":[101.827171,155.058304,119.166435],"isRenderEnabled":false,"rotationMatrix":[-0.809599757,-0.586966038,0.00442556711,0.586971998,-0.809607625,6.00457424e-05,0.00354772666,0.00264629629,0.999990225],"shapeName":"/levels/west_coast_usa/art/shapes/objects/guardrailpost.dae","useInstanceRenderData":true}
{"class":"TSStatic","__parent":"startFinishStraight","position":[102.618568,155.776749,120.119232],"isRenderEnabled":false,"rotationMatrix":[-0.812648177,-0.58253181,0.0160919912,0.582609177,-0.812752008,0.000146599021,0.0129934046,0.00949447788,0.999870479],"shapeName":"/levels/west_coast_usa/art/shapes/objects/guardrail1_white.dae","useInstanceRenderData":true}
{"class":"TSStatic","__parent":"startFinishStraight","position":[103.448212,156.220413,119.134567],"isRenderEnabled":false,"rotationMatrix":[-0.812648177,-0.58253181,0.0160919912,0.582609177,-0.812752008,0.000146599021,0.0129934046,0.00949447788,0.999870479],"shapeName":"/levels/west_coast_usa/art/shapes/objects/guardrailpost.dae","useInstanceRenderData":true}
{"class":"TSStatic","__parent":"startFinishStraight","position":[104.254051,156.943054,120.090767],"isRenderEnabled":false,"rotationMatrix":[-0.81562829,-0.578448474,0.0121363485,0.578493178,-0.815686941,0.00020796177,0.00977916922,0.0071904147,0.999926329],"shapeName":"/levels/west_coast_usa/art/shapes/objects/guardrail1_red.dae","useInstanceRenderData":true}
{"class":"TSStatic","__parent":"startFinishStraight","position":[105.089142,157.38472,119.109802],"isRenderEnabled":false,"rotationMatrix":[-0.81562829,-0.578448474,0.0121363485,0.578493178,-0.815686941,0.00020796177,0.00977916922,0.0071904147,0.999926329],"shapeName":"/levels/west_coast_usa/art/shapes/objects/guardrailpost.dae","useInstanceRenderData":true}
{"class":"TSStatic","__parent":"startFinishStraight","position":[105.892097,158.098083,120.095032],"isRenderEnabled":false,"rotationMatrix":[-0.818622947,-0.574123442,-0.0154317096,0.574188411,-0.818722725,0.000271894969,-0.0127903987,-0.0086381305,0.99988091],"shapeName":"/levels/west_coast_usa/art/shapes/objects/guardrail1_white.dae","useInstanceRenderData":true}
{"class":"TSStatic","__parent":"startFinishStraight","position":[106.751381,158.550629,119.140266],"isRenderEnabled":false,"rotationMatrix":[-0.818622947,-0.574123442,-0.0154317096,0.574188411,-0.818722725,0.000271894969,-0.0127903987,-0.0086381305,0.99988091],"shapeName":"/levels/west_coast_usa/art/shapes/objects/guardrailpost.dae","useInstanceRenderData":true}
{"class":"TSStatic","__parent":"startFinishStraight","position":[107.52182,159.252701,120.118965],"isRenderEnabled":false,"rotationMatrix":[-0.812507868,-0.582899153,-0.00768243289,0.582913578,-0.812533736,0.000436977949,-0.00649695145,-0.00412314711,0.999970376],"shapeName":"/levels/west_coast_usa/art/shapes/objects/guardrail1_red.dae","useInstanceRenderData":true}
{"class":"TSStatic","__parent":"startFinishStraight","position":[108.370255,159.709961,119.156776],"isRenderEnabled":false,"rotationMatrix":[-0.812507868,-0.582899153,-0.00768243289,0.582913578,-0.812533736,0.000436977949,-0.00649695145,-0.00412314711,0.999970376],"shapeName":"/levels/west_coast_usa/art/shapes/objects/guardrailpost.dae","useInstanceRenderData":true}
{"class":"TSStatic","__parent":"startFinishStraight","position":[109.15229,160.400162,120.113792],"isRenderEnabled":false,"rotationMatrix":[-0.823547959,-0.567072153,0.014038804,0.567136049,-0.8236233,0.000707864296,0.0111612817,0.00854487345,0.999901175],"shapeName":"/levels/west_coast_usa/art/shapes/objects/guardrail1_white.dae","useInstanceRenderData":true}
{"class":"TSStatic","__parent":"startFinishStraight","position":[109.992134,160.828751,119.131096],"isRenderEnabled":false,"rotationMatrix":[-0.823547959,-0.567072153,0.014038804,0.567136049,-0.8236233,0.000707864296,0.0111612817,0.00854487345,0.999901175],"shapeName":"/levels/west_coast_usa/art/shapes/objects/guardrailpost.dae","useInstanceRenderData":true}
{"class":"TSStatic","__parent":"startFinishStraight","position":[110.794395,161.52832,120.085815],"isRenderEnabled":false,"rotationMatrix":[-0.824718952,-0.565367937,0.0140373083,0.565432072,-0.824794173,0.0007368878,0.0111612817,0.00854487158,0.999901175],"shapeName":"/levels/west_coast_usa/art/shapes/objects/guardrail1_red.dae","useInstanceRenderData":true}
{"class":"TSStatic","__parent":"startFinishStraight","position":[111.635147,161.955154,119.103127],"isRenderEnabled":false,"rotationMatrix":[-0.824718952,-0.565367937,0.0140373083,0.565432072,-0.824794173,0.0007368878,0.0111612817,0.00854487158,0.999901175],"shapeName":"/levels/west_coast_usa/art/shapes/objects/guardrailpost.dae","useInstanceRenderData":true}
{"class":"TSStatic","__parent":"startFinishStraight","position":[112.449104,162.662704,120.070679],"isRenderEnabled":false,"rotationMatrix":[-0.824794292,-0.565431178,0.00106557214,0.565432012,-0.824794173,0.000736889197,0.000462217839,0.00121029106,0.999999166],"shapeName":"/levels/west_coast_usa/art/shapes/objects/guardrail1_white.dae","useInstanceRenderData":true}
{"class":"TSStatic","__parent":"startFinishStraight","position":[113.300293,163.09671,119.100204],"isRenderEnabled":false,"rotationMatrix":[-0.824794292,-0.565431178,0.00106557214,0.565432012,-0.824794173,0.000736889197,0.000462217839,0.00121029106,0.999999166],"shapeName":"/levels/west_coast_usa/art/shapes/objects/guardrailpost.dae","useInstanceRenderData":true}
{"class":"TSStatic","__parent":"startFinishStraight","position":[114.088104,163.796494,120.091125],"isRenderEnabled":false,"rotationMatrix":[-0.819751501,-0.572323859,-0.021268988,0.57243973,-0.819946051,0.00077230623,-0.01788144,-0.0115421172,0.999773502],"shapeName":"/levels/west_coast_usa/art/shapes/objects/guardrail1_red.dae","useInstanceRenderData":true}
{"class":"TSStatic","__parent":"startFinishStraight","position":[114.953133,164.249985,119.142067],"isRenderEnabled":false,"rotationMatrix":[-0.819751501,-0.572323859,-0.021268988,0.57243973,-0.819946051,0.00077230623,-0.01788144,-0.0115421172,0.999773502],"shapeName":"/levels/west_coast_usa/art/shapes/objects/guardrailpost.dae","useInstanceRenderData":true}
{"class":"TSStatic","__parent":"startFinishStraight","position":[115.712486,164.957458,120.130798],"isRenderEnabled":false,"rotationMatrix":[-0.806589246,-0.590826154,-0.0183795467,0.590906858,-0.806738496,0.00125507871,-0.0155690247,-0.0098482687,0.999830306],"shapeName":"/levels/west_coast_usa/art/shapes/objects/guardrail1_white.dae","useInstanceRenderData":true}
{"class":"TSStatic","__parent":"startFinishStraight","position":[116.565063,165.428497,119.179001],"isRenderEnabled":false,"rotationMatrix":[-0.806589246,-0.590826154,-0.0183795467,0.590906858,-0.806738496,0.00125507871,-0.0155690247,-0.0098482687,0.999830306],"shapeName":"/levels/west_coast_usa/art/shapes/objects/guardrailpost.dae","useInstanceRenderData":true}
{"class":"TSStatic","__parent":"startFinishStraight","position":[117.312828,166.143723,120.158318],"isRenderEnabled":false,"rotationMatrix":[-0.799739599,-0.600279748,-0.00896592252,0.600293577,-0.799778342,0.00135994644,-0.00798710063,-0.00429458264,0.999958873],"shapeName":"/levels/west_coast_usa/art/shapes/objects/guardrail1_red.dae","useInstanceRenderData":true}
{"class":"TSStatic","__parent":"startFinishStraight","position":[118.152718,166.619202,119.197487],"isRenderEnabled":false,"rotationMatrix":[-0.799739599,-0.600279748,-0.00896592252,0.600293577,-0.799778342,0.00135994644,-0.00798710063,-0.00429458264,0.999958873],"shapeName":"/levels/west_coast_usa/art/shapes/objects/guardrailpost.dae","useInstanceRenderData":true}
{"class":"TSStatic","__parent":"startFinishStraight","position":[118.936249,167.31337,120.161476],"isRenderEnabled":false,"rotationMatrix":[-0.820870042,-0.571071982,0.00699210726,0.571094513,-0.820882678,0.00161286921,0.00481863599,0.00531711057,0.999974251],"shapeName":"/levels/west_coast_usa/art/shapes/objects/guardrail1_white.dae","useInstanceRenderData":true}
{"class":"TSStatic","__parent":"startFinishStraight","position":[119.780182,167.749222,119.185524],"isRenderEnabled":false,"rotationMatrix":[-0.820870042,-0.571071982,0.00699210726,0.571094513,-0.820882678,0.00161286921,0.00481863599,0.00531711057,0.999974251],"shapeName":"/levels/west_coast_usa/art/shapes/objects/guardrailpost.dae","useInstanceRenderData":true}
{"class":"TSStatic","__parent":"startFinishStraight","position":[120.563812,168.445648,120.134491],"isRenderEnabled":false,"rotationMatrix":[-0.820726037,-0.570944667,0.0207457766,0.571094275,-0.820882559,0.00161287095,0.0161089897,0.013171521,0.999783456],"shapeName":"/levels/west_coast_usa/art/shapes/objects/guardrail1_red.dae","useInstanceRenderData":true}
{"class":"TSStatic","__parent":"startFinishStraight","position":[121.396667,168.873734,119.145683],"isRenderEnabled":false,"rotationMatrix":[-0.820726037,-0.570944667,0.0207457766,0.571094275,-0.820882559,0.00161287095,0.0161089897,0.013171521,0.999783456],"shapeName":"/levels/west_coast_usa/art/shapes/objects/guardrailpost.dae","useInstanceRenderData":true}
{"class":"TSStatic","__parent":"startFinishStraight","position":[122.221024,169.562759,120.094872],"isRenderEnabled":false,"rotationMatrix":[-0.83658886,-0.547502816,0.0189559646,0.54763478,-0.836714387,0.00219943514,0.0146565353,0.0122209694,0.999817908],"shapeName":"/levels/west_coast_usa/art/shapes/objects/guardrail1_white.dae","useInstanceRenderData":true}
{"class":"TSStatic","__parent":"startFinishStraight","position":[123.067451,169.967606,119.107796],"isRenderEnabled":false,"rotationMatrix":[-0.83658886,-0.547502816,0.0189559646,0.54763478,-0.836714387,0.00219943514,0.0146565353,0.0122209694,0.999817908],"shapeName":"/levels/west_coast_usa/art/shapes/objects/guardrailpost.dae","useInstanceRenderData":true}
{"class":"TSStatic","__parent":"startFinishStraight","position":[123.892082,170.652481,120.068855],"isRenderEnabled":false,"rotationMatrix":[-0.838694215,-0.54457128,0.00581847038,0.544589996,-0.838699341,0.00222059805,0.00367067382,0.00503108371,0.999980628],"shapeName":"/levels/west_coast_usa/art/shapes/objects/guardrail1_red.dae","useInstanceRenderData":true}
{"class":"TSStatic","__parent":"startFinishStraight","position":[124.750793,171.061295,119.094086],"isRenderEnabled":false,"rotationMatrix":[-0.838694215,-0.54457128,0.00581847038,0.544589996,-0.838699341,0.00222059805,0.00367067382,0.00503108371,0.999980628],"shapeName":"/levels/west_coast_usa/art/shapes/objects/guardrailpost.dae","useInstanceRenderData":true}
{"class":"TSStatic","__parent":"startFinishStraight","position":[125.593925,171.712341,120.057281],"isRenderEnabled":false,"rotationMatrix":[-0.859470367,-0.511152804,0.00572660053,0.511171758,-0.859474778,0.00244779233,0.00367067428,0.00503108278,0.999980628],"shapeName":"/levels/west_coast_usa/art/shapes/objects/guardrail1_white.dae","useInstanceRenderData":true}
{"class":"TSStatic","__parent":"startFinishStraight","position":[126.468246,172.086899,119.082626],"isRenderEnabled":false,"rotationMatrix":[-0.859470367,-0.511152804,0.00572660053,0.511171758,-0.859474778,0.00244779233,0.00367067428,0.00503108278,0.999980628],"shapeName":"/levels/west_coast_usa/art/shapes/objects/guardrailpost.dae","useInstanceRenderData":true}
{"class":"TSStatic","__parent":"startFinishStraight","position":[127.318436,172.720322,120.080826],"isRenderEnabled":false,"rotationMatrix":[-0.869823575,-0.492316306,-0.0321162939,0.492496908,-0.870310307,0.00257085823,-0.0292168185,-0.0135809816,0.999480844],"shapeName":"/levels/west_coast_usa/art/shapes/objects/guardrail1_red.dae","useInstanceRenderData":true}
{"class":"TSStatic","__parent":"startFinishStraight","position":[128.232224,173.093719,119.142563],"isRenderEnabled":false,"rotationMatrix":[-0.869823575,-0.492316306,-0.0321162939,0.492496908,-0.870310307,0.00257085823,-0.0292168185,-0.0135809816,0.999480844],"shapeName":"/levels/west_coast_usa/art/shapes/objects/guardrailpost.dae","useInstanceRenderData":true}
{"class":"TSStatic","__parent":"startFinishStraight","position":[129.088699,173.639023,120.127991],"isRenderEnabled":false,"rotationMatrix":[-0.902083993,-0.431325108,-0.0142401736,0.431364328,-0.902177572,0.000350820832,-0.0129984859,-0.00582623342,0.999898553],"shapeName":"/levels/west_coast_usa/art/shapes/objects/guardrail1_white.dae","useInstanceRenderData":true}
{"class":"TSStatic","__parent":"startFinishStraight","position":[130.009872,173.943146,119.172096],"isRenderEnabled":false,"rotationMatrix":[-0.902083993,-0.431325108,-0.0142401736,0.431364328,-0.902177572,0.000350820832,-0.0129984859,-0.00582623342,0.999898553],"shapeName":"/levels/west_coast_usa/art/shapes/objects/guardrailpost.dae","useInstanceRenderData":true}
{"class":"TSStatic","__parent":"startFinishStraight","position":[130.887558,174.493851,120.14624],"isRenderEnabled":false,"rotationMatrix":[-0.90436852,-0.426737994,-0.00348578463,0.426739484,-0.90437448,0.000332977856,-0.00329454918,-0.00118638738,0.999993861],"shapeName":"/levels/west_coast_usa/art/shapes/objects/guardrail1_red.dae","useInstanceRenderData":true}
{"class":"TSStatic","__parent":"startFinishStraight","position":[131.800919,174.788849,119.180046],"isRenderEnabled":false,"rotationMatrix":[-0.90436852,-0.426737994,-0.00348578463,0.426739484,-0.90437448,0.000332977856,-0.00329454918,-0.00118638738,0.999993861],"shapeName":"/levels/west_coast_usa/art/shapes/objects/guardrailpost.dae","useInstanceRenderData":true}
{"class":"TSStatic","__parent":"startFinishStraight","position":[132.709793,175.313034,120.124062],"isRenderEnabled":false,"rotationMatrix":[-0.91801393,-0.395777166,0.0247108582,0.395907164,-0.918290257,0.000402391888,0.0225324873,0.0101526072,0.999694586],"shapeName":"/levels/west_coast_usa/art/shapes/objects/guardrail1_white.dae","useInstanceRenderData":true}
{"class":"TSStatic","__parent":"startFinishStraight","position":[133.607285,175.565979,119.131424],"isRenderEnabled":false,"rotationMatrix":[-0.91801393,-0.395777166,0.0247108582,0.395907164,-0.918290257,0.000402391888,0.0225324873,0.0101526072,0.999694586],"shapeName":"/levels/west_coast_usa/art/shapes/objects/guardrailpost.dae","useInstanceRenderData":true}
{"class":"TSStatic","__parent":"startFinishStraight","position":[134.576096,176.081039,120.074196],"isRenderEnabled":false,"rotationMatrix":[-0.930352569,-0.365833491,0.0246848632,0.36597237,-0.930624604,0.00120236771,0.0225324836,0.0101526044,0.999694586],"shapeName":"/levels/west_coast_usa/art/shapes/objects/guardrail1_red.dae","useInstanceRenderData":true}
{"class":"TSStatic","__parent":"startFinishStraight","position":[135.481613,176.304077,119.08168],"isRenderEnabled":false,"rotationMatrix":[-0.930352569,-0.365833491,0.0246848632,0.36597237,-0.930624604,0.00120236771,0.0225324836,0.0101526044,0.999694586],"shapeName":"/levels/west_coast_usa/art/shapes/objects/guardrailpost.dae","useInstanceRenderData":true}
{"class":"TSStatic","__parent":"startFinishStraight","position":[136.434952,176.793777,120.036682],"isRenderEnabled":false,"rotationMatrix":[-0.936063766,-0.351602793,0.0126315625,0.351647019,-0.936131358,0.00139640272,0.011333826,0.00574897416,0.999919236],"shapeName":"/levels/west_coast_usa/art/shapes/objects/guardrail1_white.dae","useInstanceRenderData":true}
{"class":"TSStatic","__parent":"startFinishStraight","position":[137.355026,177.006912,119.055397],"isRenderEnabled":false,"rotationMatrix":[-0.936063766,-0.351602793,0.0126315625,0.351647019,-0.936131358,0.00139640272,0.011333826,0.00574897416,0.999919236],"shapeName":"/levels/west_coast_usa/art/shapes/objects/guardrailpost.dae","useInstanceRenderData":true}
{"class":"TSStatic","__parent":"startFinishStraight","position":[138.325607,177.417923,120.011658],"isRenderEnabled":false,"rotationMatrix":[-0.961147785,-0.275751621,0.0124797821,0.275801092,-0.961211562,0.00240029348,0.0113338288,0.00574897463,0.999919236],"shapeName":"/levels/west_coast_usa/art/shapes/objects/guardrail1_red.dae","useInstanceRenderData":true}
{"class":"TSStatic","__parent":"startFinishStraight","position":[139.260147,177.556,119.03064],"isRenderEnabled":false,"rotationMatrix":[-0.961147785,-0.275751621,0.0124797821,0.275801092,-0.961211562,0.00240029348,0.0113338288,0.00574897463,0.999919236],"shapeName":"/levels/west_coast_usa/art/shapes/objects/guardrailpost.dae","useInstanceRenderData":true}
{"class":"TSStatic","__parent":"startFinishStraight","position":[140.275253,177.954758,120.033813],"isRenderEnabled":false,"rotationMatrix":[-0.966120601,-0.256062657,-0.0322919078,0.256141454,-0.966637611,0.00174176344,-0.0316605754,-0.00658854377,0.999476969],"shapeName":"/levels/west_coast_usa/art/shapes/objects/guardrail1_white.dae","useInstanceRenderData":true}
{"class":"TSStatic","__parent":"startFinishStraight","position":[141.253799,178.085495,119.095604],"isRenderEnabled":false,"rotationMatrix":[-0.966120601,-0.256062657,-0.0322919078,0.256141454,-0.966637611,0.00174176344,-0.0316605754,-0.00658854377,0.999476969],"shapeName":"/levels/west_coast_usa/art/shapes/objects/guardrailpost.dae","useInstanceRenderData":true}
{"class":"TSStatic","__parent":"startFinishStraight","position":[142.239822,178.351318,120.10302],"isRenderEnabled":false,"rotationMatrix":[-0.989717126,-0.138254553,-0.0366769955,0.138425231,-0.990370274,-0.00214359723,-0.0360274538,-0.00719857775,0.999324858],"shapeName":"/levels/west_coast_usa/art/shapes/objects/guardrail1_red.dae","useInstanceRenderData":true}
{"class":"TSStatic","__parent":"startFinishStraight","position":[143.230576,178.367981,119.16864],"isRenderEnabled":false,"rotationMatrix":[-0.989717126,-0.138254553,-0.0366769955,0.138425231,-0.990370274,-0.00214359723,-0.0360274538,-0.00719857775,0.999324858],"shapeName":"/levels/west_coast_usa/art/shapes/objects/guardrailpost.dae","useInstanceRenderData":true}
{"class":"TSStatic","__parent":"startFinishStraight","position":[144.228165,178.369751,120.174843],"isRenderEnabled":false,"rotationMatrix":[-0.991820335,0.122783087,-0.0348724499,-0.122449167,-0.992407084,-0.0115632592,-0.0360274538,-0.00719857682,0.999324858],"shapeName":"/levels/west_coast_usa/art/shapes/objects/guardrail1_white.dae","useInstanceRenderData":true}
{"class":"TSStatic","__parent":"startFinishStraight","position":[145.188889,178.13855,119.237595],"isRenderEnabled":false,"rotationMatrix":[-0.991820335,0.122783087,-0.0348724499,-0.122449167,-0.992407084,-0.0115632592,-0.0360274538,-0.00719857682,0.999324858],"shapeName":"/levels/west_coast_usa/art/shapes/objects/guardrailpost.dae","useInstanceRenderData":true}
{"class":"TSStatic","__parent":"startFinishStraight","position":[53.2622337,117.422478,119.091881],"isRenderEnabled":false,"rotationMatrix":[-0.367255569,-0.930119753,0,0.930119753,-0.367255569,0,0,0,1],"shapeName":"/levels/west_coast_usa/art/shapes/objects/guardrailpost.dae","useInstanceRenderData":true}
{"class":"TSStatic","__parent":"startFinishStraight","position":[54.3531837,120.18074,119.694145],"isRenderEnabled":false,"rotationMatrix":[-0.48063302,-0.876921475,0,0.876921475,-0.48063302,0,0,0,1],"shapeName":"/levels/west_coast_usa/art/shapes/objects/guardrail1_white.dae","useInstanceRenderData":true}
{"class":"TSStatic","__parent":"startFinishStraight","position":[57.0740051,123.027359,119.707893],"isRenderEnabled":false,"rotationMatrix":[-0.771201968,-0.636486292,-0.0115187727,0.636528492,-0.771253109,-1.16415322e-09,-0.00888388976,-0.00733202882,0.99993366],"shapeName":"/levels/west_coast_usa/art/shapes/objects/guardrail1_white.dae","useInstanceRenderData":true}
{"class":"TSStatic","__parent":"startFinishStraight","position":[60.2621574,125.485123,119.754242],"isRenderEnabled":false,"rotationMatrix":[-0.811211109,-0.584639847,-0.0114940675,0.584685385,-0.811259389,-0.00075394637,-0.00888388697,-0.00733202416,0.99993366],"shapeName":"/levels/west_coast_usa/art/shapes/objects/guardrail1_white.dae","useInstanceRenderData":true}
{"class":"TSStatic","__parent":"startFinishStraight","position":[63.5006104,127.819107,119.764664],"isRenderEnabled":false,"rotationMatrix":[-0.811263561,-0.584680021,0,0.584680021,-0.811263561,0,0,0,1],"shapeName":"/levels/west_coast_usa/art/shapes/objects/guardrail1_white.dae","useInstanceRenderData":true}
{"class":"TSStatic","__parent":"startFinishStraight","position":[66.737587,130.141434,119.764664],"isRenderEnabled":false,"rotationMatrix":[-0.816399574,-0.577487767,0,0.577487767,-0.816399574,0,0,0,1],"shapeName":"/levels/west_coast_usa/art/shapes/objects/guardrail1_white.dae","useInstanceRenderData":true}
