{"class":"TSStatic","__parent":"gravelTrackSeatingTopRail","position":[50.0589027,169.110306,129.29187],"isRenderEnabled":false,"rotationMatrix":[-0.573878169,-0.814776063,-0.0824814886,0.817502856,-0.575922847,0.00122550875,-0.0485015064,-0.0667255744,0.996591866],"shapeName":"/levels/west_coast_usa/art/shapes/objects/guardrail2_white.dae","useInstanceRenderData":true}
{"class":"TSStatic","__parent":"gravelTrackSeatingTopRail","position":[82.0990753,201.403931,129.761581],"isRenderEnabled":false,"rotationMatrix":[-0.685272813,-0.728222072,-0.00965013262,0.728283346,-0.685173869,-0.0118114697,0.00198935322,-0.0151221147,0.999883652],"shapeName":"/levels/west_coast_usa/art/shapes/objects/guardrail1_red.dae","useInstanceRenderData":true}
{"class":"TSStatic","__parent":"gravelTrackSeatingTopRail","position":[72.6564941,191.252991,129.659058],"isRenderEnabled":false,"rotationMatrix":[-0.692111969,-0.721789837,-0.000687074382,0.721744776,-0.69205749,-0.0118730301,0.00809433684,-0.00871335808,0.999929249],"shapeName":"/levels/west_coast_usa/art/shapes/objects/guardrail1_white.dae","useInstanceRenderData":true}
{"class":"TSStatic","__parent":"gravelTrackSeatingTopRail","position":[92.6718216,213.20079,129.818268],"isRenderEnabled":false,"rotationMatrix":[-0.67494905,-0.737835765,0.00653778575,0.737751842,-0.674974203,-0.0115133077,0.0129077639,-0.00294763036,0.999912322],"shapeName":"/levels/west_coast_usa/art/shapes/objects/guardrail1_red.dae","useInstanceRenderData":true}
{"class":"TSStatic","__parent":"gravelTrackSeatingTopRail","position":[90.0213242,210.250717,129.830551],"isRenderEnabled":false,"rotationMatrix":[-0.667190313,-0.744879544,0.00350275333,0.744806945,-0.667179823,-0.0115915034,0.010971236,-0.00512485998,0.999926686],"shapeName":"/levels/west_coast_usa/art/shapes/objects/guardrail1_red.dae","useInstanceRenderData":true}
{"class":"TSStatic","__parent":"gravelTrackSeatingTopRail","position":[67.1022339,185.61824,129.6763],"isRenderEnabled":false,"rotationMatrix":[-0.724063277,-0.689666271,0.00962212123,0.68956995,-0.724124908,-0.0116699366,0.0150159802,-0.00181464851,0.999885619],"shapeName":"/levels/west_coast_usa/art/shapes/objects/guardrail1_white.dae","useInstanceRenderData":true}
{"class":"TSStatic","__parent":"gravelTrackSeatingTopRail","position":[88.7074432,208.780243,129.830261],"isRenderEnabled":false,"rotationMatrix":[-0.665412188,-0.746467173,-0.0036545489,0.746450245,-0.665340304,-0.0115847103,0.00621608738,-0.0104365461,0.999926209],"shapeName":"/levels/west_coast_usa/art/shapes/objects/guardrail1_white.dae","useInstanceRenderData":true}
{"class":"TSStatic","__parent":"gravelTrackSeatingTopRail","position":[74.020813,192.678955,129.664062],"isRenderEnabled":false,"rotationMatrix":[-0.690531135,-0.723289251,-0.00435271254,0.723280907,-0.690451741,-0.0118633863,0.00557532208,-0.0113402735,0.99992013],"shapeName":"/levels/west_coast_usa/art/shapes/objects/guardrail1_red.dae","useInstanceRenderData":true}
{"class":"TSStatic","__parent":"gravelTrackSeatingTopRail","position":[94.0228653,214.655701,129.796509],"isRenderEnabled":false,"rotationMatrix":[-0.685603261,-0.727817595,0.0151590966,0.727736175,-0.685763121,-0.0113563538,0.018660903,0.00324587151,0.99982059],"shapeName":"/levels/west_coast_usa/art/shapes/objects/guardrail1_white.dae","useInstanceRenderData":true}
{"class":"TSStatic","__parent":"gravelTrackSeatingTopRail","position":[59.8671379,178.884308,129.775253],"isRenderEnabled":false,"rotationMatrix":[-0.739129782,-0.673554659,0.00330336695,0.673486471,-0.739110947,-0.0114264218,0.0101378765,-0.00622083712,0.999929249],"shapeName":"/levels/west_coast_usa/art/shapes/objects/guardrail1_red.dae","useInstanceRenderData":true}
{"class":"TSStatic","__parent":"gravelTrackSeatingTopRail","position":[71.2849884,189.829605,129.655197],"isRenderEnabled":false,"rotationMatrix":[-0.695516944,-0.718502402,-0.00315575814,0.718481421,-0.695444465,-0.0118761268,0.00633837143,-0.010527404,0.999924481],"shapeName":"/levels/west_coast_usa/art/shapes/objects/guardrail1_red.dae","useInstanceRenderData":true}
{"class":"TSStatic","__parent":"gravelTrackSeatingTopRail","position":[101.366249,221.281937,129.577423],"isRenderEnabled":false,"rotationMatrix":[-0.839093089,-0.542898178,0.0344164707,0.543071985,-0.839671969,-0.00489499001,0.0315560214,0.0145832673,0.999395609],"shapeName":"/levels/west_coast_usa/art/shapes/objects/guardrail2_red.dae","useInstanceRenderData":true}
{"class":"TSStatic","__parent":"gravelTrackSeatingTopRail","position":[80.741272,199.951431,129.741409],"isRenderEnabled":false,"rotationMatrix":[-0.680414677,-0.732750177,-0.0106275268,0.732825994,-0.68031466,-0.0117470128,0.00137756346,-0.0157809686,0.999874532],"shapeName":"/levels/west_coast_usa/art/shapes/objects/guardrail1_white.dae","useInstanceRenderData":true}
{"class":"TSStatic","__parent":"gravelTrackSeatingTopRail","position":[98.2154236,218.876419,129.690765],"isRenderEnabled":false,"rotationMatrix":[-0.742411613,-0.669454634,0.0256112181,0.669463217,-0.742784739,-0.00950304512,0.0253854729,0.010090596,0.999626815],"shapeName":"/levels/west_coast_usa/art/shapes/objects/guardrail2_red.dae","useInstanceRenderData":true}
{"class":"TSStatic","__parent":"gravelTrackSeatingTopRail","position":[87.3948059,207.290359,129.819824],"isRenderEnabled":false,"rotationMatrix":[-0.656454682,-0.754333198,-0.0069672293,0.75435406,-0.656366229,-0.0115401791,0.00413208688,-0.0128313629,0.999909163],"shapeName":"/levels/west_coast_usa/art/shapes/objects/guardrail1_red.dae","useInstanceRenderData":true}
{"class":"TSStatic","__parent":"gravelTrackSeatingTopRail","position":[86.0856323,205.798737,129.806076],"isRenderEnabled":false,"rotationMatrix":[-0.663900495,-0.7477898,-0.00685249176,0.747809827,-0.663811803,-0.011608677,0.00413208641,-0.0128313638,0.999909163],"shapeName":"/levels/west_coast_usa/art/shapes/objects/guardrail1_white.dae","useInstanceRenderData":true}
{"class":"TSStatic","__parent":"gravelTrackSeatingTopRail","position":[75.3661575,194.117035,129.675919],"isRenderEnabled":false,"rotationMatrix":[-0.676412106,-0.736475587,-0.00837316085,0.736517191,-0.676317334,-0.0117034437,0.00295638596,-0.0140833305,0.999896467],"shapeName":"/levels/west_coast_usa/art/shapes/objects/guardrail1_white.dae","useInstanceRenderData":true}
{"class":"TSStatic","__parent":"gravelTrackSeatingTopRail","position":[62.7876854,181.56218,129.741959],"isRenderEnabled":false,"rotationMatrix":[-0.735321164,-0.677568376,0.0142740617,0.677472651,-0.735458612,-0.0114543214,0.018259069,0.00124768075,0.999832511],"shapeName":"/levels/west_coast_usa/art/shapes/objects/guardrail1_red.dae","useInstanceRenderData":true}
{"class":"TSStatic","__parent":"gravelTrackSeatingTopRail","position":[69.9066467,188.412201,129.654327],"isRenderEnabled":false,"rotationMatrix":[-0.698284507,-0.715818822,0.0014418764,0.715757191,-0.698248267,-0.0118705798,0.00950397272,-0.00725700893,0.999928474],"shapeName":"/levels/west_coast_usa/art/shapes/objects/guardrail1_white.dae","useInstanceRenderData":true}
{"class":"TSStatic","__parent":"gravelTrackSeatingTopRail","position":[68.5194702,187.004501,129.661316],"isRenderEnabled":false,"rotationMatrix":[-0.704946995,-0.709239841,0.00534370495,0.709155917,-0.704952598,-0.0118208257,0.0121508595,-0.00454353634,0.999915838],"shapeName":"/levels/west_coast_usa/art/shapes/objects/guardrail1_red.dae","useInstanceRenderData":true}
{"class":"TSStatic","__parent":"gravelTrackSeatingTopRail","position":[76.7058945,195.582245,129.691101],"isRenderEnabled":false,"rotationMatrix":[-0.673305869,-0.739330888,-0.00698744738,0.739353418,-0.673216105,-0.0116741825,0.00392702082,-0.0130264908,0.999907434],"shapeName":"/levels/west_coast_usa/art/shapes/objects/guardrail1_red.dae","useInstanceRenderData":true}
{"class":"TSStatic","__parent":"gravelTrackSeatingTopRail","position":[65.6683731,184.256027,129.693451],"isRenderEnabled":false,"rotationMatrix":[-0.726106405,-0.687541664,0.00746209361,0.687451065,-0.726137042,-0.01164818,0.0134271141,-0.00332799461,0.999904335],"shapeName":"/levels/west_coast_usa/art/shapes/objects/guardrail1_red.dae","useInstanceRenderData":true}
{"class":"TSStatic","__parent":"gravelTrackSeatingTopRail","position":[64.2419281,182.911362,129.71373],"isRenderEnabled":false,"rotationMatrix":[-0.729620934,-0.68370533,0.0141776167,0.683608532,-0.729757667,-0.0115734907,0.0182590745,0.00124768075,0.999832511],"shapeName":"/levels/west_coast_usa/art/shapes/objects/guardrail1_white.dae","useInstanceRenderData":true}
{"class":"TSStatic","__parent":"gravelTrackSeatingTopRail","position":[84.7761154,204.329437,129.792633],"isRenderEnabled":false,"rotationMatrix":[-0.666941285,-0.7450791,-0.00680513959,0.74509877,-0.666852593,-0.0116364965,0.00413208548,-0.012831361,0.999909163],"shapeName":"/levels/west_coast_usa/art/shapes/objects/guardrail1_red.dae","useInstanceRenderData":true}
{"class":"TSStatic","__parent":"gravelTrackSeatingTopRail","position":[48.1285896,165.665604,128.942612],"isRenderEnabled":false,"rotationMatrix":[-0.451234937,-0.887639225,-0.0921099782,0.890805423,-0.454198241,0.0130454898,-0.0534158498,-0.076165475,0.995663404],"shapeName":"/levels/west_coast_usa/art/shapes/objects/guardrail2_white.dae","useInstanceRenderData":true}
{"class":"TSStatic","__parent":"gravelTrackSeatingTopRail","position":[95.392189,216.082779,129.766327],"isRenderEnabled":false,"rotationMatrix":[-0.698651314,-0.715297818,0.0153619843,0.715219378,-0.698812604,-0.0110803731,0.0186609086,0.00324587245,0.99982059],"shapeName":"/levels/west_coast_usa/art/shapes/objects/guardrail1_red.dae","useInstanceRenderData":true}
{"class":"TSStatic","__parent":"gravelTrackSeatingTopRail","position":[83.4473114,202.857819,129.778656],"isRenderEnabled":false,"rotationMatrix":[-0.673127294,-0.73949039,-0.00727355853,0.739516616,-0.673036218,-0.011692781,0.00375133031,-0.0132496525,0.999905169],"shapeName":"/levels/west_coast_usa/art/shapes/objects/guardrail1_white.dae","useInstanceRenderData":true}
{"class":"TSStatic","__parent":"gravelTrackSeatingTopRail","position":[103.070198,222.288422,129.500992],"isRenderEnabled":false,"rotationMatrix":[-0.879909039,-0.473276883,0.0420591459,0.473639637,-0.880717397,-0.00150730461,0.0377555937,0.0185945872,0.999113977],"shapeName":"/levels/west_coast_usa/art/shapes/objects/guardrail2_white.dae","useInstanceRenderData":true}
{"class":"TSStatic","__parent":"gravelTrackSeatingTopRail","position":[51.2732162,170.676804,129.44368],"isRenderEnabled":false,"rotationMatrix":[-0.640991211,-0.764438689,-0.0690212697,0.766461551,-0.642274022,-0.00457727537,-0.0408315212,-0.0558361374,0.997604668],"shapeName":"/levels/west_coast_usa/art/shapes/objects/guardrail2_red.dae","useInstanceRenderData":true}
{"class":"TSStatic","__parent":"gravelTrackSeatingTopRail","position":[52.6246872,172.127777,129.565933],"isRenderEnabled":false,"rotationMatrix":[-0.717335701,-0.694604278,-0.0543584041,0.695997119,-0.717971563,-0.0102548338,-0.0319047309,-0.045189444,0.998468816],"shapeName":"/levels/west_coast_usa/art/shapes/objects/guardrail1_white.dae","useInstanceRenderData":true}
{"class":"TSStatic","__parent":"gravelTrackSeatingTopRail","position":[49.0409431,167.425781,129.121994],"isRenderEnabled":false,"rotationMatrix":[-0.463243246,-0.881723166,-0.0892707333,0.884700775,-0.466007948,0.0118550491,-0.0520537719,-0.073486127,0.995936871],"shapeName":"/levels/west_coast_usa/art/shapes/objects/guardrail2_red.dae","useInstanceRenderData":true}
{"class":"TSStatic","__parent":"gravelTrackSeatingTopRail","position":[91.3461609,211.7332,129.826019],"isRenderEnabled":false,"rotationMatrix":[-0.665722966,-0.746198237,0.00133810099,0.746138394,-0.665690422,-0.0115942005,0.00954233017,-0.0067201131,0.999931872],"shapeName":"/levels/west_coast_usa/art/shapes/objects/guardrail1_white.dae","useInstanceRenderData":true}
{"class":"TSStatic","__parent":"gravelTrackSeatingTopRail","position":[79.3899002,198.501953,129.722412],"isRenderEnabled":false,"rotationMatrix":[-0.683397412,-0.729997218,-0.00854048505,0.730041921,-0.68330121,-0.01179031,0.00277117128,-0.0142923715,0.999894023],"shapeName":"/levels/west_coast_usa/art/shapes/objects/guardrail1_red.dae","useInstanceRenderData":true}
{"class":"TSStatic","__parent":"gravelTrackSeatingTopRail","position":[99.74263,220.142548,129.639191],"isRenderEnabled":false,"rotationMatrix":[-0.796536565,-0.604017437,0.0263251718,0.60405761,-0.796907544,-0.00729573937,0.0253854748,0.0100905988,0.999626815],"shapeName":"/levels/west_coast_usa/art/shapes/objects/guardrail2_white.dae","useInstanceRenderData":true}
{"class":"TSStatic","__parent":"gravelTrackSeatingTopRail","position":[56.9485359,176.19931,129.757416],"isRenderEnabled":false,"rotationMatrix":[-0.728208899,-0.685141623,-0.0171068795,0.685338318,-0.728138804,-0.0111794891,-0.00479665212,-0.0198650062,0.999791145],"shapeName":"/levels/west_coast_usa/art/shapes/objects/guardrail1_red.dae","useInstanceRenderData":true}
{"class":"TSStatic","__parent":"gravelTrackSeatingTopRail","position":[78.0435944,197.049057,129.704956],"isRenderEnabled":false,"rotationMatrix":[-0.67426312,-0.738458455,-0.00697232317,0.738480985,-0.674173355,-0.0116832238,0.00392702129,-0.0130264927,0.999907434],"shapeName":"/levels/west_coast_usa/art/shapes/objects/guardrail1_white.dae","useInstanceRenderData":true}
{"class":"TSStatic","__parent":"gravelTrackSeatingTopRail","position":[106.647064,223.990768,129.307358],"isRenderEnabled":false,"rotationMatrix":[-0.912077427,-0.406956911,0.0500134677,0.407560706,-0.91317606,0.0020713415,0.0448281392,0.0222727451,0.998746395],"shapeName":"/levels/west_coast_usa/art/shapes/objects/guardrail2_white.dae","useInstanceRenderData":true}
{"class":"TSStatic","__parent":"gravelTrackSeatingTopRail","position":[55.5038834,174.838913,129.716507],"isRenderEnabled":false,"rotationMatrix":[-0.72752142,-0.685662091,-0.0240845252,0.686013877,-0.727502823,-0.0111571345,-0.00987153687,-0.0246393736,0.999647677],"shapeName":"/levels/west_coast_usa/art/shapes/objects/guardrail1_white.dae","useInstanceRenderData":true}
{"class":"TSStatic","__parent":"gravelTrackSeatingTopRail","position":[58.4037285,177.548355,129.776276],"isRenderEnabled":false,"rotationMatrix":[-0.737864375,-0.674943984,-0.00259433803,0.674924076,-0.737798691,-0.0114213917,0.00579470024,-0.0101784188,0.999931395],"shapeName":"/levels/west_coast_usa/art/shapes/objects/guardrail1_white.dae","useInstanceRenderData":true}
{"class":"TSStatic","__parent":"gravelTrackSeatingTopRail","position":[54.0565834,173.485291,129.655975],"isRenderEnabled":false,"rotationMatrix":[-0.7323879,-0.679895759,-0.036743708,0.680618286,-0.732549667,-0.0114060342,-0.0191616695,-0.033362072,0.999259651],"shapeName":"/levels/west_coast_usa/art/shapes/objects/guardrail1_red.dae","useInstanceRenderData":true}
{"class":"TSStatic","__parent":"gravelTrackSeatingTopRail","position":[61.3320351,180.224014,129.763626],"isRenderEnabled":false,"rotationMatrix":[-0.736840606,-0.676017523,0.00812593009,0.675927162,-0.736879587,-0.0114372857,0.0137196379,-0.0029349206,0.999901593],"shapeName":"/levels/west_coast_usa/art/shapes/objects/guardrail1_white.dae","useInstanceRenderData":true}
{"class":"TSStatic","__parent":"gravelTrackSeatingTopRail","position":[104.839668,223.172668,129.406738],"isRenderEnabled":false,"rotationMatrix":[-0.906999826,-0.418147415,0.050035134,0.41873762,-0.90810585,0.00145660993,0.0448281318,0.0222727396,0.998746395],"shapeName":"/levels/west_coast_usa/art/shapes/objects/guardrail2_red.dae","useInstanceRenderData":true}
{"class":"TSStatic","__parent":"gravelTrackSeatingTopRail","position":[96.7805099,217.499817,129.735794],"isRenderEnabled":false,"rotationMatrix":[-0.700772285,-0.713218808,0.0153948264,0.713140845,-0.700933814,-0.0110346926,0.0186609067,0.00324587268,0.99982059],"shapeName":"/levels/west_coast_usa/art/shapes/objects/guardrail1_white.dae","useInstanceRenderData":true}
{"class":"TSStatic","__parent":"gravelTrackSeatingTopRail","position":[107.508286,224.238953,128.30336],"isRenderEnabled":false,"rotationMatrix":[-0.912077427,-0.406956911,0.0500134677,0.407560706,-0.91317606,0.0020713415,0.0448281392,0.0222727451,0.998746395],"shapeName":"/levels/west_coast_usa/art/shapes/objects/guardrailpost.dae","useInstanceRenderData":true}
{"class":"TSStatic","__parent":"gravelTrackSeatingTopRail","position":[105.697464,223.431992,128.402634],"isRenderEnabled":false,"rotationMatrix":[-0.906999826,-0.418147415,0.050035134,0.41873762,-0.90810585,0.00145660993,0.0448281318,0.0222727396,0.998746395],"shapeName":"/levels/west_coast_usa/art/shapes/objects/guardrailpost.dae","useInstanceRenderData":true}
{"class":"TSStatic","__parent":"gravelTrackSeatingTopRail","position":[103.91613,222.606491,128.503647],"isRenderEnabled":false,"rotationMatrix":[-0.879909039,-0.473276883,0.0420591459,0.473639637,-0.880717397,-0.00150730461,0.0377555937,0.0185945872,0.999113977],"shapeName":"/levels/west_coast_usa/art/shapes/objects/guardrailpost.dae","useInstanceRenderData":true}
{"class":"TSStatic","__parent":"gravelTrackSeatingTopRail","position":[102.188309,221.674362,128.586563],"isRenderEnabled":false,"rotationMatrix":[-0.839093089,-0.542898178,0.0344164707,0.543071985,-0.839671969,-0.00489499001,0.0315560214,0.0145832673,0.999395609],"shapeName":"/levels/west_coast_usa/art/shapes/objects/guardrailpost.dae","useInstanceRenderData":true}
{"class":"TSStatic","__parent":"gravelTrackSeatingTopRail","position":[100.538139,220.602036,128.655411],"isRenderEnabled":false,"rotationMatrix":[-0.796536565,-0.604017437,0.0263251718,0.60405761,-0.796907544,-0.00729573937,0.0253854748,0.0100905988,0.999626815],"shapeName":"/levels/west_coast_usa/art/shapes/objects/guardrailpost.dae","useInstanceRenderData":true}
{"class":"TSStatic","__parent":"gravelTrackSeatingTopRail","position":[98.9679794,219.403961,128.707382],"isRenderEnabled":false,"rotationMatrix":[-0.742411613,-0.669454634,0.0256112181,0.669463217,-0.742784739,-0.00950304512,0.0253854729,0.010090596,0.999626815],"shapeName":"/levels/west_coast_usa/art/shapes/objects/guardrailpost.dae","useInstanceRenderData":true}
{"class":"TSStatic","__parent":"gravelTrackSeatingTopRail","position":[97.5058289,218.080307,128.761658],"isRenderEnabled":false,"rotationMatrix":[-0.700772285,-0.713218808,0.0153948264,0.713140845,-0.700933814,-0.0110346926,0.0186609067,0.00324587268,0.99982059],"shapeName":"/levels/west_coast_usa/art/shapes/objects/guardrailpost.dae","useInstanceRenderData":true}
{"class":"TSStatic","__parent":"gravelTrackSeatingTopRail","position":[96.1157608,216.665466,128.792206],"isRenderEnabled":false,"rotationMatrix":[-0.698651314,-0.715297818,0.0153619843,0.715219378,-0.698812604,-0.0110803731,0.0186609086,0.00324587245,0.99982059],"shapeName":"/levels/west_coast_usa/art/shapes/objects/guardrailpost.dae","useInstanceRenderData":true}
{"class":"TSStatic","__parent":"gravelTrackSeatingTopRail","position":[94.7356873,215.25174,128.82254],"isRenderEnabled":false,"rotationMatrix":[-0.685603261,-0.727817595,0.0151590966,0.727736175,-0.685763121,-0.0113563538,0.018660903,0.00324587151,0.99982059],"shapeName":"/levels/west_coast_usa/art/shapes/objects/guardrailpost.dae","useInstanceRenderData":true}
{"class":"TSStatic","__parent":"gravelTrackSeatingTopRail","position":[93.3815002,213.813644,128.852295],"isRenderEnabled":false,"rotationMatrix":[-0.67494905,-0.737835765,0.00653778575,0.737751842,-0.674974203,-0.0115133077,0.0129077639,-0.00294763036,0.999912322],"shapeName":"/levels/west_coast_usa/art/shapes/objects/guardrailpost.dae","useInstanceRenderData":true}
{"class":"TSStatic","__parent":"gravelTrackSeatingTopRail","position":[92.0514908,212.358749,128.864914],"isRenderEnabled":false,"rotationMatrix":[-0.665722966,-0.746198237,0.00133810099,0.746138394,-0.665690422,-0.0115942005,0.00954233017,-0.0067201131,0.999931872],"shapeName":"/levels/west_coast_usa/art/shapes/objects/guardrailpost.dae","useInstanceRenderData":true}
{"class":"TSStatic","__parent":"gravelTrackSeatingTopRail","position":[90.7264633,210.873276,128.867416],"isRenderEnabled":false,"rotationMatrix":[-0.667190313,-0.744879544,0.00350275333,0.744806945,-0.667179823,-0.0115915034,0.010971236,-0.00512485998,0.999926686],"shapeName":"/levels/west_coast_usa/art/shapes/objects/guardrailpost.dae","useInstanceRenderData":true}
{"class":"TSStatic","__parent":"gravelTrackSeatingTopRail","position":[89.4157944,209.409744,128.873856],"isRenderEnabled":false,"rotationMatrix":[-0.665412188,-0.746467173,-0.0036545489,0.746450245,-0.665340304,-0.0115847103,0.00621608738,-0.0104365461,0.999926209],"shapeName":"/levels/west_coast_usa/art/shapes/objects/guardrailpost.dae","useInstanceRenderData":true}
{"class":"TSStatic","__parent":"gravelTrackSeatingTopRail","position":[88.0977402,207.930695,128.866547],"isRenderEnabled":false,"rotationMatrix":[-0.656454682,-0.754333198,-0.0069672293,0.75435406,-0.656366229,-0.0115401791,0.00413208688,-0.0128313629,0.999909163],"shapeName":"/levels/west_coast_usa/art/shapes/objects/guardrailpost.dae","useInstanceRenderData":true}
{"class":"TSStatic","__parent":"gravelTrackSeatingTopRail","position":[86.7947769,206.432007,128.852692],"isRenderEnabled":false,"rotationMatrix":[-0.663900495,-0.7477898,-0.00685249176,0.747809827,-0.663811803,-0.011608677,0.00413208641,-0.0128313638,0.999909163],"shapeName":"/levels/west_coast_usa/art/shapes/objects/guardrailpost.dae","useInstanceRenderData":true}
{"class":"TSStatic","__parent":"gravelTrackSeatingTopRail","position":[85.4877853,204.959793,128.839203],"isRenderEnabled":false,"rotationMatrix":[-0.666941285,-0.7450791,-0.00680513959,0.74509877,-0.666852593,-0.0116364965,0.00413208548,-0.012831361,0.999909163],"shapeName":"/levels/west_coast_usa/art/shapes/objects/guardrailpost.dae","useInstanceRenderData":true}
{"class":"TSStatic","__parent":"gravelTrackSeatingTopRail","position":[84.1644974,203.482574,128.825653],"isRenderEnabled":false,"rotationMatrix":[-0.673127294,-0.73949039,-0.00727355853,0.739516616,-0.673036218,-0.011692781,0.00375133031,-0.0132496525,0.999905169],"shapeName":"/levels/west_coast_usa/art/shapes/objects/guardrailpost.dae","useInstanceRenderData":true}
{"class":"TSStatic","__parent":"gravelTrackSeatingTopRail","position":[82.8280563,202.018478,128.810822],"isRenderEnabled":false,"rotationMatrix":[-0.685272813,-0.728222072,-0.00965013262,0.728283346,-0.685173869,-0.0118114697,0.00198935322,-0.0151221147,0.999883652],"shapeName":"/levels/west_coast_usa/art/shapes/objects/guardrailpost.dae","useInstanceRenderData":true}
{"class":"TSStatic","__parent":"gravelTrackSeatingTopRail","position":[81.4668427,200.571457,128.79158],"isRenderEnabled":false,"rotationMatrix":[-0.680414677,-0.732750177,-0.0106275268,0.732825994,-0.68031466,-0.0117470128,0.00137756346,-0.0157809686,0.999874532],"shapeName":"/levels/west_coast_usa/art/shapes/objects/guardrailpost.dae","useInstanceRenderData":true}
{"class":"TSStatic","__parent":"gravelTrackSeatingTopRail","position":[80.1165619,199.117569,128.770599],"isRenderEnabled":false,"rotationMatrix":[-0.683397412,-0.729997218,-0.00854048505,0.730041921,-0.68330121,-0.01179031,0.00277117128,-0.0142923715,0.999894023],"shapeName":"/levels/west_coast_usa/art/shapes/objects/guardrailpost.dae","useInstanceRenderData":true}
{"class":"TSStatic","__parent":"gravelTrackSeatingTopRail","position":[78.7615509,197.672485,128.751678],"isRenderEnabled":false,"rotationMatrix":[-0.67426312,-0.738458455,-0.00697232317,0.738480985,-0.674173355,-0.0116832238,0.00392702129,-0.0130264927,0.999907434],"shapeName":"/levels/west_coast_usa/art/shapes/objects/guardrailpost.dae","useInstanceRenderData":true}
{"class":"TSStatic","__parent":"gravelTrackSeatingTopRail","position":[77.4230576,196.206619,128.737823],"isRenderEnabled":false,"rotationMatrix":[-0.673305869,-0.739330888,-0.00698744738,0.739353418,-0.673216105,-0.0116741825,0.00392702082,-0.0130264908,0.999907434],"shapeName":"/levels/west_coast_usa/art/shapes/objects/guardrailpost.dae","useInstanceRenderData":true}
{"class":"TSStatic","__parent":"gravelTrackSeatingTopRail","position":[76.086853,194.739395,128.723969],"isRenderEnabled":false,"rotationMatrix":[-0.676412106,-0.736475587,-0.00837316085,0.736517191,-0.676317334,-0.0117034437,0.00295638596,-0.0140833305,0.999896467],"shapeName":"/levels/west_coast_usa/art/shapes/objects/guardrailpost.dae","useInstanceRenderData":true}
{"class":"TSStatic","__parent":"gravelTrackSeatingTopRail","position":[74.7506027,193.284515,128.708282],"isRenderEnabled":false,"rotationMatrix":[-0.690531135,-0.723289251,-0.00435271254,0.723280907,-0.690451741,-0.0118633863,0.00557532208,-0.0113402735,0.99992013],"shapeName":"/levels/west_coast_usa/art/shapes/objects/guardrailpost.dae","useInstanceRenderData":true}
{"class":"TSStatic","__parent":"gravelTrackSeatingTopRail","position":[73.3851089,191.85437,128.699829],"isRenderEnabled":false,"rotationMatrix":[-0.692111969,-0.721789837,-0.000687074382,0.721744776,-0.69205749,-0.0118730301,0.00809433684,-0.00871335808,0.999929249],"shapeName":"/levels/west_coast_usa/art/shapes/objects/guardrailpost.dae","useInstanceRenderData":true}
{"class":"TSStatic","__parent":"gravelTrackSeatingTopRail","position":[72.0181427,190.42926,128.698288],"isRenderEnabled":false,"rotationMatrix":[-0.695516944,-0.718502402,-0.00315575814,0.718481421,-0.695444465,-0.0118761268,0.00633837143,-0.010527404,0.999924481],"shapeName":"/levels/west_coast_usa/art/shapes/objects/guardrailpost.dae","useInstanceRenderData":true}
{"class":"TSStatic","__parent":"gravelTrackSeatingTopRail","position":[70.6389542,189.005753,128.6931],"isRenderEnabled":false,"rotationMatrix":[-0.698284507,-0.715818822,0.0014418764,0.715757191,-0.698248267,-0.0118705798,0.00950397272,-0.00725700893,0.999928474],"shapeName":"/levels/west_coast_usa/art/shapes/objects/guardrailpost.dae","useInstanceRenderData":true}
{"class":"TSStatic","__parent":"gravelTrackSeatingTopRail","position":[69.2546463,187.588394,128.696426],"isRenderEnabled":false,"rotationMatrix":[-0.704946995,-0.709239841,0.00534370495,0.709155917,-0.704952598,-0.0118208257,0.0121508595,-0.00454353634,0.999915838],"shapeName":"/levels/west_coast_usa/art/shapes/objects/guardrailpost.dae","useInstanceRenderData":true}
{"class":"TSStatic","__parent":"gravelTrackSeatingTopRail","position":[67.8501968,186.178711,128.707443],"isRenderEnabled":false,"rotationMatrix":[-0.724063277,-0.689666271,0.00962212123,0.68956995,-0.724124908,-0.0116699366,0.0150159802,-0.00181464851,0.999885619],"shapeName":"/levels/west_coast_usa/art/shapes/objects/guardrailpost.dae","useInstanceRenderData":true}
{"class":"TSStatic","__parent":"gravelTrackSeatingTopRail","position":[66.4195633,184.815735,128.726624],"isRenderEnabled":false,"rotationMatrix":[-0.726106405,-0.687541664,0.00746209361,0.687451065,-0.726137042,-0.01164818,0.0134271141,-0.00332799461,0.999904335],"shapeName":"/levels/west_coast_usa/art/shapes/objects/guardrailpost.dae","useInstanceRenderData":true}
{"class":"TSStatic","__parent":"gravelTrackSeatingTopRail","position":[64.9912109,183.462524,128.740677],"isRenderEnabled":false,"rotationMatrix":[-0.729620934,-0.68370533,0.0141776167,0.683608532,-0.729757667,-0.0115734907,0.0182590745,0.00124768075,0.999832511],"shapeName":"/levels/west_coast_usa/art/shapes/objects/guardrailpost.dae","useInstanceRenderData":true}
{"class":"TSStatic","__parent":"gravelTrackSeatingTopRail","position":[63.5415878,182.106873,128.768845],"isRenderEnabled":false,"rotationMatrix":[-0.735321164,-0.677568376,0.0142740617,0.677472651,-0.735458612,-0.0114543214,0.018259069,0.00124768075,0.999832511],"shapeName":"/levels/west_coast_usa/art/shapes/objects/guardrailpost.dae","useInstanceRenderData":true}
{"class":"TSStatic","__parent":"gravelTrackSeatingTopRail","position":[62.0916443,180.77121,128.796219],"isRenderEnabled":false,"rotationMatrix":[-0.736840606,-0.676017523,0.00812593009,0.675927162,-0.736879587,-0.0114372857,0.0137196379,-0.0029349206,0.999901593],"shapeName":"/levels/west_coast_usa/art/shapes/objects/guardrailpost.dae","useInstanceRenderData":true}
{"class":"TSStatic","__parent":"gravelTrackSeatingTopRail","position":[60.6321297,179.432159,128.812347],"isRenderEnabled":false,"rotationMatrix":[-0.739129782,-0.673554659,0.00330336695,0.673486471,-0.739110947,-0.0114264218,0.0101378765,-0.00622083712,0.999929249],"shapeName":"/levels/west_coast_usa/art/shapes/objects/guardrailpost.dae","useInstanceRenderData":true}
{"class":"TSStatic","__parent":"gravelTrackSeatingTopRail","position":[59.1719742,178.101562,128.818909],"isRenderEnabled":false,"rotationMatrix":[-0.737864375,-0.674943984,-0.00259433803,0.674924076,-0.737798691,-0.0114213917,0.00579470024,-0.0101784188,0.999931395],"shapeName":"/levels/west_coast_usa/art/shapes/objects/guardrailpost.dae","useInstanceRenderData":true}
{"class":"TSStatic","__parent":"gravelTrackSeatingTopRail","position":[57.7193832,176.772797,128.813858],"isRenderEnabled":false,"rotationMatrix":[-0.728208899,-0.685141623,-0.0171068795,0.685338318,-0.728138804,-0.0111794891,-0.00479665212,-0.0198650062,0.999791145],"shapeName":"/levels/west_coast_usa/art/shapes/objects/guardrailpost.dae","useInstanceRenderData":true}
{"class":"TSStatic","__parent":"gravelTrackSeatingTopRail","position":[56.2791557,175.417664,128.779648],"isRenderEnabled":false,"rotationMatrix":[-0.72752142,-0.685662091,-0.0240845252,0.686013877,-0.727502823,-0.0111571345,-0.00987153687,-0.0246393736,0.999647677],"shapeName":"/levels/west_coast_usa/art/shapes/objects/guardrailpost.dae","useInstanceRenderData":true}
{"class":"TSStatic","__parent":"gravelTrackSeatingTopRail","position":[54.8449211,174.06662,128.731384],"isRenderEnabled":false,"rotationMatrix":[-0.7323879,-0.679895759,-0.036743708,0.680618286,-0.732549667,-0.0114060342,-0.0191616695,-0.033362072,0.999259651],"shapeName":"/levels/west_coast_usa/art/shapes/objects/guardrailpost.dae","useInstanceRenderData":true}
{"class":"TSStatic","__parent":"gravelTrackSeatingTopRail","position":[53.4132729,172.736328,128.658798],"isRenderEnabled":false,"rotationMatrix":[-0.717335701,-0.694604278,-0.0543584041,0.695997119,-0.717971563,-0.0102548338,-0.0319047309,-0.045189444,0.998468816],"shapeName":"/levels/west_coast_usa/art/shapes/objects/guardrailpost.dae","useInstanceRenderData":true}
{"class":"TSStatic","__parent":"gravelTrackSeatingTopRail","position":[52.0073509,171.370636,128.55188],"isRenderEnabled":false,"rotationMatrix":[-0.640991211,-0.764438689,-0.0690212697,0.766461551,-0.642274022,-0.00457727537,-0.0408315212,-0.0558361374,0.997604668],"shapeName":"/levels/west_coast_usa/art/shapes/objects/guardrailpost.dae","useInstanceRenderData":true}
{"class":"TSStatic","__parent":"gravelTrackSeatingTopRail","position":[50.7487221,169.866638,128.414444],"isRenderEnabled":false,"rotationMatrix":[-0.573878169,-0.814776063,-0.0824814886,0.817502856,-0.575922847,0.00122550875,-0.0485015064,-0.0667255744,0.996591866],"shapeName":"/levels/west_coast_usa/art/shapes/objects/guardrailpost.dae","useInstanceRenderData":true}
{"class":"TSStatic","__parent":"gravelTrackSeatingTopRail","position":[49.6301155,168.270264,128.252869],"isRenderEnabled":false,"rotationMatrix":[-0.463243246,-0.881723166,-0.0892707333,0.884700775,-0.466007948,0.0118550491,-0.0520537719,-0.073486127,0.995936871],"shapeName":"/levels/west_coast_usa/art/shapes/objects/guardrailpost.dae","useInstanceRenderData":true}
{"class":"TSStatic","__parent":"gravelTrackSeatingTopRail","position":[48.7108231,166.517853,128.089264],"isRenderEnabled":false,"rotationMatrix":[-0.451234937,-0.887639225,-0.0921099782,0.890805423,-0.454198241,0.0130454898,-0.0534158498,-0.076165475,0.995663404],"shapeName":"/levels/west_coast_usa/art/shapes/objects/guardrailpost.dae","useInstanceRenderData":true}
{"class":"TSStatic","__parent":"gravelTrackSeatingTopRail","position":[47.8528557,164.828781,127.915367],"isRenderEnabled":false,"rotationMatrix":[-0.451234937,-0.887639225,-0.0921099782,0.890805423,-0.454198241,0.0130454898,-0.0534158498,-0.076165475,0.995663404],"shapeName":"/levels/west_coast_usa/art/shapes/objects/guardrailpost.dae","useInstanceRenderData":true}
{"class":"TSStatic","__parent":"gravelTrackSeatingTopRail","position":[48.1508217,165.696976,128.517303],"isRenderEnabled":false,"rotationMatrix":[-0.451234937,-0.887639225,-0.0921099782,0.890805423,-0.454198241,0.0130454898,-0.0534158498,-0.076165475,0.995663404],"shapeName":"/levels/west_coast_usa/art/shapes/objects/guardrail2_white.dae","useInstanceRenderData":true}
{"class":"TSStatic","__parent":"gravelTrackSeatingTopRail","position":[50.0811348,169.141678,128.866562],"isRenderEnabled":false,"rotationMatrix":[-0.573878169,-0.814776063,-0.0824814886,0.817502856,-0.575922847,0.00122550875,-0.0485015064,-0.0667255744,0.996591866],"shapeName":"/levels/west_coast_usa/art/shapes/objects/guardrail1_white.dae","useInstanceRenderData":true}
{"class":"TSStatic","__parent":"gravelTrackSeatingTopRail","position":[52.6469193,172.159149,129.140625],"isRenderEnabled":false,"rotationMatrix":[-0.717335701,-0.694604278,-0.0543584041,0.695997119,-0.717971563,-0.0102548338,-0.0319047309,-0.045189444,0.998468816],"shapeName":"/levels/west_coast_usa/art/shapes/objects/guardrail1_white.dae","useInstanceRenderData":true}
{"class":"TSStatic","__parent":"gravelTrackSeatingTopRail","position":[55.5261154,174.870285,129.291199],"isRenderEnabled":false,"rotationMatrix":[-0.72752142,-0.685662091,-0.0240845252,0.686013877,-0.727502823,-0.0111571345,-0.00987153687,-0.0246393736,0.999647677],"shapeName":"/levels/west_coast_usa/art/shapes/objects/guardrail1_white.dae","useInstanceRenderData":true}
{"class":"TSStatic","__parent":"gravelTrackSeatingTopRail","position":[58.4259605,177.579727,129.350967],"isRenderEnabled":false,"rotationMatrix":[-0.737864375,-0.674943984,-0.00259433803,0.674924076,-0.737798691,-0.0114213917,0.00579470024,-0.0101784188,0.999931395],"shapeName":"/levels/west_coast_usa/art/shapes/objects/guardrail1_white.dae","useInstanceRenderData":true}
{"class":"TSStatic","__parent":"gravelTrackSeatingTopRail","position":[61.3542671,180.255386,129.338318],"isRenderEnabled":false,"rotationMatrix":[-0.736840606,-0.676017523,0.00812593009,0.675927162,-0.736879587,-0.0114372857,0.0137196379,-0.0029349206,0.999901593],"shapeName":"/levels/west_coast_usa/art/shapes/objects/guardrail1_white.dae","useInstanceRenderData":true}
{"class":"TSStatic","__parent":"gravelTrackSeatingTopRail","position":[64.2641602,182.942734,129.288422],"isRenderEnabled":false,"rotationMatrix":[-0.729620934,-0.68370533,0.0141776167,0.683608532,-0.729757667,-0.0115734907,0.0182590745,0.00124768075,0.999832511],"shapeName":"/levels/west_coast_usa/art/shapes/objects/guardrail1_white.dae","useInstanceRenderData":true}
{"class":"TSStatic","__parent":"gravelTrackSeatingTopRail","position":[67.1244659,185.649612,129.250992],"isRenderEnabled":false,"rotationMatrix":[-0.724063277,-0.689666271,0.00962212123,0.68956995,-0.724124908,-0.0116699366,0.0150159802,-0.00181464851,0.999885619],"shapeName":"/levels/west_coast_usa/art/shapes/objects/guardrail1_white.dae","useInstanceRenderData":true}
{"class":"TSStatic","__parent":"gravelTrackSeatingTopRail","position":[69.9288788,188.443573,129.229019],"isRenderEnabled":false,"rotationMatrix":[-0.698284507,-0.715818822,0.0014418764,0.715757191,-0.698248267,-0.0118705798,0.00950397272,-0.00725700893,0.999928474],"shapeName":"/levels/west_coast_usa/art/shapes/objects/guardrail1_white.dae","useInstanceRenderData":true}
{"class":"TSStatic","__parent":"gravelTrackSeatingTopRail","position":[72.6787262,191.284363,129.233749],"isRenderEnabled":false,"rotationMatrix":[-0.692111969,-0.721789837,-0.000687074382,0.721744776,-0.69205749,-0.0118730301,0.00809433684,-0.00871335808,0.999929249],"shapeName":"/levels/west_coast_usa/art/shapes/objects/guardrail1_white.dae","useInstanceRenderData":true}
{"class":"TSStatic","__parent":"gravelTrackSeatingTopRail","position":[75.3883896,194.148407,129.25061],"isRenderEnabled":false,"rotationMatrix":[-0.676412106,-0.736475587,-0.00837316085,0.736517191,-0.676317334,-0.0117034437,0.00295638596,-0.0140833305,0.999896467],"shapeName":"/levels/west_coast_usa/art/shapes/objects/guardrail1_white.dae","useInstanceRenderData":true}
{"class":"TSStatic","__parent":"gravelTrackSeatingTopRail","position":[78.0658264,197.080429,129.279648],"isRenderEnabled":false,"rotationMatrix":[-0.67426312,-0.738458455,-0.00697232317,0.738480985,-0.674173355,-0.0116832238,0.00392702129,-0.0130264927,0.999907434],"shapeName":"/levels/west_coast_usa/art/shapes/objects/guardrail1_white.dae","useInstanceRenderData":true}
{"class":"TSStatic","__parent":"gravelTrackSeatingTopRail","position":[80.763504,199.982803,129.316101],"isRenderEnabled":false,"rotationMatrix":[-0.680414677,-0.732750177,-0.0106275268,0.732825994,-0.68031466,-0.0117470128,0.00137756346,-0.0157809686,0.999874532],"shapeName":"/levels/west_coast_usa/art/shapes/objects/guardrail1_white.dae","useInstanceRenderData":true}
{"class":"TSStatic","__parent":"gravelTrackSeatingTopRail","position":[83.4695435,202.889191,129.353348],"isRenderEnabled":false,"rotationMatrix":[-0.673127294,-0.73949039,-0.00727355853,0.739516616,-0.673036218,-0.011692781,0.00375133031,-0.0132496525,0.999905169],"shapeName":"/levels/west_coast_usa/art/shapes/objects/guardrail1_white.dae","useInstanceRenderData":true}
{"class":"TSStatic","__parent":"gravelTrackSeatingTopRail","position":[86.1078644,205.830109,129.380768],"isRenderEnabled":false,"rotationMatrix":[-0.663900495,-0.7477898,-0.00685249176,0.747809827,-0.663811803,-0.011608677,0.00413208641,-0.0128313638,0.999909163],"shapeName":"/levels/west_coast_usa/art/shapes/objects/guardrail1_white.dae","useInstanceRenderData":true}
{"class":"TSStatic","__parent":"gravelTrackSeatingTopRail","position":[88.7296753,208.811615,129.404953],"isRenderEnabled":false,"rotationMatrix":[-0.665412188,-0.746467173,-0.0036545489,0.746450245,-0.665340304,-0.0115847103,0.00621608738,-0.0104365461,0.999926209],"shapeName":"/levels/west_coast_usa/art/shapes/objects/guardrail1_white.dae","useInstanceRenderData":true}
{"class":"TSStatic","__parent":"gravelTrackSeatingTopRail","position":[91.3683929,211.764572,129.400711],"isRenderEnabled":false,"rotationMatrix":[-0.665722966,-0.746198237,0.00133810099,0.746138394,-0.665690422,-0.0115942005,0.00954233017,-0.0067201131,0.999931872],"shapeName":"/levels/west_coast_usa/art/shapes/objects/guardrail1_white.dae","useInstanceRenderData":true}
{"class":"TSStatic","__parent":"gravelTrackSeatingTopRail","position":[94.0450974,214.687073,129.371201],"isRenderEnabled":false,"rotationMatrix":[-0.685603261,-0.727817595,0.0151590966,0.727736175,-0.685763121,-0.0113563538,0.018660903,0.00324587151,0.99982059],"shapeName":"/levels/west_coast_usa/art/shapes/objects/guardrail1_white.dae","useInstanceRenderData":true}
{"class":"TSStatic","__parent":"gravelTrackSeatingTopRail","position":[96.802742,217.531189,129.310486],"isRenderEnabled":false,"rotationMatrix":[-0.700772285,-0.713218808,0.0153948264,0.713140845,-0.700933814,-0.0110346926,0.0186609067,0.00324587268,0.99982059],"shapeName":"/levels/west_coast_usa/art/shapes/objects/guardrail1_white.dae","useInstanceRenderData":true}
{"class":"TSStatic","__parent":"gravelTrackSeatingTopRail","position":[99.7648621,220.17392,129.213882],"isRenderEnabled":false,"rotationMatrix":[-0.796536565,-0.604017437,0.0263251718,0.60405761,-0.796907544,-0.00729573937,0.0253854748,0.0100905988,0.999626815],"shapeName":"/levels/west_coast_usa/art/shapes/objects/guardrail1_white.dae","useInstanceRenderData":true}
