{"class":"DecalRoad","persistentId":"47b8dab5-7b70-4de0-945b-70eed25cf83b","__parent":"SimGroup_","position":[452.055145,824.305298,124.317703],"improvedSpline":true,"material":"road_invisible","nodes":[[452.055145,824.305298,124.317703,1],[448.634644,826.702576,124.242958,1],[446.254242,830.930054,124.501846,1],[442.39743,838.895203,125.50148,1],[437.934265,845.709839,127.363129,1],[433.698669,849.391113,128.324875,1],[426.966309,852.444641,128.492477,1],[417.421326,852.066406,129.152985,1],[406.817078,849.222229,129.471863,1],[396.658203,849.048096,129.553864,1],[386.685883,853.181641,129.188507,1],[373.195282,859.542175,130.180511,1],[359.451202,858.162964,130.705673,1],[346.981476,850.90509,129.377075,1],[340.88739,838.834717,126.990738,1],[328.867676,833.304993,123.227768,1],[319.123871,823.53595,121.874084,1],[314.707458,812.904663,119.356384,1],[315.542786,802.56897,117.696312,1],[322.305695,791.113647,116.465118,1],[326.961273,784.491638,115.759026,1],[326.130005,778.068604,114.599144,1],[321.632202,771.392029,113.709648,1],[310.228119,763.53125,111.838829,1],[293.671875,753.260193,108.959473,1],[286.099213,739.957275,109.04953,1],[278.388733,737.343445,108.225319,1],[452.055145,824.305298,124.317703,1],[448.634644,826.702576,124.242958,1],[446.254242,830.930054,124.501846,1],[442.39743,838.895203,125.50148,1],[437.934265,845.709839,127.363129,1],[433.698669,849.391113,128.324875,1],[426.966309,852.444641,128.492477,1],[417.421326,852.066406,129.152985,1],[406.817078,849.222229,129.471863,1],[396.658203,849.048096,129.553864,1],[386.685883,853.181641,129.188507,1],[373.195282,859.542175,130.180511,1],[359.451202,858.162964,130.705673,1],[346.981476,850.90509,129.377075,1],[340.88739,838.834717,126.990738,1],[328.867676,833.304993,123.227768,1],[319.123871,823.53595,121.874084,1],[314.707458,812.904663,119.356384,1],[315.542786,802.56897,117.696312,1],[322.305695,791.113647,116.465118,1],[326.961273,784.491638,115.759026,1],[326.130005,778.068604,114.599144,1],[321.632202,771.392029,113.709648,1],[310.228119,763.53125,111.838829,1],[293.671875,753.260193,108.959473,1],[286.099213,739.957275,109.04953,1],[278.388733,737.343445,108.225319,1],[452.055145,824.305298,124.317703,1],[448.634644,826.702576,124.242958,1],[446.254242,830.930054,124.501846,1],[442.39743,838.895203,125.50148,1],[437.934265,845.709839,127.363129,1],[433.698669,849.391113,128.324875,1],[426.966309,852.444641,128.492477,1],[417.421326,852.066406,129.152985,1],[406.817078,849.222229,129.471863,1],[396.658203,849.048096,129.553864,1],[386.685883,853.181641,129.188507,1],[373.195282,859.542175,130.180511,1],[359.451202,858.162964,130.705673,1],[346.981476,850.90509,129.377075,1],[340.88739,838.834717,126.990738,1],[328.867676,833.304993,123.227768,1],[319.123871,823.53595,121.874084,1],[314.707458,812.904663,119.356384,1],[315.542786,802.56897,117.696312,1],[322.305695,791.113647,116.465118,1],[326.961273,784.491638,115.759026,1],[326.130005,778.068604,114.599144,1],[321.632202,771.392029,113.709648,1],[310.228119,763.53125,111.838829,1],[293.671875,753.260193,108.959473,1],[286.099213,739.957275,109.04953,1],[278.388733,737.343445,108.225319,1]]}
{"class":"DecalRoad","persistentId":"5ae88f92-6b49-457e-97ef-361e944a4e18","__parent":"SimGroup_","position":[229.556412,681.778198,100.352859],"distanceFade":[0.5,0.5],"drivability":1,"improvedSpline":true,"material":"road_dirt_tracks","nodes":[[229.556412,681.778198,100.352859,5],[222.564697,674.518494,100.117271,5],[216.557709,678.100159,100.075775,5],[214.208908,690.86676,100.435905,5],[206.101013,714.657715,100.473274,5],[199.544144,734.117126,101.015144,5],[191.206528,756.184753,101.769501,5],[189.27655,768.579041,101.968758,5]],"startEndFade":[0.5,0.5]}
{"class":"DecalRoad","persistentId":"5ec89d1f-63ac-4375-87e1-908f0e21e096","__parent":"SimGroup_","position":[221.646881,679.346191,100.207817],"improvedSpline":true,"material":"road_invisible","nodes":[[221.646881,679.346191,100.207817,1],[223.99939,687.246826,100.442909,1],[225.950592,694.320557,100.687195,1],[226.611267,696.109009,100.761032,1],[221.646881,679.346191,100.207817,1],[223.99939,687.246826,100.442909,1],[225.950592,694.320557,100.687195,1],[226.611267,696.109009,100.761032,1],[221.646881,679.346191,100.207817,1],[223.99939,687.246826,100.442909,1],[225.950592,694.320557,100.687195,1],[226.611267,696.109009,100.761032,1]]}
{"class":"DecalRoad","persistentId":"77e39c77-5b39-4bcd-b314-a3594af32103","__parent":"SimGroup_","position":[342.927612,826.889648,125.771904],"improvedSpline":true,"material":"road_invisible","nodes":[[342.927612,826.889648,125.771904,1],[337.362305,823.136353,123.510414,1],[330.082245,816.654297,121.149971,1],[327.518127,811.673584,120.134987,1],[328.02652,807.059021,119.38472,1],[331.808868,801.910156,118.724831,1],[336.068604,796.272888,117.703812,1],[339.667786,792.705078,116.965294,1],[339.857147,784.519104,115.634285,1],[339.0065,774.676636,114.542244,1],[334.746857,765.92218,113.374741,1],[326.341644,757.678284,111.441048,1],[317.675629,751.995117,110.723289,1],[311.322052,747.535767,110.69101,1],[307.64151,742.925049,110.984985,1],[342.927612,826.889648,125.771904,1],[337.362305,823.136353,123.510414,1],[330.082245,816.654297,121.149971,1],[327.518127,811.673584,120.134987,1],[328.02652,807.059021,119.38472,1],[331.808868,801.910156,118.724831,1],[336.068604,796.272888,117.703812,1],[339.667786,792.705078,116.965294,1],[339.857147,784.519104,115.634285,1],[339.0065,774.676636,114.542244,1],[334.746857,765.92218,113.374741,1],[326.341644,757.678284,111.441048,1],[317.675629,751.995117,110.723289,1],[311.322052,747.535767,110.69101,1],[307.64151,742.925049,110.984985,1],[342.927612,826.889648,125.771904,1],[337.362305,823.136353,123.510414,1],[330.082245,816.654297,121.149971,1],[327.518127,811.673584,120.134987,1],[328.02652,807.059021,119.38472,1],[331.808868,801.910156,118.724831,1],[336.068604,796.272888,117.703812,1],[339.667786,792.705078,116.965294,1],[339.857147,784.519104,115.634285,1],[339.0065,774.676636,114.542244,1],[334.746857,765.92218,113.374741,1],[326.341644,757.678284,111.441048,1],[317.675629,751.995117,110.723289,1],[311.322052,747.535767,110.69101,1],[307.64151,742.925049,110.984985,1]]}
{"class":"DecalRoad","persistentId":"922044fa-8354-4308-8236-15fe56170c6f","__parent":"SimGroup_","position":[593.614502,973.610718,121.303566],"improvedSpline":true,"material":"road_invisible","nodes":[[593.614502,973.610718,121.303566,1],[594.745728,980.201782,121.437576,1],[591.861206,986.605957,121.379906,1],[586.629395,992.288696,121.32766,1],[579.568237,995.726013,121.223686,1],[572.348816,997.870483,121.059166,1],[593.614502,973.610718,121.303566,1],[594.745728,980.201782,121.437576,1],[591.861206,986.605957,121.379906,1],[586.629395,992.288696,121.32766,1],[579.568237,995.726013,121.223686,1],[572.348816,997.870483,121.059166,1],[593.614502,973.610718,121.303566,1],[594.745728,980.201782,121.437576,1],[591.861206,986.605957,121.379906,1],[586.629395,992.288696,121.32766,1],[579.568237,995.726013,121.223686,1],[572.348816,997.870483,121.059166,1]]}
{"class":"DecalRoad","persistentId":"9cb1c209-6908-4375-84f5-f90a3a95c475","__parent":"SimGroup_","position":[195.987625,784.31488,102.236046],"improvedSpline":true,"material":"road_invisible","nodes":[[195.987625,784.31488,102.236046,1],[198.805359,792.17511,101.975586,1],[204.209335,802.371582,101.761185,1],[213.381851,813.167542,101.808258,1],[222.986649,821.252563,102.216705,1],[195.987625,784.31488,102.236046,1],[198.805359,792.17511,101.975586,1],[204.209335,802.371582,101.761185,1],[213.381851,813.167542,101.808258,1],[222.986649,821.252563,102.216705,1],[195.987625,784.31488,102.236046,1],[198.805359,792.17511,101.975586,1],[204.209335,802.371582,101.761185,1],[213.381851,813.167542,101.808258,1],[222.986649,821.252563,102.216705,1]]}
{"class":"DecalRoad","persistentId":"a1c5a5d6-573c-44b9-a9b6-6a878cfd7ff4","__parent":"SimGroup_","position":[304.755951,737.808472,111.250519],"improvedSpline":true,"material":"road_invisible","nodes":[[304.755951,737.808472,111.250519,1],[303.010529,734.245667,111.140549,1],[301.098694,729.057007,110.755318,1],[299.000092,727.4151,110.434593,1],[286.319336,726.185181,108.753922,1],[269.972351,723.585022,106.405113,1],[261.157532,720.380005,105.014969,1],[251.196075,714.347961,103.361488,1],[244.921478,708.162231,102.289452,1],[241.15979,701.88208,101.513817,1],[237.02861,691.55481,100.687988,1],[233.690842,681.784912,100.344681,1],[230.472549,670.471375,100.104057,1],[227.360168,664.766602,100.125984,1],[222.533173,661.199646,100.117767,1],[217.18541,664.589905,99.97686,1],[212.395416,673.732361,100.103378,1],[304.755951,737.808472,111.250519,1],[303.010529,734.245667,111.140549,1],[301.098694,729.057007,110.755318,1],[299.000092,727.4151,110.434593,1],[286.319336,726.185181,108.753922,1],[269.972351,723.585022,106.405113,1],[261.157532,720.380005,105.014969,1],[251.196075,714.347961,103.361488,1],[244.921478,708.162231,102.289452,1],[241.15979,701.88208,101.513817,1],[237.02861,691.55481,100.687988,1],[233.690842,681.784912,100.344681,1],[230.472549,670.471375,100.104057,1],[227.360168,664.766602,100.125984,1],[222.533173,661.199646,100.117767,1],[217.18541,664.589905,99.97686,1],[212.395416,673.732361,100.103378,1],[304.755951,737.808472,111.250519,1],[303.010529,734.245667,111.140549,1],[301.098694,729.057007,110.755318,1],[299.000092,727.4151,110.434593,1],[286.319336,726.185181,108.753922,1],[269.972351,723.585022,106.405113,1],[261.157532,720.380005,105.014969,1],[251.196075,714.347961,103.361488,1],[244.921478,708.162231,102.289452,1],[241.15979,701.88208,101.513817,1],[237.02861,691.55481,100.687988,1],[233.690842,681.784912,100.344681,1],[230.472549,670.471375,100.104057,1],[227.360168,664.766602,100.125984,1],[222.533173,661.199646,100.117767,1],[217.18541,664.589905,99.97686,1],[212.395416,673.732361,100.103378,1]]}
{"class":"DecalRoad","persistentId":"a924274f-dcfa-435b-ae63-f45de8f8dae0","__parent":"SimGroup_","position":[190.918076,783.15448,102.159111],"drivability":1,"improvedSpline":true,"material":"road_invisible","nodes":[[190.918076,783.15448,102.159111,7],[191.257538,794.251709,102.151009,7],[194.260513,804.070007,102.041466,7],[204.022797,816.807739,101.944176,5],[218.065628,822.371826,102.103668,5],[241.936432,832.763733,102.790848,5],[190.918076,783.15448,102.159111,7],[191.257538,794.251709,102.151009,7],[194.260513,804.070007,102.041466,7],[204.022797,816.807739,101.944176,5],[218.065628,822.371826,102.103668,5],[241.936432,832.763733,102.790848,5],[190.918076,783.15448,102.159111,7],[191.257538,794.251709,102.151009,7],[194.260513,804.070007,102.041466,7],[204.022797,816.807739,101.944176,5],[218.065628,822.371826,102.103668,5],[241.936432,832.763733,102.790848,5]],"oneWay":true}
{"class":"DecalRoad","persistentId":"ba434a95-72e6-4f9b-ba56-564a610dc4ad","__parent":"SimGroup_","position":[471.560394,814.729004,124.668541],"improvedSpline":true,"material":"road_invisible","nodes":[[471.560394,814.729004,124.668541,1],[466.412598,811.112061,124.663979,1],[461.048737,808.273193,124.73098,1],[455.318817,809.037842,124.720261,1],[450.741333,812.605408,124.613579,1],[443.661133,821.351135,123.998207,1],[471.560394,814.729004,124.668541,1],[466.412598,811.112061,124.663979,1],[461.048737,808.273193,124.73098,1],[455.318817,809.037842,124.720261,1],[450.741333,812.605408,124.613579,1],[443.661133,821.351135,123.998207,1],[471.560394,814.729004,124.668541,1],[466.412598,811.112061,124.663979,1],[461.048737,808.273193,124.73098,1],[455.318817,809.037842,124.720261,1],[450.741333,812.605408,124.613579,1],[443.661133,821.351135,123.998207,1]]}
{"class":"DecalRoad","persistentId":"bd3796c1-099f-4997-a40a-ccc9b439c8d4","__parent":"SimGroup_","position":[267.028656,841.656189,104.279068],"improvedSpline":true,"material":"road_invisible","nodes":[[267.028656,841.656189,104.279068,1],[272.348022,845.05011,104.546043,1],[281.78064,853.047119,105.189835,1],[267.028656,841.656189,104.279068,1],[272.348022,845.05011,104.546043,1],[281.78064,853.047119,105.189835,1],[267.028656,841.656189,104.279068,1],[272.348022,845.05011,104.546043,1],[281.78064,853.047119,105.189835,1]]}
{"name":"SimGroup_","class":"SimGroup","persistentId":"c6926992-5419-4947-9b06-5d1d888349a2","groupPosition":"313.79684509277 790.83035711115 112.66273584539"}
{"class":"TSStatic","persistentId":"03498ddf-be65-4e71-8c88-cbf27813e83c","__parent":"SimGroup_","position":[219.572495,662.294434,100.049477],"isRenderEnabled":false,"rotationMatrix":[-0.79966414,0.600055099,-0.0217098948,-0.600096345,-0.799910426,-0.00528459763,-0.0205370169,0.0088021243,0.999750316],"shapeName":"/levels/rls_west_coast_usa/art/shapes/objects/barrierfence_plain.dae","useInstanceRenderData":true}
{"class":"TSStatic","persistentId":"057080d2-3fcd-4c1b-b514-e3a0b30cae82","__parent":"SimGroup_","position":[349.266174,852.918152,130.081741],"isRenderEnabled":false,"rotationMatrix":[-0.589830399,0.801935256,-0.0948681235,-0.785935223,-0.597069144,-0.160668135,-0.185488284,-0.0202067569,0.982438684],"shapeName":"/levels/rls_west_coast_usa/art/shapes/objects/constructionbarrier.dae","useInstanceRenderData":true}
{"class":"TSStatic","persistentId":"061335dc-989d-4aa1-b83e-a86c1b7aad9f","__parent":"SimGroup_","position":[470.463867,813.931213,124.658165],"isRenderEnabled":false,"rotationMatrix":[-0.806563258,-0.590996027,-0.0133866398,0.59055984,-0.804545045,-0.0628173053,0.0263546221,-0.0585717484,0.997935236],"shapeName":"/levels/rls_west_coast_usa/art/shapes/objects/barrierfence_plain.dae","useInstanceRenderData":true}
{"class":"TSStatic","persistentId":"07638e7a-60b1-44cd-8b9b-7128fed0fe28","__parent":"SimGroup_","position":[238.932663,696.589966,101.01329],"isRenderEnabled":false,"rotationMatrix":[-0.364069581,-0.928627849,-0.0714389682,0.931353331,-0.362507939,-0.0341897644,0.00585237518,-0.078982383,0.996858835],"shapeName":"/levels/rls_west_coast_usa/art/shapes/objects/barrierfence_plain.dae","useInstanceRenderData":true}
{"class":"TSStatic","persistentId":"082b5614-9f5e-40d0-8f82-473d7b327039","__parent":"SimGroup_","position":[187.03331,791.821289,102.127426],"isRenderEnabled":false,"rotationMatrix":[0.103989422,0.994577944,0.000915556215,-0.99453944,0.103993475,-0.00875624456,-0.00880398043,0,0.999961257],"shapeName":"/levels/rls_west_coast_usa/art/shapes/objects/barrierfence_plain.dae","useInstanceRenderData":true}
{"class":"TSStatic","persistentId":"085f4a9d-05c9-42b2-b569-df65d1d10fec","__parent":"SimGroup_","position":[226.039276,694.614319,100.698433],"isRenderEnabled":false,"rotationMatrix":[0.957096159,-0.28943333,0.0139746051,0.288779229,0.956697822,0.0365488119,-0.0239479188,-0.0309451502,0.99923414],"shapeName":"/levels/rls_west_coast_usa/art/shapes/objects/constructionbarrier.dae","useInstanceRenderData":true}
{"class":"TSStatic","persistentId":"0a0f2ca0-7178-4ad4-97db-1028e88409d4","__parent":"SimGroup_","position":[454.083832,822.755798,124.442215],"isRenderEnabled":false,"shapeName":"/levels/rls_west_coast_usa/art/shapes/objects/sandbarrel.dae","useInstanceRenderData":true}
{"class":"TSStatic","persistentId":"0a3f10b9-be9d-4c59-afa6-a6164d4e7422","__parent":"SimGroup_","position":[458.540924,808.206177,124.73513],"isRenderEnabled":false,"rotationMatrix":[-0.995542526,0.0942833945,-0.00236726529,-0.0942674801,-0.995528102,-0.00611730153,-0.0029334391,-0.0058668782,0.999978483],"shapeName":"/levels/rls_west_coast_usa/art/shapes/objects/barrierfence_plain.dae","useInstanceRenderData":true}
{"class":"TSStatic","persistentId":"0aa6ab1a-f453-462a-86f2-11003facc23f","__parent":"SimGroup_","position":[189.231583,802.405701,102.076645],"isRenderEnabled":false,"rotationMatrix":[0.375995278,0.926605582,-0.00543993432,-0.926621556,0.375988781,-0.00220736233,-2.32830644e-10,0.00587071851,0.999982774],"shapeName":"/levels/rls_west_coast_usa/art/shapes/objects/barrierfence_plain.dae","useInstanceRenderData":true}
{"class":"TSStatic","persistentId":"0b16da3b-3705-4b61-8aa0-1cf68fe73ce5","__parent":"SimGroup_","position":[587.14386,961.300964,121.481651],"isRenderEnabled":false,"rotationMatrix":[-0.992937326,0.111768089,-0.0397868007,-0.113400437,-0.992684305,0.0414487869,-0.0348630808,0.0456679016,0.998347998],"scale":[2.09007525,1.66806555,2.0178256],"shapeName":"/levels/rls_west_coast_usa/art/shapes/objects/landingramp_shallow_long.dae","useInstanceRenderData":true}
{"class":"TSStatic","persistentId":"104145fb-dec9-4da6-a5a4-068f3bb2cd4e","__parent":"SimGroup_","position":[328.748627,814.838257,120.711121],"isRenderEnabled":false,"rotationMatrix":[-0.845682859,0.532836378,-0.0300944559,-0.518456876,-0.833618879,-0.190478325,-0.126581088,-0.145481616,0.981230021],"shapeName":"/levels/rls_west_coast_usa/art/shapes/objects/constructionbarrier.dae","useInstanceRenderData":true}
{"class":"TSStatic","persistentId":"1182df37-946b-4944-b28b-6c4a70291f8a","__parent":"SimGroup_","position":[456.637909,821.457581,124.442215],"isRenderEnabled":false,"shapeName":"/levels/rls_west_coast_usa/art/shapes/objects/sandbarrel.dae","useInstanceRenderData":true}
{"class":"TSStatic","persistentId":"12552539-6555-4149-9948-bfeb2de83b47","__parent":"SimGroup_","position":[198.999344,792.602356,101.972679],"isRenderEnabled":false,"rotationMatrix":[0.910256445,-0.413317382,-0.024535073,0.413390338,0.910551131,-0.0022577839,0.0232736189,-0.00808739942,0.999696434],"shapeName":"/levels/rls_west_coast_usa/art/shapes/objects/constructionbarrier.dae","useInstanceRenderData":true}
{"class":"TSStatic","persistentId":"1498269e-6e18-4c1e-a19c-249244403115","__parent":"SimGroup_","position":[200.130005,817.834656,101.933281],"isRenderEnabled":false,"rotationMatrix":[0.684964061,0.728576899,-0.000128104817,-0.728570938,0.684957743,-0.00415198179,-0.00293729152,0.00293729175,0.999991357],"shapeName":"/levels/rls_west_coast_usa/art/shapes/objects/barrierfence_plain.dae","useInstanceRenderData":true}
{"class":"TSStatic","persistentId":"188bc459-347d-469d-a807-a1a08a76e897","__parent":"SimGroup_","position":[270.029999,723.597534,106.412949],"isRenderEnabled":false,"rotationMatrix":[-0.967384219,-0.20923087,-0.142793462,0.223872215,-0.969932437,-0.0954569653,-0.118527487,-0.124311067,0.985138535],"shapeName":"/levels/rls_west_coast_usa/art/shapes/objects/barrierfence_plain.dae","useInstanceRenderData":true}
{"class":"TSStatic","persistentId":"1a3fad36-74b5-45e1-9c88-420d9d72251c","__parent":"SimGroup_","position":[335.993835,767.749146,113.704597],"isRenderEnabled":false,"rotationMatrix":[-0.831929445,0.53572607,-0.144537345,-0.522523046,-0.844022155,-0.120815396,-0.186716661,-0.0249857865,0.982096016],"shapeName":"/levels/rls_west_coast_usa/art/shapes/objects/constructionbarrier.dae","useInstanceRenderData":true}
{"class":"TSStatic","persistentId":"1ab3daab-84ad-4d0d-8912-75c0e308d48f","__parent":"SimGroup_","position":[215.556091,815.196106,101.920349],"isRenderEnabled":false,"rotationMatrix":[0.659296572,-0.74855572,-0.0706564933,0.751569331,0.658819437,0.0331742018,0.0217171367,-0.0749748871,0.996948898],"shapeName":"/levels/rls_west_coast_usa/art/shapes/objects/constructionbarrier.dae","useInstanceRenderData":true}
{"class":"TSStatic","persistentId":"1bfdc1b1-b318-4b0d-9218-8ffcf98f7600","__parent":"SimGroup_","position":[355.294891,856.506897,130.719498],"isRenderEnabled":false,"rotationMatrix":[-0.423356771,0.905442357,-0.0307146851,-0.903269887,-0.424467683,-0.0626962855,-0.0698052645,0.00120075606,0.997559905],"shapeName":"/levels/rls_west_coast_usa/art/shapes/objects/constructionbarrier.dae","useInstanceRenderData":true}
{"class":"TSStatic","persistentId":"1d0137d2-28f1-4727-9ce3-e050132600df","__parent":"SimGroup_","position":[228.273987,665.938843,100.119095],"isRenderEnabled":false,"rotationMatrix":[-0.583504319,-0.812106609,0.00238231663,0.812110066,-0.583501816,0.00171170372,0,0.00293348962,0.999995708],"shapeName":"/levels/rls_west_coast_usa/art/shapes/objects/barrierfence_plain.dae","useInstanceRenderData":true}
{"class":"TSStatic","persistentId":"1d08258d-559b-4f39-9f43-b95d6ea5a080","__parent":"SimGroup_","position":[327.505066,811.604492,120.124992],"isRenderEnabled":false,"rotationMatrix":[-0.967217445,0.203720629,-0.151618227,-0.184033126,-0.973701239,-0.134304225,-0.174991414,-0.10199862,0.979272306],"shapeName":"/levels/rls_west_coast_usa/art/shapes/objects/constructionbarrier.dae","useInstanceRenderData":true}
{"class":"TSStatic","persistentId":"1d8cba5f-0332-4ec1-a4da-5b830cf64f17","__parent":"SimGroup_","position":[285.936249,726.134338,108.697578],"isRenderEnabled":false,"rotationMatrix":[-0.980903864,-0.130073115,-0.144598141,0.147408798,-0.982198358,-0.116434932,-0.126878992,-0.135526508,0.982616067],"shapeName":"/levels/rls_west_coast_usa/art/shapes/objects/barrierfence_plain.dae","useInstanceRenderData":true}
{"class":"TSStatic","persistentId":"1e7e3608-9fae-4751-805e-0129dee4af68","__parent":"SimGroup_","position":[225.093536,691.213196,100.575638],"isRenderEnabled":false,"rotationMatrix":[0.965282202,-0.261128306,0.00649877684,0.260785878,0.964835525,0.0329114199,-0.0148643553,-0.0300740208,0.999437153],"shapeName":"/levels/rls_west_coast_usa/art/shapes/objects/constructionbarrier.dae","useInstanceRenderData":true}
{"class":"TSStatic","persistentId":"1e8bc97d-6ee0-426c-a098-1a3d1adaaa51","__parent":"SimGroup_","position":[186.706818,762.090698,101.847076],"isRenderEnabled":false,"rotationMatrix":[-0.186826944,0.982268155,0.0156515241,-0.982353389,-0.186653018,-0.0119356615,-0.00880261511,-0.0176052321,0.999806285],"shapeName":"/levels/rls_west_coast_usa/art/shapes/objects/barrierfence_plain.dae","useInstanceRenderData":true}
{"class":"TSStatic","persistentId":"20709c41-c0df-4b0e-9ff0-14ca56a998a2","__parent":"SimGroup_","position":[197.661758,789.339478,102.138893],"isRenderEnabled":false,"rotationMatrix":[0.939041436,-0.341826975,-0.0368173644,0.339512467,0.938854694,-0.0572992601,0.0541525856,0.0413064249,0.997677922],"shapeName":"/levels/rls_west_coast_usa/art/shapes/objects/constructionbarrier.dae","useInstanceRenderData":true}
{"class":"TSStatic","persistentId":"207de1f6-df8b-4e97-a33c-9ef8cf80d3cd","__parent":"SimGroup_","position":[339.538361,777.569519,114.89164],"isRenderEnabled":false,"rotationMatrix":[-0.982113361,0.115292497,-0.148865074,-0.105956219,-0.991958618,-0.0692194551,-0.15564847,-0.0522081777,0.986431897],"shapeName":"/levels/rls_west_coast_usa/art/shapes/objects/constructionbarrier.dae","useInstanceRenderData":true}
{"class":"TSStatic","persistentId":"21163308-dc8d-44a4-b069-72b4d4fbd70c","__parent":"SimGroup_","position":[286.140839,738.392212,109.195099],"isRenderEnabled":false,"rotationMatrix":[-0.212440491,0.965161264,-0.152748942,-0.970781267,-0.226307154,-0.0798012018,-0.111589253,0.131332815,0.985037804],"shapeName":"/levels/rls_west_coast_usa/art/shapes/objects/constructionbarrier.dae","useInstanceRenderData":true}
{"class":"TSStatic","persistentId":"242b2c78-4bde-439c-a08e-4ab1cfd730dc","__parent":"SimGroup_","position":[572.702515,997.770142,121.066643],"isRenderEnabled":false,"rotationMatrix":[0.961603284,-0.27340284,0.0238747522,0.270913392,0.959544122,0.0766879395,-0.0438755825,-0.0672753826,0.996769249],"shapeName":"/levels/rls_west_coast_usa/art/shapes/objects/barrierfence_plain.dae","useInstanceRenderData":true}
{"class":"TSStatic","persistentId":"24918758-9aa1-44f9-af7e-d6a4ac437bf0","__parent":"SimGroup_","position":[446.248901,818.049133,124.1539],"isRenderEnabled":false,"rotationMatrix":[-0.61260891,0.784059227,-0.0998063385,-0.779950559,-0.620133519,-0.0843299255,-0.12801291,0.0261827409,0.991426826],"shapeName":"/levels/rls_west_coast_usa/art/shapes/objects/barrierfence_plain.dae","useInstanceRenderData":true}
{"class":"TSStatic","persistentId":"24fb6ece-2adb-42db-862c-a0b180a176b9","__parent":"SimGroup_","position":[186.006088,778.301453,102.054489],"isRenderEnabled":false,"rotationMatrix":[0.0522937179,0.998586059,0.00955909118,-0.99852407,0.0524262786,-0.0141880931,-0.0146691799,-0.00880303327,0.999853671],"shapeName":"/levels/rls_west_coast_usa/art/shapes/objects/barrierfence_plain.dae","useInstanceRenderData":true}
{"class":"TSStatic","persistentId":"25cd7957-52df-4cd5-8d0a-381f7007e01b","__parent":"SimGroup_","position":[352.170746,854.874329,130.515488],"isRenderEnabled":false,"rotationMatrix":[-0.482462287,0.866406918,-0.128721297,-0.870207071,-0.490865469,-0.0423175246,-0.0998490378,0.091597572,0.990777493],"shapeName":"/levels/rls_west_coast_usa/art/shapes/objects/constructionbarrier.dae","useInstanceRenderData":true}
{"class":"TSStatic","persistentId":"2688fb8e-5b20-4cdf-b479-10832f84f33f","__parent":"SimGroup_","position":[210.268112,826.781555,101.905289],"isRenderEnabled":false,"rotationMatrix":[0.840513468,0.541790545,-0.000384231564,-0.541592062,0.840185881,-0.0276718475,-0.0146695208,0.0234666578,0.999616981],"shapeName":"/levels/rls_west_coast_usa/art/shapes/objects/barrierfence_plain.dae","useInstanceRenderData":true}
{"class":"TSStatic","persistentId":"26d4135c-9dd6-4a7c-ac84-3d0ac94e4a7c","__parent":"SimGroup_","position":[248.859802,712.408569,102.974304],"isRenderEnabled":false,"rotationMatrix":[-0.732230663,-0.669206083,-0.126496568,0.679663122,-0.729893208,-0.0728965998,-0.0435461402,-0.139352173,0.989284933],"shapeName":"/levels/rls_west_coast_usa/art/shapes/objects/barrierfence_plain.dae","useInstanceRenderData":true}
{"class":"TSStatic","persistentId":"26f5b0c8-b3e8-4aca-b705-304b5b775cda","__parent":"SimGroup_","position":[202.095306,798.947937,101.859177],"isRenderEnabled":false,"rotationMatrix":[0.87188834,-0.478386253,0.104677111,0.485429376,0.872484386,-0.0559403636,-0.0645680428,0.0995870978,0.992931724],"shapeName":"/levels/rls_west_coast_usa/art/shapes/objects/constructionbarrier.dae","useInstanceRenderData":true}
{"class":"TSStatic","persistentId":"2726e780-cc80-4e07-93cd-119812950e15","__parent":"SimGroup_","position":[279.657684,851.214905,104.983704],"isRenderEnabled":false,"rotationMatrix":[0.653159857,-0.756595016,0.0307613984,0.754628778,0.653745294,0.0561474413,-0.0625909939,-0.0134598222,0.997948468],"shapeName":"/levels/rls_west_coast_usa/art/shapes/objects/constructionbarrier.dae","useInstanceRenderData":true}
{"class":"TSStatic","persistentId":"27460170-1a2e-4f86-98dc-9a5a5415c9cd","__parent":"SimGroup_","position":[338.850006,774.137878,114.462814],"isRenderEnabled":false,"rotationMatrix":[-0.949090123,0.292580932,-0.116723508,-0.276296347,-0.951168299,-0.13762036,-0.151288778,-0.0983638391,0.983583391],"shapeName":"/levels/rls_west_coast_usa/art/shapes/objects/constructionbarrier.dae","useInstanceRenderData":true}
{"class":"TSStatic","persistentId":"2aff96ad-97e0-400e-a078-ee1baade2be0","__parent":"SimGroup_","position":[193.203369,809.494995,101.995705],"isRenderEnabled":false,"rotationMatrix":[0.565579414,0.824625969,-0.0105753839,-0.824672937,0.565609872,-0.000139293727,0.00586667657,0.00880001485,0.999944091],"shapeName":"/levels/rls_west_coast_usa/art/shapes/objects/barrierfence_plain.dae","useInstanceRenderData":true}
{"class":"TSStatic","persistentId":"2d2e2146-8214-444c-b0f9-c6c46b11b9f0","__parent":"SimGroup_","position":[260.031525,719.80719,104.825821],"isRenderEnabled":false,"rotationMatrix":[-0.876095295,-0.460015953,-0.144368827,0.473149896,-0.877862453,-0.0740714669,-0.0926619321,-0.133201763,0.986747742],"shapeName":"/levels/rls_west_coast_usa/art/shapes/objects/barrierfence_plain.dae","useInstanceRenderData":true}
{"class":"TSStatic","persistentId":"2e495d18-10fe-4952-96bf-daed70819334","__parent":"SimGroup_","position":[187.807571,756.779785,101.771774],"isRenderEnabled":false,"rotationMatrix":[-0.210850954,0.977387726,0.0159688741,-0.977500498,-0.210721016,-0.00944843516,-0.00586980861,-0.0176017974,0.999827862],"shapeName":"/levels/rls_west_coast_usa/art/shapes/objects/barrierfence_plain.dae","useInstanceRenderData":true}
{"class":"TSStatic","persistentId":"2e747f88-5dcd-4b81-9a81-21d1fbdcf420","__parent":"SimGroup_","position":[196.027939,728.110596,101.187073],"isRenderEnabled":false,"rotationMatrix":[-0.288862705,0.957205951,0.017752029,-0.956826746,-0.289273858,0.0283394791,0.0322619155,-0.00879939646,0.99944073],"shapeName":"/levels/rls_west_coast_usa/art/shapes/objects/barrierfence_plain.dae","useInstanceRenderData":true}
{"class":"TSStatic","persistentId":"33fd2406-0f5a-45be-ad84-7f3bf6ece8c2","__parent":"SimGroup_","position":[250.921707,714.135498,103.315613],"isRenderEnabled":false,"rotationMatrix":[-0.784298778,-0.607863545,-0.124004796,0.617922902,-0.783207417,-0.0689731389,-0.0551952235,-0.130720973,0.989881575],"shapeName":"/levels/rls_west_coast_usa/art/shapes/objects/barrierfence_plain.dae","useInstanceRenderData":true}
{"class":"TSStatic","persistentId":"362dadc3-b451-46fd-b5be-12919692cf1c","__parent":"SimGroup_","position":[208.238083,807.553101,101.708603],"isRenderEnabled":false,"rotationMatrix":[0.758958459,-0.64307189,0.102179013,0.64936316,0.759093046,-0.0458828136,-0.0480574295,0.101174437,0.993707299],"shapeName":"/levels/rls_west_coast_usa/art/shapes/objects/constructionbarrier.dae","useInstanceRenderData":true}
{"class":"TSStatic","persistentId":"38f88669-8db1-49bf-a854-db66a91937eb","__parent":"SimGroup_","position":[202.005096,819.794067,101.928886],"isRenderEnabled":false,"rotationMatrix":[0.701734662,0.712435126,-0.00215275027,-0.712414145,0.701682806,-0.010360295,-0.00587049033,0.00880382769,0.999944031],"shapeName":"/levels/rls_west_coast_usa/art/shapes/objects/barrierfence_plain.dae","useInstanceRenderData":true}
{"class":"TSStatic","persistentId":"39241fd6-0a67-4883-bda9-ed789f1a5128","__parent":"SimGroup_","position":[472.415314,815.247375,124.666809],"isRenderEnabled":false,"shapeName":"/levels/rls_west_coast_usa/art/shapes/objects/sandbarrel.dae","useInstanceRenderData":true}
{"class":"TSStatic","persistentId":"393f7728-b3c6-4651-9d29-5a84fe8e7853","__parent":"SimGroup_","position":[318.713104,796.570801,116.837181],"isRenderEnabled":false,"rotationMatrix":[-0.843817711,-0.521116614,-0.128098309,0.533962965,-0.839120865,-0.103729211,-0.0534349494,-0.155928299,0.986321986],"shapeName":"/levels/rls_west_coast_usa/art/shapes/objects/constructionbarrier.dae","useInstanceRenderData":true}
{"class":"TSStatic","persistentId":"39621609-9dc1-46cc-b751-aa48158365b8","__parent":"SimGroup_","position":[422.37851,852.618286,128.883636],"isRenderEnabled":false,"rotationMatrix":[-0.0139385462,0.969704568,0.243882895,-0.98828584,-0.0504322052,0.144040778,0.151976496,-0.239018306,0.959048152],"shapeName":"/levels/rls_west_coast_usa/art/shapes/objects/constructionbarrier.dae","useInstanceRenderData":true}
{"class":"TSStatic","persistentId":"3a52c12d-b8a4-4228-bca8-1214fe4bd082","__parent":"SimGroup_","position":[234.34465,683.847961,100.412689],"isRenderEnabled":false,"rotationMatrix":[-0.308499455,-0.950603127,-0.0343790166,0.951220036,-0.308407903,-0.00806970336,-0.00293167308,-0.0351915061,0.999376297],"shapeName":"/levels/rls_west_coast_usa/art/shapes/objects/barrierfence_plain.dae","useInstanceRenderData":true}
{"class":"TSStatic","persistentId":"3aabeca6-1bdb-4ba8-a782-886b4bc38af5","__parent":"SimGroup_","position":[243.563858,706.325195,102.040863],"isRenderEnabled":false,"rotationMatrix":[-0.551735282,-0.827254832,-0.106008783,0.833769739,-0.550206184,-0.0458407588,-0.0204046853,-0.113678873,0.993308008],"shapeName":"/levels/rls_west_coast_usa/art/shapes/objects/barrierfence_plain.dae","useInstanceRenderData":true}
{"class":"TSStatic","persistentId":"3aad6acf-75cb-40e9-81cc-11ea3f8799f0","__parent":"SimGroup_","position":[446.361511,830.717224,124.48262],"isRenderEnabled":false,"rotationMatrix":[0.88178432,0.426749945,0.200850368,-0.448697269,0.89023912,0.0783904195,-0.145351738,-0.159244448,0.976480484],"shapeName":"/levels/rls_west_coast_usa/art/shapes/objects/constructionbarrier.dae","useInstanceRenderData":true}
{"class":"TSStatic","persistentId":"3ad1ca3f-f612-4970-8adc-75eec2b037d4","__parent":"SimGroup_","position":[314.385529,809.629089,118.761276],"isRenderEnabled":false,"rotationMatrix":[-0.996738791,0.0090154279,0.0801898688,-0.0224436726,-0.985502005,-0.168172821,0.0775111318,-0.169424132,0.98249042],"shapeName":"/levels/rls_west_coast_usa/art/shapes/objects/constructionbarrier.dae","useInstanceRenderData":true}
{"class":"TSStatic","persistentId":"3b7f73c0-13ff-4343-bc83-b6dfb54e50c0","__parent":"SimGroup_","position":[339.769501,781.078552,115.210327],"isRenderEnabled":false,"rotationMatrix":[-0.994428396,0.0379344374,-0.0983534604,-0.026860198,-0.99339366,-0.111569919,-0.101936027,-0.10830649,0.988877535],"shapeName":"/levels/rls_west_coast_usa/art/shapes/objects/constructionbarrier.dae","useInstanceRenderData":true}
{"class":"TSStatic","persistentId":"3c44d25e-d648-4de8-891a-1c1db53c3d52","__parent":"SimGroup_","position":[311.239716,764.183105,112.043892],"isRenderEnabled":false,"rotationMatrix":[-0.539507151,0.841855288,-0.0145458058,-0.828484416,-0.533860683,-0.16913341,-0.150151283,-0.0791977197,0.985485852],"shapeName":"/levels/rls_west_coast_usa/art/shapes/objects/constructionbarrier.dae","useInstanceRenderData":true}
{"class":"TSStatic","persistentId":"3f20abae-0522-4790-98e9-4d16fe63b40c","__parent":"SimGroup_","position":[372.401276,859.661743,130.266663],"isRenderEnabled":false,"rotationMatrix":[0.165642679,0.946638167,0.27647543,-0.985495746,0.148403108,0.0823078826,0.0368859842,-0.286099076,0.957489848],"shapeName":"/levels/rls_west_coast_usa/art/shapes/objects/constructionbarrier.dae","useInstanceRenderData":true}
{"class":"TSStatic","persistentId":"3fd5cba2-245a-4e32-b582-a57536c801ee","__parent":"SimGroup_","position":[283.275818,725.777527,108.309845],"isRenderEnabled":false,"rotationMatrix":[-0.98071909,-0.134740248,-0.141546786,0.150935426,-0.982328534,-0.110677533,-0.1241327,-0.129907966,0.983725071],"shapeName":"/levels/rls_west_coast_usa/art/shapes/objects/barrierfence_plain.dae","useInstanceRenderData":true}
{"class":"TSStatic","persistentId":"419c2f20-d7c8-4541-82a0-5e50213f80c2","__parent":"SimGroup_","position":[188.44809,754.144775,101.729118],"isRenderEnabled":false,"rotationMatrix":[-0.245186567,0.969381809,0.0135065587,-0.969471455,-0.245119452,-0.00644110935,-0.00293317344,-0.0146734975,0.999888062],"shapeName":"/levels/rls_west_coast_usa/art/shapes/objects/barrierfence_plain.dae","useInstanceRenderData":true}
{"class":"TSStatic","persistentId":"444d9347-25fc-4d18-9f21-5bf98c63d317","__parent":"SimGroup_","position":[326.76358,785.036255,115.843964],"isRenderEnabled":false,"rotationMatrix":[-0.941186905,-0.335559815,-0.0395821035,0.337698728,-0.930284858,-0.143281803,0.0112569891,-0.148221776,0.988890052],"shapeName":"/levels/rls_west_coast_usa/art/shapes/objects/constructionbarrier.dae","useInstanceRenderData":true}
{"class":"TSStatic","persistentId":"455f5c05-2220-4727-893a-fed1d67eca56","__parent":"SimGroup_","position":[186.25354,764.764099,101.882622],"isRenderEnabled":false,"rotationMatrix":[-0.144228935,0.989461243,0.0128237754,-0.989474714,-0.144052982,-0.0137277283,-0.0117357522,-0.0146687385,0.999823511],"shapeName":"/levels/rls_west_coast_usa/art/shapes/objects/barrierfence_plain.dae","useInstanceRenderData":true}
{"class":"TSStatic","persistentId":"456cc34e-7f17-41f9-b911-8116a1f50038","__parent":"SimGroup_","position":[185.839844,770.168884,101.95295],"isRenderEnabled":false,"rotationMatrix":[-0.0319632292,0.999386907,0.0142871533,-0.999420166,-0.0317898989,-0.0121974172,-0.0117357522,-0.0146687375,0.999823511],"shapeName":"/levels/rls_west_coast_usa/art/shapes/objects/barrierfence_plain.dae","useInstanceRenderData":true}
{"class":"TSStatic","persistentId":"45c907c1-c6a7-40e5-9b21-e9dbb582a45d","__parent":"SimGroup_","position":[241.0177,701.574646,101.479668],"isRenderEnabled":false,"rotationMatrix":[-0.417695761,-0.903872848,-0.0924338028,0.908511758,-0.416802287,-0.0296991467,-0.0116823763,-0.0963824093,0.995275795],"shapeName":"/levels/rls_west_coast_usa/art/shapes/objects/barrierfence_plain.dae","useInstanceRenderData":true}
{"class":"TSStatic","persistentId":"48358263-0fcd-463e-993e-03b89dd17c7a","__parent":"SimGroup_","position":[299.30722,727.477844,110.474731],"isRenderEnabled":false,"rotationMatrix":[-0.97193706,-0.198343366,-0.126484543,0.209317446,-0.974550962,-0.0802284703,-0.107352845,-0.104452439,0.988718867],"shapeName":"/levels/rls_west_coast_usa/art/shapes/objects/barrierfence_plain.dae","useInstanceRenderData":true}
{"class":"TSStatic","persistentId":"487e96ce-8b4b-4cbb-b592-23a0d90f2126","__parent":"SimGroup_","position":[198.310181,815.823792,101.939201],"isRenderEnabled":false,"rotationMatrix":[0.658094943,0.752923548,-0.00413922593,-0.75292927,0.658101439,0.000278177788,0.00293347705,0.00293347705,0.999991417],"shapeName":"/levels/rls_west_coast_usa/art/shapes/objects/barrierfence_plain.dae","useInstanceRenderData":true}
{"class":"TSStatic","persistentId":"4a86564b-55c9-4049-a858-586662515a40","__parent":"SimGroup_","position":[331.611053,762.384644,112.419495],"isRenderEnabled":false,"rotationMatrix":[-0.706079006,0.708133042,0.000295378268,-0.691469848,-0.68937397,-0.215946615,-0.152715325,-0.152679592,0.976405144],"shapeName":"/levels/rls_west_coast_usa/art/shapes/objects/constructionbarrier.dae","useInstanceRenderData":true}
{"class":"TSStatic","persistentId":"4e5bba02-b25f-4060-a82a-8712e923289f","__parent":"SimGroup_","position":[235.197128,686.421265,100.494522],"isRenderEnabled":false,"rotationMatrix":[-0.323619246,-0.945663631,-0.0314765647,0.946182787,-0.32354188,-0.00766468234,-0.00293577462,-0.0322630256,0.999475121],"shapeName":"/levels/rls_west_coast_usa/art/shapes/objects/barrierfence_plain.dae","useInstanceRenderData":true}
{"class":"TSStatic","persistentId":"4fb15ff1-757c-462c-a294-6df3852b8f91","__parent":"SimGroup_","position":[302.096863,731.594482,110.977364],"isRenderEnabled":false,"rotationMatrix":[-0.310451627,-0.948214591,-0.0671475232,0.945397556,-0.315357327,0.0822992176,-0.0992127806,-0.0379311778,0.994343042],"shapeName":"/levels/rls_west_coast_usa/art/shapes/objects/barrierfence_plain.dae","useInstanceRenderData":true}
{"class":"TSStatic","persistentId":"504dee65-f07c-48ab-ae3f-1bc1712c1ef5","__parent":"SimGroup_","position":[418.877899,852.279724,129.168671],"isRenderEnabled":false,"rotationMatrix":[-0.117181659,0.955763578,0.269786,-0.989740133,-0.134754181,0.0474955738,0.0817493051,-0.261452436,0.961748242],"shapeName":"/levels/rls_west_coast_usa/art/shapes/objects/constructionbarrier.dae","useInstanceRenderData":true}
{"class":"TSStatic","persistentId":"516a6c18-b54b-4649-a7d2-51b4f53a0e80","__parent":"SimGroup_","position":[246.948624,710.515625,102.633781],"isRenderEnabled":false,"rotationMatrix":[-0.68259263,-0.722662568,-0.108749121,0.729817033,-0.681797981,-0.0501876883,-0.037876159,-0.113624692,0.992801487],"shapeName":"/levels/rls_west_coast_usa/art/shapes/objects/barrierfence_plain.dae","useInstanceRenderData":true}
{"class":"TSStatic","persistentId":"5297251f-c643-4e8c-b04c-689f9e72efc0","__parent":"SimGroup_","position":[594.585388,977.559875,121.375778],"isRenderEnabled":false,"rotationMatrix":[-0.161092639,-0.986896157,0.00922372192,0.986830235,-0.160928845,0.0163714401,-0.0146725494,0.0117395651,0.999823451],"shapeName":"/levels/rls_west_coast_usa/art/shapes/objects/barrierfence_plain.dae","useInstanceRenderData":true}
{"class":"TSStatic","persistentId":"52c0c819-02ab-4752-813c-0ea4d878a482","__parent":"SimGroup_","position":[223.168823,684.419373,100.356529],"isRenderEnabled":false,"rotationMatrix":[0.958477736,-0.285165966,0.000906667672,0.285022914,0.958088398,0.0287856832,-0.00907736551,-0.0273320153,0.999585211],"shapeName":"/levels/rls_west_coast_usa/art/shapes/objects/constructionbarrier.dae","useInstanceRenderData":true}
