{"name":"dockBulb_25","class":"PointLight","__parent":"dockSpotLights_4","position":[649.045471,1720.27625,104.825081],"brightness":20,"isEnabled":false,"radius":0.5,"rotationMatrix":[0.999974072,-0.00718795089,-2.32830616e-10,-0.00696086278,-0.968382001,-0.249374017,0.00179248815,0.24936758,-0.968407035],"shadowDarkenColor":[0,0,0,0]}
{"name":"dockBulb_26","class":"PointLight","__parent":"dockSpotLights_4","position":[649.085632,1722.18262,104.825081],"brightness":20,"isEnabled":false,"radius":0.5,"rotationMatrix":[0.999974072,-0.00718795089,-2.32830616e-10,-0.00696086278,-0.968382001,-0.249374017,0.00179248815,0.24936758,-0.968407035],"shadowDarkenColor":[0,0,0,0]}
{"name":"dockBulb_27","class":"PointLight","__parent":"dockSpotLights_4","position":[649.425842,1721.18616,104.825081],"brightness":20,"isEnabled":false,"radius":0.5,"rotationMatrix":[0.999974072,-0.00718795089,-2.32830616e-10,-0.00696086278,-0.968382001,-0.249374017,0.00179248815,0.24936758,-0.968407035],"shadowDarkenColor":[0,0,0,0]}
{"name":"dockBulb_28","class":"PointLight","__parent":"dockSpotLights_4","position":[648.176758,1719.91211,104.825081],"brightness":20,"isEnabled":false,"radius":0.5,"rotationMatrix":[0.999974072,-0.00718795089,-2.32830616e-10,-0.00696086278,-0.968382001,-0.249374017,0.00179248815,0.24936758,-0.968407035],"shadowDarkenColor":[0,0,0,0]}
{"name":"dockBulb_29","class":"PointLight","__parent":"dockSpotLights_4","position":[647.334595,1720.34534,104.825081],"brightness":20,"isEnabled":false,"radius":0.5,"rotationMatrix":[0.999974072,-0.00718795089,-2.32830616e-10,-0.00696086278,-0.968382001,-0.249374017,0.00179248815,0.24936758,-0.968407035],"shadowDarkenColor":[0,0,0,0]}
{"name":"dockBulb_30","class":"PointLight","__parent":"dockSpotLights_4","position":[646.793457,1721.18066,104.825081],"brightness":20,"isEnabled":false,"radius":0.5,"rotationMatrix":[0.999974072,-0.00718795089,-2.32830616e-10,-0.00696086278,-0.968382001,-0.249374017,0.00179248815,0.24936758,-0.968407035],"shadowDarkenColor":[0,0,0,0]}
{"name":"dockBulb_31","class":"PointLight","__parent":"dockSpotLights_4","position":[647.205139,1722.11499,104.825081],"brightness":20,"isEnabled":false,"radius":0.5,"rotationMatrix":[0.999974072,-0.00718795089,-2.32830616e-10,-0.00696086278,-0.968382001,-0.249374017,0.00179248815,0.24936758,-0.968407035],"shadowDarkenColor":[0,0,0,0]}
{"name":"dockLight_25","class":"SpotLight","__parent":"dockSpotLights_4","position":[648.967407,1722.02417,105.100296],"innerAngle":0,"isEnabled":false,"outerAngle":35,"range":50,"rotationMatrix":[0.596942544,-0.802284062,1.49011612e-07,0.213570654,0.15890789,-0.963916957,0.773335099,0.575403035,0.266203165],"shadowDarkenColor":[0,0,0,0]}
{"name":"dockLight_26","class":"SpotLight","__parent":"dockSpotLights_4","position":[647.315796,1720.36792,105.100296],"innerAngle":0,"isEnabled":false,"outerAngle":35,"range":50,"rotationMatrix":[-0.621867895,0.783122301,0,-0.208469301,-0.165543079,-0.963917136,-0.754864991,-0.599429011,0.266202688],"shadowDarkenColor":[0,0,0,0]}
{"name":"dockLight_27","class":"SpotLight","__parent":"dockSpotLights_4","position":[649.026245,1720.38989,105.100296],"innerAngle":0,"isEnabled":false,"outerAngle":35,"range":50,"rotationMatrix":[-0.189777374,-0.966059208,0.175255567,0.16663149,-0.207600832,-0.963917077,0.967584014,-0.153726399,0.20037365],"shadowDarkenColor":[0,0,0,0]}
{"name":"dockLight_28","class":"SpotLight","__parent":"dockSpotLights_4","position":[648.140076,1720.16882,105.100296],"innerAngle":0,"isEnabled":false,"outerAngle":35,"range":50,"rotationMatrix":[-0.999106169,0.0422672108,-1.86264515e-09,-0.0112516442,-0.265964627,-0.963917017,-0.0407420844,-0.963055611,0.266202748],"shadowDarkenColor":[0,0,0,0]}
{"name":"dockLight_29","class":"SpotLight","__parent":"dockSpotLights_4","position":[649.31427,1721.21875,105.100296],"innerAngle":0,"isEnabled":false,"outerAngle":35,"range":50,"rotationMatrix":[-0.0589222908,-0.998262644,2.38418579e-07,0.265740424,-0.0156855583,-0.963917017,0.962242305,-0.0567961633,0.266202927],"shadowDarkenColor":[0,0,0,0]}
{"name":"dockLight_30","class":"SpotLight","__parent":"dockSpotLights_4","position":[647.281311,1722.03076,105.100296],"innerAngle":0,"isEnabled":false,"outerAngle":35,"range":50,"rotationMatrix":[0.155766487,0.97212249,0.175255358,-0.17381233,0.201626718,-0.963916898,-0.972381532,0.119684249,0.20037365],"shadowDarkenColor":[0,0,0,0]}
{"name":"dockLight_31","class":"SpotLight","__parent":"dockSpotLights_4","position":[647.022522,1721.19226,105.100296],"innerAngle":0,"isEnabled":false,"outerAngle":35,"range":50,"rotationMatrix":[0.0238621235,0.99971509,0,-0.266126782,0.00635230541,-0.963916898,-0.963642418,0.0230009258,0.266202807],"shadowDarkenColor":[0,0,0,0]}
{"name":"dockLight_32","class":"SpotLight","__parent":"dockSpotLights_4","position":[648.15918,1722.28271,105.100296],"innerAngle":0,"isEnabled":false,"outerAngle":35,"range":50,"rotationMatrix":[0.999974191,-0.00718795229,-6.98491931e-10,0.00191345252,0.266195893,-0.963917136,0.00692859013,0.963892221,0.266202748],"shadowDarkenColor":[0,0,0,0]}
{"name":"dockBulb_32","class":"PointLight","__parent":"dockSpotLights_4","position":[648.130432,1722.53894,104.825081],"brightness":20,"isEnabled":false,"radius":0.5,"rotationMatrix":[0.999974072,-0.00718795089,-2.32830616e-10,-0.00696086278,-0.968382001,-0.249374017,0.00179248815,0.24936758,-0.968407035],"shadowDarkenColor":[0,0,0,0]}
