//--- OBJECT WRITE BEGIN ---
$ThisPrefab = new SimGroup() {
   canSave = "1";
   canSaveDynamicFields = "1";
      groupPosition = "0 0 0";

   new TSStatic() {
      shapeName = "/art/shapes/race/s_concrete_race_barrier.dae";
      dynamic = "0";
      playAmbient = "1";
      meshCulling = "0";
      originSort = "0";
      useInstanceRenderData = "0";
      instanceColor = "White";
      instanceColor1 = "White";
      instanceColor2 = "White";
      collisionType = "Collision Mesh";
      decalType = "Collision Mesh";
      prebuildCollisionData = "0";
      renderNormals = "0";
      forceDetail = "-1";
      position = "-946.094849 -610.181213 106.270744";
      scale = "1 1 1";
      rotationMatrix = "0.680192828 0.732955158 -0.0107016712 -0.733028769 0.680167735 -0.00639415905 0.00259230076 0.0121938922 0.999922276";
      isRenderEnabled = "false";
      canSave = "1";
      canSaveDynamicFields = "1";
      persistentId = "7f0f62d8-cfb8-462b-999e-c924ba4874cc";
         mode = "Ignore";
   };
   new TSStatic() {
      shapeName = "/art/shapes/race/s_concrete_race_barrier.dae";
      dynamic = "0";
      playAmbient = "1";
      meshCulling = "0";
      originSort = "0";
      useInstanceRenderData = "0";
      instanceColor = "White";
      instanceColor1 = "White";
      instanceColor2 = "White";
      collisionType = "Collision Mesh";
      decalType = "Collision Mesh";
      prebuildCollisionData = "0";
      renderNormals = "0";
      forceDetail = "-1";
      position = "-941.720764 -614.361023 106.270744";
      scale = "1 1 1";
      rotationMatrix = "0.680192828 0.732955158 -0.0107016712 -0.733028769 0.680167735 -0.00639415905 0.00259230076 0.0121938922 0.999922276";
      isRenderEnabled = "false";
      canSave = "1";
      canSaveDynamicFields = "1";
      persistentId = "d9a89f42-7fe7-4c46-a20b-53ed13654d66";
         mode = "Ignore";
   };
   new TSStatic() {
      shapeName = "/art/shapes/race/s_concrete_race_barrier.dae";
      dynamic = "0";
      playAmbient = "1";
      meshCulling = "0";
      originSort = "0";
      useInstanceRenderData = "0";
      instanceColor = "White";
      instanceColor1 = "White";
      instanceColor2 = "White";
      collisionType = "Collision Mesh";
      decalType = "Collision Mesh";
      prebuildCollisionData = "0";
      renderNormals = "0";
      forceDetail = "-1";
      position = "-935.261108 -599.229187 106.270744";
      scale = "1 1 1";
      rotationMatrix = "-0.716831446 -0.69716388 -0.0107016554 0.697238922 -0.716810465 -0.00639415439 -0.00321328593 -0.0120451357 0.999922693";
      isRenderEnabled = "false";
      canSave = "1";
      canSaveDynamicFields = "1";
      persistentId = "221fab98-19f1-4530-9379-3925c79a26fa";
         mode = "Ignore";
   };
   new TSStatic() {
      shapeName = "/art/shapes/race/s_concrete_race_barrier.dae";
      dynamic = "0";
      playAmbient = "1";
      meshCulling = "0";
      originSort = "0";
      useInstanceRenderData = "0";
      instanceColor = "White";
      instanceColor1 = "White";
      instanceColor2 = "White";
      collisionType = "Collision Mesh";
      decalType = "Collision Mesh";
      prebuildCollisionData = "0";
      renderNormals = "0";
      forceDetail = "-1";
      position = "-931.071716 -603.332581 106.270744";
      scale = "1 1 1";
      rotationMatrix = "-0.716831446 -0.69716388 -0.0107016554 0.697238922 -0.716810465 -0.00639415439 -0.00321328593 -0.0120451357 0.999922693";
      isRenderEnabled = "false";
      canSave = "1";
      canSaveDynamicFields = "1";
      persistentId = "7ca29f24-e8ac-406c-b88b-c66b2ebba987";
         mode = "Ignore";
   };
   new DecalRoad() {
      drivability = "-1";
      lanesLeft = "1";
      lanesRight = "1";
      oneWay = "0";
      flipDirection = "0";
      gatedRoad = "0";
      useSubdivisions = "1";
      improvedSpline = "0";
      startTangent = "0";
      endTangent = "0";
      looped = "0";
      smoothness = "0.5";
      detail = "0.100000001";
      overObjects = "0";
      Material = "line_white";
      textureLength = "5";
      breakAngle = "3";
      renderPriority = "2";
      zBias = "0";
      decalBias = "0.000500000024";
      distanceFade = "0 0";
      startEndFade = "0 0";
      hiddenInNavi = "0";
      position = "-940.773499 -604.694153 106.265526";
      scale = "1 1 1";
      rotationMatrix = "1 0 0 0 1 0 0 0 1";
      canSave = "1";
      canSaveDynamicFields = "1";
      persistentId = "6bf11f88-d811-4668-8cda-802bae713271";
         mode = "Ignore";

      Node = "-940.773499 -604.694153 106.265526 0.200000";
      Node = "-936.506348 -608.749390 106.266632 0.200000";
   };
   new DecalRoad() {
      drivability = "-1";
      lanesLeft = "1";
      lanesRight = "1";
      oneWay = "0";
      flipDirection = "0";
      gatedRoad = "0";
      useSubdivisions = "1";
      improvedSpline = "0";
      startTangent = "0";
      endTangent = "0";
      looped = "0";
      smoothness = "0.5";
      detail = "0.100000001";
      overObjects = "0";
      Material = "checkered_line";
      textureLength = "5";
      breakAngle = "3";
      renderPriority = "1";
      zBias = "0";
      decalBias = "0.000500000024";
      distanceFade = "0 0";
      startEndFade = "0 0";
      hiddenInNavi = "0";
      position = "205.74971 510.26825 117.337547";
      scale = "1 1 1";
      rotationMatrix = "1 0 0 0 1 0 0 0 1";
      canSave = "1";
      canSaveDynamicFields = "1";
      persistentId = "92e26536-3d80-4138-9d4f-9cf7b9e0333f";
         lanesInvert = "0";
         mode = "Ignore";

      Node = "205.749710 510.268250 117.337547 1.000000";
      Node = "217.119888 494.635681 117.136497 1.000000";
   };
   new TSStatic(checkpoint_sign2) {
      shapeName = "/levels/west_coast_usa/art/shapes/race/sign_checkpoint.dae";
      dynamic = "0";
      playAmbient = "1";
      meshCulling = "0";
      originSort = "0";
      useInstanceRenderData = "0";
      instanceColor = "White";
      instanceColor1 = "White";
      instanceColor2 = "White";
      collisionType = "Collision Mesh";
      decalType = "Collision Mesh";
      prebuildCollisionData = "0";
      renderNormals = "0";
      forceDetail = "-1";
      position = "-651.597839 -330.007812 106.466736";
      scale = "1.5 1.5 1.5";
      rotationMatrix = "0.731643498 -0.681687295 0 0.681687295 0.731643498 0 0 0 1";
      isRenderEnabled = "false";
      canSave = "1";
      canSaveDynamicFields = "1";
      persistentId = "2150ac7a-f19c-4117-8299-97a77714eff9";
         mode = "Ignore";
   };
   new TSStatic(checkpoint_sign1) {
      shapeName = "/levels/west_coast_usa/art/shapes/race/sign_checkpoint.dae";
      dynamic = "0";
      playAmbient = "1";
      meshCulling = "0";
      originSort = "0";
      useInstanceRenderData = "0";
      instanceColor = "White";
      instanceColor1 = "White";
      instanceColor2 = "White";
      collisionType = "Collision Mesh";
      decalType = "Collision Mesh";
      prebuildCollisionData = "0";
      renderNormals = "0";
      forceDetail = "-1";
      position = "-664.816284 -316.539917 106.481995";
      scale = "1.5 1.5 1.5";
      rotationMatrix = "0.731643498 -0.681687295 0 0.681687295 0.731643498 0 0 0 1";
      isRenderEnabled = "false";
      canSave = "1";
      canSaveDynamicFields = "1";
      persistentId = "8eb78a47-dc75-4a97-8408-64d507fdf3f4";
         mode = "Ignore";
   };
   new TSStatic() {
      shapeName = "/art/shapes/race/s_concrete_race_barrier.dae";
      dynamic = "0";
      playAmbient = "1";
      meshCulling = "0";
      originSort = "0";
      useInstanceRenderData = "0";
      instanceColor = "White";
      instanceColor1 = "White";
      instanceColor2 = "White";
      collisionType = "Collision Mesh";
      decalType = "Collision Mesh";
      prebuildCollisionData = "0";
      renderNormals = "0";
      forceDetail = "-1";
      position = "-753.976929 -450.257965 106.17495";
      scale = "1 1 1";
      rotationMatrix = "0.512910962 0.858375132 -0.0107016582 -0.858441889 0.512871206 -0.00639414508 -3.95818045e-09 0.0124663748 0.999922276";
      isRenderEnabled = "false";
      canSave = "1";
      canSaveDynamicFields = "1";
      persistentId = "e204643d-0a13-427b-ae97-e39da189b035";
         mode = "Ignore";
   };
   new TSStatic() {
      shapeName = "/art/shapes/race/s_concrete_race_barrier.dae";
      dynamic = "0";
      playAmbient = "1";
      meshCulling = "0";
      originSort = "0";
      useInstanceRenderData = "0";
      instanceColor = "White";
      instanceColor1 = "White";
      instanceColor2 = "White";
      collisionType = "Collision Mesh";
      decalType = "Collision Mesh";
      prebuildCollisionData = "0";
      renderNormals = "0";
      forceDetail = "-1";
      position = "-737.760376 -422.70517 106.48114";
      scale = "1 1 1";
      rotationMatrix = "0.512911022 0.858088613 0.0246178359 -0.85844183 0.512700081 0.0147089306 1.39688794e-09 -0.0286773518 0.999588728";
      isRenderEnabled = "false";
      canSave = "1";
      canSaveDynamicFields = "1";
      persistentId = "92077e68-16d7-4ed8-8007-343a90c3f340";
         mode = "Ignore";
   };
   new TSStatic() {
      shapeName = "/art/shapes/race/s_concrete_race_barrier.dae";
      dynamic = "0";
      playAmbient = "1";
      meshCulling = "0";
      originSort = "0";
      useInstanceRenderData = "0";
      instanceColor = "White";
      instanceColor1 = "White";
      instanceColor2 = "White";
      collisionType = "Collision Mesh";
      decalType = "Collision Mesh";
      prebuildCollisionData = "0";
      renderNormals = "0";
      forceDetail = "-1";
      position = "-735.999939 -419.858521 106.497147";
      scale = "1 1 1";
      rotationMatrix = "-0.468609035 -0.883063138 0.0246178117 0.883404613 -0.468380511 0.014708953 -0.00145841204 0.0286402293 0.999589324";
      isRenderEnabled = "false";
      canSave = "1";
      canSaveDynamicFields = "1";
      persistentId = "f501e83a-1c71-4f6c-9bf6-3f0e0821353f";
         mode = "Ignore";
   };
   new TSStatic() {
      shapeName = "/art/shapes/race/s_concrete_race_barrier.dae";
      dynamic = "0";
      playAmbient = "1";
      meshCulling = "0";
      originSort = "0";
      useInstanceRenderData = "0";
      instanceColor = "White";
      instanceColor1 = "White";
      instanceColor2 = "White";
      collisionType = "Collision Mesh";
      decalType = "Collision Mesh";
      prebuildCollisionData = "0";
      renderNormals = "0";
      forceDetail = "-1";
      position = "-739.457886 -425.629944 106.388168";
      scale = "1 1 1";
      rotationMatrix = "0.512911022 0.858088613 0.0246178359 -0.85844183 0.512700081 0.0147089306 1.39688794e-09 -0.0286773518 0.999588728";
      isRenderEnabled = "false";
      canSave = "1";
      canSaveDynamicFields = "1";
      persistentId = "8490b372-1dbf-4e9c-8acc-487b2267751a";
         mode = "Ignore";
   };
   new TSStatic() {
      shapeName = "/art/shapes/race/s_concrete_race_barrier.dae";
      dynamic = "0";
      playAmbient = "1";
      meshCulling = "0";
      originSort = "0";
      useInstanceRenderData = "0";
      instanceColor = "White";
      instanceColor1 = "White";
      instanceColor2 = "White";
      collisionType = "Collision Mesh";
      decalType = "Collision Mesh";
      prebuildCollisionData = "0";
      renderNormals = "0";
      forceDetail = "-1";
      position = "-741.194397 -428.638885 106.304207";
      scale = "1 1 1";
      rotationMatrix = "0.512911022 0.858087838 0.0246477462 -0.858441949 0.512699604 0.0147267953 -1.62955871e-09 -0.0287121944 0.999587595";
      isRenderEnabled = "false";
      canSave = "1";
      canSaveDynamicFields = "1";
      persistentId = "f99a895e-ed43-4d94-83a4-db75836e4876";
         mode = "Ignore";
   };
   new TSStatic() {
      shapeName = "/art/shapes/race/s_concrete_race_barrier.dae";
      dynamic = "0";
      playAmbient = "1";
      meshCulling = "0";
      originSort = "0";
      useInstanceRenderData = "0";
      instanceColor = "White";
      instanceColor1 = "White";
      instanceColor2 = "White";
      collisionType = "Collision Mesh";
      decalType = "Collision Mesh";
      prebuildCollisionData = "0";
      renderNormals = "0";
      forceDetail = "-1";
      position = "-743.028137 -431.682404 106.245491";
      scale = "1 1 1";
      rotationMatrix = "0.512911022 0.85842067 0.00601863908 -0.858441889 0.512898445 0.00359608023 -1.16443377e-09 -0.00701112254 0.999975383";
      isRenderEnabled = "false";
      canSave = "1";
      canSaveDynamicFields = "1";
      persistentId = "3eca19b8-5da4-47a3-b199-c55beddd2516";
         mode = "Ignore";
   };
   new TSStatic() {
      shapeName = "/art/shapes/race/s_concrete_race_barrier.dae";
      dynamic = "0";
      playAmbient = "1";
      meshCulling = "0";
      originSort = "0";
      useInstanceRenderData = "0";
      instanceColor = "White";
      instanceColor1 = "White";
      instanceColor2 = "White";
      collisionType = "Collision Mesh";
      decalType = "Collision Mesh";
      prebuildCollisionData = "0";
      renderNormals = "0";
      forceDetail = "-1";
      position = "-744.893677 -434.816803 106.191002";
      scale = "1 1 1";
      rotationMatrix = "0.512911022 0.85842067 0.00601863908 -0.858441889 0.512898445 0.00359608023 -1.16443377e-09 -0.00701112254 0.999975383";
      isRenderEnabled = "false";
      canSave = "1";
      canSaveDynamicFields = "1";
      persistentId = "050496ae-2e53-4bde-aa5f-4f47a80b449f";
         mode = "Ignore";
   };
   new TSStatic() {
      shapeName = "/art/shapes/race/s_concrete_race_barrier.dae";
      dynamic = "0";
      playAmbient = "1";
      meshCulling = "0";
      originSort = "0";
      useInstanceRenderData = "0";
      instanceColor = "White";
      instanceColor1 = "White";
      instanceColor2 = "White";
      collisionType = "Collision Mesh";
      decalType = "Collision Mesh";
      prebuildCollisionData = "0";
      renderNormals = "0";
      forceDetail = "-1";
      position = "-746.661499 -437.870087 106.174911";
      scale = "1 1 1";
      rotationMatrix = "0.512911022 0.85842067 0.00601863908 -0.858441889 0.512898445 0.00359608023 -1.16443377e-09 -0.00701112254 0.999975383";
      isRenderEnabled = "false";
      canSave = "1";
      canSaveDynamicFields = "1";
      persistentId = "ab58bac7-b331-4cea-a2bc-1ab472c3ae7e";
         mode = "Ignore";
   };
   new TSStatic() {
      shapeName = "/art/shapes/race/s_concrete_race_barrier.dae";
      dynamic = "0";
      playAmbient = "1";
      meshCulling = "0";
      originSort = "0";
      useInstanceRenderData = "0";
      instanceColor = "White";
      instanceColor1 = "White";
      instanceColor2 = "White";
      collisionType = "Collision Mesh";
      decalType = "Collision Mesh";
      prebuildCollisionData = "0";
      renderNormals = "0";
      forceDetail = "-1";
      position = "-748.532471 -440.987854 106.174911";
      scale = "1 1 1";
      rotationMatrix = "0.512911022 0.85842067 0.00601863908 -0.858441889 0.512898445 0.00359608023 -1.16443377e-09 -0.00701112254 0.999975383";
      isRenderEnabled = "false";
      canSave = "1";
      canSaveDynamicFields = "1";
      persistentId = "9676611e-ec5f-4bfc-a09e-3f8e149841c8";
         mode = "Ignore";
   };
   new TSStatic() {
      shapeName = "/art/shapes/race/s_concrete_race_barrier.dae";
      dynamic = "0";
      playAmbient = "1";
      meshCulling = "0";
      originSort = "0";
      useInstanceRenderData = "0";
      instanceColor = "White";
      instanceColor1 = "White";
      instanceColor2 = "White";
      collisionType = "Collision Mesh";
      decalType = "Collision Mesh";
      prebuildCollisionData = "0";
      renderNormals = "0";
      forceDetail = "-1";
      position = "-750.342102 -444.058472 106.17495";
      scale = "1 1 1";
      rotationMatrix = "0.512910962 0.858375132 -0.0107016582 -0.858441889 0.512871206 -0.00639414508 -3.95818045e-09 0.0124663748 0.999922276";
      isRenderEnabled = "false";
      canSave = "1";
      canSaveDynamicFields = "1";
      persistentId = "ae97dcf6-5a0f-4a87-8e8c-8e1adb89bd6d";
         mode = "Ignore";
   };
   new TSStatic() {
      shapeName = "/art/shapes/race/s_concrete_race_barrier.dae";
      dynamic = "0";
      playAmbient = "1";
      meshCulling = "0";
      originSort = "0";
      useInstanceRenderData = "0";
      instanceColor = "White";
      instanceColor1 = "White";
      instanceColor2 = "White";
      collisionType = "Collision Mesh";
      decalType = "Collision Mesh";
      prebuildCollisionData = "0";
      renderNormals = "0";
      forceDetail = "-1";
      position = "-752.130798 -447.080261 106.17495";
      scale = "1 1 1";
      rotationMatrix = "0.512910962 0.858375132 -0.0107016582 -0.858441889 0.512871206 -0.00639414508 -3.95818045e-09 0.0124663748 0.999922276";
      isRenderEnabled = "false";
      canSave = "1";
      canSaveDynamicFields = "1";
      persistentId = "d02ac611-779c-4a5e-a6d3-cb610d3b7058";
         mode = "Ignore";
   };
   new TSStatic() {
      shapeName = "/art/shapes/race/s_concrete_race_barrier.dae";
      dynamic = "0";
      playAmbient = "1";
      meshCulling = "0";
      originSort = "0";
      useInstanceRenderData = "0";
      instanceColor = "White";
      instanceColor1 = "White";
      instanceColor2 = "White";
      collisionType = "Collision Mesh";
      decalType = "Collision Mesh";
      prebuildCollisionData = "0";
      renderNormals = "0";
      forceDetail = "-1";
      position = "-572.312439 -250.777466 106.164345";
      scale = "1 1 1";
      rotationMatrix = "0.961532474 0.267818958 -0.0610597022 -0.267775983 0.963438809 0.00903860014 0.0612479933 0.00765941432 0.998093188";
      isRenderEnabled = "false";
      canSave = "1";
      canSaveDynamicFields = "1";
      persistentId = "2522a8d9-954d-4842-9f8b-b5c824485af2";
         mode = "Ignore";
   };
   new TSStatic() {
      shapeName = "/art/shapes/race/s_concrete_race_barrier.dae";
      dynamic = "0";
      playAmbient = "1";
      meshCulling = "0";
      originSort = "0";
      useInstanceRenderData = "0";
      instanceColor = "White";
      instanceColor1 = "White";
      instanceColor2 = "White";
      collisionType = "Collision Mesh";
      decalType = "Collision Mesh";
      prebuildCollisionData = "0";
      renderNormals = "0";
      forceDetail = "-1";
      position = "-564.678589 -248.251266 105.796562";
      scale = "1 1 1";
      rotationMatrix = "-0.94380784 -0.328021377 0.0403522067 0.328007787 -0.944647789 -0.00714601763 0.0404626764 0.00649136957 0.999159992";
      isRenderEnabled = "false";
      canSave = "1";
      canSaveDynamicFields = "1";
      persistentId = "044190f4-9156-4cdc-a540-cc68ceb73862";
         mode = "Ignore";
   };
   new TSStatic() {
      shapeName = "/art/shapes/race/s_concrete_race_barrier.dae";
      dynamic = "0";
      playAmbient = "1";
      meshCulling = "0";
      originSort = "0";
      useInstanceRenderData = "0";
      instanceColor = "White";
      instanceColor1 = "White";
      instanceColor2 = "White";
      collisionType = "Collision Mesh";
      decalType = "Collision Mesh";
      prebuildCollisionData = "0";
      renderNormals = "0";
      forceDetail = "-1";
      position = "-568.302673 -249.736481 105.934563";
      scale = "1 1 1";
      rotationMatrix = "0.959223509 0.278817147 -0.046381712 -0.278368264 0.960341096 0.0160016958 0.0490038097 -0.00243800553 0.998795629";
      isRenderEnabled = "false";
      canSave = "1";
      canSaveDynamicFields = "1";
      persistentId = "a5b51296-4b06-415b-abcc-364175982601";
         mode = "Ignore";
   };
   new TSStatic() {
      shapeName = "/art/shapes/race/s_concrete_race_barrier.dae";
      dynamic = "0";
      playAmbient = "1";
      meshCulling = "0";
      originSort = "0";
      useInstanceRenderData = "0";
      instanceColor = "White";
      instanceColor1 = "White";
      instanceColor2 = "White";
      collisionType = "Collision Mesh";
      decalType = "Collision Mesh";
      prebuildCollisionData = "0";
      renderNormals = "0";
      forceDetail = "-1";
      position = "-305.967377 27.3232574 111.012833";
      scale = "1 1 1";
      rotationMatrix = "0.891259491 0.452892661 0.0233390257 -0.452528417 0.891539991 -0.0193521269 -0.0295721106 0.0066861948 0.999540269";
      isRenderEnabled = "false";
      canSave = "1";
      canSaveDynamicFields = "1";
      persistentId = "8c7e731e-aae7-4685-ba7e-a73832122b2e";
         mode = "Ignore";
   };
   new TSStatic() {
      shapeName = "/art/shapes/race/s_concrete_race_barrier.dae";
      dynamic = "0";
      playAmbient = "1";
      meshCulling = "0";
      originSort = "0";
      useInstanceRenderData = "0";
      instanceColor = "White";
      instanceColor1 = "White";
      instanceColor2 = "White";
      collisionType = "Collision Mesh";
      decalType = "Collision Mesh";
      prebuildCollisionData = "0";
      renderNormals = "0";
      forceDetail = "-1";
      position = "-302.491364 28.9883404 111.077904";
      scale = "1 1 1";
      rotationMatrix = "-0.898989081 -0.437519282 -0.0198728908 0.437215179 -0.899178147 0.0179186203 -0.0257090162 0.0074199196 0.999641955";
      isRenderEnabled = "false";
      canSave = "1";
      canSaveDynamicFields = "1";
      persistentId = "a427a467-e027-4883-a5fe-647b5d5a58c5";
         mode = "Ignore";
   };
   new TSStatic() {
      shapeName = "/art/shapes/race/s_concrete_race_barrier.dae";
      dynamic = "0";
      playAmbient = "1";
      meshCulling = "0";
      originSort = "0";
      useInstanceRenderData = "0";
      instanceColor = "White";
      instanceColor1 = "White";
      instanceColor2 = "White";
      collisionType = "Collision Mesh";
      decalType = "Collision Mesh";
      prebuildCollisionData = "0";
      renderNormals = "0";
      forceDetail = "-1";
      position = "-309.116394 25.75247 110.941376";
      scale = "1 1 1";
      rotationMatrix = "0.896632254 0.442767501 0.002744111 -0.442698121 0.896573544 -0.0132004796 -0.00830504112 0.0106211631 0.999909103";
      isRenderEnabled = "false";
      canSave = "1";
      canSaveDynamicFields = "1";
      persistentId = "3e6a9ce5-67e8-4f8c-b581-9d47881a8134";
         mode = "Ignore";
   };
   new TSStatic(finish_sign1) {
      shapeName = "/levels/west_coast_usa/art/shapes/race/sign_finish.dae";
      dynamic = "0";
      playAmbient = "1";
      meshCulling = "0";
      originSort = "0";
      useInstanceRenderData = "0";
      instanceColor = "White";
      instanceColor1 = "White";
      instanceColor2 = "White";
      collisionType = "Collision Mesh";
      decalType = "Collision Mesh";
      prebuildCollisionData = "0";
      renderNormals = "0";
      forceDetail = "-1";
      position = "206.103928 509.769745 117.720383";
      scale = "1.5 1.5 1.5";
      rotationMatrix = "0.597817123 -0.801632583 0 0.801632583 0.597817123 0 0 0 1";
      isRenderEnabled = "false";
      canSave = "1";
      canSaveDynamicFields = "1";
      persistentId = "a614e277-fbc1-4da5-a930-0817a7529c7f";
         mode = "Ignore";
   };
   new TSStatic(finish_sign2) {
      shapeName = "/levels/west_coast_usa/art/shapes/race/sign_finish.dae";
      dynamic = "0";
      playAmbient = "1";
      meshCulling = "0";
      originSort = "0";
      useInstanceRenderData = "0";
      instanceColor = "White";
      instanceColor1 = "White";
      instanceColor2 = "White";
      collisionType = "Collision Mesh";
      decalType = "Collision Mesh";
      prebuildCollisionData = "0";
      renderNormals = "0";
      forceDetail = "-1";
      position = "217.242737 494.480316 117.539772";
      scale = "1.5 1.5 1.5";
      rotationMatrix = "0.597817123 -0.801632583 0 0.801632583 0.597817123 0 0 0 1";
      isRenderEnabled = "false";
      canSave = "1";
      canSaveDynamicFields = "1";
      persistentId = "5574b956-9f22-413d-a2f1-552af799a4ce";
         mode = "Ignore";
   };
   new TSStatic(checkpoint_sign3) {
      shapeName = "/levels/west_coast_usa/art/shapes/race/sign_checkpoint.dae";
      dynamic = "0";
      playAmbient = "1";
      meshCulling = "0";
      originSort = "0";
      useInstanceRenderData = "0";
      instanceColor = "White";
      instanceColor1 = "White";
      instanceColor2 = "White";
      collisionType = "Collision Mesh";
      decalType = "Collision Mesh";
      prebuildCollisionData = "0";
      renderNormals = "0";
      forceDetail = "-1";
      position = "-376.322083 -40.0077667 110.100052";
      scale = "1.5 1.5 1.5";
      rotationMatrix = "0.731643498 -0.681687295 0 0.681687295 0.731643498 0 0 0 1";
      isRenderEnabled = "false";
      canSave = "1";
      canSaveDynamicFields = "1";
      persistentId = "89b31041-a0b9-48f1-b671-9ee334fae33f";
         mode = "Ignore";
   };
   new TSStatic(checkpoint_sign4) {
      shapeName = "/levels/west_coast_usa/art/shapes/race/sign_checkpoint.dae";
      dynamic = "0";
      playAmbient = "1";
      meshCulling = "0";
      originSort = "0";
      useInstanceRenderData = "0";
      instanceColor = "White";
      instanceColor1 = "White";
      instanceColor2 = "White";
      collisionType = "Collision Mesh";
      decalType = "Collision Mesh";
      prebuildCollisionData = "0";
      renderNormals = "0";
      forceDetail = "-1";
      position = "-389.652191 -26.9273434 110.100052";
      scale = "1.5 1.5 1.5";
      rotationMatrix = "0.731643498 -0.681687295 0 0.681687295 0.731643498 0 0 0 1";
      isRenderEnabled = "false";
      canSave = "1";
      canSaveDynamicFields = "1";
      persistentId = "94849b23-22d5-4d2f-a0a4-0aa46e405b58";
         mode = "Ignore";
   };
   new TSStatic(checkpoint_sign5) {
      shapeName = "/levels/west_coast_usa/art/shapes/race/sign_checkpoint.dae";
      dynamic = "0";
      playAmbient = "1";
      meshCulling = "0";
      originSort = "0";
      useInstanceRenderData = "0";
      instanceColor = "White";
      instanceColor1 = "White";
      instanceColor2 = "White";
      collisionType = "Collision Mesh";
      decalType = "Collision Mesh";
      prebuildCollisionData = "0";
      renderNormals = "0";
      forceDetail = "-1";
      position = "-106.072197 256.303436 116.543228";
      scale = "1.5 1.5 1.5";
      rotationMatrix = "0.675507367 -0.737353206 0 0.737353206 0.675507367 0 0 0 1";
      isRenderEnabled = "false";
      canSave = "1";
      canSaveDynamicFields = "1";
      persistentId = "cc0b1845-b546-47cc-a72e-e91aaeb116c5";
         mode = "Ignore";
   };
   new TSStatic(checkpoint_sign6) {
      shapeName = "/levels/west_coast_usa/art/shapes/race/sign_checkpoint.dae";
      dynamic = "0";
      playAmbient = "1";
      meshCulling = "0";
      originSort = "0";
      useInstanceRenderData = "0";
      instanceColor = "White";
      instanceColor1 = "White";
      instanceColor2 = "White";
      collisionType = "Collision Mesh";
      decalType = "Collision Mesh";
      prebuildCollisionData = "0";
      renderNormals = "0";
      forceDetail = "-1";
      position = "-94.558815 242.881256 116.419167";
      scale = "1.5 1.5 1.5";
      rotationMatrix = "0.675507367 -0.737353206 0 0.737353206 0.675507367 0 0 0 1";
      isRenderEnabled = "false";
      canSave = "1";
      canSaveDynamicFields = "1";
      persistentId = "678a83b5-004b-438c-8f3a-c88eca06ac6c";
         mode = "Ignore";
   };
};
//--- OBJECT WRITE END ---





