//--- OBJECT WRITE BEGIN ---
$ThisPrefab = new SimGroup() {
   canSave = "1";
   canSaveDynamicFields = "1";
      groupPosition = "0.000000 0.000000 0.000000";

   new TSStatic() {
      shapeName = "levels/rls_west_coast_usa/art/shapes/race/concrete_road_barrier_b.dae";
      dynamic = "0";
      playAmbient = "1";
      meshCulling = "0";
      originSort = "0";
      useInstanceRenderData = "0";
      instanceColor = "White";
      collisionType = "Collision Mesh";
      decalType = "Collision Mesh";
      prebuildCollisionData = "0";
      renderNormals = "0";
      forceDetail = "-1";
      position = "-396.722931 -629.445435 130.252991";
      scale = "1 1 1";
      rotationMatrix = "-0.913972497 0.405773342 -0.00157160778 -0.405758321 -0.913888335 0.0129811466 0.00383113138 0.0125021022 0.999914587";
      isRenderEnabled = "false";
      mode = "Ignore";
      canSave = "1";
      canSaveDynamicFields = "1";
   };
   new TSStatic() {
      shapeName = "levels/rls_west_coast_usa/art/shapes/race/concrete_road_barrier_a.dae";
      dynamic = "0";
      playAmbient = "1";
      meshCulling = "0";
      originSort = "0";
      useInstanceRenderData = "0";
      instanceColor = "White";
      collisionType = "Collision Mesh";
      decalType = "Collision Mesh";
      prebuildCollisionData = "0";
      renderNormals = "0";
      forceDetail = "-1";
      position = "-400.22641 -628.703552 130.216446";
      scale = "1 1 1";
      rotationMatrix = "-0.999702573 0.000678045792 -0.0243988968 -0.00106975005 -0.999871433 0.0160447024 -0.0243848525 0.0160660204 0.999574006";
      isRenderEnabled = "false";
      mode = "Ignore";
      canSave = "1";
      canSaveDynamicFields = "1";
   };
   new TSStatic() {
      shapeName = "levels/rls_west_coast_usa/art/shapes/race/concrete_road_barrier_a.dae";
      dynamic = "0";
      playAmbient = "1";
      meshCulling = "0";
      originSort = "0";
      useInstanceRenderData = "0";
      instanceColor = "White";
      collisionType = "Collision Mesh";
      decalType = "Collision Mesh";
      prebuildCollisionData = "0";
      renderNormals = "0";
      forceDetail = "-1";
      position = "-403.782288 -629.569397 130.094482";
      scale = "1 1 1";
      rotationMatrix = "-0.889245152 -0.457195431 -0.0146773728 0.457043856 -0.889354825 0.0126006883 -0.01881437 0.00449689664 0.999812841";
      isRenderEnabled = "false";
      mode = "Ignore";
      canSave = "1";
      canSaveDynamicFields = "1";
   };
   new TSStatic() {
      shapeName = "levels/rls_west_coast_usa/art/shapes/race/concrete_road_barrier_b.dae";
      dynamic = "0";
      playAmbient = "1";
      meshCulling = "0";
      originSort = "0";
      useInstanceRenderData = "0";
      instanceColor = "White";
      collisionType = "Collision Mesh";
      decalType = "Collision Mesh";
      prebuildCollisionData = "0";
      renderNormals = "0";
      forceDetail = "-1";
      position = "-406.614929 -631.906738 130.013397";
      scale = "1 1 1";
      rotationMatrix = "0.613783777 0.788505077 0.0391060226 -0.789474249 0.613030314 0.0304033291 -1.78967952e-13 -0.0495342687 0.998772383";
      isRenderEnabled = "false";
      mode = "Ignore";
      canSave = "1";
      canSaveDynamicFields = "1";
   };
   new TSStatic() {
      shapeName = "levels/rls_west_coast_usa/art/shapes/race/concrete_road_barrier_a.dae";
      dynamic = "0";
      playAmbient = "1";
      meshCulling = "0";
      originSort = "0";
      useInstanceRenderData = "0";
      instanceColor = "White";
      collisionType = "Collision Mesh";
      decalType = "Collision Mesh";
      prebuildCollisionData = "0";
      renderNormals = "0";
      forceDetail = "-1";
      position = "-304.189789 -791.655762 136.96138";
      scale = "1 1 1";
      rotationMatrix = "0.670416534 0.741982818 -0.00178189517 -0.73981142 0.668634415 0.074880749 0.0567516647 -0.0488830246 0.997190893";
      isRenderEnabled = "false";
      mode = "Ignore";
      canSave = "1";
      canSaveDynamicFields = "1";
   };
   new TSStatic() {
      shapeName = "levels/rls_west_coast_usa/art/shapes/race/concrete_road_barrier_a.dae";
      dynamic = "0";
      playAmbient = "1";
      meshCulling = "0";
      originSort = "0";
      useInstanceRenderData = "0";
      instanceColor = "White";
      collisionType = "Collision Mesh";
      decalType = "Collision Mesh";
      prebuildCollisionData = "0";
      renderNormals = "0";
      forceDetail = "-1";
      position = "-306.745544 -794.521423 136.959106";
      scale = "1 1 1";
      rotationMatrix = "0.670416534 0.741982877 0.00179395638 -0.73981142 0.66826576 0.0781022757 0.0567517132 -0.0536882468 0.996943891";
      isRenderEnabled = "false";
      mode = "Ignore";
      canSave = "1";
      canSaveDynamicFields = "1";
   };
   new TSStatic() {
      shapeName = "levels/rls_west_coast_usa/art/shapes/race/concrete_road_barrier_a.dae";
      dynamic = "0";
      playAmbient = "1";
      meshCulling = "0";
      originSort = "0";
      useInstanceRenderData = "0";
      instanceColor = "White";
      collisionType = "Collision Mesh";
      decalType = "Collision Mesh";
      prebuildCollisionData = "0";
      renderNormals = "0";
      forceDetail = "-1";
      position = "-120.785706 -924.120605 131.887009";
      scale = "1 1 1";
      rotationMatrix = "0.911597848 0.410585344 -0.0202205312 -0.409951627 0.911635458 0.0293290764 0.0304758474 -0.0184468627 0.999365449";
      isRenderEnabled = "false";
      mode = "Ignore";
      canSave = "1";
      canSaveDynamicFields = "1";
   };
   new TSStatic() {
      shapeName = "levels/rls_west_coast_usa/art/shapes/race/concrete_road_barrier_b.dae";
      dynamic = "0";
      playAmbient = "1";
      meshCulling = "0";
      originSort = "0";
      useInstanceRenderData = "0";
      instanceColor = "White";
      collisionType = "Collision Mesh";
      decalType = "Collision Mesh";
      prebuildCollisionData = "0";
      renderNormals = "0";
      forceDetail = "-1";
      position = "-352.705933 -815.534302 137.587357";
      scale = "1 1 1";
      rotationMatrix = "-0.371293277 -0.927619398 -0.040768642 0.92813611 -0.372038484 0.0122573143 -0.0265376326 -0.0332877971 0.99909234";
      isRenderEnabled = "false";
      mode = "Ignore";
      canSave = "1";
      canSaveDynamicFields = "1";
   };
   new TSStatic() {
      shapeName = "levels/rls_west_coast_usa/art/shapes/race/concrete_road_barrier_b.dae";
      dynamic = "0";
      playAmbient = "1";
      meshCulling = "0";
      originSort = "0";
      useInstanceRenderData = "0";
      instanceColor = "White";
      collisionType = "Collision Mesh";
      decalType = "Collision Mesh";
      prebuildCollisionData = "0";
      renderNormals = "0";
      forceDetail = "-1";
      position = "-353.316132 -847.971985 136.020676";
      scale = "1 1 1";
      rotationMatrix = "-0.312214732 0.948819697 0.0475749709 -0.949936926 -0.311169505 -0.0281782225 -0.0119321644 -0.0539908744 0.998470187";
      isRenderEnabled = "false";
      mode = "Ignore";
      canSave = "1";
      canSaveDynamicFields = "1";
   };
   new TSStatic() {
      shapeName = "levels/rls_west_coast_usa/art/shapes/race/concrete_road_barrier_a.dae";
      dynamic = "0";
      playAmbient = "1";
      meshCulling = "0";
      originSort = "0";
      useInstanceRenderData = "0";
      instanceColor = "White";
      collisionType = "Collision Mesh";
      decalType = "Collision Mesh";
      prebuildCollisionData = "0";
      renderNormals = "0";
      forceDetail = "-1";
      position = "-354.548309 -844.453857 136.177475";
      scale = "1 1 1";
      rotationMatrix = "-0.312214732 0.948819697 0.0475749709 -0.949936926 -0.311169505 -0.0281782225 -0.0119321644 -0.0539908744 0.998470187";
      isRenderEnabled = "false";
      mode = "Ignore";
      canSave = "1";
      canSaveDynamicFields = "1";
   };
   new TSStatic() {
      shapeName = "levels/rls_west_coast_usa/art/shapes/race/concrete_road_barrier_a.dae";
      dynamic = "0";
      playAmbient = "1";
      meshCulling = "0";
      originSort = "0";
      useInstanceRenderData = "0";
      instanceColor = "White";
      collisionType = "Collision Mesh";
      decalType = "Collision Mesh";
      prebuildCollisionData = "0";
      renderNormals = "0";
      forceDetail = "-1";
      position = "-355.67218 -841.099609 136.328079";
      scale = "1 1 1";
      rotationMatrix = "-0.312214732 0.948819697 0.0475749709 -0.949936926 -0.311169505 -0.0281782225 -0.0119321644 -0.0539908744 0.998470187";
      isRenderEnabled = "false";
      mode = "Ignore";
      canSave = "1";
      canSaveDynamicFields = "1";
   };
   new TSStatic() {
      shapeName = "levels/rls_west_coast_usa/art/shapes/race/concrete_road_barrier_a.dae";
      dynamic = "0";
      playAmbient = "1";
      meshCulling = "0";
      originSort = "0";
      useInstanceRenderData = "0";
      instanceColor = "White";
      collisionType = "Collision Mesh";
      decalType = "Collision Mesh";
      prebuildCollisionData = "0";
      renderNormals = "0";
      forceDetail = "-1";
      position = "-354.133728 -818.934387 137.537766";
      scale = "1 1 1";
      rotationMatrix = "0.372259557 0.927709997 0.0278780013 -0.927804947 0.371168226 0.0375846922 0.0245202724 -0.0398566052 0.998904526";
      isRenderEnabled = "false";
      mode = "Ignore";
      canSave = "1";
      canSaveDynamicFields = "1";
   };
   new TSStatic() {
      shapeName = "levels/rls_west_coast_usa/art/shapes/race/concrete_road_barrier_a.dae";
      dynamic = "0";
      playAmbient = "1";
      meshCulling = "0";
      originSort = "0";
      useInstanceRenderData = "0";
      instanceColor = "White";
      collisionType = "Collision Mesh";
      decalType = "Collision Mesh";
      prebuildCollisionData = "0";
      renderNormals = "0";
      forceDetail = "-1";
      position = "-355.57309 -822.416748 137.410965";
      scale = "1 1 1";
      rotationMatrix = "0.372259557 0.927709997 0.0278780013 -0.927804947 0.371168226 0.0375846922 0.0245202724 -0.0398566052 0.998904526";
      isRenderEnabled = "false";
      mode = "Ignore";
      canSave = "1";
      canSaveDynamicFields = "1";
   };
   new TSStatic() {
      shapeName = "levels/rls_west_coast_usa/art/shapes/race/concrete_road_barrier_a.dae";
      dynamic = "0";
      playAmbient = "1";
      meshCulling = "0";
      originSort = "0";
      useInstanceRenderData = "0";
      instanceColor = "White";
      collisionType = "Collision Mesh";
      decalType = "Collision Mesh";
      prebuildCollisionData = "0";
      renderNormals = "0";
      forceDetail = "-1";
      position = "-356.865723 -837.529175 136.526031";
      scale = "1 1 1";
      rotationMatrix = "-0.312214792 0.947367847 0.0708267242 -0.949936807 -0.310385048 -0.0357999541 -0.0119321663 -0.0784581751 0.99684608";
      isRenderEnabled = "false";
      mode = "Ignore";
      canSave = "1";
      canSaveDynamicFields = "1";
   };
   new TSStatic() {
      shapeName = "levels/rls_west_coast_usa/art/shapes/race/concrete_road_barrier_a.dae";
      dynamic = "0";
      playAmbient = "1";
      meshCulling = "0";
      originSort = "0";
      useInstanceRenderData = "0";
      instanceColor = "White";
      collisionType = "Collision Mesh";
      decalType = "Collision Mesh";
      prebuildCollisionData = "0";
      renderNormals = "0";
      forceDetail = "-1";
      position = "-357.711578 -833.928223 136.797699";
      scale = "1 1 1";
      rotationMatrix = "-0.0818768218 0.994350672 0.0675502792 -0.995549262 -0.0784252807 -0.0522601679 -0.0466672815 -0.0715285465 0.996346354";
      isRenderEnabled = "false";
      mode = "Ignore";
      canSave = "1";
      canSaveDynamicFields = "1";
   };
   new TSStatic() {
      shapeName = "levels/rls_west_coast_usa/art/shapes/race/concrete_road_barrier_a.dae";
      dynamic = "0";
      playAmbient = "1";
      meshCulling = "0";
      originSort = "0";
      useInstanceRenderData = "0";
      instanceColor = "White";
      collisionType = "Collision Mesh";
      decalType = "Collision Mesh";
      prebuildCollisionData = "0";
      renderNormals = "0";
      forceDetail = "-1";
      position = "-357.787842 -830.037659 137.02713";
      scale = "1 1 1";
      rotationMatrix = "0.0855325386 0.994433701 0.061536409 -0.996050656 0.0868222341 -0.0185935721 -0.0238327924 -0.0597030111 0.997931838";
      isRenderEnabled = "false";
      mode = "Ignore";
      canSave = "1";
      canSaveDynamicFields = "1";
   };
   new TSStatic() {
      shapeName = "levels/rls_west_coast_usa/art/shapes/race/concrete_road_barrier_a.dae";
      dynamic = "0";
      playAmbient = "1";
      meshCulling = "0";
      originSort = "0";
      useInstanceRenderData = "0";
      instanceColor = "White";
      collisionType = "Collision Mesh";
      decalType = "Collision Mesh";
      prebuildCollisionData = "0";
      renderNormals = "0";
      forceDetail = "-1";
      position = "-357.118805 -826.171143 137.295792";
      scale = "1 1 1";
      rotationMatrix = "0.377498537 0.923199475 0.0720963627 -0.920963943 0.36618495 0.133168057 0.0965400711 -0.11666888 0.988467634";
      isRenderEnabled = "false";
      mode = "Ignore";
      canSave = "1";
      canSaveDynamicFields = "1";
   };
   new TSStatic() {
      shapeName = "levels/rls_west_coast_usa/art/shapes/race/concrete_road_barrier_a.dae";
      dynamic = "0";
      playAmbient = "1";
      meshCulling = "0";
      originSort = "0";
      useInstanceRenderData = "0";
      instanceColor = "White";
      collisionType = "Collision Mesh";
      decalType = "Collision Mesh";
      prebuildCollisionData = "0";
      renderNormals = "0";
      forceDetail = "-1";
      position = "-101.761185 -974.636047 132.245148";
      scale = "1 1 1";
      rotationMatrix = "-0.999517441 -0.028785402 0.0116753364 0.0283536203 -0.998963892 -0.0355999731 0.0126879988 -0.0352517553 0.999297976";
      isRenderEnabled = "false";
      mode = "Ignore";
      canSave = "1";
      canSaveDynamicFields = "1";
   };
   new TSStatic() {
      shapeName = "levels/rls_west_coast_usa/art/shapes/race/concrete_road_barrier_a.dae";
      dynamic = "0";
      playAmbient = "1";
      meshCulling = "0";
      originSort = "0";
      useInstanceRenderData = "0";
      instanceColor = "White";
      collisionType = "Collision Mesh";
      decalType = "Collision Mesh";
      prebuildCollisionData = "0";
      renderNormals = "0";
      forceDetail = "-1";
      position = "-97.9536057 -973.806824 132.245453";
      scale = "1 1 1";
      rotationMatrix = "-0.948319376 -0.317024201 0.0136429798 0.316677302 -0.948260546 -0.022747295 0.0201485567 -0.0172512736 0.999647737";
      isRenderEnabled = "false";
      mode = "Ignore";
      canSave = "1";
      canSaveDynamicFields = "1";
   };
   new TSStatic() {
      shapeName = "levels/rls_west_coast_usa/art/shapes/race/concrete_road_barrier_a.dae";
      dynamic = "0";
      playAmbient = "1";
      meshCulling = "0";
      originSort = "0";
      useInstanceRenderData = "0";
      instanceColor = "White";
      collisionType = "Collision Mesh";
      decalType = "Collision Mesh";
      prebuildCollisionData = "0";
      renderNormals = "0";
      forceDetail = "-1";
      position = "-94.4085159 -972.190063 132.233597";
      scale = "1 1 1";
      rotationMatrix = "-0.882137775 -0.470797271 0.013527913 0.46972701 -0.881509662 -0.0479304567 0.0344905108 -0.0359268337 0.998759031";
      isRenderEnabled = "false";
      mode = "Ignore";
      canSave = "1";
      canSaveDynamicFields = "1";
   };
   new TSStatic() {
      shapeName = "levels/rls_west_coast_usa/art/shapes/race/concrete_road_barrier_a.dae";
      dynamic = "0";
      playAmbient = "1";
      meshCulling = "0";
      originSort = "0";
      useInstanceRenderData = "0";
      instanceColor = "White";
      collisionType = "Collision Mesh";
      decalType = "Collision Mesh";
      prebuildCollisionData = "0";
      renderNormals = "0";
      forceDetail = "-1";
      position = "-91.41819 -969.975037 132.239059";
      scale = "1 1 1";
      rotationMatrix = "-0.747861147 -0.663677752 -0.0153458351 0.663823307 -0.747851193 -0.00751546072 -0.00648853928 -0.0158074498 0.999854386";
      isRenderEnabled = "false";
      mode = "Ignore";
      canSave = "1";
      canSaveDynamicFields = "1";
   };
   new TSStatic() {
      shapeName = "levels/rls_west_coast_usa/art/shapes/race/concrete_road_barrier_b.dae";
      dynamic = "0";
      playAmbient = "1";
      meshCulling = "0";
      originSort = "0";
      useInstanceRenderData = "0";
      instanceColor = "White";
      collisionType = "Collision Mesh";
      decalType = "Collision Mesh";
      prebuildCollisionData = "0";
      renderNormals = "0";
      forceDetail = "-1";
      position = "-88.5801392 -966.593811 132.227264";
      scale = "1 1 1";
      rotationMatrix = "-0.535755455 -0.844313145 -0.01009457 0.841011703 -0.532518029 -0.0955214947 0.0752745718 -0.059665788 0.995376348";
      isRenderEnabled = "false";
      mode = "Ignore";
      canSave = "1";
      canSaveDynamicFields = "1";
   };
   new TSStatic() {
      shapeName = "levels/rls_west_coast_usa/art/shapes/race/concrete_road_barrier_a.dae";
      dynamic = "0";
      playAmbient = "1";
      meshCulling = "0";
      originSort = "0";
      useInstanceRenderData = "0";
      instanceColor = "White";
      collisionType = "Collision Mesh";
      decalType = "Collision Mesh";
      prebuildCollisionData = "0";
      renderNormals = "0";
      forceDetail = "-1";
      position = "-78.7384644 -947.867615 132.134308";
      scale = "1 1 1";
      rotationMatrix = "0.716292024 0.697798312 0.00179397315 -0.695768237 0.714007378 0.0781020448 0.0532185659 -0.0571920574 0.996943772";
      isRenderEnabled = "false";
      mode = "Ignore";
      canSave = "1";
      canSaveDynamicFields = "1";
   };
   new TSStatic() {
      shapeName = "levels/rls_west_coast_usa/art/shapes/race/concrete_road_barrier_a.dae";
      dynamic = "0";
      playAmbient = "1";
      meshCulling = "0";
      originSort = "0";
      useInstanceRenderData = "0";
      instanceColor = "White";
      collisionType = "Collision Mesh";
      decalType = "Collision Mesh";
      prebuildCollisionData = "0";
      renderNormals = "0";
      forceDetail = "-1";
      position = "-81.4715805 -950.567688 132.155319";
      scale = "1 1 1";
      rotationMatrix = "0.716292024 0.697798312 0.00179397315 -0.695768237 0.714007378 0.0781020448 0.0532185659 -0.0571920574 0.996943772";
      isRenderEnabled = "false";
      mode = "Ignore";
      canSave = "1";
      canSaveDynamicFields = "1";
   };
   new TSStatic() {
      shapeName = "levels/rls_west_coast_usa/art/shapes/race/concrete_road_barrier_a.dae";
      dynamic = "0";
      playAmbient = "1";
      meshCulling = "0";
      originSort = "0";
      useInstanceRenderData = "0";
      instanceColor = "White";
      collisionType = "Collision Mesh";
      decalType = "Collision Mesh";
      prebuildCollisionData = "0";
      renderNormals = "0";
      forceDetail = "-1";
      position = "24.42589 -803.666016 132.43573";
      scale = "1 1 1";
      rotationMatrix = "0.505044997 0.863067687 0.00662852172 -0.860383093 0.502836227 0.0830471143 0.0683422163 -0.0476455986 0.996523619";
      isRenderEnabled = "false";
      mode = "Ignore";
      canSave = "1";
      canSaveDynamicFields = "1";
   };
   new TSStatic() {
      shapeName = "levels/rls_west_coast_usa/art/shapes/race/concrete_road_barrier_a.dae";
      dynamic = "0";
      playAmbient = "1";
      meshCulling = "0";
      originSort = "0";
      useInstanceRenderData = "0";
      instanceColor = "White";
      collisionType = "Collision Mesh";
      decalType = "Collision Mesh";
      prebuildCollisionData = "0";
      renderNormals = "0";
      forceDetail = "-1";
      position = "22.5088139 -806.995422 132.438049";
      scale = "1 1 1";
      rotationMatrix = "0.505044997 0.863067687 0.00662852172 -0.860383093 0.502836227 0.0830471143 0.0683422163 -0.0476455986 0.996523619";
      isRenderEnabled = "false";
      mode = "Ignore";
      canSave = "1";
      canSaveDynamicFields = "1";
   };
   new TSStatic() {
      shapeName = "levels/rls_west_coast_usa/art/shapes/race/concrete_road_barrier_a.dae";
      dynamic = "0";
      playAmbient = "1";
      meshCulling = "0";
      originSort = "0";
      useInstanceRenderData = "0";
      instanceColor = "White";
      collisionType = "Collision Mesh";
      decalType = "Collision Mesh";
      prebuildCollisionData = "0";
      renderNormals = "0";
      forceDetail = "-1";
      position = "45.1159019 -783.442566 132.826675";
      scale = "1 1 1";
      rotationMatrix = "0.753156483 0.657495737 0.0213456731 -0.656352639 0.748871922 0.0916102827 0.0442482904 -0.0830071196 0.995566487";
      isRenderEnabled = "false";
      mode = "Ignore";
      canSave = "1";
      canSaveDynamicFields = "1";
   };
   new TSStatic() {
      shapeName = "levels/rls_west_coast_usa/art/shapes/race/concrete_road_barrier_a.dae";
      dynamic = "0";
      playAmbient = "1";
      meshCulling = "0";
      originSort = "0";
      useInstanceRenderData = "0";
      instanceColor = "White";
      collisionType = "Collision Mesh";
      decalType = "Collision Mesh";
      prebuildCollisionData = "0";
      renderNormals = "0";
      forceDetail = "-1";
      position = "47.9918976 -780.895691 132.881134";
      scale = "1 1 1";
      rotationMatrix = "0.753156483 0.657495737 0.0213456731 -0.656352639 0.748871922 0.0916102827 0.0442482904 -0.0830071196 0.995566487";
      isRenderEnabled = "false";
      mode = "Ignore";
      canSave = "1";
      canSaveDynamicFields = "1";
   };
   new TSStatic() {
      shapeName = "levels/rls_west_coast_usa/art/shapes/race/concrete_road_barrier_b.dae";
      dynamic = "0";
      playAmbient = "1";
      meshCulling = "0";
      originSort = "0";
      useInstanceRenderData = "0";
      instanceColor = "White";
      collisionType = "Collision Mesh";
      decalType = "Collision Mesh";
      prebuildCollisionData = "0";
      renderNormals = "0";
      forceDetail = "-1";
      position = "54.6915398 -775.126648 133.087814";
      scale = "1 1 1";
      rotationMatrix = "0.753156483 0.657495737 0.0213456731 -0.656352639 0.748871922 0.0916102827 0.0442482904 -0.0830071196 0.995566487";
      isRenderEnabled = "false";
      mode = "Ignore";
      canSave = "1";
      canSaveDynamicFields = "1";
   };
   new TSStatic() {
      shapeName = "levels/rls_west_coast_usa/art/shapes/race/concrete_road_barrier_a.dae";
      dynamic = "0";
      playAmbient = "1";
      meshCulling = "0";
      originSort = "0";
      useInstanceRenderData = "0";
      instanceColor = "White";
      collisionType = "Collision Mesh";
      decalType = "Collision Mesh";
      prebuildCollisionData = "0";
      renderNormals = "0";
      forceDetail = "-1";
      position = "57.9172859 -772.313782 133.199127";
      scale = "1 1 1";
      rotationMatrix = "0.753156483 0.657495737 0.0213456731 -0.656352639 0.748871922 0.0916102827 0.0442482904 -0.0830071196 0.995566487";
      isRenderEnabled = "false";
      mode = "Ignore";
      canSave = "1";
      canSaveDynamicFields = "1";
   };
   new TSStatic() {
      shapeName = "levels/rls_west_coast_usa/art/shapes/race/concrete_road_barrier_b.dae";
      dynamic = "0";
      playAmbient = "1";
      meshCulling = "0";
      originSort = "0";
      useInstanceRenderData = "0";
      instanceColor = "White";
      collisionType = "Collision Mesh";
      decalType = "Collision Mesh";
      prebuildCollisionData = "0";
      renderNormals = "0";
      forceDetail = "-1";
      position = "-106.171692 -974.593933 132.267105";
      scale = "1 1 1";
      rotationMatrix = "0.998439431 -0.0519059151 -0.0206061602 0.0521492176 0.99857372 0.0114502786 0.0199824329 -0.0125070037 0.999722123";
      isRenderEnabled = "false";
      mode = "Ignore";
      canSave = "1";
      canSaveDynamicFields = "1";
   };
   new TSStatic() {
      shapeName = "levels/rls_west_coast_usa/art/shapes/race/concrete_road_barrier_b.dae";
      dynamic = "0";
      playAmbient = "1";
      meshCulling = "0";
      originSort = "0";
      useInstanceRenderData = "0";
      instanceColor = "White";
      collisionType = "Collision Mesh";
      decalType = "Collision Mesh";
      prebuildCollisionData = "0";
      renderNormals = "0";
      forceDetail = "-1";
      position = "61.0969543 -769.838074 133.275024";
      scale = "1 1 1";
      rotationMatrix = "-0.755562186 -0.654729903 0.0213454552 0.653602362 -0.751273751 0.091610305 -0.0439436063 0.0831686631 0.995567024";
      isRenderEnabled = "false";
      mode = "Ignore";
      canSave = "1";
      canSaveDynamicFields = "1";
   };
   new TSStatic() {
      shapeName = "levels/rls_west_coast_usa/art/shapes/race/concrete_road_barrier_a.dae";
      dynamic = "0";
      playAmbient = "1";
      meshCulling = "0";
      originSort = "0";
      useInstanceRenderData = "0";
      instanceColor = "White";
      collisionType = "Collision Mesh";
      decalType = "Collision Mesh";
      prebuildCollisionData = "0";
      renderNormals = "0";
      forceDetail = "-1";
      position = "180.064041 -645.621765 137.131775";
      scale = "1 1 1";
      rotationMatrix = "0.997784495 0.0456215069 0.0484259427 -0.0427686349 0.99737674 -0.0583977625 -0.0509631112 0.056197267 0.997118354";
      isRenderEnabled = "false";
      mode = "Ignore";
      canSave = "1";
      canSaveDynamicFields = "1";
   };
   new TSStatic() {
      shapeName = "levels/rls_west_coast_usa/art/shapes/race/concrete_road_barrier_b.dae";
      dynamic = "0";
      playAmbient = "1";
      meshCulling = "0";
      originSort = "0";
      useInstanceRenderData = "0";
      instanceColor = "White";
      collisionType = "Collision Mesh";
      decalType = "Collision Mesh";
      prebuildCollisionData = "0";
      renderNormals = "0";
      forceDetail = "-1";
      position = "176.159851 -646.117554 136.943604";
      scale = "1 1 1";
      rotationMatrix = "0.974897504 0.218677521 0.0418743975 -0.216133654 0.974644959 -0.0579065792 -0.0534755141 0.0474025644 0.997443616";
      isRenderEnabled = "false";
      mode = "Ignore";
      canSave = "1";
      canSaveDynamicFields = "1";
   };
   new TSStatic() {
      shapeName = "levels/rls_west_coast_usa/art/shapes/race/concrete_road_barrier_a.dae";
      dynamic = "0";
      playAmbient = "1";
      meshCulling = "0";
      originSort = "0";
      useInstanceRenderData = "0";
      instanceColor = "White";
      collisionType = "Collision Mesh";
      decalType = "Collision Mesh";
      prebuildCollisionData = "0";
      renderNormals = "0";
      forceDetail = "-1";
      position = "184.122009 -645.801697 137.265732";
      scale = "1 1 1";
      rotationMatrix = "0.989004791 -0.139730632 0.0484259129 0.142458975 0.988076448 -0.0583977699 -0.0396885574 0.0646543726 0.997118056";
      isRenderEnabled = "false";
      mode = "Ignore";
      canSave = "1";
      canSaveDynamicFields = "1";
   };
   new TSStatic() {
      shapeName = "levels/rls_west_coast_usa/art/shapes/race/concrete_road_barrier_a.dae";
      dynamic = "0";
      playAmbient = "1";
      meshCulling = "0";
      originSort = "0";
      useInstanceRenderData = "0";
      instanceColor = "White";
      collisionType = "Collision Mesh";
      decalType = "Collision Mesh";
      prebuildCollisionData = "0";
      renderNormals = "0";
      forceDetail = "-1";
      position = "187.615845 -646.675232 137.428635";
      scale = "1 1 1";
      rotationMatrix = "0.94758898 -0.319205344 0.0135279084 0.319482207 0.946379483 -0.0479305387 0.00249714218 0.0497403666 0.998759031";
      isRenderEnabled = "false";
      mode = "Ignore";
      canSave = "1";
      canSaveDynamicFields = "1";
   };
   new TSStatic() {
      shapeName = "levels/rls_west_coast_usa/art/shapes/race/concrete_road_barrier_a.dae";
      dynamic = "0";
      playAmbient = "1";
      meshCulling = "0";
      originSort = "0";
      useInstanceRenderData = "0";
      instanceColor = "White";
      collisionType = "Collision Mesh";
      decalType = "Collision Mesh";
      prebuildCollisionData = "0";
      renderNormals = "0";
      forceDetail = "-1";
      position = "190.835648 -648.162598 137.540283";
      scale = "1 1 1";
      rotationMatrix = "0.848057151 -0.529193759 0.0274399649 0.529823005 0.847698033 -0.026369473 -0.009306252 0.0369011536 0.999275446";
      isRenderEnabled = "false";
      mode = "Ignore";
      canSave = "1";
      canSaveDynamicFields = "1";
   };
   new TSStatic() {
      shapeName = "levels/rls_west_coast_usa/art/shapes/race/concrete_road_barrier_a.dae";
      dynamic = "0";
      playAmbient = "1";
      meshCulling = "0";
      originSort = "0";
      useInstanceRenderData = "0";
      instanceColor = "White";
      collisionType = "Collision Mesh";
      decalType = "Collision Mesh";
      prebuildCollisionData = "0";
      renderNormals = "0";
      forceDetail = "-1";
      position = "193.778275 -650.408691 137.680984";
      scale = "1 1 1";
      rotationMatrix = "0.706368983 -0.707747698 0.0116753504 0.707640469 0.705675066 -0.0356000289 0.0169568267 0.0334086977 0.999297917";
      isRenderEnabled = "false";
      mode = "Ignore";
      canSave = "1";
      canSaveDynamicFields = "1";
   };
   new TSStatic() {
      shapeName = "levels/rls_west_coast_usa/art/shapes/race/concrete_road_barrier_b.dae";
      dynamic = "0";
      playAmbient = "1";
      meshCulling = "0";
      originSort = "0";
      useInstanceRenderData = "0";
      instanceColor = "White";
      collisionType = "Collision Mesh";
      decalType = "Collision Mesh";
      prebuildCollisionData = "0";
      renderNormals = "0";
      forceDetail = "-1";
      position = "196.149658 -653.351624 137.742676";
      scale = "1 1 1";
      rotationMatrix = "-0.553577721 0.832543015 -0.0206061658 -0.83279568 -0.553462565 0.0114502972 -0.00187189458 0.0234993678 0.999722302";
      isRenderEnabled = "false";
      mode = "Ignore";
      canSave = "1";
      canSaveDynamicFields = "1";
   };
   new TSStatic() {
      shapeName = "levels/rls_west_coast_usa/art/shapes/race/concrete_road_barrier_b.dae";
      dynamic = "0";
      playAmbient = "1";
      meshCulling = "0";
      originSort = "0";
      useInstanceRenderData = "0";
      instanceColor = "White";
      collisionType = "Collision Mesh";
      decalType = "Collision Mesh";
      prebuildCollisionData = "0";
      renderNormals = "0";
      forceDetail = "-1";
      position = "220.498306 -727.862549 143.241226";
      scale = "1 1 1";
      rotationMatrix = "-0.996575058 -0.082453683 -0.00631442713 0.0826601237 -0.995460749 -0.0471638143 -0.0023969356 -0.0475241765 0.998866737";
      isRenderEnabled = "false";
      mode = "Ignore";
      canSave = "1";
      canSaveDynamicFields = "1";
   };
   new TSStatic() {
      shapeName = "levels/rls_west_coast_usa/art/shapes/race/concrete_road_barrier_a.dae";
      dynamic = "0";
      playAmbient = "1";
      meshCulling = "0";
      originSort = "0";
      useInstanceRenderData = "0";
      instanceColor = "White";
      collisionType = "Collision Mesh";
      decalType = "Collision Mesh";
      prebuildCollisionData = "0";
      renderNormals = "0";
      forceDetail = "-1";
      position = "216.58168 -727.896179 143.237";
      scale = "1 1 1";
      rotationMatrix = "-0.999027848 0.0433463864 -0.00801637303 -0.0427675992 -0.997157276 -0.0620291531 -0.0106823593 -0.0616260357 0.998041034";
      isRenderEnabled = "false";
      mode = "Ignore";
      canSave = "1";
      canSaveDynamicFields = "1";
   };
   new TSStatic() {
      shapeName = "levels/rls_west_coast_usa/art/shapes/race/concrete_road_barrier_a.dae";
      dynamic = "0";
      playAmbient = "1";
      meshCulling = "0";
      originSort = "0";
      useInstanceRenderData = "0";
      instanceColor = "White";
      collisionType = "Collision Mesh";
      decalType = "Collision Mesh";
      prebuildCollisionData = "0";
      renderNormals = "0";
      forceDetail = "-1";
      position = "212.883209 -727.291687 143.167511";
      scale = "1 1 1";
      rotationMatrix = "-0.953289688 0.300424486 -0.0313792787 -0.298088044 -0.952455938 -0.0630123839 -0.0488179587 -0.0507152937 0.99751848";
      isRenderEnabled = "false";
      mode = "Ignore";
      canSave = "1";
      canSaveDynamicFields = "1";
   };
   new TSStatic() {
      shapeName = "levels/rls_west_coast_usa/art/shapes/race/concrete_road_barrier_a.dae";
      dynamic = "0";
      playAmbient = "1";
      meshCulling = "0";
      originSort = "0";
      useInstanceRenderData = "0";
      instanceColor = "White";
      collisionType = "Collision Mesh";
      decalType = "Collision Mesh";
      prebuildCollisionData = "0";
      renderNormals = "0";
      forceDetail = "-1";
      position = "209.648178 -725.86792 143.081833";
      scale = "1 1 1";
      rotationMatrix = "-0.858213484 0.512333214 -0.0313792713 -0.509867668 -0.857941687 -0.0630123839 -0.0592050329 -0.0380788222 0.99751842";
      isRenderEnabled = "false";
      mode = "Ignore";
      canSave = "1";
      canSaveDynamicFields = "1";
   };
   new TSStatic() {
      shapeName = "levels/rls_west_coast_usa/art/shapes/race/concrete_road_barrier_a.dae";
      dynamic = "0";
      playAmbient = "1";
      meshCulling = "0";
      originSort = "0";
      useInstanceRenderData = "0";
      instanceColor = "White";
      collisionType = "Collision Mesh";
      decalType = "Collision Mesh";
      prebuildCollisionData = "0";
      renderNormals = "0";
      forceDetail = "-1";
      position = "206.649887 -723.687561 142.932892";
      scale = "1 1 1";
      rotationMatrix = "-0.72186029 0.691327095 -0.0313792862 -0.688863695 -0.722146988 -0.0630123615 -0.0662227347 -0.0238700975 0.997518599";
      isRenderEnabled = "false";
      mode = "Ignore";
      canSave = "1";
      canSaveDynamicFields = "1";
   };
   new TSStatic() {
      shapeName = "levels/rls_west_coast_usa/art/shapes/race/concrete_road_barrier_b.dae";
      dynamic = "0";
      playAmbient = "1";
      meshCulling = "0";
      originSort = "0";
      useInstanceRenderData = "0";
      instanceColor = "White";
      collisionType = "Collision Mesh";
      decalType = "Collision Mesh";
      prebuildCollisionData = "0";
      renderNormals = "0";
      forceDetail = "-1";
      position = "204.191879 -720.857422 142.728775";
      scale = "1 1 1";
      rotationMatrix = "0.569857299 -0.81804949 0.0778298602 0.821743488 0.567295551 -0.0539729446 9.32238953e-10 0.0947130546 0.995504439";
      isRenderEnabled = "false";
      mode = "Ignore";
      canSave = "1";
      canSaveDynamicFields = "1";
   };
   new TSStatic() {
      shapeName = "levels/rls_west_coast_usa/art/shapes/race/concrete_road_barrier_b.dae";
      dynamic = "0";
      playAmbient = "1";
      meshCulling = "0";
      originSort = "0";
      useInstanceRenderData = "0";
      instanceColor = "White";
      collisionType = "Collision Mesh";
      decalType = "Collision Mesh";
      prebuildCollisionData = "0";
      renderNormals = "0";
      forceDetail = "-1";
      position = "567.718079 -727.462585 200.880554";
      scale = "1 1 1";
      rotationMatrix = "0.660308957 0.750336289 0.0314040072 -0.750993133 0.659731567 0.0276118927 -4.42357662e-09 -0.0418165848 0.999125063";
      isRenderEnabled = "false";
      mode = "Ignore";
      canSave = "1";
      canSaveDynamicFields = "1";
   };
   new TSStatic() {
      shapeName = "levels/rls_west_coast_usa/art/shapes/race/concrete_road_barrier_a.dae";
      dynamic = "0";
      playAmbient = "1";
      meshCulling = "0";
      originSort = "0";
      useInstanceRenderData = "0";
      instanceColor = "White";
      collisionType = "Collision Mesh";
      decalType = "Collision Mesh";
      prebuildCollisionData = "0";
      renderNormals = "0";
      forceDetail = "-1";
      position = "569.480347 -724.31781 201.057068";
      scale = "1 1 1";
      rotationMatrix = "0.299230695 0.952802539 0.0512743816 -0.954181552 0.298798352 0.0160796531 1.66909633e-08 -0.0537365898 0.998555303";
      isRenderEnabled = "false";
      mode = "Ignore";
      canSave = "1";
      canSaveDynamicFields = "1";
   };
   new TSStatic() {
      shapeName = "levels/rls_west_coast_usa/art/shapes/race/concrete_road_barrier_b.dae";
      dynamic = "0";
      playAmbient = "1";
      meshCulling = "0";
      originSort = "0";
      useInstanceRenderData = "0";
      instanceColor = "White";
      collisionType = "Collision Mesh";
      decalType = "Collision Mesh";
      prebuildCollisionData = "0";
      renderNormals = "0";
      forceDetail = "-1";
      position = "568.453552 -717.510986 201.171875";
      scale = "1 1 1";
      rotationMatrix = "0.56985724 -0.821743608 0 0.821743608 0.56985724 0 0 0 1";
      isRenderEnabled = "false";
      mode = "Ignore";
      canSave = "1";
      canSaveDynamicFields = "1";
   };
   new TSStatic() {
      shapeName = "levels/rls_west_coast_usa/art/shapes/race/concrete_road_barrier_a.dae";
      dynamic = "0";
      playAmbient = "1";
      meshCulling = "0";
      originSort = "0";
      useInstanceRenderData = "0";
      instanceColor = "White";
      collisionType = "Collision Mesh";
      decalType = "Collision Mesh";
      prebuildCollisionData = "0";
      renderNormals = "0";
      forceDetail = "-1";
      position = "569.709778 -720.690491 201.167221";
      scale = "1 1 1";
      rotationMatrix = "-0.170419902 0.985260367 0.014820965 -0.985371828 -0.17040059 -0.00256328587 -1.04759235e-09 -0.0150409974 0.99988687";
      isRenderEnabled = "false";
      mode = "Ignore";
      canSave = "1";
      canSaveDynamicFields = "1";
   };
   new TSStatic() {
      shapeName = "levels/rls_west_coast_usa/art/shapes/race/concrete_road_barrier_a.dae";
      dynamic = "0";
      playAmbient = "1";
      meshCulling = "0";
      originSort = "0";
      useInstanceRenderData = "0";
      instanceColor = "White";
      collisionType = "Collision Mesh";
      decalType = "Collision Mesh";
      prebuildCollisionData = "0";
      renderNormals = "0";
      forceDetail = "-1";
      position = "157.004547 -676.714111 136.447998";
      scale = "1 1 1";
      rotationMatrix = "0.659436107 -0.751554132 0.0176218823 0.751665473 0.658796608 -0.031409014 0.01199634 0.033957988 0.999351263";
      isRenderEnabled = "false";
      mode = "Ignore";
      canSave = "1";
      canSaveDynamicFields = "1";
   };
   new TSStatic() {
      shapeName = "levels/rls_west_coast_usa/art/shapes/race/concrete_road_barrier_a.dae";
      dynamic = "0";
      playAmbient = "1";
      meshCulling = "0";
      originSort = "0";
      useInstanceRenderData = "0";
      instanceColor = "White";
      collisionType = "Collision Mesh";
      decalType = "Collision Mesh";
      prebuildCollisionData = "0";
      renderNormals = "0";
      forceDetail = "-1";
      position = "159.686859 -679.890503 136.512497";
      scale = "1 1 1";
      rotationMatrix = "0.659436107 -0.751554132 0.0176218823 0.751665473 0.658796608 -0.031409014 0.01199634 0.033957988 0.999351263";
      isRenderEnabled = "false";
      mode = "Ignore";
      canSave = "1";
      canSaveDynamicFields = "1";
   };
   new SpawnSphere(cell_tower_standing_spawn) {
      autoSpawn = "0";
      spawnTransform = "0";
      radius = "100";
      datablock = "SpawnSphereMarker";
      position = "643.063904 -613.796997 228.239655";
      scale = "1 1 1";
      rotationMatrix = "0.995773911 -0.0918456838 0 0.0918456838 0.995773911 0 0 0 1";
      mode = "Ignore";
      canSave = "1";
      canSaveDynamicFields = "1";
         autoplaceOnSpawn = "0";
         Enabled = "1";
   };
   new SpawnSphere(cell_tower_standingReverse_spawn) {
