//--- OBJECT WRITE BEGIN ---
$ThisPrefab = new SimGroup() {
   canSave = "1";
   canSaveDynamicFields = "1";
      groupPosition = "0.000000 0.000000 0.000000";

   new TSStatic() {
      shapeName = "levels/rls_west_coast_usa/art/shapes/race/concrete_road_barrier_b.dae";
      dynamic = "0";
      playAmbient = "1";
      meshCulling = "0";
      originSort = "0";
      useInstanceRenderData = "0";
      instanceColor = "White";
      collisionType = "Collision Mesh";
      decalType = "Collision Mesh";
      prebuildCollisionData = "0";
      renderNormals = "0";
      forceDetail = "-1";
      position = "-946.094849 -610.181213 106.270744";
      scale = "1 1 1";
      rotationMatrix = "0.680192828 0.732955158 -0.0107016712 -0.733028769 0.680167735 -0.00639415905 0.00259230076 0.0121938922 0.999922276";
      isRenderEnabled = "false";
      mode = "Ignore";
      canSave = "1";
      canSaveDynamicFields = "1";
   };
   new TSStatic() {
      shapeName = "levels/rls_west_coast_usa/art/shapes/race/concrete_road_barrier_b.dae";
      dynamic = "0";
      playAmbient = "1";
      meshCulling = "0";
      originSort = "0";
      useInstanceRenderData = "0";
      instanceColor = "White";
      collisionType = "Collision Mesh";
      decalType = "Collision Mesh";
      prebuildCollisionData = "0";
      renderNormals = "0";
      forceDetail = "-1";
      position = "-941.720764 -614.361023 106.270744";
      scale = "1 1 1";
      rotationMatrix = "0.680192828 0.732955158 -0.0107016712 -0.733028769 0.680167735 -0.00639415905 0.00259230076 0.0121938922 0.999922276";
      isRenderEnabled = "false";
      mode = "Ignore";
      canSave = "1";
      canSaveDynamicFields = "1";
   };
   new TSStatic() {
      shapeName = "levels/rls_west_coast_usa/art/shapes/race/concrete_road_barrier_b.dae";
      dynamic = "0";
      playAmbient = "1";
      meshCulling = "0";
      originSort = "0";
      useInstanceRenderData = "0";
      instanceColor = "White";
      collisionType = "Collision Mesh";
      decalType = "Collision Mesh";
      prebuildCollisionData = "0";
      renderNormals = "0";
      forceDetail = "-1";
      position = "-935.261108 -599.229187 106.270744";
      scale = "1 1 1";
      rotationMatrix = "-0.716831446 -0.69716388 -0.0107016554 0.697238922 -0.716810465 -0.00639415439 -0.00321328593 -0.0120451357 0.999922693";
      isRenderEnabled = "false";
      mode = "Ignore";
      canSave = "1";
      canSaveDynamicFields = "1";
   };
   new TSStatic() {
      shapeName = "levels/rls_west_coast_usa/art/shapes/race/concrete_road_barrier_b.dae";
      dynamic = "0";
      playAmbient = "1";
      meshCulling = "0";
      originSort = "0";
      useInstanceRenderData = "0";
      instanceColor = "White";
      collisionType = "Collision Mesh";
      decalType = "Collision Mesh";
      prebuildCollisionData = "0";
      renderNormals = "0";
      forceDetail = "-1";
      position = "-931.071716 -603.332581 106.270744";
      scale = "1 1 1";
      rotationMatrix = "-0.716831446 -0.69716388 -0.0107016554 0.697238922 -0.716810465 -0.00639415439 -0.00321328593 -0.0120451357 0.999922693";
      isRenderEnabled = "false";
      mode = "Ignore";
      canSave = "1";
      canSaveDynamicFields = "1";
   };
   new SpawnSphere(highway_race_standing_spawn) {
      autoSpawn = "0";
      spawnTransform = "0";
      radius = "100";
      datablock = "SpawnSphereMarker";
      position = "-939.338257 -608.203308 106.468246";
      scale = "1 1 1";
      rotationMatrix = "-0.699481428 0.714650691 0 -0.714650691 -0.699481428 0 0 0 1";
      mode = "Ignore";
      canSave = "1";
      canSaveDynamicFields = "1";
         autoplaceOnSpawn = "0";
         Enabled = "1";
   };
   new DecalRoad() {
      drivability = "-1";
      lanesLeft = "1";
      lanesRight = "1";
      oneWay = "0";
      flipDirection = "0";
      improvedSpline = "0";
      startTangent = "0";
      endTangent = "0";
      looped = "0";
      smoothness = "0.5";
      detail = "0.100000001";
      overObjects = "0";
      material = "line_white";
      textureLength = "5";
      breakAngle = "3";
      renderPriority = "2";
      zBias = "0";
      decalBias = "0.000500000024";
      distanceFade = "0 0";
      startEndFade = "0 0";
      position = "-940.773499 -604.694153 106.265625";
      scale = "1 1 1";
      rotationMatrix = "1 0 0 0 1 0 0 0 1";
      mode = "Ignore";
      canSave = "1";
      canSaveDynamicFields = "1";

      Node = "-940.773499 -604.694153 106.265625 0.200000";
      Node = "-936.506348 -608.749390 106.265625 0.200000";
   };
   new DecalRoad() {
      drivability = "-1";
      lanesLeft = "1";
      lanesRight = "1";
      oneWay = "0";
      flipDirection = "0";
      improvedSpline = "0";
      startTangent = "0";
      endTangent = "0";
      looped = "0";
      smoothness = "0.5";
      detail = "0.100000001";
      overObjects = "0";
      material = "checkered_line";
      textureLength = "5";
      breakAngle = "3";
      renderPriority = "1";
      zBias = "0";
      decalBias = "0.000500000024";
      distanceFade = "0 0";
      startEndFade = "0 0";
      position = "205.74971 510.26825 117.335938";
      scale = "1 1 1";
      rotationMatrix = "1 0 0 0 1 0 0 0 1";
      mode = "Ignore";
      canSave = "1";
      canSaveDynamicFields = "1";
         lanesInvert = "0";

      Node = "205.749710 510.268250 117.335938 1.000000";
      Node = "217.119888 494.635681 117.132813 1.000000";
   };
   new BeamNGWaypoint(Checkpoint_1) {
      drawDebug = "0";
      directionalWaypoint = "1";
      position = "-658.219299 -323.344147 106.280807";
      scale = "9.5 9.5 9.5";
      rotationMatrix = "0.708377421 0.70583415 0 -0.70583415 0.708377421 0 0 0 1";
      mode = "Ignore";
      canSave = "1";
      canSaveDynamicFields = "1";
         cloneOrigin = "Checkpoint_19";
   };
   new BeamNGWaypoint(Checkpoint_2) {
      drawDebug = "0";
      directionalWaypoint = "1";
      position = "-382.888428 -33.6806984 109.964714";
      scale = "10 10 10";
      rotationMatrix = "0.707570016 0.706643522 0 -0.706643522 0.707570016 0 0 0 1";
      mode = "Ignore";
      canSave = "1";
      canSaveDynamicFields = "1";
         cloneOrigin = "Checkpoint_19";
   };
   new BeamNGWaypoint(Checkpoint_3) {
      drawDebug = "0";
      directionalWaypoint = "1";
      position = "-100.020828 249.223831 116.17012";
      scale = "10 10 10";
      rotationMatrix = "0.74965471 0.661829054 0 -0.661829054 0.74965471 0 0 0 1";
      mode = "Ignore";
      canSave = "1";
      canSaveDynamicFields = "1";
         cloneOrigin = "Checkpoint_19";
   };
   new BeamNGWaypoint(Checkpoint_4) {
      drawDebug = "0";
      directionalWaypoint = "1";
      position = "211.593124 502.164551 117.100716";
      scale = "10 10 10";
      rotationMatrix = "0.809017003 0.587785304 0 -0.587785304 0.809017003 0 0 0 1";
      mode = "Ignore";
      canSave = "1";
      canSaveDynamicFields = "1";
         cloneOrigin = "Checkpoint_19";
   };
   new TSStatic(checkpoint_sign2) {
      shapeName = "levels/rls_west_coast_usa/art/shapes/race/sign_checkpoint.dae";
      dynamic = "0";
      playAmbient = "1";
      meshCulling = "0";
      originSort = "0";
      useInstanceRenderData = "0";
      instanceColor = "White";
      collisionType = "Collision Mesh";
      decalType = "Collision Mesh";
      prebuildCollisionData = "0";
      renderNormals = "0";
      forceDetail = "-1";
      position = "-651.597839 -330.007813 106.466736";
      scale = "1.5 1.5 1.5";
      rotationMatrix = "0.731643498 -0.681687295 0 0.681687295 0.731643498 0 0 0 1";
      isRenderEnabled = "false";
      mode = "Ignore";
      canSave = "1";
      canSaveDynamicFields = "1";
   };
   new TSStatic(checkpoint_sign1) {
      shapeName = "levels/rls_west_coast_usa/art/shapes/race/sign_checkpoint.dae";
      dynamic = "0";
      playAmbient = "1";
      meshCulling = "0";
      originSort = "0";
      useInstanceRenderData = "0";
      instanceColor = "White";
      collisionType = "Collision Mesh";
      decalType = "Collision Mesh";
      prebuildCollisionData = "0";
      renderNormals = "0";
      forceDetail = "-1";
      position = "-664.816284 -316.539917 106.481995";
      scale = "1.5 1.5 1.5";
      rotationMatrix = "0.731643498 -0.681687295 0 0.681687295 0.731643498 0 0 0 1";
      isRenderEnabled = "false";
      mode = "Ignore";
      canSave = "1";
      canSaveDynamicFields = "1";
   };
   new TSStatic() {
      shapeName = "levels/rls_west_coast_usa/art/shapes/race/concrete_road_barrier_b.dae";
      dynamic = "0";
      playAmbient = "1";
      meshCulling = "0";
      originSort = "0";
      useInstanceRenderData = "0";
      instanceColor = "White";
      collisionType = "Collision Mesh";
      decalType = "Collision Mesh";
      prebuildCollisionData = "0";
      renderNormals = "0";
      forceDetail = "-1";
      position = "-753.976929 -450.257965 106.17495";
      scale = "1 1 1";
      rotationMatrix = "0.512910962 0.858375132 -0.0107016582 -0.858441889 0.512871206 -0.00639414508 -3.95818045e-09 0.0124663748 0.999922276";
      isRenderEnabled = "false";
      mode = "Ignore";
      canSave = "1";
      canSaveDynamicFields = "1";
   };
   new TSStatic() {
      shapeName = "levels/rls_west_coast_usa/art/shapes/race/concrete_road_barrier_a.dae";
      dynamic = "0";
      playAmbient = "1";
      meshCulling = "0";
      originSort = "0";
      useInstanceRenderData = "0";
      instanceColor = "White";
      collisionType = "Collision Mesh";
      decalType = "Collision Mesh";
      prebuildCollisionData = "0";
      renderNormals = "0";
      forceDetail = "-1";
      position = "-737.760376 -422.70517 106.48114";
      scale = "1 1 1";
      rotationMatrix = "0.512911022 0.858088613 0.0246178359 -0.85844183 0.512700081 0.0147089306 1.39688794e-09 -0.0286773518 0.999588728";
      isRenderEnabled = "false";
      mode = "Ignore";
      canSave = "1";
      canSaveDynamicFields = "1";
   };
   new TSStatic() {
      shapeName = "levels/rls_west_coast_usa/art/shapes/race/concrete_road_barrier_b.dae";
      dynamic = "0";
      playAmbient = "1";
      meshCulling = "0";
      originSort = "0";
      useInstanceRenderData = "0";
      instanceColor = "White";
      collisionType = "Collision Mesh";
      decalType = "Collision Mesh";
      prebuildCollisionData = "0";
      renderNormals = "0";
      forceDetail = "-1";
      position = "-735.999939 -419.858521 106.497147";
      scale = "1 1 1";
      rotationMatrix = "-0.468609035 -0.883063138 0.0246178117 0.883404613 -0.468380511 0.014708953 -0.00145841204 0.0286402293 0.999589324";
      isRenderEnabled = "false";
      mode = "Ignore";
      canSave = "1";
      canSaveDynamicFields = "1";
   };
   new TSStatic() {
      shapeName = "levels/rls_west_coast_usa/art/shapes/race/concrete_road_barrier_a.dae";
      dynamic = "0";
      playAmbient = "1";
      meshCulling = "0";
      originSort = "0";
      useInstanceRenderData = "0";
      instanceColor = "White";
      collisionType = "Collision Mesh";
      decalType = "Collision Mesh";
      prebuildCollisionData = "0";
      renderNormals = "0";
      forceDetail = "-1";
      position = "-739.457886 -425.629944 106.388168";
      scale = "1 1 1";
      rotationMatrix = "0.512911022 0.858088613 0.0246178359 -0.85844183 0.512700081 0.0147089306 1.39688794e-09 -0.0286773518 0.999588728";
      isRenderEnabled = "false";
      mode = "Ignore";
      canSave = "1";
      canSaveDynamicFields = "1";
   };
   new TSStatic() {
      shapeName = "levels/rls_west_coast_usa/art/shapes/race/concrete_road_barrier_a.dae";
      dynamic = "0";
      playAmbient = "1";
      meshCulling = "0";
      originSort = "0";
      useInstanceRenderData = "0";
      instanceColor = "White";
      collisionType = "Collision Mesh";
      decalType = "Collision Mesh";
      prebuildCollisionData = "0";
      renderNormals = "0";
      forceDetail = "-1";
      position = "-741.194397 -428.638885 106.304207";
      scale = "1 1 1";
      rotationMatrix = "0.512911022 0.858087838 0.0246477462 -0.858441949 0.512699604 0.0147267953 -1.62955871e-09 -0.0287121944 0.999587595";
      isRenderEnabled = "false";
      mode = "Ignore";
      canSave = "1";
      canSaveDynamicFields = "1";
   };
   new TSStatic() {
      shapeName = "levels/rls_west_coast_usa/art/shapes/race/concrete_road_barrier_a.dae";
      dynamic = "0";
      playAmbient = "1";
      meshCulling = "0";
      originSort = "0";
      useInstanceRenderData = "0";
      instanceColor = "White";
      collisionType = "Collision Mesh";
      decalType = "Collision Mesh";
      prebuildCollisionData = "0";
      renderNormals = "0";
      forceDetail = "-1";
      position = "-743.028137 -431.682404 106.245491";
      scale = "1 1 1";
      rotationMatrix = "0.512911022 0.85842067 0.00601863908 -0.858441889 0.512898445 0.00359608023 -1.16443377e-09 -0.00701112254 0.999975383";
      isRenderEnabled = "false";
      mode = "Ignore";
      canSave = "1";
      canSaveDynamicFields = "1";
   };
   new TSStatic() {
      shapeName = "levels/rls_west_coast_usa/art/shapes/race/concrete_road_barrier_a.dae";
      dynamic = "0";
      playAmbient = "1";
      meshCulling = "0";
      originSort = "0";
      useInstanceRenderData = "0";
      instanceColor = "White";
      collisionType = "Collision Mesh";
      decalType = "Collision Mesh";
      prebuildCollisionData = "0";
      renderNormals = "0";
      forceDetail = "-1";
      position = "-744.893677 -434.816803 106.191002";
      scale = "1 1 1";
      rotationMatrix = "0.512911022 0.85842067 0.00601863908 -0.858441889 0.512898445 0.00359608023 -1.16443377e-09 -0.00701112254 0.999975383";
      isRenderEnabled = "false";
      mode = "Ignore";
      canSave = "1";
      canSaveDynamicFields = "1";
   };
   new TSStatic() {
      shapeName = "levels/rls_west_coast_usa/art/shapes/race/concrete_road_barrier_a.dae";
      dynamic = "0";
      playAmbient = "1";
      meshCulling = "0";
      originSort = "0";
      useInstanceRenderData = "0";
      instanceColor = "White";
      collisionType = "Collision Mesh";
      decalType = "Collision Mesh";
      prebuildCollisionData = "0";
      renderNormals = "0";
      forceDetail = "-1";
      position = "-746.661499 -437.870087 106.174911";
      scale = "1 1 1";
      rotationMatrix = "0.512911022 0.85842067 0.00601863908 -0.858441889 0.512898445 0.00359608023 -1.16443377e-09 -0.00701112254 0.999975383";
      isRenderEnabled = "false";
      mode = "Ignore";
      canSave = "1";
      canSaveDynamicFields = "1";
   };
   new TSStatic() {
      shapeName = "levels/rls_west_coast_usa/art/shapes/race/concrete_road_barrier_a.dae";
      dynamic = "0";
      playAmbient = "1";
      meshCulling = "0";
      originSort = "0";
      useInstanceRenderData = "0";
      instanceColor = "White";
      collisionType = "Collision Mesh";
      decalType = "Collision Mesh";
      prebuildCollisionData = "0";
      renderNormals = "0";
      forceDetail = "-1";
      position = "-748.532471 -440.987854 106.174911";
      scale = "1 1 1";
      rotationMatrix = "0.512911022 0.85842067 0.00601863908 -0.858441889 0.512898445 0.00359608023 -1.16443377e-09 -0.00701112254 0.999975383";
      isRenderEnabled = "false";
      mode = "Ignore";
      canSave = "1";
      canSaveDynamicFields = "1";
   };
   new TSStatic() {
      shapeName = "levels/rls_west_coast_usa/art/shapes/race/concrete_road_barrier_a.dae";
      dynamic = "0";
      playAmbient = "1";
      meshCulling = "0";
      originSort = "0";
      useInstanceRenderData = "0";
      instanceColor = "White";
      collisionType = "Collision Mesh";
      decalType = "Collision Mesh";
      prebuildCollisionData = "0";
      renderNormals = "0";
      forceDetail = "-1";
      position = "-750.342102 -444.058472 106.17495";
      scale = "1 1 1";
      rotationMatrix = "0.512910962 0.858375132 -0.0107016582 -0.858441889 0.512871206 -0.00639414508 -3.95818045e-09 0.0124663748 0.999922276";
      isRenderEnabled = "false";
      mode = "Ignore";
      canSave = "1";
      canSaveDynamicFields = "1";
   };
   new TSStatic() {
      shapeName = "levels/rls_west_coast_usa/art/shapes/race/concrete_road_barrier_a.dae";
      dynamic = "0";
      playAmbient = "1";
      meshCulling = "0";
      originSort = "0";
      useInstanceRenderData = "0";
      instanceColor = "White";
      collisionType = "Collision Mesh";
      decalType = "Collision Mesh";
      prebuildCollisionData = "0";
      renderNormals = "0";
      forceDetail = "-1";
      position = "-752.130798 -447.080261 106.17495";
      scale = "1 1 1";
      rotationMatrix = "0.512910962 0.858375132 -0.0107016582 -0.858441889 0.512871206 -0.00639414508 -3.95818045e-09 0.0124663748 0.999922276";
      isRenderEnabled = "false";
      mode = "Ignore";
      canSave = "1";
      canSaveDynamicFields = "1";
   };
   new TSStatic() {
      shapeName = "levels/rls_west_coast_usa/art/shapes/race/concrete_road_barrier_b.dae";
      dynamic = "0";
      playAmbient = "1";
      meshCulling = "0";
      originSort = "0";
      useInstanceRenderData = "0";
      instanceColor = "White";
      collisionType = "Collision Mesh";
      decalType = "Collision Mesh";
      prebuildCollisionData = "0";
      renderNormals = "0";
      forceDetail = "-1";
      position = "-572.312439 -250.777466 106.164345";
      scale = "1 1 1";
      rotationMatrix = "0.962890625 0.26792866 -0.0325017013 -0.267775983 0.963439047 0.00903860293 0.0337351225 -6.28319796e-09 0.999431074";
      isRenderEnabled = "false";
      mode = "Ignore";
      canSave = "1";
      canSaveDynamicFields = "1";
   };
   new TSStatic() {
      shapeName = "levels/rls_west_coast_usa/art/shapes/race/concrete_road_barrier_b.dae";
      dynamic = "0";
      playAmbient = "1";
      meshCulling = "0";
      originSort = "0";
      useInstanceRenderData = "0";
      instanceColor = "White";
      collisionType = "Collision Mesh";
      decalType = "Collision Mesh";
      prebuildCollisionData = "0";
      renderNormals = "0";
      forceDetail = "-1";
      position = "-564.678589 -248.251266 105.796562";
      scale = "1 1 1";
      rotationMatrix = "-0.944423974 -0.328085572 0.0205753408 0.328007936 -0.944648027 -0.00714601856 0.0217809565 3.49158125e-09 0.999762535";
      isRenderEnabled = "false";
      mode = "Ignore";
      canSave = "1";
      canSaveDynamicFields = "1";
   };
   new TSStatic() {
      shapeName = "levels/rls_west_coast_usa/art/shapes/race/concrete_road_barrier_a.dae";
      dynamic = "0";
      playAmbient = "1";
      meshCulling = "0";
      originSort = "0";
      useInstanceRenderData = "0";
      instanceColor = "White";
      collisionType = "Collision Mesh";
      decalType = "Collision Mesh";
      prebuildCollisionData = "0";
      renderNormals = "0";
      forceDetail = "-1";
      position = "-568.302673 -249.736481 105.934563";
      scale = "1 1 1";
      rotationMatrix = "0.958758175 0.278827727 -0.0551131852 -0.278368354 0.960341215 0.0160016976 0.0573891923 6.28587005e-09 0.998351812";
      isRenderEnabled = "false";
      mode = "Ignore";
      canSave = "1";
      canSaveDynamicFields = "1";
   };
   new TSStatic() {
      shapeName = "levels/rls_west_coast_usa/art/shapes/race/concrete_road_barrier_a.dae";
      dynamic = "0";
      playAmbient = "1";
      meshCulling = "0";
      originSort = "0";
      useInstanceRenderData = "0";
      instanceColor = "White";
      collisionType = "Collision Mesh";
      decalType = "Collision Mesh";
      prebuildCollisionData = "0";
      renderNormals = "0";
      forceDetail = "-1";
      position = "-305.964508 27.3248177 111.019829";
      scale = "1 1 1";
      rotationMatrix = "0.891499221 0.452787191 0.0145873688 -0.452497542 0.891554356 -0.0194128715 -0.0217953287 0.0107058138 0.999705136";
      isRenderEnabled = "false";
      mode = "Ignore";
      canSave = "1";
      canSaveDynamicFields = "1";
   };
   new TSStatic() {
      shapeName = "levels/rls_west_coast_usa/art/shapes/race/concrete_road_barrier_b.dae";
      dynamic = "0";
      playAmbient = "1";
      meshCulling = "0";
      originSort = "0";
      useInstanceRenderData = "0";
      instanceColor = "White";
      collisionType = "Collision Mesh";
      decalType = "Collision Mesh";
      prebuildCollisionData = "0";
      renderNormals = "0";
      forceDetail = "-1";
      position = "-302.489807 28.9899426 111.124626";
      scale = "1 1 1";
      rotationMatrix = "-0.898917377 -0.437516153 -0.0229540486 0.437192261 -0.899190247 0.0178851206 -0.0284650866 0.0060419105 0.999576449";
      isRenderEnabled = "false";
      mode = "Ignore";
      canSave = "1";
      canSaveDynamicFields = "1";
   };
   new TSStatic() {
      shapeName = "levels/rls_west_coast_usa/art/shapes/race/concrete_road_barrier_b.dae";
      dynamic = "0";
      playAmbient = "1";
      meshCulling = "0";
      originSort = "0";
      useInstanceRenderData = "0";
      instanceColor = "White";
      collisionType = "Collision Mesh";
      decalType = "Collision Mesh";
      prebuildCollisionData = "0";
      renderNormals = "0";
      forceDetail = "-1";
      position = "-309.112793 25.7539749 110.92218";
      scale = "1 1 1";
      rotationMatrix = "0.896508276 0.442850232 0.0125167798 -0.44269821 0.896573603 -0.0132004842 -0.0170680508 0.00629318645 0.999834597";
      isRenderEnabled = "false";
      mode = "Ignore";
      canSave = "1";
      canSaveDynamicFields = "1";
   };
   new TSStatic(gate) {
      shapeName = "levels/rls_west_coast_usa/art/shapes/race/race_rally_gate.dae";
      dynamic = "0";
      playAmbient = "1";
      meshCulling = "0";
      originSort = "0";
      useInstanceRenderData = "0";
      instanceColor = "White";
      collisionType = "Collision Mesh";
      decalType = "Collision Mesh";
      prebuildCollisionData = "0";
      renderNormals = "0";
      forceDetail = "-1";
      position = "-938.592041 -606.697693 106.751945";
      scale = "1 1 1";
      rotationMatrix = "-0.714508832 0.699626803 0 -0.699626803 -0.714508832 0 0 0 1";
      isRenderEnabled = "false";
      mode = "Ignore";
      canSave = "1";
      canSaveDynamicFields = "1";
   };
   new TSStatic(finish_sign1) {
      shapeName = "levels/rls_west_coast_usa/art/shapes/race/sign_finish.dae";
      dynamic = "0";
      playAmbient = "1";
      meshCulling = "0";
      originSort = "0";
      useInstanceRenderData = "0";
      instanceColor = "White";
      collisionType = "Collision Mesh";
      decalType = "Collision Mesh";
      prebuildCollisionData = "0";
      renderNormals = "0";
      forceDetail = "-1";
      position = "206.103928 509.769745 117.720383";
      scale = "1.5 1.5 1.5";
      rotationMatrix = "0.597817123 -0.801632583 0 0.801632583 0.597817123 0 0 0 1";
      isRenderEnabled = "false";
      mode = "Ignore";
      canSave = "1";
      canSaveDynamicFields = "1";
   };
   new TSStatic(finish_sign2) {
      shapeName = "levels/rls_west_coast_usa/art/shapes/race/sign_finish.dae";
      dynamic = "0";
      playAmbient = "1";
      meshCulling = "0";
      originSort = "0";
      useInstanceRenderData = "0";
      instanceColor = "White";
      collisionType = "Collision Mesh";
      decalType = "Collision Mesh";
      prebuildCollisionData = "0";
      renderNormals = "0";
      forceDetail = "-1";
      position = "217.242737 494.480316 117.539772";
      scale = "1.5 1.5 1.5";
      rotationMatrix = "0.597817123 -0.801632583 0 0.801632583 0.597817123 0 0 0 1";
      isRenderEnabled = "false";
      mode = "Ignore";
      canSave = "1";
      canSaveDynamicFields = "1";
   };
   new TSStatic(checkpoint_sign3) {
      shapeName = "levels/rls_west_coast_usa/art/shapes/race/sign_checkpoint.dae";
      dynamic = "0";
      playAmbient = "1";
      meshCulling = "0";
      originSort = "0";
      useInstanceRenderData = "0";
      instanceColor = "White";
      collisionType = "Collision Mesh";
      decalType = "Collision Mesh";
      prebuildCollisionData = "0";
      renderNormals = "0";
      forceDetail = "-1";
      position = "-376.322083 -40.0077667 110.100052";
      scale = "1.5 1.5 1.5";
      rotationMatrix = "0.731643498 -0.681687295 0 0.681687295 0.731643498 0 0 0 1";
      isRenderEnabled = "false";
      mode = "Ignore";
      canSave = "1";
      canSaveDynamicFields = "1";
   };
   new TSStatic(checkpoint_sign4) {
      shapeName = "levels/rls_west_coast_usa/art/shapes/race/sign_checkpoint.dae";
      dynamic = "0";
      playAmbient = "1";
      meshCulling = "0";
      originSort = "0";
      useInstanceRenderData = "0";
      instanceColor = "White";
      collisionType = "Collision Mesh";
      decalType = "Collision Mesh";
      prebuildCollisionData = "0";
      renderNormals = "0";
      forceDetail = "-1";
      position = "-389.652191 -26.9273434 110.100052";
      scale = "1.5 1.5 1.5";
      rotationMatrix = "0.731643498 -0.681687295 0 0.681687295 0.731643498 0 0 0 1";
      isRenderEnabled = "false";
      mode = "Ignore";
      canSave = "1";
      canSaveDynamicFields = "1";
   };
   new TSStatic(checkpoint_sign5) {
      shapeName = "levels/rls_west_coast_usa/art/shapes/race/sign_checkpoint.dae";
      dynamic = "0";
      playAmbient = "1";
      meshCulling = "0";
      originSort = "0";
      useInstanceRenderData = "0";
      instanceColor = "White";
      collisionType = "Collision Mesh";
      decalType = "Collision Mesh";
      prebuildCollisionData = "0";
      renderNormals = "0";
      forceDetail = "-1";
      position = "-106.072197 256.303436 116.543228";
      scale = "1.5 1.5 1.5";
      rotationMatrix = "0.675507367 -0.737353206 0 0.737353206 0.675507367 0 0 0 1";
      isRenderEnabled = "false";
      mode = "Ignore";
      canSave = "1";
      canSaveDynamicFields = "1";
   };
   new TSStatic(checkpoint_sign6) {
      shapeName = "levels/rls_west_coast_usa/art/shapes/race/sign_checkpoint.dae";
      dynamic = "0";
      playAmbient = "1";
      meshCulling = "0";
      originSort = "0";
      useInstanceRenderData = "0";
      instanceColor = "White";
      collisionType = "Collision Mesh";
      decalType = "Collision Mesh";
      prebuildCollisionData = "0";
      renderNormals = "0";
      forceDetail = "-1";
      position = "-94.558815 242.881256 116.419167";
      scale = "1.5 1.5 1.5";
      rotationMatrix = "0.675507367 -0.737353206 0 0.737353206 0.675507367 0 0 0 1";
      isRenderEnabled = "false";
      mode = "Ignore";
      canSave = "1";
      canSaveDynamicFields = "1";
   };
};
//--- OBJECT WRITE END ---



