//--- OBJECT WRITE BEGIN ---
$ThisPrefab = new SimGroup() {
   canSave = "1";
   canSaveDynamicFields = "1";
      groupPosition = "0.000000 0.000000 0.000000";

   new TSStatic(sign_checkpoint8) {
      shapeName = "levels/rls_west_coast_usa/art/shapes/race/sign_checkpoint.dae";
      dynamic = "0";
      playAmbient = "1";
      meshCulling = "0";
      originSort = "0";
      useInstanceRenderData = "0";
      instanceColor = "White";
      collisionType = "Collision Mesh";
      decalType = "Collision Mesh";
      prebuildCollisionData = "0";
      renderNormals = "0";
      forceDetail = "-1";
      position = "-520.727417 -95.1929169 100.210594";
      scale = "1 1 1";
      rotationMatrix = "0.916838288 -0.399260789 1.47792889e-09 0.399260283 0.916838109 -0.000690533372 0.000275702274 0.000633107207 0.999999821";
      isRenderEnabled = "false";
      canSave = "1";
      canSaveDynamicFields = "1";
         mode = "Ignore";
   };
   new TSStatic(sign_checkpoint7) {
      shapeName = "levels/rls_west_coast_usa/art/shapes/race/sign_checkpoint.dae";
      dynamic = "0";
      playAmbient = "1";
      meshCulling = "0";
      originSort = "0";
      useInstanceRenderData = "0";
      instanceColor = "White";
      collisionType = "Collision Mesh";
      decalType = "Collision Mesh";
      prebuildCollisionData = "0";
      renderNormals = "0";
      forceDetail = "-1";
      position = "-529.006348 -90.9972992 100.029854";
      scale = "1 1 1";
      rotationMatrix = "0.916838288 -0.399260789 1.47792889e-09 0.399260283 0.916838109 -0.000690533372 0.000275702274 0.000633107207 0.999999821";
      isRenderEnabled = "false";
      canSave = "1";
      canSaveDynamicFields = "1";
         mode = "Ignore";
   };
   new TSStatic(sign_checkpoint6) {
      shapeName = "levels/rls_west_coast_usa/art/shapes/race/sign_checkpoint.dae";
      dynamic = "0";
      playAmbient = "1";
      meshCulling = "0";
      originSort = "0";
      useInstanceRenderData = "0";
      instanceColor = "White";
      collisionType = "Collision Mesh";
      decalType = "Collision Mesh";
      prebuildCollisionData = "0";
      renderNormals = "0";
      forceDetail = "-1";
      position = "-584.552246 -177.399216 104.721664";
      scale = "1 1 1";
      rotationMatrix = "0.794854641 -0.606801271 1.45746526e-09 0.606800795 0.794854403 -0.000690533081 0.000419016083 0.000548873504 0.999999821";
      isRenderEnabled = "false";
      canSave = "1";
      canSaveDynamicFields = "1";
         mode = "Ignore";
   };
   new TSStatic(sign_checkpoint5) {
      shapeName = "levels/rls_west_coast_usa/art/shapes/race/sign_checkpoint.dae";
      dynamic = "0";
      playAmbient = "1";
      meshCulling = "0";
      originSort = "0";
      useInstanceRenderData = "0";
      instanceColor = "White";
      collisionType = "Collision Mesh";
      decalType = "Collision Mesh";
      prebuildCollisionData = "0";
      renderNormals = "0";
      forceDetail = "-1";
      position = "-591.237793 -171.950912 104.395416";
      scale = "1 1 1";
      rotationMatrix = "0.794854641 -0.606801271 1.45746526e-09 0.606800795 0.794854403 -0.000690533081 0.000419016083 0.000548873504 0.999999821";
      isRenderEnabled = "false";
      canSave = "1";
      canSaveDynamicFields = "1";
         mode = "Ignore";
   };
   new TSStatic(sign_checkpoint35) {
      shapeName = "levels/rls_west_coast_usa/art/shapes/race/sign_checkpoint.dae";
      dynamic = "0";
      playAmbient = "1";
      meshCulling = "0";
      originSort = "0";
      useInstanceRenderData = "0";
      instanceColor = "White";
      collisionType = "Collision Mesh";
      decalType = "Collision Mesh";
      prebuildCollisionData = "0";
      renderNormals = "0";
      forceDetail = "-1";
      position = "-760.498962 -249.986557 95.0479126";
      scale = "1 1 1";
      rotationMatrix = "-0.576192975 0.817314684 -9.72249836e-10 -0.817314625 -0.5761922 -0.000690533256 -0.000564382761 -0.0003978803 0.999999881";
      isRenderEnabled = "false";
      canSave = "1";
      canSaveDynamicFields = "1";
         mode = "Ignore";
   };
   new TSStatic(sign_checkpoint34) {
      shapeName = "levels/rls_west_coast_usa/art/shapes/race/sign_checkpoint.dae";
      dynamic = "0";
      playAmbient = "1";
      meshCulling = "0";
      originSort = "0";
      useInstanceRenderData = "0";
      instanceColor = "White";
      collisionType = "Collision Mesh";
      decalType = "Collision Mesh";
      prebuildCollisionData = "0";
      renderNormals = "0";
      forceDetail = "-1";
      position = "-384.387421 -343.847992 99.2616425";
      scale = "1 1 1";
      rotationMatrix = "0.928316295 0.371793091 -5.00222086e-11 -0.371793509 0.928316116 -0.000690535118 -0.000256735831 0.000641034101 0.999999881";
      isRenderEnabled = "false";
      canSave = "1";
      canSaveDynamicFields = "1";
         mode = "Ignore";
   };
   new TSStatic(sign_checkpoint33) {
      shapeName = "levels/rls_west_coast_usa/art/shapes/race/sign_checkpoint.dae";
      dynamic = "0";
      playAmbient = "1";
      meshCulling = "0";
      originSort = "0";
      useInstanceRenderData = "0";
      instanceColor = "White";
      collisionType = "Collision Mesh";
      decalType = "Collision Mesh";
      prebuildCollisionData = "0";
      renderNormals = "0";
      forceDetail = "-1";
      position = "-371.785461 -337.925934 100.236183";
      scale = "1 1 1";
      rotationMatrix = "0.928316295 0.371793091 -5.00222086e-11 -0.371793509 0.928316116 -0.000690535118 -0.000256735831 0.000641034101 0.999999881";
      isRenderEnabled = "false";
      canSave = "1";
      canSaveDynamicFields = "1";
         mode = "Ignore";
   };
   new TSStatic(sign_checkpoint32) {
      shapeName = "levels/rls_west_coast_usa/art/shapes/race/sign_checkpoint.dae";
      dynamic = "0";
      playAmbient = "1";
      meshCulling = "0";
      originSort = "0";
      useInstanceRenderData = "0";
      instanceColor = "White";
      collisionType = "Collision Mesh";
      decalType = "Collision Mesh";
      prebuildCollisionData = "0";
      renderNormals = "0";
      forceDetail = "-1";
      position = "-165.018311 -676.582214 116.122505";
      scale = "1 1 1";
      rotationMatrix = "0.785726011 0.618575335 -1.45291779e-10 -0.618575752 0.78572607 -0.000690534886 -0.000427147403 0.000542570779 0.999999881";
      isRenderEnabled = "false";
      canSave = "1";
      canSaveDynamicFields = "1";
         mode = "Ignore";
   };
   new TSStatic(sign_checkpoint31) {
      shapeName = "levels/rls_west_coast_usa/art/shapes/race/sign_checkpoint.dae";
      dynamic = "0";
      playAmbient = "1";
      meshCulling = "0";
      originSort = "0";
      useInstanceRenderData = "0";
      instanceColor = "White";
      collisionType = "Collision Mesh";
      decalType = "Collision Mesh";
      prebuildCollisionData = "0";
      renderNormals = "0";
      forceDetail = "-1";
      position = "-178.778351 -686.295044 116.69767";
      scale = "1 1 1";
      rotationMatrix = "0.785726011 0.618575335 -1.45291779e-10 -0.618575752 0.78572607 -0.000690534886 -0.000427147403 0.000542570779 0.999999881";
      isRenderEnabled = "false";
      canSave = "1";
      canSaveDynamicFields = "1";
         mode = "Ignore";
   };
   new TSStatic(sign_checkpoint30) {
      shapeName = "levels/rls_west_coast_usa/art/shapes/race/sign_checkpoint.dae";
      dynamic = "0";
      playAmbient = "1";
      meshCulling = "0";
      originSort = "0";
      useInstanceRenderData = "0";
      instanceColor = "White";
      collisionType = "Collision Mesh";
      decalType = "Collision Mesh";
      prebuildCollisionData = "0";
      renderNormals = "0";
      forceDetail = "-1";
      position = "-4.95770693 -855.506226 123.38221";
      scale = "1 1 1";
      rotationMatrix = "0.663023233 0.748599291 -1.01863407e-10 -0.748599648 0.663023412 -0.00069053506 -0.000516933622 0.000457840273 0.999999881";
      isRenderEnabled = "false";
      canSave = "1";
      canSaveDynamicFields = "1";
         mode = "Ignore";
   };
   new TSStatic(sign_checkpoint29) {
      shapeName = "levels/rls_west_coast_usa/art/shapes/race/sign_checkpoint.dae";
      dynamic = "0";
      playAmbient = "1";
      meshCulling = "0";
      originSort = "0";
      useInstanceRenderData = "0";
      instanceColor = "White";
      collisionType = "Collision Mesh";
      decalType = "Collision Mesh";
      prebuildCollisionData = "0";
      renderNormals = "0";
      forceDetail = "-1";
      position = "-10.4735603 -862.725769 124.435104";
      scale = "1 1 1";
      rotationMatrix = "0.663023233 0.748599291 -1.01863407e-10 -0.748599648 0.663023412 -0.00069053506 -0.000516933622 0.000457840273 0.999999881";
      isRenderEnabled = "false";
      canSave = "1";
      canSaveDynamicFields = "1";
         mode = "Ignore";
   };
   new TSStatic(sign_checkpoint28) {
      shapeName = "levels/rls_west_coast_usa/art/shapes/race/sign_checkpoint.dae";
      dynamic = "0";
      playAmbient = "1";
      meshCulling = "0";
      originSort = "0";
      useInstanceRenderData = "0";
      instanceColor = "White";
      collisionType = "Collision Mesh";
      decalType = "Collision Mesh";
      prebuildCollisionData = "0";
      renderNormals = "0";
      forceDetail = "-1";
      position = "43.621254 -799.226746 131.916901";
      scale = "1 1 1";
      rotationMatrix = "-0.248966381 -0.968512475 1.07957021e-09 0.968512416 -0.248966709 -0.000690534653 0.000668791938 -0.00017191979 0.999999821";
      isRenderEnabled = "false";
      canSave = "1";
      canSaveDynamicFields = "1";
         mode = "Ignore";
   };
   new TSStatic(sign_checkpoint27) {
      shapeName = "levels/rls_west_coast_usa/art/shapes/race/sign_checkpoint.dae";
      dynamic = "0";
      playAmbient = "1";
      meshCulling = "0";
      originSort = "0";
      useInstanceRenderData = "0";
      instanceColor = "White";
      collisionType = "Collision Mesh";
      decalType = "Collision Mesh";
      prebuildCollisionData = "0";
      renderNormals = "0";
      forceDetail = "-1";
      position = "41.5834312 -807.766785 131.056519";
      scale = "1 1 1";
      rotationMatrix = "-0.248966381 -0.968512475 1.07957021e-09 0.968512416 -0.248966709 -0.000690534653 0.000668791938 -0.00017191979 0.999999821";
      isRenderEnabled = "false";
      canSave = "1";
      canSaveDynamicFields = "1";
         mode = "Ignore";
   };
   new TSStatic(sign_checkpoint26) {
      shapeName = "levels/rls_west_coast_usa/art/shapes/race/sign_checkpoint.dae";
      dynamic = "0";
      playAmbient = "1";
      meshCulling = "0";
      originSort = "0";
      useInstanceRenderData = "0";
      instanceColor = "White";
      collisionType = "Collision Mesh";
      decalType = "Collision Mesh";
      prebuildCollisionData = "0";
      renderNormals = "0";
      forceDetail = "-1";
      position = "-82.4349976 -959.9552 132.521332";
      scale = "1 1 1";
      rotationMatrix = "0.958919108 0.283680767 7.88944021e-10 -0.283681273 0.958919048 -0.000690534886 -0.000195892091 0.000662166625 0.999999821";
      isRenderEnabled = "false";
      canSave = "1";
      canSaveDynamicFields = "1";
         mode = "Ignore";
   };
   new TSStatic(sign_checkpoint25) {
      shapeName = "levels/rls_west_coast_usa/art/shapes/race/sign_checkpoint.dae";
      dynamic = "0";
      playAmbient = "1";
      meshCulling = "0";
      originSort = "0";
      useInstanceRenderData = "0";
      instanceColor = "White";
      collisionType = "Collision Mesh";
      decalType = "Collision Mesh";
      prebuildCollisionData = "0";
      renderNormals = "0";
      forceDetail = "-1";
      position = "-73.5875244 -956.91217 132.06955";
      scale = "1 1 1";
      rotationMatrix = "0.958919108 0.283680767 7.88944021e-10 -0.283681273 0.958919048 -0.000690534886 -0.000195892091 0.000662166625 0.999999821";
      isRenderEnabled = "false";
      canSave = "1";
      canSaveDynamicFields = "1";
         mode = "Ignore";
   };
   new TSStatic(sign_checkpoint24) {
      shapeName = "levels/rls_west_coast_usa/art/shapes/race/sign_checkpoint.dae";
      dynamic = "0";
      playAmbient = "1";
      meshCulling = "0";
      originSort = "0";
      useInstanceRenderData = "0";
      instanceColor = "White";
      collisionType = "Collision Mesh";
      decalType = "Collision Mesh";
      prebuildCollisionData = "0";
      renderNormals = "0";
      forceDetail = "-1";
      position = "-64.8554764 -861.878296 124.137001";
      scale = "1 1 1";
      rotationMatrix = "-0.799727082 -0.600364208 3.61978891e-10 0.600364387 -0.799727321 -0.000690532499 0.000414571958 -0.000552238198 0.999999821";
      isRenderEnabled = "false";
      canSave = "1";
      canSaveDynamicFields = "1";
         mode = "Ignore";
   };
   new TSStatic(sign_checkpoint23) {
      shapeName = "levels/rls_west_coast_usa/art/shapes/race/sign_checkpoint.dae";
      dynamic = "0";
      playAmbient = "1";
      meshCulling = "0";
      originSort = "0";
      useInstanceRenderData = "0";
      instanceColor = "White";
      collisionType = "Collision Mesh";
      decalType = "Collision Mesh";
      prebuildCollisionData = "0";
      renderNormals = "0";
      forceDetail = "-1";
      position = "-57.6129646 -856.610107 124.137001";
      scale = "1 1 1";
      rotationMatrix = "-0.799727082 -0.600364208 3.61978891e-10 0.600364387 -0.799727321 -0.000690532499 0.000414571958 -0.000552238198 0.999999821";
      isRenderEnabled = "false";
      canSave = "1";
      canSaveDynamicFields = "1";
         mode = "Ignore";
   };
   new TSStatic(sign_checkpoint22) {
      shapeName = "levels/rls_west_coast_usa/art/shapes/race/sign_checkpoint.dae";
      dynamic = "0";
      playAmbient = "1";
      meshCulling = "0";
      originSort = "0";
      useInstanceRenderData = "0";
      instanceColor = "White";
      collisionType = "Collision Mesh";
      decalType = "Collision Mesh";
      prebuildCollisionData = "0";
      renderNormals = "0";
      forceDetail = "-1";
      position = "-278.289551 -598.608398 112.94175";
      scale = "1 1 1";
      rotationMatrix = "-0.799727082 -0.600364208 3.61978891e-10 0.600364387 -0.799727321 -0.000690532499 0.000414571958 -0.000552238198 0.999999821";
      isRenderEnabled = "false";
      canSave = "1";
      canSaveDynamicFields = "1";
         mode = "Ignore";
   };
   new TSStatic(sign_checkpoint21) {
      shapeName = "levels/rls_west_coast_usa/art/shapes/race/sign_checkpoint.dae";
      dynamic = "0";
      playAmbient = "1";
      meshCulling = "0";
      originSort = "0";
      useInstanceRenderData = "0";
      instanceColor = "White";
      collisionType = "Collision Mesh";
      decalType = "Collision Mesh";
      prebuildCollisionData = "0";
      renderNormals = "0";
      forceDetail = "-1";
      position = "-264.925964 -587.845215 112.692421";
      scale = "1 1 1";
      rotationMatrix = "-0.799727082 -0.600364208 3.61978891e-10 0.600364387 -0.799727321 -0.000690532499 0.000414571958 -0.000552238198 0.999999821";
      isRenderEnabled = "false";
      canSave = "1";
      canSaveDynamicFields = "1";
         mode = "Ignore";
   };
   new TSStatic(sign_checkpoint20) {
      shapeName = "levels/rls_west_coast_usa/art/shapes/race/sign_checkpoint.dae";
      dynamic = "0";
      playAmbient = "1";
      meshCulling = "0";
      originSort = "0";
      useInstanceRenderData = "0";
      instanceColor = "White";
      collisionType = "Collision Mesh";
      decalType = "Collision Mesh";
      prebuildCollisionData = "0";
      renderNormals = "0";
      forceDetail = "-1";
      position = "-492.140472 -410.991608 103.091736";
      scale = "1 1 1";
      rotationMatrix = "-0.482694209 -0.875789404 8.82209861e-10 0.875789523 -0.482694387 -0.000690531801 0.000604762055 -0.00033331578 0.999999821";
      isRenderEnabled = "false";
      canSave = "1";
      canSaveDynamicFields = "1";
         mode = "Ignore";
   };
   new TSStatic(sign_checkpoint19) {
      shapeName = "levels/rls_west_coast_usa/art/shapes/race/sign_checkpoint.dae";
      dynamic = "0";
      playAmbient = "1";
      meshCulling = "0";
      originSort = "0";
      useInstanceRenderData = "0";
      instanceColor = "White";
      collisionType = "Collision Mesh";
      decalType = "Collision Mesh";
      prebuildCollisionData = "0";
      renderNormals = "0";
      forceDetail = "-1";
      position = "-485.559967 -400.713501 104.146408";
      scale = "1 1 1";
      rotationMatrix = "-0.482694209 -0.875789404 8.82209861e-10 0.875789523 -0.482694387 -0.000690531801 0.000604762055 -0.00033331578 0.999999821";
      isRenderEnabled = "false";
      canSave = "1";
      canSaveDynamicFields = "1";
         mode = "Ignore";
   };
   new TSStatic(sign_checkpoint18) {
      shapeName = "levels/rls_west_coast_usa/art/shapes/race/sign_checkpoint.dae";
      dynamic = "0";
      playAmbient = "1";
      meshCulling = "0";
      originSort = "0";
      useInstanceRenderData = "0";
      instanceColor = "White";
      collisionType = "Collision Mesh";
      decalType = "Collision Mesh";
      prebuildCollisionData = "0";
      renderNormals = "0";
      forceDetail = "-1";
      position = "-678.135376 -408.890747 105.386223";
      scale = "1 1 1";
      rotationMatrix = "0.421611309 -0.90677762 1.43154466e-09 0.906777263 0.421610892 -0.000690532615 0.000626159715 0.000291136705 0.999999821";
      isRenderEnabled = "false";
      canSave = "1";
      canSaveDynamicFields = "1";
         mode = "Ignore";
   };
   new TSStatic(sign_checkpoint17) {
      shapeName = "levels/rls_west_coast_usa/art/shapes/race/sign_checkpoint.dae";
      dynamic = "0";
      playAmbient = "1";
      meshCulling = "0";
      originSort = "0";
      useInstanceRenderData = "0";
      instanceColor = "White";
      collisionType = "Collision Mesh";
      decalType = "Collision Mesh";
      prebuildCollisionData = "0";
      renderNormals = "0";
      forceDetail = "-1";
      position = "-682.576416 -396.877655 105.7966";
      scale = "1 1 1";
      rotationMatrix = "0.421611309 -0.90677762 1.43154466e-09 0.906777263 0.421610892 -0.000690532615 0.000626159715 0.000291136705 0.999999821";
      isRenderEnabled = "false";
      canSave = "1";
      canSaveDynamicFields = "1";
         mode = "Ignore";
   };
   new TSStatic(sign_checkpoint16) {
      shapeName = "levels/rls_west_coast_usa/art/shapes/race/sign_checkpoint.dae";
      dynamic = "0";
      playAmbient = "1";
      meshCulling = "0";
      originSort = "0";
      useInstanceRenderData = "0";
      instanceColor = "White";
      collisionType = "Collision Mesh";
      decalType = "Collision Mesh";
      prebuildCollisionData = "0";
      renderNormals = "0";
      forceDetail = "-1";
      position = "-608.612915 -257.41214 106.571426";
      scale = "1 1 1";
      rotationMatrix = "-0.725742936 0.687967002 -1.17870513e-09 -0.687966824 -0.725742638 -0.000690533081 -0.000475064269 -0.000501149858 0.999999821";
      isRenderEnabled = "false";
      canSave = "1";
      canSaveDynamicFields = "1";
         mode = "Ignore";
   };
   new TSStatic(sign_checkpoint15) {
      shapeName = "levels/rls_west_coast_usa/art/shapes/race/sign_checkpoint.dae";
      dynamic = "0";
      playAmbient = "1";
      meshCulling = "0";
      originSort = "0";
      useInstanceRenderData = "0";
      instanceColor = "White";
      collisionType = "Collision Mesh";
      decalType = "Collision Mesh";
      prebuildCollisionData = "0";
      renderNormals = "0";
      forceDetail = "-1";
      position = "-595.282043 -271.550964 106.571426";
      scale = "1 1 1";
      rotationMatrix = "-0.725742936 0.687967002 -1.17870513e-09 -0.687966824 -0.725742638 -0.000690533081 -0.000475064269 -0.000501149858 0.999999821";
      isRenderEnabled = "false";
      canSave = "1";
      canSaveDynamicFields = "1";
         mode = "Ignore";
   };
   new TSStatic(sign_checkpoint14) {
      shapeName = "levels/rls_west_coast_usa/art/shapes/race/sign_checkpoint.dae";
      dynamic = "0";
      playAmbient = "1";
      meshCulling = "0";
      originSort = "0";
      useInstanceRenderData = "0";
      instanceColor = "White";
      collisionType = "Collision Mesh";
      decalType = "Collision Mesh";
      prebuildCollisionData = "0";
      renderNormals = "0";
      forceDetail = "-1";
      position = "-574.226807 -274.254333 104.55294";
      scale = "1 1 1";
      rotationMatrix = "0.974724352 -0.223413721 4.57475835e-10 0.223413706 0.974724054 -0.000690534711 0.00015427469 0.000673079921 0.999999821";
      isRenderEnabled = "false";
      canSave = "1";
      canSaveDynamicFields = "1";
         mode = "Ignore";
   };
   new TSStatic(sign_checkpoint13) {
      shapeName = "levels/rls_west_coast_usa/art/shapes/race/sign_checkpoint.dae";
      dynamic = "0";
      playAmbient = "1";
      meshCulling = "0";
      originSort = "0";
      useInstanceRenderData = "0";
      instanceColor = "White";
      collisionType = "Collision Mesh";
      decalType = "Collision Mesh";
      prebuildCollisionData = "0";
      renderNormals = "0";
      forceDetail = "-1";
      position = "-582.325073 -272.242981 105.777756";
      scale = "1 1 1";
      rotationMatrix = "0.974724352 -0.223413721 4.57475835e-10 0.223413706 0.974724054 -0.000690534711 0.00015427469 0.000673079921 0.999999821";
      isRenderEnabled = "false";
      canSave = "1";
      canSaveDynamicFields = "1";
         mode = "Ignore";
   };
   new TSStatic(sign_checkpoint12) {
      shapeName = "levels/rls_west_coast_usa/art/shapes/race/sign_checkpoint.dae";
      dynamic = "0";
      playAmbient = "1";
      meshCulling = "0";
      originSort = "0";
      useInstanceRenderData = "0";
      instanceColor = "White";
      collisionType = "Collision Mesh";
      decalType = "Collision Mesh";
      prebuildCollisionData = "0";
      renderNormals = "0";
      forceDetail = "-1";
      position = "-494.575684 -263.677307 99.0544662";
      scale = "1 1 1";
      rotationMatrix = "-0.997624874 -0.0688854456 -4.54747351e-11 0.0688853413 -0.997624576 -0.000690534071 4.75676716e-05 -0.000688894361 0.999999762";
      isRenderEnabled = "false";
      canSave = "1";
      canSaveDynamicFields = "1";
         mode = "Ignore";
   };
   new TSStatic(sign_checkpoint11) {
      shapeName = "levels/rls_west_coast_usa/art/shapes/race/sign_checkpoint.dae";
      dynamic = "0";
      playAmbient = "1";
      meshCulling = "0";
      originSort = "0";
      useInstanceRenderData = "0";
      instanceColor = "White";
      collisionType = "Collision Mesh";
      decalType = "Collision Mesh";
      prebuildCollisionData = "0";
      renderNormals = "0";
      forceDetail = "-1";
      position = "-483.516388 -263.280182 99.8706665";
      scale = "1 1 1";
      rotationMatrix = "-0.997624874 -0.0688854456 -4.54747351e-11 0.0688853413 -0.997624576 -0.000690534071 4.75676716e-05 -0.000688894361 0.999999762";
      isRenderEnabled = "false";
      canSave = "1";
      canSaveDynamicFields = "1";
         mode = "Ignore";
   };
   new TSStatic(sign_checkpoint10) {
      shapeName = "levels/rls_west_coast_usa/art/shapes/race/sign_checkpoint.dae";
      dynamic = "0";
      playAmbient = "1";
      meshCulling = "0";
      originSort = "0";
      useInstanceRenderData = "0";
      instanceColor = "White";
      collisionType = "Collision Mesh";
      decalType = "Collision Mesh";
      prebuildCollisionData = "0";
      renderNormals = "0";
      forceDetail = "-1";
      position = "-505.68338 -92.5113449 99.167984";
      scale = "1 1 1";
      rotationMatrix = "-0.997624874 -0.0688854456 -4.54747351e-11 0.0688853413 -0.997624576 -0.000690534071 4.75676716e-05 -0.000688894361 0.999999762";
      isRenderEnabled = "false";
      canSave = "1";
      canSaveDynamicFields = "1";
         mode = "Ignore";
   };
   new TSStatic(sign_checkpoint9) {
      shapeName = "levels/rls_west_coast_usa/art/shapes/race/sign_checkpoint.dae";
      dynamic = "0";
      playAmbient = "1";
      meshCulling = "0";
      originSort = "0";
      useInstanceRenderData = "0";
      instanceColor = "White";
      collisionType = "Collision Mesh";
      decalType = "Collision Mesh";
      prebuildCollisionData = "0";
      renderNormals = "0";
      forceDetail = "-1";
      position = "-486.784882 -92.9821701 98.8910522";
      scale = "1 1 1";
      rotationMatrix = "-0.997624874 -0.0688854456 -4.54747351e-11 0.0688853413 -0.997624576 -0.000690534071 4.75676716e-05 -0.000688894361 0.999999762";
      isRenderEnabled = "false";
      canSave = "1";
      canSaveDynamicFields = "1";
         mode = "Ignore";
   };
   new TSStatic(sign_checkpoint36) {
      shapeName = "levels/rls_west_coast_usa/art/shapes/race/sign_checkpoint.dae";
      dynamic = "0";
      playAmbient = "1";
      meshCulling = "0";
      originSort = "0";
      useInstanceRenderData = "0";
      instanceColor = "White";
      collisionType = "Collision Mesh";
      decalType = "Collision Mesh";
      prebuildCollisionData = "0";
      renderNormals = "0";
      forceDetail = "-1";
      position = "-768.018127 -238.038986 95.8185577";
      scale = "1 1 1";
      rotationMatrix = "-0.576192975 0.817314684 -9.72249836e-10 -0.817314625 -0.5761922 -0.000690533256 -0.000564382761 -0.0003978803 0.999999881";
      isRenderEnabled = "false";
      canSave = "1";
      canSaveDynamicFields = "1";
         mode = "Ignore";
   };
   new TSStatic(sign_checkpoint4) {
      shapeName = "levels/rls_west_coast_usa/art/shapes/race/sign_checkpoint.dae";
      dynamic = "0";
      playAmbient = "1";
      meshCulling = "0";
      originSort = "0";
      useInstanceRenderData = "0";
      instanceColor = "White";
      collisionType = "Collision Mesh";
      decalType = "Collision Mesh";
      prebuildCollisionData = "0";
      renderNormals = "0";
      forceDetail = "-1";
      position = "-772.138672 -402.794952 103.68264";
      scale = "1 1 1";
      rotationMatrix = "0.741376579 -0.671089292 -6.91215973e-11 0.671089172 0.741376281 -0.000690534362 0.000463410397 0.000511945866 0.999999762";
      isRenderEnabled = "false";
      canSave = "1";
      canSaveDynamicFields = "1";
         mode = "Ignore";
   };
   new TSStatic(sign_checkpoint3) {
      shapeName = "levels/rls_west_coast_usa/art/shapes/race/sign_checkpoint.dae";
      dynamic = "0";
      playAmbient = "1";
      meshCulling = "0";
      originSort = "0";
      useInstanceRenderData = "0";
      instanceColor = "White";
      collisionType = "Collision Mesh";
      decalType = "Collision Mesh";
      prebuildCollisionData = "0";
      renderNormals = "0";
      forceDetail = "-1";
      position = "-786.869629 -389.692627 103.180824";
      scale = "1 1 1";
      rotationMatrix = "0.741376579 -0.671089292 -6.91215973e-11 0.671089172 0.741376281 -0.000690534362 0.000463410397 0.000511945866 0.999999762";
      isRenderEnabled = "false";
      canSave = "1";
      canSaveDynamicFields = "1";
         mode = "Ignore";
   };
   new TSStatic(sign_checkpoint2) {
      shapeName = "levels/rls_west_coast_usa/art/shapes/race/sign_checkpoint.dae";
      dynamic = "0";
      playAmbient = "1";
      meshCulling = "0";
      originSort = "0";
      useInstanceRenderData = "0";
      instanceColor = "White";
      collisionType = "Collision Mesh";
      decalType = "Collision Mesh";
      prebuildCollisionData = "0";
      renderNormals = "0";
      forceDetail = "-1";
      position = "-993.848999 -528.098511 101.655251";
      scale = "1 1 1";
      rotationMatrix = "-0.658700168 -0.747883558 0.0823657662 0.752405524 -0.654741585 0.0721078366 6.51860477e-09 0.109469876 0.993990064";
      isRenderEnabled = "false";
      canSave = "1";
      canSaveDynamicFields = "1";
         mode = "Ignore";
   };
   new TSStatic(sign_checkpoint1) {
      shapeName = "levels/rls_west_coast_usa/art/shapes/race/sign_checkpoint.dae";
      dynamic = "0";
      playAmbient = "1";
      meshCulling = "0";
      originSort = "0";
      useInstanceRenderData = "0";
      instanceColor = "White";
      collisionType = "Collision Mesh";
      decalType = "Collision Mesh";
      prebuildCollisionData = "0";
      renderNormals = "0";
      forceDetail = "-1";
      position = "-988.616089 -523.155151 101.004143";
      scale = "1 1 1";
      rotationMatrix = "-0.658700168 -0.747883558 0.0823657662 0.752405524 -0.654741585 0.0721078366 6.51860477e-09 0.109469876 0.993990064";
      isRenderEnabled = "false";
      canSave = "1";
      canSaveDynamicFields = "1";
         mode = "Ignore";
   };
   new TSStatic(sign_finish1) {
      shapeName = "levels/rls_west_coast_usa/art/shapes/race/sign_finish.dae";
      dynamic = "0";
      playAmbient = "1";
      meshCulling = "0";
      originSort = "0";
      useInstanceRenderData = "0";
      instanceColor = "White";
      collisionType = "Collision Mesh";
      decalType = "Collision Mesh";
      prebuildCollisionData = "0";
      renderNormals = "0";
      forceDetail = "-1";
      position = "-886.614136 -394.44278 101.11869";
      scale = "1 1 1";
      rotationMatrix = "-0.764663696 0.644429803 0 -0.644429803 -0.764663696 0 0 0 1";
      isRenderEnabled = "false";
      canSave = "1";
      canSaveDynamicFields = "1";
         mode = "Ignore";
   };
   new TSStatic(sign_finish2) {
      shapeName = "levels/rls_west_coast_usa/art/shapes/race/sign_finish.dae";
      dynamic = "0";
      playAmbient = "1";
      meshCulling = "0";
      originSort = "0";
      useInstanceRenderData = "0";
      instanceColor = "White";
      collisionType = "Collision Mesh";
      decalType = "Collision Mesh";
      prebuildCollisionData = "0";
      renderNormals = "0";
      forceDetail = "-1";
      position = "-874.353088 -403.898071 100.1269";
      scale = "1 1 1";
      rotationMatrix = "-0.760406375 0.644429743 0.0805783942 -0.640841722 -0.764663815 0.067908451 0.105377614 1.62965907e-08 0.994432151";
      isRenderEnabled = "false";
      canSave = "1";
      canSaveDynamicFields = "1";
         mode = "Ignore";
   };
   new TSStatic(arrowSign_p1_26) {
      shapeName = "levels/rls_west_coast_usa/art/shapes/race/sign_arrows.dae";
      dynamic = "0";
      playAmbient = "1";
      meshCulling = "0";
      originSort = "0";
      useInstanceRenderData = "0";
      instanceColor = "White";
      collisionType = "Collision Mesh";
      decalType = "Collision Mesh";
      prebuildCollisionData = "0";
      renderNormals = "0";
      forceDetail = "-1";
      position = "68.2592392 -813.950256 131.256927";
      scale = "2 2 2";
      rotationMatrix = "-0.223264709 0.974731266 -0.007201612 -0.974743605 -0.223295361 -0.00376792671 -0.00528080249 0.00617847964 0.999966979";
      isRenderEnabled = "false";
      canSave = "1";
      canSaveDynamicFields = "1";
         mode = "Ignore";
   };
   new TSStatic(arrowSign_p3_26) {
      shapeName = "levels/rls_west_coast_usa/art/shapes/objects/pole_city1.dae";
      dynamic = "0";
      playAmbient = "1";
      meshCulling = "0";
      originSort = "0";
      useInstanceRenderData = "0";
      instanceColor = "White";
      collisionType = "Collision Mesh";
      decalType = "Collision Mesh";
      prebuildCollisionData = "0";
      renderNormals = "0";
      forceDetail = "-1";
      position = "68.0750198 -812.594299 122.616096";
      scale = "0.699999988 0.699999988 1";
      rotationMatrix = "0.223693833 -0.974632859 0.00720298616 0.974648654 0.223720193 0.00307422411 -0.00460769236 0.00633269548 0.999969304";
      isRenderEnabled = "false";
      canSave = "1";
      canSaveDynamicFields = "1";
         mode = "Ignore";
   };
   new TSStatic(arrowSign_p2_26) {
      shapeName = "levels/rls_west_coast_usa/art/shapes/objects/pole_city1.dae";
      dynamic = "0";
      playAmbient = "1";
      meshCulling = "0";
      originSort = "0";
      useInstanceRenderData = "0";
      instanceColor = "White";
      collisionType = "Collision Mesh";
      decalType = "Collision Mesh";
      prebuildCollisionData = "0";
      renderNormals = "0";
      forceDetail = "-1";
      position = "68.7376633 -815.444031 122.637199";
      scale = "0.699999988 0.699999988 1";
      rotationMatrix = "0.223693833 -0.974632859 0.00720298616 0.974648654 0.223720193 0.00307422411 -0.00460769236 0.00633269548 0.999969304";
      isRenderEnabled = "false";
      canSave = "1";
      canSaveDynamicFields = "1";
         mode = "Ignore";
   };
   new TSStatic(arrowSign_p1_25) {
      shapeName = "levels/rls_west_coast_usa/art/shapes/race/sign_arrows.dae";
      dynamic = "0";
      playAmbient = "1";
      meshCulling = "0";
      originSort = "0";
      useInstanceRenderData = "0";
      instanceColor = "White";
      collisionType = "Collision Mesh";
      decalType = "Collision Mesh";
      prebuildCollisionData = "0";
      renderNormals = "0";
      forceDetail = "-1";
      position = "17.4857655 -801.531433 134.222931";
      scale = "2 2 2";
      rotationMatrix = "-0.934366167 0.356241643 -0.00720161619 -0.356222987 -0.934393406 -0.00376792578 -0.00807143468 -0.000955241267 0.999967039";
      isRenderEnabled = "false";
      canSave = "1";
      canSaveDynamicFields = "1";
         mode = "Ignore";
   };
   new TSStatic(arrowSign_p3_25) {
      shapeName = "levels/rls_west_coast_usa/art/shapes/objects/pole_city1.dae";
      dynamic = "0";
      playAmbient = "1";
      meshCulling = "0";
      originSort = "0";
      useInstanceRenderData = "0";
      instanceColor = "White";
      collisionType = "Collision Mesh";
      decalType = "Collision Mesh";
      prebuildCollisionData = "0";
      renderNormals = "0";
      forceDetail = "-1";
      position = "16.2563133 -800.930847 125.582077";
      scale = "0.699999988 0.699999988 1";
      rotationMatrix = "0.934523046 -0.355829865 0.00720298802 0.355816692 0.934550703 0.00307422364 -0.00782545842 -0.000309989351 0.999969363";
      isRenderEnabled = "false";
      canSave = "1";
      canSaveDynamicFields = "1";
         mode = "Ignore";
   };
   new TSStatic(arrowSign_p2_25) {
      shapeName = "levels/rls_west_coast_usa/art/shapes/objects/pole_city1.dae";
      dynamic = "0";
      playAmbient = "1";
      meshCulling = "0";
      originSort = "0";
      useInstanceRenderData = "0";
      instanceColor = "White";
      collisionType = "Collision Mesh";
      decalType = "Collision Mesh";
      prebuildCollisionData = "0";
      renderNormals = "0";
      forceDetail = "-1";
      position = "18.9933758 -801.96405 125.60318";
      scale = "0.699999988 0.699999988 1";
      rotationMatrix = "0.934523046 -0.355829865 0.00720298802 0.355816692 0.934550703 0.00307422364 -0.00782545842 -0.000309989351 0.999969363";
      isRenderEnabled = "false";
      canSave = "1";
      canSaveDynamicFields = "1";
         mode = "Ignore";
   };
   new TSStatic(arrowSign_p1_24) {
      shapeName = "levels/rls_west_coast_usa/art/shapes/race/sign_arrows.dae";
      dynamic = "0";
      playAmbient = "1";
      meshCulling = "0";
      originSort = "0";
      useInstanceRenderData = "0";
      instanceColor = "White";
      collisionType = "Collision Mesh";
      decalType = "Collision Mesh";
      prebuildCollisionData = "0";
      renderNormals = "0";
      forceDetail = "-1";
      position = "-86.9007339 -947.243652 134.106339";
      scale = "2 2 2";
      rotationMatrix = "-0.341206163 -0.939960957 -0.00720162271 0.939987838 -0.34118706 -0.0037679174 0.00108459464 -0.00805507507 0.999967039";
      isRenderEnabled = "false";
      canSave = "1";
      canSaveDynamicFields = "1";
         mode = "Ignore";
   };
   new TSStatic(arrowSign_p3_24) {
      shapeName = "levels/rls_west_coast_usa/art/shapes/objects/pole_city1.dae";
      dynamic = "0";
      playAmbient = "1";
      meshCulling = "0";
      originSort = "0";
      useInstanceRenderData = "0";
      instanceColor = "White";
      collisionType = "Collision Mesh";
      decalType = "Collision Mesh";
      prebuildCollisionData = "0";
      renderNormals = "0";
      forceDetail = "-1";
      position = "-87.4816818 -948.482605 125.465485";
      scale = "0.699999988 0.699999988 1";
      rotationMatrix = "0.340791672 0.940111339 0.00720299361 -0.940138757 0.340778083 0.00307422248 0.00043548923 -0.00781948213 0.999969363";
      isRenderEnabled = "false";
      canSave = "1";
      canSaveDynamicFields = "1";
         mode = "Ignore";
   };
   new TSStatic(arrowSign_p2_24) {
      shapeName = "levels/rls_west_coast_usa/art/shapes/objects/pole_city1.dae";
      dynamic = "0";
      playAmbient = "1";
      meshCulling = "0";
      originSort = "0";
      useInstanceRenderData = "0";
      instanceColor = "White";
      collisionType = "Collision Mesh";
      decalType = "Collision Mesh";
      prebuildCollisionData = "0";
      renderNormals = "0";
      forceDetail = "-1";
      position = "-86.4925995 -945.72937 125.48658";
      scale = "0.699999988 0.699999988 1";
      rotationMatrix = "0.340791672 0.940111339 0.00720299361 -0.940138757 0.340778083 0.00307422248 0.00043548923 -0.00781948213 0.999969363";
      isRenderEnabled = "false";
      canSave = "1";
      canSaveDynamicFields = "1";
         mode = "Ignore";
   };
   new TSStatic(arrowSign_p1_23) {
      shapeName = "levels/rls_west_coast_usa/art/shapes/race/sign_arrows.dae";
      dynamic = "0";
      playAmbient = "1";
      meshCulling = "0";
      originSort = "0";
      useInstanceRenderData = "0";
      instanceColor = "White";
      collisionType = "Collision Mesh";
      decalType = "Collision Mesh";
      prebuildCollisionData = "0";
      renderNormals = "0";
      forceDetail = "-1";
      position = "-75.7372894 -973.129211 133.956253";
      scale = "2 2 2";
      rotationMatrix = "0.190214321 -0.981716156 -0.00720162364 0.981729567 0.190244555 -0.00376791693 0.00506909471 -0.00635333592 0.999967039";
      isRenderEnabled = "false";
      canSave = "1";
      canSaveDynamicFields = "1";
         mode = "Ignore";
   };
   new TSStatic(arrowSign_p3_23) {
      shapeName = "levels/rls_west_coast_usa/art/shapes/objects/pole_city1.dae";
      dynamic = "0";
      playAmbient = "1";
      meshCulling = "0";
      originSort = "0";
      useInstanceRenderData = "0";
      instanceColor = "White";
      collisionType = "Collision Mesh";
      decalType = "Collision Mesh";
      prebuildCollisionData = "0";
      renderNormals = "0";
      forceDetail = "-1";
      position = "-75.5991669 -974.49054 125.315399";
      scale = "0.699999988 0.699999988 1";
      rotationMatrix = "-0.19064717 0.981632173 0.00720299641 -0.981648862 -0.190672964 0.00307422387 0.00439117383 -0.00648472132 0.999969304";
      isRenderEnabled = "false";
      canSave = "1";
      canSaveDynamicFields = "1";
         mode = "Ignore";
   };
   new TSStatic(arrowSign_p2_23) {
      shapeName = "levels/rls_west_coast_usa/art/shapes/objects/pole_city1.dae";
      dynamic = "0";
      playAmbient = "1";
      meshCulling = "0";
      originSort = "0";
      useInstanceRenderData = "0";
      instanceColor = "White";
      collisionType = "Collision Mesh";
      decalType = "Collision Mesh";
      prebuildCollisionData = "0";
      renderNormals = "0";
      forceDetail = "-1";
      position = "-76.1652145 -971.6203 125.336494";
      scale = "0.699999988 0.699999988 1";
      rotationMatrix = "-0.19064717 0.981632173 0.00720299641 -0.981648862 -0.190672964 0.00307422387 0.00439117383 -0.00648472132 0.999969304";
      isRenderEnabled = "false";
      canSave = "1";
      canSaveDynamicFields = "1";
         mode = "Ignore";
   };
   new TSStatic(arrowSign_p1_22) {
      shapeName = "levels/rls_west_coast_usa/art/shapes/race/sign_arrows.dae";
      dynamic = "0";
      playAmbient = "1";
      meshCulling = "0";
      originSort = "0";
      useInstanceRenderData = "0";
      instanceColor = "White";
