//--- OBJECT WRITE BEGIN ---
$ThisPrefab = new SimGroup() {
   canSave = "1";
   canSaveDynamicFields = "1";
      groupPosition = "0.000000 0.000000 0.000000";

   new TSStatic() {
      shapeName = "levels/rls_west_coast_usa/art/shapes/race/concrete_road_barrier_b.dae";
      dynamic = "0";
      playAmbient = "1";
      meshCulling = "0";
      originSort = "0";
      useInstanceRenderData = "0";
      instanceColor = "White";
      collisionType = "Collision Mesh";
      decalType = "Collision Mesh";
      prebuildCollisionData = "0";
      renderNormals = "0";
      forceDetail = "-1";
      position = "86.3765717 17.4873753 119.376091";
      scale = "1 1 1";
      rotationMatrix = "-0.611152589 0.791512847 0 -0.791512907 -0.611152589 0 0 0 1";
      isRenderEnabled = "false";
      mode = "Ignore";
      canSave = "1";
      canSaveDynamicFields = "1";
   };
   new TSStatic() {
      shapeName = "levels/rls_west_coast_usa/art/shapes/race/concrete_road_barrier_a.dae";
      dynamic = "0";
      playAmbient = "1";
      meshCulling = "0";
      originSort = "0";
      useInstanceRenderData = "0";
      instanceColor = "White";
      collisionType = "Collision Mesh";
      decalType = "Collision Mesh";
      prebuildCollisionData = "0";
      renderNormals = "0";
      forceDetail = "-1";
      position = "84.3978043 20.0847111 119.376091";
      scale = "1 1 1";
      rotationMatrix = "-0.611152589 0.791512847 0 -0.791512907 -0.611152589 0 0 0 1";
      isRenderEnabled = "false";
      mode = "Ignore";
      canSave = "1";
      canSaveDynamicFields = "1";
   };
   new TSStatic() {
      shapeName = "levels/rls_west_coast_usa/art/shapes/race/concrete_road_barrier_b.dae";
      dynamic = "0";
      playAmbient = "1";
      meshCulling = "0";
      originSort = "0";
      useInstanceRenderData = "0";
      instanceColor = "White";
      collisionType = "Collision Mesh";
      decalType = "Collision Mesh";
      prebuildCollisionData = "0";
      renderNormals = "0";
      forceDetail = "-1";
      position = "82.4444122 22.6145382 119.376091";
      scale = "1 1 1";
      rotationMatrix = "0.611152291 -0.791513026 0 0.791513085 0.611152291 0 0 0 1";
      isRenderEnabled = "false";
      mode = "Ignore";
      canSave = "1";
      canSaveDynamicFields = "1";
   };
   new TSStatic() {
      shapeName = "levels/rls_west_coast_usa/art/shapes/race/concrete_road_barrier_a.dae";
      dynamic = "0";
      playAmbient = "1";
      meshCulling = "0";
      originSort = "0";
      useInstanceRenderData = "0";
      instanceColor = "White";
      collisionType = "Collision Mesh";
      decalType = "Collision Mesh";
      prebuildCollisionData = "0";
      renderNormals = "0";
      forceDetail = "-1";
      position = "46.324852 39.2188911 119.356735";
      scale = "1 1 1";
      rotationMatrix = "-0.669007838 0.743255317 0 -0.743255317 -0.669007838 0 0 0 1";
      isRenderEnabled = "false";
      mode = "Ignore";
      canSave = "1";
      canSaveDynamicFields = "1";
   };
   new TSStatic() {
      shapeName = "levels/rls_west_coast_usa/art/shapes/race/concrete_road_barrier_a.dae";
      dynamic = "0";
      playAmbient = "1";
      meshCulling = "0";
      originSort = "0";
      useInstanceRenderData = "0";
      instanceColor = "White";
      collisionType = "Collision Mesh";
      decalType = "Collision Mesh";
      prebuildCollisionData = "0";
      renderNormals = "0";
      forceDetail = "-1";
      position = "44.206974 41.5718155 119.356735";
      scale = "1 1 1";
      rotationMatrix = "-0.669007838 0.743255317 0 -0.743255317 -0.669007838 0 0 0 1";
      isRenderEnabled = "false";
      mode = "Ignore";
      canSave = "1";
      canSaveDynamicFields = "1";
   };
   new TSStatic() {
      shapeName = "levels/rls_west_coast_usa/art/shapes/race/concrete_road_barrier_b.dae";
      dynamic = "0";
      playAmbient = "1";
      meshCulling = "0";
      originSort = "0";
      useInstanceRenderData = "0";
      instanceColor = "White";
      collisionType = "Collision Mesh";
      decalType = "Collision Mesh";
      prebuildCollisionData = "0";
      renderNormals = "0";
      forceDetail = "-1";
      position = "42.0687027 43.9474258 119.356735";
      scale = "1 1 1";
      rotationMatrix = "0.66900754 -0.743255675 0 0.743255675 0.66900754 0 0 0 1";
      isRenderEnabled = "false";
      mode = "Ignore";
      canSave = "1";
      canSaveDynamicFields = "1";
   };
   new TSStatic() {
      shapeName = "levels/rls_west_coast_usa/art/shapes/race/concrete_road_barrier_b.dae";
      dynamic = "0";
      playAmbient = "1";
      meshCulling = "0";
      originSort = "0";
      useInstanceRenderData = "0";
      instanceColor = "White";
      collisionType = "Collision Mesh";
      decalType = "Collision Mesh";
      prebuildCollisionData = "0";
      renderNormals = "0";
      forceDetail = "-1";
      position = "54.9422531 53.6714706 119.356735";
      scale = "1 1 1";
      rotationMatrix = "0.66900754 -0.743255675 0 0.743255675 0.66900754 0 0 0 1";
      isRenderEnabled = "false";
      mode = "Ignore";
      canSave = "1";
      canSaveDynamicFields = "1";
   };
   new TSStatic() {
      shapeName = "levels/rls_west_coast_usa/art/shapes/race/concrete_road_barrier_a.dae";
      dynamic = "0";
      playAmbient = "1";
      meshCulling = "0";
      originSort = "0";
      useInstanceRenderData = "0";
      instanceColor = "White";
      collisionType = "Collision Mesh";
      decalType = "Collision Mesh";
      prebuildCollisionData = "0";
      renderNormals = "0";
      forceDetail = "-1";
      position = "57.0805702 51.295887 119.356735";
      scale = "1 1 1";
      rotationMatrix = "-0.669007838 0.743255317 0 -0.743255317 -0.669007838 0 0 0 1";
      isRenderEnabled = "false";
      mode = "Ignore";
      canSave = "1";
      canSaveDynamicFields = "1";
   };
   new TSStatic() {
      shapeName = "levels/rls_west_coast_usa/art/shapes/race/concrete_road_barrier_a.dae";
      dynamic = "0";
      playAmbient = "1";
      meshCulling = "0";
      originSort = "0";
      useInstanceRenderData = "0";
      instanceColor = "White";
      collisionType = "Collision Mesh";
      decalType = "Collision Mesh";
      prebuildCollisionData = "0";
      renderNormals = "0";
      forceDetail = "-1";
      position = "59.198452 48.942955 119.356735";
      scale = "1 1 1";
      rotationMatrix = "-0.669007838 0.743255317 0 -0.743255317 -0.669007838 0 0 0 1";
      isRenderEnabled = "false";
      mode = "Ignore";
      canSave = "1";
      canSaveDynamicFields = "1";
   };
   new TSStatic() {
      shapeName = "levels/rls_west_coast_usa/art/shapes/race/concrete_road_barrier_b.dae";
      dynamic = "0";
      playAmbient = "1";
      meshCulling = "0";
      originSort = "0";
      useInstanceRenderData = "0";
      instanceColor = "White";
      collisionType = "Collision Mesh";
      decalType = "Collision Mesh";
      prebuildCollisionData = "0";
      renderNormals = "0";
      forceDetail = "-1";
      position = "61.3474007 46.5554886 119.356735";
      scale = "1 1 1";
      rotationMatrix = "-0.669007838 0.743255317 0 -0.743255317 -0.669007838 0 0 0 1";
      isRenderEnabled = "false";
      mode = "Ignore";
      canSave = "1";
      canSaveDynamicFields = "1";
   };
   new TSStatic() {
      shapeName = "levels/rls_west_coast_usa/art/shapes/race/concrete_road_barrier_b.dae";
      dynamic = "0";
      playAmbient = "1";
      meshCulling = "0";
      originSort = "0";
      useInstanceRenderData = "0";
      instanceColor = "White";
      collisionType = "Collision Mesh";
      decalType = "Collision Mesh";
      prebuildCollisionData = "0";
      renderNormals = "0";
      forceDetail = "-1";
      position = "-3.86485457 -0.752052307 119.406609";
      scale = "1 1 1";
      rotationMatrix = "0.31317088 0.949676275 -0.00624693139 -0.949696779 0.31316188 -0.00239609811 -0.000319216866 0.00668307813 0.999977648";
      isRenderEnabled = "false";
      mode = "Ignore";
      canSave = "1";
      canSaveDynamicFields = "1";
   };
   new TSStatic() {
      shapeName = "levels/rls_west_coast_usa/art/shapes/race/concrete_road_barrier_a.dae";
      dynamic = "0";
      playAmbient = "1";
      meshCulling = "0";
      originSort = "0";
      useInstanceRenderData = "0";
      instanceColor = "White";
      collisionType = "Collision Mesh";
      decalType = "Collision Mesh";
      prebuildCollisionData = "0";
      renderNormals = "0";
      forceDetail = "-1";
      position = "-2.86189175 2.28942251 119.386597";
      scale = "1 1 1";
      rotationMatrix = "0.31317088 0.949676275 -0.00624693139 -0.949696779 0.31316188 -0.00239609811 -0.000319216866 0.00668307813 0.999977648";
      isRenderEnabled = "false";
      mode = "Ignore";
      canSave = "1";
      canSaveDynamicFields = "1";
   };
   new TSStatic() {
      shapeName = "levels/rls_west_coast_usa/art/shapes/race/concrete_road_barrier_a.dae";
      dynamic = "0";
      playAmbient = "1";
      meshCulling = "0";
      originSort = "0";
      useInstanceRenderData = "0";
      instanceColor = "White";
      collisionType = "Collision Mesh";
      decalType = "Collision Mesh";
      prebuildCollisionData = "0";
      renderNormals = "0";
      forceDetail = "-1";
      position = "-1.85594499 5.3399477 119.366531";
      scale = "1 1 1";
      rotationMatrix = "0.31317088 0.949676275 -0.00624693139 -0.949696779 0.31316188 -0.00239609811 -0.000319216866 0.00668307813 0.999977648";
      isRenderEnabled = "false";
      mode = "Ignore";
      canSave = "1";
      canSaveDynamicFields = "1";
   };
   new TSStatic() {
      shapeName = "levels/rls_west_coast_usa/art/shapes/race/concrete_road_barrier_a.dae";
      dynamic = "0";
      playAmbient = "1";
      meshCulling = "0";
      originSort = "0";
      useInstanceRenderData = "0";
      instanceColor = "White";
      collisionType = "Collision Mesh";
      decalType = "Collision Mesh";
      prebuildCollisionData = "0";
      renderNormals = "0";
      forceDetail = "-1";
      position = "-0.864547014 8.34635544 119.346756";
      scale = "1 1 1";
      rotationMatrix = "0.31317088 0.949676275 -0.00624693139 -0.949696779 0.31316188 -0.00239609811 -0.000319216866 0.00668307813 0.999977648";
      isRenderEnabled = "false";
      mode = "Ignore";
      canSave = "1";
      canSaveDynamicFields = "1";
   };
   new TSStatic() {
      shapeName = "levels/rls_west_coast_usa/art/shapes/race/concrete_road_barrier_a.dae";
      dynamic = "0";
      playAmbient = "1";
      meshCulling = "0";
      originSort = "0";
      useInstanceRenderData = "0";
      instanceColor = "White";
      collisionType = "Collision Mesh";
      decalType = "Collision Mesh";
      prebuildCollisionData = "0";
      renderNormals = "0";
      forceDetail = "-1";
      position = "0.136399031 11.3817215 119.32679";
      scale = "1 1 1";
      rotationMatrix = "0.31317088 0.949676275 -0.00624693139 -0.949696779 0.31316188 -0.00239609811 -0.000319216866 0.00668307813 0.999977648";
      isRenderEnabled = "false";
      mode = "Ignore";
      canSave = "1";
      canSaveDynamicFields = "1";
   };
   new TSStatic() {
      shapeName = "levels/rls_west_coast_usa/art/shapes/race/concrete_road_barrier_b.dae";
      dynamic = "0";
      playAmbient = "1";
      meshCulling = "0";
      originSort = "0";
      useInstanceRenderData = "0";
      instanceColor = "White";
      collisionType = "Collision Mesh";
      decalType = "Collision Mesh";
      prebuildCollisionData = "0";
      renderNormals = "0";
      forceDetail = "-1";
      position = "1.1340239 14.4070148 119.306892";
      scale = "1 1 1";
      rotationMatrix = "-0.31317088 -0.949676275 0.00624693139 0.949696779 -0.31316188 0.00239609811 -0.000319216866 0.00668307813 0.999977648";
      isRenderEnabled = "false";
      mode = "Ignore";
      canSave = "1";
      canSaveDynamicFields = "1";
   };
   new TSStatic() {
      shapeName = "levels/rls_west_coast_usa/art/shapes/race/concrete_road_barrier_b.dae";
      dynamic = "0";
      playAmbient = "1";
      meshCulling = "0";
      originSort = "0";
      useInstanceRenderData = "0";
      instanceColor = "White";
      collisionType = "Collision Mesh";
      decalType = "Collision Mesh";
      prebuildCollisionData = "0";
      renderNormals = "0";
      forceDetail = "-1";
      position = "48.4738503 36.8314438 119.356735";
      scale = "1 1 1";
      rotationMatrix = "-0.669007838 0.743255317 0 -0.743255317 -0.669007838 0 0 0 1";
      isRenderEnabled = "false";
      mode = "Ignore";
      canSave = "1";
      canSaveDynamicFields = "1";
   };
   new TSStatic() {
      shapeName = "levels/rls_west_coast_usa/art/shapes/race/concrete_road_barrier_b.dae";
      dynamic = "0";
      playAmbient = "1";
      meshCulling = "0";
      originSort = "0";
      useInstanceRenderData = "0";
      instanceColor = "White";
      collisionType = "Collision Mesh";
      decalType = "Collision Mesh";
      prebuildCollisionData = "0";
      renderNormals = "0";
      forceDetail = "-1";
      position = "-125.731201 -69.110527 119.28199";
      scale = "1 1 1";
      rotationMatrix = "-0.78339982 -0.621486783 0.00624692068 0.621508837 -0.783403575 0.00239609811 0.00340471626 0.00575961871 0.999977589";
      isRenderEnabled = "false";
      mode = "Ignore";
      canSave = "1";
      canSaveDynamicFields = "1";
   };
   new TSStatic() {
      shapeName = "levels/rls_west_coast_usa/art/shapes/race/concrete_road_barrier_a.dae";
      dynamic = "0";
      playAmbient = "1";
      meshCulling = "0";
      originSort = "0";
      useInstanceRenderData = "0";
      instanceColor = "White";
      collisionType = "Collision Mesh";
      decalType = "Collision Mesh";
      prebuildCollisionData = "0";
      renderNormals = "0";
      forceDetail = "-1";
      position = "-128.226776 -71.0903549 119.301888";
      scale = "1 1 1";
      rotationMatrix = "0.78339982 0.621486783 -0.00624692068 -0.621508837 0.783403575 -0.00239609811 0.00340471626 0.00575961871 0.999977589";
      isRenderEnabled = "false";
      mode = "Ignore";
      canSave = "1";
      canSaveDynamicFields = "1";
   };
   new TSStatic() {
      shapeName = "levels/rls_west_coast_usa/art/shapes/race/concrete_road_barrier_a.dae";
      dynamic = "0";
      playAmbient = "1";
      meshCulling = "0";
      originSort = "0";
      useInstanceRenderData = "0";
      instanceColor = "White";
      collisionType = "Collision Mesh";
      decalType = "Collision Mesh";
      prebuildCollisionData = "0";
      renderNormals = "0";
      forceDetail = "-1";
      position = "-130.730698 -73.076767 119.321861";
      scale = "1 1 1";
      rotationMatrix = "0.78339982 0.621486783 -0.00624692068 -0.621508837 0.783403575 -0.00239609811 0.00340471626 0.00575961871 0.999977589";
      isRenderEnabled = "false";
      mode = "Ignore";
      canSave = "1";
      canSaveDynamicFields = "1";
   };
   new TSStatic() {
      shapeName = "levels/rls_west_coast_usa/art/shapes/race/concrete_road_barrier_a.dae";
      dynamic = "0";
      playAmbient = "1";
      meshCulling = "0";
      originSort = "0";
      useInstanceRenderData = "0";
      instanceColor = "White";
      collisionType = "Collision Mesh";
      decalType = "Collision Mesh";
      prebuildCollisionData = "0";
      renderNormals = "0";
      forceDetail = "-1";
      position = "-133.210693 -75.0442276 119.341637";
      scale = "1 1 1";
      rotationMatrix = "0.78339982 0.621486783 -0.00624692068 -0.621508837 0.783403575 -0.00239609811 0.00340471626 0.00575961871 0.999977589";
      isRenderEnabled = "false";
      mode = "Ignore";
      canSave = "1";
      canSaveDynamicFields = "1";
   };
   new TSStatic() {
      shapeName = "levels/rls_west_coast_usa/art/shapes/race/concrete_road_barrier_a.dae";
      dynamic = "0";
      playAmbient = "1";
      meshCulling = "0";
      originSort = "0";
      useInstanceRenderData = "0";
      instanceColor = "White";
      collisionType = "Collision Mesh";
      decalType = "Collision Mesh";
      prebuildCollisionData = "0";
      renderNormals = "0";
      forceDetail = "-1";
      position = "-135.727127 -77.0405579 119.361702";
      scale = "1 1 1";
      rotationMatrix = "0.78339982 0.621486783 -0.00624692068 -0.621508837 0.783403575 -0.00239609811 0.00340471626 0.00575961871 0.999977589";
      isRenderEnabled = "false";
      mode = "Ignore";
      canSave = "1";
      canSaveDynamicFields = "1";
   };
   new TSStatic() {
      shapeName = "levels/rls_west_coast_usa/art/shapes/race/concrete_road_barrier_b.dae";
      dynamic = "0";
      playAmbient = "1";
      meshCulling = "0";
      originSort = "0";
      useInstanceRenderData = "0";
      instanceColor = "White";
      collisionType = "Collision Mesh";
      decalType = "Collision Mesh";
      prebuildCollisionData = "0";
      renderNormals = "0";
      forceDetail = "-1";
      position = "-138.236053 -79.0309525 119.381706";
      scale = "1 1 1";
      rotationMatrix = "0.78339982 0.621486783 -0.00624692068 -0.621508837 0.783403575 -0.00239609811 0.00340471626 0.00575961871 0.999977589";
      isRenderEnabled = "false";
      mode = "Ignore";
      canSave = "1";
      canSaveDynamicFields = "1";
   };
   new TSStatic() {
      shapeName = "levels/rls_west_coast_usa/art/shapes/race/concrete_road_barrier_b.dae";
      dynamic = "0";
      playAmbient = "1";
      meshCulling = "0";
      originSort = "0";
      useInstanceRenderData = "0";
      instanceColor = "White";
      collisionType = "Collision Mesh";
      decalType = "Collision Mesh";
      prebuildCollisionData = "0";
      renderNormals = "0";
      forceDetail = "-1";
      position = "-312.983765 -227.012482 119.205505";
      scale = "1 1 1";
      rotationMatrix = "-0.343634218 -0.938863695 0.0212243162 0.939103603 -0.34354642 0.00776634552 -2.79396684e-09 0.0226006135 0.999744654";
      isRenderEnabled = "false";
      mode = "Ignore";
      canSave = "1";
      canSaveDynamicFields = "1";
   };
   new TSStatic() {
      shapeName = "levels/rls_west_coast_usa/art/shapes/race/concrete_road_barrier_a.dae";
      dynamic = "0";
      playAmbient = "1";
      meshCulling = "0";
      originSort = "0";
      useInstanceRenderData = "0";
      instanceColor = "White";
      collisionType = "Collision Mesh";
      decalType = "Collision Mesh";
      prebuildCollisionData = "0";
      renderNormals = "0";
      forceDetail = "-1";
      position = "-314.087555 -230.028229 119.273674";
      scale = "1 1 1";
      rotationMatrix = "-0.343634218 -0.938863695 0.0212243162 0.939103603 -0.34354642 0.00776634552 -2.79396684e-09 0.0226006135 0.999744654";
      isRenderEnabled = "false";
      mode = "Ignore";
      canSave = "1";
      canSaveDynamicFields = "1";
   };
   new TSStatic() {
      shapeName = "levels/rls_west_coast_usa/art/shapes/race/concrete_road_barrier_a.dae";
      dynamic = "0";
      playAmbient = "1";
      meshCulling = "0";
      originSort = "0";
      useInstanceRenderData = "0";
      instanceColor = "White";
      collisionType = "Collision Mesh";
      decalType = "Collision Mesh";
      prebuildCollisionData = "0";
      renderNormals = "0";
      forceDetail = "-1";
      position = "-315.175476 -233.000458 119.340866";
      scale = "1 1 1";
      rotationMatrix = "-0.343634218 -0.938863695 0.0212243162 0.939103603 -0.34354642 0.00776634552 -2.79396684e-09 0.0226006135 0.999744654";
      isRenderEnabled = "false";
      mode = "Ignore";
      canSave = "1";
      canSaveDynamicFields = "1";
   };
   new TSStatic() {
      shapeName = "levels/rls_west_coast_usa/art/shapes/race/concrete_road_barrier_b.dae";
      dynamic = "0";
      playAmbient = "1";
      meshCulling = "0";
      originSort = "0";
      useInstanceRenderData = "0";
      instanceColor = "White";
      collisionType = "Collision Mesh";
      decalType = "Collision Mesh";
      prebuildCollisionData = "0";
      renderNormals = "0";
      forceDetail = "-1";
      position = "-316.273804 -236.00119 119.408707";
      scale = "1 1 1";
      rotationMatrix = "0.343634635 0.938863575 -0.0212243106 -0.939103425 0.343546838 -0.00776635669 -3.72528985e-09 0.0226006154 0.999744654";
      isRenderEnabled = "false";
      mode = "Ignore";
      canSave = "1";
      canSaveDynamicFields = "1";
   };
   new TSStatic() {
      shapeName = "levels/rls_west_coast_usa/art/shapes/race/concrete_road_barrier_b.dae";
      dynamic = "0";
      playAmbient = "1";
      meshCulling = "0";
      originSort = "0";
      useInstanceRenderData = "0";
      instanceColor = "White";
      collisionType = "Collision Mesh";
      decalType = "Collision Mesh";
      prebuildCollisionData = "0";
      renderNormals = "0";
      forceDetail = "-1";
      position = "68.2532654 -179.581024 124.26078";
      scale = "1 1 1";
      rotationMatrix = "0.262884408 0.964817703 0.00431600399 -0.964827359 0.262881786 0.00117595226 -1.92085263e-08 -0.0044733379 0.999989986";
      isRenderEnabled = "false";
      mode = "Ignore";
      canSave = "1";
      canSaveDynamicFields = "1";
   };
   new TSStatic() {
      shapeName = "levels/rls_west_coast_usa/art/shapes/race/concrete_road_barrier_a.dae";
      dynamic = "0";
      playAmbient = "1";
      meshCulling = "0";
      originSort = "0";
      useInstanceRenderData = "0";
      instanceColor = "White";
      collisionType = "Collision Mesh";
      decalType = "Collision Mesh";
      prebuildCollisionData = "0";
      renderNormals = "0";
      forceDetail = "-1";
      position = "69.0977249 -176.481812 124.274658";
      scale = "1 1 1";
      rotationMatrix = "0.262884408 0.964817703 0.00431600399 -0.964827359 0.262881786 0.00117595226 -1.92085263e-08 -0.0044733379 0.999989986";
      isRenderEnabled = "false";
      mode = "Ignore";
      canSave = "1";
      canSaveDynamicFields = "1";
   };
   new TSStatic() {
      shapeName = "levels/rls_west_coast_usa/art/shapes/race/concrete_road_barrier_a.dae";
      dynamic = "0";
      playAmbient = "1";
      meshCulling = "0";
      originSort = "0";
      useInstanceRenderData = "0";
      instanceColor = "White";
      collisionType = "Collision Mesh";
      decalType = "Collision Mesh";
      prebuildCollisionData = "0";
      renderNormals = "0";
      forceDetail = "-1";
      position = "69.9299545 -173.427521 124.288315";
      scale = "1 1 1";
      rotationMatrix = "0.262884408 0.964817703 0.00431600399 -0.964827359 0.262881786 0.00117595226 -1.92085263e-08 -0.0044733379 0.999989986";
      isRenderEnabled = "false";
      mode = "Ignore";
      canSave = "1";
      canSaveDynamicFields = "1";
   };
   new TSStatic() {
      shapeName = "levels/rls_west_coast_usa/art/shapes/race/concrete_road_barrier_b.dae";
      dynamic = "0";
      playAmbient = "1";
      meshCulling = "0";
      originSort = "0";
      useInstanceRenderData = "0";
      instanceColor = "White";
      collisionType = "Collision Mesh";
      decalType = "Collision Mesh";
      prebuildCollisionData = "0";
      renderNormals = "0";
      forceDetail = "-1";
      position = "70.7701874 -170.343719 124.302124";
      scale = "1 1 1";
      rotationMatrix = "-0.263093263 -0.964770019 0.000869295676 0.964756489 -0.263094187 -0.00513732154 0.00518504111 -0.000512936211 0.999986529";
      isRenderEnabled = "false";
      mode = "Ignore";
      canSave = "1";
      canSaveDynamicFields = "1";
   };
   new TSStatic() {
      shapeName = "levels/rls_west_coast_usa/art/shapes/race/concrete_road_barrier_b.dae";
      dynamic = "0";
      playAmbient = "1";
      meshCulling = "0";
      originSort = "0";
      useInstanceRenderData = "0";
      instanceColor = "White";
      collisionType = "Collision Mesh";
      decalType = "Collision Mesh";
      prebuildCollisionData = "0";
      renderNormals = "0";
      forceDetail = "-1";
      position = "75.740036 -126.885132 126.616776";
      scale = "1 1 1";
      rotationMatrix = "0.262884468 0.962471366 0.0673856437 -0.964827359 0.262242496 0.018360395 -2.60770356e-08 -0.0698421672 0.997558057";
      isRenderEnabled = "false";
      mode = "Ignore";
      canSave = "1";
      canSaveDynamicFields = "1";
   };
   new TSStatic() {
      shapeName = "levels/rls_west_coast_usa/art/shapes/race/concrete_road_barrier_a.dae";
      dynamic = "0";
      playAmbient = "1";
      meshCulling = "0";
      originSort = "0";
      useInstanceRenderData = "0";
      instanceColor = "White";
      collisionType = "Collision Mesh";
      decalType = "Collision Mesh";
      prebuildCollisionData = "0";
      renderNormals = "0";
      forceDetail = "-1";
      position = "76.5844955 -123.79351 126.833229";
      scale = "1 1 1";
      rotationMatrix = "0.262884468 0.962471366 0.0673856437 -0.964827359 0.262242496 0.018360395 -2.60770356e-08 -0.0698421672 0.997558057";
      isRenderEnabled = "false";
      mode = "Ignore";
      canSave = "1";
      canSaveDynamicFields = "1";
   };
   new TSStatic() {
      shapeName = "levels/rls_west_coast_usa/art/shapes/race/concrete_road_barrier_a.dae";
      dynamic = "0";
      playAmbient = "1";
      meshCulling = "0";
      originSort = "0";
      useInstanceRenderData = "0";
      instanceColor = "White";
      collisionType = "Collision Mesh";
      decalType = "Collision Mesh";
      prebuildCollisionData = "0";
      renderNormals = "0";
      forceDetail = "-1";
      position = "77.4167252 -120.746628 127.046562";
      scale = "1 1 1";
      rotationMatrix = "0.262884468 0.962471366 0.0673856437 -0.964827359 0.262242496 0.018360395 -2.60770356e-08 -0.0698421672 0.997558057";
      isRenderEnabled = "false";
      mode = "Ignore";
      canSave = "1";
      canSaveDynamicFields = "1";
   };
   new TSStatic() {
      shapeName = "levels/rls_west_coast_usa/art/shapes/race/concrete_road_barrier_b.dae";
      dynamic = "0";
      playAmbient = "1";
      meshCulling = "0";
      originSort = "0";
      useInstanceRenderData = "0";
      instanceColor = "White";
      collisionType = "Collision Mesh";
      decalType = "Collision Mesh";
      prebuildCollisionData = "0";
      renderNormals = "0";
      forceDetail = "-1";
      position = "78.256958 -117.670334 127.26194";
      scale = "1 1 1";
      rotationMatrix = "-0.263093561 -0.962762654 -0.0622083247 0.964756429 -0.262195736 -0.0223272014 0.00518503832 -0.0658900216 0.997813463";
      isRenderEnabled = "false";
      mode = "Ignore";
      canSave = "1";
      canSaveDynamicFields = "1";
   };
   new TSStatic() {
      shapeName = "levels/rls_west_coast_usa/art/shapes/race/concrete_road_barrier_b.dae";
      dynamic = "0";
      playAmbient = "1";
      meshCulling = "0";
      originSort = "0";
      useInstanceRenderData = "0";
      instanceColor = "White";
      collisionType = "Collision Mesh";
      decalType = "Collision Mesh";
      prebuildCollisionData = "0";
      renderNormals = "0";
      forceDetail = "-1";
      position = "59.4191284 22.5773067 119.37249";
      scale = "1 1 1";
      rotationMatrix = "-0.596039295 0.80295527 0 -0.80295527 -0.596039236 0 0 0 1";
      isRenderEnabled = "false";
      mode = "Ignore";
      canSave = "1";
      canSaveDynamicFields = "1";
   };
   new TSStatic() {
      shapeName = "levels/rls_west_coast_usa/art/shapes/race/concrete_road_barrier_a.dae";
      dynamic = "0";
      playAmbient = "1";
      meshCulling = "0";
      originSort = "0";
      useInstanceRenderData = "0";
      instanceColor = "White";
      collisionType = "Collision Mesh";
      decalType = "Collision Mesh";
      prebuildCollisionData = "0";
      renderNormals = "0";
      forceDetail = "-1";
      position = "57.5045662 25.1565361 119.37249";
      scale = "1 1 1";
      rotationMatrix = "-0.596039295 0.80295527 0 -0.80295527 -0.596039236 0 0 0 1";
      isRenderEnabled = "false";
      mode = "Ignore";
      canSave = "1";
      canSaveDynamicFields = "1";
   };
   new TSStatic() {
      shapeName = "levels/rls_west_coast_usa/art/shapes/race/concrete_road_barrier_a.dae";
      dynamic = "0";
      playAmbient = "1";
      meshCulling = "0";
      originSort = "0";
      useInstanceRenderData = "0";
      instanceColor = "White";
      collisionType = "Collision Mesh";
      decalType = "Collision Mesh";
      prebuildCollisionData = "0";
      renderNormals = "0";
      forceDetail = "-1";
      position = "55.6176834 27.6984634 119.37249";
      scale = "1 1 1";
      rotationMatrix = "-0.596039295 0.80295527 0 -0.80295527 -0.596039236 0 0 0 1";
      isRenderEnabled = "false";
      mode = "Ignore";
      canSave = "1";
      canSaveDynamicFields = "1";
   };
   new TSStatic() {
      shapeName = "levels/rls_west_coast_usa/art/shapes/race/concrete_road_barrier_b.dae";
      dynamic = "0";
      playAmbient = "1";
      meshCulling = "0";
      originSort = "0";
      useInstanceRenderData = "0";
      instanceColor = "White";
      collisionType = "Collision Mesh";
      decalType = "Collision Mesh";
      prebuildCollisionData = "0";
      renderNormals = "0";
      forceDetail = "-1";
      position = "53.7125816 30.2648621 119.37249";
      scale = "1 1 1";
      rotationMatrix = "0.596039057 -0.802955508 0 0.802955508 0.596038997 0 0 0 1";
      isRenderEnabled = "false";
      mode = "Ignore";
      canSave = "1";
      canSaveDynamicFields = "1";
   };
   new TSStatic() {
      shapeName = "levels/rls_west_coast_usa/art/shapes/race/concrete_road_barrier_b.dae";
      dynamic = "0";
      playAmbient = "1";
      meshCulling = "0";
      originSort = "0";
      useInstanceRenderData = "0";
      instanceColor = "White";
      collisionType = "Collision Mesh";
      decalType = "Collision Mesh";
      prebuildCollisionData = "0";
      renderNormals = "0";
      forceDetail = "-1";
      position = "72.239769 32.2169075 119.376091";
      scale = "1 1 1";
      rotationMatrix = "-0.611152589 0.791512847 0 -0.791512907 -0.611152589 0 0 0 1";
      isRenderEnabled = "false";
      mode = "Ignore";
      canSave = "1";
      canSaveDynamicFields = "1";
   };
   new TSStatic() {
      shapeName = "levels/rls_west_coast_usa/art/shapes/race/concrete_road_barrier_a.dae";
      dynamic = "0";
      playAmbient = "1";
      meshCulling = "0";
      originSort = "0";
      useInstanceRenderData = "0";
      instanceColor = "White";
      collisionType = "Collision Mesh";
      decalType = "Collision Mesh";
      prebuildCollisionData = "0";
      renderNormals = "0";
      forceDetail = "-1";
      position = "70.2766724 34.7593842 119.376091";
      scale = "1 1 1";
      rotationMatrix = "-0.611152589 0.791512847 0 -0.791512907 -0.611152589 0 0 0 1";
      isRenderEnabled = "false";
      mode = "Ignore";
      canSave = "1";
      canSaveDynamicFields = "1";
   };
   new TSStatic() {
      shapeName = "levels/rls_west_coast_usa/art/shapes/race/concrete_road_barrier_a.dae";
      dynamic = "0";
      playAmbient = "1";
      meshCulling = "0";
      originSort = "0";
      useInstanceRenderData = "0";
      instanceColor = "White";
      collisionType = "Collision Mesh";
      decalType = "Collision Mesh";
      prebuildCollisionData = "0";
      renderNormals = "0";
      forceDetail = "-1";
      position = "68.3419189 37.2650909 119.376091";
      scale = "1 1 1";
      rotationMatrix = "-0.611152589 0.791512847 0 -0.791512907 -0.611152589 0 0 0 1";
      isRenderEnabled = "false";
      mode = "Ignore";
      canSave = "1";
      canSaveDynamicFields = "1";
   };
   new TSStatic() {
      shapeName = "levels/rls_west_coast_usa/art/shapes/race/concrete_road_barrier_b.dae";
      dynamic = "0";
      playAmbient = "1";
      meshCulling = "0";
      originSort = "0";
      useInstanceRenderData = "0";
      instanceColor = "White";
      collisionType = "Collision Mesh";
      decalType = "Collision Mesh";
      prebuildCollisionData = "0";
      renderNormals = "0";
      forceDetail = "-1";
      position = "66.3885269 39.7949181 119.376091";
      scale = "1 1 1";
      rotationMatrix = "0.611152291 -0.791513026 0 0.791513085 0.611152291 0 0 0 1";
      isRenderEnabled = "false";
      mode = "Ignore";
      canSave = "1";
      canSaveDynamicFields = "1";
   };
   new BeamNGWaypoint(Checkpoint_5) {
      drawDebug = "0";
      directionalWaypoint = "0";
      position = "-295.125183 -298.225006 120.05336";
      scale = "9 9 9";
      rotationMatrix = "1 0 0 0 1 0 0 0 1";
      mode = "Ignore";
      canSave = "1";
      canSaveDynamicFields = "1";
         cloneOrigin = "Checkpoint_19";
   };
   new BeamNGWaypoint(Checkpoint_4) {
      drawDebug = "0";
      directionalWaypoint = "0";
      position = "-51.0989723 -557.523315 129.816147";
      scale = "9 9 9";
      rotationMatrix = "1 0 0 0 1 0 0 0 1";
      mode = "Ignore";
      canSave = "1";
      canSaveDynamicFields = "1";
         cloneOrigin = "Checkpoint_19";
   };
   new BeamNGWaypoint(Checkpoint_3) {
      drawDebug = "0";
      directionalWaypoint = "0";
      position = "26.3915672 -257.548584 124.421051";
      scale = "9 9 9";
      rotationMatrix = "1 0 0 0 1 0 0 0 1";
      mode = "Ignore";
      canSave = "1";
      canSaveDynamicFields = "1";
         cloneOrigin = "Checkpoint_19";
   };
   new BeamNGWaypoint(Checkpoint_2) {
      drawDebug = "0";
      directionalWaypoint = "0";
      position = "79.5044785 -92.2931366 129.06163";
      scale = "8 8 8";
      rotationMatrix = "1 0 0 0 1 0 0 0 1";
      mode = "Ignore";
      canSave = "1";
      canSaveDynamicFields = "1";
         cloneOrigin = "Checkpoint_19";
   };
   new BeamNGWaypoint(Checkpoint_1) {
      drawDebug = "0";
      directionalWaypoint = "0";
      position = "12.8343372 53.7889671 119.387276";
      scale = "9 9 9";
      rotationMatrix = "1 0 0 0 1 0 0 0 1";
      mode = "Ignore";
      canSave = "1";
      canSaveDynamicFields = "1";
         cloneOrigin = "Checkpoint_19";
   };
   new BeamNGWaypoint(Checkpoint_finish) {
      drawDebug = "0";
      directionalWaypoint = "0";
      position = "-80.7751923 -50.4956245 119.451263";
      scale = "8 8 8";
      rotationMatrix = "1 0 0 0 1 0 0 0 1";
      mode = "Ignore";
      canSave = "1";
      canSaveDynamicFields = "1";
         cloneOrigin = "Checkpoint_19";
   };
   new SpawnSphere(race_track_alternative_standing_spawn) {
      autoSpawn = "0";
      spawnTransform = "0";
      radius = "100";
      dataBlock = "SpawnSphereMarker";
      position = "-82.413269 -51.8170586 119.506996";
      scale = "1 1 1";
      rotationMatrix = "-0.588265896 0.8086676 0 -0.8086676 -0.588265896 0 0 0 1";
      mode = "Ignore";
      canSave = "1";
      canSaveDynamicFields = "1";
         autoplaceOnSpawn = "0";
         Enabled = "1";
   };
   new SpawnSphere(race_track_alternative_rolling_spawn) {
      autoSpawn = "0";
      spawnTransform = "0";
      radius = "100";
      dataBlock = "SpawnSphereMarker";
      position = "-280.051941 -199.790115 119.208672";
      scale = "1 1 1";
      rotationMatrix = "-0.721219063 0.691501558 0.0408386737 -0.692180812 -0.721714318 -0.00361044263 0.0269772261 -0.0308716688 0.999159217";
      mode = "Ignore";
      canSave = "1";
      canSaveDynamicFields = "1";
         autoplaceOnSpawn = "0";
         cloneOrigin = "rally_track_standing_spawn";
         Enabled = "1";
   };
   new SpawnSphere(race_track_alternative_standingReverse_spawn) {
      autoSpawn = "0";
      spawnTransform = "0";
      radius = "100";
      dataBlock = "SpawnSphereMarker";
      position = "-78.7023087 -49.1652336 119.455215";
      scale = "1 1 1";
      rotationMatrix = "0.584471762 -0.811414421 0 0.811414421 0.584471762 0 0 0 1";
      mode = "Ignore";
      canSave = "1";
      canSaveDynamicFields = "1";
         autoplaceOnSpawn = "0";
         cloneOrigin = "rally_track_standing_spawn";
         Enabled = "1";
   };
   new SpawnSphere(race_track_alternative_rollingReverse_spawn) {
      autoSpawn = "0";
      spawnTransform = "0";
      radius = "100";
      dataBlock = "SpawnSphereMarker";
      position = "109.542397 -36.4022636 127.019073";
      scale = "1 1 1";
      rotationMatrix = "-0.847462833 -0.530730784 0.0114531843 0.528717875 -0.841921687 0.107818469 -0.0475799106 0.0974276662 0.994104624";
      mode = "Ignore";
      canSave = "1";
      canSaveDynamicFields = "1";
         autoplaceOnSpawn = "0";
         cloneOrigin = "rally_track_standing_spawn";
         Enabled = "1";
   };
};
//--- OBJECT WRITE END ---













