//--- OBJECT WRITE BEGIN ---
$ThisPrefab = new SimGroup() {
   canSave = "1";
   canSaveDynamicFields = "1";
      groupPosition = "0.000000 0.000000 0.000000";

   new TSStatic() {
      shapeName = "levels/rls_west_coast_usa/art/shapes/race/concrete_road_barrier_a.dae";
      playAmbient = "1";
      meshCulling = "0";
      originSort = "0";
      useInstanceRenderData = "0";
      instanceColor = "White";
      collisionType = "Collision Mesh";
      decalType = "Collision Mesh";
      prebuildCollisionData = "0";
      renderNormals = "0";
      forceDetail = "-1";
      position = "56.0909767 -179.738159 124.169868";
      scale = "1 1 1";
      rotationMatrix = "0.947534323 -0.319341332 -0.0141179571 0.319406927 0.947613776 0.00260448037 0.0125466511 -0.00697720796 0.999896944";
      mode = "Ignore";
      canSave = "1";
      canSaveDynamicFields = "1";
   };
   new TSStatic() {
      shapeName = "levels/rls_west_coast_usa/art/shapes/race/concrete_road_barrier_a.dae";
      playAmbient = "1";
      meshCulling = "0";
      originSort = "0";
      useInstanceRenderData = "0";
      instanceColor = "White";
      collisionType = "Collision Mesh";
      decalType = "Collision Mesh";
      prebuildCollisionData = "0";
      renderNormals = "0";
      forceDetail = "-1";
      position = "45.9300766 -166.978149 124.851395";
      scale = "1 1 1";
      rotationMatrix = "0.0997849926 -0.994014442 -0.0444879979 0.99499923 0.0998838544 0 0.0044436343 -0.0442655422 0.999010026";
      mode = "Ignore";
      canSave = "1";
      canSaveDynamicFields = "1";
   };
   new TSStatic() {
      shapeName = "levels/rls_west_coast_usa/art/shapes/race/concrete_road_barrier_a.dae";
      playAmbient = "1";
      meshCulling = "0";
      originSort = "0";
      useInstanceRenderData = "0";
      instanceColor = "White";
      collisionType = "Collision Mesh";
      decalType = "Collision Mesh";
      prebuildCollisionData = "0";
      renderNormals = "0";
      forceDetail = "-1";
      position = "45.5917625 -163.468796 125.013466";
      scale = "1 1 1";
      rotationMatrix = "0.0707512125 -0.996095777 -0.052798491 0.997487068 0.0708500221 0 0.003740774 -0.052665811 0.998605192";
      mode = "Ignore";
      canSave = "1";
      canSaveDynamicFields = "1";
   };
   new TSStatic() {
      shapeName = "levels/rls_west_coast_usa/art/shapes/race/concrete_road_barrier_a.dae";
      playAmbient = "1";
      meshCulling = "0";
      originSort = "0";
      useInstanceRenderData = "0";
      instanceColor = "White";
      collisionType = "Collision Mesh";
      decalType = "Collision Mesh";
      prebuildCollisionData = "0";
      renderNormals = "0";
      forceDetail = "-1";
      position = "45.5099258 -160.044861 125.166641";
      scale = "1 1 1";
      rotationMatrix = "-0.0304975063 -0.999198139 -0.0259457398 0.999534607 -0.0305077769 0 -0.000791546889 -0.0259336717 0.999663293";
      mode = "Ignore";
      canSave = "1";
      canSaveDynamicFields = "1";
   };
   new TSStatic() {
      shapeName = "levels/rls_west_coast_usa/art/shapes/race/concrete_road_barrier_a.dae";
      playAmbient = "1";
      meshCulling = "0";
      originSort = "0";
      useInstanceRenderData = "0";
      instanceColor = "White";
      collisionType = "Collision Mesh";
      decalType = "Collision Mesh";
      prebuildCollisionData = "0";
      renderNormals = "0";
      forceDetail = "-1";
      position = "45.764431 -156.524368 125.314163";
      scale = "1 1 1";
      rotationMatrix = "-0.138833046 -0.989557266 -0.0387487374 0.990301073 -0.138937399 0 -0.00538364891 -0.0383729152 0.999248922";
      mode = "Ignore";
      canSave = "1";
      canSaveDynamicFields = "1";
   };
   new TSStatic() {
      shapeName = "levels/rls_west_coast_usa/art/shapes/race/concrete_road_barrier_a.dae";
      playAmbient = "1";
      meshCulling = "0";
      originSort = "0";
      useInstanceRenderData = "0";
      instanceColor = "White";
      collisionType = "Collision Mesh";
      decalType = "Collision Mesh";
      prebuildCollisionData = "0";
      renderNormals = "0";
      forceDetail = "-1";
      position = "46.4361763 -153.098618 125.542137";
      scale = "1 1 1";
      rotationMatrix = "-0.242893904 -0.966137528 -0.0870697275 0.969820499 -0.243819878 0 -0.0212293286 -0.0844420046 0.99620223";
      mode = "Ignore";
      canSave = "1";
      canSaveDynamicFields = "1";
   };
   new TSStatic() {
      shapeName = "levels/rls_west_coast_usa/art/shapes/race/concrete_road_barrier_a.dae";
      playAmbient = "1";
      meshCulling = "0";
      originSort = "0";
      useInstanceRenderData = "0";
      instanceColor = "White";
      collisionType = "Collision Mesh";
      decalType = "Collision Mesh";
      prebuildCollisionData = "0";
      renderNormals = "0";
      forceDetail = "-1";
      position = "47.2595863 -149.836105 125.719231";
      scale = "1 1 1";
      rotationMatrix = "-0.243799835 -0.969740808 -0.012819971 0.969820499 -0.243819878 0 -0.00312576373 -0.0124330707 0.999917805";
      mode = "Ignore";
      canSave = "1";
      canSaveDynamicFields = "1";
   };
   new TSStatic() {
      shapeName = "levels/rls_west_coast_usa/art/shapes/race/concrete_road_barrier_a.dae";
      playAmbient = "1";
      meshCulling = "0";
      originSort = "0";
      useInstanceRenderData = "0";
      instanceColor = "White";
      collisionType = "Collision Mesh";
      decalType = "Collision Mesh";
      prebuildCollisionData = "0";
      renderNormals = "0";
      forceDetail = "-1";
      position = "46.6245384 -170.3797 124.674652";
      scale = "1 1 1";
      rotationMatrix = "0.274003536 -0.960529387 -0.0480126143 0.961638391 0.274319768 3.62356225e-08 0.0131707937 -0.0461707972 0.998847008";
      mode = "Ignore";
      canSave = "1";
      canSaveDynamicFields = "1";
   };
   new TSStatic() {
      shapeName = "levels/rls_west_coast_usa/art/shapes/race/concrete_road_barrier_a.dae";
      playAmbient = "1";
      meshCulling = "0";
      originSort = "0";
      useInstanceRenderData = "0";
      instanceColor = "White";
      collisionType = "Collision Mesh";
      decalType = "Collision Mesh";
      prebuildCollisionData = "0";
      renderNormals = "0";
      forceDetail = "-1";
      position = "65.0379562 -118.690941 127.554703";
      scale = "1 1 1";
      rotationMatrix = "0.889994562 0.455972016 0 -0.455972016 0.889994562 0 0 0 1";
      mode = "Ignore";
      canSave = "1";
      canSaveDynamicFields = "1";
   };
   new TSStatic() {
      shapeName = "levels/rls_west_coast_usa/art/shapes/race/concrete_road_barrier_b.dae";
      playAmbient = "1";
      meshCulling = "0";
      originSort = "0";
      useInstanceRenderData = "0";
      instanceColor = "White";
      collisionType = "Collision Mesh";
      decalType = "Collision Mesh";
      prebuildCollisionData = "0";
      renderNormals = "0";
      forceDetail = "-1";
      position = "62.1592636 -120.165787 127.554703";
      scale = "1 1 1";
      rotationMatrix = "0.889994562 0.455972016 0 -0.455972016 0.889994562 0 0 0 1";
      mode = "Ignore";
      canSave = "1";
      canSaveDynamicFields = "1";
   };
   new TSStatic() {
      shapeName = "levels/rls_west_coast_usa/art/shapes/race/concrete_road_barrier_a.dae";
      playAmbient = "1";
      meshCulling = "0";
      originSort = "0";
      useInstanceRenderData = "0";
      instanceColor = "White";
      collisionType = "Collision Mesh";
      decalType = "Collision Mesh";
      prebuildCollisionData = "0";
      renderNormals = "0";
      forceDetail = "-1";
      position = "47.9990845 -173.608398 124.47979";
      scale = "1 1 1";
      rotationMatrix = "0.513270438 -0.856882811 -0.0480126515 0.857872069 0.513862967 1.67638063e-08 0.0246719271 -0.0411887392 0.998846948";
      mode = "Ignore";
      canSave = "1";
      canSaveDynamicFields = "1";
   };
   new TSStatic() {
      shapeName = "levels/rls_west_coast_usa/art/shapes/race/concrete_road_barrier_a.dae";
      playAmbient = "1";
      meshCulling = "0";
      originSort = "0";
      useInstanceRenderData = "0";
      instanceColor = "White";
      collisionType = "Collision Mesh";
      decalType = "Collision Mesh";
      prebuildCollisionData = "0";
      renderNormals = "0";
      forceDetail = "-1";
      position = "50.1911354 -176.324982 124.329292";
      scale = "1 1 1";
      rotationMatrix = "0.717347085 -0.694635451 -0.0537975058 0.695642889 0.718387425 0 0.0386474431 -0.0374238566 0.998551667";
      mode = "Ignore";
      canSave = "1";
      canSaveDynamicFields = "1";
   };
   new TSStatic() {
      shapeName = "levels/rls_west_coast_usa/art/shapes/race/concrete_road_barrier_a.dae";
      playAmbient = "1";
      meshCulling = "0";
      originSort = "0";
      useInstanceRenderData = "0";
      instanceColor = "White";
      collisionType = "Collision Mesh";
      decalType = "Collision Mesh";
      prebuildCollisionData = "0";
      renderNormals = "0";
      forceDetail = "-1";
      position = "52.9781761 -178.414444 124.2332";
      scale = "1 1 1";
      rotationMatrix = "0.873864472 -0.485956907 -0.0143561838 0.486007005 0.873954535 1.71129511e-09 0.0125466511 -0.00697720796 0.999896944";
      mode = "Ignore";
      canSave = "1";
      canSaveDynamicFields = "1";
   };
   new TSStatic() {
      shapeName = "levels/rls_west_coast_usa/art/shapes/race/concrete_road_barrier_b.dae";
      playAmbient = "1";
      meshCulling = "0";
      originSort = "0";
      useInstanceRenderData = "0";
      instanceColor = "White";
      collisionType = "Collision Mesh";
      decalType = "Collision Mesh";
      prebuildCollisionData = "0";
      renderNormals = "0";
      forceDetail = "-1";
      position = "59.4626312 -180.717972 124.140907";
      scale = "1 1 1";
      rotationMatrix = "-0.969437242 0.243118569 0.0329335704 -0.243250385 -0.969963431 -6.16926155e-09 0.0319443531 -0.0080111064 0.999457836";
      mode = "Ignore";
      canSave = "1";
      canSaveDynamicFields = "1";
   };
   new TSStatic() {
      shapeName = "levels/rls_west_coast_usa/art/shapes/race/concrete_road_barrier_b.dae";
      playAmbient = "1";
      meshCulling = "0";
      originSort = "0";
      useInstanceRenderData = "0";
      instanceColor = "White";
      collisionType = "Collision Mesh";
      decalType = "Collision Mesh";
      prebuildCollisionData = "0";
      renderNormals = "0";
      forceDetail = "-1";
      position = "730.240845 -128.680328 146.655533";
      scale = "1 1 1";
      rotationMatrix = "0.576848865 -0.816850603 0 0.816850603 0.576848865 0 0 0 1";
      mode = "Ignore";
      canSave = "1";
      canSaveDynamicFields = "1";
   };
   new TSStatic() {
      shapeName = "levels/rls_west_coast_usa/art/shapes/race/concrete_road_barrier_b.dae";
      playAmbient = "1";
      meshCulling = "0";
      originSort = "0";
      useInstanceRenderData = "0";
      instanceColor = "White";
      collisionType = "Collision Mesh";
      decalType = "Collision Mesh";
      prebuildCollisionData = "0";
      renderNormals = "0";
      forceDetail = "-1";
      position = "812.740601 375.416473 153.96228";
      scale = "1 1 1";
      rotationMatrix = "0.264018089 -0.96136111 0.0779684931 0.964296699 0.264824241 0 -0.0206479505 0.0751847774 0.996955812";
      mode = "Ignore";
      canSave = "1";
      canSaveDynamicFields = "1";
   };
   new TSStatic() {
      shapeName = "levels/rls_west_coast_usa/art/shapes/race/concrete_road_barrier_a.dae";
      playAmbient = "1";
      meshCulling = "0";
      originSort = "0";
      useInstanceRenderData = "0";
      instanceColor = "White";
      collisionType = "Collision Mesh";
      decalType = "Collision Mesh";
      prebuildCollisionData = "0";
      renderNormals = "0";
      forceDetail = "-1";
      position = "813.597717 372.301605 154.201385";
      scale = "1 1 1";
      rotationMatrix = "0.264090747 -0.961625874 0.0743743628 0.964296699 0.264824241 0 -0.0196961388 0.071718961 0.997230291";
      mode = "Ignore";
      canSave = "1";
      canSaveDynamicFields = "1";
   };
   new TSStatic() {
      shapeName = "levels/rls_west_coast_usa/art/shapes/race/concrete_road_barrier_a.dae";
      playAmbient = "1";
      meshCulling = "0";
      originSort = "0";
      useInstanceRenderData = "0";
      instanceColor = "White";
      collisionType = "Collision Mesh";
      decalType = "Collision Mesh";
      prebuildCollisionData = "0";
      renderNormals = "0";
      forceDetail = "-1";
      position = "814.453674 369.202545 154.391037";
      scale = "1 1 1";
      rotationMatrix = "0.264456928 -0.962958872 0.0526574925 0.964296699 0.264824241 0 -0.0139449788 0.0507774279 0.998612761";
      mode = "Ignore";
      canSave = "1";
      canSaveDynamicFields = "1";
   };
   new TSStatic() {
      shapeName = "levels/rls_west_coast_usa/art/shapes/race/concrete_road_barrier_a.dae";
      playAmbient = "1";
      meshCulling = "0";
      originSort = "0";
      useInstanceRenderData = "0";
      instanceColor = "White";
      collisionType = "Collision Mesh";
      decalType = "Collision Mesh";
      prebuildCollisionData = "0";
      renderNormals = "0";
      forceDetail = "-1";
      position = "815.316284 366.056793 154.544525";
      scale = "1 1 1";
      rotationMatrix = "0.264754593 -0.964043081 0.0229458101 0.964296699 0.264824241 0 -0.00607660506 0.0221265592 0.999736786";
      mode = "Ignore";
      canSave = "1";
      canSaveDynamicFields = "1";
   };
   new TSStatic() {
      shapeName = "levels/rls_west_coast_usa/art/shapes/race/concrete_road_barrier_b.dae";
      playAmbient = "1";
      meshCulling = "0";
      originSort = "0";
      useInstanceRenderData = "0";
      instanceColor = "White";
      collisionType = "Collision Mesh";
      decalType = "Collision Mesh";
      prebuildCollisionData = "0";
      renderNormals = "0";
      forceDetail = "-1";
      position = "816.162354 362.945709 154.660797";
      scale = "1 1 1";
      rotationMatrix = "-0.264761388 0.964068234 -0.0217694659 -0.964296699 -0.264824122 0 -0.00576508464 0.0209922381 0.99976325";
      mode = "Ignore";
      canSave = "1";
      canSaveDynamicFields = "1";
   };
   new TSStatic() {
      shapeName = "levels/rls_west_coast_usa/art/shapes/race/concrete_road_barrier_b.dae";
      playAmbient = "1";
      meshCulling = "0";
      originSort = "0";
      useInstanceRenderData = "0";
      instanceColor = "White";
      collisionType = "Collision Mesh";
      decalType = "Collision Mesh";
      prebuildCollisionData = "0";
      renderNormals = "0";
      forceDetail = "-1";
      position = "73.6715927 -114.267662 127.554703";
      scale = "1 1 1";
      rotationMatrix = "-0.889994502 -0.455971926 0 0.455971926 -0.889994502 0 0 0 1";
      mode = "Ignore";
      canSave = "1";
      canSaveDynamicFields = "1";
   };
   new TSStatic() {
      shapeName = "levels/rls_west_coast_usa/art/shapes/race/concrete_road_barrier_a.dae";
      playAmbient = "1";
      meshCulling = "0";
      originSort = "0";
      useInstanceRenderData = "0";
      instanceColor = "White";
      collisionType = "Collision Mesh";
      decalType = "Collision Mesh";
      prebuildCollisionData = "0";
      renderNormals = "0";
      forceDetail = "-1";
      position = "70.807724 -115.734909 127.554703";
      scale = "1 1 1";
      rotationMatrix = "0.889994562 0.455972016 0 -0.455972016 0.889994562 0 0 0 1";
      mode = "Ignore";
      canSave = "1";
      canSaveDynamicFields = "1";
   };
   new TSStatic() {
      shapeName = "levels/rls_west_coast_usa/art/shapes/race/concrete_road_barrier_a.dae";
      playAmbient = "1";
      meshCulling = "0";
      originSort = "0";
      useInstanceRenderData = "0";
      instanceColor = "White";
      collisionType = "Collision Mesh";
      decalType = "Collision Mesh";
      prebuildCollisionData = "0";
      renderNormals = "0";
      forceDetail = "-1";
      position = "67.905983 -117.221558 127.554703";
      scale = "1 1 1";
      rotationMatrix = "0.889994562 0.455972016 0 -0.455972016 0.889994562 0 0 0 1";
      mode = "Ignore";
      canSave = "1";
      canSaveDynamicFields = "1";
   };
   new TSStatic() {
      shapeName = "levels/rls_west_coast_usa/art/shapes/race/concrete_road_barrier_b.dae";
      playAmbient = "1";
      meshCulling = "0";
      originSort = "0";
      useInstanceRenderData = "0";
      instanceColor = "White";
      collisionType = "Collision Mesh";
      decalType = "Collision Mesh";
      prebuildCollisionData = "0";
      renderNormals = "0";
      forceDetail = "-1";
      position = "732.09552 -131.306686 146.655533";
      scale = "1 1 1";
      rotationMatrix = "-0.576848745 0.816850483 0 -0.816850483 -0.576848745 0 0 0 1";
      mode = "Ignore";
      canSave = "1";
      canSaveDynamicFields = "1";
   };
   new TSStatic() {
      shapeName = "levels/rls_west_coast_usa/art/shapes/race/concrete_road_barrier_b.dae";
      playAmbient = "1";
      meshCulling = "0";
      originSort = "0";
      useInstanceRenderData = "0";
      instanceColor = "White";
      collisionType = "Collision Mesh";
      decalType = "Collision Mesh";
      prebuildCollisionData = "0";
      renderNormals = "0";
      forceDetail = "-1";
      position = "285.07135 -230.744034 141.548401";
      scale = "1 1 1";
      rotationMatrix = "0.160542101 0.987029016 0 -0.987029016 0.160542101 0 0 0 1";
      mode = "Ignore";
      canSave = "1";
      canSaveDynamicFields = "1";
   };
   new TSStatic() {
      shapeName = "levels/rls_west_coast_usa/art/shapes/race/concrete_road_barrier_b.dae";
      playAmbient = "1";
      meshCulling = "0";
      originSort = "0";
      useInstanceRenderData = "0";
      instanceColor = "White";
      collisionType = "Collision Mesh";
      decalType = "Collision Mesh";
      prebuildCollisionData = "0";
      renderNormals = "0";
      forceDetail = "-1";
      position = "285.587463 -227.570541 141.548401";
      scale = "1 1 1";
      rotationMatrix = "-0.160541534 -0.987029076 0 0.987029076 -0.160541534 0 0 0 1";
      mode = "Ignore";
      canSave = "1";
      canSaveDynamicFields = "1";
   };
   new SpawnSphere(race_track_short_rollingReverse_spawn) {
      autoSpawn = "0";
      spawnTransform = "0";
      radius = "100";
      dataBlock = "SpawnSphereMarker";
      position = "85.9610672 -117.589218 127.584702";
      scale = "1 1 1";
      rotationMatrix = "0.412454545 -0.910978079 0 0.910978079 0.412454545 0 0 0 1";
      mode = "Ignore";
      canSave = "1";
      canSaveDynamicFields = "1";
         autoplaceOnSpawn = "0";
         cloneOrigin = "rally_track_standing_spawn";
         enabled = "1";
   };
   new SpawnSphere(race_track_short_standingReverse_spawn) {
      autoSpawn = "0";
      spawnTransform = "0";
      radius = "100";
      dataBlock = "SpawnSphereMarker";
      position = "388.980011 -251.850006 145.679993";
      scale = "1 1 1";
      rotationMatrix = "-0.0348994732 0.999390841 0 -0.999390841 -0.0348994732 0 0 0 1";
      mode = "Ignore";
      canSave = "1";
      canSaveDynamicFields = "1";
         autoplaceOnSpawn = "0";
         cloneOrigin = "rally_track_standing_spawn";
         enabled = "1";
   };
   new SpawnSphere(race_track_short_rolling_spawn) {
      autoSpawn = "0";
      spawnTransform = "0";
      radius = "100";
      dataBlock = "SpawnSphereMarker";
      position = "678.359985 -204.360001 147.158005";
      scale = "1 1 1";
      rotationMatrix = "0.999390841 0.0348994993 0 -0.0348994993 0.999390841 0 0 0 1";
      mode = "Ignore";
      canSave = "1";
      canSaveDynamicFields = "1";
         autoplaceOnSpawn = "0";
         cloneOrigin = "rally_track_standing_spawn";
         enabled = "1";
   };
   new SpawnSphere(race_track_short_standing_spawn) {
      autoSpawn = "0";
      spawnTransform = "0";
      radius = "100";
      dataBlock = "SpawnSphereMarker";
      position = "395.149994 -247.720001 145.699997";
      scale = "1 1 1";
      rotationMatrix = "0.0348994136 -0.999390781 0 0.999390781 0.0348994136 0 0 0 1";
      mode = "Ignore";
      canSave = "1";
      canSaveDynamicFields = "1";
         autoplaceOnSpawn = "0";
         enabled = "1";
   };
   new BeamNGWaypoint(Checkpoint_finish) {
      drawDebug = "0";
      directionalWaypoint = "0";
      position = "391.869995 -252.528 144.863998";
      scale = "12 12 12";
      rotationMatrix = "1 0 0 0 1 0 0 0 1";
      mode = "Ignore";
      canSave = "1";
      canSaveDynamicFields = "1";
         cloneOrigin = "Checkpoint_19";
   };
   new BeamNGWaypoint(Checkpoint_1) {
      drawDebug = "0";
      directionalWaypoint = "0";
      position = "57.8751984 -151.00412 125.244324";
      scale = "9.59080601 9.59080601 8";
      rotationMatrix = "1 0 0 0 1 0 0 0 1";
      mode = "Ignore";
      canSave = "1";
      canSaveDynamicFields = "1";
         cloneOrigin = "Checkpoint_19";
   };
   new BeamNGWaypoint(Checkpoint_2) {
      drawDebug = "0";
      directionalWaypoint = "0";
      position = "284.322327 -85.4033127 131.563583";
      scale = "10.5002909 10.5002909 8";
      rotationMatrix = "0.972125173 -0.234462067 0 0.234462067 0.972125173 0 0 0 1";
      mode = "Ignore";
      canSave = "1";
      canSaveDynamicFields = "1";
         cloneOrigin = "Checkpoint_19";
   };
   new BeamNGWaypoint(Checkpoint_3) {
      drawDebug = "0";
      directionalWaypoint = "0";
      position = "479.937103 -1.79335546 139.171448";
      scale = "9.92553806 9.92553806 8";
      rotationMatrix = "0.996893108 -0.0787651464 0 0.0787651464 0.996893108 0 0 0 1";
      mode = "Ignore";
      canSave = "1";
      canSaveDynamicFields = "1";
         cloneOrigin = "Checkpoint_19";
   };
   new BeamNGWaypoint(Checkpoint_4) {
      drawDebug = "0";
      directionalWaypoint = "0";
      position = "585.675537 173.726166 147.136383";
      scale = "9.62891006 9.62891006 8";
      rotationMatrix = "1 0 0 0 1 0 0 0 1";
      mode = "Ignore";
      canSave = "1";
      canSaveDynamicFields = "1";
         cloneOrigin = "Checkpoint_19";
   };
   new BeamNGWaypoint(Checkpoint_5) {
      drawDebug = "0";
      directionalWaypoint = "0";
      position = "702.619568 127.857376 149.058701";
      scale = "9.29918957 9.29918957 8";
      rotationMatrix = "1 0 0 0 1 0 0 0 1";
      mode = "Ignore";
      canSave = "1";
      canSaveDynamicFields = "1";
         cloneOrigin = "Checkpoint_19";
   };
   new BeamNGWaypoint(Checkpoint_6) {
      drawDebug = "0";
      directionalWaypoint = "0";
      position = "744.236938 419.053192 152.854599";
      scale = "8.79900551 8.79900551 8";
      rotationMatrix = "1 0 0 0 1 0 0 0 1";
      mode = "Ignore";
      canSave = "1";
      canSaveDynamicFields = "1";
         cloneOrigin = "Checkpoint_19";
   };
   new BeamNGWaypoint(Checkpoint_7) {
      drawDebug = "0";
      directionalWaypoint = "0";
      position = "785.001465 315.282013 158.835052";
      scale = "8.71223164 8.71223164 7";
      rotationMatrix = "0.922187805 -0.386742592 0 0.386742592 0.922187805 0 0 0 1";
      mode = "Ignore";
      canSave = "1";
      canSaveDynamicFields = "1";
         cloneOrigin = "Checkpoint_19";
   };
   new BeamNGWaypoint(Checkpoint_8) {
      drawDebug = "0";
      directionalWaypoint = "0";
      position = "870.809937 164.85144 158.944214";
      scale = "9.15795135 9.15795135 8";
      rotationMatrix = "0.852034032 -0.523487031 0 0.523487031 0.852034032 0 0 0 1";
      mode = "Ignore";
      canSave = "1";
      canSaveDynamicFields = "1";
         cloneOrigin = "Checkpoint_19";
   };
   new BeamNGWaypoint(Checkpoint_9) {
      drawDebug = "0";
      directionalWaypoint = "0";
      position = "847.244263 117.853043 148.892365";
      scale = "10.9868183 10.9868183 8";
      rotationMatrix = "0.813610911 -0.581409693 0 0.581409693 0.813610911 0 0 0 1";
      mode = "Ignore";
      canSave = "1";
      canSaveDynamicFields = "1";
         cloneOrigin = "Checkpoint_19";
   };
   new BeamNGWaypoint(Checkpoint_10) {
      drawDebug = "0";
      directionalWaypoint = "0";
      position = "730.345581 -146.08316 146.686157";
      scale = "8 8 8";
      rotationMatrix = "1 0 0 0 1 0 0 0 1";
      mode = "Ignore";
      canSave = "1";
      canSaveDynamicFields = "1";
         cloneOrigin = "Checkpoint_19";
   };
   new BeamNGWaypoint(Checkpoint_11) {
      drawDebug = "0";
      directionalWaypoint = "0";
      position = "673.450867 -239.337326 146.654755";
      scale = "9.62889576 9.62889576 8";
      rotationMatrix = "1 0 0 0 1 0 0 0 1";
      mode = "Ignore";
      canSave = "1";
      canSaveDynamicFields = "1";
         cloneOrigin = "Checkpoint_19";
   };
};
//--- OBJECT WRITE END ---




