//--- OBJECT WRITE BEGIN ---
$ThisPrefab = new SimGroup() {
   order_simset = "0";
   canSave = "1";
   canSaveDynamicFields = "1";
      groupPosition = "0 0 0";

   new TSStatic() {
      shapeName = "/levels/west_coast_usa/art/shapes/objects/constructionbarrier_arrows.dae";
      dynamic = "0";
      playAmbient = "1";
      meshCulling = "0";
      originSort = "0";
      useInstanceRenderData = "1";
      instanceColor = "White";
      collisionType = "Collision Mesh";
      decalType = "Collision Mesh";
      prebuildCollisionData = "0";
      renderNormals = "0";
      forceDetail = "-1";
      position = "-928.808044 658.16333 112.033157";
      scale = "1 1 1";
      rotationMatrix = "0.866025209 -0.500000119 0 0.500000119 0.866025209 0 0 0 1";
      isRenderEnabled = "false";
      mode = "Ignore";
      order_simset = "0";
      canSave = "1";
      canSaveDynamicFields = "1";
   };
   new TSStatic() {
      shapeName = "/levels/west_coast_usa/art/shapes/objects/constructionbarrier_arrows.dae";
      dynamic = "0";
      playAmbient = "1";
      meshCulling = "0";
      originSort = "0";
      useInstanceRenderData = "1";
      instanceColor = "White";
      collisionType = "Collision Mesh";
      decalType = "Collision Mesh";
      prebuildCollisionData = "0";
      renderNormals = "0";
      forceDetail = "-1";
      position = "-927.868469 659.79071 112.033157";
      scale = "1 1 1";
      rotationMatrix = "0.866025209 -0.500000119 0 0.500000119 0.866025209 0 0 0 1";
      isRenderEnabled = "false";
      mode = "Ignore";
      order_simset = "0";
      canSave = "1";
      canSaveDynamicFields = "1";
   };
   new TSStatic() {
      shapeName = "/levels/west_coast_usa/art/shapes/objects/constructionbarrier_arrows.dae";
      dynamic = "0";
      playAmbient = "1";
      meshCulling = "0";
      originSort = "0";
      useInstanceRenderData = "1";
      instanceColor = "White";
      collisionType = "Collision Mesh";
      decalType = "Collision Mesh";
      prebuildCollisionData = "0";
      renderNormals = "0";
      forceDetail = "-1";
      position = "-926.837402 661.325562 112.033157";
      scale = "1 1 1";
      rotationMatrix = "0.79335314 -0.608761609 0 0.608761609 0.79335314 0 0 0 1";
      isRenderEnabled = "false";
      mode = "Ignore";
      order_simset = "0";
      canSave = "1";
      canSaveDynamicFields = "1";
   };
   new TSStatic() {
      shapeName = "/levels/west_coast_usa/art/shapes/objects/constructionbarrier_arrows.dae";
      dynamic = "0";
      playAmbient = "1";
      meshCulling = "0";
      originSort = "0";
      useInstanceRenderData = "1";
      instanceColor = "White";
      collisionType = "Collision Mesh";
      decalType = "Collision Mesh";
      prebuildCollisionData = "0";
      renderNormals = "0";
      forceDetail = "-1";
      position = "-902.152832 665.768311 111.75666";
      scale = "1 1 1";
      rotationMatrix = "-3.2584137e-07 -1 0 0.999227583 -3.25589752e-07 -0.0392856374 0.0392856374 -1.28008857e-08 0.999227583";
      isRenderEnabled = "false";
      mode = "Ignore";
      order_simset = "0";
      canSave = "1";
      canSaveDynamicFields = "1";
   };
   new TSStatic() {
      shapeName = "/levels/west_coast_usa/art/shapes/objects/constructionbarrier_arrows.dae";
      dynamic = "0";
      playAmbient = "1";
      meshCulling = "0";
      originSort = "0";
      useInstanceRenderData = "1";
      instanceColor = "White";
      collisionType = "Collision Mesh";
      decalType = "Collision Mesh";
      prebuildCollisionData = "0";
      renderNormals = "0";
      forceDetail = "-1";
      position = "-904.008789 665.768311 111.831734";
      scale = "1 1 1";
      rotationMatrix = "-3.2584137e-07 -1 0 0.999227583 -3.25589752e-07 -0.0392856374 0.0392856374 -1.28008857e-08 0.999227583";
      isRenderEnabled = "false";
      mode = "Ignore";
      order_simset = "0";
      canSave = "1";
      canSaveDynamicFields = "1";
   };
   new TSStatic() {
      shapeName = "/levels/west_coast_usa/art/shapes/objects/constructionbarrier_arrows.dae";
      dynamic = "0";
      playAmbient = "1";
      meshCulling = "0";
      originSort = "0";
      useInstanceRenderData = "1";
      instanceColor = "White";
      collisionType = "Collision Mesh";
      decalType = "Collision Mesh";
      prebuildCollisionData = "0";
      renderNormals = "0";
      forceDetail = "-1";
      position = "-905.877625 665.768311 111.907562";
      scale = "1 1 1";
      rotationMatrix = "-3.2584137e-07 -1 0 0.998999953 -3.25515572e-07 -0.0447054692 0.0447054692 -1.45668926e-08 0.998999953";
      isRenderEnabled = "false";
      mode = "Ignore";
      order_simset = "0";
      canSave = "1";
      canSaveDynamicFields = "1";
   };
   new TSStatic() {
      shapeName = "/levels/west_coast_usa/art/shapes/objects/constructionbarrier_arrows.dae";
      dynamic = "0";
      playAmbient = "1";
      meshCulling = "0";
      originSort = "0";
      useInstanceRenderData = "1";
      instanceColor = "White";
      collisionType = "Collision Mesh";
      decalType = "Collision Mesh";
      prebuildCollisionData = "0";
      renderNormals = "0";
      forceDetail = "-1";
      position = "-907.737976 665.768311 111.96434";
      scale = "1 1 1";
      rotationMatrix = "-3.2584137e-07 -1 0 0.999457836 -3.25664757e-07 -0.0329195485 0.0329195485 -1.07265521e-08 0.999457836";
      isRenderEnabled = "false";
      mode = "Ignore";
      order_simset = "0";
      canSave = "1";
      canSaveDynamicFields = "1";
   };
   new TSStatic() {
      shapeName = "/levels/west_coast_usa/art/shapes/objects/constructionbarrier_arrows.dae";
      dynamic = "0";
      playAmbient = "1";
      meshCulling = "0";
      originSort = "0";
      useInstanceRenderData = "1";
      instanceColor = "White";
      collisionType = "Collision Mesh";
      decalType = "Collision Mesh";
      prebuildCollisionData = "0";
      renderNormals = "0";
      forceDetail = "-1";
      position = "-909.590027 665.768311 111.988297";
      scale = "1 1 1";
      rotationMatrix = "-3.2584137e-07 -1 0 0.999990106 -3.25838187e-07 -0.00441216957 0.00441216957 -1.43766776e-09 0.999990106";
      isRenderEnabled = "false";
      mode = "Ignore";
      order_simset = "0";
      canSave = "1";
      canSaveDynamicFields = "1";
   };
   new TSStatic() {
      shapeName = "/levels/west_coast_usa/art/shapes/objects/constructionbarrier_arrows.dae";
      dynamic = "0";
      playAmbient = "1";
      meshCulling = "0";
      originSort = "0";
      useInstanceRenderData = "1";
      instanceColor = "White";
      collisionType = "Collision Mesh";
      decalType = "Collision Mesh";
      prebuildCollisionData = "0";
      renderNormals = "0";
      forceDetail = "-1";
      position = "-911.438171 665.768311 111.996452";
      scale = "1 1 1";
      rotationMatrix = "-3.2584137e-07 -1 0 0.999990106 -3.25838187e-07 -0.00441216957 0.00441216957 -1.43766776e-09 0.999990106";
      isRenderEnabled = "false";
      mode = "Ignore";
      order_simset = "0";
      canSave = "1";
      canSaveDynamicFields = "1";
   };
   new TSStatic() {
      shapeName = "/levels/west_coast_usa/art/shapes/objects/constructionbarrier_arrows.dae";
      dynamic = "0";
      playAmbient = "1";
      meshCulling = "0";
      originSort = "0";
      useInstanceRenderData = "1";
      instanceColor = "White";
      collisionType = "Collision Mesh";
      decalType = "Collision Mesh";
      prebuildCollisionData = "0";
      renderNormals = "0";
      forceDetail = "-1";
      position = "-913.288269 665.768311 112.004616";
      scale = "1 1 1";
      rotationMatrix = "-3.2584137e-07 -1 0 0.999990106 -3.25838187e-07 -0.00441216957 0.00441216957 -1.43766776e-09 0.999990106";
      isRenderEnabled = "false";
      mode = "Ignore";
      order_simset = "0";
      canSave = "1";
      canSaveDynamicFields = "1";
   };
   new TSStatic() {
      shapeName = "/levels/west_coast_usa/art/shapes/objects/constructionbarrier_arrows.dae";
      dynamic = "0";
      playAmbient = "1";
      meshCulling = "0";
      originSort = "0";
      useInstanceRenderData = "1";
      instanceColor = "White";
      collisionType = "Collision Mesh";
      decalType = "Collision Mesh";
      prebuildCollisionData = "0";
      renderNormals = "0";
      forceDetail = "-1";
      position = "-925.587341 662.743164 112.033157";
      scale = "1 1 1";
      rotationMatrix = "0.707106531 -0.707106948 0 0.707106948 0.707106531 0 0 0 1";
      isRenderEnabled = "false";
      mode = "Ignore";
      order_simset = "0";
      canSave = "1";
      canSaveDynamicFields = "1";
   };
   new TSStatic() {
      shapeName = "/levels/west_coast_usa/art/shapes/objects/constructionbarrier_arrows.dae";
      dynamic = "0";
      playAmbient = "1";
      meshCulling = "0";
      originSort = "0";
      useInstanceRenderData = "1";
      instanceColor = "White";
      collisionType = "Collision Mesh";
      decalType = "Collision Mesh";
      prebuildCollisionData = "0";
      renderNormals = "0";
      forceDetail = "-1";
      position = "-924.095886 663.883118 112.033157";
      scale = "1 1 1";
      rotationMatrix = "0.499999702 -0.866025507 0 0.866025507 0.499999702 0 0 0 1";
      isRenderEnabled = "false";
      mode = "Ignore";
      order_simset = "0";
      canSave = "1";
      canSaveDynamicFields = "1";
   };
   new TSStatic() {
      shapeName = "/levels/west_coast_usa/art/shapes/objects/constructionbarrier_arrows.dae";
      dynamic = "0";
      playAmbient = "1";
      meshCulling = "0";
      originSort = "0";
      useInstanceRenderData = "1";
      instanceColor = "White";
      collisionType = "Collision Mesh";
      decalType = "Collision Mesh";
      prebuildCollisionData = "0";
      renderNormals = "0";
      forceDetail = "-1";
      position = "-922.427185 664.7005 112.033157";
      scale = "1 1 1";
      rotationMatrix = "0.382683158 -0.923879623 0 0.923879623 0.382683158 0 0 0 1";
      isRenderEnabled = "false";
      mode = "Ignore";
      order_simset = "0";
      canSave = "1";
      canSaveDynamicFields = "1";
   };
   new TSStatic() {
      shapeName = "/levels/west_coast_usa/art/shapes/objects/constructionbarrier_arrows.dae";
      dynamic = "0";
      playAmbient = "1";
      meshCulling = "0";
      originSort = "0";
      useInstanceRenderData = "1";
      instanceColor = "White";
      collisionType = "Collision Mesh";
      decalType = "Collision Mesh";
      prebuildCollisionData = "0";
      renderNormals = "0";
      forceDetail = "-1";
      position = "-920.680542 665.289856 112.033157";
      scale = "1 1 1";
      rotationMatrix = "0.258818746 -0.965925872 0 0.965925872 0.258818746 0 0 0 1";
      isRenderEnabled = "false";
      mode = "Ignore";
      order_simset = "0";
      canSave = "1";
      canSaveDynamicFields = "1";
   };
   new TSStatic() {
      shapeName = "/levels/west_coast_usa/art/shapes/objects/constructionbarrier_arrows.dae";
      dynamic = "0";
      playAmbient = "1";
      meshCulling = "0";
      originSort = "0";
      useInstanceRenderData = "1";
      instanceColor = "White";
      collisionType = "Collision Mesh";
      decalType = "Collision Mesh";
      prebuildCollisionData = "0";
      renderNormals = "0";
      forceDetail = "-1";
      position = "-918.853638 665.649353 112.033157";
      scale = "1 1 1";
      rotationMatrix = "0.130525887 -0.991444886 0 0.991444886 0.130525887 0 0 0 1";
      isRenderEnabled = "false";
      mode = "Ignore";
      order_simset = "0";
      canSave = "1";
      canSaveDynamicFields = "1";
   };
   new TSStatic() {
      shapeName = "/levels/west_coast_usa/art/shapes/objects/constructionbarrier_arrows.dae";
      dynamic = "0";
      playAmbient = "1";
      meshCulling = "0";
      originSort = "0";
      useInstanceRenderData = "1";
      instanceColor = "White";
      collisionType = "Collision Mesh";
      decalType = "Collision Mesh";
      prebuildCollisionData = "0";
      renderNormals = "0";
      forceDetail = "-1";
      position = "-916.98999 665.768311 112.033157";
      scale = "1 1 1";
      rotationMatrix = "-3.2584137e-07 -1 0 1 -3.2584137e-07 0 0 0 1";
      isRenderEnabled = "false";
      mode = "Ignore";
      order_simset = "0";
      canSave = "1";
      canSaveDynamicFields = "1";
   };
   new TSStatic() {
      shapeName = "/levels/west_coast_usa/art/shapes/objects/constructionbarrier_arrows.dae";
      dynamic = "0";
      playAmbient = "1";
      meshCulling = "0";
      originSort = "0";
      useInstanceRenderData = "1";
      instanceColor = "White";
      collisionType = "Collision Mesh";
      decalType = "Collision Mesh";
      prebuildCollisionData = "0";
      renderNormals = "0";
      forceDetail = "-1";
      position = "-915.145142 665.768311 112.016441";
      scale = "1 1 1";
      rotationMatrix = "-3.2584137e-07 -1 0 0.999913871 -3.25813318e-07 -0.0131201679 0.0131201679 -4.27509361e-09 0.999913871";
      isRenderEnabled = "false";
      mode = "Ignore";
      order_simset = "0";
      canSave = "1";
      canSaveDynamicFields = "1";
   };
   new TSStatic() {
      shapeName = "/levels/west_coast_usa/art/shapes/objects/constructionbarrier_arrows.dae";
      dynamic = "0";
      playAmbient = "1";
      meshCulling = "0";
      originSort = "0";
      useInstanceRenderData = "1";
      instanceColor = "White";
      collisionType = "Collision Mesh";
      decalType = "Collision Mesh";
      prebuildCollisionData = "0";
      renderNormals = "0";
      forceDetail = "-1";
      position = "-911.952576 560.50238 131.938248";
      scale = "1 1 1";
      rotationMatrix = "0.866025329 -0.50000006 0 0.50000006 0.866025329 0 0 0 1";
      isRenderEnabled = "false";
      mode = "Ignore";
      order_simset = "745829744";
      canSave = "1";
      canSaveDynamicFields = "1";
   };
   new TSStatic() {
      shapeName = "/levels/west_coast_usa/art/shapes/objects/constructionbarrier_arrows.dae";
      dynamic = "0";
      playAmbient = "1";
      meshCulling = "0";
      originSort = "0";
      useInstanceRenderData = "1";
      instanceColor = "White";
      collisionType = "Collision Mesh";
      decalType = "Collision Mesh";
      prebuildCollisionData = "0";
      renderNormals = "0";
      forceDetail = "-1";
      position = "-912.401917 558.748169 131.938248";
      scale = "1 1 1";
      rotationMatrix = "1 0 0 0 1 0 0 0 1";
      isRenderEnabled = "false";
      mode = "Ignore";
      order_simset = "745829744";
      canSave = "1";
      canSaveDynamicFields = "1";
   };
   new TSStatic() {
      shapeName = "/levels/west_coast_usa/art/shapes/objects/constructionbarrier_arrows.dae";
      dynamic = "0";
      playAmbient = "1";
      meshCulling = "0";
      originSort = "0";
      useInstanceRenderData = "1";
      instanceColor = "White";
      collisionType = "Collision Mesh";
      decalType = "Collision Mesh";
      prebuildCollisionData = "0";
      renderNormals = "0";
      forceDetail = "-1";
      position = "-912.401917 556.914612 131.938248";
      scale = "1 1 1";
      rotationMatrix = "1 0 0 0 1 0 0 0 1";
      isRenderEnabled = "false";
      mode = "Ignore";
      order_simset = "745829744";
      canSave = "1";
      canSaveDynamicFields = "1";
   };
   new TSStatic() {
      shapeName = "/levels/west_coast_usa/art/shapes/objects/constructionbarrier_arrows.dae";
      dynamic = "0";
      playAmbient = "1";
      meshCulling = "0";
      originSort = "0";
      useInstanceRenderData = "1";
      instanceColor = "White";
      collisionType = "Collision Mesh";
      decalType = "Collision Mesh";
      prebuildCollisionData = "0";
      renderNormals = "0";
      forceDetail = "-1";
      position = "-912.401917 555.06189 131.938248";
      scale = "1 1 1";
      rotationMatrix = "1 0 0 0 1 0 0 0 1";
      isRenderEnabled = "false";
      mode = "Ignore";
      order_simset = "745829744";
      canSave = "1";
      canSaveDynamicFields = "1";
   };
   new TSStatic() {
      shapeName = "/levels/west_coast_usa/art/shapes/objects/constructionbarrier_arrows.dae";
      dynamic = "0";
      playAmbient = "1";
      meshCulling = "0";
      originSort = "0";
      useInstanceRenderData = "1";
      instanceColor = "White";
      collisionType = "Collision Mesh";
      decalType = "Collision Mesh";
      prebuildCollisionData = "0";
      renderNormals = "0";
      forceDetail = "-1";
      position = "-912.401917 553.212585 131.938248";
      scale = "1 1 1";
      rotationMatrix = "1 0 0 0 1 0 0 0 1";
      isRenderEnabled = "false";
      mode = "Ignore";
      order_simset = "745829744";
      canSave = "1";
      canSaveDynamicFields = "1";
   };
   new TSStatic() {
      shapeName = "/levels/west_coast_usa/art/shapes/objects/constructionbarrier_arrows.dae";
      dynamic = "0";
      playAmbient = "1";
      meshCulling = "0";
      originSort = "0";
      useInstanceRenderData = "1";
      instanceColor = "White";
      collisionType = "Collision Mesh";
      decalType = "Collision Mesh";
      prebuildCollisionData = "0";
      renderNormals = "0";
      forceDetail = "-1";
      position = "-912.049255 549.570007 131.938248";
      scale = "1 1 1";
      rotationMatrix = "0.923879504 0.382683486 0 -0.382683486 0.923879504 0 0 0 1";
      isRenderEnabled = "false";
      mode = "Ignore";
      order_simset = "745829744";
      canSave = "1";
      canSaveDynamicFields = "1";
   };
   new TSStatic() {
      shapeName = "/levels/west_coast_usa/art/shapes/objects/constructionbarrier_arrows.dae";
      dynamic = "0";
      playAmbient = "1";
      meshCulling = "0";
      originSort = "0";
      useInstanceRenderData = "1";
      instanceColor = "White";
      collisionType = "Collision Mesh";
      decalType = "Collision Mesh";
      prebuildCollisionData = "0";
      renderNormals = "0";
      forceDetail = "-1";
      position = "-912.401917 551.35199 131.938248";
      scale = "1 1 1";
      rotationMatrix = "1 0 0 0 1 0 0 0 1";
      isRenderEnabled = "false";
      mode = "Ignore";
      order_simset = "745829744";
      canSave = "1";
      canSaveDynamicFields = "1";
   };
   new TSStatic() {
      shapeName = "/levels/west_coast_usa/art/shapes/objects/constructionbarrier_arrows.dae";
      dynamic = "0";
      playAmbient = "1";
      meshCulling = "0";
      originSort = "0";
      useInstanceRenderData = "1";
      instanceColor = "White";
      collisionType = "Collision Mesh";
      decalType = "Collision Mesh";
      prebuildCollisionData = "0";
      renderNormals = "0";
      forceDetail = "-1";
      position = "-928.091614 560.332214 131.92453";
      scale = "1 1 1";
      rotationMatrix = "0.866025329 0.499995887 -0.00203543575 -0.50000006 0.866018116 -0.00352547737 0 0.00407087104 0.999991655";
      isRenderEnabled = "false";
      mode = "Ignore";
      order_simset = "0";
      canSave = "1";
      canSaveDynamicFields = "1";
   };
   new TSStatic() {
      shapeName = "/levels/west_coast_usa/art/shapes/objects/constructionbarrier_arrows.dae";
      dynamic = "0";
      playAmbient = "1";
      meshCulling = "0";
      originSort = "0";
      useInstanceRenderData = "1";
      instanceColor = "White";
      collisionType = "Collision Mesh";
      decalType = "Collision Mesh";
      prebuildCollisionData = "0";
      renderNormals = "0";
      forceDetail = "-1";
      position = "-927.663452 558.607666 131.93866";
      scale = "1 1 1";
      rotationMatrix = "1 0 0 0 0.999991655 -0.00407087104 0 0.00407087104 0.999991655";
      isRenderEnabled = "false";
      mode = "Ignore";
      order_simset = "0";
      canSave = "1";
      canSaveDynamicFields = "1";
   };
   new TSStatic() {
      shapeName = "/levels/west_coast_usa/art/shapes/objects/constructionbarrier_arrows.dae";
      dynamic = "0";
      playAmbient = "1";
      meshCulling = "0";
      originSort = "0";
      useInstanceRenderData = "1";
      instanceColor = "White";
      collisionType = "Collision Mesh";
      decalType = "Collision Mesh";
      prebuildCollisionData = "0";
      renderNormals = "0";
      forceDetail = "-1";
      position = "-927.663452 556.731445 131.953934";
      scale = "1 1 1";
      rotationMatrix = "1 0 0 0 1 0 0 0 1";
      isRenderEnabled = "false";
      mode = "Ignore";
      order_simset = "0";
      canSave = "1";
      canSaveDynamicFields = "1";
   };
   new TSStatic() {
      shapeName = "/levels/west_coast_usa/art/shapes/objects/constructionbarrier_arrows.dae";
      dynamic = "0";
      playAmbient = "1";
      meshCulling = "0";
      originSort = "0";
      useInstanceRenderData = "1";
      instanceColor = "White";
      collisionType = "Collision Mesh";
      decalType = "Collision Mesh";
      prebuildCollisionData = "0";
      renderNormals = "0";
      forceDetail = "-1";
      position = "-927.663452 554.888123 131.953934";
      scale = "1 1 1";
      rotationMatrix = "1 0 0 0 1 0 0 0 1";
      isRenderEnabled = "false";
      mode = "Ignore";
      order_simset = "0";
      canSave = "1";
      canSaveDynamicFields = "1";
   };
   new TSStatic() {
      shapeName = "/levels/west_coast_usa/art/shapes/objects/constructionbarrier_arrows.dae";
      dynamic = "0";
      playAmbient = "1";
      meshCulling = "0";
      originSort = "0";
      useInstanceRenderData = "1";
      instanceColor = "White";
      collisionType = "Collision Mesh";
      decalType = "Collision Mesh";
      prebuildCollisionData = "0";
      renderNormals = "0";
      forceDetail = "-1";
      position = "-927.663452 553.059387 131.953934";
      scale = "1 1 1";
      rotationMatrix = "1 0 0 0 1 0 0 0 1";
      isRenderEnabled = "false";
      mode = "Ignore";
      order_simset = "0";
      canSave = "1";
      canSaveDynamicFields = "1";
   };
   new TSStatic() {
      shapeName = "/levels/west_coast_usa/art/shapes/objects/constructionbarrier_arrows.dae";
      dynamic = "0";
      playAmbient = "1";
      meshCulling = "0";
      originSort = "0";
      useInstanceRenderData = "1";
      instanceColor = "White";
      collisionType = "Collision Mesh";
      decalType = "Collision Mesh";
      prebuildCollisionData = "0";
      renderNormals = "0";
      forceDetail = "-1";
      position = "-928.267578 549.592712 131.953934";
      scale = "1 1 1";
      rotationMatrix = "0.79335326 -0.608761489 0 0.608761489 0.79335326 0 0 0 1";
      isRenderEnabled = "false";
      mode = "Ignore";
      order_simset = "0";
      canSave = "1";
      canSaveDynamicFields = "1";
   };
   new TSStatic() {
      shapeName = "/levels/west_coast_usa/art/shapes/objects/constructionbarrier_arrows.dae";
      dynamic = "0";
      playAmbient = "1";
      meshCulling = "0";
      originSort = "0";
      useInstanceRenderData = "1";
      instanceColor = "White";
      collisionType = "Collision Mesh";
      decalType = "Collision Mesh";
      prebuildCollisionData = "0";
      renderNormals = "0";
      forceDetail = "-1";
      position = "-927.663452 551.231079 131.953934";
      scale = "1 1 1";
      rotationMatrix = "1 0 0 0 1 0 0 0 1";
      isRenderEnabled = "false";
      mode = "Ignore";
      order_simset = "0";
      canSave = "1";
      canSaveDynamicFields = "1";
   };
   new TSStatic() {
      shapeName = "/levels/west_coast_usa/art/shapes/objects/constructionbarrier_arrows.dae";
      dynamic = "0";
      playAmbient = "1";
      meshCulling = "0";
      originSort = "0";
      useInstanceRenderData = "1";
      instanceColor = "White";
      collisionType = "Collision Mesh";
      decalType = "Collision Mesh";
      prebuildCollisionData = "0";
      renderNormals = "0";
      forceDetail = "-1";
      position = "-911.781921 443.983002 153.210938";
      scale = "1 1 1";
      rotationMatrix = "0.7933231 -0.608648181 -0.013636454 0.608626604 0.793432891 -0.00616125483 0.0145696476 -0.00341164134 0.999888003";
      isRenderEnabled = "false";
      mode = "Ignore";
      order_simset = "0";
      canSave = "1";
      canSaveDynamicFields = "1";
   };
   new TSStatic() {
      shapeName = "/levels/west_coast_usa/art/shapes/objects/constructionbarrier_arrows.dae";
      dynamic = "0";
      playAmbient = "1";
      meshCulling = "0";
      originSort = "0";
      useInstanceRenderData = "1";
      instanceColor = "White";
      collisionType = "Collision Mesh";
      decalType = "Collision Mesh";
      prebuildCollisionData = "0";
      renderNormals = "0";
      forceDetail = "-1";
      position = "-912.351501 442.282166 153.213425";
      scale = "1 1 1";
      rotationMatrix = "0.999893904 0.000138342381 -0.0145692602 -8.86035996e-05 0.999994159 0.0034132963 0.0145696476 -0.00341164134 0.999888003";
      isRenderEnabled = "false";
      mode = "Ignore";
      order_simset = "0";
      canSave = "1";
      canSaveDynamicFields = "1";
   };
   new TSStatic() {
      shapeName = "/levels/west_coast_usa/art/shapes/objects/constructionbarrier_arrows.dae";
      dynamic = "0";
      playAmbient = "1";
      meshCulling = "0";
      originSort = "0";
      useInstanceRenderData = "1";
      instanceColor = "White";
      collisionType = "Collision Mesh";
      decalType = "Collision Mesh";
      prebuildCollisionData = "0";
      renderNormals = "0";
      forceDetail = "-1";
      position = "-912.351135 440.425507 153.217087";
      scale = "1 1 1";
      rotationMatrix = "0.999893904 0.000138342381 -0.0145692602 -8.86035996e-05 0.999994159 0.0034132963 0.0145696476 -0.00341164134 0.999888003";
      isRenderEnabled = "false";
      mode = "Ignore";
      order_simset = "0";
      canSave = "1";
      canSaveDynamicFields = "1";
   };
   new TSStatic() {
      shapeName = "/levels/west_coast_usa/art/shapes/objects/constructionbarrier_arrows.dae";
      dynamic = "0";
      playAmbient = "1";
      meshCulling = "0";
      originSort = "0";
      useInstanceRenderData = "1";
      instanceColor = "White";
      collisionType = "Collision Mesh";
      decalType = "Collision Mesh";
      prebuildCollisionData = "0";
      renderNormals = "0";
      forceDetail = "-1";
      position = "-912.351135 438.56546 153.196274";
      scale = "1 1 1";
      rotationMatrix = "0.999893904 0.000138342381 -0.0145692602 0.000138342381 0.999819756 0.0189870279 0.0145692602 -0.0189870279 0.99971354";
      isRenderEnabled = "false";
      mode = "Ignore";
      order_simset = "0";
      canSave = "1";
      canSaveDynamicFields = "1";
   };
   new TSStatic() {
      shapeName = "/levels/west_coast_usa/art/shapes/objects/constructionbarrier_arrows.dae";
      dynamic = "0";
      playAmbient = "1";
      meshCulling = "0";
      originSort = "0";
      useInstanceRenderData = "1";
      instanceColor = "White";
      collisionType = "Collision Mesh";
      decalType = "Collision Mesh";
      prebuildCollisionData = "0";
      renderNormals = "0";
      forceDetail = "-1";
      position = "-911.776917 436.891754 153.176514";
      scale = "1 1 1";
      rotationMatrix = "0.793353319 0.608761489 0 -0.608587086 0.793126047 0.0239326246 0.0145692602 -0.0189870279 0.99971354";
      isRenderEnabled = "false";
      mode = "Ignore";
      order_simset = "0";
      canSave = "1";
      canSaveDynamicFields = "1";
   };
   new TSStatic() {
      shapeName = "/levels/west_coast_usa/art/shapes/objects/constructionbarrier_arrows.dae";
      dynamic = "0";
      playAmbient = "1";
      meshCulling = "0";
      originSort = "0";
      useInstanceRenderData = "1";
      instanceColor = "White";
      collisionType = "Collision Mesh";
      decalType = "Collision Mesh";
      prebuildCollisionData = "0";
      renderNormals = "0";
      forceDetail = "-1";
      position = "-929.031128 444.217682 153.221497";
      scale = "1 1 1";
      rotationMatrix = "0.79335314 0.608761489 0 -0.608761489 0.79335314 0 0 0 1";
      isRenderEnabled = "false";
      mode = "Ignore";
      order_simset = "0";
      canSave = "1";
      canSaveDynamicFields = "1";
   };
   new TSStatic() {
      shapeName = "/levels/west_coast_usa/art/shapes/objects/constructionbarrier_arrows.dae";
      dynamic = "0";
      playAmbient = "1";
      meshCulling = "0";
      originSort = "0";
      useInstanceRenderData = "1";
      instanceColor = "White";
      collisionType = "Collision Mesh";
      decalType = "Collision Mesh";
      prebuildCollisionData = "0";
      renderNormals = "0";
      forceDetail = "-1";
      position = "-928.484619 442.527893 153.221497";
      scale = "1 1 1";
      rotationMatrix = "0.999999881 5.96046448e-08 0 -5.96046448e-08 0.999999881 0 0 0 1";
      isRenderEnabled = "false";
      mode = "Ignore";
      order_simset = "0";
      canSave = "1";
      canSaveDynamicFields = "1";
   };
   new TSStatic() {
      shapeName = "/levels/west_coast_usa/art/shapes/objects/constructionbarrier_arrows.dae";
      dynamic = "0";
      playAmbient = "1";
      meshCulling = "0";
      originSort = "0";
      useInstanceRenderData = "1";
      instanceColor = "White";
      collisionType = "Collision Mesh";
      decalType = "Collision Mesh";
      prebuildCollisionData = "0";
      renderNormals = "0";
      forceDetail = "-1";
      position = "-928.484619 440.688477 153.221497";
      scale = "1 1 1";
      rotationMatrix = "0.999999881 5.96046448e-08 0 -5.96046448e-08 0.999999881 0 0 0 1";
      isRenderEnabled = "false";
      mode = "Ignore";
      order_simset = "0";
      canSave = "1";
      canSaveDynamicFields = "1";
   };
   new TSStatic() {
      shapeName = "/levels/west_coast_usa/art/shapes/objects/constructionbarrier_arrows.dae";
      dynamic = "0";
      playAmbient = "1";
      meshCulling = "0";
      originSort = "0";
      useInstanceRenderData = "1";
      instanceColor = "White";
      collisionType = "Collision Mesh";
      decalType = "Collision Mesh";
      prebuildCollisionData = "0";
      renderNormals = "0";
      forceDetail = "-1";
      position = "-928.484619 438.839722 153.221497";
      scale = "1 1 1";
      rotationMatrix = "0.999999881 5.96046448e-08 0 -5.96046448e-08 0.999999881 0 0 0 1";
      isRenderEnabled = "false";
      mode = "Ignore";
      order_simset = "0";
      canSave = "1";
      canSaveDynamicFields = "1";
   };
   new TSStatic() {
      shapeName = "/levels/west_coast_usa/art/shapes/objects/constructionbarrier_arrows.dae";
      dynamic = "0";
      playAmbient = "1";
      meshCulling = "0";
      originSort = "0";
      useInstanceRenderData = "1";
      instanceColor = "White";
      collisionType = "Collision Mesh";
      decalType = "Collision Mesh";
      prebuildCollisionData = "0";
      renderNormals = "0";
      forceDetail = "-1";
      position = "-928.97406 437.116577 153.221497";
      scale = "1 1 1";
      rotationMatrix = "0.866025329 -0.5 0 0.5 0.866025329 0 0 0 1";
      isRenderEnabled = "false";
      mode = "Ignore";
      order_simset = "0";
      canSave = "1";
      canSaveDynamicFields = "1";
   };
   new TSStatic() {
      shapeName = "/levels/west_coast_usa/art/shapes/objects/constructionbarrier_arrows.dae";
      dynamic = "0";
      playAmbient = "1";
      meshCulling = "0";
      originSort = "0";
      useInstanceRenderData = "1";
      instanceColor = "White";
      collisionType = "Collision Mesh";
      decalType = "Collision Mesh";
      prebuildCollisionData = "0";
      renderNormals = "0";
      forceDetail = "-1";
      position = "-849.316101 266.187653 159.335556";
      scale = "1 1 1";
      rotationMatrix = "0.130526036 0.991444647 0 -0.989344239 0.130249515 0.0650579929 0.0645013973 -0.00849176198 0.997881472";
      isRenderEnabled = "false";
      mode = "Ignore";
      order_simset = "745829744";
      canSave = "1";
      canSaveDynamicFields = "1";
   };
   new TSStatic() {
      shapeName = "/levels/west_coast_usa/art/shapes/objects/constructionbarrier_arrows.dae";
      dynamic = "0";
      playAmbient = "1";
      meshCulling = "0";
      originSort = "0";
      useInstanceRenderData = "1";
      instanceColor = "White";
      collisionType = "Collision Mesh";
      decalType = "Collision Mesh";
      prebuildCollisionData = "0";
      renderNormals = "0";
      forceDetail = "-1";
      position = "-887.685913 290.119965 158.926666";
      scale = "1 1 1";
      rotationMatrix = "0.707106769 0.707106829 0 -0.706802964 0.706802905 -0.0293089934 -0.0207245909 0.0207245871 0.99957031";
      isRenderEnabled = "false";
      mode = "Ignore";
      order_simset = "745829744";
      canSave = "1";
      canSaveDynamicFields = "1";
   };
   new TSStatic() {
      shapeName = "/levels/west_coast_usa/art/shapes/objects/constructionbarrier_arrows.dae";
      dynamic = "0";
      playAmbient = "1";
      meshCulling = "0";
      originSort = "0";
      useInstanceRenderData = "1";
      instanceColor = "White";
      collisionType = "Collision Mesh";
      decalType = "Collision Mesh";
      prebuildCollisionData = "0";
      renderNormals = "0";
      forceDetail = "-1";
      position = "-886.36615 288.800232 158.981384";
      scale = "1 1 1";
      rotationMatrix = "0.707106769 0.707106829 0 -0.706802964 0.706802905 -0.0293089934 -0.0207245909 0.0207245871 0.99957031";
      isRenderEnabled = "false";
      mode = "Ignore";
      order_simset = "745829744";
      canSave = "1";
      canSaveDynamicFields = "1";
   };
   new TSStatic() {
      shapeName = "/levels/west_coast_usa/art/shapes/objects/constructionbarrier_arrows.dae";
      dynamic = "0";
      playAmbient = "1";
      meshCulling = "0";
      originSort = "0";
      useInstanceRenderData = "1";
      instanceColor = "White";
      collisionType = "Collision Mesh";
      decalType = "Collision Mesh";
      prebuildCollisionData = "0";
      renderNormals = "0";
      forceDetail = "-1";
      position = "-885.055115 287.489258 159.035736";
      scale = "1 1 1";
      rotationMatrix = "0.707106769 0.707106829 0 -0.706802964 0.706802905 -0.0293089934 -0.0207245909 0.0207245871 0.99957031";
      isRenderEnabled = "false";
      mode = "Ignore";
      order_simset = "745829744";
      canSave = "1";
      canSaveDynamicFields = "1";
   };
   new TSStatic() {
      shapeName = "/levels/west_coast_usa/art/shapes/objects/constructionbarrier_arrows.dae";
      dynamic = "0";
      playAmbient = "1";
      meshCulling = "0";
      originSort = "0";
      useInstanceRenderData = "1";
      instanceColor = "White";
      collisionType = "Collision Mesh";
      decalType = "Collision Mesh";
      prebuildCollisionData = "0";
      renderNormals = "0";
      forceDetail = "-1";
      position = "-883.760925 286.195099 159.089401";
      scale = "1 1 1";
      rotationMatrix = "0.707106769 0.707106829 0 -0.706802964 0.706802905 -0.0293089934 -0.0207245909 0.0207245871 0.99957031";
      isRenderEnabled = "false";
      mode = "Ignore";
      order_simset = "745829744";
      canSave = "1";
      canSaveDynamicFields = "1";
   };
   new TSStatic() {
      shapeName = "/levels/west_coast_usa/art/shapes/objects/constructionbarrier_arrows.dae";
      dynamic = "0";
      playAmbient = "1";
      meshCulling = "0";
      originSort = "0";
      useInstanceRenderData = "1";
      instanceColor = "White";
      collisionType = "Collision Mesh";
      decalType = "Collision Mesh";
      prebuildCollisionData = "0";
      renderNormals = "0";
      forceDetail = "-1";
      position = "-882.460388 284.894592 159.138794";
      scale = "1 1 1";
      rotationMatrix = "0.707106769 0.707106829 0 -0.706802964 0.706802905 -0.0293089934 -0.0207245909 0.0207245871 0.99957031";
      isRenderEnabled = "false";
      mode = "Ignore";
      order_simset = "745829744";
      canSave = "1";
      canSaveDynamicFields = "1";
   };
   new TSStatic() {
      shapeName = "/levels/west_coast_usa/art/shapes/objects/constructionbarrier_arrows.dae";
      dynamic = "0";
      playAmbient = "1";
      meshCulling = "0";
      originSort = "0";
      useInstanceRenderData = "1";
      instanceColor = "White";
      collisionType = "Collision Mesh";
      decalType = "Collision Mesh";
      prebuildCollisionData = "0";
      renderNormals = "0";
      forceDetail = "-1";
      position = "-881.146545 283.58075 159.19133";
      scale = "1 1 1";
      rotationMatrix = "0.707106769 0.707106829 0 -0.706802964 0.706802905 -0.0293089934 -0.0207245909 0.0207245871 0.99957031";
      isRenderEnabled = "false";
      mode = "Ignore";
      order_simset = "745829744";
      canSave = "1";
      canSaveDynamicFields = "1";
   };
   new TSStatic() {
      shapeName = "/levels/west_coast_usa/art/shapes/objects/constructionbarrier_arrows.dae";
      dynamic = "0";
      playAmbient = "1";
      meshCulling = "0";
      originSort = "0";
      useInstanceRenderData = "1";
      instanceColor = "White";
      collisionType = "Collision Mesh";
      decalType = "Collision Mesh";
      prebuildCollisionData = "0";
      renderNormals = "0";
      forceDetail = "-1";
      position = "-879.83606 282.270325 159.240067";
      scale = "1 1 1";
      rotationMatrix = "0.707106769 0.707106829 0 -0.706977785 0.706977725 -0.0190980695 -0.0135043776 0.0135043738 0.99981755";
      isRenderEnabled = "false";
      mode = "Ignore";
      order_simset = "745829744";
      canSave = "1";
      canSaveDynamicFields = "1";
   };
   new TSStatic() {
      shapeName = "/levels/west_coast_usa/art/shapes/objects/constructionbarrier_arrows.dae";
      dynamic = "0";
      playAmbient = "1";
      meshCulling = "0";
      originSort = "0";
      useInstanceRenderData = "1";
      instanceColor = "White";
      collisionType = "Collision Mesh";
      decalType = "Collision Mesh";
      prebuildCollisionData = "0";
      renderNormals = "0";
      forceDetail = "-1";
      position = "-878.520569 280.954834 159.280304";
      scale = "1 1 1";
      rotationMatrix = "0.707106769 0.707106829 0 -0.706977785 0.706977725 -0.0190980695 -0.0135043776 0.0135043738 0.99981755";
      isRenderEnabled = "false";
      mode = "Ignore";
      order_simset = "745829744";
      canSave = "1";
      canSaveDynamicFields = "1";
   };
   new TSStatic() {
      shapeName = "/levels/west_coast_usa/art/shapes/objects/constructionbarrier_arrows.dae";
      dynamic = "0";
      playAmbient = "1";
      meshCulling = "0";
      originSort = "0";
      useInstanceRenderData = "1";
      instanceColor = "White";
      collisionType = "Collision Mesh";
      decalType = "Collision Mesh";
      prebuildCollisionData = "0";
      renderNormals = "0";
      forceDetail = "-1";
      position = "-877.209229 279.643494 159.311707";
      scale = "1 1 1";
      rotationMatrix = "0.707106769 0.707106829 0 -0.706885278 0.706885219 -0.0250293352 -0.0176984165 0.0176984128 0.999686658";
      isRenderEnabled = "false";
      mode = "Ignore";
      order_simset = "745829744";
      canSave = "1";
      canSaveDynamicFields = "1";
   };
   new TSStatic() {
      shapeName = "/levels/west_coast_usa/art/shapes/objects/constructionbarrier_arrows.dae";
      dynamic = "0";
      playAmbient = "1";
      meshCulling = "0";
      originSort = "0";
      useInstanceRenderData = "1";
      instanceColor = "White";
      collisionType = "Collision Mesh";
      decalType = "Collision Mesh";
      prebuildCollisionData = "0";
      renderNormals = "0";
      forceDetail = "-1";
      position = "-875.874023 278.308319 159.360596";
      scale = "1 1 1";
      rotationMatrix = "0.707106769 0.707106829 0 -0.706885278 0.706885219 -0.0250293352 -0.0176984165 0.0176984128 0.999686658";
      isRenderEnabled = "false";
      mode = "Ignore";
      order_simset = "745829744";
      canSave = "1";
      canSaveDynamicFields = "1";
   };
   new TSStatic() {
      shapeName = "/levels/west_coast_usa/art/shapes/objects/constructionbarrier_arrows.dae";
      dynamic = "0";
      playAmbient = "1";
      meshCulling = "0";
      originSort = "0";
