//--- OBJECT WRITE BEGIN ---
$ThisPrefab = new SimGroup() {
   canSave = "1";
   canSaveDynamicFields = "1";
      groupPosition = "0 0 0";

   new TSStatic() {
      shapeName = "/levels/west_coast_usa/art/shapes/objects/constructionbarrier_arrows.dae";
      dynamic = "0";
      playAmbient = "1";
      meshCulling = "0";
      originSort = "0";
      useInstanceRenderData = "1";
      instanceColor = "White";
      instanceColor1 = "White";
      instanceColor2 = "White";
      collisionType = "Collision Mesh";
      decalType = "Collision Mesh";
      prebuildCollisionData = "0";
      renderNormals = "0";
      forceDetail = "-1";
      position = "509.780396 -839.664124 166.989807";
      scale = "1 1 1";
      rotationMatrix = "0.956995189 0.163244039 -0.239815623 -0.113841444 0.971667171 0.207130581 0.266833812 -0.170922011 0.948464751";
      isRenderEnabled = "false";
      canSave = "1";
      canSaveDynamicFields = "1";
      persistentId = "4f34d81e-4dde-487a-8621-e92559aa1f8c";
   };
   new TSStatic() {
      shapeName = "/levels/west_coast_usa/art/shapes/objects/arrowboard_R.dae";
      dynamic = "0";
      playAmbient = "1";
      meshCulling = "0";
      originSort = "0";
      useInstanceRenderData = "1";
      instanceColor = "White";
      instanceColor1 = "White";
      instanceColor2 = "White";
      collisionType = "Collision Mesh";
      decalType = "Collision Mesh";
      prebuildCollisionData = "0";
      renderNormals = "0";
      forceDetail = "-1";
      position = "679.153503 -839.296082 157.802841";
      scale = "1 1 1";
      rotationMatrix = "0.967502952 0.251408368 0.0270520654 -0.251964062 0.96753937 0.0195368305 -0.0212622155 -0.0257180892 0.999443114";
      isRenderEnabled = "false";
      canSave = "1";
      canSaveDynamicFields = "1";
      persistentId = "500af1ec-d341-48a9-8d5e-37623d781495";
   };
   new TSStatic() {
      shapeName = "/levels/west_coast_usa/art/shapes/objects/arrowboard_R.dae";
      dynamic = "0";
      playAmbient = "1";
      meshCulling = "0";
      originSort = "0";
      useInstanceRenderData = "1";
      instanceColor = "White";
      instanceColor1 = "White";
      instanceColor2 = "White";
      collisionType = "Collision Mesh";
      decalType = "Collision Mesh";
      prebuildCollisionData = "0";
      renderNormals = "0";
      forceDetail = "-1";
      position = "674.931458 -834.151367 157.990875";
      scale = "1 1 1";
      rotationMatrix = "0.96786207 0.250182092 0.0255319886 -0.251351357 0.965629041 0.0662042648 -0.00809130725 -0.0704941005 0.997479379";
      isRenderEnabled = "false";
      canSave = "1";
      canSaveDynamicFields = "1";
      persistentId = "a1f39373-a3c0-4ab5-9270-6bbced8d7349";
   };
   new TSStatic() {
      shapeName = "/levels/west_coast_usa/art/shapes/objects/arrowboard_R.dae";
      dynamic = "0";
      playAmbient = "1";
      meshCulling = "0";
      originSort = "0";
      useInstanceRenderData = "1";
      instanceColor = "White";
      instanceColor1 = "White";
      instanceColor2 = "White";
      collisionType = "Collision Mesh";
      decalType = "Collision Mesh";
      prebuildCollisionData = "0";
      renderNormals = "0";
      forceDetail = "-1";
      position = "648.693237 -852.16748 156.051636";
      scale = "1 1 1";
      rotationMatrix = "-0.926018476 0.377246529 -0.0132094752 -0.37437138 -0.922315717 -0.095809631 -0.0483271629 -0.0837762579 0.995312035";
      isRenderEnabled = "false";
      canSave = "1";
      canSaveDynamicFields = "1";
      persistentId = "3084f4ad-6335-40c3-841a-eea444f61506";
   };
   new TSStatic() {
      shapeName = "/levels/west_coast_usa/art/shapes/objects/arrowboard_L.dae";
      dynamic = "0";
      playAmbient = "1";
      meshCulling = "0";
      originSort = "0";
      useInstanceRenderData = "1";
      instanceColor = "White";
      instanceColor1 = "White";
      instanceColor2 = "White";
      collisionType = "Collision Mesh";
      decalType = "Collision Mesh";
      prebuildCollisionData = "0";
      renderNormals = "0";
      forceDetail = "-1";
      position = "571.763489 -848.42572 154.67981";
      scale = "1 1 1";
      rotationMatrix = "0.279880285 -0.958796918 0.0487398058 0.959598839 0.27786231 -0.044302322 0.028933974 0.0591700077 0.997828484";
      isRenderEnabled = "false";
      canSave = "1";
      canSaveDynamicFields = "1";
      persistentId = "ca7518fa-cdb4-443d-8d4e-fb97c9afbfdc";
   };
   new TSStatic() {
      shapeName = "/levels/west_coast_usa/art/shapes/objects/arrowboard_R.dae";
      dynamic = "0";
      playAmbient = "1";
      meshCulling = "0";
      originSort = "0";
      useInstanceRenderData = "1";
      instanceColor = "White";
      instanceColor1 = "White";
      instanceColor2 = "White";
      collisionType = "Collision Mesh";
      decalType = "Collision Mesh";
      prebuildCollisionData = "0";
      renderNormals = "0";
      forceDetail = "-1";
      position = "556.980835 -886.062683 153.659271";
      scale = "1 1 1";
      rotationMatrix = "0.913275421 0.396244347 0.0944373608 -0.404913664 0.908375561 0.104397222 -0.0444177687 -0.133582398 0.990041792";
      isRenderEnabled = "false";
      canSave = "1";
      canSaveDynamicFields = "1";
      persistentId = "f0ce3ecd-c797-4689-b3fc-92d0c5e8ed4d";
   };
   new TSStatic() {
      shapeName = "/levels/west_coast_usa/art/shapes/objects/arrowboard_R.dae";
      dynamic = "0";
      playAmbient = "1";
      meshCulling = "0";
      originSort = "0";
      useInstanceRenderData = "1";
      instanceColor = "White";
      instanceColor1 = "White";
      instanceColor2 = "White";
      collisionType = "Collision Mesh";
      decalType = "Collision Mesh";
      prebuildCollisionData = "0";
      renderNormals = "0";
      forceDetail = "-1";
      position = "561.13385 -890.673462 153.449905";
      scale = "1 1 1";
      rotationMatrix = "0.740865648 0.663066506 0.107055075 -0.665167689 0.74642837 -0.0199132618 -0.0931127593 -0.0564565286 0.994053662";
      isRenderEnabled = "false";
      canSave = "1";
      canSaveDynamicFields = "1";
      persistentId = "1a4004ed-5a05-4236-bc46-3443647a8357";
   };
   new TSStatic() {
      shapeName = "/levels/west_coast_usa/art/shapes/objects/arrowboard_R.dae";
      dynamic = "0";
      playAmbient = "1";
      meshCulling = "0";
      originSort = "0";
      useInstanceRenderData = "1";
      instanceColor = "White";
      instanceColor1 = "White";
      instanceColor2 = "White";
      collisionType = "Collision Mesh";
      decalType = "Collision Mesh";
      prebuildCollisionData = "0";
      renderNormals = "0";
      forceDetail = "-1";
      position = "809.660583 -781.883057 164.832336";
      scale = "1 1 1";
      rotationMatrix = "-0.924240351 0.377907455 -0.054453373 -0.373026431 -0.924162626 -0.0823060051 -0.0814278424 -0.0557580069 0.99511838";
      isRenderEnabled = "false";
      canSave = "1";
      canSaveDynamicFields = "1";
      persistentId = "b887edb5-324f-4f8a-91c6-7804ac66ad48";
   };
   new TSStatic() {
      shapeName = "/levels/west_coast_usa/art/shapes/objects/constructionbarrier_arrows.dae";
      dynamic = "0";
      playAmbient = "1";
      meshCulling = "0";
      originSort = "0";
      useInstanceRenderData = "1";
      instanceColor = "White";
      instanceColor1 = "White";
      instanceColor2 = "White";
      collisionType = "Collision Mesh";
      decalType = "Collision Mesh";
      prebuildCollisionData = "0";
      renderNormals = "0";
      forceDetail = "-1";
      position = "568.847534 -889.710571 153.90097";
      scale = "1 1 1";
      rotationMatrix = "0.726643443 0.684067369 -0.0635693073 -0.685250759 0.72829473 0.00424295664 0.0491996631 0.0404778086 0.997968435";
      isRenderEnabled = "false";
      canSave = "1";
      canSaveDynamicFields = "1";
      persistentId = "579a666f-4c35-4922-bb23-6b94e5de179b";
   };
   new TSStatic() {
      shapeName = "/levels/west_coast_usa/art/shapes/objects/constructionbarrier_arrows.dae";
      dynamic = "0";
      playAmbient = "1";
      meshCulling = "0";
      originSort = "0";
      useInstanceRenderData = "1";
      instanceColor = "White";
      instanceColor1 = "White";
      instanceColor2 = "White";
      collisionType = "Collision Mesh";
      decalType = "Collision Mesh";
      prebuildCollisionData = "0";
      renderNormals = "0";
      forceDetail = "-1";
      position = "567.602661 -888.248047 153.921265";
      scale = "1 1 1";
      rotationMatrix = "0.730370045 0.683051646 0.000184407923 -0.682978451 0.730287731 0.0148388082 0.0100010037 -0.0109637668 0.99988991";
      isRenderEnabled = "false";
      canSave = "1";
      canSaveDynamicFields = "1";
      persistentId = "d6d23233-8b2e-45d6-9b9b-3fa8ad3808f6";
   };
   new TSStatic() {
      shapeName = "/levels/west_coast_usa/art/shapes/objects/constructionbarrier_arrows.dae";
      dynamic = "0";
      playAmbient = "1";
      meshCulling = "0";
      originSort = "0";
      useInstanceRenderData = "1";
      instanceColor = "White";
      instanceColor1 = "White";
      instanceColor2 = "White";
      collisionType = "Collision Mesh";
      decalType = "Collision Mesh";
      prebuildCollisionData = "0";
      renderNormals = "0";
      forceDetail = "-1";
      position = "566.353149 -886.851501 153.960129";
      scale = "1 1 1";
      rotationMatrix = "0.731498718 0.681052268 0.0328224711 -0.681821644 0.731007099 0.0273476783 -0.00536825601 -0.0423838645 0.999086976";
      isRenderEnabled = "false";
      canSave = "1";
      canSaveDynamicFields = "1";
      persistentId = "15f563bf-61fa-4fda-82b6-fbc04bd6eb88";
   };
   new TSStatic() {
      shapeName = "/levels/west_coast_usa/art/shapes/objects/constructionbarrier_arrows.dae";
      dynamic = "0";
      playAmbient = "1";
      meshCulling = "0";
      originSort = "0";
      useInstanceRenderData = "1";
      instanceColor = "White";
      instanceColor1 = "White";
      instanceColor2 = "White";
      collisionType = "Collision Mesh";
      decalType = "Collision Mesh";
      prebuildCollisionData = "0";
      renderNormals = "0";
      forceDetail = "-1";
      position = "565.108215 -885.416931 154.026825";
      scale = "1 1 1";
      rotationMatrix = "0.73313731 0.675770879 0.0764413401 -0.679628491 0.732104897 0.0461244583 -0.0247935001 -0.085767284 0.996006668";
      isRenderEnabled = "false";
      canSave = "1";
      canSaveDynamicFields = "1";
      persistentId = "6d4e4e8e-68ae-4f0a-b543-2f217712e472";
   };
   new TSStatic() {
      shapeName = "/levels/west_coast_usa/art/shapes/objects/constructionbarrier_arrows.dae";
      dynamic = "0";
      playAmbient = "1";
      meshCulling = "0";
      originSort = "0";
      useInstanceRenderData = "1";
      instanceColor = "White";
      instanceColor1 = "White";
      instanceColor2 = "White";
      collisionType = "Collision Mesh";
      decalType = "Collision Mesh";
      prebuildCollisionData = "0";
      renderNormals = "0";
      forceDetail = "-1";
      position = "563.791382 -883.981506 154.131439";
      scale = "1 1 1";
      rotationMatrix = "0.733140051 0.672818244 0.0991021246 -0.67959851 0.730272532 0.0696268603 -0.0255253278 -0.118395887 0.99263835";
      isRenderEnabled = "false";
      canSave = "1";
      canSaveDynamicFields = "1";
      persistentId = "414506f3-5dcd-4ad6-ad1a-ebed947b3bb3";
   };
   new TSStatic() {
      shapeName = "/levels/west_coast_usa/art/shapes/objects/constructionbarrier_arrows.dae";
      dynamic = "0";
      playAmbient = "1";
      meshCulling = "0";
      originSort = "0";
      useInstanceRenderData = "1";
      instanceColor = "White";
      instanceColor1 = "White";
      instanceColor2 = "White";
      collisionType = "Collision Mesh";
      decalType = "Collision Mesh";
      prebuildCollisionData = "0";
      renderNormals = "0";
      forceDetail = "-1";
      position = "562.508667 -882.606567 154.28743";
      scale = "1 1 1";
      rotationMatrix = "0.733208716 0.672159612 0.102987334 -0.679881394 0.727491677 0.0922876298 -0.0128904097 -0.137685269 0.990392148";
      isRenderEnabled = "false";
      canSave = "1";
      canSaveDynamicFields = "1";
      persistentId = "8afc0cbc-998c-45a4-90ca-44314e763dcd";
   };
   new TSStatic() {
      shapeName = "/levels/west_coast_usa/art/shapes/objects/constructionbarrier_arrows.dae";
      dynamic = "0";
      playAmbient = "1";
      meshCulling = "0";
      originSort = "0";
      useInstanceRenderData = "1";
      instanceColor = "White";
      instanceColor1 = "White";
      instanceColor2 = "White";
      collisionType = "Collision Mesh";
      decalType = "Collision Mesh";
      prebuildCollisionData = "0";
      renderNormals = "0";
      forceDetail = "-1";
      position = "561.252686 -881.26947 154.465088";
      scale = "1 1 1";
      rotationMatrix = "0.732788563 0.672178924 0.105812967 -0.680455744 0.724085212 0.112607688 -0.000925082713 -0.154518664 0.987989426";
      isRenderEnabled = "false";
      canSave = "1";
      canSaveDynamicFields = "1";
      persistentId = "526b46bb-54ed-4314-bf40-f23c9223cd42";
   };
   new TSStatic() {
      shapeName = "/levels/west_coast_usa/art/shapes/objects/constructionbarrier_arrows.dae";
      dynamic = "0";
      playAmbient = "1";
      meshCulling = "0";
      originSort = "0";
      useInstanceRenderData = "1";
      instanceColor = "White";
      instanceColor1 = "White";
      instanceColor2 = "White";
      collisionType = "Collision Mesh";
      decalType = "Collision Mesh";
      prebuildCollisionData = "0";
      renderNormals = "0";
      forceDetail = "-1";
      position = "560.095764 -879.754578 154.728134";
      scale = "1 1 1";
      rotationMatrix = "0.841359794 0.532000303 0.0953377187 -0.540162444 0.821685433 0.181817204 0.0183892064 -0.204471558 0.978699744";
      isRenderEnabled = "false";
      canSave = "1";
      canSaveDynamicFields = "1";
      persistentId = "76c183b8-f472-4a8d-b092-f671310577b3";
   };
   new TSStatic() {
      shapeName = "/levels/west_coast_usa/art/shapes/objects/constructionbarrier_arrows.dae";
      dynamic = "0";
      playAmbient = "1";
      meshCulling = "0";
      originSort = "0";
      useInstanceRenderData = "1";
      instanceColor = "White";
      instanceColor1 = "White";
      instanceColor2 = "White";
      collisionType = "Collision Mesh";
      decalType = "Collision Mesh";
      prebuildCollisionData = "0";
      renderNormals = "0";
      forceDetail = "-1";
      position = "522.475647 -854.140686 164.247025";
      scale = "1 1 1";
      rotationMatrix = "0.44873184 0.888487518 -0.0960704535 -0.882960856 0.457376838 0.105765715 0.137911916 0.0373660177 0.989739418";
      isRenderEnabled = "false";
      canSave = "1";
      canSaveDynamicFields = "1";
      persistentId = "12bf0b6c-abf7-46ba-be83-2d869aa79d66";
   };
   new TSStatic() {
      shapeName = "/levels/west_coast_usa/art/shapes/objects/constructionbarrier_arrows.dae";
      dynamic = "0";
      playAmbient = "1";
      meshCulling = "0";
      originSort = "0";
      useInstanceRenderData = "1";
      instanceColor = "White";
      instanceColor1 = "White";
      instanceColor2 = "White";
      collisionType = "Collision Mesh";
      decalType = "Collision Mesh";
      prebuildCollisionData = "0";
      renderNormals = "0";
      forceDetail = "-1";
      position = "520.83905 -853.287903 164.493439";
      scale = "1 1 1";
      rotationMatrix = "0.449066997 0.887899756 -0.0998650566 -0.881072283 0.458622515 0.115659818 0.148494691 0.0360493064 0.988255918";
      isRenderEnabled = "false";
      canSave = "1";
      canSaveDynamicFields = "1";
      persistentId = "cf5a7278-0510-4fe7-a01d-078a0cab80a3";
   };
   new TSStatic() {
      shapeName = "/levels/west_coast_usa/art/shapes/objects/constructionbarrier_arrows.dae";
      dynamic = "0";
      playAmbient = "1";
      meshCulling = "0";
      originSort = "0";
      useInstanceRenderData = "1";
      instanceColor = "White";
      instanceColor1 = "White";
      instanceColor2 = "White";
      collisionType = "Collision Mesh";
      decalType = "Collision Mesh";
      prebuildCollisionData = "0";
      renderNormals = "0";
      forceDetail = "-1";
      position = "519.186462 -852.457397 164.700943";
      scale = "1 1 1";
      rotationMatrix = "0.447013259 0.886634111 -0.118570372 -0.884538651 0.457874656 0.0891182497 0.133305654 0.0650430396 0.988938332";
      isRenderEnabled = "false";
      canSave = "1";
      canSaveDynamicFields = "1";
      persistentId = "135a53bb-97f1-428b-a676-5a8d35f88171";
   };
   new TSStatic() {
      shapeName = "/levels/west_coast_usa/art/shapes/objects/constructionbarrier_arrows.dae";
      dynamic = "0";
      playAmbient = "1";
      meshCulling = "0";
      originSort = "0";
      useInstanceRenderData = "1";
      instanceColor = "White";
      instanceColor1 = "White";
      instanceColor2 = "White";
      collisionType = "Collision Mesh";
      decalType = "Collision Mesh";
      prebuildCollisionData = "0";
      renderNormals = "0";
      forceDetail = "-1";
      position = "517.519348 -851.557983 164.838608";
      scale = "1 1 1";
      rotationMatrix = "0.461279511 0.882115304 -0.0953610539 -0.88043946 0.468380809 0.0737950355 0.109761015 0.0499195121 0.992703676";
      isRenderEnabled = "false";
      canSave = "1";
      canSaveDynamicFields = "1";
      persistentId = "8e9a65ae-5e60-4759-b151-fbf836b6e709";
   };
   new TSStatic() {
      shapeName = "/levels/west_coast_usa/art/shapes/objects/constructionbarrier_arrows.dae";
      dynamic = "0";
      playAmbient = "1";
      meshCulling = "0";
      originSort = "0";
      useInstanceRenderData = "1";
      instanceColor = "White";
      instanceColor1 = "White";
      instanceColor2 = "White";
      collisionType = "Collision Mesh";
      decalType = "Collision Mesh";
      prebuildCollisionData = "0";
      renderNormals = "0";
      forceDetail = "-1";
      position = "515.888794 -850.64093 164.993454";
      scale = "1 1 1";
      rotationMatrix = "0.500046372 0.860589683 -0.0966380835 -0.856775343 0.507873893 0.089442715 0.126053438 0.0380716361 0.991292655";
      isRenderEnabled = "false";
      canSave = "1";
      canSaveDynamicFields = "1";
      persistentId = "fec46e1f-49b8-4e6e-a662-94f311ee1d82";
   };
   new TSStatic() {
      shapeName = "/levels/west_coast_usa/art/shapes/objects/constructionbarrier_arrows.dae";
      dynamic = "0";
      playAmbient = "1";
      meshCulling = "0";
      originSort = "0";
      useInstanceRenderData = "1";
      instanceColor = "White";
      instanceColor1 = "White";
      instanceColor2 = "White";
      collisionType = "Collision Mesh";
      decalType = "Collision Mesh";
      prebuildCollisionData = "0";
      renderNormals = "0";
      forceDetail = "-1";
      position = "514.322571 -849.605835 165.232071";
      scale = "1 1 1";
      rotationMatrix = "0.575250864 0.81109792 -0.10586068 -0.796711624 0.58490175 0.152119949 0.185302287 -0.00316669047 0.982676446";
      isRenderEnabled = "false";
      canSave = "1";
      canSaveDynamicFields = "1";
      persistentId = "45d77a91-1d2a-494e-97b3-bbc6d11fa79d";
   };
   new TSStatic() {
      shapeName = "/levels/west_coast_usa/art/shapes/objects/constructionbarrier_arrows.dae";
      dynamic = "0";
      playAmbient = "1";
      meshCulling = "0";
      originSort = "0";
      useInstanceRenderData = "1";
      instanceColor = "White";
      instanceColor1 = "White";
      instanceColor2 = "White";
      collisionType = "Collision Mesh";
      decalType = "Collision Mesh";
      prebuildCollisionData = "0";
      renderNormals = "0";
      forceDetail = "-1";
      position = "512.92749 -848.360352 165.516495";
      scale = "1 1 1";
      rotationMatrix = "0.718351483 0.680132389 -0.146256745 -0.662167311 0.732930779 0.156034768 0.213320374 -0.0152413771 0.976863384";
      isRenderEnabled = "false";
      canSave = "1";
      canSaveDynamicFields = "1";
      persistentId = "f0cd17e4-055d-41de-8305-07dc9159cc66";
   };
   new TSStatic() {
      shapeName = "/levels/west_coast_usa/art/shapes/objects/constructionbarrier_arrows.dae";
      dynamic = "0";
      playAmbient = "1";
      meshCulling = "0";
      originSort = "0";
      useInstanceRenderData = "1";
      instanceColor = "White";
      instanceColor1 = "White";
      instanceColor2 = "White";
      collisionType = "Collision Mesh";
      decalType = "Collision Mesh";
      prebuildCollisionData = "0";
      renderNormals = "0";
      forceDetail = "-1";
      position = "511.795593 -846.8479 165.799042";
      scale = "1 1 1";
      rotationMatrix = "0.826947272 0.533964455 -0.17618224 -0.511373937 0.844485641 0.159187555 0.233783871 -0.0415446945 0.971400619";
      isRenderEnabled = "false";
      canSave = "1";
      canSaveDynamicFields = "1";
      persistentId = "45a8c689-d7b9-483b-a643-644827cc90e1";
   };
   new TSStatic() {
      shapeName = "/levels/west_coast_usa/art/shapes/objects/constructionbarrier_arrows.dae";
      dynamic = "0";
      playAmbient = "1";
      meshCulling = "0";
      originSort = "0";
      useInstanceRenderData = "1";
      instanceColor = "White";
      instanceColor1 = "White";
      instanceColor2 = "White";
      collisionType = "Collision Mesh";
      decalType = "Collision Mesh";
      prebuildCollisionData = "0";
      renderNormals = "0";
      forceDetail = "-1";
      position = "510.974762 -845.191345 166.093628";
      scale = "1 1 1";
      rotationMatrix = "0.896143556 0.401957303 -0.188034505 -0.376066238 0.912835777 0.15907535 0.235586137 -0.0718409121 0.969194531";
      isRenderEnabled = "false";
      canSave = "1";
      canSaveDynamicFields = "1";
      persistentId = "881368b5-3d90-4dea-9a8c-2da1691989f1";
   };
   new TSStatic() {
      shapeName = "/levels/west_coast_usa/art/shapes/objects/constructionbarrier_arrows.dae";
      dynamic = "0";
      playAmbient = "1";
      meshCulling = "0";
      originSort = "0";
      useInstanceRenderData = "1";
      instanceColor = "White";
      instanceColor1 = "White";
      instanceColor2 = "White";
      collisionType = "Collision Mesh";
      decalType = "Collision Mesh";
      prebuildCollisionData = "0";
      renderNormals = "0";
      forceDetail = "-1";
      position = "510.379791 -843.438354 166.374634";
      scale = "1 1 1";
      rotationMatrix = "0.933331549 0.2820279 -0.222154111 -0.255107939 0.956376135 0.142353594 0.252610594 -0.076189816 0.964563608";
      isRenderEnabled = "false";
      canSave = "1";
      canSaveDynamicFields = "1";
      persistentId = "efe4bee0-0c12-4cd9-a32b-97f3cf24f879";
   };
   new TSStatic() {
      shapeName = "/levels/west_coast_usa/art/shapes/objects/constructionbarrier_arrows.dae";
      dynamic = "0";
      playAmbient = "1";
      meshCulling = "0";
      originSort = "0";
      useInstanceRenderData = "1";
      instanceColor = "White";
      instanceColor1 = "White";
      instanceColor2 = "White";
      collisionType = "Collision Mesh";
      decalType = "Collision Mesh";
      prebuildCollisionData = "0";
      renderNormals = "0";
      forceDetail = "-1";
      position = "510.021606 -841.606018 166.630524";
      scale = "1 1 1";
      rotationMatrix = "0.956995189 0.163244084 -0.239815667 -0.135353133 0.982415676 0.12860398 0.256592512 -0.0906135887 0.96226269";
      isRenderEnabled = "false";
      canSave = "1";
      canSaveDynamicFields = "1";
      persistentId = "ef0d834e-060b-4645-b77d-10e6062f09ac";
   };
   new TSStatic() {
      shapeName = "/levels/west_coast_usa/art/shapes/objects/constructionbarrier_arrows.dae";
      dynamic = "0";
      playAmbient = "1";
      meshCulling = "0";
      originSort = "0";
      useInstanceRenderData = "1";
      instanceColor = "White";
      instanceColor1 = "White";
      instanceColor2 = "White";
      collisionType = "Collision Mesh";
      decalType = "Collision Mesh";
      prebuildCollisionData = "0";
      renderNormals = "0";
      forceDetail = "-1";
      position = "795.71344 -777.12793 164.445923";
      scale = "1 1 1";
      rotationMatrix = "-0.820753694 -0.56726712 -0.0676086321 0.569834054 -0.821340561 -0.0262386985 -0.0406453684 -0.0600612201 0.997366846";
      isRenderEnabled = "false";
      canSave = "1";
      canSaveDynamicFields = "1";
      persistentId = "767c456c-acc4-45c5-a3bf-6b1e3bf9ccfe";
   };
   new TSStatic() {
      shapeName = "/levels/west_coast_usa/art/shapes/objects/constructionbarrier_arrows.dae";
      dynamic = "0";
      playAmbient = "1";
      meshCulling = "0";
      originSort = "0";
      useInstanceRenderData = "1";
      instanceColor = "White";
      instanceColor1 = "White";
      instanceColor2 = "White";
      collisionType = "Collision Mesh";
      decalType = "Collision Mesh";
      prebuildCollisionData = "0";
      renderNormals = "0";
      forceDetail = "-1";
      position = "796.7677 -778.6474 164.370056";
      scale = "1 1 1";
      rotationMatrix = "-0.820492625 -0.567033768 -0.0725548491 0.57021153 -0.82081902 -0.0333862044 -0.0406232998 -0.0687647611 0.996805489";
      isRenderEnabled = "false";
      canSave = "1";
      canSaveDynamicFields = "1";
      persistentId = "75c63056-2ae3-4c1e-97c7-9d2c021b478e";
   };
   new TSStatic() {
      shapeName = "/levels/west_coast_usa/art/shapes/objects/constructionbarrier_arrows.dae";
      dynamic = "0";
      playAmbient = "1";
      meshCulling = "0";
      originSort = "0";
      useInstanceRenderData = "1";
      instanceColor = "White";
      instanceColor1 = "White";
      instanceColor2 = "White";
      collisionType = "Collision Mesh";
      decalType = "Collision Mesh";
      prebuildCollisionData = "0";
      renderNormals = "0";
      forceDetail = "-1";
      position = "797.811279 -780.234253 164.28418";
      scale = "1 1 1";
      rotationMatrix = "-0.857879758 -0.50789994 -0.0779761598 0.511750281 -0.85818553 -0.0403690934 -0.0464145392 -0.0745361373 0.996137559";
      isRenderEnabled = "false";
      canSave = "1";
      canSaveDynamicFields = "1";
      persistentId = "7e1ee30a-77de-46d5-95a9-3ce2c193ed2c";
   };
   new TSStatic() {
      shapeName = "/levels/west_coast_usa/art/shapes/objects/constructionbarrier_arrows.dae";
      dynamic = "0";
      playAmbient = "1";
      meshCulling = "0";
      originSort = "0";
      useInstanceRenderData = "1";
      instanceColor = "White";
      instanceColor1 = "White";
      instanceColor2 = "White";
      collisionType = "Collision Mesh";
      decalType = "Collision Mesh";
      prebuildCollisionData = "0";
      renderNormals = "0";
      forceDetail = "-1";
      position = "798.703125 -781.88385 164.172882";
      scale = "1 1 1";
      rotationMatrix = "-0.898450255 -0.43185249 -0.0793125257 0.437322766 -0.89626658 -0.0738573819 -0.039189674 -0.10104236 0.994109988";
      isRenderEnabled = "false";
      canSave = "1";
      canSaveDynamicFields = "1";
      persistentId = "c5e41008-9181-4d35-b40f-9903bd7f445c";
   };
   new TSStatic() {
      shapeName = "/levels/west_coast_usa/art/shapes/objects/constructionbarrier_arrows.dae";
      dynamic = "0";
      playAmbient = "1";
      meshCulling = "0";
      originSort = "0";
      useInstanceRenderData = "1";
      instanceColor = "White";
      instanceColor1 = "White";
      instanceColor2 = "White";
      collisionType = "Collision Mesh";
      decalType = "Collision Mesh";
      prebuildCollisionData = "0";
      renderNormals = "0";
      forceDetail = "-1";
      position = "799.523804 -783.555054 164.023605";
      scale = "1 1 1";
      rotationMatrix = "-0.898348808 -0.431577802 -0.0819120333 0.437597275 -0.895524025 -0.0808994845 -0.0384397954 -0.108520456 0.993350744";
      isRenderEnabled = "false";
      canSave = "1";
      canSaveDynamicFields = "1";
      persistentId = "a486892d-ad04-44f7-afe2-69d338caf04c";
   };
   new TSStatic() {
      shapeName = "/levels/west_coast_usa/art/shapes/objects/constructionbarrier_arrows.dae";
      dynamic = "0";
      playAmbient = "1";
      meshCulling = "0";
      originSort = "0";
      useInstanceRenderData = "1";
      instanceColor = "White";
      instanceColor1 = "White";
      instanceColor2 = "White";
      collisionType = "Collision Mesh";
      decalType = "Collision Mesh";
      prebuildCollisionData = "0";
      renderNormals = "0";
      forceDetail = "-1";
      position = "800.360901 -785.217041 163.901108";
      scale = "1 1 1";
      rotationMatrix = "-0.897872329 -0.430784494 -0.0908289105 0.43739894 -0.896320224 -0.0727470219 -0.0500735044 -0.105046004 0.993205905";
      isRenderEnabled = "false";
      canSave = "1";
      canSaveDynamicFields = "1";
      persistentId = "db1b5577-44e9-4e5f-ba57-8c6c7a629a28";
   };
   new TSStatic() {
      shapeName = "/levels/west_coast_usa/art/shapes/objects/constructionbarrier_arrows.dae";
      dynamic = "0";
      playAmbient = "1";
      meshCulling = "0";
      originSort = "0";
      useInstanceRenderData = "1";
      instanceColor = "White";
      instanceColor1 = "White";
      instanceColor2 = "White";
      collisionType = "Collision Mesh";
      decalType = "Collision Mesh";
      prebuildCollisionData = "0";
      renderNormals = "0";
      forceDetail = "-1";
      position = "801.028809 -786.977112 163.760788";
      scale = "1 1 1";
      rotationMatrix = "-0.960164189 -0.265439689 -0.0873260647 0.272545636 -0.958553553 -0.0830268264 -0.0616681129 -0.103519753 0.992713809";
      isRenderEnabled = "false";
      canSave = "1";
      canSaveDynamicFields = "1";
      persistentId = "d94bf546-2033-4340-8ff8-2b2ac5e61c6d";
   };
   new TSStatic() {
      shapeName = "/levels/west_coast_usa/art/shapes/objects/constructionbarrier_arrows.dae";
      dynamic = "0";
      playAmbient = "1";
      meshCulling = "0";
      originSort = "0";
      useInstanceRenderData = "1";
      instanceColor = "White";
      instanceColor1 = "White";
      instanceColor2 = "White";
      collisionType = "Collision Mesh";
      decalType = "Collision Mesh";
      prebuildCollisionData = "0";
      renderNormals = "0";
      forceDetail = "-1";
      position = "801.425049 -788.806702 163.613586";
      scale = "1 1 1";
      rotationMatrix = "-0.983392835 -0.156191915 -0.0924266204 0.163451642 -0.9835428 -0.076988019 -0.0788806304 -0.0908167437 0.992738724";
      isRenderEnabled = "false";
      canSave = "1";
      canSaveDynamicFields = "1";
      persistentId = "14d06a54-fb01-49ad-bde6-1da7237eb756";
   };
   new TSStatic() {
      shapeName = "/levels/west_coast_usa/art/shapes/objects/constructionbarrier_arrows.dae";
      dynamic = "0";
      playAmbient = "1";
      meshCulling = "0";
      originSort = "0";
      useInstanceRenderData = "1";
      instanceColor = "White";
      instanceColor1 = "White";
      instanceColor2 = "White";
      collisionType = "Collision Mesh";
      decalType = "Collision Mesh";
      prebuildCollisionData = "0";
      renderNormals = "0";
      forceDetail = "-1";
      position = "801.69873 -790.665161 163.46199";
      scale = "1 1 1";
      rotationMatrix = "-0.989148378 -0.11030329 -0.0970475897 0.119265057 -0.988593221 -0.0919731334 -0.0857956633 -0.102549486 0.991021037";
      isRenderEnabled = "false";
      canSave = "1";
      canSaveDynamicFields = "1";
      persistentId = "60ac284d-68b5-4eb3-be18-046eaa9b22d4";
   };
   new TSStatic() {
      shapeName = "/levels/west_coast_usa/art/shapes/objects/constructionbarrier_arrows.dae";
      dynamic = "0";
      playAmbient = "1";
      meshCulling = "0";
      originSort = "0";
      useInstanceRenderData = "1";
      instanceColor = "White";
      instanceColor1 = "White";
      instanceColor2 = "White";
      collisionType = "Collision Mesh";
      decalType = "Collision Mesh";
      prebuildCollisionData = "0";
      renderNormals = "0";
      forceDetail = "-1";
      position = "801.846863 -792.5495 163.301361";
      scale = "1 1 1";
      rotationMatrix = "-0.995384455 -0.0276206769 -0.0919068903 0.0337374248 -0.997270226 -0.0656798407 -0.0898418874 -0.0684773996 0.993599176";
      isRenderEnabled = "false";
      canSave = "1";
      canSaveDynamicFields = "1";
      persistentId = "edfa136f-1f92-4e0f-91ed-42b76eb3af75";
   };
   new TSStatic() {
      shapeName = "/levels/west_coast_usa/art/shapes/objects/constructionbarrier_arrows.dae";
      dynamic = "0";
      playAmbient = "1";
      meshCulling = "0";
      originSort = "0";
      useInstanceRenderData = "1";
      instanceColor = "White";
      instanceColor1 = "White";
      instanceColor2 = "White";
      collisionType = "Collision Mesh";
      decalType = "Collision Mesh";
      prebuildCollisionData = "0";
      renderNormals = "0";
      forceDetail = "-1";
      position = "794.627319 -775.579956 164.509628";
      scale = "1 1 1";
      rotationMatrix = "-0.820928216 -0.567398608 -0.064311564 0.569877923 -0.821212888 -0.0291366726 -0.0362813659 -0.0605688468 0.997504413";
      isRenderEnabled = "false";
      canSave = "1";
      canSaveDynamicFields = "1";
      persistentId = "dd194e37-5b2d-4b54-8ed7-aff0e89bfa3b";
   };
   new TSStatic() {
      shapeName = "/levels/west_coast_usa/art/shapes/objects/constructionbarrier_arrows.dae";
      dynamic = "0";
      playAmbient = "1";
      meshCulling = "0";
      originSort = "0";
      useInstanceRenderData = "1";
      instanceColor = "White";
      instanceColor1 = "White";
      instanceColor2 = "White";
      collisionType = "Collision Mesh";
      decalType = "Collision Mesh";
      prebuildCollisionData = "0";
      renderNormals = "0";
      forceDetail = "-1";
      position = "793.568359 -774.052246 164.568481";
      scale = "1 1 1";
      rotationMatrix = "-0.821047425 -0.567328453 -0.0634023026 0.569690466 -0.821402073 -0.0274144188 -0.0365258008 -0.0586282238 0.997611463";
      isRenderEnabled = "false";
      canSave = "1";
      canSaveDynamicFields = "1";
      persistentId = "217e4d13-5409-460f-af6c-1bb1274165df";
   };
   new TSStatic() {
      shapeName = "/levels/west_coast_usa/art/shapes/objects/constructionbarrier_arrows.dae";
      dynamic = "0";
      playAmbient = "1";
      meshCulling = "0";
      originSort = "0";
      useInstanceRenderData = "1";
      instanceColor = "White";
      instanceColor1 = "White";
      instanceColor2 = "White";
      collisionType = "Collision Mesh";
      decalType = "Collision Mesh";
      prebuildCollisionData = "0";
      renderNormals = "0";
      forceDetail = "-1";
      position = "616.761719 -815.250732 157.110138";
      scale = "1 1 1";
      rotationMatrix = "-0.749667525 -0.647174001 -0.138433844 0.657771707 -0.751690269 -0.0479338989 -0.0730378181 -0.126992375 0.989211023";
      isRenderEnabled = "false";
      canSave = "1";
      canSaveDynamicFields = "1";
      persistentId = "d2f8c9b5-cf92-4dc3-851f-64cc50626de6";
   };
};
//--- OBJECT WRITE END ---





