//--- OBJECT WRITE BEGIN ---
$ThisPrefab = new SimGroup() {
   canSave = "1";
   canSaveDynamicFields = "1";
      groupPosition = "0 0 0";

   new TSStatic() {
      shapeName = "/levels/west_coast_usa/art/shapes/objects/constructionbarrier_arrows.dae";
      dynamic = "0";
      playAmbient = "1";
      meshCulling = "0";
      originSort = "0";
      useInstanceRenderData = "1";
      instanceColor = "White";
      instanceColor1 = "White";
      instanceColor2 = "White";
      collisionType = "Collision Mesh";
      decalType = "Collision Mesh";
      prebuildCollisionData = "0";
      renderNormals = "0";
      forceDetail = "-1";
      position = "509.132812 -839.789795 167.233582";
      scale = "1 1 1";
      rotationMatrix = "-0.9186095 -0.29430297 0.263708055 0.233229488 -0.942492247 -0.239399046 0.318998694 -0.158409774 0.93442291";
      isRenderEnabled = "false";
      canSave = "1";
      canSaveDynamicFields = "1";
      persistentId = "ff703539-38ce-4573-affe-34010d40f71d";
   };
   new TSStatic() {
      shapeName = "/levels/west_coast_usa/art/shapes/objects/constructionbarrier_arrows.dae";
      dynamic = "0";
      playAmbient = "1";
      meshCulling = "0";
      originSort = "0";
      useInstanceRenderData = "1";
      instanceColor = "White";
      instanceColor1 = "White";
      instanceColor2 = "White";
      collisionType = "Collision Mesh";
      decalType = "Collision Mesh";
      prebuildCollisionData = "0";
      renderNormals = "0";
      forceDetail = "-1";
      position = "509.621002 -841.666504 166.824188";
      scale = "1 1 1";
      rotationMatrix = "-0.918610096 -0.294303119 0.263708174 0.262190163 -0.953212023 -0.150479585 0.295656264 -0.069090344 0.952792704";
      isRenderEnabled = "false";
      canSave = "1";
      canSaveDynamicFields = "1";
      persistentId = "97fe08ad-0e86-4e95-8576-0bc96715ade4";
   };
   new TSStatic() {
      shapeName = "/levels/west_coast_usa/art/shapes/objects/constructionbarrier_arrows.dae";
      dynamic = "0";
      playAmbient = "1";
      meshCulling = "0";
      originSort = "0";
      useInstanceRenderData = "1";
      instanceColor = "White";
      instanceColor1 = "White";
      instanceColor2 = "White";
      collisionType = "Collision Mesh";
      decalType = "Collision Mesh";
      prebuildCollisionData = "0";
      renderNormals = "0";
      forceDetail = "-1";
      position = "510.09021 -843.473511 166.573502";
      scale = "1 1 1";
      rotationMatrix = "-0.904568315 -0.298916012 0.303982019 0.26558575 -0.952864528 -0.146673277 0.333496749 -0.051942721 0.941319227";
      isRenderEnabled = "false";
      canSave = "1";
      canSaveDynamicFields = "1";
      persistentId = "a162b377-4124-4be1-8571-44b0927fa3e9";
   };
   new TSStatic() {
      shapeName = "/levels/west_coast_usa/art/shapes/objects/constructionbarrier_arrows.dae";
      dynamic = "0";
      playAmbient = "1";
      meshCulling = "0";
      originSort = "0";
      useInstanceRenderData = "1";
      instanceColor = "White";
      instanceColor1 = "White";
      instanceColor2 = "White";
      collisionType = "Collision Mesh";
      decalType = "Collision Mesh";
      prebuildCollisionData = "0";
      renderNormals = "0";
      forceDetail = "-1";
      position = "510.798828 -845.241943 166.258957";
      scale = "1 1 1";
      rotationMatrix = "-0.836634755 -0.477200717 0.26892668 0.446153253 -0.878493905 -0.170866668 0.317788184 -0.0229704902 0.947883427";
      isRenderEnabled = "false";
      canSave = "1";
      canSaveDynamicFields = "1";
      persistentId = "bb57d904-4531-42fc-aa91-83671c9a7da0";
   };
   new TSStatic() {
      shapeName = "/levels/west_coast_usa/art/shapes/objects/constructionbarrier_arrows.dae";
      dynamic = "0";
      playAmbient = "1";
      meshCulling = "0";
      originSort = "0";
      useInstanceRenderData = "1";
      instanceColor = "White";
      instanceColor1 = "White";
      instanceColor2 = "White";
      collisionType = "Collision Mesh";
      decalType = "Collision Mesh";
      prebuildCollisionData = "0";
      renderNormals = "0";
      forceDetail = "-1";
      position = "511.724426 -846.865479 165.910004";
      scale = "1 1 1";
      rotationMatrix = "-0.777668715 -0.567675173 0.270142615 0.536313474 -0.823253155 -0.186072379 0.328024268 0.000178478658 0.944669306";
      isRenderEnabled = "false";
      canSave = "1";
      canSaveDynamicFields = "1";
      persistentId = "85750d02-1748-499a-848c-c84e85b102fb";
   };
   new TSStatic() {
      shapeName = "/levels/west_coast_usa/art/shapes/objects/constructionbarrier_arrows.dae";
      dynamic = "0";
      playAmbient = "1";
      meshCulling = "0";
      originSort = "0";
      useInstanceRenderData = "1";
      instanceColor = "White";
      instanceColor1 = "White";
      instanceColor2 = "White";
      collisionType = "Collision Mesh";
      decalType = "Collision Mesh";
      prebuildCollisionData = "0";
      renderNormals = "0";
      forceDetail = "-1";
      position = "512.929749 -848.36322 165.590652";
      scale = "1 1 1";
      rotationMatrix = "-0.668843269 -0.701981664 0.244683728 0.687614083 -0.709277987 -0.155278325 0.282551348 0.0643910915 0.95708853";
      isRenderEnabled = "false";
      canSave = "1";
      canSaveDynamicFields = "1";
      persistentId = "23db0378-10b9-410d-a8e5-b32c867e7d7f";
   };
   new TSStatic() {
      shapeName = "/levels/west_coast_usa/art/shapes/objects/constructionbarrier_arrows.dae";
      dynamic = "0";
      playAmbient = "1";
      meshCulling = "0";
      originSort = "0";
      useInstanceRenderData = "1";
      instanceColor = "White";
      instanceColor1 = "White";
      instanceColor2 = "White";
      collisionType = "Collision Mesh";
      decalType = "Collision Mesh";
      prebuildCollisionData = "0";
      renderNormals = "0";
      forceDetail = "-1";
      position = "514.317505 -849.613037 165.292145";
      scale = "1 1 1";
      rotationMatrix = "-0.566261292 -0.787761748 0.242445514 0.784905493 -0.60515976 -0.133061171 0.251538724 0.114949413 0.960996807";
      isRenderEnabled = "false";
      canSave = "1";
      canSaveDynamicFields = "1";
      persistentId = "fe64fae1-0398-448c-8ca1-53f03b2d2282";
   };
   new TSStatic() {
      shapeName = "/levels/west_coast_usa/art/shapes/objects/constructionbarrier_arrows.dae";
      dynamic = "0";
      playAmbient = "1";
      meshCulling = "0";
      originSort = "0";
      useInstanceRenderData = "1";
      instanceColor = "White";
      instanceColor1 = "White";
      instanceColor2 = "White";
      collisionType = "Collision Mesh";
      decalType = "Collision Mesh";
      prebuildCollisionData = "0";
      renderNormals = "0";
      forceDetail = "-1";
      position = "515.942261 -850.670166 165.075317";
      scale = "1 1 1";
      rotationMatrix = "-0.479224205 -0.854301631 0.201277524 0.857761443 -0.504454255 -0.0988486707 0.185981899 0.125277415 0.974533856";
      isRenderEnabled = "false";
      canSave = "1";
      canSaveDynamicFields = "1";
      persistentId = "3a3058b5-95fa-4a51-ad58-7149a5856dff";
   };
   new TSStatic() {
      shapeName = "/levels/west_coast_usa/art/shapes/objects/constructionbarrier_arrows.dae";
      dynamic = "0";
      playAmbient = "1";
      meshCulling = "0";
      originSort = "0";
      useInstanceRenderData = "1";
      instanceColor = "White";
      instanceColor1 = "White";
      instanceColor2 = "White";
      collisionType = "Collision Mesh";
      decalType = "Collision Mesh";
      prebuildCollisionData = "0";
      renderNormals = "0";
      forceDetail = "-1";
      position = "517.578979 -851.583679 164.953598";
      scale = "1 1 1";
      rotationMatrix = "-0.451005697 -0.86575073 0.216953456 0.877604544 -0.474421859 -0.0688000545 0.162491262 0.159370154 0.973754466";
      isRenderEnabled = "false";
      canSave = "1";
      canSaveDynamicFields = "1";
      persistentId = "37db1ef7-ee51-403d-970e-98124012d1c8";
   };
   new TSStatic() {
      shapeName = "/levels/west_coast_usa/art/shapes/objects/constructionbarrier_arrows.dae";
      dynamic = "0";
      playAmbient = "1";
      meshCulling = "0";
      originSort = "0";
      useInstanceRenderData = "1";
      instanceColor = "White";
      instanceColor1 = "White";
      instanceColor2 = "White";
      collisionType = "Collision Mesh";
      decalType = "Collision Mesh";
      prebuildCollisionData = "0";
      renderNormals = "0";
      forceDetail = "-1";
      position = "519.268005 -852.492126 164.810806";
      scale = "1 1 1";
      rotationMatrix = "-0.420628905 -0.874099553 0.242943078 0.884770691 -0.454452157 -0.103218958 0.200629652 0.17153202 0.964533329";
      isRenderEnabled = "false";
      canSave = "1";
      canSaveDynamicFields = "1";
      persistentId = "2019302d-5e6e-46dd-b225-101943866da5";
   };
   new TSStatic() {
      shapeName = "/levels/west_coast_usa/art/shapes/objects/constructionbarrier_arrows.dae";
      dynamic = "0";
      playAmbient = "1";
      meshCulling = "0";
      originSort = "0";
      useInstanceRenderData = "1";
      instanceColor = "White";
      instanceColor1 = "White";
      instanceColor2 = "White";
      collisionType = "Collision Mesh";
      decalType = "Collision Mesh";
      prebuildCollisionData = "0";
      renderNormals = "0";
      forceDetail = "-1";
      position = "520.903076 -853.314941 164.579514";
      scale = "1 1 1";
      rotationMatrix = "-0.450260997 -0.87045449 0.198932245 0.8695485 -0.47808218 -0.12378598 0.202856019 0.11724522 0.972164094";
      isRenderEnabled = "false";
      canSave = "1";
      canSaveDynamicFields = "1";
      persistentId = "3cf5faf1-9b74-4946-b63e-616a9c3f119c";
   };
   new TSStatic() {
      shapeName = "/levels/west_coast_usa/art/shapes/objects/constructionbarrier_arrows.dae";
      dynamic = "0";
      playAmbient = "1";
      meshCulling = "0";
      originSort = "0";
      useInstanceRenderData = "1";
      instanceColor = "White";
      instanceColor1 = "White";
      instanceColor2 = "White";
      collisionType = "Collision Mesh";
      decalType = "Collision Mesh";
      prebuildCollisionData = "0";
      renderNormals = "0";
      forceDetail = "-1";
      position = "522.564209 -854.121216 164.332642";
      scale = "1 1 1";
      rotationMatrix = "-0.443156958 -0.887977898 0.122911595 0.87472564 -0.458334446 -0.157431349 0.196130157 0.0377471484 0.979851067";
      isRenderEnabled = "false";
      canSave = "1";
      canSaveDynamicFields = "1";
      persistentId = "309c85da-f82e-42d1-a3f1-20809445b7d9";
   };
   new TSStatic() {
      shapeName = "/levels/west_coast_usa/art/shapes/objects/constructionbarrier_arrows.dae";
      dynamic = "0";
      playAmbient = "1";
      meshCulling = "0";
      originSort = "0";
      useInstanceRenderData = "1";
      instanceColor = "White";
      instanceColor1 = "White";
      instanceColor2 = "White";
      collisionType = "Collision Mesh";
      decalType = "Collision Mesh";
      prebuildCollisionData = "0";
      renderNormals = "0";
      forceDetail = "-1";
      position = "560.174072 -879.793152 154.714233";
      scale = "1 1 1";
      rotationMatrix = "-0.856306076 -0.508048654 -0.0928785205 0.516350865 -0.838312387 -0.174969152 0.0110316314 -0.197785065 0.980183363";
      isRenderEnabled = "false";
      canSave = "1";
      canSaveDynamicFields = "1";
      persistentId = "c8647f78-0dae-4336-8337-b5cfcfee8330";
   };
   new TSStatic() {
      shapeName = "/levels/west_coast_usa/art/shapes/objects/constructionbarrier_arrows.dae";
      dynamic = "0";
      playAmbient = "1";
      meshCulling = "0";
      originSort = "0";
      useInstanceRenderData = "1";
      instanceColor = "White";
      instanceColor1 = "White";
      instanceColor2 = "White";
      collisionType = "Collision Mesh";
      decalType = "Collision Mesh";
      prebuildCollisionData = "0";
      renderNormals = "0";
      forceDetail = "-1";
      position = "561.343262 -881.292725 154.457474";
      scale = "1 1 1";
      rotationMatrix = "-0.704936862 -0.700841367 -0.109018117 0.709265888 -0.696051955 -0.111593276 0.0023268871 -0.155989081 0.987756014";
      isRenderEnabled = "false";
      canSave = "1";
      canSaveDynamicFields = "1";
      persistentId = "d4cc7e73-7794-4f84-8629-05f0dd09a77d";
   };
   new TSStatic() {
      shapeName = "/levels/west_coast_usa/art/shapes/objects/constructionbarrier_arrows.dae";
      dynamic = "0";
      playAmbient = "1";
      meshCulling = "0";
      originSort = "0";
      useInstanceRenderData = "1";
      instanceColor = "White";
      instanceColor1 = "White";
      instanceColor2 = "White";
      collisionType = "Collision Mesh";
      decalType = "Collision Mesh";
      prebuildCollisionData = "0";
      renderNormals = "0";
      forceDetail = "-1";
      position = "562.614197 -882.669128 154.279083";
      scale = "1 1 1";
      rotationMatrix = "-0.75749898 -0.645200551 -0.0995541885 0.652584612 -0.752582192 -0.0880500525 -0.0181127936 -0.131665394 0.991128743";
      isRenderEnabled = "false";
      canSave = "1";
      canSaveDynamicFields = "1";
      persistentId = "a7f1b2be-72b6-4c00-b059-354767f2fc8b";
   };
   new TSStatic() {
      shapeName = "/levels/west_coast_usa/art/shapes/objects/constructionbarrier_arrows.dae";
      dynamic = "0";
      playAmbient = "1";
      meshCulling = "0";
      originSort = "0";
      useInstanceRenderData = "1";
      instanceColor = "White";
      instanceColor1 = "White";
      instanceColor2 = "White";
      collisionType = "Collision Mesh";
      decalType = "Collision Mesh";
      prebuildCollisionData = "0";
      renderNormals = "0";
      forceDetail = "-1";
      position = "563.885742 -884.030029 154.124908";
      scale = "1 1 1";
      rotationMatrix = "-0.722068429 -0.684417367 -0.100946337 0.691326976 -0.719346881 -0.0678760558 -0.0261598788 -0.118798077 0.992573738";
      isRenderEnabled = "false";
      canSave = "1";
      canSaveDynamicFields = "1";
      persistentId = "5ad6d42f-36b3-46d8-8631-dd214f81ac25";
   };
   new TSStatic() {
      shapeName = "/levels/west_coast_usa/art/shapes/objects/constructionbarrier_arrows.dae";
      dynamic = "0";
      playAmbient = "1";
      meshCulling = "0";
      originSort = "0";
      useInstanceRenderData = "1";
      instanceColor = "White";
      instanceColor1 = "White";
      instanceColor2 = "White";
      collisionType = "Collision Mesh";
      decalType = "Collision Mesh";
      prebuildCollisionData = "0";
      renderNormals = "0";
      forceDetail = "-1";
      position = "565.176575 -885.420837 154.031219";
      scale = "1 1 1";
      rotationMatrix = "-0.736286879 -0.672401607 -0.0758808628 0.676241577 -0.73516798 -0.0471756384 -0.0240641925 -0.0860485956 0.99600029";
      isRenderEnabled = "false";
      canSave = "1";
      canSaveDynamicFields = "1";
      persistentId = "e70c3c93-a62b-4620-b81e-2337b1594b21";
   };
   new TSStatic() {
      shapeName = "/levels/west_coast_usa/art/shapes/objects/constructionbarrier_arrows.dae";
      dynamic = "0";
      playAmbient = "1";
      meshCulling = "0";
      originSort = "0";
      useInstanceRenderData = "1";
      instanceColor = "White";
      instanceColor1 = "White";
      instanceColor2 = "White";
      collisionType = "Collision Mesh";
      decalType = "Collision Mesh";
      prebuildCollisionData = "0";
      renderNormals = "0";
      forceDetail = "-1";
      position = "566.423096 -886.841492 153.966202";
      scale = "1 1 1";
      rotationMatrix = "-0.732012391 -0.680502594 -0.0327635482 0.681265652 -0.731552482 -0.0266016889 -0.00586573966 -0.0417934582 0.99910903";
      isRenderEnabled = "false";
      canSave = "1";
      canSaveDynamicFields = "1";
      persistentId = "667cf2db-2bdc-40ed-8236-49fe9d44169b";
   };
   new TSStatic() {
      shapeName = "/levels/west_coast_usa/art/shapes/objects/constructionbarrier_arrows.dae";
      dynamic = "0";
      playAmbient = "1";
      meshCulling = "0";
      originSort = "0";
      useInstanceRenderData = "1";
      instanceColor = "White";
      instanceColor1 = "White";
      instanceColor2 = "White";
      collisionType = "Collision Mesh";
      decalType = "Collision Mesh";
      prebuildCollisionData = "0";
      renderNormals = "0";
      forceDetail = "-1";
      position = "567.665039 -888.226624 153.930359";
      scale = "1 1 1";
      rotationMatrix = "-0.731636047 -0.681695223 -6.43189996e-05 0.681421518 -0.731339693 -0.0284030624 0.0193151943 -0.0208245367 0.999596536";
      isRenderEnabled = "false";
      canSave = "1";
      canSaveDynamicFields = "1";
      persistentId = "690f9365-13d0-425a-bc7a-991919c85d8f";
   };
   new TSStatic() {
      shapeName = "/levels/west_coast_usa/art/shapes/objects/constructionbarrier_arrows.dae";
      dynamic = "0";
      playAmbient = "1";
      meshCulling = "0";
      originSort = "0";
      useInstanceRenderData = "1";
      instanceColor = "White";
      instanceColor1 = "White";
      instanceColor2 = "White";
      collisionType = "Collision Mesh";
      decalType = "Collision Mesh";
      prebuildCollisionData = "0";
      renderNormals = "0";
      forceDetail = "-1";
      position = "568.91095 -889.6875 153.901154";
      scale = "1 1 1";
      rotationMatrix = "-0.734046936 -0.677508533 0.0464483798 0.677794874 -0.735158324 -0.011685132 0.0420636833 0.0229050368 0.998852372";
      isRenderEnabled = "false";
      canSave = "1";
      canSaveDynamicFields = "1";
      persistentId = "60fe5d83-72b0-4eee-b796-0f7f6b4ed46c";
   };
   new TSStatic() {
      shapeName = "/levels/west_coast_usa/art/shapes/objects/arrowboard_L.dae";
      dynamic = "0";
      playAmbient = "1";
      meshCulling = "0";
      originSort = "0";
      useInstanceRenderData = "1";
      instanceColor = "White";
      instanceColor1 = "White";
      instanceColor2 = "White";
      collisionType = "Collision Mesh";
      decalType = "Collision Mesh";
      prebuildCollisionData = "0";
      renderNormals = "0";
      forceDetail = "-1";
      position = "595.312256 -891.982422 154.348007";
      scale = "1 1 1";
      rotationMatrix = "-0.732277751 0.670431912 -0.119539961 -0.677860439 -0.734429479 0.0334375761 -0.065376088 0.105517015 0.992266178";
      isRenderEnabled = "false";
      canSave = "1";
      canSaveDynamicFields = "1";
      persistentId = "049c4d48-ff57-4821-84af-e7f779ab0dcc";
   };
   new TSStatic() {
      shapeName = "/levels/west_coast_usa/art/shapes/objects/arrowboard_R.dae";
      dynamic = "0";
      playAmbient = "1";
      meshCulling = "0";
      originSort = "0";
      useInstanceRenderData = "1";
      instanceColor = "White";
      instanceColor1 = "White";
      instanceColor2 = "White";
      collisionType = "Collision Mesh";
      decalType = "Collision Mesh";
      prebuildCollisionData = "0";
      renderNormals = "0";
      forceDetail = "-1";
      position = "571.781311 -852.278381 154.949677";
      scale = "1 1 1";
      rotationMatrix = "-0.968601227 -0.241207615 0.0602537952 0.244910702 -0.967411757 0.0642899573 0.0427830033 0.0770281255 0.996110559";
      isRenderEnabled = "false";
      canSave = "1";
      canSaveDynamicFields = "1";
      persistentId = "8844f798-a8ab-41da-aacc-ac8377c1f33c";
   };
   new TSStatic() {
      shapeName = "/levels/west_coast_usa/art/shapes/objects/arrowboard_L.dae";
      dynamic = "0";
      playAmbient = "1";
      meshCulling = "0";
      originSort = "0";
      useInstanceRenderData = "1";
      instanceColor = "White";
      instanceColor1 = "White";
      instanceColor2 = "White";
      collisionType = "Collision Mesh";
      decalType = "Collision Mesh";
      prebuildCollisionData = "0";
      renderNormals = "0";
      forceDetail = "-1";
      position = "803.52356 -780.329651 164.591293";
      scale = "1 1 1";
      rotationMatrix = "-0.735618949 -0.669589341 -0.102539062 0.675622046 -0.736184001 -0.0395886451 -0.0489795096 -0.0983998328 0.99394089";
      isRenderEnabled = "false";
      canSave = "1";
      canSaveDynamicFields = "1";
      persistentId = "2b686bec-08ec-48dc-a75f-7d95f910759d";
   };
   new TSStatic() {
      shapeName = "/levels/west_coast_usa/art/shapes/objects/arrowboard_L.dae";
      dynamic = "0";
      playAmbient = "1";
      meshCulling = "0";
      originSort = "0";
      useInstanceRenderData = "1";
      instanceColor = "White";
      instanceColor1 = "White";
      instanceColor2 = "White";
      collisionType = "Collision Mesh";
      decalType = "Collision Mesh";
      prebuildCollisionData = "0";
      renderNormals = "0";
      forceDetail = "-1";
      position = "807.97644 -787.916321 164.295319";
      scale = "1 1 1";
      rotationMatrix = "-0.859282732 -0.502166331 -0.0972710252 0.505357444 -0.862854719 -0.00974902324 -0.0790351629 -0.0575338155 0.995210171";
      isRenderEnabled = "false";
      canSave = "1";
      canSaveDynamicFields = "1";
      persistentId = "ec81d640-7882-49b3-9017-84db2ab4a45f";
   };
   new TSStatic() {
      shapeName = "/levels/west_coast_usa/art/shapes/objects/arrowboard_L.dae";
      dynamic = "0";
      playAmbient = "1";
      meshCulling = "0";
      originSort = "0";
      useInstanceRenderData = "1";
      instanceColor = "White";
      instanceColor1 = "White";
      instanceColor2 = "White";
      collisionType = "Collision Mesh";
      decalType = "Collision Mesh";
      prebuildCollisionData = "0";
      renderNormals = "0";
      forceDetail = "-1";
      position = "647.824707 -854.624207 155.782745";
      scale = "1 1 1";
      rotationMatrix = "-0.866896391 -0.493040025 -0.073503837 0.497304797 -0.86554122 -0.0593877211 -0.0343400575 -0.088036783 0.995525122";
      isRenderEnabled = "false";
      canSave = "1";
      canSaveDynamicFields = "1";
      persistentId = "45538f5c-222c-4ee5-8d82-a4beca7070d3";
   };
   new TSStatic() {
      shapeName = "/levels/west_coast_usa/art/shapes/objects/arrowboard_L.dae";
      dynamic = "0";
      playAmbient = "1";
      meshCulling = "0";
      originSort = "0";
      useInstanceRenderData = "1";
      instanceColor = "White";
      instanceColor1 = "White";
      instanceColor2 = "White";
      collisionType = "Collision Mesh";
      decalType = "Collision Mesh";
      prebuildCollisionData = "0";
      renderNormals = "0";
      forceDetail = "-1";
      position = "648.881042 -847.251404 156.456085";
      scale = "1 1 1";
      rotationMatrix = "-0.866206288 -0.496923745 -0.0524718799 0.499168694 -0.865303636 -0.0456087813 -0.0227400251 -0.0656989366 0.997580349";
      isRenderEnabled = "false";
      canSave = "1";
      canSaveDynamicFields = "1";
      persistentId = "dde30dec-bbb2-4671-9694-27bd6893976a";
   };
   new TSStatic() {
      shapeName = "/levels/west_coast_usa/art/shapes/objects/constructionbarrier_arrows.dae";
      dynamic = "0";
      playAmbient = "1";
      meshCulling = "0";
      originSort = "0";
      useInstanceRenderData = "1";
      instanceColor = "White";
      instanceColor1 = "White";
      instanceColor2 = "White";
      collisionType = "Collision Mesh";
      decalType = "Collision Mesh";
      prebuildCollisionData = "0";
      renderNormals = "0";
      forceDetail = "-1";
      position = "793.69043 -774.148743 164.558212";
      scale = "1 1 1";
      rotationMatrix = "0.805111527 0.589683056 0.0637909472 -0.592102528 0.805371225 0.0281362422 -0.0347839221 -0.0604236014 0.997566581";
      isRenderEnabled = "false";
      canSave = "1";
      canSaveDynamicFields = "1";
      persistentId = "217e4d13-5409-460f-af6c-1bb1274165df";
   };
   new TSStatic() {
      shapeName = "/levels/west_coast_usa/art/shapes/objects/constructionbarrier_arrows.dae";
      dynamic = "0";
      playAmbient = "1";
      meshCulling = "0";
      originSort = "0";
      useInstanceRenderData = "1";
      instanceColor = "White";
      instanceColor1 = "White";
      instanceColor2 = "White";
      collisionType = "Collision Mesh";
      decalType = "Collision Mesh";
      prebuildCollisionData = "0";
      renderNormals = "0";
      forceDetail = "-1";
      position = "794.732117 -775.669983 164.481796";
      scale = "1 1 1";
      rotationMatrix = "0.840240419 0.538479745 0.0635261685 -0.540984333 0.840447247 0.0313743576 -0.0364959352 -0.0607286692 0.997486889";
      isRenderEnabled = "false";
      canSave = "1";
      canSaveDynamicFields = "1";
      persistentId = "dd194e37-5b2d-4b54-8ed7-aff0e89bfa3b";
   };
   new TSStatic() {
      shapeName = "/levels/west_coast_usa/art/shapes/objects/constructionbarrier_arrows.dae";
      dynamic = "0";
      playAmbient = "1";
      meshCulling = "0";
      originSort = "0";
      useInstanceRenderData = "1";
      instanceColor = "White";
      instanceColor1 = "White";
      instanceColor2 = "White";
      collisionType = "Collision Mesh";
      decalType = "Collision Mesh";
      prebuildCollisionData = "0";
      renderNormals = "0";
      forceDetail = "-1";
      position = "801.785522 -792.647827 163.289673";
      scale = "1 1 1";
      rotationMatrix = "0.995912552 0.00314432359 0.0902677551 -0.00930549763 0.997647703 0.067915 -0.0898418799 -0.0684773847 0.993599176";
      isRenderEnabled = "false";
      canSave = "1";
      canSaveDynamicFields = "1";
      persistentId = "edfa136f-1f92-4e0f-91ed-42b76eb3af75";
   };
   new TSStatic() {
      shapeName = "/levels/west_coast_usa/art/shapes/objects/constructionbarrier_arrows.dae";
      dynamic = "0";
      playAmbient = "1";
      meshCulling = "0";
      originSort = "0";
      useInstanceRenderData = "1";
      instanceColor = "White";
      instanceColor1 = "White";
      instanceColor2 = "White";
      collisionType = "Collision Mesh";
      decalType = "Collision Mesh";
      prebuildCollisionData = "0";
      renderNormals = "0";
      forceDetail = "-1";
      position = "801.63739 -790.763489 163.450302";
      scale = "1 1 1";
      rotationMatrix = "0.985248566 0.140232816 0.0980815366 -0.149296269 0.984491348 0.092126824 -0.0836412236 -0.10541103 0.990904987";
      isRenderEnabled = "false";
      canSave = "1";
      canSaveDynamicFields = "1";
      persistentId = "60ac284d-68b5-4eb3-be18-046eaa9b22d4";
   };
   new TSStatic() {
      shapeName = "/levels/west_coast_usa/art/shapes/objects/constructionbarrier_arrows.dae";
      dynamic = "0";
      playAmbient = "1";
      meshCulling = "0";
      originSort = "0";
      useInstanceRenderData = "1";
      instanceColor = "White";
      instanceColor1 = "White";
      instanceColor2 = "White";
      collisionType = "Collision Mesh";
      decalType = "Collision Mesh";
      prebuildCollisionData = "0";
      renderNormals = "0";
      forceDetail = "-1";
      position = "801.364868 -788.947754 163.609116";
      scale = "1 1 1";
      rotationMatrix = "0.989271879 0.115282014 0.0897284597 -0.121483639 0.990328491 0.0670164675 -0.0811348557 -0.0771980435 0.993709028";
      isRenderEnabled = "false";
      canSave = "1";
      canSaveDynamicFields = "1";
      persistentId = "14d06a54-fb01-49ad-bde6-1da7237eb756";
   };
   new TSStatic() {
      shapeName = "/levels/west_coast_usa/art/shapes/objects/constructionbarrier_arrows.dae";
      dynamic = "0";
      playAmbient = "1";
      meshCulling = "0";
      originSort = "0";
      useInstanceRenderData = "1";
      instanceColor = "White";
      instanceColor1 = "White";
      instanceColor2 = "White";
      collisionType = "Collision Mesh";
      decalType = "Collision Mesh";
      prebuildCollisionData = "0";
      renderNormals = "0";
      forceDetail = "-1";
      position = "800.97467 -787.051392 163.754623";
      scale = "1 1 1";
      rotationMatrix = "0.959613085 0.26736334 0.0875188261 -0.274003655 0.95876956 0.0753853694 -0.063755095 -0.0963212624 0.993306339";
      isRenderEnabled = "false";
      canSave = "1";
      canSaveDynamicFields = "1";
      persistentId = "d94bf546-2033-4340-8ff8-2b2ac5e61c6d";
   };
   new TSStatic() {
      shapeName = "/levels/west_coast_usa/art/shapes/objects/constructionbarrier_arrows.dae";
      dynamic = "0";
      playAmbient = "1";
      meshCulling = "0";
      originSort = "0";
      useInstanceRenderData = "1";
      instanceColor = "White";
      instanceColor1 = "White";
      instanceColor2 = "White";
      collisionType = "Collision Mesh";
      decalType = "Collision Mesh";
      prebuildCollisionData = "0";
      renderNormals = "0";
      forceDetail = "-1";
      position = "800.383545 -785.274109 163.900253";
      scale = "1 1 1";
      rotationMatrix = "0.936537087 0.341051102 0.08113195 -0.346481502 0.935725152 0.0660984144 -0.0533742718 -0.0900143459 0.99450922";
      isRenderEnabled = "false";
      canSave = "1";
      canSaveDynamicFields = "1";
      persistentId = "db1b5577-44e9-4e5f-ba57-8c6c7a629a28";
   };
   new TSStatic() {
      shapeName = "/levels/west_coast_usa/art/shapes/objects/constructionbarrier_arrows.dae";
      dynamic = "0";
      playAmbient = "1";
      meshCulling = "0";
      originSort = "0";
      useInstanceRenderData = "1";
      instanceColor = "White";
      instanceColor1 = "White";
      instanceColor2 = "White";
      collisionType = "Collision Mesh";
      decalType = "Collision Mesh";
      prebuildCollisionData = "0";
      renderNormals = "0";
      forceDetail = "-1";
      position = "799.582581 -783.576355 164.036713";
      scale = "1 1 1";
      rotationMatrix = "0.896199763 0.435219526 0.0860808045 -0.441013515 0.895066679 0.0660508424 -0.0483014397 -0.0971575528 0.994096279";
      isRenderEnabled = "false";
      canSave = "1";
      canSaveDynamicFields = "1";
      persistentId = "a486892d-ad04-44f7-afe2-69d338caf04c";
   };
   new TSStatic() {
      shapeName = "/levels/west_coast_usa/art/shapes/objects/constructionbarrier_arrows.dae";
      dynamic = "0";
      playAmbient = "1";
      meshCulling = "0";
      originSort = "0";
      useInstanceRenderData = "1";
      instanceColor = "White";
      instanceColor1 = "White";
      instanceColor2 = "White";
      collisionType = "Collision Mesh";
      decalType = "Collision Mesh";
      prebuildCollisionData = "0";
      renderNormals = "0";
      forceDetail = "-1";
      position = "798.779846 -781.927246 164.192245";
      scale = "1 1 1";
      rotationMatrix = "0.910582781 0.405934185 0.0778226405 -0.410377532 0.910367727 0.0531120859 -0.0492872037 -0.0802996159 0.995551467";
      isRenderEnabled = "false";
      canSave = "1";
      canSaveDynamicFields = "1";
      persistentId = "c5e41008-9181-4d35-b40f-9903bd7f445c";
   };
   new TSStatic() {
      shapeName = "/levels/west_coast_usa/art/shapes/objects/constructionbarrier_arrows.dae";
      dynamic = "0";
      playAmbient = "1";
      meshCulling = "0";
      originSort = "0";
      useInstanceRenderData = "1";
      instanceColor = "White";
      instanceColor1 = "White";
      instanceColor2 = "White";
      collisionType = "Collision Mesh";
      decalType = "Collision Mesh";
      prebuildCollisionData = "0";
      renderNormals = "0";
      forceDetail = "-1";
      position = "797.819885 -780.286072 164.28508";
      scale = "1 1 1";
      rotationMatrix = "0.817627847 0.570056081 0.0807514936 -0.573873162 0.818217874 0.034483932 -0.0464145392 -0.0745361373 0.996137559";
      isRenderEnabled = "false";
      canSave = "1";
      canSaveDynamicFields = "1";
      persistentId = "7e1ee30a-77de-46d5-95a9-3ce2c193ed2c";
   };
   new TSStatic() {
      shapeName = "/levels/west_coast_usa/art/shapes/objects/constructionbarrier_arrows.dae";
      dynamic = "0";
      playAmbient = "1";
      meshCulling = "0";
      originSort = "0";
      useInstanceRenderData = "1";
      instanceColor = "White";
      instanceColor1 = "White";
      instanceColor2 = "White";
      collisionType = "Collision Mesh";
      decalType = "Collision Mesh";
      prebuildCollisionData = "0";
      renderNormals = "0";
      forceDetail = "-1";
      position = "796.76947 -778.764587 164.357651";
      scale = "1 1 1";
      rotationMatrix = "0.838228524 0.540617287 0.0714552924 -0.543803871 0.838453531 0.0356789194 -0.0406232998 -0.0687647611 0.996805489";
      isRenderEnabled = "false";
      canSave = "1";
      canSaveDynamicFields = "1";
      persistentId = "75c63056-2ae3-4c1e-97c7-9d2c021b478e";
   };
   new TSStatic() {
      shapeName = "/levels/west_coast_usa/art/shapes/objects/constructionbarrier_arrows.dae";
      dynamic = "0";
      playAmbient = "1";
      meshCulling = "0";
      originSort = "0";
      useInstanceRenderData = "1";
      instanceColor = "White";
      instanceColor1 = "White";
      instanceColor2 = "White";
      collisionType = "Collision Mesh";
      decalType = "Collision Mesh";
      prebuildCollisionData = "0";
      renderNormals = "0";
      forceDetail = "-1";
      position = "795.757751 -777.20166 164.428665";
      scale = "1 1 1";
      rotationMatrix = "0.839937449 0.538573325 0.0666624755 -0.541158974 0.840435266 0.028557159 -0.0406453796 -0.0600612238 0.997366846";
      isRenderEnabled = "false";
      canSave = "1";
      canSaveDynamicFields = "1";
      persistentId = "767c456c-acc4-45c5-a3bf-6b1e3bf9ccfe";
   };
};
//--- OBJECT WRITE END ---






