{"class":"DecalRoad","persistentId":"12ebef63-3c25-4687-862c-d73ca27e7ffe","__parent":"SimGroup_","position":[-800.22229,932.825256,71.4348068],"distanceFade":[5,5],"improvedSpline":true,"material":"track_rubber","nodes":[[-800.22229,932.825256,71.4348068,4],[-915.255432,933.341797,71.4212799,4]],"startEndFade":[5,0]}
{"class":"DecalRoad","persistentId":"585cbec7-4933-4d08-bf0e-9da62f96a946","__parent":"SimGroup_","position":[-799.993713,926.648865,71.5588608],"distanceFade":[5,5],"improvedSpline":true,"material":"road_dirt_02","nodes":[[-799.993713,926.648865,71.5588608,5],[-974.81073,927.250244,71.2888031,5]],"startEndFade":[5,5]}
{"class":"DecalRoad","persistentId":"66452e7e-4259-4680-bca3-7ee68857d3b9","__parent":"SimGroup_","position":[-800,936,71.3775558],"improvedSpline":true,"material":"BlankWhite","nodes":[[-800,936,71.3775558,0.200000003],[-974.162903,936,70.9570847,0.200000003]]}
{"class":"DecalRoad","persistentId":"6a0a14dc-c520-4d9d-b21b-2c3b7f6c6ce0","__parent":"SimGroup_","position":[-962.395508,924.030762,71.6994781],"improvedSpline":true,"material":"checkered_line_alt","nodes":[[-962.395508,924.030762,71.6994781,0.700000048],[-962.321228,935.971985,71.2514191,0.700000048]]}
{"class":"DecalRoad","persistentId":"9d90978a-fd54-4137-97db-0229f68b8261","__parent":"SimGroup_","position":[-937.282776,926.209229,71.090538],"distanceFade":[5,5],"improvedSpline":true,"material":"track_rubber","nodes":[[-937.282776,926.209229,71.090538,4],[-992.504883,927.398987,70.9520416,4]],"startEndFade":[5,5]}
{"class":"DecalRoad","persistentId":"aaee4844-210a-450e-adb1-2ab2ca836101","__parent":"SimGroup_","position":[-800,924,71.6123199],"improvedSpline":true,"material":"BlankWhite","nodes":[[-800,924,71.6123199,0.200000003],[-976.678894,924,71.3010406,0.200000003]]}
{"class":"DecalRoad","persistentId":"af859eb0-25ce-4ab1-b7d0-4f70d0fff856","__parent":"SimGroup_","position":[-800.22229,926.392639,71.5688248],"distanceFade":[5,5],"improvedSpline":true,"material":"track_rubber","nodes":[[-800.22229,926.392639,71.5688248,4],[-915.255432,926.90918,71.5697098,4]],"startEndFade":[5,0]}
{"class":"DecalRoad","persistentId":"bebba2dc-ecb6-4fd8-b5b5-e72c53b56419","__parent":"SimGroup_","position":[-800,930,71.4685287],"improvedSpline":true,"material":"BlankWhite","nodes":[[-800,930,71.4685287,0.200000003],[-962.201233,930,71.3123856,0.200000003]]}
{"class":"DecalRoad","persistentId":"c922a649-23f6-49a9-a357-38864b2794d0","__parent":"SimGroup_","position":[-937.282776,932.641846,70.9449463],"distanceFade":[5,5],"improvedSpline":true,"material":"track_rubber","nodes":[[-937.282776,932.641846,70.9449463,4],[-992.504883,933.831604,70.9520416,4]],"startEndFade":[5,5]}
{"class":"DecalRoad","persistentId":"e06023bf-d991-48c5-9873-1d991d003fad","__parent":"SimGroup_","position":[-799.993713,932.767029,71.4360504],"distanceFade":[5,5],"drivability":0.5,"improvedSpline":true,"material":"road_dirt_02","nodes":[[-799.993713,932.767029,71.4360504,5],[-974.81073,933.368408,71.072731,5]],"overObjects":true,"startEndFade":[5,5]}
{"name":"SimGroup_","class":"SimGroup","persistentId":"78d603e2-3438-42e0-a708-4bf8d5b1d108","groupPosition":"-880.92645967924 929.93391770583 71.404734978309"}
{"class":"TSStatic","persistentId":"005555cf-89b9-4d06-89e9-c7925d59ece6","__parent":"SimGroup_","position":[-819.388123,930,71.2311783],"isRenderEnabled":false,"rotationMatrix":[-3.11136246e-05,0.999995768,0.0029326675,-0.999943674,0,-0.0106150294,-0.0106149837,-0.00293283327,0.999939382],"scale":[1,1,1.64506841],"shapeName":"/levels/west_coast_usa/art/shapes/objects/jerseybarrier_3m.dae","useInstanceRenderData":true}
{"class":"TSStatic","persistentId":"0316bc20-3861-4610-b32e-20d73fa7e3e4","__parent":"SimGroup_","position":[-866.079285,924,71.5730972],"isRenderEnabled":false,"rotationMatrix":[0.999569833,-0.000451550324,-0.0293245669,-0.000150742562,0.999789178,-0.0205333903,0.0293276552,0.0205289796,0.999359012],"shapeName":"/levels/west_coast_usa/art/shapes/objects/barrierfence_plain.dae","useInstanceRenderData":true}
{"class":"TSStatic","persistentId":"033f71b9-bec6-4afa-9098-63e4a3bf51fe","__parent":"SimGroup_","position":[-840.268372,930,71.4513474],"isRenderEnabled":false,"rotationMatrix":[0.000269889832,0.999651432,0.0263997987,-0.999947786,0,0.0102249375,0.0102213733,-0.026401177,0.999599159],"scale":[1,1,1.64506841],"shapeName":"/levels/west_coast_usa/art/shapes/objects/jerseybarrier_3m.dae","useInstanceRenderData":true}
{"class":"TSStatic","persistentId":"0556282c-f720-4bbb-8424-8de6e895c513","__parent":"SimGroup_","position":[-837.958069,924,71.3711929],"isRenderEnabled":false,"rotationMatrix":[0.999789417,-0.000248381373,-0.0205203258,-0.00119367242,0.997529924,-0.0702322647,0.020487085,0.0702419654,0.997319579],"shapeName":"/levels/west_coast_usa/art/shapes/objects/barrierfence_plain.dae","useInstanceRenderData":true}
{"class":"TSStatic","persistentId":"065a752c-5943-40bb-850b-bf005fd51272","__parent":"SimGroup_","position":[-871.707092,936,71.455574],"isRenderEnabled":false,"rotationMatrix":[-0.999982834,-6.31203948e-05,-0.00586997764,-5.77985884e-06,-0.999931216,0.0117369806,-0.00587031385,0.011736813,0.999913871],"shapeName":"/levels/west_coast_usa/art/shapes/objects/barrierfence_plain.dae","useInstanceRenderData":true}
{"class":"TSStatic","persistentId":"086b52c0-ae99-4466-b6ac-f370bb6f18e1","__parent":"SimGroup_","position":[-818.275391,924,71.2096863],"isRenderEnabled":false,"rotationMatrix":[0.999995589,-0.000332854368,0.0029432564,0.000419035176,0.999569714,-0.0293287951,-0.00293222768,0.0293299016,0.999565482],"shapeName":"/levels/west_coast_usa/art/shapes/objects/barrierfence_plain.dae","useInstanceRenderData":true}
{"class":"TSStatic","persistentId":"09e8f96d-b7bd-436c-9ff2-088f2ce22609","__parent":"SimGroup_","position":[-813.422302,930,71.3231659],"isRenderEnabled":false,"rotationMatrix":[9.3460083e-05,0.999961257,-0.00879906956,-0.999943614,5.96046448e-08,-0.0106150294,-0.0106146177,0.00879956502,0.999904931],"scale":[1,1,1.64506841],"shapeName":"/levels/west_coast_usa/art/shapes/objects/jerseybarrier_3m.dae","useInstanceRenderData":true}
{"class":"TSStatic","persistentId":"0a00f7d6-5c84-453d-9674-9156d96412c8","__parent":"SimGroup_","position":[-902.637268,924,71.7325211],"isRenderEnabled":false,"rotationMatrix":[0.999724507,-0.000852948986,-0.0234548319,0.000158047769,0.999561429,-0.0296131168,0.0234698039,0.0296012517,0.999286234],"shapeName":"/levels/west_coast_usa/art/shapes/objects/barrierfence_plain.dae","useInstanceRenderData":true}
{"class":"TSStatic","persistentId":"0ac64f1f-6d62-47ee-befb-21ac369523ff","__parent":"SimGroup_","position":[-913.885864,924,71.7386703],"isRenderEnabled":false,"rotationMatrix":[0.998382688,0.00255049486,0.056793116,0.000264172093,0.99877423,-0.0494974405,-0.0568497404,0.0494323894,0.997158229],"shapeName":"/levels/west_coast_usa/art/shapes/objects/barrierfence_plain.dae","useInstanceRenderData":true}
{"class":"TSStatic","persistentId":"0aec0a0b-5452-4aa6-9b74-cb86a07724ef","__parent":"SimGroup_","position":[-923.79187,930,71.4827118],"isRenderEnabled":false,"rotationMatrix":[-0.00017619133,0.999789119,0.0205352269,-0.999963164,0,-0.00858160853,-0.00857979991,-0.0205359831,0.999752283],"scale":[1,1,1.64506841],"shapeName":"/levels/west_coast_usa/art/shapes/objects/jerseybarrier_3m.dae","useInstanceRenderData":true}
{"class":"TSStatic","persistentId":"0aeccd09-74bf-4bf5-baa3-c863878a1de3","__parent":"SimGroup_","position":[-882.952087,924,71.5635605],"isRenderEnabled":false,"rotationMatrix":[0.999790251,0.00133756385,0.0204357766,0.000221028982,0.997102022,-0.0760759115,-0.0204783119,0.0760644674,0.996892571],"shapeName":"/levels/west_coast_usa/art/shapes/objects/barrierfence_plain.dae","useInstanceRenderData":true}
{"class":"TSStatic","persistentId":"0c77f9e2-d2b6-4d2b-9519-b69ad0a3a9d9","__parent":"SimGroup_","position":[-812.654053,936,71.2757492],"isRenderEnabled":false,"rotationMatrix":[-0.999995828,5.97987309e-05,0.00293695321,-4.25554899e-05,-0.999982834,0.00587084284,0.00293725356,0.0058706929,0.999978483],"shapeName":"/levels/west_coast_usa/art/shapes/objects/barrierfence_plain.dae","useInstanceRenderData":true}
{"class":"TSStatic","persistentId":"0d8c39ca-e783-47d9-a51d-d3ce0ff5a025","__parent":"SimGroup_","position":[-806.39978,924.610535,71.4801483],"isRenderEnabled":false,"shapeName":"/levels/west_coast_usa/art/shapes/objects/sandbarrel.dae","useInstanceRenderData":true}
{"class":"TSStatic","persistentId":"1091da97-6517-4da7-aef4-4ead1d617066","__parent":"SimGroup_","position":[-970.114929,924,71.7252197],"isRenderEnabled":false,"rotationMatrix":[0.99710995,0.0016910648,0.0759531856,0.0038596238,0.997333646,-0.0728741661,-0.0758739114,0.0729567036,0.994444788],"shapeName":"/levels/west_coast_usa/art/shapes/objects/barrierfence_plain.dae","useInstanceRenderData":true}
{"class":"TSStatic","persistentId":"1167020a-a7f6-4ff9-a33f-dc2ca62dff2f","__parent":"SimGroup_","position":[-849.206421,924,71.5130539],"isRenderEnabled":false,"rotationMatrix":[0.999789596,-0.000827742973,-0.0204965286,-0.000194517401,0.998758078,-0.0498226508,0.0205123127,0.0498161539,0.998547733],"shapeName":"/levels/west_coast_usa/art/shapes/objects/barrierfence_plain.dae","useInstanceRenderData":true}
{"class":"TSStatic","persistentId":"12a63510-7f15-48a8-83b9-02c806ff6b70","__parent":"SimGroup_","position":[-905.449402,924,71.8045197],"isRenderEnabled":false,"rotationMatrix":[0.99957037,-0.00135110633,-0.0292796604,0.0002081641,0.999239087,-0.0390033051,0.0293100774,0.0389804542,0.998809993],"shapeName":"/levels/west_coast_usa/art/shapes/objects/barrierfence_plain.dae","useInstanceRenderData":true}
{"class":"TSStatic","persistentId":"17106580-28d1-4679-bc27-abae4bfb55fe","__parent":"SimGroup_","position":[-891.388611,924,71.482872],"isRenderEnabled":false,"rotationMatrix":[1,-7.57274975e-05,1.97515169e-06,7.57532544e-05,0.999660015,-0.0260734893,0,0.0260734893,0.999660015],"shapeName":"/levels/west_coast_usa/art/shapes/objects/barrierfence_plain.dae","useInstanceRenderData":true}
{"class":"TSStatic","persistentId":"172b242b-dd29-4fbe-9362-3b14901955df","__parent":"SimGroup_","position":[-950.62793,930,71.3996658],"isRenderEnabled":false,"rotationMatrix":[-0.000689148903,0.999789238,-0.0205175951,-0.999436498,0,0.0335671008,0.0335600264,0.0205291621,0.999225855],"scale":[1,1,1.64506841],"shapeName":"/levels/west_coast_usa/art/shapes/objects/jerseybarrier_3m.dae","useInstanceRenderData":true}
{"class":"TSStatic","persistentId":"19a02514-e638-41e2-bff0-5b837c36bfd8","__parent":"SimGroup_","position":[-806.39978,930.60675,71.4801483],"isRenderEnabled":false,"shapeName":"/levels/west_coast_usa/art/shapes/objects/sandbarrel.dae","useInstanceRenderData":true}
{"class":"TSStatic","persistentId":"1ce6adc9-8284-479b-8c4a-17d98cb660e4","__parent":"SimGroup_","position":[-942.005005,936,71.0374069],"isRenderEnabled":false,"rotationMatrix":[-0.998899341,7.51753396e-05,0.0469032079,6.23463711e-05,-0.999995589,0.00293056201,0.0469032302,0.00293026119,0.998895168],"shapeName":"/levels/west_coast_usa/art/shapes/objects/barrierfence_plain.dae","useInstanceRenderData":true}
{"class":"TSStatic","persistentId":"1fb0e225-5c79-4f73-9241-cda88ae00dca","__parent":"SimGroup_","position":[-828.336792,930,71.1614151],"isRenderEnabled":false,"rotationMatrix":[5.96046448e-08,0.99999994,0,-0.999929488,5.96046448e-08,0.011870482,0.011870482,0,0.999929547],"scale":[1,1,1.64506841],"shapeName":"/levels/west_coast_usa/art/shapes/objects/jerseybarrier_3m.dae","useInstanceRenderData":true}
{"class":"TSStatic","persistentId":"20042804-4e53-4a65-9570-7d7dacb4ae19","__parent":"SimGroup_","position":[-941.683716,930,71.0788345],"isRenderEnabled":false,"rotationMatrix":[-0.000196933746,0.999982834,-0.0058605494,-0.999436498,-1.1920929e-07,0.0335671008,0.0335665233,0.00586385466,0.999419272],"scale":[1,1,1.64506841],"shapeName":"/levels/west_coast_usa/art/shapes/objects/jerseybarrier_3m.dae","useInstanceRenderData":true}
{"class":"TSStatic","persistentId":"22be62a0-bbe2-4eca-b94f-9d34fc1a45c1","__parent":"SimGroup_","position":[-815.463501,924,71.2725525],"isRenderEnabled":false,"rotationMatrix":[0.999789119,-0.00012836486,0.0205351748,-0.000293347897,0.999789178,0.0205317866,-0.0205334798,-0.0205334816,0.999578297],"shapeName":"/levels/west_coast_usa/art/shapes/objects/barrierfence_plain.dae","useInstanceRenderData":true}
{"class":"TSStatic","persistentId":"230691c3-dcc2-4710-b857-4fddfa191f43","__parent":"SimGroup_","position":[-837.961121,936,71.3937912],"isRenderEnabled":false,"rotationMatrix":[-0.999380469,0.000150730688,0.035190329,0.000158991606,-0.999961138,0.00879838225,0.0351902917,0.00879852753,0.999341905],"shapeName":"/levels/west_coast_usa/art/shapes/objects/barrierfence_plain.dae","useInstanceRenderData":true}
{"class":"TSStatic","persistentId":"26e5e4b6-34fc-4082-b0a8-3c3ccc8b8c71","__parent":"SimGroup_","position":[-857.646118,936,71.4521408],"isRenderEnabled":false,"rotationMatrix":[-0.999961257,-0.000125817547,-0.00880213361,-3.35451477e-06,-0.999892354,0.0146735301,-0.00880303141,0.0146729918,0.999853611],"shapeName":"/levels/west_coast_usa/art/shapes/objects/barrierfence_plain.dae","useInstanceRenderData":true}
{"class":"TSStatic","persistentId":"2767b2da-c2b3-48f2-b86a-c08f50b1b554","__parent":"SimGroup_","position":[-932.738159,930,71.1279755],"isRenderEnabled":false,"rotationMatrix":[0.000440001488,0.999875546,-0.0157695953,-0.999610901,0,-0.0278931409,-0.0278896708,0.0157757327,0.999486506],"scale":[1,1,1.64506841],"shapeName":"/levels/west_coast_usa/art/shapes/objects/jerseybarrier_3m.dae","useInstanceRenderData":true}
{"class":"TSStatic","persistentId":"27ac5c13-375e-4499-8586-7bca662862d5","__parent":"SimGroup_","position":[-970.122559,936,71.1084137],"isRenderEnabled":false,"rotationMatrix":[-0.999273062,-0.000100823563,-0.0381221659,-0.000234636507,-0.999961257,0.00879502855,-0.0381215774,0.00879758038,0.999234378],"shapeName":"/levels/west_coast_usa/art/shapes/objects/barrierfence_plain.dae","useInstanceRenderData":true}
{"class":"TSStatic","persistentId":"29ac9005-036c-4240-9cd5-c0f44f4d73c7","__parent":"SimGroup_","position":[-958.875977,936,71.3217773],"isRenderEnabled":false,"rotationMatrix":[-0.999724627,5.13730338e-05,-0.0234690327,1.7468532e-05,-0.999995828,-0.00293307961,-0.0234690811,-0.00293268147,0.999720275],"shapeName":"/levels/west_coast_usa/art/shapes/objects/barrierfence_plain.dae","useInstanceRenderData":true}
{"class":"TSStatic","persistentId":"2a0cf046-fe88-4eb3-a820-6e2b26fd2ef0","__parent":"SimGroup_","position":[-916.697998,924,71.5695801],"isRenderEnabled":false,"rotationMatrix":[0.998609543,0.00166743028,0.0526899472,0.000187788391,0.999380767,-0.0351855569,-0.052715987,0.0351465233,0.997990847],"shapeName":"/levels/west_coast_usa/art/shapes/objects/barrierfence_plain.dae","useInstanceRenderData":true}
{"class":"TSStatic","persistentId":"2b0c2829-178f-459f-b32c-8b17ac22714d","__parent":"SimGroup_","position":[-877.041687,933.115601,71.3614502],"isRenderEnabled":false,"rotationMatrix":[-8.74227695e-08,0.999999881,0,-0.999999881,-8.74227695e-08,0,0,0,0.999999881],"scale":[1.29130864,1,1.66057134],"shapeName":"/levels/west_coast_usa/art/shapes/objects/landingramp_shallow_long.dae","useInstanceRenderData":true}
{"class":"TSStatic","persistentId":"2ddd14e4-2bbf-404c-81e6-7f368e32d33e","__parent":"SimGroup_","position":[-860.458313,936,71.4391861],"isRenderEnabled":false,"rotationMatrix":[-0.999995589,3.0160747e-05,0.00293322396,-4.33551395e-06,-0.999961138,0.00880399253,0.00293337577,0.00880394224,0.999956965],"shapeName":"/levels/west_coast_usa/art/shapes/objects/barrierfence_plain.dae","useInstanceRenderData":true}
{"class":"TSStatic","persistentId":"31727922-149f-479b-bace-d899f0af07ba","__parent":"SimGroup_","position":[-925.133484,924,71.3959503],"isRenderEnabled":false,"rotationMatrix":[0.999961257,-7.59374961e-05,-0.00880375691,5.01095019e-05,0.999995708,-0.00293393084,0.00880394131,0.00293337577,0.999956965],"shapeName":"/levels/west_coast_usa/art/shapes/objects/barrierfence_plain.dae","useInstanceRenderData":true}
{"class":"TSStatic","persistentId":"31ceb8d4-91e4-46cf-bf63-ea216b18f17b","__parent":"SimGroup_","position":[-822.371033,930,71.1656036],"isRenderEnabled":false,"rotationMatrix":[3.48687172e-05,0.999995708,0.00293400045,-0.999929547,5.96046448e-08,0.0118704829,0.0118704317,-0.00293420721,0.999925256],"scale":[1,1,1.64506841],"shapeName":"/levels/west_coast_usa/art/shapes/objects/jerseybarrier_3m.dae","useInstanceRenderData":true}
{"class":"TSStatic","persistentId":"32d8dba6-638d-41b6-88c6-429fcefce8a8","__parent":"SimGroup_","position":[-913.889709,936,71.2993164],"isRenderEnabled":false,"rotationMatrix":[-0.999845266,0.00103326805,0.0175574012,-0.000208596262,-0.998899221,0.0469070934,0.0175865404,0.0468961783,0.998744965],"shapeName":"/levels/west_coast_usa/art/shapes/objects/barrierfence_plain.dae","useInstanceRenderData":true}
{"class":"TSStatic","persistentId":"33be2439-82e2-4bd3-bdbe-349199fdfee4","__parent":"SimGroup_","position":[-919.513184,936,71.5541382],"isRenderEnabled":false,"rotationMatrix":[-0.999275088,0.000972228765,0.0380587578,-0.000368149078,-0.999873996,0.0158760827,0.0380693972,0.0158505607,0.999149382],"shapeName":"/levels/west_coast_usa/art/shapes/objects/barrierfence_plain.dae","useInstanceRenderData":true}
{"class":"TSStatic","persistentId":"343a88c4-4b16-4210-b366-203349a348e6","__parent":"SimGroup_","position":[-826.791443,927.019165,71.2253799],"isRenderEnabled":false,"rotationMatrix":[-8.74227695e-08,0.999999881,0,-0.999999881,-8.74227695e-08,0,0,0,0.999999881],"scale":[1.40595686,1.14648438,1],"shapeName":"/levels/west_coast_usa/art/shapes/objects/s_gm_suspension_bump_8x4_a.dae","useInstanceRenderData":true}
{"class":"TSStatic","persistentId":"35ab51d4-e6a0-46ea-bdc6-34da33835e2a","__parent":"SimGroup_","position":[-925.136047,936,71.557373],"isRenderEnabled":false,"rotationMatrix":[-0.999218702,-9.55651631e-05,-0.0395239368,-0.000135510039,-0.999983072,0.00584374228,-0.0395238176,0.00584453205,0.999201536],"shapeName":"/levels/west_coast_usa/art/shapes/objects/barrierfence_plain.dae","useInstanceRenderData":true}
{"class":"TSStatic","persistentId":"35cd380e-5f8b-46b0-ae53-6e4161c6a139","__parent":"SimGroup_","position":[-953.60968,930,71.4626617],"isRenderEnabled":false,"rotationMatrix":[0.000325083733,0.999789059,-0.0205359031,-0.999874651,0,-0.0158298835,-0.0158265438,0.0205384754,0.99966377],"scale":[1,1,1.64506841],"shapeName":"/levels/west_coast_usa/art/shapes/objects/jerseybarrier_3m.dae","useInstanceRenderData":true}
{"class":"TSStatic","persistentId":"36a24322-0097-42cf-9d07-b484873000de","__parent":"SimGroup_","position":[-964.500183,936,71.2190933],"isRenderEnabled":false,"rotationMatrix":[-0.999931216,-8.76763515e-05,-0.0117375301,0.000156571783,-0.999982834,-0.00586888054,-0.011736813,-0.00587031385,0.999913871],"shapeName":"/levels/west_coast_usa/art/shapes/objects/barrierfence_plain.dae","useInstanceRenderData":true}
{"class":"TSStatic","persistentId":"38b62207-b9ff-438c-80aa-e6de3bbf7adc","__parent":"SimGroup_","position":[-834.302551,930,71.2708282],"isRenderEnabled":false,"rotationMatrix":[6.96182251e-05,0.999982834,0.00586867332,-0.999929547,0,0.0118704829,0.011870278,-0.00586908683,0.999912322],"scale":[1,1,1.64506841],"shapeName":"/levels/west_coast_usa/art/shapes/objects/jerseybarrier_3m.dae","useInstanceRenderData":true}
{"class":"TSStatic","persistentId":"38ff9c1b-471c-46e4-99e8-7e15bd1231aa","__parent":"SimGroup_","position":[-852.02179,936,71.5680466],"isRenderEnabled":false,"rotationMatrix":[-0.999916792,-0.000491980813,-0.0128859635,-8.87915667e-06,-0.999245405,0.0388397798,-0.0128953494,0.0388366655,0.999162376],"shapeName":"/levels/west_coast_usa/art/shapes/objects/barrierfence_plain.dae","useInstanceRenderData":true}
{"class":"TSStatic","persistentId":"3930f708-952d-48a5-be3f-d81207646ff4","__parent":"SimGroup_","position":[-947.646545,930,71.2946777],"isRenderEnabled":false,"rotationMatrix":[-0.000590324402,0.999845266,-0.0175795853,-0.999436498,1.1920929e-07,0.0335671008,0.0335619077,0.0175894946,0.999281824],"scale":[1,1,1.64506841],"shapeName":"/levels/west_coast_usa/art/shapes/objects/jerseybarrier_3m.dae","useInstanceRenderData":true}
{"class":"TSStatic","persistentId":"3b9470fd-e162-436e-bd48-ece346bb7a9a","__parent":"SimGroup_","position":[-812.65155,924,71.3073883],"isRenderEnabled":false,"rotationMatrix":[0.999892414,-5.6282297e-06,0.0146696633,-0.000209550082,0.999892414,0.0146666719,-0.0146681676,-0.0146681676,0.999784827],"shapeName":"/levels/west_coast_usa/art/shapes/objects/barrierfence_plain.dae","useInstanceRenderData":true}
{"class":"TSStatic","persistentId":"3e3ae0fd-a014-4d7a-89ef-1e4db328287e","__parent":"SimGroup_","position":[-807.028381,924,71.4463196],"isRenderEnabled":false,"rotationMatrix":[0.999273062,0.000120558689,0.0381219946,0.000214914966,0.999961317,-0.00879578106,-0.0381215774,0.00879758038,0.999234378],"shapeName":"/levels/west_coast_usa/art/shapes/objects/barrierfence_plain.dae","useInstanceRenderData":true}
{"class":"TSStatic","persistentId":"3f001a3e-f893-4142-8337-9aaa6e1b8dbc","__parent":"SimGroup_","position":[-835.046082,933.125305,71.2253799],"isRenderEnabled":false,"rotationMatrix":[-8.74227695e-08,0.999999881,0,-0.999999881,-8.74227695e-08,0,0,0,0.999999881],"scale":[1.40595686,1.14648438,1],"shapeName":"/levels/west_coast_usa/art/shapes/objects/s_gm_suspension_bump_8x4_a.dae","useInstanceRenderData":true}
{"class":"TSStatic","persistentId":"3f8dc98e-3e1a-49b4-82de-4be77b62493d","__parent":"SimGroup_","position":[-815.466187,936,71.2689743],"isRenderEnabled":false,"rotationMatrix":[-0.999982834,4.04675029e-06,-0.00587072968,-2.12904852e-05,-0.999995828,0.00293717929,-0.00587069243,0.0029372538,0.999978483],"shapeName":"/levels/west_coast_usa/art/shapes/objects/barrierfence_plain.dae","useInstanceRenderData":true}
{"class":"TSStatic","persistentId":"400242c5-73ce-4771-856f-fa4ff87b27c3","__parent":"SimGroup_","position":[-916.701782,936,71.3958359],"isRenderEnabled":false,"rotationMatrix":[-0.998449683,0.00138901547,0.0556447245,-0.000408701773,-0.99984467,0.0176248793,0.055660557,0.0175748114,0.998295069],"shapeName":"/levels/west_coast_usa/art/shapes/objects/barrierfence_plain.dae","useInstanceRenderData":true}
{"class":"TSStatic","persistentId":"42493b03-c18d-48fc-ba83-62d61652abf7","__parent":"SimGroup_","position":[-930.75708,924,71.4126053],"isRenderEnabled":false,"rotationMatrix":[0.999924839,-0.00022819906,0.0122597292,0.00080798706,0.998880029,-0.0473079607,-0.0122352038,0.0473143086,0.998805106],"shapeName":"/levels/west_coast_usa/art/shapes/objects/barrierfence_plain.dae","useInstanceRenderData":true}
{"class":"TSStatic","persistentId":"455265ae-1b73-424e-a21e-c15ee6207e67","__parent":"SimGroup_","position":[-926.774353,930,71.4207153],"isRenderEnabled":false,"rotationMatrix":[-8.17775726e-05,0.999995708,0.00293442234,-0.999610901,5.96046448e-08,-0.0278931409,-0.0278930217,-0.00293556321,0.999606609],"scale":[1,1,1.64506841],"shapeName":"/levels/west_coast_usa/art/shapes/objects/jerseybarrier_3m.dae","useInstanceRenderData":true}
{"class":"TSStatic","persistentId":"46c3e64a-b58f-4dfd-a5a0-cc7ab1a9ab66","__parent":"SimGroup_","position":[-863.267151,924,71.521553],"isRenderEnabled":false,"rotationMatrix":[0.999931097,-3.87326618e-05,-0.0117404871,-6.46274057e-05,0.999961257,-0.00880322047,0.0117403734,0.0088033732,0.999892354],"shapeName":"/levels/west_coast_usa/art/shapes/objects/barrierfence_plain.dae","useInstanceRenderData":true}
{"class":"TSStatic","persistentId":"48b5c2f5-fe88-4d81-935d-8d652d93ecef","__parent":"SimGroup_","position":[-864.132324,930,71.5330887],"isRenderEnabled":false,"rotationMatrix":[1.53779984e-05,0.999961197,0.00880406983,-0.999998391,0,0.00174619025,0.00174612249,-0.00880408287,0.999959707],"scale":[1,1,1.64506841],"shapeName":"/levels/west_coast_usa/art/shapes/objects/jerseybarrier_3m.dae","useInstanceRenderData":true}
{"class":"TSStatic","persistentId":"497dff3f-d3dd-4aa3-9e7c-e3785ca8e911","__parent":"SimGroup_","position":[-852.018616,924,71.5686264],"isRenderEnabled":false,"rotationMatrix":[0.99972719,-0.00193283276,-0.0232763886,-0.000387589796,0.995059967,-0.0992752165,0.0233532861,0.0992571563,0.994787753],"shapeName":"/levels/west_coast_usa/art/shapes/objects/barrierfence_plain.dae","useInstanceRenderData":true}
{"class":"TSStatic","persistentId":"499b3a2d-053a-4d26-90d5-923003c5e60a","__parent":"SimGroup_","position":[-961.684631,924,71.6756592],"isRenderEnabled":false,"rotationMatrix":[0.999163032,-0.00178039679,-0.0408670343,-0.00240243087,0.994773805,-0.102075234,0.0408351906,0.102087975,0.993936896],"shapeName":"/levels/west_coast_usa/art/shapes/objects/barrierfence_plain.dae","useInstanceRenderData":true}
{"class":"TSStatic","persistentId":"4a2134d7-fb06-4b47-9aca-02d43df0c490","__parent":"SimGroup_","position":[-950.439636,936,71.3005447],"isRenderEnabled":false,"rotationMatrix":[-0.999961138,-0.000219466048,0.00880784355,0.000374487659,-0.999844909,0.0176026151,0.00880261511,0.0176052302,0.999806285],"shapeName":"/levels/west_coast_usa/art/shapes/objects/barrierfence_plain.dae","useInstanceRenderData":true}
{"class":"TSStatic","persistentId":"4a91aa1e-2cf8-460e-a574-fb86b48c9d44","__parent":"SimGroup_","position":[-885.768005,936,71.4638138],"isRenderEnabled":false,"rotationMatrix":[-0.999931216,-0.000190716877,-0.0117342174,1.8557068e-05,-0.999892473,0.014669965,-0.0117357522,0.0146687375,0.999823511],"shapeName":"/levels/west_coast_usa/art/shapes/objects/barrierfence_plain.dae","useInstanceRenderData":true}
{"class":"TSStatic","persistentId":"4b184688-5441-4b00-8583-e5fb2dc83d1d","__parent":"SimGroup_","position":[-851.707214,927.019165,71.4084702],"isRenderEnabled":false,"rotationMatrix":[-8.74227695e-08,0.999999881,0,-0.999999881,-8.74227695e-08,0,0,0,0.999999881],"scale":[1.40595686,1.14648438,1],"shapeName":"/levels/west_coast_usa/art/shapes/objects/s_gm_suspension_bump_8x4_a.dae","useInstanceRenderData":true}
{"class":"TSStatic","persistentId":"4b3110c9-0ce4-4d9c-baa6-c23ab0d34f76","__parent":"SimGroup_","position":[-956.063843,936,71.3375931],"isRenderEnabled":false,"rotationMatrix":[-0.999982715,0.000104084625,0.00586598739,-5.24356583e-05,-0.999961138,0.00880428683,0.00586667657,0.00880382862,0.999944031],"shapeName":"/levels/west_coast_usa/art/shapes/objects/barrierfence_plain.dae","useInstanceRenderData":true}
{"class":"TSStatic","persistentId":"4f1501fb-4b71-4418-ab67-fd3903d60f88","__parent":"SimGroup_","position":[-880.143616,936,71.4702148],"isRenderEnabled":false,"rotationMatrix":[-0.999845147,0.000239689252,0.017602399,1.85563695e-05,-0.999892473,0.0146694202,0.0176040195,0.0146674737,0.999737442],"shapeName":"/levels/west_coast_usa/art/shapes/objects/barrierfence_plain.dae","useInstanceRenderData":true}
{"class":"TSStatic","persistentId":"51c45d7c-9f79-452d-a4fb-2b0b8ed968f0","__parent":"SimGroup_","position":[-807.029968,936,71.195961],"isRenderEnabled":false,"rotationMatrix":[-0.999931097,-0.000625619548,0.0117204934,0.000315959333,-0.999651313,-0.0264036506,0.0117329247,-0.0263981298,0.999582648],"shapeName":"/levels/west_coast_usa/art/shapes/objects/barrierfence_plain.dae","useInstanceRenderData":true}
{"class":"TSStatic","persistentId":"5202782a-7ae8-4a82-a94b-539092eb2249","__parent":"SimGroup_","position":[-936.381897,936,70.8968201],"isRenderEnabled":false,"rotationMatrix":[-0.999705315,-0.000667994376,-0.0242624916,0.000312091084,-0.999892235,0.0146696949,-0.0242696777,0.0146578019,0.999597967],"shapeName":"/levels/west_coast_usa/art/shapes/objects/barrierfence_plain.dae","useInstanceRenderData":true}
{"class":"TSStatic","persistentId":"57876b7f-bb41-47b0-bc6a-f0d05f732fe5","__parent":"SimGroup_","position":[-835.149353,936,71.3047638],"isRenderEnabled":false,"rotationMatrix":[-0.999569654,3.30888506e-05,0.0293337405,5.30505713e-05,-0.999995708,0.00293574738,0.0293337107,0.00293604028,0.999565363],"shapeName":"/levels/west_coast_usa/art/shapes/objects/barrierfence_plain.dae","useInstanceRenderData":true}
{"class":"TSStatic","persistentId":"58c5c5eb-3b2a-4343-8050-10928eced3e1","__parent":"SimGroup_","position":[-825.353882,930,71.1457291],"isRenderEnabled":false,"rotationMatrix":[3.48687172e-05,0.999995708,0.00293730432,-0.999929547,0,0.0118704829,0.0118704326,-0.00293751108,0.999925256],"scale":[1,1,1.64506841],"shapeName":"/levels/west_coast_usa/art/shapes/objects/jerseybarrier_3m.dae","useInstanceRenderData":true}
{"class":"TSStatic","persistentId":"59c33f82-62e3-42b9-bbdf-e4e982dd48a8","__parent":"SimGroup_","position":[-921.144958,926.934937,71.4414749],"isRenderEnabled":false,"rotationMatrix":[-8.74227695e-08,0.999999881,0,-0.999999881,-8.74227695e-08,0,0,0,0.999999881],"scale":[1.19052744,1.6594727,1.17336416],"shapeName":"/levels/west_coast_usa/art/shapes/objects/ramp_shallow_long.dae","useInstanceRenderData":true}
{"class":"TSStatic","persistentId":"5a854479-9e57-447d-b680-13a4560d8040","__parent":"SimGroup_","position":[-947.627197,924,71.3240891],"isRenderEnabled":false,"rotationMatrix":[0.999032676,0.000142135556,-0.0439743772,0.000115915835,0.999982774,0.00586561579,0.0439744517,-0.0058650393,0.99901545],"shapeName":"/levels/west_coast_usa/art/shapes/objects/barrierfence_plain.dae","useInstanceRenderData":true}
{"class":"TSStatic","persistentId":"5b1acc1c-015c-49e2-8e7b-508cb224ddfe","__parent":"SimGroup_","position":[-857.642944,924,71.536438],"isRenderEnabled":false,"rotationMatrix":[0.999892592,0.000870182703,0.0146288946,-0.000183115772,0.99889946,-0.0469023101,-0.0146536082,0.0468945913,0.99879235],"shapeName":"/levels/west_coast_usa/art/shapes/objects/barrierfence_plain.dae","useInstanceRenderData":true}
{"class":"TSStatic","persistentId":"5c2b9a5d-07e5-4dff-9892-63972e9427ac","__parent":"SimGroup_","position":[-919.509949,924,71.4447556],"isRenderEnabled":false,"rotationMatrix":[0.999724567,9.37835794e-05,0.0234678052,0.000250513782,0.999892414,-0.0146676796,-0.0234666541,0.0146695198,0.999616981],"shapeName":"/levels/west_coast_usa/art/shapes/objects/barrierfence_plain.dae","useInstanceRenderData":true}
{"class":"TSStatic","persistentId":"5c68807d-a5cd-4082-8045-d456cba65d58","__parent":"SimGroup_","position":[-956.061829,924,71.5539932],"isRenderEnabled":false,"rotationMatrix":[0.999892175,0.00028559746,-0.0146827772,-0.000759079994,0.999479473,-0.0322520286,0.014665924,0.0322596952,0.999371886],"shapeName":"/levels/west_coast_usa/art/shapes/objects/barrierfence_plain.dae","useInstanceRenderData":true}
{"class":"TSStatic","persistentId":"5d4d9bdc-ac81-4adb-ba6a-43ff0c0c281d","__parent":"SimGroup_","position":[-823.902466,936,71.1604004],"isRenderEnabled":false,"rotationMatrix":[-0.999995708,4.44016332e-05,0.00293362001,-5.30069592e-05,-0.999995708,-0.00293333409,0.00293347705,-0.00293347705,0.999991417],"shapeName":"/levels/west_coast_usa/art/shapes/objects/barrierfence_plain.dae","useInstanceRenderData":true}
{"class":"TSStatic","persistentId":"5f0d344f-3b61-4f3b-975e-91cf69105f91","__parent":"SimGroup_","position":[-851.707214,933.125305,71.4084702],"isRenderEnabled":false,"rotationMatrix":[-8.74227695e-08,0.999999881,0,-0.999999881,-8.74227695e-08,0,0,0,0.999999881],"scale":[1.40595686,1.14648438,1],"shapeName":"/levels/west_coast_usa/art/shapes/objects/s_gm_suspension_bump_8x4_a.dae","useInstanceRenderData":true}
{"class":"TSStatic","persistentId":"603a320b-fa56-4afa-9d10-9b8f061ae54d","__parent":"SimGroup_","position":[-859.961853,933.125305,71.4084702],"isRenderEnabled":false,"rotationMatrix":[-8.74227695e-08,0.999999881,0,-0.999999881,-8.74227695e-08,0,0,0,0.999999881],"scale":[1.40595686,1.14648438,1],"shapeName":"/levels/west_coast_usa/art/shapes/objects/s_gm_suspension_bump_8x4_a.dae","useInstanceRenderData":true}
{"class":"TSStatic","persistentId":"608358ab-28a1-481b-bed7-543e2330c946","__parent":"SimGroup_","position":[-921.144958,933.041077,71.2504349],"isRenderEnabled":false,"rotationMatrix":[-8.74227695e-08,0.999999881,0,-0.999999881,-8.74227695e-08,0,0,0,0.999999881],"scale":[1.19052744,1.6594727,1.17336416],"shapeName":"/levels/west_coast_usa/art/shapes/objects/ramp_shallow_long.dae","useInstanceRenderData":true}
{"class":"TSStatic","persistentId":"61bcebf3-4e62-48f6-a5e5-5347b0589c65","__parent":"SimGroup_","position":[-826.710938,924,71.2135391],"isRenderEnabled":false,"rotationMatrix":[0.999382198,-0.00106426899,-0.0351292491,-0.000995241222,0.998283565,-0.0585571453,0.0351312757,0.0585559309,0.997665763],"shapeName":"/levels/west_coast_usa/art/shapes/objects/barrierfence_plain.dae","useInstanceRenderData":true}
{"class":"TSStatic","persistentId":"6410e406-3e29-494e-b68d-24a4b5136cb6","__parent":"SimGroup_","position":[-860.455078,924,71.5098724],"isRenderEnabled":false,"rotationMatrix":[0.999982774,0.000271298544,0.00586514454,-0.000150781474,0.999789059,-0.0205386952,-0.00586947985,0.0205374584,0.999771833],"shapeName":"/levels/west_coast_usa/art/shapes/objects/barrierfence_plain.dae","useInstanceRenderData":true}
{"class":"TSStatic","persistentId":"655e7473-c0c5-4ab8-a5af-a15d6863d60f","__parent":"SimGroup_","position":[-846.234253,930,71.4992523],"isRenderEnabled":false,"rotationMatrix":[0.000269889832,0.999651492,0.0263975672,-0.999947727,0,0.0102249356,0.0102213724,-0.0263989493,0.999599218],"scale":[1,1,1.64506841],"shapeName":"/levels/west_coast_usa/art/shapes/objects/jerseybarrier_3m.dae","useInstanceRenderData":true}
{"class":"TSStatic","persistentId":"66616aa6-8034-4833-bc02-d7ae27ad30c3","__parent":"SimGroup_","position":[-899.825134,924,71.6560516],"isRenderEnabled":false,"rotationMatrix":[0.999479949,-0.00121259107,-0.0322240368,0.000172220927,0.999479234,-0.0322687179,0.032246381,0.0322463885,0.998959601],"shapeName":"/levels/west_coast_usa/art/shapes/objects/barrierfence_plain.dae","useInstanceRenderData":true}
{"class":"TSStatic","persistentId":"66db36dd-5c85-4f35-8144-a95f60fbbdf4","__parent":"SimGroup_","position":[-804.473938,930,71.3716888],"isRenderEnabled":false,"rotationMatrix":[0.000708341599,0.999157488,-0.0410351232,-0.999851048,0,-0.0172585249,-0.0172439814,0.0410412364,0.999008656],"scale":[1,1,1.64506841],"shapeName":"/levels/west_coast_usa/art/shapes/objects/jerseybarrier_3m.dae","useInstanceRenderData":true}
{"class":"TSStatic","persistentId":"6777573b-6124-415e-acf9-2b58fcb3ec78","__parent":"SimGroup_","position":[-818.237976,933.125305,71.2253799],"isRenderEnabled":false,"rotationMatrix":[-8.74227695e-08,0.999999881,0,-0.999999881,-8.74227695e-08,0,0,0,0.999999881],"scale":[1.40595686,1.14648438,0.752453566],"shapeName":"/levels/west_coast_usa/art/shapes/objects/s_gm_suspension_bump_8x4_a.dae","useInstanceRenderData":true}
{"class":"TSStatic","persistentId":"683c9823-1c84-476a-b999-ee57592c78de","__parent":"SimGroup_","position":[-823.89917,924,71.168045],"isRenderEnabled":false,"rotationMatrix":[0.999994457,0.00185523636,0.00275926734,-0.00158912537,0.995618045,-0.0934995785,-0.0029206404,0.0934946761,0.995615482],"shapeName":"/levels/west_coast_usa/art/shapes/objects/barrierfence_plain.dae","useInstanceRenderData":true}
{"class":"TSStatic","persistentId":"68db3ca9-a036-4f81-a1c2-0b4163ff489e","__parent":"SimGroup_","position":[-899.928223,930,71.6533966],"isRenderEnabled":false,"rotationMatrix":[5.74588776e-05,0.999985814,0.0053445464,-0.999942183,0,0.0107578021,0.0107576484,-0.00534485513,0.999927878],"scale":[1,1,1.64506841],"shapeName":"/levels/west_coast_usa/art/shapes/objects/jerseybarrier_3m.dae","useInstanceRenderData":true}
{"class":"TSStatic","persistentId":"6cdfbf78-f122-4ccf-83ed-c1c2332d2fbe","__parent":"SimGroup_","position":[-877.327759,924,71.6887207],"isRenderEnabled":false,"rotationMatrix":[0.999725997,0.0023374185,0.0232908763,-0.00055859983,0.99710083,-0.0760896727,-0.0234012045,0.0760558173,0.996828914],"shapeName":"/levels/west_coast_usa/art/shapes/objects/barrierfence_plain.dae","useInstanceRenderData":true}
{"class":"TSStatic","persistentId":"6f99bfe5-ec4f-446d-80ab-c359558b3b24","__parent":"SimGroup_","position":[-911.859985,930,71.5883789],"isRenderEnabled":false,"rotationMatrix":[0.000276863575,0.999479592,-0.0322574787,-0.999963224,0,-0.00858160853,-0.00857714098,0.0322586671,0.999442756],"scale":[1,1,1.64506841],"shapeName":"/levels/west_coast_usa/art/shapes/objects/jerseybarrier_3m.dae","useInstanceRenderData":true}
{"class":"TSStatic","persistentId":"7034a3a4-9bb1-4806-9ae7-24d37260b44b","__parent":"SimGroup_","position":[-914.842957,930,71.5298157],"isRenderEnabled":false,"rotationMatrix":[0.000150978565,0.999845207,-0.0175976697,-0.999963224,0,-0.00858160853,-0.00858028047,0.0175983179,0.999808311],"scale":[1,1,1.64506841],"shapeName":"/levels/west_coast_usa/art/shapes/objects/jerseybarrier_3m.dae","useInstanceRenderData":true}
{"class":"TSStatic","persistentId":"71f7ece5-dc1f-4955-9278-e631ce47acec","__parent":"SimGroup_","position":[-885.764221,924,71.5153122],"isRenderEnabled":false,"rotationMatrix":[0.999909043,-0.00346317794,0.0130332774,0.00425648829,0.998107791,-0.0613411628,-0.0127961794,0.0613910593,0.998031735],"shapeName":"/levels/west_coast_usa/art/shapes/objects/barrierfence_plain.dae","useInstanceRenderData":true}
{"class":"TSStatic","persistentId":"7279d426-086b-4e45-a747-f552b818c8af","__parent":"SimGroup_","position":[-832.334534,924,71.3100586],"isRenderEnabled":false,"rotationMatrix":[0.999982059,0.00166876707,0.00574828638,-0.00124368444,0.997318327,-0.0731748268,-0.00585498335,0.0731663629,0.997302592],"shapeName":"/levels/west_coast_usa/art/shapes/objects/barrierfence_plain.dae","useInstanceRenderData":true}
{"class":"TSStatic","persistentId":"739ff293-f1df-484e-9ac6-f3d9e637dcad","__parent":"SimGroup_","position":[-929.756226,930,71.2892303],"isRenderEnabled":false,"rotationMatrix":[0.000327110291,0.999931216,-0.0117197428,-0.999610901,5.96046448e-08,-0.0278931409,-0.0278912243,0.0117243044,0.999542177],"scale":[1,1,1.64506841],"shapeName":"/levels/west_coast_usa/art/shapes/objects/jerseybarrier_3m.dae","useInstanceRenderData":true}
{"class":"TSStatic","persistentId":"73e184a1-389a-4b26-89fd-65b495f1a84c","__parent":"SimGroup_","position":[-908.876953,930,71.6035156],"isRenderEnabled":false,"rotationMatrix":[0.000352263451,0.999157131,-0.0410486273,-0.999963224,0,-0.00858160853,-0.00857437402,0.0410501398,0.999120295],"scale":[1,1,1.64506841],"shapeName":"/levels/west_coast_usa/art/shapes/objects/jerseybarrier_3m.dae","useInstanceRenderData":true}
{"class":"TSStatic","persistentId":"740bbf54-4846-4c19-a8ee-971626229625","__parent":"SimGroup_","position":[-911.07373,924,71.854599],"isRenderEnabled":false,"rotationMatrix":[0.999798775,0.00083704642,0.0200431608,0.000303265668,0.998384237,-0.0568223074,-0.0200583376,0.0568169504,0.998183072],"shapeName":"/levels/west_coast_usa/art/shapes/objects/barrierfence_plain.dae","useInstanceRenderData":true}
{"class":"TSStatic","persistentId":"75a68f21-1a52-4a0c-8736-9c61d59edb35","__parent":"SimGroup_","position":[-843.251282,930,71.4832001],"isRenderEnabled":false,"rotationMatrix":[0.0003297925,0.999479532,0.0322612301,-0.999947786,-1.1920929e-07,0.0102249365,0.010219614,-0.0322629139,0.99942714],"scale":[1,1,1.64506841],"shapeName":"/levels/west_coast_usa/art/shapes/objects/jerseybarrier_3m.dae","useInstanceRenderData":true}
{"class":"TSStatic","persistentId":"78a2dfe6-a08b-4735-a325-92c5e37f9988","__parent":"SimGroup_","position":[-880.139893,924,71.6237106],"isRenderEnabled":false,"rotationMatrix":[0.999726057,0.00156021537,0.0233539846,0.000221027236,0.997102082,-0.0760752708,-0.0234049987,0.0760595948,0.996828556],"shapeName":"/levels/west_coast_usa/art/shapes/objects/barrierfence_plain.dae","useInstanceRenderData":true}
