{"name":"fre_start_rockClimbL","class":"BeamNGTrigger","__parent":"Rock_Climb_Long","position":[554.432312,-531.699219,160.692245],"luaFunction":"onBeamNGTrigger","rotationMatrix":[-0.998614073,-0.0526403934,-3.95812094e-08,0.0525815636,-0.997497916,-0.0472647101,0.00248799287,-0.0471991822,0.998882413],"scale":[12.635169,1,4.90749168]}
{"class":"TSStatic","__parent":"Rock_Climb_Long","position":[560.758118,-530.457214,161.113663],"isRenderEnabled":false,"rotationMatrix":[-0.99953413,0.0305416342,0,-0.0305416342,-0.99953413,0,0,0,1],"shapeName":"/levels/west_coast_usa/art/shapes/objects/featherflag_beamng.dae","useInstanceRenderData":true}
{"name":"fre_finish_rockClimbL","class":"BeamNGTrigger","__parent":"Rock_Climb_Long","position":[557.68811,-571.072876,176.56958],"luaFunction":"onBeamNGTrigger","rotationMatrix":[0.618418336,0.784167647,-0.0513802208,-0.785371423,0.618999422,-0.00562042184,0.0273969807,0.0438283235,0.998663366],"scale":[6.09235954,1.70973086,5.43977737]}
{"class":"TSStatic","__parent":"Rock_Climb_Long","position":[548.827332,-530.850464,161.2229],"isRenderEnabled":false,"rotationMatrix":[0.998249292,0.0591471195,0,-0.0591471195,0.998249292,0,0,0,1],"shapeName":"/levels/west_coast_usa/art/shapes/objects/featherflag_beamng.dae","useInstanceRenderData":true}
{"class":"DecalRoad","persistentId":"79245014-367f-4dc2-8f6a-3291e5742f97","__parent":"Rock_Climb_Long","position":[552.082397,-530.690186,159.313705],"improvedSpline":true,"material":"checkered_line","nodes":[[552.082397,-530.690186,159.313705,0.5],[557.449829,-530.433838,159.721069,0.5]]}
{"name":"rockClimbL","class":"DecalRoad","persistentId":"7e72045a-80f4-4ca3-a5b0-40c1d7aed3f8","__parent":"Rock_Climb_Long","position":[554.184265,-533.423828,160.064926],"improvedSpline":true,"material":"road_invisible","nodes":[[554.184265,-533.423828,160.064926,6],[549.300232,-542.212708,164.745499,6],[549.21051,-547.948364,166.301865,6],[550.251404,-556.118286,169.000504,6],[551.095581,-561.844971,171.571899,6],[551.97345,-565.088257,172.886627,6],[554.314148,-567.054932,173.639893,6],[557.8974,-571.381653,174.660751,6]]}
{"name":"fre_start_rockClimbLasset0","class":"DecalRoad","persistentId":"a1b47424-79d5-45be-9fb8-75dc9dfda7df","__parent":"Rock_Climb_Long","position":[555.788208,-572.631165,174.700516],"hidden":true,"improvedSpline":true,"material":"checkered_line","nodes":[[555.788208,-572.631165,174.700516,0.5],[558.162659,-569.540894,174.438644,0.5]]}
{"name":"fre_staging_rockClimbL","class":"BeamNGTrigger","__parent":"Rock_Climb_Long","position":[554.427551,-530.881226,160.692245],"luaFunction":"onBeamNGTrigger","rotationMatrix":[-0.998614073,-0.0526403934,-3.95812094e-08,0.0525815636,-0.997497916,-0.0472647101,0.00248799287,-0.0471991822,0.998882413],"scale":[12.635169,1,4.90749168]}
