//--- OBJECT WRITE BEGIN ---
$ThisPrefab = new SimGroup() {
   canSave = "1";
   canSaveDynamicFields = "1";
      groupPosition = "0 0 0";

   new TSStatic() {
      shapeName = "/levels/west_coast_usa/art/shapes/objects/arrowboard_L.dae";
      dynamic = "0";
      playAmbient = "1";
      meshCulling = "0";
      originSort = "0";
      useInstanceRenderData = "1";
      instanceColor = "White";
      instanceColor1 = "White";
      instanceColor2 = "White";
      collisionType = "Collision Mesh";
      decalType = "Collision Mesh";
      prebuildCollisionData = "0";
      renderNormals = "0";
      forceDetail = "-1";
      position = "758.551208 -782.788818 164.413589";
      scale = "1 1 1";
      rotationMatrix = "0.984089494 0.156880066 -0.0834056586 -0.148554698 0.984025478 0.0981091484 0.0974646658 -0.0841578767 0.991674364";
      isRenderEnabled = "false";
      canSave = "1";
      canSaveDynamicFields = "1";
      persistentId = "13aca8af-3b46-4b9a-9063-16bce7d07921";
   };
   new TSStatic() {
      shapeName = "/levels/west_coast_usa/art/shapes/objects/arrowboard_L.dae";
      dynamic = "0";
      playAmbient = "1";
      meshCulling = "0";
      originSort = "0";
      useInstanceRenderData = "1";
      instanceColor = "White";
      instanceColor1 = "White";
      instanceColor2 = "White";
      collisionType = "Collision Mesh";
      decalType = "Collision Mesh";
      prebuildCollisionData = "0";
      renderNormals = "0";
      forceDetail = "-1";
      position = "760.784302 -777.904053 164.672668";
      scale = "1 1 1";
      rotationMatrix = "0.987317979 0.151853234 -0.0463011824 -0.148111522 0.986069679 0.0756934658 0.0571504943 -0.0678757802 0.996055543";
      isRenderEnabled = "false";
      canSave = "1";
      canSaveDynamicFields = "1";
      persistentId = "94a3f93d-d4ed-419c-a0f7-de34ef65b358";
   };
   new TSStatic() {
      shapeName = "/levels/west_coast_usa/art/shapes/objects/arrowboard_R.dae";
      dynamic = "0";
      playAmbient = "1";
      meshCulling = "0";
      originSort = "0";
      useInstanceRenderData = "1";
      instanceColor = "White";
      instanceColor1 = "White";
      instanceColor2 = "White";
      collisionType = "Collision Mesh";
      decalType = "Collision Mesh";
      prebuildCollisionData = "0";
      renderNormals = "0";
      forceDetail = "-1";
      position = "718.95343 -837.452942 157.01091";
      scale = "1 1 1";
      rotationMatrix = "0.891639471 0.452704281 0.00615133205 -0.452735513 0.89144361 0.0189428497 0.00309194485 -0.0196751188 0.999801636";
      isRenderEnabled = "false";
      canSave = "1";
      canSaveDynamicFields = "1";
      persistentId = "3a028fdf-f579-4d2d-951a-9a74e60ef788";
   };
   new TSStatic() {
      shapeName = "/levels/west_coast_usa/art/shapes/objects/arrowboard_L.dae";
      dynamic = "0";
      playAmbient = "1";
      meshCulling = "0";
      originSort = "0";
      useInstanceRenderData = "1";
      instanceColor = "White";
      instanceColor1 = "White";
      instanceColor2 = "White";
      collisionType = "Collision Mesh";
      decalType = "Collision Mesh";
      prebuildCollisionData = "0";
      renderNormals = "0";
      forceDetail = "-1";
      position = "872.719299 -606.370605 167.07283";
      scale = "1 1 1";
      rotationMatrix = "0.15734905 0.986275733 -0.0500140563 -0.987240016 0.158353329 0.016770836 0.0244605616 0.0467370041 0.998607695";
      isRenderEnabled = "false";
      canSave = "1";
      canSaveDynamicFields = "1";
      persistentId = "fc80017a-3643-41a0-a193-91773ac40cf9";
   };
   new TSStatic() {
      shapeName = "/levels/west_coast_usa/art/shapes/objects/arrowboard_L.dae";
      dynamic = "0";
      playAmbient = "1";
      meshCulling = "0";
      originSort = "0";
      useInstanceRenderData = "1";
      instanceColor = "White";
      instanceColor1 = "White";
      instanceColor2 = "White";
      collisionType = "Collision Mesh";
      decalType = "Collision Mesh";
      prebuildCollisionData = "0";
      renderNormals = "0";
      forceDetail = "-1";
      position = "865.926697 -601.065186 166.973404";
      scale = "1 1 1";
      rotationMatrix = "0.205671847 0.978371441 -0.0221036151 -0.978615701 0.205543339 -0.00796077587 -0.00324534252 0.0232682507 0.999723971";
      isRenderEnabled = "false";
      canSave = "1";
      canSaveDynamicFields = "1";
      persistentId = "94350a1a-25fe-4d7d-ae4c-442193a7ea64";
   };
   new TSStatic() {
      shapeName = "/levels/west_coast_usa/art/shapes/objects/arrowboard_L.dae";
      dynamic = "0";
      playAmbient = "1";
      meshCulling = "0";
      originSort = "0";
      useInstanceRenderData = "1";
      instanceColor = "White";
      instanceColor1 = "White";
      instanceColor2 = "White";
      collisionType = "Collision Mesh";
      decalType = "Collision Mesh";
      prebuildCollisionData = "0";
      renderNormals = "0";
      forceDetail = "-1";
      position = "879.622986 -456.610199 162.01561";
      scale = "1 1 1";
      rotationMatrix = "0.693753242 -0.720079184 -0.0138715375 0.720148444 0.69382 -4.65661287e-10 0.00962434895 -0.0099895671 0.999903798";
      isRenderEnabled = "false";
      canSave = "1";
      canSaveDynamicFields = "1";
      persistentId = "da083dc6-8d65-4824-b704-8e41db1ee885";
   };
   new TSStatic() {
      shapeName = "/levels/west_coast_usa/art/shapes/objects/arrowboard_L.dae";
      dynamic = "0";
      playAmbient = "1";
      meshCulling = "0";
      originSort = "0";
      useInstanceRenderData = "1";
      instanceColor = "White";
      instanceColor1 = "White";
      instanceColor2 = "White";
      collisionType = "Collision Mesh";
      decalType = "Collision Mesh";
      prebuildCollisionData = "0";
      renderNormals = "0";
      forceDetail = "-1";
      position = "886.470215 -451.659119 162.016205";
      scale = "1 1 1";
      rotationMatrix = "0.693372428 -0.720131934 -0.0253895316 0.719705641 0.693836272 -0.0247972459 0.0354734659 -0.00107926782 0.999370039";
      isRenderEnabled = "false";
      canSave = "1";
      canSaveDynamicFields = "1";
      persistentId = "0dfe023e-2eb6-4101-bb82-d3401d0bb99c";
   };
   new TSStatic() {
      shapeName = "/levels/west_coast_usa/art/shapes/objects/arrowboard_L.dae";
      dynamic = "0";
      playAmbient = "1";
      meshCulling = "0";
      originSort = "0";
      useInstanceRenderData = "1";
      instanceColor = "White";
      instanceColor1 = "White";
      instanceColor2 = "White";
      collisionType = "Collision Mesh";
      decalType = "Collision Mesh";
      prebuildCollisionData = "0";
      renderNormals = "0";
      forceDetail = "-1";
      position = "954.526123 -445.748688 160.864563";
      scale = "1 1 1";
      rotationMatrix = "-0.20841074 -0.977361381 0.0364704989 0.977938831 -0.208784342 -0.0067120241 0.0141745331 0.0342670567 0.999312162";
      isRenderEnabled = "false";
      canSave = "1";
      canSaveDynamicFields = "1";
      persistentId = "2fa36775-4277-4480-9e80-64c6eb52ed1c";
   };
   new TSStatic() {
      shapeName = "/levels/west_coast_usa/art/shapes/objects/arrowboard_L.dae";
      dynamic = "0";
      playAmbient = "1";
      meshCulling = "0";
      originSort = "0";
      useInstanceRenderData = "1";
      instanceColor = "White";
      instanceColor1 = "White";
      instanceColor2 = "White";
      collisionType = "Collision Mesh";
      decalType = "Collision Mesh";
      prebuildCollisionData = "0";
      renderNormals = "0";
      forceDetail = "-1";
      position = "963.161987 -447.60968 160.817062";
      scale = "1 1 1";
      rotationMatrix = "-0.208398819 -0.977155507 0.0416851826 0.97796756 -0.208726764 -0.00362937339 0.0122472607 0.0400103927 0.999124229";
      isRenderEnabled = "false";
      canSave = "1";
      canSaveDynamicFields = "1";
      persistentId = "51b44484-96c0-419c-9ea1-7b1753d3b5e4";
   };
   new TSStatic() {
      shapeName = "/levels/west_coast_usa/art/shapes/objects/arrowboard_L.dae";
      dynamic = "0";
      playAmbient = "1";
      meshCulling = "0";
      originSort = "0";
      useInstanceRenderData = "1";
      instanceColor = "White";
      instanceColor1 = "White";
      instanceColor2 = "White";
      collisionType = "Collision Mesh";
      decalType = "Collision Mesh";
      prebuildCollisionData = "0";
      renderNormals = "0";
      forceDetail = "-1";
      position = "962.507812 -964.991394 166.994659";
      scale = "1 1 1";
      rotationMatrix = "-0.793043256 0.609164953 0 -0.609164953 -0.793043256 0 0 0 1";
      isRenderEnabled = "false";
      canSave = "1";
      canSaveDynamicFields = "1";
      persistentId = "5751da2c-8a5a-40bc-bea7-3de2028b7d7d";
   };
   new TSStatic() {
      shapeName = "/levels/west_coast_usa/art/shapes/objects/arrowboard_L.dae";
      dynamic = "0";
      playAmbient = "1";
      meshCulling = "0";
      originSort = "0";
      useInstanceRenderData = "1";
      instanceColor = "White";
      instanceColor1 = "White";
      instanceColor2 = "White";
      collisionType = "Collision Mesh";
      decalType = "Collision Mesh";
      prebuildCollisionData = "0";
      renderNormals = "0";
      forceDetail = "-1";
      position = "954.35199 -963.342712 167.000534";
      scale = "1 1 1";
      rotationMatrix = "-0.793043256 0.609164953 0 -0.609164953 -0.793043256 0 0 0 1";
      isRenderEnabled = "false";
      canSave = "1";
      canSaveDynamicFields = "1";
      persistentId = "58f24f50-4450-439e-bf6b-d047bbd2204a";
   };
   new TSStatic() {
      shapeName = "/levels/west_coast_usa/art/shapes/objects/arrowboard_L.dae";
      dynamic = "0";
      playAmbient = "1";
      meshCulling = "0";
      originSort = "0";
      useInstanceRenderData = "1";
      instanceColor = "White";
      instanceColor1 = "White";
      instanceColor2 = "White";
      collisionType = "Collision Mesh";
      decalType = "Collision Mesh";
      prebuildCollisionData = "0";
      renderNormals = "0";
      forceDetail = "-1";
      position = "533.887268 -893.904114 152.851562";
      scale = "1 1 1";
      rotationMatrix = "0.977708876 0.20615004 0.0398433469 -0.207689717 0.97740221 0.0393682718 -0.0308272056 -0.0467657596 0.998430073";
      isRenderEnabled = "false";
      canSave = "1";
      canSaveDynamicFields = "1";
      persistentId = "2002d903-e903-4b87-9a4d-163a6f4a43f5";
   };
   new TSStatic() {
      shapeName = "/levels/west_coast_usa/art/shapes/objects/arrowboard_L.dae";
      dynamic = "0";
      playAmbient = "1";
      meshCulling = "0";
      originSort = "0";
      useInstanceRenderData = "1";
      instanceColor = "White";
      instanceColor1 = "White";
      instanceColor2 = "White";
      collisionType = "Collision Mesh";
      decalType = "Collision Mesh";
      prebuildCollisionData = "0";
      renderNormals = "0";
      forceDetail = "-1";
      position = "532.987915 -889.659119 153.042389";
      scale = "1 1 1";
      rotationMatrix = "0.978002906 0.206235066 0.0312640592 -0.207642987 0.976835072 0.0517457686 -0.0198680386 -0.0570992716 0.998170793";
      isRenderEnabled = "false";
      canSave = "1";
      canSaveDynamicFields = "1";
      persistentId = "6573d846-b1ae-4d4d-bc37-7c28b5c873c3";
   };
   new TSStatic() {
      shapeName = "/levels/west_coast_usa/art/shapes/objects/arrowboard_L.dae";
      dynamic = "0";
      playAmbient = "1";
      meshCulling = "0";
      originSort = "0";
      useInstanceRenderData = "1";
      instanceColor = "White";
      instanceColor1 = "White";
      instanceColor2 = "White";
      collisionType = "Collision Mesh";
      decalType = "Collision Mesh";
      prebuildCollisionData = "0";
      renderNormals = "0";
      forceDetail = "-1";
      position = "563.894714 -861.039307 157.023621";
      scale = "1 1 1";
      rotationMatrix = "0.568227887 -0.809476852 -0.147865728 0.817058325 0.576351047 -0.0153349377 0.0976358354 -0.112101197 0.988888562";
      isRenderEnabled = "false";
      canSave = "1";
      canSaveDynamicFields = "1";
      persistentId = "6a256bd8-f4e1-477b-afc0-e20016b65db0";
   };
   new TSStatic() {
      shapeName = "/levels/west_coast_usa/art/shapes/objects/arrowboard_R.dae";
      dynamic = "0";
      playAmbient = "1";
      meshCulling = "0";
      originSort = "0";
      useInstanceRenderData = "1";
      instanceColor = "White";
      instanceColor1 = "White";
      instanceColor2 = "White";
      collisionType = "Collision Mesh";
      decalType = "Collision Mesh";
      prebuildCollisionData = "0";
      renderNormals = "0";
      forceDetail = "-1";
      position = "642.360352 -869.922119 155.4095";
      scale = "1 1 1";
      rotationMatrix = "-0.335594416 0.941910923 0.013426194 -0.941058934 -0.33458364 -0.0496178344 -0.0422433987 -0.0292863082 0.998678029";
      isRenderEnabled = "false";
      canSave = "1";
      canSaveDynamicFields = "1";
      persistentId = "399a3c34-d006-4952-bc93-96a5140b8336";
   };
   new TSStatic() {
      shapeName = "/levels/west_coast_usa/art/shapes/objects/arrowboard_R.dae";
      dynamic = "0";
      playAmbient = "1";
      meshCulling = "0";
      originSort = "0";
      useInstanceRenderData = "1";
      instanceColor = "White";
      instanceColor1 = "White";
      instanceColor2 = "White";
      collisionType = "Collision Mesh";
      decalType = "Collision Mesh";
      prebuildCollisionData = "0";
      renderNormals = "0";
      forceDetail = "-1";
      position = "675.887878 -834.956909 157.955643";
      scale = "1 1 1";
      rotationMatrix = "0.891455352 0.451016843 0.0434875861 -0.452777624 0.890359521 0.0474592447 -0.017314665 -0.0619980022 0.997926056";
      isRenderEnabled = "false";
      canSave = "1";
      canSaveDynamicFields = "1";
      persistentId = "05598302-0e5f-47b1-a70c-3acf41d94bc2";
   };
   new TSStatic() {
      shapeName = "/levels/west_coast_usa/art/shapes/objects/arrowboard_R.dae";
      dynamic = "0";
      playAmbient = "1";
      meshCulling = "0";
      originSort = "0";
      useInstanceRenderData = "1";
      instanceColor = "White";
      instanceColor1 = "White";
      instanceColor2 = "White";
      collisionType = "Collision Mesh";
      decalType = "Collision Mesh";
      prebuildCollisionData = "0";
      renderNormals = "0";
      forceDetail = "-1";
      position = "679.625366 -839.498718 157.793381";
      scale = "1 1 1";
      rotationMatrix = "0.890600622 0.452059567 0.0497257486 -0.45308286 0.891399741 0.0110619133 -0.0393248722 -0.0323816314 0.998701632";
      isRenderEnabled = "false";
      canSave = "1";
      canSaveDynamicFields = "1";
      persistentId = "55e8b2e0-8a5a-4505-a86d-f03872d5a610";
   };
   new TSStatic() {
      shapeName = "/levels/west_coast_usa/art/shapes/objects/arrowboard_L.dae";
      dynamic = "0";
      playAmbient = "1";
      meshCulling = "0";
      originSort = "0";
      useInstanceRenderData = "1";
      instanceColor = "White";
      instanceColor1 = "White";
      instanceColor2 = "White";
      collisionType = "Collision Mesh";
      decalType = "Collision Mesh";
      prebuildCollisionData = "0";
      renderNormals = "0";
      forceDetail = "-1";
      position = "574.586792 -856.672119 155.100677";
      scale = "1 1 1";
      rotationMatrix = "0.429595649 -0.902590334 0.0278942063 0.894859731 0.421366155 -0.147229046 0.121133856 0.0882103518 0.988709033";
      isRenderEnabled = "false";
      canSave = "1";
      canSaveDynamicFields = "1";
      persistentId = "a71905d1-48ba-4fa6-b96f-d6727497857d";
   };
};
//--- OBJECT WRITE END ---




