//--- OBJECT WRITE BEGIN ---
$ThisPrefab = new SimGroup() {
   canSave = "1";
   canSaveDynamicFields = "1";
      groupPosition = "0 0 0";

   new TSStatic() {
      shapeName = "/art/shapes/race/s_concrete_race_barrier.dae";
      dynamic = "0";
      playAmbient = "1";
      meshCulling = "0";
      originSort = "0";
      useInstanceRenderData = "1";
      instanceColor = "White";
      instanceColor1 = "White";
      instanceColor2 = "White";
      collisionType = "Collision Mesh";
      decalType = "Collision Mesh";
      prebuildCollisionData = "0";
      renderNormals = "0";
      forceDetail = "-1";
      position = "651.695374 -855.163025 155.887558";
      scale = "1 1 1";
      rotationMatrix = "-0.367803335 0.926194251 0.0829743445 -0.929823458 -0.365133882 -0.0458858982 -0.0122025125 -0.0940284953 0.995494723";
      isRenderEnabled = "false";
      canSave = "1";
      canSaveDynamicFields = "1";
      persistentId = "7bb65424-e5b5-47d4-86bf-5e008e2c267b";
   };
   new TSStatic() {
      shapeName = "/art/shapes/race/s_concrete_race_barrier.dae";
      dynamic = "0";
      playAmbient = "1";
      meshCulling = "0";
      originSort = "0";
      useInstanceRenderData = "1";
      instanceColor = "White";
      instanceColor1 = "White";
      instanceColor2 = "White";
      collisionType = "Collision Mesh";
      decalType = "Collision Mesh";
      prebuildCollisionData = "0";
      renderNormals = "0";
      forceDetail = "-1";
      position = "648.097168 -845.759216 156.578766";
      scale = "1 1 1";
      rotationMatrix = "-0.389674067 0.916636229 0.0890636742 -0.920612097 -0.385073304 -0.0647456944 -0.0250522047 -0.10722281 0.993919313";
      isRenderEnabled = "false";
      canSave = "1";
      canSaveDynamicFields = "1";
      persistentId = "78000d10-4f01-40cb-b3cc-b82982ef6307";
   };
   new TSStatic() {
      shapeName = "/art/shapes/race/s_concrete_race_barrier.dae";
      dynamic = "0";
      playAmbient = "1";
      meshCulling = "0";
      originSort = "0";
      useInstanceRenderData = "1";
      instanceColor = "White";
      instanceColor1 = "White";
      instanceColor2 = "White";
      collisionType = "Collision Mesh";
      decalType = "Collision Mesh";
      prebuildCollisionData = "0";
      renderNormals = "0";
      forceDetail = "-1";
      position = "675.322998 -832.909668 158.087967";
      scale = "1 1 1";
      rotationMatrix = "-0.382064939 0.920879841 0.0775014386 -0.923957705 -0.382290244 -0.0124950707 0.0181215946 -0.0763819814 0.99691391";
      isRenderEnabled = "false";
      canSave = "1";
      canSaveDynamicFields = "1";
      persistentId = "995e0e83-8cc7-449f-a8cd-dca478dceb6b";
   };
   new TSStatic() {
      shapeName = "/art/shapes/race/s_concrete_race_barrier.dae";
      dynamic = "0";
      playAmbient = "1";
      meshCulling = "0";
      originSort = "0";
      useInstanceRenderData = "1";
      instanceColor = "White";
      instanceColor1 = "White";
      instanceColor2 = "White";
      collisionType = "Collision Mesh";
      decalType = "Collision Mesh";
      prebuildCollisionData = "0";
      renderNormals = "0";
      forceDetail = "-1";
      position = "676.512695 -835.836182 157.894104";
      scale = "1 1 1";
      rotationMatrix = "-0.403764367 0.913889825 0.0421794653 -0.914819658 -0.403763175 -0.00892600045 0.00887314416 -0.0421906151 0.999070168";
      isRenderEnabled = "false";
      canSave = "1";
      canSaveDynamicFields = "1";
      persistentId = "d8f7f8e1-5765-4d15-abea-9bce01349c53";
   };
   new TSStatic() {
      shapeName = "/art/shapes/race/s_concrete_race_barrier.dae";
      dynamic = "0";
      playAmbient = "1";
      meshCulling = "0";
      originSort = "0";
      useInstanceRenderData = "1";
      instanceColor = "White";
      instanceColor1 = "White";
      instanceColor2 = "White";
      collisionType = "Collision Mesh";
      decalType = "Collision Mesh";
      prebuildCollisionData = "0";
      renderNormals = "0";
      forceDetail = "-1";
      position = "677.743652 -838.635559 157.792206";
      scale = "1 1 1";
      rotationMatrix = "-0.395998597 0.917922318 0.0245733391 -0.918195069 -0.396128297 0.000452388078 0.010149451 -0.0223839749 0.999697924";
      isRenderEnabled = "false";
      canSave = "1";
      canSaveDynamicFields = "1";
      persistentId = "d7791859-fdcb-4aef-9bd2-d234e001b2d2";
   };
   new TSStatic() {
      shapeName = "/art/shapes/race/s_concrete_race_barrier.dae";
      dynamic = "0";
      playAmbient = "1";
      meshCulling = "0";
      originSort = "0";
      useInstanceRenderData = "1";
      instanceColor = "White";
      instanceColor1 = "White";
      instanceColor2 = "White";
      collisionType = "Collision Mesh";
      decalType = "Collision Mesh";
      prebuildCollisionData = "0";
      renderNormals = "0";
      forceDetail = "-1";
      position = "679.37262 -841.513794 157.988922";
      scale = "1 1 1";
      rotationMatrix = "-0.520832658 0.840299547 -0.150433972 -0.851841629 -0.52308321 0.0273892768 -0.0556742698 0.142411128 0.9882406";
      isRenderEnabled = "false";
      canSave = "1";
      canSaveDynamicFields = "1";
      persistentId = "05d81746-ab4e-4728-8f99-87168baeac5e";
   };
   new TSStatic() {
      shapeName = "/art/shapes/race/s_concrete_race_barrier.dae";
      dynamic = "0";
      playAmbient = "1";
      meshCulling = "0";
      originSort = "0";
      useInstanceRenderData = "1";
      instanceColor = "White";
      instanceColor1 = "White";
      instanceColor2 = "White";
      collisionType = "Collision Mesh";
      decalType = "Collision Mesh";
      prebuildCollisionData = "0";
      renderNormals = "0";
      forceDetail = "-1";
      position = "649.253113 -848.806885 156.326248";
      scale = "1 1 1";
      rotationMatrix = "-0.344575763 0.936723292 0.061784707 -0.938343108 -0.341718435 -0.0523547232 -0.0279289242 -0.0760154128 0.996715426";
      isRenderEnabled = "false";
      canSave = "1";
      canSaveDynamicFields = "1";
      persistentId = "0ceb6cf4-68f2-42c8-91c5-eff979ee84c1";
   };
   new TSStatic() {
      shapeName = "/art/shapes/race/s_concrete_race_barrier.dae";
      dynamic = "0";
      playAmbient = "1";
      meshCulling = "0";
      originSort = "0";
      useInstanceRenderData = "1";
      instanceColor = "White";
      instanceColor1 = "White";
      instanceColor2 = "White";
      collisionType = "Collision Mesh";
      decalType = "Collision Mesh";
      prebuildCollisionData = "0";
      renderNormals = "0";
      forceDetail = "-1";
      position = "650.398987 -851.894348 156.148193";
      scale = "1 1 1";
      rotationMatrix = "-0.367504001 0.927818716 0.0639791563 -0.929823458 -0.365133882 -0.0458858982 -0.0192128345 -0.0763525739 0.99689573";
      isRenderEnabled = "false";
      canSave = "1";
      canSaveDynamicFields = "1";
      persistentId = "b5450717-cf4c-492f-82ea-c9660d74add6";
   };
   new TSStatic() {
      shapeName = "/art/shapes/race/s_concrete_race_barrier.dae";
      dynamic = "0";
      playAmbient = "1";
      meshCulling = "0";
      originSort = "0";
      useInstanceRenderData = "1";
      instanceColor = "White";
      instanceColor1 = "White";
      instanceColor2 = "White";
      collisionType = "Collision Mesh";
      decalType = "Collision Mesh";
      prebuildCollisionData = "0";
      renderNormals = "0";
      forceDetail = "-1";
      position = "573.70575 -857.287598 155.221832";
      scale = "1 1 1";
      rotationMatrix = "-0.985409617 -0.129203826 0.110789523 0.141651958 -0.983444691 0.11301057 0.094353959 0.127055258 0.98739773";
      isRenderEnabled = "false";
      canSave = "1";
      canSaveDynamicFields = "1";
      persistentId = "dccd9cea-3cdb-45fc-a237-ad3a1af6228b";
   };
   new TSStatic() {
      shapeName = "/art/shapes/race/s_concrete_race_barrier.dae";
      dynamic = "0";
      playAmbient = "1";
      meshCulling = "0";
      originSort = "0";
      useInstanceRenderData = "1";
      instanceColor = "White";
      instanceColor1 = "White";
      instanceColor2 = "White";
      collisionType = "Collision Mesh";
      decalType = "Collision Mesh";
      prebuildCollisionData = "0";
      renderNormals = "0";
      forceDetail = "-1";
      position = "552.844055 -861.99939 158.475861";
      scale = "1 1 1";
      rotationMatrix = "-0.959779978 0.125202358 0.251290441 -0.166918039 -0.974158168 -0.152165338 0.225745171 -0.187990144 0.955875933";
      isRenderEnabled = "false";
      canSave = "1";
      canSaveDynamicFields = "1";
      persistentId = "37b0691a-2f48-439e-bcf3-591eada56387";
   };
   new TSStatic() {
      shapeName = "/art/shapes/race/s_concrete_race_barrier.dae";
      dynamic = "0";
      playAmbient = "1";
      meshCulling = "0";
      originSort = "0";
      useInstanceRenderData = "1";
      instanceColor = "White";
      instanceColor1 = "White";
      instanceColor2 = "White";
      collisionType = "Collision Mesh";
      decalType = "Collision Mesh";
      prebuildCollisionData = "0";
      renderNormals = "0";
      forceDetail = "-1";
      position = "549.165283 -861.935608 159.340164";
      scale = "1 1 1";
      rotationMatrix = "-0.986328721 -0.0739110336 0.147283465 0.0158529487 -0.932185411 -0.361633152 0.164024204 -0.354354352 0.920613408";
      isRenderEnabled = "false";
      canSave = "1";
      canSaveDynamicFields = "1";
      persistentId = "f7b5dd83-3101-4fc8-9017-6b58fe54faf4";
   };
   new TSStatic() {
      shapeName = "/art/shapes/race/s_concrete_race_barrier.dae";
      dynamic = "0";
      playAmbient = "1";
      meshCulling = "0";
      originSort = "0";
      useInstanceRenderData = "1";
      instanceColor = "White";
      instanceColor1 = "White";
      instanceColor2 = "White";
      collisionType = "Collision Mesh";
      decalType = "Collision Mesh";
      prebuildCollisionData = "0";
      renderNormals = "0";
      forceDetail = "-1";
      position = "545.279419 -861.935608 159.67244";
      scale = "1 1 1";
      rotationMatrix = "-0.99143064 0.086090751 0.0982511193 -0.114031769 -0.937281013 -0.32939437 0.063731119 -0.337775499 0.939066589";
      isRenderEnabled = "false";
      canSave = "1";
      canSaveDynamicFields = "1";
      persistentId = "d01e2263-3a96-4421-9bba-9659c9bc2f7a";
   };
   new TSStatic() {
      shapeName = "/art/shapes/race/s_concrete_race_barrier.dae";
      dynamic = "0";
      playAmbient = "1";
      meshCulling = "0";
      originSort = "0";
      useInstanceRenderData = "1";
      instanceColor = "White";
      instanceColor1 = "White";
      instanceColor2 = "White";
      collisionType = "Collision Mesh";
      decalType = "Collision Mesh";
      prebuildCollisionData = "0";
      renderNormals = "0";
      forceDetail = "-1";
      position = "541.018982 -861.935608 159.950806";
      scale = "1 1 1";
      rotationMatrix = "-0.99658668 -0.0784650072 0.0256459303 0.0623628832 -0.919175982 -0.388877809 0.0540864356 -0.385951161 0.920932293";
      isRenderEnabled = "false";
      canSave = "1";
      canSaveDynamicFields = "1";
      persistentId = "6055cc8d-b558-45c9-bdd1-c3040581e71e";
   };
   new TSStatic() {
      shapeName = "/art/shapes/race/s_concrete_race_barrier.dae";
      dynamic = "0";
      playAmbient = "1";
      meshCulling = "0";
      originSort = "0";
      useInstanceRenderData = "1";
      instanceColor = "White";
      instanceColor1 = "White";
      instanceColor2 = "White";
      collisionType = "Collision Mesh";
      decalType = "Collision Mesh";
      prebuildCollisionData = "0";
      renderNormals = "0";
      forceDetail = "-1";
      position = "748.072754 -790.112427 165.321503";
      scale = "1 1 1";
      rotationMatrix = "-0.993056893 0.0288091376 0.114054404 -0.0340510905 -0.998438835 -0.0442815609 0.112600602 -0.04785778 0.992487133";
      isRenderEnabled = "false";
      canSave = "1";
      canSaveDynamicFields = "1";
      persistentId = "2b038db4-6019-470d-bb01-2a316ceaecf9";
   };
   new TSStatic() {
      shapeName = "/art/shapes/race/s_concrete_race_barrier.dae";
      dynamic = "0";
      playAmbient = "1";
      meshCulling = "0";
      originSort = "0";
      useInstanceRenderData = "1";
      instanceColor = "White";
      instanceColor1 = "White";
      instanceColor2 = "White";
      collisionType = "Collision Mesh";
      decalType = "Collision Mesh";
      prebuildCollisionData = "0";
      renderNormals = "0";
      forceDetail = "-1";
      position = "744.665161 -790.112427 165.665115";
      scale = "1 1 1";
      rotationMatrix = "-0.993854284 -0.0348935686 0.105052032 0.0366251357 -0.999222398 0.0145985903 0.104460955 0.0183564201 0.994359493";
      isRenderEnabled = "false";
      canSave = "1";
      canSaveDynamicFields = "1";
      persistentId = "b71676c9-fa1b-4228-af28-786e936d7c26";
   };
   new TSStatic() {
      shapeName = "/art/shapes/race/s_concrete_race_barrier.dae";
      dynamic = "0";
      playAmbient = "1";
      meshCulling = "0";
      originSort = "0";
      useInstanceRenderData = "1";
      instanceColor = "White";
      instanceColor1 = "White";
      instanceColor2 = "White";
      collisionType = "Collision Mesh";
      decalType = "Collision Mesh";
      prebuildCollisionData = "0";
      renderNormals = "0";
      forceDetail = "-1";
      position = "741.123779 -790.112427 165.961807";
      scale = "1 1 1";
      rotationMatrix = "-0.995294452 0.0137990406 0.0959060416 -0.00679996517 -0.997313857 0.0729256198 0.0966547653 0.0719303265 0.992715418";
      isRenderEnabled = "false";
      canSave = "1";
      canSaveDynamicFields = "1";
      persistentId = "0858e65a-fcb3-48a3-95cc-eb267ad3ea6b";
   };
   new TSStatic() {
      shapeName = "/art/shapes/race/s_concrete_race_barrier.dae";
      dynamic = "0";
      playAmbient = "1";
      meshCulling = "0";
      originSort = "0";
      useInstanceRenderData = "1";
      instanceColor = "White";
      instanceColor1 = "White";
      instanceColor2 = "White";
      collisionType = "Collision Mesh";
      decalType = "Collision Mesh";
      prebuildCollisionData = "0";
      renderNormals = "0";
      forceDetail = "-1";
      position = "736.782593 -790.112427 166.361343";
      scale = "1 1 1";
      rotationMatrix = "-0.994011879 -0.0347605236 0.103595063 0.0436809659 -0.995412469 0.0851231962 0.100160897 0.0891386122 0.990970254";
      isRenderEnabled = "false";
      canSave = "1";
      canSaveDynamicFields = "1";
      persistentId = "522ed0e0-ba0f-4474-97e9-e08612ae7115";
   };
   new TSStatic() {
      shapeName = "/art/shapes/race/s_concrete_race_barrier.dae";
      dynamic = "0";
      playAmbient = "1";
      meshCulling = "0";
      originSort = "0";
      useInstanceRenderData = "1";
      instanceColor = "White";
      instanceColor1 = "White";
      instanceColor2 = "White";
      collisionType = "Collision Mesh";
      decalType = "Collision Mesh";
      prebuildCollisionData = "0";
      renderNormals = "0";
      forceDetail = "-1";
      position = "732.812317 -790.112427 166.755814";
      scale = "1 1 1";
      rotationMatrix = "-0.995167851 -0.0155321993 0.0969486013 0.0253878608 -0.99453485 0.10126885 0.0948458537 0.103240855 0.990124047";
      isRenderEnabled = "false";
      canSave = "1";
      canSaveDynamicFields = "1";
      persistentId = "cb4a0a57-4323-4abf-8635-41a558667414";
   };
   new TSStatic() {
      shapeName = "/art/shapes/race/s_concrete_race_barrier.dae";
      dynamic = "0";
      playAmbient = "1";
      meshCulling = "0";
      originSort = "0";
      useInstanceRenderData = "1";
      instanceColor = "White";
      instanceColor1 = "White";
      instanceColor2 = "White";
      collisionType = "Collision Mesh";
      decalType = "Collision Mesh";
      prebuildCollisionData = "0";
      renderNormals = "0";
      forceDetail = "-1";
      position = "727.603088 -790.112427 167.304306";
      scale = "1 1 1";
      rotationMatrix = "-0.994670868 0.00156445894 0.103090867 0.0105887083 -0.993047833 0.117235027 0.10255757 0.117701851 0.987738967";
      isRenderEnabled = "false";
      canSave = "1";
      canSaveDynamicFields = "1";
      persistentId = "350b85fb-dbe9-4c3c-bdc2-2575dbe73574";
   };
   new TSStatic() {
      shapeName = "/art/shapes/race/s_concrete_race_barrier.dae";
      dynamic = "0";
      playAmbient = "1";
      meshCulling = "0";
      originSort = "0";
      useInstanceRenderData = "1";
      instanceColor = "White";
      instanceColor1 = "White";
      instanceColor2 = "White";
      collisionType = "Collision Mesh";
      decalType = "Collision Mesh";
      prebuildCollisionData = "0";
      renderNormals = "0";
      forceDetail = "-1";
      position = "722.283081 -790.112427 167.897949";
      scale = "1 1 1";
      rotationMatrix = "-0.993133187 -0.034667369 0.111734584 0.0471004508 -0.992744863 0.110629648 0.107088707 0.115132727 0.987560749";
      isRenderEnabled = "false";
      canSave = "1";
      canSaveDynamicFields = "1";
      persistentId = "95356f71-0bf1-49e7-b7da-79a7421590dc";
   };
   new TSStatic() {
      shapeName = "/art/shapes/race/s_concrete_race_barrier.dae";
      dynamic = "0";
      playAmbient = "1";
      meshCulling = "0";
      originSort = "0";
      useInstanceRenderData = "1";
      instanceColor = "White";
      instanceColor1 = "White";
      instanceColor2 = "White";
      collisionType = "Collision Mesh";
      decalType = "Collision Mesh";
      prebuildCollisionData = "0";
      renderNormals = "0";
      forceDetail = "-1";
      position = "716.826233 -790.112427 168.544998";
      scale = "1 1 1";
      rotationMatrix = "-0.993238807 -0.00162591413 0.116076134 0.0128165521 -0.995324969 0.0957266986 0.115377851 0.0965671837 0.988616586";
      isRenderEnabled = "false";
      canSave = "1";
      canSaveDynamicFields = "1";
      persistentId = "e799df99-a05d-43aa-94bb-8ab43c3c7f1f";
   };
   new TSStatic() {
      shapeName = "/art/shapes/race/s_concrete_race_barrier.dae";
      dynamic = "0";
      playAmbient = "1";
      meshCulling = "0";
      originSort = "0";
      useInstanceRenderData = "1";
      instanceColor = "White";
      instanceColor1 = "White";
      instanceColor2 = "White";
      collisionType = "Collision Mesh";
      decalType = "Collision Mesh";
      prebuildCollisionData = "0";
      renderNormals = "0";
      forceDetail = "-1";
      position = "710.317261 -790.112427 169.365906";
      scale = "1 1 1";
      rotationMatrix = "-0.990054071 -0.0346623361 0.136349812 0.0499909222 -0.992600679 0.110655516 0.131505355 0.116371214 0.984461308";
      isRenderEnabled = "false";
      canSave = "1";
      canSaveDynamicFields = "1";
      persistentId = "9e7f5ce4-e7f2-4edb-af70-838b4df4e12b";
   };
   new TSStatic() {
      shapeName = "/art/shapes/race/s_concrete_race_barrier.dae";
      dynamic = "0";
      playAmbient = "1";
      meshCulling = "0";
      originSort = "0";
      useInstanceRenderData = "1";
      instanceColor = "White";
      instanceColor1 = "White";
      instanceColor2 = "White";
      collisionType = "Collision Mesh";
      decalType = "Collision Mesh";
      prebuildCollisionData = "0";
      renderNormals = "0";
      forceDetail = "-1";
      position = "696.626953 -774.940735 171.330551";
      scale = "1 1 1";
      rotationMatrix = "-0.118333764 -0.992437899 0.0326183029 0.981769562 -0.121856168 -0.145875037 0.148746684 0.0147617143 0.988765061";
      isRenderEnabled = "false";
      canSave = "1";
      canSaveDynamicFields = "1";
      persistentId = "b1cf4190-800f-4f8c-9d93-4f86e1818a62";
   };
   new TSStatic() {
      shapeName = "/art/shapes/race/s_concrete_race_barrier.dae";
      dynamic = "0";
      playAmbient = "1";
      meshCulling = "0";
      originSort = "0";
      useInstanceRenderData = "1";
      instanceColor = "White";
      instanceColor1 = "White";
      instanceColor2 = "White";
      collisionType = "Collision Mesh";
      decalType = "Collision Mesh";
      prebuildCollisionData = "0";
      renderNormals = "0";
      forceDetail = "-1";
      position = "696.140564 -778.864624 171.44223";
      scale = "1 1 1";
      rotationMatrix = "-0.118594646 -0.992461681 0.0309039075 0.981771469 -0.121859089 -0.145859256 0.148525655 0.0130424509 0.98882252";
      isRenderEnabled = "false";
      canSave = "1";
      canSaveDynamicFields = "1";
      persistentId = "0221d06a-678f-4465-976f-3527dc57bf5e";
   };
};
//--- OBJECT WRITE END ---










