//--- OBJECT WRITE BEGIN ---
$ThisPrefab = new SimGroup() {
   canSave = "1";
   canSaveDynamicFields = "1";
      groupPosition = "0 0 0";

   new TSStatic() {
      shapeName = "/levels/west_coast_usa/art/shapes/objects/arrowboard_R.dae";
      dynamic = "0";
      playAmbient = "1";
      meshCulling = "0";
      originSort = "0";
      useInstanceRenderData = "1";
      instanceColor = "White";
      instanceColor1 = "White";
      instanceColor2 = "White";
      collisionType = "Collision Mesh";
      decalType = "Collision Mesh";
      prebuildCollisionData = "0";
      renderNormals = "0";
      forceDetail = "-1";
      position = "863.973572 -598.54834 166.917999";
      scale = "1 1 1";
      rotationMatrix = "0.988397837 0.151887164 2.32830644e-10 -0.151845649 0.988127708 -0.0233776625 -0.00355076767 0.0231064316 0.999726713";
      isRenderEnabled = "false";
      canSave = "1";
      canSaveDynamicFields = "1";
      persistentId = "d2edcce9-1036-4f17-b0b1-bcc319646eaa";
   };
   new TSStatic() {
      shapeName = "/levels/west_coast_usa/art/shapes/objects/arrowboard_R.dae";
      dynamic = "0";
      playAmbient = "1";
      meshCulling = "0";
      originSort = "0";
      useInstanceRenderData = "1";
      instanceColor = "White";
      instanceColor1 = "White";
      instanceColor2 = "White";
      collisionType = "Collision Mesh";
      decalType = "Collision Mesh";
      prebuildCollisionData = "0";
      renderNormals = "0";
      forceDetail = "-1";
      position = "869.165039 -603.634399 167.007919";
      scale = "1 1 1";
      rotationMatrix = "0.988365769 0.151299983 -0.0155388992 -0.15168643 0.988038599 -0.0277651958 0.0111521594 0.029799208 0.999493718";
      isRenderEnabled = "false";
      canSave = "1";
      canSaveDynamicFields = "1";
      persistentId = "0e5f0b57-a8fe-4e6b-be11-84d6f82a1555";
   };
   new TSStatic() {
      shapeName = "/levels/west_coast_usa/art/shapes/objects/arrowboard_R.dae";
      dynamic = "0";
      playAmbient = "1";
      meshCulling = "0";
      originSort = "0";
      useInstanceRenderData = "1";
      instanceColor = "White";
      instanceColor1 = "White";
      instanceColor2 = "White";
      collisionType = "Collision Mesh";
      decalType = "Collision Mesh";
      prebuildCollisionData = "0";
      renderNormals = "0";
      forceDetail = "-1";
      position = "880.120911 -454.513824 162.038727";
      scale = "1 1 1";
      rotationMatrix = "0.398355186 -0.917231202 -4.65661287e-10 0.917174697 0.398330688 0.0110970195 -0.0101785325 -0.00442055427 0.999938428";
      isRenderEnabled = "false";
      canSave = "1";
      canSaveDynamicFields = "1";
      persistentId = "19bb16d1-c146-40f3-b05f-d13b2c696a1d";
   };
   new TSStatic() {
      shapeName = "/levels/west_coast_usa/art/shapes/objects/arrowboard_R.dae";
      dynamic = "0";
      playAmbient = "1";
      meshCulling = "0";
      originSort = "0";
      useInstanceRenderData = "1";
      instanceColor = "White";
      instanceColor1 = "White";
      instanceColor2 = "White";
      collisionType = "Collision Mesh";
      decalType = "Collision Mesh";
      prebuildCollisionData = "0";
      renderNormals = "0";
      forceDetail = "-1";
      position = "887.134521 -451.307159 161.988281";
      scale = "1 1 1";
      rotationMatrix = "0.398027658 -0.917340815 -0.00773517787 0.916324079 0.397961438 -0.0444616005 0.0438647419 0.0106090102 0.998981118";
      isRenderEnabled = "false";
      canSave = "1";
      canSaveDynamicFields = "1";
      persistentId = "654c2ee8-286b-4fc2-a700-af0da6ed720d";
   };
   new TSStatic() {
      shapeName = "/levels/west_coast_usa/art/shapes/objects/arrowboard_R.dae";
      dynamic = "0";
      playAmbient = "1";
      meshCulling = "0";
      originSort = "0";
      useInstanceRenderData = "1";
      instanceColor = "White";
      instanceColor1 = "White";
      instanceColor2 = "White";
      collisionType = "Collision Mesh";
      decalType = "Collision Mesh";
      prebuildCollisionData = "0";
      renderNormals = "0";
      forceDetail = "-1";
      position = "968.073792 -456.979004 161.125824";
      scale = "1 1 1";
      rotationMatrix = "-0.979734302 0.200300902 4.65661287e-10 -0.200143576 -0.978964806 0.0396264717 0.00793721899 0.0388234183 0.99921459";
      isRenderEnabled = "false";
      canSave = "1";
      canSaveDynamicFields = "1";
      persistentId = "1cf5a207-334d-467c-a087-e7bde26711c9";
   };
   new TSStatic() {
      shapeName = "/levels/west_coast_usa/art/shapes/objects/arrowboard_R.dae";
      dynamic = "0";
      playAmbient = "1";
      meshCulling = "0";
      originSort = "0";
      useInstanceRenderData = "1";
      instanceColor = "White";
      instanceColor1 = "White";
      instanceColor2 = "White";
      collisionType = "Collision Mesh";
      decalType = "Collision Mesh";
      prebuildCollisionData = "0";
      renderNormals = "0";
      forceDetail = "-1";
      position = "966.293396 -464.682037 161.437073";
      scale = "1 1 1";
      rotationMatrix = "-0.979630113 0.200622961 0.00871876907 -0.200152054 -0.97900629 0.0385568589 0.0162711162 0.0360263661 0.999218345";
      isRenderEnabled = "false";
      canSave = "1";
      canSaveDynamicFields = "1";
      persistentId = "857ff5a1-8c0f-4801-a8b8-eac67c5acac0";
   };
   new TSStatic() {
      shapeName = "/levels/west_coast_usa/art/shapes/objects/arrowboard_R.dae";
      dynamic = "0";
      playAmbient = "1";
      meshCulling = "0";
      originSort = "0";
      useInstanceRenderData = "1";
      instanceColor = "White";
      instanceColor1 = "White";
      instanceColor2 = "White";
      collisionType = "Collision Mesh";
      decalType = "Collision Mesh";
      prebuildCollisionData = "0";
      renderNormals = "0";
      forceDetail = "-1";
      position = "966.805176 -967.765991 166.994659";
      scale = "1 1 1";
      rotationMatrix = "0.416523397 0.90912503 0 -0.90912503 0.416523397 0 0 0 1";
      isRenderEnabled = "false";
      canSave = "1";
      canSaveDynamicFields = "1";
      persistentId = "f8f3ca0f-08a8-4d80-b3b7-09b4044f8dd8";
   };
   new TSStatic() {
      shapeName = "/levels/west_coast_usa/art/shapes/objects/arrowboard_R.dae";
      dynamic = "0";
      playAmbient = "1";
      meshCulling = "0";
      originSort = "0";
      useInstanceRenderData = "1";
      instanceColor = "White";
      instanceColor1 = "White";
      instanceColor2 = "White";
      collisionType = "Collision Mesh";
      decalType = "Collision Mesh";
      prebuildCollisionData = "0";
      renderNormals = "0";
      forceDetail = "-1";
      position = "957.924438 -965.549927 167.000534";
      scale = "1 1 1";
      rotationMatrix = "0.416523397 0.90912503 0 -0.90912503 0.416523397 0 0 0 1";
      isRenderEnabled = "false";
      canSave = "1";
      canSaveDynamicFields = "1";
      persistentId = "8a8f676b-2c58-4bc4-b648-03e5ed181313";
   };
   new TSStatic() {
      shapeName = "/levels/west_coast_usa/art/shapes/objects/arrowboard_R.dae";
      dynamic = "0";
      playAmbient = "1";
      meshCulling = "0";
      originSort = "0";
      useInstanceRenderData = "1";
      instanceColor = "White";
      instanceColor1 = "White";
      instanceColor2 = "White";
      collisionType = "Collision Mesh";
      decalType = "Collision Mesh";
      prebuildCollisionData = "0";
      renderNormals = "0";
      forceDetail = "-1";
      position = "533.636597 -889.175232 153.07486";
      scale = "1 1 1";
      rotationMatrix = "0.576840401 -0.816782117 -0.0110426117 0.816675901 0.576375484 0.0288386475 -0.0171902049 -0.0256535318 0.999523103";
      isRenderEnabled = "false";
      canSave = "1";
      canSaveDynamicFields = "1";
      persistentId = "79331694-ba1c-4886-9784-cbab6279480c";
   };
   new TSStatic() {
      shapeName = "/levels/west_coast_usa/art/shapes/objects/arrowboard_R.dae";
      dynamic = "0";
      playAmbient = "1";
      meshCulling = "0";
      originSort = "0";
      useInstanceRenderData = "1";
      instanceColor = "White";
      instanceColor1 = "White";
      instanceColor2 = "White";
      collisionType = "Collision Mesh";
      decalType = "Collision Mesh";
      prebuildCollisionData = "0";
      renderNormals = "0";
      forceDetail = "-1";
      position = "533.835815 -895.637268 152.738098";
      scale = "1 1 1";
      rotationMatrix = "0.577134848 -0.816616476 -0.00726264156 0.814639628 0.575068772 0.0752201304 -0.0572494939 -0.0493285954 0.997140527";
      isRenderEnabled = "false";
      canSave = "1";
      canSaveDynamicFields = "1";
      persistentId = "dc8af047-0127-4116-b52d-41a15d8aada5";
   };
   new TSStatic() {
      shapeName = "/levels/west_coast_usa/art/shapes/objects/arrowboard_R.dae";
      dynamic = "0";
      playAmbient = "1";
      meshCulling = "0";
      originSort = "0";
      useInstanceRenderData = "1";
      instanceColor = "White";
      instanceColor1 = "White";
      instanceColor2 = "White";
      collisionType = "Collision Mesh";
      decalType = "Collision Mesh";
      prebuildCollisionData = "0";
      renderNormals = "0";
      forceDetail = "-1";
      position = "572.357727 -858.194275 155.471115";
      scale = "1 1 1";
      rotationMatrix = "-0.808882594 -0.567664981 0.153182313 0.574444652 -0.818543077 -7.4505806e-09 0.125386372 0.0879947692 0.988197923";
      isRenderEnabled = "false";
      canSave = "1";
      canSaveDynamicFields = "1";
      persistentId = "248740f3-05c6-407e-a004-d4426bf8b40f";
   };
   new TSStatic() {
      shapeName = "/levels/west_coast_usa/art/shapes/objects/arrowboard_R.dae";
      dynamic = "0";
      playAmbient = "1";
      meshCulling = "0";
      originSort = "0";
      useInstanceRenderData = "1";
      instanceColor = "White";
      instanceColor1 = "White";
      instanceColor2 = "White";
      collisionType = "Collision Mesh";
      decalType = "Collision Mesh";
      prebuildCollisionData = "0";
      renderNormals = "0";
      forceDetail = "-1";
      position = "560.773254 -864.040955 157.002319";
      scale = "1 1 1";
      rotationMatrix = "-0.624628782 -0.780769587 -0.0154107772 0.772454143 -0.614837408 -0.159026325 0.1146878 -0.11123655 0.987154067";
      isRenderEnabled = "false";
      canSave = "1";
      canSaveDynamicFields = "1";
      persistentId = "600ff323-ce2f-485e-a36f-4e0f0556b1b5";
   };
   new TSStatic() {
      shapeName = "/levels/west_coast_usa/art/shapes/objects/arrowboard_L.dae";
      dynamic = "0";
      playAmbient = "1";
      meshCulling = "0";
      originSort = "0";
      useInstanceRenderData = "1";
      instanceColor = "White";
      instanceColor1 = "White";
      instanceColor2 = "White";
      collisionType = "Collision Mesh";
      decalType = "Collision Mesh";
      prebuildCollisionData = "0";
      renderNormals = "0";
      forceDetail = "-1";
      position = "648.582397 -854.059509 155.868637";
      scale = "1 1 1";
      rotationMatrix = "-0.984902024 -0.163159847 -0.0578480214 0.167558372 -0.982465863 -0.0817591697 -0.0434939042 -0.0902177095 0.994971871";
      isRenderEnabled = "false";
      canSave = "1";
      canSaveDynamicFields = "1";
      persistentId = "ee89280b-c0fd-456f-a036-294a653f0b0c";
   };
   new TSStatic() {
      shapeName = "/levels/west_coast_usa/art/shapes/objects/arrowboard_L.dae";
      dynamic = "0";
      playAmbient = "1";
      meshCulling = "0";
      originSort = "0";
      useInstanceRenderData = "1";
      instanceColor = "White";
      instanceColor1 = "White";
      instanceColor2 = "White";
      collisionType = "Collision Mesh";
      decalType = "Collision Mesh";
      prebuildCollisionData = "0";
      renderNormals = "0";
      forceDetail = "-1";
      position = "648.596313 -846.33429 156.51387";
      scale = "1 1 1";
      rotationMatrix = "-0.988966703 -0.143432066 -0.0370341986 0.146114007 -0.985657573 -0.0844350457 -0.0243923571 -0.0889146924 0.995740533";
      isRenderEnabled = "false";
      canSave = "1";
      canSaveDynamicFields = "1";
      persistentId = "f4ceb771-e73e-4851-b9ec-317e31371c54";
   };
};
//--- OBJECT WRITE END ---



