//--- OBJECT WRITE BEGIN ---
$ThisPrefab = new SimGroup() {
   canSave = "1";
   canSaveDynamicFields = "1";
      groupPosition = "0 0 0";

   new DecalRoad() {
      drivability = "-1";
      lanesLeft = "1";
      lanesRight = "1";
      oneWay = "0";
      flipDirection = "0";
      gatedRoad = "0";
      autoJunction = "1";
      useSubdivisions = "1";
      ImprovedSpline = "1";
      startTangent = "0";
      endTangent = "0";
      looped = "0";
      smoothness = "0.5";
      detail = "0.100000001";
      overObjects = "1";
      Material = "AsphaltRoad_track_skidmarks";
      textureLength = "40";
      breakAngle = "3";
      renderPriority = "1";
      zBias = "0";
      decalBias = "0.000500000024";
      distanceFade = "0 0";
      startEndFade = "15 30";
      hiddenInNavi = "0";
      position = "-265.091339 30.1805573 120.508377";
      scale = "1 1 1";
      rotationMatrix = "1 0 0 0 1 0 0 0 1";
      canSave = "1";
      canSaveDynamicFields = "1";
      persistentId = "f5f65cd5-980b-4e25-8e40-7cb4cfd6a121";

      Node = "-265.091339 30.180557 120.508377 8.214286";
      Node = "-270.762024 17.761503 120.458809 8.214286";
      Node = "-270.860748 4.972336 120.343285 8.214286";
      Node = "-264.506531 -3.790640 120.208092 8.214286";
      Node = "-253.805099 -8.600698 120.315025 8.214286";
      Node = "-242.420914 -10.405360 120.574150 8.214286";
   };
   new TSStatic() {
      shapeName = "/levels/west_coast_usa/art/shapes/objects/arrowboard_L.dae";
      dynamic = "0";
      playAmbient = "1";
      meshCulling = "0";
      originSort = "0";
      useInstanceRenderData = "1";
      instanceColor = "White";
      instanceColor1 = "White";
      instanceColor2 = "White";
      collisionType = "Collision Mesh";
      decalType = "Collision Mesh";
      prebuildCollisionData = "0";
      renderNormals = "0";
      forceDetail = "-1";
      position = "-276.914825 -6.18185949 119.7855";
      scale = "1 1 1";
      rotationMatrix = "-3.57627869e-07 1 0 -1 -3.57627869e-07 0 0 0 1";
      isRenderEnabled = "false";
      canSave = "1";
      canSaveDynamicFields = "1";
      persistentId = "35c71785-6c32-48c1-8932-e2422f2882fb";
   };
   new TSStatic() {
      shapeName = "/levels/west_coast_usa/art/shapes/objects/arrowboard_L.dae";
      dynamic = "0";
      playAmbient = "1";
      meshCulling = "0";
      originSort = "0";
      useInstanceRenderData = "1";
      instanceColor = "White";
      instanceColor1 = "White";
      instanceColor2 = "White";
      collisionType = "Collision Mesh";
      decalType = "Collision Mesh";
      prebuildCollisionData = "0";
      renderNormals = "0";
      forceDetail = "-1";
      position = "-268.416931 -15.995657 119.599785";
      scale = "1 1 1";
      rotationMatrix = "-3.57627869e-07 1 0 -1 -3.57627869e-07 0 0 0 1";
      isRenderEnabled = "false";
      canSave = "1";
      canSaveDynamicFields = "1";
      persistentId = "6049573e-b7ed-495d-abf1-3086f7eb5c51";
   };
   new TSStatic() {
      shapeName = "/levels/west_coast_usa/art/shapes/objects/arrowboard_L.dae";
      dynamic = "0";
      playAmbient = "1";
      meshCulling = "0";
      originSort = "0";
      useInstanceRenderData = "1";
      instanceColor = "White";
      instanceColor1 = "White";
      instanceColor2 = "White";
      collisionType = "Collision Mesh";
      decalType = "Collision Mesh";
      prebuildCollisionData = "0";
      renderNormals = "0";
      forceDetail = "-1";
      position = "-262.64325 -18.4676151 119.549942";
      scale = "1 1 1";
      rotationMatrix = "-5.96046448e-07 1.00000024 0 -1.00000024 -5.96046448e-07 0 0 0 1";
      isRenderEnabled = "false";
      canSave = "1";
      canSaveDynamicFields = "1";
      persistentId = "14b87916-e369-4772-ac52-2ac41a5a118b";
   };
   new TSStatic() {
      shapeName = "/levels/west_coast_usa/art/shapes/objects/arrowboard_L.dae";
      dynamic = "0";
      playAmbient = "1";
      meshCulling = "0";
      originSort = "0";
      useInstanceRenderData = "1";
      instanceColor = "White";
      instanceColor1 = "White";
      instanceColor2 = "White";
      collisionType = "Collision Mesh";
      decalType = "Collision Mesh";
      prebuildCollisionData = "0";
      renderNormals = "0";
      forceDetail = "-1";
      position = "-273.095093 -11.5585337 119.70414";
      scale = "1 1 1";
      rotationMatrix = "-3.57627869e-07 1 0 -1 -3.57627869e-07 0 0 0 1";
      isRenderEnabled = "false";
      canSave = "1";
      canSaveDynamicFields = "1";
      persistentId = "719f9a67-c418-4a18-9c82-ac20c4e900c7";
   };
   new TSStatic() {
      shapeName = "/levels/west_coast_usa/art/shapes/objects/arrowboard_L.dae";
      dynamic = "0";
      playAmbient = "1";
      meshCulling = "0";
      originSort = "0";
      useInstanceRenderData = "1";
      instanceColor = "White";
      instanceColor1 = "White";
      instanceColor2 = "White";
      collisionType = "Collision Mesh";
      decalType = "Collision Mesh";
      prebuildCollisionData = "0";
      renderNormals = "0";
      forceDetail = "-1";
      position = "-161.738419 2.33116531 120.946815";
      scale = "1 1 1";
      rotationMatrix = "-0.86602509 0.500000238 0 -0.500000238 -0.86602509 0 0 0 1";
      isRenderEnabled = "false";
      canSave = "1";
      canSaveDynamicFields = "1";
      persistentId = "a5595170-b5f1-4f99-9dee-aafdbafbcf21";
   };
   new TSStatic() {
      shapeName = "/levels/west_coast_usa/art/shapes/objects/arrowboard_L.dae";
      dynamic = "0";
      playAmbient = "1";
      meshCulling = "0";
      originSort = "0";
      useInstanceRenderData = "1";
      instanceColor = "White";
      instanceColor1 = "White";
      instanceColor2 = "White";
      collisionType = "Collision Mesh";
      decalType = "Collision Mesh";
      prebuildCollisionData = "0";
      renderNormals = "0";
      forceDetail = "-1";
      position = "-167.321747 -2.41265106 120.887802";
      scale = "1 1 1";
      rotationMatrix = "-0.86602509 0.500000238 0 -0.500000238 -0.86602509 0 0 0 1";
      isRenderEnabled = "false";
      canSave = "1";
      canSaveDynamicFields = "1";
      persistentId = "3fbeb635-7312-4741-82e2-6bedd3abaa0c";
   };
   new TSStatic() {
      shapeName = "/levels/west_coast_usa/art/shapes/objects/arrowboard_L.dae";
      dynamic = "0";
      playAmbient = "1";
      meshCulling = "0";
      originSort = "0";
      useInstanceRenderData = "1";
      instanceColor = "White";
      instanceColor1 = "White";
      instanceColor2 = "White";
      collisionType = "Collision Mesh";
      decalType = "Collision Mesh";
      prebuildCollisionData = "0";
      renderNormals = "0";
      forceDetail = "-1";
      position = "-173.109726 -7.00080585 120.782761";
      scale = "1 1 1";
      rotationMatrix = "-0.865304947 0.499584287 0.0407811999 -0.500153601 -0.865925193 -0.00448040664 0.033075124 -0.0242737774 0.999158084";
      isRenderEnabled = "false";
      canSave = "1";
      canSaveDynamicFields = "1";
      persistentId = "b1c95c2f-c249-456e-8a37-324630f0eec8";
   };
   new TSStatic() {
      shapeName = "/levels/west_coast_usa/art/shapes/objects/arrowboard_L.dae";
      dynamic = "0";
      playAmbient = "1";
      meshCulling = "0";
      originSort = "0";
      useInstanceRenderData = "1";
      instanceColor = "White";
      instanceColor1 = "White";
      instanceColor2 = "White";
      collisionType = "Collision Mesh";
      decalType = "Collision Mesh";
      prebuildCollisionData = "0";
      renderNormals = "0";
      forceDetail = "-1";
      position = "-178.665756 -10.1982441 120.727821";
      scale = "1 1 1";
      rotationMatrix = "-0.866025448 0.500000358 0 -0.499519557 -0.865192652 -0.0438428111 -0.0219214186 -0.037968982 0.999038458";
      isRenderEnabled = "false";
      canSave = "1";
      canSaveDynamicFields = "1";
      persistentId = "9b548ef2-c1d0-49ed-bbca-398125b32ee1";
   };
   new TSStatic() {
      shapeName = "/levels/west_coast_usa/art/shapes/objects/arrowboard_L.dae";
      dynamic = "0";
      playAmbient = "1";
      meshCulling = "0";
      originSort = "0";
      useInstanceRenderData = "1";
      instanceColor = "White";
      instanceColor1 = "White";
      instanceColor2 = "White";
      collisionType = "Collision Mesh";
      decalType = "Collision Mesh";
      prebuildCollisionData = "0";
      renderNormals = "0";
      forceDetail = "-1";
      position = "-90.4500885 98.7569351 124.673569";
      scale = "1 1 1";
      rotationMatrix = "-0.707106709 -0.707106471 0 0.707106471 -0.707106709 0 0 0 1";
      isRenderEnabled = "false";
      canSave = "1";
      canSaveDynamicFields = "1";
      persistentId = "6a6fd368-23bd-4746-b663-aebca4170c35";
   };
   new TSStatic() {
      shapeName = "/levels/west_coast_usa/art/shapes/objects/arrowboard_L.dae";
      dynamic = "0";
      playAmbient = "1";
      meshCulling = "0";
      originSort = "0";
      useInstanceRenderData = "1";
      instanceColor = "White";
      instanceColor1 = "White";
      instanceColor2 = "White";
      collisionType = "Collision Mesh";
      decalType = "Collision Mesh";
      prebuildCollisionData = "0";
      renderNormals = "0";
      forceDetail = "-1";
      position = "-88.5262299 94.0130157 124.682938";
      scale = "1 1 1";
      rotationMatrix = "-0.707106709 -0.707106471 0 0.707106471 -0.707106709 0 0 0 1";
      isRenderEnabled = "false";
      canSave = "1";
      canSaveDynamicFields = "1";
      persistentId = "f6625049-c9a8-456d-a648-24211e187243";
   };
   new TSStatic() {
      shapeName = "/levels/west_coast_usa/art/shapes/objects/arrowboard_L.dae";
      dynamic = "0";
      playAmbient = "1";
      meshCulling = "0";
      originSort = "0";
      useInstanceRenderData = "1";
      instanceColor = "White";
      instanceColor1 = "White";
      instanceColor2 = "White";
      collisionType = "Collision Mesh";
      decalType = "Collision Mesh";
      prebuildCollisionData = "0";
      renderNormals = "0";
      forceDetail = "-1";
      position = "-88.5899429 87.9631348 124.45575";
      scale = "1 1 1";
      rotationMatrix = "-0.707106709 -0.707106471 0 0.707106471 -0.707106709 0 0 0 1";
      isRenderEnabled = "false";
      canSave = "1";
      canSaveDynamicFields = "1";
      persistentId = "4be114ab-4f8f-4381-8fcb-b2bd36bb913c";
   };
   new TSStatic() {
      shapeName = "/levels/west_coast_usa/art/shapes/objects/arrowboard_L.dae";
      dynamic = "0";
      playAmbient = "1";
      meshCulling = "0";
      originSort = "0";
      useInstanceRenderData = "1";
      instanceColor = "White";
      instanceColor1 = "White";
      instanceColor2 = "White";
      collisionType = "Collision Mesh";
      decalType = "Collision Mesh";
      prebuildCollisionData = "0";
      renderNormals = "0";
      forceDetail = "-1";
      position = "-92.8477173 80.1778412 124.301445";
      scale = "1 1 1";
      rotationMatrix = "-0.707106709 -0.707106471 0 0.707106471 -0.707106709 0 0 0 1";
      isRenderEnabled = "false";
      canSave = "1";
      canSaveDynamicFields = "1";
      persistentId = "896731c3-833c-45f0-b0b8-f52c47ab0754";
   };
   new TSStatic() {
      shapeName = "/levels/west_coast_usa/art/shapes/objects/arrowboard_L.dae";
      dynamic = "0";
      playAmbient = "1";
      meshCulling = "0";
      originSort = "0";
      useInstanceRenderData = "1";
      instanceColor = "White";
      instanceColor1 = "White";
      instanceColor2 = "White";
      collisionType = "Collision Mesh";
      decalType = "Collision Mesh";
      prebuildCollisionData = "0";
      renderNormals = "0";
      forceDetail = "-1";
      position = "-102.017143 114.409714 123.754654";
      scale = "1 1 1";
      rotationMatrix = "-0.49922955 -0.864625752 0.0564935282 0.866437256 -0.498710155 0.0239589196 0.00745840371 0.0609091148 0.99811542";
      isRenderEnabled = "false";
      canSave = "1";
      canSaveDynamicFields = "1";
      persistentId = "963c4cac-aa33-437d-9eb4-dda97a8e8ea3";
   };
   new TSStatic() {
      shapeName = "/levels/west_coast_usa/art/shapes/objects/arrowboard_L.dae";
      dynamic = "0";
      playAmbient = "1";
      meshCulling = "0";
      originSort = "0";
      useInstanceRenderData = "1";
      instanceColor = "White";
      instanceColor1 = "White";
      instanceColor2 = "White";
      collisionType = "Collision Mesh";
      decalType = "Collision Mesh";
      prebuildCollisionData = "0";
      renderNormals = "0";
      forceDetail = "-1";
      position = "-105.548386 117.587547 123.669167";
      scale = "1 1 1";
      rotationMatrix = "-0.499924064 -0.865984023 0.0121468287 0.866064966 -0.499916434 0.00387794897 0.00271415664 0.0124586225 0.999918699";
      isRenderEnabled = "false";
      canSave = "1";
      canSaveDynamicFields = "1";
      persistentId = "c34e862d-66ad-4888-9acc-95089d020b1c";
   };
   new TSStatic() {
      shapeName = "/levels/west_coast_usa/art/shapes/objects/arrowboard_L.dae";
      dynamic = "0";
      playAmbient = "1";
      meshCulling = "0";
      originSort = "0";
      useInstanceRenderData = "1";
      instanceColor = "White";
      instanceColor1 = "White";
      instanceColor2 = "White";
      collisionType = "Collision Mesh";
      decalType = "Collision Mesh";
      prebuildCollisionData = "0";
      renderNormals = "0";
      forceDetail = "-1";
      position = "-139.412247 157.266144 120.483032";
      scale = "1 1 1";
      rotationMatrix = "0.707106709 -0.707106948 0 0.707106948 0.707106709 0 0 0 1";
      isRenderEnabled = "false";
      canSave = "1";
      canSaveDynamicFields = "1";
      persistentId = "e90e70d9-b7f9-41e8-b026-f799728dbcba";
   };
   new TSStatic() {
      shapeName = "/levels/west_coast_usa/art/shapes/objects/arrowboard_L.dae";
      dynamic = "0";
      playAmbient = "1";
      meshCulling = "0";
      originSort = "0";
      useInstanceRenderData = "1";
      instanceColor = "White";
      instanceColor1 = "White";
      instanceColor2 = "White";
      collisionType = "Collision Mesh";
      decalType = "Collision Mesh";
      prebuildCollisionData = "0";
      renderNormals = "0";
      forceDetail = "-1";
      position = "-144.367569 158.30011 120.543747";
      scale = "1 1 1";
      rotationMatrix = "0.707106709 -0.707106948 0 0.707106948 0.707106709 0 0 0 1";
      isRenderEnabled = "false";
      canSave = "1";
      canSaveDynamicFields = "1";
      persistentId = "75ca439f-0bdc-42b1-92ae-0bcdb8eb2ea9";
   };
   new TSStatic() {
      shapeName = "/levels/west_coast_usa/art/shapes/objects/arrowboard_L.dae";
      dynamic = "0";
      playAmbient = "1";
      meshCulling = "0";
      originSort = "0";
      useInstanceRenderData = "1";
      instanceColor = "White";
      instanceColor1 = "White";
      instanceColor2 = "White";
      collisionType = "Collision Mesh";
      decalType = "Collision Mesh";
      prebuildCollisionData = "0";
      renderNormals = "0";
      forceDetail = "-1";
      position = "-150.265167 158.145432 120.526215";
      scale = "1 1 1";
      rotationMatrix = "0.707106709 -0.707106948 0 0.707106948 0.707106709 0 0 0 1";
      isRenderEnabled = "false";
      canSave = "1";
      canSaveDynamicFields = "1";
      persistentId = "59b4c2ac-fde1-4305-ae7a-5afb9f04b952";
   };
   new TSStatic() {
      shapeName = "/levels/west_coast_usa/art/shapes/objects/arrowboard_L.dae";
      dynamic = "0";
      playAmbient = "1";
      meshCulling = "0";
      originSort = "0";
      useInstanceRenderData = "1";
      instanceColor = "White";
      instanceColor1 = "White";
      instanceColor2 = "White";
      collisionType = "Collision Mesh";
      decalType = "Collision Mesh";
      prebuildCollisionData = "0";
      renderNormals = "0";
      forceDetail = "-1";
      position = "-155.958572 156.424957 120.596375";
      scale = "1 1 1";
      rotationMatrix = "0.707106709 -0.707106948 0 0.707106948 0.707106709 0 0 0 1";
      isRenderEnabled = "false";
      canSave = "1";
      canSaveDynamicFields = "1";
      persistentId = "0a2765f9-596c-4d8d-b229-e5164a170f3d";
   };
   new TSStatic() {
      shapeName = "/levels/west_coast_usa/art/shapes/objects/arrowboard_L.dae";
      dynamic = "0";
      playAmbient = "1";
      meshCulling = "0";
      originSort = "0";
      useInstanceRenderData = "1";
      instanceColor = "White";
      instanceColor1 = "White";
      instanceColor2 = "White";
      collisionType = "Collision Mesh";
      decalType = "Collision Mesh";
      prebuildCollisionData = "0";
      renderNormals = "0";
      forceDetail = "-1";
      position = "-160.148224 152.817734 120.618401";
      scale = "1 1 1";
      rotationMatrix = "0.707106709 -0.707106948 0 0.707106948 0.707106709 0 0 0 1";
      isRenderEnabled = "false";
      canSave = "1";
      canSaveDynamicFields = "1";
      persistentId = "bea4ca10-a4b8-4b29-bec5-6919e5ab8b15";
   };
   new TSStatic() {
      shapeName = "/levels/west_coast_usa/art/shapes/objects/arrowboard_L.dae";
      dynamic = "0";
      playAmbient = "1";
      meshCulling = "0";
      originSort = "0";
      useInstanceRenderData = "1";
      instanceColor = "White";
      instanceColor1 = "White";
      instanceColor2 = "White";
      collisionType = "Collision Mesh";
      decalType = "Collision Mesh";
      prebuildCollisionData = "0";
      renderNormals = "0";
      forceDetail = "-1";
      position = "-163.95314 149.012817 120.619774";
      scale = "1 1 1";
      rotationMatrix = "0.707106709 -0.707106948 0 0.707106948 0.707106709 0 0 0 1";
      isRenderEnabled = "false";
      canSave = "1";
      canSaveDynamicFields = "1";
      persistentId = "5c8b25b5-95b3-486e-8d38-e424a352dc23";
   };
   new TSStatic() {
      shapeName = "/levels/west_coast_usa/art/shapes/objects/arrowboard_L.dae";
      dynamic = "0";
      playAmbient = "1";
      meshCulling = "0";
      originSort = "0";
      useInstanceRenderData = "1";
      instanceColor = "White";
      instanceColor1 = "White";
      instanceColor2 = "White";
      collisionType = "Collision Mesh";
      decalType = "Collision Mesh";
      prebuildCollisionData = "0";
      renderNormals = "0";
      forceDetail = "-1";
      position = "-167.968887 144.99707 120.636986";
      scale = "1 1 1";
      rotationMatrix = "0.707106709 -0.707106948 0 0.707106948 0.707106709 0 0 0 1";
      isRenderEnabled = "false";
      canSave = "1";
      canSaveDynamicFields = "1";
      persistentId = "3226042a-ddd9-4d85-bd8d-2d6144cc8db5";
   };
   new TSStatic() {
      shapeName = "/levels/west_coast_usa/art/shapes/objects/constructionbarrier_arrows.dae";
      dynamic = "0";
      playAmbient = "1";
      meshCulling = "0";
      originSort = "0";
      useInstanceRenderData = "1";
      instanceColor = "White";
      instanceColor1 = "White";
      instanceColor2 = "White";
      collisionType = "Collision Mesh";
      decalType = "Collision Mesh";
      prebuildCollisionData = "0";
      renderNormals = "0";
      forceDetail = "-1";
      position = "-139.72554 30.6396008 122.648567";
      scale = "1 1 1";
      rotationMatrix = "0.704667509 -0.691785991 -0.157720357 0.70593065 0.705930114 0.057657782 0.0714526922 -0.151969224 0.985799074";
      isRenderEnabled = "false";
      canSave = "1";
      canSaveDynamicFields = "1";
      persistentId = "b5c96f15-569e-45b6-b1d5-639ad8a6c56e";
         mode = "Ignore";
         order_simset = "0";
   };
   new TSStatic() {
      shapeName = "/levels/west_coast_usa/art/shapes/objects/constructionbarrier_arrows.dae";
      dynamic = "0";
      playAmbient = "1";
      meshCulling = "0";
      originSort = "0";
      useInstanceRenderData = "1";
      instanceColor = "White";
      instanceColor1 = "White";
      instanceColor2 = "White";
      collisionType = "Collision Mesh";
      decalType = "Collision Mesh";
      prebuildCollisionData = "0";
      renderNormals = "0";
      forceDetail = "-1";
      position = "-140.994537 29.2994175 122.528961";
      scale = "1 1 1";
      rotationMatrix = "0.706840158 -0.698737562 -0.110194258 0.705962598 0.706651807 0.0475388952 0.0446517542 -0.111395434 0.99277252";
      isRenderEnabled = "false";
      canSave = "1";
      canSaveDynamicFields = "1";
      persistentId = "719956e9-c2c4-41f8-927a-abc55d91b368";
         mode = "Ignore";
         order_simset = "0";
   };
   new TSStatic() {
      shapeName = "/levels/west_coast_usa/art/shapes/objects/constructionbarrier_arrows.dae";
      dynamic = "0";
      playAmbient = "1";
      meshCulling = "0";
      originSort = "0";
      useInstanceRenderData = "1";
      instanceColor = "White";
      instanceColor1 = "White";
      instanceColor2 = "White";
      collisionType = "Collision Mesh";
      decalType = "Collision Mesh";
      prebuildCollisionData = "0";
      renderNormals = "0";
      forceDetail = "-1";
      position = "-142.326187 27.9784431 122.464478";
      scale = "1 1 1";
      rotationMatrix = "0.703941464 -0.700132966 -0.119500622 0.706503034 0.707515836 0.0165820196 0.0729389787 -0.0961003006 0.99269563";
      isRenderEnabled = "false";
      canSave = "1";
      canSaveDynamicFields = "1";
      persistentId = "6dc5e488-5902-469c-8aa0-fad03700877c";
         mode = "Ignore";
         order_simset = "0";
   };
   new TSStatic() {
      shapeName = "/levels/west_coast_usa/art/shapes/objects/constructionbarrier_arrows.dae";
      dynamic = "0";
      playAmbient = "1";
      meshCulling = "0";
      originSort = "0";
      useInstanceRenderData = "1";
      instanceColor = "White";
      instanceColor1 = "White";
      instanceColor2 = "White";
      collisionType = "Collision Mesh";
      decalType = "Collision Mesh";
      prebuildCollisionData = "0";
      renderNormals = "0";
      forceDetail = "-1";
      position = "-143.666977 26.640131 122.457268";
      scale = "1 1 1";
      rotationMatrix = "0.701047897 -0.700123727 -0.135493368 0.706269562 0.70793283 -0.00377723202 0.0985647365 -0.093046844 0.990771055";
      isRenderEnabled = "false";
      canSave = "1";
      canSaveDynamicFields = "1";
      persistentId = "bdc150d0-bfa7-4d5a-9f0f-58dff4319477";
         mode = "Ignore";
         order_simset = "0";
   };
   new TSStatic() {
      shapeName = "/levels/west_coast_usa/art/shapes/objects/constructionbarrier_arrows.dae";
      dynamic = "0";
      playAmbient = "1";
      meshCulling = "0";
      originSort = "0";
      useInstanceRenderData = "1";
      instanceColor = "White";
      instanceColor1 = "White";
      instanceColor2 = "White";
      collisionType = "Collision Mesh";
      decalType = "Collision Mesh";
      prebuildCollisionData = "0";
      renderNormals = "0";
      forceDetail = "-1";
      position = "-145.058243 25.2654533 122.506737";
      scale = "1 1 1";
      rotationMatrix = "0.695673823 -0.703703165 -0.144360617 0.706560969 0.706560373 -0.0392959863 0.129652187 -0.074662365 0.988744557";
      isRenderEnabled = "false";
      canSave = "1";
      canSaveDynamicFields = "1";
      persistentId = "779e6b1a-795d-4cb2-8800-23f795a23aa6";
         mode = "Ignore";
         order_simset = "0";
   };
   new TSStatic() {
      shapeName = "/levels/west_coast_usa/art/shapes/objects/constructionbarrier_arrows.dae";
      dynamic = "0";
      playAmbient = "1";
      meshCulling = "0";
      originSort = "0";
      useInstanceRenderData = "1";
      instanceColor = "White";
      instanceColor1 = "White";
      instanceColor2 = "White";
      collisionType = "Collision Mesh";
      decalType = "Collision Mesh";
      prebuildCollisionData = "0";
      renderNormals = "0";
      forceDetail = "-1";
      position = "-162.068817 6.08834171 122.022621";
      scale = "1 1 1";
      rotationMatrix = "0.844719231 -0.532817245 -0.0505498648 0.534529924 0.844633818 0.0295210145 0.0269668251 -0.05195738 0.998285115";
      isRenderEnabled = "false";
      canSave = "1";
      canSaveDynamicFields = "1";
      persistentId = "cea020d7-f049-4efa-a029-7a0e096dbfba";
         mode = "Ignore";
         order_simset = "0";
   };
   new TSStatic() {
      shapeName = "/levels/west_coast_usa/art/shapes/objects/constructionbarrier_arrows.dae";
      dynamic = "0";
      playAmbient = "1";
      meshCulling = "0";
      originSort = "0";
      useInstanceRenderData = "1";
      instanceColor = "White";
      instanceColor1 = "White";
      instanceColor2 = "White";
      collisionType = "Collision Mesh";
      decalType = "Collision Mesh";
      prebuildCollisionData = "0";
      renderNormals = "0";
      forceDetail = "-1";
      position = "-163.152557 4.57761574 121.971519";
      scale = "1 1 1";
      rotationMatrix = "0.780366302 -0.621590495 -0.0682191774 0.624039292 0.781102538 0.0213039313 0.0400438569 -0.0591963157 0.997442901";
      isRenderEnabled = "false";
      canSave = "1";
      canSaveDynamicFields = "1";
      persistentId = "313b6157-d49f-4838-b43a-47d2a0cb053f";
         mode = "Ignore";
         order_simset = "0";
   };
   new TSStatic() {
      shapeName = "/levels/west_coast_usa/art/shapes/objects/constructionbarrier_arrows.dae";
      dynamic = "0";
      playAmbient = "1";
      meshCulling = "0";
      originSort = "0";
      useInstanceRenderData = "1";
      instanceColor = "White";
      instanceColor1 = "White";
      instanceColor2 = "White";
      collisionType = "Collision Mesh";
      decalType = "Collision Mesh";
      prebuildCollisionData = "0";
      renderNormals = "0";
      forceDetail = "-1";
      position = "-164.401352 3.15744042 121.941826";
      scale = "1 1 1";
      rotationMatrix = "0.710077047 -0.700745523 -0.0688942373 0.703038394 0.711011648 0.0141252764 0.0390863828 -0.0584653206 0.997523963";
      isRenderEnabled = "false";
      canSave = "1";
      canSaveDynamicFields = "1";
      persistentId = "7b01e54d-e6d1-46bb-8535-1eecfe30cecc";
         mode = "Ignore";
         order_simset = "0";
   };
   new TSStatic() {
      shapeName = "/levels/west_coast_usa/art/shapes/objects/constructionbarrier_arrows.dae";
      dynamic = "0";
      playAmbient = "1";
      meshCulling = "0";
      originSort = "0";
      useInstanceRenderData = "1";
      instanceColor = "White";
      instanceColor1 = "White";
      instanceColor2 = "White";
      collisionType = "Collision Mesh";
      decalType = "Collision Mesh";
      prebuildCollisionData = "0";
      renderNormals = "0";
      forceDetail = "-1";
      position = "-165.71936 1.85304558 121.905228";
      scale = "1 1 1";
      rotationMatrix = "0.709491849 -0.698937654 -0.0900409967 0.70295763 0.7109375 0.0204539858 0.0497174561 -0.0778069496 0.995728016";
      isRenderEnabled = "false";
      canSave = "1";
      canSaveDynamicFields = "1";
      persistentId = "03f20ae0-d43c-4597-a2a7-3e5b219edc6c";
         mode = "Ignore";
         order_simset = "0";
   };
   new TSStatic() {
      shapeName = "/levels/west_coast_usa/art/shapes/objects/constructionbarrier_arrows.dae";
      dynamic = "0";
      playAmbient = "1";
      meshCulling = "0";
      originSort = "0";
      useInstanceRenderData = "1";
      instanceColor = "White";
      instanceColor1 = "White";
      instanceColor2 = "White";
      collisionType = "Collision Mesh";
      decalType = "Collision Mesh";
      prebuildCollisionData = "0";
      renderNormals = "0";
      forceDetail = "-1";
      position = "-166.993835 0.527165949 121.864906";
      scale = "1 1 1";
      rotationMatrix = "0.709838033 -0.70042783 -0.0743708163 0.703232467 0.71072042 0.0184595212 0.0399273001 -0.0654032305 0.997059822";
      isRenderEnabled = "false";
      canSave = "1";
      canSaveDynamicFields = "1";
      persistentId = "9c06080a-a578-428b-a9d9-736ff4deecbe";
         mode = "Ignore";
         order_simset = "0";
   };
   new TSStatic() {
      shapeName = "/levels/west_coast_usa/art/shapes/objects/constructionbarrier_arrows.dae";
      dynamic = "0";
      playAmbient = "1";
      meshCulling = "0";
      originSort = "0";
      useInstanceRenderData = "1";
      instanceColor = "White";
      instanceColor1 = "White";
      instanceColor2 = "White";
      collisionType = "Collision Mesh";
      decalType = "Collision Mesh";
      prebuildCollisionData = "0";
      renderNormals = "0";
      forceDetail = "-1";
      position = "-168.268372 -0.786779821 121.830055";
      scale = "1 1 1";
      rotationMatrix = "0.710870266 -0.700784147 -0.0597082153 0.702882111 0.710865974 0.0250287019 0.0249048248 -0.0597599931 0.997902036";
      isRenderEnabled = "false";
      canSave = "1";
      canSaveDynamicFields = "1";
      persistentId = "3983f55a-1334-4286-9d35-8d648b6f9105";
         mode = "Ignore";
         order_simset = "0";
   };
   new TSStatic() {
      shapeName = "/levels/west_coast_usa/art/shapes/objects/constructionbarrier_arrows.dae";
      dynamic = "0";
      playAmbient = "1";
      meshCulling = "0";
      originSort = "0";
      useInstanceRenderData = "1";
      instanceColor = "White";
      instanceColor1 = "White";
      instanceColor2 = "White";
      collisionType = "Collision Mesh";
      decalType = "Collision Mesh";
      prebuildCollisionData = "0";
      renderNormals = "0";
      forceDetail = "-1";
      position = "-169.604126 -2.084373 121.787277";
      scale = "1 1 1";
      rotationMatrix = "0.666884065 -0.743807137 -0.0449082926 0.744975746 0.66685164 0.0178904701 0.0166401155 -0.045386456 0.998830914";
      isRenderEnabled = "false";
      canSave = "1";
      canSaveDynamicFields = "1";
      persistentId = "f8635033-1ab5-4679-a3f9-6f9301568223";
         mode = "Ignore";
         order_simset = "0";
   };
   new TSStatic() {
      shapeName = "/levels/west_coast_usa/art/shapes/objects/constructionbarrier_arrows.dae";
      dynamic = "0";
      playAmbient = "1";
      meshCulling = "0";
      originSort = "0";
      useInstanceRenderData = "1";
      instanceColor = "White";
      instanceColor1 = "White";
      instanceColor2 = "White";
      collisionType = "Collision Mesh";
      decalType = "Collision Mesh";
      prebuildCollisionData = "0";
      renderNormals = "0";
      forceDetail = "-1";
      position = "-171.010071 -3.29662418 121.7593";
      scale = "1 1 1";
      rotationMatrix = "0.655687749 -0.752946734 -0.05607903 0.754745007 0.655676365 0.0211785883 0.020823352 -0.0562119037 0.998201668";
      isRenderEnabled = "false";
      canSave = "1";
      canSaveDynamicFields = "1";
      persistentId = "74f60167-3c57-4e57-a6f4-ec911bc78ddc";
         mode = "Ignore";
         order_simset = "0";
   };
   new TSStatic() {
      shapeName = "/levels/west_coast_usa/art/shapes/objects/constructionbarrier_arrows.dae";
      dynamic = "0";
      playAmbient = "1";
      meshCulling = "0";
      originSort = "0";
      useInstanceRenderData = "1";
      instanceColor = "White";
      instanceColor1 = "White";
      instanceColor2 = "White";
      collisionType = "Collision Mesh";
      decalType = "Collision Mesh";
      prebuildCollisionData = "0";
      renderNormals = "0";
      forceDetail = "-1";
      position = "-172.418259 -4.49442196 121.720139";
      scale = "1 1 1";
      rotationMatrix = "0.621225178 -0.782473564 -0.0425939411 0.783528686 0.621107697 0.0175479092 0.0127246426 -0.0442747846 0.998938322";
      isRenderEnabled = "false";
      canSave = "1";
      canSaveDynamicFields = "1";
      persistentId = "5ce2133f-5759-4c9c-9aed-74b260e8268e";
         mode = "Ignore";
         order_simset = "0";
   };
   new TSStatic() {
      shapeName = "/levels/west_coast_usa/art/shapes/objects/constructionbarrier_arrows.dae";
      dynamic = "0";
      playAmbient = "1";
      meshCulling = "0";
      originSort = "0";
      useInstanceRenderData = "1";
      instanceColor = "White";
      instanceColor1 = "White";
      instanceColor2 = "White";
      collisionType = "Collision Mesh";
      decalType = "Collision Mesh";
      prebuildCollisionData = "0";
      renderNormals = "0";
      forceDetail = "-1";
      position = "-173.896378 -5.5980444 121.700104";
      scale = "1 1 1";
      rotationMatrix = "0.56808424 -0.821852624 -0.0428783596 0.822812498 0.568224311 0.0100326296 0.0161191784 -0.0409802347 0.999029934";
      isRenderEnabled = "false";
      canSave = "1";
      canSaveDynamicFields = "1";
      persistentId = "f6541639-3e3e-467b-95b1-8caacb4be6a5";
         mode = "Ignore";
         order_simset = "0";
   };
   new TSStatic() {
      shapeName = "/levels/west_coast_usa/art/shapes/objects/constructionbarrier_arrows.dae";
      dynamic = "0";
      playAmbient = "1";
      meshCulling = "0";
      originSort = "0";
      useInstanceRenderData = "1";
      instanceColor = "White";
      instanceColor1 = "White";
      instanceColor2 = "White";
      collisionType = "Collision Mesh";
      decalType = "Collision Mesh";
      prebuildCollisionData = "0";
      renderNormals = "0";
      forceDetail = "-1";
      position = "-175.417267 -6.638731 121.676041";
      scale = "1 1 1";
      rotationMatrix = "0.542606711 -0.839285195 -0.0343242064 0.839904487 0.542672396 0.008182141 0.0117596462 -0.0332687423 0.999377251";
      isRenderEnabled = "false";
      canSave = "1";
      canSaveDynamicFields = "1";
      persistentId = "2007a20d-5d6c-479c-b6dc-741a5e45a389";
         mode = "Ignore";
         order_simset = "0";
   };
   new TSStatic() {
      shapeName = "/levels/west_coast_usa/art/shapes/objects/constructionbarrier_arrows.dae";
      dynamic = "0";
      playAmbient = "1";
      meshCulling = "0";
      originSort = "0";
      useInstanceRenderData = "1";
      instanceColor = "White";
      instanceColor1 = "White";
      instanceColor2 = "White";
      collisionType = "Collision Mesh";
      decalType = "Collision Mesh";
      prebuildCollisionData = "0";
      renderNormals = "0";
      forceDetail = "-1";
      position = "-177.001312 -7.58869171 121.649963";
      scale = "1 1 1";
      rotationMatrix = "0.501268089 -0.864217877 -0.0431048982 0.865198612 0.501324058 0.0102842171 0.0127217239 -0.0424494445 0.999017596";
      isRenderEnabled = "false";
      canSave = "1";
      canSaveDynamicFields = "1";
      persistentId = "f62b84b1-0c49-4a75-9cbe-cc78a7eed897";
         mode = "Ignore";
         order_simset = "0";
   };
   new TSStatic() {
      shapeName = "/levels/west_coast_usa/art/shapes/objects/constructionbarrier_arrows.dae";
      dynamic = "0";
      playAmbient = "1";
      meshCulling = "0";
      originSort = "0";
      useInstanceRenderData = "1";
      instanceColor = "White";
      instanceColor1 = "White";
      instanceColor2 = "White";
      collisionType = "Collision Mesh";
      decalType = "Collision Mesh";
      prebuildCollisionData = "0";
      renderNormals = "0";
      forceDetail = "-1";
      position = "-178.601379 -8.49304008 121.629929";
      scale = "1 1 1";
      rotationMatrix = "0.500912786 -0.864157498 -0.048145365 0.865424693 0.500817299 0.0148980506 0.0112377629 -0.0491288193 0.998729229";
      isRenderEnabled = "false";
      canSave = "1";
      canSaveDynamicFields = "1";
      persistentId = "0b760434-7f37-4436-a7ea-d5e3a8c141ba";
         mode = "Ignore";
         order_simset = "0";
   };
   new TSStatic() {
      shapeName = "/levels/west_coast_usa/art/shapes/objects/constructionbarrier_arrows.dae";
      dynamic = "0";
      playAmbient = "1";
      meshCulling = "0";
      originSort = "0";
      useInstanceRenderData = "1";
      instanceColor = "White";
      instanceColor1 = "White";
      instanceColor2 = "White";
      collisionType = "Collision Mesh";
      decalType = "Collision Mesh";
      prebuildCollisionData = "0";
      renderNormals = "0";
      forceDetail = "-1";
      position = "-180.226028 -9.33291054 121.61187";
      scale = "1 1 1";
      rotationMatrix = "0.458578825 -0.884280324 -0.0880569071 0.888182878 0.459305704 0.0130242407 0.0289279781 -0.0841832682 0.996030271";
      isRenderEnabled = "false";
      canSave = "1";
      canSaveDynamicFields = "1";
      persistentId = "cb97f05e-a63c-46fb-8a86-1d9e83422eda";
         mode = "Ignore";
         order_simset = "0";
   };
   new TSStatic() {
      shapeName = "/levels/west_coast_usa/art/shapes/objects/constructionbarrier_arrows.dae";
      dynamic = "0";
      playAmbient = "1";
      meshCulling = "0";
      originSort = "0";
      useInstanceRenderData = "1";
      instanceColor = "White";
      instanceColor1 = "White";
      instanceColor2 = "White";
      collisionType = "Collision Mesh";
      decalType = "Collision Mesh";
      prebuildCollisionData = "0";
      renderNormals = "0";
      forceDetail = "-1";
      position = "-181.880493 -10.1682224 121.597214";
      scale = "1 1 1";
      rotationMatrix = "0.402283072 -0.913974345 -0.0531001464 0.915345728 0.40264827 0.00410318188 0.0176304877 -0.050255619 0.998580754";
      isRenderEnabled = "false";
      canSave = "1";
      canSaveDynamicFields = "1";
      persistentId = "9e2ed930-85ae-4d1e-abe1-99907685ace2";
         mode = "Ignore";
         order_simset = "0";
   };
   new TSStatic() {
      shapeName = "/levels/west_coast_usa/art/shapes/objects/constructionbarrier_arrows.dae";
      dynamic = "0";
      playAmbient = "1";
      meshCulling = "0";
      originSort = "0";
      useInstanceRenderData = "1";
      instanceColor = "White";
      instanceColor1 = "White";
      instanceColor2 = "White";
      collisionType = "Collision Mesh";
      decalType = "Collision Mesh";
      prebuildCollisionData = "0";
      renderNormals = "0";
      forceDetail = "-1";
      position = "-183.615234 -10.8398724 121.562004";
      scale = "1 1 1";
      rotationMatrix = "0.373642921 -0.920193315 -0.116771117 0.927512765 0.372077823 0.0357539281 0.0105474442 -0.121665888 0.992515087";
      isRenderEnabled = "false";
      canSave = "1";
      canSaveDynamicFields = "1";
      persistentId = "374ca1d2-3cdf-40ab-adb7-8b2365e28bc2";
         mode = "Ignore";
         order_simset = "0";
   };
   new TSStatic() {
      shapeName = "/levels/west_coast_usa/art/shapes/objects/constructionbarrier_arrows.dae";
      dynamic = "0";
      playAmbient = "1";
      meshCulling = "0";
      originSort = "0";
      useInstanceRenderData = "1";
      instanceColor = "White";
      instanceColor1 = "White";
      instanceColor2 = "White";
      collisionType = "Collision Mesh";
      decalType = "Collision Mesh";
      prebuildCollisionData = "0";
      renderNormals = "0";
      forceDetail = "-1";
      position = "-185.353867 -11.4344196 121.507484";
      scale = "1 1 1";
      rotationMatrix = "0.288279474 -0.948224187 -0.133288085 0.957502246 0.286795199 0.030626066 0.00918599591 -0.136452526 0.990604043";
      isRenderEnabled = "false";
      canSave = "1";
      canSaveDynamicFields = "1";
      persistentId = "5c588584-0ec7-4a50-8489-28fd53924e2c";
         mode = "Ignore";
         order_simset = "0";
   };
   new TSStatic() {
      shapeName = "/levels/west_coast_usa/art/shapes/objects/constructionbarrier_arrows.dae";
      dynamic = "0";
      playAmbient = "1";
      meshCulling = "0";
      originSort = "0";
      useInstanceRenderData = "1";
      instanceColor = "White";
      instanceColor1 = "White";
      instanceColor2 = "White";
      collisionType = "Collision Mesh";
      decalType = "Collision Mesh";
      prebuildCollisionData = "0";
      renderNormals = "0";
      forceDetail = "-1";
      position = "-187.127853 -11.932045 121.451027";
      scale = "1 1 1";
      rotationMatrix = "0.239414036 -0.962065876 -0.130805552 0.970915616 0.236961961 0.0342325233 -0.00193800777 -0.135196909 0.990816832";
      isRenderEnabled = "false";
      canSave = "1";
      canSaveDynamicFields = "1";
      persistentId = "d85ff856-a913-4e6e-8a60-eae61b81a33e";
         mode = "Ignore";
         order_simset = "0";
   };
   new TSStatic() {
