{"name":"clone15","class":"BeamNGVehicle","persistentId":"08567882-d29e-4205-a1c2-a0678b4a2b41","__parent":"SimGroup_","position":[965.303589,-966.050476,166.99437],"dataBlock":"default_vehicle","jbeam":"haybale","metallicPaintData":[[0.200000003,0.5,0.800000012,0],[0.200000003,0.5,0.800000012,0],[0.200000003,0.5,0.800000012,0],null],"partConfig":"vehicles/haybale/round_alt.pc","rotationMatrix":[0.591287971,0.806367099,0.0122787841,-0.80646044,0.591211796,0.00949752145,0.000399126206,-0.0155181233,0.999879479]}
{"name":"clone10","class":"BeamNGVehicle","persistentId":"2022b5e8-9dd4-44c2-ac74-005f6044cd02","__parent":"SimGroup_","position":[971.418518,-959.529846,166.994308],"dataBlock":"default_vehicle","jbeam":"haybale","metallicPaintData":[[0.200000003,0.5,0.800000012,0],[0.200000003,0.5,0.800000012,0],[0.200000003,0.5,0.800000012,0],null],"partConfig":"vehicles/haybale/round_alt.pc","rotationMatrix":[-0.0781004429,0.996824861,0.0155018903,-0.996945262,-0.0780972242,-0.000814112835,0.000399127603,-0.0155181205,0.999879479]}
{"name":"clone13","class":"BeamNGVehicle","persistentId":"225cbefc-b545-4fb2-a3eb-fbfb3f190d9b","__parent":"SimGroup_","position":[969.778442,-962.433716,166.994095],"dataBlock":"default_vehicle","jbeam":"haybale","metallicPaintData":[[0.200000003,0.5,0.800000012,0],[0.200000003,0.5,0.800000012,0],[0.200000003,0.5,0.800000012,0],null],"partConfig":"vehicles/haybale/round_alt.pc","rotationMatrix":[0.792620838,-0.609636486,-0.00977794826,0.609714806,0.792529225,0.0120566646,0.000399127137,-0.0155181224,0.999879479]}
{"name":"clone9","class":"BeamNGVehicle","persistentId":"28009940-7981-431f-81e3-affd66cfa5e7","__parent":"SimGroup_","position":[553.359985,-725.269531,200.586349],"dataBlock":"default_vehicle","jbeam":"haybale","metallicPaintData":[[0.200000003,0.5,0.800000012,0],[0.200000003,0.5,0.800000012,0],[0.200000003,0.5,0.800000012,0],null],"partConfig":"vehicles/haybale/round_alt.pc","rotationMatrix":[-0.0781004429,0.996824861,0.0155018903,-0.996945262,-0.0780972242,-0.000814112835,0.000399127603,-0.0155181205,0.999879479]}
{"name":"clone11","class":"BeamNGVehicle","persistentId":"2e492b53-f0f7-4072-b73c-9ebe88f09e25","__parent":"SimGroup_","position":[972.354919,-956.721252,166.988297],"dataBlock":"default_vehicle","jbeam":"haybale","metallicPaintData":[[0.200000003,0.5,0.800000012,0],[0.200000003,0.5,0.800000012,0],[0.200000003,0.5,0.800000012,0],null],"partConfig":"vehicles/haybale/round_alt.pc","rotationMatrix":[-0.0781004429,0.996824861,0.0155018903,-0.996945262,-0.0780972242,-0.000814112835,0.000399127603,-0.0155181205,0.999879479]}
{"name":"clone7","class":"BeamNGVehicle","persistentId":"455bf535-aef1-4b36-aa9d-9830a45bdf77","__parent":"SimGroup_","position":[554.390686,-719.60968,200.69368],"dataBlock":"default_vehicle","jbeam":"haybale","metallicPaintData":[[0.200000003,0.5,0.800000012,0],[0.200000003,0.5,0.800000012,0],[0.200000003,0.5,0.800000012,0],null],"partConfig":"vehicles/haybale/round_alt.pc","rotationMatrix":[0.99848038,0.055105947,0.000456674257,-0.055106394,0.998359919,0.0155165363,0.000399128126,-0.0155181233,0.999879479]}
{"name":"clone12","class":"BeamNGVehicle","persistentId":"aac60ca8-59ac-4f0f-8fe6-0795fb47a034","__parent":"SimGroup_","position":[972.449585,-953.86969,166.988251],"dataBlock":"default_vehicle","jbeam":"haybale","metallicPaintData":[[0.200000003,0.5,0.800000012,0],[0.200000003,0.5,0.800000012,0],[0.200000003,0.5,0.800000012,0],null],"partConfig":"vehicles/haybale/round_alt.pc","rotationMatrix":[0.99848038,0.055105947,0.000456674257,-0.055106394,0.998359919,0.0155165363,0.000399128126,-0.0155181233,0.999879479]}
{"name":"clone14","class":"BeamNGVehicle","persistentId":"b70418c1-fe6b-4d89-804d-dfaf84495145","__parent":"SimGroup_","position":[967.845947,-964.532959,166.994492],"dataBlock":"default_vehicle","jbeam":"haybale","metallicPaintData":[[0.200000003,0.5,0.800000012,0],[0.200000003,0.5,0.800000012,0],[0.200000003,0.5,0.800000012,0],null],"partConfig":"vehicles/haybale/round_alt.pc","rotationMatrix":[0.591287971,0.806367099,0.0122787841,-0.80646044,0.591211796,0.00949752145,0.000399126206,-0.0155181233,0.999879479]}
{"name":"clone8","class":"BeamNGVehicle","persistentId":"c72d53f6-b585-4f0b-a019-74c37ba48f8f","__parent":"SimGroup_","position":[554.357727,-722.414734,200.651794],"dataBlock":"default_vehicle","jbeam":"haybale","metallicPaintData":[[0.200000003,0.5,0.800000012,0],[0.200000003,0.5,0.800000012,0],[0.200000003,0.5,0.800000012,0],null],"partConfig":"vehicles/haybale/round_alt.pc","rotationMatrix":[-0.0781004429,0.996824861,0.0155018903,-0.996945262,-0.0780972242,-0.000814112835,0.000399127603,-0.0155181205,0.999879479]}
{"class":"DecalRoad","persistentId":"190c3427-e632-4431-8352-25125b061726","__parent":"SimGroup_","position":[439.533752,-687.016479,165.961639],"improvedSpline":true,"material":"AsphaltRoad_track_skidmarks","nodes":[[439.533752,-687.016479,165.961639,4],[424.994598,-699.716431,164.084274,4],[412.880585,-706.574463,162.888107,4],[398.793488,-711.371094,161.602814,4],[380.161743,-714.630798,159.535416,4],[362.39032,-716.261108,157.579971,4],[348.654572,-717.132385,155.967987,4]],"renderPriority":3,"startEndFade":[10,10],"textureLength":10}
{"class":"DecalRoad","persistentId":"30c66ec2-0eab-4a1e-9553-b5f9592a2d7e","__parent":"SimGroup_","position":[506.341431,-891.763062,152.491699],"improvedSpline":true,"material":"AsphaltRoad_track_skidmarks","nodes":[[506.341431,-891.763062,152.491699,4],[515.980591,-889.281982,152.84552,4],[526.475525,-888.695923,152.982529,4],[536.016357,-891.8078,152.983414,4],[542.219727,-896.668335,152.901108,4],[548.691101,-906.693054,152.792435,4],[553.201965,-916.296204,152.771362,4]],"renderPriority":3,"startEndFade":[5,5],"textureLength":10}
{"class":"DecalRoad","persistentId":"3ac98d8a-6a08-4e7b-9358-6e4454d153d4","__parent":"SimGroup_","position":[471.359131,-765.527832,193.059525],"improvedSpline":true,"material":"AsphaltRoad_track_skidmarks","nodes":[[471.359131,-765.527832,193.059525,4],[457.940552,-767.643066,192.076035,4],[443.347229,-765.115173,191.280258,4],[430.585754,-755.810059,191.326248,4],[427.655182,-742.300903,191.281357,4],[431.577271,-731.621521,190.812881,4],[441.872437,-722.249634,189.973328,4],[454.324524,-714.718689,189.074997,4]],"renderPriority":2,"startEndFade":[5,5],"textureLength":10}
{"class":"DecalRoad","persistentId":"4ca7a0d8-0a23-4b54-b0f3-7f00acdf37b0","__parent":"SimGroup_","position":[752.487427,-944.174072,167.699356],"improvedSpline":true,"material":"AsphaltRoad_track_skidmarks","nodes":[[752.487427,-944.174072,167.699356,4],[761.198975,-941.356934,168.47374,4],[770.697021,-939.189636,169.287384,4],[780.57782,-938.719177,170.093704,4],[792.038086,-940.96283,170.953049,4],[801.886658,-946.114746,171.497345,4],[810.490662,-955.237854,171.688385,4],[818.242188,-965.52594,171.827881,4],[827.622559,-972.809631,171.801453,4],[841.383301,-975.857361,171.397141,4],[855.512939,-973.188782,170.850342,4],[866.577209,-968.088013,170.461121,4],[876.384827,-960.461426,170.169876,4]],"renderPriority":2,"startEndFade":[5,5],"textureLength":10}
{"class":"DecalRoad","persistentId":"5f7f58fe-524e-4708-9558-ccb4c54265fc","__parent":"SimGroup_","position":[156.390015,-786.864197,143.916016],"improvedSpline":true,"material":"AsphaltRoad_track_skidmarks","nodes":[[156.390015,-786.864197,143.916016,4],[152.817871,-798.75116,143.663208,4],[153.983276,-810.874084,143.323212,4],[159.224991,-819.23822,142.973755,4],[168.478607,-825.967346,142.760345,4],[179.763763,-828.504089,142.725815,4],[192.772308,-827.818665,142.828461,4]],"renderPriority":3,"startEndFade":[5,5],"textureLength":10}
{"class":"DecalRoad","persistentId":"650f767a-ca10-4829-89c3-4e933563ddb9","__parent":"SimGroup_","position":[565.616516,-962.163269,151.930862],"improvedSpline":true,"material":"AsphaltRoad_track_skidmarks","nodes":[[565.616516,-962.163269,151.930862,4],[570.689636,-972.029541,152.804199,4],[578.44989,-981.070679,152.827682,4],[588.746399,-988.57312,152.927475,4],[598.8797,-992.702271,153.17038,4],[612.172729,-993.452454,153.635406,4],[624.120667,-991.908203,154.343994,4],[637.479309,-989.297119,155.516159,4]],"renderPriority":1,"startEndFade":[5,5],"textureLength":10}
{"class":"DecalRoad","persistentId":"6b911485-e1ca-459c-b4ec-5e6813b64a10","__parent":"SimGroup_","position":[389.316925,-890.95343,147.01442],"improvedSpline":true,"material":"AsphaltRoad_track_skidmarks","nodes":[[389.316925,-890.95343,147.01442,4],[397.101257,-900.828674,147.90506,4],[406.574493,-908.493835,148.812439,4],[416.768188,-912.965637,149.183365,4],[426.294891,-914.122437,149.325363,4],[438.915161,-913.368286,149.537842,4],[451.641815,-910.796265,149.849014,4]],"renderPriority":3,"startEndFade":[5,5],"textureLength":10}
{"class":"DecalRoad","persistentId":"781a0a86-944c-4422-acaa-cdb8bc6cc395","__parent":"SimGroup_","position":[317.004395,-846.021301,145.342804],"improvedSpline":true,"material":"AsphaltRoad_track_skidmarks","nodes":[[317.004395,-846.021301,145.342804,4],[330.326141,-847.299866,145.312881,4],[345.840607,-850.33197,145.105896,4],[359.964661,-857.003418,145.283646,4],[372.168091,-868.712524,145.719421,4]],"renderPriority":3,"startEndFade":[5,5],"textureLength":10}
{"class":"DecalRoad","persistentId":"93fcef7a-8e50-4467-a4c5-ba89c0a67dc8","__parent":"SimGroup_","position":[540.72699,-615.08136,181.880646],"improvedSpline":true,"material":"AsphaltRoad_track_skidmarks","nodes":[[540.72699,-615.08136,181.880646,4],[543.334473,-607.724854,181.271378,4],[544.336548,-597.039062,180.511551,4],[540.658386,-586.764587,179.913605,4],[534.393982,-579.425171,179.667419,4],[523.2547,-574.823792,179.3517,4],[512.332214,-575.048462,179.048813,4],[503.272095,-579.628967,178.770523,4],[497.110779,-587.070068,178.368774,4],[493.073608,-595.046692,177.912338,4],[490.405579,-603.198975,177.416977,4]],"renderPriority":2,"startEndFade":[5,5],"textureLength":10}
{"class":"DecalRoad","persistentId":"d27009d0-5330-44d6-8a5e-616f9687c66a","__parent":"SimGroup_","position":[880.794617,-952.845032,170.066254],"improvedSpline":true,"material":"AsphaltRoad_track_skidmarks","nodes":[[880.794617,-952.845032,170.066254,4],[891.939209,-943.916321,169.943985,4],[904.086426,-939.111267,169.515488,4],[919.960693,-938.961243,168.766281,4],[937.795898,-944.844849,167.845627,4],[954.203552,-953.807251,167.132996,4]],"renderPriority":2,"startEndFade":[5,5],"textureLength":10}
{"class":"DecalRoad","persistentId":"f491c0ed-250d-4cce-8be1-672995d25cae","__parent":"SimGroup_","position":[262.375793,-714.530029,146.006119],"improvedSpline":true,"material":"AsphaltRoad_track_skidmarks","nodes":[[262.375793,-714.530029,146.006119,4],[243.133255,-715.624695,144.27948,4],[224.781891,-720.473511,143.39859,4],[210.031265,-729.35437,143.202576,4],[194.887772,-742.328857,143.299515,4],[182.945892,-755.040833,143.818954,4]],"renderPriority":3,"startEndFade":[5,5],"textureLength":10}
{"class":"DecalRoad","persistentId":"fcf241a3-f007-4557-8eb2-b199c70a1581","__parent":"SimGroup_","position":[577.491943,-687.611511,200.671799],"improvedSpline":true,"material":"AsphaltRoad_track_skidmarks","nodes":[[577.491943,-687.611511,200.671799,4],[566.557068,-693.035522,200.671799,4],[559.475586,-696.696716,200.671799,4],[554.618469,-700.896057,200.671799,4],[552.864929,-705.433411,200.671799,4],[553.388916,-709.784607,200.671799,4],[555.896545,-714.334656,200.6745,4],[558.85144,-718.212891,200.799866,4],[560.770264,-724.147156,200.94162,4],[556.589905,-731.700256,200.66568,4],[545.575073,-738.88739,199.842636,4]],"renderPriority":2,"startEndFade":[5,5],"textureLength":10}
{"name":"SimGroup_","class":"SimGroup","persistentId":"0b5b505e-0228-4bc3-8333-143542c83aeb","groupPosition":"0 0 0"}
{"class":"TSStatic","persistentId":"0300d1ce-b36c-4b2f-aa6d-88fa3434b559","__parent":"SimGroup_","position":[571.223389,-704.88916,200.671799],"isRenderEnabled":false,"rotationMatrix":[-0.460213184,0.887808442,1.65085027e-16,-0.887808442,-0.460213184,5.23653172e-17,1.22464685e-16,-1.22464685e-16,1],"shapeName":"/art/shapes/objects/constructionbarrier_arrows.dae","useInstanceRenderData":true}
{"class":"TSStatic","persistentId":"04f2c6a7-927b-4e72-8050-dab43fea2093","__parent":"SimGroup_","position":[546.468811,-708.266724,200.669846],"isRenderEnabled":false,"rotationMatrix":[-0.972765207,-0.231454849,0.0125187868,0.231427372,-0.972845554,-0.00362113956,0.0130169755,-0.000625328626,0.999915063],"shapeName":"/art/shapes/objects/constructionbarrier_arrows.dae","useInstanceRenderData":true}
{"class":"TSStatic","persistentId":"0599d1cd-aeda-4706-92ca-fd14467e1108","__parent":"SimGroup_","position":[283.56134,-829.973022,145.296448],"isRenderEnabled":false,"rotationMatrix":[-0.166649938,-0.985929787,-0.0130361523,0.985748351,-0.166282058,-0.0254958048,0.0229693968,-0.0170992427,0.99958992],"shapeName":"/art/shapes/objects/constructionbarrier_arrows.dae","useInstanceRenderData":true}
{"class":"TSStatic","persistentId":"0b359bd0-920f-4fe8-8271-f8f6196db615","__parent":"SimGroup_","position":[341.268127,-723.671448,155.021179],"isRenderEnabled":false,"rotationMatrix":[-0.0745409727,0.984627664,0.157962441,-0.986806571,-0.0500016212,-0.1539893,-0.143723726,-0.167356864,0.975364089],"shapeName":"/art/shapes/objects/constructionbarrier_arrows.dae","useInstanceRenderData":true}
{"class":"TSStatic","persistentId":"118d0643-c573-4035-9f70-0de703543422","__parent":"SimGroup_","position":[567.709473,-706.710632,200.671799],"isRenderEnabled":false,"rotationMatrix":[-0.459358931,0.886143327,-0.0611512624,-0.887804866,-0.460220218,1.86264515e-09,-0.0281430446,0.0542903841,0.998128533],"shapeName":"/art/shapes/objects/constructionbarrier_arrows.dae","useInstanceRenderData":true}
{"class":"TSStatic","persistentId":"11b729a4-1816-4b1a-a1ef-ae30e3d01c3c","__parent":"SimGroup_","position":[564.229065,-687.576843,200.691742],"isRenderEnabled":false,"rotationMatrix":[-0.460186839,0.887822092,1.65083492e-16,-0.887822092,-0.460186839,5.2370224e-17,1.22464685e-16,-1.22464685e-16,1],"shapeName":"/art/shapes/objects/constructionbarrier_arrows.dae","useInstanceRenderData":true}
{"class":"TSStatic","persistentId":"14bca898-524f-4665-986d-1f36e01fd49f","__parent":"SimGroup_","position":[560.659546,-714.458801,200.764938],"isRenderEnabled":false,"rotationMatrix":[-0.857717872,-0.513835251,-0.0171298664,0.513133466,-0.85765934,0.0333832316,-0.0318450704,0.0198434852,0.999295831],"shapeName":"/art/shapes/objects/constructionbarrier_arrows.dae","useInstanceRenderData":true}
{"class":"TSStatic","persistentId":"185bab16-dc02-4463-b53e-a95fc2133fcc","__parent":"SimGroup_","position":[558.958618,-690.309937,200.676117],"isRenderEnabled":false,"rotationMatrix":[-0.459358931,0.886143327,-0.0611512624,-0.887804866,-0.460220218,1.86264515e-09,-0.0281430446,0.0542903841,0.998128533],"shapeName":"/art/shapes/objects/constructionbarrier_arrows.dae","useInstanceRenderData":true}
{"class":"TSStatic","persistentId":"198409f5-2c17-4a36-ab8e-b90e03753b5d","__parent":"SimGroup_","position":[544.717285,-892.389954,153.332825],"isRenderEnabled":false,"rotationMatrix":[-0.80323267,-0.584231675,-0.116148785,0.590866268,-0.806169391,-0.0311100297,-0.0754601359,-0.0936169922,0.992744505],"shapeName":"/art/shapes/objects/constructionbarrier_arrows.dae","useInstanceRenderData":true}
{"class":"TSStatic","persistentId":"1c3177cc-b23a-48a4-b928-0630fa6cf171","__parent":"SimGroup_","position":[549.388794,-696.959106,200.680176],"isRenderEnabled":false,"rotationMatrix":[-0.832026005,0.554724514,-0.00359643111,-0.554729044,-0.832030654,0.00034148671,-0.00280291075,0.00227917102,0.999993503],"shapeName":"/art/shapes/objects/constructionbarrier_arrows.dae","useInstanceRenderData":true}
{"class":"TSStatic","persistentId":"1ccf88a7-a764-455b-8de3-8156db25a581","__parent":"SimGroup_","position":[574.737305,-703.067688,200.671799],"isRenderEnabled":false,"rotationMatrix":[-0.460186839,0.887822092,1.65083492e-16,-0.887822092,-0.460186839,5.2370224e-17,1.22464685e-16,-1.22464685e-16,1],"shapeName":"/art/shapes/objects/constructionbarrier_arrows.dae","useInstanceRenderData":true}
{"class":"TSStatic","persistentId":"1d5825f3-07be-4c32-90c0-6807f78ad3ae","__parent":"SimGroup_","position":[211.65979,-717.225525,142.786667],"isRenderEnabled":false,"rotationMatrix":[-0.523383617,0.849433243,-0.0673261732,-0.85115689,-0.524882436,-0.00551187061,-0.0400202945,0.0544203073,0.997715771],"shapeName":"/art/shapes/objects/constructionbarrier_arrows.dae","useInstanceRenderData":true}
{"class":"TSStatic","persistentId":"1e616107-bcdb-4c8d-a49f-48d936450c19","__parent":"SimGroup_","position":[329.53421,-724.266541,153.388733],"isRenderEnabled":false,"rotationMatrix":[-0.0521515608,0.998554468,0.0130097121,-0.992279768,-0.0503470898,-0.113340676,-0.112521827,-0.0188201554,0.993471026],"shapeName":"/art/shapes/objects/constructionbarrier_arrows.dae","useInstanceRenderData":true}
{"class":"TSStatic","persistentId":"1ee54b4e-bb40-4a81-a240-ee94485d8981","__parent":"SimGroup_","position":[567.742981,-685.755432,200.691742],"isRenderEnabled":false,"rotationMatrix":[-0.460215807,0.887807071,1.65085186e-16,-0.887807071,-0.460215807,5.23648275e-17,1.22464685e-16,-1.22464685e-16,1],"shapeName":"/art/shapes/objects/constructionbarrier_arrows.dae","useInstanceRenderData":true}
{"class":"TSStatic","persistentId":"22563ef5-7db0-4793-b5ad-2ffb705cef0e","__parent":"SimGroup_","position":[551.930359,-693.952026,200.691742],"isRenderEnabled":false,"rotationMatrix":[-0.460192561,0.887819171,1.65083836e-16,-0.887819171,-0.460192561,5.23691586e-17,1.22464685e-16,-1.22464685e-16,1],"shapeName":"/art/shapes/objects/constructionbarrier_arrows.dae","useInstanceRenderData":true}
{"class":"TSStatic","persistentId":"23323870-f15a-402e-a2c5-2c363b1ec975","__parent":"SimGroup_","position":[562.303711,-732.390015,200.659805],"isRenderEnabled":false,"rotationMatrix":[-0.682966113,0.729058504,0.0450674444,-0.730449319,-0.681569815,-0.0436633714,-0.00111654215,-0.0627400875,0.998029292],"shapeName":"/art/shapes/objects/constructionbarrier_arrows.dae","useInstanceRenderData":true}
{"class":"TSStatic","persistentId":"2960b160-8621-44a5-9bf2-fe7b1a0f1a95","__parent":"SimGroup_","position":[565.952515,-707.621399,200.671799],"isRenderEnabled":false,"rotationMatrix":[-0.459934711,0.887307346,-0.033848092,-0.887816131,-0.460198402,9.31322575e-10,-0.0155768367,0.0300508812,0.999426961],"shapeName":"/art/shapes/objects/constructionbarrier_arrows.dae","useInstanceRenderData":true}
{"class":"TSStatic","persistentId":"29864efb-6efe-480b-ac2d-d127dae9d491","__parent":"SimGroup_","position":[562.598389,-717.905762,200.902527],"isRenderEnabled":false,"rotationMatrix":[-0.889481544,-0.456911057,-0.00740267616,0.456349701,-0.888999939,0.0377338827,-0.0238220096,0.0301853847,0.999260426],"shapeName":"/art/shapes/objects/constructionbarrier_arrows.dae","useInstanceRenderData":true}
{"class":"TSStatic","persistentId":"29ffce63-3add-4e68-916a-1135b6e54e8c","__parent":"SimGroup_","position":[222.869217,-713.451294,143.036835],"isRenderEnabled":false,"rotationMatrix":[-0.228170395,0.970684588,-0.0755629689,-0.97261399,-0.230776191,-0.0276492257,-0.0442768112,0.0671848655,0.996757627],"shapeName":"/art/shapes/objects/constructionbarrier_arrows.dae","useInstanceRenderData":true}
{"class":"TSStatic","persistentId":"2f29b35f-414b-41f2-a52d-f52f9aaac1d6","__parent":"SimGroup_","position":[285.511536,-830.30304,145.251419],"isRenderEnabled":false,"rotationMatrix":[-0.164375782,-0.983644724,-0.0736459643,0.985547066,-0.166875839,0.0291456208,-0.0409586653,-0.0677907318,0.996858478],"shapeName":"/art/shapes/objects/constructionbarrier_arrows.dae","useInstanceRenderData":true}
{"class":"TSStatic","persistentId":"2ff0d5ed-dc12-44e1-bd2b-28fc71a277b3","__parent":"SimGroup_","position":[553.687317,-693.041321,200.691742],"isRenderEnabled":false,"rotationMatrix":[-0.46020782,0.887811184,1.65084723e-16,-0.887811184,-0.46020782,5.23663065e-17,1.22464672e-16,-1.22464685e-16,1],"shapeName":"/art/shapes/objects/constructionbarrier_arrows.dae","useInstanceRenderData":true}
{"class":"TSStatic","persistentId":"3014771a-eb0a-45a4-99b9-3788445f8372","__parent":"SimGroup_","position":[206.966599,-720.839233,142.808212],"isRenderEnabled":false,"rotationMatrix":[-0.698408365,0.713334858,-0.0581318811,-0.714975774,-0.699048758,0.0118556451,-0.032179974,0.0498429686,0.998238504],"shapeName":"/art/shapes/objects/constructionbarrier_arrows.dae","useInstanceRenderData":true}
{"class":"TSStatic","persistentId":"3830ea24-c63a-4444-b5a1-c546a53bb172","__parent":"SimGroup_","position":[331.493896,-724.167114,153.649521],"isRenderEnabled":false,"rotationMatrix":[-0.048474431,0.99853301,-0.0241265856,-0.994664192,-0.0504606962,-0.0899833292,-0.0910687745,0.0196359642,0.995651007],"shapeName":"/art/shapes/objects/constructionbarrier_arrows.dae","useInstanceRenderData":true}
{"class":"TSStatic","persistentId":"38bdfce7-7f47-4398-9fd4-10611f188e14","__parent":"SimGroup_","position":[573.672119,-682.37677,202.127426],"isRenderEnabled":false,"rotationMatrix":[0.590759516,-0.806847692,0,0.806847692,0.590759516,0,0,0,1],"shapeName":"/levels/west_coast_usa/art/shapes/objects/featherflag_beamng.dae","useInstanceRenderData":true}
{"class":"TSStatic","persistentId":"3a67066c-9815-43fd-a5f0-ab840035b005","__parent":"SimGroup_","position":[563.437073,-719.692993,201.022125],"isRenderEnabled":false,"rotationMatrix":[-0.911807299,-0.409919113,-0.0239555109,0.408851713,-0.911743879,0.03954174,-0.0380502008,0.0262601934,0.998930693],"shapeName":"/art/shapes/objects/constructionbarrier_arrows.dae","useInstanceRenderData":true}
{"class":"TSStatic","persistentId":"40685a9f-bc7f-49c4-94b7-5d871c258378","__parent":"SimGroup_","position":[572.980347,-703.978394,200.671799],"isRenderEnabled":false,"rotationMatrix":[-0.460186839,0.887822092,1.65083492e-16,-0.887822092,-0.460186839,5.2370224e-17,1.22464685e-16,-1.22464685e-16,1],"shapeName":"/art/shapes/objects/constructionbarrier_arrows.dae","useInstanceRenderData":true}
{"class":"TSStatic","persistentId":"411a51b0-9a8f-4912-b99c-727b73293204","__parent":"SimGroup_","position":[571.256897,-683.93396,200.691742],"isRenderEnabled":false,"rotationMatrix":[-0.460212231,0.887793601,-0.00520868879,-0.887806833,-0.460215926,0.000537286745,-0.00192012219,0.00487157516,0.999986291],"shapeName":"/art/shapes/objects/constructionbarrier_arrows.dae","useInstanceRenderData":true}
{"class":"TSStatic","persistentId":"43a22eb6-ed54-4e1c-9596-b17c9bc94859","__parent":"SimGroup_","position":[573.013855,-683.023254,200.691742],"isRenderEnabled":false,"rotationMatrix":[-0.460135818,0.887710929,-0.0156313851,-0.887819409,-0.460191965,-4.65661287e-10,-0.00719343778,0.0138778463,0.99987781],"shapeName":"/art/shapes/objects/constructionbarrier_arrows.dae","useInstanceRenderData":true}
{"class":"TSStatic","persistentId":"46acaa92-f480-4066-99a3-0e0af4fb8c4d","__parent":"SimGroup_","position":[555.444336,-692.130676,200.675629],"isRenderEnabled":false,"rotationMatrix":[-0.460193872,0.887784004,-0.00781633705,-0.887811184,-0.460207939,4.65661287e-10,-0.00359713985,0.00693943072,0.999969423],"shapeName":"/art/shapes/objects/constructionbarrier_arrows.dae","useInstanceRenderData":true}
{"class":"TSStatic","persistentId":"46c3afdb-6f1a-492f-8aa4-af16f9d44e91","__parent":"SimGroup_","position":[560.801636,-733.674866,200.582687],"isRenderEnabled":false,"rotationMatrix":[-0.618673086,0.774970651,0.129088953,-0.784488082,-0.618290186,-0.0479122326,0.0426838696,-0.130910754,0.99047488],"shapeName":"/art/shapes/objects/constructionbarrier_arrows.dae","useInstanceRenderData":true}
{"class":"TSStatic","persistentId":"4700014d-7aa2-4a88-b974-39f3db0db431","__parent":"SimGroup_","position":[557.119324,-916.653137,154.074066],"isRenderEnabled":false,"rotationMatrix":[-0.974440217,-0.224645585,0,0.224645585,-0.974440217,0,0,0,1],"shapeName":"/levels/west_coast_usa/art/shapes/objects/featherflag_beamng.dae","useInstanceRenderData":true}
{"class":"TSStatic","persistentId":"477cfde1-224c-4bee-8acf-334863d84a57","__parent":"SimGroup_","position":[547.297241,-710.193237,200.687347],"isRenderEnabled":false,"rotationMatrix":[-0.823325157,-0.567311764,0.0171220303,0.567452192,-0.823394418,0.00446036784,0.0115677621,0.0133882649,0.999843478],"shapeName":"/art/shapes/objects/constructionbarrier_arrows.dae","useInstanceRenderData":true}
{"class":"TSStatic","persistentId":"48d07a4c-23b6-405c-99a3-56862aa297ce","__parent":"SimGroup_","position":[550.563416,-900.366699,153.128448],"isRenderEnabled":false,"rotationMatrix":[-0.788846254,-0.58840996,-0.177469522,0.590552032,-0.805672288,0.0462664515,-0.170205921,-0.0683078617,0.983038127],"shapeName":"/art/shapes/objects/constructionbarrier_arrows.dae","useInstanceRenderData":true}
{"class":"TSStatic","persistentId":"4adac039-aa13-4640-87ee-f1b9be7b9903","__parent":"SimGroup_","position":[377.633514,-719.72522,159.495697],"isRenderEnabled":false,"rotationMatrix":[0.30531913,0.952171564,-0.0122380331,-0.943379164,0.300699711,-0.140055776,-0.129677147,0.0543068163,0.990067959],"shapeName":"/art/shapes/objects/constructionbarrier_arrows.dae","useInstanceRenderData":true}
{"class":"TSStatic","persistentId":"4bd5d5ee-2ca9-46db-839b-7b1c32743c0f","__parent":"SimGroup_","position":[582.615662,-699.355469,202.127426],"isRenderEnabled":false,"rotationMatrix":[0.590759516,-0.806847692,0,0.806847692,0.590759516,0,0,0,1],"shapeName":"/levels/west_coast_usa/art/shapes/objects/featherflag_beamng.dae","useInstanceRenderData":true}
{"class":"TSStatic","persistentId":"4e2f988c-19b6-4f18-aabe-92f5f82d0d27","__parent":"SimGroup_","position":[548.224182,-897.174927,153.131699],"isRenderEnabled":false,"rotationMatrix":[-0.803393602,-0.588862419,-0.0883178934,0.59113276,-0.806574225,0.000554645434,-0.0715615377,-0.0517619997,0.9960922],"shapeName":"/art/shapes/objects/constructionbarrier_arrows.dae","useInstanceRenderData":true}
{"class":"TSStatic","persistentId":"4e841304-3ee2-4fbc-9b75-0a6c18cec711","__parent":"SimGroup_","position":[545.656677,-921.175476,154.10907],"isRenderEnabled":false,"rotationMatrix":[0.956493676,0.291753083,0,-0.291753083,0.956493676,0,0,0,1],"shapeName":"/levels/west_coast_usa/art/shapes/objects/featherflag_beamng.dae","useInstanceRenderData":true}
{"class":"TSStatic","persistentId":"5064c440-1fdf-4619-899c-18c7eb388cc2","__parent":"SimGroup_","position":[543.547974,-890.794495,153.393341],"isRenderEnabled":false,"rotationMatrix":[-0.802537918,-0.58389163,-0.122487418,0.590879321,-0.806274891,-0.0279693529,-0.0824274644,-0.0948217586,0.992075861],"shapeName":"/art/shapes/objects/constructionbarrier_arrows.dae","useInstanceRenderData":true}
{"class":"TSStatic","persistentId":"59ecfed2-0298-40b9-ae2c-ad370d57cb73","__parent":"SimGroup_","position":[210.005447,-718.309265,142.780441],"isRenderEnabled":false,"rotationMatrix":[-0.584112525,0.809199154,-0.0633175522,-0.810896933,-0.585185647,0.0019482933,-0.035475973,0.052482035,0.997991502],"shapeName":"/art/shapes/objects/constructionbarrier_arrows.dae","useInstanceRenderData":true}
{"class":"TSStatic","persistentId":"5c5c324a-5cb9-4e30-8b99-6baa0e5cc604","__parent":"SimGroup_","position":[560.70752,-710.546814,200.671799],"isRenderEnabled":false,"rotationMatrix":[-0.676949024,0.736029744,1.73040017e-16,-0.736029744,-0.676949024,7.23529588e-18,1.22464685e-16,-1.22464685e-16,1],"shapeName":"/art/shapes/objects/constructionbarrier_arrows.dae","useInstanceRenderData":true}
{"class":"TSStatic","persistentId":"5d3b7674-83e0-48b9-af3c-2092896f5717","__parent":"SimGroup_","position":[554.381836,-738.281677,200.227417],"isRenderEnabled":false,"rotationMatrix":[-0.560150743,0.824842811,0.0765870214,-0.828385711,-0.557424784,-0.0552706495,-0.00289810076,-0.094403483,0.995529771],"shapeName":"/art/shapes/objects/constructionbarrier_arrows.dae","useInstanceRenderData":true}
{"class":"TSStatic","persistentId":"5fbd27f4-3775-4875-93b3-f9d75e9d2dd0","__parent":"SimGroup_","position":[234.463257,-710.944153,143.544846],"isRenderEnabled":false,"rotationMatrix":[-0.223395944,0.972460151,-0.0664497167,-0.972257018,-0.227162242,-0.0558008626,-0.0693589747,0.052140519,0.996228218],"shapeName":"/art/shapes/objects/constructionbarrier_arrows.dae","useInstanceRenderData":true}
{"class":"TSStatic","persistentId":"607f2579-efd5-458b-9cc0-fe94e22c64fa","__parent":"SimGroup_","position":[548.673645,-711.722107,200.69191],"isRenderEnabled":false,"rotationMatrix":[-0.712188244,-0.700793326,-0.0409405194,0.701338828,-0.712826252,0.00143082067,-0.0301861968,-0.0276941657,0.999160588],"shapeName":"/art/shapes/objects/constructionbarrier_arrows.dae","useInstanceRenderData":true}
{"class":"TSStatic","persistentId":"69817504-854f-4a2c-a049-6a3221846f74","__parent":"SimGroup_","position":[224.796509,-713.006409,143.094025],"isRenderEnabled":false,"rotationMatrix":[-0.214609146,0.97397089,-0.0729631037,-0.975450397,-0.217513323,-0.034416575,-0.0493911915,0.063785769,0.996740639],"shapeName":"/art/shapes/objects/constructionbarrier_arrows.dae","useInstanceRenderData":true}
{"class":"TSStatic","persistentId":"70b7d882-764a-4270-a261-9f719f378684","__parent":"SimGroup_","position":[215.251572,-715.581177,142.837723],"isRenderEnabled":false,"rotationMatrix":[-0.311012506,0.94813627,-0.0656416565,-0.949441016,-0.313066125,-0.0234806947,-0.0428130813,0.0550200827,0.997566938],"shapeName":"/art/shapes/objects/constructionbarrier_arrows.dae","useInstanceRenderData":true}
{"class":"TSStatic","persistentId":"753e687c-6276-489d-8e2f-b6dbcc25fd5d","__parent":"SimGroup_","position":[564.195557,-708.532104,200.671799],"isRenderEnabled":false,"rotationMatrix":[-0.460193872,0.887784004,-0.00781633705,-0.887811184,-0.460207939,4.65661287e-10,-0.00359713985,0.00693943072,0.999969423],"shapeName":"/art/shapes/objects/constructionbarrier_arrows.dae","useInstanceRenderData":true}
{"class":"TSStatic","persistentId":"75689685-8489-4b52-ad7d-42353b90b38d","__parent":"SimGroup_","position":[553.872192,-717.576843,200.711197],"isRenderEnabled":false,"rotationMatrix":[-0.916621566,-0.399333507,0.0183809288,0.399530917,-0.916679621,0.00858403556,0.013421528,0.0152120609,0.999794185],"shapeName":"/art/shapes/objects/constructionbarrier_arrows.dae","useInstanceRenderData":true}
{"class":"TSStatic","persistentId":"75a1dab0-99f9-48d5-a88b-a4f2c62b7d21","__parent":"SimGroup_","position":[335.429138,-723.967529,153.990387],"isRenderEnabled":false,"rotationMatrix":[-0.0565192699,0.996719062,0.0579371415,-0.993494689,-0.0504004955,-0.102117829,-0.0988627225,-0.0633318648,0.993083715],"shapeName":"/art/shapes/objects/constructionbarrier_arrows.dae","useInstanceRenderData":true}
{"class":"TSStatic","persistentId":"7e54406b-caa0-435f-8a84-8ca2bea7e6fd","__parent":"SimGroup_","position":[565.986023,-686.666138,200.691742],"isRenderEnabled":false,"rotationMatrix":[-0.460186839,0.887822092,1.65083492e-16,-0.887822092,-0.460186839,5.2370224e-17,1.22464685e-16,-1.22464685e-16,1],"shapeName":"/art/shapes/objects/constructionbarrier_arrows.dae","useInstanceRenderData":true}
{"class":"TSStatic","persistentId":"7e98a427-8588-4bf5-9912-035ef1db2f62","__parent":"SimGroup_","position":[581.765137,-699.424805,200.671799],"isRenderEnabled":false,"rotationMatrix":[-0.460135818,0.887710929,-0.0156313851,-0.887819409,-0.460191965,-4.65661287e-10,-0.00719343778,0.0138778463,0.99987781],"shapeName":"/art/shapes/objects/constructionbarrier_arrows.dae","useInstanceRenderData":true}
{"class":"TSStatic","persistentId":"7f4d4ffc-516d-4237-8c47-833e66ac0516","__parent":"SimGroup_","position":[219.033081,-714.418823,142.930252],"isRenderEnabled":false,"rotationMatrix":[-0.273224831,0.958947659,-0.0759442672,-0.960991979,-0.275623679,-0.0229349043,-0.04292541,0.0667154416,0.996848285],"shapeName":"/art/shapes/objects/constructionbarrier_arrows.dae","useInstanceRenderData":true}
{"class":"TSStatic","persistentId":"81ec9af3-4c21-4f34-854f-4a81a948380e","__parent":"SimGroup_","position":[339.322815,-723.77002,154.662582],"isRenderEnabled":false,"rotationMatrix":[-0.0606048107,0.997065246,0.0467751324,-0.976636589,-0.0495532751,-0.209106058,-0.206174523,-0.0583551452,0.97677362],"shapeName":"/art/shapes/objects/constructionbarrier_arrows.dae","useInstanceRenderData":true}
{"class":"TSStatic","persistentId":"91823e92-1b07-4982-9171-d2bd3e43c9c2","__parent":"SimGroup_","position":[220.947296,-713.919617,142.982513],"isRenderEnabled":false,"rotationMatrix":[-0.247122407,0.966421366,-0.070430249,-0.968032479,-0.249447465,-0.0262512323,-0.0429383889,0.0616915002,0.997171223],"shapeName":"/art/shapes/objects/constructionbarrier_arrows.dae","useInstanceRenderData":true}
{"class":"TSStatic","persistentId":"93947d13-4e52-4fe6-9a06-b92567f55274","__parent":"SimGroup_","position":[228.661469,-712.167419,143.247864],"isRenderEnabled":false,"rotationMatrix":[-0.200251579,0.977140367,-0.0713865533,-0.978004992,-0.203704596,-0.0448396765,-0.0583564267,0.0608371906,0.996440351],"shapeName":"/art/shapes/objects/constructionbarrier_arrows.dae","useInstanceRenderData":true}
{"class":"TSStatic","persistentId":"93f67bab-3783-413e-b02c-675ef25bef73","__parent":"SimGroup_","position":[576.494263,-702.156982,200.671799],"isRenderEnabled":false,"rotationMatrix":[-0.460215807,0.887807071,1.65085186e-16,-0.887807071,-0.460215807,5.23648275e-17,1.22464685e-16,-1.22464685e-16,1],"shapeName":"/art/shapes/objects/constructionbarrier_arrows.dae","useInstanceRenderData":true}
{"class":"TSStatic","persistentId":"95186d4d-9918-4563-9cb1-ac690dc9f630","__parent":"SimGroup_","position":[204.205719,-723.673889,142.858551],"isRenderEnabled":false,"rotationMatrix":[-0.72999537,0.681013584,-0.0576829202,-0.682547092,-0.730769515,0.0102682561,-0.0351600982,0.0468670912,0.998282135],"shapeName":"/art/shapes/objects/constructionbarrier_arrows.dae","useInstanceRenderData":true}
{"class":"TSStatic","persistentId":"98f230ec-627d-4df9-b419-87f88f92478a","__parent":"SimGroup_","position":[333.462128,-724.067261,153.826004],"isRenderEnabled":false,"rotationMatrix":[-0.0519535542,0.998556614,0.0136194825,-0.994089246,-0.0504096746,-0.0961528867,-0.0953275487,-0.0185344703,0.995273411],"shapeName":"/art/shapes/objects/constructionbarrier_arrows.dae","useInstanceRenderData":true}
{"class":"TSStatic","persistentId":"9d8b3006-61ec-4f35-9bac-aa96aeec5b29","__parent":"SimGroup_","position":[569.499939,-684.844666,200.691742],"isRenderEnabled":false,"rotationMatrix":[-0.460188389,0.887821376,0,-0.887821257,-0.46018827,-0.000446303311,-0.000396237592,-0.000205383549,0.999999881],"shapeName":"/art/shapes/objects/constructionbarrier_arrows.dae","useInstanceRenderData":true}
{"class":"TSStatic","persistentId":"9e771816-9c5e-4150-9eec-d752d0b3f5b6","__parent":"SimGroup_","position":[562.472107,-688.48761,200.691742],"isRenderEnabled":false,"rotationMatrix":[-0.460213184,0.887808442,1.65085027e-16,-0.887808442,-0.460213184,5.23653172e-17,1.22464685e-16,-1.22464685e-16,1],"shapeName":"/art/shapes/objects/constructionbarrier_arrows.dae","useInstanceRenderData":true}
{"class":"TSStatic","persistentId":"a307d163-332a-417b-9163-569394e1c460","__parent":"SimGroup_","position":[545.885681,-893.984131,153.228989],"isRenderEnabled":false,"rotationMatrix":[-0.806392789,-0.584692001,-0.0886898413,0.590156436,-0.805266261,-0.0571101382,-0.0380271003,-0.0983940884,0.994420707],"shapeName":"/art/shapes/objects/constructionbarrier_arrows.dae","useInstanceRenderData":true}
{"class":"TSStatic","persistentId":"a90d34b7-e8b6-48b9-a036-9f3e8d99c481","__parent":"SimGroup_","position":[541.209656,-887.604065,153.52536],"isRenderEnabled":false,"rotationMatrix":[-0.803236961,-0.582360983,-0.125164554,0.590655327,-0.805886865,-0.0408994891,-0.0770501867,-0.106781095,0.991292596],"shapeName":"/art/shapes/objects/constructionbarrier_arrows.dae","useInstanceRenderData":true}
{"class":"TSStatic","persistentId":"ac1e09f9-6ed4-4c2a-b102-b679bdd3b2dc","__parent":"SimGroup_","position":[549.393921,-898.771179,153.135162],"isRenderEnabled":false,"rotationMatrix":[-0.803289413,-0.587760985,-0.0962454677,0.591129601,-0.806533933,-0.00830160826,-0.0727458745,-0.0635621399,0.995323002],"shapeName":"/art/shapes/objects/constructionbarrier_arrows.dae","useInstanceRenderData":true}
{"class":"TSStatic","persistentId":"ac80001e-d40e-42dd-98fe-6d4ed92e9636","__parent":"SimGroup_","position":[557.201599,-691.22052,200.668823],"isRenderEnabled":false,"rotationMatrix":[-0.459934711,0.887307346,-0.033848092,-0.887816131,-0.460198402,9.31322575e-10,-0.0155768367,0.0300508812,0.999426961],"shapeName":"/art/shapes/objects/constructionbarrier_arrows.dae","useInstanceRenderData":true}
{"class":"TSStatic","persistentId":"adaae9e3-9d7c-4abd-804d-b97ea22699ac","__parent":"SimGroup_","position":[375.17337,-708.199463,160.043106],"isRenderEnabled":false,"rotationMatrix":[0.0311610699,-0.999514341,0,0.999514341,0.0311610699,0,0,0,1],"shapeName":"/levels/west_coast_usa/art/shapes/objects/featherflag_beamng.dae","useInstanceRenderData":true}
{"class":"TSStatic","persistentId":"b0c80746-8fa4-4be8-a4e4-a92f500692ce","__parent":"SimGroup_","position":[232.532013,-711.362183,143.435959],"isRenderEnabled":false,"rotationMatrix":[-0.19960916,0.977555454,-0.067390956,-0.977823079,-0.203168631,-0.0508392565,-0.0633899197,0.0557484515,0.996430516],"shapeName":"/art/shapes/objects/constructionbarrier_arrows.dae","useInstanceRenderData":true}
{"class":"TSStatic","persistentId":"b1b045bf-d51e-4f05-bd0f-41b2fdfd0913","__parent":"SimGroup_","position":[327.570709,-724.36615,153.172821],"isRenderEnabled":false,"rotationMatrix":[-0.0659959316,0.988697112,0.134620354,-0.991881907,-0.0503066778,-0.116788343,-0.108695991,-0.141235039,0.983990788],"shapeName":"/art/shapes/objects/constructionbarrier_arrows.dae","useInstanceRenderData":true}
{"class":"TSStatic","persistentId":"b364e291-83f9-4537-a246-68074ff96641","__parent":"SimGroup_","position":[564.874756,-723.375793,201.062073],"isRenderEnabled":false,"rotationMatrix":[-0.961866736,-0.272484243,-0.0237549245,0.272809565,-0.961997032,-0.0116778184,-0.0196701474,-0.0177130792,0.999649584],"shapeName":"/art/shapes/objects/constructionbarrier_arrows.dae","useInstanceRenderData":true}
{"class":"TSStatic","persistentId":"b7f2fb29-4f92-4a08-8dfd-bf683d25e72a","__parent":"SimGroup_","position":[564.218323,-721.51001,201.06842],"isRenderEnabled":false,"rotationMatrix":[-0.928576946,-0.370098472,-0.0277849343,0.370123029,-0.928972125,0.00444330834,-0.0274558906,-0.00615788996,0.999604046],"shapeName":"/art/shapes/objects/constructionbarrier_arrows.dae","useInstanceRenderData":true}
{"class":"TSStatic","persistentId":"b81005dd-8e39-4347-9727-2ffb74d35e35","__parent":"SimGroup_","position":[546.499939,-702.111816,200.673279],"isRenderEnabled":false,"rotationMatrix":[-0.990906954,0.134326428,0.00774704851,-0.134321958,-0.990937233,0.00109569146,0.0078240186,4.51296219e-05,0.999969363],"shapeName":"/art/shapes/objects/constructionbarrier_arrows.dae","useInstanceRenderData":true}
{"class":"TSStatic","persistentId":"b8fb67a1-1fcb-4006-9e4b-8fc698eacffd","__parent":"SimGroup_","position":[580.008179,-700.33551,200.671799],"isRenderEnabled":false,"rotationMatrix":[-0.460212231,0.887793601,-0.00520868879,-0.887806833,-0.460215926,0.000537286745,-0.00192012219,0.00487157516,0.999986291],"shapeName":"/art/shapes/objects/constructionbarrier_arrows.dae","useInstanceRenderData":true}
{"class":"TSStatic","persistentId":"b96d4624-9006-4117-8322-8434923e22d0","__parent":"SimGroup_","position":[560.715149,-689.398315,200.691742],"isRenderEnabled":false,"rotationMatrix":[-0.460218549,0.887801886,-0.00260098185,-0.887804866,-0.460220098,0,-0.00119702425,0.00230916427,0.999996603],"shapeName":"/art/shapes/objects/constructionbarrier_arrows.dae","useInstanceRenderData":true}
