{"name":"dockBulb_41","class":"PointLight","__parent":"dockSpotLights_6","position":[648.859558,1636.48206,104.825081],"brightness":20,"hidden":true,"radius":0.5,"rotationMatrix":[0.999974072,-0.00718795089,-2.32830616e-10,-0.00696086278,-0.968382001,-0.249374017,0.00179248815,0.24936758,-0.968407035],"shadowDarkenColor":[0,0,0,0]}
{"name":"dockBulb_42","class":"PointLight","__parent":"dockSpotLights_6","position":[648.899719,1638.38843,104.825081],"brightness":20,"hidden":true,"radius":0.5,"rotationMatrix":[0.999974072,-0.00718795089,-2.32830616e-10,-0.00696086278,-0.968382001,-0.249374017,0.00179248815,0.24936758,-0.968407035],"shadowDarkenColor":[0,0,0,0]}
{"name":"dockBulb_43","class":"PointLight","__parent":"dockSpotLights_6","position":[649.239929,1637.39197,104.825081],"brightness":20,"hidden":true,"radius":0.5,"rotationMatrix":[0.999974072,-0.00718795089,-2.32830616e-10,-0.00696086278,-0.968382001,-0.249374017,0.00179248815,0.24936758,-0.968407035],"shadowDarkenColor":[0,0,0,0]}
{"name":"dockBulb_44","class":"PointLight","__parent":"dockSpotLights_6","position":[647.990845,1636.11792,104.825081],"brightness":20,"hidden":true,"radius":0.5,"rotationMatrix":[0.999974072,-0.00718795089,-2.32830616e-10,-0.00696086278,-0.968382001,-0.249374017,0.00179248815,0.24936758,-0.968407035],"shadowDarkenColor":[0,0,0,0]}
{"name":"dockBulb_45","class":"PointLight","__parent":"dockSpotLights_6","position":[647.148682,1636.55115,104.825081],"brightness":20,"hidden":true,"radius":0.5,"rotationMatrix":[0.999974072,-0.00718795089,-2.32830616e-10,-0.00696086278,-0.968382001,-0.249374017,0.00179248815,0.24936758,-0.968407035],"shadowDarkenColor":[0,0,0,0]}
{"name":"dockBulb_46","class":"PointLight","__parent":"dockSpotLights_6","position":[646.607544,1637.38647,104.825081],"brightness":20,"hidden":true,"radius":0.5,"rotationMatrix":[0.999974072,-0.00718795089,-2.32830616e-10,-0.00696086278,-0.968382001,-0.249374017,0.00179248815,0.24936758,-0.968407035],"shadowDarkenColor":[0,0,0,0]}
{"name":"dockBulb_47","class":"PointLight","__parent":"dockSpotLights_6","position":[647.019226,1638.3208,104.825081],"brightness":20,"hidden":true,"radius":0.5,"rotationMatrix":[0.999974072,-0.00718795089,-2.32830616e-10,-0.00696086278,-0.968382001,-0.249374017,0.00179248815,0.24936758,-0.968407035],"shadowDarkenColor":[0,0,0,0]}
{"name":"dockBulb_48","class":"PointLight","__parent":"dockSpotLights_6","position":[647.944519,1638.74475,104.825081],"brightness":20,"hidden":true,"radius":0.5,"rotationMatrix":[0.999974072,-0.00718795089,-2.32830616e-10,-0.00696086278,-0.968382001,-0.249374017,0.00179248815,0.24936758,-0.968407035],"shadowDarkenColor":[0,0,0,0]}
