{"name":"dockBulb_41","class":"PointLight","__parent":"dockSpotLights_6","position":[648.859558,1636.48206,104.825081],"brightness":20,"radius":0.5,"rotationMatrix":[0.999974072,-0.00718795089,-2.32830616e-10,-0.00696086278,-0.968382001,-0.249374017,0.00179248815,0.24936758,-0.968407035],"shadowDarkenColor":[0,0,0,0]}
{"name":"dockBulb_42","class":"PointLight","__parent":"dockSpotLights_6","position":[648.899719,1638.38843,104.825081],"brightness":20,"radius":0.5,"rotationMatrix":[0.999974072,-0.00718795089,-2.32830616e-10,-0.00696086278,-0.968382001,-0.249374017,0.00179248815,0.24936758,-0.968407035],"shadowDarkenColor":[0,0,0,0]}
{"name":"dockBulb_43","class":"PointLight","__parent":"dockSpotLights_6","position":[649.239929,1637.39197,104.825081],"brightness":20,"radius":0.5,"rotationMatrix":[0.999974072,-0.00718795089,-2.32830616e-10,-0.00696086278,-0.968382001,-0.249374017,0.00179248815,0.24936758,-0.968407035],"shadowDarkenColor":[0,0,0,0]}
{"name":"dockBulb_44","class":"PointLight","__parent":"dockSpotLights_6","position":[647.990845,1636.11792,104.825081],"brightness":20,"radius":0.5,"rotationMatrix":[0.999974072,-0.00718795089,-2.32830616e-10,-0.00696086278,-0.968382001,-0.249374017,0.00179248815,0.24936758,-0.968407035],"shadowDarkenColor":[0,0,0,0]}
{"name":"dockBulb_45","class":"PointLight","__parent":"dockSpotLights_6","position":[647.148682,1636.55115,104.825081],"brightness":20,"radius":0.5,"rotationMatrix":[0.999974072,-0.00718795089,-2.32830616e-10,-0.00696086278,-0.968382001,-0.249374017,0.00179248815,0.24936758,-0.968407035],"shadowDarkenColor":[0,0,0,0]}
{"name":"dockBulb_46","class":"PointLight","__parent":"dockSpotLights_6","position":[646.607544,1637.38647,104.825081],"brightness":20,"radius":0.5,"rotationMatrix":[0.999974072,-0.00718795089,-2.32830616e-10,-0.00696086278,-0.968382001,-0.249374017,0.00179248815,0.24936758,-0.968407035],"shadowDarkenColor":[0,0,0,0]}
{"name":"dockBulb_47","class":"PointLight","__parent":"dockSpotLights_6","position":[647.019226,1638.3208,104.825081],"brightness":20,"radius":0.5,"rotationMatrix":[0.999974072,-0.00718795089,-2.32830616e-10,-0.00696086278,-0.968382001,-0.249374017,0.00179248815,0.24936758,-0.968407035],"shadowDarkenColor":[0,0,0,0]}
{"name":"dockLight_41","class":"SpotLight","__parent":"dockSpotLights_6","position":[648.781494,1638.22998,105.100296],"innerAngle":0,"outerAngle":35,"range":50,"rotationMatrix":[0.596942544,-0.802284062,1.49011612e-07,0.213570654,0.15890789,-0.963916957,0.773335099,0.575403035,0.266203165],"shadowDarkenColor":[0,0,0,0]}
{"name":"dockLight_42","class":"SpotLight","__parent":"dockSpotLights_6","position":[647.129883,1636.57373,105.100296],"innerAngle":0,"outerAngle":35,"range":50,"rotationMatrix":[-0.621867895,0.783122301,0,-0.208469301,-0.165543079,-0.963917136,-0.754864991,-0.599429011,0.266202688],"shadowDarkenColor":[0,0,0,0]}
{"name":"dockLight_43","class":"SpotLight","__parent":"dockSpotLights_6","position":[648.840332,1636.5957,105.100296],"innerAngle":0,"outerAngle":35,"range":50,"rotationMatrix":[-0.189777374,-0.966059208,0.175255567,0.16663149,-0.207600832,-0.963917077,0.967584014,-0.153726399,0.20037365],"shadowDarkenColor":[0,0,0,0]}
{"name":"dockLight_44","class":"SpotLight","__parent":"dockSpotLights_6","position":[647.954163,1636.37463,105.100296],"innerAngle":0,"outerAngle":35,"range":50,"rotationMatrix":[-0.999106169,0.0422672108,-1.86264515e-09,-0.0112516442,-0.265964627,-0.963917017,-0.0407420844,-0.963055611,0.266202748],"shadowDarkenColor":[0,0,0,0]}
{"name":"dockLight_45","class":"SpotLight","__parent":"dockSpotLights_6","position":[649.128357,1637.42456,105.100296],"innerAngle":0,"outerAngle":35,"range":50,"rotationMatrix":[-0.0589222908,-0.998262644,2.38418579e-07,0.265740424,-0.0156855583,-0.963917017,0.962242305,-0.0567961633,0.266202927],"shadowDarkenColor":[0,0,0,0]}
{"name":"dockLight_46","class":"SpotLight","__parent":"dockSpotLights_6","position":[647.095398,1638.23657,105.100296],"innerAngle":0,"outerAngle":35,"range":50,"rotationMatrix":[0.155766487,0.97212249,0.175255358,-0.17381233,0.201626718,-0.963916898,-0.972381532,0.119684249,0.20037365],"shadowDarkenColor":[0,0,0,0]}
{"name":"dockLight_47","class":"SpotLight","__parent":"dockSpotLights_6","position":[646.836609,1637.39807,105.100296],"innerAngle":0,"outerAngle":35,"range":50,"rotationMatrix":[0.0238621235,0.99971509,0,-0.266126782,0.00635230541,-0.963916898,-0.963642418,0.0230009258,0.266202807],"shadowDarkenColor":[0,0,0,0]}
{"name":"dockLight_48","class":"SpotLight","__parent":"dockSpotLights_6","position":[647.973267,1638.48853,105.100296],"innerAngle":0,"outerAngle":35,"range":50,"rotationMatrix":[0.999974191,-0.00718795229,-6.98491931e-10,0.00191345252,0.266195893,-0.963917136,0.00692859013,0.963892221,0.266202748],"shadowDarkenColor":[0,0,0,0]}
{"name":"dockBulb_48","class":"PointLight","__parent":"dockSpotLights_6","position":[647.944519,1638.74475,104.825081],"brightness":20,"radius":0.5,"rotationMatrix":[0.999974072,-0.00718795089,-2.32830616e-10,-0.00696086278,-0.968382001,-0.249374017,0.00179248815,0.24936758,-0.968407035],"shadowDarkenColor":[0,0,0,0]}
