{"class":"TSStatic","__parent":"SimGroup_n","position":[122.702454,190.265106,119.138504],"isRenderEnabled":false,"rotationMatrix":[0.79980582,0.600148559,-0.0115083037,-0.600189447,0.799857914,-0.000128397252,0.00912795123,0.00700985454,0.999933779],"shapeName":"/levels/west_coast_usa/art/shapes/objects/guardrailpost.dae","useInstanceRenderData":true}
{"class":"TSStatic","__parent":"SimGroup_n","position":[37.1789818,137.911743,119.804031],"isRenderEnabled":false,"rotationMatrix":[0.989911497,-0.137287378,-0.0350349918,0.136967182,0.990510046,-0.0113926306,0.0362665728,0.00647905143,0.999321163],"shapeName":"/levels/west_coast_usa/art/shapes/objects/guardrail1_white.dae","useInstanceRenderData":true}
{"class":"TSStatic","__parent":"SimGroup_n","position":[38.1763954,137.899033,119.169037],"isRenderEnabled":false,"rotationMatrix":[0.991630733,0.123753577,-0.0367898569,-0.123907924,0.992291808,-0.001936713,0.0362666026,0.00647905748,0.999321163],"shapeName":"/levels/west_coast_usa/art/shapes/objects/guardrailpost.dae","useInstanceRenderData":true}
{"class":"TSStatic","__parent":"SimGroup_n","position":[65.8880539,150.904953,120.129868],"isRenderEnabled":false,"rotationMatrix":[0.815152407,0.578954875,-0.0183810014,-0.579029739,0.815305114,0.00149075547,0.0158492047,0.00942795165,0.999829948],"shapeName":"/levels/west_coast_usa/art/shapes/objects/guardrail1_white.dae","useInstanceRenderData":true}
{"class":"TSStatic","__parent":"SimGroup_n","position":[84.8539734,164.104324,119.165451],"isRenderEnabled":false,"rotationMatrix":[0.821094155,0.570792854,-3.82932922e-06,-0.570792854,0.821094096,0.000235649874,0.000137651485,-0.000191304978,1],"shapeName":"/levels/west_coast_usa/art/shapes/objects/guardrailpost.dae","useInstanceRenderData":true}
{"class":"TSStatic","__parent":"SimGroup_n","position":[90.7052689,167.933914,119.763573],"isRenderEnabled":false,"rotationMatrix":[0.830682278,0.55674684,-7.83627183e-06,-0.55674684,0.830682278,0.000235550731,0.000137651543,-0.000191305022,1],"shapeName":"/levels/west_coast_usa/art/shapes/objects/guardrail1_red.dae","useInstanceRenderData":true}
{"class":"TSStatic","__parent":"SimGroup_n","position":[89.0443039,166.820694,119.763596],"isRenderEnabled":false,"rotationMatrix":[0.830682278,0.55674684,-7.83627183e-06,-0.55674684,0.830682278,0.000235550731,0.000137651543,-0.000191305022,1],"shapeName":"/levels/west_coast_usa/art/shapes/objects/guardrail1_white.dae","useInstanceRenderData":true}
{"class":"TSStatic","__parent":"SimGroup_n","position":[52.3861465,142.420212,120.127296],"isRenderEnabled":false,"rotationMatrix":[0.908301651,0.418071866,-0.0142852366,-0.418106914,0.908397675,0.00058215647,0.0132200588,0.00544398185,0.999897778],"shapeName":"/levels/west_coast_usa/art/shapes/objects/guardrail1_white.dae","useInstanceRenderData":true}
{"class":"TSStatic","__parent":"SimGroup_n","position":[71.6681213,154.949646,119.130142],"isRenderEnabled":false,"rotationMatrix":[0.831766129,0.554948866,0.0140304826,-0.555014312,0.831840277,0.000943398802,-0.0111475829,-0.0085718045,0.999901116],"shapeName":"/levels/west_coast_usa/art/shapes/objects/guardrailpost.dae","useInstanceRenderData":true}
{"class":"TSStatic","__parent":"SimGroup_n","position":[96.4983521,171.969986,119.165352],"isRenderEnabled":false,"rotationMatrix":[0.822720468,0.568446219,-4.50213702e-06,-0.568446219,0.822720408,0.000235637999,0.000137651514,-0.000191305007,1],"shapeName":"/levels/west_coast_usa/art/shapes/objects/guardrailpost.dae","useInstanceRenderData":true}
{"class":"TSStatic","__parent":"SimGroup_n","position":[39.1673584,137.901077,119.731934],"isRenderEnabled":false,"rotationMatrix":[0.991630733,0.123753577,-0.0367898569,-0.123907924,0.992291808,-0.001936713,0.0362666026,0.00647905748,0.999321163],"shapeName":"/levels/west_coast_usa/art/shapes/objects/guardrail1_red.dae","useInstanceRenderData":true}
{"class":"TSStatic","__parent":"SimGroup_n","position":[37.1790352,137.911682,120.175377],"isRenderEnabled":false,"rotationMatrix":[0.989911497,-0.137287378,-0.0350349918,0.136967182,0.990510046,-0.0113926306,0.0362665728,0.00647905143,0.999321163],"shapeName":"/levels/west_coast_usa/art/shapes/objects/guardrail1_white.dae","useInstanceRenderData":true}
{"class":"TSStatic","__parent":"SimGroup_n","position":[58.4603691,146.00325,119.106949],"isRenderEnabled":false,"rotationMatrix":[0.844519496,0.535189688,0.0189421084,-0.535323083,0.844643891,0.00243470911,-0.0146963056,-0.0121963061,0.99981761],"shapeName":"/levels/west_coast_usa/art/shapes/objects/guardrailpost.dae","useInstanceRenderData":true}
{"class":"TSStatic","__parent":"SimGroup_n","position":[84.0428009,163.379181,120.134964],"isRenderEnabled":false,"rotationMatrix":[0.815476716,0.578789949,-1.52621215e-06,-0.578789949,0.815476656,0.000235676052,0.000137651485,-0.000191304993,1],"shapeName":"/levels/west_coast_usa/art/shapes/objects/guardrail1_red.dae","useInstanceRenderData":true}
{"class":"TSStatic","__parent":"SimGroup_n","position":[110.368065,181.624466,120.134834],"isRenderEnabled":false,"rotationMatrix":[0.826318741,0.563202739,-6.0005259e-06,-0.563202739,0.826318741,0.000235604573,0.000137651485,-0.000191304964,1],"shapeName":"/levels/west_coast_usa/art/shapes/objects/guardrail1_red.dae","useInstanceRenderData":true}
{"class":"TSStatic","__parent":"SimGroup_n","position":[94.0463028,170.1689,119.763542],"isRenderEnabled":false,"rotationMatrix":[0.832449079,0.554101527,-8.58549174e-06,-0.554101527,0.832449079,0.000235524538,0.000137651485,-0.000191304964,1],"shapeName":"/levels/west_coast_usa/art/shapes/objects/guardrail1_red.dae","useInstanceRenderData":true}
{"class":"TSStatic","__parent":"SimGroup_n","position":[85.7028732,164.544968,119.763618],"isRenderEnabled":false,"rotationMatrix":[0.821094155,0.570792854,-3.82932922e-06,-0.570792854,0.821094096,0.000235649874,0.000137651485,-0.000191304978,1],"shapeName":"/levels/west_coast_usa/art/shapes/objects/guardrail1_white.dae","useInstanceRenderData":true}
{"class":"TSStatic","__parent":"SimGroup_n","position":[44.0712318,139.173935,119.055229],"isRenderEnabled":false,"rotationMatrix":[0.941114187,0.33785525,0.0125666605,-0.337900668,0.941180408,0.00162296905,-0.0112791667,-0.00577368028,0.999919713],"shapeName":"/levels/west_coast_usa/art/shapes/objects/guardrailpost.dae","useInstanceRenderData":true}
{"class":"TSStatic","__parent":"SimGroup_n","position":[70.855835,154.261719,120.084846],"isRenderEnabled":false,"rotationMatrix":[0.832911968,0.553227723,0.0140284989,-0.553293288,0.832985997,0.000972403679,-0.0111475829,-0.00857179984,0.999901116],"shapeName":"/levels/west_coast_usa/art/shapes/objects/guardrail1_red.dae","useInstanceRenderData":true}
{"class":"TSStatic","__parent":"SimGroup_n","position":[43.0948029,138.777069,119.640198],"isRenderEnabled":false,"rotationMatrix":[0.965084553,0.261644989,0.0123970052,-0.261695534,0.965146899,0.00262095593,-0.0112791723,-0.00577368401,0.999919713],"shapeName":"/levels/west_coast_usa/art/shapes/objects/guardrail1_red.dae","useInstanceRenderData":true}
{"class":"TSStatic","__parent":"SimGroup_n","position":[108.7211,180.492828,119.763496],"isRenderEnabled":false,"rotationMatrix":[0.822113156,0.569324136,-4.25057078e-06,-0.569324136,0.822113156,0.000235642641,0.000137651485,-0.000191304964,1],"shapeName":"/levels/west_coast_usa/art/shapes/objects/guardrail1_white.dae","useInstanceRenderData":true}
{"class":"TSStatic","__parent":"SimGroup_n","position":[57.6259308,145.330338,120.068001],"isRenderEnabled":false,"rotationMatrix":[0.84657979,0.532230198,0.00580375828,-0.532249629,0.846583903,0.00245581917,-0.00360630732,-0.00516809523,0.999980152],"shapeName":"/levels/west_coast_usa/art/shapes/objects/guardrail1_red.dae","useInstanceRenderData":true}
{"class":"TSStatic","__parent":"SimGroup_n","position":[83.1982117,162.930374,119.165451],"isRenderEnabled":false,"rotationMatrix":[0.815476716,0.578789949,-1.52621215e-06,-0.578789949,0.815476656,0.000235676052,0.000137651485,-0.000191304993,1],"shapeName":"/levels/west_coast_usa/art/shapes/objects/guardrailpost.dae","useInstanceRenderData":true}
{"class":"TSStatic","__parent":"SimGroup_n","position":[97.3485184,172.408188,119.763519],"isRenderEnabled":false,"rotationMatrix":[0.822720468,0.568446219,-4.50213702e-06,-0.568446219,0.822720408,0.000235637999,0.000137651514,-0.000191305007,1],"shapeName":"/levels/west_coast_usa/art/shapes/objects/guardrail1_red.dae","useInstanceRenderData":true}
{"class":"TSStatic","__parent":"SimGroup_n","position":[127.896492,194.778351,120.064423],"isRenderEnabled":false,"rotationMatrix":[0.493422329,0.869790077,9.84747749e-05,-0.869790077,0.493422329,0.000214122105,0.000137651528,-0.000191305022,1],"shapeName":"/levels/west_coast_usa/art/shapes/objects/guardrail1_white.dae","useInstanceRenderData":true}
{"class":"TSStatic","__parent":"SimGroup_n","position":[55.9086914,144.295593,119.68512],"isRenderEnabled":false,"rotationMatrix":[0.866864502,0.498511255,0.00570264691,-0.498530805,0.86686784,0.00268225418,-0.00360630779,-0.0051680957,0.999980152],"shapeName":"/levels/west_coast_usa/art/shapes/objects/guardrail1_white.dae","useInstanceRenderData":true}
{"class":"TSStatic","__parent":"SimGroup_n","position":[43.0948563,138.777008,120.011543],"isRenderEnabled":false,"rotationMatrix":[0.965084553,0.261644989,0.0123970052,-0.261695534,0.965146899,0.00262095593,-0.0112791723,-0.00577368401,0.999919713],"shapeName":"/levels/west_coast_usa/art/shapes/objects/guardrail1_red.dae","useInstanceRenderData":true}
{"class":"TSStatic","__parent":"SimGroup_n","position":[70.0087891,153.847427,119.102196],"isRenderEnabled":false,"rotationMatrix":[0.832911968,0.553227723,0.0140284989,-0.553293288,0.832985997,0.000972403679,-0.0111475829,-0.00857179984,0.999901116],"shapeName":"/levels/west_coast_usa/art/shapes/objects/guardrailpost.dae","useInstanceRenderData":true}
{"class":"TSStatic","__parent":"SimGroup_n","position":[114.5158,184.565018,119.165283],"isRenderEnabled":false,"rotationMatrix":[0.824768424,0.565470695,-5.35325671e-06,-0.565470695,0.824768424,0.000235620173,0.000137651485,-0.000191304964,1],"shapeName":"/levels/west_coast_usa/art/shapes/objects/guardrailpost.dae","useInstanceRenderData":true}
{"class":"TSStatic","__parent":"SimGroup_n","position":[74.1613312,156.489243,119.74662],"isRenderEnabled":false,"rotationMatrix":[0.820955694,0.570940197,-0.00768622058,-0.570952713,0.820982695,0.000672629569,0.00669428566,0.00383626902,0.999970257],"shapeName":"/levels/west_coast_usa/art/shapes/objects/guardrail1_red.dae","useInstanceRenderData":true}
{"class":"TSStatic","__parent":"SimGroup_n","position":[105.491005,178.192856,119.763504],"isRenderEnabled":false,"rotationMatrix":[0.806820929,0.590796232,1.96209294e-06,-0.590796232,0.806820869,0.000235672895,0.000137651528,-0.000191305036,1],"shapeName":"/levels/west_coast_usa/art/shapes/objects/guardrail1_white.dae","useInstanceRenderData":true}
{"class":"TSStatic","__parent":"SimGroup_n","position":[56.7611885,144.934341,119.093269],"isRenderEnabled":false,"rotationMatrix":[0.84657979,0.532230198,0.00580375828,-0.532249629,0.846583903,0.00245581917,-0.00360630732,-0.00516809523,0.999980152],"shapeName":"/levels/west_coast_usa/art/shapes/objects/guardrailpost.dae","useInstanceRenderData":true}
{"class":"TSStatic","__parent":"SimGroup_n","position":[82.4008484,162.207825,120.139091],"isRenderEnabled":false,"rotationMatrix":[0.812729716,0.582627237,-0.00401039096,-0.582631052,0.812736809,0.000254599843,0.00340772932,0.00212965626,0.999991953],"shapeName":"/levels/west_coast_usa/art/shapes/objects/guardrail1_white.dae","useInstanceRenderData":true}
{"class":"TSStatic","__parent":"SimGroup_n","position":[102.263382,175.852234,120.134842],"isRenderEnabled":false,"rotationMatrix":[0.810512066,0.58572197,4.8331276e-07,-0.58572197,0.810512066,0.000235680491,0.000137651485,-0.000191304978,1],"shapeName":"/levels/west_coast_usa/art/shapes/objects/guardrail1_white.dae","useInstanceRenderData":true}
{"class":"TSStatic","__parent":"SimGroup_n","position":[125.865456,192.717484,119.090698],"isRenderEnabled":false,"rotationMatrix":[0.748563826,0.663062751,2.38062748e-05,-0.663062751,0.748563766,0.000234475548,0.000137651485,-0.000191304964,1],"shapeName":"/levels/west_coast_usa/art/shapes/objects/guardrailpost.dae","useInstanceRenderData":true}
{"class":"TSStatic","__parent":"SimGroup_n","position":[126.654167,193.251144,119.692955],"isRenderEnabled":false,"rotationMatrix":[0.748563826,0.663062751,2.38062748e-05,-0.663062751,0.748563766,0.000234475548,0.000137651485,-0.000191304964,1],"shapeName":"/levels/west_coast_usa/art/shapes/objects/guardrail1_red.dae","useInstanceRenderData":true}
{"class":"TSStatic","__parent":"SimGroup_n","position":[52.3860931,142.420273,119.755951],"isRenderEnabled":false,"rotationMatrix":[0.908301651,0.418071866,-0.0142852366,-0.418106914,0.908397675,0.00058215647,0.0132200588,0.00544398185,0.999897778],"shapeName":"/levels/west_coast_usa/art/shapes/objects/guardrail1_white.dae","useInstanceRenderData":true}
{"class":"TSStatic","__parent":"SimGroup_n","position":[42.1582527,138.652817,119.030632],"isRenderEnabled":false,"rotationMatrix":[0.965084553,0.261644989,0.0123970052,-0.261695534,0.965146899,0.00262095593,-0.0112791723,-0.00577368401,0.999919713],"shapeName":"/levels/west_coast_usa/art/shapes/objects/guardrailpost.dae","useInstanceRenderData":true}
{"class":"TSStatic","__parent":"SimGroup_n","position":[69.1846924,153.151688,120.069725],"isRenderEnabled":false,"rotationMatrix":[0.832986355,0.553292513,0.00105675892,-0.553293467,0.832985878,0.000972405833,-0.000342240441,-0.00139469851,0.999998987],"shapeName":"/levels/west_coast_usa/art/shapes/objects/guardrail1_white.dae","useInstanceRenderData":true}
{"class":"TSStatic","__parent":"SimGroup_n","position":[89.0443573,166.820618,120.134941],"isRenderEnabled":false,"rotationMatrix":[0.830682278,0.55674684,-7.83627183e-06,-0.55674684,0.830682278,0.000235550731,0.000137651543,-0.000191305022,1],"shapeName":"/levels/west_coast_usa/art/shapes/objects/guardrail1_white.dae","useInstanceRenderData":true}
{"class":"TSStatic","__parent":"SimGroup_n","position":[113.715256,183.872498,120.134804],"isRenderEnabled":false,"rotationMatrix":[0.827182353,0.561933577,-6.36219193e-06,-0.561933577,0.827182293,0.000235595086,0.000137651485,-0.000191304964,1],"shapeName":"/levels/west_coast_usa/art/shapes/objects/guardrail1_red.dae","useInstanceRenderData":true}
{"class":"TSStatic","__parent":"SimGroup_n","position":[77.4625778,158.750793,119.718399],"isRenderEnabled":false,"rotationMatrix":[0.824013472,0.566440463,0.0121312933,-0.566486478,0.82407099,0.000443588942,-0.00974578131,-0.00723773474,0.999926329],"shapeName":"/levels/west_coast_usa/art/shapes/objects/guardrail1_red.dae","useInstanceRenderData":true}
{"class":"TSStatic","__parent":"SimGroup_n","position":[102.263329,175.85231,119.763496],"isRenderEnabled":false,"rotationMatrix":[0.810512066,0.58572197,4.8331276e-07,-0.58572197,0.810512066,0.000235680491,0.000137651485,-0.000191304978,1],"shapeName":"/levels/west_coast_usa/art/shapes/objects/guardrail1_white.dae","useInstanceRenderData":true}
{"class":"TSStatic","__parent":"SimGroup_n","position":[55.9087448,144.295517,120.056465],"isRenderEnabled":false,"rotationMatrix":[0.866864502,0.498511255,0.00570264691,-0.498530805,0.86686784,0.00268225418,-0.00360630779,-0.0051680957,0.999980152],"shapeName":"/levels/west_coast_usa/art/shapes/objects/guardrail1_white.dae","useInstanceRenderData":true}
{"class":"TSStatic","__parent":"SimGroup_n","position":[74.9418869,157.180069,119.13929],"isRenderEnabled":false,"rotationMatrix":[0.826940656,0.562077463,-0.015438023,-0.562137902,0.827043474,0.000507491641,0.0130531667,0.00825862773,0.999880672],"shapeName":"/levels/west_coast_usa/art/shapes/objects/guardrailpost.dae","useInstanceRenderData":true}
{"class":"TSStatic","__parent":"SimGroup_n","position":[99.7849579,174.242432,119.165337],"isRenderEnabled":false,"rotationMatrix":[0.817555487,0.575849891,-2.37479981e-06,-0.575849891,0.817555428,0.000235669009,0.000137651485,-0.000191304964,1],"shapeName":"/levels/west_coast_usa/art/shapes/objects/guardrailpost.dae","useInstanceRenderData":true}
{"class":"TSStatic","__parent":"SimGroup_n","position":[126.654221,193.251083,120.064301],"isRenderEnabled":false,"rotationMatrix":[0.748563826,0.663062751,2.38062748e-05,-0.663062751,0.748563766,0.000234475548,0.000137651485,-0.000191304964,1],"shapeName":"/levels/west_coast_usa/art/shapes/objects/guardrail1_red.dae","useInstanceRenderData":true}
{"class":"TSStatic","__parent":"SimGroup_n","position":[128.776047,196.585617,119.693298],"isRenderEnabled":false,"rotationMatrix":[0.380836368,0.924642682,0.000124465994,-0.924642682,0.380836368,0.000200134367,0.000137651514,-0.000191305022,1],"shapeName":"/levels/west_coast_usa/art/shapes/objects/guardrail1_red.dae","useInstanceRenderData":true}
{"class":"TSStatic","__parent":"SimGroup_n","position":[48.7408752,140.799469,119.752213],"isRenderEnabled":false,"rotationMatrix":[0.923714697,0.382286847,0.0246568508,-0.38241744,0.923989475,0.000631796196,-0.022541143,-0.0100128073,0.999695778],"shapeName":"/levels/west_coast_usa/art/shapes/objects/guardrail1_white.dae","useInstanceRenderData":true}
{"class":"TSStatic","__parent":"SimGroup_n","position":[41.137558,138.268753,120.033875],"isRenderEnabled":false,"rotationMatrix":[0.969762385,0.241893619,-0.0323791243,-0.241958439,0.970284641,0.00196068874,0.0318912454,0.00593299931,0.999473751],"shapeName":"/levels/west_coast_usa/art/shapes/objects/guardrail1_white.dae","useInstanceRenderData":true}
{"class":"TSStatic","__parent":"SimGroup_n","position":[61.7797813,148.173248,119.184639],"isRenderEnabled":false,"rotationMatrix":[0.82914567,0.558989048,0.00698491698,-0.559012413,0.829157293,0.00184844108,-0.00475833705,-0.00543728098,0.999973893],"shapeName":"/levels/west_coast_usa/art/shapes/objects/guardrailpost.dae","useInstanceRenderData":true}
{"class":"TSStatic","__parent":"SimGroup_n","position":[86.5139618,165.256958,119.165443],"isRenderEnabled":false,"rotationMatrix":[0.826849937,0.562422633,-6.22288644e-06,-0.562422633,0.826849878,0.000235598825,0.000137651485,-0.000191304978,1],"shapeName":"/levels/west_coast_usa/art/shapes/objects/guardrailpost.dae","useInstanceRenderData":true}
{"class":"TSStatic","__parent":"SimGroup_n","position":[112.86161,183.441086,119.165298],"isRenderEnabled":false,"rotationMatrix":[0.827182353,0.561933577,-6.36219193e-06,-0.561933577,0.827182293,0.000235595086,0.000137651485,-0.000191304964,1],"shapeName":"/levels/west_coast_usa/art/shapes/objects/guardrailpost.dae","useInstanceRenderData":true}
{"class":"TSStatic","__parent":"SimGroup_n","position":[80.759819,161.042389,119.767776],"isRenderEnabled":false,"rotationMatrix":[0.818108618,0.575046718,0.00442296267,-0.575053394,0.81811583,0.000295711914,-0.00344844791,-0.00278536417,0.999990165],"shapeName":"/levels/west_coast_usa/art/shapes/objects/guardrail1_red.dae","useInstanceRenderData":true}
{"class":"TSStatic","__parent":"SimGroup_n","position":[98.9869156,173.540253,119.763512],"isRenderEnabled":false,"rotationMatrix":[0.822720468,0.568446219,-4.50213702e-06,-0.568446219,0.822720408,0.000235637999,0.000137651514,-0.000191305007,1],"shapeName":"/levels/west_coast_usa/art/shapes/objects/guardrail1_white.dae","useInstanceRenderData":true}
{"class":"TSStatic","__parent":"SimGroup_n","position":[47.8396988,140.559814,119.130997],"isRenderEnabled":false,"rotationMatrix":[0.923714697,0.382286847,0.0246568508,-0.38241744,0.923989475,0.000631796196,-0.022541143,-0.0100128073,0.999695778],"shapeName":"/levels/west_coast_usa/art/shapes/objects/guardrailpost.dae","useInstanceRenderData":true}
{"class":"TSStatic","__parent":"SimGroup_n","position":[74.1613846,156.489166,120.117966],"isRenderEnabled":false,"rotationMatrix":[0.820955694,0.570940197,-0.00768622058,-0.570952713,0.820982695,0.000672629569,0.00669428566,0.00383626902,0.999970257],"shapeName":"/levels/west_coast_usa/art/shapes/objects/guardrail1_red.dae","useInstanceRenderData":true}
{"class":"TSStatic","__parent":"SimGroup_n","position":[100.63118,174.688232,120.13485],"isRenderEnabled":false,"rotationMatrix":[0.817555487,0.575849891,-2.37479981e-06,-0.575849891,0.817555428,0.000235669009,0.000137651485,-0.000191304964,1],"shapeName":"/levels/west_coast_usa/art/shapes/objects/guardrail1_red.dae","useInstanceRenderData":true}
{"class":"TSStatic","__parent":"SimGroup_n","position":[124.311356,191.471024,119.115356],"isRenderEnabled":false,"rotationMatrix":[0.780438364,0.625126839,-0.0115066133,-0.625166059,0.78049171,0.000235365005,0.0091279503,0.0070098564,0.999933779],"shapeName":"/levels/west_coast_usa/art/shapes/objects/guardrailpost.dae","useInstanceRenderData":true}
{"class":"TSStatic","__parent":"SimGroup_n","position":[128.302307,195.759583,119.090942],"isRenderEnabled":false,"rotationMatrix":[0.380836368,0.924642682,0.000124465994,-0.924642682,0.380836368,0.000200134367,0.000137651514,-0.000191305022,1],"shapeName":"/levels/west_coast_usa/art/shapes/objects/guardrailpost.dae","useInstanceRenderData":true}
{"class":"TSStatic","__parent":"SimGroup_n","position":[44.9944267,139.373444,119.665077],"isRenderEnabled":false,"rotationMatrix":[0.941114187,0.33785525,0.0125666605,-0.337900668,0.941180408,0.00162296905,-0.0112791667,-0.00577368028,0.999919713],"shapeName":"/levels/west_coast_usa/art/shapes/objects/guardrail1_white.dae","useInstanceRenderData":true}
{"class":"TSStatic","__parent":"SimGroup_n","position":[121.910446,189.561142,119.752998],"isRenderEnabled":false,"rotationMatrix":[0.819684267,0.572700262,-0.0114973411,-0.572742939,0.819734931,-0.000518289395,0.00912794657,0.00700985361,0.999933779],"shapeName":"/levels/west_coast_usa/art/shapes/objects/guardrail1_white.dae","useInstanceRenderData":true}
{"class":"TSStatic","__parent":"SimGroup_n","position":[60.9861679,147.48819,120.133583],"isRenderEnabled":false,"rotationMatrix":[0.829002023,0.558860958,0.0207385812,-0.559011996,0.829157472,0.00184844341,-0.0161625277,-0.0131254792,0.999783218],"shapeName":"/levels/west_coast_usa/art/shapes/objects/guardrail1_red.dae","useInstanceRenderData":true}
{"class":"TSStatic","__parent":"SimGroup_n","position":[87.3673553,165.688858,120.134949],"isRenderEnabled":false,"rotationMatrix":[0.826849937,0.562422633,-6.22288644e-06,-0.562422633,0.826849878,0.000235598825,0.000137651485,-0.000191304978,1],"shapeName":"/levels/west_coast_usa/art/shapes/objects/guardrail1_red.dae","useInstanceRenderData":true}
{"class":"TSStatic","__parent":"SimGroup_n","position":[112.030434,182.738174,120.134819],"isRenderEnabled":false,"rotationMatrix":[0.832353115,0.55424583,-8.54471728e-06,-0.55424583,0.832353055,0.000235526109,0.000137651543,-0.000191305022,1],"shapeName":"/levels/west_coast_usa/art/shapes/objects/guardrail1_white.dae","useInstanceRenderData":true}
{"class":"TSStatic","__parent":"SimGroup_n","position":[84.0427551,163.379242,119.763618],"isRenderEnabled":false,"rotationMatrix":[0.815476716,0.578789949,-1.52621215e-06,-0.578789949,0.815476656,0.000235676052,0.000137651485,-0.000191304993,1],"shapeName":"/levels/west_coast_usa/art/shapes/objects/guardrail1_red.dae","useInstanceRenderData":true}
{"class":"TSStatic","__parent":"SimGroup_n","position":[69.184639,153.151764,119.69838],"isRenderEnabled":false,"rotationMatrix":[0.832986355,0.553292513,0.00105675892,-0.553293467,0.832985878,0.000972405833,-0.000342240441,-0.00139469851,0.999998987],"shapeName":"/levels/west_coast_usa/art/shapes/objects/guardrail1_white.dae","useInstanceRenderData":true}
{"class":"TSStatic","__parent":"SimGroup_n","position":[46.8635674,140.058823,120.073814],"isRenderEnabled":false,"rotationMatrix":[0.935613692,0.352165788,0.0246234667,-0.352305204,0.935884118,0.00142990239,-0.0225411486,-0.0100128073,0.999695778],"shapeName":"/levels/west_coast_usa/art/shapes/objects/guardrail1_red.dae","useInstanceRenderData":true}
{"class":"TSStatic","__parent":"SimGroup_n","position":[73.3062134,156.044571,119.155807],"isRenderEnabled":false,"rotationMatrix":[0.820955694,0.570940197,-0.00768622058,-0.570952713,0.820982695,0.000672629569,0.00669428566,0.00383626902,0.999970257],"shapeName":"/levels/west_coast_usa/art/shapes/objects/guardrailpost.dae","useInstanceRenderData":true}
{"class":"TSStatic","__parent":"SimGroup_n","position":[98.1367569,173.102036,119.165344],"isRenderEnabled":false,"rotationMatrix":[0.822720468,0.568446219,-4.50213702e-06,-0.568446219,0.822720408,0.000235637999,0.000137651514,-0.000191305007,1],"shapeName":"/levels/west_coast_usa/art/shapes/objects/guardrailpost.dae","useInstanceRenderData":true}
{"class":"TSStatic","__parent":"SimGroup_n","position":[117.790321,186.832199,119.165268],"isRenderEnabled":false,"rotationMatrix":[0.819738865,0.572737515,-3.27076123e-06,-0.572737515,0.819738865,0.00023565827,0.000137651485,-0.000191304964,1],"shapeName":"/levels/west_coast_usa/art/shapes/objects/guardrailpost.dae","useInstanceRenderData":true}
{"class":"TSStatic","__parent":"SimGroup_n","position":[60.9861145,147.488266,119.762238],"isRenderEnabled":false,"rotationMatrix":[0.829002023,0.558860958,0.0207385812,-0.559011996,0.829157472,0.00184844341,-0.0161625277,-0.0131254792,0.999783218],"shapeName":"/levels/west_coast_usa/art/shapes/objects/guardrail1_red.dae","useInstanceRenderData":true}
{"class":"TSStatic","__parent":"SimGroup_n","position":[118.638168,187.274826,119.763428],"isRenderEnabled":false,"rotationMatrix":[0.819738865,0.572737515,-3.27076123e-06,-0.572737515,0.819738865,0.00023565827,0.000137651485,-0.000191304964,1],"shapeName":"/levels/west_coast_usa/art/shapes/objects/guardrail1_white.dae","useInstanceRenderData":true}
{"class":"TSStatic","__parent":"SimGroup_n","position":[60.1469955,147.07254,119.144814],"isRenderEnabled":false,"rotationMatrix":[0.829002023,0.558860958,0.0207385812,-0.559011996,0.829157472,0.00184844341,-0.0161625277,-0.0131254792,0.999783218],"shapeName":"/levels/west_coast_usa/art/shapes/objects/guardrailpost.dae","useInstanceRenderData":true}
{"class":"TSStatic","__parent":"SimGroup_n","position":[85.7029266,164.544907,120.134964],"isRenderEnabled":false,"rotationMatrix":[0.821094155,0.570792854,-3.82932922e-06,-0.570792854,0.821094096,0.000235649874,0.000137651485,-0.000191304978,1],"shapeName":"/levels/west_coast_usa/art/shapes/objects/guardrail1_white.dae","useInstanceRenderData":true}
{"class":"TSStatic","__parent":"SimGroup_n","position":[105.491051,178.19278,120.13485],"isRenderEnabled":false,"rotationMatrix":[0.806820929,0.590796232,1.96209294e-06,-0.590796232,0.806820869,0.000235672895,0.000137651528,-0.000191305036,1],"shapeName":"/levels/west_coast_usa/art/shapes/objects/guardrail1_white.dae","useInstanceRenderData":true}
{"class":"TSStatic","__parent":"SimGroup_n","position":[113.715202,183.872559,119.763458],"isRenderEnabled":false,"rotationMatrix":[0.827182353,0.561933577,-6.36219193e-06,-0.561933577,0.827182293,0.000235595086,0.000137651485,-0.000191304964,1],"shapeName":"/levels/west_coast_usa/art/shapes/objects/guardrail1_red.dae","useInstanceRenderData":true}
{"class":"TSStatic","__parent":"SimGroup_n","position":[65.8880081,150.905029,119.758522],"isRenderEnabled":false,"rotationMatrix":[0.815152407,0.578954875,-0.0183810014,-0.579029739,0.815305114,0.00149075547,0.0158492047,0.00942795165,0.999829948],"shapeName":"/levels/west_coast_usa/art/shapes/objects/guardrail1_white.dae","useInstanceRenderData":true}
{"class":"TSStatic","__parent":"SimGroup_n","position":[45.9547462,139.849258,119.081383],"isRenderEnabled":false,"rotationMatrix":[0.935613692,0.352165788,0.0246234667,-0.352305204,0.935884118,0.00142990239,-0.0225411486,-0.0100128073,0.999695778],"shapeName":"/levels/west_coast_usa/art/shapes/objects/guardrailpost.dae","useInstanceRenderData":true}
{"class":"TSStatic","__parent":"SimGroup_n","position":[72.5142899,155.365707,120.112808],"isRenderEnabled":false,"rotationMatrix":[0.831766129,0.554948866,0.0140304826,-0.555014312,0.831840277,0.000943398802,-0.0111475829,-0.0085718045,0.999901116],"shapeName":"/levels/west_coast_usa/art/shapes/objects/guardrail1_white.dae","useInstanceRenderData":true}
{"class":"TSStatic","__parent":"SimGroup_n","position":[92.3622894,169.044418,120.134903],"isRenderEnabled":false,"rotationMatrix":[0.830682278,0.55674684,-7.83627183e-06,-0.55674684,0.830682278,0.000235550731,0.000137651543,-0.000191305022,1],"shapeName":"/levels/west_coast_usa/art/shapes/objects/guardrail1_white.dae","useInstanceRenderData":true}
{"class":"TSStatic","__parent":"SimGroup_n","position":[117.012154,186.138672,120.134781],"isRenderEnabled":false,"rotationMatrix":[0.819738865,0.572737515,-3.27076123e-06,-0.572737515,0.819738865,0.00023565827,0.000137651485,-0.000191304964,1],"shapeName":"/levels/west_coast_usa/art/shapes/objects/guardrail1_red.dae","useInstanceRenderData":true}
{"class":"TSStatic","__parent":"SimGroup_n","position":[64.270462,149.742325,119.786041],"isRenderEnabled":false,"rotationMatrix":[0.808443189,0.588505983,-0.00896462426,-0.588517308,0.808483064,0.00159562367,0.00818678178,0.00398586458,0.999958515],"shapeName":"/levels/west_coast_usa/art/shapes/objects/guardrail1_red.dae","useInstanceRenderData":true}
{"class":"TSStatic","__parent":"SimGroup_n","position":[115.367531,185.000153,119.763443],"isRenderEnabled":false,"rotationMatrix":[0.824768424,0.565470695,-5.35325671e-06,-0.565470695,0.824768424,0.000235620173,0.000137651485,-0.000191304964,1],"shapeName":"/levels/west_coast_usa/art/shapes/objects/guardrail1_white.dae","useInstanceRenderData":true}
{"class":"TSStatic","__parent":"SimGroup_n","position":[59.3127708,146.395477,120.093987],"isRenderEnabled":false,"rotationMatrix":[0.844519496,0.535189688,0.0189421084,-0.535323083,0.844643891,0.00243470911,-0.0146963056,-0.0121963061,0.99981761],"shapeName":"/levels/west_coast_usa/art/shapes/objects/guardrail1_white.dae","useInstanceRenderData":true}
{"class":"TSStatic","__parent":"SimGroup_n","position":[78.2788315,159.46167,119.133568],"isRenderEnabled":false,"rotationMatrix":[0.821093976,0.570566297,0.0160881337,-0.570645213,0.821196675,0.000382248778,-0.0129934242,-0.00949447602,0.999870479],"shapeName":"/levels/west_coast_usa/art/shapes/objects/guardrailpost.dae","useInstanceRenderData":true}
{"class":"TSStatic","__parent":"SimGroup_n","position":[103.04528,176.568832,119.165329],"isRenderEnabled":false,"rotationMatrix":[0.810512066,0.58572197,4.8331276e-07,-0.58572197,0.810512066,0.000235680491,0.000137651485,-0.000191304978,1],"shapeName":"/levels/west_coast_usa/art/shapes/objects/guardrailpost.dae","useInstanceRenderData":true}
{"class":"TSStatic","__parent":"SimGroup_n","position":[128.776108,196.585556,120.064644],"isRenderEnabled":false,"rotationMatrix":[0.380836368,0.924642682,0.000124465994,-0.924642682,0.380836368,0.000200134367,0.000137651514,-0.000191305022,1],"shapeName":"/levels/west_coast_usa/art/shapes/objects/guardrail1_red.dae","useInstanceRenderData":true}
{"class":"TSStatic","__parent":"SimGroup_n","position":[62.6300964,148.596588,119.789207],"isRenderEnabled":false,"rotationMatrix":[0.82914567,0.558989048,0.00698491698,-0.559012413,0.829157293,0.00184844108,-0.00475833705,-0.00543728098,0.999973893],"shapeName":"/levels/west_coast_usa/art/shapes/objects/guardrail1_white.dae","useInstanceRenderData":true}
{"class":"TSStatic","__parent":"SimGroup_n","position":[44.9944763,139.373383,120.036423],"isRenderEnabled":false,"rotationMatrix":[0.941114187,0.33785525,0.0125666605,-0.337900668,0.941180408,0.00162296905,-0.0112791667,-0.00577368028,0.999919713],"shapeName":"/levels/west_coast_usa/art/shapes/objects/guardrail1_white.dae","useInstanceRenderData":true}
{"class":"TSStatic","__parent":"SimGroup_n","position":[65.0285416,150.44664,119.178101],"isRenderEnabled":false,"rotationMatrix":[0.815152407,0.578954875,-0.0183810014,-0.579029739,0.815305114,0.00149075547,0.0158492047,0.00942795165,0.999829948],"shapeName":"/levels/west_coast_usa/art/shapes/objects/guardrailpost.dae","useInstanceRenderData":true}
{"class":"TSStatic","__parent":"SimGroup_n","position":[89.8489914,167.507782,119.165413],"isRenderEnabled":false,"rotationMatrix":[0.830682278,0.55674684,-7.83627183e-06,-0.55674684,0.830682278,0.000235550731,0.000137651543,-0.000191305022,1],"shapeName":"/levels/west_coast_usa/art/shapes/objects/guardrailpost.dae","useInstanceRenderData":true}
{"class":"TSStatic","__parent":"SimGroup_n","position":[116.164268,185.696106,119.165276],"isRenderEnabled":false,"rotationMatrix":[0.819738865,0.572737515,-3.27076123e-06,-0.572737515,0.819738865,0.00023565827,0.000137651485,-0.000191304964,1],"shapeName":"/levels/west_coast_usa/art/shapes/objects/guardrailpost.dae","useInstanceRenderData":true}
{"class":"TSStatic","__parent":"SimGroup_n","position":[67.5292053,152.042099,119.718842],"isRenderEnabled":false,"rotationMatrix":[0.82804203,0.560262263,-0.0212757923,-0.560371101,0.82824111,0.00100788707,0.0181861669,0.0110877659,0.999773145],"shapeName":"/levels/west_coast_usa/art/shapes/objects/guardrail1_red.dae","useInstanceRenderData":true}
{"class":"TSStatic","__parent":"SimGroup_n","position":[112.03038,182.738251,119.763474],"isRenderEnabled":false,"rotationMatrix":[0.832353115,0.55424583,-8.54471728e-06,-0.55424583,0.832353055,0.000235526109,0.000137651543,-0.000191305022,1],"shapeName":"/levels/west_coast_usa/art/shapes/objects/guardrail1_white.dae","useInstanceRenderData":true}
{"class":"TSStatic","__parent":"SimGroup_n","position":[51.4604874,142.129791,119.171478],"isRenderEnabled":false,"rotationMatrix":[0.908301651,0.418071866,-0.0142852366,-0.418106914,0.908397675,0.00058215647,0.0132200588,0.00544398185,0.999897778],"shapeName":"/levels/west_coast_usa/art/shapes/objects/guardrailpost.dae","useInstanceRenderData":true}
{"class":"TSStatic","__parent":"SimGroup_n","position":[77.4626312,158.750717,120.089745],"isRenderEnabled":false,"rotationMatrix":[0.824013472,0.566440463,0.0121312933,-0.566486478,0.82407099,0.000443588942,-0.00974578131,-0.00723773474,0.999926329],"shapeName":"/levels/west_coast_usa/art/shapes/objects/guardrail1_red.dae","useInstanceRenderData":true}
{"class":"TSStatic","__parent":"SimGroup_n","position":[127.323166,194.018082,119.090744],"isRenderEnabled":false,"rotationMatrix":[0.493422329,0.869790077,9.84747749e-05,-0.869790077,0.493422329,0.000214122105,0.000137651528,-0.000191305022,1],"shapeName":"/levels/west_coast_usa/art/shapes/objects/guardrailpost.dae","useInstanceRenderData":true}
{"class":"TSStatic","__parent":"SimGroup_n","position":[59.3127174,146.395554,119.722641],"isRenderEnabled":false,"rotationMatrix":[0.844519496,0.535189688,0.0189421084,-0.535323083,0.844643891,0.00243470911,-0.0146963056,-0.0121963061,0.99981761],"shapeName":"/levels/west_coast_usa/art/shapes/objects/guardrail1_white.dae","useInstanceRenderData":true}
{"class":"TSStatic","__parent":"SimGroup_n","position":[36.2216759,138.157104,119.238312],"isRenderEnabled":false,"rotationMatrix":[0.989911497,-0.137287378,-0.0350349918,0.136967182,0.990510046,-0.0113926306,0.0362665728,0.00647905143,0.999321163],"shapeName":"/levels/west_coast_usa/art/shapes/objects/guardrailpost.dae","useInstanceRenderData":true}
{"class":"TSStatic","__parent":"SimGroup_n","position":[64.2705154,149.742249,120.157387],"isRenderEnabled":false,"rotationMatrix":[0.808443189,0.588505983,-0.00896462426,-0.588517308,0.808483064,0.00159562367,0.00818678178,0.00398586458,0.999958515],"shapeName":"/levels/west_coast_usa/art/shapes/objects/guardrail1_red.dae","useInstanceRenderData":true}
{"class":"TSStatic","__parent":"SimGroup_n","position":[90.7053223,167.933838,120.134918],"isRenderEnabled":false,"rotationMatrix":[0.830682278,0.55674684,-7.83627183e-06,-0.55674684,0.830682278,0.000235550731,0.000137651543,-0.000191305022,1],"shapeName":"/levels/west_coast_usa/art/shapes/objects/guardrail1_red.dae","useInstanceRenderData":true}
{"class":"TSStatic","__parent":"SimGroup_n","position":[115.367577,185.000076,120.134789],"isRenderEnabled":false,"rotationMatrix":[0.824768424,0.565470695,-5.35325671e-06,-0.565470695,0.824768424,0.000235620173,0.000137651485,-0.000191304964,1],"shapeName":"/levels/west_coast_usa/art/shapes/objects/guardrail1_white.dae","useInstanceRenderData":true}
{"class":"TSStatic","__parent":"SimGroup_n","position":[70.8557816,154.261795,119.713501],"isRenderEnabled":false,"rotationMatrix":[0.832911968,0.553227723,0.0140284989,-0.553293288,0.832985997,0.000972403679,-0.0111475829,-0.00857179984,0.999901116],"shapeName":"/levels/west_coast_usa/art/shapes/objects/guardrail1_red.dae","useInstanceRenderData":true}
{"class":"TSStatic","__parent":"SimGroup_n","position":[82.400795,162.207901,119.767746],"isRenderEnabled":false,"rotationMatrix":[0.812729716,0.582627237,-0.00401039096,-0.582631052,0.812736809,0.000254599843,0.00340772932,0.00212965626,0.999991953],"shapeName":"/levels/west_coast_usa/art/shapes/objects/guardrail1_white.dae","useInstanceRenderData":true}
{"class":"TSStatic","__parent":"SimGroup_n","position":[50.5749702,141.591812,120.145638],"isRenderEnabled":false,"rotationMatrix":[0.910520196,0.413449496,-0.0035320255,-0.413450211,0.910526574,0.00056407816,0.00344922068,0.000946711923,0.999993622],"shapeName":"/levels/west_coast_usa/art/shapes/objects/guardrail1_red.dae","useInstanceRenderData":true}
{"class":"TSStatic","__parent":"SimGroup_n","position":[76.6210251,158.321518,119.108818],"isRenderEnabled":false,"rotationMatrix":[0.824013472,0.566440463,0.0121312933,-0.566486478,0.82407099,0.000443588942,-0.00974578131,-0.00723773474,0.999926329],"shapeName":"/levels/west_coast_usa/art/shapes/objects/guardrailpost.dae","useInstanceRenderData":true}
{"class":"TSStatic","__parent":"SimGroup_n","position":[121.056961,189.114548,119.161591],"isRenderEnabled":false,"rotationMatrix":[0.819684267,0.572700262,-0.0114973411,-0.572742939,0.819734931,-0.000518289395,0.00912794657,0.00700985361,0.999933779],"shapeName":"/levels/west_coast_usa/art/shapes/objects/guardrailpost.dae","useInstanceRenderData":true}
{"class":"TSStatic","__parent":"SimGroup_n","position":[46.8635178,140.058899,119.702469],"isRenderEnabled":false,"rotationMatrix":[0.935613692,0.352165788,0.0246234667,-0.352305204,0.935884118,0.00142990239,-0.0225411486,-0.0100128073,0.999695778],"shapeName":"/levels/west_coast_usa/art/shapes/objects/guardrail1_red.dae","useInstanceRenderData":true}
{"class":"TSStatic","__parent":"SimGroup_n","position":[129.027634,197.520538,119.091179],"isRenderEnabled":false,"rotationMatrix":[0.380836368,0.924642682,0.000124465994,-0.924642682,0.380836368,0.000200134367,0.000137651514,-0.000191305022,1],"shapeName":"/levels/west_coast_usa/art/shapes/objects/guardrailpost.dae","useInstanceRenderData":true}
{"class":"TSStatic","__parent":"SimGroup_n","position":[63.4236183,149.279297,119.196587],"isRenderEnabled":false,"rotationMatrix":[0.808443189,0.588505983,-0.00896462426,-0.588517308,0.808483064,0.00159562367,0.00818678178,0.00398586458,0.999958515],"shapeName":"/levels/west_coast_usa/art/shapes/objects/guardrailpost.dae","useInstanceRenderData":true}
{"class":"TSStatic","__parent":"SimGroup_n","position":[123.540543,190.740067,119.729858],"isRenderEnabled":false,"rotationMatrix":[0.79980582,0.600148559,-0.0115083037,-0.600189447,0.799857914,-0.000128397252,0.00912795123,0.00700985454,0.999933779],"shapeName":"/levels/west_coast_usa/art/shapes/objects/guardrail1_red.dae","useInstanceRenderData":true}
{"class":"TSStatic","__parent":"SimGroup_n","position":[120.279289,188.421478,119.763428],"isRenderEnabled":false,"rotationMatrix":[0.819738865,0.572737515,-3.27076123e-06,-0.572737515,0.819738865,0.00023565827,0.000137651485,-0.000191304964,1],"shapeName":"/levels/west_coast_usa/art/shapes/objects/guardrail1_red.dae","useInstanceRenderData":true}
