{"name":"PointLight_70","class":"PointLight","__parent":"night_light","position":[915.810852,-458.541687,173.744995],"brightness":10,"radius":0.5,"rotationMatrix":[0.940909803,-0.338657349,-1.13686838e-13,-0.338657349,-0.940910339,-9.86655596e-06,3.34138031e-06,9.28353893e-06,-1.00000048],"shadowDarkenColor":[0,0,0,0]}
{"name":"SpotLight_136","class":"SpotLight","__parent":"night_light","position":[915.869812,-458.558777,173.84964],"brightness":2,"innerAngle":20,"outerAngle":130,"range":30,"rotationMatrix":[0.98967284,-0.143344492,-1.71363354e-07,-1.56462193e-07,-1.1920929e-07,-1.00000024,0.143344492,0.989673138,-1.1920929e-07],"shadowDarkenColor":[0,0,0,0]}
{"name":"PointLight_71","class":"PointLight","__parent":"night_light","position":[937.69751,-465.166016,175.043167],"brightness":10,"radius":0.5,"rotationMatrix":[0.940909803,-0.338657349,-1.13686838e-13,-0.338657349,-0.940910339,-9.86655596e-06,3.34138031e-06,9.28353893e-06,-1.00000048],"shadowDarkenColor":[0,0,0,0]}
{"name":"SpotLight_137","class":"SpotLight","__parent":"night_light","position":[937.75647,-465.183105,175.147812],"brightness":2,"innerAngle":20,"outerAngle":130,"range":30,"rotationMatrix":[0.98967284,-0.143344492,-1.71363354e-07,-1.56462193e-07,-1.1920929e-07,-1.00000024,0.143344492,0.989673138,-1.1920929e-07],"shadowDarkenColor":[0,0,0,0]}
{"name":"PointLight_72","class":"PointLight","__parent":"night_light","position":[857.555176,-514.322693,177.142654],"brightness":10,"radius":0.5,"rotationMatrix":[0.940909803,-0.338657349,-1.13686838e-13,-0.338657349,-0.940910339,-9.86655596e-06,3.34138031e-06,9.28353893e-06,-1.00000048],"shadowDarkenColor":[0,0,0,0]}
{"name":"SpotLight_138","class":"SpotLight","__parent":"night_light","position":[857.614136,-514.339783,177.247299],"brightness":2,"innerAngle":20,"outerAngle":130,"range":30,"rotationMatrix":[0.98967284,-0.143344492,-1.71363354e-07,-1.56462193e-07,-1.1920929e-07,-1.00000024,0.143344492,0.989673138,-1.1920929e-07],"shadowDarkenColor":[0,0,0,0]}
{"name":"PointLight_73","class":"PointLight","__parent":"night_light","position":[882.648499,-537.046082,177.881348],"brightness":10,"radius":0.5,"rotationMatrix":[0.940909803,-0.338657349,-1.13686838e-13,-0.338657349,-0.940910339,-9.86655596e-06,3.34138031e-06,9.28353893e-06,-1.00000048],"shadowDarkenColor":[0,0,0,0]}
{"name":"SpotLight_139","class":"SpotLight","__parent":"night_light","position":[882.707458,-537.063171,177.985992],"brightness":2,"innerAngle":20,"outerAngle":130,"range":30,"rotationMatrix":[0.98967284,-0.143344492,-1.71363354e-07,-1.56462193e-07,-1.1920929e-07,-1.00000024,0.143344492,0.989673138,-1.1920929e-07],"shadowDarkenColor":[0,0,0,0]}
{"name":"PointLight_74","class":"PointLight","__parent":"night_light","position":[886.580383,-563.753296,177.481323],"brightness":10,"radius":0.5,"rotationMatrix":[0.940909803,-0.338657349,-1.13686838e-13,-0.338657349,-0.940910339,-9.86655596e-06,3.34138031e-06,9.28353893e-06,-1.00000048],"shadowDarkenColor":[0,0,0,0]}
{"name":"SpotLight_140","class":"SpotLight","__parent":"night_light","position":[886.639343,-563.770386,177.585968],"brightness":2,"innerAngle":20,"outerAngle":130,"range":30,"rotationMatrix":[0.98967284,-0.143344492,-1.71363354e-07,-1.56462193e-07,-1.1920929e-07,-1.00000024,0.143344492,0.989673138,-1.1920929e-07],"shadowDarkenColor":[0,0,0,0]}
{"name":"PointLight_75","class":"PointLight","__parent":"night_light","position":[905.53125,-516.872864,175.918228],"brightness":10,"radius":0.5,"rotationMatrix":[0.940909803,-0.338657349,-1.13686838e-13,-0.338657349,-0.940910339,-9.86655596e-06,3.34138031e-06,9.28353893e-06,-1.00000048],"shadowDarkenColor":[0,0,0,0]}
{"name":"SpotLight_141","class":"SpotLight","__parent":"night_light","position":[905.59021,-516.889954,176.022873],"brightness":2,"innerAngle":20,"outerAngle":130,"range":30,"rotationMatrix":[0.98967284,-0.143344492,-1.71363354e-07,-1.56462193e-07,-1.1920929e-07,-1.00000024,0.143344492,0.989673138,-1.1920929e-07],"shadowDarkenColor":[0,0,0,0]}
{"name":"PointLight_76","class":"PointLight","__parent":"night_light","position":[920.776062,-520,175.754852],"brightness":10,"radius":0.5,"rotationMatrix":[0.940909803,-0.338657349,-1.13686838e-13,-0.338657349,-0.940910339,-9.86655596e-06,3.34138031e-06,9.28353893e-06,-1.00000048],"shadowDarkenColor":[0,0,0,0]}
{"name":"SpotLight_142","class":"SpotLight","__parent":"night_light","position":[920.835022,-520.01709,175.859497],"brightness":2,"innerAngle":20,"outerAngle":130,"range":30,"rotationMatrix":[0.98967284,-0.143344492,-1.71363354e-07,-1.56462193e-07,-1.1920929e-07,-1.00000024,0.143344492,0.989673138,-1.1920929e-07],"shadowDarkenColor":[0,0,0,0]}
{"name":"PointLight_77","class":"PointLight","__parent":"night_light","position":[933.561279,-619.95752,178.872757],"brightness":10,"radius":0.5,"rotationMatrix":[0.940909803,-0.338657349,-1.13686838e-13,-0.338657349,-0.940910339,-9.86655596e-06,3.34138031e-06,9.28353893e-06,-1.00000048],"shadowDarkenColor":[0,0,0,0]}
{"name":"SpotLight_143","class":"SpotLight","__parent":"night_light","position":[933.620239,-619.974609,178.977402],"brightness":2,"innerAngle":30,"outerAngle":170,"range":50,"rotationMatrix":[0.98967284,-0.143344492,-1.71363354e-07,-1.56462193e-07,-1.1920929e-07,-1.00000024,0.143344492,0.989673138,-1.1920929e-07],"shadowDarkenColor":[0,0,0,0]}
{"name":"PointLight_78","class":"PointLight","__parent":"night_light","position":[943.494507,-617.986816,178.872757],"brightness":10,"radius":0.5,"rotationMatrix":[0.940909803,-0.338657349,-1.13686838e-13,-0.338657349,-0.940910339,-9.86655596e-06,3.34138031e-06,9.28353893e-06,-1.00000048],"shadowDarkenColor":[0,0,0,0]}
{"name":"SpotLight_144","class":"SpotLight","__parent":"night_light","position":[943.553467,-618.003906,178.977402],"brightness":2,"innerAngle":30,"outerAngle":170,"range":50,"rotationMatrix":[0.98967284,-0.143344492,-1.71363354e-07,-1.56462193e-07,-1.1920929e-07,-1.00000024,0.143344492,0.989673138,-1.1920929e-07],"shadowDarkenColor":[0,0,0,0]}
{"name":"SpotLight_145","class":"SpotLight","__parent":"night_light","position":[967.607849,-715.04187,179.253693],"brightness":2,"innerAngle":30,"outerAngle":170,"range":50,"rotationMatrix":[0.999393642,0.0348188579,-1.50874257e-07,-1.39698386e-07,-2.38418579e-07,-0.999999881,-0.0348188579,0.999393463,-2.38418579e-07],"shadowDarkenColor":[0,0,0,0]}
{"name":"SpotLight_146","class":"SpotLight","__parent":"night_light","position":[977.032776,-711.337219,179.253693],"brightness":2,"innerAngle":30,"outerAngle":170,"range":50,"rotationMatrix":[0.999393642,0.0348188579,-1.50874257e-07,-1.39698386e-07,-2.38418579e-07,-0.999999881,-0.0348188579,0.999393463,-2.38418579e-07],"shadowDarkenColor":[0,0,0,0]}
{"name":"PointLight_79","class":"PointLight","__parent":"night_light","position":[976.97168,-711.330933,179.149048],"brightness":10,"radius":0.5,"rotationMatrix":[0.986117184,-0.166050822,-1.70530257e-13,-0.166050822,-0.986117005,-9.86655141e-06,1.63834898e-06,9.72957605e-06,-0.999999762],"shadowDarkenColor":[0,0,0,0]}
{"name":"PointLight_80","class":"PointLight","__parent":"night_light","position":[967.546814,-715.035522,179.149048],"brightness":10,"radius":0.5,"rotationMatrix":[0.986117184,-0.166050822,-1.70530257e-13,-0.166050822,-0.986117005,-9.86655141e-06,1.63834898e-06,9.72957605e-06,-0.999999762],"shadowDarkenColor":[0,0,0,0]}
{"name":"SpotLight_147","class":"SpotLight","__parent":"night_light","position":[967.536499,-356.718658,169.42482],"brightness":2,"innerAngle":30,"outerAngle":170,"range":50,"rotationMatrix":[0.929935575,-0.367722452,-1.49011612e-08,-2.83122063e-07,-7.15255737e-07,-1.00000012,0.367722452,0.929935694,-8.34465027e-07],"shadowDarkenColor":[0,0,0,0]}
{"name":"SpotLight_148","class":"SpotLight","__parent":"night_light","position":[977.656494,-357.091888,169.42482],"brightness":2,"innerAngle":30,"outerAngle":170,"range":50,"rotationMatrix":[0.929935575,-0.367722452,-1.49011612e-08,-2.83122063e-07,-7.15255737e-07,-1.00000012,0.367722452,0.929935694,-8.34465027e-07],"shadowDarkenColor":[0,0,0,0]}
{"name":"PointLight_81","class":"PointLight","__parent":"night_light","position":[977.603027,-357.061707,169.320175],"brightness":10,"radius":0.5,"rotationMatrix":[0.837443352,-0.546524107,0,-0.546524107,-0.837443471,-9.86655323e-06,5.39230905e-06,8.26267933e-06,-1],"shadowDarkenColor":[0,0,0,0]}
{"name":"PointLight_82","class":"PointLight","__parent":"night_light","position":[967.483032,-356.688416,169.320175],"brightness":10,"radius":0.5,"rotationMatrix":[0.837443352,-0.546524107,0,-0.546524107,-0.837443471,-9.86655323e-06,5.39230905e-06,8.26267933e-06,-1],"shadowDarkenColor":[0,0,0,0]}
{"name":"SpotLight_149","class":"SpotLight","__parent":"night_light","position":[967.705566,-307.289978,167.15654],"brightness":2,"innerAngle":30,"outerAngle":170,"range":50,"rotationMatrix":[0.986855507,-0.16160506,2.23517418e-08,-1.41561031e-07,-1.07288361e-06,-1,0.16160506,0.986855567,-1.07288361e-06],"shadowDarkenColor":[0,0,0,0]}
{"name":"SpotLight_150","class":"SpotLight","__parent":"night_light","position":[977.673584,-305.503113,167.15654],"brightness":2,"innerAngle":30,"outerAngle":170,"range":50,"rotationMatrix":[0.986855507,-0.16160506,2.23517418e-08,-1.41561031e-07,-1.07288361e-06,-1,0.16160506,0.986855567,-1.07288361e-06],"shadowDarkenColor":[0,0,0,0]}
{"name":"PointLight_83","class":"PointLight","__parent":"night_light","position":[977.614929,-305.484985,167.051895],"brightness":10,"radius":0.5,"rotationMatrix":[0.93449229,-0.355983406,2.27373675e-13,-0.355983406,-0.934492469,-9.86655414e-06,3.51232939e-06,9.22021809e-06,-1.00000024],"shadowDarkenColor":[0,0,0,0]}
{"name":"PointLight_84","class":"PointLight","__parent":"night_light","position":[967.646912,-307.27179,167.051895],"brightness":10,"radius":0.5,"rotationMatrix":[0.93449229,-0.355983406,2.27373675e-13,-0.355983406,-0.934492469,-9.86655414e-06,3.51232939e-06,9.22021809e-06,-1.00000024],"shadowDarkenColor":[0,0,0,0]}
{"name":"SpotLight_151","class":"SpotLight","__parent":"night_light","position":[952.392517,-260.977783,166.036407],"brightness":2,"innerAngle":30,"outerAngle":170,"range":50,"rotationMatrix":[0.997794271,0.0663821995,3.35276127e-08,1.08033419e-07,-1.07288361e-06,-1,-0.0663821995,0.997794271,-1.07288361e-06],"shadowDarkenColor":[0,0,0,0]}
{"name":"SpotLight_152","class":"SpotLight","__parent":"night_light","position":[961.695679,-256.977112,166.036407],"brightness":2,"innerAngle":30,"outerAngle":170,"range":50,"rotationMatrix":[0.997794271,0.0663821995,3.35276127e-08,1.08033419e-07,-1.07288361e-06,-1,-0.0663821995,0.997794271,-1.07288361e-06],"shadowDarkenColor":[0,0,0,0]}
{"name":"PointLight_85","class":"PointLight","__parent":"night_light","position":[961.63446,-256.972778,165.931763],"brightness":10,"radius":0.5,"rotationMatrix":[0.990871906,-0.134806588,3.41060513e-13,-0.134806588,-0.990872383,-9.86655414e-06,1.33007666e-06,9.77649233e-06,-1.00000048],"shadowDarkenColor":[0,0,0,0]}
{"name":"PointLight_86","class":"PointLight","__parent":"night_light","position":[952.331299,-260.973358,165.931763],"brightness":10,"radius":0.5,"rotationMatrix":[0.990871906,-0.134806588,3.41060513e-13,-0.134806588,-0.990872383,-9.86655414e-06,1.33007666e-06,9.77649233e-06,-1.00000048],"shadowDarkenColor":[0,0,0,0]}
{"name":"SpotLight_153","class":"SpotLight","__parent":"night_light","position":[936.536621,-158.926422,161.637741],"brightness":2,"innerAngle":30,"outerAngle":170,"range":50,"rotationMatrix":[0.89289701,-0.450260997,4.47034836e-08,-4.61935997e-07,-1.07288361e-06,-1,0.450260997,0.89289701,-1.1920929e-06],"shadowDarkenColor":[0,0,0,0]}
{"name":"SpotLight_154","class":"SpotLight","__parent":"night_light","position":[946.581482,-160.212708,161.637741],"brightness":2,"innerAngle":30,"outerAngle":170,"range":50,"rotationMatrix":[0.89289701,-0.450260997,4.47034836e-08,-4.61935997e-07,-1.07288361e-06,-1,0.450260997,0.89289701,-1.1920929e-06],"shadowDarkenColor":[0,0,0,0]}
{"name":"PointLight_87","class":"PointLight","__parent":"night_light","position":[946.531006,-160.177841,161.533096],"brightness":10,"radius":0.5,"rotationMatrix":[0.784623981,-0.619971991,2.27373675e-13,-0.619971991,-0.7846241,-9.86655414e-06,6.1169867e-06,7.74153432e-06,-1.00000024],"shadowDarkenColor":[0,0,0,0]}
{"name":"PointLight_88","class":"PointLight","__parent":"night_light","position":[936.486145,-158.891449,161.533096],"brightness":10,"radius":0.5,"rotationMatrix":[0.784623981,-0.619971991,2.27373675e-13,-0.619971991,-0.7846241,-9.86655414e-06,6.1169867e-06,7.74153432e-06,-1.00000024],"shadowDarkenColor":[0,0,0,0]}
{"name":"PointLight_89","class":"PointLight","__parent":"night_light","position":[993.140747,-758.378113,179.288681],"brightness":10,"radius":0.5,"rotationMatrix":[0.972716689,-0.231996238,0,-0.231996238,-0.972717285,-9.86655505e-06,2.28900285e-06,9.5973628e-06,-1.00000048],"shadowDarkenColor":[0,0,0,0]}
{"name":"SpotLight_155","class":"SpotLight","__parent":"night_light","position":[993.201294,-758.388489,179.393326],"brightness":2,"innerAngle":30,"outerAngle":170,"range":50,"rotationMatrix":[0.999472558,-0.0324742049,-1.47148967e-07,-1.54599547e-07,-3.57627869e-07,-1.00000024,0.0324742049,0.999472797,-3.57627869e-07],"shadowDarkenColor":[0,0,0,0]}
{"name":"PointLight_90","class":"PointLight","__parent":"night_light","position":[983.488098,-761.440491,179.288681],"brightness":10,"radius":0.5,"rotationMatrix":[0.972716689,-0.231996238,0,-0.231996238,-0.972717285,-9.86655505e-06,2.28900285e-06,9.5973628e-06,-1.00000048],"shadowDarkenColor":[0,0,0,0]}
{"name":"SpotLight_156","class":"SpotLight","__parent":"night_light","position":[983.548584,-761.450928,179.393326],"brightness":2,"innerAngle":30,"outerAngle":170,"range":50,"rotationMatrix":[0.999472558,-0.0324742049,-1.47148967e-07,-1.54599547e-07,-3.57627869e-07,-1.00000024,0.0324742049,0.999472797,-3.57627869e-07],"shadowDarkenColor":[0,0,0,0]}
{"name":"PointLight_91","class":"PointLight","__parent":"night_light","position":[998.783264,-779.176514,179.069901],"brightness":10,"radius":0.5,"rotationMatrix":[0.94853729,-0.316665441,0,-0.316665441,-0.948537469,-9.86655232e-06,3.12439579e-06,9.35879234e-06,-1.00000024],"shadowDarkenColor":[0,0,0,0]}
{"name":"SpotLight_157","class":"SpotLight","__parent":"night_light","position":[998.842712,-779.1922,179.174545],"brightness":2,"innerAngle":30,"outerAngle":170,"range":50,"rotationMatrix":[0.992741168,-0.120270669,-1.45286322e-07,-2.27242708e-07,-8.34465027e-07,-1.00000012,0.120270669,0.992741287,-8.34465027e-07],"shadowDarkenColor":[0,0,0,0]}
{"name":"PointLight_92","class":"PointLight","__parent":"night_light","position":[988.898682,-781.377869,179.069901],"brightness":10,"radius":0.5,"rotationMatrix":[0.94853729,-0.316665441,0,-0.316665441,-0.948537469,-9.86655232e-06,3.12439579e-06,9.35879234e-06,-1.00000024],"shadowDarkenColor":[0,0,0,0]}
{"name":"SpotLight_158","class":"SpotLight","__parent":"night_light","position":[988.957947,-781.393555,179.174545],"brightness":2,"innerAngle":30,"outerAngle":170,"range":50,"rotationMatrix":[0.992741168,-0.120270669,-1.45286322e-07,-2.27242708e-07,-8.34465027e-07,-1.00000012,0.120270669,0.992741287,-8.34465027e-07],"shadowDarkenColor":[0,0,0,0]}
{"name":"PointLight_93","class":"PointLight","__parent":"night_light","position":[1005.70923,-853.711731,179.511505],"brightness":10,"radius":0.5,"rotationMatrix":[0.819434881,-0.573172331,2.27373675e-13,-0.573172331,-0.819435358,-9.86655232e-06,5.65523442e-06,8.08499772e-06,-1.00000048],"shadowDarkenColor":[0,0,0,0]}
{"name":"SpotLight_159","class":"SpotLight","__parent":"night_light","position":[1005.76178,-853.743652,179.61615],"brightness":2,"innerAngle":30,"outerAngle":170,"range":50,"rotationMatrix":[0.917629302,-0.397437423,-1.04308128e-07,-5.06639481e-07,-9.53674316e-07,-1,0.397437453,0.917629302,-1.07288361e-06],"shadowDarkenColor":[0,0,0,0]}
{"name":"PointLight_94","class":"PointLight","__parent":"night_light","position":[995.606628,-853.013245,179.511505],"brightness":10,"radius":0.5,"rotationMatrix":[0.819434881,-0.573172331,2.27373675e-13,-0.573172331,-0.819435358,-9.86655232e-06,5.65523442e-06,8.08499772e-06,-1.00000048],"shadowDarkenColor":[0,0,0,0]}
{"name":"SpotLight_160","class":"SpotLight","__parent":"night_light","position":[995.658997,-853.045105,179.61615],"brightness":2,"innerAngle":30,"outerAngle":170,"range":50,"rotationMatrix":[0.917629302,-0.397437423,-1.04308128e-07,-5.06639481e-07,-9.53674316e-07,-1,0.397437453,0.917629302,-1.07288361e-06],"shadowDarkenColor":[0,0,0,0]}
{"name":"PointLight_95","class":"PointLight","__parent":"night_light","position":[989.052795,-923.468933,179.611282],"brightness":10,"radius":0.5,"rotationMatrix":[0.667136192,-0.744935811,9.09494702e-13,-0.744935811,-0.667136431,-9.86655141e-06,7.34994728e-06,6.5823333e-06,-1.00000024],"shadowDarkenColor":[0,0,0,0]}
{"name":"SpotLight_161","class":"SpotLight","__parent":"night_light","position":[989.09668,-923.511963,179.715927],"brightness":2,"innerAngle":30,"outerAngle":170,"range":50,"rotationMatrix":[0.802818239,-0.596223891,-1.49011612e-07,-7.15255737e-07,-8.34465027e-07,-1.00000012,0.59622395,0.802818358,-1.1920929e-06],"shadowDarkenColor":[0,0,0,0]}
{"name":"PointLight_96","class":"PointLight","__parent":"night_light","position":[979.375671,-920.485046,179.611282],"brightness":10,"radius":0.5,"rotationMatrix":[0.667136192,-0.744935811,9.09494702e-13,-0.744935811,-0.667136431,-9.86655141e-06,7.34994728e-06,6.5823333e-06,-1.00000024],"shadowDarkenColor":[0,0,0,0]}
{"name":"SpotLight_162","class":"SpotLight","__parent":"night_light","position":[979.419434,-920.528015,179.715927],"brightness":2,"innerAngle":30,"outerAngle":170,"range":50,"rotationMatrix":[0.802818239,-0.596223891,-1.49011612e-07,-7.15255737e-07,-8.34465027e-07,-1.00000012,0.59622395,0.802818358,-1.1920929e-06],"shadowDarkenColor":[0,0,0,0]}
{"name":"SpotLight_163","class":"SpotLight","__parent":"night_light","position":[959.106873,-112.868042,160.985779],"brightness":2,"innerAngle":30,"outerAngle":170,"range":50,"rotationMatrix":[0.763821423,-0.645427704,5.96046448e-08,-6.85453415e-07,-9.53674316e-07,-1,0.645427644,0.763821423,-1.1920929e-06],"shadowDarkenColor":[0,0,0,0]}
{"name":"PointLight_97","class":"PointLight","__parent":"night_light","position":[959.065857,-112.822403,160.881134],"brightness":10,"radius":0.5,"rotationMatrix":[0.619074702,-0.785332143,4.54747351e-13,-0.785332143,-0.61907506,-9.86655323e-06,7.74852197e-06,6.10813368e-06,-1.00000048],"shadowDarkenColor":[0,0,0,0]}
{"name":"PointLight_98","class":"PointLight","__parent":"night_light","position":[949.59491,-109.236984,160.881134],"brightness":10,"radius":0.5,"rotationMatrix":[0.619074702,-0.785332143,4.54747351e-13,-0.785332143,-0.61907506,-9.86655323e-06,7.74852197e-06,6.10813368e-06,-1.00000048],"shadowDarkenColor":[0,0,0,0]}
{"name":"SpotLight_164","class":"SpotLight","__parent":"night_light","position":[949.635864,-109.28273,160.985779],"brightness":2,"innerAngle":30,"outerAngle":170,"range":50,"rotationMatrix":[0.763821423,-0.645427704,5.96046448e-08,-6.85453415e-07,-9.53674316e-07,-1,0.645427644,0.763821423,-1.1920929e-06],"shadowDarkenColor":[0,0,0,0]}
{"name":"SpotLight_165","class":"SpotLight","__parent":"night_light","position":[985.782532,-12.7825165,161.81366],"brightness":2,"innerAngle":30,"outerAngle":170,"range":50,"rotationMatrix":[0.879863143,-0.475227118,1.34110451e-07,-4.91738319e-07,-1.07288361e-06,-0.999999881,0.475227118,0.879863024,-1.1920929e-06],"shadowDarkenColor":[0,0,0,0]}
{"name":"PointLight_99","class":"PointLight","__parent":"night_light","position":[985.733032,-12.7462502,161.709015],"brightness":10,"radius":0.5,"rotationMatrix":[0.766853988,-0.641821504,4.54747351e-13,-0.641821504,-0.766853571,-9.86654959e-06,6.33256604e-06,7.56620238e-06,-0.999999523],"shadowDarkenColor":[0,0,0,0]}
{"name":"PointLight_100","class":"PointLight","__parent":"night_light","position":[975.728394,-11.177495,161.709015],"brightness":10,"radius":0.5,"rotationMatrix":[0.766853988,-0.641821504,4.54747351e-13,-0.641821504,-0.766853571,-9.86654959e-06,6.33256604e-06,7.56620238e-06,-0.999999523],"shadowDarkenColor":[0,0,0,0]}
{"name":"SpotLight_166","class":"SpotLight","__parent":"night_light","position":[975.777832,-11.2138786,161.81366],"brightness":2,"innerAngle":30,"outerAngle":170,"range":50,"rotationMatrix":[0.879863143,-0.475227118,1.34110451e-07,-4.91738319e-07,-1.07288361e-06,-0.999999881,0.475227118,0.879863024,-1.1920929e-06],"shadowDarkenColor":[0,0,0,0]}
{"name":"SpotLight_167","class":"SpotLight","__parent":"night_light","position":[990.024048,38.4995384,162.727554],"brightness":2,"innerAngle":30,"outerAngle":170,"range":50,"rotationMatrix":[0.914870203,-0.403748155,2.5331974e-07,-4.61935997e-07,-2.02655792e-06,-1.00000024,0.403748155,0.914870501,-2.02655792e-06],"shadowDarkenColor":[0,0,0,0]}
{"name":"PointLight_101","class":"PointLight","__parent":"night_light","position":[989.971802,38.5317535,162.62291],"brightness":10,"radius":0.5,"rotationMatrix":[0.815467954,-0.578802288,4.54747351e-13,-0.578802288,-0.815468192,-9.86655323e-06,5.71078317e-06,8.04585761e-06,-1.00000024],"shadowDarkenColor":[0,0,0,0]}
{"name":"PointLight_102","class":"PointLight","__parent":"night_light","position":[979.874084,39.2998848,162.62291],"brightness":10,"radius":0.5,"rotationMatrix":[0.815467954,-0.578802288,4.54747351e-13,-0.578802288,-0.815468192,-9.86655323e-06,5.71078317e-06,8.04585761e-06,-1.00000024],"shadowDarkenColor":[0,0,0,0]}
{"name":"SpotLight_168","class":"SpotLight","__parent":"night_light","position":[979.926208,39.2675552,162.727554],"brightness":2,"innerAngle":30,"outerAngle":170,"range":50,"rotationMatrix":[0.914870203,-0.403748155,2.5331974e-07,-4.61935997e-07,-2.02655792e-06,-1.00000024,0.403748155,0.914870501,-2.02655792e-06],"shadowDarkenColor":[0,0,0,0]}
{"name":"SpotLight_169","class":"SpotLight","__parent":"night_light","position":[992.143494,88.6701431,163.617783],"brightness":2,"innerAngle":30,"outerAngle":170,"range":50,"rotationMatrix":[0.934123218,-0.35695076,3.7252903e-07,-4.91738319e-07,-2.38418579e-06,-1.00000012,0.35695076,0.934123278,-2.38418579e-06],"shadowDarkenColor":[0,0,0,0]}
{"name":"PointLight_103","class":"PointLight","__parent":"night_light","position":[992.089722,88.6996765,163.513138],"brightness":10,"radius":0.5,"rotationMatrix":[0.843703747,-0.536809087,4.54747351e-13,-0.536809087,-0.843703747,-9.86655141e-06,5.29645513e-06,8.32444675e-06,-1],"shadowDarkenColor":[0,0,0,0]}
{"name":"PointLight_105","class":"PointLight","__parent":"night_light","position":[981.966064,88.9560089,163.513138],"brightness":10,"radius":0.5,"rotationMatrix":[0.843703747,-0.536809087,4.54747351e-13,-0.536809087,-0.843703747,-9.86655141e-06,5.29645513e-06,8.32444675e-06,-1],"shadowDarkenColor":[0,0,0,0]}
{"name":"SpotLight_170","class":"SpotLight","__parent":"night_light","position":[982.019775,88.9263611,163.617783],"brightness":2,"innerAngle":30,"outerAngle":170,"range":50,"rotationMatrix":[0.934123218,-0.35695076,3.7252903e-07,-4.91738319e-07,-2.38418579e-06,-1.00000012,0.35695076,0.934123278,-2.38418579e-06],"shadowDarkenColor":[0,0,0,0]}
{"name":"PointLight_107","class":"PointLight","__parent":"night_light","position":[992.104309,139.129456,164.787888],"brightness":10,"radius":0.5,"rotationMatrix":[0.859435499,-0.511244237,4.54747351e-13,-0.511244237,-0.859436035,-9.86655323e-06,5.04421814e-06,8.47966658e-06,-1.00000048],"shadowDarkenColor":[0,0,0,0]}
{"name":"PointLight_109","class":"PointLight","__parent":"night_light","position":[981.977539,139.081833,164.787888],"brightness":10,"radius":0.5,"rotationMatrix":[0.859435499,-0.511244237,4.54747351e-13,-0.511244237,-0.859436035,-9.86655323e-06,5.04421814e-06,8.47966658e-06,-1.00000048],"shadowDarkenColor":[0,0,0,0]}
{"name":"SpotLight_171","class":"SpotLight","__parent":"night_light","position":[982.032104,139.053787,164.892532],"brightness":2,"innerAngle":30,"outerAngle":170,"range":50,"rotationMatrix":[0.944415927,-0.328752995,4.02331352e-07,-4.61935997e-07,-2.74181366e-06,-1.00000024,0.328752995,0.944416225,-2.74181366e-06],"shadowDarkenColor":[0,0,0,0]}
{"name":"SpotLight_172","class":"SpotLight","__parent":"night_light","position":[992.158997,139.101532,164.892532],"brightness":2,"innerAngle":30,"outerAngle":170,"range":50,"rotationMatrix":[0.944415927,-0.328752995,4.02331352e-07,-4.61935997e-07,-2.74181366e-06,-1.00000024,0.328752995,0.944416225,-2.74181366e-06],"shadowDarkenColor":[0,0,0,0]}
{"name":"PointLight_110","class":"PointLight","__parent":"night_light","position":[991.821289,188.877731,166.140808],"brightness":10,"radius":0.5,"rotationMatrix":[0.859435499,-0.511244237,4.54747351e-13,-0.511244237,-0.859436035,-9.86655323e-06,5.04421814e-06,8.47966658e-06,-1.00000048],"shadowDarkenColor":[0,0,0,0]}
{"name":"PointLight_111","class":"PointLight","__parent":"night_light","position":[981.694519,188.830109,166.140808],"brightness":10,"radius":0.5,"rotationMatrix":[0.859435499,-0.511244237,4.54747351e-13,-0.511244237,-0.859436035,-9.86655323e-06,5.04421814e-06,8.47966658e-06,-1.00000048],"shadowDarkenColor":[0,0,0,0]}
{"name":"SpotLight_173","class":"SpotLight","__parent":"night_light","position":[981.749084,188.802063,166.245453],"brightness":2,"innerAngle":30,"outerAngle":170,"range":50,"rotationMatrix":[0.944415927,-0.328752995,4.02331352e-07,-4.61935997e-07,-2.74181366e-06,-1.00000024,0.328752995,0.944416225,-2.74181366e-06],"shadowDarkenColor":[0,0,0,0]}
{"name":"SpotLight_174","class":"SpotLight","__parent":"night_light","position":[991.875977,188.849808,166.245453],"brightness":2,"innerAngle":30,"outerAngle":170,"range":50,"rotationMatrix":[0.944415927,-0.328752995,4.02331352e-07,-4.61935997e-07,-2.74181366e-06,-1.00000024,0.328752995,0.944416225,-2.74181366e-06],"shadowDarkenColor":[0,0,0,0]}
{"name":"PointLight_112","class":"PointLight","__parent":"night_light","position":[989.852051,239.617416,166.473358],"brightness":10,"radius":0.5,"rotationMatrix":[0.904975414,-0.425463915,1.13686838e-12,-0.425463915,-0.904975653,-9.86655141e-06,4.19786193e-06,8.92898606e-06,-1.00000024],"shadowDarkenColor":[0,0,0,0]}
{"name":"PointLight_113","class":"PointLight","__parent":"night_light","position":[979.777649,238.587677,166.473358],"brightness":10,"radius":0.5,"rotationMatrix":[0.904975414,-0.425463915,1.13686838e-12,-0.425463915,-0.904975653,-9.86655141e-06,4.19786193e-06,8.92898606e-06,-1.00000024],"shadowDarkenColor":[0,0,0,0]}
{"name":"SpotLight_175","class":"SpotLight","__parent":"night_light","position":[979.834656,238.565063,166.578003],"brightness":2,"innerAngle":30,"outerAngle":170,"range":50,"rotationMatrix":[0.971852541,-0.235589951,4.69386578e-07,-2.4586916e-07,-3.21865082e-06,-1.00000012,0.235589951,0.97185272,-3.09944153e-06],"shadowDarkenColor":[0,0,0,0]}
{"name":"SpotLight_176","class":"SpotLight","__parent":"night_light","position":[989.90918,239.59494,166.578003],"brightness":2,"innerAngle":30,"outerAngle":170,"range":50,"rotationMatrix":[0.971852541,-0.235589951,4.69386578e-07,-2.4586916e-07,-3.21865082e-06,-1.00000012,0.235589951,0.97185272,-3.09944153e-06],"shadowDarkenColor":[0,0,0,0]}
{"name":"PointLight_114","class":"PointLight","__parent":"night_light","position":[984.337158,289.853546,166.138306],"brightness":10,"radius":0.5,"rotationMatrix":[0.935040951,-0.354539841,9.09494702e-13,-0.354539841,-0.935041189,-9.86655141e-06,3.49808579e-06,9.22562867e-06,-1.00000024],"shadowDarkenColor":[0,0,0,0]}
{"name":"PointLight_115","class":"PointLight","__parent":"night_light","position":[974.371887,288.051331,166.138306],"brightness":10,"radius":0.5,"rotationMatrix":[0.935040951,-0.354539841,9.09494702e-13,-0.354539841,-0.935041189,-9.86655141e-06,3.49808579e-06,9.22562867e-06,-1.00000024],"shadowDarkenColor":[0,0,0,0]}
{"name":"SpotLight_177","class":"SpotLight","__parent":"night_light","position":[974.430481,288.033173,166.24295],"brightness":2,"innerAngle":30,"outerAngle":170,"range":50,"rotationMatrix":[0.98710382,-0.160081312,5.06639481e-07,-1.49011612e-08,-3.4570694e-06,-1.00000012,0.160081312,0.987103999,-3.4570694e-06],"shadowDarkenColor":[0,0,0,0]}
{"name":"SpotLight_178","class":"SpotLight","__parent":"night_light","position":[984.395874,289.83551,166.24295],"brightness":2,"innerAngle":30,"outerAngle":170,"range":50,"rotationMatrix":[0.98710382,-0.160081312,5.06639481e-07,-1.49011612e-08,-3.4570694e-06,-1.00000012,0.160081312,0.987103999,-3.4570694e-06],"shadowDarkenColor":[0,0,0,0]}
{"name":"PointLight_117","class":"PointLight","__parent":"night_light","position":[973.392456,339.310394,164.878052],"brightness":10,"radius":0.5,"rotationMatrix":[0.976261735,-0.216594055,1.13686838e-12,-0.216594055,-0.976262331,-9.86655232e-06,2.13703697e-06,9.63233742e-06,-1.00000048],"shadowDarkenColor":[0,0,0,0]}
{"name":"PointLight_118","class":"PointLight","__parent":"night_light","position":[963.789246,336.095856,164.878052],"brightness":10,"radius":0.5,"rotationMatrix":[0.976261735,-0.216594055,1.13686838e-12,-0.216594055,-0.976262331,-9.86655232e-06,2.13703697e-06,9.63233742e-06,-1.00000048],"shadowDarkenColor":[0,0,0,0]}
{"name":"SpotLight_179","class":"SpotLight","__parent":"night_light","position":[963.849854,336.086304,164.982697],"brightness":2,"innerAngle":30,"outerAngle":170,"range":50,"rotationMatrix":[0.999860942,-0.0166747272,5.44823706e-07,4.82425094e-07,-3.93390656e-06,-1.00000024,0.0166747272,0.999861181,-3.93390656e-06],"shadowDarkenColor":[0,0,0,0]}
{"name":"SpotLight_180","class":"SpotLight","__parent":"night_light","position":[973.453186,339.300995,164.982697],"brightness":2,"innerAngle":30,"outerAngle":170,"range":50,"rotationMatrix":[0.999860942,-0.0166747272,5.44823706e-07,4.82425094e-07,-3.93390656e-06,-1.00000024,0.0166747272,0.999861181,-3.93390656e-06],"shadowDarkenColor":[0,0,0,0]}
{"name":"PointLight_119","class":"PointLight","__parent":"night_light","position":[959.340759,387.782135,162.686829],"brightness":10,"radius":0.5,"rotationMatrix":[0.976261735,-0.216594055,1.13686838e-12,-0.216594055,-0.976262331,-9.86655232e-06,2.13703697e-06,9.63233742e-06,-1.00000048],"shadowDarkenColor":[0,0,0,0]}
{"name":"PointLight_121","class":"PointLight","__parent":"night_light","position":[949.737549,384.567596,162.686829],"brightness":10,"radius":0.5,"rotationMatrix":[0.976261735,-0.216594055,1.13686838e-12,-0.216594055,-0.976262331,-9.86655232e-06,2.13703697e-06,9.63233742e-06,-1.00000048],"shadowDarkenColor":[0,0,0,0]}
{"name":"SpotLight_181","class":"SpotLight","__parent":"night_light","position":[949.798157,384.558044,162.791473],"brightness":2,"innerAngle":30,"outerAngle":170,"range":50,"rotationMatrix":[0.999860942,-0.0166747272,5.44823706e-07,4.82425094e-07,-3.93390656e-06,-1.00000024,0.0166747272,0.999861181,-3.93390656e-06],"shadowDarkenColor":[0,0,0,0]}
{"name":"SpotLight_182","class":"SpotLight","__parent":"night_light","position":[959.401489,387.772736,162.791473],"brightness":2,"innerAngle":30,"outerAngle":170,"range":50,"rotationMatrix":[0.999860942,-0.0166747272,5.44823706e-07,4.82425094e-07,-3.93390656e-06,-1.00000024,0.0166747272,0.999861181,-3.93390656e-06],"shadowDarkenColor":[0,0,0,0]}
{"name":"PointLight_122","class":"PointLight","__parent":"night_light","position":[943.738098,435.227264,159.997681],"brightness":10,"radius":0.5,"rotationMatrix":[0.962335825,-0.27186349,1.02318154e-12,-0.27186349,-0.962336302,-9.86655232e-06,2.6823559e-06,9.49493642e-06,-1.00000048],"shadowDarkenColor":[0,0,0,0]}
{"name":"PointLight_123","class":"PointLight","__parent":"night_light","position":[933.967346,432.565063,159.997681],"brightness":10,"radius":0.5,"rotationMatrix":[0.962335825,-0.27186349,1.02318154e-12,-0.27186349,-0.962336302,-9.86655232e-06,2.6823559e-06,9.49493642e-06,-1.00000048],"shadowDarkenColor":[0,0,0,0]}
{"name":"SpotLight_183","class":"SpotLight","__parent":"night_light","position":[934.027283,432.552094,160.102325],"brightness":2,"innerAngle":30,"outerAngle":170,"range":50,"rotationMatrix":[0.997286856,-0.0736134574,5.47617674e-07,2.4586916e-07,-4.29153442e-06,-1.00000012,0.0736134648,0.997286975,-4.29153442e-06],"shadowDarkenColor":[0,0,0,0]}
{"name":"SpotLight_184","class":"SpotLight","__parent":"night_light","position":[943.798218,435.214417,160.102325],"brightness":2,"innerAngle":30,"outerAngle":170,"range":50,"rotationMatrix":[0.997286856,-0.0736134574,5.47617674e-07,2.4586916e-07,-4.29153442e-06,-1.00000012,0.0736134648,0.997286975,-4.29153442e-06],"shadowDarkenColor":[0,0,0,0]}
{"name":"PointLight_124","class":"PointLight","__parent":"night_light","position":[933.06427,483.515717,158.019165],"brightness":10,"radius":0.5,"rotationMatrix":[0.925668597,-0.378335357,1.13686838e-12,-0.378335357,-0.925668716,-9.8665505e-06,3.73286593e-06,9.1331558e-06,-1],"shadowDarkenColor":[0,0,0,0]}
{"name":"PointLight_125","class":"PointLight","__parent":"night_light","position":[923.056152,481.968933,158.019165],"brightness":10,"radius":0.5,"rotationMatrix":[0.925668597,-0.378335357,1.13686838e-12,-0.378335357,-0.925668716,-9.8665505e-06,3.73286593e-06,9.1331558e-06,-1],"shadowDarkenColor":[0,0,0,0]}
{"name":"SpotLight_185","class":"SpotLight","__parent":"night_light","position":[923.114258,481.94931,158.12381],"brightness":2,"innerAngle":30,"outerAngle":170,"range":50,"rotationMatrix":[0.982687294,-0.185271949,5.58793545e-07,-2.90572643e-07,-4.64916229e-06,-1.00000012,0.185271949,0.982687414,-4.64916229e-06],"shadowDarkenColor":[0,0,0,0]}
{"name":"SpotLight_186","class":"SpotLight","__parent":"night_light","position":[933.122559,483.496216,158.12381],"brightness":2,"innerAngle":30,"outerAngle":170,"range":50,"rotationMatrix":[0.982687294,-0.185271949,5.58793545e-07,-2.90572643e-07,-4.64916229e-06,-1.00000012,0.185271949,0.982687414,-4.64916229e-06],"shadowDarkenColor":[0,0,0,0]}
{"name":"PointLight_126","class":"PointLight","__parent":"night_light","position":[934.438416,531.834656,156.932907],"brightness":10,"radius":0.5,"rotationMatrix":[0.711048901,-0.703142524,1.59161573e-12,-0.703142524,-0.711048722,-9.86654868e-06,6.93759102e-06,7.01559748e-06,-0.999999762],"shadowDarkenColor":[0,0,0,0]}
{"name":"PointLight_127","class":"PointLight","__parent":"night_light","position":[924.598083,534.226807,156.932907],"brightness":10,"radius":0.5,"rotationMatrix":[0.711048901,-0.703142524,1.59161573e-12,-0.703142524,-0.711048722,-9.86654868e-06,6.93759102e-06,7.01559748e-06,-0.999999762],"shadowDarkenColor":[0,0,0,0]}
{"name":"SpotLight_187","class":"SpotLight","__parent":"night_light","position":[924.644287,534.186462,157.037552],"brightness":2,"innerAngle":30,"outerAngle":170,"range":50,"rotationMatrix":[0.837470233,-0.546482921,5.96046448e-07,-2.17556953e-06,-4.41074371e-06,-0.999999881,0.546482921,0.837470174,-4.88758087e-06],"shadowDarkenColor":[0,0,0,0]}
{"name":"SpotLight_188","class":"SpotLight","__parent":"night_light","position":[934.484863,531.794373,157.037552],"brightness":2,"innerAngle":30,"outerAngle":170,"range":50,"rotationMatrix":[0.837470233,-0.546482921,5.96046448e-07,-2.17556953e-06,-4.41074371e-06,-0.999999881,0.546482921,0.837470174,-4.88758087e-06],"shadowDarkenColor":[0,0,0,0]}
{"name":"PointLight_129","class":"PointLight","__parent":"night_light","position":[947.626221,578.693848,156.725525],"brightness":10,"radius":0.5,"rotationMatrix":[0.510497034,-0.859879732,9.09494702e-13,-0.859879732,-0.510497808,-9.86655323e-06,8.4840467e-06,5.0368476e-06,-1.00000072],"shadowDarkenColor":[0,0,0,0]}
{"name":"PointLight_130","class":"PointLight","__parent":"night_light","position":[938.708618,583.492859,156.725525],"brightness":10,"radius":0.5,"rotationMatrix":[0.510497034,-0.859879732,9.09494702e-13,-0.859879732,-0.510497808,-9.86655323e-06,8.4840467e-06,5.0368476e-06,-1.00000072],"shadowDarkenColor":[0,0,0,0]}
{"name":"SpotLight_189","class":"SpotLight","__parent":"night_light","position":[938.743103,583.442139,156.83017],"brightness":2,"innerAngle":30,"outerAngle":170,"range":50,"rotationMatrix":[0.672374189,-0.740211546,5.96046448e-07,-3.15904617e-06,-3.93390656e-06,-1.00000024,0.740211546,0.672374487,-5.00679016e-06],"shadowDarkenColor":[0,0,0,0]}
{"name":"SpotLight_190","class":"SpotLight","__parent":"night_light","position":[947.661011,578.643127,156.83017],"brightness":2,"innerAngle":30,"outerAngle":170,"range":50,"rotationMatrix":[0.672374189,-0.740211546,5.96046448e-07,-3.15904617e-06,-3.93390656e-06,-1.00000024,0.740211546,0.672374487,-5.00679016e-06],"shadowDarkenColor":[0,0,0,0]}
{"name":"PointLight_131","class":"PointLight","__parent":"night_light","position":[942.795959,890.571045,143.862793],"brightness":10,"radius":0.5,"rotationMatrix":[0.999186993,-0.0403152481,1.13686838e-12,-0.0403152481,-0.999187589,-9.86655232e-06,3.97773533e-07,9.85853058e-06,-1.00000048],"shadowDarkenColor":[0,0,0,0]}
{"name":"PointLight_134","class":"PointLight","__parent":"night_light","position":[933.913696,885.707031,143.862793],"brightness":10,"radius":0.5,"rotationMatrix":[0.999186993,-0.0403152481,1.13686838e-12,-0.0403152481,-0.999187589,-9.86655232e-06,3.97773533e-07,9.85853058e-06,-1.00000048],"shadowDarkenColor":[0,0,0,0]}
{"name":"SpotLight_191","class":"SpotLight","__parent":"night_light","position":[933.974976,885.708313,143.967438],"brightness":2,"innerAngle":30,"outerAngle":170,"range":50,"rotationMatrix":[0.987015724,0.16062361,8.41915607e-07,1.69873238e-06,-5.36441803e-06,-1.00000012,-0.16062361,0.987015903,-5.60283661e-06],"shadowDarkenColor":[0,0,0,0]}
{"name":"SpotLight_192","class":"SpotLight","__parent":"night_light","position":[942.857483,890.572571,143.967438],"brightness":2,"innerAngle":30,"outerAngle":170,"range":50,"rotationMatrix":[0.987015724,0.16062361,8.41915607e-07,1.69873238e-06,-5.36441803e-06,-1.00000012,-0.16062361,0.987015903,-5.60283661e-06],"shadowDarkenColor":[0,0,0,0]}
{"name":"PointLight_136","class":"PointLight","__parent":"night_light","position":[919.374084,931.626526,141.311005],"brightness":10,"radius":0.5,"rotationMatrix":[0.998009503,0.0630638003,1.16529009e-12,0.0630638003,-0.998009682,-9.86654959e-06,-6.22220909e-07,9.84690996e-06,-1.00000024],"shadowDarkenColor":[0,0,0,0]}
{"name":"PointLight_138","class":"PointLight","__parent":"night_light","position":[911.041443,925.871399,141.311005],"brightness":10,"radius":0.5,"rotationMatrix":[0.998009503,0.0630638003,1.16529009e-12,0.0630638003,-0.998009682,-9.86654959e-06,-6.22220909e-07,9.84690996e-06,-1.00000024],"shadowDarkenColor":[0,0,0,0]}
{"name":"SpotLight_193","class":"SpotLight","__parent":"night_light","position":[911.102295,925.879028,141.415649],"brightness":2,"innerAngle":30,"outerAngle":170,"range":50,"rotationMatrix":[0.965156853,0.261672139,8.04662704e-07,2.2649765e-06,-5.36441803e-06,-1.00000012,-0.261672139,0.965156972,-5.84125519e-06],"shadowDarkenColor":[0,0,0,0]}
{"name":"SpotLight_194","class":"SpotLight","__parent":"night_light","position":[919.43512,931.634399,141.415649],"brightness":2,"innerAngle":30,"outerAngle":170,"range":50,"rotationMatrix":[0.965156853,0.261672139,8.04662704e-07,2.2649765e-06,-5.36441803e-06,-1.00000012,-0.261672139,0.965156972,-5.84125519e-06],"shadowDarkenColor":[0,0,0,0]}
{"name":"SpotLight_195","class":"SpotLight","__parent":"night_light","position":[990.606079,-806.62561,177.138657],"brightness":2,"innerAngle":20,"outerAngle":130,"range":30,"rotationMatrix":[0.98967284,-0.143344492,-1.71363354e-07,-1.56462193e-07,-1.1920929e-07,-1.00000024,0.143344492,0.989673138,-1.1920929e-07],"shadowDarkenColor":[0,0,0,0]}
{"name":"PointLight_140","class":"PointLight","__parent":"night_light","position":[990.547119,-806.608521,177.034012],"brightness":10,"radius":0.5,"rotationMatrix":[0.940909803,-0.338657349,-1.13686838e-13,-0.338657349,-0.940910339,-9.86655596e-06,3.34138031e-06,9.28353893e-06,-1.00000048],"shadowDarkenColor":[0,0,0,0]}
