{"name":"mudDrag2","class":"DecalRoad","persistentId":"92a60e8d-9f56-4779-92f0-070d49e23357","__parent":"Mud Drag 2","position":[530.282715,-484.639771,151.668381],"improvedSpline":true,"material":"road_invisible","nodes":[[530.282715,-484.639771,151.668381,6],[567.22052,-471.242523,150.616409,6],[616.622986,-453.002563,151.343735,6],[678.96521,-430.84845,153.302505,6]]}
{"name":"fre_start_mudDrag2","class":"BeamNGTrigger","__parent":"Mud Drag 2","position":[532.617737,-483.885162,153.733292],"luaFunction":"onBeamNGTrigger","rotationMatrix":[0.301000595,-0.95362401,-3.16649675e-08,0.952558279,0.300664186,-0.0472647101,0.0450727716,0.0142266769,0.998882413],"scale":[9.07233238,1,4.90749168]}
{"name":"fre_staging_mudDrag2","class":"BeamNGTrigger","__parent":"Mud Drag 2","position":[531.830322,-484.105042,153.733292],"luaFunction":"onBeamNGTrigger","rotationMatrix":[0.301000595,-0.95362401,-3.16649675e-08,0.952558279,0.300664186,-0.0472647101,0.0450727716,0.0142266769,0.998882413],"scale":[9.07233238,1,4.90749168]}
{"class":"TSStatic","__parent":"Mud Drag 2","position":[534.359985,-491.100006,154.179077],"isRenderEnabled":false,"rotationMatrix":[-0.368256211,0.929724634,0,-0.929724634,-0.368256211,0,0,0,1],"shapeName":"/levels/west_coast_usa/art/shapes/objects/featherflag_beamng.dae","useInstanceRenderData":true}
{"class":"DecalRoad","persistentId":"a4a5fc3a-589e-4655-b9f8-0a0fa9faac9d","__parent":"Mud Drag 2","position":[532.42804,-487.095154,152.372787],"improvedSpline":true,"material":"checkered_line","nodes":[[532.42804,-487.095154,152.372787,0.5],[530.294373,-480.06781,152.319016,0.5]]}
{"name":"fre_start_mudDrag2asset0","class":"DecalRoad","persistentId":"b3fb9006-29c4-477f-90db-388991dcb14c","__parent":"Mud Drag 2","position":[678.854187,-434.946259,154.477783],"improvedSpline":true,"material":"checkered_line","nodes":[[678.854187,-434.946259,154.477783,0.5],[676.971863,-429.197266,153.432083,0.5]],"startEndFade":[1,1]}
{"name":"fre_finish_mudDrag2","class":"BeamNGTrigger","__parent":"Mud Drag 2","position":[678.556824,-431.617767,155.661255],"luaFunction":"onBeamNGTrigger","rotationMatrix":[-0.299037337,0.954232633,0.00410063751,-0.952910006,-0.298844337,0.0515237823,0.0503911227,0.0114999935,0.998663366],"scale":[8.94305515,1.70973086,5.43977737]}
{"class":"TSStatic","__parent":"Mud Drag 2","position":[529.572449,-477.034515,153.975555],"isRenderEnabled":false,"rotationMatrix":[0.283463776,-0.958983183,0,0.958983183,0.283463776,0,0,0,1],"shapeName":"/levels/west_coast_usa/art/shapes/objects/featherflag_beamng.dae","useInstanceRenderData":true}
