//--- OBJECT WRITE BEGIN ---
$ThisPrefab = new SimGroup() {
   canSave = "1";
   canSaveDynamicFields = "1";
      groupPosition = "0.000000 0.000000 0.000000";

   new SFXEmitter(Power_Plant_2) {
      track = "event:>Ambient>Maps>West Coast>3D>Power Plant_2";
      playOnAdd = "1";
      useTrackDescriptionOnly = "1";
      isLooping = "0";
      isStreaming = "0";
      volume = "1";
      pitch = "1";
      fadeInTime = "0";
      fadeOutTime = "0";
      is3D = "1";
      referenceDistance = "0";
      maxDistance = "0.00999999978";
      scatterDistance = "0 0 0";
      coneInsideAngle = "360";
      coneOutsideAngle = "360";
      coneOutsideVolume = "1";
      position = "-237.219116 19.0932503 123.947449";
      scale = "0.00999999978 0.00999999978 0.00999999978";
      rotationMatrix = "-0.615081906 -0.782549322 0.0963826478 0.775998712 -0.579167902 0.249783158 -0.139646173 0.228429645 0.963493168";
      mode = "Ignore";
      canSave = "1";
      canSaveDynamicFields = "1";
         cloneOrigin = "Pump_Jack_Squeak_6";
   };
   new SFXEmitter(Power_Plant_1) {
      track = "event:>Ambient>Maps>West Coast>3D>Power Plant_1";
      playOnAdd = "1";
      useTrackDescriptionOnly = "1";
      isLooping = "0";
      isStreaming = "0";
      volume = "1";
      pitch = "1";
      fadeInTime = "0";
      fadeOutTime = "0";
      is3D = "1";
      referenceDistance = "3";
      maxDistance = "80";
      scatterDistance = "0 0 0";
      coneInsideAngle = "360";
      coneOutsideAngle = "360";
      coneOutsideVolume = "1";
      position = "-235.873093 20.4188862 124.709778";
      scale = "80 80 80";
      rotationMatrix = "-0.639762044 -0.762504756 0.0963826329 0.757104576 -0.603657126 0.249783128 -0.132279024 0.232773244 0.963493168";
      mode = "Ignore";
      canSave = "1";
      canSaveDynamicFields = "1";
         cloneOrigin = "Pump_Jack_Squeak_6";
   };
   new SFXSpace(Level_Building_7) {
      soundAmbience = "Level_Building_Open";
      position = "152.90596 15.147377 116.006073";
      scale = "11.7221842 24.4187145 31.6546192";
      rotationMatrix = "0.824684441 0.565594077 -6.77118805e-10 -0.565593541 0.824684322 -0.000690531975 -0.00039055993 0.00056947174 0.999999762";
      mode = "Ignore";
      canSave = "1";
      canSaveDynamicFields = "1";
         cloneOrigin = "Freesound_T019_or_City_Freeway_12";
   };
   new SFXSpace(Level_Building_6) {
      soundAmbience = "Level_Building_Open";
      position = "180.225372 -8.42512226 116.01445";
      scale = "24.1903839 11.8480577 31.6546192";
      rotationMatrix = "0.824684441 0.565594077 -6.77118805e-10 -0.565593541 0.824684322 -0.000690531975 -0.00039055993 0.00056947174 0.999999762";
      mode = "Ignore";
      canSave = "1";
      canSaveDynamicFields = "1";
         cloneOrigin = "Freesound_T019_or_City_Freeway_12";
   };
   new SFXSpace(Level_Building_5) {
      soundAmbience = "Level_Building_Open";
      position = "81.2548828 93.9347992 106.61377";
      scale = "11.6421976 11.8480577 31.6546192";
      rotationMatrix = "0.80874145 0.588165224 -7.1577233e-10 -0.588164687 0.808741331 -0.000690531801 -0.000406145875 0.000558462576 0.999999762";
      mode = "Ignore";
      canSave = "1";
      canSaveDynamicFields = "1";
         cloneOrigin = "Freesound_T019_or_City_Freeway_12";
   };
   new SFXSpace(Level_Building_4) {
      soundAmbience = "Level_Building_Open";
      position = "72.4336853 105.945648 94.7887268";
      scale = "11.6421976 11.8480577 55.2835541";
      rotationMatrix = "0.80874145 0.588165224 -7.1577233e-10 -0.588164687 0.808741331 -0.000690531801 -0.000406145875 0.000558462576 0.999999762";
      mode = "Ignore";
      canSave = "1";
      canSaveDynamicFields = "1";
         cloneOrigin = "Freesound_T019_or_City_Freeway_12";
   };
   new SFXSpace(Level_Building_3) {
      soundAmbience = "Level_Building_Open";
      position = "-216.733749 -109.428528 93.3689117";
      scale = "75.5880508 11.8480577 58.0099907";
      rotationMatrix = "0.80874145 0.588165224 -7.1577233e-10 -0.588164687 0.808741331 -0.000690531801 -0.000406145875 0.000558462576 0.999999762";
      mode = "Ignore";
      canSave = "1";
      canSaveDynamicFields = "1";
         cloneOrigin = "Freesound_T019_or_City_Freeway_12";
   };
   new SFXSpace(Level_Building_2) {
      soundAmbience = "Level_Building_Open";
      position = "-243.87291 -267.052216 91.9482498";
      scale = "23.9110107 24.1009159 58.0099907";
      rotationMatrix = "0.80874145 0.588165224 -7.1577233e-10 -0.588164687 0.808741331 -0.000690531801 -0.000406145875 0.000558462576 0.999999762";
      mode = "Ignore";
      canSave = "1";
      canSaveDynamicFields = "1";
         cloneOrigin = "Freesound_T019_or_City_Freeway_12";
   };
   new SFXSpace(Level_Building_1) {
      soundAmbience = "Level_Building_Open";
      position = "-216.643509 -231.717865 92.647789";
      scale = "23.9110107 50.1362801 58.0099907";
      rotationMatrix = "0.80874145 0.588165224 -7.1577233e-10 -0.588164687 0.808741331 -0.000690531801 -0.000406145875 0.000558462576 0.999999762";
      mode = "Ignore";
      canSave = "1";
      canSaveDynamicFields = "1";
         cloneOrigin = "Freesound_T019_or_City_Freeway_12";
   };
   new SFXEmitter(Level_Racetrack_In) {
      track = "event:>Snapshot Events>Snapshot_WC_Racetrack_Position";
      playOnAdd = "1";
      useTrackDescriptionOnly = "1";
      isLooping = "0";
      isStreaming = "0";
      volume = "1";
      pitch = "1";
      fadeInTime = "0";
      fadeOutTime = "0";
      is3D = "1";
      referenceDistance = "1";
      maxDistance = "55";
      scatterDistance = "0 0 0";
      coneInsideAngle = "360";
      coneOutsideAngle = "360";
      coneOutsideVolume = "1";
      position = "407.936768 -248.732925 144.892151";
      scale = "55 55 55";
      rotationMatrix = "1 0 0 0 0.999999762 -0.000690533896 0 0.000690533896 0.999999762";
      mode = "Ignore";
      canSave = "1";
      canSaveDynamicFields = "1";
   };
   new SFXEmitter(Level_Racetrack_Out) {
      track = "event:>Snapshot Events>Snapshot_WC_Racetrack_Position";
      playOnAdd = "1";
      useTrackDescriptionOnly = "1";
      isLooping = "0";
      isStreaming = "0";
      volume = "1";
      pitch = "1";
      fadeInTime = "0";
      fadeOutTime = "0";
      is3D = "1";
      referenceDistance = "1";
      maxDistance = "55";
      scatterDistance = "0 0 0";
      coneInsideAngle = "360";
      coneOutsideAngle = "360";
      coneOutsideVolume = "1";
      position = "605.581604 -251.040558 146.563904";
      scale = "55 55 55";
      rotationMatrix = "1 0 0 0 0.999999762 -0.000690533896 0 0.000690533896 0.999999762";
      mode = "Ignore";
      canSave = "1";
      canSaveDynamicFields = "1";
   };
   new SFXSpace(Level_Racetrack) {
      soundAmbience = "Level_Tunnel_Racetrack";
      position = "506.835266 -248.830521 139.644592";
      scale = "197.111481 65.4822006 48.6408577";
      rotationMatrix = "1 0 0 0 0.999999762 -0.000690533896 0 0.000690533896 0.999999762";
      mode = "Ignore";
      canSave = "1";
      canSaveDynamicFields = "1";
   };
   new SFXEmitter(Level_Tunnel_A_In) {
      track = "event:>Snapshot Events>Snapshot_WC_Tunnel_A_Position";
      playOnAdd = "1";
      useTrackDescriptionOnly = "1";
      isLooping = "0";
      isStreaming = "0";
      volume = "1";
      pitch = "1";
      fadeInTime = "0";
      fadeOutTime = "0";
      is3D = "1";
      referenceDistance = "1";
      maxDistance = "20";
      scatterDistance = "0 0 0";
      coneInsideAngle = "360";
      coneOutsideAngle = "360";
      coneOutsideVolume = "1";
      position = "-635.833008 -203.575119 83.0239487";
      scale = "20 20 20";
      rotationMatrix = "1 0 0 0 0.999999762 -0.000690533896 0 0.000690533896 0.999999762";
      mode = "Ignore";
      canSave = "1";
      canSaveDynamicFields = "1";
         cloneOrigin = "Level_Racetrack_b";
   };
   new SFXEmitter(Level_Tunnel_A_Out) {
      track = "event:>Snapshot Events>Snapshot_WC_Tunnel_A_Position";
      playOnAdd = "1";
      useTrackDescriptionOnly = "1";
      isLooping = "0";
      isStreaming = "0";
      volume = "1";
      pitch = "1";
      fadeInTime = "0";
      fadeOutTime = "0";
      is3D = "1";
      referenceDistance = "1";
      maxDistance = "20";
      scatterDistance = "0 0 0";
      coneInsideAngle = "360";
      coneOutsideAngle = "360";
      coneOutsideVolume = "1";
      position = "-405.759827 -294.38623 85.7164917";
      scale = "20 20 20";
      rotationMatrix = "1 0 0 0 0.999999762 -0.000690533896 0 0.000690533896 0.999999762";
      mode = "Ignore";
      canSave = "1";
      canSaveDynamicFields = "1";
         cloneOrigin = "Level_Racetrack_b1";
   };
   new SFXSpace(Level_Tunnel_A_1) {
      soundAmbience = "Level_Tunnel_Closed";
      position = "-415.594086 -282.154938 93.074852";
      scale = "25.7888222 17.4706974 14.4952574";
      rotationMatrix = "0.579244733 -0.813956916 0.0441668257 0.810286522 0.580852151 0.0777674168 -0.0889537483 -0.00925859716 0.995992541";
      mode = "Ignore";
      canSave = "1";
      canSaveDynamicFields = "1";
         cloneOrigin = "Level_Racetrack";
   };
   new SFXSpace(Level_Tunnel_A_2) {
      soundAmbience = "Level_Tunnel_Closed";
      position = "-427.456818 -273.227051 91.9404068";
      scale = "25.7888222 17.4706974 14.4952574";
      rotationMatrix = "0.787155867 -0.615170777 0.0441667028 0.611194551 0.787650824 0.0777673945 -0.0826282725 -0.0342206433 0.995992243";
      mode = "Ignore";
      canSave = "1";
      canSaveDynamicFields = "1";
         cloneOrigin = "Level_Racetrack1";
   };
   new SFXSpace(Level_Tunnel_A_3) {
      soundAmbience = "Level_Tunnel_Closed";
      position = "-446.200989 -259.763123 90.6077957";
      scale = "25.7888222 17.4706974 14.4952574";
      rotationMatrix = "0.787155867 -0.615170777 0.0441667028 0.611194551 0.787650824 0.0777673945 -0.0826282725 -0.0342206433 0.995992243";
      mode = "Ignore";
      canSave = "1";
      canSaveDynamicFields = "1";
         cloneOrigin = "Level_Tunnel_Closed_2";
   };
   new SFXSpace(Level_Tunnel_A_4) {
      soundAmbience = "Level_Tunnel_Closed";
      position = "-466.038116 -247.404266 89.3738098";
      scale = "25.7888222 17.4706974 14.4952574";
      rotationMatrix = "0.787155867 -0.615170777 0.0441667028 0.611194551 0.787650824 0.0777673945 -0.0826282725 -0.0342206433 0.995992243";
      mode = "Ignore";
      canSave = "1";
      canSaveDynamicFields = "1";
         cloneOrigin = "Level_Tunnel_Closed_3";
   };
   new SFXSpace(Level_Tunnel_A_5) {
      soundAmbience = "Level_Tunnel_Closed";
      position = "-487.492096 -234.669754 86.468338";
      scale = "25.7888222 17.4706974 14.4952574";
      rotationMatrix = "0.787155867 -0.615170777 0.0441667028 0.611194551 0.787650824 0.0777673945 -0.0826282725 -0.0342206433 0.995992243";
      mode = "Ignore";
      canSave = "1";
      canSaveDynamicFields = "1";
         cloneOrigin = "Level_Tunnel_Closed_4";
   };
   new SFXSpace(Level_Tunnel_A_6) {
      soundAmbience = "Level_Tunnel_Closed";
      position = "-505.33667 -225.000992 86.0276184";
      scale = "25.7888222 17.4706974 14.4952574";
      rotationMatrix = "0.91061306 -0.410893232 0.0441666953 0.40691328 0.910150766 0.0777674094 -0.0721525401 -0.0528440587 0.995992184";
      mode = "Ignore";
      canSave = "1";
      canSaveDynamicFields = "1";
         cloneOrigin = "Level_Tunnel_Closed_5";
   };
   new SFXSpace(Level_Tunnel_A_7) {
      soundAmbience = "Level_Tunnel_Closed";
      position = "-528.350342 -217.23674 85.885704";
      scale = "25.7888222 17.4706974 14.4952574";
      rotationMatrix = "0.911589742 -0.410893172 -0.0130698113 0.410991788 0.910150588 0.0520765893 -0.00950246584 -0.0528440624 0.998556972";
      mode = "Ignore";
      canSave = "1";
      canSaveDynamicFields = "1";
         cloneOrigin = "Level_Tunnel_Closed_6";
   };
   new SFXSpace(Level_Tunnel_A_8) {
      soundAmbience = "Level_Tunnel_Closed";
      position = "-550.187012 -210.116562 87.3096848";
      scale = "25.7888222 17.4706974 14.4952574";
      rotationMatrix = "0.942099273 -0.335078984 -0.0130698131 0.335294783 0.940673053 0.0520765893 -0.00515538827 -0.0534435548 0.998556972";
      mode = "Ignore";
      canSave = "1";
      canSaveDynamicFields = "1";
         cloneOrigin = "Level_Tunnel_Closed_7";
   };
   new SFXSpace(Level_Tunnel_A_9) {
      soundAmbience = "Level_Tunnel_Closed";
      position = "-573.542908 -204.997681 89.021637";
      scale = "25.7888222 17.4706974 14.4952574";
      rotationMatrix = "0.989009678 -0.147271231 -0.0130698103 0.147757828 0.987651527 0.0520766154 0.00523900334 -0.0534354411 0.998556972";
      mode = "Ignore";
      canSave = "1";
      canSaveDynamicFields = "1";
         cloneOrigin = "Level_Tunnel_Closed_8";
   };
   new SFXSpace(Level_Tunnel_A_10) {
      soundAmbience = "Level_Tunnel_Closed";
      position = "-598.188904 -204.258698 90.5833282";
      scale = "25.7888222 17.4706974 14.4952574";
      rotationMatrix = "0.989009678 -0.147271231 -0.0130698103 0.147757828 0.987651527 0.0520766154 0.00523900334 -0.0534354411 0.998556972";
      mode = "Ignore";
      canSave = "1";
      canSaveDynamicFields = "1";
         cloneOrigin = "Level_Tunnel_Closed_9";
   };
   new SFXSpace(Level_Tunnel_A_11) {
      soundAmbience = "Level_Tunnel_Closed";
      position = "-615.69519 -205.097168 91.3507538";
      scale = "25.7888222 17.4706974 14.4952574";
      rotationMatrix = "0.999533296 0.0276087709 -0.0130698141 -0.0268926173 0.998280942 0.0520766377 0.0144850984 -0.051700823 0.998557031";
      mode = "Ignore";
      canSave = "1";
      canSaveDynamicFields = "1";
         cloneOrigin = "Level_Tunnel_Closed_10";
   };
   new SFXEmitter(Level_Tunnel_B_1) {
      track = "event:>Snapshot Events>Snapshot_WC_Tunnel_B_Position";
      playOnAdd = "1";
      useTrackDescriptionOnly = "1";
      isLooping = "0";
      isStreaming = "0";
      volume = "1";
      pitch = "1";
      fadeInTime = "0";
      fadeOutTime = "0";
      is3D = "1";
      referenceDistance = "1";
      maxDistance = "20";
      scatterDistance = "0 0 0";
      coneInsideAngle = "360";
      coneOutsideAngle = "360";
      coneOutsideVolume = "1";
      position = "-492.918823 -95.0715256 88.0301056";
      scale = "20 20 20";
      rotationMatrix = "1 0 0 0 0.999999762 -0.000690533896 0 0.000690533896 0.999999762";
      mode = "Ignore";
      canSave = "1";
      canSaveDynamicFields = "1";
   };
   new SFXEmitter(Level_Tunnel_B_2) {
      track = "event:>Snapshot Events>Snapshot_WC_Tunnel_B_Position";
      playOnAdd = "1";
      useTrackDescriptionOnly = "1";
      isLooping = "0";
      isStreaming = "0";
      volume = "1";
      pitch = "1";
      fadeInTime = "0";
      fadeOutTime = "0";
      is3D = "1";
      referenceDistance = "1";
      maxDistance = "20";
      scatterDistance = "0 0 0";
      coneInsideAngle = "360";
      coneOutsideAngle = "360";
      coneOutsideVolume = "1";
      position = "-478.261902 -80.546051 88.3396835";
      scale = "20 20 20";
      rotationMatrix = "1 0 0 0 0.999999762 -0.000690533896 0 0.000690533896 0.999999762";
      mode = "Ignore";
      canSave = "1";
      canSaveDynamicFields = "1";
         cloneOrigin = "Level_Tunnel_B_1";
   };
   new SFXEmitter(Level_Tunnel_B_3) {
      track = "event:>Snapshot Events>Snapshot_WC_Tunnel_B_Position";
      playOnAdd = "1";
      useTrackDescriptionOnly = "1";
      isLooping = "0";
      isStreaming = "0";
      volume = "1";
      pitch = "1";
      fadeInTime = "0";
      fadeOutTime = "0";
      is3D = "1";
      referenceDistance = "1";
      maxDistance = "20";
      scatterDistance = "0 0 0";
      coneInsideAngle = "360";
      coneOutsideAngle = "360";
      coneOutsideVolume = "1";
      position = "-465.607239 -67.8153 88.6424179";
      scale = "20 20 20";
      rotationMatrix = "1 0 0 0 0.999999762 -0.000690533896 0 0.000690533896 0.999999762";
      mode = "Ignore";
      canSave = "1";
      canSaveDynamicFields = "1";
         cloneOrigin = "Level_Tunnel_B_2";
   };
   new SFXEmitter(Level_Tunnel_B_4) {
      track = "event:>Snapshot Events>Snapshot_WC_Tunnel_B_Position";
      playOnAdd = "1";
      useTrackDescriptionOnly = "1";
      isLooping = "0";
      isStreaming = "0";
      volume = "1";
      pitch = "1";
      fadeInTime = "0";
      fadeOutTime = "0";
      is3D = "1";
      referenceDistance = "1";
      maxDistance = "20";
      scatterDistance = "0 0 0";
      coneInsideAngle = "360";
      coneOutsideAngle = "360";
      coneOutsideVolume = "1";
      position = "-458.426178 -57.3042297 88.5681";
      scale = "20 20 20";
      rotationMatrix = "1 0 0 0 0.999999762 -0.000690533896 0 0.000690533896 0.999999762";
      mode = "Ignore";
      canSave = "1";
      canSaveDynamicFields = "1";
         cloneOrigin = "Level_Tunnel_B_3";
   };
   new SFXEmitter(Level_Tunnel_B_5) {
      track = "event:>Snapshot Events>Snapshot_WC_Tunnel_B_Position";
      playOnAdd = "1";
      useTrackDescriptionOnly = "1";
      isLooping = "0";
      isStreaming = "0";
      volume = "1";
      pitch = "1";
      fadeInTime = "0";
      fadeOutTime = "0";
      is3D = "1";
      referenceDistance = "1";
      maxDistance = "20";
      scatterDistance = "0 0 0";
      coneInsideAngle = "360";
      coneOutsideAngle = "360";
      coneOutsideVolume = "1";
      position = "-471.763763 -135.611496 87.5958633";
      scale = "20 20 20";
      rotationMatrix = "1 0 0 0 0.999999762 -0.000690533896 0 0.000690533896 0.999999762";
      mode = "Ignore";
      canSave = "1";
      canSaveDynamicFields = "1";
         cloneOrigin = "Level_Tunnel_B_4";
   };
   new SFXEmitter(Level_Tunnel_B_6) {
      track = "event:>Snapshot Events>Snapshot_WC_Tunnel_B_Position";
      playOnAdd = "1";
      useTrackDescriptionOnly = "1";
      isLooping = "0";
      isStreaming = "0";
      volume = "1";
      pitch = "1";
      fadeInTime = "0";
      fadeOutTime = "0";
      is3D = "1";
      referenceDistance = "1";
      maxDistance = "20";
      scatterDistance = "0 0 0";
      coneInsideAngle = "360";
      coneOutsideAngle = "360";
      coneOutsideVolume = "1";
      position = "-506.25647 -173.378784 87.057869";
      scale = "20 20 20";
      rotationMatrix = "1 0 0 0 0.999999762 -0.000690533896 0 0.000690533896 0.999999762";
      mode = "Ignore";
      canSave = "1";
      canSaveDynamicFields = "1";
         cloneOrigin = "Level_Tunnel_B_4";
   };
   new SFXEmitter(Level_Tunnel_B_7) {
      track = "event:>Snapshot Events>Snapshot_WC_Tunnel_B_Position";
      playOnAdd = "1";
      useTrackDescriptionOnly = "1";
      isLooping = "0";
      isStreaming = "0";
      volume = "1";
      pitch = "1";
      fadeInTime = "0";
      fadeOutTime = "0";
      is3D = "1";
      referenceDistance = "1";
      maxDistance = "20";
      scatterDistance = "0 0 0";
      coneInsideAngle = "360";
      coneOutsideAngle = "360";
      coneOutsideVolume = "1";
      position = "-491.599487 -158.853317 87.3674393";
      scale = "20 20 20";
      rotationMatrix = "1 0 0 0 0.999999762 -0.000690533896 0 0.000690533896 0.999999762";
      mode = "Ignore";
      canSave = "1";
      canSaveDynamicFields = "1";
         cloneOrigin = "Level_Tunnel_B_4";
   };
   new SFXEmitter(Level_Tunnel_B_8) {
      track = "event:>Snapshot Events>Snapshot_WC_Tunnel_B_Position";
      playOnAdd = "1";
      useTrackDescriptionOnly = "1";
      isLooping = "0";
      isStreaming = "0";
      volume = "1";
      pitch = "1";
      fadeInTime = "0";
      fadeOutTime = "0";
      is3D = "1";
      referenceDistance = "1";
      maxDistance = "20";
      scatterDistance = "0 0 0";
      coneInsideAngle = "360";
      coneOutsideAngle = "360";
      coneOutsideVolume = "1";
      position = "-478.944824 -146.122559 87.6701736";
      scale = "20 20 20";
      rotationMatrix = "1 0 0 0 0.999999762 -0.000690533896 0 0.000690533896 0.999999762";
      mode = "Ignore";
      canSave = "1";
      canSaveDynamicFields = "1";
         cloneOrigin = "Level_Tunnel_B_4";
   };
   new SFXSpace(Level_Tunnel_B) {
      soundAmbience = "Level_Under_Bridge_A";
      position = "-480.645508 -113.356903 96.3724899";
      scale = "155.201736 51.0948448 21.4597149";
      rotationMatrix = "0.684643924 0.728870988 0.0031247586 -0.728860915 0.684593379 0.00955992844 0.00482878741 -0.00882266834 0.999948919";
      mode = "Ignore";
      canSave = "1";
      canSaveDynamicFields = "1";
         cloneOrigin = "Level_Tunnel_Closed_11";
   };
   new SFXEmitter(Level_Tunnel_C_1) {
      track = "event:>Snapshot Events>Snapshot_WC_Tunnel_C_Position";
      playOnAdd = "1";
      useTrackDescriptionOnly = "1";
      isLooping = "0";
      isStreaming = "0";
      volume = "1";
      pitch = "1";
      fadeInTime = "0";
      fadeOutTime = "0";
      is3D = "1";
      referenceDistance = "1";
      maxDistance = "20";
      scatterDistance = "0 0 0";
      coneInsideAngle = "360";
      coneOutsideAngle = "360";
      coneOutsideVolume = "1";
      position = "-851.838684 -470.449951 83.5653992";
      scale = "20 20 20";
      rotationMatrix = "1 0 0 0 0.999999762 -0.000690533896 0 0.000690533896 0.999999762";
      mode = "Ignore";
      canSave = "1";
      canSaveDynamicFields = "1";
         cloneOrigin = "Level_Tunnel_B_1";
   };
   new SFXEmitter(Level_Tunnel_C_2) {
      track = "event:>Snapshot Events>Snapshot_WC_Tunnel_C_Position";
      playOnAdd = "1";
      useTrackDescriptionOnly = "1";
      isLooping = "0";
      isStreaming = "0";
      volume = "1";
      pitch = "1";
      fadeInTime = "0";
      fadeOutTime = "0";
      is3D = "1";
      referenceDistance = "1";
      maxDistance = "20";
      scatterDistance = "0 0 0";
      coneInsideAngle = "360";
      coneOutsideAngle = "360";
      coneOutsideVolume = "1";
      position = "-840.421692 -456.120209 83.3332443";
      scale = "20 20 20";
      rotationMatrix = "1 0 0 0 0.999999762 -0.000690533896 0 0.000690533896 0.999999762";
      mode = "Ignore";
      canSave = "1";
      canSaveDynamicFields = "1";
         cloneOrigin = "Level_Tunnel_B_9";
   };
   new SFXEmitter(Level_Tunnel_C_3) {
      track = "event:>Snapshot Events>Snapshot_WC_Tunnel_C_Position";
      playOnAdd = "1";
      useTrackDescriptionOnly = "1";
      isLooping = "0";
      isStreaming = "0";
      volume = "1";
      pitch = "1";
      fadeInTime = "0";
      fadeOutTime = "0";
      is3D = "1";
      referenceDistance = "1";
      maxDistance = "20";
      scatterDistance = "0 0 0";
      coneInsideAngle = "360";
      coneOutsideAngle = "360";
      coneOutsideVolume = "1";
      position = "-831.08551 -447.911163 83.2666321";
      scale = "20 20 20";
      rotationMatrix = "1 0 0 0 0.999999762 -0.000690533896 0 0.000690533896 0.999999762";
      mode = "Ignore";
      canSave = "1";
      canSaveDynamicFields = "1";
         cloneOrigin = "Level_Tunnel_B_10";
   };
   new SFXEmitter(Level_Tunnel_C_4) {
      track = "event:>Snapshot Events>Snapshot_WC_Tunnel_C_Position";
      playOnAdd = "1";
      useTrackDescriptionOnly = "1";
      isLooping = "0";
      isStreaming = "0";
      volume = "1";
      pitch = "1";
      fadeInTime = "0";
      fadeOutTime = "0";
      is3D = "1";
      referenceDistance = "1";
      maxDistance = "20";
      scatterDistance = "0 0 0";
      coneInsideAngle = "360";
      coneOutsideAngle = "360";
      coneOutsideVolume = "1";
      position = "-801.651123 -480.088043 86.5387268";
      scale = "20 20 20";
      rotationMatrix = "1 0 0 0 0.999999762 -0.000690533896 0 0.000690533896 0.999999762";
      mode = "Ignore";
      canSave = "1";
      canSaveDynamicFields = "1";
         cloneOrigin = "Level_Tunnel_B_11";
   };
   new SFXEmitter(Level_Tunnel_C_5) {
      track = "event:>Snapshot Events>Snapshot_WC_Tunnel_C_Position";
      playOnAdd = "1";
      useTrackDescriptionOnly = "1";
      isLooping = "0";
      isStreaming = "0";
      volume = "1";
      pitch = "1";
      fadeInTime = "0";
      fadeOutTime = "0";
      is3D = "1";
      referenceDistance = "1";
      maxDistance = "20";
      scatterDistance = "0 0 0";
      coneInsideAngle = "360";
      coneOutsideAngle = "360";
      coneOutsideVolume = "1";
      position = "-826.211487 -500.272522 86.4074326";
      scale = "20 20 20";
      rotationMatrix = "1 0 0 0 0.999999762 -0.000690533896 0 0.000690533896 0.999999762";
      mode = "Ignore";
      canSave = "1";
      canSaveDynamicFields = "1";
         cloneOrigin = "Level_Tunnel_B_11";
   };
   new SFXEmitter(Level_Tunnel_C_6) {
      track = "event:>Snapshot Events>Snapshot_WC_Tunnel_C_Position";
      playOnAdd = "1";
      useTrackDescriptionOnly = "1";
      isLooping = "0";
      isStreaming = "0";
      volume = "1";
      pitch = "1";
      fadeInTime = "0";
      fadeOutTime = "0";
      is3D = "1";
      referenceDistance = "1";
      maxDistance = "20";
      scatterDistance = "0 0 0";
      coneInsideAngle = "360";
      coneOutsideAngle = "360";
      coneOutsideVolume = "1";
      position = "-812.081177 -488.702911 86.3865967";
      scale = "20 20 20";
      rotationMatrix = "1 0 0 0 0.999999762 -0.000690533896 0 0.000690533896 0.999999762";
      mode = "Ignore";
      canSave = "1";
      canSaveDynamicFields = "1";
         cloneOrigin = "Level_Tunnel_B_11";
   };
   new SFXSpace(Level_Tunnel_C) {
      soundAmbience = "Level_Under_Bridge_A";
      position = "-824.407288 -473.878693 93.0638275";
      scale = "58.7742653 51.0948448 21.4597149";
      rotationMatrix = "0.71353972 0.70060873 -0.0029318817 -0.697665691 0.71014607 -0.094623521 -0.0642119497 0.0695630386 0.995508432";
      mode = "Ignore";
      canSave = "1";
      canSaveDynamicFields = "1";
         cloneOrigin = "Level_Tunnel_Open_1";
   };
   new SFXEmitter(Level_Tunnel_D) {
      track = "event:>Snapshot Events>Snapshot_WC_Tunnel_D_Position";
      playOnAdd = "1";
      useTrackDescriptionOnly = "1";
      isLooping = "0";
      isStreaming = "0";
      volume = "1";
      pitch = "1";
      fadeInTime = "0";
      fadeOutTime = "0";
      is3D = "1";
      referenceDistance = "1";
      maxDistance = "25";
      scatterDistance = "0 0 0";
      coneInsideAngle = "360";
      coneOutsideAngle = "360";
      coneOutsideVolume = "1";
      position = "-924.316833 -380.625061 76.4407043";
      scale = "25 25 25";
      rotationMatrix = "1 0 0 0 0.999999762 -0.000690533896 0 0.000690533896 0.999999762";
      mode = "Ignore";
      canSave = "1";
      canSaveDynamicFields = "1";
         cloneOrigin = "Level_Tunnel_C_6";
   };
   new SFXEmitter(Level_Tunnel_E) {
      track = "event:>Snapshot Events>Snapshot_WC_Tunnel_E_Position";
      playOnAdd = "1";
      useTrackDescriptionOnly = "1";
      isLooping = "0";
      isStreaming = "0";
      volume = "1";
      pitch = "1";
      fadeInTime = "0";
      fadeOutTime = "0";
      is3D = "1";
      referenceDistance = "1";
      maxDistance = "25";
      scatterDistance = "0 0 0";
      coneInsideAngle = "360";
      coneOutsideAngle = "360";
      coneOutsideVolume = "1";
      position = "-919.637451 -436.231628 75.2323227";
      scale = "25 25 25";
      rotationMatrix = "1 0 0 0 0.999999762 -0.000690533896 0 0.000690533896 0.999999762";
      mode = "Ignore";
      canSave = "1";
      canSaveDynamicFields = "1";
         cloneOrigin = "Level_Tunnel_D1";
   };
   new SFXEmitter(Level_Tunnel_F1) {
      track = "event:>Snapshot Events>Snapshot_WC_Tunnel_F_Position";
      playOnAdd = "1";
      useTrackDescriptionOnly = "1";
      isLooping = "0";
      isStreaming = "0";
      volume = "1";
      pitch = "1";
      fadeInTime = "0";
      fadeOutTime = "0";
      is3D = "1";
      referenceDistance = "1";
      maxDistance = "10";
      scatterDistance = "0 0 0";
      coneInsideAngle = "360";
      coneOutsideAngle = "360";
      coneOutsideVolume = "1";
      position = "-865.210632 -543.376831 101.553505";
      scale = "10 10 10";
      rotationMatrix = "1 0 0 0 0.999999762 -0.000690533896 0 0.000690533896 0.999999762";
      mode = "Ignore";
      canSave = "1";
      canSaveDynamicFields = "1";
         cloneOrigin = "Level_Tunnel_E";
   };
   new SFXEmitter(Level_Tunnel_F2) {
      track = "event:>Snapshot Events>Snapshot_WC_Tunnel_F_Position";
      playOnAdd = "1";
      useTrackDescriptionOnly = "1";
      isLooping = "0";
      isStreaming = "0";
      volume = "1";
      pitch = "1";
      fadeInTime = "0";
      fadeOutTime = "0";
      is3D = "1";
      referenceDistance = "1";
      maxDistance = "10";
      scatterDistance = "0 0 0";
      coneInsideAngle = "360";
      coneOutsideAngle = "360";
      coneOutsideVolume = "1";
      position = "-873.454834 -535.200134 101.551277";
      scale = "10 10 10";
      rotationMatrix = "1 0 0 0 0.999999762 -0.000690533896 0 0.000690533896 0.999999762";
      mode = "Ignore";
      canSave = "1";
      canSaveDynamicFields = "1";
         cloneOrigin = "Level_Tunnel_E1";
   };
   new SFXEmitter(Level_Tunnel_F3) {
      track = "event:>Snapshot Events>Snapshot_WC_Tunnel_F_Position";
      playOnAdd = "1";
      useTrackDescriptionOnly = "1";
      isLooping = "0";
      isStreaming = "0";
      volume = "1";
      pitch = "1";
      fadeInTime = "0";
      fadeOutTime = "0";
      is3D = "1";
      referenceDistance = "1";
      maxDistance = "10";
      scatterDistance = "0 0 0";
      coneInsideAngle = "360";
      coneOutsideAngle = "360";
      coneOutsideVolume = "1";
      position = "909.516602 887.24585 112.569626";
      scale = "10 10 10";
      rotationMatrix = "1 0 0 0 0.999999762 -0.000690533896 0 0.000690533896 0.999999762";
      mode = "Ignore";
      canSave = "1";
      canSaveDynamicFields = "1";
         cloneOrigin = "Level_Tunnel_K_2";
   };
   new SFXEmitter(Level_Tunnel_F4) {
      track = "event:>Snapshot Events>Snapshot_WC_Tunnel_F_Position";
      playOnAdd = "1";
      useTrackDescriptionOnly = "1";
      isLooping = "0";
      isStreaming = "0";
      volume = "1";
      pitch = "1";
      fadeInTime = "0";
      fadeOutTime = "0";
      is3D = "1";
      referenceDistance = "1";
      maxDistance = "10";
      scatterDistance = "0 0 0";
      coneInsideAngle = "360";
      coneOutsideAngle = "360";
      coneOutsideVolume = "1";
      position = "905.497375 911.803833 112.353226";
      scale = "10 10 10";
      rotationMatrix = "1 0 0 0 0.999999762 -0.000690533896 0 0.000690533896 0.999999762";
      mode = "Ignore";
      canSave = "1";
      canSaveDynamicFields = "1";
         cloneOrigin = "Level_Tunnel_K_2";
   };
   new SFXEmitter(Level_Tunnel_G_1) {
      track = "event:>Snapshot Events>Snapshot_WC_Tunnel_G_Position";
      playOnAdd = "1";
      useTrackDescriptionOnly = "1";
      isLooping = "0";
      isStreaming = "0";
      volume = "1";
      pitch = "1";
      fadeInTime = "0";
      fadeOutTime = "0";
      is3D = "1";
      referenceDistance = "1";
      maxDistance = "20";
      scatterDistance = "0 0 0";
      coneInsideAngle = "360";
      coneOutsideAngle = "360";
      coneOutsideVolume = "1";
      position = "-490.794525 21.6264648 79.3185272";
      scale = "20 20 20";
      rotationMatrix = "1 0 0 0 0.999999762 -0.000690533896 0 0.000690533896 0.999999762";
      mode = "Ignore";
      canSave = "1";
      canSaveDynamicFields = "1";
         cloneOrigin = "Level_Tunnel_B_1";
   };
   new SFXEmitter(Level_Tunnel_G_2) {
      track = "event:>Snapshot Events>Snapshot_WC_Tunnel_G_Position";
      playOnAdd = "1";
      useTrackDescriptionOnly = "1";
      isLooping = "0";
      isStreaming = "0";
      volume = "1";
      pitch = "1";
      fadeInTime = "0";
      fadeOutTime = "0";
      is3D = "1";
      referenceDistance = "1";
      maxDistance = "20";
      scatterDistance = "0 0 0";
      coneInsideAngle = "360";
      coneOutsideAngle = "360";
      coneOutsideVolume = "1";
      position = "-490.53717 4.78805733 79.1680603";
      scale = "20 20 20";
      rotationMatrix = "1 0 0 0 0.999999762 -0.000690533896 0 0.000690533896 0.999999762";
      mode = "Ignore";
      canSave = "1";
      canSaveDynamicFields = "1";
         cloneOrigin = "Level_Tunnel_G_1";
   };
   new SFXEmitter(Level_Tunnel_G_3) {
      track = "event:>Snapshot Events>Snapshot_WC_Tunnel_G_Position";
      playOnAdd = "1";
      useTrackDescriptionOnly = "1";
      isLooping = "0";
      isStreaming = "0";
      volume = "1";
      pitch = "1";
      fadeInTime = "0";
      fadeOutTime = "0";
      is3D = "1";
      referenceDistance = "1";
      maxDistance = "20";
      scatterDistance = "0 0 0";
      coneInsideAngle = "360";
      coneOutsideAngle = "360";
      coneOutsideVolume = "1";
      position = "-493.778473 -11.0649776 79.1357193";
      scale = "20 20 20";
      rotationMatrix = "1 0 0 0 0.999999762 -0.000690533896 0 0.000690533896 0.999999762";
      mode = "Ignore";
      canSave = "1";
      canSaveDynamicFields = "1";
         cloneOrigin = "Level_Tunnel_G_2";
   };
   new SFXEmitter(Level_Tunnel_G_4) {
      track = "event:>Snapshot Events>Snapshot_WC_Tunnel_G_Position";
      playOnAdd = "1";
      useTrackDescriptionOnly = "1";
      isLooping = "0";
      isStreaming = "0";
      volume = "1";
      pitch = "1";
      fadeInTime = "0";
      fadeOutTime = "0";
      is3D = "1";
      referenceDistance = "1";
      maxDistance = "20";
      scatterDistance = "0 0 0";
      coneInsideAngle = "360";
      coneOutsideAngle = "360";
      coneOutsideVolume = "1";
      position = "-465.727325 14.0066566 79.0295944";
      scale = "20 20 20";
      rotationMatrix = "1 0 0 0 0.999999762 -0.000690533896 0 0.000690533896 0.999999762";
      mode = "Ignore";
      canSave = "1";
      canSaveDynamicFields = "1";
         cloneOrigin = "Level_Tunnel_G_3";
   };
   new SFXEmitter(Level_Tunnel_G_5) {
      track = "event:>Snapshot Events>Snapshot_WC_Tunnel_G_Position";
      playOnAdd = "1";
      useTrackDescriptionOnly = "1";
      isLooping = "0";
      isStreaming = "0";
      volume = "1";
      pitch = "1";
      fadeInTime = "0";
      fadeOutTime = "0";
      is3D = "1";
      referenceDistance = "1";
      maxDistance = "20";
      scatterDistance = "0 0 0";
      coneInsideAngle = "360";
      coneOutsideAngle = "360";
      coneOutsideVolume = "1";
      position = "-465.794312 49.1405754 79.4236832";
      scale = "20 20 20";
      rotationMatrix = "1 0 0 0 0.999999762 -0.000690533896 0 0.000690533896 0.999999762";
      mode = "Ignore";
      canSave = "1";
      canSaveDynamicFields = "1";
         cloneOrigin = "Level_Tunnel_G_3";
   };
   new SFXEmitter(Level_Tunnel_G_6) {
      track = "event:>Snapshot Events>Snapshot_WC_Tunnel_G_Position";
      playOnAdd = "1";
      useTrackDescriptionOnly = "1";
      isLooping = "0";
      isStreaming = "0";
      volume = "1";
      pitch = "1";
      fadeInTime = "0";
      fadeOutTime = "0";
      is3D = "1";
      referenceDistance = "1";
      maxDistance = "20";
      scatterDistance = "0 0 0";
      coneInsideAngle = "360";
      coneOutsideAngle = "360";
      coneOutsideVolume = "1";
      position = "-468.224854 31.963501 79.125061";
      scale = "20 20 20";
      rotationMatrix = "1 0 0 0 0.999999762 -0.000690533896 0 0.000690533896 0.999999762";
      mode = "Ignore";
      canSave = "1";
      canSaveDynamicFields = "1";
         cloneOrigin = "Level_Tunnel_G_3";
   };
   new SFXSpace(Level_Tunnel_G) {
      soundAmbience = "Level_Under_Bridge_A";
      position = "-478.881531 16.0344238 83.5340118";
      scale = "114.42881 26.282095 27.4979286";
      rotationMatrix = "0.17702952 0.984198928 -0.0037703074 -0.984149814 0.177058116 0.00994293578 0.010453471 0.00195032731 0.999942839";
      mode = "Ignore";
      canSave = "1";
      canSaveDynamicFields = "1";
         cloneOrigin = "Level_Tunnel_C";
   };
   new SFXEmitter(Level_Tunnel_H_1) {
      track = "event:>Snapshot Events>Snapshot_WC_Tunnel_H_Position";
      playOnAdd = "1";
      useTrackDescriptionOnly = "1";
      isLooping = "0";
      isStreaming = "0";
      volume = "1";
      pitch = "1";
      fadeInTime = "0";
      fadeOutTime = "0";
      is3D = "1";
      referenceDistance = "1";
      maxDistance = "20";
      scatterDistance = "0 0 0";
      coneInsideAngle = "360";
      coneOutsideAngle = "360";
      coneOutsideVolume = "1";
      position = "-171.455063 360.683258 81.8140793";
      scale = "20 20 20";
      rotationMatrix = "1 0 0 0 0.999999762 -0.000690533896 0 0.000690533896 0.999999762";
      mode = "Ignore";
      canSave = "1";
      canSaveDynamicFields = "1";
         cloneOrigin = "Level_Tunnel_G_6";
   };
   new SFXEmitter(Level_Tunnel_H_2) {
      track = "event:>Snapshot Events>Snapshot_WC_Tunnel_H_Position";
      playOnAdd = "1";
      useTrackDescriptionOnly = "1";
      isLooping = "0";
      isStreaming = "0";
      volume = "1";
      pitch = "1";
      fadeInTime = "0";
      fadeOutTime = "0";
      is3D = "1";
      referenceDistance = "1";
      maxDistance = "20";
      scatterDistance = "0 0 0";
      coneInsideAngle = "360";
      coneOutsideAngle = "360";
      coneOutsideVolume = "1";
      position = "-143.92482 363.204803 81.8154297";
      scale = "20 20 20";
      rotationMatrix = "1 0 0 0 0.999999762 -0.000690533896 0 0.000690533896 0.999999762";
      mode = "Ignore";
      canSave = "1";
      canSaveDynamicFields = "1";
         cloneOrigin = "Level_Tunnel_G_7";
   };
   new SFXEmitter(Level_Tunnel_J_1) {
      track = "event:>Snapshot Events>Snapshot_WC_Tunnel_J_Position";
      playOnAdd = "1";
      useTrackDescriptionOnly = "1";
      isLooping = "0";
      isStreaming = "0";
      volume = "1";
      pitch = "1";
      fadeInTime = "0";
      fadeOutTime = "0";
      is3D = "1";
      referenceDistance = "1";
      maxDistance = "20";
      scatterDistance = "0 0 0";
      coneInsideAngle = "360";
      coneOutsideAngle = "360";
      coneOutsideVolume = "1";
      position = "217.113297 634.923523 89.5412521";
      scale = "20 20 20";
      rotationMatrix = "1 0 0 0 0.999999762 -0.000690533896 0 0.000690533896 0.999999762";
      mode = "Ignore";
      canSave = "1";
      canSaveDynamicFields = "1";
         cloneOrigin = "Level_Tunnel_I_1";
   };
   new SFXEmitter(Level_Tunnel_J_2) {
      track = "event:>Snapshot Events>Snapshot_WC_Tunnel_J_Position";
      playOnAdd = "1";
      useTrackDescriptionOnly = "1";
      isLooping = "0";
      isStreaming = "0";
      volume = "1";
      pitch = "1";
      fadeInTime = "0";
      fadeOutTime = "0";
      is3D = "1";
      referenceDistance = "1";
      maxDistance = "20";
      scatterDistance = "0 0 0";
      coneInsideAngle = "360";
      coneOutsideAngle = "360";
      coneOutsideVolume = "1";
      position = "196.174667 630.294434 86.4304047";
      scale = "20 20 20";
      rotationMatrix = "1 0 0 0 0.999999762 -0.000690533896 0 0.000690533896 0.999999762";
      mode = "Ignore";
      canSave = "1";
      canSaveDynamicFields = "1";
         cloneOrigin = "Level_Tunnel_J_1";
   };
   new SFXEmitter(Level_Tunnel_J_3) {
      track = "event:>Snapshot Events>Snapshot_WC_Tunnel_J_Position";
      playOnAdd = "1";
      useTrackDescriptionOnly = "1";
      isLooping = "0";
      isStreaming = "0";
      volume = "1";
      pitch = "1";
      fadeInTime = "0";
      fadeOutTime = "0";
      is3D = "1";
      referenceDistance = "1";
      maxDistance = "20";
      scatterDistance = "0 0 0";
      coneInsideAngle = "360";
      coneOutsideAngle = "360";
      coneOutsideVolume = "1";
      position = "177.958618 626.870911 85.1740494";
      scale = "20 20 20";
      rotationMatrix = "1 0 0 0 0.999999762 -0.000690533896 0 0.000690533896 0.999999762";
      mode = "Ignore";
      canSave = "1";
      canSaveDynamicFields = "1";
