//--- OBJECT WRITE BEGIN ---
$ThisPrefab = new SimGroup(name_group) {
   canSave = "1";
   canSaveDynamicFields = "1";
      groupPosition = "0 0 0";

   new CameraBookmark(finish_camera) {
      observer = "1";
      datablock = "CameraBookmarkMarker";
      position = "-445.088562 153.430527 100.959473";
      scale = "1 1 1";
      rotationMatrix = "0.102298558 0.994753718 -1.86264515e-09 -0.993542671 0.102174044 -0.0493292883 -0.0490704924 0.00504631922 0.998782575";
      internalName = "NewCamera_27";
      canSave = "1";
      canSaveDynamicFields = "1";
      persistentId = "165fb131-e151-466a-9ca9-03141c4c2cd2";
         mode = "Ignore";
         Speed = "3";
   };
   new BeamNGVehicle(scenario_player0) {
      JBeam = "autobello";
      color = "0.899999976 0.579999983 0.100000001 1.5";
      colorPalette0 = "1 0.899999976 0.800000012 1.39999998";
      colorPalette1 = "0.180000007 0.180000007 0.180000007 1.20000005";
      metallicPaintData[0] = "1 1 1 1";
      metallicPaintData[1] = "1 1 1 1";
      metallicPaintData[2] = "1 1 1 1";
      metallicPaintData[3] = "1 1 1 1";
      partConfig = "vehicles/autobello/130_m.pc";
      renderDistance = "500";
      renderFade = "0.100000001";
      datablock = "default_vehicle";
      position = "-522.500977 213.61235 102.219604";
      rotationMatrix = "-0.730184197 0.683233619 -0.00477595534 -0.683245897 -0.730186701 0.00153351529 -0.00243958994 0.00438290043 0.999987423";
      annotation = "CAR";
      canSave = "1";
      canSaveDynamicFields = "0";
      persistentId = "9392a52b-83c5-4687-940c-a8a718553116";
   };
   new ParticleEmitterNode(confetti_canon1) {
      active = "0";
      emitter = "BNGP_confetti";
      velocity = "10";
      datablock = "lightExampleEmitterNodeData1";
      position = "-464.002686 145.546875 100.490417";
      scale = "1 1 1";
      rotationMatrix = "0.944187343 -0.329409033 5.06173762e-07 0.273707747 0.784529448 -0.556415021 0.18328771 0.525360107 0.830904543";
      canSave = "1";
      canSaveDynamicFields = "1";
      persistentId = "e4623e5a-9da9-4d2e-ab40-950a3b6aa24c";
         mode = "Ignore";
   };
   new ParticleEmitterNode(confetti_canon0) {
      active = "0";
      emitter = "BNGP_confetti";
      velocity = "10";
      datablock = "lightExampleEmitterNodeData1";
      position = "-458.911682 159.055527 100.490417";
      scale = "1 1 1";
      rotationMatrix = "-0.690906525 0.72294414 -4.97791859e-07 -0.600697339 -0.574077487 -0.556415021 -0.402257234 -0.384430438 0.830904543";
      canSave = "1";
      canSaveDynamicFields = "1";
      persistentId = "0a7436c2-058a-4d7f-b39d-563921e8171b";
         mode = "Ignore";
   };
   new BeamNGTrigger(confetti_trigger) {
      TriggerType = "Box";
      TriggerMode = "Center";
      TriggerTestType = "Race corners";
      luaFunction = "onBeamNGTrigger";
      tickPeriod = "100";
      Debug = "0";
      debugInEditor = "0";
      ticking = "0";
      triggerColor = "255 192 0 45";
      cameraOnEnter = "finish_camera";
      defaultOnLeave = "0";
      position = "-470.252411 156.620209 104.494064";
      scale = "49.6512871 24.5226116 9.26226044";
      rotationMatrix = "0.928974867 -0.370142817 -2.91038305e-11 0.370142817 0.928974628 -0.000690533605 0.000255596184 0.00064148847 0.999999762";
      canSave = "1";
      canSaveDynamicFields = "1";
      persistentId = "23e64dec-2aa1-4a72-bfdc-cc73d6bdd883";
         mode = "Ignore";
   };
   new BeamNGWaypoint(wp36) {
      drawDebug = "0";
      directionalWaypoint = "0";
      excludeFromMap = "0";
      position = "-475.664642 156.764282 100.046181";
      scale = "10 10 10";
      rotationMatrix = "0.98773104 0.156164691 0 -0.156164691 0.98773104 0 0 0 1";
      canSave = "1";
      canSaveDynamicFields = "1";
      persistentId = "11fb8973-fe5f-412f-841f-aaac9bff6810";
         mode = "Ignore";
   };
   new BeamNGWaypoint(wp35) {
      drawDebug = "0";
      directionalWaypoint = "0";
      excludeFromMap = "0";
      position = "-385.457275 156.618347 100.694077";
      scale = "6 6 6";
      rotationMatrix = "0.98773104 0.156164691 0 -0.156164691 0.98773104 0 0 0 1";
      canSave = "1";
      canSaveDynamicFields = "1";
      persistentId = "d445ab66-5e96-4be1-9b0e-6939226c1e78";
         mode = "Ignore";
   };
   new BeamNGWaypoint(wp34) {
      drawDebug = "0";
      directionalWaypoint = "0";
      excludeFromMap = "0";
      position = "-323.856476 193.563934 95.9647827";
      scale = "6 6 6";
      rotationMatrix = "0.98773104 0.156164691 0 -0.156164691 0.98773104 0 0 0 1";
      canSave = "1";
      canSaveDynamicFields = "1";
      persistentId = "835d14ac-6acd-4cca-a2ea-579c99484169";
         mode = "Ignore";
   };
   new BeamNGWaypoint(wp33) {
      drawDebug = "0";
      directionalWaypoint = "0";
      excludeFromMap = "0";
      position = "-195.542831 319.613678 91.2599716";
      scale = "7 7 7";
      rotationMatrix = "0.98773104 0.156164691 0 -0.156164691 0.98773104 0 0 0 1";
      canSave = "1";
      canSaveDynamicFields = "1";
      persistentId = "3b07f214-d3a8-4ea9-b364-eafe85c83539";
         mode = "Ignore";
   };
   new BeamNGWaypoint(wp32) {
      drawDebug = "0";
      directionalWaypoint = "0";
      excludeFromMap = "0";
      position = "-171.16217 372.977814 90.5829391";
      scale = "12 12 12";
      rotationMatrix = "0.98773104 0.156164691 0 -0.156164691 0.98773104 0 0 0 1";
      canSave = "1";
      canSaveDynamicFields = "1";
      persistentId = "89749baa-fd04-4c23-80ad-2515c03b0374";
         mode = "Ignore";
   };
   new BeamNGWaypoint(wp31) {
      drawDebug = "0";
      directionalWaypoint = "0";
      excludeFromMap = "0";
      position = "-160.906769 477.994659 74.8460236";
      scale = "3.5 3.5 3.5";
      rotationMatrix = "0.98773104 0.156164691 0 -0.156164691 0.98773104 0 0 0 1";
      canSave = "1";
      canSaveDynamicFields = "1";
      persistentId = "ae3319c9-51c4-4dbd-b886-5402304a86ba";
         mode = "Ignore";
   };
   new BeamNGWaypoint(wp30) {
      drawDebug = "0";
      directionalWaypoint = "0";
      excludeFromMap = "0";
      position = "-206.032379 497.315369 74.8884659";
      scale = "10 10 10";
      rotationMatrix = "0.98773104 0.156164691 0 -0.156164691 0.98773104 0 0 0 1";
      canSave = "1";
      canSaveDynamicFields = "1";
      persistentId = "6da2b320-f9a7-4f8b-98c0-3e4f2ea1840b";
         mode = "Ignore";
   };
   new BeamNGWaypoint(wp29) {
      drawDebug = "0";
      directionalWaypoint = "0";
      excludeFromMap = "0";
      position = "-228.670303 522.108337 74.8884659";
      scale = "3 3 3";
      rotationMatrix = "0.98773104 0.156164691 0 -0.156164691 0.98773104 0 0 0 1";
      canSave = "1";
      canSaveDynamicFields = "1";
      persistentId = "26aec6cd-806f-4578-80d3-cdf94ee5d010";
         mode = "Ignore";
   };
   new BeamNGWaypoint(wp28) {
      drawDebug = "0";
      directionalWaypoint = "0";
      excludeFromMap = "0";
      position = "-237.550125 568.691833 74.8884659";
      scale = "1.5 1.5 1.5";
      rotationMatrix = "0.98773104 0.156164691 0 -0.156164691 0.98773104 0 0 0 1";
      canSave = "1";
      canSaveDynamicFields = "1";
      persistentId = "70076e73-8688-42a0-afd7-032e0b8c69bd";
         mode = "Ignore";
   };
   new BeamNGWaypoint(wp27) {
      drawDebug = "0";
      directionalWaypoint = "0";
      excludeFromMap = "0";
      position = "-239.439774 532.856934 74.8884659";
      scale = "2 2 2";
      rotationMatrix = "0.98773104 0.156164691 0 -0.156164691 0.98773104 0 0 0 1";
      canSave = "1";
      canSaveDynamicFields = "1";
      persistentId = "370beb9b-88ca-427e-986a-4f50a90bbaf6";
         mode = "Ignore";
   };
   new BeamNGWaypoint(wp26) {
      drawDebug = "0";
      directionalWaypoint = "0";
      excludeFromMap = "0";
      position = "-264.932831 611.392639 74.9338303";
      scale = "7.5 7.5 7.5";
      rotationMatrix = "0.98773104 0.156164691 0 -0.156164691 0.98773104 0 0 0 1";
      canSave = "1";
      canSaveDynamicFields = "1";
      persistentId = "cc217d64-dedb-4c57-80f0-b90a4ddf3ac7";
         mode = "Ignore";
   };
   new BeamNGWaypoint(wp25) {
      drawDebug = "0";
      directionalWaypoint = "0";
      excludeFromMap = "0";
      position = "-267.167542 685.396851 74.9338303";
      scale = "2 2 2";
      rotationMatrix = "0.98773104 0.156164691 0 -0.156164691 0.98773104 0 0 0 1";
      canSave = "1";
      canSaveDynamicFields = "1";
      persistentId = "ec6423ed-c93a-4420-b51f-6778f2fbb6a9";
         mode = "Ignore";
   };
   new BeamNGWaypoint(wp24) {
      drawDebug = "0";
      directionalWaypoint = "0";
      excludeFromMap = "0";
      position = "-265.576355 803.94989 74.9251251";
      scale = "4.19999981 4.19999981 4.19999981";
      rotationMatrix = "0.98773104 0.156164691 0 -0.156164691 0.98773104 0 0 0 1";
      canSave = "1";
      canSaveDynamicFields = "1";
      persistentId = "c80b3129-e0c0-4b76-9149-07390726ce77";
         mode = "Ignore";
   };
   new BeamNGWaypoint(wp23) {
      drawDebug = "0";
      directionalWaypoint = "0";
      excludeFromMap = "0";
      position = "-265.376251 701.529297 74.9251251";
      scale = "4 4 4";
      rotationMatrix = "0.98773104 0.156164691 0 -0.156164691 0.98773104 0 0 0 1";
      canSave = "1";
      canSaveDynamicFields = "1";
      persistentId = "1c0b46d4-c221-4328-8cdd-14a8c057f169";
         mode = "Ignore";
   };
   new BeamNGWaypoint(wp22) {
      drawDebug = "0";
      directionalWaypoint = "0";
      excludeFromMap = "0";
      position = "-353.815002 654.480469 74.9251251";
      scale = "2.5 2.5 2.5";
      rotationMatrix = "0.98773104 0.156164691 0 -0.156164691 0.98773104 0 0 0 1";
      canSave = "1";
      canSaveDynamicFields = "1";
      persistentId = "8ddcbf92-647e-49da-9ddc-ba1cf635e4f4";
         mode = "Ignore";
   };
   new BeamNGWaypoint(wp21) {
      drawDebug = "0";
      directionalWaypoint = "0";
      excludeFromMap = "0";
      position = "-415.824738 691.694153 74.9251251";
      scale = "2 2 2";
      rotationMatrix = "0.98773104 0.156164691 0 -0.156164691 0.98773104 0 0 0 1";
      canSave = "1";
      canSaveDynamicFields = "1";
      persistentId = "12572529-b392-4234-bdf1-89155df9bfd1";
         mode = "Ignore";
   };
   new BeamNGWaypoint(wp20) {
      drawDebug = "0";
      directionalWaypoint = "0";
      excludeFromMap = "0";
      position = "-608.72821 677.778809 91.6041107";
      scale = "8 8 8";
      rotationMatrix = "0.98773104 0.156164691 0 -0.156164691 0.98773104 0 0 0 1";
      canSave = "1";
      canSaveDynamicFields = "1";
      persistentId = "c033ba6a-2e94-4a75-a071-ac2d52d32427";
         mode = "Ignore";
   };
   new BeamNGWaypoint(wp19) {
      drawDebug = "0";
      directionalWaypoint = "0";
      excludeFromMap = "0";
      position = "-601.872559 646.094666 91.0770569";
      scale = "8 8 8";
      rotationMatrix = "0.98773104 0.156164691 0 -0.156164691 0.98773104 0 0 0 1";
      canSave = "1";
      canSaveDynamicFields = "1";
      persistentId = "363887f9-a7be-4874-8cb1-2ec5b9147790";
         mode = "Ignore";
   };
   new BeamNGWaypoint(wp17) {
      drawDebug = "0";
      directionalWaypoint = "0";
      excludeFromMap = "0";
      position = "-617.765564 531.717041 107.16127";
      scale = "3 3 3";
      rotationMatrix = "0.98773104 0.156164691 0 -0.156164691 0.98773104 0 0 0 1";
      canSave = "1";
      canSaveDynamicFields = "1";
      persistentId = "0354b49d-af60-4b1e-945b-73a67da9cd43";
         mode = "Ignore";
   };
   new BeamNGWaypoint(wp18) {
      drawDebug = "0";
      directionalWaypoint = "0";
      excludeFromMap = "0";
      position = "-624.203186 595.512146 99.9754181";
      scale = "8 8 8";
      rotationMatrix = "0.98773104 0.156164691 0 -0.156164691 0.98773104 0 0 0 1";
      canSave = "1";
      canSaveDynamicFields = "1";
      persistentId = "87b5bccc-c83c-495b-b004-9fdc5ef0af73";
         mode = "Ignore";
   };
   new BeamNGWaypoint(wp16) {
      drawDebug = "0";
      directionalWaypoint = "0";
      excludeFromMap = "0";
      position = "-642.069336 489.917023 116.55999";
      scale = "7.5 7.5 7.5";
      rotationMatrix = "0.98773104 0.156164691 0 -0.156164691 0.98773104 0 0 0 1";
      canSave = "1";
      canSaveDynamicFields = "1";
      persistentId = "4fdaba2c-a5e4-453a-8064-97afb6a32a5d";
         mode = "Ignore";
   };
   new BeamNGWaypoint(wp15) {
      drawDebug = "0";
      directionalWaypoint = "0";
      excludeFromMap = "0";
      position = "-618.537659 462.098816 114.708397";
      scale = "2 2 2";
      rotationMatrix = "0.98773104 0.156164691 0 -0.156164691 0.98773104 0 0 0 1";
      canSave = "1";
      canSaveDynamicFields = "1";
      persistentId = "70c02141-f6c7-4340-9eb9-865fc5b7cb60";
         mode = "Ignore";
   };
   new BeamNGWaypoint(wp14) {
      drawDebug = "0";
      directionalWaypoint = "0";
      excludeFromMap = "0";
      position = "-577.136719 420.610107 109.186905";
      scale = "2 2 2";
      rotationMatrix = "0.98773104 0.156164691 0 -0.156164691 0.98773104 0 0 0 1";
      canSave = "1";
      canSaveDynamicFields = "1";
      persistentId = "afa7e1ad-e128-494f-aee8-f1567d1dcb0a";
         mode = "Ignore";
   };
   new BeamNGWaypoint(wp13) {
      drawDebug = "0";
      directionalWaypoint = "0";
      excludeFromMap = "0";
      position = "-568.190613 394.570557 108.737846";
      scale = "3.5 3.5 3.5";
      rotationMatrix = "0.98773104 0.156164691 0 -0.156164691 0.98773104 0 0 0 1";
      canSave = "1";
      canSaveDynamicFields = "1";
      persistentId = "20249bd5-ee60-4bbb-b257-310841f410fa";
         mode = "Ignore";
   };
   new BeamNGWaypoint(wp12) {
      drawDebug = "0";
      directionalWaypoint = "0";
      excludeFromMap = "0";
      position = "-479.886841 310.762024 97.302124";
      scale = "7 7 7";
      rotationMatrix = "0.98773104 0.156164691 0 -0.156164691 0.98773104 0 0 0 1";
      canSave = "1";
      canSaveDynamicFields = "1";
      persistentId = "3e3b4a94-ed73-4bae-a7df-bddfc3f9bb39";
         mode = "Ignore";
   };
   new BeamNGWaypoint(wp11) {
      drawDebug = "0";
      directionalWaypoint = "0";
      excludeFromMap = "0";
      position = "-425.661835 264.329498 101.925865";
      scale = "2.79999995 2.79999995 2.79999995";
      rotationMatrix = "0.98773104 0.156164691 0 -0.156164691 0.98773104 0 0 0 1";
      canSave = "1";
      canSaveDynamicFields = "1";
      persistentId = "763af7c2-db11-4280-a034-1275ee8dbc51";
         mode = "Ignore";
   };
   new BeamNGWaypoint(wp10) {
      drawDebug = "0";
      directionalWaypoint = "0";
      excludeFromMap = "0";
      position = "-437.180634 274.419769 101.925865";
      scale = "2.79999995 2.79999995 2.79999995";
      rotationMatrix = "0.98773104 0.156164691 0 -0.156164691 0.98773104 0 0 0 1";
      canSave = "1";
      canSaveDynamicFields = "1";
      persistentId = "d8bbb01d-654f-44b1-81cf-34e4c5f0a5b7";
         mode = "Ignore";
   };
   new BeamNGWaypoint(wp9) {
      drawDebug = "0";
      directionalWaypoint = "0";
      excludeFromMap = "0";
      position = "-425.661835 264.329498 105.210571";
      scale = "2.79999995 2.79999995 2.79999995";
      rotationMatrix = "0.98773104 0.156164691 0 -0.156164691 0.98773104 0 0 0 1";
      canSave = "1";
      canSaveDynamicFields = "1";
      persistentId = "65b638f3-4ef0-451b-a169-986bab409c9c";
         mode = "Ignore";
   };
   new BeamNGWaypoint(wp8) {
      drawDebug = "0";
      directionalWaypoint = "0";
      excludeFromMap = "0";
      position = "-391.665466 298.501984 105.210571";
      scale = "2.79999995 2.79999995 2.79999995";
      rotationMatrix = "0.98773104 0.156164691 0 -0.156164691 0.98773104 0 0 0 1";
      canSave = "1";
      canSaveDynamicFields = "1";
      persistentId = "d3cae0a8-f2e3-4844-8237-a9eb9181cf9d";
         mode = "Ignore";
   };
   new BeamNGWaypoint(wp6) {
      drawDebug = "0";
      directionalWaypoint = "0";
      excludeFromMap = "0";
      position = "-417.851562 281.263153 101.882866";
      scale = "5.5 5.5 5.5";
      rotationMatrix = "0.98773104 0.156164691 0 -0.156164691 0.98773104 0 0 0 1";
      canSave = "1";
      canSaveDynamicFields = "1";
      persistentId = "ee39082a-bdba-4d3e-9586-46e3c57b1c85";
         mode = "Ignore";
   };
   new BeamNGWaypoint(wp7) {
      drawDebug = "0";
      directionalWaypoint = "0";
      excludeFromMap = "0";
      position = "-402.891815 308.92981 101.882866";
      scale = "2.79999995 2.79999995 2.79999995";
      rotationMatrix = "0.98773104 0.156164691 0 -0.156164691 0.98773104 0 0 0 1";
      canSave = "1";
      canSaveDynamicFields = "1";
      persistentId = "49dc8357-e691-4aa5-98f8-296adfa6114d";
         mode = "Ignore";
   };
   new BeamNGWaypoint(wp5) {
      drawDebug = "0";
      directionalWaypoint = "0";
      excludeFromMap = "0";
      position = "-391.916107 298.667572 101.882866";
      scale = "3 3 3";
      rotationMatrix = "0.98773104 0.156164691 0 -0.156164691 0.98773104 0 0 0 1";
      canSave = "1";
      canSaveDynamicFields = "1";
      persistentId = "ff724da8-8701-48f0-863c-bdcbee2c84ac";
         mode = "Ignore";
   };
   new BeamNGWaypoint(wp4) {
      drawDebug = "0";
      directionalWaypoint = "0";
      excludeFromMap = "0";
      position = "-363.953583 304.700806 101.685753";
      scale = "6 6 6";
      rotationMatrix = "0.98773104 0.156164691 0 -0.156164691 0.98773104 0 0 0 1";
      canSave = "1";
      canSaveDynamicFields = "1";
      persistentId = "350bf0ed-3495-485d-9907-0d376eaf4fc6";
         mode = "Ignore";
   };
   new BeamNGWaypoint(wp3) {
      drawDebug = "0";
      directionalWaypoint = "0";
      excludeFromMap = "0";
      position = "-382.78891 365.049377 101.704475";
      scale = "8.5 8.5 8.5";
      rotationMatrix = "0.98773104 0.156164691 0 -0.156164691 0.98773104 0 0 0 1";
      canSave = "1";
      canSaveDynamicFields = "1";
      persistentId = "f034c3b2-0939-4e3d-b0e2-143131b97893";
         mode = "Ignore";
   };
   new BeamNGWaypoint(wp2) {
      drawDebug = "0";
      directionalWaypoint = "0";
      excludeFromMap = "0";
      position = "-425.709076 324.891357 105.74189";
      scale = "1.39999998 1.39999998 1.39999998";
      rotationMatrix = "0.98773104 0.156164691 0 -0.156164691 0.98773104 0 0 0 1";
      canSave = "1";
      canSaveDynamicFields = "1";
      persistentId = "dcc7dbda-21d8-4fe0-be4e-6ab5fc1318fc";
         mode = "Ignore";
   };
   new BeamNGWaypoint(wp1) {
      drawDebug = "0";
      directionalWaypoint = "0";
      excludeFromMap = "0";
      position = "-441.539642 288.32135 98.3526077";
      scale = "4 4 4";
      rotationMatrix = "0.98773104 0.156164691 0 -0.156164691 0.98773104 0 0 0 1";
      canSave = "1";
      canSaveDynamicFields = "1";
      persistentId = "75a8d4ed-8837-4c60-b38a-7dbb6755a98a";
         mode = "Ignore";
   };
   new TSStatic(arrow5) {
      shapeName = "/levels/rls_west_coast_usa/art/shapes/race/sign_arrows.dae";
      dynamic = "0";
      playAmbient = "1";
      meshCulling = "0";
      originSort = "0";
      useInstanceRenderData = "0";
      instanceColor = "White";
      instanceColor1 = "White";
      instanceColor2 = "White";
      collisionType = "None";
      decalType = "None";
      prebuildCollisionData = "0";
      renderNormals = "0";
      forceDetail = "-1";
      position = "-238.01358 486.431458 75.3477707";
      scale = "1.5 1.5 1.5";
      rotationMatrix = "-0.955758929 0.293822557 0.0139336381 -0.288088083 -0.925434291 -0.246124327 -0.059422195 -0.239249349 0.969137967";
      isRenderEnabled = "false";
      canSave = "1";
      canSaveDynamicFields = "1";
      persistentId = "7add7b63-14f6-4f74-a5e5-b8c4fea16385";
         mode = "Ignore";
   };
   new TSStatic(arrow28) {
      shapeName = "/levels/rls_west_coast_usa/art/shapes/race/sign_arrows.dae";
      dynamic = "0";
      playAmbient = "1";
      meshCulling = "0";
      originSort = "0";
      useInstanceRenderData = "0";
      instanceColor = "White";
      instanceColor1 = "White";
      instanceColor2 = "White";
      collisionType = "None";
      decalType = "None";
      prebuildCollisionData = "0";
      renderNormals = "0";
      forceDetail = "-1";
      position = "-234.689407 485.409241 75.3477707";
      scale = "1.5 1.5 1.5";
      rotationMatrix = "-0.963206649 0.268402576 0.0139336204 -0.263473332 -0.932740688 -0.246124312 -0.0530639216 -0.240739435 0.969138086";
      isRenderEnabled = "false";
      canSave = "1";
      canSaveDynamicFields = "1";
      persistentId = "d2dbbfc8-9ac3-4e7f-aef8-ef9a0f47d048";
         mode = "Ignore";
   };
   new TSStatic(arrow1) {
      shapeName = "/levels/rls_west_coast_usa/art/shapes/race/sign_arrows.dae";
      dynamic = "0";
      playAmbient = "1";
      meshCulling = "0";
      originSort = "0";
      useInstanceRenderData = "0";
      instanceColor = "White";
      instanceColor1 = "White";
      instanceColor2 = "White";
      collisionType = "None";
      decalType = "None";
      prebuildCollisionData = "0";
      renderNormals = "0";
      forceDetail = "-1";
      position = "-292.965851 208.619736 91.1555252";
      scale = "1.5 1.5 1.5";
      rotationMatrix = "0.684030235 -0.729428113 -0.00619372027 0.705964863 0.659842014 0.257336766 -0.183621824 -0.180398494 0.966301799";
      isRenderEnabled = "false";
      canSave = "1";
      canSaveDynamicFields = "1";
      persistentId = "fa567443-cb5c-490a-a657-c00a82549597";
         mode = "Ignore";
   };
   new TSStatic(arrow2) {
      shapeName = "/levels/rls_west_coast_usa/art/shapes/race/sign_arrows.dae";
      dynamic = "0";
      playAmbient = "1";
      meshCulling = "0";
      originSort = "0";
      useInstanceRenderData = "0";
      instanceColor = "White";
      instanceColor1 = "White";
      instanceColor2 = "White";
      collisionType = "None";
      decalType = "None";
      prebuildCollisionData = "0";
      renderNormals = "0";
      forceDetail = "-1";
      position = "-369.02655 149.4767 101.567848";
      scale = "1.5 1.5 1.5";
      rotationMatrix = "0.696432829 -0.717621088 -0.00114473235 0.692691684 0.671820581 0.26236549 -0.187510118 -0.183512747 0.964967072";
      isRenderEnabled = "false";
      canSave = "1";
      canSaveDynamicFields = "1";
      persistentId = "2ae40ec3-454a-4b4f-980a-6cceef24cd8f";
         mode = "Ignore";
   };
   new TSStatic(barrierB27) {
      shapeName = "/levels/rls_west_coast_usa/art/shapes/objects/constructionbarrier.dae";
      dynamic = "0";
      playAmbient = "1";
      meshCulling = "0";
      originSort = "0";
      useInstanceRenderData = "0";
      instanceColor = "White";
      instanceColor1 = "White";
      instanceColor2 = "White";
      collisionType = "Collision Mesh";
      decalType = "Collision Mesh";
      prebuildCollisionData = "0";
      renderNormals = "0";
      forceDetail = "-1";
      position = "-421.72113 264.095154 101.972328";
      scale = "1 1 1";
      rotationMatrix = "0.66361016 -0.748078585 0 0.748078525 0.66361028 0 0 0 1";
      isRenderEnabled = "false";
      canSave = "1";
      canSaveDynamicFields = "1";
      persistentId = "a442aa24-bd51-43df-8ab4-987dc3ddcbfd";
         mode = "Ignore";
   };
   new TSStatic(barrier49) {
      shapeName = "/art/shapes/race/s_concrete_race_barrier.dae";
      dynamic = "0";
      playAmbient = "1";
      meshCulling = "0";
      originSort = "0";
      useInstanceRenderData = "0";
      instanceColor = "White";
      instanceColor1 = "White";
      instanceColor2 = "White";
      collisionType = "Collision Mesh";
      decalType = "Collision Mesh";
      prebuildCollisionData = "0";
      renderNormals = "0";
      forceDetail = "-1";
      position = "-421.220825 133.541901 99.9333191";
      scale = "1 1 1";
      rotationMatrix = "0.98820132 -0.152526498 0.0139204748 0.15254128 0.988297105 0 -0.0137575641 0.00212344714 0.999903083";
      isRenderEnabled = "false";
      canSave = "1";
      canSaveDynamicFields = "1";
      persistentId = "4358fadd-a807-4576-a248-b38dd2542e3f";
         mode = "Ignore";
   };
   new TSStatic(barrier109) {
      shapeName = "/art/shapes/race/s_concrete_race_barrier.dae";
      dynamic = "0";
      playAmbient = "1";
      meshCulling = "0";
      originSort = "0";
      useInstanceRenderData = "0";
      instanceColor = "White";
      instanceColor1 = "White";
      instanceColor2 = "White";
      collisionType = "Collision Mesh";
      decalType = "Collision Mesh";
      prebuildCollisionData = "0";
      renderNormals = "0";
      forceDetail = "-1";
      position = "-427.14447 134.441818 99.8499069";
      scale = "1 1 1";
      rotationMatrix = "0.98820132 -0.152526498 0.0139204748 0.15254128 0.988297105 0 -0.0137575641 0.00212344714 0.999903083";
      isRenderEnabled = "false";
      canSave = "1";
      canSaveDynamicFields = "1";
      persistentId = "1aaf4d27-6a89-42fb-85c3-dfe8bd567e2e";
         mode = "Ignore";
   };
   new TSStatic(barrier110) {
      shapeName = "/art/shapes/race/s_concrete_race_barrier.dae";
      dynamic = "0";
      playAmbient = "1";
      meshCulling = "0";
      originSort = "0";
      useInstanceRenderData = "0";
      instanceColor = "White";
      instanceColor1 = "White";
      instanceColor2 = "White";
      collisionType = "Collision Mesh";
      decalType = "Collision Mesh";
      prebuildCollisionData = "0";
      renderNormals = "0";
      forceDetail = "-1";
      position = "-443.463776 136.636078 99.8862915";
      scale = "1 1 1";
      rotationMatrix = "-0.948681235 0.316064626 0.010320548 -0.316030532 -0.948736429 0.00482771173 0.0113173518 0.0013183523 0.999935091";
      isRenderEnabled = "false";
      canSave = "1";
      canSaveDynamicFields = "1";
      persistentId = "6d8f709a-3bcc-4797-8e56-abdd754082bb";
         mode = "Ignore";
   };
   new TSStatic(barrier111) {
      shapeName = "/art/shapes/race/s_concrete_race_barrier.dae";
      dynamic = "0";
      playAmbient = "1";
      meshCulling = "0";
      originSort = "0";
      useInstanceRenderData = "0";
      instanceColor = "White";
      instanceColor1 = "White";
      instanceColor2 = "White";
      collisionType = "Collision Mesh";
      decalType = "Collision Mesh";
      prebuildCollisionData = "0";
      renderNormals = "0";
      forceDetail = "-1";
      position = "-447.808746 138.220581 99.9485092";
      scale = "1 1 1";
      rotationMatrix = "-0.954690814 0.297419757 0.0103200283 -0.297383994 -0.954745293 0.00488036405 0.0113045182 0.00159022817 0.999934852";
      isRenderEnabled = "false";
      canSave = "1";
      canSaveDynamicFields = "1";
      persistentId = "6293c1a6-1933-4eb5-a0bd-b9c66a26cd8b";
         mode = "Ignore";
   };
   new TSStatic(barrier112) {
      shapeName = "/art/shapes/race/s_concrete_race_barrier.dae";
      dynamic = "0";
      playAmbient = "1";
      meshCulling = "0";
      originSort = "0";
      useInstanceRenderData = "0";
      instanceColor = "White";
      instanceColor1 = "White";
      instanceColor2 = "White";
      collisionType = "Collision Mesh";
      decalType = "Collision Mesh";
      prebuildCollisionData = "0";
      renderNormals = "0";
      forceDetail = "-1";
      position = "-439.232513 135.092911 99.8381882";
      scale = "1 1 1";
      rotationMatrix = "-0.941175342 0.337759912 0.0103224711 -0.337727785 -0.94123137 0.00476603489 0.0113256136 0.000999490498 0.999935389";
      isRenderEnabled = "false";
      canSave = "1";
      canSaveDynamicFields = "1";
      persistentId = "3a6a7b4b-d16c-464d-85e0-8b2d5f182a13";
         mode = "Ignore";
   };
   new TSStatic(barrier113) {
      shapeName = "/art/shapes/race/s_concrete_race_barrier.dae";
      dynamic = "0";
      playAmbient = "1";
      meshCulling = "0";
      originSort = "0";
      useInstanceRenderData = "0";
      instanceColor = "White";
      instanceColor1 = "White";
      instanceColor2 = "White";
      collisionType = "Collision Mesh";
      decalType = "Collision Mesh";
      prebuildCollisionData = "0";
      renderNormals = "0";
      forceDetail = "-1";
      position = "-457.779358 141.769135 100.071526";
      scale = "1 1 1";
      rotationMatrix = "-0.936254025 0.351273865 0.00589639321 -0.351248831 -0.936269283 0.00488036498 0.00723495707 0.00249816035 0.999970734";
      isRenderEnabled = "false";
      canSave = "1";
      canSaveDynamicFields = "1";
      persistentId = "4aa1a9e5-d826-475c-8293-30cc9b2c51ff";
         mode = "Ignore";
   };
   new TSStatic(barrier114) {
      shapeName = "/art/shapes/race/s_concrete_race_barrier.dae";
      dynamic = "0";
      playAmbient = "1";
      meshCulling = "0";
      originSort = "0";
      useInstanceRenderData = "0";
      instanceColor = "White";
      instanceColor1 = "White";
      instanceColor2 = "White";
      collisionType = "Collision Mesh";
      decalType = "Collision Mesh";
      prebuildCollisionData = "0";
      renderNormals = "0";
      forceDetail = "-1";
      position = "-462.160431 143.315918 100.102982";
      scale = "1 1 1";
      rotationMatrix = "-0.936243415 0.351276994 0.00726681296 -0.35124886 -0.936269403 0.00488036452 0.00851805415 0.00201674923 0.999961674";
      isRenderEnabled = "false";
      canSave = "1";
      canSaveDynamicFields = "1";
      persistentId = "1be942c7-c6e6-434a-b2ff-8aade8cee554";
         mode = "Ignore";
   };
   new TSStatic(barrier115) {
      shapeName = "/art/shapes/race/s_concrete_race_barrier.dae";
      dynamic = "0";
      playAmbient = "1";
      meshCulling = "0";
      originSort = "0";
      useInstanceRenderData = "0";
      instanceColor = "White";
      instanceColor1 = "White";
      instanceColor2 = "White";
      collisionType = "Collision Mesh";
      decalType = "Collision Mesh";
      prebuildCollisionData = "0";
      renderNormals = "0";
      forceDetail = "-1";
      position = "-452.905853 140.084229 100.002541";
      scale = "1 1 1";
      rotationMatrix = "-0.944454014 0.328385562 0.0130075729 -0.328349501 -0.944543839 0.00488036498 0.0138888657 0.000338250567 0.99990356";
      isRenderEnabled = "false";
      canSave = "1";
      canSaveDynamicFields = "1";
      persistentId = "5cf668c9-b264-410f-854f-b74caf2b9352";
         mode = "Ignore";
   };
   new TSStatic(barrier116) {
      shapeName = "/art/shapes/race/s_concrete_race_barrier.dae";
      dynamic = "0";
      playAmbient = "1";
      meshCulling = "0";
      originSort = "0";
      useInstanceRenderData = "0";
      instanceColor = "White";
      instanceColor1 = "White";
      instanceColor2 = "White";
      collisionType = "Collision Mesh";
      decalType = "Collision Mesh";
      prebuildCollisionData = "0";
      renderNormals = "0";
      forceDetail = "-1";
      position = "-453.650269 159.953537 100.226669";
      scale = "1 1 1";
      rotationMatrix = "-0.936179042 0.351282775 0.0130075775 -0.35124889 -0.936269462 0.00488036545 0.0138929859 -1.39698364e-09 0.99990356";
      isRenderEnabled = "false";
      canSave = "1";
      canSaveDynamicFields = "1";
      persistentId = "a7aec630-b8be-4035-a82e-0564baaba297";
         mode = "Ignore";
   };
   new TSStatic(barrier117) {
      shapeName = "/art/shapes/race/s_concrete_race_barrier.dae";
      dynamic = "0";
      playAmbient = "1";
      meshCulling = "0";
      originSort = "0";
      useInstanceRenderData = "0";
      instanceColor = "White";
      instanceColor1 = "White";
      instanceColor2 = "White";
      collisionType = "Collision Mesh";
      decalType = "Collision Mesh";
      prebuildCollisionData = "0";
      renderNormals = "0";
      forceDetail = "-1";
      position = "-449.269592 158.406769 100.16745";
      scale = "1 1 1";
      rotationMatrix = "-0.936179042 0.351282775 0.0130075775 -0.35124889 -0.936269462 0.00488036545 0.0138929859 -1.39698364e-09 0.99990356";
      isRenderEnabled = "false";
      canSave = "1";
      canSaveDynamicFields = "1";
      persistentId = "688ce1dd-720a-48d3-84da-03eaa95288ab";
         mode = "Ignore";
   };
   new TSStatic(barrier118) {
      shapeName = "/art/shapes/race/s_concrete_race_barrier.dae";
      dynamic = "0";
      playAmbient = "1";
      meshCulling = "0";
      originSort = "0";
      useInstanceRenderData = "0";
      instanceColor = "White";
      instanceColor1 = "White";
      instanceColor2 = "White";
      collisionType = "Collision Mesh";
      decalType = "Collision Mesh";
      prebuildCollisionData = "0";
      renderNormals = "0";
      forceDetail = "-1";
      position = "-444.395874 156.721893 100.124397";
      scale = "1 1 1";
      rotationMatrix = "-0.944454014 0.328385562 0.0130075729 -0.328349501 -0.944543839 0.00488036498 0.0138888657 0.000338250567 0.99990356";
      isRenderEnabled = "false";
      canSave = "1";
      canSaveDynamicFields = "1";
      persistentId = "c4eb0ee3-530b-4c80-9330-f13501694214";
         mode = "Ignore";
   };
   new TSStatic(barrier119) {
      shapeName = "/art/shapes/race/s_concrete_race_barrier.dae";
      dynamic = "0";
      playAmbient = "1";
      meshCulling = "0";
      originSort = "0";
      useInstanceRenderData = "0";
      instanceColor = "White";
      instanceColor1 = "White";
      instanceColor2 = "White";
      collisionType = "Collision Mesh";
      decalType = "Collision Mesh";
      prebuildCollisionData = "0";
      renderNormals = "0";
      forceDetail = "-1";
      position = "-439.300415 154.858673 100.055573";
      scale = "1 1 1";
      rotationMatrix = "-0.954657137 0.297423005 0.0130075738 -0.297384024 -0.954745531 0.00488036498 0.0138704572 0.000790830934 0.99990356";
      isRenderEnabled = "false";
      canSave = "1";
      canSaveDynamicFields = "1";
      persistentId = "b0d22eba-944a-49d7-a328-ef32f5752e6e";
         mode = "Ignore";
   };
   new TSStatic(barrier120) {
      shapeName = "/art/shapes/race/s_concrete_race_barrier.dae";
      dynamic = "0";
      playAmbient = "1";
      meshCulling = "0";
      originSort = "0";
      useInstanceRenderData = "0";
      instanceColor = "White";
      instanceColor1 = "White";
      instanceColor2 = "White";
      collisionType = "Collision Mesh";
      decalType = "Collision Mesh";
      prebuildCollisionData = "0";
      renderNormals = "0";
      forceDetail = "-1";
      position = "-434.960724 154.197906 100.007553";
      scale = "1 1 1";
      rotationMatrix = "-0.997515082 -0.0692431107 0.0130075691 0.0693113431 -0.997583508 0.00488037197 0.0126382103 0.00576981436 0.999903798";
      isRenderEnabled = "false";
      canSave = "1";
      canSaveDynamicFields = "1";
      persistentId = "96b9ad5d-58c6-4bd5-9bde-ac0e1fde6659";
         mode = "Ignore";
   };
   new TSStatic(barrier121) {
      shapeName = "/art/shapes/race/s_concrete_race_barrier.dae";
      dynamic = "0";
      playAmbient = "1";
      meshCulling = "0";
      originSort = "0";
      useInstanceRenderData = "0";
      instanceColor = "White";
      instanceColor1 = "White";
      instanceColor2 = "White";
      collisionType = "Collision Mesh";
      decalType = "Collision Mesh";
      prebuildCollisionData = "0";
      renderNormals = "0";
      forceDetail = "-1";
      position = "-431.015747 154.696259 99.9578476";
      scale = "1 1 1";
      rotationMatrix = "-0.98631537 -0.164357007 0.0130075635 0.164431497 -0.986376524 0.00488037057 0.0120282378 0.00695243571 0.999903798";
      isRenderEnabled = "false";
      canSave = "1";
      canSaveDynamicFields = "1";
      persistentId = "c2a117d1-daa9-459f-adaa-af37162db3eb";
         mode = "Ignore";
   };
   new TSStatic(barrier48) {
      shapeName = "/art/shapes/race/s_concrete_race_barrier.dae";
      dynamic = "0";
      playAmbient = "1";
      meshCulling = "0";
      originSort = "0";
      useInstanceRenderData = "0";
      instanceColor = "White";
      instanceColor1 = "White";
      instanceColor2 = "White";
      collisionType = "Collision Mesh";
      decalType = "Collision Mesh";
      prebuildCollisionData = "0";
      renderNormals = "0";
      forceDetail = "-1";
      position = "-627.075012 667.510742 91.4956284";
      scale = "1 1 1";
      rotationMatrix = "-0.200323701 -0.979711175 0.00612176862 0.97953999 -0.200404152 -0.0184058808 0.0192592926 0.00230939779 0.999812365";
      isRenderEnabled = "false";
      canSave = "1";
      canSaveDynamicFields = "1";
      persistentId = "f27853e1-b2df-4214-91d7-552240896a76";
         mode = "Ignore";
   };
   new TSStatic(barrier45) {
      shapeName = "/art/shapes/race/s_concrete_race_barrier.dae";
      dynamic = "0";
      playAmbient = "1";
      meshCulling = "0";
      originSort = "0";
      useInstanceRenderData = "0";
      instanceColor = "White";
      instanceColor1 = "White";
      instanceColor2 = "White";
      collisionType = "Collision Mesh";
      decalType = "Collision Mesh";
      prebuildCollisionData = "0";
      renderNormals = "0";
      forceDetail = "-1";
      position = "-626.630249 658.415588 91.4956284";
      scale = "1 1 1";
      rotationMatrix = "-0.279389679 0.960159123 0.00612180308 -0.960046172 -0.279239446 -0.0184058994 -0.0159631148 -0.0110196061 0.999812901";
      isRenderEnabled = "false";
      canSave = "1";
      canSaveDynamicFields = "1";
      persistentId = "171415fe-3081-4785-bb87-971ce4c515ab";
         mode = "Ignore";
   };
   new TSStatic(barrier44) {
      shapeName = "/art/shapes/race/s_concrete_race_barrier.dae";
      dynamic = "0";
      playAmbient = "1";
      meshCulling = "0";
      originSort = "0";
      useInstanceRenderData = "0";
      instanceColor = "White";
      instanceColor1 = "White";
      instanceColor2 = "White";
      collisionType = "Collision Mesh";
      decalType = "Collision Mesh";
      prebuildCollisionData = "0";
      renderNormals = "0";
      forceDetail = "-1";
      position = "-627.296509 662.855286 91.4956284";
      scale = "1 1 1";
      rotationMatrix = "0.00305302674 0.99997735 0.00612181332 -0.99982655 0.00316514121 -0.0184058808 -0.0184248053 -0.00606453978 0.999812663";
      isRenderEnabled = "false";
      canSave = "1";
      canSaveDynamicFields = "1";
      persistentId = "36f1728e-190d-4f6a-a4aa-444e8dd64dd6";
         mode = "Ignore";
   };
   new TSStatic(barrier43) {
      shapeName = "/art/shapes/race/s_concrete_race_barrier.dae";
      dynamic = "0";
      playAmbient = "1";
      meshCulling = "0";
      originSort = "0";
      useInstanceRenderData = "0";
      instanceColor = "White";
      instanceColor1 = "White";
      instanceColor2 = "White";
      collisionType = "Collision Mesh";
      decalType = "Collision Mesh";
      prebuildCollisionData = "0";
      renderNormals = "0";
      forceDetail = "-1";
      position = "-584.393555 645.425781 91.122551";
      scale = "1 1 1";
      rotationMatrix = "-0.702632546 0.711460114 0.01155499 -0.711536467 -0.702409387 -0.0183884297 -0.00496629113 -0.0211420786 0.99976486";
      isRenderEnabled = "false";
      canSave = "1";
      canSaveDynamicFields = "1";
      persistentId = "4da441e0-8133-454e-92ec-bdd5fd3b56dd";
         mode = "Ignore";
   };
   new TSStatic(barrier42) {
      shapeName = "/art/shapes/race/s_concrete_race_barrier.dae";
      dynamic = "0";
      playAmbient = "1";
      meshCulling = "0";
      originSort = "0";
      useInstanceRenderData = "0";
      instanceColor = "White";
      instanceColor1 = "White";
      instanceColor2 = "White";
      collisionType = "Collision Mesh";
      decalType = "Collision Mesh";
      prebuildCollisionData = "0";
      renderNormals = "0";
      forceDetail = "-1";
      position = "-388.087128 312.706421 101.701088";
      scale = "1 1 1";
      rotationMatrix = "0.996217787 0.0864971355 -0.00826532487 -0.0865000859 0.996251822 5.82076609e-11 0.00823434535 0.000714951311 0.999965847";
      isRenderEnabled = "false";
      canSave = "1";
      canSaveDynamicFields = "1";
