{"class":"BeamNGVehicle","persistentId":"016241c3-931b-443d-8a0e-3eecced6c9f4","__parent":"obstacles_group","position":[-792.327515,329.149811,148.620422],"color":[0.860000014,0.100000046,0.100000046,1.20000005],"colorPalette0":[0.860000014,0.660000026,0.100000001,1.20000005],"colorPalette1":[0.860000014,0.660000026,0.100000001,1.20000005],"dataBlock":"default_vehicle","jbeam":"sunburst","licenseDesign":"vehicles/common/licenseplates/west_coast_usa/licensePlate-default.json","licenseFormats":"[\"30-15\"]","licenseText":"2HNL729","metallicPaintData":[[0,1,1,0.0399999991],[0,1,1,0.0399999991],[0,1,1,0.0399999991],null],"partConfig":"vehicles/sunburst/simple_traffic_parked_sunburst_alt.pc","rotationMatrix":[0.7413975,-0.667080045,0.0730339438,0.670971751,0.735065222,-0.0973444656,0.011251837,0.121174656,0.99256742]}
{"class":"BeamNGVehicle","persistentId":"03626e6b-15ae-4907-bddd-f4bf3aebce23","__parent":"obstacles_group","position":[-822.724426,560.820374,126.716568],"color":[0.384638011,0.397062808,0.43682164,1.20000005],"colorPalette0":[0,0.100000001,0.419999987,1.20000005],"colorPalette1":[0,0.100000001,0.419999987,1.20000005],"dataBlock":"default_vehicle","jbeam":"etki","licenseDesign":"vehicles/common/licenseplates/west_coast_usa/licensePlate-default.json","licenseFormats":"[\"30-15\"]","licenseText":"8ZGK947","metallicPaintData":[[0,1,1,0.0599999987],[0,1,1,0.0599999987],[0,1,1,0.0599999987],null],"partConfig":"{[\"model\"]=\"etki\",[\"parts\"]={[\"paint_design\"]=\"\",[\"simple_traffic_etki_swaybar_R_doublewishbone\"]=\"\",[\"simple_traffic_etki_wheeldata_F_strut\"]=\"simple_traffic_etki_wheeldata_F_strut\",[\"simple_traffic_etki_wheeldata_R_doublewishbone\"]=\"simple_traffic_etki_wheeldata_R_doublewishbone\",[\"simple_traffic_etki_bumper_F\"]=\"simple_traffic_etki_bumper_F_alt\",[\"simple_traffic_etki_bumper_R\"]=\"simple_traffic_etki_bumper_R\",[\"simple_traffic_etki_hood\"]=\"simple_traffic_etki_hood\",[\"simple_traffic_etki_licenseplate\"]=\"simple_traffic_etki_licenseplate\",[\"simple_traffic_etki_mirrors\"]=\"simple_traffic_etki_mirrors\",[\"simple_traffic_etki_skin_interior\"]=\"\",[\"simple_traffic_etki_trunk\"]=\"simple_traffic_etki_trunk\",[\"etki_mod\"]=\"\",[\"soundscape_horn\"]=\"soundscape_horn_3\",[\"simple_traffic_etki_wheels_R_parked\"]=\"simple_traffic_etki_wheels_R_parked\",[\"etki_body\"]=\"simple_traffic_etki_parlked\",[\"simple_traffic_etki_wheels_F_parked\"]=\"simple_traffic_etki_wheels_F_parked\",[\"simple_traffic_etki_coilover_F_strut\"]=\"simple_traffic_etki_coilover_F_strut\",[\"simple_traffic_etki_brake_F\"]=\"\",[\"simple_traffic_etki_brake_R\"]=\"\",[\"licenseplate_design_2_1\"]=\"\",[\"simple_traffic_etki_coilover_R_doublewishbone\"]=\"simple_traffic_etki_coilover_R_doublewishbone\",[\"simple_traffic_etki_steering_strut\"]=\"simple_traffic_etki_steering_strut_parked\",[\"simple_traffic_etki_suspension_F\"]=\"simple_traffic_etki_strut_F\",[\"simple_traffic_etki_swaybar_F_strut\"]=\"\",[\"simple_traffic_etki_suspension_R\"]=\"simple_traffic_etki_doublewishbone_R\"},[\"paints\"]={[\"clearcoatRoughness\"]=0,[\"baseColor\"]={0.384638011,0.397062808,0.43682164,1.20000005},[\"metallic\"]=0.2,[\"roughness\"]=0.5,[\"clearcoat\"]=0.8},[\"mainPartName\"]=\"etki\",[\"vars\"]={},[\"partConfigFilename\"]=\"vehicles/etki/simple_traffic_parked_etki.pc\"}","rotationMatrix":[-0.0163551569,-0.998938024,-0.0430715233,0.999857128,-0.0161563158,-0.0049614273,0.00426027924,-0.0431465171,0.999059677]}
{"class":"BeamNGVehicle","persistentId":"099394f1-1914-4fba-b8b4-429b66db4eb3","__parent":"obstacles_group","position":[-728.666321,343.68219,139.787811],"dataBlock":"default_vehicle","jbeam":"haybale","metallicPaintData":[[0.200000003,0.5,0.800000012,0],[0.200000003,0.5,0.800000012,0],[0.200000003,0.5,0.800000012,0],null],"partConfig":"vehicles/haybale/round_alt.pc","rotationMatrix":[0.0136486292,-0.993642271,-0.111752979,-0.999566615,-0.0164740086,0.0243978687,-0.0260837749,0.111371547,-0.993436456]}
{"class":"BeamNGVehicle","persistentId":"0f5b7f75-3adb-4e8a-a862-693cad1cbd2b","__parent":"obstacles_group","position":[-676.521301,447.4375,124.907234],"dataBlock":"default_vehicle","jbeam":"haybale","metallicPaintData":[[0.200000003,0.5,0.800000012,0],[0.200000003,0.5,0.800000012,0],[0.200000003,0.5,0.800000012,0],null],"partConfig":"vehicles/haybale/round_alt.pc","rotationMatrix":[0.844966412,0.522502124,-0.114119582,0.520120561,-0.852500558,-0.0521290191,-0.124524526,-0.015308667,-0.992098451]}
{"class":"BeamNGVehicle","persistentId":"118a8f50-c0d5-4e11-8d40-7f2b7d06d0c7","__parent":"obstacles_group","position":[-857.648499,551.861145,128.820892],"dataBlock":"default_vehicle","jbeam":"haybale","metallicPaintData":[[0.200000003,0.5,0.800000012,0],[0.200000003,0.5,0.800000012,0],[0.200000003,0.5,0.800000012,0],null],"partConfig":"vehicles/haybale/round_alt.pc","rotationMatrix":[0.0667771697,-0.997767746,0,0.997767746,0.0667771697,0,0,0,1]}
{"class":"BeamNGVehicle","persistentId":"13683da6-0ca1-43cd-b01f-8530f24ff13a","__parent":"obstacles_group","position":[-704.950439,574.09729,117.522644],"color":[0.442510307,0.081278421,0.17113632,1.20000005],"colorPalette0":[0,0.100000001,0.419999987,1.20000005],"colorPalette1":[0,0.100000001,0.419999987,1.20000005],"dataBlock":"default_vehicle","jbeam":"etki","licenseDesign":"vehicles/common/licenseplates/west_coast_usa/licensePlate-default.json","licenseFormats":"[\"30-15\"]","licenseText":"8ZGK947","metallicPaintData":[[0,1,1,0.0599999987],[0,1,1,0.0599999987],[0,1,1,0.0599999987],null],"partConfig":"{[\"model\"]=\"etki\",[\"parts\"]={[\"paint_design\"]=\"\",[\"simple_traffic_etki_swaybar_R_doublewishbone\"]=\"\",[\"simple_traffic_etki_wheeldata_F_strut\"]=\"simple_traffic_etki_wheeldata_F_strut\",[\"simple_traffic_etki_wheeldata_R_doublewishbone\"]=\"simple_traffic_etki_wheeldata_R_doublewishbone\",[\"simple_traffic_etki_bumper_F\"]=\"simple_traffic_etki_bumper_F_alt\",[\"simple_traffic_etki_bumper_R\"]=\"simple_traffic_etki_bumper_R\",[\"simple_traffic_etki_hood\"]=\"simple_traffic_etki_hood\",[\"simple_traffic_etki_licenseplate\"]=\"simple_traffic_etki_licenseplate\",[\"simple_traffic_etki_mirrors\"]=\"simple_traffic_etki_mirrors\",[\"simple_traffic_etki_skin_interior\"]=\"\",[\"simple_traffic_etki_trunk\"]=\"simple_traffic_etki_trunk\",[\"etki_mod\"]=\"\",[\"simple_traffic_etki_swaybar_F_strut\"]=\"\",[\"simple_traffic_etki_coilover_F_strut\"]=\"simple_traffic_etki_coilover_F_strut\",[\"etki_body\"]=\"simple_traffic_etki_parlked\",[\"simple_traffic_etki_wheels_F_parked\"]=\"simple_traffic_etki_wheels_F_parked\",[\"simple_traffic_etki_wheels_R_parked\"]=\"simple_traffic_etki_wheels_R_parked\",[\"simple_traffic_etki_brake_F\"]=\"\",[\"simple_traffic_etki_brake_R\"]=\"\",[\"licenseplate_design_2_1\"]=\"\",[\"simple_traffic_etki_coilover_R_doublewishbone\"]=\"simple_traffic_etki_coilover_R_doublewishbone\",[\"simple_traffic_etki_steering_strut\"]=\"simple_traffic_etki_steering_strut_parked\",[\"simple_traffic_etki_suspension_F\"]=\"simple_traffic_etki_strut_F\",[\"soundscape_horn\"]=\"soundscape_horn_3\",[\"simple_traffic_etki_suspension_R\"]=\"simple_traffic_etki_doublewishbone_R\"},[\"paints\"]={[\"clearcoatRoughness\"]=0,[\"baseColor\"]={0.442510307,0.081278421,0.17113632,1.20000005},[\"metallic\"]=0.2,[\"roughness\"]=0.5,[\"clearcoat\"]=0.8},[\"mainPartName\"]=\"etki\",[\"vars\"]={},[\"partConfigFilename\"]=\"vehicles/etki/simple_traffic_parked_etki.pc\"}","rotationMatrix":[-0.702966928,-0.687658668,0.181556031,0.700248599,-0.713859439,0.00749083236,0.124454394,0.132400185,0.983352065]}
{"class":"BeamNGVehicle","persistentId":"1c0be766-62c7-4c08-858c-d9432960d4f7","__parent":"obstacles_group","position":[-503.213013,330.509033,98.4043655],"dataBlock":"default_vehicle","jbeam":"haybale","metallicPaintData":[[0.200000003,0.5,0.800000012,0],[0.200000003,0.5,0.800000012,0],[0.200000003,0.5,0.800000012,0],null],"partConfig":"vehicles/haybale/round_alt.pc","rotationMatrix":[0.918053985,0.379675657,-0.114119597,0.376112372,-0.925106883,-0.0521290228,-0.1253649,0.00493547134,-0.992098808]}
{"class":"BeamNGVehicle","persistentId":"21eaed5b-79a1-4e34-901f-616caf01959c","__parent":"obstacles_group","position":[-416.043091,403.074005,97.7292938],"dataBlock":"default_vehicle","jbeam":"haybale","metallicPaintData":[[0.200000003,0.5,0.800000012,0],[0.200000003,0.5,0.800000012,0],[0.200000003,0.5,0.800000012,0],null],"partConfig":"vehicles/haybale/round_alt.pc","rotationMatrix":[-0.548910141,0.828054309,-0.114119574,0.835659862,0.546767831,-0.0521290079,0.0192312486,-0.123979308,-0.992098212]}
{"class":"BeamNGVehicle","persistentId":"240224da-54b2-4f6a-b269-a476eeac1e35","__parent":"obstacles_group","position":[-667.815613,503.897034,118.957993],"dataBlock":"default_vehicle","jbeam":"haybale","metallicPaintData":[[0.200000003,0.5,0.800000012,0],[0.200000003,0.5,0.800000012,0],[0.200000003,0.5,0.800000012,0],null],"partConfig":"vehicles/haybale/round_alt.pc","rotationMatrix":[-0.967074394,-0.227471545,-0.114119567,-0.222822979,0.973464191,-0.0521290079,0.122949176,-0.0249841791,-0.992098212]}
{"class":"BeamNGVehicle","persistentId":"25299a5c-ba14-42ad-af54-4820d3bd3213","__parent":"obstacles_group","position":[-678.479248,449.432556,124.901115],"dataBlock":"default_vehicle","jbeam":"haybale","metallicPaintData":[[0.200000003,0.5,0.800000012,0],[0.200000003,0.5,0.800000012,0],[0.200000003,0.5,0.800000012,0],null],"partConfig":"vehicles/haybale/round_alt.pc","rotationMatrix":[0.844966412,0.522502124,-0.114119582,0.520120561,-0.852500558,-0.0521290191,-0.124524526,-0.015308667,-0.992098451]}
{"class":"BeamNGVehicle","persistentId":"28fe3bf4-8019-47ac-bcd4-9e4f4b5c08ad","__parent":"obstacles_group","position":[-557.177612,383.046478,107.080002],"color":[0.860000014,0.660000026,0.100000001,1.20000005],"colorPalette0":[0.860000014,0.660000026,0.100000001,1.20000005],"colorPalette1":[0.860000014,0.660000026,0.100000001,1.20000005],"dataBlock":"default_vehicle","jbeam":"sunburst","licenseDesign":"vehicles/common/licenseplates/west_coast_usa/licensePlate-default.json","licenseFormats":"[\"30-15\"]","licenseText":"2HNL729","metallicPaintData":[[0,1,1,0.0399999991],[0,1,1,0.0399999991],[0,1,1,0.0399999991],null],"partConfig":"vehicles/sunburst/simple_traffic_parked_sunburst_alt.pc","rotationMatrix":[-0.71637547,0.678810239,0.161316231,-0.686500549,-0.727049708,0.010764882,0.124592207,-0.103031978,0.986844063]}
{"class":"BeamNGVehicle","persistentId":"2d6b3a28-044b-4ff8-8ad7-b52ba61a7ebd","__parent":"obstacles_group","position":[-654.359314,157.415558,117.229599],"dataBlock":"default_vehicle","jbeam":"haybale","metallicPaintData":[[0.200000003,0.5,0.800000012,0],[0.200000003,0.5,0.800000012,0],[0.200000003,0.5,0.800000012,0],null],"partConfig":"vehicles/haybale/round_alt.pc","rotationMatrix":[-0.136864781,0.983994067,-0.114119552,0.989925206,0.131644368,-0.0521290079,-0.0362714604,-0.120104484,-0.992098093]}
{"class":"BeamNGVehicle","persistentId":"364b6b9c-f1e1-47c4-be3a-d5eb95723c34","__parent":"obstacles_group","position":[-724.817017,348.159027,139.787811],"dataBlock":"default_vehicle","jbeam":"haybale","metallicPaintData":[[0.200000003,0.5,0.800000012,0],[0.200000003,0.5,0.800000012,0],[0.200000003,0.5,0.800000012,0],null],"partConfig":"vehicles/haybale/round_alt.pc","rotationMatrix":[-0.857366085,0.50493449,0.0998219848,0.49941656,0.863021851,-0.0760018677,-0.124524519,-0.015308667,-0.992098331]}
{"class":"BeamNGVehicle","persistentId":"3876a2e6-2b82-4d0e-b6bf-aab852f001ae","__parent":"obstacles_group","position":[-687.9198,518.346802,119.808159],"dataBlock":"default_vehicle","jbeam":"haybale","metallicPaintData":[[0.200000003,0.5,0.800000012,0],[0.200000003,0.5,0.800000012,0],[0.200000003,0.5,0.800000012,0],null],"partConfig":"vehicles/haybale/round_alt.pc","rotationMatrix":[-0.869395137,0.483023435,-0.104118869,0.491218656,0.867680788,-0.0763828456,0.0534472354,-0.117551982,-0.991627574]}
{"class":"BeamNGVehicle","persistentId":"38770317-2d92-4f96-8a9a-a37987c1f0bd","__parent":"obstacles_group","position":[-817.064453,234.540985,149.034821],"color":[0.442510307,0.438835979,0.081278421,1.20000005],"colorPalette0":[0,0.100000001,0.419999987,1.20000005],"colorPalette1":[0,0.100000001,0.419999987,1.20000005],"dataBlock":"default_vehicle","jbeam":"etki","licenseDesign":"vehicles/common/licenseplates/west_coast_usa/licensePlate-default.json","licenseFormats":"[\"30-15\"]","licenseText":"8ZGK947","metallicPaintData":[[0,1,1,0.0599999987],[0,1,1,0.0599999987],[0,1,1,0.0599999987],null],"partConfig":"{[\"model\"]=\"etki\",[\"parts\"]={[\"paint_design\"]=\"\",[\"simple_traffic_etki_swaybar_R_doublewishbone\"]=\"\",[\"simple_traffic_etki_wheeldata_F_strut\"]=\"simple_traffic_etki_wheeldata_F_strut\",[\"simple_traffic_etki_wheeldata_R_doublewishbone\"]=\"simple_traffic_etki_wheeldata_R_doublewishbone\",[\"simple_traffic_etki_bumper_F\"]=\"simple_traffic_etki_bumper_F_alt\",[\"simple_traffic_etki_bumper_R\"]=\"simple_traffic_etki_bumper_R\",[\"simple_traffic_etki_hood\"]=\"simple_traffic_etki_hood\",[\"simple_traffic_etki_licenseplate\"]=\"simple_traffic_etki_licenseplate\",[\"simple_traffic_etki_mirrors\"]=\"simple_traffic_etki_mirrors\",[\"simple_traffic_etki_skin_interior\"]=\"\",[\"simple_traffic_etki_trunk\"]=\"simple_traffic_etki_trunk\",[\"etki_mod\"]=\"\",[\"soundscape_horn\"]=\"soundscape_horn_3\",[\"simple_traffic_etki_swaybar_F_strut\"]=\"\",[\"etki_body\"]=\"simple_traffic_etki_parlked\",[\"licenseplate_design_2_1\"]=\"\",[\"simple_traffic_etki_coilover_R_doublewishbone\"]=\"simple_traffic_etki_coilover_R_doublewishbone\",[\"simple_traffic_etki_brake_F\"]=\"\",[\"simple_traffic_etki_brake_R\"]=\"\",[\"simple_traffic_etki_wheels_F_parked\"]=\"simple_traffic_etki_wheels_F_parked\",[\"simple_traffic_etki_wheels_R_parked\"]=\"simple_traffic_etki_wheels_R_parked\",[\"simple_traffic_etki_steering_strut\"]=\"simple_traffic_etki_steering_strut_parked\",[\"simple_traffic_etki_suspension_F\"]=\"simple_traffic_etki_strut_F\",[\"simple_traffic_etki_coilover_F_strut\"]=\"simple_traffic_etki_coilover_F_strut\",[\"simple_traffic_etki_suspension_R\"]=\"simple_traffic_etki_doublewishbone_R\"},[\"paints\"]={[\"clearcoatRoughness\"]=0,[\"baseColor\"]={0.442510307,0.438835979,0.081278421,1.20000005},[\"metallic\"]=0.2,[\"roughness\"]=0.5,[\"clearcoat\"]=0.8},[\"mainPartName\"]=\"etki\",[\"vars\"]={},[\"partConfigFilename\"]=\"vehicles/etki/simple_traffic_parked_etki.pc\"}","rotationMatrix":[-0.713473201,-0.700154781,-0.0271952152,0.688520789,-0.693361044,-0.212579086,0.129982159,-0.170393929,0.976765335]}
{"class":"BeamNGVehicle","persistentId":"3a6817bf-a165-43ae-9988-91f70e37da38","__parent":"obstacles_group","position":[-558.402832,603.574585,91.3996048],"dataBlock":"default_vehicle","jbeam":"haybale","metallicPaintData":[[0.200000003,0.5,0.800000012,0],[0.200000003,0.5,0.800000012,0],[0.200000003,0.5,0.800000012,0],null],"partConfig":"vehicles/haybale/round_alt.pc","rotationMatrix":[0.863446891,-0.491361529,-0.114119567,-0.499115735,-0.864965916,-0.0521290004,-0.073095344,0.101969495,-0.992098331]}
{"class":"BeamNGVehicle","persistentId":"3f1849ed-32aa-4bee-b195-4188025138d4","__parent":"obstacles_group","position":[-425.657074,393.463165,97.7292938],"dataBlock":"default_vehicle","jbeam":"haybale","metallicPaintData":[[0.200000003,0.5,0.800000012,0],[0.200000003,0.5,0.800000012,0],[0.200000003,0.5,0.800000012,0],null],"partConfig":"vehicles/haybale/round_alt.pc","rotationMatrix":[0.918053985,0.379675657,-0.114119597,0.376112372,-0.925106883,-0.0521290228,-0.1253649,0.00493547134,-0.992098808]}
{"class":"BeamNGVehicle","persistentId":"41c04d47-ec06-4073-9b3c-270f91de6e26","__parent":"obstacles_group","position":[-562.119263,599.466431,91.2862854],"dataBlock":"default_vehicle","jbeam":"haybale","metallicPaintData":[[0.200000003,0.5,0.800000012,0],[0.200000003,0.5,0.800000012,0],[0.200000003,0.5,0.800000012,0],null],"partConfig":"vehicles/haybale/round_alt.pc","rotationMatrix":[0.512228251,-0.85123378,-0.114119574,-0.858738482,-0.509755492,-0.0521290116,-0.0137991048,0.124700814,-0.992098331]}
{"class":"BeamNGVehicle","persistentId":"42ba8f1e-e598-491b-add8-4350260f77e1","__parent":"obstacles_group","position":[-560.097168,601.395264,91.3965073],"dataBlock":"default_vehicle","jbeam":"haybale","metallicPaintData":[[0.200000003,0.5,0.800000012,0],[0.200000003,0.5,0.800000012,0],[0.200000003,0.5,0.800000012,0],null],"partConfig":"vehicles/haybale/round_alt.pc","rotationMatrix":[0.295191467,-0.948598206,-0.11411956,-0.955300033,-0.291005492,-0.0521290004,0.0162400603,0.124406457,-0.992098331]}
{"class":"BeamNGVehicle","persistentId":"436350a1-e3d3-4515-8bf7-c97c50095507","__parent":"obstacles_group","position":[-857.648499,559.752991,128.820892],"dataBlock":"default_vehicle","jbeam":"haybale","metallicPaintData":[[0.200000003,0.5,0.800000012,0],[0.200000003,0.5,0.800000012,0],[0.200000003,0.5,0.800000012,0],null],"partConfig":"vehicles/haybale/round_alt.pc","rotationMatrix":[0.0667771697,-0.997767746,0,0.997767746,0.0667771697,0,0,0,1]}
{"class":"BeamNGVehicle","persistentId":"43b06ed0-632b-4bb3-919c-a5db49678b06","__parent":"obstacles_group","position":[-565.080322,267.366608,107.006966],"color":[9.99999997e-07,9.52843834e-07,8.20806861e-07,1.20000005],"colorPalette0":[0.860000014,0.660000026,0.100000001,1.20000005],"colorPalette1":[0.860000014,0.660000026,0.100000001,1.20000005],"dataBlock":"default_vehicle","jbeam":"sunburst","licenseDesign":"vehicles/common/licenseplates/west_coast_usa/licensePlate-default.json","licenseFormats":"[\"30-15\"]","licenseText":"2HNL729","metallicPaintData":[[0,1,1,0.0399999991],[0,1,1,0.0399999991],[0,1,1,0.0399999991],null],"partConfig":"vehicles/sunburst/simple_traffic_parked_sunburst_alt.pc","rotationMatrix":[-0.716375351,0.678810179,0.161316216,-0.672835767,-0.733303547,0.0977640152,0.184656978,-0.0385035872,0.982048512]}
{"class":"BeamNGVehicle","persistentId":"5064b9ee-7adf-4c46-830a-22ec7b2ad335","__parent":"obstacles_group","position":[-656.311646,159.414352,117.230003],"dataBlock":"default_vehicle","jbeam":"haybale","metallicPaintData":[[0.200000003,0.5,0.800000012,0],[0.200000003,0.5,0.800000012,0],[0.200000003,0.5,0.800000012,0],null],"partConfig":"vehicles/haybale/round_alt.pc","rotationMatrix":[-0.981436729,-0.154136553,-0.11411956,-0.149020866,0.987459064,-0.0521290079,0.120723382,-0.0341551378,-0.992098212]}
{"class":"BeamNGVehicle","persistentId":"588cfe0e-7c60-4b21-8752-dbc6f133407e","__parent":"obstacles_group","position":[-765.75354,621.275452,113.743088],"dataBlock":"default_vehicle","jbeam":"haybale","metallicPaintData":[[0.200000003,0.5,0.800000012,0],[0.200000003,0.5,0.800000012,0],[0.200000003,0.5,0.800000012,0],null],"partConfig":"vehicles/haybale/round_alt.pc","rotationMatrix":[0.120827556,0.986092091,-0.114119589,0.9904809,-0.127398372,-0.0521290228,-0.0659426451,-0.106734641,-0.99209857]}
{"class":"BeamNGVehicle","persistentId":"58bac82a-9a7a-4f6d-8fa9-c2f619310bec","__parent":"obstacles_group","position":[-764.986145,549.94635,123.831795],"dataBlock":"default_vehicle","jbeam":"haybale","metallicPaintData":[[0.200000003,0.5,0.800000012,0],[0.200000003,0.5,0.800000012,0],[0.200000003,0.5,0.800000012,0],null],"partConfig":"vehicles/haybale/round_alt.pc","rotationMatrix":[0.962650597,-0.270746291,0,0.270746291,0.962650597,0,0,0,0.999999881]}
{"class":"BeamNGVehicle","persistentId":"5ab98e55-44c7-47ba-895c-5f58095db0bf","__parent":"obstacles_group","position":[-723.45752,349.611664,139.787811],"dataBlock":"default_vehicle","jbeam":"haybale","metallicPaintData":[[0.200000003,0.5,0.800000012,0],[0.200000003,0.5,0.800000012,0],[0.200000003,0.5,0.800000012,0],null],"partConfig":"vehicles/haybale/round_alt.pc","rotationMatrix":[0.0295881629,-0.99876684,-0.0398624837,-0.997178614,-0.0322461128,0.0677831247,-0.0689849705,0.0377444588,-0.996903062]}
{"class":"BeamNGVehicle","persistentId":"5b9e9910-36fd-4561-a557-2e282016cd49","__parent":"obstacles_group","position":[-658.193237,160.903946,117.160049],"dataBlock":"default_vehicle","jbeam":"haybale","metallicPaintData":[[0.200000003,0.5,0.800000012,0],[0.200000003,0.5,0.800000012,0],[0.200000003,0.5,0.800000012,0],null],"partConfig":"vehicles/haybale/round_alt.pc","rotationMatrix":[0.844966412,0.522502124,-0.114119582,0.520120561,-0.852500558,-0.0521290191,-0.124524526,-0.015308667,-0.992098451]}
{"class":"BeamNGVehicle","persistentId":"5f0ceea9-d25a-4c9e-978a-222f498ebb8a","__parent":"obstacles_group","position":[-685.048279,521.608887,119.78302],"dataBlock":"default_vehicle","jbeam":"haybale","metallicPaintData":[[0.200000003,0.5,0.800000012,0],[0.200000003,0.5,0.800000012,0],[0.200000003,0.5,0.800000012,0],null],"partConfig":"vehicles/haybale/round_alt.pc","rotationMatrix":[-0.967074394,-0.227471545,-0.114119567,-0.222822979,0.973464191,-0.0521290079,0.122949176,-0.0249841791,-0.992098212]}
{"class":"BeamNGVehicle","persistentId":"5f4faee5-9ee5-4681-a1fa-3645cd33889f","__parent":"obstacles_group","position":[-575.511902,629.349976,91.8879776],"dataBlock":"default_vehicle","jbeam":"haybale","metallicPaintData":[[0.200000003,0.5,0.800000012,0],[0.200000003,0.5,0.800000012,0],[0.200000003,0.5,0.800000012,0],null],"partConfig":"vehicles/haybale/round_alt.pc","rotationMatrix":[0.512228251,-0.85123378,-0.114119574,-0.858738482,-0.509755492,-0.0521290116,-0.0137991048,0.124700814,-0.992098331]}
{"class":"BeamNGVehicle","persistentId":"63a9c57d-0b93-467b-a50c-ff64db507087","__parent":"obstacles_group","position":[-857.648499,558.163696,128.820892],"dataBlock":"default_vehicle","jbeam":"haybale","metallicPaintData":[[0.200000003,0.5,0.800000012,0],[0.200000003,0.5,0.800000012,0],[0.200000003,0.5,0.800000012,0],null],"partConfig":"vehicles/haybale/round_alt.pc","rotationMatrix":[0.962650597,-0.270746291,0,0.270746291,0.962650597,0,0,0,0.999999881]}
{"class":"BeamNGVehicle","persistentId":"64f368bc-37ac-4756-8c4e-4431b28c79ef","__parent":"obstacles_group","position":[-759.476196,163.73674,132.810547],"color":[0.300000012,0,0,1.20000005],"colorPalette0":[0.300000012,0,0,1.20000005],"colorPalette1":[0.300000012,0,0,1.20000005],"dataBlock":"default_vehicle","jbeam":"midsize","licenseDesign":"vehicles/common/licenseplates/west_coast_usa/licensePlate-default.json","licenseFormats":"[\"30-15\"]","licenseText":"24208-pickup","metallicPaintData":[[0.699999988,0.600000024,1,0.0599999987],[0.699999988,0.600000024,1,0.0599999987],[0.699999988,0.600000024,1,0.0599999987],null],"partConfig":"vehicles/midsize/simple_traffic_parked_midsize_alt.pc","rotationMatrix":[-0.0472868681,0.978874922,0.198915899,-0.985101461,-0.0786639452,0.152927667,0.165344626,-0.188720882,0.968011141]}
{"class":"BeamNGVehicle","persistentId":"6fa415ea-c7ee-4784-ac61-6bb34c25e983","__parent":"obstacles_group","position":[-670.687134,500.634979,118.983131],"dataBlock":"default_vehicle","jbeam":"haybale","metallicPaintData":[[0.200000003,0.5,0.800000012,0],[0.200000003,0.5,0.800000012,0],[0.200000003,0.5,0.800000012,0],null],"partConfig":"vehicles/haybale/round_alt.pc","rotationMatrix":[0.918053985,0.379675657,-0.114119597,0.376112372,-0.925106883,-0.0521290228,-0.1253649,0.00493547134,-0.992098808]}
{"class":"BeamNGVehicle","persistentId":"710c02a0-2cbc-4e75-876f-b5c11ca627b5","__parent":"obstacles_group","position":[-764.831116,665.092102,107.854393],"dataBlock":"default_vehicle","jbeam":"haybale","metallicPaintData":[[0.200000003,0.5,0.800000012,0],[0.200000003,0.5,0.800000012,0],[0.200000003,0.5,0.800000012,0],null],"partConfig":"vehicles/haybale/round_alt.pc","rotationMatrix":[0.568002939,-0.823026478,-0.000147435814,-0.822729528,-0.567802906,0.0267587267,-0.0221068561,-0.0150777362,-0.999641895]}
{"class":"BeamNGVehicle","persistentId":"72419e4e-038b-46bd-9c9d-333e1a28259f","__parent":"obstacles_group","position":[-551.916016,388.578033,107.104553],"color":[0.860000014,0.660000026,0.100000001,1.20000005],"colorPalette0":[0.860000014,0.660000026,0.100000001,1.20000005],"colorPalette1":[0.860000014,0.660000026,0.100000001,1.20000005],"dataBlock":"default_vehicle","jbeam":"sunburst","licenseDesign":"vehicles/common/licenseplates/west_coast_usa/licensePlate-default.json","licenseFormats":"[\"30-15\"]","licenseText":"2HNL729","metallicPaintData":[[0,1,1,0.0399999991],[0,1,1,0.0399999991],[0,1,1,0.0399999991],null],"partConfig":"vehicles/sunburst/simple_traffic_parked_sunburst_alt.pc","rotationMatrix":[0.698599577,-0.697166622,-0.16098845,0.704581678,0.709466755,-0.0148834437,0.124592185,-0.103031956,0.986844063]}
{"class":"BeamNGVehicle","persistentId":"72f2e3cb-8836-499f-8f52-99d5b86f0eda","__parent":"obstacles_group","position":[-763.494751,745.851257,90.9624557],"color":[0.442510307,0.081278421,0.17113632,1.20000005],"colorPalette0":[0,0.100000001,0.419999987,1.20000005],"colorPalette1":[0,0.100000001,0.419999987,1.20000005],"dataBlock":"default_vehicle","jbeam":"etki","licenseDesign":"vehicles/common/licenseplates/west_coast_usa/licensePlate-default.json","licenseFormats":"[\"30-15\"]","licenseText":"8ZGK947","metallicPaintData":[[0,1,1,0.0599999987],[0,1,1,0.0599999987],[0,1,1,0.0599999987],null],"partConfig":"{[\"model\"]=\"etki\",[\"parts\"]={[\"paint_design\"]=\"\",[\"simple_traffic_etki_swaybar_R_doublewishbone\"]=\"\",[\"simple_traffic_etki_wheeldata_F_strut\"]=\"simple_traffic_etki_wheeldata_F_strut\",[\"simple_traffic_etki_wheeldata_R_doublewishbone\"]=\"simple_traffic_etki_wheeldata_R_doublewishbone\",[\"simple_traffic_etki_bumper_F\"]=\"simple_traffic_etki_bumper_F_alt\",[\"simple_traffic_etki_bumper_R\"]=\"simple_traffic_etki_bumper_R\",[\"simple_traffic_etki_hood\"]=\"simple_traffic_etki_hood\",[\"simple_traffic_etki_licenseplate\"]=\"simple_traffic_etki_licenseplate\",[\"simple_traffic_etki_mirrors\"]=\"simple_traffic_etki_mirrors\",[\"simple_traffic_etki_skin_interior\"]=\"\",[\"simple_traffic_etki_trunk\"]=\"simple_traffic_etki_trunk\",[\"etki_mod\"]=\"\",[\"simple_traffic_etki_swaybar_F_strut\"]=\"\",[\"simple_traffic_etki_coilover_F_strut\"]=\"simple_traffic_etki_coilover_F_strut\",[\"etki_body\"]=\"simple_traffic_etki_parlked\",[\"simple_traffic_etki_wheels_F_parked\"]=\"simple_traffic_etki_wheels_F_parked\",[\"simple_traffic_etki_wheels_R_parked\"]=\"simple_traffic_etki_wheels_R_parked\",[\"simple_traffic_etki_brake_F\"]=\"\",[\"simple_traffic_etki_brake_R\"]=\"\",[\"licenseplate_design_2_1\"]=\"\",[\"simple_traffic_etki_coilover_R_doublewishbone\"]=\"simple_traffic_etki_coilover_R_doublewishbone\",[\"simple_traffic_etki_steering_strut\"]=\"simple_traffic_etki_steering_strut_parked\",[\"simple_traffic_etki_suspension_F\"]=\"simple_traffic_etki_strut_F\",[\"soundscape_horn\"]=\"soundscape_horn_3\",[\"simple_traffic_etki_suspension_R\"]=\"simple_traffic_etki_doublewishbone_R\"},[\"paints\"]={[\"clearcoatRoughness\"]=0,[\"baseColor\"]={0.442510307,0.081278421,0.17113632,1.20000005},[\"metallic\"]=0.2,[\"roughness\"]=0.5,[\"clearcoat\"]=0.8},[\"mainPartName\"]=\"etki\",[\"vars\"]={},[\"partConfigFilename\"]=\"vehicles/etki/simple_traffic_parked_etki.pc\"}","rotationMatrix":[-0.997854948,-0.030509159,-0.0579173714,0.0187454149,-0.980875134,0.19373244,-0.062720336,0.192231208,0.979343295]}
{"class":"BeamNGVehicle","persistentId":"7c78586c-b5b0-40ff-85af-67106c84ff47","__parent":"obstacles_group","position":[-729.802734,342.362152,139.787811],"dataBlock":"default_vehicle","jbeam":"haybale","metallicPaintData":[[0.200000003,0.5,0.800000012,0],[0.200000003,0.5,0.800000012,0],[0.200000003,0.5,0.800000012,0],null],"partConfig":"vehicles/haybale/round_alt.pc","rotationMatrix":[-0.755873084,0.647063613,0.0998219922,0.64261961,0.762406588,-0.0760018677,-0.125282988,0.00669980049,-0.992098331]}
{"class":"BeamNGVehicle","persistentId":"7c9f77d1-677e-40a1-8a48-fac58a9d89b3","__parent":"obstacles_group","position":[-580.458984,408.441193,110.17939],"dataBlock":"default_vehicle","jbeam":"haybale","metallicPaintData":[[0.200000003,0.5,0.800000012,0],[0.200000003,0.5,0.800000012,0],[0.200000003,0.5,0.800000012,0],null],"partConfig":"vehicles/haybale/round_alt.pc","rotationMatrix":[0.918053985,0.379675657,-0.114119597,0.376112372,-0.925106883,-0.0521290228,-0.1253649,0.00493547134,-0.992098808]}
{"class":"BeamNGVehicle","persistentId":"7ee67864-7b81-4f65-a8db-b44f38d029a5","__parent":"obstacles_group","position":[-676.830444,154.295456,117.99572],"dataBlock":"default_vehicle","jbeam":"haybale","metallicPaintData":[[0.200000003,0.5,0.800000012,0],[0.200000003,0.5,0.800000012,0],[0.200000003,0.5,0.800000012,0],null],"partConfig":"vehicles/haybale/round_alt.pc","rotationMatrix":[-0.808094501,0.577892959,-0.114119589,0.58576256,0.808804512,-0.0521290079,0.0621754527,-0.10897214,-0.99209857]}
{"class":"BeamNGVehicle","persistentId":"7f5df4c3-c24e-4927-bab3-7b44a33da2e3","__parent":"obstacles_group","position":[-771.748962,621.548279,113.726784],"dataBlock":"default_vehicle","jbeam":"haybale","metallicPaintData":[[0.200000003,0.5,0.800000012,0],[0.200000003,0.5,0.800000012,0],[0.200000003,0.5,0.800000012,0],null],"partConfig":"vehicles/haybale/round_alt.pc","rotationMatrix":[0.568002999,-0.815076172,-0.114119567,-0.822729409,-0.566037416,-0.0521290042,-0.0221068487,0.123498976,-0.992098093]}
{"class":"BeamNGVehicle","persistentId":"8a9090b9-e8c4-497a-a161-110c63295bbc","__parent":"obstacles_group","position":[-773.472961,621.268494,113.802216],"dataBlock":"default_vehicle","jbeam":"haybale","metallicPaintData":[[0.200000003,0.5,0.800000012,0],[0.200000003,0.5,0.800000012,0],[0.200000003,0.5,0.800000012,0],null],"partConfig":"vehicles/haybale/round_alt.pc","rotationMatrix":[0.120827556,0.986092091,-0.114119589,0.9904809,-0.127398372,-0.0521290228,-0.0659426451,-0.106734641,-0.99209857]}
{"class":"BeamNGVehicle","persistentId":"91d068c2-68b9-47ae-b045-7268fce15883","__parent":"obstacles_group","position":[-503.400909,336.92392,98.4043655],"dataBlock":"default_vehicle","jbeam":"haybale","metallicPaintData":[[0.200000003,0.5,0.800000012,0],[0.200000003,0.5,0.800000012,0],[0.200000003,0.5,0.800000012,0],null],"partConfig":"vehicles/haybale/round_alt.pc","rotationMatrix":[-0.548910141,0.828054309,-0.114119574,0.835659862,0.546767831,-0.0521290079,0.0192312486,-0.123979308,-0.992098212]}
{"class":"BeamNGVehicle","persistentId":"9a0debf0-74e9-47dd-8baa-46342bb8f181","__parent":"obstacles_group","position":[-578.877747,625.359497,91.8874969],"dataBlock":"default_vehicle","jbeam":"haybale","metallicPaintData":[[0.200000003,0.5,0.800000012,0],[0.200000003,0.5,0.800000012,0],[0.200000003,0.5,0.800000012,0],null],"partConfig":"vehicles/haybale/round_alt.pc","rotationMatrix":[-0.271049023,-0.955776691,-0.114119567,-0.95910275,0.278216541,-0.0521290079,0.0815736428,0.0953228697,-0.992098331]}
{"class":"BeamNGVehicle","persistentId":"9b3732a2-2e76-4826-b8e9-ce1ac40900a5","__parent":"obstacles_group","position":[-924.174438,685.128723,109.598419],"color":[0,0.100000001,0.419999987,1.20000005],"colorPalette0":[0,0.100000001,0.419999987,1.20000005],"colorPalette1":[0,0.100000001,0.419999987,1.20000005],"dataBlock":"default_vehicle","jbeam":"etki","licenseDesign":"vehicles/common/licenseplates/west_coast_usa/licensePlate-default.json","licenseFormats":"[\"30-15\"]","licenseText":"8ZGK947","metallicPaintData":[[0,1,1,0.0599999987],[0,1,1,0.0599999987],[0,1,1,0.0599999987],null],"partConfig":"vehicles/etki/simple_traffic_parked_etki.pc","rotationMatrix":[0.0316386223,0.976895213,-0.211363509,-0.999465108,0.0326702595,0.00138967484,0.00826285779,0.211206496,0.977406561]}
{"class":"BeamNGVehicle","persistentId":"a24f6e06-2e05-4f9f-bfc8-17081fc023eb","__parent":"obstacles_group","position":[-914.660583,505.354706,141.24469],"color":[0.567661047,0.567659616,0.567655385,1.20000005],"colorPalette0":[0.860000014,0.660000026,0.100000001,1.20000005],"colorPalette1":[0.860000014,0.660000026,0.100000001,1.20000005],"dataBlock":"default_vehicle","jbeam":"sunburst","licenseDesign":"vehicles/common/licenseplates/west_coast_usa/licensePlate-default.json","licenseFormats":"[\"30-15\"]","licenseText":"2HNL729","metallicPaintData":[[0,1,1,0.0399999991],[0,1,1,0.0399999991],[0,1,1,0.0399999991],null],"partConfig":"{[\"model\"]=\"sunburst\",[\"parts\"]={[\"simple_traffic_sunburst_trunk\"]=\"simple_traffic_sunburst_trunk_alt\",[\"paint_design\"]=\"\",[\"simple_traffic_sunburst_wheeldata_R_doublewishbone\"]=\"simple_traffic_sunburst_wheeldata_R_doublewishbone\",[\"simple_traffic_sunburst_wheels_F_parked\"]=\"simple_traffic_sunburst_wheels_F_parked_alt\",[\"simple_traffic_sunburst_wheels_R_parked\"]=\"simple_traffic_sunburst_wheels_R_parked_alt\",[\"sunburst_mod\"]=\"\",[\"simple_traffic_sunburst_brake_F\"]=\"\",[\"simple_traffic_sunburst_brake_R\"]=\"\",[\"simple_traffic_sunburst_bumper_F\"]=\"simple_traffic_sunburst_bumper_F_alt\",[\"simple_traffic_sunburst_bumper_R\"]=\"simple_traffic_sunburst_bumper_R\",[\"simple_traffic_sunburst_coilover_F_strut\"]=\"simple_traffic_sunburst_coilover_F_strut\",[\"simple_traffic_sunburst_coilover_R_doublewishbone\"]=\"simple_traffic_sunburst_coilover_R_doublewishbone\",[\"simple_traffic_sunburst_hood\"]=\"simple_traffic_sunburst_hood\",[\"simple_traffic_sunburst_licenseplate\"]=\"simple_traffic_sunburst_licenseplate\",[\"simple_traffic_sunburst_mirrors\"]=\"simple_traffic_sunburst_mirrors\",[\"simple_traffic_sunburst_steering_strut\"]=\"simple_traffic_sunburst_steering_strut_parked\",[\"simple_traffic_sunburst_suspension_F\"]=\"simple_traffic_sunburst_strut_F\",[\"licenseplate_design_2_1\"]=\"\",[\"simple_traffic_sunburst_wheeldata_F_strut\"]=\"simple_traffic_sunburst_wheeldata_F_strut\",[\"simple_traffic_sunburst_suspension_R\"]=\"simple_traffic_sunburst_doublewishbone_R\",[\"sunburst_body\"]=\"simple_traffic_sunburst_PARKED\",[\"simple_traffic_sunburst_swaybar_F_strut\"]=\"\",[\"simple_traffic_sunburst_swaybar_R_doublewishbone\"]=\"\"},[\"paints\"]={[\"clearcoatRoughness\"]=0,[\"baseColor\"]={9.99999997e-07,9.52843834e-07,8.20806861e-07,1.20000005},[\"metallic\"]=0.2,[\"roughness\"]=0.5,[\"clearcoat\"]=0.8},[\"mainPartName\"]=\"sunburst\",[\"vars\"]={},[\"partConfigFilename\"]=\"vehicles/sunburst/simple_traffic_parked_sunburst_alt.pc\"}","rotationMatrix":[0.998990536,0.0418095328,-0.0164288413,-0.0442903601,0.977811992,-0.204748705,0.00750386901,0.20526965,0.978676677]}
{"class":"BeamNGVehicle","persistentId":"a31f2f2f-7436-4524-801f-2c8fc316c785","__parent":"obstacles_group","position":[-763.346619,486.045258,134.22142],"color":[1,0.999989986,0.999989986,1.20000005],"colorPalette0":[0.300000012,0,0,1.20000005],"colorPalette1":[0.300000012,0,0,1.20000005],"dataBlock":"default_vehicle","jbeam":"midsize","licenseDesign":"vehicles/common/licenseplates/west_coast_usa/licensePlate-default.json","licenseFormats":"[\"30-15\"]","licenseText":"24208-pickup","metallicPaintData":[[0.699999988,0.600000024,1,0.0599999987],[0.699999988,0.600000024,1,0.0599999987],[0.699999988,0.600000024,1,0.0599999987],null],"partConfig":"{[\"model\"]=\"midsize\",[\"licenseName\"]=\"24208-pickup\",[\"parts\"]={[\"paint_design\"]=\"\",[\"simple_traffic_midsize_swaybar_F_strut\"]=\"\",[\"simple_traffic_midsize_wheeldata_F_strut\"]=\"simple_traffic_midsize_wheeldata_F_strut\",[\"simple_traffic_midsize_coilover_F_strut\"]=\"simple_traffic_midsize_coilover_F_strut\",[\"simple_traffic_midsize_suspension_F\"]=\"simple_traffic_midsize_strut_F\",[\"simple_traffic_midsize_wheeldata_R_doublewishbone\"]=\"simple_traffic_midsize_wheeldata_R_doublewishbone\",[\"simple_traffic_midsize_licenseplate\"]=\"simple_traffic_midsize_licenseplate\",[\"simple_traffic_midsize_mirrors\"]=\"simple_traffic_midsize_mirrors\",[\"simple_traffic_midsize_steering_strut\"]=\"simple_traffic_midsize_steering_strut_disabled\",[\"simple_traffic_midsize_suspension_R\"]=\"simple_traffic_midsize_doublewishbone_R\",[\"simple_traffic_midsize_coilover_R_doublewishbone\"]=\"simple_traffic_midsize_coilover_R_doublewishbone\",[\"midsize_mod\"]=\"\",[\"simple_traffic_midsize_trunk\"]=\"simple_traffic_midsize_trunk\",[\"simple_traffic_midsize_hood\"]=\"simple_traffic_midsize_hood\",[\"simple_traffic_midsize_brake_R\"]=\"\",[\"simple_traffic_midsize_brake_F\"]=\"\",[\"simple_traffic_midsize_bumper_F\"]=\"simple_traffic_midsize_bumper_F\",[\"simple_traffic_midsize_bumper_R\"]=\"simple_traffic_midsize_bumper_R\",[\"licenseplate_design_2_1\"]=\"\",[\"skin_interior\"]=\"midsize_skin_interior_black\",[\"simple_traffic_midsize_wheels_R_parked\"]=\"simple_traffic_midsize_wheels_R_parked_alt\",[\"simple_traffic_midsize_wheels_F_parked\"]=\"simple_traffic_midsize_wheels_F_parked_alt\",[\"midsize_body\"]=\"simple_traffic_midsize_parked\",[\"simple_traffic_midsize_swaybar_R_doublewishbone\"]=\"\"},[\"paints\"]={[\"clearcoatRoughness\"]=0,[\"baseColor\"]={1,0.999989986,0.999989986,1.20000005},[\"metallic\"]=0.2,[\"roughness\"]=0.5,[\"clearcoat\"]=0.8},[\"mainPartName\"]=\"midsize\",[\"partConfigFilename\"]=\"vehicles/midsize/simple_traffic_parked_midsize_alt.pc\"}","rotationMatrix":[-0.997848392,0.00805441383,-0.0650648922,-0.0144886458,-0.994978666,0.0990319401,-0.06394054,0.0997615755,0.992954791]}
{"class":"BeamNGVehicle","persistentId":"a603cd96-7961-4dc1-9201-187ca9141d2f","__parent":"obstacles_group","position":[-774.58136,658.285339,107.854393],"dataBlock":"default_vehicle","jbeam":"haybale","metallicPaintData":[[0.200000003,0.5,0.800000012,0],[0.200000003,0.5,0.800000012,0],[0.200000003,0.5,0.800000012,0],null],"partConfig":"vehicles/haybale/round_alt.pc","rotationMatrix":[0.568002939,-0.823026478,-0.000147435814,-0.822729528,-0.567802906,0.0267587267,-0.0221068561,-0.0150777362,-0.999641895]}
{"class":"BeamNGVehicle","persistentId":"aaf192fa-6227-488d-b8b1-aa5bcb5caa0f","__parent":"obstacles_group","position":[-916.799744,684.887634,109.654907],"color":[0,0.100000001,0.419999987,1.20000005],"colorPalette0":[0,0.100000001,0.419999987,1.20000005],"colorPalette1":[0,0.100000001,0.419999987,1.20000005],"dataBlock":"default_vehicle","jbeam":"etki","licenseDesign":"vehicles/common/licenseplates/west_coast_usa/licensePlate-default.json","licenseFormats":"[\"30-15\"]","licenseText":"8ZGK947","metallicPaintData":[[0,1,1,0.0599999987],[0,1,1,0.0599999987],[0,1,1,0.0599999987],null],"partConfig":"vehicles/etki/simple_traffic_parked_etki.pc","rotationMatrix":[-0.0147433281,-0.977308035,0.21130988,0.999857306,-0.0161561966,-0.00496146828,0.00826282054,0.211206526,0.977406502]}
{"class":"BeamNGVehicle","persistentId":"ab86a276-6494-438e-b8fc-7b5b9cee3c1f","__parent":"obstacles_group","position":[-675.060181,152.646194,117.99485],"dataBlock":"default_vehicle","jbeam":"haybale","metallicPaintData":[[0.200000003,0.5,0.800000012,0],[0.200000003,0.5,0.800000012,0],[0.200000003,0.5,0.800000012,0],null],"partConfig":"vehicles/haybale/round_alt.pc","rotationMatrix":[-0.491426706,0.863409698,-0.114119567,0.870852172,0.488772869,-0.0521290153,0.0107698515,-0.124998882,-0.992098331]}
