{"name":"raceTrackDrift","class":"DecalRoad","persistentId":"2099349b-f702-4162-a806-a5345f8762f3","__parent":"trackDriftLoop","position":[456.036804,-177.113312,145.531647],"autoJunction":false,"detail":0.200000003,"distanceFade":[200,50],"gatedRoad":true,"material":"road_invisible","nodes":[[456.036804,-177.113312,145.531647,13],[470.052551,-175.926163,145.696167,13],[484.625458,-174.566254,145.878571,12],[505.236267,-176.276718,146.132645,12],[524.646545,-183.220108,146.32605,12],[548.426819,-192.19043,146.458099,12],[560.366943,-193.561966,146.510223,12],[572.750671,-189.94136,146.577393,12],[582.604187,-183.732849,146.628738,12],[587.472534,-174.781387,146.628738,13],[588.103699,-160.884415,146.628738,14],[584.532532,-146.344772,146.628738,14],[575.908508,-135.836868,146.622879,14],[560.670471,-129.6595,146.611145,14],[535.888,-128.975037,146.57901,15],[510.931244,-128.230774,146.341934,13],[492.095642,-127.067139,146.099274,12],[477.714111,-134.270828,145.893082,11],[460.374115,-147.421951,145.635376,11],[447.185669,-152.30191,145.451233,11],[435.325867,-149.886536,145.306152,12],[427.75769,-139.927826,145.234909,15],[425.491302,-126.034805,145.237656,15],[429.819275,-113.434357,145.31781,14],[439.94632,-105.335838,145.455246,12],[451.973541,-102.407852,145.613617,10],[473.065613,-103.260315,145.889999,10],[499.074982,-103.171249,146.23053,12],[510.426025,-97.1975098,146.375504,15],[512.873352,-86.7969208,146.404236,15],[507.183014,-78.2503204,146.331558,14],[493.029694,-72.4758301,146.147827,12],[470.805328,-68.3569107,145.86348,12],[435.041504,-61.3034172,145.396713,12],[420.804108,-65.4290771,145.21376,14],[411.579529,-77.9016647,145.095474,11],[402.127197,-91.0378723,144.981003,10],[392.336792,-95.7129211,144.871964,10],[377.434418,-98.6965714,144.743988,11],[360.627838,-109.352348,144.634109,11],[351.317871,-126.179634,144.528412,11],[348.835938,-142.943329,144.415451,11],[353.381775,-159.888641,144.342682,12],[364.761322,-172.063889,144.343872,13],[379.654449,-178.183426,144.573257,13],[399.02887,-179.752167,144.880081,14],[455.483856,-177.340958,145.526184,14]]}
{"class":"TSStatic","__parent":"trackDriftLoop","position":[455.153839,-169.130249,146.360901],"isRenderEnabled":false,"rotationMatrix":[0.0907270908,-0.995875895,0,0.995875895,0.0907270908,0,0,0,1],"shapeName":"/levels/west_coast_usa/art/shapes/objects/featherflag_beamng.dae","useInstanceRenderData":true}
{"class":"TSStatic","__parent":"trackDriftLoop","position":[455.59491,-185.880783,146.360901],"isRenderEnabled":false,"rotationMatrix":[-0.0011267662,0.999999642,0,-0.999999642,-0.0011267662,0,0,0,1],"shapeName":"/levels/west_coast_usa/art/shapes/objects/featherflag_beamng.dae","useInstanceRenderData":true}
{"name":"fre_start_raceTrackDrift","class":"BeamNGTrigger","__parent":"trackDriftLoop","position":[456.95163,-177.061981,147.322693],"luaFunction":"onBeamNGTrigger","rotationMatrix":[0.0412804484,-0.999147773,-3.7252903e-08,0.998031139,0.0412343144,-0.0472647175,0.0472244322,0.00195108168,0.998882413],"scale":[12.635169,3.50066638,4.90749168]}
{"name":"fre_staging_raceTrackDrift","class":"BeamNGTrigger","__parent":"trackDriftLoop","position":[455.031525,-177.062546,147.328552],"luaFunction":"onBeamNGTrigger","rotationMatrix":[0.0412804484,-0.999147773,-3.7252903e-08,0.998031139,0.0412343144,-0.0472647175,0.0472244322,0.00195108168,0.998882413],"scale":[12.635169,1,4.90749168]}
