{"name":"mudDrag2","class":"DecalRoad","persistentId":"92a60e8d-9f56-4779-92f0-070d49e23357","__parent":"Mud_Drag_2","position":[531.423767,-487.713257,151.635956],"improvedSpline":true,"material":"road_invisible","nodes":[[531.423767,-487.713257,151.635956,12],[568.361572,-474.31601,150.569199,12],[617.764038,-456.07605,151.215424,12],[680.106262,-433.921936,153.267654,12]]}
{"name":"fre_start_mudDrag2","class":"BeamNGTrigger","__parent":"Mud_Drag_2","position":[533.428772,-486.455505,153.733292],"luaFunction":"onBeamNGTrigger","rotationMatrix":[0.301000595,-0.95362401,-3.16649675e-08,0.952558279,0.300664186,-0.0472647101,0.0450727716,0.0142266769,0.998882413],"scale":[14.1558199,1,4.90749168]}
{"name":"fre_staging_mudDrag2","class":"BeamNGTrigger","__parent":"Mud_Drag_2","position":[532.637451,-486.661285,153.733292],"luaFunction":"onBeamNGTrigger","rotationMatrix":[0.301000595,-0.95362401,-3.16649675e-08,0.952558279,0.300664186,-0.0472647101,0.0450727716,0.0142266769,0.998882413],"scale":[14.1558199,1,4.90749168]}
{"class":"TSStatic","__parent":"Mud_Drag_2","position":[536.194702,-496.534332,154.179077],"isRenderEnabled":false,"rotationMatrix":[-0.368256211,0.929724634,0,-0.929724634,-0.368256211,0,0,0,1],"shapeName":"/levels/west_coast_usa/art/shapes/objects/featherflag_beamng.dae","useInstanceRenderData":true}
{"class":"DecalRoad","persistentId":"a4a5fc3a-589e-4655-b9f8-0a0fa9faac9d","__parent":"Mud_Drag_2","position":[534.205994,-493.210419,152.373474],"improvedSpline":true,"material":"checkered_line","nodes":[[534.205994,-493.210419,152.373474,0.5],[530.294373,-480.06781,152.477036,0.5]]}
{"name":"fre_start_mudDrag2asset0","class":"DecalRoad","persistentId":"b3fb9006-29c4-477f-90db-388991dcb14c","__parent":"Mud_Drag_2","position":[680.984802,-441.394684,154.184784],"hidden":true,"improvedSpline":true,"material":"checkered_line","nodes":[[680.984802,-441.394684,154.184784,0.5],[676.971863,-429.197266,153.599533,0.5]],"startEndFade":[1,1]}
{"name":"fre_finish_mudDrag2","class":"BeamNGTrigger","__parent":"Mud_Drag_2","position":[679.79425,-435.566254,155.644287],"luaFunction":"onBeamNGTrigger","rotationMatrix":[-0.299037337,0.954232633,0.00410063751,-0.952910006,-0.298844337,0.0515237823,0.0503911227,0.0114999935,0.998663366],"scale":[14.2198849,1.70973086,5.43977737]}
{"class":"TSStatic","__parent":"Mud_Drag_2","position":[529.572449,-477.034515,153.975555],"isRenderEnabled":false,"rotationMatrix":[0.283463776,-0.958983183,0,0.958983183,0.283463776,0,0,0,1],"shapeName":"/levels/west_coast_usa/art/shapes/objects/featherflag_beamng.dae","useInstanceRenderData":true}
