//--- OBJECT WRITE BEGIN ---
$ThisPrefab = new SimGroup() {
   canSave = "1";
   canSaveDynamicFields = "1";
      groupPosition = "0 0 0";

   new TSStatic() {
      shapeName = "/levels/west_coast_usa/art/shapes/race/curbramp.dae";
      dynamic = "0";
      playAmbient = "1";
      meshCulling = "0";
      originSort = "0";
      useInstanceRenderData = "1";
      instanceColor = "White";
      instanceColor1 = "White";
      instanceColor2 = "White";
      collisionType = "Collision Mesh";
      decalType = "Collision Mesh";
      prebuildCollisionData = "0";
      renderNormals = "0";
      forceDetail = "-1";
      position = "-584.307129 226.30014 112.042374";
      scale = "1 1 1";
      rotationMatrix = "0.704543233 0.702711821 -0.0990706384 -0.705419779 0.708714545 0.0103295185 0.0774714798 0.0626087785 0.995026767";
      isRenderEnabled = "false";
      canSave = "1";
      canSaveDynamicFields = "1";
      persistentId = "47c8a725-22bf-4bdc-aec2-850cb048f9bd";
   };
   new TSStatic() {
      shapeName = "/levels/west_coast_usa/art/shapes/race/curbramp.dae";
      dynamic = "0";
      playAmbient = "1";
      meshCulling = "0";
      originSort = "0";
      useInstanceRenderData = "1";
      instanceColor = "White";
      instanceColor1 = "White";
      instanceColor2 = "White";
      collisionType = "Collision Mesh";
      decalType = "Collision Mesh";
      prebuildCollisionData = "0";
      renderNormals = "0";
      forceDetail = "-1";
      position = "-909.295959 560.837891 131.910522";
      scale = "1 1 1";
      rotationMatrix = "-0.999257207 0.0182949118 0.0339065604 -0.0162895843 -0.998153925 0.0585035644 0.0349142961 0.0579078011 0.997711241";
      isRenderEnabled = "false";
      canSave = "1";
      canSaveDynamicFields = "1";
   };
   new TSStatic() {
      shapeName = "/levels/west_coast_usa/art/shapes/objects/featherflag_beamng.dae";
      dynamic = "0";
      playAmbient = "1";
      meshCulling = "0";
      originSort = "0";
      useInstanceRenderData = "1";
      instanceColor = "White";
      instanceColor1 = "White";
      instanceColor2 = "White";
      collisionType = "Collision Mesh";
      decalType = "Collision Mesh";
      prebuildCollisionData = "0";
      renderNormals = "0";
      forceDetail = "-1";
      position = "-430.085236 391.772247 98.1719208";
      scale = "1 1 1";
      rotationMatrix = "-0.822748184 0.568406522 0 -0.568406522 -0.822748184 0 0 0 1";
      isRenderEnabled = "false";
      canSave = "1";
      canSaveDynamicFields = "1";
   };
   new TSStatic() {
      shapeName = "/levels/west_coast_usa/art/shapes/race/curbramp.dae";
      dynamic = "0";
      playAmbient = "1";
      meshCulling = "0";
      originSort = "0";
      useInstanceRenderData = "1";
      instanceColor = "White";
      instanceColor1 = "White";
      instanceColor2 = "White";
      collisionType = "Collision Mesh";
      decalType = "Collision Mesh";
      prebuildCollisionData = "0";
      renderNormals = "0";
      forceDetail = "-1";
      position = "-406.468811 461.718109 96.1046753";
      scale = "1 1 1";
      rotationMatrix = "-0.7025069 0.711671054 0.00298769586 -0.710810363 -0.701852083 0.0463988706 0.0351176485 0.0304718297 0.998918533";
      isRenderEnabled = "false";
      canSave = "1";
      canSaveDynamicFields = "1";
   };
   new TSStatic() {
      shapeName = "/levels/west_coast_usa/art/shapes/race/curbramp.dae";
      dynamic = "0";
      playAmbient = "1";
      meshCulling = "0";
      originSort = "0";
      useInstanceRenderData = "1";
      instanceColor = "White";
      instanceColor1 = "White";
      instanceColor2 = "White";
      collisionType = "Collision Mesh";
      decalType = "Collision Mesh";
      prebuildCollisionData = "0";
      renderNormals = "0";
      forceDetail = "-1";
      position = "-405.764954 461.002075 96.1017838";
      scale = "1 1 1";
      rotationMatrix = "-0.7025069 0.711671054 0.00298769586 -0.710810363 -0.701852083 0.0463988706 0.0351176485 0.0304718297 0.998918533";
      isRenderEnabled = "false";
      canSave = "1";
      canSaveDynamicFields = "1";
   };
   new TSStatic() {
      shapeName = "/levels/west_coast_usa/art/shapes/race/curbramp.dae";
      dynamic = "0";
      playAmbient = "1";
      meshCulling = "0";
      originSort = "0";
      useInstanceRenderData = "1";
      instanceColor = "White";
      instanceColor1 = "White";
      instanceColor2 = "White";
      collisionType = "Collision Mesh";
      decalType = "Collision Mesh";
      prebuildCollisionData = "0";
      renderNormals = "0";
      forceDetail = "-1";
      position = "-405.057831 460.290192 96.0986481";
      scale = "1 1 1";
      rotationMatrix = "-0.708016753 0.706187189 0.00334869698 -0.705321372 -0.707368731 0.046374198 0.0351176336 0.0304718204 0.998918533";
      isRenderEnabled = "false";
      canSave = "1";
      canSaveDynamicFields = "1";
   };
   new TSStatic() {
      shapeName = "/levels/west_coast_usa/art/shapes/race/curbramp.dae";
      dynamic = "0";
      playAmbient = "1";
      meshCulling = "0";
      originSort = "0";
      useInstanceRenderData = "1";
      instanceColor = "White";
      instanceColor1 = "White";
      instanceColor2 = "White";
      collisionType = "Collision Mesh";
      decalType = "Collision Mesh";
      prebuildCollisionData = "0";
      renderNormals = "0";
      forceDetail = "-1";
      position = "-404.341217 459.586548 96.0973053";
      scale = "1 1 1";
      rotationMatrix = "-0.706404567 0.707808077 0.000864995643 -0.707017839 -0.705672622 0.046394892 0.0334490836 0.0321619883 0.998922825";
      isRenderEnabled = "false";
      canSave = "1";
      canSaveDynamicFields = "1";
   };
   new TSStatic() {
      shapeName = "/levels/west_coast_usa/art/shapes/race/curbramp.dae";
      dynamic = "0";
      playAmbient = "1";
      meshCulling = "0";
      originSort = "0";
      useInstanceRenderData = "1";
      instanceColor = "White";
      instanceColor1 = "White";
      instanceColor2 = "White";
      collisionType = "Collision Mesh";
      decalType = "Collision Mesh";
      prebuildCollisionData = "0";
      renderNormals = "0";
      forceDetail = "-1";
      position = "-403.631836 458.877075 96.1014481";
      scale = "1 1 1";
      rotationMatrix = "-0.7095505 0.704560578 0.0115193101 -0.703927338 -0.709465981 0.0338324904 0.0320095941 0.0158971008 0.999361157";
      isRenderEnabled = "false";
      canSave = "1";
      canSaveDynamicFields = "1";
   };
   new TSStatic() {
      shapeName = "/levels/west_coast_usa/art/shapes/race/curbramp.dae";
      dynamic = "0";
      playAmbient = "1";
      meshCulling = "0";
      originSort = "0";
      useInstanceRenderData = "1";
      instanceColor = "White";
      instanceColor1 = "White";
      instanceColor2 = "White";
      collisionType = "Collision Mesh";
      decalType = "Collision Mesh";
      prebuildCollisionData = "0";
      renderNormals = "0";
      forceDetail = "-1";
      position = "-402.914307 458.164978 96.0968475";
      scale = "1 1 1";
      rotationMatrix = "-0.7095505 0.704560578 0.0115193101 -0.703927338 -0.709465981 0.0338324904 0.0320095941 0.0158971008 0.999361157";
      isRenderEnabled = "false";
      canSave = "1";
      canSaveDynamicFields = "1";
   };
   new TSStatic() {
      shapeName = "/levels/west_coast_usa/art/shapes/race/curbramp.dae";
      dynamic = "0";
      playAmbient = "1";
      meshCulling = "0";
      originSort = "0";
      useInstanceRenderData = "1";
      instanceColor = "White";
      instanceColor1 = "White";
      instanceColor2 = "White";
      collisionType = "Collision Mesh";
      decalType = "Collision Mesh";
      prebuildCollisionData = "0";
      renderNormals = "0";
      forceDetail = "-1";
      position = "-402.198578 457.454559 96.0905457";
      scale = "1 1 1";
      rotationMatrix = "-0.7095505 0.704560578 0.0115193101 -0.703927338 -0.709465981 0.0338324904 0.0320095941 0.0158971008 0.999361157";
      isRenderEnabled = "false";
      canSave = "1";
      canSaveDynamicFields = "1";
   };
   new TSStatic() {
      shapeName = "/levels/west_coast_usa/art/shapes/race/curbramp.dae";
      dynamic = "0";
      playAmbient = "1";
      meshCulling = "0";
      originSort = "0";
      useInstanceRenderData = "1";
      instanceColor = "White";
      instanceColor1 = "White";
      instanceColor2 = "White";
      collisionType = "Collision Mesh";
      decalType = "Collision Mesh";
      prebuildCollisionData = "0";
      renderNormals = "0";
      forceDetail = "-1";
      position = "-401.488464 456.744934 96.0871353";
      scale = "1 1 1";
      rotationMatrix = "-0.711220622 0.702891648 0.0103906579 -0.702276289 -0.711098433 0.0338584147 0.0311875865 0.0167836994 0.999372602";
      isRenderEnabled = "false";
      canSave = "1";
      canSaveDynamicFields = "1";
   };
   new TSStatic() {
      shapeName = "/levels/west_coast_usa/art/shapes/race/curbramp.dae";
      dynamic = "0";
      playAmbient = "1";
      meshCulling = "0";
      originSort = "0";
      useInstanceRenderData = "1";
      instanceColor = "White";
      instanceColor1 = "White";
      instanceColor2 = "White";
      collisionType = "Collision Mesh";
      decalType = "Collision Mesh";
      prebuildCollisionData = "0";
      renderNormals = "0";
      forceDetail = "-1";
      position = "-400.782715 456.037354 96.0771103";
      scale = "1 1 1";
      rotationMatrix = "-0.711116672 0.703052282 0.00565957092 -0.702542901 -0.710868597 0.0331783518 0.0273493137 0.0196175668 0.999433398";
      isRenderEnabled = "false";
      canSave = "1";
      canSaveDynamicFields = "1";
   };
   new TSStatic() {
      shapeName = "/levels/west_coast_usa/art/shapes/race/curbramp.dae";
      dynamic = "0";
      playAmbient = "1";
      meshCulling = "0";
      originSort = "0";
      useInstanceRenderData = "1";
      instanceColor = "White";
      instanceColor1 = "White";
      instanceColor2 = "White";
      collisionType = "Collision Mesh";
      decalType = "Collision Mesh";
      prebuildCollisionData = "0";
      renderNormals = "0";
      forceDetail = "-1";
      position = "-400.070099 455.333069 96.0766449";
      scale = "1 1 1";
      rotationMatrix = "-0.710874677 0.703186512 0.0136498017 -0.702542782 -0.710868001 0.0331783481 0.0330337659 0.013996073 0.99935621";
      isRenderEnabled = "false";
      canSave = "1";
      canSaveDynamicFields = "1";
   };
   new TSStatic() {
      shapeName = "/levels/west_coast_usa/art/shapes/race/curbramp.dae";
      dynamic = "0";
      playAmbient = "1";
      meshCulling = "0";
      originSort = "0";
      useInstanceRenderData = "1";
      instanceColor = "White";
      instanceColor1 = "White";
      instanceColor2 = "White";
      collisionType = "Collision Mesh";
      decalType = "Collision Mesh";
      prebuildCollisionData = "0";
      renderNormals = "0";
      forceDetail = "-1";
      position = "-399.353455 454.624451 96.0691986";
      scale = "1 1 1";
      rotationMatrix = "-0.711069465 0.703084528 0.00734881125 -0.702542961 -0.710868597 0.0331783593 0.0285512116 0.0184292365 0.999422431";
      isRenderEnabled = "false";
      canSave = "1";
      canSaveDynamicFields = "1";
   };
   new TSStatic() {
      shapeName = "/levels/west_coast_usa/art/shapes/race/curbramp.dae";
      dynamic = "0";
      playAmbient = "1";
      meshCulling = "0";
      originSort = "0";
      useInstanceRenderData = "1";
      instanceColor = "White";
      instanceColor1 = "White";
      instanceColor2 = "White";
      collisionType = "Collision Mesh";
      decalType = "Collision Mesh";
      prebuildCollisionData = "0";
      renderNormals = "0";
      forceDetail = "-1";
      position = "-398.638458 453.917664 96.0641479";
      scale = "1 1 1";
      rotationMatrix = "-0.711259842 0.702929795 2.79396772e-09 -0.702542841 -0.710868239 0.0331783518 0.0233220495 0.0235984102 0.999449432";
      isRenderEnabled = "false";
      canSave = "1";
      canSaveDynamicFields = "1";
   };
   new TSStatic() {
      shapeName = "/levels/west_coast_usa/art/shapes/race/curbramp.dae";
      dynamic = "0";
      playAmbient = "1";
      meshCulling = "0";
      originSort = "0";
      useInstanceRenderData = "1";
      instanceColor = "White";
      instanceColor1 = "White";
      instanceColor2 = "White";
      collisionType = "Collision Mesh";
      decalType = "Collision Mesh";
      prebuildCollisionData = "0";
      renderNormals = "0";
      forceDetail = "-1";
      position = "-572.329407 238.295319 109.953362";
      scale = "1 1 1";
      rotationMatrix = "0.700979888 0.70305562 -0.119749695 -0.707203746 0.706929564 0.0106486119 0.0921411663 0.077222988 0.992747009";
      isRenderEnabled = "false";
      canSave = "1";
      canSaveDynamicFields = "1";
   };
   new TSStatic() {
      shapeName = "/levels/west_coast_usa/art/shapes/race/curbramp.dae";
      dynamic = "0";
      playAmbient = "1";
      meshCulling = "0";
      originSort = "0";
      useInstanceRenderData = "1";
      instanceColor = "White";
      instanceColor1 = "White";
      instanceColor2 = "White";
      collisionType = "Collision Mesh";
      decalType = "Collision Mesh";
      prebuildCollisionData = "0";
      renderNormals = "0";
      forceDetail = "-1";
      position = "-573.037415 237.585205 110.074318";
      scale = "1 1 1";
      rotationMatrix = "0.700979888 0.70305562 -0.119749695 -0.707203746 0.706929564 0.0106486119 0.0921411663 0.077222988 0.992747009";
      isRenderEnabled = "false";
      canSave = "1";
      canSaveDynamicFields = "1";
   };
   new TSStatic() {
      shapeName = "/levels/west_coast_usa/art/shapes/race/curbramp.dae";
      dynamic = "0";
      playAmbient = "1";
      meshCulling = "0";
      originSort = "0";
      useInstanceRenderData = "1";
      instanceColor = "White";
      instanceColor1 = "White";
      instanceColor2 = "White";
      collisionType = "Collision Mesh";
      decalType = "Collision Mesh";
      prebuildCollisionData = "0";
      renderNormals = "0";
      forceDetail = "-1";
      position = "-573.744202 236.876221 110.195076";
      scale = "1 1 1";
      rotationMatrix = "0.700979888 0.70305562 -0.119749695 -0.707203746 0.706929564 0.0106486119 0.0921411663 0.077222988 0.992747009";
      isRenderEnabled = "false";
      canSave = "1";
      canSaveDynamicFields = "1";
      persistentId = "b55b62fd-d112-4127-aec0-2a2be66fa0c2";
   };
   new TSStatic() {
      shapeName = "/levels/west_coast_usa/art/shapes/race/curbramp.dae";
      dynamic = "0";
      playAmbient = "1";
      meshCulling = "0";
      originSort = "0";
      useInstanceRenderData = "1";
      instanceColor = "White";
      instanceColor1 = "White";
      instanceColor2 = "White";
      collisionType = "Collision Mesh";
      decalType = "Collision Mesh";
      prebuildCollisionData = "0";
      renderNormals = "0";
      forceDetail = "-1";
      position = "-574.449341 236.168915 110.31945";
      scale = "1 1 1";
      rotationMatrix = "0.701359987 0.703373194 -0.11558719 -0.707203865 0.706929564 0.010648597 0.0892019421 0.0742751807 0.993240237";
      isRenderEnabled = "false";
      canSave = "1";
      canSaveDynamicFields = "1";
   };
   new TSStatic() {
      shapeName = "/levels/west_coast_usa/art/shapes/race/curbramp.dae";
      dynamic = "0";
      playAmbient = "1";
      meshCulling = "0";
      originSort = "0";
      useInstanceRenderData = "1";
      instanceColor = "White";
      instanceColor1 = "White";
      instanceColor2 = "White";
      collisionType = "Collision Mesh";
      decalType = "Collision Mesh";
      prebuildCollisionData = "0";
      renderNormals = "0";
      forceDetail = "-1";
      position = "-575.158752 235.468277 110.438828";
      scale = "1 1 1";
      rotationMatrix = "0.701823592 0.703757107 -0.110315584 -0.707203567 0.706929684 0.0106485933 0.0854793862 0.0705421567 0.993839562";
      isRenderEnabled = "false";
      canSave = "1";
      canSaveDynamicFields = "1";
   };
   new TSStatic() {
      shapeName = "/levels/west_coast_usa/art/shapes/race/curbramp.dae";
      dynamic = "0";
      playAmbient = "1";
      meshCulling = "0";
      originSort = "0";
      useInstanceRenderData = "1";
      instanceColor = "White";
      instanceColor1 = "White";
      instanceColor2 = "White";
      collisionType = "Collision Mesh";
      decalType = "Collision Mesh";
      prebuildCollisionData = "0";
      renderNormals = "0";
      forceDetail = "-1";
      position = "-575.866638 234.758362 110.554657";
      scale = "1 1 1";
      rotationMatrix = "0.700442374 0.702603042 -0.125416651 -0.707203686 0.706929624 0.010648597 0.0961424783 0.0812363923 0.992047012";
      isRenderEnabled = "false";
      canSave = "1";
      canSaveDynamicFields = "1";
   };
   new TSStatic() {
      shapeName = "/levels/west_coast_usa/art/shapes/race/curbramp.dae";
      dynamic = "0";
      playAmbient = "1";
      meshCulling = "0";
      originSort = "0";
      useInstanceRenderData = "1";
      instanceColor = "White";
      instanceColor1 = "White";
      instanceColor2 = "White";
      collisionType = "Collision Mesh";
      decalType = "Collision Mesh";
      prebuildCollisionData = "0";
      renderNormals = "0";
      forceDetail = "-1";
      position = "-576.569458 234.053314 110.682137";
      scale = "1 1 1";
      rotationMatrix = "0.700442374 0.702603042 -0.125416651 -0.707203686 0.706929624 0.010648597 0.0961424783 0.0812363923 0.992047012";
      isRenderEnabled = "false";
      canSave = "1";
      canSaveDynamicFields = "1";
   };
   new TSStatic() {
      shapeName = "/levels/west_coast_usa/art/shapes/race/curbramp.dae";
      dynamic = "0";
      playAmbient = "1";
      meshCulling = "0";
      originSort = "0";
      useInstanceRenderData = "1";
      instanceColor = "White";
      instanceColor1 = "White";
      instanceColor2 = "White";
      collisionType = "Collision Mesh";
      decalType = "Collision Mesh";
      prebuildCollisionData = "0";
      renderNormals = "0";
      forceDetail = "-1";
      position = "-577.272339 233.348297 110.805717";
      scale = "1 1 1";
      rotationMatrix = "0.700442374 0.702603042 -0.125416651 -0.707203686 0.706929624 0.010648597 0.0961424783 0.0812363923 0.992047012";
      isRenderEnabled = "false";
      canSave = "1";
      canSaveDynamicFields = "1";
   };
   new TSStatic() {
      shapeName = "/levels/west_coast_usa/art/shapes/race/curbramp.dae";
      dynamic = "0";
      playAmbient = "1";
      meshCulling = "0";
      originSort = "0";
      useInstanceRenderData = "1";
      instanceColor = "White";
      instanceColor1 = "White";
      instanceColor2 = "White";
      collisionType = "Collision Mesh";
      decalType = "Collision Mesh";
      prebuildCollisionData = "0";
      renderNormals = "0";
      forceDetail = "-1";
      position = "-577.977173 232.641281 110.926857";
      scale = "1 1 1";
      rotationMatrix = "0.700442374 0.702603042 -0.125416651 -0.707203686 0.706929624 0.010648597 0.0961424783 0.0812363923 0.992047012";
      isRenderEnabled = "false";
      canSave = "1";
      canSaveDynamicFields = "1";
   };
   new TSStatic() {
      shapeName = "/levels/west_coast_usa/art/shapes/race/curbramp.dae";
      dynamic = "0";
      playAmbient = "1";
      meshCulling = "0";
      originSort = "0";
      useInstanceRenderData = "1";
      instanceColor = "White";
      instanceColor1 = "White";
      instanceColor2 = "White";
      collisionType = "Collision Mesh";
      decalType = "Collision Mesh";
      prebuildCollisionData = "0";
      renderNormals = "0";
      forceDetail = "-1";
      position = "-578.678101 231.938217 111.051537";
      scale = "1 1 1";
      rotationMatrix = "0.700762689 0.702873349 -0.122068703 -0.707203865 0.706929564 0.0106486008 0.0937785953 0.0788652971 0.992464542";
      isRenderEnabled = "false";
      canSave = "1";
      canSaveDynamicFields = "1";
   };
   new TSStatic() {
      shapeName = "/levels/west_coast_usa/art/shapes/race/curbramp.dae";
      dynamic = "0";
      playAmbient = "1";
      meshCulling = "0";
      originSort = "0";
      useInstanceRenderData = "1";
      instanceColor = "White";
      instanceColor1 = "White";
      instanceColor2 = "White";
      collisionType = "Collision Mesh";
      decalType = "Collision Mesh";
      prebuildCollisionData = "0";
      renderNormals = "0";
      forceDetail = "-1";
      position = "-579.379944 231.234314 111.171722";
      scale = "1 1 1";
      rotationMatrix = "0.700442374 0.702603042 -0.125416651 -0.707203686 0.706929624 0.010648597 0.0961424783 0.0812363923 0.992047012";
      isRenderEnabled = "false";
      canSave = "1";
      canSaveDynamicFields = "1";
   };
   new TSStatic() {
      shapeName = "/levels/west_coast_usa/art/shapes/race/curbramp.dae";
      dynamic = "0";
      playAmbient = "1";
      meshCulling = "0";
      originSort = "0";
      useInstanceRenderData = "1";
      instanceColor = "White";
      instanceColor1 = "White";
      instanceColor2 = "White";
      collisionType = "Collision Mesh";
      decalType = "Collision Mesh";
      prebuildCollisionData = "0";
      renderNormals = "0";
      forceDetail = "-1";
      position = "-580.085754 230.526306 111.29731";
      scale = "1 1 1";
      rotationMatrix = "0.701142788 0.703191996 -0.117981993 -0.707203746 0.706929564 0.0106486045 0.0908929631 0.0759711266 0.992958665";
      isRenderEnabled = "false";
      canSave = "1";
      canSaveDynamicFields = "1";
   };
   new TSStatic() {
      shapeName = "/levels/west_coast_usa/art/shapes/race/curbramp.dae";
      dynamic = "0";
      playAmbient = "1";
      meshCulling = "0";
      originSort = "0";
      useInstanceRenderData = "1";
      instanceColor = "White";
      instanceColor1 = "White";
      instanceColor2 = "White";
      collisionType = "Collision Mesh";
      decalType = "Collision Mesh";
      prebuildCollisionData = "0";
      renderNormals = "0";
      forceDetail = "-1";
      position = "-580.787476 229.822449 111.42469";
      scale = "1 1 1";
      rotationMatrix = "0.700274467 0.702461243 -0.127137467 -0.707203865 0.706929564 0.0106485859 0.0973574594 0.0824551508 0.991827965";
      isRenderEnabled = "false";
      canSave = "1";
      canSaveDynamicFields = "1";
   };
   new TSStatic() {
      shapeName = "/levels/west_coast_usa/art/shapes/race/curbramp.dae";
      dynamic = "0";
      playAmbient = "1";
      meshCulling = "0";
      originSort = "0";
      useInstanceRenderData = "1";
      instanceColor = "White";
      instanceColor1 = "White";
      instanceColor2 = "White";
      collisionType = "Collision Mesh";
      decalType = "Collision Mesh";
      prebuildCollisionData = "0";
      renderNormals = "0";
      forceDetail = "-1";
      position = "-581.49231 229.115356 111.552658";
      scale = "1 1 1";
      rotationMatrix = "0.700274467 0.702461243 -0.127137467 -0.707203865 0.706929564 0.0106485859 0.0973574594 0.0824551508 0.991827965";
      isRenderEnabled = "false";
      canSave = "1";
      canSaveDynamicFields = "1";
   };
   new TSStatic() {
      shapeName = "/levels/west_coast_usa/art/shapes/race/curbramp.dae";
      dynamic = "0";
      playAmbient = "1";
      meshCulling = "0";
      originSort = "0";
      useInstanceRenderData = "1";
      instanceColor = "White";
      instanceColor1 = "White";
      instanceColor2 = "White";
      collisionType = "Collision Mesh";
      decalType = "Collision Mesh";
      prebuildCollisionData = "0";
      renderNormals = "0";
      forceDetail = "-1";
      position = "-582.19635 228.409103 111.678741";
      scale = "1 1 1";
      rotationMatrix = "0.70044136 0.702602088 -0.125428498 -0.707203686 0.706929803 0.0106485635 0.0961508527 0.0812447816 0.992045522";
      isRenderEnabled = "false";
      canSave = "1";
      canSaveDynamicFields = "1";
   };
   new TSStatic() {
      shapeName = "/levels/west_coast_usa/art/shapes/race/curbramp.dae";
      dynamic = "0";
      playAmbient = "1";
      meshCulling = "0";
      originSort = "0";
      useInstanceRenderData = "1";
      instanceColor = "White";
      instanceColor1 = "White";
      instanceColor2 = "White";
      collisionType = "Collision Mesh";
      decalType = "Collision Mesh";
      prebuildCollisionData = "0";
      renderNormals = "0";
      forceDetail = "-1";
      position = "-582.900757 227.702698 111.802155";
      scale = "1 1 1";
      rotationMatrix = "0.702237904 0.70080173 -0.125455171 -0.705419779 0.708714604 0.010329511 0.0961508527 0.0812447667 0.992045522";
      isRenderEnabled = "false";
      canSave = "1";
      canSaveDynamicFields = "1";
   };
   new TSStatic() {
      shapeName = "/levels/west_coast_usa/art/shapes/race/curbramp.dae";
      dynamic = "0";
      playAmbient = "1";
      meshCulling = "0";
      originSort = "0";
      useInstanceRenderData = "1";
      instanceColor = "White";
      instanceColor1 = "White";
      instanceColor2 = "White";
      collisionType = "Collision Mesh";
      decalType = "Collision Mesh";
      prebuildCollisionData = "0";
      renderNormals = "0";
      forceDetail = "-1";
      position = "-583.609436 226.99617 111.938599";
      scale = "1 1 1";
      rotationMatrix = "0.702203095 0.700772047 -0.125814617 -0.70541954 0.708714664 0.0103295147 0.0964052901 0.0814986825 0.991999984";
      isRenderEnabled = "false";
      canSave = "1";
      canSaveDynamicFields = "1";
      persistentId = "3d3d25ff-67e8-44cd-a0e6-51877dd1fd61";
   };
   new TSStatic() {
      shapeName = "/levels/west_coast_usa/art/shapes/race/curbramp.dae";
      dynamic = "0";
      playAmbient = "1";
      meshCulling = "0";
      originSort = "0";
      useInstanceRenderData = "1";
      instanceColor = "White";
      instanceColor1 = "White";
      instanceColor2 = "White";
      collisionType = "Collision Mesh";
      decalType = "Collision Mesh";
      prebuildCollisionData = "0";
      renderNormals = "0";
      forceDetail = "-1";
      position = "-908.317444 657.367737 111.992973";
      scale = "1 1 1";
      rotationMatrix = "0.999845028 5.16416585e-05 -0.0176056121 5.16416585e-05 0.999982774 0.00586599484 0.0176056121 -0.00586599484 0.999827802";
      isRenderEnabled = "false";
      canSave = "1";
      canSaveDynamicFields = "1";
   };
   new TSStatic() {
      shapeName = "/levels/west_coast_usa/art/shapes/race/curbramp.dae";
      dynamic = "0";
      playAmbient = "1";
      meshCulling = "0";
      originSort = "0";
      useInstanceRenderData = "1";
      instanceColor = "White";
      instanceColor1 = "White";
      instanceColor2 = "White";
      collisionType = "Collision Mesh";
      decalType = "Collision Mesh";
      prebuildCollisionData = "0";
      renderNormals = "0";
      forceDetail = "-1";
      position = "-914.390808 653.19635 112.084206";
      scale = "1 1 1";
      rotationMatrix = "0.0871312618 0.994855523 -0.0516785234 -0.996139407 0.0875660181 0.00620508566 0.0106984489 0.0509383567 0.998644471";
      isRenderEnabled = "false";
      canSave = "1";
      canSaveDynamicFields = "1";
      persistentId = "ffd8b854-31a8-4e13-872e-e4cf76c721c9";
   };
   new DecalRoad() {
      drivability = "-1";
      lanesLeft = "1";
      lanesRight = "1";
      oneWay = "0";
      flipDirection = "0";
      gatedRoad = "0";
      useSubdivisions = "1";
      ImprovedSpline = "1";
      startTangent = "0";
      endTangent = "0";
      looped = "0";
      smoothness = "0.5";
      detail = "0.100000001";
      overObjects = "0";
      material = "track_rubber";
      textureLength = "40";
      breakAngle = "3";
      renderPriority = "1";
      zBias = "0";
      decalBias = "0.000500000024";
      distanceFade = "0 0";
      startEndFade = "30 30";
      hiddenInNavi = "0";
      position = "-646.547424 333.482178 123.858482";
      scale = "1 1 1";
      rotationMatrix = "1 0 0 0 1 0 0 0 1";
      canSave = "1";
      canSaveDynamicFields = "1";

      Node = "-646.547424 333.482178 123.858482 10.000000";
      Node = "-667.655640 309.878082 129.009308 10.000000";
      Node = "-671.752808 297.498962 129.228226 10.000000";
      Node = "-665.806091 282.554108 127.855186 10.000000";
      Node = "-645.758423 263.134216 122.103477 10.000000";
   };
   new DecalRoad() {
      drivability = "-1";
      lanesLeft = "1";
      lanesRight = "1";
      oneWay = "0";
      flipDirection = "0";
      gatedRoad = "0";
      useSubdivisions = "1";
      ImprovedSpline = "1";
      startTangent = "0";
      endTangent = "0";
      looped = "0";
      smoothness = "0.5";
      detail = "0.100000001";
      overObjects = "1";
      material = "track_rubber";
      textureLength = "40";
      breakAngle = "3";
      renderPriority = "1";
      zBias = "0";
      decalBias = "0.000500000024";
      distanceFade = "0 0";
      startEndFade = "30 30";
      hiddenInNavi = "0";
      position = "-640.921692 259.452637 120.859459";
      scale = "1 1 1";
      rotationMatrix = "1 0 0 0 1 0 0 0 1";
      canSave = "1";
      canSaveDynamicFields = "1";
      persistentId = "112f17d6-36bf-4270-90b7-2e1711b72478";

      Node = "-640.921692 259.452637 120.859459 10.000000";
      Node = "-618.136047 237.032761 114.251587 10.000000";
      Node = "-603.404663 227.919998 112.307510 10.000000";
      Node = "-584.624023 232.051682 111.587540 10.000000";
      Node = "-564.748108 252.572617 108.015816 12.000000";
   };
   new DecalRoad() {
      drivability = "-1";
      lanesLeft = "1";
      lanesRight = "1";
      oneWay = "0";
      flipDirection = "0";
      gatedRoad = "0";
      useSubdivisions = "1";
      ImprovedSpline = "1";
      startTangent = "0";
      endTangent = "0";
      looped = "0";
      smoothness = "0.5";
      detail = "0.100000001";
      overObjects = "0";
      material = "track_rubber";
      textureLength = "40";
      breakAngle = "3";
      renderPriority = "1";
      zBias = "0";
      decalBias = "0.000500000024";
      distanceFade = "0 0";
      startEndFade = "30 30";
      hiddenInNavi = "0";
      position = "-521.159729 300.259644 99.9666138";
      scale = "1 1 1";
      rotationMatrix = "1 0 0 0 1 0 0 0 1";
      canSave = "1";
      canSaveDynamicFields = "1";

      Node = "-521.159729 300.259644 99.966614 10.000000";
      Node = "-483.702545 337.198944 96.888969 10.000000";
   };
   new DecalRoad() {
      drivability = "-1";
      lanesLeft = "1";
      lanesRight = "1";
      oneWay = "0";
      flipDirection = "0";
      gatedRoad = "0";
      useSubdivisions = "1";
      ImprovedSpline = "1";
      startTangent = "0";
      endTangent = "0";
      looped = "0";
      smoothness = "0.5";
      detail = "0.100000001";
      overObjects = "0";
      material = "track_rubber";
      textureLength = "40";
      breakAngle = "3";
      renderPriority = "1";
      zBias = "0";
      decalBias = "0.000500000024";
      distanceFade = "0 0";
      startEndFade = "30 30";
      hiddenInNavi = "0";
      position = "-469.116791 348.245087 96.7578964";
      scale = "1 1 1";
      rotationMatrix = "1 0 0 0 1 0 0 0 1";
      canSave = "1";
      canSaveDynamicFields = "1";

      Node = "-469.116791 348.245087 96.757896 10.000000";
      Node = "-440.022980 376.885559 96.466011 10.000000";
      Node = "-414.014404 402.923523 96.204468 10.000000";
   };
   new DecalRoad() {
      drivability = "-1";
      lanesLeft = "1";
      lanesRight = "1";
      oneWay = "0";
      flipDirection = "0";
      gatedRoad = "0";
      useSubdivisions = "1";
      ImprovedSpline = "1";
      startTangent = "0";
      endTangent = "0";
      looped = "0";
      smoothness = "0.5";
      detail = "0.100000001";
      overObjects = "0";
      material = "track_rubber";
      textureLength = "40";
      breakAngle = "3";
      renderPriority = "1";
      zBias = "0";
      decalBias = "0.000500000024";
      distanceFade = "0 0";
      startEndFade = "30 30";
      hiddenInNavi = "0";
      position = "-416.479492 399.25647 96.2361908";
      scale = "1 1 1";
      rotationMatrix = "1 0 0 0 1 0 0 0 1";
      canSave = "1";
      canSaveDynamicFields = "1";

      Node = "-416.479492 399.256470 96.236191 10.000000";
      Node = "-401.922211 416.801880 96.065887 10.000000";
      Node = "-397.344818 430.368378 95.995529 10.000000";
      Node = "-400.651764 444.449493 96.026199 10.000000";
      Node = "-415.105225 464.554077 96.158005 10.000000";
      Node = "-431.817871 481.407990 96.266975 10.000000";
   };
   new DecalRoad() {
      drivability = "-1";
      lanesLeft = "1";
      lanesRight = "1";
      oneWay = "0";
      flipDirection = "0";
      gatedRoad = "0";
      useSubdivisions = "1";
      ImprovedSpline = "1";
      startTangent = "0";
      endTangent = "0";
      looped = "0";
      smoothness = "0.5";
      detail = "0.100000001";
      overObjects = "0";
      material = "track_rubber";
      textureLength = "40";
      breakAngle = "3";
      renderPriority = "1";
      zBias = "0";
      decalBias = "0.000500000024";
      distanceFade = "0 0";
      startEndFade = "30 30";
      hiddenInNavi = "0";
      position = "-517.55072 564.379517 91.6265488";
      scale = "1 1 1";
      rotationMatrix = "1 0 0 0 1 0 0 0 1";
      canSave = "1";
      canSaveDynamicFields = "1";
      persistentId = "1b39bf09-0fed-4538-88eb-ba881e32da39";

      Node = "-517.550720 564.379517 91.626549 10.000000";
      Node = "-535.164307 579.748474 89.958366 10.000000";
      Node = "-555.624634 593.457520 89.950935 10.000000";
      Node = "-579.985535 619.382690 90.600380 10.000000";
   };
   new DecalRoad() {
      drivability = "-1";
      lanesLeft = "1";
      lanesRight = "1";
      oneWay = "0";
      flipDirection = "0";
      gatedRoad = "0";
      useSubdivisions = "1";
      ImprovedSpline = "1";
      startTangent = "0";
      endTangent = "0";
      looped = "0";
      smoothness = "0.5";
      detail = "0.100000001";
      overObjects = "0";
      material = "track_rubber";
      textureLength = "40";
      breakAngle = "3";
      renderPriority = "1";
      zBias = "0";
      decalBias = "0.000500000024";
      distanceFade = "0 0";
      startEndFade = "30 30";
      hiddenInNavi = "0";
      position = "-581.110901 626.044495 90.7093964";
      scale = "1 1 1";
      rotationMatrix = "1 0 0 0 1 0 0 0 1";
      canSave = "1";
      canSaveDynamicFields = "1";
      persistentId = "2964e1c1-fda4-4528-8be0-a71a80c8f5b8";

      Node = "-581.110901 626.044495 90.709396 12.000000";
      Node = "-614.100464 656.159668 91.504250 10.000000";
      Node = "-637.409546 661.809814 91.491272 10.000000";
      Node = "-674.520325 661.687134 94.912743 10.000000";
   };
   new DecalRoad() {
      drivability = "-1";
      lanesLeft = "1";
      lanesRight = "1";
      oneWay = "0";
      flipDirection = "0";
      gatedRoad = "0";
      useSubdivisions = "1";
      ImprovedSpline = "1";
      startTangent = "0";
      endTangent = "0";
      looped = "0";
      smoothness = "0.5";
      detail = "0.100000001";
      overObjects = "0";
      material = "track_rubber";
      textureLength = "40";
      breakAngle = "3";
      renderPriority = "1";
      zBias = "0";
      decalBias = "0.000500000024";
      distanceFade = "0 0";
      startEndFade = "30 30";
      hiddenInNavi = "0";
      position = "-741.268005 661.575623 104.198753";
      scale = "1 1 1";
      rotationMatrix = "1 0 0 0 1 0 0 0 1";
      canSave = "1";
      canSaveDynamicFields = "1";

      Node = "-741.268005 661.575623 104.198753 10.000000";
      Node = "-795.289917 661.999939 107.021492 10.000000";
   };
   new DecalRoad() {
      drivability = "-1";
      lanesLeft = "1";
      lanesRight = "1";
      oneWay = "0";
      flipDirection = "0";
      gatedRoad = "0";
      useSubdivisions = "1";
      ImprovedSpline = "1";
      startTangent = "0";
      endTangent = "0";
      looped = "0";
      smoothness = "0.5";
      detail = "0.100000001";
      overObjects = "0";
      material = "track_rubber";
      textureLength = "40";
      breakAngle = "3";
      renderPriority = "1";
      zBias = "0";
      decalBias = "0.000500000024";
      distanceFade = "0 0";
      startEndFade = "30 30";
      hiddenInNavi = "0";
      position = "-873.953369 662.320251 110.518547";
      scale = "1 1 1";
      rotationMatrix = "1 0 0 0 1 0 0 0 1";
      canSave = "1";
      canSaveDynamicFields = "1";
      persistentId = "7fa33236-65d6-4cc9-9996-be7ad6d3a62b";

      Node = "-873.953369 662.320251 110.518547 10.000000";
      Node = "-899.972107 661.316895 111.673935 10.000000";
      Node = "-914.303162 659.212952 112.031845 10.000000";
      Node = "-922.344910 649.473755 112.498604 10.000000";
      Node = "-922.351074 630.676514 116.864944 10.000000";
      Node = "-921.575928 607.510986 122.369080 10.000000";
   };
   new DecalRoad() {
      drivability = "-1";
      lanesLeft = "1";
      lanesRight = "1";
      oneWay = "0";
      flipDirection = "0";
      gatedRoad = "0";
      useSubdivisions = "1";
      ImprovedSpline = "1";
      startTangent = "0";
      endTangent = "0";
      looped = "0";
      smoothness = "0.5";
      detail = "0.100000001";
      overObjects = "0";
      material = "track_rubber";
      textureLength = "40";
      breakAngle = "3";
      renderPriority = "1";
      zBias = "0";
      decalBias = "0.000500000024";
      distanceFade = "0 0";
      startEndFade = "30 30";
      hiddenInNavi = "0";
      position = "-921.460449 592.823364 125.872047";
      scale = "1 1 1";
      rotationMatrix = "1 0 0 0 1 0 0 0 1";
      canSave = "1";
      canSaveDynamicFields = "1";

      Node = "-921.460449 592.823364 125.872047 10.000000";
      Node = "-920.436035 571.734192 130.872070 10.000000";
      Node = "-915.897095 559.698303 131.958282 10.000000";
      Node = "-903.492126 554.390808 131.603973 10.000000";
      Node = "-873.421204 554.093872 129.691177 10.000000";
      Node = "-845.779541 554.595276 127.911926 10.000000";
   };
   new DecalRoad() {
      drivability = "-1";
      lanesLeft = "1";
      lanesRight = "1";
      oneWay = "0";
      flipDirection = "0";
      gatedRoad = "0";
      useSubdivisions = "1";
      ImprovedSpline = "1";
      startTangent = "0";
      endTangent = "0";
      looped = "0";
      smoothness = "0.5";
      detail = "0.100000001";
      overObjects = "0";
      material = "track_rubber";
      textureLength = "40";
      breakAngle = "3";
      renderPriority = "1";
      zBias = "0";
      decalBias = "0.000500000024";
      distanceFade = "0 0";
      startEndFade = "30 30";
      hiddenInNavi = "0";
      position = "-753.987549 555.671936 122.986641";
      scale = "1 1 1";
      rotationMatrix = "1 0 0 0 1 0 0 0 1";
      canSave = "1";
      canSaveDynamicFields = "1";

      Node = "-753.987549 555.671936 122.986641 10.000000";
      Node = "-729.299072 554.550293 120.068222 10.000000";
      Node = "-712.641541 544.652771 119.815407 10.000000";
      Node = "-687.343079 520.390991 118.447227 10.000000";
   };
   new DecalRoad() {
      drivability = "-1";
      lanesLeft = "1";
      lanesRight = "1";
      oneWay = "0";
      flipDirection = "0";
      gatedRoad = "0";
      useSubdivisions = "1";
      ImprovedSpline = "1";
      startTangent = "0";
      endTangent = "0";
      looped = "0";
      smoothness = "0.5";
      detail = "0.100000001";
      overObjects = "0";
      material = "track_rubber";
      textureLength = "40";
      breakAngle = "3";
      renderPriority = "1";
      zBias = "0";
      decalBias = "0.000500000024";
      distanceFade = "0 0";
      startEndFade = "30 30";
      hiddenInNavi = "0";
      position = "-665.067688 496.329803 117.177315";
      scale = "1 1 1";
      rotationMatrix = "1 0 0 0 1 0 0 0 1";
      canSave = "1";
