//--- OBJECT WRITE BEGIN ---
$ThisPrefab = new SimGroup() {
   canSave = "1";
   canSaveDynamicFields = "1";
      groupPosition = "0 0 0";

   new TSStatic() {
      shapeName = "/levels/west_coast_usa/art/shapes/objects/s_gm_cube_2m.dae";
      dynamic = "0";
      playAmbient = "1";
      meshCulling = "0";
      originSort = "0";
      useInstanceRenderData = "1";
      instanceColor = "White";
      instanceColor1 = "White";
      instanceColor2 = "White";
      collisionType = "Collision Mesh";
      decalType = "Collision Mesh";
      prebuildCollisionData = "0";
      renderNormals = "0";
      forceDetail = "-1";
      position = "297.319977 -364.587463 144.884048";
      scale = "1 1 1";
      rotationMatrix = "0.122994125 0.992407382 1.86264515e-09 -0.992029488 0.122947276 -0.027593594 -0.0273840874 0.00339384656 0.999619246";
      isRenderEnabled = "false";
      canSave = "1";
      canSaveDynamicFields = "1";
      persistentId = "e2459328-f78b-49aa-882b-75a8c8aca2c1";
   };
   new TSStatic() {
      shapeName = "/levels/west_coast_usa/art/shapes/objects/s_gm_cube_2m.dae";
      dynamic = "0";
      playAmbient = "1";
      meshCulling = "0";
      originSort = "0";
      useInstanceRenderData = "1";
      instanceColor = "White";
      instanceColor1 = "White";
      instanceColor2 = "White";
      collisionType = "Collision Mesh";
      decalType = "Collision Mesh";
      prebuildCollisionData = "0";
      renderNormals = "0";
      forceDetail = "-1";
      position = "297.572815 -362.603516 144.63414";
      scale = "1 1 1";
      rotationMatrix = "0.122994125 0.992407382 1.86264515e-09 -0.992029488 0.122947276 -0.027593594 -0.0273840874 0.00339384656 0.999619246";
      isRenderEnabled = "false";
      canSave = "1";
      canSaveDynamicFields = "1";
      persistentId = "c87f6b70-642d-4237-a75b-b702551be76b";
   };
   new TSStatic() {
      shapeName = "/levels/west_coast_usa/art/shapes/objects/s_gm_cube_2m.dae";
      dynamic = "0";
      playAmbient = "1";
      meshCulling = "0";
      originSort = "0";
      useInstanceRenderData = "1";
      instanceColor = "White";
      instanceColor1 = "White";
      instanceColor2 = "White";
      collisionType = "Collision Mesh";
      decalType = "Collision Mesh";
      prebuildCollisionData = "0";
      renderNormals = "0";
      forceDetail = "-1";
      position = "297.818817 -360.618713 144.63414";
      scale = "1 1 1";
      rotationMatrix = "0.122994125 0.992407382 1.86264515e-09 -0.992029488 0.122947276 -0.027593594 -0.0273840874 0.00339384656 0.999619246";
      isRenderEnabled = "false";
      canSave = "1";
      canSaveDynamicFields = "1";
      persistentId = "dbb3bb40-748c-4c4d-996e-50d80d9a83e6";
   };
   new TSStatic() {
      shapeName = "/levels/west_coast_usa/art/shapes/objects/s_gm_cube_2m.dae";
      dynamic = "0";
      playAmbient = "1";
      meshCulling = "0";
      originSort = "0";
      useInstanceRenderData = "1";
      instanceColor = "White";
      instanceColor1 = "White";
      instanceColor2 = "White";
      collisionType = "Collision Mesh";
      decalType = "Collision Mesh";
      prebuildCollisionData = "0";
      renderNormals = "0";
      forceDetail = "-1";
      position = "298.057983 -358.633057 144.884048";
      scale = "1 1 1";
      rotationMatrix = "0.122994125 0.992407382 1.86264515e-09 -0.992029488 0.122947276 -0.027593594 -0.0273840874 0.00339384656 0.999619246";
      isRenderEnabled = "false";
      canSave = "1";
      canSaveDynamicFields = "1";
      persistentId = "7640dea7-c5f7-47c6-9a0e-ce550d0db36c";
   };
   new TSStatic() {
      shapeName = "/levels/west_coast_usa/art/shapes/objects/s_gm_cube_2m.dae";
      dynamic = "0";
      playAmbient = "1";
      meshCulling = "0";
      originSort = "0";
      useInstanceRenderData = "1";
      instanceColor = "White";
      instanceColor1 = "White";
      instanceColor2 = "White";
      collisionType = "Collision Mesh";
      decalType = "Collision Mesh";
      prebuildCollisionData = "0";
      renderNormals = "0";
      forceDetail = "-1";
      position = "296.067047 -358.386292 145.078766";
      scale = "1 1 1";
      rotationMatrix = "0.122994125 0.992407382 1.86264515e-09 -0.992029488 0.122947276 -0.027593594 -0.0273840874 0.00339384656 0.999619246";
      isRenderEnabled = "false";
      canSave = "1";
      canSaveDynamicFields = "1";
      persistentId = "6707b282-4fa1-49f5-a3d8-09e2c66bc642";
   };
   new TSStatic() {
      shapeName = "/levels/west_coast_usa/art/shapes/objects/s_gm_cube_2m.dae";
      dynamic = "0";
      playAmbient = "1";
      meshCulling = "0";
      originSort = "0";
      useInstanceRenderData = "1";
      instanceColor = "White";
      instanceColor1 = "White";
      instanceColor2 = "White";
      collisionType = "Collision Mesh";
      decalType = "Collision Mesh";
      prebuildCollisionData = "0";
      renderNormals = "0";
      forceDetail = "-1";
      position = "295.827911 -360.371948 144.828857";
      scale = "1 1 1";
      rotationMatrix = "0.122994125 0.992407382 1.86264515e-09 -0.992029488 0.122947276 -0.027593594 -0.0273840874 0.00339384656 0.999619246";
      isRenderEnabled = "false";
      canSave = "1";
      canSaveDynamicFields = "1";
      persistentId = "1dcd9202-1620-41fc-bde9-ba069aca59e7";
   };
   new TSStatic() {
      shapeName = "/levels/west_coast_usa/art/shapes/objects/s_gm_cube_2m.dae";
      dynamic = "0";
      playAmbient = "1";
      meshCulling = "0";
      originSort = "0";
      useInstanceRenderData = "1";
      instanceColor = "White";
      instanceColor1 = "White";
      instanceColor2 = "White";
      collisionType = "Collision Mesh";
      decalType = "Collision Mesh";
      prebuildCollisionData = "0";
      renderNormals = "0";
      forceDetail = "-1";
      position = "295.581909 -362.35675 144.828857";
      scale = "1 1 1";
      rotationMatrix = "0.122994125 0.992407382 1.86264515e-09 -0.992029488 0.122947276 -0.027593594 -0.0273840874 0.00339384656 0.999619246";
      isRenderEnabled = "false";
      canSave = "1";
      canSaveDynamicFields = "1";
      persistentId = "439ba213-d6b4-4887-bc92-4ffa0bad1497";
   };
   new TSStatic() {
      shapeName = "/levels/west_coast_usa/art/shapes/objects/s_gm_cube_2m.dae";
      dynamic = "0";
      playAmbient = "1";
      meshCulling = "0";
      originSort = "0";
      useInstanceRenderData = "1";
      instanceColor = "White";
      instanceColor1 = "White";
      instanceColor2 = "White";
      collisionType = "Collision Mesh";
      decalType = "Collision Mesh";
      prebuildCollisionData = "0";
      renderNormals = "0";
      forceDetail = "-1";
      position = "295.329041 -364.340698 145.078766";
      scale = "1 1 1";
      rotationMatrix = "0.122994125 0.992407382 1.86264515e-09 -0.992029488 0.122947276 -0.027593594 -0.0273840874 0.00339384656 0.999619246";
      isRenderEnabled = "false";
      canSave = "1";
      canSaveDynamicFields = "1";
      persistentId = "4e7f5d06-3975-4543-9ba7-e4f70a4278b0";
   };
   new TSStatic() {
      shapeName = "/levels/west_coast_usa/art/shapes/objects/s_gm_cube_2m.dae";
      dynamic = "0";
      playAmbient = "1";
      meshCulling = "0";
      originSort = "0";
      useInstanceRenderData = "1";
      instanceColor = "White";
      instanceColor1 = "White";
      instanceColor2 = "White";
      collisionType = "Collision Mesh";
      decalType = "Collision Mesh";
      prebuildCollisionData = "0";
      renderNormals = "0";
      forceDetail = "-1";
      position = "292.071564 -357.891113 145.968018";
      scale = "1 1 1";
      rotationMatrix = "0.122994125 0.992407382 1.86264515e-09 -0.992029488 0.122947276 -0.027593594 -0.0273840874 0.00339384656 0.999619246";
      isRenderEnabled = "false";
      canSave = "1";
      canSaveDynamicFields = "1";
      persistentId = "a68c5347-2689-4bc4-b902-b7bb155c30db";
   };
   new TSStatic() {
      shapeName = "/levels/west_coast_usa/art/shapes/objects/s_gm_cube_2m.dae";
      dynamic = "0";
      playAmbient = "1";
      meshCulling = "0";
      originSort = "0";
      useInstanceRenderData = "1";
      instanceColor = "White";
      instanceColor1 = "White";
      instanceColor2 = "White";
      collisionType = "Collision Mesh";
      decalType = "Collision Mesh";
      prebuildCollisionData = "0";
      renderNormals = "0";
      forceDetail = "-1";
      position = "291.8461 -359.878448 145.218307";
      scale = "1 1 1";
      rotationMatrix = "0.122994125 0.992407382 1.86264515e-09 -0.992029488 0.122947276 -0.027593594 -0.0273840874 0.00339384656 0.999619246";
      isRenderEnabled = "false";
      canSave = "1";
      canSaveDynamicFields = "1";
      persistentId = "b0b1e7c7-6263-4ce9-a093-c93ce85e5a3b";
   };
   new TSStatic() {
      shapeName = "/levels/west_coast_usa/art/shapes/objects/s_gm_cube_2m.dae";
      dynamic = "0";
      playAmbient = "1";
      meshCulling = "0";
      originSort = "0";
      useInstanceRenderData = "1";
      instanceColor = "White";
      instanceColor1 = "White";
      instanceColor2 = "White";
      collisionType = "Collision Mesh";
      decalType = "Collision Mesh";
      prebuildCollisionData = "0";
      renderNormals = "0";
      forceDetail = "-1";
      position = "291.600098 -361.863251 145.218307";
      scale = "1 1 1";
      rotationMatrix = "0.122994125 0.992407382 1.86264515e-09 -0.992029488 0.122947276 -0.027593594 -0.0273840874 0.00339384656 0.999619246";
      isRenderEnabled = "false";
      canSave = "1";
      canSaveDynamicFields = "1";
      persistentId = "58df4100-6966-4e7f-a69c-6b311f83df08";
   };
   new TSStatic() {
      shapeName = "/levels/west_coast_usa/art/shapes/objects/s_gm_cube_2m.dae";
      dynamic = "0";
      playAmbient = "1";
      meshCulling = "0";
      originSort = "0";
      useInstanceRenderData = "1";
      instanceColor = "White";
      instanceColor1 = "White";
      instanceColor2 = "White";
      collisionType = "Collision Mesh";
      decalType = "Collision Mesh";
      prebuildCollisionData = "0";
      renderNormals = "0";
      forceDetail = "-1";
      position = "291.333557 -363.84552 145.968018";
      scale = "1 1 1";
      rotationMatrix = "0.122994125 0.992407382 1.86264515e-09 -0.992029488 0.122947276 -0.027593594 -0.0273840874 0.00339384656 0.999619246";
      isRenderEnabled = "false";
      canSave = "1";
      canSaveDynamicFields = "1";
      persistentId = "6171d38a-9668-4ad3-b7ad-57ff5f46c87a";
   };
   new TSStatic() {
      shapeName = "/levels/west_coast_usa/art/shapes/objects/s_gm_cube_2m.dae";
      dynamic = "0";
      playAmbient = "1";
      meshCulling = "0";
      originSort = "0";
      useInstanceRenderData = "1";
      instanceColor = "White";
      instanceColor1 = "White";
      instanceColor2 = "White";
      collisionType = "Collision Mesh";
      decalType = "Collision Mesh";
      prebuildCollisionData = "0";
      renderNormals = "0";
      forceDetail = "-1";
      position = "293.338135 -364.093964 145.273483";
      scale = "1 1 1";
      rotationMatrix = "0.122994125 0.992407382 1.86264515e-09 -0.992029488 0.122947276 -0.027593594 -0.0273840874 0.00339384656 0.999619246";
      isRenderEnabled = "false";
      canSave = "1";
      canSaveDynamicFields = "1";
      persistentId = "c379dca2-d7e9-4492-b844-af6b65220cba";
   };
   new TSStatic() {
      shapeName = "/levels/west_coast_usa/art/shapes/objects/s_gm_cube_2m.dae";
      dynamic = "0";
      playAmbient = "1";
      meshCulling = "0";
      originSort = "0";
      useInstanceRenderData = "1";
      instanceColor = "White";
      instanceColor1 = "White";
      instanceColor2 = "White";
      collisionType = "Collision Mesh";
      decalType = "Collision Mesh";
      prebuildCollisionData = "0";
      renderNormals = "0";
      forceDetail = "-1";
      position = "293.590973 -362.110016 145.023575";
      scale = "1 1 1";
      rotationMatrix = "0.122994125 0.992407382 1.86264515e-09 -0.992029488 0.122947276 -0.027593594 -0.0273840874 0.00339384656 0.999619246";
      isRenderEnabled = "false";
      canSave = "1";
      canSaveDynamicFields = "1";
      persistentId = "52aee6a5-3eb3-41b2-812a-ee77b5faa4b1";
   };
   new TSStatic() {
      shapeName = "/levels/west_coast_usa/art/shapes/objects/s_gm_cube_2m.dae";
      dynamic = "0";
      playAmbient = "1";
      meshCulling = "0";
      originSort = "0";
      useInstanceRenderData = "1";
      instanceColor = "White";
      instanceColor1 = "White";
      instanceColor2 = "White";
      collisionType = "Collision Mesh";
      decalType = "Collision Mesh";
      prebuildCollisionData = "0";
      renderNormals = "0";
      forceDetail = "-1";
      position = "293.836975 -360.125214 145.023575";
      scale = "1 1 1";
      rotationMatrix = "0.122994125 0.992407382 1.86264515e-09 -0.992029488 0.122947276 -0.027593594 -0.0273840874 0.00339384656 0.999619246";
      isRenderEnabled = "false";
      canSave = "1";
      canSaveDynamicFields = "1";
      persistentId = "dba0ac69-e0a9-429f-bc37-ad26070187d8";
   };
   new TSStatic() {
      shapeName = "/levels/west_coast_usa/art/shapes/objects/s_gm_cube_2m.dae";
      dynamic = "0";
      playAmbient = "1";
      meshCulling = "0";
      originSort = "0";
      useInstanceRenderData = "1";
      instanceColor = "White";
      instanceColor1 = "White";
      instanceColor2 = "White";
      collisionType = "Collision Mesh";
      decalType = "Collision Mesh";
      prebuildCollisionData = "0";
      renderNormals = "0";
      forceDetail = "-1";
      position = "294.076141 -358.139587 145.273468";
      scale = "1 1 1";
      rotationMatrix = "0.122994125 0.992407382 1.86264515e-09 -0.992029488 0.122947276 -0.027593594 -0.0273840874 0.00339384656 0.999619246";
      isRenderEnabled = "false";
      canSave = "1";
      canSaveDynamicFields = "1";
      persistentId = "ce7a855f-c37c-4cf5-b00a-9a52561a7c5f";
   };
   new TSStatic() {
      shapeName = "/levels/west_coast_usa/art/shapes/objects/s_gm_cube_2m.dae";
      dynamic = "0";
      playAmbient = "1";
      meshCulling = "0";
      originSort = "0";
      useInstanceRenderData = "1";
      instanceColor = "White";
      instanceColor1 = "White";
      instanceColor2 = "White";
      collisionType = "Collision Mesh";
      decalType = "Collision Mesh";
      prebuildCollisionData = "0";
      renderNormals = "0";
      forceDetail = "-1";
      position = "288.103455 -357.399323 145.857635";
      scale = "1 1 1";
      rotationMatrix = "0.122994125 0.992407382 1.86264515e-09 -0.992029488 0.122947276 -0.027593594 -0.0273840874 0.00339384656 0.999619246";
      isRenderEnabled = "false";
      canSave = "1";
      canSaveDynamicFields = "1";
      persistentId = "e8d6a61a-59fc-4971-8687-c2f33f691b45";
   };
   new TSStatic() {
      shapeName = "/levels/west_coast_usa/art/shapes/objects/s_gm_cube_2m.dae";
      dynamic = "0";
      playAmbient = "1";
      meshCulling = "0";
      originSort = "0";
      useInstanceRenderData = "1";
      instanceColor = "White";
      instanceColor1 = "White";
      instanceColor2 = "White";
      collisionType = "Collision Mesh";
      decalType = "Collision Mesh";
      prebuildCollisionData = "0";
      renderNormals = "0";
      forceDetail = "-1";
      position = "287.864288 -359.384979 145.607727";
      scale = "1 1 1";
      rotationMatrix = "0.122994125 0.992407382 1.86264515e-09 -0.992029488 0.122947276 -0.027593594 -0.0273840874 0.00339384656 0.999619246";
      isRenderEnabled = "false";
      canSave = "1";
      canSaveDynamicFields = "1";
      persistentId = "c551eb5a-2c66-4b4f-bc83-ef18fcc53b6c";
   };
   new TSStatic() {
      shapeName = "/levels/west_coast_usa/art/shapes/objects/s_gm_cube_2m.dae";
      dynamic = "0";
      playAmbient = "1";
      meshCulling = "0";
      originSort = "0";
      useInstanceRenderData = "1";
      instanceColor = "White";
      instanceColor1 = "White";
      instanceColor2 = "White";
      collisionType = "Collision Mesh";
      decalType = "Collision Mesh";
      prebuildCollisionData = "0";
      renderNormals = "0";
      forceDetail = "-1";
      position = "287.618286 -361.369781 145.607727";
      scale = "1 1 1";
      rotationMatrix = "0.122994125 0.992407382 1.86264515e-09 -0.992029488 0.122947276 -0.027593594 -0.0273840874 0.00339384656 0.999619246";
      isRenderEnabled = "false";
      canSave = "1";
      canSaveDynamicFields = "1";
      persistentId = "b14df29a-5e43-4ce5-b599-ce03e2810099";
   };
   new TSStatic() {
      shapeName = "/levels/west_coast_usa/art/shapes/objects/s_gm_cube_2m.dae";
      dynamic = "0";
      playAmbient = "1";
      meshCulling = "0";
      originSort = "0";
      useInstanceRenderData = "1";
      instanceColor = "White";
      instanceColor1 = "White";
      instanceColor2 = "White";
      collisionType = "Collision Mesh";
      decalType = "Collision Mesh";
      prebuildCollisionData = "0";
      renderNormals = "0";
      forceDetail = "-1";
      position = "287.365417 -363.353729 145.857635";
      scale = "1 1 1";
      rotationMatrix = "0.122994125 0.992407382 1.86264515e-09 -0.992029488 0.122947276 -0.027593594 -0.0273840874 0.00339384656 0.999619246";
      isRenderEnabled = "false";
      canSave = "1";
      canSaveDynamicFields = "1";
      persistentId = "832bf8fa-ad5a-4b29-a870-42daf653e452";
   };
   new TSStatic() {
      shapeName = "/levels/west_coast_usa/art/shapes/objects/s_gm_cube_2m.dae";
      dynamic = "0";
      playAmbient = "1";
      meshCulling = "0";
      originSort = "0";
      useInstanceRenderData = "1";
      instanceColor = "White";
      instanceColor1 = "White";
      instanceColor2 = "White";
      collisionType = "Collision Mesh";
      decalType = "Collision Mesh";
      prebuildCollisionData = "0";
      renderNormals = "0";
      forceDetail = "-1";
      position = "289.349487 -363.59964 145.912827";
      scale = "1 1 1";
      rotationMatrix = "0.122994125 0.992407382 1.86264515e-09 -0.992029488 0.122947276 -0.027593594 -0.0273840874 0.00339384656 0.999619246";
      isRenderEnabled = "false";
      canSave = "1";
      canSaveDynamicFields = "1";
      persistentId = "688e6b8f-0374-43cf-b342-1b6fc6f5ce5c";
   };
   new TSStatic() {
      shapeName = "/levels/west_coast_usa/art/shapes/objects/s_gm_cube_2m.dae";
      dynamic = "0";
      playAmbient = "1";
      meshCulling = "0";
      originSort = "0";
      useInstanceRenderData = "1";
      instanceColor = "White";
      instanceColor1 = "White";
      instanceColor2 = "White";
      collisionType = "Collision Mesh";
      decalType = "Collision Mesh";
      prebuildCollisionData = "0";
      renderNormals = "0";
      forceDetail = "-1";
      position = "289.609192 -361.616547 145.41301";
      scale = "1 1 1";
      rotationMatrix = "0.122994125 0.992407382 1.86264515e-09 -0.992029488 0.122947276 -0.027593594 -0.0273840874 0.00339384656 0.999619246";
      isRenderEnabled = "false";
      canSave = "1";
      canSaveDynamicFields = "1";
      persistentId = "15cc946d-4252-4796-9c00-603c0b74e47c";
   };
   new TSStatic() {
      shapeName = "/levels/west_coast_usa/art/shapes/objects/s_gm_cube_2m.dae";
      dynamic = "0";
      playAmbient = "1";
      meshCulling = "0";
      originSort = "0";
      useInstanceRenderData = "1";
      instanceColor = "White";
      instanceColor1 = "White";
      instanceColor2 = "White";
      collisionType = "Collision Mesh";
      decalType = "Collision Mesh";
      prebuildCollisionData = "0";
      renderNormals = "0";
      forceDetail = "-1";
      position = "289.855194 -359.631744 145.41301";
      scale = "1 1 1";
      rotationMatrix = "0.122994125 0.992407382 1.86264515e-09 -0.992029488 0.122947276 -0.027593594 -0.0273840874 0.00339384656 0.999619246";
      isRenderEnabled = "false";
      canSave = "1";
      canSaveDynamicFields = "1";
      persistentId = "0f13470e-6cf4-4de4-9e5d-f70117bd8b4f";
   };
   new TSStatic() {
      shapeName = "/levels/west_coast_usa/art/shapes/objects/s_gm_cube_2m.dae";
      dynamic = "0";
      playAmbient = "1";
      meshCulling = "0";
      originSort = "0";
      useInstanceRenderData = "1";
      instanceColor = "White";
      instanceColor1 = "White";
      instanceColor2 = "White";
      collisionType = "Collision Mesh";
      decalType = "Collision Mesh";
      prebuildCollisionData = "0";
      renderNormals = "0";
      forceDetail = "-1";
      position = "290.087494 -357.645233 145.912827";
      scale = "1 1 1";
      rotationMatrix = "0.122994125 0.992407382 1.86264515e-09 -0.992029488 0.122947276 -0.027593594 -0.0273840874 0.00339384656 0.999619246";
      isRenderEnabled = "false";
      canSave = "1";
      canSaveDynamicFields = "1";
      persistentId = "9acb07b1-c43d-4bf5-af89-eec899ac47a9";
   };
   new TSStatic() {
      shapeName = "/levels/west_coast_usa/art/shapes/objects/s_gm_cube_2m.dae";
      dynamic = "0";
      playAmbient = "1";
      meshCulling = "0";
      originSort = "0";
      useInstanceRenderData = "1";
      instanceColor = "White";
      instanceColor1 = "White";
      instanceColor2 = "White";
      collisionType = "Collision Mesh";
      decalType = "Collision Mesh";
      prebuildCollisionData = "0";
      renderNormals = "0";
      forceDetail = "-1";
      position = "284.142151 -356.908417 145.49736";
      scale = "1 1 1";
      rotationMatrix = "0.122994125 0.992407382 1.86264515e-09 -0.992029488 0.122947276 -0.027593594 -0.0273840874 0.00339384656 0.999619246";
      isRenderEnabled = "false";
      canSave = "1";
      canSaveDynamicFields = "1";
      persistentId = "100ea672-b74a-43ef-bbb5-081a6d750e94";
   };
   new TSStatic() {
      shapeName = "/levels/west_coast_usa/art/shapes/objects/s_gm_cube_2m.dae";
      dynamic = "0";
      playAmbient = "1";
      meshCulling = "0";
      originSort = "0";
      useInstanceRenderData = "1";
      instanceColor = "White";
      instanceColor1 = "White";
      instanceColor2 = "White";
      collisionType = "Collision Mesh";
      decalType = "Collision Mesh";
      prebuildCollisionData = "0";
      renderNormals = "0";
      forceDetail = "-1";
      position = "283.896149 -358.893219 145.49736";
      scale = "1 1 1";
      rotationMatrix = "0.122994125 0.992407382 1.86264515e-09 -0.992029488 0.122947276 -0.027593594 -0.0273840874 0.00339384656 0.999619246";
      isRenderEnabled = "false";
      canSave = "1";
      canSaveDynamicFields = "1";
      persistentId = "94674b02-8688-41b1-a713-272531992fbf";
   };
   new TSStatic() {
      shapeName = "/levels/west_coast_usa/art/shapes/objects/s_gm_cube_2m.dae";
      dynamic = "0";
      playAmbient = "1";
      meshCulling = "0";
      originSort = "0";
      useInstanceRenderData = "1";
      instanceColor = "White";
      instanceColor1 = "White";
      instanceColor2 = "White";
      collisionType = "Collision Mesh";
      decalType = "Collision Mesh";
      prebuildCollisionData = "0";
      renderNormals = "0";
      forceDetail = "-1";
      position = "283.643311 -360.877167 145.747269";
      scale = "1 1 1";
      rotationMatrix = "0.122994125 0.992407382 1.86264515e-09 -0.992029488 0.122947276 -0.027593594 -0.0273840874 0.00339384656 0.999619246";
      isRenderEnabled = "false";
      canSave = "1";
      canSaveDynamicFields = "1";
      persistentId = "dd6314a4-68a2-42ec-965a-3d98cf8a265b";
   };
   new TSStatic() {
      shapeName = "/levels/west_coast_usa/art/shapes/objects/s_gm_cube_2m.dae";
      dynamic = "0";
      playAmbient = "1";
      meshCulling = "0";
      originSort = "0";
      useInstanceRenderData = "1";
      instanceColor = "White";
      instanceColor1 = "White";
      instanceColor2 = "White";
      collisionType = "Collision Mesh";
      decalType = "Collision Mesh";
      prebuildCollisionData = "0";
      renderNormals = "0";
      forceDetail = "-1";
      position = "283.400055 -362.862305 145.647308";
      scale = "1 1 1";
      rotationMatrix = "0.122994125 0.992407382 1.86264515e-09 -0.992029488 0.122947276 -0.027593594 -0.0273840874 0.00339384656 0.999619246";
      isRenderEnabled = "false";
      canSave = "1";
      canSaveDynamicFields = "1";
      persistentId = "0f728030-809b-4856-8552-b4472b7cbfc5";
   };
   new TSStatic() {
      shapeName = "/levels/west_coast_usa/art/shapes/objects/s_gm_cube_2m.dae";
      dynamic = "0";
      playAmbient = "1";
      meshCulling = "0";
      originSort = "0";
      useInstanceRenderData = "1";
      instanceColor = "White";
      instanceColor1 = "White";
      instanceColor2 = "White";
      collisionType = "Collision Mesh";
      decalType = "Collision Mesh";
      prebuildCollisionData = "0";
      renderNormals = "0";
      forceDetail = "-1";
      position = "285.381348 -363.10788 145.802444";
      scale = "1 1 1";
      rotationMatrix = "0.122994125 0.992407382 1.86264515e-09 -0.992029488 0.122947276 -0.027593594 -0.0273840874 0.00339384656 0.999619246";
      isRenderEnabled = "false";
      canSave = "1";
      canSaveDynamicFields = "1";
      persistentId = "85b2cd73-1c9c-4bc1-b35e-39eb0971b03e";
   };
   new TSStatic() {
      shapeName = "/levels/west_coast_usa/art/shapes/objects/s_gm_cube_2m.dae";
      dynamic = "0";
      playAmbient = "1";
      meshCulling = "0";
      originSort = "0";
      useInstanceRenderData = "1";
      instanceColor = "White";
      instanceColor1 = "White";
      instanceColor2 = "White";
      collisionType = "Collision Mesh";
      decalType = "Collision Mesh";
      prebuildCollisionData = "0";
      renderNormals = "0";
      forceDetail = "-1";
      position = "285.630096 -361.123413 145.702484";
      scale = "1 1 1";
      rotationMatrix = "0.122994125 0.992407382 1.86264515e-09 -0.992029488 0.122947276 -0.027593594 -0.0273840874 0.00339384656 0.999619246";
      isRenderEnabled = "false";
      canSave = "1";
      canSaveDynamicFields = "1";
      persistentId = "06e22092-1e52-488c-a1da-aa2df81b9051";
   };
   new TSStatic() {
      shapeName = "/levels/west_coast_usa/art/shapes/objects/s_gm_cube_2m.dae";
      dynamic = "0";
      playAmbient = "1";
      meshCulling = "0";
      originSort = "0";
      useInstanceRenderData = "1";
      instanceColor = "White";
      instanceColor1 = "White";
      instanceColor2 = "White";
      collisionType = "Collision Mesh";
      decalType = "Collision Mesh";
      prebuildCollisionData = "0";
      renderNormals = "0";
      forceDetail = "-1";
      position = "285.873352 -359.138275 145.802444";
      scale = "1 1 1";
      rotationMatrix = "0.122994125 0.992407382 1.86264515e-09 -0.992029488 0.122947276 -0.027593594 -0.0273840874 0.00339384656 0.999619246";
      isRenderEnabled = "false";
      canSave = "1";
      canSaveDynamicFields = "1";
      persistentId = "8b9b1b4b-6c43-43fd-a532-91778b4bd5d6";
   };
   new TSStatic() {
      shapeName = "/levels/west_coast_usa/art/shapes/objects/s_gm_cube_2m.dae";
      dynamic = "0";
      playAmbient = "1";
      meshCulling = "0";
      originSort = "0";
      useInstanceRenderData = "1";
      instanceColor = "White";
      instanceColor1 = "White";
      instanceColor2 = "White";
      collisionType = "Collision Mesh";
      decalType = "Collision Mesh";
      prebuildCollisionData = "0";
      renderNormals = "0";
      forceDetail = "-1";
      position = "286.119354 -357.153473 145.802444";
      scale = "1 1 1";
      rotationMatrix = "0.122994125 0.992407382 1.86264515e-09 -0.992029488 0.122947276 -0.027593594 -0.0273840874 0.00339384656 0.999619246";
      isRenderEnabled = "false";
      canSave = "1";
      canSaveDynamicFields = "1";
      persistentId = "c7a330fd-01ce-49ab-b531-fd656b211d77";
   };
   new TSStatic() {
      shapeName = "/levels/west_coast_usa/art/shapes/objects/s_gm_cube_2m.dae";
      dynamic = "0";
      playAmbient = "1";
      meshCulling = "0";
      originSort = "0";
      useInstanceRenderData = "1";
      instanceColor = "White";
      instanceColor1 = "White";
      instanceColor2 = "White";
      collisionType = "Collision Mesh";
      decalType = "Collision Mesh";
      prebuildCollisionData = "0";
      renderNormals = "0";
      forceDetail = "-1";
      position = "276.199066 -355.923981 145.52652";
      scale = "1 1 1";
      rotationMatrix = "0.122994125 0.992407382 1.86264515e-09 -0.992029488 0.122947276 -0.027593594 -0.0273840874 0.00339384656 0.999619246";
      isRenderEnabled = "false";
      canSave = "1";
      canSaveDynamicFields = "1";
      persistentId = "acf13665-5b6e-4bf7-9de3-6c44c93abbb1";
   };
   new TSStatic() {
      shapeName = "/levels/west_coast_usa/art/shapes/objects/s_gm_cube_2m.dae";
      dynamic = "0";
      playAmbient = "1";
      meshCulling = "0";
      originSort = "0";
      useInstanceRenderData = "1";
      instanceColor = "White";
      instanceColor1 = "White";
      instanceColor2 = "White";
      collisionType = "Collision Mesh";
      decalType = "Collision Mesh";
      prebuildCollisionData = "0";
      renderNormals = "0";
      forceDetail = "-1";
      position = "275.953064 -357.908783 145.52652";
      scale = "1 1 1";
      rotationMatrix = "0.122994125 0.992407382 1.86264515e-09 -0.992029488 0.122947276 -0.027593594 -0.0273840874 0.00339384656 0.999619246";
      isRenderEnabled = "false";
      canSave = "1";
      canSaveDynamicFields = "1";
      persistentId = "20874471-0d0c-4e04-b5e1-c0da7c8e726d";
   };
   new TSStatic() {
      shapeName = "/levels/west_coast_usa/art/shapes/objects/s_gm_cube_2m.dae";
      dynamic = "0";
      playAmbient = "1";
      meshCulling = "0";
      originSort = "0";
      useInstanceRenderData = "1";
      instanceColor = "White";
      instanceColor1 = "White";
      instanceColor2 = "White";
      collisionType = "Collision Mesh";
      decalType = "Collision Mesh";
      prebuildCollisionData = "0";
      renderNormals = "0";
      forceDetail = "-1";
      position = "275.709808 -359.893921 145.426559";
      scale = "1 1 1";
      rotationMatrix = "0.122994125 0.992407382 1.86264515e-09 -0.992029488 0.122947276 -0.027593594 -0.0273840874 0.00339384656 0.999619246";
      isRenderEnabled = "false";
      canSave = "1";
      canSaveDynamicFields = "1";
      persistentId = "c933db31-aba8-4f45-85fc-1f799a26497c";
   };
   new TSStatic() {
      shapeName = "/levels/west_coast_usa/art/shapes/objects/s_gm_cube_2m.dae";
      dynamic = "0";
      playAmbient = "1";
      meshCulling = "0";
      originSort = "0";
      useInstanceRenderData = "1";
      instanceColor = "White";
      instanceColor1 = "White";
      instanceColor2 = "White";
      collisionType = "Collision Mesh";
      decalType = "Collision Mesh";
      prebuildCollisionData = "0";
      renderNormals = "0";
      forceDetail = "-1";
      position = "275.46106 -361.878387 145.52652";
      scale = "1 1 1";
      rotationMatrix = "0.122994125 0.992407382 1.86264515e-09 -0.992029488 0.122947276 -0.027593594 -0.0273840874 0.00339384656 0.999619246";
      isRenderEnabled = "false";
      canSave = "1";
      canSaveDynamicFields = "1";
      persistentId = "c4c115c8-8d30-4d3d-a1bd-60471d22af8d";
   };
   new TSStatic() {
      shapeName = "/levels/west_coast_usa/art/shapes/objects/s_gm_cube_2m.dae";
      dynamic = "0";
      playAmbient = "1";
      meshCulling = "0";
      originSort = "0";
      useInstanceRenderData = "1";
      instanceColor = "White";
      instanceColor1 = "White";
      instanceColor2 = "White";
      collisionType = "Collision Mesh";
      decalType = "Collision Mesh";
      prebuildCollisionData = "0";
      renderNormals = "0";
      forceDetail = "-1";
      position = "277.439636 -362.123627 145.781616";
      scale = "1 1 1";
      rotationMatrix = "0.122994125 0.992407382 1.86264515e-09 -0.992029488 0.122947276 -0.027593594 -0.0273840874 0.00339384656 0.999619246";
      isRenderEnabled = "false";
      canSave = "1";
      canSaveDynamicFields = "1";
      persistentId = "86c77609-acf8-46ce-a059-950e0692a54c";
   };
   new TSStatic() {
      shapeName = "/levels/west_coast_usa/art/shapes/objects/s_gm_cube_2m.dae";
      dynamic = "0";
      playAmbient = "1";
      meshCulling = "0";
      originSort = "0";
      useInstanceRenderData = "1";
      instanceColor = "White";
      instanceColor1 = "White";
      instanceColor2 = "White";
      collisionType = "Collision Mesh";
      decalType = "Collision Mesh";
      prebuildCollisionData = "0";
      renderNormals = "0";
      forceDetail = "-1";
      position = "277.697937 -360.14035 145.331787";
      scale = "1 1 1";
      rotationMatrix = "0.122994125 0.992407382 1.86264515e-09 -0.992029488 0.122947276 -0.027593594 -0.0273840874 0.00339384656 0.999619246";
      isRenderEnabled = "false";
      canSave = "1";
      canSaveDynamicFields = "1";
      persistentId = "86a9c48f-fbbf-4e30-9cd5-67efbd8d6a19";
   };
   new TSStatic() {
      shapeName = "/levels/west_coast_usa/art/shapes/objects/s_gm_cube_2m.dae";
      dynamic = "0";
      playAmbient = "1";
      meshCulling = "0";
      originSort = "0";
      useInstanceRenderData = "1";
      instanceColor = "White";
      instanceColor1 = "White";
      instanceColor2 = "White";
      collisionType = "Collision Mesh";
      decalType = "Collision Mesh";
      prebuildCollisionData = "0";
      renderNormals = "0";
      forceDetail = "-1";
      position = "277.943939 -358.155548 145.331787";
      scale = "1 1 1";
      rotationMatrix = "0.122994125 0.992407382 1.86264515e-09 -0.992029488 0.122947276 -0.027593594 -0.0273840874 0.00339384656 0.999619246";
      isRenderEnabled = "false";
      canSave = "1";
      canSaveDynamicFields = "1";
      persistentId = "d578d5f7-ec97-445b-9c7b-105d9fe0d185";
   };
   new TSStatic() {
      shapeName = "/levels/west_coast_usa/art/shapes/objects/s_gm_cube_2m.dae";
      dynamic = "0";
      playAmbient = "1";
      meshCulling = "0";
      originSort = "0";
      useInstanceRenderData = "1";
      instanceColor = "White";
      instanceColor1 = "White";
      instanceColor2 = "White";
      collisionType = "Collision Mesh";
      decalType = "Collision Mesh";
      prebuildCollisionData = "0";
      renderNormals = "0";
      forceDetail = "-1";
      position = "278.183105 -356.169891 145.581696";
      scale = "1 1 1";
      rotationMatrix = "0.122994125 0.992407382 1.86264515e-09 -0.992029488 0.122947276 -0.027593594 -0.0273840874 0.00339384656 0.999619246";
      isRenderEnabled = "false";
      canSave = "1";
      canSaveDynamicFields = "1";
      persistentId = "01eb8f3d-cbe6-4f13-b429-ee7f7ae15d36";
   };
   new TSStatic() {
      shapeName = "/levels/west_coast_usa/art/shapes/objects/s_gm_cube_2m.dae";
      dynamic = "0";
      playAmbient = "1";
      meshCulling = "0";
      originSort = "0";
      useInstanceRenderData = "1";
      instanceColor = "White";
      instanceColor1 = "White";
      instanceColor2 = "White";
      collisionType = "Collision Mesh";
      decalType = "Collision Mesh";
      prebuildCollisionData = "0";
      renderNormals = "0";
      forceDetail = "-1";
      position = "280.167206 -356.415771 145.636887";
      scale = "1 1 1";
      rotationMatrix = "0.122994125 0.992407382 1.86264515e-09 -0.992029488 0.122947276 -0.027593594 -0.0273840874 0.00339384656 0.999619246";
      isRenderEnabled = "false";
      canSave = "1";
      canSaveDynamicFields = "1";
      persistentId = "614db1b1-15a8-4ec0-bd84-02129db8075c";
   };
   new TSStatic() {
      shapeName = "/levels/west_coast_usa/art/shapes/objects/s_gm_cube_2m.dae";
      dynamic = "0";
      playAmbient = "1";
      meshCulling = "0";
      originSort = "0";
      useInstanceRenderData = "1";
      instanceColor = "White";
      instanceColor1 = "White";
      instanceColor2 = "White";
      collisionType = "Collision Mesh";
      decalType = "Collision Mesh";
      prebuildCollisionData = "0";
      renderNormals = "0";
      forceDetail = "-1";
      position = "282.153992 -356.662018 145.592117";
      scale = "1 1 1";
      rotationMatrix = "0.122994125 0.992407382 1.86264515e-09 -0.992029488 0.122947276 -0.027593594 -0.0273840874 0.00339384656 0.999619246";
      isRenderEnabled = "false";
      canSave = "1";
      canSaveDynamicFields = "1";
      persistentId = "e56ac70a-a524-4f4e-aaed-bd1d43bbf72c";
   };
   new TSStatic() {
      shapeName = "/levels/west_coast_usa/art/shapes/objects/s_gm_cube_2m.dae";
      dynamic = "0";
      playAmbient = "1";
      meshCulling = "0";
      originSort = "0";
      useInstanceRenderData = "1";
      instanceColor = "White";
      instanceColor1 = "White";
      instanceColor2 = "White";
      collisionType = "Collision Mesh";
      decalType = "Collision Mesh";
      prebuildCollisionData = "0";
      renderNormals = "0";
      forceDetail = "-1";
      position = "281.905243 -358.646484 145.692078";
      scale = "1 1 1";
      rotationMatrix = "0.122994125 0.992407382 1.86264515e-09 -0.992029488 0.122947276 -0.027593594 -0.0273840874 0.00339384656 0.999619246";
      isRenderEnabled = "false";
      canSave = "1";
      canSaveDynamicFields = "1";
      persistentId = "539c3343-557d-493c-8822-45f2b0c0d7dc";
   };
   new TSStatic() {
      shapeName = "/levels/west_coast_usa/art/shapes/objects/s_gm_cube_2m.dae";
      dynamic = "0";
      playAmbient = "1";
      meshCulling = "0";
      originSort = "0";
      useInstanceRenderData = "1";
      instanceColor = "White";
      instanceColor1 = "White";
      instanceColor2 = "White";
      collisionType = "Collision Mesh";
      decalType = "Collision Mesh";
      prebuildCollisionData = "0";
      renderNormals = "0";
      forceDetail = "-1";
      position = "279.918457 -358.400238 145.736847";
      scale = "1 1 1";
      rotationMatrix = "0.122994125 0.992407382 1.86264515e-09 -0.992029488 0.122947276 -0.027593594 -0.0273840874 0.00339384656 0.999619246";
      isRenderEnabled = "false";
      canSave = "1";
      canSaveDynamicFields = "1";
      persistentId = "bba429c4-19db-456b-9dcb-7cccb06856ab";
   };
   new TSStatic() {
      shapeName = "/levels/west_coast_usa/art/shapes/objects/s_gm_cube_2m.dae";
      dynamic = "0";
      playAmbient = "1";
      meshCulling = "0";
      originSort = "0";
      useInstanceRenderData = "1";
      instanceColor = "White";
      instanceColor1 = "White";
      instanceColor2 = "White";
      collisionType = "Collision Mesh";
      decalType = "Collision Mesh";
      prebuildCollisionData = "0";
      renderNormals = "0";
      forceDetail = "-1";
      position = "279.675201 -360.385376 145.636887";
      scale = "1 1 1";
      rotationMatrix = "0.122994125 0.992407382 1.86264515e-09 -0.992029488 0.122947276 -0.027593594 -0.0273840874 0.00339384656 0.999619246";
      isRenderEnabled = "false";
      canSave = "1";
      canSaveDynamicFields = "1";
      persistentId = "ee68c447-03b9-4854-b5d0-05dd85ce25fb";
   };
   new TSStatic() {
      shapeName = "/levels/west_coast_usa/art/shapes/objects/s_gm_cube_2m.dae";
      dynamic = "0";
      playAmbient = "1";
      meshCulling = "0";
      originSort = "0";
      useInstanceRenderData = "1";
      instanceColor = "White";
      instanceColor1 = "White";
      instanceColor2 = "White";
      collisionType = "Collision Mesh";
      decalType = "Collision Mesh";
      prebuildCollisionData = "0";
      renderNormals = "0";
      forceDetail = "-1";
      position = "281.66333 -360.631805 145.54213";
      scale = "1 1 1";
      rotationMatrix = "0.122994125 0.992407382 1.86264515e-09 -0.992029488 0.122947276 -0.027593594 -0.0273840874 0.00339384656 0.999619246";
      isRenderEnabled = "false";
      canSave = "1";
      canSaveDynamicFields = "1";
      persistentId = "c99d1076-87b0-4e3f-a400-7a1cc178c338";
   };
   new TSStatic() {
      shapeName = "/levels/west_coast_usa/art/shapes/objects/s_gm_cube_2m.dae";
      dynamic = "0";
