{"class":"TSStatic","__parent":"rally stage 2","position":[653.724304,-626.997131,228.899368],"isRenderEnabled":false,"rotationMatrix":[0.653865337,0.756611109,0,-0.756611109,0.653865337,0,0,0,1],"shapeName":"/levels/west_coast_usa/art/shapes/objects/featherflag_beamng.dae","useInstanceRenderData":true}
{"class":"TSStatic","__parent":"rally stage 2","position":[662.515137,-618.947876,228.922806],"isRenderEnabled":false,"rotationMatrix":[-0.583436728,-0.812159479,0,0.812159479,-0.583436728,0,0,0,1],"shapeName":"/levels/west_coast_usa/art/shapes/objects/featherflag_beamng.dae","useInstanceRenderData":true}
{"name":"rally2","class":"DecalRoad","persistentId":"12de54b8-2a12-4890-a2bb-996b487ec909","__parent":"rally stage 2","position":[658.432739,-623.896667,227.93396],"improvedSpline":true,"material":"road_invisible","nodes":[[658.432739,-623.896667,227.93396,6],[653.802368,-619.654114,227.93396,6],[648.868652,-610.592468,227.93396,6],[644.20282,-611.452087,227.93396,6],[642.651367,-625.390381,227.713821,6],[642.831238,-641.542358,225.888535,6],[646.818176,-647.779968,224.910385,6],[665.51532,-661.767273,222.365082,6],[697.002319,-660.973694,218.424759,6],[704.871887,-664.808472,217.005127,6],[705.01593,-672.592163,216.410934,6],[698.874146,-677.012817,216.243835,6],[685.569092,-677.610474,215.387878,6],[639.776611,-674.148132,210.064224,6],[617.530518,-678.639771,207.428574,6],[601.195618,-672.68512,205.969696,6],[594.051331,-664.964478,205.304901,6],[594.387634,-646.032532,203.528229,6],[593.778931,-637.370544,202.847687,6],[585.149719,-633.955383,202.777328,6],[579.053345,-640.28302,202.350662,6],[579.788574,-650.005493,201.725677,6],[578.852905,-671.043213,200.644196,6],[565.588562,-695.854797,200.671799,6],[557.950317,-715.501831,200.738449,6],[560.966919,-722.393188,200.949219,6],[577.19812,-716.623596,201.336197,6],[607.865479,-705.912842,201.591736,6],[632.561157,-706.491028,201.239365,6],[707.018677,-716.742432,198.284729,6],[736.917847,-713.353943,198.09549,6],[753.41687,-699.820435,197.195709,6],[758.643311,-679.4104,196.036453,6],[754.322754,-664.499695,194.531525,6],[730.061829,-632.228699,189.901962,6],[722.311096,-621.106201,188.391281,6],[719.779175,-606.079285,186.408524,6],[723.968079,-537.611633,178.50473,6],[727.589844,-519.309998,176.812241,6],[735.824097,-512.702332,175.968948,6],[744.165588,-514.031616,175.194534,6],[758.198914,-526.737488,174.865891,6],[756.56958,-535.610901,174.967499,6],[748.031372,-563.255798,174.899307,6],[751.173767,-576.78241,174.35202,6],[766.832764,-598.877747,173.668686,6],[824.99762,-661.121643,172.175034,6],[839.225098,-678.340576,171.027542,6],[855.16687,-684.409302,170.054459,6],[870.260986,-675.536621,169.080048,6],[878.516418,-659.337708,168.839645,6],[870.713379,-604.774597,167.024063,6],[877.696533,-594.615662,166.464066,6],[897.076721,-610.049561,166.103241,6],[907.599731,-649.319824,167.118835,6],[922.901978,-708.684937,170.092468,6],[926.611816,-727.251892,170.53923,6],[915.010254,-736.499084,169.976746,6],[876.796692,-753.875854,169.766281,6],[827.783691,-776.637573,166.210983,6],[812.387268,-782.041321,164.978012,6],[794.32135,-782.814941,163.986084,6],[731.296631,-781.763367,166.870972,6],[679.721863,-782.523193,174.419388,6],[643.580994,-774.894165,176.781921,6],[630.800659,-774.900574,177.122375,6],[620.76825,-781.121094,176.63855,6],[600.932983,-798.827942,174.469101,6],[584.979736,-810.896606,173.055725,6],[548.871826,-823.92688,171.661484,6],[532.797913,-823.890625,170.504669,6],[517.143188,-831.186218,167.909592,6],[517.335144,-845.910583,164.96019,6],[527.734497,-849.416321,163.110626,6],[541.611267,-852.80365,161.701965,6],[564.450195,-856.795532,157.177338,6],[569.867371,-850.667175,154.869247,6],[573.953247,-842.076416,154.336411,6],[577.819397,-834.332825,153.942169,6],[583.314514,-828.458252,153.48793,6],[589.247803,-827.084045,153.100586,6],[600.591919,-825.624207,152.533035,6],[611.461121,-826.840515,151.750183,6],[618.831665,-838.226379,150.846115,6],[622.274292,-841.41626,150.512253,6],[620.585449,-845.90094,150.201294,6],[619.235229,-859.518372,149.23288,6],[606.464966,-862.019104,148.342667,6],[593.034241,-861.62793,147.375519,6],[585.086365,-850.323853,146.3564,6],[592.200439,-838.978638,145.217865,6],[605.074585,-840.882874,144.920822,6]]}
{"class":"DecalRoad","persistentId":"92b1da8e-73b4-4aa6-ad44-0338c15cfe21","__parent":"rally stage 2","position":[661.152161,-620.535583,227.93396],"improvedSpline":true,"material":"checkered_line","nodes":[[661.152161,-620.535583,227.93396,0.5],[656.481262,-625.814148,227.93396,0.5]]}
{"name":"fre_start_rally2","class":"BeamNGTrigger","__parent":"rally stage 2","position":[657.673462,-623.33429,229.569595],"luaFunction":"onBeamNGTrigger","rotationMatrix":[0.639881611,0.768473566,-3.7252903e-08,-0.767614663,0.639166474,-0.0472647026,-0.0363216512,0.0302438419,0.998882413],"scale":[9.07233238,1,4.90749168]}
{"name":"fre_start_rally2asset0","class":"DecalRoad","persistentId":"5109d344-4906-4f16-98fd-d3b8997727b9","__parent":"rally stage 2","position":[600.960083,-842.971741,144.932632],"hidden":true,"improvedSpline":true,"material":"checkered_line","nodes":[[600.960083,-842.971741,144.932632,0.5],[605.486023,-837.159851,144.920822,0.5]],"startEndFade":[1,1]}
{"name":"fre_finish_rally2","class":"BeamNGTrigger","__parent":"rally stage 2","position":[603.657349,-840.539368,146.285095],"luaFunction":"onBeamNGTrigger","rotationMatrix":[0.617681801,0.786417425,0.00410063937,-0.785510004,0.616700411,0.0515237898,0.0379903391,-0.0350463986,0.998663366],"scale":[6.9964633,1.70973086,5.43977737]}
{"name":"fre_staging_rally2","class":"BeamNGTrigger","__parent":"rally stage 2","position":[658.283875,-623.878174,229.569595],"luaFunction":"onBeamNGTrigger","rotationMatrix":[0.639881611,0.768473566,-3.7252903e-08,-0.767614663,0.639166474,-0.0472647026,-0.0363216512,0.0302438419,0.998882413],"scale":[9.07233238,1,4.90749168]}
