//--- OBJECT WRITE BEGIN ---
$ThisPrefab = new SimGroup() {
   canSave = "1";
   canSaveDynamicFields = "1";
      groupPosition = "0 0 0";

   new TSStatic() {
      shapeName = "/art/shapes/race/s_concrete_race_barrier.dae";
      dynamic = "0";
      playAmbient = "1";
      meshCulling = "0";
      originSort = "0";
      useInstanceRenderData = "0";
      instanceColor = "White";
      instanceColor1 = "White";
      instanceColor2 = "White";
      collisionType = "Collision Mesh";
      decalType = "Collision Mesh";
      prebuildCollisionData = "0";
      renderNormals = "0";
      forceDetail = "-1";
      position = "137.360184 -88.993576 128.468536";
      scale = "1 1 1";
      rotationMatrix = "-0.89087224 -0.451870412 -0.0464778356 0.454250067 -0.886633635 -0.0868210271 -0.00197695941 -0.098458983 0.995139122";
      isRenderEnabled = "false";
      canSave = "1";
      canSaveDynamicFields = "1";
      persistentId = "ddcf5d61-b4a2-4f38-82b1-2472406ed9bb";
         mode = "Ignore";
   };
   new TSStatic() {
      shapeName = "/art/shapes/race/s_concrete_race_barrier.dae";
      dynamic = "0";
      playAmbient = "1";
      meshCulling = "0";
      originSort = "0";
      useInstanceRenderData = "0";
      instanceColor = "White";
      instanceColor1 = "White";
      instanceColor2 = "White";
      collisionType = "Collision Mesh";
      decalType = "Collision Mesh";
      prebuildCollisionData = "0";
      renderNormals = "0";
      forceDetail = "-1";
      position = "134.493423 -90.4506226 128.349396";
      scale = "1 1 1";
      rotationMatrix = "0.89063704 0.454216152 0.0212917849 -0.454250008 0.886633575 0.0868209824 0.0205574818 -0.0869977698 0.995996356";
      isRenderEnabled = "false";
      canSave = "1";
      canSaveDynamicFields = "1";
      persistentId = "00473d63-934b-4bde-8ab8-259a836e4f27";
         mode = "Ignore";
   };
   new TSStatic() {
      shapeName = "/art/shapes/race/s_concrete_race_barrier.dae";
      dynamic = "0";
      playAmbient = "1";
      meshCulling = "0";
      originSort = "0";
      useInstanceRenderData = "0";
      instanceColor = "White";
      instanceColor1 = "White";
      instanceColor2 = "White";
      collisionType = "Collision Mesh";
      decalType = "Collision Mesh";
      prebuildCollisionData = "0";
      renderNormals = "0";
      forceDetail = "-1";
      position = "131.589722 -91.9318085 128.283249";
      scale = "1 1 1";
      rotationMatrix = "0.890743375 0.4536919 0.0272017233 -0.454249978 0.886633575 0.0868209749 0.0152720176 -0.0896915942 0.99585247";
      isRenderEnabled = "false";
      canSave = "1";
      canSaveDynamicFields = "1";
      persistentId = "b13b75b4-32dd-4fab-bfc2-723d45e21944";
         mode = "Ignore";
   };
   new TSStatic() {
      shapeName = "/art/shapes/race/s_concrete_race_barrier.dae";
      dynamic = "0";
      playAmbient = "1";
      meshCulling = "0";
      originSort = "0";
      useInstanceRenderData = "0";
      instanceColor = "White";
      instanceColor1 = "White";
      instanceColor2 = "White";
      collisionType = "Collision Mesh";
      decalType = "Collision Mesh";
      prebuildCollisionData = "0";
      renderNormals = "0";
      forceDetail = "-1";
      position = "128.719284 -93.3938446 128.195602";
      scale = "1 1 1";
      rotationMatrix = "0.890442908 0.454901129 0.0132806133 -0.454249948 0.886633575 0.0868209675 0.0277199242 -0.0833418295 0.996135414";
      isRenderEnabled = "false";
      canSave = "1";
      canSaveDynamicFields = "1";
      persistentId = "6a722a7d-0673-442c-bad4-9b583825920b";
         mode = "Ignore";
   };
   new TSStatic() {
      shapeName = "/art/shapes/race/s_concrete_race_barrier.dae";
      dynamic = "0";
      playAmbient = "1";
      meshCulling = "0";
      originSort = "0";
      useInstanceRenderData = "0";
      instanceColor = "White";
      instanceColor1 = "White";
      instanceColor2 = "White";
      collisionType = "Collision Mesh";
      decalType = "Collision Mesh";
      prebuildCollisionData = "0";
      renderNormals = "0";
      forceDetail = "-1";
      position = "125.838493 -94.8636627 128.133209";
      scale = "1 1 1";
      rotationMatrix = "0.890143156 0.455664128 0.00391902588 -0.454249829 0.886633635 0.0868209526 0.036086455 -0.0790632889 0.996216238";
      isRenderEnabled = "false";
      canSave = "1";
      canSaveDynamicFields = "1";
      persistentId = "54abd5b8-56fa-4af3-b024-d7482b0c953e";
         mode = "Ignore";
   };
   new TSStatic() {
      shapeName = "/art/shapes/race/s_concrete_race_barrier.dae";
      dynamic = "0";
      playAmbient = "1";
      meshCulling = "0";
      originSort = "0";
      useInstanceRenderData = "0";
      instanceColor = "White";
      instanceColor1 = "White";
      instanceColor2 = "White";
      collisionType = "Collision Mesh";
      decalType = "Collision Mesh";
      prebuildCollisionData = "0";
      renderNormals = "0";
      forceDetail = "-1";
      position = "56.0925598 -179.740814 124.234085";
      scale = "1 1 1";
      rotationMatrix = "0.947396159 -0.319271624 -0.0224980582 0.319406927 0.947614074 0.00260447967 0.0204879399 -0.00965351053 0.999743521";
      isRenderEnabled = "false";
      canSave = "1";
      canSaveDynamicFields = "1";
      persistentId = "9c5e2644-b0aa-4455-bedf-2b43cc4dd091";
         mode = "Ignore";
   };
   new TSStatic() {
      shapeName = "/art/shapes/race/s_concrete_race_barrier.dae";
      dynamic = "0";
      playAmbient = "1";
      meshCulling = "0";
      originSort = "0";
      useInstanceRenderData = "0";
      instanceColor = "White";
      instanceColor1 = "White";
      instanceColor2 = "White";
      collisionType = "Collision Mesh";
      decalType = "Collision Mesh";
      prebuildCollisionData = "0";
      renderNormals = "0";
      forceDetail = "-1";
      position = "45.9300766 -166.978149 124.851395";
      scale = "1 1 1";
      rotationMatrix = "0.0997849926 -0.994014442 -0.0444879979 0.99499923 0.0998838544 0 0.0044436343 -0.0442655422 0.999010026";
      isRenderEnabled = "false";
      canSave = "1";
      canSaveDynamicFields = "1";
      persistentId = "4d33adca-8f35-432a-ae04-3fbd46919694";
         mode = "Ignore";
   };
   new TSStatic() {
      shapeName = "/art/shapes/race/s_concrete_race_barrier.dae";
      dynamic = "0";
      playAmbient = "1";
      meshCulling = "0";
      originSort = "0";
      useInstanceRenderData = "0";
      instanceColor = "White";
      instanceColor1 = "White";
      instanceColor2 = "White";
      collisionType = "Collision Mesh";
      decalType = "Collision Mesh";
      prebuildCollisionData = "0";
      renderNormals = "0";
      forceDetail = "-1";
      position = "45.5917625 -163.468796 125.013466";
      scale = "1 1 1";
      rotationMatrix = "0.0707512125 -0.996095777 -0.052798491 0.997487068 0.0708500221 0 0.003740774 -0.052665811 0.998605192";
      isRenderEnabled = "false";
      canSave = "1";
      canSaveDynamicFields = "1";
      persistentId = "83187d77-3a37-44fd-a85f-cb323c225733";
         mode = "Ignore";
   };
   new TSStatic() {
      shapeName = "/art/shapes/race/s_concrete_race_barrier.dae";
      dynamic = "0";
      playAmbient = "1";
      meshCulling = "0";
      originSort = "0";
      useInstanceRenderData = "0";
      instanceColor = "White";
      instanceColor1 = "White";
      instanceColor2 = "White";
      collisionType = "Collision Mesh";
      decalType = "Collision Mesh";
      prebuildCollisionData = "0";
      renderNormals = "0";
      forceDetail = "-1";
      position = "45.5099258 -160.044861 125.166641";
      scale = "1 1 1";
      rotationMatrix = "-0.0304975063 -0.999198139 -0.0259457398 0.999534607 -0.0305077769 0 -0.000791546889 -0.0259336717 0.999663293";
      isRenderEnabled = "false";
      canSave = "1";
      canSaveDynamicFields = "1";
      persistentId = "bfe7edb9-af12-4c92-b5cc-f407036bca50";
         mode = "Ignore";
   };
   new TSStatic() {
      shapeName = "/art/shapes/race/s_concrete_race_barrier.dae";
      dynamic = "0";
      playAmbient = "1";
      meshCulling = "0";
      originSort = "0";
      useInstanceRenderData = "0";
      instanceColor = "White";
      instanceColor1 = "White";
      instanceColor2 = "White";
      collisionType = "Collision Mesh";
      decalType = "Collision Mesh";
      prebuildCollisionData = "0";
      renderNormals = "0";
      forceDetail = "-1";
      position = "46.6245384 -170.3797 124.674652";
      scale = "1 1 1";
      rotationMatrix = "0.274003536 -0.960529387 -0.0480126143 0.961638391 0.274319768 3.62356225e-08 0.0131707937 -0.0461707972 0.998847008";
      isRenderEnabled = "false";
      canSave = "1";
      canSaveDynamicFields = "1";
      persistentId = "de458ae5-5772-4681-b4a4-7110015811d5";
         mode = "Ignore";
   };
   new TSStatic() {
      shapeName = "/art/shapes/race/s_concrete_race_barrier.dae";
      dynamic = "0";
      playAmbient = "1";
      meshCulling = "0";
      originSort = "0";
      useInstanceRenderData = "0";
      instanceColor = "White";
      instanceColor1 = "White";
      instanceColor2 = "White";
      collisionType = "Collision Mesh";
      decalType = "Collision Mesh";
      prebuildCollisionData = "0";
      renderNormals = "0";
      forceDetail = "-1";
      position = "65.0191422 -118.646301 127.611923";
      scale = "1 1 1";
      rotationMatrix = "0.890236795 0.455450237 0.00659561343 -0.454250038 0.886633515 0.0868210047 0.0336947516 -0.0802873075 0.996202111";
      isRenderEnabled = "false";
      canSave = "1";
      canSaveDynamicFields = "1";
      persistentId = "f0d6bfe6-8e77-4687-8aa6-51022630b7f5";
         mode = "Ignore";
   };
   new TSStatic() {
      shapeName = "/art/shapes/race/s_concrete_race_barrier.dae";
      dynamic = "0";
      playAmbient = "1";
      meshCulling = "0";
      originSort = "0";
      useInstanceRenderData = "0";
      instanceColor = "White";
      instanceColor1 = "White";
      instanceColor2 = "White";
      collisionType = "Collision Mesh";
      decalType = "Collision Mesh";
      prebuildCollisionData = "0";
      renderNormals = "0";
      forceDetail = "-1";
      position = "62.1396599 -120.119461 127.590584";
      scale = "1 1 1";
      rotationMatrix = "0.890236795 0.455450237 0.00659561343 -0.454250038 0.886633515 0.0868210047 0.0336947516 -0.0802873075 0.996202111";
      isRenderEnabled = "false";
      canSave = "1";
      canSaveDynamicFields = "1";
      persistentId = "41d34c5a-2142-4da8-870a-4a5a10138970";
         mode = "Ignore";
   };
   new TSStatic() {
      shapeName = "/art/shapes/race/s_concrete_race_barrier.dae";
      dynamic = "0";
      playAmbient = "1";
      meshCulling = "0";
      originSort = "0";
      useInstanceRenderData = "0";
      instanceColor = "White";
      instanceColor1 = "White";
      instanceColor2 = "White";
      collisionType = "Collision Mesh";
      decalType = "Collision Mesh";
      prebuildCollisionData = "0";
      renderNormals = "0";
      forceDetail = "-1";
      position = "48.0006676 -173.611053 124.544006";
      scale = "1 1 1";
      rotationMatrix = "0.513270438 -0.856882811 -0.0480126515 0.857872069 0.513862967 1.67638063e-08 0.0246719271 -0.0411887392 0.998846948";
      isRenderEnabled = "false";
      canSave = "1";
      canSaveDynamicFields = "1";
      persistentId = "cd19a6f4-6358-4d7b-999f-d9eced06ddfb";
         mode = "Ignore";
   };
   new TSStatic() {
      shapeName = "/art/shapes/race/s_concrete_race_barrier.dae";
      dynamic = "0";
      playAmbient = "1";
      meshCulling = "0";
      originSort = "0";
      useInstanceRenderData = "0";
      instanceColor = "White";
      instanceColor1 = "White";
      instanceColor2 = "White";
      collisionType = "Collision Mesh";
      decalType = "Collision Mesh";
      prebuildCollisionData = "0";
      renderNormals = "0";
      forceDetail = "-1";
      position = "50.1927185 -176.327637 124.393509";
      scale = "1 1 1";
      rotationMatrix = "0.717703581 -0.694980443 -0.0436321683 0.695642889 0.718387723 6.51925802e-09 0.0313448124 -0.0303524099 0.999047637";
      isRenderEnabled = "false";
      canSave = "1";
      canSaveDynamicFields = "1";
      persistentId = "86a67c21-e27a-4f15-8196-57ce80604acf";
         mode = "Ignore";
   };
   new TSStatic() {
      shapeName = "/art/shapes/race/s_concrete_race_barrier.dae";
      dynamic = "0";
      playAmbient = "1";
      meshCulling = "0";
      originSort = "0";
      useInstanceRenderData = "0";
      instanceColor = "White";
      instanceColor1 = "White";
      instanceColor2 = "White";
      collisionType = "Collision Mesh";
      decalType = "Collision Mesh";
      prebuildCollisionData = "0";
      renderNormals = "0";
      forceDetail = "-1";
      position = "52.9797592 -178.417099 124.297417";
      scale = "1 1 1";
      rotationMatrix = "0.873683751 -0.485856295 -0.0249065123 0.486007035 0.873954892 1.86264515e-09 0.0217671655 -0.0121047422 0.999689758";
      isRenderEnabled = "false";
      canSave = "1";
      canSaveDynamicFields = "1";
      persistentId = "425b49e7-5fc7-47e1-ad3c-179a48287d40";
         mode = "Ignore";
   };
   new TSStatic() {
      shapeName = "/art/shapes/race/s_concrete_race_barrier.dae";
      dynamic = "0";
      playAmbient = "1";
      meshCulling = "0";
      originSort = "0";
      useInstanceRenderData = "0";
      instanceColor = "White";
      instanceColor1 = "White";
      instanceColor2 = "White";
      collisionType = "Collision Mesh";
      decalType = "Collision Mesh";
      prebuildCollisionData = "0";
      renderNormals = "0";
      forceDetail = "-1";
      position = "59.4642143 -180.720627 124.205124";
      scale = "1 1 1";
      rotationMatrix = "-0.969838977 0.243219256 0.0160111655 -0.24325043 -0.969963312 -3.02679837e-09 0.0155302454 -0.00389472605 0.99987179";
      isRenderEnabled = "false";
      canSave = "1";
      canSaveDynamicFields = "1";
      persistentId = "a2119a78-8fbd-4b67-aeba-e5328bd667dd";
         mode = "Ignore";
   };
   new TSStatic() {
      shapeName = "/art/shapes/race/s_concrete_race_barrier.dae";
      dynamic = "0";
      playAmbient = "1";
      meshCulling = "0";
      originSort = "0";
      useInstanceRenderData = "0";
      instanceColor = "White";
      instanceColor1 = "White";
      instanceColor2 = "White";
      collisionType = "Collision Mesh";
      decalType = "Collision Mesh";
      prebuildCollisionData = "0";
      renderNormals = "0";
      forceDetail = "-1";
      position = "730.430969 -128.949524 146.665421";
      scale = "1 1 1";
      rotationMatrix = "0.576844573 -0.816844463 -0.00393256964 0.816850781 0.576848984 -6.98491931e-10 0.00226849946 -0.00321232202 0.999992251";
      isRenderEnabled = "false";
      canSave = "1";
      canSaveDynamicFields = "1";
      persistentId = "01246750-79bb-47c1-a75d-a4b2c59bd9f5";
         mode = "Ignore";
   };
   new TSStatic() {
      shapeName = "/art/shapes/race/s_concrete_race_barrier.dae";
      dynamic = "0";
      playAmbient = "1";
      meshCulling = "0";
      originSort = "0";
      useInstanceRenderData = "0";
      instanceColor = "White";
      instanceColor1 = "White";
      instanceColor2 = "White";
      collisionType = "Collision Mesh";
      decalType = "Collision Mesh";
      prebuildCollisionData = "0";
      renderNormals = "0";
      forceDetail = "-1";
      position = "812.740601 375.416473 153.96228";
      scale = "1 1 1";
      rotationMatrix = "0.264018089 -0.96136111 0.0779684931 0.964296699 0.264824241 0 -0.0206479505 0.0751847774 0.996955812";
      isRenderEnabled = "false";
      canSave = "1";
      canSaveDynamicFields = "1";
      persistentId = "c96bb08a-fbb3-4351-8204-78f4dea07f44";
         mode = "Ignore";
   };
   new TSStatic() {
      shapeName = "/art/shapes/race/s_concrete_race_barrier.dae";
      dynamic = "0";
      playAmbient = "1";
      meshCulling = "0";
      originSort = "0";
      useInstanceRenderData = "0";
      instanceColor = "White";
      instanceColor1 = "White";
      instanceColor2 = "White";
      collisionType = "Collision Mesh";
      decalType = "Collision Mesh";
      prebuildCollisionData = "0";
      renderNormals = "0";
      forceDetail = "-1";
      position = "813.597717 372.301605 154.201385";
      scale = "1 1 1";
      rotationMatrix = "0.264090747 -0.961625874 0.0743743628 0.964296699 0.264824241 0 -0.0196961388 0.071718961 0.997230291";
      isRenderEnabled = "false";
      canSave = "1";
      canSaveDynamicFields = "1";
      persistentId = "88199d77-5e66-4a98-99d9-e0a23e6e4eb7";
         mode = "Ignore";
   };
   new TSStatic() {
      shapeName = "/art/shapes/race/s_concrete_race_barrier.dae";
      dynamic = "0";
      playAmbient = "1";
      meshCulling = "0";
      originSort = "0";
      useInstanceRenderData = "0";
      instanceColor = "White";
      instanceColor1 = "White";
      instanceColor2 = "White";
      collisionType = "Collision Mesh";
      decalType = "Collision Mesh";
      prebuildCollisionData = "0";
      renderNormals = "0";
      forceDetail = "-1";
      position = "814.453674 369.202545 154.391037";
      scale = "1 1 1";
      rotationMatrix = "0.264456928 -0.962958872 0.0526574925 0.964296699 0.264824241 0 -0.0139449788 0.0507774279 0.998612761";
      isRenderEnabled = "false";
      canSave = "1";
      canSaveDynamicFields = "1";
      persistentId = "2bab14ad-4093-4458-a8a4-9dc3b6a502f2";
         mode = "Ignore";
   };
   new TSStatic() {
      shapeName = "/art/shapes/race/s_concrete_race_barrier.dae";
      dynamic = "0";
      playAmbient = "1";
      meshCulling = "0";
      originSort = "0";
      useInstanceRenderData = "0";
      instanceColor = "White";
      instanceColor1 = "White";
      instanceColor2 = "White";
      collisionType = "Collision Mesh";
      decalType = "Collision Mesh";
      prebuildCollisionData = "0";
      renderNormals = "0";
      forceDetail = "-1";
      position = "815.316101 366.057434 154.560974";
      scale = "1 1 1";
      rotationMatrix = "0.264610887 -0.96352005 0.0401253104 0.964296699 0.264824152 5.58793545e-09 -0.010626155 0.0386927053 0.999194682";
      isRenderEnabled = "false";
      canSave = "1";
      canSaveDynamicFields = "1";
      persistentId = "c4e17e7b-1321-4066-b2a7-6974ef0be7c5";
         mode = "Ignore";
   };
   new TSStatic() {
      shapeName = "/art/shapes/race/s_concrete_race_barrier.dae";
      dynamic = "0";
      playAmbient = "1";
      meshCulling = "0";
      originSort = "0";
      useInstanceRenderData = "0";
      instanceColor = "White";
      instanceColor1 = "White";
      instanceColor2 = "White";
      collisionType = "Collision Mesh";
      decalType = "Collision Mesh";
      prebuildCollisionData = "0";
      renderNormals = "0";
      forceDetail = "-1";
      position = "816.162109 362.946472 154.697906";
      scale = "1 1 1";
      rotationMatrix = "-0.264761388 0.964068234 -0.0217694659 -0.964296699 -0.264824122 0 -0.00576508464 0.0209922381 0.99976325";
      isRenderEnabled = "false";
      canSave = "1";
      canSaveDynamicFields = "1";
      persistentId = "4a05eb9e-ca84-484e-b063-805b35332312";
         mode = "Ignore";
   };
   new TSStatic() {
      shapeName = "/art/shapes/race/s_concrete_race_barrier.dae";
      dynamic = "0";
      playAmbient = "1";
      meshCulling = "0";
      originSort = "0";
      useInstanceRenderData = "0";
      instanceColor = "White";
      instanceColor1 = "White";
      instanceColor2 = "White";
      collisionType = "Collision Mesh";
      decalType = "Collision Mesh";
      prebuildCollisionData = "0";
      renderNormals = "0";
      forceDetail = "-1";
      position = "73.6551285 -114.228081 127.675903";
      scale = "1 1 1";
      rotationMatrix = "-0.890236735 -0.455450326 -0.0065956153 0.454250127 -0.886633396 -0.0868210346 0.0336947739 -0.0802873373 0.996202111";
      isRenderEnabled = "false";
      canSave = "1";
      canSaveDynamicFields = "1";
      persistentId = "7e040e23-062e-449b-832e-aed2ae2f642b";
         mode = "Ignore";
   };
   new TSStatic() {
      shapeName = "/art/shapes/race/s_concrete_race_barrier.dae";
      dynamic = "0";
      playAmbient = "1";
      meshCulling = "0";
      originSort = "0";
      useInstanceRenderData = "0";
      instanceColor = "White";
      instanceColor1 = "White";
      instanceColor2 = "White";
      collisionType = "Collision Mesh";
      decalType = "Collision Mesh";
      prebuildCollisionData = "0";
      renderNormals = "0";
      forceDetail = "-1";
      position = "70.7904816 -115.693649 127.654678";
      scale = "1 1 1";
      rotationMatrix = "0.890236795 0.455450237 0.00659561343 -0.454250038 0.886633515 0.0868210047 0.0336947516 -0.0802873075 0.996202111";
      isRenderEnabled = "false";
      canSave = "1";
      canSaveDynamicFields = "1";
      persistentId = "75eaae44-4d6a-4003-bbcc-b91457e5179d";
         mode = "Ignore";
   };
   new TSStatic() {
      shapeName = "/art/shapes/race/s_concrete_race_barrier.dae";
      dynamic = "0";
      playAmbient = "1";
      meshCulling = "0";
      originSort = "0";
      useInstanceRenderData = "0";
      instanceColor = "White";
      instanceColor1 = "White";
      instanceColor2 = "White";
      collisionType = "Collision Mesh";
      decalType = "Collision Mesh";
      prebuildCollisionData = "0";
      renderNormals = "0";
      forceDetail = "-1";
      position = "67.8879471 -117.178596 127.633179";
      scale = "1 1 1";
      rotationMatrix = "0.890236795 0.455450237 0.00659561343 -0.454250038 0.886633515 0.0868210047 0.0336947516 -0.0802873075 0.996202111";
      isRenderEnabled = "false";
      canSave = "1";
      canSaveDynamicFields = "1";
      persistentId = "a332a54b-96ef-4312-a5c7-e26ddb90d1b3";
         mode = "Ignore";
   };
   new TSStatic() {
      shapeName = "/art/shapes/race/s_concrete_race_barrier.dae";
      dynamic = "0";
      playAmbient = "1";
      meshCulling = "0";
      originSort = "0";
      useInstanceRenderData = "0";
      instanceColor = "White";
      instanceColor1 = "White";
      instanceColor2 = "White";
      collisionType = "Collision Mesh";
      decalType = "Collision Mesh";
      prebuildCollisionData = "0";
      renderNormals = "0";
      forceDetail = "-1";
      position = "732.285645 -131.575867 146.652771";
      scale = "1 1 1";
      rotationMatrix = "-0.576844931 0.816844583 0.00393257011 -0.816850901 -0.576849341 3.49245965e-10 0.00226849969 -0.00321232248 0.999992251";
      isRenderEnabled = "false";
      canSave = "1";
      canSaveDynamicFields = "1";
      persistentId = "3b783295-2458-4ac5-a8e8-41094d1e9a80";
         mode = "Ignore";
   };
   new TSStatic() {
      shapeName = "/art/shapes/race/s_concrete_race_barrier.dae";
      dynamic = "0";
      playAmbient = "1";
      meshCulling = "0";
      originSort = "0";
      useInstanceRenderData = "0";
      instanceColor = "White";
      instanceColor1 = "White";
      instanceColor2 = "White";
      collisionType = "Collision Mesh";
      decalType = "Collision Mesh";
      prebuildCollisionData = "0";
      renderNormals = "0";
      forceDetail = "-1";
      position = "285.07135 -230.744034 141.548401";
      scale = "1 1 1";
      rotationMatrix = "0.160542101 0.987029016 0 -0.987029016 0.160542101 0 0 0 1";
      isRenderEnabled = "false";
      canSave = "1";
      canSaveDynamicFields = "1";
      persistentId = "4de2a330-ce51-4c5c-ace4-f2365000f9bf";
         mode = "Ignore";
   };
   new TSStatic() {
      shapeName = "/art/shapes/race/s_concrete_race_barrier.dae";
      dynamic = "0";
      playAmbient = "1";
      meshCulling = "0";
      originSort = "0";
      useInstanceRenderData = "0";
      instanceColor = "White";
      instanceColor1 = "White";
      instanceColor2 = "White";
      collisionType = "Collision Mesh";
      decalType = "Collision Mesh";
      prebuildCollisionData = "0";
      renderNormals = "0";
      forceDetail = "-1";
      position = "285.587463 -227.570541 141.548401";
      scale = "1 1 1";
      rotationMatrix = "-0.160541534 -0.987029076 0 0.987029076 -0.160541534 0 0 0 1";
      isRenderEnabled = "false";
      canSave = "1";
      canSaveDynamicFields = "1";
      persistentId = "9b3cb6fa-ceeb-40e1-aa29-7c061d6238df";
         mode = "Ignore";
   };
};
//--- OBJECT WRITE END ---






