{"name":"fre_start_rally1","class":"BeamNGTrigger","__parent":"rally_stage_1","position":[861.780762,-481.878235,165.606781],"luaFunction":"onBeamNGTrigger","rotationMatrix":[0.239160836,0.970979929,-4.09781933e-08,-0.969894767,0.238893569,-0.0472647026,-0.0458930694,0.0113039054,0.998882413],"scale":[6.24291945,1,5.59612465]}
{"class":"TSStatic","__parent":"rally_stage_1","position":[863.833496,-476.5383,164.431671],"isRenderEnabled":false,"rotationMatrix":[-0.232828021,-0.972517967,0,0.972517967,-0.232828021,0,0,0,1],"shapeName":"/levels/west_coast_usa/art/shapes/objects/featherflag_beamng.dae","useInstanceRenderData":true}
{"name":"fre_start_rally1asset0","class":"DecalRoad","persistentId":"4c024610-744e-43a6-936a-61432e77d078","__parent":"rally_stage_1","position":[657.793579,-624.933716,227.93396],"hidden":true,"improvedSpline":true,"material":"checkered_line","nodes":[[657.793579,-624.933716,227.93396,0.5],[661.302673,-621.125,227.93396,0.5]]}
{"name":"fre_finish_rally1","class":"BeamNGTrigger","__parent":"rally_stage_1","position":[659.487427,-624.178589,229.630035],"luaFunction":"onBeamNGTrigger","rotationMatrix":[0.654559612,0.754262507,-0.0513802208,-0.755437672,0.655196548,-0.00562041998,0.0294248722,0.0424934477,0.998663366],"scale":[8.94305515,1.70973086,5.43977737]}
{"class":"DecalRoad","persistentId":"e22b8838-d164-4167-ba66-4c46a771680e","__parent":"rally_stage_1","position":[862.75,-479.783386,164.092346],"improvedSpline":true,"material":"checkered_line","nodes":[[862.75,-479.783386,164.092346,0.5],[861.564453,-484.063171,163.994751,0.5]]}
{"name":"rally1","class":"DecalRoad","persistentId":"3e69c56e-a320-44af-944a-d890d9998aa0","__parent":"rally_stage_1","position":[861.907471,-481.889557,164.12236],"improvedSpline":true,"material":"road_invisible","nodes":[[861.907471,-481.889557,164.12236,6],[851.122375,-478.109741,164.656113,6],[847.512451,-475.171936,164.916229,6],[841.086365,-466.730713,164.962051,6],[838.395813,-464.249695,164.856674,6],[833.579224,-463.94928,164.704056,6],[823.803101,-464.431946,165.197662,6],[804.386414,-469.587555,167.437988,6],[795.903748,-472.239349,168.58757,6],[793.008911,-473.885681,169.11438,6],[790.671692,-476.836945,169.527588,6],[784.591858,-482.404114,170.370804,6],[776.568848,-489.049347,171.087158,6],[771.010254,-491.836609,171.718811,6],[765.344238,-492.103546,172.162247,6],[758.946472,-488.834412,171.407059,6],[747.763306,-480.921204,167.971375,6],[741.845093,-479.222778,167.637436,6],[735.413818,-480.973022,168.275208,6],[729.94043,-485.178375,169.806412,6],[726.165039,-492.306763,171.995422,6],[721.46344,-501.534271,173.370544,6],[715.457947,-506.032043,173.265869,6],[704.100647,-509.934235,175.948807,6],[696.831543,-512.164246,177.138321,6],[688.05365,-519.999146,180.273956,6],[676.988831,-529.543823,182.550781,6],[669.145203,-532.265991,183.584244,6],[661.426575,-533.364807,183.509705,6],[652.263184,-529.863953,180.819031,6],[647.190735,-527.995056,178.565552,6],[642.186218,-527.245422,176.993729,6],[631.165466,-530.918335,175.169571,6],[619.293335,-535.575745,173.62207,6],[616.559448,-540.370728,175.309357,6],[608.015137,-541.725769,174.174408,6],[596.839172,-547.129395,173.2444,6],[575.743042,-560.289734,174.632431,6],[562.029968,-571.558472,177.455902,6],[561.611572,-578.612122,180.898911,6],[565.455872,-588.028931,185.350327,6],[569.278809,-601.228577,190.318146,6],[568.88446,-606.946045,191.037079,6],[565.270142,-624.927307,193.130936,6],[559.402771,-657.646484,195.782135,6],[561.28186,-664.561035,196.508118,6],[569.59375,-669.127136,199.103592,6],[575.643738,-670.139221,200.683533,6],[579.485901,-663.31366,200.912354,6],[580.414124,-649.920593,201.725372,6],[579.473145,-639.69635,202.389832,6],[585.490356,-634.858704,202.721725,6],[593.361084,-637.19574,202.822006,6],[593.777588,-649.903931,203.996841,6],[592.241089,-663.017456,205.134201,6],[599.201599,-671.757202,205.835693,6],[609.443298,-677.089111,206.61763,6],[620.619995,-677.777039,207.743896,6],[635.103149,-674.164307,209.411179,6],[670.096558,-676.889771,213.857941,6],[698.624878,-677.821045,216.259079,6],[705.037354,-668.697998,216.569824,6],[701.492126,-661.514038,217.673508,6],[693.892761,-660.239014,219.052231,6],[677.606934,-662.832092,221.332794,6],[667.521118,-662.067749,222.221832,6],[644.987671,-644.291626,225.445755,6],[642.34314,-613.748413,227.93396,6],[648.660217,-607.842224,227.93396,6],[652.121948,-616.108032,227.93396,6],[658.130066,-623.346619,227.93396,6]]}
{"class":"TSStatic","__parent":"rally_stage_1","position":[860.634033,-487.604218,163.899734],"isRenderEnabled":false,"rotationMatrix":[0.319036365,0.947742581,0,-0.947742581,0.319036365,0,0,0,1],"shapeName":"/levels/west_coast_usa/art/shapes/objects/featherflag_beamng.dae","useInstanceRenderData":true}
{"name":"fre_staging_rally1","class":"BeamNGTrigger","__parent":"rally_stage_1","position":[862.569275,-482.092102,165.60141],"luaFunction":"onBeamNGTrigger","rotationMatrix":[0.239160836,0.970979929,-4.09781933e-08,-0.969894767,0.238893569,-0.0472647026,-0.0458930694,0.0113039054,0.998882413],"scale":[6.24291945,1,5.59612465]}
