//--- OBJECT WRITE BEGIN ---
$ThisPrefab = new SimGroup() {
   canSave = "1";
   canSaveDynamicFields = "1";
      groupPosition = "0 0 0";

   new TSStatic() {
      shapeName = "/levels/west_coast_usa/art/shapes/objects/constructionbarrier.dae";
      dynamic = "0";
      playAmbient = "1";
      meshCulling = "0";
      originSort = "0";
      useInstanceRenderData = "0";
      instanceColor = "White";
      instanceColor1 = "White";
      instanceColor2 = "White";
      collisionType = "Collision Mesh";
      decalType = "Collision Mesh";
      prebuildCollisionData = "0";
      renderNormals = "0";
      forceDetail = "-1";
      position = "-1006.94012 -488.635284 99.7338562";
      scale = "1 1 1";
      rotationMatrix = "0.815790176 0.577767909 0.025895657 -0.578266561 0.814106524 0.0532753728 0.00969898142 -0.0584361218 0.998244047";
      isRenderEnabled = "false";
      canSave = "1";
      canSaveDynamicFields = "1";
      persistentId = "52dc6616-e1c0-4d77-9f91-cc94076e530e";
         mode = "Ignore";
   };
   new TSStatic() {
      shapeName = "/levels/west_coast_usa/art/shapes/objects/constructionbarrier.dae";
      dynamic = "0";
      playAmbient = "1";
      meshCulling = "0";
      originSort = "0";
      useInstanceRenderData = "0";
      instanceColor = "White";
      instanceColor1 = "White";
      instanceColor2 = "White";
      collisionType = "Collision Mesh";
      decalType = "Collision Mesh";
      prebuildCollisionData = "0";
      renderNormals = "0";
      forceDetail = "-1";
      position = "-1005.41357 -490.784302 99.5932159";
      scale = "1 1 1";
      rotationMatrix = "0.815790176 0.577767909 0.025895657 -0.578266561 0.814106524 0.0532753728 0.00969898142 -0.0584361218 0.998244047";
      isRenderEnabled = "false";
      canSave = "1";
      canSaveDynamicFields = "1";
      persistentId = "d5c65d84-3dab-4b22-b9be-5b216e91808e";
         mode = "Ignore";
   };
   new TSStatic() {
      shapeName = "/levels/west_coast_usa/art/shapes/objects/constructionbarrier.dae";
      dynamic = "0";
      playAmbient = "1";
      meshCulling = "0";
      originSort = "0";
      useInstanceRenderData = "0";
      instanceColor = "White";
      instanceColor1 = "White";
      instanceColor2 = "White";
      collisionType = "Collision Mesh";
      decalType = "Collision Mesh";
      prebuildCollisionData = "0";
      renderNormals = "0";
      forceDetail = "-1";
      position = "-1003.8576 -492.974854 99.4498672";
      scale = "1 1 1";
      rotationMatrix = "0.815790176 0.577767909 0.025895657 -0.578266561 0.814106524 0.0532753728 0.00969898142 -0.0584361218 0.998244047";
      isRenderEnabled = "false";
      canSave = "1";
      canSaveDynamicFields = "1";
      persistentId = "fdb416e2-de01-4a4e-a07a-3e20df875f93";
         mode = "Ignore";
   };
   new TSStatic() {
      shapeName = "/levels/west_coast_usa/art/shapes/objects/constructionbarrier.dae";
      dynamic = "0";
      playAmbient = "1";
      meshCulling = "0";
      originSort = "0";
      useInstanceRenderData = "0";
      instanceColor = "White";
      instanceColor1 = "White";
      instanceColor2 = "White";
      collisionType = "Collision Mesh";
      decalType = "Collision Mesh";
      prebuildCollisionData = "0";
      renderNormals = "0";
      forceDetail = "-1";
      position = "-1002.37421 -495.063263 99.3132019";
      scale = "1 1 1";
      rotationMatrix = "0.815790176 0.577767909 0.025895657 -0.578266561 0.814106524 0.0532753728 0.00969898142 -0.0584361218 0.998244047";
      isRenderEnabled = "false";
      canSave = "1";
      canSaveDynamicFields = "1";
      persistentId = "e445b089-4ce6-401c-b8fc-592437e2eeb7";
         mode = "Ignore";
   };
   new TSStatic() {
      shapeName = "/levels/west_coast_usa/art/shapes/objects/constructionbarrier.dae";
      dynamic = "0";
      playAmbient = "1";
      meshCulling = "0";
      originSort = "0";
      useInstanceRenderData = "0";
      instanceColor = "White";
      instanceColor1 = "White";
      instanceColor2 = "White";
      collisionType = "Collision Mesh";
      decalType = "Collision Mesh";
      prebuildCollisionData = "0";
      renderNormals = "0";
      forceDetail = "-1";
      position = "-64.1391068 -832.705933 122.616806";
      scale = "1 1 1";
      rotationMatrix = "0.958599508 0.284372032 -0.014814917 -0.28471005 0.95809269 -0.0315996334 0.00520801032 0.0345093533 0.999390781";
      isRenderEnabled = "false";
      canSave = "1";
      canSaveDynamicFields = "1";
      persistentId = "de655079-c842-48e6-a23a-f596d99fe4ab";
         mode = "Ignore";
   };
   new TSStatic() {
      shapeName = "/levels/west_coast_usa/art/shapes/objects/constructionbarrier.dae";
      dynamic = "0";
      playAmbient = "1";
      meshCulling = "0";
      originSort = "0";
      useInstanceRenderData = "0";
      instanceColor = "White";
      instanceColor1 = "White";
      instanceColor2 = "White";
      collisionType = "Collision Mesh";
      decalType = "Collision Mesh";
      prebuildCollisionData = "0";
      renderNormals = "0";
      forceDetail = "-1";
      position = "-44.3123322 -845.877747 123.375832";
      scale = "1 1 1";
      rotationMatrix = "0.305508494 0.952177048 0.00483528106 -0.952085257 0.305546224 -0.0132335499 -0.0140780844 -0.000560638495 0.999900758";
      isRenderEnabled = "false";
      canSave = "1";
      canSaveDynamicFields = "1";
      persistentId = "ccfe8925-9a3a-4360-955b-b0e5f8ce11e8";
         mode = "Ignore";
   };
   new TSStatic() {
      shapeName = "/levels/west_coast_usa/art/shapes/objects/constructionbarrier.dae";
      dynamic = "0";
      playAmbient = "1";
      meshCulling = "0";
      originSort = "0";
      useInstanceRenderData = "0";
      instanceColor = "White";
      instanceColor1 = "White";
      instanceColor2 = "White";
      collisionType = "Collision Mesh";
      decalType = "Collision Mesh";
      prebuildCollisionData = "0";
      renderNormals = "0";
      forceDetail = "-1";
      position = "-24.7065353 -852.150452 123.57309";
      scale = "1 1 1";
      rotationMatrix = "0.304672122 0.951476216 -0.0432190374 -0.952340245 0.305032313 0.00183922984 0.0149331857 0.0405988693 0.999063909";
      isRenderEnabled = "false";
      canSave = "1";
      canSaveDynamicFields = "1";
      persistentId = "57babaaf-4b56-442b-a457-8a6d4b62dc32";
         mode = "Ignore";
   };
   new TSStatic() {
      shapeName = "/levels/west_coast_usa/art/shapes/objects/constructionbarrier.dae";
      dynamic = "0";
      playAmbient = "1";
      meshCulling = "0";
      originSort = "0";
      useInstanceRenderData = "0";
      instanceColor = "White";
      instanceColor1 = "White";
      instanceColor2 = "White";
      collisionType = "Collision Mesh";
      decalType = "Collision Mesh";
      prebuildCollisionData = "0";
      renderNormals = "0";
      forceDetail = "-1";
      position = "-26.4886932 -851.583191 123.579567";
      scale = "1 1 1";
      rotationMatrix = "0.304672122 0.951476216 -0.0432190374 -0.952340245 0.305032313 0.00183922984 0.0149331857 0.0405988693 0.999063909";
      isRenderEnabled = "false";
      canSave = "1";
      canSaveDynamicFields = "1";
      persistentId = "59c7a9aa-4880-464d-8933-5042db250085";
         mode = "Ignore";
   };
   new TSStatic() {
      shapeName = "/levels/west_coast_usa/art/shapes/objects/constructionbarrier.dae";
      dynamic = "0";
      playAmbient = "1";
      meshCulling = "0";
      originSort = "0";
      useInstanceRenderData = "0";
      instanceColor = "White";
      instanceColor1 = "White";
      instanceColor2 = "White";
      collisionType = "Collision Mesh";
      decalType = "Collision Mesh";
      prebuildCollisionData = "0";
      renderNormals = "0";
      forceDetail = "-1";
      position = "-28.2515621 -851.026489 123.594299";
      scale = "1 1 1";
      rotationMatrix = "0.304550171 0.951191068 -0.0498453863 -0.952413559 0.304795623 -0.0027857963 0.0125428252 0.0483218431 0.998753071";
      isRenderEnabled = "false";
      canSave = "1";
      canSaveDynamicFields = "1";
      persistentId = "c37c2191-ae43-4b62-8c74-298435c2ebfb";
         mode = "Ignore";
   };
   new TSStatic() {
      shapeName = "/levels/west_coast_usa/art/shapes/objects/constructionbarrier.dae";
      dynamic = "0";
      playAmbient = "1";
      meshCulling = "0";
      originSort = "0";
      useInstanceRenderData = "0";
      instanceColor = "White";
      instanceColor1 = "White";
      instanceColor2 = "White";
      collisionType = "Collision Mesh";
      decalType = "Collision Mesh";
      prebuildCollisionData = "0";
      renderNormals = "0";
      forceDetail = "-1";
      position = "-30.0374851 -850.454346 123.554962";
      scale = "1 1 1";
      rotationMatrix = "0.305507839 0.952177167 0.00483528804 -0.951944351 0.305540502 -0.0211345032 -0.0216011703 0.00185382832 0.999764919";
      isRenderEnabled = "false";
      canSave = "1";
      canSaveDynamicFields = "1";
      persistentId = "b81c195b-6714-419d-a293-625ec812d761";
         mode = "Ignore";
   };
   new TSStatic() {
      shapeName = "/levels/west_coast_usa/art/shapes/objects/constructionbarrier.dae";
      dynamic = "0";
      playAmbient = "1";
      meshCulling = "0";
      originSort = "0";
      useInstanceRenderData = "0";
      instanceColor = "White";
      instanceColor1 = "White";
      instanceColor2 = "White";
      collisionType = "Collision Mesh";
      decalType = "Collision Mesh";
      prebuildCollisionData = "0";
      renderNormals = "0";
      forceDetail = "-1";
      position = "-31.8356476 -849.877686 123.521912";
      scale = "1 1 1";
      rotationMatrix = "0.305507839 0.952177227 0.00483528897 -0.952105463 0.305544436 -0.0117382454 -0.0126542859 -0.00101757981 0.999919415";
      isRenderEnabled = "false";
      canSave = "1";
      canSaveDynamicFields = "1";
      persistentId = "089137a1-24b7-4fc4-a6a9-5adcf8da0553";
         mode = "Ignore";
   };
   new TSStatic() {
      shapeName = "/levels/west_coast_usa/art/shapes/objects/constructionbarrier.dae";
      dynamic = "0";
      playAmbient = "1";
      meshCulling = "0";
      originSort = "0";
      useInstanceRenderData = "0";
      instanceColor = "White";
      instanceColor1 = "White";
      instanceColor2 = "White";
      collisionType = "Collision Mesh";
      decalType = "Collision Mesh";
      prebuildCollisionData = "0";
      renderNormals = "0";
      forceDetail = "-1";
      position = "-33.6174126 -849.289978 123.505135";
      scale = "1 1 1";
      rotationMatrix = "0.305507779 0.952177286 0.00483528944 -0.952152193 0.305536866 -0.00731118768 -0.0084389057 -0.00237030652 0.999961615";
      isRenderEnabled = "false";
      canSave = "1";
      canSaveDynamicFields = "1";
      persistentId = "e9a9e826-53dd-4cc1-a923-0a86bc6f365e";
         mode = "Ignore";
   };
   new TSStatic() {
      shapeName = "/levels/west_coast_usa/art/shapes/objects/constructionbarrier.dae";
      dynamic = "0";
      playAmbient = "1";
      meshCulling = "0";
      originSort = "0";
      useInstanceRenderData = "0";
      instanceColor = "White";
      instanceColor1 = "White";
      instanceColor2 = "White";
      collisionType = "Collision Mesh";
      decalType = "Collision Mesh";
      prebuildCollisionData = "0";
      renderNormals = "0";
      forceDetail = "-1";
      position = "-35.3828964 -848.721497 123.482468";
      scale = "1 1 1";
      rotationMatrix = "0.305507779 0.952177286 0.00483528944 -0.952152193 0.305536866 -0.00731118768 -0.0084389057 -0.00237030652 0.999961615";
      isRenderEnabled = "false";
      canSave = "1";
      canSaveDynamicFields = "1";
      persistentId = "7a4ca135-81a6-41cc-8009-d22c69ef419a";
         mode = "Ignore";
   };
   new TSStatic() {
      shapeName = "/levels/west_coast_usa/art/shapes/objects/constructionbarrier.dae";
      dynamic = "0";
      playAmbient = "1";
      meshCulling = "0";
      originSort = "0";
      useInstanceRenderData = "0";
      instanceColor = "White";
      instanceColor1 = "White";
      instanceColor2 = "White";
      collisionType = "Collision Mesh";
      decalType = "Collision Mesh";
      prebuildCollisionData = "0";
      renderNormals = "0";
      forceDetail = "-1";
      position = "-37.158699 -848.163147 123.462082";
      scale = "1 1 1";
      rotationMatrix = "0.305507779 0.952177286 0.00483528944 -0.952152193 0.305536866 -0.00731118768 -0.0084389057 -0.00237030652 0.999961615";
      isRenderEnabled = "false";
      canSave = "1";
      canSaveDynamicFields = "1";
      persistentId = "31a08de0-025e-425f-9878-40056690ed9a";
         mode = "Ignore";
   };
   new TSStatic() {
      shapeName = "/levels/west_coast_usa/art/shapes/objects/constructionbarrier.dae";
      dynamic = "0";
      playAmbient = "1";
      meshCulling = "0";
      originSort = "0";
      useInstanceRenderData = "0";
      instanceColor = "White";
      instanceColor1 = "White";
      instanceColor2 = "White";
      collisionType = "Collision Mesh";
      decalType = "Collision Mesh";
      prebuildCollisionData = "0";
      renderNormals = "0";
      forceDetail = "-1";
      position = "-38.9684677 -847.569519 123.437202";
      scale = "1 1 1";
      rotationMatrix = "0.305508018 0.952177048 0.00483528711 -0.95211792 0.305543363 -0.0106923655 -0.0116584171 -0.00133716362 0.999931157";
      isRenderEnabled = "false";
      canSave = "1";
      canSaveDynamicFields = "1";
      persistentId = "7cd92121-3ee9-4c4a-aa27-59fd1507e989";
         mode = "Ignore";
   };
   new TSStatic() {
      shapeName = "/levels/west_coast_usa/art/shapes/objects/constructionbarrier.dae";
      dynamic = "0";
      playAmbient = "1";
      meshCulling = "0";
      originSort = "0";
      useInstanceRenderData = "0";
      instanceColor = "White";
      instanceColor1 = "White";
      instanceColor2 = "White";
      collisionType = "Collision Mesh";
      decalType = "Collision Mesh";
      prebuildCollisionData = "0";
      renderNormals = "0";
      forceDetail = "-1";
      position = "-40.728157 -846.984131 123.39827";
      scale = "1 1 1";
      rotationMatrix = "0.305507779 0.952177286 0.00483528944 -0.952152193 0.305536866 -0.00731118768 -0.0084389057 -0.00237030652 0.999961615";
      isRenderEnabled = "false";
      canSave = "1";
      canSaveDynamicFields = "1";
      persistentId = "f7a02756-ee10-4b2c-912f-d11904d19590";
         mode = "Ignore";
   };
   new TSStatic() {
      shapeName = "/levels/west_coast_usa/art/shapes/objects/constructionbarrier.dae";
      dynamic = "0";
      playAmbient = "1";
      meshCulling = "0";
      originSort = "0";
      useInstanceRenderData = "0";
      instanceColor = "White";
      instanceColor1 = "White";
      instanceColor2 = "White";
      collisionType = "Collision Mesh";
      decalType = "Collision Mesh";
      prebuildCollisionData = "0";
      renderNormals = "0";
      forceDetail = "-1";
      position = "-42.5460052 -846.444275 123.395157";
      scale = "1 1 1";
      rotationMatrix = "0.305507898 0.952177107 0.00483528804 -0.952185214 0.305517614 -0.00139367336 -0.00280428887 -0.00417831261 0.999987364";
      isRenderEnabled = "false";
      canSave = "1";
      canSaveDynamicFields = "1";
      persistentId = "ff0bd25b-4b47-42cb-aecf-161189facdcf";
         mode = "Ignore";
   };
   new TSStatic() {
      shapeName = "/levels/west_coast_usa/art/shapes/objects/constructionbarrier.dae";
      dynamic = "0";
      playAmbient = "1";
      meshCulling = "0";
      originSort = "0";
      useInstanceRenderData = "0";
      instanceColor = "White";
      instanceColor1 = "White";
      instanceColor2 = "White";
      collisionType = "Collision Mesh";
      decalType = "Collision Mesh";
      prebuildCollisionData = "0";
      renderNormals = "0";
      forceDetail = "-1";
      position = "-63.610466 -834.48175 122.695091";
      scale = "1 1 1";
      rotationMatrix = "0.958599448 0.284372449 -0.0148149608 -0.284750342 0.957659006 -0.0425026752 0.0021010926 0.0449616052 0.998986602";
      isRenderEnabled = "false";
      canSave = "1";
      canSaveDynamicFields = "1";
      persistentId = "0efa3c1d-8c77-42dd-90d5-9e2dc1b67fca";
         mode = "Ignore";
   };
   new TSStatic() {
      shapeName = "/levels/west_coast_usa/art/shapes/objects/constructionbarrier.dae";
      dynamic = "0";
      playAmbient = "1";
      meshCulling = "0";
      originSort = "0";
      useInstanceRenderData = "0";
      instanceColor = "White";
      instanceColor1 = "White";
      instanceColor2 = "White";
      collisionType = "Collision Mesh";
      decalType = "Collision Mesh";
      prebuildCollisionData = "0";
      renderNormals = "0";
      forceDetail = "-1";
      position = "-63.0309982 -836.286682 122.75959";
      scale = "1 1 1";
      rotationMatrix = "0.958599448 0.284372449 -0.0148149608 -0.284750342 0.957659006 -0.0425026752 0.0021010926 0.0449616052 0.998986602";
      isRenderEnabled = "false";
      canSave = "1";
      canSaveDynamicFields = "1";
      persistentId = "67d8c54f-fa92-4d4b-b946-7c88d4f0ad74";
         mode = "Ignore";
   };
   new TSStatic() {
      shapeName = "/levels/west_coast_usa/art/shapes/objects/constructionbarrier.dae";
      dynamic = "0";
      playAmbient = "1";
      meshCulling = "0";
      originSort = "0";
      useInstanceRenderData = "0";
      instanceColor = "White";
      instanceColor1 = "White";
      instanceColor2 = "White";
      collisionType = "Collision Mesh";
      decalType = "Collision Mesh";
      prebuildCollisionData = "0";
      renderNormals = "0";
      forceDetail = "-1";
      position = "-62.5217476 -838.06781 122.847916";
      scale = "1 1 1";
      rotationMatrix = "0.958599448 0.284372449 -0.0148149608 -0.284750342 0.957659006 -0.0425026752 0.0021010926 0.0449616052 0.998986602";
      isRenderEnabled = "false";
      canSave = "1";
      canSaveDynamicFields = "1";
      persistentId = "bec166a3-fe4f-484e-9dc6-b1d478c1ab95";
         mode = "Ignore";
   };
   new TSStatic() {
      shapeName = "/levels/west_coast_usa/art/shapes/objects/constructionbarrier.dae";
      dynamic = "0";
      playAmbient = "1";
      meshCulling = "0";
      originSort = "0";
      useInstanceRenderData = "0";
      instanceColor = "White";
      instanceColor1 = "White";
      instanceColor2 = "White";
      collisionType = "Collision Mesh";
      decalType = "Collision Mesh";
      prebuildCollisionData = "0";
      renderNormals = "0";
      forceDetail = "-1";
      position = "-61.9911499 -839.894836 122.940063";
      scale = "1 1 1";
      rotationMatrix = "0.958599448 0.284372449 -0.0148149608 -0.284750342 0.957659006 -0.0425026752 0.0021010926 0.0449616052 0.998986602";
      isRenderEnabled = "false";
      canSave = "1";
      canSaveDynamicFields = "1";
      persistentId = "28659788-18d0-4a68-bff2-1bab7e34aba4";
         mode = "Ignore";
   };
   new TSStatic() {
      shapeName = "/levels/west_coast_usa/art/shapes/objects/constructionbarrier.dae";
      dynamic = "0";
      playAmbient = "1";
      meshCulling = "0";
      originSort = "0";
      useInstanceRenderData = "0";
      instanceColor = "White";
      instanceColor1 = "White";
      instanceColor2 = "White";
      collisionType = "Collision Mesh";
      decalType = "Collision Mesh";
      prebuildCollisionData = "0";
      renderNormals = "0";
      forceDetail = "-1";
      position = "-61.4505959 -841.675354 123.003075";
      scale = "1 1 1";
      rotationMatrix = "0.958599448 0.284372449 -0.0148149608 -0.284750342 0.957659006 -0.0425026752 0.0021010926 0.0449616052 0.998986602";
      isRenderEnabled = "false";
      canSave = "1";
      canSaveDynamicFields = "1";
      persistentId = "03bbad84-4b25-4a91-9703-98c5e3a66813";
         mode = "Ignore";
   };
   new TSStatic() {
      shapeName = "/levels/west_coast_usa/art/shapes/objects/constructionbarrier.dae";
      dynamic = "0";
      playAmbient = "1";
      meshCulling = "0";
      originSort = "0";
      useInstanceRenderData = "0";
      instanceColor = "White";
      instanceColor1 = "White";
      instanceColor2 = "White";
      collisionType = "Collision Mesh";
      decalType = "Collision Mesh";
      prebuildCollisionData = "0";
      renderNormals = "0";
      forceDetail = "-1";
      position = "-60.9242249 -843.45282 123.074066";
      scale = "1 1 1";
      rotationMatrix = "0.958599448 0.284372449 -0.0148149608 -0.284750342 0.957659006 -0.0425026752 0.0021010926 0.0449616052 0.998986602";
      isRenderEnabled = "false";
      canSave = "1";
      canSaveDynamicFields = "1";
      persistentId = "254958e9-0a1c-4ac5-9692-69f425bc6415";
         mode = "Ignore";
   };
   new TSStatic() {
      shapeName = "/levels/west_coast_usa/art/shapes/objects/constructionbarrier.dae";
      dynamic = "0";
      playAmbient = "1";
      meshCulling = "0";
      originSort = "0";
      useInstanceRenderData = "0";
      instanceColor = "White";
      instanceColor1 = "White";
      instanceColor2 = "White";
      collisionType = "Collision Mesh";
      decalType = "Collision Mesh";
      prebuildCollisionData = "0";
      renderNormals = "0";
      forceDetail = "-1";
      position = "-60.4042435 -845.252747 123.177513";
      scale = "1 1 1";
      rotationMatrix = "0.958599448 0.284372449 -0.0148149608 -0.284750342 0.957659006 -0.0425026752 0.0021010926 0.0449616052 0.998986602";
      isRenderEnabled = "false";
      canSave = "1";
      canSaveDynamicFields = "1";
      persistentId = "4f1abab6-9a98-4517-8b7b-8946e607524f";
         mode = "Ignore";
   };
   new TSStatic() {
      shapeName = "/levels/west_coast_usa/art/shapes/objects/constructionbarrier.dae";
      dynamic = "0";
      playAmbient = "1";
      meshCulling = "0";
      originSort = "0";
      useInstanceRenderData = "0";
      instanceColor = "White";
      instanceColor1 = "White";
      instanceColor2 = "White";
      collisionType = "Collision Mesh";
      decalType = "Collision Mesh";
      prebuildCollisionData = "0";
      renderNormals = "0";
      forceDetail = "-1";
      position = "-59.8662643 -847.06189 123.240379";
      scale = "1 1 1";
      rotationMatrix = "0.958599448 0.284372449 -0.0148149608 -0.284750342 0.957659006 -0.0425026752 0.0021010926 0.0449616052 0.998986602";
      isRenderEnabled = "false";
      canSave = "1";
      canSaveDynamicFields = "1";
      persistentId = "97a38c49-215b-4339-bfcd-f89c1a7dabc8";
         mode = "Ignore";
   };
   new TSStatic() {
      shapeName = "/levels/west_coast_usa/art/shapes/objects/constructionbarrier.dae";
      dynamic = "0";
      playAmbient = "1";
      meshCulling = "0";
      originSort = "0";
      useInstanceRenderData = "0";
      instanceColor = "White";
      instanceColor1 = "White";
      instanceColor2 = "White";
      collisionType = "Collision Mesh";
      decalType = "Collision Mesh";
      prebuildCollisionData = "0";
      renderNormals = "0";
      forceDetail = "-1";
      position = "-59.31147 -848.853943 123.334366";
      scale = "1 1 1";
      rotationMatrix = "0.958599448 0.284372449 -0.0148149608 -0.284750342 0.957659006 -0.0425026752 0.0021010926 0.0449616052 0.998986602";
      isRenderEnabled = "false";
      canSave = "1";
      canSaveDynamicFields = "1";
      persistentId = "6f11315e-bf0a-4dfd-91b7-00ea4bc49f41";
         mode = "Ignore";
   };
   new TSStatic() {
      shapeName = "/levels/west_coast_usa/art/shapes/objects/constructionbarrier.dae";
      dynamic = "0";
      playAmbient = "1";
      meshCulling = "0";
      originSort = "0";
      useInstanceRenderData = "0";
      instanceColor = "White";
      instanceColor1 = "White";
      instanceColor2 = "White";
      collisionType = "Collision Mesh";
      decalType = "Collision Mesh";
      prebuildCollisionData = "0";
      renderNormals = "0";
      forceDetail = "-1";
      position = "-58.777256 -850.621826 123.419502";
      scale = "1 1 1";
      rotationMatrix = "0.958599448 0.284372449 -0.0148149608 -0.284750342 0.957659006 -0.0425026752 0.0021010926 0.0449616052 0.998986602";
      isRenderEnabled = "false";
      canSave = "1";
      canSaveDynamicFields = "1";
      persistentId = "f309ee07-8c20-4d2e-a04f-967def780b5f";
         mode = "Ignore";
   };
   new TSStatic() {
      shapeName = "/levels/west_coast_usa/art/shapes/objects/constructionbarrier.dae";
      dynamic = "0";
      playAmbient = "1";
      meshCulling = "0";
      originSort = "0";
      useInstanceRenderData = "0";
      instanceColor = "White";
      instanceColor1 = "White";
      instanceColor2 = "White";
      collisionType = "Collision Mesh";
      decalType = "Collision Mesh";
      prebuildCollisionData = "0";
      renderNormals = "0";
      forceDetail = "-1";
      position = "-58.2411652 -852.412292 123.482552";
      scale = "1 1 1";
      rotationMatrix = "0.958599448 0.284372449 -0.0148149608 -0.284750342 0.957659006 -0.0425026752 0.0021010926 0.0449616052 0.998986602";
      isRenderEnabled = "false";
      canSave = "1";
      canSaveDynamicFields = "1";
      persistentId = "cc20a835-849c-4b91-ab52-65430e591e84";
         mode = "Ignore";
   };
   new TSStatic() {
      shapeName = "/levels/west_coast_usa/art/shapes/objects/constructionbarrier.dae";
      dynamic = "0";
      playAmbient = "1";
      meshCulling = "0";
      originSort = "0";
      useInstanceRenderData = "0";
      instanceColor = "White";
      instanceColor1 = "White";
      instanceColor2 = "White";
      collisionType = "Collision Mesh";
      decalType = "Collision Mesh";
      prebuildCollisionData = "0";
      renderNormals = "0";
      forceDetail = "-1";
      position = "-475.988251 -201.732407 99.0219269";
      scale = "1 1 1";
      rotationMatrix = "0.925531507 -0.37814796 -0.0198869612 0.378176093 0.925730348 -0.00247242791 0.0193449091 -0.00523246359 0.999799192";
      isRenderEnabled = "false";
      canSave = "1";
      canSaveDynamicFields = "1";
      persistentId = "00e861bb-6c8e-46f5-bf49-fb0d3be90968";
         mode = "Ignore";
   };
   new TSStatic() {
      shapeName = "/levels/west_coast_usa/art/shapes/objects/constructionbarrier.dae";
      dynamic = "0";
      playAmbient = "1";
      meshCulling = "0";
      originSort = "0";
      useInstanceRenderData = "0";
      instanceColor = "White";
      instanceColor1 = "White";
      instanceColor2 = "White";
      collisionType = "Collision Mesh";
      decalType = "Collision Mesh";
      prebuildCollisionData = "0";
      renderNormals = "0";
      forceDetail = "-1";
      position = "-476.694183 -203.454773 99.0236816";
      scale = "1 1 1";
      rotationMatrix = "0.925531566 -0.37814787 -0.0198869407 0.378109187 0.925742745 -0.00581509806 0.020609159 -0.00213737995 0.999785304";
      isRenderEnabled = "false";
      canSave = "1";
      canSaveDynamicFields = "1";
      persistentId = "1f1185c2-314b-4ac9-9a40-fea0cca22d83";
         mode = "Ignore";
   };
   new TSStatic() {
      shapeName = "/levels/west_coast_usa/art/shapes/objects/constructionbarrier.dae";
      dynamic = "0";
      playAmbient = "1";
      meshCulling = "0";
      originSort = "0";
      useInstanceRenderData = "0";
      instanceColor = "White";
      instanceColor1 = "White";
      instanceColor2 = "White";
      collisionType = "Collision Mesh";
      decalType = "Collision Mesh";
      prebuildCollisionData = "0";
      renderNormals = "0";
      forceDetail = "-1";
      position = "-477.394897 -205.172195 99.0485001";
      scale = "1 1 1";
      rotationMatrix = "0.925531566 -0.378148019 -0.0198869556 0.378060728 0.92574513 -0.00812340993 0.0214821044 -4.65661243e-09 0.999769211";
      isRenderEnabled = "false";
      canSave = "1";
      canSaveDynamicFields = "1";
      persistentId = "dc4ccd7b-f203-4d16-aa5f-252cc5260ac1";
         mode = "Ignore";
   };
   new TSStatic() {
      shapeName = "/levels/west_coast_usa/art/shapes/objects/constructionbarrier.dae";
      dynamic = "0";
      playAmbient = "1";
      meshCulling = "0";
      originSort = "0";
      useInstanceRenderData = "0";
      instanceColor = "White";
      instanceColor1 = "White";
      instanceColor2 = "White";
      collisionType = "Collision Mesh";
      decalType = "Collision Mesh";
      prebuildCollisionData = "0";
      renderNormals = "0";
      forceDetail = "-1";
      position = "-478.072998 -206.942841 99.0692368";
      scale = "1 1 1";
      rotationMatrix = "0.925531566 -0.378148019 -0.0198869556 0.378060728 0.92574513 -0.00812340993 0.0214821044 -4.65661243e-09 0.999769211";
      isRenderEnabled = "false";
      canSave = "1";
      canSaveDynamicFields = "1";
      persistentId = "771ac1f2-900d-4bce-a506-5f77b709d3fa";
         mode = "Ignore";
   };
   new TSStatic() {
      shapeName = "/levels/west_coast_usa/art/shapes/objects/constructionbarrier.dae";
      dynamic = "0";
      playAmbient = "1";
      meshCulling = "0";
      originSort = "0";
      useInstanceRenderData = "0";
      instanceColor = "White";
      instanceColor1 = "White";
      instanceColor2 = "White";
      collisionType = "Collision Mesh";
      decalType = "Collision Mesh";
      prebuildCollisionData = "0";
      renderNormals = "0";
      forceDetail = "-1";
      position = "-478.79245 -208.652191 99.0888672";
      scale = "1 1 1";
      rotationMatrix = "0.925531566 -0.378148019 -0.0198869556 0.378060728 0.92574513 -0.00812340993 0.0214821044 -4.65661243e-09 0.999769211";
      isRenderEnabled = "false";
      canSave = "1";
      canSaveDynamicFields = "1";
      persistentId = "2d28dfdb-b5a4-4e89-b1e5-4d86e086a345";
         mode = "Ignore";
   };
   new TSStatic() {
      shapeName = "/levels/west_coast_usa/art/shapes/objects/constructionbarrier.dae";
      dynamic = "0";
      playAmbient = "1";
      meshCulling = "0";
      originSort = "0";
      useInstanceRenderData = "0";
      instanceColor = "White";
      instanceColor1 = "White";
      instanceColor2 = "White";
      collisionType = "Collision Mesh";
      decalType = "Collision Mesh";
      prebuildCollisionData = "0";
      renderNormals = "0";
      forceDetail = "-1";
      position = "-479.523651 -210.410889 99.1143875";
      scale = "1 1 1";
      rotationMatrix = "0.925531566 -0.378148019 -0.0198869556 0.378060728 0.92574513 -0.00812340993 0.0214821044 -4.65661243e-09 0.999769211";
      isRenderEnabled = "false";
      canSave = "1";
      canSaveDynamicFields = "1";
      persistentId = "a72ca45c-c5bd-4915-9d96-6fdfadcdeab5";
         mode = "Ignore";
   };
   new TSStatic() {
      shapeName = "/levels/west_coast_usa/art/shapes/objects/constructionbarrier.dae";
      dynamic = "0";
      playAmbient = "1";
      meshCulling = "0";
      originSort = "0";
      useInstanceRenderData = "0";
      instanceColor = "White";
      instanceColor1 = "White";
      instanceColor2 = "White";
      collisionType = "Collision Mesh";
      decalType = "Collision Mesh";
      prebuildCollisionData = "0";
      renderNormals = "0";
      forceDetail = "-1";
      position = "-480.217499 -212.138351 99.1285324";
      scale = "1 1 1";
      rotationMatrix = "0.925531566 -0.378148019 -0.0198869556 0.378060728 0.92574513 -0.00812340993 0.0214821044 -4.65661243e-09 0.999769211";
      isRenderEnabled = "false";
      canSave = "1";
      canSaveDynamicFields = "1";
      persistentId = "214bc4be-b58b-4049-8bdd-ef8d4f0bff17";
         mode = "Ignore";
   };
   new TSStatic() {
      shapeName = "/levels/west_coast_usa/art/shapes/objects/constructionbarrier.dae";
      dynamic = "0";
      playAmbient = "1";
      meshCulling = "0";
      originSort = "0";
      useInstanceRenderData = "0";
      instanceColor = "White";
      instanceColor1 = "White";
      instanceColor2 = "White";
      collisionType = "Collision Mesh";
      decalType = "Collision Mesh";
      prebuildCollisionData = "0";
      renderNormals = "0";
      forceDetail = "-1";
      position = "-480.919983 -213.854828 99.1573868";
      scale = "1 1 1";
      rotationMatrix = "0.925531566 -0.378148019 -0.0198869556 0.378060728 0.92574513 -0.00812340993 0.0214821044 -4.65661243e-09 0.999769211";
      isRenderEnabled = "false";
      canSave = "1";
      canSaveDynamicFields = "1";
      persistentId = "8f4f2b35-9375-488f-a27f-aa88cc6abb29";
         mode = "Ignore";
   };
   new TSStatic() {
      shapeName = "/levels/west_coast_usa/art/shapes/objects/constructionbarrier.dae";
      dynamic = "0";
      playAmbient = "1";
      meshCulling = "0";
      originSort = "0";
      useInstanceRenderData = "0";
      instanceColor = "White";
      instanceColor1 = "White";
      instanceColor2 = "White";
      collisionType = "Collision Mesh";
      decalType = "Collision Mesh";
      prebuildCollisionData = "0";
      renderNormals = "0";
      forceDetail = "-1";
      position = "-481.643066 -215.585953 99.1782227";
      scale = "1 1 1";
      rotationMatrix = "0.925531566 -0.378148019 -0.0198869556 0.378060728 0.92574513 -0.00812340993 0.0214821044 -4.65661243e-09 0.999769211";
      isRenderEnabled = "false";
      canSave = "1";
      canSaveDynamicFields = "1";
      persistentId = "77b323dc-634f-4ba0-80e4-aecc6023709f";
         mode = "Ignore";
   };
   new TSStatic() {
      shapeName = "/levels/west_coast_usa/art/shapes/objects/constructionbarrier.dae";
      dynamic = "0";
      playAmbient = "1";
      meshCulling = "0";
      originSort = "0";
      useInstanceRenderData = "0";
      instanceColor = "White";
      instanceColor1 = "White";
      instanceColor2 = "White";
      collisionType = "Collision Mesh";
      decalType = "Collision Mesh";
      prebuildCollisionData = "0";
      renderNormals = "0";
      forceDetail = "-1";
      position = "-482.357178 -217.334396 99.1743164";
      scale = "1 1 1";
      rotationMatrix = "0.925531566 -0.378148019 -0.0198869556 0.378060728 0.92574513 -0.00812340993 0.0214821044 -4.65661243e-09 0.999769211";
      isRenderEnabled = "false";
      canSave = "1";
      canSaveDynamicFields = "1";
      persistentId = "a58e6735-cac4-495b-8e4d-0d0c623d2d37";
         mode = "Ignore";
   };
   new TSStatic() {
      shapeName = "/levels/west_coast_usa/art/shapes/objects/constructionbarrier.dae";
      dynamic = "0";
      playAmbient = "1";
      meshCulling = "0";
      originSort = "0";
      useInstanceRenderData = "0";
      instanceColor = "White";
      instanceColor1 = "White";
      instanceColor2 = "White";
      collisionType = "Collision Mesh";
      decalType = "Collision Mesh";
      prebuildCollisionData = "0";
      renderNormals = "0";
      forceDetail = "-1";
      position = "-483.047852 -219.080948 99.2026138";
      scale = "1 1 1";
      rotationMatrix = "0.925531566 -0.378148019 -0.0198869556 0.378060728 0.92574513 -0.00812340993 0.0214821044 -4.65661243e-09 0.999769211";
      isRenderEnabled = "false";
      canSave = "1";
      canSaveDynamicFields = "1";
      persistentId = "c207d068-c150-4969-b331-5a3ed7a3967e";
         mode = "Ignore";
   };
   new TSStatic() {
      shapeName = "/levels/west_coast_usa/art/shapes/objects/constructionbarrier.dae";
      dynamic = "0";
      playAmbient = "1";
      meshCulling = "0";
      originSort = "0";
      useInstanceRenderData = "0";
      instanceColor = "White";
      instanceColor1 = "White";
      instanceColor2 = "White";
      collisionType = "Collision Mesh";
      decalType = "Collision Mesh";
      prebuildCollisionData = "0";
      renderNormals = "0";
      forceDetail = "-1";
      position = "-483.739655 -220.79541 99.1957245";
      scale = "1 1 1";
      rotationMatrix = "0.925531566 -0.3781479 -0.0198869482 0.378393531 0.925586522 0.0103862416 0.0144795552 -0.0171378888 0.99974829";
      isRenderEnabled = "false";
      canSave = "1";
      canSaveDynamicFields = "1";
      persistentId = "e2175ca0-de09-41be-b4da-6316732bf303";
         mode = "Ignore";
   };
   new TSStatic() {
      shapeName = "/levels/west_coast_usa/art/shapes/objects/constructionbarrier.dae";
      dynamic = "0";
      playAmbient = "1";
      meshCulling = "0";
      originSort = "0";
      useInstanceRenderData = "0";
      instanceColor = "White";
      instanceColor1 = "White";
      instanceColor2 = "White";
      collisionType = "Collision Mesh";
      decalType = "Collision Mesh";
      prebuildCollisionData = "0";
      renderNormals = "0";
      forceDetail = "-1";
      position = "-484.444183 -222.528519 99.166481";
      scale = "1 1 1";
      rotationMatrix = "0.925531507 -0.37814796 -0.0198869538 0.378389955 0.925590754 0.0101352697 0.0145745482 -0.016905535 0.999750853";
      isRenderEnabled = "false";
      canSave = "1";
      canSaveDynamicFields = "1";
      persistentId = "a541a0d4-1166-4acf-bb00-311466df0354";
         mode = "Ignore";
   };
   new TSStatic() {
      shapeName = "/levels/west_coast_usa/art/shapes/objects/constructionbarrier.dae";
      dynamic = "0";
      playAmbient = "1";
      meshCulling = "0";
      originSort = "0";
      useInstanceRenderData = "0";
      instanceColor = "White";
      instanceColor1 = "White";
      instanceColor2 = "White";
      collisionType = "Collision Mesh";
      decalType = "Collision Mesh";
      prebuildCollisionData = "0";
      renderNormals = "0";
      forceDetail = "-1";
      position = "-496.031677 6.43614292 99.2572784";
      scale = "1 1 1";
      rotationMatrix = "0.0771709457 0.997016966 -0.00140384852 -0.99685204 0.077183716 0.0181341767 0.0181884337 -2.44472154e-09 0.999834597";
      isRenderEnabled = "false";
      canSave = "1";
      canSaveDynamicFields = "1";
      persistentId = "65707ff9-6c68-4dfd-bcbc-fef0edb127e1";
         mode = "Ignore";
   };
   new TSStatic() {
      shapeName = "/levels/west_coast_usa/art/shapes/objects/constructionbarrier.dae";
      dynamic = "0";
      playAmbient = "1";
      meshCulling = "0";
      originSort = "0";
      useInstanceRenderData = "0";
      instanceColor = "White";
      instanceColor1 = "White";
      instanceColor2 = "White";
      collisionType = "Collision Mesh";
      decalType = "Collision Mesh";
      prebuildCollisionData = "0";
      renderNormals = "0";
      forceDetail = "-1";
      position = "-494.1828 6.29124451 99.2157364";
      scale = "1 1 1";
      rotationMatrix = "0.0771709457 0.997016966 -0.00140384852 -0.99685204 0.077183716 0.0181341767 0.0181884337 -2.44472154e-09 0.999834597";
      isRenderEnabled = "false";
      canSave = "1";
      canSaveDynamicFields = "1";
      persistentId = "41d42647-8a77-431b-b35c-d95157af2506";
         mode = "Ignore";
   };
   new TSStatic() {
      shapeName = "/levels/west_coast_usa/art/shapes/objects/constructionbarrier.dae";
      dynamic = "0";
      playAmbient = "1";
      meshCulling = "0";
      originSort = "0";
      useInstanceRenderData = "0";
      instanceColor = "White";
      instanceColor1 = "White";
      instanceColor2 = "White";
      collisionType = "Collision Mesh";
      decalType = "Collision Mesh";
      prebuildCollisionData = "0";
      renderNormals = "0";
      forceDetail = "-1";
      position = "-492.313324 6.13154411 99.2052536";
      scale = "1 1 1";
      rotationMatrix = "0.0771709457 0.997016966 -0.00140384852 -0.99685204 0.077183716 0.0181341767 0.0181884337 -2.44472154e-09 0.999834597";
      isRenderEnabled = "false";
      canSave = "1";
      canSaveDynamicFields = "1";
      persistentId = "c250e260-0eec-412a-99d2-fc33626e45ed";
         mode = "Ignore";
   };
   new TSStatic() {
      shapeName = "/levels/west_coast_usa/art/shapes/objects/constructionbarrier.dae";
      dynamic = "0";
      playAmbient = "1";
      meshCulling = "0";
      originSort = "0";
      useInstanceRenderData = "0";
      instanceColor = "White";
      instanceColor1 = "White";
      instanceColor2 = "White";
      collisionType = "Collision Mesh";
