//--- OBJECT WRITE BEGIN ---
$ThisPrefab = new SimGroup() {
   canSave = "1";
   canSaveDynamicFields = "1";
      groupPosition = "0.000000 0.000000 0.000000";

   new TSStatic(sign_checkpoint8) {
      shapeName = "levels/west_coast_usa/art/shapes/race/sign_checkpoint.dae";
      dynamic = "0";
      playAmbient = "1";
      meshCulling = "0";
      originSort = "0";
      useInstanceRenderData = "0";
      instanceColor = "White";
      collisionType = "Collision Mesh";
      decalType = "Collision Mesh";
      prebuildCollisionData = "0";
      renderNormals = "0";
      forceDetail = "-1";
      position = "-590.886353 -171.717026 104.378227";
      scale = "1 1 1";
      rotationMatrix = "-0.757404566 0.652945936 -4.2564352e-10 -0.652945995 -0.757404447 -0.000690534012 -0.000450881664 -0.000523013819 0.999999762";
      isRenderEnabled = "false";
      mode = "Ignore";
      canSave = "1";
      canSaveDynamicFields = "1";
   };
   new TSStatic(sign_checkpoint7) {
      shapeName = "levels/west_coast_usa/art/shapes/race/sign_checkpoint.dae";
      dynamic = "0";
      playAmbient = "1";
      meshCulling = "0";
      originSort = "0";
      useInstanceRenderData = "0";
      instanceColor = "White";
      collisionType = "Collision Mesh";
      decalType = "Collision Mesh";
      prebuildCollisionData = "0";
      renderNormals = "0";
      forceDetail = "-1";
      position = "-584.507996 -177.381714 104.688782";
      scale = "1 1 1";
      rotationMatrix = "-0.757404566 0.652945936 -4.2564352e-10 -0.652945995 -0.757404447 -0.000690534012 -0.000450881664 -0.000523013819 0.999999762";
      isRenderEnabled = "false";
      mode = "Ignore";
      canSave = "1";
      canSaveDynamicFields = "1";
   };
   new TSStatic(sign_checkpoint6) {
      shapeName = "levels/west_coast_usa/art/shapes/race/sign_checkpoint.dae";
      dynamic = "0";
      playAmbient = "1";
      meshCulling = "0";
      originSort = "0";
      useInstanceRenderData = "0";
      instanceColor = "White";
      collisionType = "Collision Mesh";
      decalType = "Collision Mesh";
      prebuildCollisionData = "0";
      renderNormals = "0";
      forceDetail = "-1";
      position = "-528.870728 -90.5869141 100.013535";
      scale = "1 1 1";
      rotationMatrix = "-0.910983443 0.412443399 -4.0785153e-10 -0.412443489 -0.910983324 -0.000690533721 -0.000284806243 -0.000629064918 0.999999762";
      isRenderEnabled = "false";
      mode = "Ignore";
      canSave = "1";
      canSaveDynamicFields = "1";
   };
   new TSStatic(sign_checkpoint5) {
      shapeName = "levels/west_coast_usa/art/shapes/race/sign_checkpoint.dae";
      dynamic = "0";
      playAmbient = "1";
      meshCulling = "0";
      originSort = "0";
      useInstanceRenderData = "0";
      instanceColor = "White";
      collisionType = "Collision Mesh";
      decalType = "Collision Mesh";
      prebuildCollisionData = "0";
      renderNormals = "0";
      forceDetail = "-1";
      position = "-520.724243 -95.0910187 100.268303";
      scale = "1 1 1";
      rotationMatrix = "-0.910983443 0.412443399 -4.0785153e-10 -0.412443489 -0.910983324 -0.000690533721 -0.000284806243 -0.000629064918 0.999999762";
      isRenderEnabled = "false";
      mode = "Ignore";
      canSave = "1";
      canSaveDynamicFields = "1";
   };
   new TSStatic(arrowSign_p1_26) {
      shapeName = "levels/west_coast_usa/art/shapes/race/sign_arrows.dae";
      dynamic = "0";
      playAmbient = "1";
      meshCulling = "0";
      originSort = "0";
      useInstanceRenderData = "0";
      instanceColor = "White";
      collisionType = "Collision Mesh";
      decalType = "Collision Mesh";
      prebuildCollisionData = "0";
      renderNormals = "0";
      forceDetail = "-1";
      position = "71.0222244 -818.09021 131.256927";
      scale = "2 2 2";
      rotationMatrix = "0.648438811 -0.761232972 -0.00720161153 0.761229932 0.648471475 -0.00376792555 0.00753830047 -0.00303881639 0.999967396";
      isRenderEnabled = "false";
      mode = "Ignore";
      canSave = "1";
      canSaveDynamicFields = "1";
   };
   new TSStatic(arrowSign_p3_26) {
      shapeName = "levels/west_coast_usa/art/shapes/objects/pole_city1.dae";
      dynamic = "0";
      playAmbient = "1";
      meshCulling = "0";
      originSort = "0";
      useInstanceRenderData = "0";
      instanceColor = "White";
      collisionType = "Collision Mesh";
      decalType = "Collision Mesh";
      prebuildCollisionData = "0";
      renderNormals = "0";
      forceDetail = "-1";
      position = "70.2262878 -816.96106 122.616096";
      scale = "0.699999988 0.699999988 1";
      rotationMatrix = "0.647259057 -0.762236118 0.00720298104 0.762237966 0.647289693 0.00307422783 -0.00700570224 0.00350056333 0.999969363";
      isRenderEnabled = "false";
      mode = "Ignore";
      canSave = "1";
      canSaveDynamicFields = "1";
   };
   new TSStatic(arrowSign_p2_26) {
      shapeName = "levels/west_coast_usa/art/shapes/objects/pole_city1.dae";
      dynamic = "0";
      playAmbient = "1";
      meshCulling = "0";
      originSort = "0";
      useInstanceRenderData = "0";
      instanceColor = "White";
      collisionType = "Collision Mesh";
      decalType = "Collision Mesh";
      prebuildCollisionData = "0";
      renderNormals = "0";
      forceDetail = "-1";
      position = "72.1264648 -819.185791 122.637199";
      scale = "0.699999988 0.699999988 1";
      rotationMatrix = "0.647259057 -0.762236118 0.00720298104 0.762237966 0.647289693 0.00307422783 -0.00700570224 0.00350056333 0.999969363";
      isRenderEnabled = "false";
      mode = "Ignore";
      canSave = "1";
      canSaveDynamicFields = "1";
   };
   new TSStatic(arrowSign_p1_25) {
      shapeName = "levels/west_coast_usa/art/shapes/race/sign_arrows.dae";
      dynamic = "0";
      playAmbient = "1";
      meshCulling = "0";
      originSort = "0";
      useInstanceRenderData = "0";
      instanceColor = "White";
      collisionType = "Collision Mesh";
      decalType = "Collision Mesh";
      prebuildCollisionData = "0";
      renderNormals = "0";
      forceDetail = "-1";
      position = "18.4856091 -801.050293 134.222931";
      scale = "2 2 2";
      rotationMatrix = "0.699712694 0.71438849 -0.00720161432 -0.714420855 0.699706793 -0.00376792019 0.00234725582 0.00778144971 0.999966681";
      isRenderEnabled = "false";
      mode = "Ignore";
      canSave = "1";
      canSaveDynamicFields = "1";
   };
   new TSStatic(arrowSign_p3_25) {
      shapeName = "levels/west_coast_usa/art/shapes/objects/pole_city1.dae";
      dynamic = "0";
      playAmbient = "1";
      meshCulling = "0";
      originSort = "0";
      useInstanceRenderData = "0";
      instanceColor = "White";
      collisionType = "Collision Mesh";
      decalType = "Collision Mesh";
      prebuildCollisionData = "0";
      renderNormals = "0";
      forceDetail = "-1";
      position = "17.4239788 -801.93396 125.582077";
      scale = "0.699999988 0.699999988 1";
      rotationMatrix = "0.708040476 0.706135213 0.00720298663 -0.70616591 0.70803988 0.00307421852 -0.00292918808 -0.00726317428 0.999969363";
      isRenderEnabled = "false";
      mode = "Ignore";
      canSave = "1";
      canSaveDynamicFields = "1";
   };
   new TSStatic(arrowSign_p2_25) {
      shapeName = "levels/west_coast_usa/art/shapes/objects/pole_city1.dae";
      dynamic = "0";
      playAmbient = "1";
      meshCulling = "0";
      originSort = "0";
      useInstanceRenderData = "0";
      instanceColor = "White";
      collisionType = "Collision Mesh";
      decalType = "Collision Mesh";
      prebuildCollisionData = "0";
      renderNormals = "0";
      forceDetail = "-1";
      position = "19.4896507 -799.862183 125.60318";
      scale = "0.699999988 0.699999988 1";
      rotationMatrix = "0.708040476 0.706135213 0.00720298663 -0.70616591 0.70803988 0.00307421852 -0.00292918808 -0.00726317428 0.999969363";
      isRenderEnabled = "false";
      mode = "Ignore";
      canSave = "1";
      canSaveDynamicFields = "1";
   };
   new TSStatic(arrowSign_p1_24) {
      shapeName = "levels/west_coast_usa/art/shapes/race/sign_arrows.dae";
      dynamic = "0";
      playAmbient = "1";
      meshCulling = "0";
      originSort = "0";
      useInstanceRenderData = "0";
      instanceColor = "White";
      collisionType = "Collision Mesh";
      decalType = "Collision Mesh";
      prebuildCollisionData = "0";
      renderNormals = "0";
      forceDetail = "-1";
      position = "-87.2121124 -946.903259 134.106339";
      scale = "2 2 2";
      rotationMatrix = "-0.827007174 0.562144518 -0.00720161013 -0.562133133 -0.82703799 -0.0037679309 -0.00807413179 0.000932157796 0.999966919";
      isRenderEnabled = "false";
      mode = "Ignore";
      canSave = "1";
      canSaveDynamicFields = "1";
   };
   new TSStatic(arrowSign_p3_24) {
      shapeName = "levels/west_coast_usa/art/shapes/objects/pole_city1.dae";
      dynamic = "0";
      playAmbient = "1";
      meshCulling = "0";
      originSort = "0";
      useInstanceRenderData = "0";
      instanceColor = "White";
      collisionType = "Collision Mesh";
      decalType = "Collision Mesh";
      prebuildCollisionData = "0";
      renderNormals = "0";
      forceDetail = "-1";
      position = "-86.153389 -947.790527 125.465485";
      scale = "0.699999988 0.699999988 1";
      rotationMatrix = "-0.821113408 0.570719719 0.0072029829 -0.570713639 -0.821143448 0.00307421945 0.00766919926 -0.00158655725 0.999969304";
      isRenderEnabled = "false";
      mode = "Ignore";
      canSave = "1";
      canSaveDynamicFields = "1";
   };
   new TSStatic(arrowSign_p2_24) {
      shapeName = "levels/west_coast_usa/art/shapes/objects/pole_city1.dae";
      dynamic = "0";
      playAmbient = "1";
      meshCulling = "0";
      originSort = "0";
      useInstanceRenderData = "0";
      instanceColor = "White";
      collisionType = "Collision Mesh";
      decalType = "Collision Mesh";
      prebuildCollisionData = "0";
      renderNormals = "0";
      forceDetail = "-1";
      position = "-88.5604324 -946.127686 125.48658";
      scale = "0.699999988 0.699999988 1";
      rotationMatrix = "-0.821113408 0.570719719 0.0072029829 -0.570713639 -0.821143448 0.00307421945 0.00766919926 -0.00158655725 0.999969304";
      isRenderEnabled = "false";
      mode = "Ignore";
      canSave = "1";
      canSaveDynamicFields = "1";
   };
   new TSStatic(arrowSign_p1_23) {
      shapeName = "levels/west_coast_usa/art/shapes/race/sign_arrows.dae";
      dynamic = "0";
      playAmbient = "1";
      meshCulling = "0";
      originSort = "0";
      useInstanceRenderData = "0";
      instanceColor = "White";
      collisionType = "Collision Mesh";
      decalType = "Collision Mesh";
      prebuildCollisionData = "0";
      renderNormals = "0";
      forceDetail = "-1";
      position = "-78.6653748 -970.947144 133.956253";
      scale = "2 2 2";
      rotationMatrix = "-0.943962395 0.329973251 -0.00720161153 -0.329954058 -0.943989396 -0.00376791228 -0.00804155134 -0.0011805665 0.999967098";
      isRenderEnabled = "false";
      mode = "Ignore";
      canSave = "1";
      canSaveDynamicFields = "1";
   };
   new TSStatic(arrowSign_p3_23) {
      shapeName = "levels/west_coast_usa/art/shapes/objects/pole_city1.dae";
      dynamic = "0";
      playAmbient = "1";
      meshCulling = "0";
      originSort = "0";
      useInstanceRenderData = "0";
      instanceColor = "White";
      collisionType = "Collision Mesh";
      decalType = "Collision Mesh";
      prebuildCollisionData = "0";
      renderNormals = "0";
      forceDetail = "-1";
      position = "-77.4164658 -971.537109 125.315399";
      scale = "0.699999988 0.699999988 1";
      rotationMatrix = "-0.938918352 0.344064623 0.00720299734 -0.344051123 -0.938945889 0.00307421875 0.00782095455 0.000408241147 0.999969363";
      isRenderEnabled = "false";
      mode = "Ignore";
      canSave = "1";
      canSaveDynamicFields = "1";
   };
   new TSStatic(arrowSign_p2_23) {
      shapeName = "levels/west_coast_usa/art/shapes/objects/pole_city1.dae";
      dynamic = "0";
      playAmbient = "1";
      meshCulling = "0";
      originSort = "0";
      useInstanceRenderData = "0";
      instanceColor = "White";
      collisionType = "Collision Mesh";
      decalType = "Collision Mesh";
      prebuildCollisionData = "0";
      renderNormals = "0";
      forceDetail = "-1";
      position = "-80.1661987 -970.538452 125.336494";
      scale = "0.699999988 0.699999988 1";
      rotationMatrix = "-0.938918352 0.344064623 0.00720299734 -0.344051123 -0.938945889 0.00307421875 0.00782095455 0.000408241147 0.999969363";
      isRenderEnabled = "false";
      mode = "Ignore";
      canSave = "1";
      canSaveDynamicFields = "1";
   };
   new TSStatic(arrowSign_p1_22) {
      shapeName = "levels/west_coast_usa/art/shapes/race/sign_arrows.dae";
      dynamic = "0";
      playAmbient = "1";
      meshCulling = "0";
      originSort = "0";
      useInstanceRenderData = "0";
      instanceColor = "White";
      collisionType = "Collision Mesh";
      decalType = "Collision Mesh";
      prebuildCollisionData = "0";
      renderNormals = "0";
      forceDetail = "-1";
      position = "-72.3543396 -979.263 133.939041";
      scale = "2 2 2";
      rotationMatrix = "-0.99281913 0.119409859 -0.00720161712 -0.119385146 -0.992840946 -0.0037679011 -0.00759998616 -0.00288108853 0.999966323";
      isRenderEnabled = "false";
      mode = "Ignore";
      canSave = "1";
      canSaveDynamicFields = "1";
   };
   new TSStatic(arrowSign_p3_22) {
      shapeName = "levels/west_coast_usa/art/shapes/objects/pole_city1.dae";
      dynamic = "0";
      playAmbient = "1";
      meshCulling = "0";
      originSort = "0";
      useInstanceRenderData = "0";
      instanceColor = "White";
      collisionType = "Collision Mesh";
      decalType = "Collision Mesh";
      prebuildCollisionData = "0";
      renderNormals = "0";
      forceDetail = "-1";
      position = "-71.0014801 -979.541321 125.29818";
      scale = "0.699999988 0.699999988 1";
      rotationMatrix = "-0.993590593 0.112809233 0.00720299454 -0.112789623 -0.993614137 0.00307421922 0.00750379637 0.00224209228 0.999969304";
      isRenderEnabled = "false";
      mode = "Ignore";
      canSave = "1";
      canSaveDynamicFields = "1";
   };
   new TSStatic(arrowSign_p2_22) {
      shapeName = "levels/west_coast_usa/art/shapes/objects/pole_city1.dae";
      dynamic = "0";
      playAmbient = "1";
      meshCulling = "0";
      originSort = "0";
      useInstanceRenderData = "0";
      instanceColor = "White";
      collisionType = "Collision Mesh";
      decalType = "Collision Mesh";
      prebuildCollisionData = "0";
      renderNormals = "0";
      forceDetail = "-1";
      position = "-73.9093094 -979.219666 125.319275";
      scale = "0.699999988 0.699999988 1";
      rotationMatrix = "-0.993590593 0.112809233 0.00720299454 -0.112789623 -0.993614137 0.00307421922 0.00750379637 0.00224209228 0.999969304";
      isRenderEnabled = "false";
      mode = "Ignore";
      canSave = "1";
      canSaveDynamicFields = "1";
   };
   new TSStatic(arrowSign_p1_4) {
      shapeName = "levels/west_coast_usa/art/shapes/race/sign_arrows.dae";
      dynamic = "0";
      playAmbient = "1";
      meshCulling = "0";
      originSort = "0";
      useInstanceRenderData = "0";
      instanceColor = "White";
      collisionType = "Collision Mesh";
      decalType = "Collision Mesh";
      prebuildCollisionData = "0";
      renderNormals = "0";
      forceDetail = "-1";
      position = "-494.274689 6.74045849 101.311096";
      scale = "2 2 2";
      rotationMatrix = "0.99744767 -0.0713866577 -2.26452812e-09 0.0713868588 0.997447848 -0.000690534944 4.92963991e-05 0.000688772532 0.999999762";
      isRenderEnabled = "false";
      mode = "Ignore";
      canSave = "1";
      canSaveDynamicFields = "1";
   };
   new TSStatic(arrowSign_p2_4) {
      shapeName = "levels/west_coast_usa/art/shapes/objects/pole_city1.dae";
      dynamic = "0";
      playAmbient = "1";
      meshCulling = "0";
      originSort = "0";
      useInstanceRenderData = "0";
      instanceColor = "White";
      collisionType = "Collision Mesh";
      decalType = "Collision Mesh";
      prebuildCollisionData = "0";
      renderNormals = "0";
      forceDetail = "-1";
      position = "-492.782776 6.73995256 92.6799393";
      scale = "0.699999988 0.699999988 1";
      rotationMatrix = "0.997425854 -0.0717060193 0 0.0717060119 0.997425854 0 0 0 1";
      isRenderEnabled = "false";
      mode = "Ignore";
      canSave = "1";
      canSaveDynamicFields = "1";
   };
   new TSStatic(arrowSign_p3_4) {
      shapeName = "levels/west_coast_usa/art/shapes/objects/pole_city1.dae";
      dynamic = "0";
      playAmbient = "1";
      meshCulling = "0";
      originSort = "0";
      useInstanceRenderData = "0";
      instanceColor = "White";
      collisionType = "Collision Mesh";
      decalType = "Collision Mesh";
      prebuildCollisionData = "0";
      renderNormals = "0";
      forceDetail = "-1";
      position = "-495.701233 6.9411664 92.6799393";
      scale = "0.699999988 0.699999988 1";
      rotationMatrix = "0.997425854 -0.0717060193 0 0.0717060119 0.997425854 0 0 0 1";
      isRenderEnabled = "false";
      mode = "Ignore";
      canSave = "1";
      canSaveDynamicFields = "1";
   };
   new TSStatic(arrowSign_p1_5) {
      shapeName = "levels/west_coast_usa/art/shapes/race/sign_arrows.dae";
      dynamic = "0";
      playAmbient = "1";
      meshCulling = "0";
      originSort = "0";
      useInstanceRenderData = "0";
      instanceColor = "White";
      collisionType = "Collision Mesh";
      decalType = "Collision Mesh";
      prebuildCollisionData = "0";
      renderNormals = "0";
      forceDetail = "-1";
      position = "-488.809174 6.15141344 101.319878";
      scale = "2 2 2";
      rotationMatrix = "0.997395635 -0.0721073598 -1.79807103e-09 0.0721075907 0.997395873 -0.000690534187 4.97938454e-05 0.000688735745 0.999999762";
      isRenderEnabled = "false";
      mode = "Ignore";
      canSave = "1";
      canSaveDynamicFields = "1";
   };
   new TSStatic(arrowSign_p2_5) {
      shapeName = "levels/west_coast_usa/art/shapes/objects/pole_city1.dae";
      dynamic = "0";
      playAmbient = "1";
      meshCulling = "0";
      originSort = "0";
      useInstanceRenderData = "0";
      instanceColor = "White";
      collisionType = "Collision Mesh";
      decalType = "Collision Mesh";
      prebuildCollisionData = "0";
      renderNormals = "0";
      forceDetail = "-1";
      position = "-487.317322 6.15092468 92.6887207";
      scale = "0.699999988 0.699999988 1";
      rotationMatrix = "0.997425854 -0.0717060193 0 0.0717060119 0.997425854 0 0 0 1";
      isRenderEnabled = "false";
      mode = "Ignore";
      canSave = "1";
      canSaveDynamicFields = "1";
   };
   new TSStatic(arrowSign_p3_5) {
      shapeName = "levels/west_coast_usa/art/shapes/objects/pole_city1.dae";
      dynamic = "0";
      playAmbient = "1";
      meshCulling = "0";
      originSort = "0";
      useInstanceRenderData = "0";
      instanceColor = "White";
      collisionType = "Collision Mesh";
      decalType = "Collision Mesh";
      prebuildCollisionData = "0";
      renderNormals = "0";
      forceDetail = "-1";
      position = "-490.235779 6.35213852 92.6887207";
      scale = "0.699999988 0.699999988 1";
      rotationMatrix = "0.997425854 -0.0717060193 0 0.0717060119 0.997425854 0 0 0 1";
      isRenderEnabled = "false";
      mode = "Ignore";
      canSave = "1";
      canSaveDynamicFields = "1";
   };
   new TSStatic(arrowSign_p1_9) {
      shapeName = "levels/west_coast_usa/art/shapes/race/sign_arrows.dae";
      dynamic = "0";
      playAmbient = "1";
      meshCulling = "0";
      originSort = "0";
      useInstanceRenderData = "0";
      instanceColor = "White";
      collisionType = "Collision Mesh";
      decalType = "Collision Mesh";
      prebuildCollisionData = "0";
      renderNormals = "0";
      forceDetail = "-1";
      position = "-551.712219 -227.498672 108.57592";
      scale = "2 2 2";
      rotationMatrix = "-0.624532282 0.780998528 -1.91903382e-10 -0.780998349 -0.624532223 -0.000690535991 -0.000539307715 -0.000431262306 0.999999762";
      isRenderEnabled = "false";
      mode = "Ignore";
      canSave = "1";
      canSaveDynamicFields = "1";
   };
   new TSStatic(arrowSign_p3_9) {
      shapeName = "levels/west_coast_usa/art/shapes/objects/pole_city1.dae";
      dynamic = "0";
      playAmbient = "1";
      meshCulling = "0";
      originSort = "0";
      useInstanceRenderData = "0";
      instanceColor = "White";
      collisionType = "Collision Mesh";
      decalType = "Collision Mesh";
      prebuildCollisionData = "0";
      renderNormals = "0";
      forceDetail = "-1";
      position = "-552.484436 -226.297485 99.9447632";
      scale = "0.699999988 0.699999988 1";
      rotationMatrix = "0.618734181 -0.785600543 0 0.785600483 0.618734181 0 0 0 1";
      isRenderEnabled = "false";
      mode = "Ignore";
      canSave = "1";
      canSaveDynamicFields = "1";
   };
   new TSStatic(arrowSign_p2_9) {
      shapeName = "levels/west_coast_usa/art/shapes/objects/pole_city1.dae";
      dynamic = "0";
      playAmbient = "1";
      meshCulling = "0";
      originSort = "0";
      useInstanceRenderData = "0";
      instanceColor = "White";
      collisionType = "Collision Mesh";
      decalType = "Collision Mesh";
      prebuildCollisionData = "0";
      renderNormals = "0";
      forceDetail = "-1";
      position = "-550.667847 -228.590454 99.9447632";
      scale = "0.699999988 0.699999988 1";
      rotationMatrix = "0.618734181 -0.785600543 0 0.785600483 0.618734181 0 0 0 1";
      isRenderEnabled = "false";
      mode = "Ignore";
      canSave = "1";
      canSaveDynamicFields = "1";
   };
   new TSStatic(arrowSign_p1_10) {
      shapeName = "levels/west_coast_usa/art/shapes/race/sign_arrows.dae";
      dynamic = "0";
      playAmbient = "1";
      meshCulling = "0";
      originSort = "0";
      useInstanceRenderData = "0";
      instanceColor = "White";
      collisionType = "Collision Mesh";
      decalType = "Collision Mesh";
      prebuildCollisionData = "0";
      renderNormals = "0";
      forceDetail = "-1";
      position = "-555.327393 -223.107513 108.562729";
      scale = "2 2 2";
      rotationMatrix = "-0.627929151 0.7782709 1.34605216e-10 -0.778270662 -0.627928913 -0.000690535177 -0.000537423242 -0.00043360726 0.999999821";
      isRenderEnabled = "false";
      mode = "Ignore";
      canSave = "1";
      canSaveDynamicFields = "1";
   };
   new TSStatic(arrowSign_p3_10) {
      shapeName = "levels/west_coast_usa/art/shapes/objects/pole_city1.dae";
      dynamic = "0";
      playAmbient = "1";
      meshCulling = "0";
      originSort = "0";
      useInstanceRenderData = "0";
      instanceColor = "White";
      collisionType = "Collision Mesh";
      decalType = "Collision Mesh";
      prebuildCollisionData = "0";
      renderNormals = "0";
      forceDetail = "-1";
      position = "-556.128357 -221.92543 99.931572";
      scale = "0.699999988 0.699999988 1";
      rotationMatrix = "0.637392044 -0.770539641 0 0.770539641 0.637392044 0 0 0 1";
      isRenderEnabled = "false";
      mode = "Ignore";
      canSave = "1";
      canSaveDynamicFields = "1";
   };
   new TSStatic(arrowSign_p2_10) {
      shapeName = "levels/west_coast_usa/art/shapes/objects/pole_city1.dae";
      dynamic = "0";
      playAmbient = "1";
      meshCulling = "0";
      originSort = "0";
      useInstanceRenderData = "0";
      instanceColor = "White";
      collisionType = "Collision Mesh";
      decalType = "Collision Mesh";
      prebuildCollisionData = "0";
      renderNormals = "0";
      forceDetail = "-1";
      position = "-554.257141 -224.174133 99.931572";
      scale = "0.699999988 0.699999988 1";
      rotationMatrix = "0.637392044 -0.770539641 0 0.770539641 0.637392044 0 0 0 1";
      isRenderEnabled = "false";
      mode = "Ignore";
      canSave = "1";
      canSaveDynamicFields = "1";
   };
   new TSStatic(arrowSign_p1_11) {
      shapeName = "levels/west_coast_usa/art/shapes/race/sign_arrows.dae";
      dynamic = "0";
      playAmbient = "1";
      meshCulling = "0";
      originSort = "0";
      useInstanceRenderData = "0";
      instanceColor = "White";
      collisionType = "Collision Mesh";
      decalType = "Collision Mesh";
      prebuildCollisionData = "0";
      renderNormals = "0";
      forceDetail = "-1";
      position = "-558.619263 -219.16626 108.560905";
      scale = "2 2 2";
      rotationMatrix = "-0.662868917 0.748736501 4.32009983e-10 -0.748736203 -0.662868679 -0.000690534478 -0.000517027278 -0.00045773384 0.999999762";
      isRenderEnabled = "false";
      mode = "Ignore";
      canSave = "1";
      canSaveDynamicFields = "1";
   };
   new TSStatic(arrowSign_p3_11) {
      shapeName = "levels/west_coast_usa/art/shapes/objects/pole_city1.dae";
      dynamic = "0";
      playAmbient = "1";
      meshCulling = "0";
      originSort = "0";
      useInstanceRenderData = "0";
      instanceColor = "White";
      collisionType = "Collision Mesh";
      decalType = "Collision Mesh";
      prebuildCollisionData = "0";
      renderNormals = "0";
      forceDetail = "-1";
      position = "-559.466309 -218.016907 99.9297485";
      scale = "0.699999988 0.699999988 1";
      rotationMatrix = "0.667505741 -0.744604766 0 0.744604707 0.667505741 0 0 0 1";
      isRenderEnabled = "false";
      mode = "Ignore";
      canSave = "1";
      canSaveDynamicFields = "1";
   };
   new TSStatic(arrowSign_p2_11) {
      shapeName = "levels/west_coast_usa/art/shapes/objects/pole_city1.dae";
      dynamic = "0";
      playAmbient = "1";
      meshCulling = "0";
      originSort = "0";
      useInstanceRenderData = "0";
      instanceColor = "White";
      collisionType = "Collision Mesh";
      decalType = "Collision Mesh";
      prebuildCollisionData = "0";
      renderNormals = "0";
      forceDetail = "-1";
      position = "-557.507263 -220.189514 99.9297485";
      scale = "0.699999988 0.699999988 1";
      rotationMatrix = "0.667505741 -0.744604766 0 0.744604707 0.667505741 0 0 0 1";
      isRenderEnabled = "false";
      mode = "Ignore";
      canSave = "1";
      canSaveDynamicFields = "1";
   };
   new TSStatic(arrowSign_p1_12) {
      shapeName = "levels/west_coast_usa/art/shapes/race/sign_arrows.dae";
      dynamic = "0";
      playAmbient = "1";
      meshCulling = "0";
      originSort = "0";
      useInstanceRenderData = "0";
      instanceColor = "White";
      collisionType = "Collision Mesh";
      decalType = "Collision Mesh";
      prebuildCollisionData = "0";
      renderNormals = "0";
      forceDetail = "-1";
      position = "-562.301392 -214.982376 108.564919";
      scale = "2 2 2";
      rotationMatrix = "-0.719869137 0.694109976 3.3651304e-10 -0.694109738 -0.719869137 -0.000690534594 -0.000479306938 -0.000497095112 0.999999762";
      isRenderEnabled = "false";
      mode = "Ignore";
      canSave = "1";
      canSaveDynamicFields = "1";
   };
   new TSStatic(arrowSign_p3_12) {
      shapeName = "levels/west_coast_usa/art/shapes/objects/pole_city1.dae";
      dynamic = "0";
      playAmbient = "1";
      meshCulling = "0";
      originSort = "0";
      useInstanceRenderData = "0";
      instanceColor = "White";
      collisionType = "Collision Mesh";
      decalType = "Collision Mesh";
      prebuildCollisionData = "0";
      renderNormals = "0";
      forceDetail = "-1";
      position = "-563.189636 -213.864365 99.9337616";
      scale = "0.699999988 0.699999988 1";
      rotationMatrix = "0.694174647 -0.719806731 0 0.719806671 0.694174588 0 0 0 1";
      isRenderEnabled = "false";
      mode = "Ignore";
      canSave = "1";
      canSaveDynamicFields = "1";
   };
   new TSStatic(arrowSign_p2_12) {
      shapeName = "levels/west_coast_usa/art/shapes/objects/pole_city1.dae";
      dynamic = "0";
      playAmbient = "1";
      meshCulling = "0";
      originSort = "0";
      useInstanceRenderData = "0";
      instanceColor = "White";
      collisionType = "Collision Mesh";
      decalType = "Collision Mesh";
      prebuildCollisionData = "0";
      renderNormals = "0";
      forceDetail = "-1";
      position = "-561.152832 -215.964188 99.9337616";
      scale = "0.699999988 0.699999988 1";
      rotationMatrix = "0.694174647 -0.719806731 0 0.719806671 0.694174588 0 0 0 1";
      isRenderEnabled = "false";
      mode = "Ignore";
      canSave = "1";
      canSaveDynamicFields = "1";
   };
   new TSStatic(arrowSign_p1_13) {
      shapeName = "levels/west_coast_usa/art/shapes/race/sign_arrows.dae";
      dynamic = "0";
      playAmbient = "1";
      meshCulling = "0";
      originSort = "0";
      useInstanceRenderData = "0";
      instanceColor = "White";
      collisionType = "Collision Mesh";
      decalType = "Collision Mesh";
      prebuildCollisionData = "0";
      renderNormals = "0";
      forceDetail = "-1";
      position = "-811.858093 -469.831635 108.315636";
      scale = "2 2 2";
      rotationMatrix = "0.681772888 -0.731563807 -3.02861736e-10 0.731563449 0.681772709 -0.000690534653 0.000505170668 0.000470787927 0.999999762";
      isRenderEnabled = "false";
      mode = "Ignore";
      canSave = "1";
      canSaveDynamicFields = "1";
   };
   new TSStatic(arrowSign_p2_13) {
      shapeName = "levels/west_coast_usa/art/shapes/objects/pole_city1.dae";
      dynamic = "0";
      playAmbient = "1";
      meshCulling = "0";
      originSort = "0";
      useInstanceRenderData = "0";
      instanceColor = "White";
      collisionType = "Collision Mesh";
      decalType = "Collision Mesh";
      prebuildCollisionData = "0";
      renderNormals = "0";
      forceDetail = "-1";
      position = "-812.991028 -468.830994 106.459999";
      scale = "0.699999988 0.699999988 0.25";
      rotationMatrix = "-0.682395816 0.730982959 0 -0.7309829 -0.682395756 0 0 0 1";
      isRenderEnabled = "false";
      mode = "Ignore";
      canSave = "1";
      canSaveDynamicFields = "1";
   };
   new TSStatic(arrowSign_p3_13) {
      shapeName = "levels/west_coast_usa/art/shapes/objects/pole_city1.dae";
      dynamic = "0";
      playAmbient = "1";
      meshCulling = "0";
      originSort = "0";
      useInstanceRenderData = "0";
      instanceColor = "White";
      collisionType = "Collision Mesh";
      decalType = "Collision Mesh";
      prebuildCollisionData = "0";
      renderNormals = "0";
      forceDetail = "-1";
      position = "-810.989014 -470.963989 106.459999";
      scale = "0.699999988 0.699999988 0.25";
      rotationMatrix = "-0.682395816 0.730982959 0 -0.7309829 -0.682395756 0 0 0 1";
      isRenderEnabled = "false";
      mode = "Ignore";
      canSave = "1";
      canSaveDynamicFields = "1";
   };
   new TSStatic(arrowSign_p1_14) {
      shapeName = "levels/west_coast_usa/art/shapes/race/sign_arrows.dae";
      dynamic = "0";
      playAmbient = "1";
      meshCulling = "0";
      originSort = "0";
      useInstanceRenderData = "0";
      instanceColor = "White";
      collisionType = "Collision Mesh";
      decalType = "Collision Mesh";
      prebuildCollisionData = "0";
      renderNormals = "0";
      forceDetail = "-1";
      position = "-808.179382 -474.078918 108.287346";
      scale = "2 2 2";
      rotationMatrix = "0.661407113 -0.750026822 -2.75576895e-10 0.750026762 0.661406994 -0.000690534886 0.000517920009 0.000456724811 0.999999762";
      isRenderEnabled = "false";
      mode = "Ignore";
      canSave = "1";
      canSaveDynamicFields = "1";
   };
   new TSStatic(arrowSign_p2_14) {
      shapeName = "levels/west_coast_usa/art/shapes/objects/pole_city1.dae";
      dynamic = "0";
      playAmbient = "1";
      meshCulling = "0";
      originSort = "0";
      useInstanceRenderData = "0";
      instanceColor = "White";
      collisionType = "Collision Mesh";
      decalType = "Collision Mesh";
      prebuildCollisionData = "0";
      renderNormals = "0";
      forceDetail = "-1";
      position = "-809.312012 -473.078003 106.459999";
      scale = "0.699999988 0.699999988 0.25";
      rotationMatrix = "-0.682395816 0.730982959 0 -0.7309829 -0.682395756 0 0 0 1";
      isRenderEnabled = "false";
      mode = "Ignore";
      canSave = "1";
      canSaveDynamicFields = "1";
   };
   new TSStatic(arrowSign_p3_14) {
      shapeName = "levels/west_coast_usa/art/shapes/objects/pole_city1.dae";
      dynamic = "0";
      playAmbient = "1";
      meshCulling = "0";
      originSort = "0";
      useInstanceRenderData = "0";
      instanceColor = "White";
      collisionType = "Collision Mesh";
      decalType = "Collision Mesh";
      prebuildCollisionData = "0";
      renderNormals = "0";
      forceDetail = "-1";
      position = "-807.309998 -475.210999 106.459999";
      scale = "0.699999988 0.699999988 0.25";
      rotationMatrix = "-0.682393909 0.730984628 0 -0.730984628 -0.682393909 0 0 0 1";
      isRenderEnabled = "false";
      mode = "Ignore";
      canSave = "1";
      canSaveDynamicFields = "1";
   };
   new TSStatic(arrowSign_p1_15) {
      shapeName = "levels/west_coast_usa/art/shapes/race/sign_arrows.dae";
      dynamic = "0";
      playAmbient = "1";
      meshCulling = "0";
      originSort = "0";
      useInstanceRenderData = "0";
      instanceColor = "White";
      collisionType = "Collision Mesh";
      decalType = "Collision Mesh";
      prebuildCollisionData = "0";
      renderNormals = "0";
      forceDetail = "-1";
      position = "-804.200134 -478.580658 108.265434";
      scale = "2 2 2";
      rotationMatrix = "0.687356412 -0.726320505 -3.71983333e-10 0.726320446 0.687356174 -0.000690534944 0.000501549628 0.00047464305 0.999999762";
      isRenderEnabled = "false";
      mode = "Ignore";
      canSave = "1";
      canSaveDynamicFields = "1";
   };
   new TSStatic(arrowSign_p2_15) {
      shapeName = "levels/west_coast_usa/art/shapes/objects/pole_city1.dae";
      dynamic = "0";
      playAmbient = "1";
      meshCulling = "0";
      originSort = "0";
      useInstanceRenderData = "0";
      instanceColor = "White";
      collisionType = "Collision Mesh";
      decalType = "Collision Mesh";
      prebuildCollisionData = "0";
      renderNormals = "0";
      forceDetail = "-1";
      position = "-805.333008 -477.579987 106.459999";
      scale = "0.699999988 0.699999988 0.25";
      rotationMatrix = "-0.682393909 0.730984628 0 -0.730984628 -0.682393909 0 0 0 1";
      isRenderEnabled = "false";
      mode = "Ignore";
      canSave = "1";
      canSaveDynamicFields = "1";
   };
   new TSStatic(arrowSign_p3_15) {
      shapeName = "levels/west_coast_usa/art/shapes/objects/pole_city1.dae";
      dynamic = "0";
      playAmbient = "1";
      meshCulling = "0";
      originSort = "0";
      useInstanceRenderData = "0";
      instanceColor = "White";
      collisionType = "Collision Mesh";
      decalType = "Collision Mesh";
      prebuildCollisionData = "0";
      renderNormals = "0";
      forceDetail = "-1";
      position = "-803.330994 -479.713013 106.459999";
      scale = "0.699999988 0.699999988 0.25";
      rotationMatrix = "-0.682395816 0.730982959 0 -0.7309829 -0.682395756 0 0 0 1";
      isRenderEnabled = "false";
      mode = "Ignore";
      canSave = "1";
      canSaveDynamicFields = "1";
   };
   new TSStatic(arrowSign_p1_16) {
      shapeName = "levels/west_coast_usa/art/shapes/race/sign_arrows.dae";
      dynamic = "0";
      playAmbient = "1";
      meshCulling = "0";
      originSort = "0";
      useInstanceRenderData = "0";
      instanceColor = "White";
      collisionType = "Collision Mesh";
      decalType = "Collision Mesh";
      prebuildCollisionData = "0";
      renderNormals = "0";
      forceDetail = "-1";
      position = "-800.068115 -483.198639 108.260437";
      scale = "2 2 2";
      rotationMatrix = "0.680457115 -0.73278898 -5.92990546e-10 0.732788861 0.680456758 -0.000690535118 0.000506016193 0.000469879247 0.999999762";
      isRenderEnabled = "false";
      mode = "Ignore";
      canSave = "1";
      canSaveDynamicFields = "1";
   };
   new TSStatic(arrowSign_p2_16) {
      shapeName = "levels/west_coast_usa/art/shapes/objects/pole_city1.dae";
      dynamic = "0";
      playAmbient = "1";
      meshCulling = "0";
      originSort = "0";
      useInstanceRenderData = "0";
      instanceColor = "White";
      collisionType = "Collision Mesh";
      decalType = "Collision Mesh";
      prebuildCollisionData = "0";
      renderNormals = "0";
      forceDetail = "-1";
      position = "-801.200989 -482.197998 106.459999";
      scale = "0.699999988 0.699999988 0.25";
      rotationMatrix = "-0.682395816 0.730982959 0 -0.7309829 -0.682395756 0 0 0 1";
      isRenderEnabled = "false";
      mode = "Ignore";
      canSave = "1";
      canSaveDynamicFields = "1";
   };
   new TSStatic(arrowSign_p3_16) {
      shapeName = "levels/west_coast_usa/art/shapes/objects/pole_city1.dae";
      dynamic = "0";
      playAmbient = "1";
      meshCulling = "0";
      originSort = "0";
      useInstanceRenderData = "0";
      instanceColor = "White";
      collisionType = "Collision Mesh";
      decalType = "Collision Mesh";
      prebuildCollisionData = "0";
      renderNormals = "0";
      forceDetail = "-1";
      position = "-799.197998 -484.330994 106.459999";
      scale = "0.699999988 0.699999988 0.25";
      rotationMatrix = "-0.682395816 0.730982959 0 -0.7309829 -0.682395756 0 0 0 1";
      isRenderEnabled = "false";
      mode = "Ignore";
      canSave = "1";
      canSaveDynamicFields = "1";
   };
   new TSStatic(arrowSign_p3_18) {
      shapeName = "levels/west_coast_usa/art/shapes/objects/pole_city1.dae";
      dynamic = "0";
      playAmbient = "1";
      meshCulling = "0";
      originSort = "0";
      useInstanceRenderData = "0";
      instanceColor = "White";
      collisionType = "Collision Mesh";
      decalType = "Collision Mesh";
      prebuildCollisionData = "0";
      renderNormals = "0";
      forceDetail = "-1";
      position = "-30.5400581 -850.780579 116.733994";
      scale = "0.699999988 0.699999988 1";
      rotationMatrix = "-0.822263837 -0.569060981 0.00720299687 0.56909132 -0.822268665 0.00307422294 0.00417337799 0.0066269841 0.999969363";
      isRenderEnabled = "false";
      mode = "Ignore";
      canSave = "1";
      canSaveDynamicFields = "1";
   };
   new TSStatic(arrowSign_p1_18) {
      shapeName = "levels/west_coast_usa/art/shapes/race/sign_arrows.dae";
      dynamic = "0";
      playAmbient = "1";
      meshCulling = "0";
      originSort = "0";
      useInstanceRenderData = "0";
      instanceColor = "White";
      collisionType = "Collision Mesh";
      decalType = "Collision Mesh";
      prebuildCollisionData = "0";
      renderNormals = "0";
      forceDetail = "-1";
      position = "-31.7418118 -851.461182 125.374863";
      scale = "2 2 2";
      rotationMatrix = "-0.825101197 -0.564939737 -0.00720163668 0.564972937 -0.825101852 -0.00376790715 -0.00381343276 -0.00717763696 0.999966979";
      isRenderEnabled = "false";
      mode = "Ignore";
      canSave = "1";
      canSaveDynamicFields = "1";
   };
   new TSStatic(arrowSign_p2_18) {
      shapeName = "levels/west_coast_usa/art/shapes/objects/pole_city1.dae";
      dynamic = "0";
      playAmbient = "1";
      meshCulling = "0";
      originSort = "0";
      useInstanceRenderData = "0";
      instanceColor = "White";
      collisionType = "Collision Mesh";
      decalType = "Collision Mesh";
      prebuildCollisionData = "0";
      renderNormals = "0";
      forceDetail = "-1";
      position = "-32.9406433 -852.452393 116.755089";
      scale = "0.699999988 0.699999988 1";
      rotationMatrix = "-0.822263837 -0.569060981 0.00720299687 0.56909132 -0.822268665 0.00307422294 0.00417337799 0.0066269841 0.999969363";
      isRenderEnabled = "false";
