//--- OBJECT WRITE BEGIN ---
$ThisPrefab = new SimGroup() {
   canSave = "1";
   canSaveDynamicFields = "1";
      groupPosition = "0 0 0";

   new TSStatic() {
      shapeName = "/levels/west_coast_usa/art/shapes/objects/constructionbarrier_arrows.dae";
      dynamic = "0";
      playAmbient = "1";
      meshCulling = "0";
      originSort = "0";
      useInstanceRenderData = "1";
      instanceColor = "White";
      instanceColor1 = "White";
      instanceColor2 = "White";
      collisionType = "Collision Mesh";
      decalType = "Collision Mesh";
      prebuildCollisionData = "0";
      renderNormals = "0";
      forceDetail = "-1";
      position = "568.791382 -889.504089 153.887115";
      scale = "1 1 1";
      rotationMatrix = "0.730369925 0.683051765 0.000184409379 -0.683050215 0.730367661 0.00233924296 0.00146313757 -0.00183447357 0.999997258";
      isRenderEnabled = "false";
      canSave = "1";
      canSaveDynamicFields = "1";
      persistentId = "d6d23233-8b2e-45d6-9b9b-3fa8ad3808f6";
   };
   new TSStatic() {
      shapeName = "/levels/west_coast_usa/art/shapes/objects/constructionbarrier_arrows.dae";
      dynamic = "0";
      playAmbient = "1";
      meshCulling = "0";
      originSort = "0";
      useInstanceRenderData = "1";
      instanceColor = "White";
      instanceColor1 = "White";
      instanceColor2 = "White";
      collisionType = "Collision Mesh";
      decalType = "Collision Mesh";
      prebuildCollisionData = "0";
      renderNormals = "0";
      forceDetail = "-1";
      position = "567.437012 -888.002808 153.92334";
      scale = "1 1 1";
      rotationMatrix = "0.731498897 0.681052089 0.0328224525 -0.68181479 0.731055677 0.0261939466 -0.00615559239 -0.0415396765 0.999117911";
      isRenderEnabled = "false";
      canSave = "1";
      canSaveDynamicFields = "1";
      persistentId = "15f563bf-61fa-4fda-82b6-fbc04bd6eb88";
   };
   new TSStatic() {
      shapeName = "/levels/west_coast_usa/art/shapes/objects/constructionbarrier_arrows.dae";
      dynamic = "0";
      playAmbient = "1";
      meshCulling = "0";
      originSort = "0";
      useInstanceRenderData = "1";
      instanceColor = "White";
      instanceColor1 = "White";
      instanceColor2 = "White";
      collisionType = "Collision Mesh";
      decalType = "Collision Mesh";
      prebuildCollisionData = "0";
      renderNormals = "0";
      forceDetail = "-1";
      position = "566.1651 -886.579407 153.967712";
      scale = "1 1 1";
      rotationMatrix = "0.733137369 0.675770938 0.0764413327 -0.679129422 0.733415246 0.0297541674 -0.0359562375 -0.0737274513 0.996630013";
      isRenderEnabled = "false";
      canSave = "1";
      canSaveDynamicFields = "1";
      persistentId = "6d4e4e8e-68ae-4f0a-b543-2f217712e472";
   };
   new TSStatic() {
      shapeName = "/levels/west_coast_usa/art/shapes/objects/constructionbarrier_arrows.dae";
      dynamic = "0";
      playAmbient = "1";
      meshCulling = "0";
      originSort = "0";
      useInstanceRenderData = "1";
      instanceColor = "White";
      instanceColor1 = "White";
      instanceColor2 = "White";
      collisionType = "Collision Mesh";
      decalType = "Collision Mesh";
      prebuildCollisionData = "0";
      renderNormals = "0";
      forceDetail = "-1";
      position = "564.822205 -885.126587 154.064758";
      scale = "1 1 1";
      rotationMatrix = "0.733140469 0.672817826 0.0991020352 -0.679069638 0.732169449 0.0528423861 -0.0370061733 -0.106038071 0.993673205";
      isRenderEnabled = "false";
      canSave = "1";
      canSaveDynamicFields = "1";
      persistentId = "414506f3-5dcd-4ad6-ad1a-ebed947b3bb3";
   };
   new TSStatic() {
      shapeName = "/levels/west_coast_usa/art/shapes/objects/constructionbarrier_arrows.dae";
      dynamic = "0";
      playAmbient = "1";
      meshCulling = "0";
      originSort = "0";
      useInstanceRenderData = "1";
      instanceColor = "White";
      instanceColor1 = "White";
      instanceColor2 = "White";
      collisionType = "Collision Mesh";
      decalType = "Collision Mesh";
      prebuildCollisionData = "0";
      renderNormals = "0";
      forceDetail = "-1";
      position = "563.49292 -883.702637 154.16687";
      scale = "1 1 1";
      rotationMatrix = "0.733208835 0.672159493 0.102987304 -0.679405034 0.730465949 0.0694859028 -0.0285231061 -0.120917767 0.992252648";
      isRenderEnabled = "false";
      canSave = "1";
      canSaveDynamicFields = "1";
      persistentId = "8afc0cbc-998c-45a4-90ca-44314e763dcd";
   };
   new TSStatic() {
      shapeName = "/levels/west_coast_usa/art/shapes/objects/constructionbarrier_arrows.dae";
      dynamic = "0";
      playAmbient = "1";
      meshCulling = "0";
      originSort = "0";
      useInstanceRenderData = "1";
      instanceColor = "White";
      instanceColor1 = "White";
      instanceColor2 = "White";
      collisionType = "Collision Mesh";
      decalType = "Collision Mesh";
      prebuildCollisionData = "0";
      renderNormals = "0";
      forceDetail = "-1";
      position = "562.13147 -882.231873 154.321609";
      scale = "1 1 1";
      rotationMatrix = "0.732788742 0.672178745 0.105812915 -0.680366039 0.726309836 0.0978570804 -0.0110755041 -0.143700078 0.989559293";
      isRenderEnabled = "false";
      canSave = "1";
      canSaveDynamicFields = "1";
      persistentId = "526b46bb-54ed-4314-bf40-f23c9223cd42";
   };
   new TSStatic() {
      shapeName = "/levels/west_coast_usa/art/shapes/objects/constructionbarrier_arrows.dae";
      dynamic = "0";
      playAmbient = "1";
      meshCulling = "0";
      originSort = "0";
      useInstanceRenderData = "1";
      instanceColor = "White";
      instanceColor1 = "White";
      instanceColor2 = "White";
      collisionType = "Collision Mesh";
      decalType = "Collision Mesh";
      prebuildCollisionData = "0";
      renderNormals = "0";
      forceDetail = "-1";
      position = "560.792908 -880.748291 154.535889";
      scale = "1 1 1";
      rotationMatrix = "0.841359854 0.532000303 0.0953377038 -0.540384293 0.824789286 0.166455686 0.00992095843 -0.191568136 0.98142916";
      isRenderEnabled = "false";
      canSave = "1";
      canSaveDynamicFields = "1";
      persistentId = "76c183b8-f472-4a8d-b092-f671310577b3";
   };
   new TSStatic() {
      shapeName = "/levels/west_coast_usa/art/shapes/objects/constructionbarrier_arrows.dae";
      dynamic = "0";
      playAmbient = "1";
      meshCulling = "0";
      originSort = "0";
      useInstanceRenderData = "1";
      instanceColor = "White";
      instanceColor1 = "White";
      instanceColor2 = "White";
      collisionType = "Collision Mesh";
      decalType = "Collision Mesh";
      prebuildCollisionData = "0";
      renderNormals = "0";
      forceDetail = "-1";
      position = "522.524475 -854.093994 164.337418";
      scale = "1 1 1";
      rotationMatrix = "0.43760103 0.894573927 -0.0907904059 -0.884050369 0.446482539 0.138233483 0.164196387 0.0197721608 0.986229479";
      isRenderEnabled = "false";
      canSave = "1";
      canSaveDynamicFields = "1";
      persistentId = "12bf0b6c-abf7-46ba-be83-2d869aa79d66";
   };
   new TSStatic() {
      shapeName = "/levels/west_coast_usa/art/shapes/objects/constructionbarrier_arrows.dae";
      dynamic = "0";
      playAmbient = "1";
      meshCulling = "0";
      originSort = "0";
      useInstanceRenderData = "1";
      instanceColor = "White";
      instanceColor1 = "White";
      instanceColor2 = "White";
      collisionType = "Collision Mesh";
      decalType = "Collision Mesh";
      prebuildCollisionData = "0";
      renderNormals = "0";
      forceDetail = "-1";
      position = "520.843811 -853.266663 164.585281";
      scale = "1 1 1";
      rotationMatrix = "0.444598317 0.887024879 -0.124575578 -0.880810738 0.458222091 0.119184271 0.162802696 0.0567383915 0.985025883";
      isRenderEnabled = "false";
      canSave = "1";
      canSaveDynamicFields = "1";
      persistentId = "cf5a7278-0510-4fe7-a01d-078a0cab80a3";
   };
   new TSStatic() {
      shapeName = "/levels/west_coast_usa/art/shapes/objects/constructionbarrier_arrows.dae";
      dynamic = "0";
      playAmbient = "1";
      meshCulling = "0";
      originSort = "0";
      useInstanceRenderData = "1";
      instanceColor = "White";
      instanceColor1 = "White";
      instanceColor2 = "White";
      collisionType = "Collision Mesh";
      decalType = "Collision Mesh";
      prebuildCollisionData = "0";
      renderNormals = "0";
      forceDetail = "-1";
      position = "519.159912 -852.431763 164.805161";
      scale = "1 1 1";
      rotationMatrix = "0.4353984 0.885556221 -0.161920801 -0.886374593 0.453145921 0.0948617384 0.157379135 0.102219857 0.982233644";
      isRenderEnabled = "false";
      canSave = "1";
      canSaveDynamicFields = "1";
      persistentId = "135a53bb-97f1-428b-a676-5a8d35f88171";
   };
   new TSStatic() {
      shapeName = "/levels/west_coast_usa/art/shapes/objects/constructionbarrier_arrows.dae";
      dynamic = "0";
      playAmbient = "1";
      meshCulling = "0";
      originSort = "0";
      useInstanceRenderData = "1";
      instanceColor = "White";
      instanceColor1 = "White";
      instanceColor2 = "White";
      collisionType = "Collision Mesh";
      decalType = "Collision Mesh";
      prebuildCollisionData = "0";
      renderNormals = "0";
      forceDetail = "-1";
      position = "517.512512 -851.54834 164.958954";
      scale = "1 1 1";
      rotationMatrix = "0.456487775 0.877216637 -0.148694068 -0.880764425 0.46919769 0.0640899688 0.125987679 0.101708159 0.986804187";
      isRenderEnabled = "false";
      canSave = "1";
      canSaveDynamicFields = "1";
      persistentId = "8e9a65ae-5e60-4759-b151-fbf836b6e709";
   };
   new TSStatic() {
      shapeName = "/levels/west_coast_usa/art/shapes/objects/constructionbarrier_arrows.dae";
      dynamic = "0";
      playAmbient = "1";
      meshCulling = "0";
      originSort = "0";
      useInstanceRenderData = "1";
      instanceColor = "White";
      instanceColor1 = "White";
      instanceColor2 = "White";
      collisionType = "Collision Mesh";
      decalType = "Collision Mesh";
      prebuildCollisionData = "0";
      renderNormals = "0";
      forceDetail = "-1";
      position = "515.870178 -850.633789 165.075302";
      scale = "1 1 1";
      rotationMatrix = "0.496614635 0.853313923 -0.158836752 -0.854514837 0.512757599 0.082969673 0.152243942 0.0945244208 0.983812451";
      isRenderEnabled = "false";
      canSave = "1";
      canSaveDynamicFields = "1";
      persistentId = "fec46e1f-49b8-4e6e-a662-94f311ee1d82";
   };
   new TSStatic() {
      shapeName = "/levels/west_coast_usa/art/shapes/objects/constructionbarrier_arrows.dae";
      dynamic = "0";
      playAmbient = "1";
      meshCulling = "0";
      originSort = "0";
      useInstanceRenderData = "1";
      instanceColor = "White";
      instanceColor1 = "White";
      instanceColor2 = "White";
      collisionType = "Collision Mesh";
      decalType = "Collision Mesh";
      prebuildCollisionData = "0";
      renderNormals = "0";
      forceDetail = "-1";
      position = "514.312988 -849.603149 165.306152";
      scale = "1 1 1";
      rotationMatrix = "0.560720742 0.809294462 -0.175027654 -0.799037576 0.584300399 0.141886771 0.21709691 0.0602948442 0.974286139";
      isRenderEnabled = "false";
      canSave = "1";
      canSaveDynamicFields = "1";
      persistentId = "45d77a91-1d2a-494e-97b3-bbc6d11fa79d";
   };
   new TSStatic() {
      shapeName = "/levels/west_coast_usa/art/shapes/objects/constructionbarrier_arrows.dae";
      dynamic = "0";
      playAmbient = "1";
      meshCulling = "0";
      originSort = "0";
      useInstanceRenderData = "1";
      instanceColor = "White";
      instanceColor1 = "White";
      instanceColor2 = "White";
      collisionType = "Collision Mesh";
      decalType = "Collision Mesh";
      prebuildCollisionData = "0";
      renderNormals = "0";
      forceDetail = "-1";
      position = "512.922852 -848.353699 165.592392";
      scale = "1 1 1";
      rotationMatrix = "0.70041132 0.679371059 -0.2188126 -0.66216737 0.73293072 0.156034827 0.266380012 0.0356020331 0.963210344";
      isRenderEnabled = "false";
      canSave = "1";
      canSaveDynamicFields = "1";
      persistentId = "f0cd17e4-055d-41de-8305-07dc9159cc66";
   };
   new TSStatic() {
      shapeName = "/levels/west_coast_usa/art/shapes/objects/constructionbarrier_arrows.dae";
      dynamic = "0";
      playAmbient = "1";
      meshCulling = "0";
      originSort = "0";
      useInstanceRenderData = "1";
      instanceColor = "White";
      instanceColor1 = "White";
      instanceColor2 = "White";
      collisionType = "Collision Mesh";
      decalType = "Collision Mesh";
      prebuildCollisionData = "0";
      renderNormals = "0";
      forceDetail = "-1";
      position = "511.796906 -846.850891 165.873138";
      scale = "1 1 1";
      rotationMatrix = "0.806010962 0.531978667 -0.259509146 -0.512838781 0.846562803 0.142575607 0.295537949 0.0181688704 0.955158234";
      isRenderEnabled = "false";
      canSave = "1";
      canSaveDynamicFields = "1";
      persistentId = "45a8c689-d7b9-483b-a643-644827cc90e1";
   };
   new TSStatic() {
      shapeName = "/levels/west_coast_usa/art/shapes/objects/constructionbarrier_arrows.dae";
      dynamic = "0";
      playAmbient = "1";
      meshCulling = "0";
      originSort = "0";
      useInstanceRenderData = "1";
      instanceColor = "White";
      instanceColor1 = "White";
      instanceColor2 = "White";
      collisionType = "Collision Mesh";
      decalType = "Collision Mesh";
      prebuildCollisionData = "0";
      renderNormals = "0";
      forceDetail = "-1";
      position = "510.9729 -845.176575 166.172409";
      scale = "1 1 1";
      rotationMatrix = "0.869745374 0.40693903 -0.279183835 -0.376066685 0.912848115 0.159003794 0.319557279 -0.0333010629 0.946981609";
      isRenderEnabled = "false";
      canSave = "1";
      canSaveDynamicFields = "1";
      persistentId = "881368b5-3d90-4dea-9a8c-2da1691989f1";
   };
   new TSStatic() {
      shapeName = "/levels/west_coast_usa/art/shapes/objects/constructionbarrier_arrows.dae";
      dynamic = "0";
      playAmbient = "1";
      meshCulling = "0";
      originSort = "0";
      useInstanceRenderData = "1";
      instanceColor = "White";
      instanceColor1 = "White";
      instanceColor2 = "White";
      collisionType = "Collision Mesh";
      decalType = "Collision Mesh";
      prebuildCollisionData = "0";
      renderNormals = "0";
      forceDetail = "-1";
      position = "510.372192 -843.40094 166.47319";
      scale = "1 1 1";
      rotationMatrix = "0.908141255 0.288361758 -0.303524256 -0.254709691 0.955920458 0.146079004 0.332268655 -0.0553497858 0.941559315";
      isRenderEnabled = "false";
      canSave = "1";
      canSaveDynamicFields = "1";
      persistentId = "efe4bee0-0c12-4cd9-a32b-97f3cf24f879";
   };
   new TSStatic() {
      shapeName = "/levels/west_coast_usa/art/shapes/objects/constructionbarrier_arrows.dae";
      dynamic = "0";
      playAmbient = "1";
      meshCulling = "0";
      originSort = "0";
      useInstanceRenderData = "1";
      instanceColor = "White";
      instanceColor1 = "White";
      instanceColor2 = "White";
      collisionType = "Collision Mesh";
      decalType = "Collision Mesh";
      prebuildCollisionData = "0";
      renderNormals = "0";
      forceDetail = "-1";
      position = "510.017761 -841.543518 166.741455";
      scale = "1 1 1";
      rotationMatrix = "0.936060429 0.172356859 -0.306731194 -0.133995607 0.980730891 0.142169118 0.325324565 -0.091978237 0.941118419";
      isRenderEnabled = "false";
      canSave = "1";
      canSaveDynamicFields = "1";
      persistentId = "ef0d834e-060b-4645-b77d-10e6062f09ac";
   };
   new TSStatic() {
      shapeName = "/levels/west_coast_usa/art/shapes/objects/constructionbarrier_arrows.dae";
      dynamic = "0";
      playAmbient = "1";
      meshCulling = "0";
      originSort = "0";
      useInstanceRenderData = "1";
      instanceColor = "White";
      instanceColor1 = "White";
      instanceColor2 = "White";
      collisionType = "Collision Mesh";
      decalType = "Collision Mesh";
      prebuildCollisionData = "0";
      renderNormals = "0";
      forceDetail = "-1";
      position = "795.653137 -777.116882 164.420288";
      scale = "1 1 1";
      rotationMatrix = "-0.820753694 -0.56726712 -0.0676086321 0.569834054 -0.821340561 -0.0262386985 -0.0406453684 -0.0600612201 0.997366846";
      isRenderEnabled = "false";
      canSave = "1";
      canSaveDynamicFields = "1";
      persistentId = "767c456c-acc4-45c5-a3bf-6b1e3bf9ccfe";
   };
   new TSStatic() {
      shapeName = "/levels/west_coast_usa/art/shapes/objects/constructionbarrier_arrows.dae";
      dynamic = "0";
      playAmbient = "1";
      meshCulling = "0";
      originSort = "0";
      useInstanceRenderData = "1";
      instanceColor = "White";
      instanceColor1 = "White";
      instanceColor2 = "White";
      collisionType = "Collision Mesh";
      decalType = "Collision Mesh";
      prebuildCollisionData = "0";
      renderNormals = "0";
      forceDetail = "-1";
      position = "796.705139 -778.63385 164.350418";
      scale = "1 1 1";
      rotationMatrix = "-0.820493102 -0.567033768 -0.0725548565 0.570473671 -0.820334911 -0.0401364118 -0.0367605686 -0.0743222684 0.99655652";
      isRenderEnabled = "false";
      canSave = "1";
      canSaveDynamicFields = "1";
      persistentId = "75c63056-2ae3-4c1e-97c7-9d2c021b478e";
   };
   new TSStatic() {
      shapeName = "/levels/west_coast_usa/art/shapes/objects/constructionbarrier_arrows.dae";
      dynamic = "0";
      playAmbient = "1";
      meshCulling = "0";
      originSort = "0";
      useInstanceRenderData = "1";
      instanceColor = "White";
      instanceColor1 = "White";
      instanceColor2 = "White";
      collisionType = "Collision Mesh";
      decalType = "Collision Mesh";
      prebuildCollisionData = "0";
      renderNormals = "0";
      forceDetail = "-1";
      position = "797.770752 -780.16626 164.256729";
      scale = "1 1 1";
      rotationMatrix = "-0.820215225 -0.566349685 -0.080594033 0.570653617 -0.819901347 -0.0460063964 -0.0400234424 -0.0837264061 0.995684683";
      isRenderEnabled = "false";
      canSave = "1";
      canSaveDynamicFields = "1";
      persistentId = "7e1ee30a-77de-46d5-95a9-3ce2c193ed2c";
   };
   new TSStatic() {
      shapeName = "/levels/west_coast_usa/art/shapes/objects/constructionbarrier_arrows.dae";
      dynamic = "0";
      playAmbient = "1";
      meshCulling = "0";
      originSort = "0";
      useInstanceRenderData = "1";
      instanceColor = "White";
      instanceColor1 = "White";
      instanceColor2 = "White";
      collisionType = "Collision Mesh";
      decalType = "Collision Mesh";
      prebuildCollisionData = "0";
      renderNormals = "0";
      forceDetail = "-1";
      position = "798.718018 -781.799377 164.158142";
      scale = "1 1 1";
      rotationMatrix = "-0.898450494 -0.431852549 -0.079312548 0.436300188 -0.898362875 -0.0508604348 -0.0492872186 -0.0802996457 0.995551467";
      isRenderEnabled = "false";
      canSave = "1";
      canSaveDynamicFields = "1";
      persistentId = "c5e41008-9181-4d35-b40f-9903bd7f445c";
   };
   new TSStatic() {
      shapeName = "/levels/west_coast_usa/art/shapes/objects/constructionbarrier_arrows.dae";
      dynamic = "0";
      playAmbient = "1";
      meshCulling = "0";
      originSort = "0";
      useInstanceRenderData = "1";
      instanceColor = "White";
      instanceColor1 = "White";
      instanceColor2 = "White";
      collisionType = "Collision Mesh";
      decalType = "Collision Mesh";
      prebuildCollisionData = "0";
      renderNormals = "0";
      forceDetail = "-1";
      position = "799.523132 -783.457214 164.034348";
      scale = "1 1 1";
      rotationMatrix = "-0.898348927 -0.431577832 -0.0819120482 0.437280804 -0.896351576 -0.0730698109 -0.0418866873 -0.101460755 0.993957341";
      isRenderEnabled = "false";
      canSave = "1";
      canSaveDynamicFields = "1";
      persistentId = "a486892d-ad04-44f7-afe2-69d338caf04c";
   };
   new TSStatic() {
      shapeName = "/levels/west_coast_usa/art/shapes/objects/constructionbarrier_arrows.dae";
      dynamic = "0";
      playAmbient = "1";
      meshCulling = "0";
      originSort = "0";
      useInstanceRenderData = "1";
      instanceColor = "White";
      instanceColor1 = "White";
      instanceColor2 = "White";
      collisionType = "Collision Mesh";
      decalType = "Collision Mesh";
      prebuildCollisionData = "0";
      renderNormals = "0";
      forceDetail = "-1";
      position = "800.337402 -785.134644 163.906082";
      scale = "1 1 1";
      rotationMatrix = "-0.89787209 -0.430784464 -0.090828903 0.437044442 -0.897020698 -0.0659201592 -0.0530780479 -0.0988841653 0.993682384";
      isRenderEnabled = "false";
      canSave = "1";
      canSaveDynamicFields = "1";
      persistentId = "db1b5577-44e9-4e5f-ba57-8c6c7a629a28";
   };
   new TSStatic() {
      shapeName = "/levels/west_coast_usa/art/shapes/objects/constructionbarrier_arrows.dae";
      dynamic = "0";
      playAmbient = "1";
      meshCulling = "0";
      originSort = "0";
      useInstanceRenderData = "1";
      instanceColor = "White";
      instanceColor1 = "White";
      instanceColor2 = "White";
      collisionType = "Collision Mesh";
      decalType = "Collision Mesh";
      prebuildCollisionData = "0";
      renderNormals = "0";
      forceDetail = "-1";
      position = "801.013611 -786.903931 163.762085";
      scale = "1 1 1";
      rotationMatrix = "-0.960164547 -0.265439749 -0.0873260945 0.273326874 -0.957122087 -0.095968388 -0.0581078976 -0.116014011 0.991546392";
      isRenderEnabled = "false";
      canSave = "1";
      canSaveDynamicFields = "1";
      persistentId = "d94bf546-2033-4340-8ff8-2b2ac5e61c6d";
   };
   new TSStatic() {
      shapeName = "/levels/west_coast_usa/art/shapes/objects/constructionbarrier_arrows.dae";
      dynamic = "0";
      playAmbient = "1";
      meshCulling = "0";
      originSort = "0";
      useInstanceRenderData = "1";
      instanceColor = "White";
      instanceColor1 = "White";
      instanceColor2 = "White";
      collisionType = "Collision Mesh";
      decalType = "Collision Mesh";
      prebuildCollisionData = "0";
      renderNormals = "0";
      forceDetail = "-1";
      position = "801.412476 -788.76355 163.602966";
      scale = "1 1 1";
      rotationMatrix = "-0.984909058 -0.157814741 -0.0710512772 0.162923008 -0.983936429 -0.0729707554 -0.0583940968 -0.0834454671 0.994799972";
      isRenderEnabled = "false";
      canSave = "1";
      canSaveDynamicFields = "1";
      persistentId = "14d06a54-fb01-49ad-bde6-1da7237eb756";
   };
   new TSStatic() {
      shapeName = "/levels/west_coast_usa/art/shapes/objects/constructionbarrier_arrows.dae";
      dynamic = "0";
      playAmbient = "1";
      meshCulling = "0";
      originSort = "0";
      useInstanceRenderData = "1";
      instanceColor = "White";
      instanceColor1 = "White";
      instanceColor2 = "White";
      collisionType = "Collision Mesh";
      decalType = "Collision Mesh";
      prebuildCollisionData = "0";
      renderNormals = "0";
      forceDetail = "-1";
      position = "801.698425 -790.688843 163.433762";
      scale = "1 1 1";
      rotationMatrix = "-0.990792394 -0.111693233 -0.0765150934 0.117848396 -0.989697576 -0.0813011006 -0.0666460395 -0.0895697102 0.993748248";
      isRenderEnabled = "false";
      canSave = "1";
      canSaveDynamicFields = "1";
      persistentId = "60ac284d-68b5-4eb3-be18-046eaa9b22d4";
   };
   new TSStatic() {
      shapeName = "/levels/west_coast_usa/art/shapes/objects/constructionbarrier_arrows.dae";
      dynamic = "0";
      playAmbient = "1";
      meshCulling = "0";
      originSort = "0";
      useInstanceRenderData = "1";
      instanceColor = "White";
      instanceColor1 = "White";
      instanceColor2 = "White";
      collisionType = "Collision Mesh";
      decalType = "Collision Mesh";
      prebuildCollisionData = "0";
      renderNormals = "0";
      forceDetail = "-1";
      position = "801.846558 -792.573181 163.273132";
      scale = "1 1 1";
      rotationMatrix = "-0.996814847 -0.0288247671 -0.0743589327 0.0337374248 -0.997270226 -0.0656798407 -0.0722627416 -0.0679793134 0.995066285";
      isRenderEnabled = "false";
      canSave = "1";
      canSaveDynamicFields = "1";
      persistentId = "edfa136f-1f92-4e0f-91ed-42b76eb3af75";
   };
   new TSStatic() {
      shapeName = "/levels/west_coast_usa/art/shapes/objects/constructionbarrier_arrows.dae";
      dynamic = "0";
      playAmbient = "1";
      meshCulling = "0";
      originSort = "0";
      useInstanceRenderData = "1";
      instanceColor = "White";
      instanceColor1 = "White";
      instanceColor2 = "White";
      collisionType = "Collision Mesh";
      decalType = "Collision Mesh";
      prebuildCollisionData = "0";
      renderNormals = "0";
      forceDetail = "-1";
      position = "794.594971 -775.591675 164.483841";
      scale = "1 1 1";
      rotationMatrix = "-0.820927858 -0.567398429 -0.0643115416 0.570251107 -0.820476294 -0.0403980017 -0.0298443362 -0.0698375851 0.997111857";
      isRenderEnabled = "false";
      canSave = "1";
      canSaveDynamicFields = "1";
      persistentId = "dd194e37-5b2d-4b54-8ed7-aff0e89bfa3b";
   };
   new TSStatic() {
      shapeName = "/levels/west_coast_usa/art/shapes/objects/constructionbarrier_arrows.dae";
      dynamic = "0";
      playAmbient = "1";
      meshCulling = "0";
      originSort = "0";
      useInstanceRenderData = "1";
      instanceColor = "White";
      instanceColor1 = "White";
      instanceColor2 = "White";
      collisionType = "Collision Mesh";
      decalType = "Collision Mesh";
      prebuildCollisionData = "0";
      renderNormals = "0";
      forceDetail = "-1";
      position = "793.536011 -774.063965 164.542694";
      scale = "1 1 1";
      rotationMatrix = "-0.821047306 -0.567328393 -0.0634023026 0.570074141 -0.820670605 -0.0389275439 -0.0299477 -0.0681053624 0.997228563";
      isRenderEnabled = "false";
      canSave = "1";
      canSaveDynamicFields = "1";
      persistentId = "217e4d13-5409-460f-af6c-1bb1274165df";
   };
   new TSStatic() {
      shapeName = "/levels/west_coast_usa/art/shapes/objects/arrowboard_L.dae";
      dynamic = "0";
      playAmbient = "1";
      meshCulling = "0";
      originSort = "0";
      useInstanceRenderData = "1";
      instanceColor = "White";
      instanceColor1 = "White";
      instanceColor2 = "White";
      collisionType = "Collision Mesh";
      decalType = "Collision Mesh";
      prebuildCollisionData = "0";
      renderNormals = "0";
      forceDetail = "-1";
      position = "676.143677 -820.875732 158.525131";
      scale = "1 1 1";
      rotationMatrix = "0.979543924 -0.200959042 -0.0104498295 0.200243875 0.978561938 -0.0481552444 0.0199030377 0.0450776629 0.998785198";
      isRenderEnabled = "false";
      canSave = "1";
      canSaveDynamicFields = "1";
      persistentId = "5b7d2cb6-c6b7-4e7e-88d0-57d564c6a5ad";
   };
   new TSStatic() {
      shapeName = "/levels/west_coast_usa/art/shapes/objects/arrowboard_L.dae";
      dynamic = "0";
      playAmbient = "1";
      meshCulling = "0";
      originSort = "0";
      useInstanceRenderData = "1";
      instanceColor = "White";
      instanceColor1 = "White";
      instanceColor2 = "White";
      collisionType = "Collision Mesh";
      decalType = "Collision Mesh";
      prebuildCollisionData = "0";
      renderNormals = "0";
      forceDetail = "-1";
      position = "571.764038 -848.425781 154.689636";
      scale = "1 1 1";
      rotationMatrix = "0.279406488 -0.958917081 0.0490882695 0.959840119 0.277598858 -0.0405644998 0.0252711624 0.0584508777 0.997970343";
      isRenderEnabled = "false";
      canSave = "1";
      canSaveDynamicFields = "1";
      persistentId = "be80b167-4f2e-4bef-b0a8-5c7cffafb88a";
   };
   new TSStatic() {
      shapeName = "/levels/west_coast_usa/art/shapes/objects/arrowboard_R.dae";
      dynamic = "0";
      playAmbient = "1";
      meshCulling = "0";
      originSort = "0";
      useInstanceRenderData = "1";
      instanceColor = "White";
      instanceColor1 = "White";
      instanceColor2 = "White";
      collisionType = "Collision Mesh";
      decalType = "Collision Mesh";
      prebuildCollisionData = "0";
      renderNormals = "0";
      forceDetail = "-1";
      position = "557.850586 -887.045959 153.583313";
      scale = "1 1 1";
      rotationMatrix = "0.741977692 0.660179377 0.116757154 -0.668810606 0.740957022 0.060621731 -0.0464908071 -0.1230684 0.99130863";
      isRenderEnabled = "false";
      canSave = "1";
      canSaveDynamicFields = "1";
      persistentId = "4010f556-a0cf-4da7-893a-439c20993dfd";
   };
   new TSStatic() {
      shapeName = "/levels/west_coast_usa/art/shapes/objects/arrowboard_R.dae";
      dynamic = "0";
      playAmbient = "1";
      meshCulling = "0";
      originSort = "0";
      useInstanceRenderData = "1";
      instanceColor = "White";
      instanceColor1 = "White";
      instanceColor2 = "White";
      collisionType = "Collision Mesh";
      decalType = "Collision Mesh";
      prebuildCollisionData = "0";
      renderNormals = "0";
      forceDetail = "-1";
      position = "561.251465 -890.835205 153.447174";
      scale = "1 1 1";
      rotationMatrix = "0.74069488 0.662072241 0.114155397 -0.66503197 0.746656656 -0.0153728854 -0.0954128355 -0.0645303726 0.993343949";
      isRenderEnabled = "false";
      canSave = "1";
      canSaveDynamicFields = "1";
      persistentId = "b97e6507-ff6f-4efc-ba06-169d05632bc6";
   };
   new TSStatic() {
      shapeName = "/levels/west_coast_usa/art/shapes/objects/arrowboard_R.dae";
      dynamic = "0";
      playAmbient = "1";
      meshCulling = "0";
      originSort = "0";
      useInstanceRenderData = "1";
      instanceColor = "White";
      instanceColor1 = "White";
      instanceColor2 = "White";
      collisionType = "Collision Mesh";
      decalType = "Collision Mesh";
      prebuildCollisionData = "0";
      renderNormals = "0";
      forceDetail = "-1";
      position = "809.661438 -781.883423 164.832657";
      scale = "1 1 1";
      rotationMatrix = "-0.925540686 0.376857579 -0.0367718264 -0.372534692 -0.923674583 -0.0896806046 -0.0677620322 -0.0693042949 0.995291531";
      isRenderEnabled = "false";
      canSave = "1";
      canSaveDynamicFields = "1";
      persistentId = "ca415cae-b206-463a-a1b4-a61237959f35";
   };
   new TSStatic() {
      shapeName = "/levels/west_coast_usa/art/shapes/objects/constructionbarrier_arrows.dae";
      dynamic = "0";
      playAmbient = "1";
      meshCulling = "0";
      originSort = "0";
      useInstanceRenderData = "1";
      instanceColor = "White";
      instanceColor1 = "White";
      instanceColor2 = "White";
      collisionType = "Collision Mesh";
      decalType = "Collision Mesh";
      prebuildCollisionData = "0";
      renderNormals = "0";
      forceDetail = "-1";
      position = "792.464539 -772.521423 164.615845";
      scale = "1 1 1";
      rotationMatrix = "-0.821047306 -0.567328393 -0.0634023026 0.570074141 -0.820670605 -0.0389275439 -0.0299477 -0.0681053624 0.997228563";
      isRenderEnabled = "false";
      canSave = "1";
      canSaveDynamicFields = "1";
      persistentId = "d9452def-f28d-4d57-917c-f360a52ee179";
   };
   new TSStatic() {
      shapeName = "/levels/west_coast_usa/art/shapes/objects/constructionbarrier_arrows.dae";
      dynamic = "0";
      playAmbient = "1";
      meshCulling = "0";
      originSort = "0";
      useInstanceRenderData = "1";
      instanceColor = "White";
      instanceColor1 = "White";
      instanceColor2 = "White";
      collisionType = "Collision Mesh";
      decalType = "Collision Mesh";
      prebuildCollisionData = "0";
      renderNormals = "0";
      forceDetail = "-1";
      position = "509.774414 -839.647156 167.070984";
      scale = "1 1 1";
      rotationMatrix = "0.935609996 0.174425125 -0.306936085 -0.117247052 0.97359401 0.19587703 0.332997024 -0.147277161 0.931355119";
      isRenderEnabled = "false";
      canSave = "1";
      canSaveDynamicFields = "1";
      persistentId = "8da46d96-552e-4c1a-8d43-c64517809161";
   };
};
//--- OBJECT WRITE END ---







