//--- OBJECT WRITE BEGIN ---
$ThisPrefab = new SimGroup() {
   canSave = "1";
   canSaveDynamicFields = "1";
      groupPosition = "0 0 0";

   new TSStatic() {
      shapeName = "/art/shapes/race/s_concrete_race_barrier.dae";
      dynamic = "0";
      playAmbient = "1";
      meshCulling = "0";
      originSort = "0";
      useInstanceRenderData = "1";
      instanceColor = "White";
      instanceColor1 = "White";
      instanceColor2 = "White";
      collisionType = "Collision Mesh";
      decalType = "Collision Mesh";
      prebuildCollisionData = "0";
      renderNormals = "0";
      forceDetail = "-1";
      position = "696.140564 -778.864624 171.44223";
      scale = "1 1 1";
      rotationMatrix = "-0.118594646 -0.992461681 0.0309039075 0.981771469 -0.121859089 -0.145859256 0.148525655 0.0130424509 0.98882252";
      isRenderEnabled = "false";
      canSave = "1";
      canSaveDynamicFields = "1";
      persistentId = "0221d06a-678f-4465-976f-3527dc57bf5e";
   };
   new TSStatic() {
      shapeName = "/art/shapes/race/s_concrete_race_barrier.dae";
      dynamic = "0";
      playAmbient = "1";
      meshCulling = "0";
      originSort = "0";
      useInstanceRenderData = "1";
      instanceColor = "White";
      instanceColor1 = "White";
      instanceColor2 = "White";
      collisionType = "Collision Mesh";
      decalType = "Collision Mesh";
      prebuildCollisionData = "0";
      renderNormals = "0";
      forceDetail = "-1";
      position = "696.626953 -774.940735 171.330551";
      scale = "1 1 1";
      rotationMatrix = "-0.118333764 -0.992437899 0.0326183029 0.981769562 -0.121856168 -0.145875037 0.148746684 0.0147617143 0.988765061";
      isRenderEnabled = "false";
      canSave = "1";
      canSaveDynamicFields = "1";
      persistentId = "b1cf4190-800f-4f8c-9d93-4f86e1818a62";
   };
   new TSStatic() {
      shapeName = "/art/shapes/race/s_concrete_race_barrier.dae";
      dynamic = "0";
      playAmbient = "1";
      meshCulling = "0";
      originSort = "0";
      useInstanceRenderData = "1";
      instanceColor = "White";
      instanceColor1 = "White";
      instanceColor2 = "White";
      collisionType = "Collision Mesh";
      decalType = "Collision Mesh";
      prebuildCollisionData = "0";
      renderNormals = "0";
      forceDetail = "-1";
      position = "710.317261 -790.112427 169.365906";
      scale = "1 1 1";
      rotationMatrix = "-0.990054071 -0.0346623361 0.136349812 0.0499909222 -0.992600679 0.110655516 0.131505355 0.116371214 0.984461308";
      isRenderEnabled = "false";
      canSave = "1";
      canSaveDynamicFields = "1";
      persistentId = "9e7f5ce4-e7f2-4edb-af70-838b4df4e12b";
   };
   new TSStatic() {
      shapeName = "/art/shapes/race/s_concrete_race_barrier.dae";
      dynamic = "0";
      playAmbient = "1";
      meshCulling = "0";
      originSort = "0";
      useInstanceRenderData = "1";
      instanceColor = "White";
      instanceColor1 = "White";
      instanceColor2 = "White";
      collisionType = "Collision Mesh";
      decalType = "Collision Mesh";
      prebuildCollisionData = "0";
      renderNormals = "0";
      forceDetail = "-1";
      position = "716.826233 -790.112427 168.544998";
      scale = "1 1 1";
      rotationMatrix = "-0.993238807 -0.00162591413 0.116076134 0.0128165521 -0.995324969 0.0957266986 0.115377851 0.0965671837 0.988616586";
      isRenderEnabled = "false";
      canSave = "1";
      canSaveDynamicFields = "1";
      persistentId = "e799df99-a05d-43aa-94bb-8ab43c3c7f1f";
   };
   new TSStatic() {
      shapeName = "/art/shapes/race/s_concrete_race_barrier.dae";
      dynamic = "0";
      playAmbient = "1";
      meshCulling = "0";
      originSort = "0";
      useInstanceRenderData = "1";
      instanceColor = "White";
      instanceColor1 = "White";
      instanceColor2 = "White";
      collisionType = "Collision Mesh";
      decalType = "Collision Mesh";
      prebuildCollisionData = "0";
      renderNormals = "0";
      forceDetail = "-1";
      position = "722.283081 -790.112427 167.897949";
      scale = "1 1 1";
      rotationMatrix = "-0.993133187 -0.034667369 0.111734584 0.0471004508 -0.992744863 0.110629648 0.107088707 0.115132727 0.987560749";
      isRenderEnabled = "false";
      canSave = "1";
      canSaveDynamicFields = "1";
      persistentId = "95356f71-0bf1-49e7-b7da-79a7421590dc";
   };
   new TSStatic() {
      shapeName = "/art/shapes/race/s_concrete_race_barrier.dae";
      dynamic = "0";
      playAmbient = "1";
      meshCulling = "0";
      originSort = "0";
      useInstanceRenderData = "1";
      instanceColor = "White";
      instanceColor1 = "White";
      instanceColor2 = "White";
      collisionType = "Collision Mesh";
      decalType = "Collision Mesh";
      prebuildCollisionData = "0";
      renderNormals = "0";
      forceDetail = "-1";
      position = "727.603088 -790.112427 167.304306";
      scale = "1 1 1";
      rotationMatrix = "-0.994670868 0.00156445894 0.103090867 0.0105887083 -0.993047833 0.117235027 0.10255757 0.117701851 0.987738967";
      isRenderEnabled = "false";
      canSave = "1";
      canSaveDynamicFields = "1";
      persistentId = "350b85fb-dbe9-4c3c-bdc2-2575dbe73574";
   };
   new TSStatic() {
      shapeName = "/art/shapes/race/s_concrete_race_barrier.dae";
      dynamic = "0";
      playAmbient = "1";
      meshCulling = "0";
      originSort = "0";
      useInstanceRenderData = "1";
      instanceColor = "White";
      instanceColor1 = "White";
      instanceColor2 = "White";
      collisionType = "Collision Mesh";
      decalType = "Collision Mesh";
      prebuildCollisionData = "0";
      renderNormals = "0";
      forceDetail = "-1";
      position = "732.812317 -790.112427 166.755814";
      scale = "1 1 1";
      rotationMatrix = "-0.995167851 -0.0155321993 0.0969486013 0.0253878608 -0.99453485 0.10126885 0.0948458537 0.103240855 0.990124047";
      isRenderEnabled = "false";
      canSave = "1";
      canSaveDynamicFields = "1";
      persistentId = "cb4a0a57-4323-4abf-8635-41a558667414";
   };
   new TSStatic() {
      shapeName = "/art/shapes/race/s_concrete_race_barrier.dae";
      dynamic = "0";
      playAmbient = "1";
      meshCulling = "0";
      originSort = "0";
      useInstanceRenderData = "1";
      instanceColor = "White";
      instanceColor1 = "White";
      instanceColor2 = "White";
      collisionType = "Collision Mesh";
      decalType = "Collision Mesh";
      prebuildCollisionData = "0";
      renderNormals = "0";
      forceDetail = "-1";
      position = "736.782593 -790.112427 166.361343";
      scale = "1 1 1";
      rotationMatrix = "-0.994011879 -0.0347605236 0.103595063 0.0436809659 -0.995412469 0.0851231962 0.100160897 0.0891386122 0.990970254";
      isRenderEnabled = "false";
      canSave = "1";
      canSaveDynamicFields = "1";
      persistentId = "522ed0e0-ba0f-4474-97e9-e08612ae7115";
   };
   new TSStatic() {
      shapeName = "/art/shapes/race/s_concrete_race_barrier.dae";
      dynamic = "0";
      playAmbient = "1";
      meshCulling = "0";
      originSort = "0";
      useInstanceRenderData = "1";
      instanceColor = "White";
      instanceColor1 = "White";
      instanceColor2 = "White";
      collisionType = "Collision Mesh";
      decalType = "Collision Mesh";
      prebuildCollisionData = "0";
      renderNormals = "0";
      forceDetail = "-1";
      position = "741.123779 -790.112427 165.961807";
      scale = "1 1 1";
      rotationMatrix = "-0.995294452 0.0137990406 0.0959060416 -0.00679996517 -0.997313857 0.0729256198 0.0966547653 0.0719303265 0.992715418";
      isRenderEnabled = "false";
      canSave = "1";
      canSaveDynamicFields = "1";
      persistentId = "0858e65a-fcb3-48a3-95cc-eb267ad3ea6b";
   };
   new TSStatic() {
      shapeName = "/art/shapes/race/s_concrete_race_barrier.dae";
      dynamic = "0";
      playAmbient = "1";
      meshCulling = "0";
      originSort = "0";
      useInstanceRenderData = "1";
      instanceColor = "White";
      instanceColor1 = "White";
      instanceColor2 = "White";
      collisionType = "Collision Mesh";
      decalType = "Collision Mesh";
      prebuildCollisionData = "0";
      renderNormals = "0";
      forceDetail = "-1";
      position = "744.665161 -790.112427 165.665115";
      scale = "1 1 1";
      rotationMatrix = "-0.993854284 -0.0348935686 0.105052032 0.0366251357 -0.999222398 0.0145985903 0.104460955 0.0183564201 0.994359493";
      isRenderEnabled = "false";
      canSave = "1";
      canSaveDynamicFields = "1";
      persistentId = "b71676c9-fa1b-4228-af28-786e936d7c26";
   };
   new TSStatic() {
      shapeName = "/art/shapes/race/s_concrete_race_barrier.dae";
      dynamic = "0";
      playAmbient = "1";
      meshCulling = "0";
      originSort = "0";
      useInstanceRenderData = "1";
      instanceColor = "White";
      instanceColor1 = "White";
      instanceColor2 = "White";
      collisionType = "Collision Mesh";
      decalType = "Collision Mesh";
      prebuildCollisionData = "0";
      renderNormals = "0";
      forceDetail = "-1";
      position = "748.072754 -790.112427 165.321503";
      scale = "1 1 1";
      rotationMatrix = "-0.993056893 0.0288091376 0.114054404 -0.0340510905 -0.998438835 -0.0442815609 0.112600602 -0.04785778 0.992487133";
      isRenderEnabled = "false";
      canSave = "1";
      canSaveDynamicFields = "1";
      persistentId = "2b038db4-6019-470d-bb01-2a316ceaecf9";
   };
   new TSStatic() {
      shapeName = "/art/shapes/race/s_concrete_race_barrier.dae";
      dynamic = "0";
      playAmbient = "1";
      meshCulling = "0";
      originSort = "0";
      useInstanceRenderData = "1";
      instanceColor = "White";
      instanceColor1 = "White";
      instanceColor2 = "White";
      collisionType = "Collision Mesh";
      decalType = "Collision Mesh";
      prebuildCollisionData = "0";
      renderNormals = "0";
      forceDetail = "-1";
      position = "541.018982 -861.935608 159.950806";
      scale = "1 1 1";
      rotationMatrix = "-0.99658668 -0.0784650072 0.0256459303 0.0623628832 -0.919175982 -0.388877809 0.0540864356 -0.385951161 0.920932293";
      isRenderEnabled = "false";
      canSave = "1";
      canSaveDynamicFields = "1";
      persistentId = "6055cc8d-b558-45c9-bdd1-c3040581e71e";
   };
   new TSStatic() {
      shapeName = "/art/shapes/race/s_concrete_race_barrier.dae";
      dynamic = "0";
      playAmbient = "1";
      meshCulling = "0";
      originSort = "0";
      useInstanceRenderData = "1";
      instanceColor = "White";
      instanceColor1 = "White";
      instanceColor2 = "White";
      collisionType = "Collision Mesh";
      decalType = "Collision Mesh";
      prebuildCollisionData = "0";
      renderNormals = "0";
      forceDetail = "-1";
      position = "545.279419 -861.935608 159.67244";
      scale = "1 1 1";
      rotationMatrix = "-0.99143064 0.086090751 0.0982511193 -0.114031769 -0.937281013 -0.32939437 0.063731119 -0.337775499 0.939066589";
      isRenderEnabled = "false";
      canSave = "1";
      canSaveDynamicFields = "1";
      persistentId = "d01e2263-3a96-4421-9bba-9659c9bc2f7a";
   };
   new TSStatic() {
      shapeName = "/art/shapes/race/s_concrete_race_barrier.dae";
      dynamic = "0";
      playAmbient = "1";
      meshCulling = "0";
      originSort = "0";
      useInstanceRenderData = "1";
      instanceColor = "White";
      instanceColor1 = "White";
      instanceColor2 = "White";
      collisionType = "Collision Mesh";
      decalType = "Collision Mesh";
      prebuildCollisionData = "0";
      renderNormals = "0";
      forceDetail = "-1";
      position = "549.165283 -861.935608 159.340164";
      scale = "1 1 1";
      rotationMatrix = "-0.986328721 -0.0739110336 0.147283465 0.0158529487 -0.932185411 -0.361633152 0.164024204 -0.354354352 0.920613408";
      isRenderEnabled = "false";
      canSave = "1";
      canSaveDynamicFields = "1";
      persistentId = "f7b5dd83-3101-4fc8-9017-6b58fe54faf4";
   };
   new TSStatic() {
      shapeName = "/art/shapes/race/s_concrete_race_barrier.dae";
      dynamic = "0";
      playAmbient = "1";
      meshCulling = "0";
      originSort = "0";
      useInstanceRenderData = "1";
      instanceColor = "White";
      instanceColor1 = "White";
      instanceColor2 = "White";
      collisionType = "Collision Mesh";
      decalType = "Collision Mesh";
      prebuildCollisionData = "0";
      renderNormals = "0";
      forceDetail = "-1";
      position = "552.844055 -861.99939 158.475861";
      scale = "1 1 1";
      rotationMatrix = "-0.959779978 0.125202358 0.251290441 -0.166918039 -0.974158168 -0.152165338 0.225745171 -0.187990144 0.955875933";
      isRenderEnabled = "false";
      canSave = "1";
      canSaveDynamicFields = "1";
      persistentId = "37b0691a-2f48-439e-bcf3-591eada56387";
   };
   new TSStatic() {
      shapeName = "/art/shapes/race/s_concrete_race_barrier.dae";
      dynamic = "0";
      playAmbient = "1";
      meshCulling = "0";
      originSort = "0";
      useInstanceRenderData = "1";
      instanceColor = "White";
      instanceColor1 = "White";
      instanceColor2 = "White";
      collisionType = "Collision Mesh";
      decalType = "Collision Mesh";
      prebuildCollisionData = "0";
      renderNormals = "0";
      forceDetail = "-1";
      position = "573.704651 -857.288208 155.218033";
      scale = "1 1 1";
      rotationMatrix = "-0.984911442 -0.128549129 0.115862414 0.141651928 -0.983444333 0.113010548 0.0994168669 0.12771754 0.986815333";
      isRenderEnabled = "false";
      canSave = "1";
      canSaveDynamicFields = "1";
      persistentId = "dccd9cea-3cdb-45fc-a237-ad3a1af6228b";
   };
   new TSStatic() {
      shapeName = "/art/shapes/race/s_concrete_race_barrier.dae";
      dynamic = "0";
      playAmbient = "1";
      meshCulling = "0";
      originSort = "0";
      useInstanceRenderData = "1";
      instanceColor = "White";
      instanceColor1 = "White";
      instanceColor2 = "White";
      collisionType = "Collision Mesh";
      decalType = "Collision Mesh";
      prebuildCollisionData = "0";
      renderNormals = "0";
      forceDetail = "-1";
      position = "635.006348 -848.236694 155.559464";
      scale = "1 1 1";
      rotationMatrix = "0.858699322 0.490084648 0.149841547 -0.497653723 0.867238164 0.0154483356 -0.122377306 -0.0878347009 0.988589346";
      isRenderEnabled = "false";
      canSave = "1";
      canSaveDynamicFields = "1";
      persistentId = "b5450717-cf4c-492f-82ea-c9660d74add6";
   };
   new TSStatic() {
      shapeName = "/art/shapes/race/s_concrete_race_barrier.dae";
      dynamic = "0";
      playAmbient = "1";
      meshCulling = "0";
      originSort = "0";
      useInstanceRenderData = "1";
      instanceColor = "White";
      instanceColor1 = "White";
      instanceColor2 = "White";
      collisionType = "Collision Mesh";
      decalType = "Collision Mesh";
      prebuildCollisionData = "0";
      renderNormals = "0";
      forceDetail = "-1";
      position = "637.942261 -846.640198 155.985596";
      scale = "1 1 1";
      rotationMatrix = "0.877474427 0.473590881 0.0758306235 -0.475630194 0.879583538 0.0104259886 -0.0617617108 -0.0452158749 0.9970662";
      isRenderEnabled = "false";
      canSave = "1";
      canSaveDynamicFields = "1";
      persistentId = "0ceb6cf4-68f2-42c8-91c5-eff979ee84c1";
   };
   new TSStatic() {
      shapeName = "/art/shapes/race/s_concrete_race_barrier.dae";
      dynamic = "0";
      playAmbient = "1";
      meshCulling = "0";
      originSort = "0";
      useInstanceRenderData = "1";
      instanceColor = "White";
      instanceColor1 = "White";
      instanceColor2 = "White";
      collisionType = "Collision Mesh";
      decalType = "Collision Mesh";
      prebuildCollisionData = "0";
      renderNormals = "0";
      forceDetail = "-1";
      position = "678.59906 -825.147461 158.533844";
      scale = "1 1 1";
      rotationMatrix = "0.216202378 0.976345003 0.00260459073 -0.975738108 0.215972126 0.0359295383 0.0345171094 -0.0103094457 0.999350905";
      isRenderEnabled = "false";
      canSave = "1";
      canSaveDynamicFields = "1";
      persistentId = "05d81746-ab4e-4728-8f99-87168baeac5e";
   };
   new TSStatic() {
      shapeName = "/art/shapes/race/s_concrete_race_barrier.dae";
      dynamic = "0";
      playAmbient = "1";
      meshCulling = "0";
      originSort = "0";
      useInstanceRenderData = "1";
      instanceColor = "White";
      instanceColor1 = "White";
      instanceColor2 = "White";
      collisionType = "Collision Mesh";
      decalType = "Collision Mesh";
      prebuildCollisionData = "0";
      renderNormals = "0";
      forceDetail = "-1";
      position = "679.371521 -822.074829 158.427948";
      scale = "1 1 1";
      rotationMatrix = "0.351523817 0.93527931 -0.0410281196 -0.936048687 0.351867855 0.00125073455 0.0156062562 0.0379646644 0.99915719";
      isRenderEnabled = "false";
      canSave = "1";
      canSaveDynamicFields = "1";
      persistentId = "d7791859-fdcb-4aef-9bd2-d234e001b2d2";
   };
   new TSStatic() {
      shapeName = "/art/shapes/race/s_concrete_race_barrier.dae";
      dynamic = "0";
      playAmbient = "1";
      meshCulling = "0";
      originSort = "0";
      useInstanceRenderData = "1";
      instanceColor = "White";
      instanceColor1 = "White";
      instanceColor2 = "White";
      collisionType = "Collision Mesh";
      decalType = "Collision Mesh";
      prebuildCollisionData = "0";
      renderNormals = "0";
      forceDetail = "-1";
      position = "680.455627 -819.116699 158.301392";
      scale = "1 1 1";
      rotationMatrix = "0.343582094 0.938238263 -0.0407475233 -0.939098001 0.343564332 -0.00765857659 0.00681382604 0.0408972651 0.999140143";
      isRenderEnabled = "false";
      canSave = "1";
      canSaveDynamicFields = "1";
      persistentId = "d8f7f8e1-5765-4d15-abea-9bce01349c53";
   };
   new TSStatic() {
      shapeName = "/art/shapes/race/s_concrete_race_barrier.dae";
      dynamic = "0";
      playAmbient = "1";
      meshCulling = "0";
      originSort = "0";
      useInstanceRenderData = "1";
      instanceColor = "White";
      instanceColor1 = "White";
      instanceColor2 = "White";
      collisionType = "Collision Mesh";
      decalType = "Collision Mesh";
      prebuildCollisionData = "0";
      renderNormals = "0";
      forceDetail = "-1";
      position = "681.627075 -816.189148 158.191132";
      scale = "1 1 1";
      rotationMatrix = "0.365363002 0.930489302 -0.0264434572 -0.930862904 0.365154564 -0.012495067 -0.00197058357 0.0291804709 0.999572217";
      isRenderEnabled = "false";
      canSave = "1";
      canSaveDynamicFields = "1";
      persistentId = "995e0e83-8cc7-449f-a8cd-dca478dceb6b";
   };
   new TSStatic() {
      shapeName = "/art/shapes/race/s_concrete_race_barrier.dae";
      dynamic = "0";
      playAmbient = "1";
      meshCulling = "0";
      originSort = "0";
      useInstanceRenderData = "1";
      instanceColor = "White";
      instanceColor1 = "White";
      instanceColor2 = "White";
      collisionType = "Collision Mesh";
      decalType = "Collision Mesh";
      prebuildCollisionData = "0";
      renderNormals = "0";
      forceDetail = "-1";
      position = "640.735229 -845.098083 156.200409";
      scale = "1 1 1";
      rotationMatrix = "0.854856312 0.514809072 0.06474749 -0.515624106 0.856801927 -0.00470902864 -0.0579000264 -0.0293598287 0.997890592";
      isRenderEnabled = "false";
      canSave = "1";
      canSaveDynamicFields = "1";
      persistentId = "78000d10-4f01-40cb-b3cc-b82982ef6307";
   };
};
//--- OBJECT WRITE END ---









