//--- OBJECT WRITE BEGIN ---
$ThisPrefab = new SimGroup() {
   canSave = "1";
   canSaveDynamicFields = "1";
      groupPosition = "0 0 0";

   new TSStatic() {
      shapeName = "/levels/west_coast_usa/art/shapes/objects/constructionbarrier_arrows.dae";
      dynamic = "0";
      playAmbient = "1";
      meshCulling = "0";
      originSort = "0";
      useInstanceRenderData = "1";
      instanceColor = "White";
      instanceColor1 = "White";
      instanceColor2 = "White";
      collisionType = "Collision Mesh";
      decalType = "Collision Mesh";
      prebuildCollisionData = "0";
      renderNormals = "0";
      forceDetail = "-1";
      position = "793.665466 -774.11438 164.555115";
      scale = "1 1 1";
      rotationMatrix = "0.805111468 0.589683235 0.0637909546 -0.591519177 0.80618155 0.0132803712 -0.043595884 -0.0484257489 0.997874916";
      isRenderEnabled = "false";
      canSave = "1";
      canSaveDynamicFields = "1";
      persistentId = "2ed7519a-d3fc-4c1c-a689-ad1a250531a7";
   };
   new TSStatic() {
      shapeName = "/levels/west_coast_usa/art/shapes/objects/constructionbarrier_arrows.dae";
      dynamic = "0";
      playAmbient = "1";
      meshCulling = "0";
      originSort = "0";
      useInstanceRenderData = "1";
      instanceColor = "White";
      instanceColor1 = "White";
      instanceColor2 = "White";
      collisionType = "Collision Mesh";
      decalType = "Collision Mesh";
      prebuildCollisionData = "0";
      renderNormals = "0";
      forceDetail = "-1";
      position = "794.731689 -775.671021 164.491821";
      scale = "1 1 1";
      rotationMatrix = "0.84074074 0.539208114 0.0490871035 -0.540817201 0.840658367 0.0284644868 -0.0259171985 -0.0504784063 0.998388827";
      isRenderEnabled = "false";
      canSave = "1";
      canSaveDynamicFields = "1";
      persistentId = "27ac0871-fdb9-4cab-913e-fbabad8ddb33";
   };
   new TSStatic() {
      shapeName = "/levels/west_coast_usa/art/shapes/objects/constructionbarrier_arrows.dae";
      dynamic = "0";
      playAmbient = "1";
      meshCulling = "0";
      originSort = "0";
      useInstanceRenderData = "1";
      instanceColor = "White";
      instanceColor1 = "White";
      instanceColor2 = "White";
      collisionType = "Collision Mesh";
      decalType = "Collision Mesh";
      prebuildCollisionData = "0";
      renderNormals = "0";
      forceDetail = "-1";
      position = "801.735168 -792.65802 163.28389";
      scale = "1 1 1";
      rotationMatrix = "0.995912552 0.00314432359 0.0902677551 -0.00930549763 0.997647703 0.067915 -0.0898418799 -0.0684773847 0.993599176";
      isRenderEnabled = "false";
      canSave = "1";
      canSaveDynamicFields = "1";
      persistentId = "76baca71-b17c-4506-afb5-9150da1efbe9";
   };
   new TSStatic() {
      shapeName = "/levels/west_coast_usa/art/shapes/objects/constructionbarrier_arrows.dae";
      dynamic = "0";
      playAmbient = "1";
      meshCulling = "0";
      originSort = "0";
      useInstanceRenderData = "1";
      instanceColor = "White";
      instanceColor1 = "White";
      instanceColor2 = "White";
      collisionType = "Collision Mesh";
      decalType = "Collision Mesh";
      prebuildCollisionData = "0";
      renderNormals = "0";
      forceDetail = "-1";
      position = "801.587036 -790.773682 163.444519";
      scale = "1 1 1";
      rotationMatrix = "0.985248566 0.140232816 0.0980815366 -0.149296269 0.984491348 0.092126824 -0.0836412236 -0.10541103 0.990904987";
      isRenderEnabled = "false";
      canSave = "1";
      canSaveDynamicFields = "1";
      persistentId = "334fce94-d02c-46e0-a522-1e9709e184d2";
   };
   new TSStatic() {
      shapeName = "/levels/west_coast_usa/art/shapes/objects/constructionbarrier_arrows.dae";
      dynamic = "0";
      playAmbient = "1";
      meshCulling = "0";
      originSort = "0";
      useInstanceRenderData = "1";
      instanceColor = "White";
      instanceColor1 = "White";
      instanceColor2 = "White";
      collisionType = "Collision Mesh";
      decalType = "Collision Mesh";
      prebuildCollisionData = "0";
      renderNormals = "0";
      forceDetail = "-1";
      position = "801.314514 -788.957947 163.603333";
      scale = "1 1 1";
      rotationMatrix = "0.989271879 0.115282014 0.0897284597 -0.121483639 0.990328491 0.0670164675 -0.0811348557 -0.0771980435 0.993709028";
      isRenderEnabled = "false";
      canSave = "1";
      canSaveDynamicFields = "1";
      persistentId = "d70ac4c0-1507-44c8-9b82-0a5d8304ab7d";
   };
   new TSStatic() {
      shapeName = "/levels/west_coast_usa/art/shapes/objects/constructionbarrier_arrows.dae";
      dynamic = "0";
      playAmbient = "1";
      meshCulling = "0";
      originSort = "0";
      useInstanceRenderData = "1";
      instanceColor = "White";
      instanceColor1 = "White";
      instanceColor2 = "White";
      collisionType = "Collision Mesh";
      decalType = "Collision Mesh";
      prebuildCollisionData = "0";
      renderNormals = "0";
      forceDetail = "-1";
      position = "800.929688 -787.084167 163.764618";
      scale = "1 1 1";
      rotationMatrix = "0.959613085 0.267363429 0.087518841 -0.275256634 0.956586421 0.0957926214 -0.0581078939 -0.116013989 0.991546392";
      isRenderEnabled = "false";
      canSave = "1";
      canSaveDynamicFields = "1";
      persistentId = "de0bbde9-acc4-40e0-a17d-978f8cda061f";
   };
   new TSStatic() {
      shapeName = "/levels/west_coast_usa/art/shapes/objects/constructionbarrier_arrows.dae";
      dynamic = "0";
      playAmbient = "1";
      meshCulling = "0";
      originSort = "0";
      useInstanceRenderData = "1";
      instanceColor = "White";
      instanceColor1 = "White";
      instanceColor2 = "White";
      collisionType = "Collision Mesh";
      decalType = "Collision Mesh";
      prebuildCollisionData = "0";
      renderNormals = "0";
      forceDetail = "-1";
      position = "800.333069 -785.286743 163.914734";
      scale = "1 1 1";
      rotationMatrix = "0.936537087 0.341051102 0.08113195 -0.346481502 0.935725152 0.0660984144 -0.0533742718 -0.0900143459 0.99450922";
      isRenderEnabled = "false";
      canSave = "1";
      canSaveDynamicFields = "1";
      persistentId = "a5a4f9db-3f31-407e-af1b-ff9ca1081123";
   };
   new TSStatic() {
      shapeName = "/levels/west_coast_usa/art/shapes/objects/constructionbarrier_arrows.dae";
      dynamic = "0";
      playAmbient = "1";
      meshCulling = "0";
      originSort = "0";
      useInstanceRenderData = "1";
      instanceColor = "White";
      instanceColor1 = "White";
      instanceColor2 = "White";
      collisionType = "Collision Mesh";
      decalType = "Collision Mesh";
      prebuildCollisionData = "0";
      renderNormals = "0";
      forceDetail = "-1";
      position = "799.581726 -783.579224 164.052124";
      scale = "1 1 1";
      rotationMatrix = "0.896199763 0.435219526 0.0860808045 -0.441013515 0.895066679 0.0660508424 -0.0483014397 -0.0971575528 0.994096279";
      isRenderEnabled = "false";
      canSave = "1";
      canSaveDynamicFields = "1";
      persistentId = "06637781-08c6-40de-9f83-465c37041bd7";
   };
   new TSStatic() {
      shapeName = "/levels/west_coast_usa/art/shapes/objects/constructionbarrier_arrows.dae";
      dynamic = "0";
      playAmbient = "1";
      meshCulling = "0";
      originSort = "0";
      useInstanceRenderData = "1";
      instanceColor = "White";
      instanceColor1 = "White";
      instanceColor2 = "White";
      collisionType = "Collision Mesh";
      decalType = "Collision Mesh";
      prebuildCollisionData = "0";
      renderNormals = "0";
      forceDetail = "-1";
      position = "798.780396 -781.927002 164.177612";
      scale = "1 1 1";
      rotationMatrix = "0.910582781 0.405934185 0.0778226405 -0.410377532 0.910367727 0.0531120859 -0.0492872037 -0.0802996159 0.995551467";
      isRenderEnabled = "false";
      canSave = "1";
      canSaveDynamicFields = "1";
      persistentId = "c6dbf96f-27f8-4a72-b6d6-92f957d71c36";
   };
   new TSStatic() {
      shapeName = "/levels/west_coast_usa/art/shapes/objects/constructionbarrier_arrows.dae";
      dynamic = "0";
      playAmbient = "1";
      meshCulling = "0";
      originSort = "0";
      useInstanceRenderData = "1";
      instanceColor = "White";
      instanceColor1 = "White";
      instanceColor2 = "White";
      collisionType = "Collision Mesh";
      decalType = "Collision Mesh";
      prebuildCollisionData = "0";
      renderNormals = "0";
      forceDetail = "-1";
      position = "797.819824 -780.286743 164.283463";
      scale = "1 1 1";
      rotationMatrix = "0.817627847 0.570056081 0.0807514936 -0.573873162 0.818217874 0.034483932 -0.0464145392 -0.0745361373 0.996137559";
      isRenderEnabled = "false";
      canSave = "1";
      canSaveDynamicFields = "1";
      persistentId = "8bd4989a-cf0f-471f-90b3-afcc75e03309";
   };
   new TSStatic() {
      shapeName = "/levels/west_coast_usa/art/shapes/objects/constructionbarrier_arrows.dae";
      dynamic = "0";
      playAmbient = "1";
      meshCulling = "0";
      originSort = "0";
      useInstanceRenderData = "1";
      instanceColor = "White";
      instanceColor1 = "White";
      instanceColor2 = "White";
      collisionType = "Collision Mesh";
      decalType = "Collision Mesh";
      prebuildCollisionData = "0";
      renderNormals = "0";
      forceDetail = "-1";
      position = "796.769287 -778.765686 164.36467";
      scale = "1 1 1";
      rotationMatrix = "0.838228524 0.540617287 0.0714552924 -0.543803871 0.838453531 0.0356789194 -0.0406232998 -0.0687647611 0.996805489";
      isRenderEnabled = "false";
      canSave = "1";
      canSaveDynamicFields = "1";
      persistentId = "453904b6-7444-427a-9c0f-e11c706bc6de";
   };
   new TSStatic() {
      shapeName = "/levels/west_coast_usa/art/shapes/objects/constructionbarrier_arrows.dae";
      dynamic = "0";
      playAmbient = "1";
      meshCulling = "0";
      originSort = "0";
      useInstanceRenderData = "1";
      instanceColor = "White";
      instanceColor1 = "White";
      instanceColor2 = "White";
      collisionType = "Collision Mesh";
      decalType = "Collision Mesh";
      prebuildCollisionData = "0";
      renderNormals = "0";
      forceDetail = "-1";
      position = "795.75708 -777.203064 164.445953";
      scale = "1 1 1";
      rotationMatrix = "0.839436769 0.537876368 0.0776846558 -0.541158915 0.840435266 0.0285571553 -0.0499287061 -0.0660116822 0.996568918";
      isRenderEnabled = "false";
      canSave = "1";
      canSaveDynamicFields = "1";
      persistentId = "54825cb9-1f77-4664-847e-b7e31f94b19b";
   };
   new TSStatic() {
      shapeName = "/levels/west_coast_usa/art/shapes/objects/constructionbarrier_arrows.dae";
      dynamic = "0";
      playAmbient = "1";
      meshCulling = "0";
      originSort = "0";
      useInstanceRenderData = "1";
      instanceColor = "White";
      instanceColor1 = "White";
      instanceColor2 = "White";
      collisionType = "Collision Mesh";
      decalType = "Collision Mesh";
      prebuildCollisionData = "0";
      renderNormals = "0";
      forceDetail = "-1";
      position = "509.262848 -841.773804 166.896667";
      scale = "1 1 1";
      rotationMatrix = "-0.862397671 -0.506190479 0.00640042871 0.485668868 -0.830869436 -0.271626949 0.142812937 -0.231142029 0.962381303";
      isRenderEnabled = "false";
      canSave = "1";
      canSaveDynamicFields = "1";
      persistentId = "97fe08ad-0e86-4e95-8576-0bc96715ade4";
   };
   new TSStatic() {
      shapeName = "/levels/west_coast_usa/art/shapes/objects/constructionbarrier_arrows.dae";
      dynamic = "0";
      playAmbient = "1";
      meshCulling = "0";
      originSort = "0";
      useInstanceRenderData = "1";
      instanceColor = "White";
      instanceColor1 = "White";
      instanceColor2 = "White";
      collisionType = "Collision Mesh";
      decalType = "Collision Mesh";
      prebuildCollisionData = "0";
      renderNormals = "0";
      forceDetail = "-1";
      position = "510.202423 -843.518005 166.384964";
      scale = "1 1 1";
      rotationMatrix = "-0.892941594 -0.449844331 0.0171876997 0.440716833 -0.881332517 -0.170357555 0.0917824581 -0.144544423 0.985232413";
      isRenderEnabled = "false";
      canSave = "1";
      canSaveDynamicFields = "1";
      persistentId = "a162b377-4124-4be1-8571-44b0927fa3e9";
   };
   new TSStatic() {
      shapeName = "/levels/west_coast_usa/art/shapes/objects/constructionbarrier_arrows.dae";
      dynamic = "0";
      playAmbient = "1";
      meshCulling = "0";
      originSort = "0";
      useInstanceRenderData = "1";
      instanceColor = "White";
      instanceColor1 = "White";
      instanceColor2 = "White";
      collisionType = "Collision Mesh";
      decalType = "Collision Mesh";
      prebuildCollisionData = "0";
      renderNormals = "0";
      forceDetail = "-1";
      position = "510.90979 -845.218933 166.10965";
      scale = "1 1 1";
      rotationMatrix = "-0.905900121 -0.41157636 0.0997515917 0.3962439 -0.906889796 -0.143325672 0.149453118 -0.0903127566 0.984635651";
      isRenderEnabled = "false";
      canSave = "1";
      canSaveDynamicFields = "1";
      persistentId = "bb57d904-4531-42fc-aa91-83671c9a7da0";
   };
   new TSStatic() {
      shapeName = "/levels/west_coast_usa/art/shapes/objects/constructionbarrier_arrows.dae";
      dynamic = "0";
      playAmbient = "1";
      meshCulling = "0";
      originSort = "0";
      useInstanceRenderData = "1";
      instanceColor = "White";
      instanceColor1 = "White";
      instanceColor2 = "White";
      collisionType = "Collision Mesh";
      decalType = "Collision Mesh";
      prebuildCollisionData = "0";
      renderNormals = "0";
      forceDetail = "-1";
      position = "511.748993 -846.869812 165.832718";
      scale = "1 1 1";
      rotationMatrix = "-0.857848167 -0.505966365 0.089966774 0.491745591 -0.859035969 -0.142277569 0.149272397 -0.0778118074 0.985729694";
      isRenderEnabled = "false";
      canSave = "1";
      canSaveDynamicFields = "1";
      persistentId = "f87728f1-b7e2-4c13-8154-3dd19ac05594";
   };
   new TSStatic() {
      shapeName = "/levels/west_coast_usa/art/shapes/objects/constructionbarrier_arrows.dae";
      dynamic = "0";
      playAmbient = "1";
      meshCulling = "0";
      originSort = "0";
      useInstanceRenderData = "1";
      instanceColor = "White";
      instanceColor1 = "White";
      instanceColor2 = "White";
      collisionType = "Collision Mesh";
      decalType = "Collision Mesh";
      prebuildCollisionData = "0";
      renderNormals = "0";
      forceDetail = "-1";
      position = "512.879272 -848.371948 165.568298";
      scale = "1 1 1";
      rotationMatrix = "-0.711737514 -0.700732172 0.0490303859 0.687614024 -0.709278107 -0.155278295 0.143584698 -0.076803416 0.986653268";
      isRenderEnabled = "false";
      canSave = "1";
      canSaveDynamicFields = "1";
      persistentId = "616b54d9-843d-42a5-9033-349a5da17f60";
   };
   new TSStatic() {
      shapeName = "/levels/west_coast_usa/art/shapes/objects/constructionbarrier_arrows.dae";
      dynamic = "0";
      playAmbient = "1";
      meshCulling = "0";
      originSort = "0";
      useInstanceRenderData = "1";
      instanceColor = "White";
      instanceColor1 = "White";
      instanceColor2 = "White";
      collisionType = "Collision Mesh";
      decalType = "Collision Mesh";
      prebuildCollisionData = "0";
      renderNormals = "0";
      forceDetail = "-1";
      position = "514.257996 -849.660034 165.284607";
      scale = "1 1 1";
      rotationMatrix = "-0.599076509 -0.796015263 0.0864097029 0.784905314 -0.605159402 -0.133061141 0.158210367 -0.0118903928 0.987333834";
      isRenderEnabled = "false";
      canSave = "1";
      canSaveDynamicFields = "1";
      persistentId = "fe64fae1-0398-448c-8ca1-53f03b2d2282";
   };
   new TSStatic() {
      shapeName = "/levels/west_coast_usa/art/shapes/objects/constructionbarrier_arrows.dae";
      dynamic = "0";
      playAmbient = "1";
      meshCulling = "0";
      originSort = "0";
      useInstanceRenderData = "1";
      instanceColor = "White";
      instanceColor1 = "White";
      instanceColor2 = "White";
      collisionType = "Collision Mesh";
      decalType = "Collision Mesh";
      prebuildCollisionData = "0";
      renderNormals = "0";
      forceDetail = "-1";
      position = "515.815125 -850.722534 165.081848";
      scale = "1 1 1";
      rotationMatrix = "-0.497642875 -0.86308223 0.086257644 0.857761443 -0.504454136 -0.0988486782 0.128827572 0.0247971341 0.991356909";
      isRenderEnabled = "false";
      canSave = "1";
      canSaveDynamicFields = "1";
      persistentId = "3a3058b5-95fa-4a51-ad58-7149a5856dff";
   };
   new TSStatic() {
      shapeName = "/levels/west_coast_usa/art/shapes/objects/constructionbarrier_arrows.dae";
      dynamic = "0";
      playAmbient = "1";
      meshCulling = "0";
      originSort = "0";
      useInstanceRenderData = "1";
      instanceColor = "White";
      instanceColor1 = "White";
      instanceColor2 = "White";
      collisionType = "Collision Mesh";
      decalType = "Collision Mesh";
      prebuildCollisionData = "0";
      renderNormals = "0";
      forceDetail = "-1";
      position = "517.507324 -851.652405 164.913177";
      scale = "1 1 1";
      rotationMatrix = "-0.470695138 -0.879977584 0.0639155805 0.877604246 -0.474422812 -0.0688000545 0.0908655375 0.0237087291 0.995580912";
      isRenderEnabled = "false";
      canSave = "1";
      canSaveDynamicFields = "1";
      persistentId = "37db1ef7-ee51-403d-970e-98124012d1c8";
   };
   new TSStatic() {
      shapeName = "/levels/west_coast_usa/art/shapes/objects/constructionbarrier_arrows.dae";
      dynamic = "0";
      playAmbient = "1";
      meshCulling = "0";
      originSort = "0";
      useInstanceRenderData = "1";
      instanceColor = "White";
      instanceColor1 = "White";
      instanceColor2 = "White";
      collisionType = "Collision Mesh";
      decalType = "Collision Mesh";
      prebuildCollisionData = "0";
      renderNormals = "0";
      forceDetail = "-1";
      position = "519.161438 -852.500183 164.726852";
      scale = "1 1 1";
      rotationMatrix = "-0.454375386 -0.890441418 0.0256256945 0.884770393 -0.454452157 -0.103218943 0.103556097 -0.0242273174 0.994328499";
      isRenderEnabled = "false";
      canSave = "1";
      canSaveDynamicFields = "1";
      persistentId = "2019302d-5e6e-46dd-b225-101943866da5";
   };
   new TSStatic() {
      shapeName = "/levels/west_coast_usa/art/shapes/objects/constructionbarrier_arrows.dae";
      dynamic = "0";
      playAmbient = "1";
      meshCulling = "0";
      originSort = "0";
      useInstanceRenderData = "1";
      instanceColor = "White";
      instanceColor1 = "White";
      instanceColor2 = "White";
      collisionType = "Collision Mesh";
      decalType = "Collision Mesh";
      prebuildCollisionData = "0";
      renderNormals = "0";
      forceDetail = "-1";
      position = "520.861084 -853.296021 164.516373";
      scale = "1 1 1";
      rotationMatrix = "-0.409405708 -0.912234306 0.014667213 0.904385805 -0.407898307 -0.125319362 0.120303378 -0.0380416736 0.99200803";
      isRenderEnabled = "false";
      canSave = "1";
      canSaveDynamicFields = "1";
      persistentId = "3cf5faf1-9b74-4946-b63e-616a9c3f119c";
   };
   new TSStatic() {
      shapeName = "/levels/west_coast_usa/art/shapes/objects/constructionbarrier_arrows.dae";
      dynamic = "0";
      playAmbient = "1";
      meshCulling = "0";
      originSort = "0";
      useInstanceRenderData = "1";
      instanceColor = "White";
      instanceColor1 = "White";
      instanceColor2 = "White";
      collisionType = "Collision Mesh";
      decalType = "Collision Mesh";
      prebuildCollisionData = "0";
      renderNormals = "0";
      forceDetail = "-1";
      position = "522.524292 -854.102783 164.289536";
      scale = "1 1 1";
      rotationMatrix = "-0.458961248 -0.887784541 0.0345356129 0.87787348 -0.459133506 -0.136140123 0.13671957 -0.0321651734 0.99008745";
      isRenderEnabled = "false";
      canSave = "1";
      canSaveDynamicFields = "1";
      persistentId = "309c85da-f82e-42d1-a3f1-20809445b7d9";
   };
   new TSStatic() {
      shapeName = "/levels/west_coast_usa/art/shapes/objects/constructionbarrier_arrows.dae";
      dynamic = "0";
      playAmbient = "1";
      meshCulling = "0";
      originSort = "0";
      useInstanceRenderData = "1";
      instanceColor = "White";
      instanceColor1 = "White";
      instanceColor2 = "White";
      collisionType = "Collision Mesh";
      decalType = "Collision Mesh";
      prebuildCollisionData = "0";
      renderNormals = "0";
      forceDetail = "-1";
      position = "560.203979 -879.840332 154.697037";
      scale = "1 1 1";
      rotationMatrix = "-0.856306076 -0.508048832 -0.0928785354 0.516280234 -0.837179661 -0.180513337 0.0139535666 -0.202526018 0.979177475";
      isRenderEnabled = "false";
      canSave = "1";
      canSaveDynamicFields = "1";
      persistentId = "c8647f78-0dae-4336-8337-b5cfcfee8330";
   };
   new TSStatic() {
      shapeName = "/levels/west_coast_usa/art/shapes/objects/constructionbarrier_arrows.dae";
      dynamic = "0";
      playAmbient = "1";
      meshCulling = "0";
      originSort = "0";
      useInstanceRenderData = "1";
      instanceColor = "White";
      instanceColor1 = "White";
      instanceColor2 = "White";
      collisionType = "Collision Mesh";
      decalType = "Collision Mesh";
      prebuildCollisionData = "0";
      renderNormals = "0";
      forceDetail = "-1";
      position = "561.380493 -881.35199 154.448608";
      scale = "1 1 1";
      rotationMatrix = "-0.70493722 -0.700841486 -0.109018125 0.709256589 -0.697486877 -0.102309905 -0.00433567911 -0.149443865 0.98876071";
      isRenderEnabled = "false";
      canSave = "1";
      canSaveDynamicFields = "1";
      persistentId = "d4cc7e73-7794-4f84-8629-05f0dd09a77d";
   };
   new TSStatic() {
      shapeName = "/levels/west_coast_usa/art/shapes/objects/constructionbarrier_arrows.dae";
      dynamic = "0";
      playAmbient = "1";
      meshCulling = "0";
      originSort = "0";
      useInstanceRenderData = "1";
      instanceColor = "White";
      instanceColor1 = "White";
      instanceColor2 = "White";
      collisionType = "Collision Mesh";
      decalType = "Collision Mesh";
      prebuildCollisionData = "0";
      renderNormals = "0";
      forceDetail = "-1";
      position = "562.652161 -882.728638 154.267502";
      scale = "1 1 1";
      rotationMatrix = "-0.757499099 -0.645200551 -0.0995541885 0.652622998 -0.752289891 -0.0902374312 -0.0166723803 -0.133326143 0.990931988";
      isRenderEnabled = "false";
      canSave = "1";
      canSaveDynamicFields = "1";
      persistentId = "a7f1b2be-72b6-4c00-b059-354767f2fc8b";
   };
   new TSStatic() {
      shapeName = "/levels/west_coast_usa/art/shapes/objects/constructionbarrier_arrows.dae";
      dynamic = "0";
      playAmbient = "1";
      meshCulling = "0";
      originSort = "0";
      useInstanceRenderData = "1";
      instanceColor = "White";
      instanceColor1 = "White";
      instanceColor2 = "White";
      collisionType = "Collision Mesh";
      decalType = "Collision Mesh";
      prebuildCollisionData = "0";
      renderNormals = "0";
      forceDetail = "-1";
      position = "563.924683 -884.09259 154.131104";
      scale = "1 1 1";
      rotationMatrix = "-0.722068548 -0.684417307 -0.10094633 0.691327155 -0.719345808 -0.0678869858 -0.0261522755 -0.118805982 0.992573023";
      isRenderEnabled = "false";
      canSave = "1";
      canSaveDynamicFields = "1";
      persistentId = "5ad6d42f-36b3-46d8-8631-dd214f81ac25";
   };
   new TSStatic() {
      shapeName = "/levels/west_coast_usa/art/shapes/objects/constructionbarrier_arrows.dae";
      dynamic = "0";
      playAmbient = "1";
      meshCulling = "0";
      originSort = "0";
      useInstanceRenderData = "1";
      instanceColor = "White";
      instanceColor1 = "White";
      instanceColor2 = "White";
      collisionType = "Collision Mesh";
      decalType = "Collision Mesh";
      prebuildCollisionData = "0";
      renderNormals = "0";
      forceDetail = "-1";
      position = "565.187256 -885.448792 154.029449";
      scale = "1 1 1";
      rotationMatrix = "-0.736287117 -0.672401845 -0.0758808851 0.676487505 -0.734049082 -0.0594756976 -0.0157087054 -0.0951236263 0.995341539";
      isRenderEnabled = "false";
      canSave = "1";
      canSaveDynamicFields = "1";
      persistentId = "e70c3c93-a62b-4620-b81e-2337b1594b21";
   };
   new TSStatic() {
      shapeName = "/levels/west_coast_usa/art/shapes/objects/constructionbarrier_arrows.dae";
      dynamic = "0";
      playAmbient = "1";
      meshCulling = "0";
      originSort = "0";
      useInstanceRenderData = "1";
      instanceColor = "White";
      instanceColor1 = "White";
      instanceColor2 = "White";
      collisionType = "Collision Mesh";
      decalType = "Collision Mesh";
      prebuildCollisionData = "0";
      renderNormals = "0";
      forceDetail = "-1";
      position = "566.426025 -886.851624 153.962158";
      scale = "1 1 1";
      rotationMatrix = "-0.732012391 -0.680502594 -0.0327635482 0.681265652 -0.731552482 -0.0266016889 -0.00586573966 -0.0417934582 0.99910903";
      isRenderEnabled = "false";
      canSave = "1";
      canSaveDynamicFields = "1";
      persistentId = "667cf2db-2bdc-40ed-8236-49fe9d44169b";
   };
   new TSStatic() {
      shapeName = "/levels/west_coast_usa/art/shapes/objects/constructionbarrier_arrows.dae";
      dynamic = "0";
      playAmbient = "1";
      meshCulling = "0";
      originSort = "0";
      useInstanceRenderData = "1";
      instanceColor = "White";
      instanceColor1 = "White";
      instanceColor2 = "White";
      collisionType = "Collision Mesh";
      decalType = "Collision Mesh";
      prebuildCollisionData = "0";
      renderNormals = "0";
      forceDetail = "-1";
      position = "567.687622 -888.255737 153.918396";
      scale = "1 1 1";
      rotationMatrix = "-0.731635928 -0.681695104 -6.43194653e-05 0.681670666 -0.731608868 -0.00854048505 0.00577495154 -0.00629237341 0.999963522";
      isRenderEnabled = "false";
      canSave = "1";
      canSaveDynamicFields = "1";
      persistentId = "690f9365-13d0-425a-bc7a-991919c85d8f";
   };
   new TSStatic() {
      shapeName = "/levels/west_coast_usa/art/shapes/objects/constructionbarrier_arrows.dae";
      dynamic = "0";
      playAmbient = "1";
      meshCulling = "0";
      originSort = "0";
      useInstanceRenderData = "1";
      instanceColor = "White";
      instanceColor1 = "White";
      instanceColor2 = "White";
      collisionType = "Collision Mesh";
      decalType = "Collision Mesh";
      prebuildCollisionData = "0";
      renderNormals = "0";
      forceDetail = "-1";
      position = "568.927368 -889.678101 153.897812";
      scale = "1 1 1";
      rotationMatrix = "-0.733633399 -0.677535176 0.0522304177 0.678323388 -0.734755039 -0.00347906444 0.0407337546 0.0328767598 0.998628974";
      isRenderEnabled = "false";
      canSave = "1";
      canSaveDynamicFields = "1";
      persistentId = "60fe5d83-72b0-4eee-b796-0f7f6b4ed46c";
   };
   new TSStatic() {
      shapeName = "/levels/west_coast_usa/art/shapes/objects/arrowboard_L.dae";
      dynamic = "0";
      playAmbient = "1";
      meshCulling = "0";
      originSort = "0";
      useInstanceRenderData = "1";
      instanceColor = "White";
      instanceColor1 = "White";
      instanceColor2 = "White";
      collisionType = "Collision Mesh";
      decalType = "Collision Mesh";
      prebuildCollisionData = "0";
      renderNormals = "0";
      forceDetail = "-1";
      position = "807.571594 -787.225159 164.306335";
      scale = "1 1 1";
      rotationMatrix = "-0.858694434 -0.501405299 -0.105999947 0.504541934 -0.86338079 -0.00324156135 -0.0898930132 -0.0562649332 0.994360864";
      isRenderEnabled = "false";
      canSave = "1";
      canSaveDynamicFields = "1";
      persistentId = "9b4b698c-f48f-41ba-b3f3-d9a5daa1f328";
   };
   new TSStatic() {
      shapeName = "/levels/west_coast_usa/art/shapes/objects/arrowboard_L.dae";
      dynamic = "0";
      playAmbient = "1";
      meshCulling = "0";
      originSort = "0";
      useInstanceRenderData = "1";
      instanceColor = "White";
      instanceColor1 = "White";
      instanceColor2 = "White";
      collisionType = "Collision Mesh";
      decalType = "Collision Mesh";
      prebuildCollisionData = "0";
      renderNormals = "0";
      forceDetail = "-1";
      position = "803.523193 -780.330078 164.597748";
      scale = "1 1 1";
      rotationMatrix = "-0.735166311 -0.670035839 -0.102869347 0.676248908 -0.735438466 -0.042630408 -0.0470901877 -0.100905746 0.993780911";
      isRenderEnabled = "false";
      canSave = "1";
      canSaveDynamicFields = "1";
      persistentId = "a0937f0a-13c6-4ee1-b997-447e035eced4";
   };
   new TSStatic() {
      shapeName = "/levels/west_coast_usa/art/shapes/objects/arrowboard_R.dae";
      dynamic = "0";
      playAmbient = "1";
      meshCulling = "0";
      originSort = "0";
      useInstanceRenderData = "1";
      instanceColor = "White";
      instanceColor1 = "White";
      instanceColor2 = "White";
      collisionType = "Collision Mesh";
      decalType = "Collision Mesh";
      prebuildCollisionData = "0";
      renderNormals = "0";
      forceDetail = "-1";
      position = "571.781555 -852.278809 154.916275";
      scale = "1 1 1";
      rotationMatrix = "-0.969548702 -0.24247919 0.0343376175 0.244491979 -0.966452599 0.0786961615 0.0141034955 0.0846950412 0.996307075";
      isRenderEnabled = "false";
      canSave = "1";
      canSaveDynamicFields = "1";
      persistentId = "01809127-703b-414e-a6ea-709971a78f9c";
   };
   new TSStatic() {
      shapeName = "/levels/west_coast_usa/art/shapes/objects/arrowboard_L.dae";
      dynamic = "0";
      playAmbient = "1";
      meshCulling = "0";
      originSort = "0";
      useInstanceRenderData = "1";
      instanceColor = "White";
      instanceColor1 = "White";
      instanceColor2 = "White";
      collisionType = "Collision Mesh";
      decalType = "Collision Mesh";
      prebuildCollisionData = "0";
      renderNormals = "0";
      forceDetail = "-1";
      position = "593.504944 -893.950928 153.992645";
      scale = "1 1 1";
      rotationMatrix = "-0.733959556 0.679193437 9.31322575e-10 -0.678882658 -0.733623743 0.0302468482 0.0205434598 0.0221999567 0.999542475";
      isRenderEnabled = "false";
      canSave = "1";
      canSaveDynamicFields = "1";
      persistentId = "4fd1c8c4-beb5-48d5-bdc7-fad0c5c0e85b";
   };
};
//--- OBJECT WRITE END ---







