{"class":"TSStatic","__parent":"raceTrackParkingLotGrandStands","position":[-113.420593,-151.94223,119.108139],"decalType":"None","isRenderEnabled":false,"rotationMatrix":[-0.811064959,-0.584956527,0,0.584956527,-0.811064959,0,0,0,1],"shapeName":"/levels/west_coast_usa/art/shapes/objects/dragbillboard_sign22.dae","useInstanceRenderData":true}
{"class":"TSStatic","__parent":"raceTrackParkingLotGrandStands","position":[-153.415771,-180.787506,119.108139],"decalType":"None","isRenderEnabled":false,"rotationMatrix":[-0.811064959,-0.584956527,0,0.584956527,-0.811064959,0,0,0,1],"shapeName":"/levels/west_coast_usa/art/shapes/objects/dragbillboard_sign11.dae","useInstanceRenderData":true}
{"class":"TSStatic","__parent":"raceTrackParkingLotGrandStands","position":[-17.4728432,-82.7427368,119.108139],"decalType":"None","isRenderEnabled":false,"rotationMatrix":[-0.811064959,-0.584956527,0,0.584956527,-0.811064959,0,0,0,1],"shapeName":"/levels/west_coast_usa/art/shapes/objects/dragbillboard_sign23.dae","useInstanceRenderData":true}
{"class":"TSStatic","__parent":"raceTrackParkingLotGrandStands","position":[-88.8319702,-134.208374,119.108139],"decalType":"None","isRenderEnabled":false,"rotationMatrix":[-0.811064959,-0.584956527,0,0.584956527,-0.811064959,0,0,0,1],"shapeName":"/levels/west_coast_usa/art/shapes/objects/dragbillboard_sign18.dae","useInstanceRenderData":true}
{"class":"TSStatic","__parent":"raceTrackParkingLotGrandStands","position":[-135.894531,-168.150818,119.108139],"decalType":"None","isRenderEnabled":false,"rotationMatrix":[-0.811064959,-0.584956527,0,0.584956527,-0.811064959,0,0,0,1],"shapeName":"/levels/west_coast_usa/art/shapes/objects/dragbillboard_sign13.dae","useInstanceRenderData":true}
{"class":"TSStatic","__parent":"raceTrackParkingLotGrandStands","position":[-95.9698486,-139.356354,119.108139],"decalType":"None","isRenderEnabled":false,"rotationMatrix":[-0.811064959,-0.584956527,0,0.584956527,-0.811064959,0,0,0,1],"shapeName":"/levels/west_coast_usa/art/shapes/objects/dragbillboard_sign17.dae","useInstanceRenderData":true}
{"class":"TSStatic","__parent":"raceTrackParkingLotGrandStands","position":[23.5183315,-53.179039,119.108139],"decalType":"None","isRenderEnabled":false,"rotationMatrix":[-0.811064959,-0.584956527,0,0.584956527,-0.811064959,0,0,0,1],"shapeName":"/levels/west_coast_usa/art/shapes/objects/dragbillboard_sign10.dae","useInstanceRenderData":true}
{"class":"TSStatic","__parent":"raceTrackParkingLotGrandStands","position":[6.23325634,-65.6453934,119.108139],"decalType":"None","isRenderEnabled":false,"rotationMatrix":[-0.811064959,-0.584956527,0,0.584956527,-0.811064959,0,0,0,1],"shapeName":"/levels/west_coast_usa/art/shapes/objects/dragbillboard_sign15.dae","useInstanceRenderData":true}
{"class":"TSStatic","__parent":"raceTrackParkingLotGrandStands","position":[-146.277893,-175.639557,119.108139],"decalType":"None","isRenderEnabled":false,"rotationMatrix":[-0.811064959,-0.584956527,0,0.584956527,-0.811064959,0,0,0,1],"shapeName":"/levels/west_coast_usa/art/shapes/objects/dragbillboard_sign21.dae","useInstanceRenderData":true}
{"class":"TSStatic","__parent":"raceTrackParkingLotGrandStands","position":[-128.756622,-163.002838,119.108139],"decalType":"None","isRenderEnabled":false,"rotationMatrix":[-0.811064959,-0.584956527,0,0.584956527,-0.811064959,0,0,0,1],"shapeName":"/levels/west_coast_usa/art/shapes/objects/dragbillboard_sign16.dae","useInstanceRenderData":true}
{"class":"TSStatic","__parent":"raceTrackParkingLotGrandStands","position":[-106.28273,-146.79425,119.108139],"decalType":"None","isRenderEnabled":false,"rotationMatrix":[-0.811064541,-0.584956408,0,0.584956408,-0.811064541,0,0,0,0.999999881],"shapeName":"/levels/west_coast_usa/art/shapes/objects/dragbillboard_sign20.dae","useInstanceRenderData":true}
{"class":"TSStatic","__parent":"raceTrackParkingLotGrandStands","position":[-106.28273,-146.79425,119.108139],"decalType":"None","isRenderEnabled":false,"rotationMatrix":[-0.811064959,-0.584956527,0,0.584956527,-0.811064959,0,0,0,1],"shapeName":"/levels/west_coast_usa/art/shapes/objects/dragbillboard.dae","useInstanceRenderData":true}
{"class":"TSStatic","__parent":"raceTrackParkingLotGrandStands","position":[23.5183315,-53.179039,119.108139],"decalType":"None","isRenderEnabled":false,"rotationMatrix":[-0.811064959,-0.584956527,0,0.584956527,-0.811064959,0,0,0,1],"shapeName":"/levels/west_coast_usa/art/shapes/objects/dragbillboard.dae","useInstanceRenderData":true}
{"class":"TSStatic","__parent":"raceTrackParkingLotGrandStands","position":[6.23325634,-65.6453934,119.108139],"decalType":"None","isRenderEnabled":false,"rotationMatrix":[-0.811064959,-0.584956527,0,0.584956527,-0.811064959,0,0,0,1],"shapeName":"/levels/west_coast_usa/art/shapes/objects/dragbillboard.dae","useInstanceRenderData":true}
{"class":"TSStatic","__parent":"raceTrackParkingLotGrandStands","position":[-17.4728432,-82.7427368,119.108139],"decalType":"None","isRenderEnabled":false,"rotationMatrix":[-0.811064959,-0.584956527,0,0.584956527,-0.811064959,0,0,0,1],"shapeName":"/levels/west_coast_usa/art/shapes/objects/dragbillboard.dae","useInstanceRenderData":true}
{"class":"TSStatic","__parent":"raceTrackParkingLotGrandStands","position":[-95.9698486,-139.356354,119.108139],"isRenderEnabled":false,"rotationMatrix":[-0.811064959,-0.584956527,0,0.584956527,-0.811064959,0,0,0,1],"shapeName":"/levels/west_coast_usa/art/shapes/objects/dragbillboard.dae","useInstanceRenderData":true}
{"class":"TSStatic","__parent":"raceTrackParkingLotGrandStands","position":[-88.8319702,-134.208374,119.108139],"decalType":"None","isRenderEnabled":false,"rotationMatrix":[-0.811064959,-0.584956527,0,0.584956527,-0.811064959,0,0,0,1],"shapeName":"/levels/west_coast_usa/art/shapes/objects/dragbillboard.dae","useInstanceRenderData":true}
{"class":"TSStatic","__parent":"raceTrackParkingLotGrandStands","position":[-153.415771,-180.787506,119.108139],"isRenderEnabled":false,"rotationMatrix":[-0.811064959,-0.584956527,0,0.584956527,-0.811064959,0,0,0,1],"shapeName":"/levels/west_coast_usa/art/shapes/objects/dragbillboard.dae","useInstanceRenderData":true}
{"class":"TSStatic","__parent":"raceTrackParkingLotGrandStands","position":[-146.277893,-175.639557,119.108139],"decalType":"None","isRenderEnabled":false,"rotationMatrix":[-0.811064959,-0.584956527,0,0.584956527,-0.811064959,0,0,0,1],"shapeName":"/levels/west_coast_usa/art/shapes/objects/dragbillboard.dae","useInstanceRenderData":true}
{"class":"TSStatic","__parent":"raceTrackParkingLotGrandStands","position":[-135.894531,-168.150818,119.108139],"decalType":"None","isRenderEnabled":false,"rotationMatrix":[-0.811064959,-0.584956527,0,0.584956527,-0.811064959,0,0,0,1],"shapeName":"/levels/west_coast_usa/art/shapes/objects/dragbillboard.dae","useInstanceRenderData":true}
{"class":"TSStatic","__parent":"raceTrackParkingLotGrandStands","position":[-128.756622,-163.002838,119.108139],"decalType":"None","isRenderEnabled":false,"rotationMatrix":[-0.811064959,-0.584956527,0,0.584956527,-0.811064959,0,0,0,1],"shapeName":"/levels/west_coast_usa/art/shapes/objects/dragbillboard.dae","useInstanceRenderData":true}
{"class":"TSStatic","__parent":"raceTrackParkingLotGrandStands","position":[-113.420593,-151.94223,119.108139],"decalType":"None","isRenderEnabled":false,"rotationMatrix":[-0.811064959,-0.584956527,0,0.584956527,-0.811064959,0,0,0,1],"shapeName":"/levels/west_coast_usa/art/shapes/objects/dragbillboard.dae","useInstanceRenderData":true}
{"class":"DecalRoad","persistentId":"49ebf040-4b35-4e39-a5b6-3d8393e2fcdc","__parent":"raceTrackParkingLotGrandStands","position":[21.4484272,-107.835464,119.522209],"detail":0.200000003,"distanceFade":[200,50],"improvedSpline":true,"material":"track_rubber","nodes":[[21.4484272,-107.835464,119.522209,3.5],[17.2918415,-112.924393,119.522217,3.5],[12.8645058,-114.255104,119.659988,3.5],[5.41942024,-115.117416,120.473778,3.5],[-2.90324497,-116.921104,121.467735,3.5],[-11.2027683,-119.563339,122.479301,3.5],[-17.1945915,-122.17907,123.148315,3.5],[-22.7807293,-125.383926,123.767029,3.5],[-24.6586609,-129.792206,123.7855,3.5],[-24.6557865,-136.953568,123.7855,3.5],[-25.446825,-142.244751,123.7855,3.5]],"overObjects":true,"renderPriority":3,"startEndFade":[12,12],"textureLength":40}
{"class":"DecalRoad","persistentId":"de1005a7-4a19-4912-9f3f-c3ddeccb3c14","__parent":"raceTrackParkingLotGrandStands","position":[-66.1110458,-205.806915,119.395935],"detail":0.200000003,"distanceFade":[200,50],"improvedSpline":true,"material":"track_rubber","nodes":[[-66.1110458,-205.806915,119.395935,3.5],[-62.5370979,-200.567017,119.522209,3.5],[-61.135067,-196.356522,119.686211,3.5],[-61.1526337,-187.312195,120.62648,3.5],[-59.7705345,-176.870605,121.805939,3.5],[-56.820034,-166.74498,122.763039,3.5],[-54.0264244,-160.438873,123.785492,3.5],[-50.5756683,-157.032104,123.7855,3.5],[-44.9170532,-155.774445,123.785492,3.5],[-38.2254143,-156.316757,123.7855,3.5]],"overObjects":true,"renderPriority":3,"startEndFade":[12,12],"textureLength":40}
{"class":"TSStatic","__parent":"raceTrackParkingLotGrandStands","position":[7.15991735,-125.219955,128.443283],"isRenderEnabled":false,"rotationMatrix":[0.985262215,0.171050787,1.45519152e-10,-0.171049535,0.985255063,-0.00380820897,-0.00065139716,0.00375208422,0.999992728],"scale":[0.391992211,0.391992211,0.391992211],"shapeName":"/levels/west_coast_usa/art/shapes/objects/light_city.dae","useInstanceRenderData":true}
{"class":"TSStatic","__parent":"raceTrackParkingLotGrandStands","position":[-32.4725571,-155.968872,128.844223],"isRenderEnabled":false,"rotationMatrix":[0.57580781,0.817585111,3.55271368e-15,-0.817585111,0.57580781,3.17865059e-08,2.59881698e-08,-1.83029254e-08,1],"scale":[0.391992211,0.391992211,0.391992211],"shapeName":"/levels/west_coast_usa/art/shapes/objects/light_city.dae","useInstanceRenderData":true}
{"class":"TSStatic","__parent":"raceTrackParkingLotGrandStands","position":[-26.3538971,-148.880585,128.85463],"isRenderEnabled":false,"rotationMatrix":[0.724267423,0.689519227,3.55271368e-15,-0.689519227,0.724267423,3.1786513e-08,2.19174048e-08,-2.30219381e-08,1],"scale":[0.391992211,0.391992211,0.391992211],"shapeName":"/levels/west_coast_usa/art/shapes/objects/light_city.dae","useInstanceRenderData":true}
{"class":"TSStatic","__parent":"raceTrackParkingLotGrandStands","position":[-47.6877022,-170.078186,128.458878],"isRenderEnabled":false,"rotationMatrix":[0.31428051,0.949330211,5.32907052e-15,-0.949330211,0.31428051,3.17865094e-08,3.01758902e-08,-9.98988714e-09,1],"scale":[0.391992211,0.391992211,0.391992211],"shapeName":"/levels/west_coast_usa/art/shapes/objects/light_city.dae","useInstanceRenderData":true}
{"class":"TSStatic","__parent":"raceTrackParkingLotGrandStands","position":[-50.8584824,-189.187012,128.472809],"isRenderEnabled":false,"rotationMatrix":[0.0732631087,0.997312546,9.31322575e-10,-0.997305393,0.0732625723,-0.00380071579,-0.00379050197,0.000278451014,0.999992788],"scale":[0.391992211,0.391992211,0.391992211],"shapeName":"/levels/west_coast_usa/art/shapes/objects/light_city.dae","useInstanceRenderData":true}
{"class":"TSStatic","__parent":"raceTrackParkingLotGrandStands","position":[-11.6182423,-130.275345,128.487793],"isRenderEnabled":false,"rotationMatrix":[0.913794994,0.406175703,1.77635684e-15,-0.406175703,0.913794994,3.17865059e-08,1.29109043e-08,-2.90463529e-08,1],"scale":[0.391992211,0.391992211,0.391992211],"shapeName":"/levels/west_coast_usa/art/shapes/objects/light_city.dae","useInstanceRenderData":true}
{"class":"TSStatic","__parent":"raceTrackParkingLotGrandStands","position":[-30.5396729,-153.489395,128.858673],"isRenderEnabled":false,"rotationMatrix":[0.65318346,0.757199705,3.55271368e-15,-0.757199705,0.65318346,3.17865059e-08,2.40687275e-08,-2.07624247e-08,1],"scale":[0.391992211,0.391992211,0.391992211],"shapeName":"/levels/west_coast_usa/art/shapes/objects/light_city.dae","useInstanceRenderData":true}
{"class":"TSStatic","__parent":"raceTrackParkingLotGrandStands","position":[-28.5337753,-151.164459,128.855942],"isRenderEnabled":false,"rotationMatrix":[0.689519167,0.724267483,4.4408921e-15,-0.724267483,0.689519167,3.1786513e-08,2.30219293e-08,-2.19174137e-08,1],"scale":[0.391992211,0.391992211,0.391992211],"shapeName":"/levels/west_coast_usa/art/shapes/objects/light_city.dae","useInstanceRenderData":true}
{"class":"TSStatic","__parent":"raceTrackParkingLotGrandStands","position":[-24.026844,-146.679108,128.855042],"isRenderEnabled":false,"rotationMatrix":[0.75719893,0.653184354,4.4408921e-15,-0.653184354,0.75719893,3.17865094e-08,2.0762446e-08,-2.40687132e-08,1],"scale":[0.391992211,0.391992211,0.391992211],"shapeName":"/levels/west_coast_usa/art/shapes/objects/light_city.dae","useInstanceRenderData":true}
{"class":"TSStatic","__parent":"raceTrackParkingLotGrandStands","position":[-39.1842842,-160.914337,128.417694],"isRenderEnabled":false,"rotationMatrix":[0.255517781,0.966804385,5.32907052e-15,-0.966804385,0.255517781,3.17865059e-08,3.07313357e-08,-8.12202394e-09,1],"scale":[0.391992211,0.391992211,0.391992211],"shapeName":"/levels/west_coast_usa/art/shapes/objects/light_city.dae","useInstanceRenderData":true}
{"class":"TSStatic","__parent":"raceTrackParkingLotGrandStands","position":[-19.8332596,-139.612946,128.523346],"isRenderEnabled":false,"rotationMatrix":[0.937598288,0.347720414,1.77635684e-15,-0.347720414,0.937598288,3.1786513e-08,1.10528173e-08,-2.98029832e-08,1],"scale":[0.391992211,0.391992211,0.391992211],"shapeName":"/levels/west_coast_usa/art/shapes/objects/light_city.dae","useInstanceRenderData":true}
{"class":"TSStatic","__parent":"raceTrackParkingLotGrandStands","position":[-48.5421982,-174.899841,126.565193],"isRenderEnabled":false,"rotationMatrix":[0,-3.57627869e-07,-1.00000012,-0.266704321,-0.963778734,2.98023224e-07,-0.963778555,0.266704321,-4.76837158e-07],"shapeName":"/art/shapes/objects/s_spotlight_01.dae","useInstanceRenderData":true}
{"class":"TSStatic","__parent":"raceTrackParkingLotGrandStands","position":[-42.1471062,-168.958939,126.565613],"isRenderEnabled":false,"rotationMatrix":[-1.1920929e-07,-3.7252903e-07,-1.00000024,-0.359881282,-0.932998419,3.12924385e-07,-0.9329983,0.359881282,-3.57627869e-07],"shapeName":"/art/shapes/objects/s_spotlight_01.dae","useInstanceRenderData":true}
{"class":"TSStatic","__parent":"raceTrackParkingLotGrandStands","position":[-6.87712812,-128.938232,126.570007],"isRenderEnabled":false,"rotationMatrix":[-4.76837158e-07,-2.98023224e-08,-1.00000012,-0.9326334,-0.360825777,2.98023224e-07,-0.360825658,0.9326334,0],"shapeName":"/art/shapes/objects/s_spotlight_01.dae","useInstanceRenderData":true}
{"class":"TSStatic","__parent":"raceTrackParkingLotGrandStands","position":[-58.7556839,-202.850113,122.4841],"isRenderEnabled":false,"rotationMatrix":[1.1920929e-07,-3.01748514e-07,-1.00000012,0.122405902,-0.992480397,3.31550837e-07,-0.992480278,-0.122405902,-3.57627869e-07],"shapeName":"/art/shapes/objects/s_spotlight_01.dae","useInstanceRenderData":true}
{"class":"TSStatic","__parent":"raceTrackParkingLotGrandStands","position":[-12.0983562,-135.854813,126.567932],"isRenderEnabled":false,"rotationMatrix":[-2.38418579e-07,-1.1920929e-07,-0.99999994,-0.89277631,-0.450500011,2.98023224e-07,-0.450500071,0.89277631,1.1920929e-07],"shapeName":"/art/shapes/objects/s_spotlight_01.dae","useInstanceRenderData":true}
{"class":"DecalRoad","persistentId":"147d3caf-f1ab-443f-b4eb-ff63b18402b2","__parent":"raceTrackParkingLotGrandStands","position":[52.995182,-91.1205215,119.395935],"detail":0.200000003,"distanceFade":[200,50],"improvedSpline":true,"material":"gutter1","nodes":[[52.995182,-91.1205215,119.395935,0.5],[52.9986572,-92.2914124,119.395935,0.5],[52.8681679,-93.1915894,119.395935,0.5],[51.7769279,-94.0751801,119.395935,0.5],[47.7601509,-96.9324875,119.395935,0.5],[36.9507065,-104.521912,119.395935,0.5],[33.3109283,-107.129837,119.395935,0.5],[31.7064743,-108.074707,119.395935,0.5],[30.0106201,-108.082832,119.395935,0.5],[26.72365,-107.560593,119.395935,0.5],[21.0345211,-107.176605,119.395935,0.5],[12.3700552,-107.297768,119.395935,0.5],[0.799097776,-108.815086,119.395935,0.5],[-11.7607059,-112.340782,119.395935,0.5],[-24.6515064,-118.34671,119.395935,0.5],[-36.3717575,-126.37133,119.395935,0.5],[-46.6027451,-136.219391,119.395935,0.5],[-53.7069664,-145.390549,119.395935,0.5],[-59.8002548,-156.078293,119.395935,0.5],[-63.9327126,-166.309235,119.395935,0.5],[-66.7076111,-177.14386,119.395935,0.5],[-68.0845642,-187.814224,119.395935,0.5],[-68.1063995,-198.240265,119.395935,0.5],[-67.1692429,-206.727676,119.395935,0.5],[-66.5622406,-209.942993,119.395935,0.5],[-66.2395325,-211.190323,119.395935,0.5],[-66.4874802,-211.833878,119.395935,0.5],[-68.2346344,-213.044128,119.395935,0.5],[-72.9412079,-216.287933,119.395935,0.5],[-81.2725067,-222.172379,119.395935,0.5],[-92.7726288,-230.326111,119.395935,0.5],[-98.3949356,-234.279221,119.395935,0.5],[-101.532417,-236.518555,119.395935,0.5],[-102.491096,-236.978897,119.395935,0.5],[-103.638412,-236.79512,119.395935,0.5],[-109.29911,-235.80304,119.395935,0.5],[-114.632782,-234.906311,119.395935,0.5],[-115.601067,-234.774033,119.395935,0.5],[-116.25116,-234.544739,119.395935,0.5],[-116.783012,-233.997299,119.395935,0.5],[-117.910973,-232.31189,119.393227,0.5],[-120.762901,-228.35878,119.395935,0.5],[-124.473221,-223.026077,119.395935,0.5],[-125.846115,-221.110214,119.39006,0.5],[-126.426987,-220.857605,119.39006,0.5]],"renderPriority":3,"textureLength":16,"useTemplate":"true"}
{"class":"DecalRoad","persistentId":"0debb05c-c1e9-458f-ac4a-7e3bde139794","__parent":"raceTrackParkingLotGrandStands","position":[-71.4030838,-144.173203,119.395935],"breakAngle":1,"detail":0.200000003,"distanceFade":[200,50],"improvedSpline":true,"material":"line_dashed_short_yellow","nodes":[[-71.4030838,-144.173203,119.395935,0.200000003],[-131.209305,-186.676712,119.395935,0.200000003]],"renderPriority":6,"startEndFade":[2,0],"textureLength":12}
{"class":"DecalRoad","persistentId":"68e6fc7b-9f4a-48b8-a3cd-6bde82595c7b","__parent":"raceTrackParkingLotGrandStands","position":[39.657856,-63.8053703,119.395935],"breakAngle":1,"detail":0.200000003,"distanceFade":[200,50],"improvedSpline":true,"material":"line_yellow","nodes":[[39.657856,-63.8053703,119.395935,0.200000003],[48.1549301,-57.4183807,119.392868,0.200000003],[56.1721458,-48.0370865,119.386421,0.200000003],[60.1715736,-36.093544,119.393707,0.200000003],[59.4251976,-24.6563797,119.394455,0.200000003],[55.5247002,-15.2879591,119.384193,0.200000003],[51.142746,-8.40331173,119.384193,0.200000003]],"renderPriority":6,"startEndFade":[2,0],"startTangent":true,"textureLength":12}
{"class":"DecalRoad","persistentId":"beaa293b-fb44-4ef4-9b2b-d0727f54d893","__parent":"raceTrackParkingLotGrandStands","position":[-103.546051,-226.706924,119.395935],"breakAngle":1,"detail":0.200000003,"distanceFade":[200,50],"improvedSpline":true,"material":"line_dashed_short_yellow","nodes":[[-103.546051,-226.706924,119.395935,0.200000003],[-81.952919,-211.139694,119.395935,0.200000003]],"renderPriority":6,"startEndFade":[2,0],"textureLength":12}
{"class":"DecalRoad","persistentId":"e7c0898e-b751-4f61-bb6d-fbfc6f9ed9b3","__parent":"raceTrackParkingLotGrandStands","position":[-121.153816,-208.442276,119.395935],"breakAngle":1,"detail":0.200000003,"distanceFade":[200,50],"improvedSpline":true,"material":"line_dashed_short_yellow","nodes":[[-121.153816,-208.442276,119.395935,0.200000003],[-86.2788391,-183.850983,119.395935,0.200000003]],"renderPriority":6,"startEndFade":[2,0],"textureLength":12}
{"class":"DecalRoad","persistentId":"71107fd5-d2e7-41b9-b56e-7826ac1aa7e3","__parent":"raceTrackParkingLotGrandStands","position":[-70.7767563,-183.950333,119.395935],"detail":0.200000003,"distanceFade":[200,50],"endTangent":true,"improvedSpline":true,"material":"crossing_white","nodes":[[-70.7767563,-183.950333,119.395935,6],[-65.5503082,-165.055466,119.395935,6],[-44.7501068,-134.401505,119.395935,6],[-14.0816116,-110.679298,119.395935,6],[0.031627655,-104.2827,119.395935,6]],"renderPriority":12,"startEndFade":[1,0],"startTangent":true,"textureLength":3.5}
{"class":"DecalRoad","persistentId":"b9234963-fea3-46dc-be28-6a5aabbc3e0d","__parent":"raceTrackParkingLotGrandStands","position":[-74.082962,-209.122452,119.395935],"detail":0.200000003,"distanceFade":[200,50],"endTangent":true,"improvedSpline":true,"material":"line_white","nodes":[[-74.082962,-209.122452,119.395935,0.200000003],[-70.5018845,-204.847946,119.395935,0.200000003]],"renderPriority":12,"startTangent":true,"textureLength":6}
{"class":"DecalRoad","persistentId":"cfde2496-55df-4c6b-ac38-37ef97feb766","__parent":"raceTrackParkingLotGrandStands","position":[-73.2664719,-212.200974,119.395935],"detail":0.200000003,"distanceFade":[200,50],"endTangent":true,"improvedSpline":true,"material":"line_white","nodes":[[-73.2664719,-212.200974,119.395935,0.200000003],[-67.0533524,-204.921417,119.395935,0.200000003]],"renderPriority":12,"startTangent":true,"textureLength":6}
{"class":"DecalRoad","persistentId":"b2bb3b99-2c53-4698-9b4c-aae6c850ef90","__parent":"raceTrackParkingLotGrandStands","position":[-72.475647,-213.267303,119.395935],"detail":0.200000003,"distanceFade":[200,50],"endTangent":true,"improvedSpline":true,"material":"line_white","nodes":[[-72.475647,-213.267303,119.395935,0.200000003],[-66.8671494,-206.764816,119.395935,0.200000003]],"renderPriority":12,"startTangent":true,"textureLength":6}
{"class":"DecalRoad","persistentId":"269542fd-06fe-4d36-a6af-bcd3b174fc93","__parent":"raceTrackParkingLotGrandStands","position":[-71.6935959,-214.395569,119.395935],"detail":0.200000003,"distanceFade":[200,50],"endTangent":true,"improvedSpline":true,"material":"line_white","nodes":[[-71.6935959,-214.395569,119.395935,0.200000003],[-66.5642624,-208.400604,119.395935,0.200000003]],"renderPriority":12,"startTangent":true,"textureLength":6}
{"class":"DecalRoad","persistentId":"ff6a3fec-b9e0-44b6-a829-d5ad847bffa0","__parent":"raceTrackParkingLotGrandStands","position":[27.8812752,-102.488113,119.395935],"detail":0.200000003,"distanceFade":[200,50],"endTangent":true,"improvedSpline":true,"material":"line_white","nodes":[[27.8812752,-102.488113,119.395935,0.200000003],[25.3782578,-106.477402,119.395935,0.200000003]],"renderPriority":12,"startTangent":true,"textureLength":6}
{"class":"DecalRoad","persistentId":"bfd55bc5-f396-4381-acec-b22f4e9ee02b","__parent":"raceTrackParkingLotGrandStands","position":[29.8093605,-102.898041,119.395935],"detail":0.200000003,"distanceFade":[200,50],"endTangent":true,"improvedSpline":true,"material":"line_white","nodes":[[29.8093605,-102.898041,119.395935,0.200000003],[26.2501774,-108.395142,119.395935,0.200000003]],"renderPriority":12,"startTangent":true,"textureLength":6}
{"class":"DecalRoad","persistentId":"6579975a-1c48-4301-9569-624b9e1da531","__parent":"raceTrackParkingLotGrandStands","position":[31.8955193,-105.844582,119.395935],"detail":0.200000003,"distanceFade":[200,50],"endTangent":true,"improvedSpline":true,"material":"line_white","nodes":[[31.8955193,-105.844582,119.395935,0.200000003],[30.2501774,-108.395142,119.395935,0.200000003]],"renderPriority":12,"startTangent":true,"textureLength":6}
{"class":"DecalRoad","persistentId":"d5c40e91-33bb-4df7-baed-89d3efbb8810","__parent":"raceTrackParkingLotGrandStands","position":[-74.0399857,-211.102798,119.395935],"detail":0.200000003,"distanceFade":[200,50],"endTangent":true,"improvedSpline":true,"material":"line_white","nodes":[[-74.0399857,-211.102798,119.395935,0.200000003],[-68.4656601,-204.56395,119.395935,0.200000003]],"renderPriority":12,"startTangent":true,"textureLength":6}
{"class":"DecalRoad","persistentId":"9f8ee620-ce0e-451f-b432-62597830eb5f","__parent":"raceTrackParkingLotGrandStands","position":[-71.0055084,-215.576569,119.395935],"detail":0.200000003,"distanceFade":[200,50],"endTangent":true,"improvedSpline":true,"material":"line_white","nodes":[[-71.0055084,-215.576569,119.395935,0.200000003],[-66.0272293,-209.827133,119.395935,0.200000003]],"renderPriority":12,"startTangent":true,"textureLength":6}
{"class":"DecalRoad","persistentId":"94f43967-6679-4f78-acfe-224f4c558c7b","__parent":"raceTrackParkingLotGrandStands","position":[30.8004532,-104.324814,119.395935],"detail":0.200000003,"distanceFade":[200,50],"endTangent":true,"improvedSpline":true,"material":"line_white","nodes":[[30.8004532,-104.324814,119.395935,0.200000003],[28.2501774,-108.395142,119.395935,0.200000003]],"renderPriority":12,"startTangent":true,"textureLength":6}
{"class":"DecalRoad","persistentId":"7138be88-72a0-4a27-9b1e-5ff4efaf592e","__parent":"raceTrackParkingLotGrandStands","position":[26.3351345,-102.19976,119.395935],"detail":0.200000003,"distanceFade":[200,50],"endTangent":true,"improvedSpline":true,"material":"line_white","nodes":[[26.3351345,-102.19976,119.395935,0.200000003],[25.6440716,-103.247375,119.395935,0.200000003]],"renderPriority":12,"startTangent":true,"textureLength":6}
{"class":"TSStatic","__parent":"raceTrackParkingLotGrandStands","position":[-45.3962631,-178.345825,128.785461],"isRenderEnabled":false,"rotationMatrix":[-0.961314321,0.275453597,0,-0.275453597,-0.961314201,-9.62416379e-06,-2.67648716e-06,-9.38236371e-06,0.999999821],"shapeName":"/levels/west_coast_usa/art/shapes/objects/s_hvac_seer.dae","useInstanceRenderData":true}
{"class":"TSStatic","__parent":"raceTrackParkingLotGrandStands","position":[-44.6465607,-175.729401,128.785492],"isRenderEnabled":false,"rotationMatrix":[-0.961314321,0.275453597,0,-0.275453597,-0.961314201,-9.62416379e-06,-2.67648716e-06,-9.38236371e-06,0.999999821],"shapeName":"/levels/west_coast_usa/art/shapes/objects/s_hvac_seer.dae","useInstanceRenderData":true}
{"class":"TSStatic","__parent":"raceTrackParkingLotGrandStands","position":[-0.451125383,-131.365387,128.785507],"isRenderEnabled":false,"rotationMatrix":[-0.971039534,-0.238919616,-2.40992404e-06,0.238919616,-0.971039534,-9.83999871e-06,1.08375389e-08,-1.01308042e-05,1],"shapeName":"/levels/west_coast_usa/art/shapes/objects/s_hvac_seer.dae","useInstanceRenderData":true}
{"class":"TSStatic","__parent":"raceTrackParkingLotGrandStands","position":[-3.30702472,-132.068069,128.785492],"isRenderEnabled":false,"rotationMatrix":[-0.971039534,-0.238919616,-2.40992404e-06,0.238919616,-0.971039534,-9.83999871e-06,1.08375389e-08,-1.01308042e-05,1],"shapeName":"/levels/west_coast_usa/art/shapes/objects/s_hvac_seer.dae","useInstanceRenderData":true}
{"class":"TSStatic","__parent":"raceTrackParkingLotGrandStands","position":[18.4545174,-194.079941,5.22064209],"hidden":true,"isRenderEnabled":false,"rotationMatrix":[-0.585266829,0.810840905,0,-0.810840905,-0.585266829,0,0,0,1],"scale":[8.58083916,8.58083916,8.17222977],"shapeName":"/levels/west_coast_usa/art/shapes/buildings/s_oil_ref_tank.dae","useInstanceRenderData":true}
{"class":"TSStatic","__parent":"raceTrackParkingLotGrandStands","position":[18.4545174,-194.079941,68.5647736],"hidden":true,"isRenderEnabled":false,"rotationMatrix":[-0.585266829,0.810840905,0,-0.810840905,-0.585266829,0,0,0,1],"scale":[4.78154707,4.78154707,4.55385399],"shapeName":"/levels/west_coast_usa/art/shapes/buildings/s_oil_ref_tank.dae","useInstanceRenderData":true}
{"class":"TSStatic","__parent":"raceTrackParkingLotGrandStands","position":[18.4352589,-194.201004,17.4921951],"hidden":true,"isRenderEnabled":false,"rotationMatrix":[-0.585266829,0.810840905,0,-0.810840905,-0.585266829,0,0,0,1],"scale":[8.01543713,8.01543713,7.63374853],"shapeName":"/levels/west_coast_usa/art/shapes/buildings/s_oil_ref_tank.dae","useInstanceRenderData":true}
{"class":"TSStatic","__parent":"raceTrackParkingLotGrandStands","position":[18.4545174,-194.079941,29.706665],"hidden":true,"isRenderEnabled":false,"rotationMatrix":[-0.585266829,0.810840905,0,-0.810840905,-0.585266829,0,0,0,1],"scale":[7.10495186,7.10495186,6.7666254],"shapeName":"/levels/west_coast_usa/art/shapes/buildings/s_oil_ref_tank.dae","useInstanceRenderData":true}
{"class":"TSStatic","__parent":"raceTrackParkingLotGrandStands","position":[18.4545174,-194.079941,37.2523689],"hidden":true,"isRenderEnabled":false,"rotationMatrix":[-0.585266829,0.810840905,0,-0.810840905,-0.585266829,0,0,0,1],"scale":[6.62890148,6.62890148,6.31324196],"shapeName":"/levels/west_coast_usa/art/shapes/buildings/s_oil_ref_tank.dae","useInstanceRenderData":true}
{"class":"TSStatic","__parent":"raceTrackParkingLotGrandStands","position":[18.4352589,-194.201004,-107.335899],"hidden":true,"isRenderEnabled":false,"rotationMatrix":[-0.585266829,0.810840905,0,-0.810840905,-0.585266829,0,0,0,1],"scale":[8.30832863,8.30832863,16.2434845],"shapeName":"/levels/west_coast_usa/art/shapes/buildings/s_oil_ref_tank.dae","useInstanceRenderData":true}
{"class":"DecalRoad","persistentId":"a1572a7a-36e3-418f-b834-c3c6ef613dd8","__parent":"raceTrackParkingLotGrandStands","position":[-41.6373596,-116.60228,119.395935],"detail":0.200000003,"distanceFade":[200,50],"improvedSpline":true,"material":"line_white","nodes":[[-41.6373596,-116.60228,119.395935,0.200000003],[-44.592865,-118.774803,119.395935,0.200000003],[-47.8082619,-120.508842,119.395935,0.200000003],[-50.9854889,-121.026428,119.384193,0.200000003],[-53.7145462,-120.505913,119.384193,0.200000003],[-56.4370422,-118.754433,119.384193,0.200000003],[-59.8178673,-114.441849,119.384537,0.200000003],[-64.928421,-107.421181,119.384193,0.200000003],[-67.9871902,-103.299927,119.384193,0.200000003]],"renderPriority":2,"textureLength":6}
{"class":"DecalRoad","persistentId":"73e0d753-6843-4087-9c64-4cfbe38540d1","__parent":"raceTrackParkingLotGrandStands","position":[-45.5264053,-111.3452,119.39006],"detail":0.200000003,"distanceFade":[200,50],"improvedSpline":true,"material":"line_white","nodes":[[-45.5264053,-111.3452,119.39006,0.200000003],[-41.6466789,-116.69429,119.395935,0.200000003]],"renderPriority":2,"textureLength":6}
{"class":"DecalRoad","persistentId":"4a3cc4f0-7ac0-4e86-a65b-442d0f4bbd75","__parent":"raceTrackParkingLotGrandStands","position":[-53.4561424,-120.639656,119.384193],"detail":0.200000003,"distanceFade":[200,50],"improvedSpline":true,"material":"line_white","nodes":[[-53.4561424,-120.639656,119.384193,0.200000003],[-52.0631752,-116.048317,119.387413,0.200000003]],"renderPriority":2,"textureLength":6}
{"class":"DecalRoad","persistentId":"cb03d055-54ae-40a5-b82e-69d0961a02dd","__parent":"raceTrackParkingLotGrandStands","position":[-61.977787,-111.534081,119.38987],"detail":0.200000003,"distanceFade":[200,50],"improvedSpline":true,"material":"line_white","nodes":[[-61.977787,-111.534081,119.38987,0.200000003],[-60.9162483,-108.134064,119.395935,0.200000003]],"renderPriority":2,"textureLength":6}
{"internalName":"a","class":"DecalRoad","persistentId":"1dcd5012-043b-468b-b076-222a8b12f7e8","__parent":"raceTrackParkingLotGrandStands","position":[55.1912804,-14.4725342,119.384193],"detail":0.200000003,"distanceFade":[200,50],"improvedSpline":true,"material":"road_asphalt_light","nodes":[[55.1912804,-14.4725342,119.384193,10],[51.7223358,-7.94669437,119.384193,10],[51.38554,-2.13590598,119.384193,10],[53.4852142,3.88635778,119.384193,10],[58.4793587,9.14559078,119.384193,10]],"startEndFade":[1,3],"textureLength":16}
{"class":"DecalRoad","persistentId":"f74e9357-331b-4b04-94b6-1baa90ea2eb7","__parent":"raceTrackParkingLotGrandStands","position":[-73.7461929,-109.284019,119.384193],"detail":0.200000003,"distanceFade":[200,50],"improvedSpline":true,"material":"line_white","nodes":[[-73.7461929,-109.284019,119.384193,0.200000003],[-78.0494995,-107.949707,119.384193,0.200000003]],"renderPriority":2,"startEndFade":[0,1],"textureLength":6}
{"class":"DecalRoad","persistentId":"eb0fefaf-073e-458e-92bc-a6c8c4a9d9ee","__parent":"raceTrackParkingLotGrandStands","position":[-63.3034668,-123.944344,119.384193],"detail":0.200000003,"distanceFade":[200,50],"improvedSpline":true,"material":"line_white","nodes":[[-63.3034668,-123.944344,119.384193,0.200000003],[-67.6627884,-122.572014,119.395935,0.200000003]],"renderPriority":2,"textureLength":6}
{"class":"DecalRoad","persistentId":"52ba6be2-afdb-4f2d-a001-213ffb343d3c","__parent":"raceTrackParkingLotGrandStands","position":[-65.9318161,-134.430542,119.395119],"detail":0.200000003,"distanceFade":[200,50],"improvedSpline":true,"material":"line_white","nodes":[[-65.9318161,-134.430542,119.395119,0.200000003],[-73.9365082,-131.878448,119.393707,0.200000003]],"renderPriority":2,"textureLength":6}
{"class":"DecalRoad","persistentId":"38d9b610-1082-4871-9289-248bf1fc9e31","__parent":"raceTrackParkingLotGrandStands","position":[-76.7118378,-100.699661,119.384193],"detail":0.200000003,"distanceFade":[200,50],"improvedSpline":true,"material":"AsphaltRoad_variation_01","nodes":[[-76.7118378,-100.699661,119.384193,9],[-185.391068,-179.975433,119.130013,9]],"renderPriority":6,"startEndFade":[5,5],"textureLength":80}
{"class":"DecalRoad","persistentId":"65698251-b497-42df-81ea-a60c2eb34f4a","__parent":"raceTrackParkingLotGrandStands","position":[-185.004776,-179.520721,119.14254],"detail":0.200000003,"distanceFade":[200,50],"improvedSpline":true,"material":"road_asphalt_2lane","nodes":[[-185.004776,-179.520721,119.14254,10],[54.6346626,-5.51739693,119.384193,10]],"renderPriority":14,"textureLength":11}
{"class":"DecalRoad","persistentId":"303ff0a4-274c-4f9a-96df-24c9ee69d6a5","__parent":"raceTrackParkingLotGrandStands","position":[-44.3754883,-118.660019,119.395935],"detail":0.200000003,"distanceFade":[200,50],"improvedSpline":true,"material":"line_white","nodes":[[-44.3754883,-118.660019,119.395935,0.200000003],[-43.1440468,-114.624763,119.395935,0.200000003]],"renderPriority":2,"textureLength":6}
{"class":"DecalRoad","persistentId":"46d33eb2-d31e-4452-84a6-8673c4131962","__parent":"raceTrackParkingLotGrandStands","position":[-67.5570602,-103.880699,119.384193],"detail":0.200000003,"distanceFade":[200,50],"improvedSpline":true,"material":"line_white","nodes":[[-67.5570602,-103.880699,119.384193,0.200000003],[-69.7309189,-100.722694,119.384193,0.200000003],[-70.6517563,-98.243721,119.384193,0.200000003],[-70.9820023,-95.0614853,119.384193,0.200000003],[-70.1837616,-91.7004166,119.384193,0.200000003],[-68.1081085,-88.5033264,119.384193,0.200000003],[-64.0735931,-85.3609543,119.384193,0.200000003]],"renderPriority":2,"startEndFade":[1,0],"textureLength":6}
{"class":"DecalRoad","persistentId":"cc305f26-679e-4bfe-a78c-6463db78fffb","__parent":"raceTrackParkingLotGrandStands","position":[-70.36129,-137.6642,119.395935],"detail":0.200000003,"distanceFade":[200,50],"improvedSpline":true,"material":"line_white","nodes":[[-70.36129,-137.6642,119.395935,0.200000003],[-67.444313,-135.545624,119.395935,0.200000003],[-64.3134613,-132.998917,119.384193,0.200000003],[-62.4976768,-130.239822,119.384193,0.200000003],[-62.1890564,-126.97924,119.384193,0.200000003],[-63.6947479,-123.285919,119.384193,0.200000003],[-68.1802368,-116.924202,119.39006,0.200000003],[-71.6480026,-112.132431,119.384193,0.200000003],[-74.9823303,-107.475166,119.384193,0.200000003]],"renderPriority":2,"textureLength":6}
{"internalName":"a","class":"DecalRoad","persistentId":"ba7d1f54-0d41-4fa7-8ad9-30b39954ab8e","__parent":"raceTrackParkingLotGrandStands","position":[-163.360367,-222.782379,118.762062],"detail":0.200000003,"distanceFade":[200,50],"improvedSpline":true,"material":"road_asphalt_light","nodes":[[-163.360367,-222.782379,118.762062,9.5],[-177.946274,-197.429565,118.926437,9.5],[-184.163162,-186.638596,119.031281,9.5],[-186.856018,-180.043106,119.119873,9.5],[-186.636261,-173.818604,119.232964,9.25],[-183.917633,-168.482925,119.313972,9],[-179.536697,-164.364532,119.355637,9]],"startEndFade":[1,2],"textureLength":16}
{"class":"DecalRoad","persistentId":"10213e4a-c9d4-4a5b-a50c-12c02e92506e","__parent":"raceTrackParkingLotGrandStands","position":[-73.5388336,-98.4794083,119.384193],"detail":0.200000003,"distanceFade":[200,50],"improvedSpline":true,"material":"AsphaltRoad_variation_01","nodes":[[-73.5388336,-98.4794083,119.384193,9],[49.4028282,-9.52743149,119.384193,9]],"renderPriority":7,"startEndFade":[5,5],"textureLength":80}
{"class":"DecalRoad","persistentId":"ec8c992e-d17c-4f94-b78e-2b119a175d6b","__parent":"raceTrackParkingLotGrandStands","position":[-68.5862122,-136.415604,119.395935],"detail":0.200000003,"distanceFade":[200,50],"improvedSpline":true,"material":"line_white","nodes":[[-68.5862122,-136.415604,119.395935,0.200000003],[-71.9371109,-135.378281,119.39006,0.200000003]],"renderPriority":2,"textureLength":6}
{"class":"DecalRoad","persistentId":"1d79bc0f-9e73-47a0-a463-23a32017b8af","__parent":"raceTrackParkingLotGrandStands","position":[-47.7887993,-120.52404,119.395935],"detail":0.200000003,"distanceFade":[200,50],"improvedSpline":true,"material":"line_white","nodes":[[-47.7887993,-120.52404,119.395935,0.200000003],[-45.1307564,-111.889023,119.39006,0.200000003]],"renderPriority":2,"textureLength":6}
{"class":"DecalRoad","persistentId":"08c5722e-4781-4ba7-9b16-0ffb789a2ae7","__parent":"raceTrackParkingLotGrandStands","position":[-63.708477,-132.301071,119.384193],"detail":0.200000003,"distanceFade":[200,50],"improvedSpline":true,"material":"line_white","nodes":[[-63.708477,-132.301071,119.384193,0.200000003],[-71.1911087,-129.923401,119.394417,0.200000003]],"renderPriority":2,"textureLength":6}
{"class":"DecalRoad","persistentId":"a102dda7-f030-461f-994b-0422b992ae5c","__parent":"raceTrackParkingLotGrandStands","position":[44.9994469,-53.5052948,119.384254],"detail":0.200000003,"distanceFade":[200,50],"improvedSpline":true,"material":"road_edge","nodes":[[44.9994469,-53.5052948,119.384254,1.5],[49.7491913,-48.3932648,119.384193,1.5],[53.6637688,-41.5931015,119.384193,1.5],[55.1522865,-32.8022079,119.384193,1.5],[54.2289619,-25.3333302,119.384193,1.5],[51.7969017,-19.3384514,119.384193,1.5],[49.5172768,-15.2696896,119.384193,1.5]],"renderPriority":1,"startEndFade":[1,1],"textureLength":20,"useTemplate":"true"}
{"class":"DecalRoad","persistentId":"dacdeaba-9b59-4f3f-98ff-12967a8ed4b6","__parent":"raceTrackParkingLotGrandStands","position":[-67.9319534,-103.339676,119.384193],"detail":0.200000003,"distanceFade":[200,50],"improvedSpline":true,"material":"line_white","nodes":[[-67.9319534,-103.339676,119.384193,0.200000003],[-66.8338699,-99.8013077,119.384193,0.200000003]],"renderPriority":2,"startEndFade":[0,1],"textureLength":6}
{"class":"DecalRoad","persistentId":"bcf80b0c-1069-4601-85da-69b3ea5692e6","__parent":"raceTrackParkingLotGrandStands","position":[-57.9815369,-116.944359,119.387451],"detail":0.200000003,"distanceFade":[200,50],"improvedSpline":true,"material":"line_white","nodes":[[-57.9815369,-116.944359,119.387451,0.200000003],[-56.96912,-113.597305,119.395935,0.200000003]],"renderPriority":2,"textureLength":6}
{"class":"DecalRoad","persistentId":"3674374b-d370-4893-bb1d-c4c54cdf5883","__parent":"raceTrackParkingLotGrandStands","position":[-62.1630325,-127.126419,119.384193],"detail":0.200000003,"distanceFade":[200,50],"improvedSpline":true,"material":"line_white","nodes":[[-62.1630325,-127.126419,119.384193,0.200000003],[-66.9097519,-125.647186,119.384193,0.200000003]],"renderPriority":2,"textureLength":6}
{"class":"DecalRoad","persistentId":"016345ad-d801-4358-84a8-5fa3023d7464","__parent":"raceTrackParkingLotGrandStands","position":[-65.9273148,-106.031097,119.384193],"detail":0.200000003,"distanceFade":[200,50],"improvedSpline":true,"material":"line_white","nodes":[[-65.9273148,-106.031097,119.384193,0.200000003],[-64.903389,-102.678391,119.384193,0.200000003]],"renderPriority":2,"textureLength":6}
{"class":"DecalRoad","persistentId":"31e6df30-2c4f-4ba5-80d1-9255d97fd517","__parent":"raceTrackParkingLotGrandStands","position":[-65.7163391,-120.315498,119.39006],"detail":0.200000003,"distanceFade":[200,50],"improvedSpline":true,"material":"line_white","nodes":[[-65.7163391,-120.315498,119.39006,0.200000003],[-70.2396622,-118.912682,119.395935,0.200000003]],"renderPriority":2,"textureLength":6}
