{"class":"DecalRoad","persistentId":"4ef53d2f-9f86-4ddc-9c5a-5fe82dcf8890","__parent":"SimGroup_","position":[889.559021,-417.543091,161.698746],"improvedSpline":true,"material":"spraypaint_mark","nodes":[[889.559021,-417.543091,161.698746,1],[895.644165,-410.708191,162.42424,1]]}
{"name":"SimGroup_","class":"SimGroup","persistentId":"9b5ceb9f-5f0c-4e34-aad2-9a26e567c8dc","groupPosition":"862.22144266764 -386.32097066243 162.43748550415"}
{"class":"TSStatic","persistentId":"0358aca5-1f88-4070-81ed-9a14054783fd","__parent":"SimGroup_","position":[858.994141,-393.485809,161.90155],"isRenderEnabled":false,"rotationMatrix":[-0.579111218,-0.815226555,0.00598724559,0.81229198,-0.576370478,0.0893236175,-0.0693681091,0.056591697,0.995984674],"shapeName":"/levels/rls_west_coast_usa/art/shapes/objects/constructionbarrier_arrows.dae","useInstanceRenderData":true}
{"class":"TSStatic","persistentId":"09a8bd30-0377-4122-9d0e-4c0228c41470","__parent":"SimGroup_","position":[889.240295,-417.453094,161.781906],"isRenderEnabled":false,"rotationMatrix":[-0.593204856,-0.802751243,0.0608152971,0.767497122,-0.586720109,-0.258278519,0.243014961,-0.1065365,0.964154422],"shapeName":"/levels/rls_west_coast_usa/art/shapes/objects/constructionbarrier_arrows.dae","useInstanceRenderData":true}
{"class":"TSStatic","persistentId":"146fe241-beb3-461c-b530-09b9b05a6e32","__parent":"SimGroup_","position":[884.143616,-395.326385,163.235809],"isRenderEnabled":false,"rotationMatrix":[-0.608406663,-0.778267682,-0.155373335,0.76782006,-0.626751184,0.132798731,-0.200733364,-0.0385031365,0.978888988],"shapeName":"/levels/rls_west_coast_usa/art/shapes/objects/constructionbarrier_arrows.dae","useInstanceRenderData":true}
{"class":"TSStatic","persistentId":"16298266-25c5-4218-abed-f56929e6bb61","__parent":"SimGroup_","position":[868.007629,-401.243958,162.029388],"isRenderEnabled":false,"rotationMatrix":[-0.700055718,-0.714059532,-0.00640465599,0.714031637,-0.699859023,-0.0188706685,0.00899242423,-0.0177836474,0.999801397],"shapeName":"/levels/rls_west_coast_usa/art/shapes/objects/constructionbarrier_arrows.dae","useInstanceRenderData":true}
{"class":"TSStatic","persistentId":"1a805ecc-65a4-4082-80ce-01551865aee6","__parent":"SimGroup_","position":[894.812134,-409.522095,162.649948],"isRenderEnabled":false,"rotationMatrix":[-0.803931832,-0.560349524,-0.199253798,0.585764825,-0.803988099,-0.102385536,-0.102825992,-0.199026868,0.974584579],"shapeName":"/levels/rls_west_coast_usa/art/shapes/objects/constructionbarrier_arrows.dae","useInstanceRenderData":true}
{"class":"TSStatic","persistentId":"1a8c6d7e-c6ec-4051-b6a1-252a8c2ac0aa","__parent":"SimGroup_","position":[840.898071,-357.70871,163.670929],"isRenderEnabled":false,"rotationMatrix":[-0.907338381,-0.418799073,-0.0366633423,0.415477604,-0.906603813,0.073808156,-0.0641499236,0.0517361835,0.996598303],"shapeName":"/levels/rls_west_coast_usa/art/shapes/objects/constructionbarrier_arrows.dae","useInstanceRenderData":true}
{"class":"TSStatic","persistentId":"1ec70876-4cf1-42bb-8324-d4704ec00ef4","__parent":"SimGroup_","position":[844.012817,-362.694122,163.098221],"isRenderEnabled":false,"rotationMatrix":[-0.724002838,-0.664474547,-0.185185596,0.688475311,-0.712699771,-0.134390652,-0.0426825583,-0.224794924,0.973470807],"shapeName":"/levels/rls_west_coast_usa/art/shapes/objects/constructionbarrier_arrows.dae","useInstanceRenderData":true}
{"class":"TSStatic","persistentId":"213d1ba6-3187-4dc5-8a89-6fc72d4effe2","__parent":"SimGroup_","position":[882.075806,-412.187836,161.941055],"isRenderEnabled":false,"rotationMatrix":[-0.557747245,-0.828222394,-0.0544574261,0.829476953,-0.558540344,-0.000788131729,-0.0297639221,-0.0456107631,0.998515785],"shapeName":"/levels/rls_west_coast_usa/art/shapes/objects/constructionbarrier_arrows.dae","useInstanceRenderData":true}
{"class":"TSStatic","persistentId":"248fa4d8-f480-482a-a709-4e5226e7b1f1","__parent":"SimGroup_","position":[888.036682,-399.768066,163.457596],"isRenderEnabled":false,"rotationMatrix":[-0.798574448,-0.568046153,-0.199003711,0.569896519,-0.819964409,0.0536313169,-0.193641022,-0.0705829337,0.978530109],"shapeName":"/levels/rls_west_coast_usa/art/shapes/objects/constructionbarrier_arrows.dae","useInstanceRenderData":true}
{"class":"TSStatic","persistentId":"2e0671c4-c3db-44ed-93b7-ae6ef4503bbc","__parent":"SimGroup_","position":[874.34021,-380.446167,162.825287],"isRenderEnabled":false,"rotationMatrix":[-0.747738957,-0.649454117,-0.138187975,0.653546691,-0.756631136,0.0196465347,-0.117316842,-0.075621821,0.990211129],"shapeName":"/levels/rls_west_coast_usa/art/shapes/objects/constructionbarrier_arrows.dae","useInstanceRenderData":true}
{"class":"TSStatic","persistentId":"3345066a-eadc-4f97-9bca-f8af2db1cccd","__parent":"SimGroup_","position":[833.614502,-360.640259,163.499588],"isRenderEnabled":false,"rotationMatrix":[-0.970071077,-0.242811516,-0.00217572134,0.242432758,-0.967973351,-0.0652220696,0.0137306293,-0.0637975037,0.997868419],"shapeName":"/levels/rls_west_coast_usa/art/shapes/objects/constructionbarrier_arrows.dae","useInstanceRenderData":true}
{"class":"TSStatic","persistentId":"3754e1e4-8097-4537-b092-cf41626198f3","__parent":"SimGroup_","position":[867.765381,-374.428253,162.877167],"isRenderEnabled":false,"rotationMatrix":[-0.600675344,-0.789467514,-0.126214221,0.795066655,-0.606448174,0.00946144387,-0.08401189,-0.0946654677,0.991957903],"shapeName":"/levels/rls_west_coast_usa/art/shapes/objects/constructionbarrier_arrows.dae","useInstanceRenderData":true}
{"class":"TSStatic","persistentId":"393804f2-b725-4ae9-a2a4-03440ad8e41a","__parent":"SimGroup_","position":[862.792053,-371.1987,162.545334],"isRenderEnabled":false,"rotationMatrix":[-0.442081213,-0.883156061,-0.156841993,0.89339304,-0.449143291,0.0109113418,-0.0800809637,-0.135297835,0.987563431],"shapeName":"/levels/rls_west_coast_usa/art/shapes/objects/constructionbarrier_arrows.dae","useInstanceRenderData":true}
{"class":"TSStatic","persistentId":"393b612e-7f0e-4e67-88d4-318cad8a76d6","__parent":"SimGroup_","position":[877.815552,-385.275024,162.961334],"isRenderEnabled":false,"rotationMatrix":[-0.828962803,-0.532483399,-0.171120271,0.537667811,-0.842955351,0.0184262563,-0.154058442,-0.0767311826,0.985077798],"shapeName":"/levels/rls_west_coast_usa/art/shapes/objects/constructionbarrier_arrows.dae","useInstanceRenderData":true}
{"class":"TSStatic","persistentId":"39fd6415-4666-4cbc-8441-ab8b9590f15b","__parent":"SimGroup_","position":[891.394348,-404.672974,163.198318],"isRenderEnabled":false,"rotationMatrix":[-0.82506609,-0.544104218,-0.152370378,0.560588717,-0.822015524,-0.100154743,-0.070756197,-0.168051377,0.983235598],"shapeName":"/levels/rls_west_coast_usa/art/shapes/objects/constructionbarrier_arrows.dae","useInstanceRenderData":true}
{"class":"TSStatic","persistentId":"40d7226a-0580-45b3-9a2d-67ae028fbed2","__parent":"SimGroup_","position":[834.482483,-366.417328,162.45784],"isRenderEnabled":false,"rotationMatrix":[-0.997644305,0.00562600186,0.0683707371,-0.0187374745,-0.981082559,-0.192681268,0.0659933016,-0.193508431,0.978876591],"shapeName":"/levels/rls_west_coast_usa/art/shapes/objects/constructionbarrier_arrows.dae","useInstanceRenderData":true}
{"class":"TSStatic","persistentId":"4291b939-cd38-433e-b478-63e8ba9a64fa","__parent":"SimGroup_","position":[834.518677,-369.352936,161.965759],"isRenderEnabled":false,"rotationMatrix":[-0.997274637,-0.0713990927,0.0185807496,0.0684278756,-0.989302039,-0.128836855,0.0275808088,-0.127214298,0.991491735],"shapeName":"/levels/rls_west_coast_usa/art/shapes/objects/constructionbarrier_arrows.dae","useInstanceRenderData":true}
{"class":"TSStatic","persistentId":"44dc0eff-0a7a-406c-b32f-ff77d7f5178e","__parent":"SimGroup_","position":[879.601135,-410.53006,161.962799],"isRenderEnabled":false,"rotationMatrix":[-0.555125356,-0.8307724,-0.0406567939,0.831328869,-0.555755615,0.00527958572,-0.0269813798,-0.0308683366,0.999159217],"shapeName":"/levels/rls_west_coast_usa/art/shapes/objects/constructionbarrier_arrows.dae","useInstanceRenderData":true}
{"class":"TSStatic","persistentId":"45b30ff1-7da3-4b27-9320-cc565e67abd7","__parent":"SimGroup_","position":[848.884399,-366.036865,162.472488],"isRenderEnabled":false,"rotationMatrix":[-0.484534383,-0.864957154,-0.130673274,0.874379575,-0.483357668,-0.0427271277,-0.0262048058,-0.134960815,0.990504384],"shapeName":"/levels/rls_west_coast_usa/art/shapes/objects/constructionbarrier_arrows.dae","useInstanceRenderData":true}
{"class":"TSStatic","persistentId":"478a2771-dd9b-4f8a-8f71-5fc6c77057a2","__parent":"SimGroup_","position":[837.633118,-383.772308,161.7341],"isRenderEnabled":false,"rotationMatrix":[-0.859801888,-0.510057867,0.0241213683,0.51046139,-0.859768391,0.0150913913,0.0130413044,0.0252886321,0.999595106],"shapeName":"/levels/rls_west_coast_usa/art/shapes/objects/constructionbarrier_arrows.dae","useInstanceRenderData":true}
{"class":"TSStatic","persistentId":"4acb9c63-e3c5-4502-8053-bea4dad0f31c","__parent":"SimGroup_","position":[865.358765,-372.704254,162.521591],"isRenderEnabled":false,"rotationMatrix":[-0.547365427,-0.82910949,-0.113879018,0.822195232,-0.558140874,0.111685336,-0.156159908,-0.0324981026,0.987197042],"shapeName":"/levels/rls_west_coast_usa/art/shapes/objects/constructionbarrier_arrows.dae","useInstanceRenderData":true}
{"class":"TSStatic","persistentId":"4f18b320-dcbd-4639-abd5-2a1315ab1ae7","__parent":"SimGroup_","position":[851.047729,-389.510834,161.689774],"isRenderEnabled":false,"rotationMatrix":[-0.267764211,-0.963335097,0.0169630237,0.96345669,-0.267581344,0.0123008275,-0.00731082866,0.0196368601,0.999780476],"shapeName":"/levels/rls_west_coast_usa/art/shapes/objects/constructionbarrier_arrows.dae","useInstanceRenderData":true}
{"class":"TSStatic","persistentId":"57b27430-dae7-44da-a776-a44f2bb26a16","__parent":"SimGroup_","position":[882.389832,-392.943298,163.153259],"isRenderEnabled":false,"rotationMatrix":[-0.859007001,-0.490334809,-0.147236362,0.503567696,-0.861094832,-0.0702504367,-0.0923382491,-0.134489104,0.986603439],"shapeName":"/levels/rls_west_coast_usa/art/shapes/objects/constructionbarrier_arrows.dae","useInstanceRenderData":true}
{"class":"TSStatic","persistentId":"5bed50b4-6132-4acd-8181-cfb1907ecac3","__parent":"SimGroup_","position":[870.072388,-376.302277,162.654282],"isRenderEnabled":false,"rotationMatrix":[-0.654638767,-0.750858247,-0.0875215828,0.752215564,-0.658512592,0.023082288,-0.0749655962,-0.0507245436,0.995895147],"shapeName":"/levels/rls_west_coast_usa/art/shapes/objects/constructionbarrier_arrows.dae","useInstanceRenderData":true}
{"class":"TSStatic","persistentId":"6432dcec-3f5e-47d2-b27a-aa82361cb337","__parent":"SimGroup_","position":[876.165833,-382.795654,162.948746],"isRenderEnabled":false,"rotationMatrix":[-0.802624226,-0.574004889,-0.162212804,0.576776147,-0.816183329,0.0342679508,-0.152065322,-0.0660561919,0.986160576],"shapeName":"/levels/rls_west_coast_usa/art/shapes/objects/constructionbarrier_arrows.dae","useInstanceRenderData":true}
{"class":"TSStatic","persistentId":"686963a2-5e10-40d5-b1b2-f64b1c22b6b0","__parent":"SimGroup_","position":[872.276733,-378.304657,162.680267],"isRenderEnabled":false,"rotationMatrix":[-0.680825233,-0.72100836,-0.128933623,0.724455059,-0.688813448,0.0264706891,-0.10789682,-0.0753847137,0.991299868],"shapeName":"/levels/rls_west_coast_usa/art/shapes/objects/constructionbarrier_arrows.dae","useInstanceRenderData":true}
{"class":"TSStatic","persistentId":"6cc6f390-8a1a-48b5-9bf3-39ebe62557be","__parent":"SimGroup_","position":[856.502686,-391.86145,161.759918],"isRenderEnabled":false,"rotationMatrix":[-0.49994421,-0.866055429,-0.00196732115,0.865624368,-0.499764562,0.0304920562,-0.027391009,0.0135413641,0.999533057],"shapeName":"/levels/rls_west_coast_usa/art/shapes/objects/constructionbarrier_arrows.dae","useInstanceRenderData":true}
{"class":"TSStatic","persistentId":"6da16b5e-a6df-4be6-a791-3eb02571dd43","__parent":"SimGroup_","position":[839.740906,-385.836914,161.746246],"isRenderEnabled":false,"rotationMatrix":[-0.482997179,-0.875316739,0.0231197085,0.875620484,-0.482877374,0.0108782724,0.00164205022,0.0254982635,0.999673545],"shapeName":"/levels/rls_west_coast_usa/art/shapes/objects/constructionbarrier_arrows.dae","useInstanceRenderData":true}
{"class":"TSStatic","persistentId":"6ebab4c8-e6d2-44a4-b8aa-4c0f7ce6a7ab","__parent":"SimGroup_","position":[886.295715,-397.355072,163.343201],"isRenderEnabled":false,"rotationMatrix":[-0.785599351,-0.590212762,-0.185694307,0.600374639,-0.799716473,0.00187910721,-0.14961189,-0.110009938,0.982605755],"shapeName":"/levels/rls_west_coast_usa/art/shapes/objects/constructionbarrier_arrows.dae","useInstanceRenderData":true}
{"class":"TSStatic","persistentId":"6f794a6b-660b-4cac-a992-8061e3284f55","__parent":"SimGroup_","position":[846.345032,-364.511383,162.763672],"isRenderEnabled":false,"rotationMatrix":[-0.564309001,-0.810980797,-0.154484361,0.825533032,-0.552710056,-0.114046656,0.00710457563,-0.191889495,0.981390834],"shapeName":"/levels/rls_west_coast_usa/art/shapes/objects/constructionbarrier_arrows.dae","useInstanceRenderData":true}
{"class":"TSStatic","persistentId":"728e7ec6-b2d2-49f9-974f-07ffb2d20298","__parent":"SimGroup_","position":[874.693665,-407.154419,162.057144],"isRenderEnabled":false,"rotationMatrix":[-0.587955356,-0.808727443,-0.0163886845,0.80880636,-0.588068724,0.0027654171,-0.0118741402,-0.0116293309,0.999861896],"shapeName":"/levels/rls_west_coast_usa/art/shapes/objects/constructionbarrier_arrows.dae","useInstanceRenderData":true}
{"class":"TSStatic","persistentId":"7f64bd78-a385-444b-a80c-7dcc7078b0ab","__parent":"SimGroup_","position":[833.309692,-357.820221,163.279877],"isRenderEnabled":false,"shapeName":"/levels/rls_west_coast_usa/art/shapes/objects/sandbarrel.dae","useInstanceRenderData":true}
{"class":"TSStatic","persistentId":"8534659c-82e9-406d-a69b-e257552823cc","__parent":"SimGroup_","position":[879.420959,-387.783295,163.031784],"isRenderEnabled":false,"rotationMatrix":[-0.823645711,-0.540423155,-0.17190282,0.540355206,-0.839869857,0.0513303764,-0.172116116,-0.050610546,0.983775675],"shapeName":"/levels/rls_west_coast_usa/art/shapes/objects/constructionbarrier_arrows.dae","useInstanceRenderData":true}
{"class":"TSStatic","persistentId":"8b3a0752-a863-466c-97b0-ddbaf7629156","__parent":"SimGroup_","position":[857.157776,-369.313812,162.338333],"isRenderEnabled":false,"rotationMatrix":[-0.247079134,-0.961601079,-0.119479164,0.967977226,-0.250586748,0.0150439963,-0.0444062203,-0.111936055,0.99272275],"shapeName":"/levels/rls_west_coast_usa/art/shapes/objects/constructionbarrier_arrows.dae","useInstanceRenderData":true}
{"class":"TSStatic","persistentId":"8c7c31b7-3d62-4b4f-ba3f-7cb1883e6291","__parent":"SimGroup_","position":[861.374878,-395.266357,162.053131],"isRenderEnabled":false,"rotationMatrix":[-0.631604671,-0.772480965,0.065943785,0.772947311,-0.634021759,-0.0238469355,0.0602311008,0.0359092392,0.997538328],"shapeName":"/levels/rls_west_coast_usa/art/shapes/objects/constructionbarrier_arrows.dae","useInstanceRenderData":true}
{"class":"TSStatic","persistentId":"962d7406-6214-4204-910e-830b21b843d9","__parent":"SimGroup_","position":[848.167297,-388.75177,161.677261],"isRenderEnabled":false,"rotationMatrix":[-0.246377468,-0.968922555,0.0220692381,0.969173849,-0.24630928,0.00579511747,-0.000179159455,0.0228167176,0.999739647],"shapeName":"/levels/rls_west_coast_usa/art/shapes/objects/constructionbarrier_arrows.dae","useInstanceRenderData":true}
{"class":"TSStatic","persistentId":"9cb2dc6e-61d2-49de-9e16-dc91513788c8","__parent":"SimGroup_","position":[877.13208,-408.864899,162.012253],"isRenderEnabled":false,"rotationMatrix":[-0.567472696,-0.822635531,-0.0352944359,0.823376656,-0.567204595,-0.0181648042,-0.00507615134,-0.0393686444,0.999211848],"shapeName":"/levels/rls_west_coast_usa/art/shapes/objects/constructionbarrier_arrows.dae","useInstanceRenderData":true}
{"class":"TSStatic","persistentId":"a3a6cd45-5c4a-4a8a-bd88-3dbb7618f2aa","__parent":"SimGroup_","position":[880.952454,-390.336121,163.081665],"isRenderEnabled":false,"rotationMatrix":[-0.851753116,-0.484640121,-0.199099109,0.489349186,-0.871630549,0.0282394402,-0.187226847,-0.0733759552,0.979572415],"shapeName":"/levels/rls_west_coast_usa/art/shapes/objects/constructionbarrier_arrows.dae","useInstanceRenderData":true}
{"class":"TSStatic","persistentId":"a7e4bb9c-bacd-49d0-bfec-76fdaa03b68e","__parent":"SimGroup_","position":[840.352234,-355.967346,163.216919],"isRenderEnabled":false,"shapeName":"/levels/rls_west_coast_usa/art/shapes/objects/sandbarrel.dae","useInstanceRenderData":true}
{"class":"TSStatic","persistentId":"ab0d5f8a-36d2-401c-927c-dfc8a8c22483","__parent":"SimGroup_","position":[835.047668,-375.278534,161.694168],"isRenderEnabled":false,"rotationMatrix":[-0.99153626,-0.129726097,-0.00519675668,0.129807487,-0.991316557,-0.021011088,-0.00242594443,-0.0215078332,0.999765754],"shapeName":"/levels/rls_west_coast_usa/art/shapes/objects/constructionbarrier_arrows.dae","useInstanceRenderData":true}
{"class":"TSStatic","persistentId":"bf05ff3f-8150-4e38-9820-f149fae965d5","__parent":"SimGroup_","position":[886.91571,-415.652802,162.089127],"isRenderEnabled":false,"rotationMatrix":[-0.606724024,-0.790725529,-0.0814799443,0.794711292,-0.605681539,-0.0397957191,-0.0178834125,-0.0888980553,0.995880187],"shapeName":"/levels/rls_west_coast_usa/art/shapes/objects/constructionbarrier_arrows.dae","useInstanceRenderData":true}
{"class":"TSStatic","persistentId":"c196c216-7780-4953-9724-7d3878009aaa","__parent":"SimGroup_","position":[889.723633,-402.219055,163.429565],"isRenderEnabled":false,"rotationMatrix":[-0.817576528,-0.542740822,-0.192356393,0.562814355,-0.823801875,-0.0677538663,-0.121690765,-0.163654909,0.978983343],"shapeName":"/levels/rls_west_coast_usa/art/shapes/objects/constructionbarrier_arrows.dae","useInstanceRenderData":true}
{"class":"TSStatic","persistentId":"c1e97220-0804-4d69-9eee-5faf1cb93263","__parent":"SimGroup_","position":[835.575928,-378.208069,161.659622],"isRenderEnabled":false,"rotationMatrix":[-0.968627214,-0.248395741,0.00779848779,0.248334408,-0.968640924,-0.00805420429,0.00955456402,-0.00586488843,0.999937177],"shapeName":"/levels/rls_west_coast_usa/art/shapes/objects/constructionbarrier_arrows.dae","useInstanceRenderData":true}
{"class":"TSStatic","persistentId":"cf2eb106-3612-4156-a8a8-f5a53898aa32","__parent":"SimGroup_","position":[884.523193,-413.882477,162.021469],"isRenderEnabled":false,"rotationMatrix":[-0.577528834,-0.812945724,-0.0746970773,0.810278058,-0.581971765,0.0689790845,-0.0995478481,-0.0206879862,0.994817674],"shapeName":"/levels/rls_west_coast_usa/art/shapes/objects/constructionbarrier_arrows.dae","useInstanceRenderData":true}
{"class":"TSStatic","persistentId":"d0954e0a-4031-461d-b8ee-92a71353de33","__parent":"SimGroup_","position":[853.852661,-390.506195,161.708755],"isRenderEnabled":false,"rotationMatrix":[-0.400416732,-0.916279495,0.00991763733,0.916312277,-0.400311112,0.0110883322,-0.00618987111,0.0135276057,0.999889314],"shapeName":"/levels/rls_west_coast_usa/art/shapes/objects/constructionbarrier_arrows.dae","useInstanceRenderData":true}
{"class":"TSStatic","persistentId":"d0ee1b42-6450-42a8-a32c-448ae2ba37c3","__parent":"SimGroup_","position":[860.025513,-370.109802,162.472412],"isRenderEnabled":false,"rotationMatrix":[-0.286885858,-0.949552178,-0.126676857,0.954276443,-0.294864178,0.0491057783,-0.0839809775,-0.106796995,0.990727782],"shapeName":"/levels/rls_west_coast_usa/art/shapes/objects/constructionbarrier_arrows.dae","useInstanceRenderData":true}
{"class":"TSStatic","persistentId":"d45c4c4a-844f-4e40-b79b-7a0864b32e27","__parent":"SimGroup_","position":[872.337097,-405.333405,162.059723],"isRenderEnabled":false,"rotationMatrix":[-0.646952629,-0.762434721,-0.0120645557,0.762480855,-0.64700985,0.0011413407,-0.00867608376,-0.00846059993,0.999926567],"shapeName":"/levels/rls_west_coast_usa/art/shapes/objects/constructionbarrier_arrows.dae","useInstanceRenderData":true}
{"class":"TSStatic","persistentId":"d6a5f789-d7e3-4818-804f-47accb04b0b0","__parent":"SimGroup_","position":[842.230225,-360.355225,163.507935],"isRenderEnabled":false,"rotationMatrix":[-0.85701251,-0.497399867,-0.134621143,0.514125049,-0.842968702,-0.158363402,-0.0347114839,-0.204931527,0.97816062],"shapeName":"/levels/rls_west_coast_usa/art/shapes/objects/constructionbarrier_arrows.dae","useInstanceRenderData":true}
{"class":"TSStatic","persistentId":"d8d9a397-f4a3-45e4-b0b3-f5ff7ab3cc3f","__parent":"SimGroup_","position":[836.396545,-381.070618,161.677063],"isRenderEnabled":false,"rotationMatrix":[-0.945367813,-0.326001585,-0.00162779493,0.325841248,-0.945037961,0.0270342771,-0.0103515442,0.0250269342,0.999633193],"shapeName":"/levels/rls_west_coast_usa/art/shapes/objects/constructionbarrier_arrows.dae","useInstanceRenderData":true}
{"class":"TSStatic","persistentId":"d9d8b00e-0e2d-4a72-82d3-fefe9597ea57","__parent":"SimGroup_","position":[863.628357,-397.209381,161.924866],"isRenderEnabled":false,"rotationMatrix":[-0.670271516,-0.740594089,0.0475063771,0.741659105,-0.670731068,0.00786149316,0.0260418206,0.0405028686,0.998839974],"shapeName":"/levels/rls_west_coast_usa/art/shapes/objects/constructionbarrier_arrows.dae","useInstanceRenderData":true}
{"class":"TSStatic","persistentId":"da7be791-2e60-4c6d-9a0b-573bc2b8e3b3","__parent":"SimGroup_","position":[834.259644,-363.507874,163.026962],"isRenderEnabled":false,"rotationMatrix":[-0.983665705,-0.177684307,0.0288090669,0.169633061,-0.968580961,-0.181866735,0.0602187775,-0.174009115,0.982901096],"shapeName":"/levels/rls_west_coast_usa/art/shapes/objects/constructionbarrier_arrows.dae","useInstanceRenderData":true}
{"class":"TSStatic","persistentId":"dbd666fa-912b-4be8-83ae-d501b36aff4f","__parent":"SimGroup_","position":[854.290894,-368.511902,162.370468],"isRenderEnabled":false,"rotationMatrix":[-0.319937229,-0.942888081,-0.0927479863,0.943599999,-0.325913787,0.0583021641,-0.085200265,-0.0688639581,0.993981242],"shapeName":"/levels/rls_west_coast_usa/art/shapes/objects/constructionbarrier_arrows.dae","useInstanceRenderData":true}
{"class":"TSStatic","persistentId":"e4707134-064f-4da9-8161-692ec9f6e819","__parent":"SimGroup_","position":[893.08313,-407.11264,162.927811],"isRenderEnabled":false,"rotationMatrix":[-0.817278147,-0.55596453,-0.151524484,0.572796643,-0.812517524,-0.10825491,-0.0629304126,-0.1752671,0.982507586],"shapeName":"/levels/rls_west_coast_usa/art/shapes/objects/constructionbarrier_arrows.dae","useInstanceRenderData":true}
{"class":"TSStatic","persistentId":"e6fa4e6f-8bf4-4478-891e-ad192993911f","__parent":"SimGroup_","position":[870.12738,-403.336731,162.036728],"isRenderEnabled":false,"rotationMatrix":[-0.69311893,-0.720821142,-0.00178672257,0.720785975,-0.693106055,0.00846287888,-0.00733860955,0.0045779366,0.999962568],"shapeName":"/levels/rls_west_coast_usa/art/shapes/objects/constructionbarrier_arrows.dae","useInstanceRenderData":true}
{"class":"TSStatic","persistentId":"efb19556-4758-427e-9741-07bcb727ebd2","__parent":"SimGroup_","position":[842.478271,-386.997437,161.742371],"isRenderEnabled":false,"rotationMatrix":[-0.320649505,-0.946701825,0.0306514036,0.947053254,-0.320998192,-0.00709273294,0.0165537503,0.0267542303,0.999504983],"shapeName":"/levels/rls_west_coast_usa/art/shapes/objects/constructionbarrier_arrows.dae","useInstanceRenderData":true}
{"class":"TSStatic","persistentId":"f3294f15-e926-48ae-8cdd-e19b3e18a822","__parent":"SimGroup_","position":[845.294983,-387.966125,161.716537],"isRenderEnabled":false,"rotationMatrix":[-0.289417624,-0.956157863,0.0447159,0.956600368,-0.290576935,-0.0219242908,0.0339564942,0.0364299715,0.998759151],"shapeName":"/levels/rls_west_coast_usa/art/shapes/objects/constructionbarrier_arrows.dae","useInstanceRenderData":true}
{"class":"TSStatic","persistentId":"f5b17fa2-0190-4311-9719-b9020d167c86","__parent":"SimGroup_","position":[834.74707,-372.316162,161.771088],"isRenderEnabled":false,"rotationMatrix":[-0.996802211,-0.0797189623,0.00550097041,0.0794013888,-0.995869756,-0.0440323651,0.00898846425,-0.0434547737,0.999014974],"shapeName":"/levels/rls_west_coast_usa/art/shapes/objects/constructionbarrier_arrows.dae","useInstanceRenderData":true}
{"class":"TSStatic","persistentId":"f9d95cea-3711-4d5a-80a0-781036462526","__parent":"SimGroup_","position":[865.829529,-399.213165,162.037445],"isRenderEnabled":false,"rotationMatrix":[-0.673885822,-0.738357544,0.026570579,0.738675952,-0.672557116,0.0449980944,-0.0153544527,0.049950622,0.998633683],"shapeName":"/levels/rls_west_coast_usa/art/shapes/objects/constructionbarrier_arrows.dae","useInstanceRenderData":true}
{"class":"TSStatic","persistentId":"fddca21b-017c-4fb9-94f0-dc9361221c49","__parent":"SimGroup_","position":[851.540405,-367.382568,162.400528],"isRenderEnabled":false,"rotationMatrix":[-0.430328846,-0.885358095,-0.175948903,0.901237011,-0.43239069,-0.02846127,-0.0508802384,-0.170819372,0.983987749],"shapeName":"/levels/rls_west_coast_usa/art/shapes/objects/constructionbarrier_arrows.dae","useInstanceRenderData":true}
