//--- OBJECT WRITE BEGIN ---
$ThisPrefab = new SimGroup() {
   canSave = "1";
   canSaveDynamicFields = "1";
      groupPosition = "0 0 0";

   new BeamNGVehicle(prop_mission_5) {
      JBeam = "cones";
      color = "White";
      colorPalette0 = "White";
      colorPalette1 = "White";
      metallicPaintData[0] = "0.200000003 0.5 0.800000012 0";
      metallicPaintData[1] = "0.200000003 0.5 0.800000012 0";
      metallicPaintData[2] = "0.200000003 0.5 0.800000012 0";
      metallicPaintData[3] = "1 1 1 1";
      partConfig = "vehicles/cones/large.pc";
      renderDistance = "500";
      renderFade = "0.100000001";
      dataBlock = "default_vehicle";
      position = "535.689819 679.472046 124.686104";
      rotationMatrix = "-0.824320138 -0.566089809 -0.00622022012 0.566100657 -0.824336052 1.59053579e-05 -0.00513655553 -0.00350815943 0.999980688";
      annotation = "CAR";
      canSave = "1";
      canSaveDynamicFields = "1";
         autoEnterVehicle = "true";
   };
   new BeamNGVehicle(prop_mission_4) {
      JBeam = "cones";
      color = "White";
      colorPalette0 = "White";
      colorPalette1 = "White";
      metallicPaintData[0] = "0.200000003 0.5 0.800000012 0";
      metallicPaintData[1] = "0.200000003 0.5 0.800000012 0";
      metallicPaintData[2] = "0.200000003 0.5 0.800000012 0";
      metallicPaintData[3] = "1 1 1 1";
      partConfig = "vehicles/cones/large.pc";
      renderDistance = "500";
      renderFade = "0.100000001";
      dataBlock = "default_vehicle";
      position = "537.962097 683.793396 124.67205";
      rotationMatrix = "-0.964971185 -0.262281388 -0.00622021966 0.262286395 -0.964989901 1.59053598e-05 -0.00600662176 -0.0016161307 0.999980628";
      annotation = "CAR";
      canSave = "1";
      canSaveDynamicFields = "1";
         autoEnterVehicle = "true";
   };
   new BeamNGVehicle(prop_mission_3) {
      JBeam = "cones";
      color = "White";
      colorPalette0 = "White";
      colorPalette1 = "White";
      metallicPaintData[0] = "0.200000003 0.5 0.800000012 0";
      metallicPaintData[1] = "0.200000003 0.5 0.800000012 0";
      metallicPaintData[2] = "0.200000003 0.5 0.800000012 0";
      metallicPaintData[3] = "1 1 1 1";
      partConfig = "vehicles/cones/large.pc";
      renderDistance = "500";
      renderFade = "0.100000001";
      dataBlock = "default_vehicle";
      position = "538.819763 688.745056 124.650314";
      rotationMatrix = "-0.999409437 -0.03378319 -0.00622021919 0.0337837413 -0.999428749 1.59053961e-05 -0.00621720543 -0.000194246299 0.999980628";
      annotation = "CAR";
      canSave = "1";
      canSaveDynamicFields = "1";
         autoEnterVehicle = "true";
   };
   new BeamNGVehicle(prop_mission_2) {
      JBeam = "cones";
      color = "White";
      colorPalette0 = "White";
      colorPalette1 = "White";
      metallicPaintData[0] = "0.200000003 0.5 0.800000012 0";
      metallicPaintData[1] = "0.200000003 0.5 0.800000012 0";
      metallicPaintData[2] = "0.200000003 0.5 0.800000012 0";
      metallicPaintData[3] = "1 1 1 1";
      partConfig = "vehicles/cones/large.pc";
      renderDistance = "500";
      renderFade = "0.100000001";
      dataBlock = "default_vehicle";
      position = "538.666809 693.295288 124.66114";
      rotationMatrix = "-0.918730974 -0.394834876 -0.00622022012 0.394842446 -0.918748856 1.59053598e-05 -0.00572110014 -0.00244139414 0.999980628";
      annotation = "CAR";
      canSave = "1";
      canSaveDynamicFields = "1";
         autoEnterVehicle = "true";
   };
   new BeamNGVehicle(prop_mission_1) {
      JBeam = "cones";
      color = "White";
      colorPalette0 = "White";
      colorPalette1 = "White";
      metallicPaintData[0] = "0.200000003 0.5 0.800000012 0";
      metallicPaintData[1] = "0.200000003 0.5 0.800000012 0";
      metallicPaintData[2] = "0.200000003 0.5 0.800000012 0";
      metallicPaintData[3] = "1 1 1 1";
      partConfig = "vehicles/cones/large.pc";
      renderDistance = "500";
      renderFade = "0.100000001";
      dataBlock = "default_vehicle";
      position = "537.528809 697.678284 124.667747";
      rotationMatrix = "-0.824320138 -0.566089809 -0.00622022012 0.566100657 -0.824336052 1.59053579e-05 -0.00513655553 -0.00350815943 0.999980688";
      annotation = "CAR";
      canSave = "1";
      canSaveDynamicFields = "1";
         autoEnterVehicle = "true";
   };
};
//--- OBJECT WRITE END ---
