{"name":"chinatownGarageComputer_icon","class":"BeamNGPointOfInterest","persistentId":"02dd0793-398e-4d65-ae56-7f732c994e78","__parent":"ChinatownGarage","position":[-736.413818,598.067932,117.07093],"rotationMatrix":[-0.941285372,0.33754465,-0.00682663918,0.337605089,0.941212475,-0.0119141815,0.00240375171,-0.0135193458,-0.999906301]}
{"name":"chinatownGarageComputer_area","class":"BeamNGGameplayArea","persistentId":"df014762-39fd-4565-82f2-1f898a757858","__parent":"ChinatownGarage","position":[-737.574524,598.121948,116.330185],"rotationMatrix":[0.0159224272,-0.999873519,0,0.999873519,0.0159224272,0,0,0,1],"scale":[1.23950243,3.82877922,1.83073735]}
{"class":"TSStatic","persistentId":"65270159-6ce9-444a-b9c7-adcc2ebe9ba1","__parent":"ChinatownGarage","position":[-734.692261,597.453918,115.83168],"isRenderEnabled":false,"rotationMatrix":[-0.99999094,0.0042600655,0,-0.0042600655,-0.99999094,0,0,0,1],"shapeName":"/art/shapes/garage_and_dealership/garage/s_big_toolbox_01.dae","useInstanceRenderData":true}
{"class":"TSStatic","persistentId":"7c8883b1-5715-415f-9fe4-05aa60fb3e06","__parent":"ChinatownGarage","position":[-735.244141,597.43573,116.895943],"isRenderEnabled":false,"rotationMatrix":[-0.851500034,0.524354696,0,-0.524354696,-0.851500034,0,0,0,1],"shapeName":"/art/shapes/garage_and_dealership/Clutter/clutter_workshop_toolbox.dae","useInstanceRenderData":true}
{"class":"TSStatic","persistentId":"3ae69007-c28e-49cc-bfe6-6c9ae7f90e93","__parent":"ChinatownGarage","position":[-734.828491,597.530762,116.925072],"collisionType":"None","decalType":"None","isRenderEnabled":false,"rotationMatrix":[-5.96046448e-07,3.27825546e-07,-1.00000012,-0.893521786,-0.449019909,3.27825546e-07,-0.449019939,0.893521786,4.76837158e-07],"scale":[0.602539301,0.602539301,0.602539301],"shapeName":"/art/shapes/garage_and_dealership/Clutter/clutter_workshop_short_bottle.dae","useInstanceRenderData":true}
{"class":"TSStatic","persistentId":"a76c5f03-5e49-473f-8aa7-13d36c5fb8bf","__parent":"ChinatownGarage","position":[-734.559998,597.192566,117.31176],"isRenderEnabled":false,"rotationMatrix":[-0.0897957087,0.0307684243,-0.99548465,-0.995958686,-0.00110542774,0.0898044407,0.00166255236,0.999525785,0.0307434797],"shapeName":"/art/shapes/garage_and_dealership/garage/s_ducktape.dae","useInstanceRenderData":true}
{"class":"TSStatic","persistentId":"e2a30732-0ad7-44b1-984e-2368b5b28069","__parent":"ChinatownGarage","position":[-734.559998,597.192566,117.406273],"isRenderEnabled":false,"rotationMatrix":[0.864695549,0.0140042901,-0.502101064,-0.502293587,0.0274161696,-0.864262342,0.00166231394,0.999525905,0.0307409167],"scale":[0.747733474,0.747733474,1],"shapeName":"/art/shapes/garage_and_dealership/garage/s_ducktape.dae","useInstanceRenderData":true}
{"class":"TSStatic","persistentId":"7f89228c-a232-4543-b09d-964c474433e4","__parent":"ChinatownGarage","position":[-734.093567,597.194763,117.214607],"collisionType":"None","decalType":"None","isRenderEnabled":false,"rotationMatrix":[-0.999990702,0.00425964408,9.73464921e-07,9.71602276e-07,-3.57627869e-07,0.999999881,0.00425964408,0.999990821,5.36441803e-07],"shapeName":"/art/shapes/garage_and_dealership/garage/s_wrench_collection.dae","useInstanceRenderData":true}
{"name":"commercialGarageComputer_3","class":"TSStatic","persistentId":"c503793f-e91b-42ba-be48-0283d2cc5514","__parent":"ChinatownGarage","position":[-734.006714,597.495117,116.895851],"decalType":"None","isRenderEnabled":false,"rotationMatrix":[-0.786332488,-0.617803097,0,0.617803097,-0.786332488,0,0,0,1],"shapeName":"/art/shapes/garage_and_dealership/garage/s_laptop.dae","useInstanceRenderData":true}
{"class":"TSStatic","persistentId":"7c8883b1-5715-415f-9fe4-05aa60fb3e06","__parent":"ChinatownGarage","position":[-728.001526,-67.4675522,103.25351],"isRenderEnabled":false,"rotationMatrix":[-0.97013855,-0.242552653,0,0.242552653,-0.97013855,0,0,0,1],"shapeName":"/art/shapes/garage_and_dealership/Clutter/clutter_workshop_toolbox.dae","useInstanceRenderData":true}
{"class":"TSStatic","persistentId":"7f89228c-a232-4543-b09d-964c474433e4","__parent":"ChinatownGarage","position":[-114.663025,-887.914001,132.785156],"collisionType":"None","decalType":"None","isRenderEnabled":false,"rotationMatrix":[-0.664458513,-0.747325897,9.83476639e-07,9.83476639e-07,1.1920929e-07,1.00000036,-0.747325897,0.664458156,1.1920929e-07],"shapeName":"/art/shapes/garage_and_dealership/garage/s_wrench_collection.dae","useInstanceRenderData":true}
{"class":"TSStatic","persistentId":"3ae69007-c28e-49cc-bfe6-6c9ae7f90e93","__parent":"ChinatownGarage","position":[-115.401054,-888.243164,132.495621],"collisionType":"None","decalType":"None","isRenderEnabled":false,"rotationMatrix":[-8.34465027e-07,-1.63912773e-07,-1.00000024,-0.254025996,-0.967197776,3.12924385e-07,-0.967197597,0.254025996,3.57627869e-07],"scale":[0.602539301,0.602539301,0.602539301],"shapeName":"/art/shapes/garage_and_dealership/Clutter/clutter_workshop_short_bottle.dae","useInstanceRenderData":true}
{"class":"TSStatic","persistentId":"7c8883b1-5715-415f-9fe4-05aa60fb3e06","__parent":"ChinatownGarage","position":[-115.604622,-888.617798,132.466492],"isRenderEnabled":false,"rotationMatrix":[-0.956414938,-0.29201287,0,0.29201287,-0.956414938,0,0,0,1],"shapeName":"/art/shapes/garage_and_dealership/Clutter/clutter_workshop_toolbox.dae","useInstanceRenderData":true}
{"class":"TSStatic","persistentId":"65270159-6ce9-444a-b9c7-adcc2ebe9ba1","__parent":"ChinatownGarage","position":[-115.253326,-888.191772,131.402222],"isRenderEnabled":false,"rotationMatrix":[-0.664458513,-0.74732554,0,0.74732554,-0.664458513,0,0,0,1],"shapeName":"/art/shapes/garage_and_dealership/garage/s_big_toolbox_01.dae","useInstanceRenderData":true}
{"name":"commercialGarageComputer_4","class":"TSStatic","persistentId":"c503793f-e91b-42ba-be48-0283d2cc5514","__parent":"ChinatownGarage","position":[-114.830902,-887.650269,132.4664],"decalType":"None","isRenderEnabled":false,"rotationMatrix":[-0.0565330982,-0.998401165,0,0.998401165,-0.0565330982,0,0,0,1],"shapeName":"/art/shapes/garage_and_dealership/garage/s_laptop.dae","useInstanceRenderData":true}
{"name":"chinatownGarageOverflow_icon","class":"BeamNGPointOfInterest","persistentId":"02dd0793-398e-4d65-ae56-7f732c994e78","__parent":"ChinatownGarage","position":[-812.12677,599.4646,118.725388],"rotationMatrix":[-0.941285372,0.33754465,-0.00682663918,0.337605089,0.941212475,-0.0119141815,0.00240375171,-0.0135193458,-0.999906301]}
{"name":"chinatownGarageOverflow_area","class":"BeamNGGameplayArea","persistentId":"df014762-39fd-4565-82f2-1f898a757858","__parent":"ChinatownGarage","position":[-812.52948,599.98468,118.269966],"rotationMatrix":[0.0159224272,-0.999873519,0,0.999873519,0.0159224272,0,0,0,1],"scale":[1.23950243,3.82877922,1.83073735]}
