//--- OBJECT WRITE BEGIN ---
$ThisPrefab = new SimGroup() {
   canSave = "1";
   canSaveDynamicFields = "1";
      groupPosition = "0 0 0";

   new DecalRoad() {
      drivability = "-1";
      lanesLeft = "1";
      lanesRight = "1";
      oneWay = "0";
      flipDirection = "0";
      gatedRoad = "0";
      useSubdivisions = "1";
      ImprovedSpline = "1";
      startTangent = "0";
      endTangent = "0";
      looped = "0";
      smoothness = "0.5";
      detail = "0.100000001";
      overObjects = "0";
      material = "ChaulkLine";
      textureLength = "5";
      breakAngle = "3";
      renderPriority = "10";
      zBias = "0";
      decalBias = "0.000500000024";
      distanceFade = "0 0";
      startEndFade = "1 1";
      hiddenInNavi = "0";
      position = "213.60704 -353.413452 144.355286";
      scale = "1 1 1";
      rotationMatrix = "1 0 0 0 1 0 0 0 1";
      canSave = "1";
      canSaveDynamicFields = "1";

      Node = "213.607040 -353.413452 144.355286 0.500000";
      Node = "227.901215 -355.206879 144.842773 0.500000";
   };
   new DecalRoad() {
      drivability = "-1";
      lanesLeft = "1";
      lanesRight = "1";
      oneWay = "0";
      flipDirection = "0";
      gatedRoad = "0";
      useSubdivisions = "1";
      ImprovedSpline = "1";
      startTangent = "0";
      endTangent = "0";
      looped = "0";
      smoothness = "0.5";
      detail = "0.100000001";
      overObjects = "0";
      material = "ChaulkLine";
      textureLength = "5";
      breakAngle = "3";
      renderPriority = "10";
      zBias = "0";
      decalBias = "0.000500000024";
      distanceFade = "0 0";
      startEndFade = "1 1";
      hiddenInNavi = "0";
      position = "214.529007 -346.878204 144.363358";
      scale = "1 1 1";
      rotationMatrix = "1 0 0 0 1 0 0 0 1";
      canSave = "1";
      canSaveDynamicFields = "1";

      Node = "214.529007 -346.878204 144.363358 0.500000";
      Node = "228.848511 -348.697540 144.897888 0.500000";
   };
   new DecalRoad() {
      drivability = "-1";
      lanesLeft = "1";
      lanesRight = "1";
      oneWay = "0";
      flipDirection = "0";
      gatedRoad = "0";
      useSubdivisions = "1";
      ImprovedSpline = "1";
      startTangent = "0";
      endTangent = "0";
      looped = "0";
      smoothness = "0.5";
      detail = "0.100000001";
      overObjects = "0";
      material = "ChaulkLine";
      textureLength = "5";
      breakAngle = "3";
      renderPriority = "10";
      zBias = "0";
      decalBias = "0.000500000024";
      distanceFade = "0 0";
      startEndFade = "1 1";
      hiddenInNavi = "0";
      position = "251.004715 -351.315491 145.607635";
      scale = "1 1 1";
      rotationMatrix = "1 0 0 0 1 0 0 0 1";
      canSave = "1";
      canSaveDynamicFields = "1";

      Node = "251.004715 -351.315491 145.607635 0.500000";
      Node = "262.716187 -352.748291 145.917969 0.500000";
   };
   new DecalRoad() {
      drivability = "-1";
      lanesLeft = "1";
      lanesRight = "1";
      oneWay = "0";
      flipDirection = "0";
      gatedRoad = "0";
      useSubdivisions = "1";
      ImprovedSpline = "1";
      startTangent = "0";
      endTangent = "0";
      looped = "0";
      smoothness = "0.5";
      detail = "0.100000001";
      overObjects = "0";
      material = "ChaulkLine";
      textureLength = "5";
      breakAngle = "3";
      renderPriority = "10";
      zBias = "0";
      decalBias = "0.000500000024";
      distanceFade = "0 0";
      startEndFade = "1 1";
      hiddenInNavi = "0";
      position = "249.991669 -357.971436 145.572235";
      scale = "1 1 1";
      rotationMatrix = "1 0 0 0 1 0 0 0 1";
      canSave = "1";
      canSaveDynamicFields = "1";

      Node = "249.991669 -357.971436 145.572235 0.500000";
      Node = "261.987823 -359.378754 145.918289 0.500000";
   };
   new BeamNGVehicle(clone0) {
      JBeam = "haybale";
      color = "White";
      colorPalette0 = "White";
      colorPalette1 = "White";
      metallicPaintData[0] = "0.200000003 0.5 0.800000012 0";
      metallicPaintData[1] = "0.200000003 0.5 0.800000012 0";
      metallicPaintData[2] = "0.200000003 0.5 0.800000012 0";
      metallicPaintData[3] = "1 1 1 1";
      partConfig = "vehicles/haybale/round.pc";
      renderDistance = "500";
      renderFade = "0.100000001";
      dataBlock = "default_vehicle";
      position = "224.661118 -353.685486 144.743454";
      rotationMatrix = "-0.505466282 -0.86254704 -0.0227284804 0.862125993 -0.505945146 0.0275356844 -0.0352501869 -0.0056764516 0.999362409";
      annotation = "CAR";
      canSave = "1";
      canSaveDynamicFields = "1";
         autoEnterVehicle = "false";
         penalty_prop = "true";
   };
   new BeamNGVehicle(clone1) {
      JBeam = "haybale";
      color = "White";
      colorPalette0 = "White";
      colorPalette1 = "White";
      metallicPaintData[0] = "0.200000003 0.5 0.800000012 0";
      metallicPaintData[1] = "0.200000003 0.5 0.800000012 0";
      metallicPaintData[2] = "0.200000003 0.5 0.800000012 0";
      metallicPaintData[3] = "1 1 1 1";
      partConfig = "vehicles/haybale/round.pc";
      renderDistance = "500";
      renderFade = "0.100000001";
      dataBlock = "default_vehicle";
      position = "227.102463 -354.087433 144.824707";
      rotationMatrix = "-0.505466282 -0.86254704 -0.0227284804 0.862125993 -0.505945146 0.0275356844 -0.0352501869 -0.0056764516 0.999362409";
      annotation = "CAR";
      canSave = "1";
      canSaveDynamicFields = "1";
         autoEnterVehicle = "false";
         penalty_prop = "true";
   };
   new BeamNGVehicle(clone8) {
      JBeam = "haybale";
      color = "White";
      colorPalette0 = "White";
      colorPalette1 = "White";
      metallicPaintData[0] = "0.200000003 0.5 0.800000012 0";
      metallicPaintData[1] = "0.200000003 0.5 0.800000012 0";
      metallicPaintData[2] = "0.200000003 0.5 0.800000012 0";
      metallicPaintData[3] = "1 1 1 1";
      partConfig = "vehicles/haybale/round.pc";
      renderDistance = "500";
      renderFade = "0.100000001";
      dataBlock = "default_vehicle";
      position = "227.734482 -349.16925 144.858017";
      rotationMatrix = "-0.505466282 -0.86254704 -0.0227284804 0.862125993 -0.505945146 0.0275356844 -0.0352501869 -0.0056764516 0.999362409";
      annotation = "CAR";
      canSave = "1";
      canSaveDynamicFields = "1";
         autoEnterVehicle = "false";
         penalty_prop = "true";
   };
   new BeamNGVehicle(clone9) {
      JBeam = "haybale";
      color = "White";
      colorPalette0 = "White";
      colorPalette1 = "White";
      metallicPaintData[0] = "0.200000003 0.5 0.800000012 0";
      metallicPaintData[1] = "0.200000003 0.5 0.800000012 0";
      metallicPaintData[2] = "0.200000003 0.5 0.800000012 0";
      metallicPaintData[3] = "1 1 1 1";
      partConfig = "vehicles/haybale/round.pc";
      renderDistance = "500";
      renderFade = "0.100000001";
      dataBlock = "default_vehicle";
      position = "225.303711 -348.884094 144.772354";
      rotationMatrix = "-0.505466282 -0.86254704 -0.0227284804 0.862125993 -0.505945146 0.0275356844 -0.0352501869 -0.0056764516 0.999362409";
      annotation = "CAR";
      canSave = "1";
      canSaveDynamicFields = "1";
         autoEnterVehicle = "false";
         penalty_prop = "true";
   };
   new DecalRoad() {
      drivability = "-1";
      lanesLeft = "1";
      lanesRight = "1";
      oneWay = "0";
      flipDirection = "0";
      gatedRoad = "0";
      useSubdivisions = "1";
      ImprovedSpline = "1";
      startTangent = "0";
      endTangent = "0";
      looped = "0";
      smoothness = "0.5";
      detail = "0.100000001";
      overObjects = "0";
      material = "AsphaltRoad_track_skidmarks";
      textureLength = "5";
      breakAngle = "3";
      renderPriority = "10";
      zBias = "0";
      decalBias = "0.000500000024";
      distanceFade = "0 0";
      startEndFade = "1 1";
      hiddenInNavi = "0";
      position = "249.112381 -354.326019 145.555054";
      scale = "1 1 1";
      rotationMatrix = "1 0 0 0 1 0 0 0 1";
      canSave = "1";
      canSaveDynamicFields = "1";
      persistentId = "9739143f-b287-466f-8d7a-6de963594776";

      Node = "249.112381 -354.326019 145.555054 4.000000";
      Node = "263.556244 -356.081848 145.952667 4.000000";
   };
   new DecalRoad() {
      drivability = "-1";
      lanesLeft = "1";
      lanesRight = "1";
      oneWay = "0";
      flipDirection = "0";
      gatedRoad = "0";
      useSubdivisions = "1";
      ImprovedSpline = "1";
      startTangent = "0";
      endTangent = "0";
      looped = "0";
      smoothness = "0.5";
      detail = "0.100000001";
      overObjects = "0";
      material = "track_rubber";
      textureLength = "5";
      breakAngle = "3";
      renderPriority = "10";
      zBias = "0";
      decalBias = "0.000500000024";
      distanceFade = "0 0";
      startEndFade = "5 5";
      hiddenInNavi = "0";
      position = "205.490738 -362.526733 144.099152";
      scale = "1 1 1";
      rotationMatrix = "1 0 0 0 1 0 0 0 1";
      canSave = "1";
      canSaveDynamicFields = "1";
      persistentId = "f86680b3-9be0-4fd6-90fd-a68c87fafa5e";

      Node = "205.490738 -362.526733 144.099152 7.000000";
      Node = "206.831421 -354.775330 144.152588 7.000000";
      Node = "211.852692 -350.303223 144.292343 7.000000";
      Node = "223.132767 -351.176880 144.700577 7.000000";
      Node = "241.694839 -353.701904 145.326782 7.000000";
      Node = "263.416443 -356.187439 145.949997 7.000000";
      Node = "299.778351 -361.045410 146.610168 7.000000";
   };
   new DecalRoad() {
      drivability = "-1";
      lanesLeft = "1";
      lanesRight = "1";
      oneWay = "0";
      flipDirection = "0";
      gatedRoad = "0";
      useSubdivisions = "1";
      ImprovedSpline = "1";
      startTangent = "0";
      endTangent = "0";
      looped = "0";
      smoothness = "0.5";
      detail = "0.100000001";
      overObjects = "0";
      material = "AsphaltRoad_track_skidmarks";
      textureLength = "5";
      breakAngle = "3";
      renderPriority = "10";
      zBias = "0";
      decalBias = "0.000500000024";
      distanceFade = "0 0";
      startEndFade = "1 1";
      hiddenInNavi = "0";
      position = "218.191238 -350.298492 144.516724";
      scale = "1 1 1";
      rotationMatrix = "1 0 0 0 1 0 0 0 1";
      canSave = "1";
      canSaveDynamicFields = "1";
      persistentId = "b45f0235-28d0-473e-924c-277f04da4377";

      Node = "218.191238 -350.298492 144.516724 7.000000";
      Node = "240.898865 -353.377441 145.302292 7.000000";
   };
   new TSStatic() {
      shapeName = "/art/shapes/race/s_concrete_race_barrier.dae";
      dynamic = "0";
      playAmbient = "1";
      meshCulling = "0";
      originSort = "0";
      useInstanceRenderData = "1";
      instanceColor = "White";
      instanceColor1 = "White";
      instanceColor2 = "White";
      collisionType = "Collision Mesh";
      decalType = "Collision Mesh";
      prebuildCollisionData = "0";
      renderNormals = "0";
      forceDetail = "-1";
      position = "317.712097 -321.628845 147.200638";
      scale = "1 1 1";
      rotationMatrix = "0.0479864478 0.998746097 -0.0142712835 -0.998161495 0.047418952 -0.0377511457 -0.0370270759 0.0160565916 0.999185264";
      isRenderEnabled = "false";
      canSave = "1";
      canSaveDynamicFields = "1";
      persistentId = "4ebebc9e-f2ce-4f44-ace6-a64195ccef77";
   };
   new TSStatic() {
      shapeName = "/art/shapes/race/s_concrete_race_barrier.dae";
      dynamic = "0";
      playAmbient = "1";
      meshCulling = "0";
      originSort = "0";
      useInstanceRenderData = "1";
      instanceColor = "White";
      instanceColor1 = "White";
      instanceColor2 = "White";
      collisionType = "Collision Mesh";
      decalType = "Collision Mesh";
      prebuildCollisionData = "0";
      renderNormals = "0";
      forceDetail = "-1";
      position = "317.93985 -318.414795 147.086319";
      scale = "1 1 1";
      rotationMatrix = "0.0479801297 0.998604894 -0.0220447928 -0.997940421 0.0469841361 -0.0436712243 -0.0425745472 0.0240947418 0.998802722";
      isRenderEnabled = "false";
      canSave = "1";
      canSaveDynamicFields = "1";
      persistentId = "10a9a84f-a36c-44e9-aea6-ff138f6c9c17";
   };
   new TSStatic() {
      shapeName = "/art/shapes/race/s_concrete_race_barrier.dae";
      dynamic = "0";
      playAmbient = "1";
      meshCulling = "0";
      originSort = "0";
      useInstanceRenderData = "1";
      instanceColor = "White";
      instanceColor1 = "White";
      instanceColor2 = "White";
      collisionType = "Collision Mesh";
      decalType = "Collision Mesh";
      prebuildCollisionData = "0";
      renderNormals = "0";
      forceDetail = "-1";
      position = "317.437012 -324.835602 147.136276";
      scale = "1 1 1";
      rotationMatrix = "0.0481438041 0.998376429 0.030441843 -0.997986138 0.0493405461 -0.0398658924 -0.0413031876 -0.0284612365 0.99874121";
      isRenderEnabled = "false";
      canSave = "1";
      canSaveDynamicFields = "1";
      persistentId = "cdaeee6c-bd9f-4cee-9d90-38da78a90757";
   };
   new TSStatic() {
      shapeName = "/art/shapes/race/s_concrete_race_barrier.dae";
      dynamic = "0";
      playAmbient = "1";
      meshCulling = "0";
      originSort = "0";
      useInstanceRenderData = "1";
      instanceColor = "White";
      instanceColor1 = "White";
      instanceColor2 = "White";
      collisionType = "Collision Mesh";
      decalType = "Collision Mesh";
      prebuildCollisionData = "0";
      renderNormals = "0";
      forceDetail = "-1";
      position = "199.839539 -311.102478 142.338776";
      scale = "1 1 1";
      rotationMatrix = "0.046223104 0.998553872 0.0274453145 -0.996817589 0.0478941798 -0.0637227595 -0.0649450868 -0.0244125184 0.997590184";
      isRenderEnabled = "false";
      canSave = "1";
      canSaveDynamicFields = "1";
      persistentId = "2aba1b88-d9ca-4677-bf52-cf08f7296686";
   };
   new TSStatic() {
      shapeName = "/art/shapes/race/s_concrete_race_barrier.dae";
      dynamic = "0";
      playAmbient = "1";
      meshCulling = "0";
      originSort = "0";
      useInstanceRenderData = "1";
      instanceColor = "White";
      instanceColor1 = "White";
      instanceColor2 = "White";
      collisionType = "Collision Mesh";
      decalType = "Collision Mesh";
      prebuildCollisionData = "0";
      renderNormals = "0";
      forceDetail = "-1";
      position = "199.996399 -307.664368 142.397781";
      scale = "1 1 1";
      rotationMatrix = "0.0472846627 0.998669028 -0.0205907337 -0.996423721 0.0457132459 -0.0710615218 -0.0700256974 0.0238772072 0.997259378";
      isRenderEnabled = "false";
      canSave = "1";
      canSaveDynamicFields = "1";
      persistentId = "8052aa12-b950-45d3-a14a-8c457e4f606f";
   };
   new TSStatic() {
      shapeName = "/art/shapes/race/s_concrete_race_barrier.dae";
      dynamic = "0";
      playAmbient = "1";
      meshCulling = "0";
      originSort = "0";
      useInstanceRenderData = "1";
      instanceColor = "White";
      instanceColor1 = "White";
      instanceColor2 = "White";
      collisionType = "Collision Mesh";
      decalType = "Collision Mesh";
      prebuildCollisionData = "0";
      renderNormals = "0";
      forceDetail = "-1";
      position = "200.223282 -304.342773 142.305878";
      scale = "1 1 1";
      rotationMatrix = "0.049898088 0.998253226 -0.0316324234 -0.996988654 0.0479024649 -0.0609827004 -0.0593609139 0.0345800854 0.997637451";
      isRenderEnabled = "false";
      canSave = "1";
      canSaveDynamicFields = "1";
      persistentId = "106d4fd1-58a6-4333-91dd-0172a29cea1f";
   };
   new TSStatic() {
      shapeName = "/levels/west_coast_usa/art/shapes/objects/featherflag_beamng.dae";
      dynamic = "0";
      playAmbient = "1";
      meshCulling = "0";
      originSort = "0";
      useInstanceRenderData = "1";
      instanceColor = "White";
      instanceColor1 = "White";
      instanceColor2 = "White";
      collisionType = "Collision Mesh";
      decalType = "Collision Mesh";
      prebuildCollisionData = "0";
      renderNormals = "0";
      forceDetail = "-1";
      position = "265.559235 -325.591431 146.706787";
      scale = "1 1 1";
      rotationMatrix = "-0.784840941 -0.619697869 0 0.619697869 -0.784840941 0 0 0 1";
      isRenderEnabled = "false";
      canSave = "1";
      canSaveDynamicFields = "1";
      persistentId = "1a704f0f-5e51-4057-814f-e5f298fb7f20";
   };
   new TSStatic() {
      shapeName = "/levels/west_coast_usa/art/shapes/objects/featherflag_beamng.dae";
      dynamic = "0";
      playAmbient = "1";
      meshCulling = "0";
      originSort = "0";
      useInstanceRenderData = "1";
      instanceColor = "White";
      instanceColor1 = "White";
      instanceColor2 = "White";
      collisionType = "Collision Mesh";
      decalType = "Collision Mesh";
      prebuildCollisionData = "0";
      renderNormals = "0";
      forceDetail = "-1";
      position = "253.47493 -324.47818 146.236618";
      scale = "1 1 1";
      rotationMatrix = "0.52023375 -0.854024053 0 0.854024053 0.52023375 0 0 0 1";
      isRenderEnabled = "false";
      canSave = "1";
      canSaveDynamicFields = "1";
      persistentId = "0b5c8c77-069f-4a24-a995-9506620ad296";
   };
   new TSStatic() {
      shapeName = "/levels/west_coast_usa/art/shapes/objects/featherflag_beamng.dae";
      dynamic = "0";
      playAmbient = "1";
      meshCulling = "0";
      originSort = "0";
      useInstanceRenderData = "1";
      instanceColor = "White";
      instanceColor1 = "White";
      instanceColor2 = "White";
      collisionType = "Collision Mesh";
      decalType = "Collision Mesh";
      prebuildCollisionData = "0";
      renderNormals = "0";
      forceDetail = "-1";
      position = "298.754791 -356.327759 148.025803";
      scale = "1 1 1";
      rotationMatrix = "0.496369362 0.868111551 0 -0.868111551 0.496369362 0 0 0 1";
      isRenderEnabled = "false";
      canSave = "1";
      canSaveDynamicFields = "1";
      persistentId = "4540f450-35c4-45bf-813e-855e299520e5";
   };
   new TSStatic() {
      shapeName = "/levels/west_coast_usa/art/shapes/objects/featherflag_beamng.dae";
      dynamic = "0";
      playAmbient = "1";
      meshCulling = "0";
      originSort = "0";
      useInstanceRenderData = "1";
      instanceColor = "White";
      instanceColor1 = "White";
      instanceColor2 = "White";
      collisionType = "Collision Mesh";
      decalType = "Collision Mesh";
      prebuildCollisionData = "0";
      renderNormals = "0";
      forceDetail = "-1";
      position = "297.777435 -364.872314 148.014587";
      scale = "1 1 1";
      rotationMatrix = "0.222198665 -0.975001514 0 0.975001514 0.222198665 0 0 0 1";
      isRenderEnabled = "false";
      canSave = "1";
      canSaveDynamicFields = "1";
      persistentId = "69a702d3-12db-4b55-9858-f31e69dbc474";
   };
   new TSStatic() {
      shapeName = "/levels/west_coast_usa/art/shapes/race/ut_race_caution_tape_barricade_a.DAE";
      dynamic = "0";
      playAmbient = "1";
      meshCulling = "0";
      originSort = "0";
      useInstanceRenderData = "1";
      instanceColor = "White";
      instanceColor1 = "White";
      instanceColor2 = "White";
      collisionType = "Collision Mesh";
      decalType = "Collision Mesh";
      prebuildCollisionData = "0";
      renderNormals = "0";
      forceDetail = "-1";
      position = "218.183914 -367.008087 144.144653";
      scale = "1 1 1";
      rotationMatrix = "0.10281837 0.994700193 4.65661287e-09 -0.994399548 0.102787256 -0.0245830342 -0.0244527459 0.00252758432 0.999697804";
      isRenderEnabled = "false";
      canSave = "1";
      canSaveDynamicFields = "1";
      persistentId = "31249632-b03d-472b-b5b3-3390c2ed4643";
   };
   new TSStatic() {
      shapeName = "/levels/west_coast_usa/art/shapes/race/ut_race_caution_tape_barricade_a.DAE";
      dynamic = "0";
      playAmbient = "1";
      meshCulling = "0";
      originSort = "0";
      useInstanceRenderData = "1";
      instanceColor = "White";
      instanceColor1 = "White";
      instanceColor2 = "White";
      collisionType = "Collision Mesh";
      decalType = "Collision Mesh";
      prebuildCollisionData = "0";
      renderNormals = "0";
      forceDetail = "-1";
      position = "238.23703 -369.103912 144.789673";
      scale = "1 1 1";
      rotationMatrix = "0.10281837 0.994700253 5.58793545e-09 -0.994095147 0.102755785 -0.0348750576 -0.0346902236 0.00358579308 0.999391675";
      isRenderEnabled = "false";
      canSave = "1";
      canSaveDynamicFields = "1";
      persistentId = "b4c7fe28-eff0-4d95-932f-71cd9cfc8c23";
   };
   new TSStatic() {
      shapeName = "/levels/west_coast_usa/art/shapes/race/ut_race_caution_tape_barricade_a.DAE";
      dynamic = "0";
      playAmbient = "1";
      meshCulling = "0";
      originSort = "0";
      useInstanceRenderData = "1";
      instanceColor = "White";
      instanceColor1 = "White";
      instanceColor2 = "White";
      collisionType = "Collision Mesh";
      decalType = "Collision Mesh";
      prebuildCollisionData = "0";
      renderNormals = "0";
      forceDetail = "-1";
      position = "228.160477 -367.987457 144.421158";
      scale = "1 1 1";
      rotationMatrix = "0.102818489 0.994700193 9.31322575e-09 -0.994198322 0.102766633 -0.031760674 -0.0315923467 0.00326557551 0.999495506";
      isRenderEnabled = "false";
      canSave = "1";
      canSaveDynamicFields = "1";
      persistentId = "31051599-9d1c-4786-96b2-87a39da3ad39";
   };
   new TSStatic() {
      shapeName = "/levels/west_coast_usa/art/shapes/race/ut_race_caution_tape_barricade_a.DAE";
      dynamic = "0";
      playAmbient = "1";
      meshCulling = "0";
      originSort = "0";
      useInstanceRenderData = "1";
      instanceColor = "White";
      instanceColor1 = "White";
      instanceColor2 = "White";
      collisionType = "Collision Mesh";
      decalType = "Collision Mesh";
      prebuildCollisionData = "0";
      renderNormals = "0";
      forceDetail = "-1";
      position = "265.094116 -372.45636 145.469589";
      scale = "1 1 1";
      rotationMatrix = "0.102818429 0.994700193 9.31322575e-10 -0.994401455 0.102787554 -0.0245041251 -0.024374254 0.00251947436 0.999699712";
      isRenderEnabled = "false";
      canSave = "1";
      canSaveDynamicFields = "1";
      persistentId = "80c54b70-f517-46db-a9e6-35d3b9d9516c";
   };
   new TSStatic() {
      shapeName = "/levels/west_coast_usa/art/shapes/race/ut_race_caution_tape_barricade_a.DAE";
      dynamic = "0";
      playAmbient = "1";
      meshCulling = "0";
      originSort = "0";
      useInstanceRenderData = "1";
      instanceColor = "White";
      instanceColor1 = "White";
      instanceColor2 = "White";
      collisionType = "Collision Mesh";
      decalType = "Collision Mesh";
      prebuildCollisionData = "0";
      renderNormals = "0";
      forceDetail = "-1";
      position = "285.892212 -374.531097 145.866501";
      scale = "1 1 1";
      rotationMatrix = "0.102818668 0.994700074 6.98491931e-09 -0.99458921 0.102807224 -0.0149320709 -0.0148529336 0.00153528806 0.999888539";
      isRenderEnabled = "false";
      canSave = "1";
      canSaveDynamicFields = "1";
      persistentId = "7dc5c791-de1a-4097-ac1a-35d34abe6572";
   };
   new TSStatic() {
      shapeName = "/levels/west_coast_usa/art/shapes/race/ut_race_caution_tape_barricade_a.DAE";
      dynamic = "0";
      playAmbient = "1";
      meshCulling = "0";
      originSort = "0";
      useInstanceRenderData = "1";
      instanceColor = "White";
      instanceColor1 = "White";
      instanceColor2 = "White";
      collisionType = "Collision Mesh";
      decalType = "Collision Mesh";
      prebuildCollisionData = "0";
      renderNormals = "0";
      forceDetail = "-1";
      position = "275.620758 -373.546722 145.703293";
      scale = "1 1 1";
      rotationMatrix = "0.10281831 0.994700015 0 -0.994556129 0.102803469 -0.0170099773 -0.0169198271 0.00174893346 0.99985534";
      isRenderEnabled = "false";
      canSave = "1";
      canSaveDynamicFields = "1";
      persistentId = "3728cf32-d137-4490-b6c7-bedf11ee6d74";
   };
   new TSStatic() {
      shapeName = "/levels/west_coast_usa/art/shapes/race/ut_race_caution_tape_barricade_a.DAE";
      dynamic = "0";
      playAmbient = "1";
      meshCulling = "0";
      originSort = "0";
      useInstanceRenderData = "1";
      instanceColor = "White";
      instanceColor1 = "White";
      instanceColor2 = "White";
      collisionType = "Collision Mesh";
      decalType = "Collision Mesh";
      prebuildCollisionData = "0";
      renderNormals = "0";
      forceDetail = "-1";
      position = "242.057266 -336.337158 144.685272";
      scale = "1 1 1";
      rotationMatrix = "0.102818251 0.994700253 3.7252903e-09 -0.994166791 0.102763057 -0.0327467583 -0.0325732082 0.00336696487 0.999463677";
      isRenderEnabled = "false";
      canSave = "1";
      canSaveDynamicFields = "1";
      persistentId = "0ed31c6f-bacf-4220-aa52-a3c414d4fa30";
   };
   new TSStatic() {
      shapeName = "/levels/west_coast_usa/art/shapes/race/ut_race_caution_tape_barricade_a.DAE";
      dynamic = "0";
      playAmbient = "1";
      meshCulling = "0";
      originSort = "0";
      useInstanceRenderData = "1";
      instanceColor = "White";
      instanceColor1 = "White";
      instanceColor2 = "White";
      collisionType = "Collision Mesh";
      decalType = "Collision Mesh";
      prebuildCollisionData = "0";
      renderNormals = "0";
      forceDetail = "-1";
      position = "231.867371 -335.244568 144.327484";
      scale = "1 1 1";
      rotationMatrix = "0.102818489 0.994700372 7.4505806e-09 -0.993994534 0.102745533 -0.0376642421 -0.0374646261 0.00387258083 0.999290466";
      isRenderEnabled = "false";
      canSave = "1";
      canSaveDynamicFields = "1";
      persistentId = "8f1722dc-3a92-409b-909c-3372f592e52b";
   };
   new TSStatic() {
      shapeName = "/levels/west_coast_usa/art/shapes/race/ut_race_caution_tape_barricade_a.DAE";
      dynamic = "0";
      playAmbient = "1";
      meshCulling = "0";
      originSort = "0";
      useInstanceRenderData = "1";
      instanceColor = "White";
      instanceColor1 = "White";
      instanceColor2 = "White";
      collisionType = "Collision Mesh";
      decalType = "Collision Mesh";
      prebuildCollisionData = "0";
      renderNormals = "0";
      forceDetail = "-1";
      position = "221.526428 -334.193542 143.919189";
      scale = "1 1 1";
      rotationMatrix = "0.102818489 0.994700015 5.58793545e-09 -0.993793547 0.102724791 -0.0426807851 -0.0424545854 0.00438836217 0.999088764";
      isRenderEnabled = "false";
      canSave = "1";
      canSaveDynamicFields = "1";
      persistentId = "353582f0-b86b-4c74-b44b-0536929aca6c";
   };
   new TSStatic() {
      shapeName = "/levels/west_coast_usa/art/shapes/race/sign_finish.dae";
      dynamic = "0";
      playAmbient = "1";
      meshCulling = "0";
      originSort = "0";
      useInstanceRenderData = "1";
      instanceColor = "White";
      instanceColor1 = "White";
      instanceColor2 = "White";
      collisionType = "Collision Mesh";
      decalType = "Collision Mesh";
      prebuildCollisionData = "0";
      renderNormals = "0";
      forceDetail = "-1";
      position = "297.94516 -366.386444 146.948929";
      scale = "1 1 1";
      rotationMatrix = "-0.524392128 -0.851476908 0 0.851476908 -0.524392128 0 0 0 1";
      isRenderEnabled = "false";
      canSave = "1";
      canSaveDynamicFields = "1";
   };
   new TSStatic() {
      shapeName = "/levels/west_coast_usa/art/shapes/race/sign_finish.dae";
      dynamic = "0";
      playAmbient = "1";
      meshCulling = "0";
      originSort = "0";
      useInstanceRenderData = "1";
      instanceColor = "White";
      instanceColor1 = "White";
      instanceColor2 = "White";
      collisionType = "Collision Mesh";
      decalType = "Collision Mesh";
      prebuildCollisionData = "0";
      renderNormals = "0";
      forceDetail = "-1";
      position = "299.264496 -354.729645 146.969681";
      scale = "1 1 1";
      rotationMatrix = "0.334461212 -0.942409456 0 0.942409456 0.334461212 0 0 0 1";
      isRenderEnabled = "false";
      canSave = "1";
      canSaveDynamicFields = "1";
   };
   new TSStatic() {
      shapeName = "/levels/west_coast_usa/art/shapes/objects/arrowboard_L.dae";
      dynamic = "0";
      playAmbient = "1";
      meshCulling = "0";
      originSort = "0";
      useInstanceRenderData = "1";
      instanceColor = "White";
      instanceColor1 = "White";
      instanceColor2 = "White";
      collisionType = "Collision Mesh";
      decalType = "Collision Mesh";
      prebuildCollisionData = "0";
      renderNormals = "0";
      forceDetail = "-1";
      position = "292.471497 -366.989441 146.419556";
      scale = "1 1 1";
      rotationMatrix = "-0.440010071 0.897973657 -0.00584146474 -0.89770329 -0.440024018 -0.0225214846 -0.0227940865 -0.00466577988 0.999729276";
      isRenderEnabled = "false";
      canSave = "1";
      canSaveDynamicFields = "1";
   };
   new TSStatic() {
      shapeName = "/levels/west_coast_usa/art/shapes/objects/arrowboard_R.dae";
      dynamic = "0";
      playAmbient = "1";
      meshCulling = "0";
      originSort = "0";
      useInstanceRenderData = "1";
      instanceColor = "White";
      instanceColor1 = "White";
      instanceColor2 = "White";
      collisionType = "Collision Mesh";
      decalType = "Collision Mesh";
      prebuildCollisionData = "0";
      renderNormals = "0";
      forceDetail = "-1";
      position = "294.785767 -352.875031 146.469055";
      scale = "1 1 1";
      rotationMatrix = "-0.649641395 -0.760180235 -0.00962410122 0.76007998 -0.649712205 0.0123673826 -0.0156543329 0.000719274394 0.999877214";
      isRenderEnabled = "false";
      canSave = "1";
      canSaveDynamicFields = "1";
   };
   new TSStatic() {
      shapeName = "/art/shapes/race/s_concrete_race_barrier.dae";
      dynamic = "0";
      playAmbient = "1";
      meshCulling = "0";
      originSort = "0";
      useInstanceRenderData = "1";
      instanceColor = "White";
      instanceColor1 = "White";
      instanceColor2 = "White";
      collisionType = "Collision Mesh";
      decalType = "Collision Mesh";
      prebuildCollisionData = "0";
      renderNormals = "0";
      forceDetail = "-1";
      position = "220.257828 -342.305542 144.514099";
      scale = "1 1 1";
      rotationMatrix = "0.99208796 -0.119914077 0.03717665 0.120924808 0.992314816 -0.0262403227 -0.0337443538 0.0305282846 0.998964131";
      isRenderEnabled = "false";
      canSave = "1";
      canSaveDynamicFields = "1";
   };
   new TSStatic() {
      shapeName = "/art/shapes/race/s_concrete_race_barrier.dae";
      dynamic = "0";
      playAmbient = "1";
      meshCulling = "0";
      originSort = "0";
      useInstanceRenderData = "1";
      instanceColor = "White";
      instanceColor1 = "White";
      instanceColor2 = "White";
      collisionType = "Collision Mesh";
      decalType = "Collision Mesh";
      prebuildCollisionData = "0";
      renderNormals = "0";
      forceDetail = "-1";
      position = "225.602936 -342.966827 144.71373";
      scale = "1 1 1";
      rotationMatrix = "0.991195142 -0.126725525 0.0383781642 0.127550095 0.991633475 -0.0198488533 -0.0355417207 0.0245692246 0.999066114";
      isRenderEnabled = "false";
      canSave = "1";
      canSaveDynamicFields = "1";
   };
   new TSStatic() {
      shapeName = "/art/shapes/race/s_concrete_race_barrier.dae";
      dynamic = "0";
      playAmbient = "1";
      meshCulling = "0";
      originSort = "0";
      useInstanceRenderData = "1";
      instanceColor = "White";
      instanceColor1 = "White";
      instanceColor2 = "White";
      collisionType = "Collision Mesh";
      decalType = "Collision Mesh";
      prebuildCollisionData = "0";
      renderNormals = "0";
      forceDetail = "-1";
      position = "222.854202 -359.905792 144.619492";
      scale = "1 1 1";
      rotationMatrix = "0.990562022 -0.134486705 0.0264617335 0.133886695 0.990723193 0.0232797712 -0.0293470714 -0.0195171833 0.999378741";
      isRenderEnabled = "false";
      canSave = "1";
      canSaveDynamicFields = "1";
   };
   new TSStatic() {
      shapeName = "/art/shapes/race/s_concrete_race_barrier.dae";
      dynamic = "0";
      playAmbient = "1";
      meshCulling = "0";
      originSort = "0";
      useInstanceRenderData = "1";
      instanceColor = "White";
      instanceColor1 = "White";
      instanceColor2 = "White";
      collisionType = "Collision Mesh";
      decalType = "Collision Mesh";
      prebuildCollisionData = "0";
      renderNormals = "0";
      forceDetail = "-1";
      position = "217.516678 -359.22525 144.453369";
      scale = "1 1 1";
      rotationMatrix = "0.991176307 -0.129651457 0.0275687333 0.12883231 0.991222501 0.0296675526 -0.0311731901 -0.0258540325 0.999179542";
      isRenderEnabled = "false";
      canSave = "1";
      canSaveDynamicFields = "1";
   };
   new TSStatic() {
      shapeName = "/levels/west_coast_usa/art/shapes/objects/floodlight_portable.dae";
      dynamic = "0";
      playAmbient = "1";
      meshCulling = "0";
      originSort = "0";
      useInstanceRenderData = "1";
      instanceColor = "White";
      instanceColor1 = "White";
      instanceColor2 = "White";
      collisionType = "Collision Mesh";
      decalType = "Collision Mesh";
      prebuildCollisionData = "0";
      renderNormals = "0";
      forceDetail = "-1";
      position = "247.73819 -340.390167 145.26062";
      scale = "1 1 1";
      rotationMatrix = "0.118503273 0.992520273 -0.0293373689 -0.992729843 0.117797315 -0.0247292668 -0.0210884288 0.032054577 0.999263644";
      isRenderEnabled = "false";
      canSave = "1";
      canSaveDynamicFields = "1";
   };
   new TSStatic() {
      shapeName = "/levels/west_coast_usa/art/shapes/objects/floodlight_portable.dae";
      dynamic = "0";
      playAmbient = "1";
      meshCulling = "0";
      originSort = "0";
      useInstanceRenderData = "1";
      instanceColor = "White";
      instanceColor1 = "White";
      instanceColor2 = "White";
      collisionType = "Collision Mesh";
      decalType = "Collision Mesh";
      prebuildCollisionData = "0";
      renderNormals = "0";
      forceDetail = "-1";
      position = "271.428497 -343.035248 145.879593";
      scale = "1 1 1";
      rotationMatrix = "0.119051635 0.992679 -0.020380538 -0.992684364 0.118586183 -0.0227003787 -0.0201173313 0.0229339581 0.999534547";
      isRenderEnabled = "false";
      canSave = "1";
      canSaveDynamicFields = "1";
   };
   new TSStatic() {
      shapeName = "/levels/west_coast_usa/art/shapes/objects/floodlight_portable.dae";
      dynamic = "0";
      playAmbient = "1";
      meshCulling = "0";
      originSort = "0";
      useInstanceRenderData = "1";
      instanceColor = "White";
      instanceColor1 = "White";
      instanceColor2 = "White";
      collisionType = "Collision Mesh";
      decalType = "Collision Mesh";
      prebuildCollisionData = "0";
      renderNormals = "0";
      forceDetail = "-1";
      position = "240.949722 -367.03183 145.131378";
      scale = "1 1 1";
      rotationMatrix = "-0.136883855 -0.990587294 0 0.990587294 -0.136883855 0 0 0 1";
      isRenderEnabled = "false";
      canSave = "1";
      canSaveDynamicFields = "1";
   };
   new TSStatic() {
      shapeName = "/levels/west_coast_usa/art/shapes/objects/floodlight_portable.dae";
      dynamic = "0";
      playAmbient = "1";
      meshCulling = "0";
      originSort = "0";
      useInstanceRenderData = "1";
      instanceColor = "White";
      instanceColor1 = "White";
      instanceColor2 = "White";
      collisionType = "Collision Mesh";
      decalType = "Collision Mesh";
      prebuildCollisionData = "0";
      renderNormals = "0";
      forceDetail = "-1";
      position = "267.164856 -370.654327 145.862701";
      scale = "1 1 1";
      rotationMatrix = "-0.136355877 -0.990293264 -0.0269433632 0.990334868 -0.136957169 0.0218892079 -0.0253668316 -0.0236982312 0.999397278";
      isRenderEnabled = "false";
      canSave = "1";
      canSaveDynamicFields = "1";
   };
   new TSStatic() {
      shapeName = "/levels/west_coast_usa/art/shapes/objects/excavator.dae";
      dynamic = "0";
      playAmbient = "1";
      meshCulling = "0";
      originSort = "0";
      useInstanceRenderData = "1";
      instanceColor = "White";
      instanceColor1 = "White";
      instanceColor2 = "White";
      collisionType = "Collision Mesh";
      decalType = "Collision Mesh";
      prebuildCollisionData = "0";
      renderNormals = "0";
      forceDetail = "-1";
      position = "255.227295 -369.392426 145.612366";
      scale = "1 1 1";
      rotationMatrix = "0.884382427 -0.466417968 0.0179441143 0.46580714 0.884377956 0.0299886223 -0.0298566092 -0.0181629155 0.999389172";
      isRenderEnabled = "false";
      canSave = "1";
      canSaveDynamicFields = "1";
   };
   new TSStatic() {
      shapeName = "/levels/west_coast_usa/art/shapes/objects/arrowboard_R.dae";
      dynamic = "0";
      playAmbient = "1";
      meshCulling = "0";
      originSort = "0";
      useInstanceRenderData = "1";
      instanceColor = "White";
      instanceColor1 = "White";
      instanceColor2 = "White";
      collisionType = "Collision Mesh";
      decalType = "Collision Mesh";
      prebuildCollisionData = "0";
      renderNormals = "0";
      forceDetail = "-1";
      position = "222.587692 -345.113983 144.647568";
      scale = "1 1 1";
      rotationMatrix = "-0.649408221 -0.760343909 -0.0120888418 0.759716988 -0.649401903 0.0332765207 -0.0331521146 0.0124259498 0.999373078";
      isRenderEnabled = "false";
      canSave = "1";
      canSaveDynamicFields = "1";
   };
   new TSStatic() {
      shapeName = "/levels/west_coast_usa/art/shapes/objects/arrowboard_L.dae";
      dynamic = "0";
      playAmbient = "1";
      meshCulling = "0";
      originSort = "0";
      useInstanceRenderData = "1";
      instanceColor = "White";
      instanceColor1 = "White";
      instanceColor2 = "White";
      collisionType = "Collision Mesh";
      decalType = "Collision Mesh";
      prebuildCollisionData = "0";
      renderNormals = "0";
      forceDetail = "-1";
      position = "220.547012 -356.890747 144.570312";
      scale = "1 1 1";
      rotationMatrix = "-0.43991816 0.898010552 -0.00695984159 -0.897440016 -0.439894915 -0.0330638289 -0.0327532738 -0.00829934888 0.999428988";
      isRenderEnabled = "false";
      canSave = "1";
      canSaveDynamicFields = "1";
   };
   new TSStatic() {
      shapeName = "/levels/west_coast_usa/art/shapes/objects/boom_lift2.dae";
      dynamic = "0";
      playAmbient = "1";
      meshCulling = "0";
      originSort = "0";
      useInstanceRenderData = "1";
      instanceColor = "White";
      instanceColor1 = "White";
      instanceColor2 = "White";
      collisionType = "Collision Mesh";
      decalType = "Collision Mesh";
      prebuildCollisionData = "0";
      renderNormals = "0";
      forceDetail = "-1";
      position = "236.499985 -339.510345 144.992859";
      scale = "1 1 1";
      rotationMatrix = "0.999387801 0.0181754548 0.0298939366 -0.0170637127 0.999168336 -0.037033394 -0.0305421744 0.0365006179 0.998866796";
      isRenderEnabled = "false";
      canSave = "1";
      canSaveDynamicFields = "1";
   };
   new TSStatic() {
      shapeName = "/levels/west_coast_usa/art/shapes/objects/s_gm_pipe_concrete_d120.dae";
      dynamic = "0";
      playAmbient = "1";
      meshCulling = "0";
      originSort = "0";
      useInstanceRenderData = "1";
      instanceColor = "White";
      instanceColor1 = "White";
      instanceColor2 = "White";
      collisionType = "Collision Mesh";
      decalType = "Collision Mesh";
      prebuildCollisionData = "0";
      renderNormals = "0";
      forceDetail = "-1";
