{"class":"TSStatic","__parent":"rally_stage_2","position":[652.338623,-625.749084,228.899368],"isRenderEnabled":false,"rotationMatrix":[0.653865337,0.756611109,0,-0.756611109,0.653865337,0,0,0,1],"shapeName":"/levels/west_coast_usa/art/shapes/objects/featherflag_beamng.dae","useInstanceRenderData":true}
{"class":"TSStatic","__parent":"rally_stage_2","position":[661.129456,-617.699829,228.922806],"isRenderEnabled":false,"rotationMatrix":[-0.583436728,-0.812159479,0,0.812159479,-0.583436728,0,0,0,1],"shapeName":"/levels/west_coast_usa/art/shapes/objects/featherflag_beamng.dae","useInstanceRenderData":true}
{"name":"rally2","class":"DecalRoad","persistentId":"12de54b8-2a12-4890-a2bb-996b487ec909","__parent":"rally_stage_2","position":[658.432739,-623.896667,227.93396],"improvedSpline":true,"material":"road_invisible","nodes":[[658.432739,-623.896667,227.93396,6],[653.802368,-619.654114,227.93396,6],[648.868652,-610.592468,227.93396,6],[644.20282,-611.452087,227.93396,6],[642.651367,-625.390381,227.714111,6],[642.831238,-641.542358,225.89003,6],[646.818176,-647.779968,224.915451,6],[665.51532,-661.767273,222.368149,6],[697.002319,-660.973694,218.434021,6],[704.871887,-664.808472,217.005432,6],[705.01593,-672.592163,216.407654,6],[698.874146,-677.012817,216.24176,6],[685.569092,-677.610474,215.383423,6],[639.776611,-674.148132,210.057373,6],[617.530518,-678.639771,207.423508,6],[601.195618,-672.68512,205.967316,6],[594.051331,-664.964478,205.303421,6],[594.387634,-646.032532,203.526749,6],[593.778931,-637.370544,202.844086,6],[585.149719,-633.955383,202.776733,6],[579.053345,-640.28302,202.350967,6],[579.788574,-650.005493,201.726562,6],[578.852905,-671.043213,200.703873,6],[565.588562,-695.854797,200.671799,6],[557.950317,-715.501831,200.737549,6],[560.966919,-722.393188,200.947144,6],[577.19812,-716.623596,201.335907,6],[607.865479,-705.912842,201.592041,6],[632.561157,-706.491028,201.229141,6],[707.018677,-716.742432,198.271362,6],[736.917847,-713.353943,198.094299,6],[753.41687,-699.820435,197.206161,6],[758.643311,-679.4104,196.031693,6],[754.322754,-664.499695,194.530701,6],[730.061829,-632.228699,189.92276,6],[722.311096,-621.106201,188.374603,6],[719.779175,-606.079285,186.438126,6],[723.968079,-537.611633,178.438034,6],[727.589844,-519.309998,176.777115,6],[735.824097,-512.702332,175.980301,6],[744.165588,-514.031616,175.249802,6],[758.198914,-526.737488,174.891495,6],[756.56958,-535.610901,174.964966,6],[748.031372,-563.255798,174.877991,6],[751.173767,-576.78241,174.413605,6],[766.832764,-598.877747,173.728073,6],[824.99762,-661.121643,172.12468,6],[839.225098,-678.340576,171.042969,6],[855.16687,-684.409302,170.100952,6],[870.260986,-675.536621,169.252457,6],[878.516418,-659.337708,168.897095,6],[870.713379,-604.774597,166.862534,6],[877.696533,-594.615662,166.448135,6],[897.076721,-610.049561,166.100266,6],[907.599731,-649.319824,167.116745,6],[922.901978,-708.684937,170.088287,6],[926.611816,-727.251892,170.53476,6],[915.010254,-736.499084,169.973755,6],[876.796692,-753.875854,169.764786,6],[827.783691,-776.637573,166.206223,6],[812.387268,-782.041321,164.974442,6],[794.32135,-782.814941,163.98848,6],[731.296631,-781.763367,166.876328,6],[679.721863,-782.523193,174.427155,6],[643.580994,-774.894165,176.783112,6],[630.800659,-774.900574,177.123566,6],[620.76825,-781.121094,176.63945,6],[600.932983,-798.827942,174.468796,6],[584.979736,-810.896606,173.051544,6],[548.871826,-823.92688,171.658508,6],[532.797913,-823.890625,170.500504,6],[517.143188,-831.186218,167.911392,6],[517.335144,-845.910583,164.969452,6],[527.734497,-849.416321,163.116592,6],[541.611267,-852.80365,161.709442,6],[564.450195,-856.795532,157.183594,6],[569.867371,-850.667175,154.870438,6],[573.953247,-842.076416,154.337296,6],[577.819397,-834.332825,153.943954,6],[583.314514,-828.458252,153.490921,6],[589.247803,-827.084045,153.103561,6],[600.591919,-825.624207,152.536316,6],[611.461121,-826.840515,151.752869,6],[618.831665,-838.226379,150.847916,6],[622.274292,-841.41626,150.513153,6],[620.585449,-845.90094,150.201599,6],[619.235229,-859.518372,149.230484,6],[606.464966,-862.019104,148.339081,6],[593.034241,-861.62793,147.372543,6],[585.086365,-850.323853,146.3573,6],[592.200439,-838.978638,145.220535,6],[605.074585,-840.882874,144.920822,6]]}
{"class":"DecalRoad","persistentId":"92b1da8e-73b4-4aa6-ad44-0338c15cfe21","__parent":"rally_stage_2","position":[658.805115,-619.07373,227.93396],"improvedSpline":true,"material":"checkered_line","nodes":[[658.805115,-619.07373,227.93396,0.5],[654.134216,-624.352295,227.93396,0.5]]}
{"name":"fre_start_rally2","class":"BeamNGTrigger","__parent":"rally_stage_2","position":[656.287781,-622.086243,229.569595],"luaFunction":"onBeamNGTrigger","rotationMatrix":[0.639881611,0.768473566,-3.7252903e-08,-0.767614663,0.639166474,-0.0472647026,-0.0363216512,0.0302438419,0.998882413],"scale":[9.07233238,1,4.90749168]}
{"name":"fre_start_rally2asset0","class":"DecalRoad","persistentId":"5109d344-4906-4f16-98fd-d3b8997727b9","__parent":"rally_stage_2","position":[599.473083,-848.728333,144.920822],"hidden":true,"improvedSpline":true,"material":"checkered_line","nodes":[[599.473083,-848.728333,144.920822,0.5],[605.052734,-841.610413,144.920822,0.5]],"startEndFade":[1,1]}
{"name":"fre_finish_rally2","class":"BeamNGTrigger","__parent":"rally_stage_2","position":[602.816528,-845.472778,146.285095],"luaFunction":"onBeamNGTrigger","rotationMatrix":[0.617681801,0.786417425,0.00410063937,-0.785510004,0.616700411,0.0515237898,0.0379903391,-0.0350463986,0.998663366],"scale":[9.03917503,1.70973086,5.43977737]}
{"name":"fre_staging_rally2","class":"BeamNGTrigger","__parent":"rally_stage_2","position":[656.868286,-622.546753,229.569595],"luaFunction":"onBeamNGTrigger","rotationMatrix":[0.639881611,0.768473566,-3.7252903e-08,-0.767614663,0.639166474,-0.0472647026,-0.0363216512,0.0302438419,0.998882413],"scale":[9.07233238,1,4.90749168]}
{"name":"fre_finish_rally3","class":"BeamNGTrigger","__parent":"rally_stage_2","position":[-61.1353302,119.967598,127.079979],"luaFunction":"onBeamNGTrigger","rotationMatrix":[-0.703626156,0.708691597,0.0516371019,-0.709554076,-0.704647422,0.00226387195,0.0379903354,-0.0350463912,0.998663366],"scale":[9.03917503,1.70973086,5.43977737]}
