{"class":"TSStatic","persistentId":"4d3a0d75-3f34-4117-995e-110bd522de75","__parent":"fastAutomotive","position":[314.915985,-165.452011,143.893723],"isRenderEnabled":false,"rotationMatrix":[0.999873757,0.0158891752,0,-0.0158891752,0.999873757,0,0,0,1],"shapeName":"/levels/west_coast_usa/art/shapes/objects/s_curb.dae","useInstanceRenderData":true}
{"class":"TSStatic","persistentId":"2e3b4328-c421-4b0b-b19f-3f74b5075df1","__parent":"fastAutomotive","position":[314.866852,-168.178528,143.893723],"isRenderEnabled":false,"rotationMatrix":[0.999891162,-0.0147531386,0,0.0147531386,0.999891162,0,0,0,1],"shapeName":"/levels/west_coast_usa/art/shapes/objects/s_curb.dae","useInstanceRenderData":true}
{"class":"TSStatic","persistentId":"32682901-9961-45f8-b803-9151213c6688","__parent":"fastAutomotive","position":[314.929443,-170.846466,143.893723],"isRenderEnabled":false,"rotationMatrix":[0.999592602,0.0285409596,0,-0.0285409596,0.999592602,0,0,0,1],"shapeName":"/levels/west_coast_usa/art/shapes/objects/s_curb.dae","useInstanceRenderData":true}
{"class":"TSStatic","persistentId":"1fe85ffe-7010-4021-bcdc-d4b04e143399","__parent":"fastAutomotive","position":[323.008301,-168.350327,145.381485],"isRenderEnabled":false,"rotationMatrix":[0.99999994,-3.55294134e-07,1.07128204e-14,3.55294134e-07,0.99999994,-3.01519734e-08,0,3.01519769e-08,0.999999881],"shapeName":"/levels/west_coast_usa/art/shapes/buildings/garage_racetrack.dae","useInstanceRenderData":true}
{"class":"TSStatic","persistentId":"8e7fd6fe-0415-4314-9f46-63cd4f2cdd6e","__parent":"fastAutomotive","position":[288.118805,-145.185989,143.882721],"isRenderEnabled":false,"rotationMatrix":[0.999592602,0.0285409596,0,-0.0285409596,0.999592602,0,0,0,1],"shapeName":"/levels/west_coast_usa/art/shapes/objects/s_curb.dae","useInstanceRenderData":true}
{"class":"TSStatic","persistentId":"ff360f0e-913c-48a1-8239-e60a19342558","__parent":"fastAutomotive","position":[288.118805,-142.494934,143.882721],"isRenderEnabled":false,"rotationMatrix":[0.999824166,0.0187505968,0,-0.0187505968,0.999824166,0,0,0,1],"shapeName":"/levels/west_coast_usa/art/shapes/objects/s_curb.dae","useInstanceRenderData":true}
{"class":"TSStatic","persistentId":"de2c7bc1-6f9a-4e4c-90cb-7951df183470","__parent":"fastAutomotive","position":[288.118805,-139.682007,143.882721],"isRenderEnabled":false,"rotationMatrix":[0.999283075,0.0378592648,0,-0.0378592648,0.999283075,0,0,0,1],"shapeName":"/levels/west_coast_usa/art/shapes/objects/s_curb.dae","useInstanceRenderData":true}
{"class":"TSStatic","persistentId":"617a1f39-6450-4d97-acb3-d04020167680","__parent":"fastAutomotive","position":[288.118805,-136.999084,143.884567],"isRenderEnabled":false,"rotationMatrix":[0.999974012,-0.00720906258,0,0.00720906258,0.999974012,0,0,0,1],"shapeName":"/levels/west_coast_usa/art/shapes/objects/s_curb.dae","useInstanceRenderData":true}
{"class":"DecalRoad","persistentId":"9ed3fbc5-2256-426a-b0fc-739379b97a8a","__parent":"fastAutomotive","position":[297.51535,-144.995087,143.887863],"breakAngle":1,"detail":0.300000012,"distanceFade":[100,50],"improvedSpline":true,"material":"road_crack","nodes":[[297.51535,-144.995087,143.887863,0.5],[297.737061,-153.76709,143.887863,0.5],[297.995209,-168.597977,143.887863,0.5]],"renderPriority":5,"textureLength":24}
{"class":"DecalRoad","persistentId":"827ba006-e7bf-4619-b88d-2c64bec33d5d","__parent":"fastAutomotive","position":[306.665131,-168.464355,143.887863],"breakAngle":1,"detail":0.300000012,"distanceFade":[100,50],"improvedSpline":true,"material":"road_crack","nodes":[[306.665131,-168.464355,143.887863,0.5],[297.980682,-168.585693,143.887863,0.5]],"renderPriority":5,"textureLength":24}
{"class":"DecalRoad","persistentId":"9cb0769a-6984-4426-accc-b36e1956e31b","__parent":"fastAutomotive","position":[306.632202,-168.452087,143.887863],"breakAngle":1,"detail":0.300000012,"distanceFade":[100,50],"improvedSpline":true,"material":"road_crack","nodes":[[306.632202,-168.452087,143.887863,0.5],[306.408081,-153.381287,143.887863,0.5]],"renderPriority":5,"textureLength":24}
{"class":"DecalRoad","persistentId":"8555986a-b196-43c5-a2cc-4fcdb7cae3c7","__parent":"fastAutomotive","position":[297.678497,-153.633224,143.887863],"breakAngle":1,"detail":0.300000012,"distanceFade":[100,50],"improvedSpline":true,"material":"road_crack","nodes":[[297.678497,-153.633224,143.887863,0.5],[318.43219,-153.209625,143.928131,0.5]],"renderPriority":5,"textureLength":24}
{"class":"DecalRoad","persistentId":"9245e6e6-2b31-432f-96d0-e7291d5e939d","__parent":"fastAutomotive","position":[318.42392,-153.226547,143.92804],"breakAngle":1,"detail":0.300000012,"distanceFade":[100,50],"improvedSpline":true,"material":"road_crack","nodes":[[318.42392,-153.226547,143.92804,0.5],[318.126709,-139.703415,143.911819,0.5]],"renderPriority":5,"textureLength":24}
{"class":"DecalRoad","persistentId":"d48da8b4-c78d-4e0a-bcb0-eefca9c2e024","__parent":"fastAutomotive","position":[318.201385,-144.531891,143.92543],"breakAngle":1,"detail":0.300000012,"distanceFade":[100,50],"improvedSpline":true,"material":"road_crack","nodes":[[318.201385,-144.531891,143.92543,0.5],[297.511688,-145.037598,143.887863,0.5]],"renderPriority":5,"textureLength":24}
{"class":"DecalRoad","persistentId":"ca31afee-1e9e-4244-aaac-409abe647140","__parent":"fastAutomotive","position":[318.106537,-135.240677,143.892944],"breakAngle":1,"detail":0.300000012,"distanceFade":[100,50],"improvedSpline":true,"material":"road_crack","nodes":[[318.106537,-135.240677,143.892944,0.5],[309.565887,-135.299484,143.887863,0.5],[288.311249,-135.448929,143.887863,0.5]],"renderPriority":5,"textureLength":24}
{"class":"DecalRoad","persistentId":"bad39e81-ab3e-4b43-b3d0-d0d89fbd8632","__parent":"fastAutomotive","position":[288.32962,-135.424911,143.887863],"breakAngle":1,"detail":0.300000012,"distanceFade":[100,50],"improvedSpline":true,"material":"road_crack","nodes":[[288.32962,-135.424911,143.887863,0.5],[288.440979,-147.829056,143.887863,0.5]],"renderPriority":5,"textureLength":24}
{"class":"DecalRoad","persistentId":"fbf04ca6-85a4-4032-95de-3ec8436b3b80","__parent":"fastAutomotive","position":[284.442017,-147.842148,143.887863],"breakAngle":1,"detail":0.300000012,"distanceFade":[100,50],"improvedSpline":true,"material":"road_crack","nodes":[[284.442017,-147.842148,143.887863,0.5],[288.478851,-147.814697,143.887863,0.5]],"renderPriority":5,"textureLength":24}
{"class":"DecalRoad","persistentId":"23127deb-a46a-442c-8a76-8fff8836d5a2","__parent":"fastAutomotive","position":[271.337799,-155.541595,142.77652],"breakAngle":1,"detail":0.300000012,"distanceFade":[100,50],"improvedSpline":true,"material":"road_crack","nodes":[[271.337799,-155.541595,142.77652,0.5],[279.253906,-155.525848,143.462601,0.5]],"renderPriority":5,"textureLength":24}
{"class":"DecalRoad","persistentId":"6ac89481-da3a-4d32-9af4-2f8e40c8acc3","__parent":"fastAutomotive","position":[279.244232,-155.518768,143.461624],"breakAngle":1,"detail":0.300000012,"distanceFade":[100,50],"improvedSpline":true,"material":"road_crack","nodes":[[279.244232,-155.518768,143.461624,0.5],[279.33905,-167.632217,143.465881,0.5],[279.393555,-178.045547,143.480072,0.5]],"renderPriority":5,"textureLength":24}
{"class":"DecalRoad","persistentId":"56faa038-74e9-4097-ba39-a27d013caf05","__parent":"fastAutomotive","position":[271.506805,-178.082794,142.735138],"breakAngle":1,"detail":0.300000012,"distanceFade":[100,50],"improvedSpline":true,"material":"road_crack","nodes":[[271.506805,-178.082794,142.735138,0.5],[279.430054,-178.04744,143.484177,0.5]],"renderPriority":5,"textureLength":24}
{"class":"DecalRoad","persistentId":"63f0e783-4958-481d-9080-818b363f720b","__parent":"fastAutomotive","position":[283.16333,-185.186935,143.887863],"breakAngle":1,"detail":0.300000012,"distanceFade":[100,50],"improvedSpline":true,"material":"road_crack","nodes":[[283.16333,-185.186935,143.887863,0.5],[288.26825,-185.17511,143.887863,0.5],[297.98233,-185.194199,143.887863,0.5],[309.934418,-185.205429,143.887863,0.5]],"renderPriority":5,"textureLength":24}
{"class":"DecalRoad","persistentId":"41cb0763-aee0-49ad-ae2c-903c293cec1a","__parent":"fastAutomotive","position":[309.920929,-188.955444,143.887863],"breakAngle":1,"detail":0.300000012,"distanceFade":[100,50],"improvedSpline":true,"material":"road_crack","nodes":[[309.920929,-188.955444,143.887863,0.5],[309.92334,-185.199402,143.887863,0.5]],"renderPriority":5,"textureLength":24}
{"class":"DecalRoad","persistentId":"a5331801-7a6e-43a0-a0c9-c90d234c4344","__parent":"fastAutomotive","position":[318.16037,-132.403,143.90062],"breakAngle":1,"detail":0.300000012,"distanceFade":[100,50],"improvedSpline":true,"material":"road_edge","nodes":[[318.16037,-132.403,143.90062,0.5],[318.17569,-139.676102,143.912521,0.5]],"renderPriority":5,"textureLength":8}
{"class":"DecalRoad","persistentId":"1b56c0de-3723-4ded-b108-6d3584f07d10","__parent":"fastAutomotive","position":[318.099945,-139.653854,143.911072],"breakAngle":1,"detail":0.300000012,"distanceFade":[100,50],"improvedSpline":true,"material":"road_edge","nodes":[[318.099945,-139.653854,143.911072,0.5],[322.150391,-139.651215,144.073029,0.5]],"renderPriority":5,"textureLength":8}
{"class":"DecalRoad","persistentId":"a4a52627-76ed-40a6-8867-1b03758470d5","__parent":"fastAutomotive","position":[282.194092,-153.244812,143.786255],"breakAngle":1,"detail":0.300000012,"distanceFade":[100,50],"improvedSpline":true,"material":"road_edge","nodes":[[282.194092,-153.244812,143.786255,0.5],[282.114044,-147.215805,143.887863,0.5]],"renderPriority":5,"textureLength":8}
{"class":"DecalRoad","persistentId":"6493a3d7-ee24-46f9-a487-21302590452f","__parent":"fastAutomotive","position":[282.07019,-147.238632,143.887863],"breakAngle":1,"detail":0.300000012,"distanceFade":[100,50],"improvedSpline":true,"material":"road_edge","nodes":[[282.07019,-147.238632,143.887863,0.5],[284.442657,-147.160904,143.887863,0.5]],"renderPriority":5,"textureLength":8}
{"class":"DecalRoad","persistentId":"384113f6-8a56-426d-908d-2c270906861b","__parent":"fastAutomotive","position":[309.927246,-187.197662,143.887863],"detail":0.200000003,"distanceFade":[200,50],"endTangent":true,"improvedSpline":true,"material":"sidewalk_concrete","nodes":[[309.927246,-187.197662,143.887863,4],[283.171722,-187.17511,143.887863,4]],"renderPriority":7,"textureLength":12}
{"class":"DecalRoad","persistentId":"ce06e1f8-c7e5-4bbe-b6fd-2216b8058c81","__parent":"fastAutomotive","position":[277.417511,-178.066223,143.265717],"detail":0.200000003,"distanceFade":[200,50],"endTangent":true,"improvedSpline":true,"material":"sidewalk_concrete","nodes":[[277.417511,-178.066223,143.265717,4],[277.25647,-155.544464,143.250305,4]],"renderPriority":7,"textureLength":12}
{"class":"DecalRoad","persistentId":"90fb994c-846a-4325-9e30-276b71329be3","__parent":"fastAutomotive","position":[307.70401,-161.687927,143.887863],"detail":0.200000003,"distanceFade":[200,50],"improvedSpline":true,"material":"AsphaltRoad_track_skidmarks","nodes":[[307.70401,-161.687927,143.887863,4],[308.7742,-175.89122,143.887863,4],[314.967529,-183.084915,143.890305,4],[328.66452,-183.245667,143.922653,4]],"renderPriority":1,"startEndFade":[100,100],"textureLength":40}
{"class":"DecalRoad","persistentId":"36d4adab-c454-4495-b930-b5675be3151d","__parent":"fastAutomotive","position":[311.886078,-161.441986,143.890121],"detail":0.200000003,"distanceFade":[200,50],"material":"line_parking1","nodes":[[311.886078,-161.441986,143.890121,5.4000001],[311.790558,-173.550903,143.887863,5.4000001]],"renderPriority":7,"textureLength":2.70000005,"zBias":1}
{"class":"DecalRoad","persistentId":"286f6a14-6375-48d7-9ed9-8ac53dde09b0","__parent":"fastAutomotive","position":[341.056976,-144.904175,144.358276],"autoLanes":false,"detail":1,"drivability":0.75,"gatedRoad":true,"improvedSpline":true,"lanesLeft":0,"material":"road_invisible","nodes":[[341.056976,-144.904175,144.358276,6],[321.705414,-144.570175,144.00499,6],[312.748596,-146.297638,143.887863,6],[306.632965,-151.761337,143.887863,6],[304.470551,-163.964188,143.887863,6],[305.458984,-173.936584,143.887863,6],[311.163025,-181.24826,143.887863,6],[315.721863,-183.467361,143.888046,6],[321.277985,-183.025284,143.912811,6],[332.601868,-182.913467,143.95079,6]],"oneWay":true,"useSubdivisions":false,"useTemplate":"true"}
{"class":"DecalRoad","persistentId":"ee0e889e-47be-48ee-8a07-6a86b678eedc","__parent":"fastAutomotive","position":[283.105133,-196.78653,143.887863],"breakAngle":1,"detail":0.300000012,"distanceFade":[100,50],"material":"road_edge","nodes":[[283.105133,-196.78653,143.887863,0.5],[283.141785,-185.027222,143.887863,0.5],[283.107239,-181.727875,143.879684,0.5],[282.986725,-180.398987,143.870529,0.5],[282.663696,-179.957855,143.843323,0.5],[281.560852,-179.693008,143.748077,0.5],[278.045197,-179.732971,143.404282,0.5],[275.064423,-179.762878,143.084732,0.5]],"renderPriority":5,"textureLength":8}
{"class":"DecalRoad","persistentId":"12e8caf6-d5ea-4f81-89f4-997dbc6a2963","__parent":"fastAutomotive","position":[291.347412,-149.090103,143.887863],"detail":0.200000003,"distanceFade":[200,50],"material":"line_parking1","nodes":[[291.347412,-149.090103,143.887863,5.4000001],[291.249207,-135.584991,143.887863,5.4000001]],"renderPriority":7,"textureLength":2.70000005,"zBias":1}
{"class":"DecalRoad","persistentId":"571af59a-0353-4e2f-a9a8-139938fe0f20","__parent":"fastAutomotive","position":[327.765015,-145.080124,144.175766],"detail":0.200000003,"distanceFade":[200,50],"improvedSpline":true,"material":"track_rubber","nodes":[[327.765015,-145.080124,144.175766,6],[313.708496,-147.068558,143.887863,6],[307.073395,-155.74408,143.887863,6],[308.398041,-178.95845,143.887863,6],[316.299591,-183.212997,143.889542,6],[327.816559,-183.543243,143.913696,6]],"renderPriority":2,"startEndFade":[30,30],"textureLength":20}
{"class":"DecalRoad","persistentId":"5d98422b-ed50-4374-adf5-f4511abfff3f","__parent":"fastAutomotive","position":[354.657166,-144.586258,144.419357],"detail":0.200000003,"distanceFade":[200,50],"improvedSpline":true,"material":"track_rubber","nodes":[[354.657166,-144.586258,144.419357,6],[320.798523,-145.131241,143.979202,6],[304.64032,-147.046799,143.887863,6],[292.609436,-150.73439,143.887863,6],[284.342834,-158.497742,143.887863,6],[284.279663,-173.76738,143.887863,6],[293.70639,-180.4599,143.887863,6],[314.685272,-183.211609,143.888947,6],[332.201263,-182.855728,143.949875,6]],"renderPriority":2,"startEndFade":[30,30],"textureLength":20}
{"class":"DecalRoad","persistentId":"01dffe1b-5545-4ee4-80b3-1d7f30ea7798","__parent":"fastAutomotive","position":[291.983978,-182.303101,143.887863],"detail":0.200000003,"distanceFade":[200,50],"endTangent":true,"improvedSpline":true,"material":"track_rubber","nodes":[[291.983978,-182.303101,143.887863,6],[298.154327,-180.36824,143.887863,6],[305.199341,-172.357117,143.887863,6],[303.828217,-158.259476,143.887863,6],[295.216156,-151.724899,143.887863,6],[290.062195,-150.410843,143.887863,6]],"renderPriority":2,"startEndFade":[30,30],"startTangent":true,"textureLength":20}
{"class":"DecalRoad","persistentId":"0ae3269a-ffb2-4be7-9056-a5a28df2674a","__parent":"fastAutomotive","position":[326.590302,-145.254425,144.144867],"distanceFade":[200,50],"improvedSpline":true,"material":"AsphaltRoad_track_skidmarks","nodes":[[326.590302,-145.254425,144.144867,4],[321.492859,-145.676361,143.99234,4],[311.878632,-147.155975,143.887863,4],[306.024689,-155.574432,143.887863,4],[305.530945,-170.167938,143.887863,4]],"renderPriority":3,"startEndFade":[40,40],"textureLength":100}
{"class":"DecalRoad","persistentId":"6873a031-1002-4087-9a03-895a43da6edc","__parent":"fastAutomotive","position":[275.573059,-151.365891,143.636383],"improvedSpline":true,"material":"AsphaltRoad_variation_01","nodes":[[275.573059,-151.365891,143.636383,12],[276.158356,-180.778778,143.448547,12]],"renderPriority":4,"startEndFade":[5,5],"textureLength":128}
{"class":"DecalRoad","persistentId":"5a8b4422-35f6-4e48-b957-fc4233380e07","__parent":"fastAutomotive","position":[281.426086,-182.515854,143.870865],"improvedSpline":true,"material":"AsphaltRoad_variation_01","nodes":[[281.426086,-182.515854,143.870865,12],[320.095856,-181.910156,143.912384,12]],"renderPriority":4,"startEndFade":[15,15],"textureLength":128}
{"class":"DecalRoad","persistentId":"5bb35d75-bd71-46ae-b741-dbffc0a190d2","__parent":"fastAutomotive","position":[302.070831,-152.553192,143.887863],"detail":0.200000003,"distanceFade":[200,50],"endTangent":true,"improvedSpline":true,"material":"road_asphalt_2lane","nodes":[[302.070831,-152.553192,143.887863,8.83333302],[302.283783,-168.528458,143.887863,8.83333302]],"renderPriority":8,"textureLength":10}
{"class":"DecalRoad","persistentId":"97faa204-3425-4041-9c50-6348dea8e9fe","__parent":"fastAutomotive","position":[318.313721,-148.855743,143.92775],"detail":0.200000003,"distanceFade":[200,50],"endTangent":true,"improvedSpline":true,"material":"road_asphalt_2lane","nodes":[[318.313721,-148.855743,143.92775,8.83333302],[297.618805,-149.361221,143.887863,8.83333302]],"renderPriority":8,"textureLength":10}
{"class":"DecalRoad","persistentId":"edf9ee0d-8f05-4a38-b627-6d65f573b5d1","__parent":"fastAutomotive","position":[287.721069,-133.453781,143.887863],"detail":0.200000003,"distanceFade":[200,50],"endTangent":true,"improvedSpline":true,"material":"sidewalk_concrete","nodes":[[287.721069,-133.453781,143.887863,4],[318.172699,-133.24881,143.897232,4]],"renderPriority":7,"textureLength":12}
{"class":"DecalRoad","persistentId":"aaa137ac-5ef5-4cd4-a843-5815884e748f","__parent":"fastAutomotive","position":[286.297028,-129.979538,143.887863],"detail":0.200000003,"distanceFade":[200,50],"endTangent":true,"improvedSpline":true,"material":"sidewalk_concrete","nodes":[[286.297028,-129.979538,143.887863,4],[286.449799,-147.820419,143.887863,4]],"renderPriority":7,"textureLength":12}
{"class":"TSStatic","persistentId":"ac2e5e12-5ee1-4dec-b73a-4f0ef98c7e4c","__parent":"fastAutomotive","position":[282.373596,-140.806549,142.717178],"annotation":"BUILDINGS","isRenderEnabled":false,"rotationMatrix":[0.0191418529,-0.999816835,0,0.999816835,0.0191418529,0,0,0,1],"shapeName":"/levels/west_coast_usa/art/shapes/buildings/office_mobile2.dae","useInstanceRenderData":true}
{"class":"DecalRoad","persistentId":"ae4f83c9-9aff-41ce-a025-43d3ddb62cd0","__parent":"fastAutomotive","position":[303.165833,-159.833954,143.887863],"distanceFade":[200,50],"improvedSpline":true,"material":"AsphaltRoad_track_skidmarks","nodes":[[303.165833,-159.833954,143.887863,4],[297.353821,-159.453094,143.887863,4],[288.907166,-158.913895,143.887863,4],[283.38089,-164.425659,143.876663,4],[283.398621,-172.643478,143.878937,4],[289.183655,-178.361313,143.887863,4],[304.400757,-179.070297,143.887863,4]],"renderPriority":3,"startEndFade":[40,40],"textureLength":100}
{"class":"DecalRoad","persistentId":"75ff352c-89eb-42e9-8992-b718a1ac4459","__parent":"fastAutomotive","position":[303.000854,-150.25,143.887863],"distanceFade":[200,50],"endTangent":true,"improvedSpline":true,"material":"AsphaltRoad_track_skidmarks","nodes":[[303.000854,-150.25,143.887863,4],[299.025604,-150.106583,143.887863,4],[291.959778,-152.930481,143.887863,4],[289.090027,-160.586365,143.887863,4],[291.999786,-167.511642,143.887863,4],[299.091949,-170.662399,143.887863,4],[306.82489,-167.958145,143.887863,4],[309.781708,-160.729889,143.887863,4],[306.530151,-153.182144,143.887863,4],[299.388519,-150.033386,143.887863,4],[291.562195,-153.149597,143.887863,4],[289.369476,-156.145691,143.887863,4]],"renderPriority":3,"startEndFade":[40,40],"startTangent":true,"textureLength":100}
{"class":"DecalRoad","persistentId":"a3554109-92b8-4e6c-ae08-42af49f0e273","__parent":"fastAutomotive","position":[310.726807,-166.856995,143.887863],"distanceFade":[200,50],"endTangent":true,"improvedSpline":true,"material":"AsphaltRoad_track_skidmarks","nodes":[[310.726807,-166.856995,143.887863,4],[309.646423,-161.621231,143.887863,4],[306.761932,-157.353409,143.887863,4],[302.30896,-154.281754,143.887863,4],[297.219482,-153.367264,143.887863,4],[292.181213,-154.450272,143.887863,4],[287.709747,-157.402267,143.887863,4],[284.789246,-161.719391,143.887863,4],[283.802582,-166.949539,143.887863,4],[284.916656,-172.132172,143.887863,4],[287.85321,-176.53035,143.887863,4],[292.246948,-179.395508,143.887863,4],[297.506927,-180.338257,143.887863,4],[302.540985,-179.330856,143.887863,4],[306.90802,-176.339233,143.887863,4],[309.884918,-171.962936,143.887863,4],[310.695892,-166.865234,143.887863,4],[309.79245,-161.603989,143.887863,4],[306.879333,-157.272141,143.887863,4],[304.558075,-155.289001,143.887863,4]],"renderPriority":3,"startEndFade":[40,40],"startTangent":true,"textureLength":100}
{"class":"DecalRoad","persistentId":"ad84e584-a451-4ff9-8b11-c0068503d172","__parent":"fastAutomotive","position":[312.456085,-164.491791,143.893723],"distanceFade":[200,50],"endTangent":true,"improvedSpline":true,"material":"AsphaltRoad_track_skidmarks","nodes":[[312.456085,-164.491791,143.893723,6],[311.375702,-159.256027,143.887863,6],[308.491211,-154.988205,143.887863,6],[304.038239,-151.91655,143.887863,6],[298.948761,-151.00206,143.887863,6],[293.910492,-152.085068,143.887863,6],[289.439026,-155.037064,143.887863,6],[286.518524,-159.354187,143.887863,6],[285.53186,-164.584335,143.887863,6],[286.645935,-169.766968,143.887863,6],[289.582489,-174.165146,143.887863,6],[293.976227,-177.030304,143.887863,6],[299.236206,-177.973053,143.887863,6],[304.270264,-176.965652,143.887863,6],[308.637299,-173.97403,143.887863,6],[311.614197,-169.597733,143.887863,6],[312.425171,-164.500031,143.893723,6],[311.521729,-159.238785,143.887985,6],[308.608612,-154.906937,143.887863,6],[306.287354,-152.923798,143.887863,6]],"renderPriority":2,"startEndFade":[40,40],"startTangent":true,"textureLength":65}
{"class":"DecalRoad","persistentId":"330fa42e-1385-438a-8491-36efbac623c0","__parent":"fastAutomotive","position":[322.211304,-144.321014,144.022339],"detail":1,"drivability":0.400000006,"gatedRoad":true,"improvedSpline":true,"material":"road_invisible","nodes":[[322.211304,-144.321014,144.022339,4.57142878],[305.46759,-142.520996,143.887863,4.57142878]],"oneWay":true,"useSubdivisions":false,"useTemplate":"true"}
{"class":"DecalRoad","persistentId":"16345139-3ae2-48ec-8832-a6c7f900009c","__parent":"fastAutomotive","position":[322.294922,-144.371201,144.024216],"detail":0.200000003,"distanceFade":[200,50],"improvedSpline":true,"material":"track_rubber","nodes":[[322.294922,-144.371201,144.024216,6],[307.103851,-143.348709,143.887863,6],[288.043549,-142.132599,143.887863,6]],"renderPriority":2,"startEndFade":[30,2],"textureLength":20}
{"class":"DecalRoad","persistentId":"d32f61a4-43f2-4742-861e-3141ede7dae0","__parent":"fastAutomotive","position":[305.512817,-142.477936,143.887863],"detail":1,"drivability":0.400000006,"gatedRoad":true,"improvedSpline":true,"material":"road_invisible","nodes":[[305.512817,-142.477936,143.887863,8],[288.986877,-142.573456,143.887863,8]],"useSubdivisions":false,"useTemplate":"true"}
{"class":"TSStatic","persistentId":"00259645-fa95-467b-8f82-b031ced8fa87","__parent":"fastAutomotive","position":[323.146881,-150.67131,144.110352],"isRenderEnabled":false,"rotationMatrix":[-5.11407852e-05,0.999871314,0.0160373598,-0.999451935,0.000479757786,-0.033097066,-0.0331005044,-0.016030265,0.999323487],"shapeName":"/art/shapes/race/s_concrete_arrow_barrier.dae","useInstanceRenderData":true}
{"class":"TSStatic","persistentId":"cbfb4727-b8a0-4baa-8f39-895b24896a41","__parent":"fastAutomotive","position":[317.042664,-159.616486,143.876572],"isRenderEnabled":false,"rotationMatrix":[-3.57627869e-07,1,0,-1,-3.57627869e-07,0,0,0,1],"shapeName":"/art/shapes/race/s_concrete_race_barrier.dae","useInstanceRenderData":true}
{"class":"TSStatic","persistentId":"c90245e7-89d8-4642-adac-a3c6e4ef8802","__parent":"fastAutomotive","position":[323.203949,-139.156219,144.123016],"isRenderEnabled":false,"rotationMatrix":[-7.15255737e-07,-0.999895275,-0.0144735835,0.998835027,-0.000699043274,0.0482500196,-0.0482550822,-0.0144566912,0.998730421],"shapeName":"/art/shapes/race/s_concrete_arrow_barrier.dae","useInstanceRenderData":true}
{"class":"TSStatic","persistentId":"2eabab59-efca-436b-b4a0-c812362e6a1e","__parent":"fastAutomotive","position":[319.878204,-177.276764,143.906647],"isRenderEnabled":false,"rotationMatrix":[0.974685192,-0.223065972,0.0151769705,0.223024309,0.974802911,0.00440629199,-0.0157774501,-0.00090991403,0.999875128],"shapeName":"/art/shapes/race/s_concrete_arrow_barrier.dae","useInstanceRenderData":true}
{"class":"TSStatic","persistentId":"9ba04742-ae12-47df-9f94-75ff78561df7","__parent":"fastAutomotive","position":[317.610657,-175.337921,143.87262],"isRenderEnabled":false,"rotationMatrix":[0.299828708,-0.953985095,0.00386296771,0.953862429,0.299852252,0.0153242685,-0.0157774463,-0.000909913331,0.999875128],"shapeName":"/art/shapes/race/s_concrete_arrow_barrier.dae","useInstanceRenderData":true}
{"class":"TSStatic","persistentId":"f7214f57-d83b-43f5-a89d-09ba9ea76da2","__parent":"fastAutomotive","position":[317.467926,-156.510513,143.910843],"isRenderEnabled":false,"rotationMatrix":[0.316474319,0.948600948,-2.98023188e-08,-0.948437512,0.31641984,-0.0185596589,-0.0176056828,0.00587370619,0.999827623],"shapeName":"/art/shapes/race/s_concrete_race_barrier.dae","useInstanceRenderData":true}
{"class":"TSStatic","persistentId":"2c9292a5-dc7f-44df-a0e4-06790813f3e6","__parent":"fastAutomotive","position":[318.74704,-153.631805,143.923965],"isRenderEnabled":false,"rotationMatrix":[0.475582778,0.879600227,0.011160993,-0.879358113,0.47571373,-0.0206368994,-0.0234616585,4.84287739e-08,0.999724746],"shapeName":"/art/shapes/race/s_concrete_race_barrier.dae","useInstanceRenderData":true}
{"class":"TSStatic","persistentId":"c4a5781f-c84b-4b42-8088-99bfcd9bca12","__parent":"fastAutomotive","position":[320.692596,-150.9879,143.995712],"isRenderEnabled":false,"rotationMatrix":[0.666353106,0.744760931,0.0361220017,-0.74450618,0.667228162,-0.022742426,-0.041039288,-0.011738563,0.999088585],"shapeName":"/art/shapes/race/s_concrete_race_barrier.dae","useInstanceRenderData":true}
{"class":"TSStatic","persistentId":"a2c82f97-e0b2-47e6-a2a5-54ebbd6b63ae","__parent":"fastAutomotive","position":[320.494019,-139.992905,143.954544],"isRenderEnabled":false,"rotationMatrix":[-0.996852875,0.0634339154,-0.0475375205,-0.0633395165,-0.997985601,-0.00349089503,-0.0476632193,-0.000468905549,0.998863339],"shapeName":"/art/shapes/race/s_concrete_arrow_barrier.dae","useInstanceRenderData":true}
{"class":"DecalRoad","persistentId":"3711b0e5-3e68-4458-8a68-dbdd8fd506a1","__parent":"fastAutomotive","position":[332.542938,-166.149796,144.095581],"detail":0.200000003,"distanceFade":[200,50],"improvedSpline":true,"material":"track_rubber","nodes":[[332.542938,-166.149796,144.095581,6],[332.211243,-182.29245,143.966843,6],[332.245911,-222.720718,138.979065,6]],"renderPriority":2,"startEndFade":[20,20],"textureLength":20}
{"class":"DecalRoad","persistentId":"65f76b10-e4b7-46cd-bf33-dd63cc84d476","__parent":"fastAutomotive","position":[331.722351,-161.651917,144.108047],"detail":0.200000003,"distanceFade":[200,50],"improvedSpline":true,"material":"track_rubber","nodes":[[331.722351,-161.651917,144.108047,6],[337.099213,-149.121674,144.284332,6],[350.32724,-146.429276,144.387558,6]],"renderPriority":2,"startEndFade":[20,20],"textureLength":20}
{"class":"DecalRoad","persistentId":"368c6439-0f30-48be-934c-9d57a336d4ba","__parent":"fastAutomotive","position":[330.601349,-135.579849,144.339905],"detail":0.200000003,"distanceFade":[200,50],"improvedSpline":true,"material":"track_rubber","nodes":[[330.601349,-135.579849,144.339905,6],[325.589569,-143.141922,144.147064,6],[316.374054,-145.923447,143.904724,6]],"renderPriority":2,"startEndFade":[20,20],"textureLength":20}
{"class":"DecalRoad","persistentId":"d63d4e58-bdcb-4999-a195-4e3953833e7a","__parent":"fastAutomotive","position":[333.978668,-158.607086,144.162201],"detail":0.200000003,"distanceFade":[200,50],"improvedSpline":true,"material":"track_rubber","nodes":[[333.978668,-158.607086,144.162201,6],[329.057831,-147.821564,144.16716,6],[314.44281,-145.73587,143.887863,6]],"renderPriority":2,"startEndFade":[20,20],"textureLength":20}
{"class":"DecalRoad","persistentId":"4b691b93-ae39-4c95-8cd2-93bd3bcb69ce","__parent":"fastAutomotive","position":[289.572906,-141.446533,143.887863],"detail":0.200000003,"distanceFade":[200,50],"improvedSpline":true,"material":"track_rubber","nodes":[[289.572906,-141.446533,143.887863,6],[301.818024,-147.164825,143.887863,6],[304.298187,-165.180817,143.887863,6]],"renderPriority":2,"startEndFade":[20,20],"textureLength":20}
{"class":"TSStatic","persistentId":"457f7df2-2fb4-435d-8f8e-0ab3ba599631","__parent":"fastAutomotive","position":[306.869446,-198.361847,144.023392],"annotation":"OBSTACLES","isRenderEnabled":false,"rotationMatrix":[0.999867201,0.0162977017,0,-0.0162977017,0.999867201,0,0,0,1],"shapeName":"/levels/west_coast_usa/art/shapes/buildings/transformer_ground.dae","useInstanceRenderData":true}
{"class":"DecalRoad","persistentId":"298fc06d-f554-4583-a889-cf898d30e1ea","__parent":"fastAutomotive","position":[284.435913,-147.207184,143.887863],"breakAngle":1,"detail":0.300000012,"distanceFade":[100,50],"improvedSpline":true,"material":"road_crack","nodes":[[284.435913,-147.207184,143.887863,0.5],[284.447296,-147.850952,143.887863,0.5]],"renderPriority":7,"textureLength":24}
{"class":"DecalRoad","persistentId":"4cc036e5-13e3-4f6a-8bd5-48d62516c73d","__parent":"fastAutomotive","position":[284.397705,-147.253006,143.887863],"breakAngle":1,"detail":0.300000012,"distanceFade":[100,50],"improvedSpline":true,"material":"road_edge","nodes":[[284.397705,-147.253006,143.887863,0.5],[284.39151,-146.54744,143.887863,0.5]],"renderPriority":5,"textureLength":8}
{"class":"TSStatic","persistentId":"96f3832a-d875-4969-9434-1d7243b391c5","__parent":"fastAutomotive","position":[296.786011,-130.208557,144.204865],"isRenderEnabled":false,"rotationMatrix":[-1.1920929e-07,-0.999999821,0,0.999999821,-1.1920929e-07,0,0,0,1],"shapeName":"/levels/west_coast_usa/art/shapes/buildings/workshop1.dae","useInstanceRenderData":true}
{"class":"TSStatic","persistentId":"0ba18e81-5ea0-4c45-a43b-080eb7d65278","__parent":"fastAutomotive","position":[296.662109,-192.855057,143.70462],"isRenderEnabled":false,"rotationMatrix":[-0.999999881,8.74227695e-08,0,-8.74227695e-08,-0.999999881,0,0,0,0.999999881],"shapeName":"/levels/west_coast_usa/art/shapes/buildings/warehouse_storage.dae","useInstanceRenderData":true}
{"class":"TSStatic","persistentId":"070c2cf7-4001-4ad2-a593-7219b3df148d","__parent":"fastAutomotive","position":[319.797791,-167.23558,143.915207],"annotation":"BUILDINGS","isRenderEnabled":false,"rotationMatrix":[5.36441803e-07,-0.999999881,0,0.999999881,5.36441803e-07,0,0,0,1],"shapeName":"/levels/west_coast_usa/art/shapes/buildings/office_mobile3.dae","useInstanceRenderData":true}
{"class":"TSStatic","persistentId":"f912ecb4-1ea5-4259-b934-6c1496edb8cf","__parent":"fastAutomotive","position":[303.072754,-191.785187,143.868774],"isRenderEnabled":false,"rotationMatrix":[0.324699104,0.94581753,-0.000234252657,-0.94581753,0.324699044,-0.000134657646,-5.12998595e-05,0.000265283452,0.99999994],"shapeName":"/art/shapes/race/s_concrete_arrow_barrier.dae","useInstanceRenderData":true}
{"class":"TSStatic","__parent":"fastAutomotive","position":[601.76178,-128.489243,146.626877],"isRenderEnabled":false,"rotationMatrix":[-0.0142149925,0.999899328,-5.12227416e-09,-0.999830544,-0.0142140388,-0.0117333047,-0.0117321201,-0.000166778453,0.999931157],"scale":[1.10353827,1,1],"shapeName":"/art/shapes/race/s_concrete_arrow_barrier.dae","useInstanceRenderData":true}
{"class":"TSStatic","__parent":"fastAutomotive","position":[602.606995,-113.779327,146.561783],"isRenderEnabled":false,"rotationMatrix":[-0.700297832,-0.713771045,0.0106834834,0.713776171,-0.699929476,0.0249510873,-0.0103316782,0.0250988062,0.999631584],"shapeName":"/art/shapes/race/s_concrete_arrow_barrier.dae","useInstanceRenderData":true}
{"class":"TSStatic","__parent":"fastAutomotive","position":[601.760681,-132.005539,146.618378],"isRenderEnabled":false,"rotationMatrix":[-0.0066832304,0.999977827,0.000223615207,-0.999909043,-0.00668013096,-0.0117334947,-0.0117317392,-0.00030200975,0.999931157],"scale":[1.10612798,1,1],"shapeName":"/art/shapes/race/s_concrete_arrow_barrier.dae","useInstanceRenderData":true}
{"class":"TSStatic","__parent":"fastAutomotive","position":[523.801086,-105.629929,146.516922],"isRenderEnabled":false,"rotationMatrix":[-0.00085234642,0.999999881,9.8816563e-06,-0.999999881,-0.00085234642,-0.000131861365,-0.000131852896,-9.99401527e-06,1],"scale":[0.871936083,0.871936083,0.871936083],"shapeName":"/art/shapes/race/s_concrete_arrow_barrier.dae","useInstanceRenderData":true}
{"class":"TSStatic","__parent":"fastAutomotive","position":[523.756897,-82.0743561,146.502411],"isRenderEnabled":false,"rotationMatrix":[-0.00309336185,-0.999995291,1.60941854e-05,0.999969542,-0.00309312344,0.00717018545,-0.00717010116,3.82733997e-05,0.99997431],"scale":[0.835839868,0.835839868,0.835839868],"shapeName":"/art/shapes/race/s_concrete_arrow_barrier.dae","useInstanceRenderData":true}
{"class":"TSStatic","__parent":"fastAutomotive","position":[523.801086,-108.201767,146.516922],"isRenderEnabled":false,"rotationMatrix":[-0.00085234642,0.999999881,9.8816563e-06,-0.999999881,-0.00085234642,-0.000131861365,-0.000131852896,-9.99401527e-06,1],"scale":[0.811779857,0.871936083,0.871936083],"shapeName":"/art/shapes/race/s_concrete_arrow_barrier.dae","useInstanceRenderData":true}
{"class":"TSStatic","__parent":"fastAutomotive","position":[523.801086,-110.719185,146.516922],"isRenderEnabled":false,"rotationMatrix":[-0.00085234642,0.999999881,9.8816563e-06,-0.999999881,-0.00085234642,-0.000131861365,-0.000131852896,-9.99401527e-06,1],"scale":[0.850256443,0.871936083,0.871936083],"shapeName":"/art/shapes/race/s_concrete_arrow_barrier.dae","useInstanceRenderData":true}
{"class":"TSStatic","__parent":"fastAutomotive","position":[523.801086,-113.360092,146.516922],"isRenderEnabled":false,"rotationMatrix":[-0.00085234642,0.999999881,9.8816563e-06,-0.999999881,-0.00085234642,-0.000131861365,-0.000131852896,-9.99401527e-06,1],"scale":[0.871936083,0.871936083,0.871936083],"shapeName":"/art/shapes/race/s_concrete_arrow_barrier.dae","useInstanceRenderData":true}
{"class":"TSStatic","__parent":"fastAutomotive","position":[599.326294,-114.876923,146.644852],"isRenderEnabled":false,"rotationMatrix":[-0.999981046,0.00522896135,0.00341577455,-0.00541881053,-0.998292923,-0.0581633113,0.00310580805,-0.0581806861,0.998301268],"scale":[1.17332029,1,1],"shapeName":"/art/shapes/race/s_concrete_arrow_barrier.dae","useInstanceRenderData":true}
{"class":"TSStatic","__parent":"fastAutomotive","position":[602.409729,-205.390656,146.592758],"isRenderEnabled":false,"rotationMatrix":[-0.377812624,0.925882578,4.54747351e-13,-0.925882578,-0.377812624,-1.01308087e-05,-9.37993536e-06,-3.82754251e-06,1],"shapeName":"/art/shapes/race/s_concrete_arrow_barrier.dae","useInstanceRenderData":true}
{"class":"TSStatic","__parent":"fastAutomotive","position":[604.013184,-207.953491,146.592758],"isRenderEnabled":false,"rotationMatrix":[-0.673426628,0.73925364,-3.48717413e-06,-0.73925364,-0.673426628,-9.51171933e-06,-9.37993173e-06,-3.82754115e-06,1],"shapeName":"/art/shapes/race/s_concrete_arrow_barrier.dae","useInstanceRenderData":true}
{"class":"TSStatic","__parent":"fastAutomotive","position":[606.333008,-209.839752,146.592758],"isRenderEnabled":false,"rotationMatrix":[-0.857382774,0.514679313,-6.07223637e-06,-0.514679313,-0.857382774,-8.10932579e-06,-9.37993264e-06,-3.82754115e-06,1],"shapeName":"/art/shapes/race/s_concrete_arrow_barrier.dae","useInstanceRenderData":true}
{"class":"TSStatic","__parent":"fastAutomotive","position":[608.973694,-211.424927,146.592773],"isRenderEnabled":false,"rotationMatrix":[-0.857382774,0.514679313,-6.07223637e-06,-0.514679313,-0.857382774,-8.10932579e-06,-9.37993264e-06,-3.82754115e-06,1],"shapeName":"/art/shapes/race/s_concrete_arrow_barrier.dae","useInstanceRenderData":true}
{"class":"TSStatic","__parent":"fastAutomotive","position":[611.581543,-212.990402,146.592789],"isRenderEnabled":false,"rotationMatrix":[-0.857382774,0.514679313,-6.07223637e-06,-0.514679313,-0.857382774,-8.10932579e-06,-9.37993264e-06,-3.82754115e-06,1],"shapeName":"/art/shapes/race/s_concrete_arrow_barrier.dae","useInstanceRenderData":true}
{"class":"TSStatic","__parent":"fastAutomotive","position":[323.203949,-136.09613,144.167313],"isRenderEnabled":false,"rotationMatrix":[-0.0146203041,-0.999777973,-0.0151782557,0.997178376,-0.015696764,0.0734094158,-0.0736313611,-0.0140621662,0.997186363],"shapeName":"/art/shapes/race/s_concrete_arrow_barrier.dae","useInstanceRenderData":true}
{"class":"TSStatic","__parent":"fastAutomotive","position":[323.097504,-153.707306,144.052689],"isRenderEnabled":false,"rotationMatrix":[0.0237874389,0.999633193,0.0129354177,-0.999170542,0.0242001414,-0.0327446684,-0.033045698,-0.0121457819,0.999380052],"shapeName":"/art/shapes/race/s_concrete_arrow_barrier.dae","useInstanceRenderData":true}
{"class":"DecalRoad","persistentId":"80aee3c2-f07e-4bc0-85f7-e49b5bb12007","__parent":"fastAutomotive","position":[318.108154,-183.120575,143.89595],"detail":0.200000003,"distanceFade":[200,50],"improvedSpline":true,"material":"track_rubber","nodes":[[318.108154,-183.120575,143.89595,6],[333.93222,-183.433075,143.950653,6],[355.515747,-184.78978,144.131134,6]],"renderPriority":2,"startEndFade":[20,20],"textureLength":20}
{"class":"DecalRoad","persistentId":"88a9cfe5-7657-443e-95df-e3bff7d7ea0a","__parent":"fastAutomotive","position":[482.460571,-147.23497,145.919678],"distanceFade":[200,50],"endTangent":true,"improvedSpline":true,"material":"AsphaltRoad_track_skidmarks","nodes":[[482.460571,-147.23497,145.919678,6],[481.380188,-141.999207,145.920105,6],[478.495697,-137.731384,145.89502,6],[474.042725,-134.659729,145.845978,6],[468.953247,-133.745239,145.781601,6],[463.914978,-134.828247,145.712158,6],[459.443512,-137.780243,145.647934,6],[456.52301,-142.097366,145.598419,6],[455.536346,-147.327515,145.572723,6],[456.650421,-152.510147,145.574005,6],[459.586975,-156.908325,145.600266,6],[463.980713,-159.773483,145.651184,6],[469.240692,-160.716232,145.715973,6],[474.27475,-159.708832,145.780945,6],[478.641785,-156.717209,145.843948,6],[481.618683,-152.340912,145.8965,6],[482.429657,-147.24321,145.91925,6],[481.526215,-141.981964,145.921921,6],[478.613098,-137.650116,145.896439,6],[476.29184,-135.666977,145.873825,6]],"renderPriority":2,"startEndFade":[40,40],"startTangent":true,"textureLength":65}
{"class":"DecalRoad","persistentId":"dc554015-32c0-4282-b65d-7a7ba4e90548","__parent":"fastAutomotive","position":[472.193268,-132.993179,145.82515],"distanceFade":[200,50],"endTangent":true,"improvedSpline":true,"material":"AsphaltRoad_track_skidmarks","nodes":[[472.193268,-132.993179,145.82515,4],[468.218018,-132.849762,145.774414,4],[461.152191,-135.67366,145.673859,4],[458.28244,-143.329544,145.617691,4],[461.1922,-150.254822,145.637314,4],[468.284363,-153.405579,145.7211,4],[476.017303,-150.701324,145.824875,4],[478.974121,-143.473068,145.883224,4],[475.722565,-135.925323,145.863815,4],[468.580933,-132.776566,145.778671,4],[460.754608,-135.892776,145.669205,4],[458.56189,-138.88887,145.6353,4]],"renderPriority":3,"startEndFade":[40,40],"startTangent":true,"textureLength":100}
