{"class":"DecalRoad","persistentId":"19af41e4-8d3b-43aa-8f43-a1dfde99c25f","__parent":"SimGroup_","position":[115.632042,-55.8308105,128.258179],"improvedSpline":true,"material":"BlankWhite","nodes":[[115.632042,-55.8308105,128.258179,0.200000003],[111.662834,-64.8525238,128.174667,0.200000003],[104.177734,-74.6893005,128.345276,0.200000003],[100.376259,-80.7526932,128.743469,0.200000003],[90.2739487,-89.7763824,128.845703,0.200000003],[82.3628387,-102.677826,128.356247,0.200000003],[75.0681534,-117.268929,127.358223,0.200000003],[41.4573822,-196.026215,123.865181,0.200000003]]}
{"class":"DecalRoad","persistentId":"3edd7d44-d79c-41d9-a6e3-a8bd4014ef9a","__parent":"SimGroup_","position":[-85.4817963,-424.625305,124.400536],"improvedSpline":true,"material":"BlankWhite","nodes":[[-85.4817963,-424.625305,124.400536,0.200000003],[-94.7125244,-421.30954,124.474113,0.200000003],[-104.27282,-414.772186,124.432983,0.200000003],[-115.725304,-412.675903,124.263069,0.200000003],[-126.081284,-415.377686,124.027534,0.200000003],[-134.632843,-422.651978,123.829338,0.200000003],[-144.640991,-438.000549,123.874924,0.200000003],[-152.112946,-448.10553,123.997223,0.200000003],[-159.478821,-446.931183,123.970093,0.200000003],[-168.743805,-439.58371,123.815445,0.200000003]]}
{"class":"DecalRoad","persistentId":"4a0be77b-9414-47d3-9402-7570222166e4","__parent":"SimGroup_","position":[48.24963,-147.928131,125.800461],"improvedSpline":true,"material":"BlankWhite","nodes":[[48.24963,-147.928131,125.800461,0.200000003],[46.7617188,-153.461685,125.451202,0.200000003],[36.5167122,-172.149673,124.794083,0.200000003],[28.6533318,-192.032501,124.175819,0.200000003],[23.4771538,-214.745972,123.89196,0.200000003]]}
{"class":"DecalRoad","persistentId":"72a75bcd-f867-4f0a-a1d3-51d8891f954b","__parent":"SimGroup_","position":[22.2196732,-676.035278,132.476349],"improvedSpline":true,"material":"BlankWhite","nodes":[[22.2196732,-676.035278,132.476349,0.200000003],[5.73941326,-685.771057,132.70018,0.200000003],[-5.58608723,-684.59613,132.756226,0.200000003],[-27.4547501,-667.99292,132.961258,0.200000003],[-35.5172119,-652.3797,132.86824,0.200000003],[-44.0161133,-630.348816,132.240295,0.200000003],[-39.9030991,-614.081848,131.634918,0.200000003]]}
{"class":"DecalRoad","persistentId":"81a6118b-02ed-40f1-bcbc-1c3caa97524f","__parent":"SimGroup_","position":[-46.6945343,-15.7012177,119.384193],"improvedSpline":true,"material":"BlankWhite","nodes":[[-46.6945343,-15.7012177,119.384193,0.200000003],[-35.4031601,-8.20808411,119.393639,0.200000003],[-29.6316681,-3.36679077,119.384193,0.200000003],[-20.358696,7.01376343,119.393745,0.200000003],[-13.5128183,22.9140778,119.38755,0.200000003],[-4.90616703,45.3692169,119.393547,0.200000003],[5.12263012,58.6606293,119.39183,0.200000003],[16.8296967,64.9076843,119.391144,0.200000003],[32.8033142,64.6249084,119.394463,0.200000003],[45.0661354,59.177063,119.386742,0.200000003],[53.3319778,52.0371094,119.417984,0.200000003],[62.265358,41.785202,119.398979,0.200000003],[72.1626587,27.6423035,119.39006,0.200000003]]}
{"class":"DecalRoad","persistentId":"a97c966b-3485-4ba5-94d7-e62bf63c5c02","__parent":"SimGroup_","position":[-295.951538,-198.397446,119.152649],"improvedSpline":true,"material":"BlankWhite","nodes":[[-295.951538,-198.397446,119.152649,0.200000003],[-300.938721,-210.191483,119.130341,0.200000003],[-305.04425,-215.108566,119.131439,0.200000003]]}
{"class":"DecalRoad","persistentId":"adb533b7-e200-4877-8551-6d04cf623af1","__parent":"SimGroup_","position":[27.3141155,-248.864639,124.340446],"detail":1,"drivability":1,"gatedRoad":true,"lanesRight":0,"material":"road_invisible","nodes":[[27.3141155,-248.864639,124.340446,11],[21.6906967,-314.189819,126.105171,11],[20.0407028,-344.395447,127.18026,11],[22.2814045,-369.503784,128.210159,11],[28.2797451,-389.87674,129.629944,11],[37.7578888,-407.12146,131.542236,11],[47.8012161,-418.890533,133.066299,11],[58.6412506,-427.724915,134.357086,11],[70.649147,-434.47934,135.553986,11],[84.3242264,-439.500397,136.722046,11],[100.002861,-442.714386,137.962341,11],[118.933105,-445.119476,139.578033,11],[134.982208,-449.052795,140.80751,11],[149.469849,-455.152771,141.699005,11],[161.703873,-464.082001,142.2677,11],[171.237518,-475.004852,142.56311,11],[178.199783,-489.128174,142.638062,11],[180.890457,-502.591705,142.652145,11],[180.132401,-516.486511,142.6185,11],[176.246338,-530.167297,142.493103,11],[168.1586,-545.604675,142.227859,11],[155.836655,-561.736572,141.664291,11],[139.616211,-577.762573,140.686554,11],[119.333366,-594.771057,139.002045,11],[86.3893509,-618.461121,135.083405,11],[51.0155029,-642.818481,132.527878,11],[29.8042049,-657.000793,132.12088,11],[14.3105831,-662.325989,132.102356,11],[2.82990265,-661.841553,132.110916,11],[-6.96595383,-657.395447,132.222214,11],[-15.0557632,-649.420532,132.34903,11],[-22.2028465,-636.9021,132.259445,11],[-30.3563213,-617.101685,131.720322,11],[-46.6779251,-571.31311,130.047653,11],[-65.9743195,-518.396179,127.292778,11],[-81.1930542,-475.40683,125.429733,11],[-92.7834167,-443.401093,124.322975,11],[-98.7939987,-429.915375,124.187538,11],[-103.589951,-424.185303,124.151199,11],[-110.383705,-420.949097,124.066414,11],[-117.849167,-421.162048,123.938591,11],[-124.88015,-424.580933,123.808578,11],[-130.678543,-431.145996,123.795715,11],[-138.44191,-444.630676,124.066429,11],[-143.63353,-452.479095,124.269188,11],[-149.457397,-456.290924,124.371941,11],[-155.69075,-457.039459,124.387474,11],[-162.435318,-455.042236,124.321365,11],[-168.976044,-449.497192,124.099808,11],[-179.640579,-439.217804,123.786118,11],[-240.533524,-381.093048,122.755852,11],[-258.228149,-363.635651,122.381706,11],[-271.764221,-346.710388,122.047272,11],[-282.591522,-329.695251,121.731895,11],[-290.1492,-314.220825,121.36393,11],[-294.716278,-297.497406,120.76046,11],[-300.048279,-275.904358,119.945686,11],[-301.707275,-258.348022,119.342834,11],[-301.755188,-244.450317,118.997986,11],[-297.651947,-229.53035,118.831627,11],[-291.831665,-217.077957,118.920609,11],[-283.614227,-204.798325,119.096809,11],[-276.739136,-196.098007,119.218002,11],[-265.954437,-185.663269,119.356133,11],[-250.069748,-172.681808,119.442886,11],[-228.836044,-157.098206,119.442886,11],[-200.436035,-136.728027,119.437019,11],[-156.912552,-105.372665,119.448753,11],[-46.9369049,-25.9264832,119.442818,11],[-22.2126274,-7.54043579,119.448753,11],[-10.2240744,9.31219482,119.395935,11],[-2.17075515,33.127655,119.407669,11],[8.92877865,50.6990662,119.407669,11],[30.5660419,55.99823,119.401802,11],[53.2270203,41.9340057,119.431969,11],[78.2539444,9.88520813,119.52784,11],[104.230637,-26.9335785,125.62886,11],[110.135895,-50.048111,127.678917,11],[103.538284,-66.3993454,127.859955,11],[84.2793503,-84.5293045,129.182648,11],[74.3318634,-103.690598,128.55365,11],[63.9918671,-127.012459,126.928192,11],[41.5425491,-178.974777,124.399658,11],[31.3734646,-206.686691,123.943069,11],[27.058157,-250.932266,124.38311,11]],"oneWay":true,"useSubdivisions":false,"useTemplate":"true"}
{"class":"DecalRoad","persistentId":"e4eacd82-e629-47f2-b938-602aa4a2a3c1","__parent":"SimGroup_","position":[-33.4945221,-24.898819,119.407669],"improvedSpline":true,"material":"BlankWhite","nodes":[[-33.4945221,-24.898819,119.407669,0.200000003],[-17.4335861,-12.0487976,119.409927,0.200000003],[-1.73499823,10.2772522,119.425209,0.200000003],[5.08012962,27.8568115,119.384193,0.200000003],[8.1972065,36.9155579,119.384193,0.200000003],[15.0184727,45.9511566,119.384193,0.200000003],[24.1897774,49.2966003,119.384193,0.200000003],[32.0705032,48.3175964,119.384193,0.200000003],[40.540741,43.8400879,119.411545,0.200000003],[51.7745361,34.2804565,119.40052,0.200000003],[62.9880753,20.3676453,119.39006,0.200000003]]}
{"name":"SimGroup_","class":"SimGroup","persistentId":"6f164939-282d-4a49-a17e-fa2117bd7ef0","groupPosition":"-6.0001313451993 -188.95785636255 123.87110838809"}
{"class":"TSStatic","persistentId":"0028a818-fb8b-4164-838b-ce67ec164d06","__parent":"SimGroup_","position":[70.8856659,29.5039062,119.39006],"isRenderEnabled":false,"rotationMatrix":[0.562098265,-0.827070475,-1.70124106e-16,0.827070475,0.562098265,-3.24497462e-17,1.22464685e-16,-1.22464685e-16,1],"shapeName":"/levels/rls_west_coast_usa/art/shapes/objects/barrierfence_plain.dae","useInstanceRenderData":true}
{"class":"TSStatic","persistentId":"0077b0fb-5743-4f82-b480-42c8a9a40f3c","__parent":"SimGroup_","position":[-109.325043,-413.26767,124.373322],"isRenderEnabled":false,"rotationMatrix":[0.977127671,-0.212464169,0.00897467416,0.212329522,0.977098346,0.0139650218,-0.0117362058,-0.0117400214,0.999862194],"shapeName":"/levels/rls_west_coast_usa/art/shapes/objects/barrierfence_plain.dae","useInstanceRenderData":true}
{"class":"TSStatic","persistentId":"009cad4c-3ce5-4a95-bfbc-ba0862cb346b","__parent":"SimGroup_","position":[13.9844418,-681.42334,132.611435],"isRenderEnabled":false,"rotationMatrix":[-0.841566682,-0.540004432,0.0126769543,0.540153205,-0.84133482,0.0197508801,0,0.0234691817,0.999724567],"shapeName":"/levels/rls_west_coast_usa/art/shapes/objects/barrierfence_plain.dae","useInstanceRenderData":true}
{"class":"TSStatic","persistentId":"016e035c-1d3e-4148-ad31-9593da2be687","__parent":"SimGroup_","position":[39.3541985,44.6579895,119.400017],"isRenderEnabled":false,"rotationMatrix":[-0.832249641,0.554315031,-0.00976635423,-0.554369986,-0.83226037,0.0040728813,-0.00587049033,0.00880382769,0.999944031],"shapeName":"/levels/rls_west_coast_usa/art/shapes/objects/barrierfence_plain.dae","useInstanceRenderData":true}
{"class":"TSStatic","persistentId":"01dddfc4-0771-4991-9b17-732a117bed61","__parent":"SimGroup_","position":[-40.988369,-616.991211,131.741287],"isRenderEnabled":false,"rotationMatrix":[0.37842834,0.924870312,-0.0375083014,-0.925612032,0.37836659,-0.00900585763,0.00586263649,0.0381262079,0.999255717],"shapeName":"/levels/rls_west_coast_usa/art/shapes/objects/barrierfence_plain.dae","useInstanceRenderData":true}
{"class":"TSStatic","persistentId":"033af70f-98c3-4fdf-9095-0da1a1ca7e4f","__parent":"SimGroup_","position":[42.8220406,60.5168304,119.39006],"isRenderEnabled":false,"rotationMatrix":[0.86765945,-0.497142881,-0.0040088566,0.497150391,0.867663682,0.00108831492,0.00293729152,-0.00293729152,0.999991357],"shapeName":"/levels/rls_west_coast_usa/art/shapes/objects/barrierfence_plain.dae","useInstanceRenderData":true}
{"class":"TSStatic","persistentId":"03963eaf-c46b-4aea-bc99-024e8132720b","__parent":"SimGroup_","position":[-10.1802473,-2.83956909,119.427269],"isRenderEnabled":false,"rotationMatrix":[-0.584463954,-0.811418653,-0.00133154448,0.811398506,-0.58443594,-0.00818936713,0.00586680276,-0.00586680276,0.999965608],"shapeName":"/levels/rls_west_coast_usa/art/shapes/objects/barrierfence_plain.dae","useInstanceRenderData":true}
{"class":"TSStatic","persistentId":"049c4047-fb47-41ac-8fc0-82bd93a1966b","__parent":"SimGroup_","position":[29.6592731,65.1268005,119.391312],"isRenderEnabled":false,"rotationMatrix":[0.993189752,-0.11650598,0.000683985534,0.116507992,0.993172646,-0.00583073683,0,0.00587071758,0.999982774],"shapeName":"/levels/rls_west_coast_usa/art/shapes/objects/barrierfence_plain.dae","useInstanceRenderData":true}
{"class":"TSStatic","persistentId":"04aab897-797d-4060-888c-556d284b50c1","__parent":"SimGroup_","position":[34.4532051,47.4013062,119.384193],"isRenderEnabled":false,"rotationMatrix":[-0.912859559,0.408273727,1.6179216e-16,-0.408273727,-0.912859559,-6.17939453e-17,1.22464685e-16,-1.22464685e-16,1],"shapeName":"/levels/rls_west_coast_usa/art/shapes/objects/barrierfence_plain.dae","useInstanceRenderData":true}
{"class":"TSStatic","persistentId":"058bd5fd-d382-4332-a394-4c9860dc80c5","__parent":"SimGroup_","position":[-22.6306553,-672.495789,132.897964],"isRenderEnabled":false,"rotationMatrix":[-0.75658226,0.653820693,0.010084331,-0.653477252,-0.756558418,0.0242240354,0.0234675631,0.0117375953,0.999655664],"shapeName":"/levels/rls_west_coast_usa/art/shapes/objects/barrierfence_plain.dae","useInstanceRenderData":true}
{"class":"TSStatic","persistentId":"072f8f17-6048-43da-872b-5378d7466ec6","__parent":"SimGroup_","position":[-27.6258717,-1.40887451,119.384193],"isRenderEnabled":false,"rotationMatrix":[0.719789684,0.694192231,-3.13478953e-18,-0.694192231,0.719789684,1.73162836e-16,1.22464685e-16,-1.22464685e-16,1],"shapeName":"/levels/rls_west_coast_usa/art/shapes/objects/barrierfence_plain.dae","useInstanceRenderData":true}
{"class":"TSStatic","persistentId":"08cde119-3fd8-4f20-9c89-e458db1934d9","__parent":"SimGroup_","position":[52.2214508,33.7951508,119.397667],"isRenderEnabled":false,"rotationMatrix":[-0.677407026,0.735581219,0.00630563963,-0.735602438,-0.67741096,-0.00181906577,0.00293343887,-0.00587069243,0.999978483],"shapeName":"/levels/rls_west_coast_usa/art/shapes/objects/barrierfence_plain.dae","useInstanceRenderData":true}
{"class":"TSStatic","persistentId":"08f5d165-646d-46eb-82ae-18b161f26e7f","__parent":"SimGroup_","position":[69.5156708,-130.122162,126.534134],"isRenderEnabled":false,"rotationMatrix":[-0.392863393,-0.91721499,-0.0661435276,0.919299245,-0.389889598,-0.0536178201,0.0233903956,-0.0818701833,0.996368468],"shapeName":"/levels/rls_west_coast_usa/art/shapes/objects/barrierfence_plain.dae","useInstanceRenderData":true}
{"class":"TSStatic","persistentId":"0931902c-ede6-4528-ae7b-f957b350127c","__parent":"SimGroup_","position":[37.9578743,-169.26358,124.891098],"isRenderEnabled":false,"rotationMatrix":[0.45992744,0.887503326,0.0283637457,-0.887782156,0.458969712,0.034489084,0.0175910778,-0.0410433076,0.999002516],"shapeName":"/levels/rls_west_coast_usa/art/shapes/objects/barrierfence_plain.dae","useInstanceRenderData":true}
{"class":"TSStatic","persistentId":"0ac6bad7-2796-495e-b7aa-36506a8013bb","__parent":"SimGroup_","position":[-125.753738,-415.213715,124.036186],"isRenderEnabled":false,"rotationMatrix":[0.894001603,0.447508961,0.0222910848,-0.446900994,0.894159198,-0.0275478624,-0.0322596952,0.014665924,0.999371886],"shapeName":"/levels/rls_west_coast_usa/art/shapes/objects/barrierfence_plain.dae","useInstanceRenderData":true}
{"class":"TSStatic","persistentId":"0bdffb0c-89b9-4052-b5c9-97caf2a53670","__parent":"SimGroup_","position":[102.004631,-78.5933685,128.493759],"isRenderEnabled":false,"rotationMatrix":[-0.512940168,-0.854939163,0.0772737861,0.855785191,-0.516340375,-0.0320036374,0.0672607422,0.049713809,0.996496141],"shapeName":"/levels/rls_west_coast_usa/art/shapes/objects/barrierfence_plain.dae","useInstanceRenderData":true}
{"class":"TSStatic","persistentId":"0bf51c7f-fb55-4abd-b628-9be4f64b19ff","__parent":"SimGroup_","position":[47.4061241,-152.017548,125.550583],"isRenderEnabled":false,"rotationMatrix":[0.379107714,0.921012998,0.0895120203,-0.925127149,0.375102818,0.0586315468,0.0204242058,-0.105037667,0.994258463],"shapeName":"/levels/rls_west_coast_usa/art/shapes/objects/barrierfence_plain.dae","useInstanceRenderData":true}
{"class":"TSStatic","persistentId":"0c700571-2726-4d2e-98f0-b88c29bdc72a","__parent":"SimGroup_","position":[50.7964973,-174.054153,124.418671],"isRenderEnabled":false,"rotationMatrix":[-0.390760899,-0.920105875,-0.0266656503,0.920375407,-0.390085816,-0.0272429138,0.0146644739,-0.035187874,0.999273121],"shapeName":"/levels/rls_west_coast_usa/art/shapes/objects/barrierfence_plain.dae","useInstanceRenderData":true}
{"class":"TSStatic","persistentId":"1156b114-bff3-4cdb-9fe0-c88cf33ef426","__parent":"SimGroup_","position":[67.3059692,-135.280594,126.158722],"isRenderEnabled":false,"rotationMatrix":[-0.39294982,-0.91695267,-0.0691962764,0.919095457,-0.389246583,-0.061241243,0.029220907,-0.0876627266,0.995721519],"shapeName":"/levels/rls_west_coast_usa/art/shapes/objects/barrierfence_plain.dae","useInstanceRenderData":true}
{"class":"TSStatic","persistentId":"12aeb7ed-e130-4d98-9b87-c592feee2556","__parent":"SimGroup_","position":[30.2028522,-187.331451,124.283371],"isRenderEnabled":false,"rotationMatrix":[0.331626475,0.943089902,0.0246034171,-0.943246663,0.330969572,0.0272929855,0.0175967533,-0.0322581679,0.999324679],"shapeName":"/levels/rls_west_coast_usa/art/shapes/objects/barrierfence_plain.dae","useInstanceRenderData":true}
{"class":"TSStatic","persistentId":"1434b793-a346-4f8c-ad5e-08a30a4be808","__parent":"SimGroup_","position":[-3.09928489,48.5881805,119.394249],"isRenderEnabled":false,"rotationMatrix":[0.527259171,0.849701822,0.0021463153,-0.849658906,0.527255356,-0.00902938563,-0.00880394131,0.00293719023,0.999956906],"shapeName":"/levels/rls_west_coast_usa/art/shapes/objects/barrierfence_plain.dae","useInstanceRenderData":true}
{"class":"TSStatic","persistentId":"1445c6b5-a2a2-474d-8b9c-7cb2b42cb036","__parent":"SimGroup_","position":[-9.07523441,-682.522705,132.766983],"isRenderEnabled":false,"rotationMatrix":[-0.850739717,0.525565505,0.00477321725,-0.52538228,-0.850626588,0.0201983731,0.0146757932,0.0146757942,0.999784589],"shapeName":"/levels/rls_west_coast_usa/art/shapes/objects/barrierfence_plain.dae","useInstanceRenderData":true}
{"class":"TSStatic","persistentId":"148942c2-0ab1-4aa4-a22c-8e79e46b36f0","__parent":"SimGroup_","position":[-164.098053,-443.582764,123.911247],"isRenderEnabled":false,"rotationMatrix":[0.762872934,-0.646370351,0.0151739623,0.64654845,0.762662768,-0.0179040041,4.65661287e-10,0.0234691817,0.999724567],"shapeName":"/levels/rls_west_coast_usa/art/shapes/objects/barrierfence_plain.dae","useInstanceRenderData":true}
{"class":"TSStatic","persistentId":"14ee82e0-9cce-4d46-870e-7cfc8b9e1dfb","__parent":"SimGroup_","position":[78.5112305,-109.547623,127.902016],"isRenderEnabled":false,"rotationMatrix":[-0.41633451,-0.906903446,-0.0647452399,0.908910692,-0.413308144,-0.055298198,0.0233903956,-0.0818701833,0.996368468],"shapeName":"/levels/rls_west_coast_usa/art/shapes/objects/barrierfence_plain.dae","useInstanceRenderData":true}
{"class":"TSStatic","persistentId":"15465094-be9a-4140-8206-d790c93d4fcc","__parent":"SimGroup_","position":[48.5986023,-179.228638,124.259705],"isRenderEnabled":false,"rotationMatrix":[-0.390692711,-0.919962645,-0.0320640355,0.920404553,-0.389851451,-0.0295203216,0.0146573866,-0.0410452522,0.999049783],"shapeName":"/levels/rls_west_coast_usa/art/shapes/objects/barrierfence_plain.dae","useInstanceRenderData":true}
{"class":"TSStatic","persistentId":"15a8cff6-7936-48c3-a82a-fe4fb8d1933e","__parent":"SimGroup_","position":[-103.960297,-414.918121,124.434822],"isRenderEnabled":false,"rotationMatrix":[0.906032741,-0.423091322,0.00991719589,0.422709316,0.905854344,0.0272899345,-0.0205296688,-0.0205334835,0.999578357],"shapeName":"/levels/rls_west_coast_usa/art/shapes/objects/barrierfence_plain.dae","useInstanceRenderData":true}
{"class":"TSStatic","persistentId":"16dc6b57-1c07-4ac0-a11d-0ed2945b63cf","__parent":"SimGroup_","position":[26.3977795,-200.855087,124.021637],"isRenderEnabled":false,"rotationMatrix":[0.224099755,0.974457979,0.0145284375,-0.974495649,0.223879099,0.0153806657,0.0117351962,-0.0176047012,0.999776185],"shapeName":"/levels/rls_west_coast_usa/art/shapes/objects/barrierfence_plain.dae","useInstanceRenderData":true}
{"class":"TSStatic","persistentId":"170e4c11-c75f-4925-908d-fbd9b8c49dd9","__parent":"SimGroup_","position":[-1.13799429,11.3935699,119.416908],"isRenderEnabled":false,"rotationMatrix":[-0.471592069,-0.881793678,0.0063801785,0.881811917,-0.471553087,0.00673850207,-0.002933376,0.00880394131,0.999956965],"shapeName":"/levels/rls_west_coast_usa/art/shapes/objects/barrierfence_plain.dae","useInstanceRenderData":true}
{"class":"TSStatic","persistentId":"17fbe200-9f7f-4141-8e69-f8334dcf0382","__parent":"SimGroup_","position":[106.607361,-71.5649338,128.240433],"isRenderEnabled":false,"rotationMatrix":[-0.628200889,-0.777662933,0.024578413,0.777962863,-0.627340078,0.034902446,-0.0117233116,0.0410468429,0.999088466],"shapeName":"/levels/rls_west_coast_usa/art/shapes/objects/barrierfence_plain.dae","useInstanceRenderData":true}
{"class":"TSStatic","persistentId":"18a1ffd1-23ba-4ba0-8a36-2050a0cd7c04","__parent":"SimGroup_","position":[-6.86732912,41.0506439,119.395935],"isRenderEnabled":false,"rotationMatrix":[0.375937998,0.926636934,0.00382607523,-0.926640153,0.375945985,-0.00161756319,-0.00293729128,-0.00293729152,0.999991357],"shapeName":"/levels/rls_west_coast_usa/art/shapes/objects/barrierfence_plain.dae","useInstanceRenderData":true}
{"class":"TSStatic","persistentId":"18e0965c-e743-458f-9adf-256009da50a1","__parent":"SimGroup_","position":[81.1704712,-104.618225,128.233582],"isRenderEnabled":false,"rotationMatrix":[-0.580837011,-0.811476767,-0.0642943308,0.814019859,-0.579022408,-0.0458766818,0,-0.078983739,0.996875882],"shapeName":"/levels/rls_west_coast_usa/art/shapes/objects/barrierfence_plain.dae","useInstanceRenderData":true}
{"class":"TSStatic","persistentId":"18e96b05-9659-4e47-8455-42f27c08a0ec","__parent":"SimGroup_","position":[70.6230698,-127.543373,126.714417],"isRenderEnabled":false,"rotationMatrix":[-0.394908547,-0.916534007,-0.0633474141,0.918422639,-0.392084956,-0.0526259392,0.0233958997,-0.0789621174,0.996603012],"shapeName":"/levels/rls_west_coast_usa/art/shapes/objects/barrierfence_plain.dae","useInstanceRenderData":true}
{"class":"TSStatic","persistentId":"192814a8-367c-466c-a1c9-78d61e0b24f2","__parent":"SimGroup_","position":[24.6477299,-209.10733,123.918907],"isRenderEnabled":false,"rotationMatrix":[0.199625909,0.979817748,0.0103289597,-0.979854584,0.199548125,0.00809480995,0.00587031431,-0.0117368121,0.999913871],"shapeName":"/levels/rls_west_coast_usa/art/shapes/objects/barrierfence_plain.dae","useInstanceRenderData":true}
{"class":"TSStatic","persistentId":"19741250-30c0-4170-bd5b-d56130dbc04a","__parent":"SimGroup_","position":[13.5027103,44.5653687,119.38456],"isRenderEnabled":false,"rotationMatrix":[-0.677198291,-0.735800683,-0.000171910506,0.735794842,-0.677191973,-0.00414499966,0.00293347705,-0.00293347705,0.999991417],"shapeName":"/levels/rls_west_coast_usa/art/shapes/objects/barrierfence_plain.dae","useInstanceRenderData":true}
{"class":"TSStatic","persistentId":"19778bd5-545a-4136-889b-4438da0481b6","__parent":"SimGroup_","position":[-32.3679237,-24.0576477,119.407669],"isRenderEnabled":false,"rotationMatrix":[-0.814408183,-0.580292583,2.86708841e-17,0.580292583,-0.814408183,-1.70801573e-16,1.22464685e-16,-1.22464685e-16,1],"shapeName":"/levels/rls_west_coast_usa/art/shapes/objects/barrierfence_plain.dae","useInstanceRenderData":true}
{"class":"TSStatic","persistentId":"1d6b4a1a-c2c7-4cf2-9d6d-995923ab50ca","__parent":"SimGroup_","position":[13.0162773,63.7550659,119.387268],"isRenderEnabled":false,"rotationMatrix":[0.924381495,0.381455958,0.00318741798,-0.381424069,0.924368382,-0.00766607141,-0.00587061699,0.00587061653,0.999965549],"shapeName":"/levels/rls_west_coast_usa/art/shapes/objects/barrierfence_plain.dae","useInstanceRenderData":true}
{"class":"TSStatic","persistentId":"1fc2b3e0-f24d-4bc6-ac6b-430fa41df5a5","__parent":"SimGroup_","position":[43.455349,-159.455551,125.19165],"isRenderEnabled":false,"rotationMatrix":[0.500331998,0.865338445,0.0292801168,-0.865654945,0.499255717,0.0372191444,0.0175888855,-0.0439684093,0.998878062],"shapeName":"/levels/rls_west_coast_usa/art/shapes/objects/barrierfence_plain.dae","useInstanceRenderData":true}
{"class":"TSStatic","persistentId":"20f92b07-f639-4c1a-80d4-e823f98bbae6","__parent":"SimGroup_","position":[-134.354355,-422.320709,123.835831],"isRenderEnabled":false,"rotationMatrix":[0.643437922,0.765382528,0.0133155668,-0.764548659,0.643408656,-0.0386102423,-0.0381189547,0.0146628981,0.999165654],"shapeName":"/levels/rls_west_coast_usa/art/shapes/objects/barrierfence_plain.dae","useInstanceRenderData":true}
{"class":"TSStatic","persistentId":"21c01f51-6de4-40cd-b3a4-415601395bbe","__parent":"SimGroup_","position":[-42.6308823,-636.004395,132.427124],"isRenderEnabled":false,"rotationMatrix":[-0.299746275,0.953545272,-0.0300640501,-0.953947008,-0.299187422,0.0217301864,0.0117259333,0.0351930484,0.999311745],"shapeName":"/levels/rls_west_coast_usa/art/shapes/objects/barrierfence_plain.dae","useInstanceRenderData":true}
{"class":"TSStatic","persistentId":"2391d467-8161-444b-8c1d-bfd6794e55f0","__parent":"SimGroup_","position":[-13.6483011,22.5725708,119.388771],"isRenderEnabled":false,"rotationMatrix":[0.368765712,0.929521859,0.00108177494,-0.929517806,0.368767262,-0.00272674253,-0.00293348962,-1.16415322e-10,0.999995708],"shapeName":"/levels/rls_west_coast_usa/art/shapes/objects/barrierfence_plain.dae","useInstanceRenderData":true}
{"class":"TSStatic","persistentId":"2401c652-8400-4ad1-bd19-1f17e4532066","__parent":"SimGroup_","position":[-142.097687,-434.042877,123.801407],"isRenderEnabled":false,"rotationMatrix":[0.528989553,0.848531723,-0.0128039801,-0.848015547,0.527974188,-0.04596572,-0.0322431996,0.0351733603,0.998860955],"shapeName":"/levels/rls_west_coast_usa/art/shapes/objects/barrierfence_plain.dae","useInstanceRenderData":true}
{"class":"TSStatic","persistentId":"2569cc3d-1cf3-45f4-859a-2e065f0b528a","__parent":"SimGroup_","position":[-35.9256096,-651.473389,132.848846],"isRenderEnabled":false,"rotationMatrix":[-0.410747409,0.91154021,-0.0195143018,-0.911579192,-0.410163641,0.0280869659,0.0175983403,0.0293254834,0.99941498],"shapeName":"/levels/rls_west_coast_usa/art/shapes/objects/barrierfence_plain.dae","useInstanceRenderData":true}
{"class":"TSStatic","persistentId":"265d9b62-7e95-4b26-a298-0c5ba05d41ab","__parent":"SimGroup_","position":[-38.4599838,-10.3096619,119.389183],"isRenderEnabled":false,"rotationMatrix":[0.832729578,0.553677499,0.00163826416,-0.55364877,0.832710505,-0.00813906454,-0.00587061699,0.00587061699,0.999965549],"shapeName":"/levels/rls_west_coast_usa/art/shapes/objects/barrierfence_plain.dae","useInstanceRenderData":true}
{"class":"TSStatic","persistentId":"2683928a-9e3a-4f67-86c6-7fecd79d4252","__parent":"SimGroup_","position":[48.16745,-149.326462,125.718384],"isRenderEnabled":false,"rotationMatrix":[0.0546609759,0.99691844,0.0562663563,-0.997663736,0.0522155166,0.0440529846,0.040979255,-0.0585428812,0.997443438],"shapeName":"/levels/rls_west_coast_usa/art/shapes/objects/barrierfence_plain.dae","useInstanceRenderData":true}
{"class":"TSStatic","persistentId":"278520df-7cf2-4e26-b17d-992265be862d","__parent":"SimGroup_","position":[-1.58050776,50.9545288,119.398659],"isRenderEnabled":false,"rotationMatrix":[0.554279327,0.832327187,0.00243524485,-0.832284153,0.554276943,-0.00895578414,-0.00880394224,0.00293719047,0.999956906],"shapeName":"/levels/rls_west_coast_usa/art/shapes/objects/barrierfence_plain.dae","useInstanceRenderData":true}
{"class":"TSStatic","persistentId":"27ed2281-14af-40e9-874a-716175396c1e","__parent":"SimGroup_","position":[27.7173901,-195.388885,124.114769],"isRenderEnabled":false,"rotationMatrix":[0.25417012,0.967012167,0.0168811008,-0.967088342,0.253900945,0.0165671837,0.0117345396,-0.0205363985,0.999720216],"shapeName":"/levels/rls_west_coast_usa/art/shapes/objects/barrierfence_plain.dae","useInstanceRenderData":true}
{"class":"TSStatic","persistentId":"28064668-7bec-4ae9-ad8e-2ec49952eb26","__parent":"SimGroup_","position":[-16.0109444,-677.722534,132.815659],"isRenderEnabled":false,"rotationMatrix":[-0.800380945,0.599418163,0.009400337,-0.599140167,-0.80035007,0.021702759,0.0205325857,0.0117383534,0.999720275],"shapeName":"/levels/rls_west_coast_usa/art/shapes/objects/barrierfence_plain.dae","useInstanceRenderData":true}
{"class":"TSStatic","persistentId":"280f46d8-df58-4d42-8d6b-04ad2f3c6fd4","__parent":"SimGroup_","position":[-151.723602,-447.827606,124.004723],"isRenderEnabled":false,"rotationMatrix":[0.813831806,0.580940425,0.0136379525,-0.581100523,0.813607633,0.0190999676,4.65661287e-10,-0.0234691817,0.999724567],"shapeName":"/levels/rls_west_coast_usa/art/shapes/objects/barrierfence_plain.dae","useInstanceRenderData":true}
{"class":"TSStatic","persistentId":"284a2eb5-d0cd-4bdd-92b9-80e7813c0b0a","__parent":"SimGroup_","position":[-13.7336168,-679.372131,132.791931],"isRenderEnabled":false,"rotationMatrix":[-0.812000513,0.583628476,0.00573562365,-0.58339113,-0.811888337,0.0221842024,0.0176040195,0.0146674719,0.999737442],"shapeName":"/levels/rls_west_coast_usa/art/shapes/objects/barrierfence_plain.dae","useInstanceRenderData":true}
{"class":"TSStatic","persistentId":"2873ec5b-70c8-4438-abdc-e056e12c2571","__parent":"SimGroup_","position":[58.493866,-155.945816,125.014786],"isRenderEnabled":false,"rotationMatrix":[-0.39128685,-0.919965863,-0.023611024,0.919801831,-0.390142322,-0.0418756828,0.0293125361,-0.0381028652,0.998843789],"shapeName":"/levels/rls_west_coast_usa/art/shapes/objects/barrierfence_plain.dae","useInstanceRenderData":true}
{"class":"TSStatic","persistentId":"296ac60a-e9a8-4e76-a847-8127eeaa6627","__parent":"SimGroup_","position":[-148.167984,-443.510162,123.995415],"isRenderEnabled":false,"rotationMatrix":[0.536125481,0.844077706,-0.0101118349,-0.84381187,0.536212802,0.0213852283,0.0234728903,-0.00293268077,0.999720156],"shapeName":"/levels/rls_west_coast_usa/art/shapes/objects/barrierfence_plain.dae","useInstanceRenderData":true}
{"class":"TSStatic","persistentId":"29d7f81a-1424-44ab-8641-e0b92219782c","__parent":"SimGroup_","position":[46.0786247,39.5692291,119.442886],"isRenderEnabled":false,"rotationMatrix":[-0.76819253,0.640218914,1.72480657e-16,-0.640218914,-0.76819253,-1.5672247e-17,1.22464685e-16,-1.22464685e-16,1],"shapeName":"/levels/rls_west_coast_usa/art/shapes/objects/barrierfence_plain.dae","useInstanceRenderData":true}
{"class":"TSStatic","persistentId":"2b640579-61f2-4634-bf26-54db3a546547","__parent":"SimGroup_","position":[89.9174194,-90.2291641,128.846985],"isRenderEnabled":false,"rotationMatrix":[-0.61869204,-0.785467923,-0.0161381923,0.785633743,-0.618561387,-0.0127089377,9.31322575e-10,-0.0205416251,0.999789],"shapeName":"/levels/rls_west_coast_usa/art/shapes/objects/barrierfence_plain.dae","useInstanceRenderData":true}
{"class":"TSStatic","persistentId":"2c37b2c0-4cc4-4f28-9d82-f5f2d338de86","__parent":"SimGroup_","position":[29.2985668,-189.993454,124.221169],"isRenderEnabled":false,"rotationMatrix":[0.316430628,0.948354423,0.0222589392,-0.948452413,0.315853715,0.0259701498,0.0175983403,-0.0293292962,0.999414861],"shapeName":"/levels/rls_west_coast_usa/art/shapes/objects/barrierfence_plain.dae","useInstanceRenderData":true}
{"class":"TSStatic","persistentId":"2c3c610b-8916-46d8-bf22-0aaa55e9f457","__parent":"SimGroup_","position":[-149.772324,-445.818329,124.023476],"isRenderEnabled":false,"rotationMatrix":[0.614669383,0.788778901,0.00306516793,-0.788588524,0.614425063,0.0246998128,0.0175993741,-0.0175993759,0.999690235],"shapeName":"/levels/rls_west_coast_usa/art/shapes/objects/barrierfence_plain.dae","useInstanceRenderData":true}
{"class":"TSStatic","persistentId":"2c607ebf-14b3-4d59-b8ee-8ace1f6addf8","__parent":"SimGroup_","position":[86.7476425,-94.8691711,128.76445],"isRenderEnabled":false,"rotationMatrix":[-0.520916462,-0.853289068,-0.0233212896,0.849094093,-0.520774364,0.0885056853,-0.0876660645,0.0263020992,0.995802641],"shapeName":"/levels/rls_west_coast_usa/art/shapes/objects/barrierfence_plain.dae","useInstanceRenderData":true}
{"class":"TSStatic","persistentId":"2d86d025-e9d9-45c0-85e0-5d08bd937edf","__parent":"SimGroup_","position":[-99.2877579,-418.018982,124.469688],"isRenderEnabled":false,"rotationMatrix":[0.781122148,-0.624377549,0.000928446651,0.62413007,0.780852735,0.0270304736,-0.0176021997,-0.020534629,0.999634206],"shapeName":"/levels/rls_west_coast_usa/art/shapes/objects/barrierfence_plain.dae","useInstanceRenderData":true}
{"class":"TSStatic","persistentId":"2e1bcbd8-f88a-4c5f-9e9a-5e805ff5eed6","__parent":"SimGroup_","position":[-16.6975231,14.7064362,119.384193],"isRenderEnabled":false,"rotationMatrix":[0.372299194,0.928112745,6.80675213e-17,-0.928112745,0.372299194,1.59254529e-16,1.22464672e-16,-1.22464685e-16,1],"shapeName":"/levels/rls_west_coast_usa/art/shapes/objects/barrierfence_plain.dae","useInstanceRenderData":true}
{"class":"TSStatic","persistentId":"2ea39aa4-6d24-4f7f-9b78-a09532bb4b2b","__parent":"SimGroup_","position":[46.401062,-184.402451,124.06823],"isRenderEnabled":false,"rotationMatrix":[-0.390624642,-0.920055091,-0.0301812366,0.920172036,-0.38931489,-0.0414412506,0.0263782293,-0.0439599045,0.998685002],"shapeName":"/levels/rls_west_coast_usa/art/shapes/objects/barrierfence_plain.dae","useInstanceRenderData":true}
{"class":"TSStatic","persistentId":"3000667a-48fe-4c27-9f5d-777a7e0a2fd0","__parent":"SimGroup_","position":[20.7719822,48.6154327,119.384193],"isRenderEnabled":false,"rotationMatrix":[-0.961848378,-0.273582876,8.42882221e-17,0.273582876,-0.961848378,-1.51296694e-16,1.22464672e-16,-1.22464672e-16,1],"shapeName":"/levels/rls_west_coast_usa/art/shapes/objects/barrierfence_plain.dae","useInstanceRenderData":true}
{"class":"TSStatic","persistentId":"3267c16f-d3a0-43fd-a404-b6c27851a7ab","__parent":"SimGroup_","position":[1.87245893,55.3888245,119.392906],"isRenderEnabled":false,"rotationMatrix":[0.661724627,0.74974674,-0.000516762258,-0.749723971,0.661698818,-0.00828620791,-0.00587061699,0.00587061699,0.999965549],"shapeName":"/levels/rls_west_coast_usa/art/shapes/objects/barrierfence_plain.dae","useInstanceRenderData":true}
{"class":"TSStatic","persistentId":"3362f5aa-14c5-441b-8e52-6a17e49cddaf","__parent":"SimGroup_","position":[-1.60728407,-686.406189,132.747208],"isRenderEnabled":false,"rotationMatrix":[-0.956851602,0.290573448,0.0013507551,-0.29051736,-0.956740141,0.0157411136,0.00586627144,0.0146694947,0.999875188],"shapeName":"/levels/rls_west_coast_usa/art/shapes/objects/barrierfence_plain.dae","useInstanceRenderData":true}
{"class":"TSStatic","persistentId":"33841771-cdc5-4ef7-87f6-af6117fd0984","__parent":"SimGroup_","position":[2.19440222,19.1349792,119.396286],"isRenderEnabled":false,"rotationMatrix":[-0.323603153,-0.946188867,0.00277564721,0.94619292,-0.323601723,0.000949286507,1.16415322e-10,0.00293348962,0.999995708],"shapeName":"/levels/rls_west_coast_usa/art/shapes/objects/barrierfence_plain.dae","useInstanceRenderData":true}
{"class":"TSStatic","persistentId":"339ea5ef-e3df-4e55-95d0-81e4b1bf5a1d","__parent":"SimGroup_","position":[41.6508789,43.0357666,119.422134],"isRenderEnabled":false,"rotationMatrix":[-0.803861499,0.594787717,-0.00584775163,-0.594809175,-0.80386138,0.00297138421,-0.00293343933,0.0058668782,0.999978483],"shapeName":"/levels/rls_west_coast_usa/art/shapes/objects/barrierfence_plain.dae","useInstanceRenderData":true}
{"class":"TSStatic","persistentId":"33bad084-c4ae-488b-b627-30754620626d","__parent":"SimGroup_","position":[-4.1961112,-685.315125,132.749054],"isRenderEnabled":false,"rotationMatrix":[-0.888237119,0.459384173,0.00108054979,-0.459301084,-0.888116717,0.0170736816,0.00880303234,0.0146691781,0.999853671],"shapeName":"/levels/rls_west_coast_usa/art/shapes/objects/barrierfence_plain.dae","useInstanceRenderData":true}
{"class":"TSStatic","persistentId":"369df8f9-7561-4f2c-a9f9-193299151807","__parent":"SimGroup_","position":[-23.6915798,2.60850525,119.388939],"isRenderEnabled":false,"rotationMatrix":[0.652755976,0.757568121,-0.000307466718,-0.757562518,0.652749419,-0.00413715327,-0.00293347705,0.00293347705,0.999991417],"shapeName":"/levels/rls_west_coast_usa/art/shapes/objects/barrierfence_plain.dae","useInstanceRenderData":true}
{"class":"TSStatic","persistentId":"387444c5-e3a9-4b58-99bc-1922d0ed7188","__parent":"SimGroup_","position":[-299.666473,-207.511536,119.137688],"isRenderEnabled":false,"rotationMatrix":[0.40478766,0.914409459,0.00149497704,-0.914406002,0.404779792,0.00386983436,0.00293347705,-0.00293347705,0.999991417],"shapeName":"/levels/rls_west_coast_usa/art/shapes/objects/barrierfence_plain.dae","useInstanceRenderData":true}
{"class":"TSStatic","persistentId":"3ebb8687-15a8-474d-881f-926e19e18f99","__parent":"SimGroup_","position":[60.6955261,-150.773773,125.163162],"isRenderEnabled":false,"rotationMatrix":[-0.391111016,-0.91990912,-0.0282747354,0.919555545,-0.389320612,-0.0533588491,0.0380773582,-0.0468694158,0.998175025],"shapeName":"/levels/rls_west_coast_usa/art/shapes/objects/barrierfence_plain.dae","useInstanceRenderData":true}
{"class":"TSStatic","persistentId":"3f07abe9-d8b8-44b5-a545-44e89f3bdb26","__parent":"SimGroup_","position":[96.0484695,-84.4663773,128.948746],"isRenderEnabled":false,"rotationMatrix":[-0.781583667,-0.623771846,-0.00599453133,0.623242199,-0.78125453,0.0347973704,-0.0263888687,0.0234610066,0.999376416],"shapeName":"/levels/rls_west_coast_usa/art/shapes/objects/barrierfence_plain.dae","useInstanceRenderData":true}
{"class":"TSStatic","persistentId":"411d9733-8158-46f5-9b07-058531b4f9bc","__parent":"SimGroup_","position":[69.3047638,31.8296661,119.388123],"isRenderEnabled":false,"rotationMatrix":[0.562212706,-0.826989114,0.00242597423,0.826992691,0.562210321,-0.00164924527,0,0.00293348962,0.999995708],"shapeName":"/levels/rls_west_coast_usa/art/shapes/objects/barrierfence_plain.dae","useInstanceRenderData":true}
{"class":"TSStatic","persistentId":"415c069a-5286-4c2a-8d7e-428c48923f8b","__parent":"SimGroup_","position":[-32.8128738,-659.311523,132.960602],"isRenderEnabled":false,"rotationMatrix":[-0.363460779,0.931576252,-0.00786420796,-0.931313872,-0.363119841,0.0282544736,0.0234655477,0.0175934415,0.999569833],"shapeName":"/levels/rls_west_coast_usa/art/shapes/objects/barrierfence_plain.dae","useInstanceRenderData":true}
{"class":"TSStatic","persistentId":"41695793-210b-45b3-8b66-2d9578f1b7a6","__parent":"SimGroup_","position":[112.98571,-62.3418427,128.181274],"isRenderEnabled":false,"rotationMatrix":[-0.431000948,-0.902347624,-0.00261411816,0.899837077,-0.430014372,0.0733542964,-0.0673151836,0.0292634983,0.997302532],"shapeName":"/levels/rls_west_coast_usa/art/shapes/objects/barrierfence_plain.dae","useInstanceRenderData":true}
{"class":"TSStatic","persistentId":"4172d2d7-dc2b-4c19-8534-02002039607c","__parent":"SimGroup_","position":[-20.3115883,7.09463501,119.393547],"isRenderEnabled":false,"rotationMatrix":[0.503350496,0.86408025,0.00189358206,-0.864037454,0.50334549,-0.00908574928,-0.00880394224,0.00293719047,0.999956906],"shapeName":"/levels/rls_west_coast_usa/art/shapes/objects/barrierfence_plain.dae","useInstanceRenderData":true}
{"class":"TSStatic","persistentId":"42179073-5f0d-4ad4-b5a8-bba6e03c1b92","__parent":"SimGroup_","position":[36.9648438,46.1394043,119.389046],"isRenderEnabled":false,"rotationMatrix":[-0.872592449,0.488442421,-0.00255975174,-0.488440335,-0.872596264,-0.00143284071,-0.00293348962,0,0.999995708],"shapeName":"/levels/rls_west_coast_usa/art/shapes/objects/barrierfence_plain.dae","useInstanceRenderData":true}
{"class":"TSStatic","persistentId":"49e65dac-27ce-4d56-8fc8-1d53215eac8c","__parent":"SimGroup_","position":[-36.1357918,-8.72657776,119.391129],"isRenderEnabled":false,"rotationMatrix":[0.816284716,0.577649713,-0.000293552876,-0.57761991,0.81623733,-0.0105775166,-0.00587049033,0.00880382769,0.999944031],"shapeName":"/levels/rls_west_coast_usa/art/shapes/objects/barrierfence_plain.dae","useInstanceRenderData":true}
{"class":"TSStatic","persistentId":"4a1ee63f-ec19-42fd-8dec-7acf1bd50615","__parent":"SimGroup_","position":[-31.6556282,-5.33183289,119.392136],"isRenderEnabled":false,"rotationMatrix":[0.738094687,0.674697042,0.000372195384,-0.67467165,0.738071442,-0.00829395931,-0.00587061699,0.00587061699,0.999965549],"shapeName":"/levels/rls_west_coast_usa/art/shapes/objects/barrierfence_plain.dae","useInstanceRenderData":true}
{"class":"TSStatic","persistentId":"4a728195-ccc0-4209-8445-bfff6c6f424b","__parent":"SimGroup_","position":[-92.1614838,-422.441101,124.443298],"isRenderEnabled":false,"rotationMatrix":[0.929905653,-0.36761874,-0.0114847263,0.367505431,0.929958045,-0.0108514074,0.0146694938,0.00587008568,0.999875188],"shapeName":"/levels/rls_west_coast_usa/art/shapes/objects/barrierfence_plain.dae","useInstanceRenderData":true}
