//--- OBJECT WRITE BEGIN ---
$ThisPrefab = new SimGroup() {
   canSave = "1";
   canSaveDynamicFields = "1";
      groupPosition = "0 0 0";

   new TSStatic() {
      shapeName = "/levels/west_coast_usa/art/shapes/objects/constructionbarrier_arrows.dae";
      dynamic = "0";
      playAmbient = "1";
      meshCulling = "0";
      originSort = "0";
      useInstanceRenderData = "1";
      instanceColor = "White";
      instanceColor1 = "White";
      instanceColor2 = "White";
      collisionType = "Collision Mesh";
      decalType = "Collision Mesh";
      prebuildCollisionData = "0";
      renderNormals = "0";
      forceDetail = "-1";
      position = "-890.38501 240.818375 159.153107";
      scale = "1 1 1";
      rotationMatrix = "0.704436183 -0.709767401 -4.84213233e-05 0.709709346 0.704377651 0.0128442282 -0.00908230618 -0.00908230525 0.999917507";
      isRenderEnabled = "false";
      canSave = "1";
      canSaveDynamicFields = "1";
      persistentId = "cb15820c-686a-4840-ad6a-4d030bf6694e";
         mode = "Ignore";
         order_simset = "0";
   };
   new TSStatic() {
      shapeName = "/levels/west_coast_usa/art/shapes/objects/constructionbarrier_arrows.dae";
      dynamic = "0";
      playAmbient = "1";
      meshCulling = "0";
      originSort = "0";
      useInstanceRenderData = "1";
      instanceColor = "White";
      instanceColor1 = "White";
      instanceColor2 = "White";
      collisionType = "Collision Mesh";
      decalType = "Collision Mesh";
      prebuildCollisionData = "0";
      renderNormals = "0";
      forceDetail = "-1";
      position = "-891.735596 239.478012 159.128677";
      scale = "1 1 1";
      rotationMatrix = "0.704436183 -0.709767401 -4.84213233e-05 0.709709346 0.704377651 0.0128442282 -0.00908230618 -0.00908230525 0.999917507";
      isRenderEnabled = "false";
      canSave = "1";
      canSaveDynamicFields = "1";
      persistentId = "415154f9-5219-4d23-90c3-cba99ef71be4";
         mode = "Ignore";
         order_simset = "0";
   };
   new TSStatic() {
      shapeName = "/levels/west_coast_usa/art/shapes/objects/constructionbarrier_arrows.dae";
      dynamic = "0";
      playAmbient = "1";
      meshCulling = "0";
      originSort = "0";
      useInstanceRenderData = "1";
      instanceColor = "White";
      instanceColor1 = "White";
      instanceColor2 = "White";
      collisionType = "Collision Mesh";
      decalType = "Collision Mesh";
      prebuildCollisionData = "0";
      renderNormals = "0";
      forceDetail = "-1";
      position = "-898.180908 233.014404 159.005798";
      scale = "1 1 1";
      rotationMatrix = "0.681561708 -0.731760442 -0.000455957372 0.731704175 0.681501389 0.0128362216 -0.00908230431 -0.00908230245 0.999917507";
      isRenderEnabled = "false";
      canSave = "1";
      canSaveDynamicFields = "1";
      persistentId = "a819d0c5-8189-4db6-a7f3-6deb834a2f29";
         mode = "Ignore";
         order_simset = "0";
   };
   new TSStatic() {
      shapeName = "/levels/west_coast_usa/art/shapes/objects/constructionbarrier_arrows.dae";
      dynamic = "0";
      playAmbient = "1";
      meshCulling = "0";
      originSort = "0";
      useInstanceRenderData = "1";
      instanceColor = "White";
      instanceColor1 = "White";
      instanceColor2 = "White";
      collisionType = "Collision Mesh";
      decalType = "Collision Mesh";
      prebuildCollisionData = "0";
      renderNormals = "0";
      forceDetail = "-1";
      position = "-899.531494 231.674042 158.981369";
      scale = "1 1 1";
      rotationMatrix = "0.724103928 -0.689690888 0.000312577933 0.689631164 0.724047005 0.0128405187 -0.00908230804 -0.00908230618 0.999917507";
      isRenderEnabled = "false";
      canSave = "1";
      canSaveDynamicFields = "1";
      persistentId = "d2f1ca2a-6fa4-4baa-93f8-385c1bb4ac69";
         mode = "Ignore";
         order_simset = "0";
   };
   new TSStatic() {
      shapeName = "/levels/west_coast_usa/art/shapes/objects/constructionbarrier_arrows.dae";
      dynamic = "0";
      playAmbient = "1";
      meshCulling = "0";
      originSort = "0";
      useInstanceRenderData = "1";
      instanceColor = "White";
      instanceColor1 = "White";
      instanceColor2 = "White";
      collisionType = "Collision Mesh";
      decalType = "Collision Mesh";
      prebuildCollisionData = "0";
      renderNormals = "0";
      forceDetail = "-1";
      position = "-905.34436 225.626999 158.862167";
      scale = "1 1 1";
      rotationMatrix = "0.704436183 -0.709767401 -4.84213233e-05 0.709709346 0.704377651 0.0128442282 -0.00908230618 -0.00908230525 0.999917507";
      isRenderEnabled = "false";
      canSave = "1";
      canSaveDynamicFields = "1";
      persistentId = "d4212915-5c59-4257-8694-44e43d2b2c64";
         mode = "Ignore";
         order_simset = "0";
   };
   new TSStatic() {
      shapeName = "/levels/west_coast_usa/art/shapes/objects/constructionbarrier_arrows.dae";
      dynamic = "0";
      playAmbient = "1";
      meshCulling = "0";
      originSort = "0";
      useInstanceRenderData = "1";
      instanceColor = "White";
      instanceColor1 = "White";
      instanceColor2 = "White";
      collisionType = "Collision Mesh";
      decalType = "Collision Mesh";
      prebuildCollisionData = "0";
      renderNormals = "0";
      forceDetail = "-1";
      position = "-906.694946 224.286636 158.837738";
      scale = "1 1 1";
      rotationMatrix = "0.704436183 -0.709767401 -4.84213233e-05 0.709709346 0.704377651 0.0128442282 -0.00908230618 -0.00908230525 0.999917507";
      isRenderEnabled = "false";
      canSave = "1";
      canSaveDynamicFields = "1";
      persistentId = "1cbc52a7-0237-4e26-860e-272fe9104d28";
         mode = "Ignore";
         order_simset = "0";
   };
   new TSStatic() {
      shapeName = "/levels/west_coast_usa/art/shapes/objects/constructionbarrier_arrows.dae";
      dynamic = "0";
      playAmbient = "1";
      meshCulling = "0";
      originSort = "0";
      useInstanceRenderData = "1";
      instanceColor = "White";
      instanceColor1 = "White";
      instanceColor2 = "White";
      collisionType = "Collision Mesh";
      decalType = "Collision Mesh";
      prebuildCollisionData = "0";
      renderNormals = "0";
      forceDetail = "-1";
      position = "-913.034668 218.308258 158.70787";
      scale = "1 1 1";
      rotationMatrix = "0.704436183 -0.709767401 -4.84213233e-05 0.709709346 0.704377651 0.0128442282 -0.00908230618 -0.00908230525 0.999917507";
      isRenderEnabled = "false";
      canSave = "1";
      canSaveDynamicFields = "1";
      persistentId = "c9380927-8742-4b97-a17f-847eee45f79d";
         mode = "Ignore";
         order_simset = "0";
   };
   new TSStatic() {
      shapeName = "/levels/west_coast_usa/art/shapes/objects/constructionbarrier_arrows.dae";
      dynamic = "0";
      playAmbient = "1";
      meshCulling = "0";
      originSort = "0";
      useInstanceRenderData = "1";
      instanceColor = "White";
      instanceColor1 = "White";
      instanceColor2 = "White";
      collisionType = "Collision Mesh";
      decalType = "Collision Mesh";
      prebuildCollisionData = "0";
      renderNormals = "0";
      forceDetail = "-1";
      position = "-914.385254 216.967896 158.683441";
      scale = "1 1 1";
      rotationMatrix = "0.704436183 -0.709767401 -4.84213233e-05 0.709709346 0.704377651 0.0128442282 -0.00908230618 -0.00908230525 0.999917507";
      isRenderEnabled = "false";
      canSave = "1";
      canSaveDynamicFields = "1";
      persistentId = "6b772e91-46cc-4d7f-902a-1daed2339d37";
         mode = "Ignore";
         order_simset = "0";
   };
   new TSStatic() {
      shapeName = "/levels/west_coast_usa/art/shapes/objects/constructionbarrier_arrows.dae";
      dynamic = "0";
      playAmbient = "1";
      meshCulling = "0";
      originSort = "0";
      useInstanceRenderData = "1";
      instanceColor = "White";
      instanceColor1 = "White";
      instanceColor2 = "White";
      collisionType = "Collision Mesh";
      decalType = "Collision Mesh";
      prebuildCollisionData = "0";
      renderNormals = "0";
      forceDetail = "-1";
      position = "-919.708557 211.419296 158.584702";
      scale = "1 1 1";
      rotationMatrix = "0.718114555 -0.695924819 0.000201550778 0.695865571 0.718057156 0.0128427353 -0.00908230431 -0.00908230245 0.999917507";
      isRenderEnabled = "false";
      canSave = "1";
      canSaveDynamicFields = "1";
      persistentId = "680f3f19-62b8-4e68-a456-72186e45e167";
         mode = "Ignore";
         order_simset = "0";
   };
   new TSStatic() {
      shapeName = "/levels/west_coast_usa/art/shapes/objects/constructionbarrier_arrows.dae";
      dynamic = "0";
      playAmbient = "1";
      meshCulling = "0";
      originSort = "0";
      useInstanceRenderData = "1";
      instanceColor = "White";
      instanceColor1 = "White";
      instanceColor2 = "White";
      collisionType = "Collision Mesh";
      decalType = "Collision Mesh";
      prebuildCollisionData = "0";
      renderNormals = "0";
      forceDetail = "-1";
      position = "-921.059143 210.078934 158.560272";
      scale = "1 1 1";
      rotationMatrix = "0.690694928 -0.723146141 -0.000294755213 0.723089159 0.690635324 0.012840936 -0.00908230618 -0.00908230245 0.999917507";
      isRenderEnabled = "false";
      canSave = "1";
      canSaveDynamicFields = "1";
      persistentId = "00b922bd-0cf4-48a8-9258-00196f1c627d";
         mode = "Ignore";
         order_simset = "0";
   };
   new TSStatic() {
      shapeName = "/levels/west_coast_usa/art/shapes/objects/constructionbarrier_arrows.dae";
      dynamic = "0";
      playAmbient = "1";
      meshCulling = "0";
      originSort = "0";
      useInstanceRenderData = "1";
      instanceColor = "White";
      instanceColor1 = "White";
      instanceColor2 = "White";
      collisionType = "Collision Mesh";
      decalType = "Collision Mesh";
      prebuildCollisionData = "0";
      renderNormals = "0";
      forceDetail = "-1";
      position = "-926.889832 204.286545 158.454666";
      scale = "1 1 1";
      rotationMatrix = "0.704436183 -0.709767401 -4.84213233e-05 0.709709346 0.704377651 0.0128442282 -0.00908230618 -0.00908230525 0.999917507";
      isRenderEnabled = "false";
      canSave = "1";
      canSaveDynamicFields = "1";
      persistentId = "19c8fdb7-2ec0-4c67-87ff-faf15a0c400f";
         mode = "Ignore";
         order_simset = "0";
   };
   new TSStatic() {
      shapeName = "/levels/west_coast_usa/art/shapes/objects/constructionbarrier_arrows.dae";
      dynamic = "0";
      playAmbient = "1";
      meshCulling = "0";
      originSort = "0";
      useInstanceRenderData = "1";
      instanceColor = "White";
      instanceColor1 = "White";
      instanceColor2 = "White";
      collisionType = "Collision Mesh";
      decalType = "Collision Mesh";
      prebuildCollisionData = "0";
      renderNormals = "0";
      forceDetail = "-1";
      position = "-928.240417 202.946182 158.430237";
      scale = "1 1 1";
      rotationMatrix = "0.704436183 -0.709767401 -4.84213233e-05 0.709709346 0.704377651 0.0128442282 -0.00908230618 -0.00908230525 0.999917507";
      isRenderEnabled = "false";
      canSave = "1";
      canSaveDynamicFields = "1";
      persistentId = "da1b21e4-2b1a-48aa-9520-f656d57bf2c6";
         mode = "Ignore";
         order_simset = "0";
   };
   new TSStatic() {
      shapeName = "/levels/west_coast_usa/art/shapes/objects/constructionbarrier_arrows.dae";
      dynamic = "0";
      playAmbient = "1";
      meshCulling = "0";
      originSort = "0";
      useInstanceRenderData = "1";
      instanceColor = "White";
      instanceColor1 = "White";
      instanceColor2 = "White";
      collisionType = "Collision Mesh";
      decalType = "Collision Mesh";
      prebuildCollisionData = "0";
      renderNormals = "0";
      forceDetail = "-1";
      position = "-933.056152 198.123535 158.342667";
      scale = "1 1 1";
      rotationMatrix = "0.704436183 -0.709767401 -4.84213233e-05 0.709709346 0.704377651 0.0128442282 -0.00908230618 -0.00908230525 0.999917507";
      isRenderEnabled = "false";
      canSave = "1";
      canSaveDynamicFields = "1";
      persistentId = "ef2170c7-8af5-4cc0-b9d2-db6d5774b7d4";
         mode = "Ignore";
         order_simset = "0";
   };
   new TSStatic() {
      shapeName = "/levels/west_coast_usa/art/shapes/objects/constructionbarrier_arrows.dae";
      dynamic = "0";
      playAmbient = "1";
      meshCulling = "0";
      originSort = "0";
      useInstanceRenderData = "1";
      instanceColor = "White";
      instanceColor1 = "White";
      instanceColor2 = "White";
      collisionType = "Collision Mesh";
      decalType = "Collision Mesh";
      prebuildCollisionData = "0";
      renderNormals = "0";
      forceDetail = "-1";
      position = "-934.406738 196.783173 158.318237";
      scale = "1 1 1";
      rotationMatrix = "0.704436183 -0.709767401 -4.84213233e-05 0.709709346 0.704377651 0.0128442282 -0.00908230618 -0.00908230525 0.999917507";
      isRenderEnabled = "false";
      canSave = "1";
      canSaveDynamicFields = "1";
      persistentId = "94b74541-72c7-4463-84b1-22b946370378";
         mode = "Ignore";
         order_simset = "0";
   };
   new TSStatic() {
      shapeName = "/levels/west_coast_usa/art/shapes/objects/constructionbarrier_arrows.dae";
      dynamic = "0";
      playAmbient = "1";
      meshCulling = "0";
      originSort = "0";
      useInstanceRenderData = "1";
      instanceColor = "White";
      instanceColor1 = "White";
      instanceColor2 = "White";
      collisionType = "Collision Mesh";
      decalType = "Collision Mesh";
      prebuildCollisionData = "0";
      renderNormals = "0";
      forceDetail = "-1";
      position = "-939.885681 191.345398 158.21907";
      scale = "1 1 1";
      rotationMatrix = "0.704436183 -0.709767401 -4.84213233e-05 0.709709346 0.704377651 0.0128442282 -0.00908230618 -0.00908230525 0.999917507";
      isRenderEnabled = "false";
      canSave = "1";
      canSaveDynamicFields = "1";
      persistentId = "d8f4635e-139c-42bf-9931-bf1e0be62ca0";
         mode = "Ignore";
         order_simset = "0";
   };
   new TSStatic() {
      shapeName = "/levels/west_coast_usa/art/shapes/objects/constructionbarrier_arrows.dae";
      dynamic = "0";
      playAmbient = "1";
      meshCulling = "0";
      originSort = "0";
      useInstanceRenderData = "1";
      instanceColor = "White";
      instanceColor1 = "White";
      instanceColor2 = "White";
      collisionType = "Collision Mesh";
      decalType = "Collision Mesh";
      prebuildCollisionData = "0";
      renderNormals = "0";
      forceDetail = "-1";
      position = "-938.535095 192.68576 158.2435";
      scale = "1 1 1";
      rotationMatrix = "0.704436183 -0.709767401 -4.84213233e-05 0.709709346 0.704377651 0.0128442282 -0.00908230618 -0.00908230525 0.999917507";
      isRenderEnabled = "false";
      canSave = "1";
      canSaveDynamicFields = "1";
      persistentId = "4fea9050-1d78-4039-bb6d-89297bf7484e";
         mode = "Ignore";
         order_simset = "0";
   };
   new TSStatic() {
      shapeName = "/levels/west_coast_usa/art/shapes/race/curbramp.dae";
      dynamic = "0";
      playAmbient = "1";
      meshCulling = "0";
      originSort = "0";
      useInstanceRenderData = "1";
      instanceColor = "White";
      instanceColor1 = "White";
      instanceColor2 = "White";
      collisionType = "Collision Mesh";
      decalType = "Collision Mesh";
      prebuildCollisionData = "0";
      renderNormals = "0";
      forceDetail = "-1";
      position = "-760.944275 207.887466 137.629028";
      scale = "0.79616046 1 1";
      rotationMatrix = "0.70478797 0.704789102 -0.0809099525 -0.704957783 0.708555996 0.0313531309 0.0794265717 0.0349407792 0.996228158";
      isRenderEnabled = "false";
      canSave = "1";
      canSaveDynamicFields = "1";
      persistentId = "4573c691-0187-4836-843b-68b8e8844887";
   };
   new TSStatic() {
      shapeName = "/levels/west_coast_usa/art/shapes/race/curbramp.dae";
      dynamic = "0";
      playAmbient = "1";
      meshCulling = "0";
      originSort = "0";
      useInstanceRenderData = "1";
      instanceColor = "White";
      instanceColor1 = "White";
      instanceColor2 = "White";
      collisionType = "Collision Mesh";
      decalType = "Collision Mesh";
      prebuildCollisionData = "0";
      renderNormals = "0";
      forceDetail = "-1";
      position = "-760.343567 208.48819 137.560074";
      scale = "0.902971864 1 1";
      rotationMatrix = "0.70478797 0.704789102 -0.0809099525 -0.704957783 0.708555996 0.0313531309 0.0794265717 0.0349407792 0.996228158";
      isRenderEnabled = "false";
      canSave = "1";
      canSaveDynamicFields = "1";
      persistentId = "5f24ca0b-790b-4344-b24e-fe8e6da256f5";
   };
   new TSStatic() {
      shapeName = "/levels/west_coast_usa/art/shapes/race/curbramp.dae";
      dynamic = "0";
      playAmbient = "1";
      meshCulling = "0";
      originSort = "0";
      useInstanceRenderData = "1";
      instanceColor = "White";
      instanceColor1 = "White";
      instanceColor2 = "White";
      collisionType = "Collision Mesh";
      decalType = "Collision Mesh";
      prebuildCollisionData = "0";
      renderNormals = "0";
      forceDetail = "-1";
      position = "-759.671814 209.159943 137.482941";
      scale = "1 1 1";
      rotationMatrix = "0.70478797 0.704789102 -0.0809099525 -0.704957783 0.708555996 0.0313531309 0.0794265717 0.0349407792 0.996228158";
      isRenderEnabled = "false";
      canSave = "1";
      canSaveDynamicFields = "1";
      persistentId = "b09edfc8-e506-4580-8a89-7fa0ed8b9f02";
   };
   new TSStatic() {
      shapeName = "/levels/west_coast_usa/art/shapes/race/curbramp.dae";
      dynamic = "0";
      playAmbient = "1";
      meshCulling = "0";
      originSort = "0";
      useInstanceRenderData = "1";
      instanceColor = "White";
      instanceColor1 = "White";
      instanceColor2 = "White";
      collisionType = "Collision Mesh";
      decalType = "Collision Mesh";
      prebuildCollisionData = "0";
      renderNormals = "0";
      forceDetail = "-1";
      position = "-758.967041 209.864731 137.402023";
      scale = "1 1 1";
      rotationMatrix = "0.70478797 0.704789102 -0.0809099525 -0.704957783 0.708555996 0.0313531309 0.0794265717 0.0349407792 0.996228158";
      isRenderEnabled = "false";
      canSave = "1";
      canSaveDynamicFields = "1";
      persistentId = "44623fbd-5dd1-4819-a65c-e2965d00acee";
   };
   new TSStatic() {
      shapeName = "/levels/west_coast_usa/art/shapes/objects/constructionbarrier_arrows.dae";
      dynamic = "0";
      playAmbient = "1";
      meshCulling = "0";
      originSort = "0";
      useInstanceRenderData = "1";
      instanceColor = "White";
      instanceColor1 = "White";
      instanceColor2 = "White";
      collisionType = "Collision Mesh";
      decalType = "Collision Mesh";
      prebuildCollisionData = "0";
      renderNormals = "0";
      forceDetail = "-1";
      position = "-761.974426 207.032608 137.715683";
      scale = "1 1 1";
      rotationMatrix = "0.70710659 -0.707107008 5.58793545e-09 0.704711139 0.704710782 -0.0822498202 0.058159411 0.0581593998 0.996611714";
      isRenderEnabled = "false";
      canSave = "1";
      canSaveDynamicFields = "1";
      persistentId = "10e684b4-9e7d-4725-93c2-40f216b3e494";
         mode = "Ignore";
         order_simset = "745829744";
   };
   new TSStatic() {
      shapeName = "/levels/west_coast_usa/art/shapes/race/curbramp.dae";
      dynamic = "0";
      playAmbient = "1";
      meshCulling = "0";
      originSort = "0";
      useInstanceRenderData = "1";
      instanceColor = "White";
      instanceColor1 = "White";
      instanceColor2 = "White";
      collisionType = "Collision Mesh";
      decalType = "Collision Mesh";
      prebuildCollisionData = "0";
      renderNormals = "0";
      forceDetail = "-1";
      position = "-752.6203 216.209396 136.723526";
      scale = "1 1 1";
      rotationMatrix = "0.70527184 0.704993844 -0.0746675506 -0.704957485 0.708556175 0.0313531123 0.0750099048 0.0305249952 0.996715486";
      isRenderEnabled = "false";
      canSave = "1";
      canSaveDynamicFields = "1";
      persistentId = "151030f5-057c-4595-a1b0-cf547460dfc5";
   };
   new TSStatic() {
      shapeName = "/levels/west_coast_usa/art/shapes/race/curbramp.dae";
      dynamic = "0";
      playAmbient = "1";
      meshCulling = "0";
      originSort = "0";
      useInstanceRenderData = "1";
      instanceColor = "White";
      instanceColor1 = "White";
      instanceColor2 = "White";
      collisionType = "Collision Mesh";
      decalType = "Collision Mesh";
      prebuildCollisionData = "0";
      renderNormals = "0";
      forceDetail = "-1";
      position = "-753.325562 215.50441 136.798187";
      scale = "1 1 1";
      rotationMatrix = "0.70527184 0.704993844 -0.0746675506 -0.704957485 0.708556175 0.0313531123 0.0750099048 0.0305249952 0.996715486";
      isRenderEnabled = "false";
      canSave = "1";
      canSaveDynamicFields = "1";
      persistentId = "ede50579-a4b1-46b1-9afd-22541810f94a";
   };
   new TSStatic() {
      shapeName = "/levels/west_coast_usa/art/shapes/race/curbramp.dae";
      dynamic = "0";
      playAmbient = "1";
      meshCulling = "0";
      originSort = "0";
      useInstanceRenderData = "1";
      instanceColor = "White";
      instanceColor1 = "White";
      instanceColor2 = "White";
      collisionType = "Collision Mesh";
      decalType = "Collision Mesh";
      prebuildCollisionData = "0";
      renderNormals = "0";
      forceDetail = "-1";
      position = "-754.030823 214.799423 136.872849";
      scale = "1 1 1";
      rotationMatrix = "0.70527184 0.704993844 -0.0746675506 -0.704957485 0.708556175 0.0313531123 0.0750099048 0.0305249952 0.996715486";
      isRenderEnabled = "false";
      canSave = "1";
      canSaveDynamicFields = "1";
      persistentId = "1a8d3795-0390-4bee-886c-5e7f540edadc";
   };
   new TSStatic() {
      shapeName = "/levels/west_coast_usa/art/shapes/race/curbramp.dae";
      dynamic = "0";
      playAmbient = "1";
      meshCulling = "0";
      originSort = "0";
      useInstanceRenderData = "1";
      instanceColor = "White";
      instanceColor1 = "White";
      instanceColor2 = "White";
      collisionType = "Collision Mesh";
      decalType = "Collision Mesh";
      prebuildCollisionData = "0";
      renderNormals = "0";
      forceDetail = "-1";
      position = "-754.736084 214.094437 136.94751";
      scale = "1 1 1";
      rotationMatrix = "0.70527184 0.704993844 -0.0746675506 -0.704957485 0.708556175 0.0313531123 0.0750099048 0.0305249952 0.996715486";
      isRenderEnabled = "false";
      canSave = "1";
      canSaveDynamicFields = "1";
      persistentId = "6bbc4036-ea05-4199-9b76-ae73dae360d0";
   };
   new TSStatic() {
      shapeName = "/levels/west_coast_usa/art/shapes/race/curbramp.dae";
      dynamic = "0";
      playAmbient = "1";
      meshCulling = "0";
      originSort = "0";
      useInstanceRenderData = "1";
      instanceColor = "White";
      instanceColor1 = "White";
      instanceColor2 = "White";
      collisionType = "Collision Mesh";
      decalType = "Collision Mesh";
      prebuildCollisionData = "0";
      renderNormals = "0";
      forceDetail = "-1";
      position = "-755.441345 213.38945 137.022171";
      scale = "1 1 1";
      rotationMatrix = "0.70527184 0.704993844 -0.0746675506 -0.704957485 0.708556175 0.0313531123 0.0750099048 0.0305249952 0.996715486";
      isRenderEnabled = "false";
      canSave = "1";
      canSaveDynamicFields = "1";
      persistentId = "4b2c0284-5a21-41e6-b2d4-224421648f05";
   };
   new TSStatic() {
      shapeName = "/levels/west_coast_usa/art/shapes/race/curbramp.dae";
      dynamic = "0";
      playAmbient = "1";
      meshCulling = "0";
      originSort = "0";
      useInstanceRenderData = "1";
      instanceColor = "White";
      instanceColor1 = "White";
      instanceColor2 = "White";
      collisionType = "Collision Mesh";
      decalType = "Collision Mesh";
      prebuildCollisionData = "0";
      renderNormals = "0";
      forceDetail = "-1";
      position = "-756.14679 212.684387 137.094269";
      scale = "1 1 1";
      rotationMatrix = "0.70527184 0.704993844 -0.0746675506 -0.704957485 0.708556175 0.0313531123 0.0750099048 0.0305249952 0.996715486";
      isRenderEnabled = "false";
      canSave = "1";
      canSaveDynamicFields = "1";
      persistentId = "950d9dc1-7bf0-447c-8081-495d3a058d16";
   };
   new TSStatic() {
      shapeName = "/levels/west_coast_usa/art/shapes/race/curbramp.dae";
      dynamic = "0";
      playAmbient = "1";
      meshCulling = "0";
      originSort = "0";
      useInstanceRenderData = "1";
      instanceColor = "White";
      instanceColor1 = "White";
      instanceColor2 = "White";
      collisionType = "Collision Mesh";
      decalType = "Collision Mesh";
      prebuildCollisionData = "0";
      renderNormals = "0";
      forceDetail = "-1";
      position = "-756.851929 211.979446 137.170715";
      scale = "1 1 1";
      rotationMatrix = "0.705360591 0.705029845 -0.0734804198 -0.704957604 0.708556056 0.0313531272 0.0741698816 0.0296853278 0.996803701";
      isRenderEnabled = "false";
      canSave = "1";
      canSaveDynamicFields = "1";
      persistentId = "61bcf8c8-1a0f-4b14-b6db-d4eabb610f92";
   };
   new TSStatic() {
      shapeName = "/levels/west_coast_usa/art/shapes/race/curbramp.dae";
      dynamic = "0";
      playAmbient = "1";
      meshCulling = "0";
      originSort = "0";
      useInstanceRenderData = "1";
      instanceColor = "White";
      instanceColor1 = "White";
      instanceColor2 = "White";
      collisionType = "Collision Mesh";
      decalType = "Collision Mesh";
      prebuildCollisionData = "0";
      renderNormals = "0";
      forceDetail = "-1";
      position = "-757.557495 211.274307 137.240219";
      scale = "1 1 1";
      rotationMatrix = "0.70478797 0.704789102 -0.0809099525 -0.704957783 0.708555996 0.0313531309 0.0794265717 0.0349407792 0.996228158";
      isRenderEnabled = "false";
      canSave = "1";
      canSaveDynamicFields = "1";
      persistentId = "43b3a740-e9f2-48b3-958c-7210b99a0aaa";
   };
   new TSStatic() {
      shapeName = "/levels/west_coast_usa/art/shapes/race/curbramp.dae";
      dynamic = "0";
      playAmbient = "1";
      meshCulling = "0";
      originSort = "0";
      useInstanceRenderData = "1";
      instanceColor = "White";
      instanceColor1 = "White";
      instanceColor2 = "White";
      collisionType = "Collision Mesh";
      decalType = "Collision Mesh";
      prebuildCollisionData = "0";
      renderNormals = "0";
      forceDetail = "-1";
      position = "-758.262268 210.569519 137.321121";
      scale = "1 1 1";
      rotationMatrix = "0.70478797 0.704789102 -0.0809099525 -0.704957783 0.708555996 0.0313531309 0.0794265717 0.0349407792 0.996228158";
      isRenderEnabled = "false";
      canSave = "1";
      canSaveDynamicFields = "1";
      persistentId = "a90f416f-bfaa-4881-9113-6a15fca01067";
   };
   new TSStatic() {
      shapeName = "/levels/west_coast_usa/art/shapes/objects/arrowboard_R.dae";
      dynamic = "0";
      playAmbient = "1";
      meshCulling = "0";
      originSort = "0";
      useInstanceRenderData = "1";
      instanceColor = "White";
      instanceColor1 = "White";
      instanceColor2 = "White";
      collisionType = "Collision Mesh";
      decalType = "Collision Mesh";
      prebuildCollisionData = "0";
      renderNormals = "0";
      forceDetail = "-1";
      position = "-656.736389 287.015106 127.324135";
      scale = "1 1 1";
      rotationMatrix = "-0.70526588 -0.70894289 0.0002669245 0.695681691 -0.692145824 -0.192253292 0.13648136 -0.135403991 0.981345296";
      isRenderEnabled = "false";
      canSave = "1";
      canSaveDynamicFields = "1";
      persistentId = "4c1917f5-ad8d-49c5-8853-5f2fa97c2d83";
         mode = "Ignore";
         order_simset = "745829744";
   };
   new TSStatic() {
      shapeName = "/levels/west_coast_usa/art/shapes/race/curbramp.dae";
      dynamic = "0";
      playAmbient = "1";
      meshCulling = "0";
      originSort = "0";
      useInstanceRenderData = "1";
      instanceColor = "White";
      instanceColor1 = "White";
      instanceColor2 = "White";
      collisionType = "Collision Mesh";
      decalType = "Collision Mesh";
      prebuildCollisionData = "0";
      renderNormals = "0";
      forceDetail = "-1";
      position = "-814.665039 23.6811123 117.540573";
      scale = "1 1 1";
      rotationMatrix = "-0.786499619 0.617481172 0.0116102472 -0.617467463 -0.786579132 0.0051562055 0.0123162419 -0.00311359623 0.999919295";
      isRenderEnabled = "false";
      canSave = "1";
      canSaveDynamicFields = "1";
      persistentId = "bf3e0747-8c97-4cd1-8e89-4e86b08c83d0";
   };
   new TSStatic() {
      shapeName = "/levels/west_coast_usa/art/shapes/objects/featherflag_beamng.dae";
      dynamic = "0";
      playAmbient = "1";
      meshCulling = "0";
      originSort = "0";
      useInstanceRenderData = "1";
      instanceColor = "White";
      instanceColor1 = "White";
      instanceColor2 = "White";
      collisionType = "Collision Mesh";
      decalType = "Collision Mesh";
      prebuildCollisionData = "0";
      renderNormals = "0";
      forceDetail = "-1";
      position = "-750.248413 69.8911362 119.813881";
      scale = "1 1 1";
      rotationMatrix = "0.689070225 -0.724694669 0 0.724694669 0.689070225 0 0 0 1";
      isRenderEnabled = "false";
      canSave = "1";
      canSaveDynamicFields = "1";
      persistentId = "63d03d03-26a3-438f-b286-2eede15660d6";
   };
   new TSStatic() {
      shapeName = "/levels/west_coast_usa/art/shapes/objects/constructionbarrier_arrows.dae";
      dynamic = "0";
      playAmbient = "1";
      meshCulling = "0";
      originSort = "0";
      useInstanceRenderData = "1";
      instanceColor = "White";
      instanceColor1 = "White";
      instanceColor2 = "White";
      collisionType = "Collision Mesh";
      decalType = "Collision Mesh";
      prebuildCollisionData = "0";
      renderNormals = "0";
      forceDetail = "-1";
      position = "-663.992188 65.5239487 105.677979";
      scale = "1 1 1";
      rotationMatrix = "0.726535738 0.687093377 -0.00696410984 -0.665432572 0.70608598 0.242161199 0.171304613 -0.171304628 0.970211029";
      isRenderEnabled = "false";
      canSave = "1";
      canSaveDynamicFields = "1";
      persistentId = "574008dd-db21-44a0-872a-c6e8a10522ba";
         mode = "Ignore";
         order_simset = "0";
   };
   new TSStatic() {
      shapeName = "/levels/west_coast_usa/art/shapes/objects/constructionbarrier_arrows.dae";
      dynamic = "0";
      playAmbient = "1";
      meshCulling = "0";
      originSort = "0";
      useInstanceRenderData = "1";
      instanceColor = "White";
      instanceColor1 = "White";
      instanceColor2 = "White";
      collisionType = "Collision Mesh";
      decalType = "Collision Mesh";
      prebuildCollisionData = "0";
      renderNormals = "0";
      forceDetail = "-1";
      position = "-662.74176 64.2541962 105.242218";
      scale = "1 1 1";
      rotationMatrix = "0.713685393 0.70046252 -0.00233472139 -0.679196537 0.692825317 0.242250085 0.171304643 -0.171304613 0.970211029";
      isRenderEnabled = "false";
      canSave = "1";
      canSaveDynamicFields = "1";
      persistentId = "09d1971d-c22d-4f02-b193-e54bca25e5e4";
         mode = "Ignore";
         order_simset = "0";
   };
   new TSStatic() {
      shapeName = "/levels/west_coast_usa/art/shapes/objects/constructionbarrier_arrows.dae";
      dynamic = "0";
      playAmbient = "1";
      meshCulling = "0";
      originSort = "0";
      useInstanceRenderData = "1";
      instanceColor = "White";
      instanceColor1 = "White";
      instanceColor2 = "White";
      collisionType = "Collision Mesh";
      decalType = "Collision Mesh";
      prebuildCollisionData = "0";
      renderNormals = "0";
      forceDetail = "-1";
      position = "-661.480957 62.9841766 104.795364";
      scale = "1 1 1";
      rotationMatrix = "0.707106769 0.707106829 0 -0.686042607 0.686042547 0.242261261 0.171304613 -0.171304598 0.970210731";
      isRenderEnabled = "false";
      canSave = "1";
      canSaveDynamicFields = "1";
      persistentId = "652d086c-3218-4013-8f85-44a86a9b16c3";
         mode = "Ignore";
         order_simset = "0";
   };
   new TSStatic() {
      shapeName = "/levels/west_coast_usa/art/shapes/objects/constructionbarrier_arrows.dae";
      dynamic = "0";
      playAmbient = "1";
      meshCulling = "0";
      originSort = "0";
      useInstanceRenderData = "1";
      instanceColor = "White";
      instanceColor1 = "White";
      instanceColor2 = "White";
      collisionType = "Collision Mesh";
      decalType = "Collision Mesh";
      prebuildCollisionData = "0";
      renderNormals = "0";
      forceDetail = "-1";
      position = "-773.695374 195.311722 138.68396";
      scale = "1 1 1";
      rotationMatrix = "0.707106769 -0.707106829 0 0.707106829 0.707106769 0 0 0 1";
      isRenderEnabled = "false";
      canSave = "1";
      canSaveDynamicFields = "1";
      persistentId = "38991461-73d9-4f1e-ac74-cd8ae4be3656";
         mode = "Ignore";
         order_simset = "745829744";
   };
   new TSStatic() {
      shapeName = "/levels/west_coast_usa/art/shapes/objects/constructionbarrier_arrows.dae";
      dynamic = "0";
      playAmbient = "1";
      meshCulling = "0";
      originSort = "0";
      useInstanceRenderData = "1";
      instanceColor = "White";
      instanceColor1 = "White";
      instanceColor2 = "White";
      collisionType = "Collision Mesh";
      decalType = "Collision Mesh";
      prebuildCollisionData = "0";
      renderNormals = "0";
      forceDetail = "-1";
      position = "-753.834473 64.9326553 117.961693";
      scale = "1 1 1";
      rotationMatrix = "-0.965906501 0.258847803 -0.00475173909 -0.258812457 -0.965902567 -0.00697122747 -0.00639420375 -0.00550374435 0.999964416";
      isRenderEnabled = "false";
      canSave = "1";
      canSaveDynamicFields = "1";
      persistentId = "93cad56d-e0ec-458b-bb9a-ef701e773437";
         mode = "Ignore";
         order_simset = "0";
   };
   new TSStatic() {
      shapeName = "/levels/west_coast_usa/art/shapes/objects/sandbarrel.dae";
      dynamic = "0";
      playAmbient = "1";
      meshCulling = "0";
      originSort = "0";
      useInstanceRenderData = "1";
      instanceColor = "White";
      instanceColor1 = "White";
      instanceColor2 = "White";
      collisionType = "Visible Mesh";
      decalType = "Collision Mesh";
      prebuildCollisionData = "0";
      renderNormals = "0";
      forceDetail = "-1";
      position = "-950.216125 167.12384 157.902161";
      scale = "1 1 1";
      rotationMatrix = "0.705672681 -0.708537936 0 0.708537936 0.705672681 0 0 0 1";
      isRenderEnabled = "false";
      canSave = "1";
      canSaveDynamicFields = "1";
      persistentId = "af5fb8c4-b27a-4292-a679-11b12bab51fe";
   };
   new TSStatic() {
      shapeName = "/levels/west_coast_usa/art/shapes/objects/sandbarrel.dae";
      dynamic = "0";
      playAmbient = "1";
      meshCulling = "0";
      originSort = "0";
      useInstanceRenderData = "1";
      instanceColor = "White";
      instanceColor1 = "White";
      instanceColor2 = "White";
      collisionType = "Visible Mesh";
      decalType = "Collision Mesh";
      prebuildCollisionData = "0";
      renderNormals = "0";
      forceDetail = "-1";
      position = "-950.46167 165.760986 157.895569";
      scale = "1 1 1";
      rotationMatrix = "0.980910242 -0.194461107 0 0.194461107 0.980910242 0 0 0 1";
      isRenderEnabled = "false";
      canSave = "1";
      canSaveDynamicFields = "1";
      persistentId = "4383a74b-1209-44e9-ae4c-46aff9fe5928";
   };
   new TSStatic() {
      shapeName = "/levels/west_coast_usa/art/shapes/objects/sandbarrel.dae";
      dynamic = "0";
      playAmbient = "1";
      meshCulling = "0";
      originSort = "0";
      useInstanceRenderData = "1";
      instanceColor = "White";
      instanceColor1 = "White";
      instanceColor2 = "White";
      collisionType = "Visible Mesh";
      decalType = "Collision Mesh";
      prebuildCollisionData = "0";
      renderNormals = "0";
      forceDetail = "-1";
      position = "-951.58075 166.533127 157.902161";
      scale = "1 1 1";
      rotationMatrix = "0.0239555836 -0.999713123 0 0.999713123 0.0239555836 0 0 0 1";
      isRenderEnabled = "false";
      canSave = "1";
      canSaveDynamicFields = "1";
      persistentId = "166c0af7-40e4-4967-aed7-2ca9d3e1bba9";
   };
   new TSStatic() {
      shapeName = "/levels/west_coast_usa/art/shapes/race/curbramp.dae";
      dynamic = "0";
      playAmbient = "1";
      meshCulling = "0";
      originSort = "0";
      useInstanceRenderData = "1";
      instanceColor = "White";
      instanceColor1 = "White";
      instanceColor2 = "White";
      collisionType = "Collision Mesh";
      decalType = "Collision Mesh";
      prebuildCollisionData = "0";
      renderNormals = "0";
      forceDetail = "-1";
      position = "-856.964172 258.374298 159.343567";
      scale = "0.973931789 1 1";
      rotationMatrix = "0.784995317 -0.614386261 -0.0794477984 0.617147505 0.786724448 0.0139113534 0.0539565906 -0.0599513575 0.996741951";
      isRenderEnabled = "false";
      canSave = "1";
      canSaveDynamicFields = "1";
      persistentId = "c2d4e0f5-d21a-46a5-97e2-ed1ae33dcb76";
   };
   new TSStatic() {
      shapeName = "/levels/west_coast_usa/art/shapes/race/curbramp.dae";
      dynamic = "0";
      playAmbient = "1";
      meshCulling = "0";
      originSort = "0";
      useInstanceRenderData = "1";
      instanceColor = "White";
      instanceColor1 = "White";
      instanceColor2 = "White";
      collisionType = "Collision Mesh";
      decalType = "Collision Mesh";
      prebuildCollisionData = "0";
      renderNormals = "0";
      forceDetail = "-1";
      position = "-857.829468 258.911469 159.410065";
      scale = "0.973931789 1 1";
      rotationMatrix = "0.908442318 -0.416342735 -0.0372998454 0.417328477 0.908436954 0.0240675546 0.0238642059 -0.0374302752 0.999014258";
      isRenderEnabled = "false";
      canSave = "1";
      canSaveDynamicFields = "1";
      persistentId = "46195bae-c63b-4737-acbe-55e88313e0ec";
   };
   new TSStatic() {
      shapeName = "/levels/west_coast_usa/art/shapes/race/curbramp.dae";
      dynamic = "0";
      playAmbient = "1";
      meshCulling = "0";
      originSort = "0";
      useInstanceRenderData = "1";
      instanceColor = "White";
      instanceColor1 = "White";
      instanceColor2 = "White";
      collisionType = "Collision Mesh";
      decalType = "Collision Mesh";
      prebuildCollisionData = "0";
      renderNormals = "0";
      forceDetail = "-1";
      position = "-858.804749 259.23407 159.439133";
      scale = "1.01023722 1 1";
      rotationMatrix = "0.976047337 -0.217448279 -0.00691713858 0.217556998 0.975440085 0.0344322622 -0.000739979791 -0.0351123884 0.999383092";
      isRenderEnabled = "false";
      canSave = "1";
      canSaveDynamicFields = "1";
      persistentId = "0efc7d93-f7fc-4889-9e32-8012767ac3ec";
   };
   new TSStatic() {
      shapeName = "/levels/west_coast_usa/art/shapes/race/curbramp.dae";
      dynamic = "0";
      playAmbient = "1";
      meshCulling = "0";
      originSort = "0";
      useInstanceRenderData = "1";
      instanceColor = "White";
      instanceColor1 = "White";
      instanceColor2 = "White";
      collisionType = "Collision Mesh";
      decalType = "Collision Mesh";
      prebuildCollisionData = "0";
      renderNormals = "0";
      forceDetail = "-1";
      position = "-859.819885 259.341614 159.437332";
      scale = "0.936004639 1 1";
      rotationMatrix = "0.999995172 -0.00311242347 0 0.00311242347 0.999995172 0 0 0 1";
