{"class":"TSStatic","__parent":"Mud_Drag_1","position":[511.571747,-479.167145,152.802734],"isRenderEnabled":false,"rotationMatrix":[-0.368256211,0.929724634,0,-0.929724634,-0.368256211,0,0,0,1],"shapeName":"/levels/west_coast_usa/art/shapes/objects/featherflag_beamng.dae","useInstanceRenderData":true}
{"class":"DecalRoad","persistentId":"dcdf134e-dab6-48f6-bc54-4cfcf138c3b4","__parent":"Mud_Drag_1","position":[510.525513,-477.208527,151.875397],"improvedSpline":true,"material":"checkered_line","nodes":[[510.525513,-477.208527,151.875397,0.5],[507.332642,-467.626862,151.558533,0.5]]}
{"name":"mudDrag1","class":"DecalRoad","persistentId":"2fbe97af-ef5e-4ed3-af39-7781d3a21072","__parent":"Mud_Drag_1","position":[508.949158,-472.80545,151.408615],"improvedSpline":true,"material":"road_invisible","nodes":[[508.949158,-472.80545,151.408615,10],[546.402893,-459.423889,149.305069,10],[599.251831,-439.733612,149.263992,10],[655.337463,-419.142548,150.55777,10]]}
{"name":"fre_finish_mudDrag1","class":"BeamNGTrigger","__parent":"Mud_Drag_1","position":[655.333557,-419.407715,152.438324],"luaFunction":"onBeamNGTrigger","rotationMatrix":[-0.299037337,0.954232633,0.00410063751,-0.952910006,-0.298844337,0.0515237823,0.0503911227,0.0114999935,0.998663366],"scale":[13.340394,1.70973086,5.43977737]}
{"name":"fre_start_mudDrag1asset0","class":"DecalRoad","persistentId":"4e4df6f5-12d3-4a6d-b190-2ff5a4408893","__parent":"Mud_Drag_1","position":[656.391235,-424.660675,150.987808],"hidden":true,"improvedSpline":true,"material":"checkered_line","nodes":[[656.391235,-424.660675,150.987808,0.5],[652.894897,-413.734161,150.830414,0.5]],"startEndFade":[1,1]}
{"class":"TSStatic","__parent":"Mud_Drag_1","position":[506.778412,-465.063873,152.779297],"isRenderEnabled":false,"rotationMatrix":[0.283463776,-0.958983183,0,0.958983183,0.283463776,0,0,0,1],"shapeName":"/levels/west_coast_usa/art/shapes/objects/featherflag_beamng.dae","useInstanceRenderData":true}
{"name":"fre_start_mudDrag1","class":"BeamNGTrigger","__parent":"Mud_Drag_1","position":[509.576813,-471.746796,153.449524],"luaFunction":"onBeamNGTrigger","rotationMatrix":[0.301000595,-0.95362401,-3.16649675e-08,0.952558279,0.300664186,-0.0472647101,0.0450727716,0.0142266769,0.998882413],"scale":[12.1726093,1,4.90749168]}
{"name":"fre_staging_mudDrag1","class":"BeamNGTrigger","__parent":"Mud_Drag_1","position":[508.785889,-471.956787,153.449524],"luaFunction":"onBeamNGTrigger","rotationMatrix":[0.301000595,-0.95362401,-3.16649675e-08,0.952558279,0.300664186,-0.0472647101,0.0450727716,0.0142266769,0.998882413],"scale":[12.1726093,1,4.90749168]}
