{"class":"TSStatic","__parent":"dragBarriers","position":[292.860535,186.152618,119.39006],"decalType":"None","isRenderEnabled":false,"rotationMatrix":[-0.588723302,0.808334649,1.71090253e-16,-0.808334649,-0.588723302,2.68946328e-17,1.22464685e-16,-1.22464685e-16,1],"shapeName":"/levels/west_coast_usa/art/shapes/objects/jerseybarrier_3m.dae","useInstanceRenderData":true}
{"class":"TSStatic","__parent":"dragBarriers","position":[529.29187,357.334442,119.39006],"decalType":"None","isRenderEnabled":false,"rotationMatrix":[0.763291478,-0.646054268,-1.72595073e-16,0.646054268,0.763291478,1.43574235e-17,1.22464672e-16,-1.22464685e-16,1],"shapeName":"/levels/west_coast_usa/art/shapes/objects/jerseybarrier_3m.dae","useInstanceRenderData":true}
{"class":"TSStatic","__parent":"dragBarriers","position":[466.792206,312.356018,119.39006],"decalType":"None","isRenderEnabled":false,"rotationMatrix":[0.588018894,-0.808847249,-1.71066761e-16,0.808847249,0.588018894,-2.70436643e-17,1.22464672e-16,-1.22464685e-16,1],"shapeName":"/levels/west_coast_usa/art/shapes/objects/jerseybarrier_3m.dae","useInstanceRenderData":true}
{"class":"TSStatic","__parent":"dragBarriers","position":[66.717453,47.0700417,119.401802],"decalType":"None","isRenderEnabled":false,"rotationMatrix":[0.586788893,-0.809739947,-1.71025455e-16,0.809739947,0.586788893,-2.73036273e-17,1.22464685e-16,-1.22464672e-16,1],"shapeName":"/levels/west_coast_usa/art/shapes/objects/jerseybarrier_3m.dae","useInstanceRenderData":true}
{"class":"TSStatic","__parent":"dragBarriers","position":[200.667114,119.006569,119.39006],"decalType":"None","isRenderEnabled":false,"rotationMatrix":[-0.588724136,0.808334053,1.71090279e-16,-0.808334053,-0.588724136,2.68944607e-17,1.22464685e-16,-1.22464685e-16,1],"shapeName":"/levels/west_coast_usa/art/shapes/objects/jerseybarrier_3m.dae","useInstanceRenderData":true}
{"class":"TSStatic","__parent":"dragBarriers","position":[275.877533,173.7836,119.39006],"decalType":"None","isRenderEnabled":false,"rotationMatrix":[-0.588725209,0.808333218,1.71090319e-16,-0.808333218,-0.588725209,2.68942192e-17,1.22464672e-16,-1.22464672e-16,1],"shapeName":"/levels/west_coast_usa/art/shapes/objects/jerseybarrier_3m.dae","useInstanceRenderData":true}
{"class":"TSStatic","__parent":"dragBarriers","position":[439.300995,292.440369,119.39006],"decalType":"None","isRenderEnabled":false,"rotationMatrix":[-0.587366819,0.809320807,1.7104491e-16,-0.809320807,-0.587366819,2.71815156e-17,1.22464685e-16,-1.22464685e-16,1],"shapeName":"/levels/west_coast_usa/art/shapes/objects/jerseybarrier_3m.dae","useInstanceRenderData":true}
{"class":"TSStatic","__parent":"dragBarriers","position":[199.11055,141.888702,119.402786],"decalType":"None","isRenderEnabled":false,"rotationMatrix":[-0.588277936,0.808658779,0,-0.808658779,-0.588277936,0.000180905656,0.000146290942,0.000106422813,1],"shapeName":"/levels/west_coast_usa/art/shapes/objects/jerseybarrier_3m.dae","useInstanceRenderData":true}
{"class":"TSStatic","__parent":"dragBarriers","position":[274.351135,196.624268,119.397125],"decalType":"None","isRenderEnabled":false,"rotationMatrix":[-0.588277698,0.808658898,0,-0.808658898,-0.588277698,0.000358994526,0.000290304131,0.000211188511,0.99999994],"shapeName":"/levels/west_coast_usa/art/shapes/objects/jerseybarrier_3m.dae","useInstanceRenderData":true}
{"class":"TSStatic","__parent":"dragBarriers","position":[349.591736,251.359863,119.384079],"decalType":"None","isRenderEnabled":false,"rotationMatrix":[-0.58827877,0.808658242,1.71075443e-16,-0.808658242,-0.58827877,2.69886965e-17,1.22464672e-16,-1.22464685e-16,1],"shapeName":"/levels/west_coast_usa/art/shapes/objects/jerseybarrier_3m.dae","useInstanceRenderData":true}
{"class":"TSStatic","__parent":"dragBarriers","position":[105.603249,75.2491302,119.400612],"decalType":"None","isRenderEnabled":false,"rotationMatrix":[0.58678776,-0.809740722,-2.91038305e-11,0.809740484,0.586787581,0.000839740911,-0.000679972465,-0.000492749678,0.999999642],"shapeName":"/levels/west_coast_usa/art/shapes/objects/jerseybarrier_3m.dae","useInstanceRenderData":true}
{"class":"TSStatic","__parent":"dragBarriers","position":[161.848831,90.7345505,119.39006],"decalType":"None","isRenderEnabled":false,"rotationMatrix":[-0.58872354,0.80833447,1.71090253e-16,-0.80833447,-0.58872354,2.68945898e-17,1.22464685e-16,-1.22464685e-16,1],"shapeName":"/levels/west_coast_usa/art/shapes/objects/jerseybarrier_3m.dae","useInstanceRenderData":true}
{"class":"TSStatic","__parent":"dragBarriers","position":[237.05925,145.511597,119.39006],"decalType":"None","isRenderEnabled":false,"rotationMatrix":[-0.588724136,0.808334053,1.71090279e-16,-0.808334053,-0.588724136,2.68944607e-17,1.22464685e-16,-1.22464685e-16,1],"shapeName":"/levels/west_coast_usa/art/shapes/objects/jerseybarrier_3m.dae","useInstanceRenderData":true}
{"class":"TSStatic","__parent":"dragBarriers","position":[325.132935,209.582977,119.389267],"decalType":"None","isRenderEnabled":false,"rotationMatrix":[-0.587364793,0.809322298,1.45519152e-11,-0.809322178,-0.587364674,-0.000430428656,-0.000348355505,-0.000252818631,0.999999881],"shapeName":"/levels/west_coast_usa/art/shapes/objects/jerseybarrier_3m.dae","useInstanceRenderData":true}
{"class":"TSStatic","__parent":"dragBarriers","position":[400.435242,264.233612,119.39006],"decalType":"None","isRenderEnabled":false,"rotationMatrix":[-0.587362766,0.809323847,1.71044778e-16,-0.809323847,-0.587362766,2.7182399e-17,1.22464685e-16,-1.22464685e-16,1],"shapeName":"/levels/west_coast_usa/art/shapes/objects/jerseybarrier_3m.dae","useInstanceRenderData":true}
{"class":"TSStatic","__parent":"dragBarriers","position":[160.276688,113.638077,119.401375],"decalType":"None","isRenderEnabled":false,"rotationMatrix":[-0.588278413,0.80865854,0,-0.80865854,-0.588278413,-0.000204800424,-0.000165613616,-0.000120479643,1],"shapeName":"/levels/west_coast_usa/art/shapes/objects/jerseybarrier_3m.dae","useInstanceRenderData":true}
{"class":"TSStatic","__parent":"dragBarriers","position":[235.517288,168.373657,119.396736],"decalType":"None","isRenderEnabled":false,"rotationMatrix":[-0.588278174,0.8086586,3.63797881e-12,-0.8086586,-0.588278174,-0.000140340155,-0.000113487273,-8.25590541e-05,1],"shapeName":"/levels/west_coast_usa/art/shapes/objects/jerseybarrier_3m.dae","useInstanceRenderData":true}
{"class":"TSStatic","__parent":"dragBarriers","position":[385.998474,277.844849,119.384079],"decalType":"None","isRenderEnabled":false,"rotationMatrix":[-0.588278413,0.808658361,1.71075416e-16,-0.808658361,-0.588278413,2.6988756e-17,1.22464672e-16,-1.22464672e-16,1],"shapeName":"/levels/west_coast_usa/art/shapes/objects/jerseybarrier_3m.dae","useInstanceRenderData":true}
{"class":"TSStatic","__parent":"dragBarriers","position":[474.075226,317.650696,119.39006],"decalType":"None","isRenderEnabled":false,"rotationMatrix":[0.588019967,-0.808846414,-1.710668e-16,0.808846414,0.588019967,-2.70434393e-17,1.22464685e-16,-1.22464685e-16,1],"shapeName":"/levels/west_coast_usa/art/shapes/objects/jerseybarrier_3m.dae","useInstanceRenderData":true}
{"class":"TSStatic","__parent":"dragBarriers","position":[69.1478195,48.8312378,119.401802],"decalType":"None","isRenderEnabled":false,"rotationMatrix":[0.586788893,-0.809739947,-1.71025455e-16,0.809739947,0.586788893,-2.73036273e-17,1.22464685e-16,-1.22464672e-16,1],"shapeName":"/levels/west_coast_usa/art/shapes/objects/jerseybarrier_3m.dae","useInstanceRenderData":true}
{"class":"TSStatic","__parent":"dragBarriers","position":[198.240967,117.239571,119.39006],"decalType":"None","isRenderEnabled":false,"rotationMatrix":[-0.588724136,0.808334053,1.71090279e-16,-0.808334053,-0.588724136,2.68944607e-17,1.22464685e-16,-1.22464685e-16,1],"shapeName":"/levels/west_coast_usa/art/shapes/objects/jerseybarrier_3m.dae","useInstanceRenderData":true}
{"class":"TSStatic","__parent":"dragBarriers","position":[273.451416,172.016586,119.39006],"decalType":"None","isRenderEnabled":false,"rotationMatrix":[-0.588723063,0.808334887,1.71090253e-16,-0.808334887,-0.588723063,2.6894689e-17,1.22464685e-16,-1.22464685e-16,1],"shapeName":"/levels/west_coast_usa/art/shapes/objects/jerseybarrier_3m.dae","useInstanceRenderData":true}
{"class":"TSStatic","__parent":"dragBarriers","position":[361.569519,236.026825,119.39006],"decalType":"None","isRenderEnabled":false,"rotationMatrix":[-0.587364316,0.809322655,1.71044817e-16,-0.809322655,-0.587364316,2.71820582e-17,1.22464672e-16,-1.22464685e-16,1],"shapeName":"/levels/west_coast_usa/art/shapes/objects/jerseybarrier_3m.dae","useInstanceRenderData":true}
{"class":"TSStatic","__parent":"dragBarriers","position":[436.871887,290.677429,119.39006],"decalType":"None","isRenderEnabled":false,"rotationMatrix":[-0.587366819,0.809320807,1.7104491e-16,-0.809320807,-0.587366819,2.71815156e-17,1.22464685e-16,-1.22464685e-16,1],"shapeName":"/levels/west_coast_usa/art/shapes/objects/jerseybarrier_3m.dae","useInstanceRenderData":true}
{"class":"TSStatic","__parent":"dragBarriers","position":[196.683426,140.123032,119.402985],"decalType":"None","isRenderEnabled":false,"rotationMatrix":[-0.588278174,0.808658719,0,-0.808658719,-0.588278174,2.74452232e-05,2.21938171e-05,1.61454245e-05,1],"shapeName":"/levels/west_coast_usa/art/shapes/objects/jerseybarrier_3m.dae","useInstanceRenderData":true}
{"class":"TSStatic","__parent":"dragBarriers","position":[271.924042,194.858612,119.398201],"decalType":"None","isRenderEnabled":false,"rotationMatrix":[-0.588277698,0.808658898,0,-0.808658898,-0.588277698,0.000358994526,0.000290304131,0.000211188511,0.99999994],"shapeName":"/levels/west_coast_usa/art/shapes/objects/jerseybarrier_3m.dae","useInstanceRenderData":true}
{"class":"TSStatic","__parent":"dragBarriers","position":[347.164642,249.594193,119.384079],"decalType":"None","isRenderEnabled":false,"rotationMatrix":[-0.58827877,0.808658242,1.71075443e-16,-0.808658242,-0.58827877,2.69886965e-17,1.22464672e-16,-1.22464685e-16,1],"shapeName":"/levels/west_coast_usa/art/shapes/objects/jerseybarrier_3m.dae","useInstanceRenderData":true}
{"class":"TSStatic","__parent":"dragBarriers","position":[108.033607,77.0103226,119.403137],"decalType":"None","isRenderEnabled":false,"rotationMatrix":[0.58678776,-0.809740722,-2.91038305e-11,0.809740484,0.586787581,0.000839740911,-0.000679972465,-0.000492749678,0.999999642],"shapeName":"/levels/west_coast_usa/art/shapes/objects/jerseybarrier_3m.dae","useInstanceRenderData":true}
{"class":"TSStatic","__parent":"dragBarriers","position":[159.422684,88.9675522,119.39006],"decalType":"None","isRenderEnabled":false,"rotationMatrix":[-0.58872354,0.80833447,1.71090253e-16,-0.80833447,-0.58872354,2.68945898e-17,1.22464685e-16,-1.22464685e-16,1],"shapeName":"/levels/west_coast_usa/art/shapes/objects/jerseybarrier_3m.dae","useInstanceRenderData":true}
{"class":"TSStatic","__parent":"dragBarriers","position":[234.633102,143.744598,119.39006],"decalType":"None","isRenderEnabled":false,"rotationMatrix":[-0.588724136,0.808334053,1.71090279e-16,-0.808334053,-0.588724136,2.68944607e-17,1.22464685e-16,-1.22464685e-16,1],"shapeName":"/levels/west_coast_usa/art/shapes/objects/jerseybarrier_3m.dae","useInstanceRenderData":true}
{"class":"TSStatic","__parent":"dragBarriers","position":[322.703827,207.820053,119.387978],"decalType":"None","isRenderEnabled":false,"rotationMatrix":[-0.587364793,0.809322298,1.45519152e-11,-0.809322178,-0.587364674,-0.000430428656,-0.000348355505,-0.000252818631,0.999999881],"shapeName":"/levels/west_coast_usa/art/shapes/objects/jerseybarrier_3m.dae","useInstanceRenderData":true}
{"class":"TSStatic","__parent":"dragBarriers","position":[398.006134,262.470703,119.39006],"decalType":"None","isRenderEnabled":false,"rotationMatrix":[-0.587364912,0.809322238,1.71044857e-16,-0.809322238,-0.587364912,2.71819424e-17,1.22464685e-16,-1.22464685e-16,1],"shapeName":"/levels/west_coast_usa/art/shapes/objects/jerseybarrier_3m.dae","useInstanceRenderData":true}
{"class":"TSStatic","__parent":"dragBarriers","position":[157.849564,111.872414,119.400764],"decalType":"None","isRenderEnabled":false,"rotationMatrix":[-0.588278413,0.80865854,0,-0.80865854,-0.588278413,-0.000204800424,-0.000165613616,-0.000120479643,1],"shapeName":"/levels/west_coast_usa/art/shapes/objects/jerseybarrier_3m.dae","useInstanceRenderData":true}
{"class":"TSStatic","__parent":"dragBarriers","position":[233.090179,166.607986,119.396309],"decalType":"None","isRenderEnabled":false,"rotationMatrix":[-0.588278174,0.8086586,3.63797881e-12,-0.8086586,-0.588278174,-0.000140340155,-0.000113487273,-8.25590541e-05,1],"shapeName":"/levels/west_coast_usa/art/shapes/objects/jerseybarrier_3m.dae","useInstanceRenderData":true}
{"class":"TSStatic","__parent":"dragBarriers","position":[383.57135,276.079163,119.384079],"decalType":"None","isRenderEnabled":false,"rotationMatrix":[-0.588278413,0.808658361,1.71075416e-16,-0.808658361,-0.588278413,2.6988756e-17,1.22464672e-16,-1.22464672e-16,1],"shapeName":"/levels/west_coast_usa/art/shapes/objects/jerseybarrier_3m.dae","useInstanceRenderData":true}
{"class":"TSStatic","__parent":"dragBarriers","position":[476.50293,319.415588,119.39006],"decalType":"None","isRenderEnabled":false,"rotationMatrix":[0.588019967,-0.808846414,-1.710668e-16,0.808846414,0.588019967,-2.70434393e-17,1.22464685e-16,-1.22464685e-16,1],"shapeName":"/levels/west_coast_usa/art/shapes/objects/jerseybarrier_3m.dae","useInstanceRenderData":true}
{"class":"TSStatic","__parent":"dragBarriers","position":[71.5781784,50.5924301,119.401802],"decalType":"None","isRenderEnabled":false,"rotationMatrix":[0.586788058,-0.809740543,-1.71025428e-16,0.809740543,0.586788058,-2.73038093e-17,1.22464685e-16,-1.22464685e-16,1],"shapeName":"/levels/west_coast_usa/art/shapes/objects/jerseybarrier_3m.dae","useInstanceRenderData":true}
{"class":"TSStatic","__parent":"dragBarriers","position":[271.025269,170.249588,119.39006],"decalType":"None","isRenderEnabled":false,"rotationMatrix":[-0.588723063,0.808334887,1.71090253e-16,-0.808334887,-0.588723063,2.6894689e-17,1.22464685e-16,-1.22464685e-16,1],"shapeName":"/levels/west_coast_usa/art/shapes/objects/jerseybarrier_3m.dae","useInstanceRenderData":true}
{"class":"TSStatic","__parent":"dragBarriers","position":[359.140411,234.263901,119.39006],"decalType":"None","isRenderEnabled":false,"rotationMatrix":[-0.587364316,0.809322655,1.71044817e-16,-0.809322655,-0.587364316,2.71820582e-17,1.22464672e-16,-1.22464685e-16,1],"shapeName":"/levels/west_coast_usa/art/shapes/objects/jerseybarrier_3m.dae","useInstanceRenderData":true}
{"class":"TSStatic","__parent":"dragBarriers","position":[434.44278,288.91449,119.389992],"decalType":"None","isRenderEnabled":false,"rotationMatrix":[-0.587364078,0.809322894,0,-0.809322894,-0.587364078,-6.64938561e-05,-5.38150016e-05,-3.90560999e-05,1],"shapeName":"/levels/west_coast_usa/art/shapes/objects/jerseybarrier_3m.dae","useInstanceRenderData":true}
{"class":"TSStatic","__parent":"dragBarriers","position":[194.256317,138.357376,119.403069],"decalType":"None","isRenderEnabled":false,"rotationMatrix":[-0.588278174,0.808658719,0,-0.808658719,-0.588278174,2.74452232e-05,2.21938171e-05,1.61454245e-05,1],"shapeName":"/levels/west_coast_usa/art/shapes/objects/jerseybarrier_3m.dae","useInstanceRenderData":true}
{"class":"TSStatic","__parent":"dragBarriers","position":[269.496918,193.092941,119.399277],"decalType":"None","isRenderEnabled":false,"rotationMatrix":[-0.588277698,0.808658898,0,-0.808658898,-0.588277698,0.000358994526,0.000290304131,0.000211188511,0.99999994],"shapeName":"/levels/west_coast_usa/art/shapes/objects/jerseybarrier_3m.dae","useInstanceRenderData":true}
{"class":"TSStatic","__parent":"dragBarriers","position":[419.978119,302.564087,119.391853],"decalType":"None","isRenderEnabled":false,"rotationMatrix":[-0.588278651,0.808658302,0,-0.808657348,-0.588277936,-0.00156761997,-0.00126766891,-0.00092219736,0.999998748],"shapeName":"/levels/west_coast_usa/art/shapes/objects/jerseybarrier_3m.dae","useInstanceRenderData":true}
{"class":"TSStatic","__parent":"dragBarriers","position":[110.463974,78.7715149,119.4048],"decalType":"None","isRenderEnabled":false,"rotationMatrix":[0.586788893,-0.809740007,0,0.809740007,0.586788833,0.000224429285,-0.000181729367,-0.000131692606,1],"shapeName":"/levels/west_coast_usa/art/shapes/objects/jerseybarrier_3m.dae","useInstanceRenderData":true}
{"class":"TSStatic","__parent":"dragBarriers","position":[156.996536,87.2005539,119.39006],"decalType":"None","isRenderEnabled":false,"rotationMatrix":[-0.58872354,0.80833447,1.71090253e-16,-0.80833447,-0.58872354,2.68945898e-17,1.22464685e-16,-1.22464685e-16,1],"shapeName":"/levels/west_coast_usa/art/shapes/objects/jerseybarrier_3m.dae","useInstanceRenderData":true}
{"class":"TSStatic","__parent":"dragBarriers","position":[232.20697,141.977585,119.39006],"decalType":"None","isRenderEnabled":false,"rotationMatrix":[-0.588724136,0.808334053,1.71090279e-16,-0.808334053,-0.588724136,2.68944607e-17,1.22464685e-16,-1.22464685e-16,1],"shapeName":"/levels/west_coast_usa/art/shapes/objects/jerseybarrier_3m.dae","useInstanceRenderData":true}
{"class":"TSStatic","__parent":"dragBarriers","position":[320.274719,206.057129,119.386688],"decalType":"None","isRenderEnabled":false,"rotationMatrix":[-0.587364793,0.809322298,1.45519152e-11,-0.809322178,-0.587364674,-0.000430428656,-0.000348355505,-0.000252818631,0.999999881],"shapeName":"/levels/west_coast_usa/art/shapes/objects/jerseybarrier_3m.dae","useInstanceRenderData":true}
{"class":"TSStatic","__parent":"dragBarriers","position":[395.577026,260.707764,119.39006],"decalType":"None","isRenderEnabled":false,"rotationMatrix":[-0.587364912,0.809322238,1.71044857e-16,-0.809322238,-0.587364912,2.71819424e-17,1.22464685e-16,-1.22464685e-16,1],"shapeName":"/levels/west_coast_usa/art/shapes/objects/jerseybarrier_3m.dae","useInstanceRenderData":true}
{"class":"TSStatic","__parent":"dragBarriers","position":[155.422455,110.10675,119.400146],"decalType":"None","isRenderEnabled":false,"rotationMatrix":[-0.588278413,0.80865854,0,-0.80865854,-0.588278413,-0.000204800424,-0.000165613616,-0.000120479643,1],"shapeName":"/levels/west_coast_usa/art/shapes/objects/jerseybarrier_3m.dae","useInstanceRenderData":true}
{"class":"TSStatic","__parent":"dragBarriers","position":[230.663055,164.842331,119.395889],"decalType":"None","isRenderEnabled":false,"rotationMatrix":[-0.588278174,0.8086586,3.63797881e-12,-0.8086586,-0.588278174,-0.000140340155,-0.000113487273,-8.25590541e-05,1],"shapeName":"/levels/west_coast_usa/art/shapes/objects/jerseybarrier_3m.dae","useInstanceRenderData":true}
{"class":"TSStatic","__parent":"dragBarriers","position":[305.903656,219.577896,119.38588],"decalType":"None","isRenderEnabled":false,"rotationMatrix":[-0.588278174,0.8086586,1.8189894e-12,-0.8086586,-0.588278174,5.4931581e-05,4.44208999e-05,3.23150525e-05,1],"shapeName":"/levels/west_coast_usa/art/shapes/objects/jerseybarrier_3m.dae","useInstanceRenderData":true}
{"class":"TSStatic","__parent":"dragBarriers","position":[589.657349,401.78067,119.384193],"decalType":"None","isRenderEnabled":false,"rotationMatrix":[0.588984251,-0.80814445,-1.71098935e-16,0.80814445,0.588984251,-2.68393838e-17,1.22464685e-16,-1.22464685e-16,1],"shapeName":"/levels/west_coast_usa/art/shapes/objects/jerseybarrier_3m.dae","useInstanceRenderData":true}
{"class":"TSStatic","__parent":"dragBarriers","position":[74.0085449,52.3536186,119.401802],"decalType":"None","isRenderEnabled":false,"rotationMatrix":[0.586788058,-0.809740543,-1.71025428e-16,0.809740543,0.586788058,-2.73038093e-17,1.22464685e-16,-1.22464685e-16,1],"shapeName":"/levels/west_coast_usa/art/shapes/objects/jerseybarrier_3m.dae","useInstanceRenderData":true}
{"class":"TSStatic","__parent":"dragBarriers","position":[193.388687,113.705566,119.39006],"decalType":"None","isRenderEnabled":false,"rotationMatrix":[-0.588724136,0.808334053,1.71090279e-16,-0.808334053,-0.588724136,2.68944607e-17,1.22464685e-16,-1.22464685e-16,1],"shapeName":"/levels/west_coast_usa/art/shapes/objects/jerseybarrier_3m.dae","useInstanceRenderData":true}
{"class":"TSStatic","__parent":"dragBarriers","position":[268.599121,168.48259,119.39006],"decalType":"None","isRenderEnabled":false,"rotationMatrix":[-0.588723063,0.808334887,1.71090253e-16,-0.808334887,-0.588723063,2.6894689e-17,1.22464685e-16,-1.22464685e-16,1],"shapeName":"/levels/west_coast_usa/art/shapes/objects/jerseybarrier_3m.dae","useInstanceRenderData":true}
{"class":"TSStatic","__parent":"dragBarriers","position":[356.711304,232.500977,119.39006],"decalType":"None","isRenderEnabled":false,"rotationMatrix":[-0.587364316,0.809322655,1.71044817e-16,-0.809322655,-0.587364316,2.71820582e-17,1.22464672e-16,-1.22464685e-16,1],"shapeName":"/levels/west_coast_usa/art/shapes/objects/jerseybarrier_3m.dae","useInstanceRenderData":true}
{"class":"TSStatic","__parent":"dragBarriers","position":[432.013672,287.151581,119.389793],"decalType":"None","isRenderEnabled":false,"rotationMatrix":[-0.587364078,0.809322894,0,-0.809322894,-0.587364078,-6.64938561e-05,-5.38150016e-05,-3.90560999e-05,1],"shapeName":"/levels/west_coast_usa/art/shapes/objects/jerseybarrier_3m.dae","useInstanceRenderData":true}
{"class":"TSStatic","__parent":"dragBarriers","position":[191.829193,136.591705,119.403152],"decalType":"None","isRenderEnabled":false,"rotationMatrix":[-0.588278174,0.808658719,0,-0.808658719,-0.588278174,2.74452232e-05,2.21938171e-05,1.61454245e-05,1],"shapeName":"/levels/west_coast_usa/art/shapes/objects/jerseybarrier_3m.dae","useInstanceRenderData":true}
{"class":"TSStatic","__parent":"dragBarriers","position":[267.069794,191.327286,119.400352],"decalType":"None","isRenderEnabled":false,"rotationMatrix":[-0.588277698,0.808658898,0,-0.808658898,-0.588277698,0.000358994526,0.000290304131,0.000211188511,0.99999994],"shapeName":"/levels/west_coast_usa/art/shapes/objects/jerseybarrier_3m.dae","useInstanceRenderData":true}
{"class":"TSStatic","__parent":"dragBarriers","position":[342.310394,246.062866,119.384079],"decalType":"None","isRenderEnabled":false,"rotationMatrix":[-0.58827877,0.808658242,1.71075443e-16,-0.808658242,-0.58827877,2.69886965e-17,1.22464672e-16,-1.22464685e-16,1],"shapeName":"/levels/west_coast_usa/art/shapes/objects/jerseybarrier_3m.dae","useInstanceRenderData":true}
{"class":"TSStatic","__parent":"dragBarriers","position":[112.894333,80.5327072,119.405472],"decalType":"None","isRenderEnabled":false,"rotationMatrix":[0.586788893,-0.809740007,0,0.809740007,0.586788833,0.000224429285,-0.000181729367,-0.000131692606,1],"shapeName":"/levels/west_coast_usa/art/shapes/objects/jerseybarrier_3m.dae","useInstanceRenderData":true}
{"class":"TSStatic","__parent":"dragBarriers","position":[154.570404,85.433548,119.39006],"decalType":"None","isRenderEnabled":false,"rotationMatrix":[-0.58872354,0.80833447,1.71090253e-16,-0.80833447,-0.58872354,2.68945898e-17,1.22464685e-16,-1.22464685e-16,1],"shapeName":"/levels/west_coast_usa/art/shapes/objects/jerseybarrier_3m.dae","useInstanceRenderData":true}
{"class":"TSStatic","__parent":"dragBarriers","position":[229.780823,140.210587,119.39006],"decalType":"None","isRenderEnabled":false,"rotationMatrix":[-0.588724136,0.808334053,1.71090279e-16,-0.808334053,-0.588724136,2.68944607e-17,1.22464685e-16,-1.22464685e-16,1],"shapeName":"/levels/west_coast_usa/art/shapes/objects/jerseybarrier_3m.dae","useInstanceRenderData":true}
{"class":"TSStatic","__parent":"dragBarriers","position":[317.845612,204.294205,119.385391],"decalType":"None","isRenderEnabled":false,"rotationMatrix":[-0.587364793,0.809322298,1.45519152e-11,-0.809322178,-0.587364674,-0.000430428656,-0.000348355505,-0.000252818631,0.999999881],"shapeName":"/levels/west_coast_usa/art/shapes/objects/jerseybarrier_3m.dae","useInstanceRenderData":true}
{"class":"TSStatic","__parent":"dragBarriers","position":[393.147919,258.944855,119.39006],"decalType":"None","isRenderEnabled":false,"rotationMatrix":[-0.587364912,0.809322238,1.71044857e-16,-0.809322238,-0.587364912,2.71819424e-17,1.22464685e-16,-1.22464685e-16,1],"shapeName":"/levels/west_coast_usa/art/shapes/objects/jerseybarrier_3m.dae","useInstanceRenderData":true}
{"class":"TSStatic","__parent":"dragBarriers","position":[152.995331,108.341087,119.399529],"decalType":"None","isRenderEnabled":false,"rotationMatrix":[-0.588278413,0.80865854,0,-0.80865854,-0.588278413,-0.000204800424,-0.000165613616,-0.000120479643,1],"shapeName":"/levels/west_coast_usa/art/shapes/objects/jerseybarrier_3m.dae","useInstanceRenderData":true}
{"class":"TSStatic","__parent":"dragBarriers","position":[228.235947,163.07666,119.396271],"decalType":"None","isRenderEnabled":false,"rotationMatrix":[-0.588277936,0.808658779,0,-0.808658779,-0.588277936,0.000180905656,0.000146290942,0.000106422813,1],"shapeName":"/levels/west_coast_usa/art/shapes/objects/jerseybarrier_3m.dae","useInstanceRenderData":true}
{"class":"TSStatic","__parent":"dragBarriers","position":[378.717133,272.547852,119.384079],"decalType":"None","isRenderEnabled":false,"rotationMatrix":[-0.588278413,0.808658361,1.71075416e-16,-0.808658361,-0.588278413,2.6988756e-17,1.22464672e-16,-1.22464672e-16,1],"shapeName":"/levels/west_coast_usa/art/shapes/objects/jerseybarrier_3m.dae","useInstanceRenderData":true}
{"class":"TSStatic","__parent":"dragBarriers","position":[592.083008,403.548401,119.384193],"decalType":"None","isRenderEnabled":false,"rotationMatrix":[0.588975191,-0.808151066,-1.71098617e-16,0.808151066,0.588975191,-2.68413127e-17,1.22464685e-16,-1.22464685e-16,1],"shapeName":"/levels/west_coast_usa/art/shapes/objects/jerseybarrier_3m.dae","useInstanceRenderData":true}
{"class":"TSStatic","__parent":"dragBarriers","position":[76.4389038,54.1148148,119.403069],"decalType":"None","isRenderEnabled":false,"rotationMatrix":[0.586788774,-0.809740067,0,0.809739947,0.586788714,0.000485980185,-0.000393517606,-0.000285167713,0.999999881],"shapeName":"/levels/west_coast_usa/art/shapes/objects/jerseybarrier_3m.dae","useInstanceRenderData":true}
{"class":"TSStatic","__parent":"dragBarriers","position":[190.96254,111.93856,119.39006],"decalType":"None","isRenderEnabled":false,"rotationMatrix":[-0.588723779,0.808334291,1.71090266e-16,-0.808334291,-0.588723779,2.68945302e-17,1.22464672e-16,-1.22464685e-16,1],"shapeName":"/levels/west_coast_usa/art/shapes/objects/jerseybarrier_3m.dae","useInstanceRenderData":true}
{"class":"TSStatic","__parent":"dragBarriers","position":[266.172974,166.715591,119.39006],"decalType":"None","isRenderEnabled":false,"rotationMatrix":[-0.588723063,0.808334887,1.71090253e-16,-0.808334887,-0.588723063,2.6894689e-17,1.22464685e-16,-1.22464685e-16,1],"shapeName":"/levels/west_coast_usa/art/shapes/objects/jerseybarrier_3m.dae","useInstanceRenderData":true}
{"class":"TSStatic","__parent":"dragBarriers","position":[354.282196,230.738068,119.39006],"decalType":"None","isRenderEnabled":false,"rotationMatrix":[-0.587364316,0.809322655,1.71044817e-16,-0.809322655,-0.587364316,2.71820582e-17,1.22464672e-16,-1.22464685e-16,1],"shapeName":"/levels/west_coast_usa/art/shapes/objects/jerseybarrier_3m.dae","useInstanceRenderData":true}
{"class":"TSStatic","__parent":"dragBarriers","position":[429.584564,285.388672,119.389595],"decalType":"None","isRenderEnabled":false,"rotationMatrix":[-0.587364078,0.809322894,0,-0.809322894,-0.587364078,-6.64938561e-05,-5.38150016e-05,-3.90560999e-05,1],"shapeName":"/levels/west_coast_usa/art/shapes/objects/jerseybarrier_3m.dae","useInstanceRenderData":true}
{"class":"TSStatic","__parent":"dragBarriers","position":[189.402084,134.82605,119.403236],"decalType":"None","isRenderEnabled":false,"rotationMatrix":[-0.588278174,0.808658719,0,-0.808658719,-0.588278174,2.74452232e-05,2.21938171e-05,1.61454245e-05,1],"shapeName":"/levels/west_coast_usa/art/shapes/objects/jerseybarrier_3m.dae","useInstanceRenderData":true}
{"class":"TSStatic","__parent":"dragBarriers","position":[264.64267,189.56163,119.401428],"decalType":"None","isRenderEnabled":false,"rotationMatrix":[-0.588277698,0.808658898,0,-0.808658898,-0.588277698,0.000358994526,0.000290304131,0.000211188511,0.99999994],"shapeName":"/levels/west_coast_usa/art/shapes/objects/jerseybarrier_3m.dae","useInstanceRenderData":true}
{"class":"TSStatic","__parent":"dragBarriers","position":[339.883301,244.297195,119.384079],"decalType":"None","isRenderEnabled":false,"rotationMatrix":[-0.58827877,0.808658242,1.71075443e-16,-0.808658242,-0.58827877,2.69886965e-17,1.22464672e-16,-1.22464685e-16,1],"shapeName":"/levels/west_coast_usa/art/shapes/objects/jerseybarrier_3m.dae","useInstanceRenderData":true}
{"class":"TSStatic","__parent":"dragBarriers","position":[115.324699,82.2938995,119.406143],"decalType":"None","isRenderEnabled":false,"rotationMatrix":[0.586788893,-0.809740007,0,0.809740007,0.586788833,0.000224429285,-0.000181729367,-0.000131692606,1],"shapeName":"/levels/west_coast_usa/art/shapes/objects/jerseybarrier_3m.dae","useInstanceRenderData":true}
{"class":"TSStatic","__parent":"dragBarriers","position":[152.144257,83.6665497,119.39006],"decalType":"None","isRenderEnabled":false,"rotationMatrix":[-0.58872354,0.80833447,1.71090253e-16,-0.80833447,-0.58872354,2.68945898e-17,1.22464685e-16,-1.22464685e-16,1],"shapeName":"/levels/west_coast_usa/art/shapes/objects/jerseybarrier_3m.dae","useInstanceRenderData":true}
{"class":"TSStatic","__parent":"dragBarriers","position":[227.354675,138.443588,119.39006],"decalType":"None","isRenderEnabled":false,"rotationMatrix":[-0.588724136,0.808334053,1.71090279e-16,-0.808334053,-0.588724136,2.68944607e-17,1.22464685e-16,-1.22464685e-16,1],"shapeName":"/levels/west_coast_usa/art/shapes/objects/jerseybarrier_3m.dae","useInstanceRenderData":true}
{"class":"TSStatic","__parent":"dragBarriers","position":[315.416504,202.531281,119.385078],"decalType":"None","isRenderEnabled":false,"rotationMatrix":[-0.587364793,0.809322298,-1.45519152e-11,-0.809322178,-0.587364674,0.000551964913,0.000446717546,0.000324204768,0.999999821],"shapeName":"/levels/west_coast_usa/art/shapes/objects/jerseybarrier_3m.dae","useInstanceRenderData":true}
{"class":"TSStatic","__parent":"dragBarriers","position":[390.718811,257.181946,119.39006],"decalType":"None","isRenderEnabled":false,"rotationMatrix":[-0.587364912,0.809322238,1.71044857e-16,-0.809322238,-0.587364912,2.71819424e-17,1.22464685e-16,-1.22464685e-16,1],"shapeName":"/levels/west_coast_usa/art/shapes/objects/jerseybarrier_3m.dae","useInstanceRenderData":true}
{"class":"TSStatic","__parent":"dragBarriers","position":[150.568222,106.575424,119.398918],"decalType":"None","isRenderEnabled":false,"rotationMatrix":[-0.588278413,0.80865854,0,-0.80865854,-0.588278413,-0.000204800424,-0.000165613616,-0.000120479643,1],"shapeName":"/levels/west_coast_usa/art/shapes/objects/jerseybarrier_3m.dae","useInstanceRenderData":true}
{"class":"TSStatic","__parent":"dragBarriers","position":[225.808823,161.311005,119.39682],"decalType":"None","isRenderEnabled":false,"rotationMatrix":[-0.588277936,0.808658779,0,-0.808658779,-0.588277936,0.000180905656,0.000146290942,0.000106422813,1],"shapeName":"/levels/west_coast_usa/art/shapes/objects/jerseybarrier_3m.dae","useInstanceRenderData":true}
{"class":"TSStatic","__parent":"dragBarriers","position":[376.290009,270.782166,119.384079],"decalType":"None","isRenderEnabled":false,"rotationMatrix":[-0.588278413,0.808658361,1.71075416e-16,-0.808658361,-0.588278413,2.6988756e-17,1.22464672e-16,-1.22464672e-16,1],"shapeName":"/levels/west_coast_usa/art/shapes/objects/jerseybarrier_3m.dae","useInstanceRenderData":true}
{"class":"TSStatic","__parent":"dragBarriers","position":[594.647583,404.94516,119.384193],"decalType":"None","isRenderEnabled":false,"rotationMatrix":[0.359741509,-0.933052063,-1.58321562e-16,0.933052063,0.359741509,-7.02102963e-17,1.22464698e-16,-1.22464685e-16,1],"shapeName":"/levels/west_coast_usa/art/shapes/objects/jerseybarrier_3m.dae","useInstanceRenderData":true}
{"class":"TSStatic","__parent":"dragBarriers","position":[78.8692627,55.8760071,119.404526],"decalType":"None","isRenderEnabled":false,"rotationMatrix":[0.586788774,-0.809740067,0,0.809739947,0.586788714,0.000485980185,-0.000393517606,-0.000285167713,0.999999881],"shapeName":"/levels/west_coast_usa/art/shapes/objects/jerseybarrier_3m.dae","useInstanceRenderData":true}
{"class":"TSStatic","__parent":"dragBarriers","position":[188.536407,110.171562,119.39006],"decalType":"None","isRenderEnabled":false,"rotationMatrix":[-0.588723779,0.808334291,1.71090266e-16,-0.808334291,-0.588723779,2.68945302e-17,1.22464672e-16,-1.22464685e-16,1],"shapeName":"/levels/west_coast_usa/art/shapes/objects/jerseybarrier_3m.dae","useInstanceRenderData":true}
{"class":"TSStatic","__parent":"dragBarriers","position":[263.746826,164.948593,119.39006],"decalType":"None","isRenderEnabled":false,"rotationMatrix":[-0.588723063,0.808334887,1.71090253e-16,-0.808334887,-0.588723063,2.6894689e-17,1.22464685e-16,-1.22464685e-16,1],"shapeName":"/levels/west_coast_usa/art/shapes/objects/jerseybarrier_3m.dae","useInstanceRenderData":true}
{"class":"TSStatic","__parent":"dragBarriers","position":[351.853088,228.975143,119.39006],"decalType":"None","isRenderEnabled":false,"rotationMatrix":[-0.587365508,0.809321761,1.71044857e-16,-0.809321761,-0.587365508,2.71818034e-17,1.22464685e-16,-1.22464685e-16,1],"shapeName":"/levels/west_coast_usa/art/shapes/objects/jerseybarrier_3m.dae","useInstanceRenderData":true}
{"class":"TSStatic","__parent":"dragBarriers","position":[427.155457,283.625732,119.389397],"decalType":"None","isRenderEnabled":false,"rotationMatrix":[-0.587364078,0.809322894,0,-0.809322894,-0.587364078,-6.64938561e-05,-5.38150016e-05,-3.90560999e-05,1],"shapeName":"/levels/west_coast_usa/art/shapes/objects/jerseybarrier_3m.dae","useInstanceRenderData":true}
{"class":"TSStatic","__parent":"dragBarriers","position":[186.97496,133.060379,119.403313],"decalType":"None","isRenderEnabled":false,"rotationMatrix":[-0.588278174,0.808658719,0,-0.808658719,-0.588278174,2.74452232e-05,2.21938171e-05,1.61454245e-05,1],"shapeName":"/levels/west_coast_usa/art/shapes/objects/jerseybarrier_3m.dae","useInstanceRenderData":true}
{"class":"TSStatic","__parent":"dragBarriers","position":[337.456177,242.531525,119.384079],"decalType":"None","isRenderEnabled":false,"rotationMatrix":[-0.58827877,0.808658242,1.71075443e-16,-0.808658242,-0.58827877,2.69886965e-17,1.22464672e-16,-1.22464685e-16,1],"shapeName":"/levels/west_coast_usa/art/shapes/objects/jerseybarrier_3m.dae","useInstanceRenderData":true}
{"class":"TSStatic","__parent":"dragBarriers","position":[117.755058,84.0550919,119.406715],"decalType":"None","isRenderEnabled":false,"rotationMatrix":[0.58678937,-0.80973959,0,0.80973959,0.58678937,0.000169739767,-0.000137445008,-9.9601486e-05,1],"shapeName":"/levels/west_coast_usa/art/shapes/objects/jerseybarrier_3m.dae","useInstanceRenderData":true}
{"class":"TSStatic","__parent":"dragBarriers","position":[149.718109,81.8995438,119.39006],"decalType":"None","isRenderEnabled":false,"rotationMatrix":[-0.588725448,0.808333099,1.71090332e-16,-0.808333099,-0.588725448,2.68941894e-17,1.22464685e-16,-1.22464685e-16,1],"shapeName":"/levels/west_coast_usa/art/shapes/objects/jerseybarrier_3m.dae","useInstanceRenderData":true}
{"class":"TSStatic","__parent":"dragBarriers","position":[224.928543,136.67659,119.39006],"decalType":"None","isRenderEnabled":false,"rotationMatrix":[-0.58872354,0.80833441,1.71090253e-16,-0.80833441,-0.58872354,2.68945732e-17,1.22464685e-16,-1.22464685e-16,1],"shapeName":"/levels/west_coast_usa/art/shapes/objects/jerseybarrier_3m.dae","useInstanceRenderData":true}
{"class":"TSStatic","__parent":"dragBarriers","position":[312.987396,200.768356,119.386734],"decalType":"None","isRenderEnabled":false,"rotationMatrix":[-0.587364793,0.809322298,-1.45519152e-11,-0.809322178,-0.587364674,0.000551964913,0.000446717546,0.000324204768,0.999999821],"shapeName":"/levels/west_coast_usa/art/shapes/objects/jerseybarrier_3m.dae","useInstanceRenderData":true}
{"class":"TSStatic","__parent":"dragBarriers","position":[388.289703,255.419006,119.39006],"decalType":"None","isRenderEnabled":false,"rotationMatrix":[-0.587364912,0.809322238,1.71044857e-16,-0.809322238,-0.587364912,2.71819424e-17,1.22464685e-16,-1.22464685e-16,1],"shapeName":"/levels/west_coast_usa/art/shapes/objects/jerseybarrier_3m.dae","useInstanceRenderData":true}
{"class":"TSStatic","__parent":"dragBarriers","position":[148.141113,104.809753,119.3983],"decalType":"None","isRenderEnabled":false,"rotationMatrix":[-0.588278413,0.80865854,0,-0.80865854,-0.588278413,-0.000204800424,-0.000165613616,-0.000120479643,1],"shapeName":"/levels/west_coast_usa/art/shapes/objects/jerseybarrier_3m.dae","useInstanceRenderData":true}
{"class":"TSStatic","__parent":"dragBarriers","position":[223.381714,159.545334,119.397362],"decalType":"None","isRenderEnabled":false,"rotationMatrix":[-0.588277936,0.808658779,0,-0.808658779,-0.588277936,0.000180905656,0.000146290942,0.000106422813,1],"shapeName":"/levels/west_coast_usa/art/shapes/objects/jerseybarrier_3m.dae","useInstanceRenderData":true}
{"class":"TSStatic","__parent":"dragBarriers","position":[373.862885,269.016479,119.384079],"decalType":"None","isRenderEnabled":false,"rotationMatrix":[-0.588278413,0.808658361,1.71075416e-16,-0.808658361,-0.588278413,2.6988756e-17,1.22464672e-16,-1.22464672e-16,1],"shapeName":"/levels/west_coast_usa/art/shapes/objects/jerseybarrier_3m.dae","useInstanceRenderData":true}
{"class":"TSStatic","__parent":"dragBarriers","position":[81.2996292,57.6371994,119.405014],"decalType":"None","isRenderEnabled":false,"rotationMatrix":[0.586788237,-0.809740484,0,0.809740365,0.586788177,-0.000433536305,0.000351051858,0.000254394021,0.999999881],"shapeName":"/levels/west_coast_usa/art/shapes/objects/jerseybarrier_3m.dae","useInstanceRenderData":true}
{"class":"TSStatic","__parent":"dragBarriers","position":[186.11026,108.404556,119.39006],"decalType":"None","isRenderEnabled":false,"rotationMatrix":[-0.588723779,0.808334291,1.71090266e-16,-0.808334291,-0.588723779,2.68945302e-17,1.22464672e-16,-1.22464685e-16,1],"shapeName":"/levels/west_coast_usa/art/shapes/objects/jerseybarrier_3m.dae","useInstanceRenderData":true}
{"class":"TSStatic","__parent":"dragBarriers","position":[261.320679,163.181595,119.39006],"decalType":"None","isRenderEnabled":false,"rotationMatrix":[-0.588723063,0.808334887,1.71090253e-16,-0.808334887,-0.588723063,2.6894689e-17,1.22464685e-16,-1.22464685e-16,1],"shapeName":"/levels/west_coast_usa/art/shapes/objects/jerseybarrier_3m.dae","useInstanceRenderData":true}
{"class":"TSStatic","__parent":"dragBarriers","position":[349.423981,227.212219,119.39006],"decalType":"None","isRenderEnabled":false,"rotationMatrix":[-0.587365508,0.809321761,1.71044857e-16,-0.809321761,-0.587365508,2.71818034e-17,1.22464685e-16,-1.22464685e-16,1],"shapeName":"/levels/west_coast_usa/art/shapes/objects/jerseybarrier_3m.dae","useInstanceRenderData":true}
{"class":"TSStatic","__parent":"dragBarriers","position":[424.726349,281.862823,119.389214],"decalType":"None","isRenderEnabled":false,"rotationMatrix":[-0.58736515,0.809322059,-1.8189894e-12,-0.809322059,-0.58736515,5.52327838e-05,4.47011116e-05,3.24418143e-05,1],"shapeName":"/levels/west_coast_usa/art/shapes/objects/jerseybarrier_3m.dae","useInstanceRenderData":true}
{"class":"TSStatic","__parent":"dragBarriers","position":[184.547852,131.294724,119.403397],"decalType":"None","isRenderEnabled":false,"rotationMatrix":[-0.588278174,0.808658719,0,-0.808658719,-0.588278174,2.74452232e-05,2.21938171e-05,1.61454245e-05,1],"shapeName":"/levels/west_coast_usa/art/shapes/objects/jerseybarrier_3m.dae","useInstanceRenderData":true}
