{"class":"TSStatic","__parent":"Mountain Trail","position":[466.101288,-636.529175,171.329086],"isRenderEnabled":false,"rotationMatrix":[-0.293241978,-0.956038535,0,0.956038535,-0.293241978,0,0,0,1],"shapeName":"/levels/west_coast_usa/art/shapes/trees/trees_oak/oak_a.dae","useInstanceRenderData":true}
{"class":"TSStatic","__parent":"Mountain Trail","position":[437.463013,-644.579285,168.615723],"isRenderEnabled":false,"shapeName":"/levels/west_coast_usa/art/shapes/trees/trees_oak/oak_a.dae","useInstanceRenderData":true}
{"class":"TSStatic","__parent":"Mountain Trail","position":[717.913147,-475.723389,165.315231],"isRenderEnabled":false,"rotationMatrix":[-0.717990279,0.696053505,0,-0.696053505,-0.717990279,0,0,0,1],"shapeName":"/levels/west_coast_usa/art/shapes/trees/trees_conifer/pine_radiata_weathered.dae","useInstanceRenderData":true}
{"class":"TSStatic","__parent":"Mountain Trail","position":[544.161682,-539.209656,161.810623],"isRenderEnabled":false,"rotationMatrix":[0.989069879,0,-0.147447646,0,1,0,0.147447646,0,0.989069879],"scale":[1.45297194,1.2593751,1.45297194],"shapeName":"/levels/west_coast_usa/art/shapes/rocksJV/s_rocks_desert_huge_sheet_2.dae","useInstanceRenderData":true}
{"class":"DecalRoad","persistentId":"a1f0f2a2-726e-4a1e-a0ac-3a64774ee368","__parent":"Mountain Trail","position":[127.574989,82.4557266,119.384193],"drivability":0.100000001,"improvedSpline":true,"material":"road_invisible","nodes":[[127.574989,82.4557266,119.384193,6],[131.256943,77.4187393,119.384193,6]]}
{"name":"NewMeshRoad4","class":"MeshRoad","__parent":"Mountain Trail","position":[477.121368,-477.692261,153.398499],"hidden":true,"nodes":[[475.434631,-477.388947,151.403915,15,1.5,0,0,1],[464.901367,-479.107086,150.910431,15,1.5,0,0,1],[455.49704,-480.551514,151.436432,15,1.5,0,0.0270035453,0.999635339],[449.542969,-481.290619,151.593506,15,1.5,0,0,1],[429.73111,-486.095612,149.161011,15,1.5,0,0,1],[405.024139,-492.327179,149.982849,15,1.5,0,0,1],[389.814423,-499.004791,146.426804,15,1.5,0,0,1],[368.398132,-514.668518,144.941345,15,1.5,0,0,1],[355.325592,-535.482239,146.864822,15,1.5,-0.0975292698,0,0.995232701],[341.878906,-546.973999,144.448669,15,1.5,-0.412693501,-0.240639552,0.87850821],[331.67334,-556.797729,142.147842,15,1.5,0.413668275,0,0.91042769],[330.767944,-571.724243,143.385406,15,1.5,0,0.377096146,0.926174104],[345.205261,-578.122986,146.086502,15,1.5,0,0,1],[353.496552,-580.960205,148.84874,15,1.5,0,0,1],[365.147705,-582.604126,150.514786,15,1.5,0,-0.202243358,0.979335308],[376.203186,-591.250122,153.553146,15,1.5,-0.296287358,0,0.955098867],[384.238831,-601.597168,158.499298,15,1.5,-0.223749131,0,0.974646747],[389.359406,-610.030029,160.43486,15,1.5,0.0575672351,0,0.99834162],[395.889221,-617.595215,160.931229,15,1.5,0,0.156427234,0.987689495],[410.991302,-624.586975,160.578888,15,1.5,0,0.0963199958,0.99535042],[428.889954,-630.659119,167.585602,15,1.5,0,0.014971057,0.999887943],[446.014954,-637.495911,171.551483,15,1.5,0,-0.154735371,0.987955928],[455.936646,-642.579773,170.130814,15,1.5,0,-0.191450298,0.981502295],[463.156219,-648.407776,170.760864,15,1.5,0,-0.123607315,0.992331207]]}
{"name":"NewMeshRoad6","class":"MeshRoad","__parent":"Mountain Trail","position":[337.281616,-710.691406,156.333694],"hidden":true,"nodes":[[337.771973,-709.181335,155.016113,12,1,-0.135963216,0,0.990713894],[338.278595,-689.920715,157.071594,15,1,-0.0770198554,0,0.997029543],[336.564056,-674.753784,154.962677,15,1,0,0,1],[332.252747,-643.256409,145.148804,15,1,0,0,1],[332.649261,-611.781372,148.833633,15,1,0,0,1],[331.454315,-574.319641,144.665176,15,1,0.0369515121,0,0.99931705]]}
{"class":"DecalRoad","persistentId":"840035cf-3f55-4a87-85bb-8386937dad69","__parent":"Mountain Trail","position":[869.975342,-484.085754,162.833313],"improvedSpline":true,"material":"road_gravel_02","nodes":[[869.975342,-484.085754,162.833313,5],[860.922241,-481.622833,163.231842,5],[857.033203,-480.759369,163.541977,5],[850.919983,-477.490875,163.472443,5],[848.315613,-475.671295,163.324371,5],[844.153381,-470.126923,163.282532,5],[838.04187,-464.873627,163.156677,5],[831.962219,-463.557648,162.610809,5],[822.889221,-464.475525,162.566254,5],[813.074768,-466.75116,163.857498,5],[805.732422,-468.974121,165.32164,5],[798.877686,-471.034088,166.73764,5],[794.189209,-473.121429,167.203415,5],[789.095764,-478.269165,168.019211,5],[783.764526,-483.570404,168.881683,5],[775.514099,-490.65094,169.446136,5],[771.325989,-492.347595,169.597107,5],[767.362427,-492.309265,169.536652,5],[761.651794,-490.632385,169.156647,5],[756.87677,-487.021088,167.940002,5],[751.199707,-482.811646,166.452271,5],[745.871521,-480.036041,165.245438,5],[741.677429,-479.144226,165.426376,5],[737.291687,-480.410645,166.28096,5],[733.375732,-482.441101,167.226822,5],[730.404846,-484.956085,168.191254,5],[727.783142,-487.889435,169.13353,5],[725.974426,-492.961426,170.369019,5],[723.699341,-497.970642,171.355652,5],[719.043335,-503.575439,172.174469,5],[713.03302,-507.24176,172.613464,5],[703.612671,-509.827484,173.615417,5],[699.424072,-511.298157,174.932434,5],[696.713867,-512.922424,175.729965,5],[692.560303,-516.511169,176.878723,5],[686.331909,-521.607788,178.140488,5],[680.385925,-526.779236,179.153839,5],[674.745728,-529.949158,179.932587,5],[669.220703,-532.191772,180.701401,5],[663.095032,-533.246765,181.125244,5],[657.811523,-532.97113,180.568497,5],[652.027405,-530.806824,178.843918,5],[647.410095,-528.112183,177.056122,5],[642.811279,-527.919067,175.68959,5],[635.644409,-528.697388,174.285004,5],[628.320251,-531.279541,173.110855,5],[620.364746,-534.991821,172.233261,5],[616.416687,-539.386719,172.367722,5],[611.953369,-541.022888,172.239243,5],[605.107727,-542.770203,171.707138,5],[596.689819,-547.00592,171.365494,5],[588.873169,-551.267395,171.142029,5],[579.651306,-557.322021,171.682846,5],[571.880493,-562.90802,172.612518,5],[566.035095,-568.081116,173.879486,5],[561.549072,-573.34137,175.76886,5],[562.159363,-579.731018,178.89006,5]],"renderPriority":2,"startEndFade":[2,2]}
{"class":"DecalRoad","persistentId":"c39d04b5-ac5c-4b81-b197-e7f465a9d57e","__parent":"Mountain Trail","position":[869.975342,-484.085754,162.833313],"improvedSpline":true,"material":"m_dirt_tiretracks","nodes":[[869.975342,-484.085754,162.833313,3.5],[860.922241,-481.622833,163.231842,3.5],[857.033203,-480.759369,163.541977,3.5],[850.919983,-477.490875,163.472443,3.5],[848.315613,-475.671295,163.324371,3.5],[844.153381,-470.126923,163.282532,3.5],[838.04187,-464.873627,163.156677,3.5],[831.962219,-463.557648,162.610809,3.5],[822.889221,-464.475525,162.566254,3.5],[813.074768,-466.75116,163.857498,3.5],[805.732422,-468.974121,165.32164,3.5],[798.877686,-471.034088,166.73764,3.5],[794.189209,-473.121429,167.203415,3.5],[789.095764,-478.269165,168.019211,3.5],[783.764526,-483.570404,168.881683,3.5],[775.514099,-490.65094,169.446136,3.5],[771.325989,-492.347595,169.597107,3.5],[767.362427,-492.309265,169.536652,3.5],[761.651794,-490.632385,169.156647,3.5],[756.87677,-487.021088,167.940002,3.5],[751.199707,-482.811646,166.452271,3.5],[745.871521,-480.036041,165.245438,3.5],[741.677429,-479.144226,165.426376,3.5],[737.291687,-480.410645,166.28096,3.5],[733.375732,-482.441101,167.226822,3.5],[730.404846,-484.956085,168.191254,3.5],[727.783142,-487.889435,169.13353,3.5],[725.974426,-492.961426,170.369019,3.5],[723.699341,-497.970642,171.355652,3.5],[719.043335,-503.575439,172.174469,3.5],[713.03302,-507.24176,172.613464,3.5],[703.612671,-509.827484,173.615417,3.5],[699.424072,-511.298157,174.932434,3.5],[696.713867,-512.922424,175.729965,3.5],[692.560303,-516.511169,176.878723,3.5],[686.331909,-521.607788,178.140488,3.5],[680.385925,-526.779236,179.153839,3.5],[674.745728,-529.949158,179.932587,3.5],[669.220703,-532.191772,180.701401,3.5],[663.095032,-533.246765,181.125244,3.5],[657.811523,-532.97113,180.568497,3.5],[652.027405,-530.806824,178.843918,3.5],[647.410095,-528.112183,177.056122,3.5],[642.811279,-527.919067,175.68959,3.5],[635.644409,-528.697388,174.285004,3.5],[628.320251,-531.279541,173.110855,3.5],[620.364746,-534.991821,172.233261,3.5],[616.416687,-539.386719,172.367722,3.5],[611.953369,-541.022888,172.239243,3.5],[605.107727,-542.770203,171.707138,3.5],[596.689819,-547.00592,171.365494,3.5],[588.873169,-551.267395,171.142029,3.5],[579.651306,-557.322021,171.682846,3.5],[571.880493,-562.90802,172.612518,3.5],[566.035095,-568.081116,173.879486,3.5],[561.549072,-573.34137,175.76886,3.5],[562.159363,-579.731018,178.89006,3.5]],"renderPriority":2,"startEndFade":[2,2],"textureLength":10}
{"name":"NewMeshRoad2","class":"MeshRoad","__parent":"Mountain Trail","position":[554.048706,-522.728638,160.553421],"hidden":true,"nodes":[[553.418762,-522.630005,159.365311,12,1,0,0,1],[555.036499,-533.170837,159.943558,10,1,0,0,1],[550.811401,-539.632385,164.478165,7,1,-0.12834844,0,0.99172914],[549.46521,-548.8573,167.240234,7,1,0.0699274093,0,0.997552097],[552.338318,-562.470276,172.585281,7,1,0,0,1],[555.927856,-568.559937,175.408875,7,1,0,0,1],[560.462097,-573.337158,178.324478,7,1,0,0.422763824,0.906239927]]}
{"name":"NewMeshRoad","class":"MeshRoad","__parent":"Mountain Trail","position":[866.939453,-482.336578,165.300156],"hidden":true,"nodes":[[868.232971,-483.23291,163.679398,6,1.5,0,0.0355952866,0.999366283],[858.574951,-480.96106,164.948013,6,1.5,0,0,1],[853.254028,-479.279816,165.107498,6,1.5,0,0,1],[846.084473,-473.180511,164.698929,6,1.5,0,0,1],[839.782654,-465.201874,164.834167,6,1.5,0,-0.17277357,0.984961569],[825.859375,-463.682861,163.864655,6,1.5,0,0,1],[811.830566,-467.123688,165.509369,6,1.5,0,-0.0800302774,0.996792436],[800.721375,-470.679718,167.98877,6,1.5,0,0.121182323,0.992630243],[792.646912,-473.204956,168.827576,6,1.5,0,-0.157456145,0.987526],[783.59668,-483.495117,170.451889,6,1.5,0.190076664,0,0.981769264],[769.611206,-491.98587,171.070343,6,1.5,0,-0.286624312,0.958043039],[755.249084,-485.812256,169.25795,6,1.5,0,0.124717683,0.992192268],[745.552124,-479.530853,166.515976,6,1.5,0,0.277073503,0.960848749],[735.940552,-481.601135,168.098709,6,1.5,0,0.140639067,0.990060925],[727.580444,-488.229431,170.733871,6,1.5,0,0,1],[722.219727,-501.378723,173.419189,6,1.5,0,0.17641595,0.984315693],[707.637085,-508.776703,174.105881,6,1.5,0,0.232375339,0.972626209],[700.566101,-510.32019,176.040054,6,1.5,0,0,1],[691.101562,-517.772217,178.731995,6,1.5,0,-0.0600751974,0.99819386],[678.293884,-528.989319,181.046478,6,1.5,0,0.126670256,0.991944909],[659.896118,-533.475037,182.388596,6,1.5,0,0,1],[643.584717,-527.878662,177.303558,6,1.5,0,-0.215588257,0.976484358],[623.983582,-533.627625,174.025909,6,1.5,0,0,1],[615.664673,-539.921814,173.826004,6,1.5,0,0,1],[603.692932,-543.433105,173.099136,6,1.5,0,0,1],[582.644043,-555.661377,172.844864,6,1.5,0,0,1],[562.177734,-572.134583,176.741119,6,1.5,0,0.190483689,0.981690347],[565.733582,-587.349976,184.502121,6,1.5,-0.224864274,0,0.97439009],[569.022461,-606.156372,190.857208,6,1.5,-0.406293899,0,0.913742483],[562.04895,-640.270996,192.234558,6,1.5,0.0274122041,0,0.999624252],[559.443848,-660.226257,195.03743,6,1.5,-0.150378302,0,0.988628507],[571.296692,-669.076843,200.756485,6,1.5,0,0,1]]}
{"name":"NewMeshRoad1","class":"MeshRoad","__parent":"Mountain Trail","position":[707.401062,-463.731323,164.174042],"hidden":true,"nodes":[[706.911011,-459.976746,161.93132,12,1.5,0,0,1],[709.550537,-470.438812,163.034393,10,1.5,0,0,1],[710.83136,-474.550537,165.29808,7,1.5,0,0,1],[711.970398,-479.129089,167.069778,7,1.5,0,0,1],[712.72876,-482.311035,169.330551,7,1.5,0,0,1],[713.141724,-487.283905,170.329895,7,1.5,0,0,1],[713.461731,-494.066315,172.986267,7,1.5,0,0,1],[714.118103,-501.987915,173.187363,8,1.5,0,0,1]]}
{"class":"TSStatic","__parent":"Mountain Trail","position":[714.346008,-490.121887,167.976685],"isRenderEnabled":false,"rotationMatrix":[-0.654991508,0.720682502,-0.227163911,-0.75515902,-0.634985328,0.162877634,-0.0268626437,0.278228283,0.960139275],"scale":[1.58815408,1.48000002,1.37926829],"shapeName":"/levels/west_coast_usa/art/shapes/rocksJV/s_rocks_desert_collection_02.dae","useInstanceRenderData":true}
{"class":"TSStatic","__parent":"Mountain Trail","position":[552.829041,-536.697815,160.111145],"isRenderEnabled":false,"rotationMatrix":[0.807511687,0.492173165,-0.325100869,-0.582247913,0.753315508,-0.305782974,0.0944053903,0.436212599,0.894877791],"scale":[1.07410192,1.10522628,1],"shapeName":"/levels/west_coast_usa/art/shapes/rocksJV/s_rocks_desert_huge_sheet_3.dae","useInstanceRenderData":true}
{"class":"TSStatic","__parent":"Mountain Trail","position":[550.012329,-545.473267,163.834106],"isRenderEnabled":false,"rotationMatrix":[0.532248259,0.787637889,-0.310384423,-0.836911976,0.544800103,-0.0526436418,0.127633363,0.287783861,0.94915235],"scale":[1,1,1.17212462],"shapeName":"/levels/west_coast_usa/art/shapes/rocksJV/s_rocks_desert_huge_sheet_1.dae","useInstanceRenderData":true}
{"class":"TSStatic","__parent":"Mountain Trail","position":[549.046692,-551.573914,166.450302],"isRenderEnabled":false,"rotationMatrix":[1,0,0,0,0.942495525,-0.334218889,0,0.334218889,0.942495525],"scale":[1.43861413,1.5471065,1.43861413],"shapeName":"/levels/west_coast_usa/art/shapes/rocksJV/s_rocks_desert_collection_03.dae","useInstanceRenderData":true}
{"class":"TSStatic","__parent":"Mountain Trail","position":[549.047668,-558.467651,169.245544],"isRenderEnabled":false,"rotationMatrix":[0.603582621,-0.738918304,0.299479336,0.797300577,0.5593853,-0.226715773,2.98023224e-08,0.375616699,0.926775098],"scale":[1.10578084,1.16907048,0.834721565],"shapeName":"/levels/west_coast_usa/art/shapes/rocksJV/s_rocks_desert_collection_01.dae","useInstanceRenderData":true}
{"class":"TSStatic","__parent":"Mountain Trail","position":[550.115845,-563.872131,170.673538],"isRenderEnabled":false,"rotationMatrix":[-0.932098031,-0.362205207,-1.11758709e-08,0.350416243,-0.90176034,0.253053606,-0.0916573554,0.235870838,0.967452228],"scale":[0.900746942,1,1],"shapeName":"/levels/west_coast_usa/art/shapes/rocksJV/s_rocks_desert_huge_sheet_3.dae","useInstanceRenderData":true}
{"class":"TSStatic","__parent":"Mountain Trail","position":[553.349243,-566.609375,171.985504],"isRenderEnabled":false,"rotationMatrix":[-0.630390525,0.697001696,-0.341754794,-0.774903536,-0.591197729,0.223628104,-0.0461755246,0.405800045,0.912794709],"scale":[1,1.1252532,1.1252532],"shapeName":"/levels/west_coast_usa/art/shapes/rocksJV/s_rocks_desert_huge_sheet_3.dae","useInstanceRenderData":true}
{"class":"TSStatic","__parent":"Mountain Trail","position":[552.406372,-557.109009,168.645615],"isRenderEnabled":false,"rotationMatrix":[0.540795922,0.779560506,-0.315951467,-0.84115392,0.501196265,-0.203131974,7.4505806e-08,0.375616729,0.926775098],"scale":[1.10578084,1.16907048,0.834721565],"shapeName":"/levels/west_coast_usa/art/shapes/rocksJV/s_rocks_desert_collection_01.dae","useInstanceRenderData":true}
{"class":"TSStatic","__parent":"Mountain Trail","position":[554.955383,-551.308105,168.34996],"isRenderEnabled":false,"rotationMatrix":[0.362485647,0.920894265,-0.143381357,-0.930508733,0.366270125,1.49011612e-08,0.0525163449,0.133417562,0.989667535],"scale":[1,1,1.38163567],"shapeName":"/levels/west_coast_usa/art/shapes/rocksJV/s_rocks_desert_large_03.dae","useInstanceRenderData":true}
{"class":"TSStatic","__parent":"Mountain Trail","position":[560.054016,-537.530029,162.726791],"isRenderEnabled":false,"scale":[1.7593348,1.83722949,1.77228785],"shapeName":"/levels/west_coast_usa/art/shapes/rocksJV/s_rocks_desert_large_06.dae","useInstanceRenderData":true}
{"class":"TSStatic","__parent":"Mountain Trail","position":[546.939148,-532.825317,161.306946],"isRenderEnabled":false,"rotationMatrix":[0.991642833,-0.129013762,0,0.129013762,0.991642833,0,0,0,1],"scale":[1.24184418,1.31503272,1.24184418],"shapeName":"/levels/west_coast_usa/art/shapes/rocksJV/s_rocks_desert_large_03.dae","useInstanceRenderData":true}
{"class":"TSStatic","__parent":"Mountain Trail","position":[714.625671,-481.716644,164.615952],"isRenderEnabled":false,"rotationMatrix":[-0.857038856,0.473796695,-0.202485889,-0.515251219,-0.788085818,0.336803257,-1.49011612e-08,0.392984688,0.919544995],"scale":[1.67930079,1.60000002,1.47048724],"shapeName":"/levels/west_coast_usa/art/shapes/rocksJV/s_rocks_desert_collection_03.dae","useInstanceRenderData":true}
{"class":"TSStatic","__parent":"Mountain Trail","position":[709.935547,-482.625824,165.570816],"isRenderEnabled":false,"rotationMatrix":[0.160836637,-0.90591979,0.391715705,0.978064895,0.0930662751,-0.186354846,0.13236694,0.41309604,0.901016474],"scale":[1.83092594,1.70623922,1.37926829],"shapeName":"/levels/west_coast_usa/art/shapes/rocksJV/s_rocks_desert_collection_02.dae","useInstanceRenderData":true}
{"class":"DecalRoad","persistentId":"bf031395-1566-4176-908b-0588d6aa438e","__parent":"Mountain Trail","position":[867.033936,-479.739746,163.129105],"improvedSpline":true,"material":"bank_erosion","nodes":[[867.033936,-479.739746,163.129105,3],[858.80957,-477.576355,163.902252,3],[853.912476,-475.62915,164.142929,3],[850.171326,-472.543823,164.056061,3],[847.264771,-468.579956,164.493317,3],[841.580017,-463.021149,164.027328,3],[837.857666,-461.167511,163.844727,3],[830.507874,-460.360046,164.056274,3],[823.289673,-460.754456,164.165527,3.5],[813.402466,-463.009338,165.517288,3.5],[803.631897,-466.126495,167.126709,3.5],[797.090027,-467.550323,168.432968,4.5],[792.050903,-469.476654,168.991699,4.5],[786.536743,-474.525146,169.912369,4.5],[781.833679,-479.575928,170.616577,4.5],[778.111755,-483.20993,170.551788,4.5],[772.485291,-487.895538,170.551086,4.5],[768.667786,-488.846375,170.654221,4.5],[764.483032,-487.75824,169.937927,4],[761.221619,-485.950317,169.244263,4.5],[756.254944,-482.7854,168.136414,3],[749.516296,-478.121521,166.171234,3],[744.021667,-476.73996,165.528519,3],[738.358337,-477.205231,166.255112,3],[733.027283,-479.34967,167.378937,3],[728.05188,-483.061096,168.682083,3],[724.699097,-487.4216,169.810669,3],[722.919922,-491.825775,170.777527,3],[721.573669,-496.203613,171.695312,3],[720.052612,-498.663239,172.095459,3],[718.223389,-499.304718,171.969025,3],[716.954041,-497.605896,171.752472,3],[716.906555,-491.986115,170.112579,3],[716.733398,-485.444214,167.577805,4],[713.913635,-465.708771,162.443405,4],[712.19104,-458.845886,161.165787,3]],"startEndFade":[2,2],"textureLength":15}
{"class":"DecalRoad","persistentId":"9185db41-0bbe-4614-9b3f-7e5c8083cb3e","__parent":"Mountain Trail","position":[701.704285,-463.564941,161.11171],"improvedSpline":true,"material":"bank_erosion","nodes":[[701.704285,-463.564941,161.11171,3],[703.428528,-467.835968,161.526871,3],[705.04187,-472.929352,162.572769,4],[706.757141,-479.382202,165.168427,4],[708.528931,-487.859772,168.060349,3],[709.255798,-494.997192,171.327896,3],[709.935852,-502.028107,173.19809,3],[709.814331,-504.25827,173.268448,3],[708.063293,-505.4953,173.299744,3],[702.110779,-506.651733,174.980667,3],[698.569885,-507.580292,175.497589,3],[695.013,-509.661804,176.214294,3],[690.695496,-513.618774,177.365509,3],[686.670166,-517.649658,178.317596,3],[682.518555,-521.373901,179.074005,3],[674.803162,-526.676697,180.46524,3],[670.506409,-528.77356,181.077911,3],[664.718262,-530.398621,181.087738,3],[658.983582,-530.063171,180.727463,3],[653.509521,-528.260315,179.161789,3],[651.194031,-526.815735,178.277451,3]],"startEndFade":[2,2],"textureLength":15}
{"class":"DecalRoad","persistentId":"e36092c0-78e3-4af6-ac43-3eb43ff1648e","__parent":"Mountain Trail","position":[866.159302,-486.589905,163.219345],"improvedSpline":true,"material":"bank_erosion","nodes":[[866.159302,-486.589905,163.219345,3],[863.295105,-485.49884,163.409195,3],[859.961914,-485.028137,163.867813,3],[858.309998,-484.646698,164.03801,3],[856.144897,-484.070099,164.180984,3],[854.228577,-483.153198,164.189301,3],[852.085999,-481.917175,164.088226,3],[850.246643,-480.624329,163.9953,3],[847.714844,-478.75293,163.92247,3],[844.608643,-475.50174,163.746262,3],[842.722473,-472.898193,163.843704,3],[840.118774,-469.63562,163.871124,3],[838.471802,-468.299591,163.975174,3],[835.868958,-467.013702,163.629684,3],[832.459839,-466.710022,163.234131,3],[826.98822,-467.036499,163.469391,3],[821.342163,-468.364899,164.401764,3],[810.591797,-471.1492,165.462143,3],[804.661072,-472.506683,166.292847,3],[799.459595,-473.998718,167.202866,3],[795.432678,-476.411713,167.94902,3],[790.484741,-480.933014,168.669495,3],[781.67218,-489.655426,169.940887,3],[774.67981,-494.496918,170.8255,3],[767.841125,-495.595459,171.056305,4],[764.131226,-495.12146,171.403275,4],[760.848328,-493.462128,171.143982,4],[756.267029,-490.690155,170.248993,4],[750.859192,-486.814728,168.441757,4],[746.982666,-484.238434,167.756836,4],[742.664368,-482.77597,167.035294,4],[737.98175,-483.778412,167.627441,4],[734.172974,-485.864044,168.677948,4],[731.927856,-487.612946,169.483887,4],[729.945129,-490.563354,170.604416,4],[729.125916,-494.43869,172.141953,4],[727.201843,-499.221344,173.1772,4],[724.476135,-503.988617,173.840485,4],[721.54303,-506.929871,174.513046,4],[717.86615,-509.144531,174.560806,4],[711.959351,-511.599976,174.890503,4],[704.970215,-513.356201,175.454956,4],[701.637512,-514.182251,176.285858,4],[697.947205,-516.682983,177.259247,4],[694.971313,-519.391785,178.242172,4],[690.698425,-522.590027,179.533295,4],[684.826294,-528.443054,181.504562,4],[676.603943,-533.831238,183.44133,4],[669.618958,-536.36731,184.527573,4],[661.145874,-537.26001,184.60936,4],[653.798401,-535.825134,183.25174,4],[647.848206,-532.336548,179.626938,4],[642.56427,-531.086609,177.204407,4],[635.661438,-532.461792,175.79007,4],[625.870911,-536.399353,174.881897,4],[621.401428,-538.940063,174.013672,4],[616.366516,-542.66333,174.247711,4],[610.892456,-544.292725,174.305191,4],[607.094666,-545.518738,174.1315,4],[601.638977,-548.138733,173.843109,4],[597.585388,-550.262512,174.445694,4],[592.664062,-553.025391,174.218033,4],[583.793579,-558.818604,174.16095,4],[575.988464,-563.928833,174.665634,4],[571.041443,-567.967407,176.03569,4],[566.784363,-572.051453,177.183517,4],[564.930054,-575.12616,178.143951,4],[566.32666,-579.747925,181.008789,4],[568.385803,-586.454102,184.293915,4],[570.946533,-592.933777,188.041336,4],[572.692383,-599.308044,190.717621,4],[573.005737,-608.024414,192.743546,4],[572.263428,-615.766968,193.522034,4],[570.936462,-620.957275,193.640305,4],[569.034607,-626.223206,193.803772,4],[567.033142,-632.443848,193.400436,4],[566.468506,-635.230469,193.378998,4],[565.141663,-641.261963,193.391281,4],[564.349243,-646.67157,194.277542,4],[563.066589,-654.380981,194.793365,4],[562.961548,-658.94751,195.577774,4],[564.50238,-661.666992,196.411209,4],[568.769653,-663.875916,198.126556,4],[572.813599,-666.40509,199.575806,4]],"startEndFade":[2,2],"textureLength":17}
{"class":"DecalRoad","persistentId":"3f9b43a7-eaf2-42e6-a7d5-5bd49ee2572e","__parent":"Mountain Trail","position":[579.376099,-665.379517,200.790482],"improvedSpline":true,"material":"road_gravel_02","nodes":[[579.376099,-665.379517,200.790482,5],[576.317627,-669.527222,200.448166,5],[571.837463,-669.966003,199.714752,5],[568.29425,-667.623169,198.203873,5]],"renderPriority":7,"startEndFade":[3,3]}
{"class":"TSStatic","__parent":"Mountain Trail","position":[707.898987,-470.848083,159.852646],"isRenderEnabled":false,"rotationMatrix":[0.995637298,0.0152571546,0.0920518413,-0.00175544713,0.989429176,-0.145006165,-0.093291156,0.144211963,0.98513943],"scale":[1.41992128,1.41999996,0.948368013],"shapeName":"/levels/west_coast_usa/art/shapes/rocksJV/s_rocks_desert_collection_01.dae","useInstanceRenderData":true}
{"class":"TSStatic","__parent":"Mountain Trail","position":[713.934631,-472.824036,161.493301],"isRenderEnabled":false,"rotationMatrix":[1,0,0,0,0.887875974,-0.460082889,0,0.460082889,0.887875974],"scale":[1.58815408,1.48000002,1.39067411],"shapeName":"/levels/west_coast_usa/art/shapes/rocksJV/s_rocks_desert_collection_02.dae","useInstanceRenderData":true}
{"class":"DecalRoad","persistentId":"58cd9a1b-6676-4cb5-a366-23d2cb6338da","__parent":"Mountain Trail","position":[564.845093,-563.98645,173.756378],"improvedSpline":true,"material":"bank_erosion","nodes":[[564.845093,-563.98645,173.756378,3],[563.318359,-565.652527,173.911194,3],[561.188904,-568.395386,173.94841,3],[559.727234,-568.899536,173.851013,3],[558.299744,-568.086853,173.118729,3],[556.610962,-564.625732,170.884537,3],[554.71521,-560.527649,170.807892,3],[553.879761,-556.322083,169.559052,3],[553.422485,-547.776855,166.43248,3],[553.811646,-543.554688,164.458847,3.5],[556.536072,-538.811462,162.266632,3.5],[559.059082,-533.694946,160.519913,3.5],[559.081299,-529.707397,159.630997,3.5],[557.799622,-524.686401,158.988876,3]],"startEndFade":[2,2],"textureLength":15}
{"class":"DecalRoad","persistentId":"eb541ee1-8b93-49a9-82e5-2fda5af3e789","__parent":"Mountain Trail","position":[573.179382,-679.092651,200.671799],"improvedSpline":true,"material":"road_gravel_02","nodes":[[573.179382,-679.092651,200.671799,5],[573.412231,-674.860596,200.645523,5],[571.123718,-670.827393,199.808914,5],[568.29425,-667.623169,198.203873,5]],"renderPriority":8,"startEndFade":[3,3]}
{"class":"TSStatic","__parent":"Mountain Trail","position":[710.299683,-476.683319,162.619308],"isRenderEnabled":false,"rotationMatrix":[1,0,0,0,0.919544995,-0.392984778,0,0.392984778,0.919544995],"scale":[1.67930079,1.60000002,1.47048724],"shapeName":"/levels/west_coast_usa/art/shapes/rocksJV/s_rocks_desert_collection_03.dae","useInstanceRenderData":true}
{"class":"DecalRoad","persistentId":"9c212f4f-ef57-4fd2-afa8-e2d0e799443d","__parent":"Mountain Trail","position":[550.317505,-525.582642,158.988541],"improvedSpline":true,"material":"bank_erosion","nodes":[[550.317505,-525.582642,158.988541,3],[550.548828,-529.651489,159.699829,3],[550.873413,-531.936157,159.863266,3],[550.427246,-533.839844,160.190125,3],[548.650757,-536.535278,161.259842,3],[547.060486,-540.756714,162.401001,3],[545.962158,-545.046082,164.323105,3],[545.706604,-551.391296,167.402496,3],[547.5896,-561.321167,171.41951,3],[551.38501,-569.289185,174.015594,3],[554.463135,-573.281128,176.493164,3],[556.755493,-574.734497,177.209091,3],[558.418396,-576.42749,177.818146,3],[559.799072,-579.847534,179.294495,3],[560.757446,-584.019653,181.442535,3],[562.151367,-587.066162,182.977097,3],[564.58313,-594.637756,186.074707,3],[565.710632,-599.712708,187.662338,3],[566.471191,-603.522034,188.582855,3],[565.567383,-610.013306,189.355362,3],[564.259033,-616.954041,189.916138,3],[563.688904,-621.153564,190.430695,3],[562.09259,-625.774048,190.74765,3],[560.265442,-630.018677,191.17952,3],[559.512939,-635.207397,191.543304,3],[558.249146,-642.503906,192.930695,3],[556.929382,-650.942688,193.274246,3],[556.027954,-657.363281,193.760864,3],[555.950562,-660.283691,193.884369,3],[557.358765,-663.940308,194.847382,3],[559.855042,-666.887451,196.012024,3],[563.352173,-669.461609,197.482834,3],[566.762573,-670.823486,199.306122,3],[568.409485,-672.344971,200.348923,3]],"startEndFade":[2,2],"textureLength":15}
{"name":"WaterBlock_4","class":"WaterBlock","__parent":"Mountain Trail","position":[820.872803,-465.608185,162.939499],"Foam":[{},{}],"Ripples (texture animation)":[{"rippleDir":[0,1],"rippleSpeed":0.0649999976,"rippleTexScale":[7.13999987,7.13999987]},{"rippleDir":[0.707000017,0.707000017],"rippleSpeed":0.0900000036,"rippleTexScale":[6.25,12.5]},{"rippleDir":[0.5,0.860000014],"rippleSpeed":0.0399999991,"rippleTexScale":[50,50]}],"Waves (vertex undulation)":[{"waveDir":[0,1],"waveMagnitude":0.200000003,"waveSpeed":1},{"waveDir":[0.707000017,0.707000017],"waveMagnitude":0.200000003,"waveSpeed":1},{"waveDir":[0.5,0.860000014],"waveMagnitude":0.200000003,"waveSpeed":1}],"baseColor":[34,34,33,255],"clarity":0.300000012,"cubemap":"DefaultSkyCubemap","depthGradientTex":"core/art/water/depthcolor_ramp.dds","distortStartDist":0.100000016,"foamMaxDepth":1.99999988,"foamTex":"core/art/water/foam.dds","overallRippleMagnitude":0.599999905,"overallWaveMagnitude":0.099999927,"rippleTex":"core/art/water/ripple.dds","rotationMatrix":[-0.0384678841,-0.999259889,2.79396772e-08,0.998449266,-0.0384366512,-0.0402724743,0.0402426645,-0.00154916197,0.999188721],"scale":[19.4488583,19.6483383,10],"specularColor":[0.281452596,0.281452596,0.281452596,1],"underwaterColor":[81,62,56,240],"waterFogDensity":1.00000012,"waterFogDensityOffset":0.399999917,"wetDarkening":0.100000016,"wetDepth":0.299999803}
{"class":"DecalRoad","persistentId":"bf393bdc-4033-4c45-95d1-d1fe910e8c6a","__parent":"Mountain Trail","position":[714.773499,-505.205475,172.279022],"improvedSpline":true,"material":"road_gravel_02","nodes":[[714.773499,-505.205475,172.279022,7],[714.154846,-499.426575,171.65947,7],[713.42395,-492.930939,169.86293,8],[712.163025,-483.948883,165.934845,8],[708.940918,-468.142944,160.6763,8],[706.758667,-459.717133,160.863998,12]],"renderPriority":9,"startEndFade":[1,2]}
{"class":"TSStatic","__parent":"Mountain Trail","position":[710.637146,-484.814148,166.546539],"isRenderEnabled":false,"rotationMatrix":[1,0,0,0,0.949615419,-0.313417554,0,0.313417554,0.949615419],"scale":[1,1,0.868472576],"shapeName":"/levels/west_coast_usa/art/shapes/rocksJV/s_rocks_desert_huge_sheet_3.dae","useInstanceRenderData":true}
{"class":"DecalRoad","persistentId":"412472fd-aa59-45b6-8c50-461c5b070dd1","__parent":"Mountain Trail","position":[553.815796,-522.996948,158.550629],"improvedSpline":true,"material":"road_gravel_02","nodes":[[553.815796,-522.996948,158.550629,5],[554.250305,-527.064087,158.901932,5],[554.909546,-532.150208,159.333481,5],[553.668213,-535.667542,159.916779,5.5],[551.215515,-539.423889,161.252151,5.5],[549.771606,-543.700928,163.346725,5.5],[549.337952,-547.874451,165.299438,5.5],[549.40155,-552.754211,167.409164,5.5],[550.428284,-557.997681,169.389359,5.5],[552.140869,-563.604187,170.992355,5.5],[554.34967,-567.210144,172.258591,5.5],[556.259216,-570.604187,174.379395,5],[559.360535,-572.835999,175.676834,5],[561.375366,-577.004639,177.463058,5],[563.065002,-582.529602,180.289719,5],[565.820435,-588.947205,183.652328,5],[568.030945,-596.665527,186.661697,5],[569.185852,-602.933289,188.771637,5],[568.394409,-611.550415,189.94545,5],[566.477905,-621.834351,190.507202,5],[563.141968,-631.967896,190.932785,5],[561.586975,-641.793396,191.125565,5],[560.042847,-653.09967,192.453262,5],[558.864685,-659.937195,193.476456,5],[560.590576,-663.333008,194.618103,5],[563.962708,-666.022461,196.230438,5],[568.080383,-668.037476,198.255585,5],[570.418823,-669.266235,199.220032,5],[576.539124,-672.758911,200.643875,5]]}
{"class":"DecalRoad","persistentId":"30fb88ea-49c8-4ace-ae72-3ab8edecfc13","__parent":"Mountain Trail","position":[553.815796,-522.996948,158.550629],"improvedSpline":true,"material":"m_dirt_tiretracks","nodes":[[553.815796,-522.996948,158.550629,3.5],[554.250305,-527.064087,158.901932,3.5],[554.909546,-532.150208,159.333481,3.5],[553.668213,-535.667542,159.916779,3.5],[551.215515,-539.423889,161.252151,3.5],[549.771606,-543.700928,163.346725,3.5],[549.337952,-547.874451,165.299438,3.5],[549.40155,-552.754211,167.409164,3.5],[550.428284,-557.997681,169.389359,3.5],[552.140869,-563.604187,170.992355,3.5],[554.34967,-567.210144,172.258591,3.5],[556.259216,-570.604187,174.379395,3.5],[559.360535,-572.835999,175.676834,3.5],[561.375366,-577.004639,177.463058,3.5],[563.065002,-582.529602,180.289719,3.5],[565.820435,-588.947205,183.652328,3.5],[568.030945,-596.665527,186.661697,3.5],[569.185852,-602.933289,188.771637,3.5],[568.394409,-611.550415,189.94545,3.5],[566.477905,-621.834351,190.507202,3.5],[563.141968,-631.967896,190.932785,3.5],[561.586975,-641.793396,191.125565,3.5],[560.042847,-653.09967,192.453262,3.5],[558.864685,-659.937195,193.476456,3.5],[560.590576,-663.333008,194.618103,3.5],[563.962708,-666.022461,196.230438,3.5],[568.080383,-668.037476,198.255585,3.5],[570.418823,-669.266235,199.220032,3.5],[576.539124,-672.758911,200.643875,3.5]],"startEndFade":[2,2],"textureLength":10}
{"class":"DecalRoad","persistentId":"4adc348b-7d1c-4c0e-9890-dd09990ed68b","__parent":"Mountain Trail","position":[713.630554,-506.568665,172.490479],"improvedSpline":true,"material":"m_dirt_tiretracks_02","nodes":[[713.630554,-506.568665,172.490479,5],[713.685303,-499.53479,171.693954,5],[713.42395,-492.930939,169.86293,5],[711.932373,-483.978699,165.929764,5],[708.42395,-468.190765,160.638412,5],[705.380005,-460.016449,160.844498,5]],"renderPriority":9,"startEndFade":[2,2],"textureLength":10}
{"class":"DecalRoad","persistentId":"63ca7178-d8e7-46bc-8f45-e60b0b892d4b","__parent":"Mountain Trail","position":[716.798584,-504.343079,172.185043],"improvedSpline":true,"material":"m_dirt_tiretracks","nodes":[[716.798584,-504.343079,172.185043,5],[714.186707,-499.225098,171.632141,5],[712.743347,-493.00177,169.903778,5],[712.661072,-484.131592,165.973938,5],[709.715271,-468.489014,160.79155,5],[708.623291,-459.42572,160.922729,5]],"renderPriority":9,"startEndFade":[2,2],"textureLength":10}
{"class":"TSStatic","__parent":"Mountain Trail","position":[559.199158,-562.850952,172.104279],"isRenderEnabled":false,"rotationMatrix":[-0.461374879,-0.875543118,-0.143381372,0.884684086,-0.466191769,2.23517418e-08,-0.0668431818,-0.126847178,0.989667535],"scale":[1.71507001,1.70713115,2.36960196],"shapeName":"/levels/west_coast_usa/art/shapes/rocksJV/s_rocks_desert_large_03.dae","useInstanceRenderData":true}
{"class":"TSStatic","__parent":"Mountain Trail","position":[720.248291,-484.183105,168.331833],"isRenderEnabled":false,"rotationMatrix":[-0.461374879,-0.875543118,-0.143381372,0.884684086,-0.466191769,2.23517418e-08,-0.0668431818,-0.126847178,0.989667535],"scale":[1.71507001,1.70713115,2.36960196],"shapeName":"/levels/west_coast_usa/art/shapes/rocksJV/s_rocks_desert_large_03.dae","useInstanceRenderData":true}
{"class":"TSStatic","__parent":"Mountain Trail","position":[713.736145,-484.814148,166.32753],"isRenderEnabled":false,"rotationMatrix":[0.325172842,0.935516417,-0.138101548,-0.898008406,0.259707689,-0.355152518,-0.296384841,0.239502341,0.92455107],"scale":[1,1,0.868472576],"shapeName":"/levels/west_coast_usa/art/shapes/rocksJV/s_rocks_desert_huge_sheet_3.dae","useInstanceRenderData":true}
{"class":"TSStatic","__parent":"Mountain Trail","position":[710.642883,-490.248718,168.210342],"isRenderEnabled":false,"rotationMatrix":[0.160836637,-0.90591979,0.391715705,0.978064895,0.0930662751,-0.186354846,0.13236694,0.41309604,0.901016474],"scale":[1.83092594,1.70623922,1.37926829],"shapeName":"/levels/west_coast_usa/art/shapes/rocksJV/s_rocks_desert_collection_02.dae","useInstanceRenderData":true}
{"class":"DecalRoad","persistentId":"b065c43b-6e9a-4b81-920a-cf712bfb9620","__parent":"Mountain Trail","position":[555.048889,-524.989868,158.769791],"improvedSpline":true,"material":"road_gravel_02","nodes":[[555.048889,-524.989868,158.769791,5],[566.83136,-521.558167,159.279678,5],[579.338196,-520.480713,160.293991,5],[581.132263,-530.325562,163.907806,5],[583.165894,-538.961121,167.185638,5.5],[589.30542,-549.540649,171.11795,5.5]],"startEndFade":[2,2]}
{"class":"DecalRoad","persistentId":"aa0cadf3-9c7f-45cd-9dcc-5b77ca3dff67","__parent":"Mountain Trail","position":[737.129822,-480.256989,166.308655],"improvedSpline":true,"material":"road_gravel_02","nodes":[[737.129822,-480.256989,166.308655,5],[745.684326,-472.203766,165.623871,5],[746.880798,-463.651917,163.90712,5],[740.597839,-457.722839,162.749298,5],[731.4198,-456.65506,161.946442,5],[709.889404,-461.761169,161.001465,5]],"renderPriority":9,"startEndFade":[1,2]}
{"class":"TSStatic","__parent":"Mountain Trail","position":[555.400452,-545.02063,164.642258],"isRenderEnabled":false,"rotationMatrix":[0.14174819,0.135717154,-0.980555236,-0.00152475387,-0.990526199,-0.137317613,-0.989901721,0.0209596418,-0.140198708],"scale":[1.38953471,1.48696232,1.91983104],"shapeName":"/levels/west_coast_usa/art/shapes/rocksJV/s_rocks_desert_large_03.dae","useInstanceRenderData":true}
{"class":"TSStatic","__parent":"Mountain Trail","position":[543.149475,-548.93158,165.352264],"isRenderEnabled":false,"rotationMatrix":[-0.195951581,-0.0107125938,-0.980555177,0.646101356,0.75079751,-0.137317598,0.737669468,-0.660445571,-0.140198588],"scale":[1.38953471,1.48696232,1.91983104],"shapeName":"/levels/west_coast_usa/art/shapes/rocksJV/s_rocks_desert_large_03.dae","useInstanceRenderData":true}
{"class":"TSStatic","__parent":"Mountain Trail","position":[545.817688,-560.035217,169.699493],"isRenderEnabled":false,"rotationMatrix":[0.126690924,0.149870902,-0.980554819,0.10264653,-0.985193849,-0.137317717,-0.98661685,-0.0832536742,-0.140198588],"scale":[1.38953471,1.48696232,1.91983104],"shapeName":"/levels/west_coast_usa/art/shapes/rocksJV/s_rocks_desert_large_03.dae","useInstanceRenderData":true}
{"class":"TSStatic","__parent":"Mountain Trail","position":[551.267761,-573.365845,174.392014],"isRenderEnabled":false,"rotationMatrix":[0.795205474,0.589143574,-0.143381387,-0.595294416,0.803507686,-4.09781933e-08,0.11520803,0.0853541642,0.989667535],"scale":[1.71507001,1.70713115,2.36960196],"shapeName":"/levels/west_coast_usa/art/shapes/rocksJV/s_rocks_desert_large_03.dae","useInstanceRenderData":true}
