{"class":"DecalRoad","persistentId":"1fc5f46b-bb33-4243-b5e8-f87be3b507a4","__parent":"SimGroup_","position":[361.596497,35.0278549,128.288849],"drivability":1,"improvedSpline":true,"material":"road_invisible","nodes":[[361.596497,35.0278549,128.288849,11],[375.765106,46.114296,128.269897,11],[415.917725,77.3271255,128.205597,7],[435.788757,100.92305,128.085327,7],[441.713257,118.089417,128.080261,7],[441.555786,136.712051,128.075516,7],[436.029388,152.049332,128.031403,7],[426.613617,165.948761,128.03772,7],[416.627472,174.793762,128.04834,7],[402.945892,181.831772,128.052155,7],[386.209442,184.992691,128.066849,7],[370.858673,182.894196,128.048615,7],[355.376007,177.868149,128.193085,7],[341.469849,171.39595,128.468094,7],[316.359314,152.562332,128.490891,7],[247.64592,101.055382,128.575424,7],[216.411133,69.394989,127.988365,7],[207.196365,55.3667984,127.922363,7],[202.047791,39.2813721,127.968994,7],[202.214584,29.1233215,127.938545,7],[205.98938,12.079422,127.971413,7],[212.847122,-0.389465332,127.95472,7],[223.644348,-12.8345718,127.991989,7],[234.58284,-20.472847,128.005234,7],[251.479492,-26.1736679,128.00885,7],[263.112,-27.0640488,128.058716,7],[276.69165,-24.6302261,128.124725,7],[295.439148,-14.6107407,128.216919,7],[319.51474,2.7909317,128.299942,11],[348.997314,26.2803116,128.219177,11],[366.743713,39.2603302,128.26886,11]]}
{"name":"SimGroup_","class":"SimGroup","groupPosition":"322.02957830014 77.545052863463 127.6635779671"}
{"class":"TSStatic","__parent":"SimGroup_","position":[332.707031,6.78938293,128.81694],"isRenderEnabled":false,"rotationMatrix":[-0.794696927,-0.606998324,-0.00320461951,0.603600383,-0.790784717,0.10161911,-0.0642167777,0.0788220614,0.994818211],"shapeName":"/levels/west_coast_usa/art/shapes/objects/barrierfence_plain.dae","useInstanceRenderData":true}
{"class":"TSStatic","__parent":"SimGroup_","position":[323.517059,-0.230499268,128.784439],"isRenderEnabled":false,"rotationMatrix":[-0.794440985,-0.607339442,-0.00138484687,0.603937209,-0.790227532,0.103922024,-0.0642102957,0.0817235708,0.994584501],"shapeName":"/levels/west_coast_usa/art/shapes/objects/barrierfence_plain.dae","useInstanceRenderData":true}
{"class":"TSStatic","__parent":"SimGroup_","position":[325.830475,1.53834534,128.796127],"isRenderEnabled":false,"rotationMatrix":[-0.794697285,-0.606998086,-0.00320234336,0.603600144,-0.790784717,0.101622097,-0.0642167702,0.0788258389,0.994817913],"shapeName":"/levels/west_coast_usa/art/shapes/objects/barrierfence_plain.dae","useInstanceRenderData":true}
{"class":"TSStatic","__parent":"SimGroup_","position":[328.144958,3.3057785,128.80304],"isRenderEnabled":false,"rotationMatrix":[-0.794495583,-0.607239008,-0.00607492775,0.603218436,-0.790309668,0.107412592,-0.070026204,0.0816743523,0.994195998],"shapeName":"/levels/west_coast_usa/art/shapes/objects/barrierfence_plain.dae","useInstanceRenderData":true}
{"class":"TSStatic","__parent":"SimGroup_","position":[330.459747,5.07286835,128.807877],"isRenderEnabled":false,"rotationMatrix":[-0.794696927,-0.606998324,-0.00320461951,0.603600383,-0.790784717,0.10161911,-0.0642167777,0.0788220614,0.994818211],"shapeName":"/levels/west_coast_usa/art/shapes/objects/barrierfence_plain.dae","useInstanceRenderData":true}
{"class":"TSStatic","__parent":"SimGroup_","position":[437.652435,119.269218,127.638771],"isRenderEnabled":false,"rotationMatrix":[0.136433959,0.990628898,-0.0063364096,-0.985368311,0.135044396,-0.103981987,-0.102151871,0.0204303749,0.99455899],"shapeName":"/levels/west_coast_usa/art/shapes/objects/barrierfence_plain.dae","useInstanceRenderData":true}
{"class":"TSStatic","__parent":"SimGroup_","position":[437.971649,122.163826,127.634392],"isRenderEnabled":false,"rotationMatrix":[0.108811855,0.994062364,-0.000172775239,-0.988495886,0.108184159,-0.10569872,-0.105052426,0.0116720684,0.994398177],"shapeName":"/levels/west_coast_usa/art/shapes/objects/barrierfence_plain.dae","useInstanceRenderData":true}
{"class":"TSStatic","__parent":"SimGroup_","position":[438.159454,125.069176,127.63797],"isRenderEnabled":false,"rotationMatrix":[0.0526308417,0.998614013,-0.000302530825,-0.99307245,0.0523068905,-0.105219454,-0.105057798,0.00583822653,0.99444896],"shapeName":"/levels/west_coast_usa/art/shapes/objects/barrierfence_plain.dae","useInstanceRenderData":true}
{"class":"TSStatic","__parent":"SimGroup_","position":[438.155029,127.979568,127.63089],"isRenderEnabled":false,"rotationMatrix":[-0.032525897,0.999465287,-0.00334075838,-0.994234741,-0.0326969624,-0.102118567,-0.102173202,0,0.994766653],"shapeName":"/levels/west_coast_usa/art/shapes/objects/barrierfence_plain.dae","useInstanceRenderData":true}
{"class":"TSStatic","__parent":"SimGroup_","position":[437.998016,130.887161,127.630127],"isRenderEnabled":false,"rotationMatrix":[-0.0657505989,0.997835457,-0.00109186769,-0.99229008,-0.0655003786,-0.105214007,-0.105057791,-0.00583443791,0.994449019],"shapeName":"/levels/west_coast_usa/art/shapes/objects/barrierfence_plain.dae","useInstanceRenderData":true}
{"class":"TSStatic","__parent":"SimGroup_","position":[437.721161,133.785538,127.633957],"isRenderEnabled":false,"rotationMatrix":[-0.109413385,0.993991792,0.00302427635,-0.988429844,-0.108478665,-0.106013432,-0.105048403,-0.0145885795,0.994360089],"shapeName":"/levels/west_coast_usa/art/shapes/objects/barrierfence_plain.dae","useInstanceRenderData":true}
{"class":"TSStatic","__parent":"SimGroup_","position":[437.294373,136.665222,127.640884],"isRenderEnabled":false,"rotationMatrix":[-0.165449739,0.98621428,0.00278015062,-0.980608702,-0.164207816,-0.106968835,-0.105037674,-0.0204242058,0.994258463],"shapeName":"/levels/west_coast_usa/art/shapes/objects/barrierfence_plain.dae","useInstanceRenderData":true}
{"class":"TSStatic","__parent":"SimGroup_","position":[436.700958,139.515045,127.644875],"isRenderEnabled":false,"rotationMatrix":[-0.225192308,0.974310875,0.00260104984,-0.96894598,-0.22367084,-0.1054281,-0.102137968,-0.0262618773,0.994423509],"shapeName":"/levels/west_coast_usa/art/shapes/objects/barrierfence_plain.dae","useInstanceRenderData":true}
{"class":"TSStatic","__parent":"SimGroup_","position":[435.859924,142.302002,127.636948],"isRenderEnabled":false,"rotationMatrix":[-0.308232546,0.95130688,-0.00284071267,-0.946120441,-0.306860805,-0.103405371,-0.0992419422,-0.0291852355,0.994635224],"shapeName":"/levels/west_coast_usa/art/shapes/objects/barrierfence_plain.dae","useInstanceRenderData":true}
{"class":"TSStatic","__parent":"SimGroup_","position":[434.855347,145.034378,127.630737],"isRenderEnabled":false,"rotationMatrix":[-0.361157656,0.932492077,-0.00487364829,-0.92751497,-0.359760046,-0.101433508,-0.0963392854,-0.0321130976,0.99483037],"shapeName":"/levels/west_coast_usa/art/shapes/objects/barrierfence_plain.dae","useInstanceRenderData":true}
{"class":"TSStatic","__parent":"SimGroup_","position":[433.708038,147.710251,127.623283],"isRenderEnabled":false,"rotationMatrix":[-0.406839252,0.913499594,-0.000674322248,-0.908710718,-0.404781699,-0.101963922,-0.093416959,-0.0408701561,0.994787872],"shapeName":"/levels/west_coast_usa/art/shapes/objects/barrierfence_plain.dae","useInstanceRenderData":true}
{"class":"TSStatic","__parent":"SimGroup_","position":[432.437653,150.330078,127.616135],"isRenderEnabled":false,"rotationMatrix":[-0.447489262,0.894285321,-0.00265764445,-0.889397979,-0.445350051,-0.103123501,-0.0934054181,-0.0437829532,0.994665027],"shapeName":"/levels/west_coast_usa/art/shapes/objects/barrierfence_plain.dae","useInstanceRenderData":true}
{"class":"TSStatic","__parent":"SimGroup_","position":[431.054626,152.892288,127.612808],"isRenderEnabled":false,"rotationMatrix":[-0.485401869,0.874290943,-0.000541266054,-0.869595885,-0.482859135,-0.103198834,-0.0904871523,-0.0496222302,0.994660616],"shapeName":"/levels/west_coast_usa/art/shapes/objects/barrierfence_plain.dae","useInstanceRenderData":true}
{"class":"TSStatic","__parent":"SimGroup_","position":[429.561584,155.391998,127.607574],"isRenderEnabled":false,"rotationMatrix":[-0.522329688,0.852736652,-0.00344501436,-0.848233402,-0.519977808,-0.100613713,-0.0875883251,-0.0496313572,0.994919598],"shapeName":"/levels/west_coast_usa/art/shapes/objects/barrierfence_plain.dae","useInstanceRenderData":true}
{"class":"TSStatic","__parent":"SimGroup_","position":[427.950989,157.817596,127.614815],"isRenderEnabled":false,"rotationMatrix":[-0.562248945,0.826954186,0.00476303697,-0.822918475,-0.558917165,-0.102062114,-0.0817385539,-0.061303921,0.994766653],"shapeName":"/levels/west_coast_usa/art/shapes/objects/barrierfence_plain.dae","useInstanceRenderData":true}
{"class":"TSStatic","__parent":"SimGroup_","position":[426.228912,160.165054,127.614197],"isRenderEnabled":false,"rotationMatrix":[-0.604156256,0.796863854,0.00180282071,-0.79266423,-0.600737095,-0.103915632,-0.0817235857,-0.0642103106,0.994584501],"shapeName":"/levels/west_coast_usa/art/shapes/objects/barrierfence_plain.dae","useInstanceRenderData":true}
{"class":"TSStatic","__parent":"SimGroup_","position":[424.391205,162.422836,127.621834],"isRenderEnabled":false,"rotationMatrix":[-0.647150517,0.76235944,0.00208102539,-0.758574069,-0.643660665,-0.10132283,-0.0759049356,-0.0671497434,0.99485141],"shapeName":"/levels/west_coast_usa/art/shapes/objects/barrierfence_plain.dae","useInstanceRenderData":true}
{"class":"TSStatic","__parent":"SimGroup_","position":[422.436188,164.579636,127.620178],"isRenderEnabled":false,"rotationMatrix":[-0.690279722,0.723538637,0.00244002417,-0.71985352,-0.68641603,-0.103169918,-0.072972551,-0.072972551,0.994660735],"shapeName":"/levels/west_coast_usa/art/shapes/objects/barrierfence_plain.dae","useInstanceRenderData":true}
{"class":"TSStatic","__parent":"SimGroup_","position":[420.370483,166.630814,127.625328],"isRenderEnabled":false,"rotationMatrix":[-0.728511453,0.685032904,0.000962257385,-0.681442559,-0.724548221,-0.103276089,-0.0700503141,-0.0758935362,0.994652271],"shapeName":"/levels/west_coast_usa/art/shapes/objects/barrierfence_plain.dae","useInstanceRenderData":true}
{"class":"TSStatic","__parent":"SimGroup_","position":[418.184753,168.553726,127.622429],"isRenderEnabled":false,"rotationMatrix":[-0.769109249,0.639110923,0.00286119804,-0.635883689,-0.764760375,-0.103891879,-0.0642103106,-0.0817235857,0.994584501],"shapeName":"/levels/west_coast_usa/art/shapes/objects/barrierfence_plain.dae","useInstanceRenderData":true}
{"class":"TSStatic","__parent":"SimGroup_","position":[415.902588,170.36145,127.624649],"isRenderEnabled":false,"rotationMatrix":[-0.798272133,0.602291048,0.0026372131,-0.599459589,-0.794079661,-0.100427121,-0.0583922043,-0.0817490816,0.994940937],"shapeName":"/levels/west_coast_usa/art/shapes/objects/barrierfence_plain.dae","useInstanceRenderData":true}
{"class":"TSStatic","__parent":"SimGroup_","position":[413.532745,172.052597,127.625031],"isRenderEnabled":false,"rotationMatrix":[-0.826068878,0.563567936,0.00112962537,-0.560538471,-0.821417451,-0.105213612,-0.0583671257,-0.0875468999,0.994449019],"shapeName":"/levels/west_coast_usa/art/shapes/objects/barrierfence_plain.dae","useInstanceRenderData":true}
{"class":"TSStatic","__parent":"SimGroup_","position":[411.079529,173.62027,127.62529],"isRenderEnabled":false,"rotationMatrix":[-0.853169203,0.521628618,0.00238786824,-0.518982172,-0.84836185,-0.104591683,-0.0525322407,-0.0904736668,0.994512379],"shapeName":"/levels/west_coast_usa/art/shapes/objects/barrierfence_plain.dae","useInstanceRenderData":true}
{"class":"TSStatic","__parent":"SimGroup_","position":[408.545868,175.054108,127.631424],"isRenderEnabled":false,"rotationMatrix":[-0.879332542,0.476195961,0.00343023241,-0.473913461,-0.874366045,-0.10435608,-0.0466946624,-0.0933893323,0.994534075],"shapeName":"/levels/west_coast_usa/art/shapes/objects/barrierfence_plain.dae","useInstanceRenderData":true}
{"class":"TSStatic","__parent":"SimGroup_","position":[405.93396,176.339813,127.632179],"isRenderEnabled":false,"rotationMatrix":[-0.904716969,0.426013112,2.87722796e-05,-0.423449218,-0.899264574,-0.109607615,-0.0466684103,-0.0991760567,0.993974924],"shapeName":"/levels/west_coast_usa/art/shapes/objects/barrierfence_plain.dae","useInstanceRenderData":true}
{"class":"TSStatic","__parent":"SimGroup_","position":[403.251434,177.471191,127.626038],"isRenderEnabled":false,"rotationMatrix":[-0.926930308,0.375228137,0.00207467377,-0.373311371,-0.92160821,-0.106194101,-0.0379349776,-0.0992090181,0.994343281],"shapeName":"/levels/west_coast_usa/art/shapes/objects/barrierfence_plain.dae","useInstanceRenderData":true}
{"class":"TSStatic","__parent":"SimGroup_","position":[400.5065,178.442657,127.630371],"isRenderEnabled":false,"rotationMatrix":[-0.957237005,0.289301902,-0.00118517783,-0.287518591,-0.951774955,-0.107038602,-0.0320944935,-0.102120563,0.994254172],"shapeName":"/levels/west_coast_usa/art/shapes/objects/barrierfence_plain.dae","useInstanceRenderData":true}
{"class":"TSStatic","__parent":"SimGroup_","position":[397.712738,179.26326,127.633812],"isRenderEnabled":false,"rotationMatrix":[-0.968821049,0.247761443,-0.000141678378,-0.246365324,-0.96342206,-0.105461016,-0.0262656715,-0.102137953,0.994423449],"shapeName":"/levels/west_coast_usa/art/shapes/objects/barrierfence_plain.dae","useInstanceRenderData":true}
{"class":"TSStatic","__parent":"SimGroup_","position":[394.882477,179.946655,127.636925],"isRenderEnabled":false,"rotationMatrix":[-0.978619218,0.20566605,-0.00245371461,-0.204350606,-0.973576069,-0.101934254,-0.0233532935,-0.0992534012,0.99478811],"shapeName":"/levels/west_coast_usa/art/shapes/objects/barrierfence_plain.dae","useInstanceRenderData":true}
{"class":"TSStatic","__parent":"SimGroup_","position":[392.021698,180.487427,127.644058],"isRenderEnabled":false,"rotationMatrix":[-0.987009406,0.160587028,0.00490489975,-0.160236821,-0.981719851,-0.102714598,-0.0116793942,-0.102166235,0.994698763],"shapeName":"/levels/west_coast_usa/art/shapes/objects/barrierfence_plain.dae","useInstanceRenderData":true}
{"class":"TSStatic","__parent":"SimGroup_","position":[389.135925,180.872696,127.653702],"isRenderEnabled":false,"rotationMatrix":[-0.993599534,0.112915136,0.00318086264,-0.112620123,-0.988035202,-0.105371758,-0.00875526201,-0.105055556,0.9944278],"shapeName":"/levels/west_coast_usa/art/shapes/objects/barrierfence_plain.dae","useInstanceRenderData":true}
{"class":"TSStatic","__parent":"SimGroup_","position":[386.231232,181.06929,127.656219],"isRenderEnabled":false,"rotationMatrix":[-0.99850297,0.0546335168,0.002682338,-0.054621432,-0.99326539,-0.102179229,-0.00291813724,-0.102172762,0.994762361],"shapeName":"/levels/west_coast_usa/art/shapes/objects/barrierfence_plain.dae","useInstanceRenderData":true}
{"class":"TSStatic","__parent":"SimGroup_","position":[383.319885,181.050522,127.66021],"isRenderEnabled":false,"rotationMatrix":[-0.998144031,-0.0607937537,-0.00349445059,0.0608241819,-0.992605805,-0.105041519,0.00291725551,-0.105059132,0.994461715],"shapeName":"/levels/west_coast_usa/art/shapes/objects/barrierfence_plain.dae","useInstanceRenderData":true}
{"class":"TSStatic","__parent":"SimGroup_","position":[380.416077,180.83815,127.661171],"isRenderEnabled":false,"rotationMatrix":[-0.993978381,-0.109575741,0.000412540045,0.108952709,-0.98871398,-0.102830395,0.0116756,-0.102166235,0.994698822],"shapeName":"/levels/west_coast_usa/art/shapes/objects/barrierfence_plain.dae","useInstanceRenderData":true}
{"class":"TSStatic","__parent":"SimGroup_","position":[377.528168,180.468033,127.656166],"isRenderEnabled":false,"rotationMatrix":[-0.988319039,-0.152388796,0.00175099447,0.151389167,-0.983026743,-0.103633143,0.0175138041,-0.102157526,0.994614065],"shapeName":"/levels/west_coast_usa/art/shapes/objects/barrierfence_plain.dae","useInstanceRenderData":true}
{"class":"TSStatic","__parent":"SimGroup_","position":[374.660492,179.963516,127.660248],"isRenderEnabled":false,"rotationMatrix":[-0.982073426,-0.188497216,0.000813928433,0.187388539,-0.976747036,-0.10416802,0.0204303823,-0.102148123,0.994559407],"shapeName":"/levels/west_coast_usa/art/shapes/objects/barrierfence_plain.dae","useInstanceRenderData":true}
{"class":"TSStatic","__parent":"SimGroup_","position":[371.819214,179.326843,127.664345],"isRenderEnabled":false,"rotationMatrix":[-0.973578572,-0.228308678,0.0044515999,0.22648108,-0.967908502,-0.108900376,0.0291716419,-0.105014868,0.994042695],"shapeName":"/levels/west_coast_usa/art/shapes/objects/barrierfence_plain.dae","useInstanceRenderData":true}
{"class":"TSStatic","__parent":"SimGroup_","position":[369.014771,178.544128,127.672462],"isRenderEnabled":false,"rotationMatrix":[-0.960765362,-0.277362257,0.000516965054,0.275822967,-0.95562613,-0.103443094,0.0291852355,-0.0992419347,0.994635224],"shapeName":"/levels/west_coast_usa/art/shapes/objects/barrierfence_plain.dae","useInstanceRenderData":true}
{"class":"TSStatic","__parent":"SimGroup_","position":[366.259399,177.602554,127.67392],"isRenderEnabled":false,"rotationMatrix":[-0.944256425,-0.329138339,0.00692038052,0.326665699,-0.939357638,-0.104388118,0.0408588424,-0.0963084996,0.994512558],"shapeName":"/levels/west_coast_usa/art/shapes/objects/barrierfence_plain.dae","useInstanceRenderData":true}
{"class":"TSStatic","__parent":"SimGroup_","position":[363.563232,176.502426,127.674927],"isRenderEnabled":false,"rotationMatrix":[-0.905413151,-0.424529999,-0.00125878491,0.422269374,-0.900278211,-0.105773643,0.0437708274,-0.0963003784,0.994389415],"shapeName":"/levels/west_coast_usa/art/shapes/objects/barrierfence_plain.dae","useInstanceRenderData":true}
{"class":"TSStatic","__parent":"SimGroup_","position":[360.92923,175.260635,127.673805],"isRenderEnabled":false,"rotationMatrix":[-0.879874706,-0.475205064,0.000666759908,0.472607613,-0.875210166,-0.10319481,0.0496222563,-0.0904834047,0.994660914],"shapeName":"/levels/west_coast_usa/art/shapes/objects/barrierfence_plain.dae","useInstanceRenderData":true}
{"class":"TSStatic","__parent":"SimGroup_","position":[358.370972,173.86969,127.671867],"isRenderEnabled":false,"rotationMatrix":[-0.851887345,-0.523693919,-0.00571797602,0.521086693,-0.846450686,-0.109498337,0.0525036231,-0.0962598026,0.993970513],"shapeName":"/levels/west_coast_usa/art/shapes/objects/barrierfence_plain.dae","useInstanceRenderData":true}
{"class":"TSStatic","__parent":"SimGroup_","position":[355.893921,172.338531,127.664795],"isRenderEnabled":false,"rotationMatrix":[-0.829234123,-0.558901191,-0.000538308173,0.555845857,-0.824599504,-0.105219349,0.0583633296,-0.0875506848,0.9944489],"shapeName":"/levels/west_coast_usa/art/shapes/objects/barrierfence_plain.dae","useInstanceRenderData":true}
{"class":"TSStatic","__parent":"SimGroup_","position":[353.479156,170.710785,127.65612],"isRenderEnabled":false,"rotationMatrix":[-0.814967155,-0.579506576,-0.000795898959,0.576258719,-0.810252786,-0.106846936,0.061273627,-0.0875353888,0.994275153],"shapeName":"/levels/west_coast_usa/art/shapes/objects/barrierfence_plain.dae","useInstanceRenderData":true}
{"class":"TSStatic","__parent":"SimGroup_","position":[351.105927,169.023041,127.654869],"isRenderEnabled":false,"rotationMatrix":[-0.814817429,-0.57971561,0.00156674907,0.576154232,-0.810105085,-0.108517632,0.0641786009,-0.0875193626,0.994093299],"shapeName":"/levels/west_coast_usa/art/shapes/objects/barrierfence_plain.dae","useInstanceRenderData":true}
{"class":"TSStatic","__parent":"SimGroup_","position":[348.749512,167.311859,127.662224],"isRenderEnabled":false,"rotationMatrix":[-0.808671951,-0.588255942,0.00214376487,0.584746659,-0.804234862,-0.106196336,0.0641947165,-0.0846244469,0.994342864],"shapeName":"/levels/west_coast_usa/art/shapes/objects/barrierfence_plain.dae","useInstanceRenderData":true}
{"class":"TSStatic","__parent":"SimGroup_","position":[346.391602,165.602737,127.668625],"isRenderEnabled":false,"rotationMatrix":[-0.809939861,-0.586508155,0.00237659365,0.582989335,-0.805510759,-0.106188394,0.0641947314,-0.0846206769,0.994343162],"shapeName":"/levels/west_coast_usa/art/shapes/objects/barrierfence_plain.dae","useInstanceRenderData":true}
{"class":"TSStatic","__parent":"SimGroup_","position":[344.04364,163.880081,127.672462],"isRenderEnabled":false,"rotationMatrix":[-0.803057551,-0.595894575,0.00288458914,0.592431664,-0.79889369,-0.103893556,0.064214088,-0.0817235783,0.994584262],"shapeName":"/levels/west_coast_usa/art/shapes/objects/barrierfence_plain.dae","useInstanceRenderData":true}
{"class":"TSStatic","__parent":"SimGroup_","position":[341.704773,162.144989,127.679764],"isRenderEnabled":false,"rotationMatrix":[-0.803168893,-0.595750213,0.00115295127,0.592282653,-0.798699617,-0.106208727,0.0641947389,-0.0846206695,0.994343162],"shapeName":"/levels/west_coast_usa/art/shapes/objects/barrierfence_plain.dae","useInstanceRenderData":true}
{"class":"TSStatic","__parent":"SimGroup_","position":[339.365906,160.409912,127.683884],"isRenderEnabled":false,"rotationMatrix":[-0.80331409,-0.595554352,-0.0011775326,0.592393517,-0.79884398,-0.104490384,0.0612890422,-0.0846361667,0.994525194],"shapeName":"/levels/west_coast_usa/art/shapes/objects/barrierfence_plain.dae","useInstanceRenderData":true}
{"class":"TSStatic","__parent":"SimGroup_","position":[337.051025,158.643158,127.680428],"isRenderEnabled":false,"rotationMatrix":[-0.790781498,-0.612090766,0.00307794288,0.608407915,-0.786554933,-0.105693638,0.0671150684,-0.0817079395,0.994394004],"shapeName":"/levels/west_coast_usa/art/shapes/objects/barrierfence_plain.dae","useInstanceRenderData":true}
{"class":"TSStatic","__parent":"SimGroup_","position":[334.747314,156.861664,127.67556],"isRenderEnabled":false,"rotationMatrix":[-0.79093647,-0.611897826,0.000784028322,0.608520031,-0.786703467,-0.10392832,0.0642103106,-0.0817235932,0.994584501],"shapeName":"/levels/west_coast_usa/art/shapes/objects/barrierfence_plain.dae","useInstanceRenderData":true}
{"class":"TSStatic","__parent":"SimGroup_","position":[332.443573,155.08017,127.680992],"isRenderEnabled":false,"rotationMatrix":[-0.791193604,-0.611557007,-0.00329168327,0.608487368,-0.786660194,-0.104446009,0.0612852424,-0.0846399516,0.994525135],"shapeName":"/levels/west_coast_usa/art/shapes/objects/barrierfence_plain.dae","useInstanceRenderData":true}
{"class":"TSStatic","__parent":"SimGroup_","position":[330.145233,153.291794,127.677208],"isRenderEnabled":false,"rotationMatrix":[-0.787782073,-0.615944922,-0.0033682622,0.612601459,-0.782912731,-0.108476669,0.0641786009,-0.0875193775,0.994093299],"shapeName":"/levels/west_coast_usa/art/shapes/objects/barrierfence_plain.dae","useInstanceRenderData":true}
{"class":"TSStatic","__parent":"SimGroup_","position":[327.851593,151.49733,127.671959],"isRenderEnabled":false,"rotationMatrix":[-0.787548304,-0.616252899,0.000207446516,0.612898588,-0.783296704,-0.103931062,0.0642103106,-0.0817235932,0.994584501],"shapeName":"/levels/west_coast_usa/art/shapes/objects/barrierfence_plain.dae","useInstanceRenderData":true}
{"class":"TSStatic","__parent":"SimGroup_","position":[325.557953,149.702881,127.667076],"isRenderEnabled":false,"rotationMatrix":[-0.787827134,-0.615881026,-0.00436919741,0.613122284,-0.783586025,-0.100369759,0.0583921894,-0.0817528591,0.994940639],"shapeName":"/levels/west_coast_usa/art/shapes/objects/barrierfence_plain.dae","useInstanceRenderData":true}
{"class":"TSStatic","__parent":"SimGroup_","position":[323.263397,147.909637,127.667526],"isRenderEnabled":false,"rotationMatrix":[-0.791062474,-0.611723363,-0.00383466296,0.608941734,-0.786836147,-0.100393772,0.0583959669,-0.0817528367,0.9949404],"shapeName":"/levels/west_coast_usa/art/shapes/objects/barrierfence_plain.dae","useInstanceRenderData":true}
{"class":"TSStatic","__parent":"SimGroup_","position":[320.960144,146.127548,127.661743],"isRenderEnabled":false,"rotationMatrix":[-0.790780187,-0.612099528,0.000757377595,0.608722806,-0.78654635,-0.103928506,0.0642103106,-0.0817235857,0.994584501],"shapeName":"/levels/west_coast_usa/art/shapes/objects/barrierfence_plain.dae","useInstanceRenderData":true}
{"class":"TSStatic","__parent":"SimGroup_","position":[318.656891,144.345444,127.661255],"isRenderEnabled":false,"rotationMatrix":[-0.790780187,-0.612099528,0.000757377595,0.608722806,-0.78654635,-0.103928506,0.0642103106,-0.0817235857,0.994584501],"shapeName":"/levels/west_coast_usa/art/shapes/objects/barrierfence_plain.dae","useInstanceRenderData":true}
{"class":"TSStatic","__parent":"SimGroup_","position":[316.353638,142.563354,127.662598],"isRenderEnabled":false,"rotationMatrix":[-0.79092598,-0.611909926,-0.00153782219,0.608833253,-0.7866925,-0.102161631,0.061303921,-0.0817385614,0.994766653],"shapeName":"/levels/west_coast_usa/art/shapes/objects/barrierfence_plain.dae","useInstanceRenderData":true}
{"class":"TSStatic","__parent":"SimGroup_","position":[314.045654,140.787384,127.658127],"isRenderEnabled":false,"rotationMatrix":[-0.795087099,-0.606495321,-0.000280212611,0.603088081,-0.790571332,-0.106216885,0.0641985089,-0.084620662,0.994342923],"shapeName":"/levels/west_coast_usa/art/shapes/objects/barrierfence_plain.dae","useInstanceRenderData":true}
{"class":"TSStatic","__parent":"SimGroup_","position":[311.730347,139.021011,127.658287],"isRenderEnabled":false,"rotationMatrix":[-0.794818997,-0.606834888,0.00378764793,0.603123546,-0.790617466,-0.105670072,0.0671188682,-0.0817041472,0.994394004],"shapeName":"/levels/west_coast_usa/art/shapes/objects/barrierfence_plain.dae","useInstanceRenderData":true}
{"class":"TSStatic","__parent":"SimGroup_","position":[309.415009,137.254639,127.660233],"isRenderEnabled":false,"rotationMatrix":[-0.794973969,-0.60664171,0.00147657841,0.603235781,-0.790763617,-0.10392078,0.0642103106,-0.0817235932,0.994584501],"shapeName":"/levels/west_coast_usa/art/shapes/objects/barrierfence_plain.dae","useInstanceRenderData":true}
{"class":"TSStatic","__parent":"SimGroup_","position":[307.098358,135.48999,127.661308],"isRenderEnabled":false,"rotationMatrix":[-0.796132565,-0.60511744,-0.00243394636,0.602010489,-0.791624784,-0.104468673,0.0612890422,-0.0846361667,0.994525194],"shapeName":"/levels/west_coast_usa/art/shapes/objects/barrierfence_plain.dae","useInstanceRenderData":true}
{"class":"TSStatic","__parent":"SimGroup_","position":[304.780334,133.727142,127.660255],"isRenderEnabled":false,"rotationMatrix":[-0.795765519,-0.605595171,0.00339019671,0.602189481,-0.791859269,-0.101620346,0.0642253608,-0.0788244456,0.994817495],"shapeName":"/levels/west_coast_usa/art/shapes/objects/barrierfence_plain.dae","useInstanceRenderData":true}
{"class":"TSStatic","__parent":"SimGroup_","position":[302.462341,131.964279,127.661896],"isRenderEnabled":false,"rotationMatrix":[-0.795765519,-0.605595171,0.00339019671,0.602189481,-0.791859269,-0.101620346,0.0642253608,-0.0788244456,0.994817495],"shapeName":"/levels/west_coast_usa/art/shapes/objects/barrierfence_plain.dae","useInstanceRenderData":true}
{"class":"TSStatic","__parent":"SimGroup_","position":[300.143951,130.20192,127.656769],"isRenderEnabled":false,"rotationMatrix":[-0.796632409,-0.604459405,-0.00234713592,0.601348758,-0.792127252,-0.104470655,0.0612890422,-0.0846361667,0.994525194],"shapeName":"/levels/west_coast_usa/art/shapes/objects/barrierfence_plain.dae","useInstanceRenderData":true}
{"class":"TSStatic","__parent":"SimGroup_","position":[297.824493,128.440948,127.659615],"isRenderEnabled":false,"rotationMatrix":[-0.796265602,-0.604937434,0.00347458571,0.601528406,-0.792362094,-0.1016175,0.0642253533,-0.0788244456,0.994817495],"shapeName":"/levels/west_coast_usa/art/shapes/objects/barrierfence_plain.dae","useInstanceRenderData":true}
{"class":"TSStatic","__parent":"SimGroup_","position":[295.505066,126.67997,127.662437],"isRenderEnabled":false,"rotationMatrix":[-0.796488523,-0.604653895,-3.60570848e-05,0.601236522,-0.791980624,-0.106214978,0.0641947389,-0.0846206769,0.994343162],"shapeName":"/levels/west_coast_usa/art/shapes/objects/barrierfence_plain.dae","useInstanceRenderData":true}
{"class":"TSStatic","__parent":"SimGroup_","position":[293.185608,124.918999,127.66404],"isRenderEnabled":false,"rotationMatrix":[-0.796603441,-0.604499757,-0.00178809464,0.601085484,-0.791783214,-0.10851644,0.0641823784,-0.0875193626,0.99409306],"shapeName":"/levels/west_coast_usa/art/shapes/objects/barrierfence_plain.dae","useInstanceRenderData":true}
{"class":"TSStatic","__parent":"SimGroup_","position":[290.865692,123.158661,127.665001],"isRenderEnabled":false,"rotationMatrix":[-0.796586514,-0.604522109,0.0017571561,0.601104856,-0.792385578,-0.103913464,0.0642103255,-0.0817198232,0.994584799],"shapeName":"/levels/west_coast_usa/art/shapes/objects/barrierfence_plain.dae","useInstanceRenderData":true}
{"class":"TSStatic","__parent":"SimGroup_","position":[288.545685,121.39846,127.665733],"isRenderEnabled":false,"rotationMatrix":[-0.796699286,-0.60437578,1.22189522e-06,0.600956857,-0.792192578,-0.10621497,0.0641947314,-0.0846206695,0.994343162],"shapeName":"/levels/west_coast_usa/art/shapes/objects/barrierfence_plain.dae","useInstanceRenderData":true}
{"class":"TSStatic","__parent":"SimGroup_","position":[286.225647,119.63826,127.6661],"isRenderEnabled":false,"rotationMatrix":[-0.796732426,-0.604331851,-0.000557310879,0.601214767,-0.792528629,-0.102171674,0.0613039173,-0.0817385614,0.994766653],"shapeName":"/levels/west_coast_usa/art/shapes/objects/barrierfence_plain.dae","useInstanceRenderData":true}
{"class":"TSStatic","__parent":"SimGroup_","position":[283.90564,117.878006,127.666939],"isRenderEnabled":false,"rotationMatrix":[-0.796777606,-0.604268312,-0.00232193433,0.601156592,-0.792273164,-0.104471222,0.0612890422,-0.0846361667,0.994525194],"shapeName":"/levels/west_coast_usa/art/shapes/objects/barrierfence_plain.dae","useInstanceRenderData":true}
{"class":"TSStatic","__parent":"SimGroup_","position":[281.585785,116.117599,127.669174],"isRenderEnabled":false,"rotationMatrix":[-0.79666698,-0.604418397,-0.000568456948,0.60130167,-0.792462826,-0.102171615,0.061303921,-0.0817385614,0.994766653],"shapeName":"/levels/west_coast_usa/art/shapes/objects/barrierfence_plain.dae","useInstanceRenderData":true}
{"class":"TSStatic","__parent":"SimGroup_","position":[279.2659,114.357193,127.664429],"isRenderEnabled":false,"rotationMatrix":[-0.796633363,-0.604462862,-1.04419887e-05,0.601044416,-0.792126298,-0.106214985,0.0641947389,-0.0846206695,0.994343162],"shapeName":"/levels/west_coast_usa/art/shapes/objects/barrierfence_plain.dae","useInstanceRenderData":true}
{"class":"TSStatic","__parent":"SimGroup_","position":[276.946045,112.596794,127.674057],"isRenderEnabled":false,"rotationMatrix":[-0.796777844,-0.604267895,-0.00232722051,0.601156533,-0.792272925,-0.104471937,0.0612852424,-0.0846399516,0.994525135],"shapeName":"/levels/west_coast_usa/art/shapes/objects/barrierfence_plain.dae","useInstanceRenderData":true}
{"class":"TSStatic","__parent":"SimGroup_","position":[274.626862,110.835457,127.673187],"isRenderEnabled":false,"rotationMatrix":[-0.796190739,-0.605043113,0.0016864948,0.601628721,-0.7919873,-0.103917584,0.0642103106,-0.0817235857,0.994584501],"shapeName":"/levels/west_coast_usa/art/shapes/objects/barrierfence_plain.dae","useInstanceRenderData":true}
{"class":"TSStatic","__parent":"SimGroup_","position":[272.307922,109.07383,127.670906],"isRenderEnabled":false,"rotationMatrix":[-0.796190739,-0.605043471,0.00168949366,0.601628602,-0.7919873,-0.103919864,0.064214088,-0.0817235708,0.994584262],"shapeName":"/levels/west_coast_usa/art/shapes/objects/barrierfence_plain.dae","useInstanceRenderData":true}
{"class":"TSStatic","__parent":"SimGroup_","position":[269.988983,107.312195,127.672348],"isRenderEnabled":false,"rotationMatrix":[-0.796080589,-0.605180621,0.00344569236,0.601772904,-0.792176485,-0.10161557,0.0642253757,-0.0788206682,0.994817793],"shapeName":"/levels/west_coast_usa/art/shapes/objects/barrierfence_plain.dae","useInstanceRenderData":true}
{"class":"TSStatic","__parent":"SimGroup_","position":[267.670746,105.549644,127.676216],"isRenderEnabled":false,"rotationMatrix":[-0.795558095,-0.605875015,0.00157729909,0.602465034,-0.79135108,-0.103919297,0.0642103106,-0.0817235857,0.994584501],"shapeName":"/levels/west_coast_usa/art/shapes/objects/barrierfence_plain.dae","useInstanceRenderData":true}
{"class":"TSStatic","__parent":"SimGroup_","position":[265.353668,103.78553,127.671654],"isRenderEnabled":false,"rotationMatrix":[-0.795403242,-0.606068134,0.0038847439,0.602353096,-0.791204929,-0.10566707,0.0671150684,-0.0817079395,0.994394004],"shapeName":"/levels/west_coast_usa/art/shapes/objects/barrierfence_plain.dae","useInstanceRenderData":true}
{"class":"TSStatic","__parent":"SimGroup_","position":[263.036621,102.021423,127.671028],"isRenderEnabled":false,"rotationMatrix":[-0.795558095,-0.605875015,0.00157729909,0.602465034,-0.79135108,-0.103919297,0.0642103106,-0.0817235857,0.994584501],"shapeName":"/levels/west_coast_usa/art/shapes/objects/barrierfence_plain.dae","useInstanceRenderData":true}
{"class":"TSStatic","__parent":"SimGroup_","position":[260.720367,100.256256,127.676819],"isRenderEnabled":false,"rotationMatrix":[-0.794643164,-0.607070684,-0.00269195437,0.603974938,-0.790127754,-0.10446234,0.0612890422,-0.0846361667,0.994525194],"shapeName":"/levels/west_coast_usa/art/shapes/objects/barrierfence_plain.dae","useInstanceRenderData":true}
{"class":"TSStatic","__parent":"SimGroup_","position":[258.406677,98.4877472,127.676445],"isRenderEnabled":false,"rotationMatrix":[-0.794614434,-0.60711062,-0.00214939192,0.603712678,-0.789783001,-0.108507656,0.0641786009,-0.08751937,0.994093299],"shapeName":"/levels/west_coast_usa/art/shapes/objects/barrierfence_plain.dae","useInstanceRenderData":true}
{"class":"TSStatic","__parent":"SimGroup_","position":[256.092957,96.7192383,127.674629],"isRenderEnabled":false,"rotationMatrix":[-0.794499397,-0.607264876,-0.000388991088,0.603862405,-0.789979815,-0.106217258,0.0641947091,-0.0846244469,0.994342864],"shapeName":"/levels/west_coast_usa/art/shapes/objects/barrierfence_plain.dae","useInstanceRenderData":true}
{"class":"TSStatic","__parent":"SimGroup_","position":[253.775757,94.9553528,127.675041],"isRenderEnabled":false,"rotationMatrix":[-0.796914697,-0.604089081,0.00181162171,0.600669563,-0.792715311,-0.103915483,0.0642103106,-0.0817236006,0.994584501],"shapeName":"/levels/west_coast_usa/art/shapes/objects/barrierfence_plain.dae","useInstanceRenderData":true}
{"class":"TSStatic","__parent":"SimGroup_","position":[251.454742,93.1964493,127.678749],"isRenderEnabled":false,"rotationMatrix":[-0.797197819,-0.603711665,-0.00281625241,0.600887358,-0.792999864,-0.100427508,0.0583959706,-0.0817528367,0.9949404],"shapeName":"/levels/west_coast_usa/art/shapes/objects/barrierfence_plain.dae","useInstanceRenderData":true}
{"class":"TSStatic","__parent":"SimGroup_","position":[249.133728,91.4375458,127.677818],"isRenderEnabled":false,"rotationMatrix":[-0.796914697,-0.604089081,0.00181162171,0.600669563,-0.792715311,-0.103915483,0.0642103106,-0.0817236006,0.994584501],"shapeName":"/levels/west_coast_usa/art/shapes/objects/barrierfence_plain.dae","useInstanceRenderData":true}
{"class":"TSStatic","__parent":"SimGroup_","position":[246.810226,89.6819534,127.679161],"isRenderEnabled":false,"rotationMatrix":[-0.798939586,-0.601398468,0.00392763317,0.597972155,-0.795051217,-0.101600997,0.0642253533,-0.0788244382,0.994817495],"shapeName":"/levels/west_coast_usa/art/shapes/objects/barrierfence_plain.dae","useInstanceRenderData":true}
{"class":"TSStatic","__parent":"SimGroup_","position":[244.483002,87.9312592,127.684372],"isRenderEnabled":false,"rotationMatrix":[-0.799195766,-0.601070881,-0.000137554482,0.597936511,-0.795004845,-0.102173105,0.061303921,-0.0817385614,0.994766653],"shapeName":"/levels/west_coast_usa/art/shapes/objects/barrierfence_plain.dae","useInstanceRenderData":true}
{"class":"TSStatic","__parent":"SimGroup_","position":[242.155792,86.1805649,127.681152],"isRenderEnabled":false,"rotationMatrix":[-0.799161315,-0.601116657,0.000440571457,0.597678781,-0.794668674,-0.106216334,0.0641985089,-0.0846206471,0.994342923],"shapeName":"/levels/west_coast_usa/art/shapes/objects/barrierfence_plain.dae","useInstanceRenderData":true}
{"class":"TSStatic","__parent":"SimGroup_","position":[239.841766,84.4125748,127.68325],"isRenderEnabled":false,"rotationMatrix":[-0.791810155,-0.610758483,0.00326218829,0.607068002,-0.787590265,-0.105687596,0.0671188682,-0.0817041472,0.994394004],"shapeName":"/levels/west_coast_usa/art/shapes/objects/barrierfence_plain.dae","useInstanceRenderData":true}
{"class":"TSStatic","__parent":"SimGroup_","position":[237.535034,82.6349792,127.686127],"isRenderEnabled":false,"rotationMatrix":[-0.792193651,-0.610264421,-0.00258032419,0.606885433,-0.787348628,-0.108500496,0.0641823784,-0.0875193626,0.99409306],"shapeName":"/levels/west_coast_usa/art/shapes/objects/barrierfence_plain.dae","useInstanceRenderData":true}
{"class":"TSStatic","__parent":"SimGroup_","position":[235.235199,80.8487167,127.679901],"isRenderEnabled":false,"rotationMatrix":[-0.773569345,-0.633659661,-0.00811469741,0.630742371,-0.768643618,-0.106541328,0.0612736344,-0.0875353888,0.994275153],"shapeName":"/levels/west_coast_usa/art/shapes/objects/barrierfence_plain.dae","useInstanceRenderData":true}
{"class":"TSStatic","__parent":"SimGroup_","position":[232.983292,79.0022049,127.669647],"isRenderEnabled":false,"rotationMatrix":[-0.773076892,-0.634312093,-0.000349964947,0.631052315,-0.769047856,-0.101676278,0.0642253608,-0.0788244382,0.994817495],"shapeName":"/levels/west_coast_usa/art/shapes/objects/barrierfence_plain.dae","useInstanceRenderData":true}
{"class":"TSStatic","__parent":"SimGroup_","position":[230.731369,77.1556931,127.657539],"isRenderEnabled":false,"rotationMatrix":[-0.773311138,-0.63401407,-0.0040309988,0.630768716,-0.768677831,-0.106138468,0.0641947389,-0.0846206695,0.994343162],"shapeName":"/levels/west_coast_usa/art/shapes/objects/barrierfence_plain.dae","useInstanceRenderData":true}
{"class":"TSStatic","__parent":"SimGroup_","position":[228.511856,75.270607,127.640137],"isRenderEnabled":false,"rotationMatrix":[-0.758956671,-0.651079714,-0.00895290263,0.64851743,-0.75459373,-0.100067288,0.0583959743,-0.0817528367,0.9949404],"shapeName":"/levels/west_coast_usa/art/shapes/objects/barrierfence_plain.dae","useInstanceRenderData":true}
{"class":"TSStatic","__parent":"SimGroup_","position":[226.310577,73.3641281,127.625221],"isRenderEnabled":false,"rotationMatrix":[-0.751767039,-0.659418106,-0.00371500663,0.656293511,-0.747632384,-0.101608992,0.0642253533,-0.0788244456,0.994817495],"shapeName":"/levels/west_coast_usa/art/shapes/objects/barrierfence_plain.dae","useInstanceRenderData":true}
{"class":"TSStatic","__parent":"SimGroup_","position":[224.12915,71.4351044,127.604156],"isRenderEnabled":false,"rotationMatrix":[-0.734613895,-0.67845577,-0.00633086264,0.675438702,-0.730400085,-0.101479597,0.0642253533,-0.0788244382,0.994817495],"shapeName":"/levels/west_coast_usa/art/shapes/objects/barrierfence_plain.dae","useInstanceRenderData":true}
{"class":"TSStatic","__parent":"SimGroup_","position":[221.990219,69.458847,127.592667],"isRenderEnabled":false,"rotationMatrix":[-0.734191895,-0.678941965,-9.74535942e-05,0.675318599,-0.730258703,-0.103280514,0.0700503141,-0.0758935362,0.994652271],"shapeName":"/levels/west_coast_usa/art/shapes/objects/barrierfence_plain.dae","useInstanceRenderData":true}
{"class":"TSStatic","__parent":"SimGroup_","position":[219.933548,67.3971939,127.583542],"isRenderEnabled":false,"rotationMatrix":[-0.704966307,-0.709240735,-0.000313598663,0.70547682,-0.701179385,-0.10319829,0.072972551,-0.072972551,0.994660735],"shapeName":"/levels/west_coast_usa/art/shapes/objects/barrierfence_plain.dae","useInstanceRenderData":true}
