//--- OBJECT WRITE BEGIN ---
$ThisPrefab = new SimGroup() {
   canSave = "1";
   canSaveDynamicFields = "1";
      groupPosition = "0 0 0";

   new TSStatic() {
      shapeName = "/levels/west_coast_usa/art/shapes/objects/constructionbarrier_arrows.dae";
      dynamic = "0";
      playAmbient = "1";
      meshCulling = "0";
      originSort = "0";
      useInstanceRenderData = "1";
      instanceColor = "White";
      instanceColor1 = "White";
      instanceColor2 = "White";
      collisionType = "Collision Mesh";
      decalType = "Collision Mesh";
      prebuildCollisionData = "0";
      renderNormals = "0";
      forceDetail = "-1";
      position = "-332.730652 -820.434387 136.53624";
      scale = "1 1 1";
      rotationMatrix = "-0.401151896 0.914769709 0.0476780571 -0.915021122 -0.402594686 0.0255658198 0.042581778 -0.0333706513 0.998535514";
      isRenderEnabled = "false";
      canSave = "1";
      canSaveDynamicFields = "1";
      persistentId = "869c4657-29ce-47cd-b754-8e67be6853f1";
         order_simset = "745829744";
   };
   new TSStatic() {
      shapeName = "/levels/west_coast_usa/art/shapes/objects/constructionbarrier_arrows.dae";
      dynamic = "0";
      playAmbient = "1";
      meshCulling = "0";
      originSort = "0";
      useInstanceRenderData = "1";
      instanceColor = "White";
      instanceColor1 = "White";
      instanceColor2 = "White";
      collisionType = "Collision Mesh";
      decalType = "Collision Mesh";
      prebuildCollisionData = "0";
      renderNormals = "0";
      forceDetail = "-1";
      position = "-334.388733 -821.197998 136.581421";
      scale = "1 1 1";
      rotationMatrix = "-0.429944992 0.90155375 0.0484642275 -0.9018507 -0.431378961 0.0240422077 0.0425817706 -0.0333706699 0.998535514";
      isRenderEnabled = "false";
      canSave = "1";
      canSaveDynamicFields = "1";
      persistentId = "7814d240-e240-4976-835c-96df8ce1d3da";
         order_simset = "745829744";
   };
   new TSStatic() {
      shapeName = "/levels/west_coast_usa/art/shapes/objects/constructionbarrier_arrows.dae";
      dynamic = "0";
      playAmbient = "1";
      meshCulling = "0";
      originSort = "0";
      useInstanceRenderData = "1";
      instanceColor = "White";
      instanceColor1 = "White";
      instanceColor2 = "White";
      collisionType = "Collision Mesh";
      decalType = "Collision Mesh";
      prebuildCollisionData = "0";
      renderNormals = "0";
      forceDetail = "-1";
      position = "-336.052765 -821.993896 136.625778";
      scale = "1 1 1";
      rotationMatrix = "-0.429944992 0.90155375 0.0484642275 -0.9018507 -0.431378961 0.0240422077 0.0425817706 -0.0333706699 0.998535514";
      isRenderEnabled = "false";
      canSave = "1";
      canSaveDynamicFields = "1";
      persistentId = "ef85afcd-d130-4754-ad5d-41cf1a2a0639";
         order_simset = "745829744";
   };
   new TSStatic() {
      shapeName = "/levels/west_coast_usa/art/shapes/objects/constructionbarrier_arrows.dae";
      dynamic = "0";
      playAmbient = "1";
      meshCulling = "0";
      originSort = "0";
      useInstanceRenderData = "1";
      instanceColor = "White";
      instanceColor1 = "White";
      instanceColor2 = "White";
      collisionType = "Collision Mesh";
      decalType = "Collision Mesh";
      prebuildCollisionData = "0";
      renderNormals = "0";
      forceDetail = "-1";
      position = "-337.631165 -822.934631 136.661636";
      scale = "1 1 1";
      rotationMatrix = "-0.57612288 0.815718234 0.0518292934 -0.816253245 -0.577486038 0.0155091211 0.0425817668 -0.0333706662 0.998535514";
      isRenderEnabled = "false";
      canSave = "1";
      canSaveDynamicFields = "1";
      persistentId = "4fa6e9e6-b1a2-4918-b5eb-19dd6504af1e";
         order_simset = "745829744";
   };
   new TSStatic() {
      shapeName = "/levels/west_coast_usa/art/shapes/objects/constructionbarrier_arrows.dae";
      dynamic = "0";
      playAmbient = "1";
      meshCulling = "0";
      originSort = "0";
      useInstanceRenderData = "1";
      instanceColor = "White";
      instanceColor1 = "White";
      instanceColor2 = "White";
      collisionType = "Collision Mesh";
      decalType = "Collision Mesh";
      prebuildCollisionData = "0";
      renderNormals = "0";
      forceDetail = "-1";
      position = "-339.001343 -824.144958 136.679626";
      scale = "1 1 1";
      rotationMatrix = "-0.728532672 0.682888389 0.0538895652 -0.683686614 -0.729760408 0.00476698019 0.0425817743 -0.0333706737 0.998535514";
      isRenderEnabled = "false";
      canSave = "1";
      canSaveDynamicFields = "1";
      persistentId = "cb958992-c6e2-4e63-985a-a5ab3b436add";
         order_simset = "745829744";
   };
   new DecalRoad() {
      drivability = "-1";
      lanesLeft = "1";
      lanesRight = "1";
      oneWay = "0";
      flipDirection = "0";
      gatedRoad = "0";
      autoJunction = "1";
      useSubdivisions = "1";
      ImprovedSpline = "1";
      startTangent = "0";
      endTangent = "0";
      looped = "0";
      smoothness = "0.5";
      detail = "0.100000001";
      overObjects = "1";
      Material = "AsphaltRoad_track_skidmarks";
      textureLength = "40";
      breakAngle = "3";
      renderPriority = "1";
      zBias = "0";
      decalBias = "0.000500000024";
      distanceFade = "0 0";
      startEndFade = "12 30";
      hiddenInNavi = "0";
      position = "-329.715637 -808.529907 136.856201";
      scale = "1 1 1";
      rotationMatrix = "1 0 0 0 1 0 0 0 1";
      canSave = "1";
      canSaveDynamicFields = "1";
      persistentId = "47714718-3428-4010-bf3b-92588db9a329";

      Node = "-329.715637 -808.529907 136.856201 8.000000";
      Node = "-340.865814 -818.973694 136.948868 8.000000";
      Node = "-354.193481 -823.547241 137.330475 8.000000";
      Node = "-370.043121 -817.561096 138.015274 8.000000";
      Node = "-386.829224 -797.655945 139.579742 8.000000";
   };
   new DecalRoad() {
      drivability = "-1";
      lanesLeft = "1";
      lanesRight = "1";
      oneWay = "0";
      flipDirection = "0";
      gatedRoad = "0";
      autoJunction = "1";
      useSubdivisions = "1";
      ImprovedSpline = "1";
      startTangent = "0";
      endTangent = "0";
      looped = "0";
      smoothness = "0.5";
      detail = "0.100000001";
      overObjects = "1";
      Material = "AsphaltRoad_track_skidmarks";
      textureLength = "40";
      breakAngle = "3";
      renderPriority = "1";
      zBias = "0";
      decalBias = "0.000500000024";
      distanceFade = "0 0";
      startEndFade = "12 30";
      hiddenInNavi = "0";
      position = "-854.830811 -816.577148 116.355995";
      scale = "1 1 1";
      rotationMatrix = "1 0 0 0 1 0 0 0 1";
      canSave = "1";
      canSaveDynamicFields = "1";
      persistentId = "326b105a-a15d-47ee-bb5b-6664dc44713a";

      Node = "-854.830811 -816.577148 116.355995 8.000000";
      Node = "-876.940430 -801.593262 114.718285 8.000000";
      Node = "-885.430908 -787.553772 113.888237 6.000000";
      Node = "-881.789001 -771.961182 113.397095 8.000000";
      Node = "-870.292969 -756.067505 113.071259 8.000000";
   };
   new TSStatic() {
      shapeName = "/levels/west_coast_usa/art/shapes/objects/constructionbarrier_arrows.dae";
      dynamic = "0";
      playAmbient = "1";
      meshCulling = "0";
      originSort = "0";
      useInstanceRenderData = "1";
      instanceColor = "White";
      instanceColor1 = "White";
      instanceColor2 = "White";
      collisionType = "Collision Mesh";
      decalType = "Collision Mesh";
      prebuildCollisionData = "0";
      renderNormals = "0";
      forceDetail = "-1";
      position = "-371.896393 -801.806091 138.962189";
      scale = "1 1 1";
      rotationMatrix = "-0.0557451248 0.997596085 0.0411665477 -0.997500002 -0.057438612 0.0411665365 0.0434321202 -0.0387687907 0.99830389";
      isRenderEnabled = "false";
      canSave = "1";
      canSaveDynamicFields = "1";
      persistentId = "cb8e5ec6-c900-4c52-9c5f-607757fc48c1";
         order_simset = "745829744";
   };
   new TSStatic() {
      shapeName = "/levels/west_coast_usa/art/shapes/objects/constructionbarrier_arrows.dae";
      dynamic = "0";
      playAmbient = "1";
      meshCulling = "0";
      originSort = "0";
      useInstanceRenderData = "1";
      instanceColor = "White";
      instanceColor1 = "White";
      instanceColor2 = "White";
      collisionType = "Collision Mesh";
      decalType = "Collision Mesh";
      prebuildCollisionData = "0";
      renderNormals = "0";
      forceDetail = "-1";
      position = "-373.747284 -801.665955 139.042786";
      scale = "1 1 1";
      rotationMatrix = "0.204326272 0.978469849 0.0291091483 -0.977938771 0.202715397 0.0504184999 0.0434321202 -0.0387687869 0.99830389";
      isRenderEnabled = "false";
      canSave = "1";
      canSaveDynamicFields = "1";
      persistentId = "3146cb37-c771-4857-ae83-1ff3c95271a1";
         order_simset = "745829744";
   };
   new TSStatic() {
      shapeName = "/levels/west_coast_usa/art/shapes/objects/constructionbarrier_arrows.dae";
      dynamic = "0";
      playAmbient = "1";
      meshCulling = "0";
      originSort = "0";
      useInstanceRenderData = "1";
      instanceColor = "White";
      instanceColor1 = "White";
      instanceColor2 = "White";
      collisionType = "Collision Mesh";
      decalType = "Collision Mesh";
      prebuildCollisionData = "0";
      renderNormals = "0";
      forceDetail = "-1";
      position = "-375.474854 -801.071716 139.136566";
      scale = "1 1 1";
      rotationMatrix = "0.450473309 0.892662883 0.0150680011 -0.891732931 0.449054837 0.056234546 0.0434321202 -0.0387687981 0.99830389";
      isRenderEnabled = "false";
      canSave = "1";
      canSaveDynamicFields = "1";
      persistentId = "34cddcc5-b02d-4305-b310-d6e4a5de8cf7";
         order_simset = "745829744";
   };
   new TSStatic() {
      shapeName = "/levels/west_coast_usa/art/shapes/objects/constructionbarrier_arrows.dae";
      dynamic = "0";
      playAmbient = "1";
      meshCulling = "0";
      originSort = "0";
      useInstanceRenderData = "1";
      instanceColor = "White";
      instanceColor1 = "White";
      instanceColor2 = "White";
      collisionType = "Collision Mesh";
      decalType = "Collision Mesh";
      prebuildCollisionData = "0";
      renderNormals = "0";
      forceDetail = "-1";
      position = "-376.99765 -800.025574 139.243439";
      scale = "1 1 1";
      rotationMatrix = "0.66592139 0.746021986 -5.58793545e-09 -0.744756699 0.664791942 0.0582182743 0.0434321091 -0.0387687944 0.99830389";
      isRenderEnabled = "false";
      canSave = "1";
      canSaveDynamicFields = "1";
      persistentId = "60d02bac-9cf4-473e-a5f1-81666aaa1265";
         order_simset = "745829744";
   };
   new TSStatic() {
      shapeName = "/levels/west_coast_usa/art/shapes/objects/constructionbarrier_arrows.dae";
      dynamic = "0";
      playAmbient = "1";
      meshCulling = "0";
      originSort = "0";
      useInstanceRenderData = "1";
      instanceColor = "White";
      instanceColor1 = "White";
      instanceColor2 = "White";
      collisionType = "Collision Mesh";
      decalType = "Collision Mesh";
      prebuildCollisionData = "0";
      renderNormals = "0";
      forceDetail = "-1";
      position = "-378.383423 -798.788574 139.355774";
      scale = "1 1 1";
      rotationMatrix = "0.66592139 0.746021986 -5.58793545e-09 -0.744811893 0.664841175 0.0569350496 0.0424747989 -0.0379142687 0.99837786";
      isRenderEnabled = "false";
      canSave = "1";
      canSaveDynamicFields = "1";
      persistentId = "da74df29-e930-47ed-88a9-a3f2dbb6492a";
         order_simset = "745829744";
   };
   new TSStatic() {
      shapeName = "/levels/west_coast_usa/art/shapes/objects/constructionbarrier_arrows.dae";
      dynamic = "0";
      playAmbient = "1";
      meshCulling = "0";
      originSort = "0";
      useInstanceRenderData = "1";
      instanceColor = "White";
      instanceColor1 = "White";
      instanceColor2 = "White";
      collisionType = "Collision Mesh";
      decalType = "Collision Mesh";
      prebuildCollisionData = "0";
      renderNormals = "0";
      forceDetail = "-1";
      position = "-340.259094 -825.487427 136.6884";
      scale = "1 1 1";
      rotationMatrix = "-0.728532672 0.682888389 0.0538895652 -0.683686614 -0.729760408 0.00476698019 0.0425817743 -0.0333706737 0.998535514";
      isRenderEnabled = "false";
      canSave = "1";
      canSaveDynamicFields = "1";
      persistentId = "cb7ce074-f426-457d-be09-b0bd9aa92e14";
         order_simset = "745829744";
   };
   new TSStatic() {
      shapeName = "/levels/west_coast_usa/art/shapes/objects/constructionbarrier_arrows.dae";
      dynamic = "0";
      playAmbient = "1";
      meshCulling = "0";
      originSort = "0";
      useInstanceRenderData = "1";
      instanceColor = "White";
      instanceColor1 = "White";
      instanceColor2 = "White";
      collisionType = "Collision Mesh";
      decalType = "Collision Mesh";
      prebuildCollisionData = "0";
      renderNormals = "0";
      forceDetail = "-1";
      position = "-341.595734 -826.752319 136.703674";
      scale = "1 1 1";
      rotationMatrix = "-0.63910234 0.76736629 0.0519376248 -0.76819253 -0.640191674 0.00592744071 0.0377985463 -0.0361098535 0.998632729";
      isRenderEnabled = "false";
      canSave = "1";
      canSaveDynamicFields = "1";
      persistentId = "2b3ca5f5-ef1e-4c04-b0ef-62b509adc528";
         order_simset = "745829744";
   };
   new TSStatic() {
      shapeName = "/levels/west_coast_usa/art/shapes/objects/constructionbarrier_arrows.dae";
      dynamic = "0";
      playAmbient = "1";
      meshCulling = "0";
      originSort = "0";
      useInstanceRenderData = "1";
      instanceColor = "White";
      instanceColor1 = "White";
      instanceColor2 = "White";
      collisionType = "Collision Mesh";
      decalType = "Collision Mesh";
      prebuildCollisionData = "0";
      renderNormals = "0";
      forceDetail = "-1";
      position = "-343.125519 -827.837952 136.733749";
      scale = "1 1 1";
      rotationMatrix = "-0.529605031 0.846624374 0.0523926876 -0.847136378 -0.531059027 0.0183187164 0.0433326997 -0.034682069 0.998458505";
      isRenderEnabled = "false";
      canSave = "1";
      canSaveDynamicFields = "1";
      persistentId = "c075828f-3c87-4181-818e-09fb5741b982";
         order_simset = "745829744";
   };
   new TSStatic() {
      shapeName = "/levels/west_coast_usa/art/shapes/objects/constructionbarrier_arrows.dae";
      dynamic = "0";
      playAmbient = "1";
      meshCulling = "0";
      originSort = "0";
      useInstanceRenderData = "1";
      instanceColor = "White";
      instanceColor1 = "White";
      instanceColor2 = "White";
      collisionType = "Collision Mesh";
      decalType = "Collision Mesh";
      prebuildCollisionData = "0";
      renderNormals = "0";
      forceDetail = "-1";
      position = "-344.763214 -828.658081 136.771973";
      scale = "1 1 1";
      rotationMatrix = "-0.366098523 0.929212451 0.0503626876 -0.929783702 -0.367483735 0.0214055851 0.0383978002 -0.0389898531 0.998501599";
      isRenderEnabled = "false";
      canSave = "1";
      canSaveDynamicFields = "1";
      persistentId = "6e38d391-e55b-4207-b5b2-52bbe7e45b7c";
         order_simset = "745829744";
   };
   new TSStatic() {
      shapeName = "/levels/west_coast_usa/art/shapes/objects/constructionbarrier_arrows.dae";
      dynamic = "0";
      playAmbient = "1";
      meshCulling = "0";
      originSort = "0";
      useInstanceRenderData = "1";
      instanceColor = "White";
      instanceColor1 = "White";
      instanceColor2 = "White";
      collisionType = "Collision Mesh";
      decalType = "Collision Mesh";
      prebuildCollisionData = "0";
      renderNormals = "0";
      forceDetail = "-1";
      position = "-346.544189 -829.245605 136.815796";
      scale = "1 1 1";
      rotationMatrix = "-0.267167926 0.962374628 0.0495629981 -0.962887943 -0.268648386 0.0259808488 0.0383183211 -0.0407823659 0.998433053";
      isRenderEnabled = "false";
      canSave = "1";
      canSaveDynamicFields = "1";
      persistentId = "718ffadd-1443-4d5f-962b-7a483874a86b";
         order_simset = "745829744";
   };
   new TSStatic() {
      shapeName = "/levels/west_coast_usa/art/shapes/objects/constructionbarrier_arrows.dae";
      dynamic = "0";
      playAmbient = "1";
      meshCulling = "0";
      originSort = "0";
      useInstanceRenderData = "1";
      instanceColor = "White";
      instanceColor1 = "White";
      instanceColor2 = "White";
      collisionType = "Collision Mesh";
      decalType = "Collision Mesh";
      prebuildCollisionData = "0";
      renderNormals = "0";
      forceDetail = "-1";
      position = "-348.368744 -829.630005 136.858414";
      scale = "1 1 1";
      rotationMatrix = "-0.157289863 0.986238897 0.0509204902 -0.987117946 -0.158541083 0.0215191375 0.0292959921 -0.0468797833 0.998470843";
      isRenderEnabled = "false";
      canSave = "1";
      canSaveDynamicFields = "1";
      persistentId = "8c3aca12-50dd-4ba8-8183-1de0e7a420f3";
         order_simset = "745829744";
   };
   new TSStatic() {
      shapeName = "/levels/west_coast_usa/art/shapes/objects/constructionbarrier_arrows.dae";
      dynamic = "0";
      playAmbient = "1";
      meshCulling = "0";
      originSort = "0";
      useInstanceRenderData = "1";
      instanceColor = "White";
      instanceColor1 = "White";
      instanceColor2 = "White";
      collisionType = "Collision Mesh";
      decalType = "Collision Mesh";
      prebuildCollisionData = "0";
      renderNormals = "0";
      forceDetail = "-1";
      position = "-350.230957 -829.873108 136.899368";
      scale = "1 1 1";
      rotationMatrix = "-0.0976247787 0.993714273 0.0547856763 -0.994825184 -0.0989947319 0.022869546 0.0281492826 -0.052269537 0.998236179";
      isRenderEnabled = "false";
      canSave = "1";
      canSaveDynamicFields = "1";
      persistentId = "67709968-c4e0-4102-a335-04675065f675";
         order_simset = "745829744";
   };
   new TSStatic() {
      shapeName = "/levels/west_coast_usa/art/shapes/objects/constructionbarrier_arrows.dae";
      dynamic = "0";
      playAmbient = "1";
      meshCulling = "0";
      originSort = "0";
      useInstanceRenderData = "1";
      instanceColor = "White";
      instanceColor1 = "White";
      instanceColor2 = "White";
      collisionType = "Collision Mesh";
      decalType = "Collision Mesh";
      prebuildCollisionData = "0";
      renderNormals = "0";
      forceDetail = "-1";
      position = "-352.106689 -829.957458 136.940506";
      scale = "1 1 1";
      rotationMatrix = "0.0198438168 0.99827528 0.0552517399 -0.999565363 0.0186037421 0.0228687972 0.0218014624 -0.0556815341 0.998210549";
      isRenderEnabled = "false";
      canSave = "1";
      canSaveDynamicFields = "1";
      persistentId = "0417937e-32db-40dc-914b-4951ca37f3ee";
         order_simset = "745829744";
   };
   new TSStatic() {
      shapeName = "/levels/west_coast_usa/art/shapes/objects/constructionbarrier_arrows.dae";
      dynamic = "0";
      playAmbient = "1";
      meshCulling = "0";
      originSort = "0";
      useInstanceRenderData = "1";
      instanceColor = "White";
      instanceColor1 = "White";
      instanceColor2 = "White";
      collisionType = "Collision Mesh";
      decalType = "Collision Mesh";
      prebuildCollisionData = "0";
      renderNormals = "0";
      forceDetail = "-1";
      position = "-353.981262 -829.85083 136.985397";
      scale = "1 1 1";
      rotationMatrix = "0.0958499312 0.993783057 0.0566402525 -0.995233595 0.0946516395 0.0234788563 0.0179717932 -0.0586207211 0.99811852";
      isRenderEnabled = "false";
      canSave = "1";
      canSaveDynamicFields = "1";
      persistentId = "04383983-64f0-443b-8963-eea3710b2a60";
         order_simset = "745829744";
   };
   new TSStatic() {
      shapeName = "/levels/west_coast_usa/art/shapes/objects/constructionbarrier_arrows.dae";
      dynamic = "0";
      playAmbient = "1";
      meshCulling = "0";
      originSort = "0";
      useInstanceRenderData = "1";
      instanceColor = "White";
      instanceColor1 = "White";
      instanceColor2 = "White";
      collisionType = "Collision Mesh";
      decalType = "Collision Mesh";
      prebuildCollisionData = "0";
      renderNormals = "0";
      forceDetail = "-1";
      position = "-355.839294 -829.580139 137.033966";
      scale = "1 1 1";
      rotationMatrix = "0.194631457 0.979385853 0.0540558286 -0.980719209 0.193317771 0.0286031365 0.0175635554 -0.0585806593 0.998128176";
      isRenderEnabled = "false";
      canSave = "1";
      canSaveDynamicFields = "1";
      persistentId = "dd3f5db8-d05c-4d62-9bea-d99576769d38";
         order_simset = "745829744";
   };
   new TSStatic() {
      shapeName = "/levels/west_coast_usa/art/shapes/objects/constructionbarrier_arrows.dae";
      dynamic = "0";
      playAmbient = "1";
      meshCulling = "0";
      originSort = "0";
      useInstanceRenderData = "1";
      instanceColor = "White";
      instanceColor1 = "White";
      instanceColor2 = "White";
      collisionType = "Collision Mesh";
      decalType = "Collision Mesh";
      prebuildCollisionData = "0";
      renderNormals = "0";
      forceDetail = "-1";
      position = "-357.670105 -829.163452 137.090668";
      scale = "1 1 1";
      rotationMatrix = "0.252697825 0.966133118 0.0522555187 -0.967385769 0.251306772 0.0317764468 0.0175681133 -0.0585810803 0.998128057";
      isRenderEnabled = "false";
      canSave = "1";
      canSaveDynamicFields = "1";
      persistentId = "a6d6f3d3-ea72-483b-9a3e-739bf5b6a262";
         order_simset = "745829744";
   };
   new TSStatic() {
      shapeName = "/levels/west_coast_usa/art/shapes/objects/constructionbarrier_arrows.dae";
      dynamic = "0";
      playAmbient = "1";
      meshCulling = "0";
      originSort = "0";
      useInstanceRenderData = "1";
      instanceColor = "White";
      instanceColor1 = "White";
      instanceColor2 = "White";
      collisionType = "Collision Mesh";
      decalType = "Collision Mesh";
      prebuildCollisionData = "0";
      renderNormals = "0";
      forceDetail = "-1";
      position = "-359.46991 -828.628479 137.153763";
      scale = "1 1 1";
      rotationMatrix = "0.303063631 0.951630414 0.0505174361 -0.95280844 0.30160892 0.0344701335 0.0175663196 -0.0585800856 0.998128176";
      isRenderEnabled = "false";
      canSave = "1";
      canSaveDynamicFields = "1";
      persistentId = "5f32bb34-1264-45ac-89cb-d71f1b0d986a";
         order_simset = "745829744";
   };
   new TSStatic() {
      shapeName = "/levels/west_coast_usa/art/shapes/objects/constructionbarrier_arrows.dae";
      dynamic = "0";
      playAmbient = "1";
      meshCulling = "0";
      originSort = "0";
      useInstanceRenderData = "1";
      instanceColor = "White";
      instanceColor1 = "White";
      instanceColor2 = "White";
      collisionType = "Collision Mesh";
      decalType = "Collision Mesh";
      prebuildCollisionData = "0";
      renderNormals = "0";
      forceDetail = "-1";
      position = "-361.236572 -827.992859 137.222153";
      scale = "1 1 1";
      rotationMatrix = "0.364384055 0.93000257 0.0481611714 -0.931083083 0.362855971 0.0376825705 0.017569311 -0.0585729778 0.998128533";
      isRenderEnabled = "false";
      canSave = "1";
      canSaveDynamicFields = "1";
      persistentId = "b80082cc-0fe8-4605-97fd-649f673ec956";
         order_simset = "745829744";
   };
   new TSStatic() {
      shapeName = "/levels/west_coast_usa/art/shapes/objects/constructionbarrier_arrows.dae";
      dynamic = "0";
      playAmbient = "1";
      meshCulling = "0";
      originSort = "0";
      useInstanceRenderData = "1";
      instanceColor = "White";
      instanceColor1 = "White";
      instanceColor2 = "White";
      collisionType = "Collision Mesh";
      decalType = "Collision Mesh";
      prebuildCollisionData = "0";
      renderNormals = "0";
      forceDetail = "-1";
      position = "-362.973328 -827.279968 137.294586";
      scale = "1 1 1";
      rotationMatrix = "0.401989639 0.91464597 0.0427443646 -0.915444195 0.40048784 0.0396417752 0.0191395916 -0.0550656617 0.998299301";
      isRenderEnabled = "false";
      canSave = "1";
      canSaveDynamicFields = "1";
      persistentId = "2aff23b1-90fc-419d-9ef1-8c23ec4f4101";
         order_simset = "745829744";
   };
   new TSStatic() {
      shapeName = "/levels/west_coast_usa/art/shapes/objects/constructionbarrier_arrows.dae";
      dynamic = "0";
      playAmbient = "1";
      meshCulling = "0";
      originSort = "0";
      useInstanceRenderData = "1";
      instanceColor = "White";
      instanceColor1 = "White";
      instanceColor2 = "White";
      collisionType = "Collision Mesh";
      decalType = "Collision Mesh";
      prebuildCollisionData = "0";
      renderNormals = "0";
      forceDetail = "-1";
      position = "-364.678619 -826.4953 137.371689";
      scale = "1 1 1";
      rotationMatrix = "0.438203454 0.898107827 0.0371494144 -0.898566306 0.436593711 0.0443238206 0.0235883724 -0.052804064 0.998326242";
      isRenderEnabled = "false";
      canSave = "1";
      canSaveDynamicFields = "1";
      persistentId = "425086ce-90f0-4149-afa5-3e3167f2df54";
         order_simset = "745829744";
   };
   new TSStatic() {
      shapeName = "/levels/west_coast_usa/art/shapes/objects/constructionbarrier_arrows.dae";
      dynamic = "0";
      playAmbient = "1";
      meshCulling = "0";
      originSort = "0";
      useInstanceRenderData = "1";
      instanceColor = "White";
      instanceColor1 = "White";
      instanceColor2 = "White";
      collisionType = "Collision Mesh";
      decalType = "Collision Mesh";
      prebuildCollisionData = "0";
      renderNormals = "0";
      forceDetail = "-1";
      position = "-366.351013 -825.643066 137.454926";
      scale = "1 1 1";
      rotationMatrix = "0.474274874 0.879667699 0.0353286378 -0.880065858 0.472658873 0.0455816612 0.0233983211 -0.0527097657 0.998335719";
      isRenderEnabled = "false";
      canSave = "1";
      canSaveDynamicFields = "1";
      persistentId = "d619e1ff-a7f1-4207-b81c-1be1d6e41b53";
         order_simset = "745829744";
   };
   new TSStatic() {
      shapeName = "/levels/west_coast_usa/art/shapes/objects/constructionbarrier_arrows.dae";
      dynamic = "0";
      playAmbient = "1";
      meshCulling = "0";
      originSort = "0";
      useInstanceRenderData = "1";
      instanceColor = "White";
      instanceColor1 = "White";
      instanceColor2 = "White";
      collisionType = "Collision Mesh";
      decalType = "Collision Mesh";
      prebuildCollisionData = "0";
      renderNormals = "0";
      forceDetail = "-1";
      position = "-367.98764 -824.724365 137.540192";
      scale = "1 1 1";
      rotationMatrix = "0.510984957 0.859035492 0.0308603849 -0.859304309 0.509561002 0.0440876447 0.0221476015 -0.0490465872 0.998550892";
      isRenderEnabled = "false";
      canSave = "1";
      canSaveDynamicFields = "1";
      persistentId = "f4ea4ed1-1c6b-4e78-8f50-51fe4f4b912e";
         order_simset = "745829744";
   };
   new TSStatic() {
      shapeName = "/levels/west_coast_usa/art/shapes/objects/constructionbarrier_arrows.dae";
      dynamic = "0";
      playAmbient = "1";
      meshCulling = "0";
      originSort = "0";
      useInstanceRenderData = "1";
      instanceColor = "White";
      instanceColor1 = "White";
      instanceColor2 = "White";
      collisionType = "Collision Mesh";
      decalType = "Collision Mesh";
      prebuildCollisionData = "0";
      renderNormals = "0";
      forceDetail = "-1";
      position = "-369.584412 -823.738281 137.626633";
      scale = "1 1 1";
      rotationMatrix = "0.549649477 0.834900558 0.028748652 -0.835024297 0.548054338 0.048690144 0.0248956028 -0.0507683344 0.998400092";
      isRenderEnabled = "false";
      canSave = "1";
      canSaveDynamicFields = "1";
      persistentId = "4496263e-6ff8-4d5d-a059-a93cf428f811";
         order_simset = "745829744";
   };
   new TSStatic() {
      shapeName = "/levels/west_coast_usa/art/shapes/objects/constructionbarrier_arrows.dae";
      dynamic = "0";
      playAmbient = "1";
      meshCulling = "0";
      originSort = "0";
      useInstanceRenderData = "1";
      instanceColor = "White";
      instanceColor1 = "White";
      instanceColor2 = "White";
      collisionType = "Collision Mesh";
      decalType = "Collision Mesh";
      prebuildCollisionData = "0";
      renderNormals = "0";
      forceDetail = "-1";
      position = "-371.135986 -822.682556 137.715347";
      scale = "1 1 1";
      rotationMatrix = "0.588090658 0.808301568 0.0282466412 -0.808462381 0.586488664 0.0491898395 0.0231938921 -0.0517644323 0.998389959";
      isRenderEnabled = "false";
      canSave = "1";
      canSaveDynamicFields = "1";
      persistentId = "8c7bc7a7-1827-4810-b5c8-ceae62f53aea";
         order_simset = "745829744";
   };
   new TSStatic() {
      shapeName = "/levels/west_coast_usa/art/shapes/objects/constructionbarrier_arrows.dae";
      dynamic = "0";
      playAmbient = "1";
      meshCulling = "0";
      originSort = "0";
      useInstanceRenderData = "1";
      instanceColor = "White";
      instanceColor1 = "White";
      instanceColor2 = "White";
      collisionType = "Collision Mesh";
      decalType = "Collision Mesh";
      prebuildCollisionData = "0";
      renderNormals = "0";
      forceDetail = "-1";
      position = "-372.643524 -821.56488 137.806641";
      scale = "1 1 1";
      rotationMatrix = "0.604023218 0.796498179 0.0273244847 -0.796681643 0.602535248 0.0474296436 0.021313658 -0.0504175201 0.998500764";
      isRenderEnabled = "false";
      canSave = "1";
      canSaveDynamicFields = "1";
      persistentId = "972183e3-0188-4b64-9f6c-6f356d8a62ca";
         order_simset = "745829744";
   };
   new TSStatic() {
      shapeName = "/levels/west_coast_usa/art/shapes/objects/constructionbarrier_arrows.dae";
      dynamic = "0";
      playAmbient = "1";
      meshCulling = "0";
      originSort = "0";
      useInstanceRenderData = "1";
      instanceColor = "White";
      instanceColor1 = "White";
      instanceColor2 = "White";
      collisionType = "Collision Mesh";
      decalType = "Collision Mesh";
      prebuildCollisionData = "0";
      renderNormals = "0";
      forceDetail = "-1";
      position = "-374.113373 -820.397888 137.894501";
      scale = "1 1 1";
      rotationMatrix = "0.631825507 0.774607003 0.0279378705 -0.77485472 0.630280256 0.0484457538 0.019917734 -0.0522570536 0.99843502";
      isRenderEnabled = "false";
      canSave = "1";
      canSaveDynamicFields = "1";
      persistentId = "f703f291-6d9d-4957-abee-7f490da13d20";
         order_simset = "745829744";
   };
   new TSStatic() {
      shapeName = "/levels/west_coast_usa/art/shapes/objects/constructionbarrier_arrows.dae";
      dynamic = "0";
      playAmbient = "1";
      meshCulling = "0";
      originSort = "0";
      useInstanceRenderData = "1";
      instanceColor = "White";
      instanceColor1 = "White";
      instanceColor2 = "White";
      collisionType = "Collision Mesh";
      decalType = "Collision Mesh";
      prebuildCollisionData = "0";
      renderNormals = "0";
      forceDetail = "-1";
      position = "-375.549866 -819.19043 137.988754";
      scale = "1 1 1";
      rotationMatrix = "0.656932354 0.753346324 0.0301524047 -0.753825665 0.655574203 0.044376675 0.0136638712 -0.0518821292 0.998559713";
      isRenderEnabled = "false";
      canSave = "1";
      canSaveDynamicFields = "1";
      persistentId = "e78f9994-894c-434c-9fbb-0b7c1a6ac3bf";
         order_simset = "745829744";
   };
   new TSStatic() {
      shapeName = "/levels/west_coast_usa/art/shapes/objects/constructionbarrier_arrows.dae";
      dynamic = "0";
      playAmbient = "1";
      meshCulling = "0";
      originSort = "0";
      useInstanceRenderData = "1";
      instanceColor = "White";
      instanceColor1 = "White";
      instanceColor2 = "White";
      collisionType = "Collision Mesh";
      decalType = "Collision Mesh";
      prebuildCollisionData = "0";
      renderNormals = "0";
      forceDetail = "-1";
      position = "-376.951874 -817.942688 138.076462";
      scale = "1 1 1";
      rotationMatrix = "0.682590485 0.730242968 0.0285556838 -0.730672836 0.68121767 0.0453836843 0.0136884833 -0.0518433377 0.998561442";
      isRenderEnabled = "false";
      canSave = "1";
      canSaveDynamicFields = "1";
      persistentId = "c3fd3bdb-cfdd-4be9-8f74-64cc4a859025";
         order_simset = "745829744";
   };
   new TSStatic() {
      shapeName = "/levels/west_coast_usa/art/shapes/objects/constructionbarrier_arrows.dae";
      dynamic = "0";
      playAmbient = "1";
      meshCulling = "0";
      originSort = "0";
      useInstanceRenderData = "1";
      instanceColor = "White";
      instanceColor1 = "White";
      instanceColor2 = "White";
      collisionType = "Collision Mesh";
      decalType = "Collision Mesh";
      prebuildCollisionData = "0";
      renderNormals = "0";
      forceDetail = "-1";
      position = "-378.311951 -816.64917 138.16124";
      scale = "1 1 1";
      rotationMatrix = "0.696612418 0.716833353 0.0296825469 -0.717351794 0.695246816 0.0451467037 0.0117259696 -0.0527425855 0.998539269";
      isRenderEnabled = "false";
      canSave = "1";
      canSaveDynamicFields = "1";
      persistentId = "a128b6c1-5578-47d8-9305-6d478efe26ee";
         order_simset = "745829744";
   };
   new TSStatic() {
      shapeName = "/levels/west_coast_usa/art/shapes/objects/constructionbarrier_arrows.dae";
      dynamic = "0";
      playAmbient = "1";
      meshCulling = "0";
      originSort = "0";
      useInstanceRenderData = "1";
      instanceColor = "White";
      instanceColor1 = "White";
      instanceColor2 = "White";
      collisionType = "Collision Mesh";
      decalType = "Collision Mesh";
      prebuildCollisionData = "0";
      renderNormals = "0";
      forceDetail = "-1";
      position = "-379.603973 -815.287903 138.242844";
      scale = "1 1 1";
      rotationMatrix = "0.739389777 0.672733963 0.0270519368 -0.673208654 0.738142073 0.0440034196 0.00963442028 -0.0507472754 0.998665035";
      isRenderEnabled = "false";
      canSave = "1";
      canSaveDynamicFields = "1";
      persistentId = "0797de14-8ea0-4157-b17d-7e9a55c4e7a4";
         order_simset = "745829744";
   };
   new TSStatic() {
      shapeName = "/levels/west_coast_usa/art/shapes/objects/constructionbarrier_arrows.dae";
      dynamic = "0";
      playAmbient = "1";
      meshCulling = "0";
      originSort = "0";
      useInstanceRenderData = "1";
      instanceColor = "White";
      instanceColor1 = "White";
      instanceColor2 = "White";
      collisionType = "Collision Mesh";
      decalType = "Collision Mesh";
      prebuildCollisionData = "0";
      renderNormals = "0";
      forceDetail = "-1";
      position = "-380.748138 -813.80072 138.330978";
      scale = "1 1 1";
      rotationMatrix = "0.820774496 0.570856988 0.0212485436 -0.571161091 0.81941098 0.0483796299 0.0102065597 -0.051845111 0.998602986";
      isRenderEnabled = "false";
      canSave = "1";
      canSaveDynamicFields = "1";
      persistentId = "c759deea-3dba-4ed9-aef8-9df2551acd58";
         order_simset = "745829744";
   };
   new TSStatic() {
      shapeName = "/levels/west_coast_usa/art/shapes/objects/constructionbarrier_arrows.dae";
      dynamic = "0";
      playAmbient = "1";
      meshCulling = "0";
      originSort = "0";
      useInstanceRenderData = "1";
      instanceColor = "White";
      instanceColor1 = "White";
      instanceColor2 = "White";
      collisionType = "Collision Mesh";
      decalType = "Collision Mesh";
      prebuildCollisionData = "0";
      renderNormals = "0";
      forceDetail = "-1";
      position = "-381.782043 -812.235107 138.426132";
      scale = "1 1 1";
      rotationMatrix = "0.845990121 0.532421768 0.0287709106 -0.533151805 0.84396863 0.0588735566 0.0070638191 -0.0651457086 0.997850776";
      isRenderEnabled = "false";
      canSave = "1";
      canSaveDynamicFields = "1";
      persistentId = "993173f8-9fd2-4ce2-b094-b3ec4802473f";
         order_simset = "745829744";
   };
   new TSStatic() {
      shapeName = "/levels/west_coast_usa/art/shapes/objects/constructionbarrier_arrows.dae";
      dynamic = "0";
      playAmbient = "1";
      meshCulling = "0";
      originSort = "0";
      useInstanceRenderData = "1";
      instanceColor = "White";
      instanceColor1 = "White";
      instanceColor2 = "White";
      collisionType = "Collision Mesh";
      decalType = "Collision Mesh";
      prebuildCollisionData = "0";
      renderNormals = "0";
      forceDetail = "-1";
      position = "-382.778961 -810.646179 138.536377";
      scale = "1 1 1";
      rotationMatrix = "0.839722037 0.542041123 0.0325317457 -0.54299897 0.837705612 0.0583212785 0.00436050259 -0.0666383654 0.997767687";
      isRenderEnabled = "false";
      canSave = "1";
      canSaveDynamicFields = "1";
      persistentId = "3d616eec-56de-48bd-bb80-6f1e4dc979a2";
         order_simset = "745829744";
   };
   new TSStatic() {
      shapeName = "/levels/west_coast_usa/art/shapes/objects/constructionbarrier_arrows.dae";
      dynamic = "0";
      playAmbient = "1";
      meshCulling = "0";
      originSort = "0";
      useInstanceRenderData = "1";
      instanceColor = "White";
      instanceColor1 = "White";
      instanceColor2 = "White";
      collisionType = "Collision Mesh";
      decalType = "Collision Mesh";
      prebuildCollisionData = "0";
      renderNormals = "0";
      forceDetail = "-1";
      position = "-383.8703 -809.121948 138.644043";
      scale = "1 1 1";
      rotationMatrix = "0.775548995 0.62924701 0.0507143885 -0.631272018 0.77358371 0.0553520545 -0.00440171547 -0.0749428049 0.997178137";
      isRenderEnabled = "false";
      canSave = "1";
      canSaveDynamicFields = "1";
      persistentId = "085050ef-744a-48b0-903d-02581ef35fee";
         order_simset = "745829744";
   };
   new TSStatic() {
      shapeName = "/levels/west_coast_usa/art/shapes/objects/constructionbarrier_arrows.dae";
      dynamic = "0";
      playAmbient = "1";
      meshCulling = "0";
      originSort = "0";
      useInstanceRenderData = "1";
      instanceColor = "White";
      instanceColor1 = "White";
      instanceColor2 = "White";
      collisionType = "Collision Mesh";
      decalType = "Collision Mesh";
      prebuildCollisionData = "0";
      renderNormals = "0";
      forceDetail = "-1";
      position = "-385.082703 -807.690552 138.748734";
      scale = "1 1 1";
      rotationMatrix = "0.748836756 0.660301328 0.0569699928 -0.662697792 0.747125506 0.0513335355 -0.00866813213 -0.076194331 0.997055292";
      isRenderEnabled = "false";
      canSave = "1";
      canSaveDynamicFields = "1";
      persistentId = "d79703ca-eb07-4ca2-80af-a8cb5238cd7f";
         order_simset = "745829744";
   };
   new TSStatic() {
      shapeName = "/levels/west_coast_usa/art/shapes/objects/constructionbarrier_arrows.dae";
      dynamic = "0";
      playAmbient = "1";
      meshCulling = "0";
      originSort = "0";
      useInstanceRenderData = "1";
      instanceColor = "White";
      instanceColor1 = "White";
      instanceColor2 = "White";
      collisionType = "Collision Mesh";
      decalType = "Collision Mesh";
      prebuildCollisionData = "0";
      renderNormals = "0";
      forceDetail = "-1";
      position = "-386.406311 -806.362 138.847046";
      scale = "1 1 1";
      rotationMatrix = "0.676516414 0.733444095 0.066222325 -0.736402273 0.674498916 0.0525647849 -0.00611355714 -0.084327206 0.99641937";
      isRenderEnabled = "false";
      canSave = "1";
      canSaveDynamicFields = "1";
      persistentId = "86fe0876-ae60-42c6-9e85-bbbec31c2572";
         order_simset = "745829744";
   };
   new TSStatic() {
