//--- OBJECT WRITE BEGIN ---
$ThisPrefab = new SimGroup() {
   canSave = "1";
   canSaveDynamicFields = "1";
      groupPosition = "0 0 0";

   new BeamNGVehicle(scenario_targetcar) {
      JBeam = "barstow";
      color = "White";
      colorPalette0 = "3.36311631e-41 5.32646018e-39 1.34524653e-43 1";
      colorPalette1 = "3.36311631e-41 5.32646018e-39 1.34524653e-43 1";
      metallicPaintData[0] = "0.200000003 0.5 0.800000012 0";
      metallicPaintData[1] = "0.200000003 0.5 0.800000012 0";
      metallicPaintData[2] = "0.200000003 0.5 0.800000012 0";
      metallicPaintData[3] = "0.200000003 0.5 0.800000012 0";
      partConfig = "vehicles/barstow/tracksport.pc";
      renderDistance = "500";
      renderFade = "0.100000001";
      dataBlock = "default_vehicle";
      position = "427.711243 -164.042374 145.440338";
      rotationMatrix = "-0.0310624838 0.999517202 -0.000592587283 -0.999509931 -0.0310646296 -0.00385671481 -0.00387326139 0.000472497311 0.999992371";
      annotation = "CAR";
      canSave = "1";
      canSaveDynamicFields = "1";
      persistentId = "c3f08378-1e97-44b7-80ce-4101506b33a0";
         isAIControlled = "1";
         licenseDesign = "vehicles/common/licenseplates/rls_west_coast_usa/licensePlate-default.json";
         licenseFormats = "[\"30-15\"]";
         licenseText = "TARGET";
         mode = "Ignore";
         scale = "1 1 1";
   };
   new TSStatic() {
      shapeName = "/levels/rls_west_coast_usa/art/shapes/objects/constructionbarrier.dae";
      dynamic = "0";
      playAmbient = "1";
      meshCulling = "0";
      originSort = "0";
      useInstanceRenderData = "0";
      instanceColor = "White";
      instanceColor1 = "White";
      instanceColor2 = "White";
      collisionType = "Collision Mesh";
      decalType = "Collision Mesh";
      prebuildCollisionData = "0";
      renderNormals = "0";
      forceDetail = "-1";
      position = "390.046722 -139.94281 144.735855";
      scale = "1 1 1";
      rotationMatrix = "-0.97792393 -0.208919898 -0.00428858818 0.208934367 -0.97792387 -0.00332930009 -0.00349835353 -0.00415182346 0.999986768";
      isRenderEnabled = "false";
      canSave = "1";
      canSaveDynamicFields = "1";
      persistentId = "2d53aa07-db6f-4186-a627-af410abb1d9d";
         mode = "Ignore";
   };
   new TSStatic() {
      shapeName = "/levels/rls_west_coast_usa/art/shapes/objects/arrowboard_L.dae";
      dynamic = "0";
      playAmbient = "1";
      meshCulling = "0";
      originSort = "0";
      useInstanceRenderData = "0";
      instanceColor = "White";
      instanceColor1 = "White";
      instanceColor2 = "White";
      collisionType = "Collision Mesh";
      decalType = "Collision Mesh";
      prebuildCollisionData = "0";
      renderNormals = "0";
      forceDetail = "-1";
      position = "579.109619 -197.315842 146.567703";
      scale = "1 1 1";
      rotationMatrix = "-0.977897584 0.209083706 0 -0.209083706 -0.977897584 0 0 0 1";
      isRenderEnabled = "false";
      canSave = "1";
      canSaveDynamicFields = "1";
      persistentId = "a09975bb-ae74-4b16-8326-c5c2068a7861";
         mode = "Ignore";
   };
   new TSStatic() {
      shapeName = "/levels/rls_west_coast_usa/art/shapes/objects/constructionbarrier.dae";
      dynamic = "0";
      playAmbient = "1";
      meshCulling = "0";
      originSort = "0";
      useInstanceRenderData = "0";
      instanceColor = "White";
      instanceColor1 = "White";
      instanceColor2 = "White";
      collisionType = "Collision Mesh";
      decalType = "Collision Mesh";
      prebuildCollisionData = "0";
      renderNormals = "0";
      forceDetail = "-1";
      position = "390.057617 -142.549179 144.735855";
      scale = "1 1 1";
      rotationMatrix = "-0.994975328 0.100033075 -0.00428858539 -0.100019656 -0.994980037 -0.00332930149 -0.00460009323 -0.00288361916 0.999986768";
      isRenderEnabled = "false";
      canSave = "1";
      canSaveDynamicFields = "1";
      persistentId = "0f8f0bc0-435f-4266-8491-e8f98e4cfaa7";
         mode = "Ignore";
   };
   new TSStatic() {
      shapeName = "/levels/rls_west_coast_usa/art/shapes/objects/constructionbarrier.dae";
      dynamic = "0";
      playAmbient = "1";
      meshCulling = "0";
      originSort = "0";
      useInstanceRenderData = "0";
      instanceColor = "White";
      instanceColor1 = "White";
      instanceColor2 = "White";
      collisionType = "Collision Mesh";
      decalType = "Collision Mesh";
      prebuildCollisionData = "0";
      renderNormals = "0";
      forceDetail = "-1";
      position = "388.601105 -149.751663 144.735855";
      scale = "1 1 1";
      rotationMatrix = "-0.345397413 0.938447356 -0.00428857096 -0.938446224 -0.345412105 -0.0033292966 -0.00460568862 0.00287466543 0.999986768";
      isRenderEnabled = "false";
      canSave = "1";
      canSaveDynamicFields = "1";
      persistentId = "37f676d1-bfc8-4104-a6a8-e8cb73a7363f";
         mode = "Ignore";
   };
   new TSStatic() {
      shapeName = "/levels/rls_west_coast_usa/art/shapes/objects/constructionbarrier.dae";
      dynamic = "0";
      playAmbient = "1";
      meshCulling = "0";
      originSort = "0";
      useInstanceRenderData = "0";
      instanceColor = "White";
      instanceColor1 = "White";
      instanceColor2 = "White";
      collisionType = "Collision Mesh";
      decalType = "Collision Mesh";
      prebuildCollisionData = "0";
      renderNormals = "0";
      forceDetail = "-1";
      position = "388.582214 -151.354523 144.735855";
      scale = "1 1 1";
      rotationMatrix = "-0.930433691 0.366435796 -0.0042885649 -0.366424441 -0.930442095 -0.00332928961 -0.0052102264 -0.00152623281 0.999985933";
      isRenderEnabled = "false";
      canSave = "1";
      canSaveDynamicFields = "1";
      persistentId = "bc661d53-a4b9-49f3-b329-b018d661487a";
         mode = "Ignore";
   };
   new TSStatic() {
      shapeName = "/levels/rls_west_coast_usa/art/shapes/objects/constructionbarrier.dae";
      dynamic = "0";
      playAmbient = "1";
      meshCulling = "0";
      originSort = "0";
      useInstanceRenderData = "0";
      instanceColor = "White";
      instanceColor1 = "White";
      instanceColor2 = "White";
      collisionType = "Collision Mesh";
      decalType = "Collision Mesh";
      prebuildCollisionData = "0";
      renderNormals = "0";
      forceDetail = "-1";
      position = "387.886505 -153.27623 144.735855";
      scale = "1 1 1";
      rotationMatrix = "-0.930433691 0.366435796 -0.0042885649 -0.366424441 -0.930442095 -0.00332928961 -0.0052102264 -0.00152623281 0.999985933";
      isRenderEnabled = "false";
      canSave = "1";
      canSaveDynamicFields = "1";
      persistentId = "fba1185e-96cc-4e90-b2a7-b3f4baf2db2d";
         mode = "Ignore";
   };
   new TSStatic() {
      shapeName = "/levels/rls_west_coast_usa/art/shapes/objects/greenscreen_8x4.dae";
      dynamic = "0";
      playAmbient = "1";
      meshCulling = "0";
      originSort = "0";
      useInstanceRenderData = "0";
      instanceColor = "White";
      instanceColor1 = "White";
      instanceColor2 = "White";
      collisionType = "Collision Mesh";
      decalType = "Collision Mesh";
      prebuildCollisionData = "0";
      renderNormals = "0";
      forceDetail = "-1";
      position = "390.249695 -130.963562 144.802856";
      scale = "1 1 1";
      rotationMatrix = "0.913686395 -0.406370968 0.00625423621 0.40636158 0.913707972 0.00277296058 -0.00684137922 7.87961471e-06 0.999976814";
      isRenderEnabled = "false";
      canSave = "1";
      canSaveDynamicFields = "1";
      persistentId = "1892fe3c-0986-4b48-af84-644284ebc0db";
         mode = "Ignore";
   };
   new TSStatic() {
      shapeName = "/levels/rls_west_coast_usa/art/shapes/objects/greenscreen_8x4.dae";
      dynamic = "0";
      playAmbient = "1";
      meshCulling = "0";
      originSort = "0";
      useInstanceRenderData = "0";
      instanceColor = "White";
      instanceColor1 = "White";
      instanceColor2 = "White";
      collisionType = "Collision Mesh";
      decalType = "Collision Mesh";
      prebuildCollisionData = "0";
      renderNormals = "0";
      forceDetail = "-1";
      position = "388.445404 -139.26236 144.748444";
      scale = "1 1 1";
      rotationMatrix = "0.99994421 -0.00845193211 0.00625425018 0.00843477063 0.999960244 0.00277295895 -0.00627741776 -0.00272003398 0.999976814";
      isRenderEnabled = "false";
      canSave = "1";
      canSaveDynamicFields = "1";
      persistentId = "31d0bde6-11bb-4744-89ae-75d8a31933d8";
         mode = "Ignore";
   };
   new TSStatic() {
      shapeName = "/levels/rls_west_coast_usa/art/shapes/objects/arrowboard_R.dae";
      dynamic = "0";
      playAmbient = "1";
      meshCulling = "0";
      originSort = "0";
      useInstanceRenderData = "0";
      instanceColor = "White";
      instanceColor1 = "White";
      instanceColor2 = "White";
      collisionType = "Collision Mesh";
      decalType = "Collision Mesh";
      prebuildCollisionData = "0";
      renderNormals = "0";
      forceDetail = "-1";
      position = "389.740143 -153.880096 144.813721";
      scale = "1 1 1";
      rotationMatrix = "0.998538613 -0.053545475 -0.00735211279 0.0535377078 0.998565614 -0.00126440765 0.00740927272 0.00086894643 0.999972165";
      isRenderEnabled = "false";
      canSave = "1";
      canSaveDynamicFields = "1";
      persistentId = "6ab4f20f-3826-4f6f-833c-a14441933e43";
         mode = "Ignore";
   };
   new DecalRoad() {
      drivability = "-1";
      lanesLeft = "1";
      lanesRight = "1";
      oneWay = "0";
      flipDirection = "0";
      gatedRoad = "0";
      autoJunction = "1";
      useSubdivisions = "1";
      improvedSpline = "1";
      startTangent = "0";
      endTangent = "0";
      looped = "0";
      smoothness = "0.5";
      detail = "0.100000001";
      overObjects = "0";
      Material = "line_white";
      textureLength = "6.4000001";
      breakAngle = "3";
      renderPriority = "12";
      zBias = "0";
      decalBias = "0.000500000024";
      distanceFade = "0 0";
      startEndFade = "0 0";
      hiddenInNavi = "0";
      position = "324.162231 -182.402252 143.999939";
      scale = "1 1 1";
      rotationMatrix = "1 0 0 0 1 0 0 0 1";
      canSave = "1";
      canSaveDynamicFields = "1";
      persistentId = "bb131b25-5325-4eae-ba3c-cda780bfa771";
         mode = "Ignore";

      Node = "324.162231 -182.402252 143.999939 0.200000";
      Node = "396.477966 -186.892334 144.850006 0.200000";
   };
   new DecalRoad() {
      drivability = "-1";
      lanesLeft = "1";
      lanesRight = "1";
      oneWay = "0";
      flipDirection = "0";
      gatedRoad = "0";
      autoJunction = "1";
      useSubdivisions = "1";
      improvedSpline = "1";
      startTangent = "0";
      endTangent = "0";
      looped = "0";
      smoothness = "0.5";
      detail = "0.100000001";
      overObjects = "0";
      Material = "line_white";
      textureLength = "6.4000001";
      breakAngle = "3";
      renderPriority = "12";
      zBias = "0";
      decalBias = "0.000500000024";
      distanceFade = "0 0";
      startEndFade = "0 0";
      hiddenInNavi = "0";
      position = "323.207184 -175.848679 144.042557";
      scale = "1 1 1";
      rotationMatrix = "1 0 0 0 1 0 0 0 1";
      canSave = "1";
      canSaveDynamicFields = "1";
      persistentId = "0486d06a-ec46-474d-ad9c-a4f227bd1527";
         mode = "Ignore";

      Node = "323.207184 -175.848679 144.042557 0.200000";
      Node = "410.358307 -172.612228 145.024811 0.200000";
   };
   new TSStatic() {
      shapeName = "/levels/rls_west_coast_usa/art/shapes/objects/garbage_sack.dae";
      dynamic = "0";
      playAmbient = "1";
      meshCulling = "0";
      originSort = "0";
      useInstanceRenderData = "0";
      instanceColor = "White";
      instanceColor1 = "White";
      instanceColor2 = "White";
      collisionType = "Collision Mesh";
      decalType = "Collision Mesh";
      prebuildCollisionData = "0";
      renderNormals = "0";
      forceDetail = "-1";
      position = "580.357422 -171.288483 146.648834";
      scale = "1 1 1";
      rotationMatrix = "0.73154223 0.681796134 0 -0.681796134 0.73154223 0 0 0 1";
      isRenderEnabled = "false";
      canSave = "1";
      canSaveDynamicFields = "1";
      persistentId = "ec33a871-1c1e-4e99-8bd3-c49d48d16697";
         mode = "Ignore";
   };
   new TSStatic() {
      shapeName = "/levels/rls_west_coast_usa/art/shapes/objects/garbage_sack.dae";
      dynamic = "0";
      playAmbient = "1";
      meshCulling = "0";
      originSort = "0";
      useInstanceRenderData = "0";
      instanceColor = "White";
      instanceColor1 = "White";
      instanceColor2 = "White";
      collisionType = "Collision Mesh";
      decalType = "Collision Mesh";
      prebuildCollisionData = "0";
      renderNormals = "0";
      forceDetail = "-1";
      position = "579.434387 -171.246048 146.648834";
      scale = "1 1 1";
      rotationMatrix = "0.826502383 -0.562933207 0 0.562933207 0.826502383 0 0 0 1";
      isRenderEnabled = "false";
      canSave = "1";
      canSaveDynamicFields = "1";
      persistentId = "99f42634-4907-44ba-8033-357de8b0d8d2";
         mode = "Ignore";
   };
   new TSStatic() {
      shapeName = "/levels/rls_west_coast_usa/art/shapes/objects/garbage_sack.dae";
      dynamic = "0";
      playAmbient = "1";
      meshCulling = "0";
      originSort = "0";
      useInstanceRenderData = "0";
      instanceColor = "White";
      instanceColor1 = "White";
      instanceColor2 = "White";
      collisionType = "Collision Mesh";
      decalType = "Collision Mesh";
      prebuildCollisionData = "0";
      renderNormals = "0";
      forceDetail = "-1";
      position = "576.090149 -172.494949 146.897888";
      scale = "1 1 1";
      rotationMatrix = "1 0 0 0 1 0 0 0 1";
      isRenderEnabled = "false";
      canSave = "1";
      canSaveDynamicFields = "1";
      persistentId = "8baf6202-4d8e-458e-bbf1-f13b52de2ec2";
         mode = "Ignore";
   };
   new TSStatic() {
      shapeName = "/levels/rls_west_coast_usa/art/shapes/objects/garbage_sack.dae";
      dynamic = "0";
      playAmbient = "1";
      meshCulling = "0";
      originSort = "0";
      useInstanceRenderData = "0";
      instanceColor = "White";
      instanceColor1 = "White";
      instanceColor2 = "White";
      collisionType = "Collision Mesh";
      decalType = "Collision Mesh";
      prebuildCollisionData = "0";
      renderNormals = "0";
      forceDetail = "-1";
      position = "576.090149 -172.494949 146.648834";
      scale = "1 1 1";
      rotationMatrix = "1 0 0 0 1 0 0 0 1";
      isRenderEnabled = "false";
      canSave = "1";
      canSaveDynamicFields = "1";
      persistentId = "908680b1-4f75-46e1-b227-fc8adca4ea5d";
         mode = "Ignore";
   };
   new TSStatic() {
      shapeName = "/levels/rls_west_coast_usa/art/shapes/objects/garbage_cardboard_box_b.dae";
      dynamic = "0";
      playAmbient = "1";
      meshCulling = "0";
      originSort = "0";
      useInstanceRenderData = "0";
      instanceColor = "White";
      instanceColor1 = "White";
      instanceColor2 = "White";
      collisionType = "Collision Mesh";
      decalType = "Collision Mesh";
      prebuildCollisionData = "0";
      renderNormals = "0";
      forceDetail = "-1";
      position = "575.96051 -171.748444 146.673508";
      scale = "1 1 1";
      rotationMatrix = "1 0 0 0 1 0 0 0 1";
      isRenderEnabled = "false";
      canSave = "1";
      canSaveDynamicFields = "1";
      persistentId = "448ce57e-26f8-4b85-9e76-a73cc455cf0b";
         mode = "Ignore";
   };
   new TSStatic() {
      shapeName = "/levels/rls_west_coast_usa/art/shapes/objects/garbage_cardboard_box_a.dae";
      dynamic = "0";
      playAmbient = "1";
      meshCulling = "0";
      originSort = "0";
      useInstanceRenderData = "0";
      instanceColor = "White";
      instanceColor1 = "White";
      instanceColor2 = "White";
      collisionType = "Collision Mesh";
      decalType = "Collision Mesh";
      prebuildCollisionData = "0";
      renderNormals = "0";
      forceDetail = "-1";
      position = "575.494629 -172.246719 146.670792";
      scale = "1 1 1";
      rotationMatrix = "1 0 0 0 1 0 0 0 1";
      isRenderEnabled = "false";
      canSave = "1";
      canSaveDynamicFields = "1";
      persistentId = "4dc6654b-1c17-40ab-9f19-3d4dc9b95a5a";
         mode = "Ignore";
   };
   new TSStatic() {
      shapeName = "/levels/rls_west_coast_usa/art/shapes/objects/dumpster.dae";
      dynamic = "0";
      playAmbient = "1";
      meshCulling = "0";
      originSort = "0";
      useInstanceRenderData = "0";
      instanceColor = "White";
      instanceColor1 = "White";
      instanceColor2 = "White";
      collisionType = "Collision Mesh";
      decalType = "Collision Mesh";
      prebuildCollisionData = "0";
      renderNormals = "0";
      forceDetail = "-1";
      position = "597.634705 -163.201172 147.555511";
      scale = "1 1 1";
      rotationMatrix = "1 0 0 0 1 0 0 0 1";
      isRenderEnabled = "false";
      canSave = "1";
      canSaveDynamicFields = "1";
      persistentId = "9fe55ad9-0988-49cf-91e4-a69a35362177";
         mode = "Ignore";
   };
   new TSStatic() {
      shapeName = "/levels/rls_west_coast_usa/art/shapes/objects/greenscreen_8x4.dae";
      dynamic = "0";
      playAmbient = "1";
      meshCulling = "0";
      originSort = "0";
      useInstanceRenderData = "0";
      instanceColor = "White";
      instanceColor1 = "White";
      instanceColor2 = "White";
      collisionType = "Collision Mesh";
      decalType = "Collision Mesh";
      prebuildCollisionData = "0";
      renderNormals = "0";
      forceDetail = "-1";
      position = "584.24939 -197.261948 146.633163";
      scale = "1 1 1";
      rotationMatrix = "-0.745616376 0.666376233 -0.000854443293 -0.66637063 -0.745615065 -0.003168097 -0.00274824305 -0.00179281028 0.999994338";
      isRenderEnabled = "false";
      canSave = "1";
      canSaveDynamicFields = "1";
      persistentId = "e141bb71-b50d-43c7-980e-1bae91a37962";
         mode = "Ignore";
   };
   new TSStatic() {
      shapeName = "/levels/rls_west_coast_usa/art/shapes/objects/greenscreen_8x4.dae";
      dynamic = "0";
      playAmbient = "1";
      meshCulling = "0";
      originSort = "0";
      useInstanceRenderData = "0";
      instanceColor = "White";
      instanceColor1 = "White";
      instanceColor2 = "White";
      collisionType = "Collision Mesh";
      decalType = "Collision Mesh";
      prebuildCollisionData = "0";
      renderNormals = "0";
      forceDetail = "-1";
      position = "590.096863 -145.444427 146.653183";
      scale = "1 1 1";
      rotationMatrix = "0.00621446827 0.999980986 -0.000893610704 -0.999976277 0.00621722452 0.00312998844 0.00313546974 0.000874139194 0.999994457";
      isRenderEnabled = "false";
      canSave = "1";
      canSaveDynamicFields = "1";
      persistentId = "9f9f747b-9e03-4be6-8ebc-37775d4a7c33";
         mode = "Ignore";
   };
   new TSStatic() {
      shapeName = "/levels/rls_west_coast_usa/art/shapes/objects/sandbarrel.dae";
      dynamic = "0";
      playAmbient = "1";
      meshCulling = "0";
      originSort = "0";
      useInstanceRenderData = "0";
      instanceColor = "White";
      instanceColor1 = "White";
      instanceColor2 = "White";
      collisionType = "Collision Mesh";
      decalType = "Collision Mesh";
      prebuildCollisionData = "0";
      renderNormals = "0";
      forceDetail = "-1";
      position = "576.08075 -166.24498 146.62941";
      scale = "1 1 1";
      rotationMatrix = "1 0 0 0 1 0 0 0 1";
      isRenderEnabled = "false";
      canSave = "1";
      canSaveDynamicFields = "1";
      persistentId = "d91343c0-f75c-4d34-8ccd-236c932b5b0f";
         mode = "Ignore";
   };
   new TSStatic() {
      shapeName = "/levels/rls_west_coast_usa/art/shapes/objects/sandbarrel.dae";
      dynamic = "0";
      playAmbient = "1";
      meshCulling = "0";
      originSort = "0";
      useInstanceRenderData = "0";
      instanceColor = "White";
      instanceColor1 = "White";
      instanceColor2 = "White";
      collisionType = "Collision Mesh";
      decalType = "Collision Mesh";
      prebuildCollisionData = "0";
      renderNormals = "0";
      forceDetail = "-1";
      position = "573.249329 -168.424149 146.62941";
      scale = "1 1 1";
      rotationMatrix = "1 0 0 0 1 0 0 0 1";
      isRenderEnabled = "false";
      canSave = "1";
      canSaveDynamicFields = "1";
      persistentId = "c76ccfe0-aa21-42a8-b604-aa96a8b9f410";
         mode = "Ignore";
   };
   new TSStatic() {
      shapeName = "/levels/rls_west_coast_usa/art/shapes/objects/sandbarrel.dae";
      dynamic = "0";
      playAmbient = "1";
      meshCulling = "0";
      originSort = "0";
      useInstanceRenderData = "0";
      instanceColor = "White";
      instanceColor1 = "White";
      instanceColor2 = "White";
      collisionType = "Collision Mesh";
      decalType = "Collision Mesh";
      prebuildCollisionData = "0";
      renderNormals = "0";
      forceDetail = "-1";
      position = "575.60022 -168.424149 146.62941";
      scale = "1 1 1";
      rotationMatrix = "1 0 0 0 1 0 0 0 1";
      isRenderEnabled = "false";
      canSave = "1";
      canSaveDynamicFields = "1";
      persistentId = "0ef4f861-cb2b-4659-be87-82ce5683e645";
         mode = "Ignore";
   };
   new TSStatic() {
      shapeName = "/levels/rls_west_coast_usa/art/shapes/objects/sandbarrel.dae";
      dynamic = "0";
      playAmbient = "1";
      meshCulling = "0";
      originSort = "0";
      useInstanceRenderData = "0";
      instanceColor = "White";
      instanceColor1 = "White";
      instanceColor2 = "White";
      collisionType = "Collision Mesh";
      decalType = "Collision Mesh";
      prebuildCollisionData = "0";
      renderNormals = "0";
      forceDetail = "-1";
      position = "577.833679 -168.424149 146.62941";
      scale = "1 1 1";
      rotationMatrix = "1 0 0 0 1 0 0 0 1";
      isRenderEnabled = "false";
      canSave = "1";
      canSaveDynamicFields = "1";
      persistentId = "c136fcd2-58e7-4615-a4b1-3997bb655d12";
         mode = "Ignore";
   };
   new TSStatic() {
      shapeName = "/levels/rls_west_coast_usa/art/shapes/objects/sandbarrel.dae";
      dynamic = "0";
      playAmbient = "1";
      meshCulling = "0";
      originSort = "0";
      useInstanceRenderData = "0";
      instanceColor = "White";
      instanceColor1 = "White";
      instanceColor2 = "White";
      collisionType = "Collision Mesh";
      decalType = "Collision Mesh";
      prebuildCollisionData = "0";
      renderNormals = "0";
      forceDetail = "-1";
      position = "577.833679 -171.967377 146.62941";
      scale = "1 1 1";
      rotationMatrix = "1 0 0 0 1 0 0 0 1";
      isRenderEnabled = "false";
      canSave = "1";
      canSaveDynamicFields = "1";
      persistentId = "dbe7a3b4-0e10-48fb-9c02-54c2453497b4";
         mode = "Ignore";
   };
   new TSStatic() {
      shapeName = "/levels/rls_west_coast_usa/art/shapes/objects/constructionbarrier.dae";
      dynamic = "0";
      playAmbient = "1";
      meshCulling = "0";
      originSort = "0";
      useInstanceRenderData = "0";
      instanceColor = "White";
      instanceColor1 = "White";
      instanceColor2 = "White";
      collisionType = "Collision Mesh";
      decalType = "Collision Mesh";
      prebuildCollisionData = "0";
      renderNormals = "0";
      forceDetail = "-1";
      position = "562.531921 -170.021225 146.607758";
      scale = "1 1 1";
      rotationMatrix = "0.0343122445 0.999410927 0.000174478104 -0.999398768 0.0343127213 -0.00508188084 -0.00508487318 -1.86175653e-09 0.999987543";
      isRenderEnabled = "false";
      canSave = "1";
      canSaveDynamicFields = "1";
      persistentId = "7920c3a2-5247-4888-a813-0566d3d62250";
         mode = "Ignore";
   };
   new TSStatic() {
      shapeName = "/levels/rls_west_coast_usa/art/shapes/objects/constructionbarrier.dae";
      dynamic = "0";
      playAmbient = "1";
      meshCulling = "0";
      originSort = "0";
      useInstanceRenderData = "0";
      instanceColor = "White";
      instanceColor1 = "White";
      instanceColor2 = "White";
      collisionType = "Collision Mesh";
      decalType = "Collision Mesh";
      prebuildCollisionData = "0";
      renderNormals = "0";
      forceDetail = "-1";
      position = "564.749573 -170.021225 146.607758";
      scale = "1 1 1";
      rotationMatrix = "0.0343122445 0.999410927 0.000174478104 -0.999398768 0.0343127213 -0.00508188084 -0.00508487318 -1.86175653e-09 0.999987543";
      isRenderEnabled = "false";
      canSave = "1";
      canSaveDynamicFields = "1";
      persistentId = "0f3e9238-cb18-4515-8f25-3d47fa379855";
         mode = "Ignore";
   };
   new TSStatic() {
      shapeName = "/levels/rls_west_coast_usa/art/shapes/objects/constructionbarrier.dae";
      dynamic = "0";
      playAmbient = "1";
      meshCulling = "0";
      originSort = "0";
      useInstanceRenderData = "0";
      instanceColor = "White";
      instanceColor1 = "White";
      instanceColor2 = "White";
      collisionType = "Collision Mesh";
      decalType = "Collision Mesh";
      prebuildCollisionData = "0";
      renderNormals = "0";
      forceDetail = "-1";
      position = "566.988342 -170.021225 146.607758";
      scale = "1 1 1";
      rotationMatrix = "0.0343122445 0.999410927 0.000174478104 -0.999398768 0.0343127213 -0.00508188084 -0.00508487318 -1.86175653e-09 0.999987543";
      isRenderEnabled = "false";
      canSave = "1";
      canSaveDynamicFields = "1";
      persistentId = "fb2ba8f5-3ad5-4c67-93de-11f3bdb512b6";
         mode = "Ignore";
   };
   new TSStatic() {
      shapeName = "/levels/rls_west_coast_usa/art/shapes/objects/constructionbarrier.dae";
      dynamic = "0";
      playAmbient = "1";
      meshCulling = "0";
      originSort = "0";
      useInstanceRenderData = "0";
      instanceColor = "White";
      instanceColor1 = "White";
      instanceColor2 = "White";
      collisionType = "Collision Mesh";
      decalType = "Collision Mesh";
      prebuildCollisionData = "0";
      renderNormals = "0";
      forceDetail = "-1";
      position = "569.205322 -170.021225 146.600357";
      scale = "1 1 1";
      rotationMatrix = "0.0343122445 0.999410927 0.000174478104 -0.999398768 0.0343127213 -0.00508188084 -0.00508487318 -1.86175653e-09 0.999987543";
      isRenderEnabled = "false";
      canSave = "1";
      canSaveDynamicFields = "1";
      persistentId = "cf741853-e29e-4ab7-a40c-bd86cb2d09d7";
         mode = "Ignore";
   };
   new TSStatic() {
      shapeName = "/levels/rls_west_coast_usa/art/shapes/objects/constructionbarrier.dae";
      dynamic = "0";
      playAmbient = "1";
      meshCulling = "0";
      originSort = "0";
      useInstanceRenderData = "0";
      instanceColor = "White";
      instanceColor1 = "White";
      instanceColor2 = "White";
      collisionType = "Collision Mesh";
      decalType = "Collision Mesh";
      prebuildCollisionData = "0";
      renderNormals = "0";
      forceDetail = "-1";
      position = "571.557739 -170.021225 146.6203";
      scale = "1 1 1";
      rotationMatrix = "0.0343122445 0.999410927 0.000174478104 -0.999398768 0.0343127213 -0.00508188084 -0.00508487318 -1.86175653e-09 0.999987543";
      isRenderEnabled = "false";
      canSave = "1";
      canSaveDynamicFields = "1";
      persistentId = "a38bd151-2c9c-419b-905e-70e12226ac23";
         mode = "Ignore";
   };
   new TSStatic() {
      shapeName = "/levels/rls_west_coast_usa/art/shapes/objects/constructionbarrier.dae";
      dynamic = "0";
      playAmbient = "1";
      meshCulling = "0";
      originSort = "0";
      useInstanceRenderData = "0";
      instanceColor = "White";
      instanceColor1 = "White";
      instanceColor2 = "White";
      collisionType = "Collision Mesh";
      decalType = "Collision Mesh";
      prebuildCollisionData = "0";
      renderNormals = "0";
      forceDetail = "-1";
      position = "573.783997 -170.021225 146.6203";
      scale = "1 1 1";
      rotationMatrix = "0.0343122445 0.999410927 0.000174478104 -0.999398768 0.0343127213 -0.00508188084 -0.00508487318 -1.86175653e-09 0.999987543";
      isRenderEnabled = "false";
      canSave = "1";
      canSaveDynamicFields = "1";
      persistentId = "f382d304-2ba3-452b-989a-736b190f5a4d";
         mode = "Ignore";
   };
   new TSStatic() {
      shapeName = "/levels/rls_west_coast_usa/art/shapes/objects/constructionbarrier.dae";
      dynamic = "0";
      playAmbient = "1";
      meshCulling = "0";
      originSort = "0";
      useInstanceRenderData = "0";
      instanceColor = "White";
      instanceColor1 = "White";
      instanceColor2 = "White";
      collisionType = "Collision Mesh";
      decalType = "Collision Mesh";
      prebuildCollisionData = "0";
      renderNormals = "0";
      forceDetail = "-1";
      position = "575.846436 -170.021225 146.6203";
      scale = "1 1 1";
      rotationMatrix = "0.0343122445 0.999410927 0.000174478104 -0.999398768 0.0343127213 -0.00508188084 -0.00508487318 -1.86175653e-09 0.999987543";
      isRenderEnabled = "false";
      canSave = "1";
      canSaveDynamicFields = "1";
      persistentId = "622699da-07d9-4185-855b-63841018fbcb";
         mode = "Ignore";
   };
   new TSStatic() {
      shapeName = "/levels/rls_west_coast_usa/art/shapes/objects/constructionbarrier.dae";
      dynamic = "0";
      playAmbient = "1";
      meshCulling = "0";
      originSort = "0";
      useInstanceRenderData = "0";
      instanceColor = "White";
      instanceColor1 = "White";
      instanceColor2 = "White";
      collisionType = "Collision Mesh";
      decalType = "Collision Mesh";
      prebuildCollisionData = "0";
      renderNormals = "0";
      forceDetail = "-1";
      position = "577.954285 -170.021225 146.625534";
      scale = "1 1 1";
      rotationMatrix = "0.0343122445 0.999410927 0.000174478104 -0.999398768 0.0343127213 -0.00508188084 -0.00508487318 -1.86175653e-09 0.999987543";
      isRenderEnabled = "false";
      canSave = "1";
      canSaveDynamicFields = "1";
      persistentId = "348d9eb9-bf5f-4f07-938c-d1f101e0b821";
         mode = "Ignore";
   };
   new TSStatic() {
      shapeName = "/levels/rls_west_coast_usa/art/shapes/objects/constructionbarrier.dae";
      dynamic = "0";
      playAmbient = "1";
      meshCulling = "0";
      originSort = "0";
      useInstanceRenderData = "0";
      instanceColor = "White";
      instanceColor1 = "White";
      instanceColor2 = "White";
      collisionType = "Collision Mesh";
      decalType = "Collision Mesh";
      prebuildCollisionData = "0";
      renderNormals = "0";
      forceDetail = "-1";
      position = "580.055786 -169.705276 146.61676";
      scale = "1 1 1";
      rotationMatrix = "-0.641755939 0.766899109 0.00391174806 -0.766906619 -0.641758323 -0.000615890138 0.00203807373 -0.00339519489 0.999992669";
      isRenderEnabled = "false";
      canSave = "1";
      canSaveDynamicFields = "1";
      persistentId = "6c3552bc-6105-4103-8582-1b4e26cff25b";
         mode = "Ignore";
   };
   new CameraBookmark(crushcam) {
      observer = "1";
      dataBlock = "CameraBookmarkMarker";
      position = "333.883606 -146.295151 145.510986";
      scale = "1 1 1";
      rotationMatrix = "-0.815328598 -0.578999221 8.04662704e-07 0.509553134 -0.717537522 -0.474864483 0.27494669 -0.387170017 0.880058944";
      canSave = "1";
      canSaveDynamicFields = "1";
      persistentId = "bd404dda-04a1-495c-9a8b-d8806e6ed289";
         mode = "Ignore";
         Speed = "2.5";
   };
   new TSStatic() {
      shapeName = "/levels/rls_west_coast_usa/art/shapes/objects/greenscreen_8x4.dae";
      dynamic = "0";
      playAmbient = "1";
      meshCulling = "0";
      originSort = "0";
      useInstanceRenderData = "0";
      instanceColor = "White";
      instanceColor1 = "White";
      instanceColor2 = "White";
      collisionType = "Collision Mesh";
      decalType = "Collision Mesh";
      prebuildCollisionData = "0";
      renderNormals = "0";
      forceDetail = "-1";
      position = "581.203186 -145.444427 146.632294";
      scale = "1 1 1";
      rotationMatrix = "0.00620899443 0.999980986 -0.000930883107 -0.999939501 0.00621722452 0.00913006905 0.0091356691 0.000874139136 0.999957621";
      isRenderEnabled = "false";
      canSave = "1";
      canSaveDynamicFields = "1";
      persistentId = "0ea1c711-9aed-4e8a-90af-3ee8c14e60d3";
         mode = "Ignore";
   };
   new TSStatic() {
      shapeName = "/levels/rls_west_coast_usa/art/shapes/objects/greenscreen_8x4.dae";
      dynamic = "0";
      playAmbient = "1";
      meshCulling = "0";
      originSort = "0";
      useInstanceRenderData = "0";
      instanceColor = "White";
      instanceColor1 = "White";
      instanceColor2 = "White";
      collisionType = "Collision Mesh";
      decalType = "Collision Mesh";
      prebuildCollisionData = "0";
      renderNormals = "0";
      forceDetail = "-1";
      position = "569.599548 -148.141266 146.633163";
      scale = "1 1 1";
      rotationMatrix = "-0.745616376 0.666376233 -0.000854443293 -0.66637063 -0.745615065 -0.003168097 -0.00274824305 -0.00179281028 0.999994338";
      isRenderEnabled = "false";
      canSave = "1";
      canSaveDynamicFields = "1";
      persistentId = "e15d88a9-cbac-4c7d-9c9d-e3178d43a0fe";
         mode = "Ignore";
   };
   new TSStatic() {
      shapeName = "/levels/rls_west_coast_usa/art/shapes/objects/greenscreen_8x4.dae";
      dynamic = "0";
      playAmbient = "1";
      meshCulling = "0";
      originSort = "0";
      useInstanceRenderData = "0";
      instanceColor = "White";
      instanceColor1 = "White";
      instanceColor2 = "White";
      collisionType = "Collision Mesh";
      decalType = "Collision Mesh";
      prebuildCollisionData = "0";
      renderNormals = "0";
      forceDetail = "-1";
      position = "570.373535 -172.095398 146.633163";
      scale = "1 1 1";
      rotationMatrix = "0.00621997332 0.999980986 -0.000854453247 -0.999976158 0.00621722452 -0.00316809164 -0.00316273351 0.000874139077 0.999994338";
      isRenderEnabled = "false";
      canSave = "1";
      canSaveDynamicFields = "1";
      persistentId = "4de66a35-3116-47be-afa6-3124337b7f20";
         mode = "Ignore";
   };
   new TSStatic() {
      shapeName = "/levels/rls_west_coast_usa/art/shapes/objects/greenscreen_8x4.dae";
      dynamic = "0";
      playAmbient = "1";
      meshCulling = "0";
      originSort = "0";
      useInstanceRenderData = "0";
      instanceColor = "White";
      instanceColor1 = "White";
      instanceColor2 = "White";
      collisionType = "Collision Mesh";
      decalType = "Collision Mesh";
      prebuildCollisionData = "0";
      renderNormals = "0";
      forceDetail = "-1";
      position = "562.307495 -150.195282 146.605072";
      scale = "1 1 1";
      rotationMatrix = "0.00238767732 0.999997616 -0.000854453072 -0.999992549 0.00238494435 -0.00316809118 -0.00316605973 0.000862011919 0.999994338";
      isRenderEnabled = "false";
      canSave = "1";
      canSaveDynamicFields = "1";
      persistentId = "7dd36987-814d-4c29-a4e0-3d62f61f368b";
         mode = "Ignore";
   };
   new TSStatic() {
      shapeName = "/levels/rls_west_coast_usa/art/shapes/objects/jerseybarrier_3m.dae";
      dynamic = "0";
      playAmbient = "1";
      meshCulling = "0";
      originSort = "0";
      useInstanceRenderData = "0";
      instanceColor = "White";
      instanceColor1 = "White";
      instanceColor2 = "White";
      collisionType = "Collision Mesh";
      decalType = "Collision Mesh";
      prebuildCollisionData = "0";
      renderNormals = "0";
      forceDetail = "-1";
      position = "492.750946 -184.163864 145.996902";
      scale = "1 1 1";
      rotationMatrix = "0.113166288 -0.993572652 0.00247127027 0.993335605 0.113193266 0.0216919817 -0.0218322892 4.65438466e-10 0.999761522";
      isRenderEnabled = "false";
      canSave = "1";
      canSaveDynamicFields = "1";
      persistentId = "eaef017f-a3ea-43db-991c-d5d98fb8f055";
         mode = "Ignore";
   };
   new TSStatic() {
      shapeName = "/levels/rls_west_coast_usa/art/shapes/objects/landingramp_shallow_long.dae";
      dynamic = "0";
      playAmbient = "1";
      meshCulling = "0";
      originSort = "0";
      useInstanceRenderData = "0";
      instanceColor = "White";
      instanceColor1 = "White";
      instanceColor2 = "White";
      collisionType = "Collision Mesh";
      decalType = "Collision Mesh";
      prebuildCollisionData = "0";
      renderNormals = "0";
      forceDetail = "-1";
      position = "484.24118 -175.487549 145.82106";
      scale = "1 1 1";
      rotationMatrix = "-0.0587690994 0.998271585 -0.00109266699 -0.998099029 -0.0587792248 -0.0185572058 -0.0185893551 1.16318469e-10 0.999827087";
      isRenderEnabled = "false";
      canSave = "1";
      canSaveDynamicFields = "1";
      persistentId = "140a73af-648e-43bb-9fab-c9a06fbbd035";
         mode = "Ignore";
   };
   new TSStatic() {
      shapeName = "/levels/rls_west_coast_usa/art/shapes/objects/garbage_sack.dae";
      dynamic = "0";
      playAmbient = "1";
      meshCulling = "0";
      originSort = "0";
      useInstanceRenderData = "0";
      instanceColor = "White";
      instanceColor1 = "White";
      instanceColor2 = "White";
      collisionType = "Collision Mesh";
      decalType = "Collision Mesh";
      prebuildCollisionData = "0";
      renderNormals = "0";
      forceDetail = "-1";
      position = "453.331116 -183.447418 145.490662";
      scale = "1 1 1";
      rotationMatrix = "0.944689393 -0.327967644 0 0.327967644 0.944689393 0 0 0 1";
      isRenderEnabled = "false";
      canSave = "1";
      canSaveDynamicFields = "1";
      persistentId = "a717b926-88cd-458c-b2ae-10d121ae2709";
         mode = "Ignore";
   };
   new TSStatic() {
      shapeName = "/levels/rls_west_coast_usa/art/shapes/objects/garbage_sack.dae";
      dynamic = "0";
      playAmbient = "1";
      meshCulling = "0";
      originSort = "0";
      useInstanceRenderData = "0";
      instanceColor = "White";
      instanceColor1 = "White";
      instanceColor2 = "White";
      collisionType = "Collision Mesh";
      decalType = "Collision Mesh";
      prebuildCollisionData = "0";
      renderNormals = "0";
      forceDetail = "-1";
      position = "455.171143 -183.246429 145.544754";
      scale = "1 1 1";
      rotationMatrix = "-0.982795358 -0.184699595 0 0.184699595 -0.982795358 0 0 0 1";
      isRenderEnabled = "false";
      canSave = "1";
      canSaveDynamicFields = "1";
      persistentId = "f55690b1-8496-4d04-8601-df0062e07d32";
         mode = "Ignore";
   };
   new TSStatic() {
      shapeName = "/levels/rls_west_coast_usa/art/shapes/objects/garbage_sack.dae";
      dynamic = "0";
      playAmbient = "1";
      meshCulling = "0";
      originSort = "0";
      useInstanceRenderData = "0";
      instanceColor = "White";
      instanceColor1 = "White";
      instanceColor2 = "White";
      collisionType = "Collision Mesh";
      decalType = "Collision Mesh";
      prebuildCollisionData = "0";
      renderNormals = "0";
      forceDetail = "-1";
      position = "457.124146 -183.077103 145.57518";
      scale = "1 1 1";
      rotationMatrix = "1 0 0 0 1 0 0 0 1";
      isRenderEnabled = "false";
      canSave = "1";
      canSaveDynamicFields = "1";
      persistentId = "8da8c228-e0f1-4b50-b66f-1794dc743399";
         mode = "Ignore";
   };
   new TSStatic() {
      shapeName = "/levels/rls_west_coast_usa/art/shapes/objects/garbage_sack.dae";
      dynamic = "0";
      playAmbient = "1";
      meshCulling = "0";
      originSort = "0";
      useInstanceRenderData = "0";
      instanceColor = "White";
      instanceColor1 = "White";
      instanceColor2 = "White";
      collisionType = "Collision Mesh";
      decalType = "Collision Mesh";
      prebuildCollisionData = "0";
      renderNormals = "0";
      forceDetail = "-1";
