//--- OBJECT WRITE BEGIN ---
$ThisPrefab = new SimGroup() {
   canSave = "1";
   canSaveDynamicFields = "1";
      groupPosition = "0 0 0";

   new TSStatic() {
      shapeName = "/levels/west_coast_usa/art/shapes/objects/constructionbarrier.dae";
      dynamic = "0";
      playAmbient = "1";
      meshCulling = "0";
      originSort = "0";
      useInstanceRenderData = "1";
      instanceColor = "White";
      instanceColor1 = "White";
      instanceColor2 = "White";
      collisionType = "Collision Mesh";
      decalType = "Collision Mesh";
      prebuildCollisionData = "0";
      renderNormals = "0";
      forceDetail = "-1";
      position = "-544.541321 282.210052 103.680962";
      scale = "1 1 1";
      rotationMatrix = "0.409186542 0.902839005 -0.132090911 -0.908199012 0.416948378 0.0364476666 0.0879814625 0.105050959 0.990567267";
      isRenderEnabled = "false";
      canSave = "1";
      canSaveDynamicFields = "1";
         mode = "Ignore";
   };
   new TSStatic() {
      shapeName = "/levels/west_coast_usa/art/shapes/objects/constructionbarrier.dae";
      dynamic = "0";
      playAmbient = "1";
      meshCulling = "0";
      originSort = "0";
      useInstanceRenderData = "1";
      instanceColor = "White";
      instanceColor1 = "White";
      instanceColor2 = "White";
      collisionType = "Collision Mesh";
      decalType = "Collision Mesh";
      prebuildCollisionData = "0";
      renderNormals = "0";
      forceDetail = "-1";
      position = "-541.732117 281.059601 103.420082";
      scale = "1 1 1";
      rotationMatrix = "0.321840823 0.937534392 -0.132090941 -0.943605483 0.329060078 0.0364476666 0.0776368082 0.112911366 0.990567267";
      isRenderEnabled = "false";
      canSave = "1";
      canSaveDynamicFields = "1";
         mode = "Ignore";
   };
   new TSStatic() {
      shapeName = "/levels/west_coast_usa/art/shapes/objects/constructionbarrier.dae";
      dynamic = "0";
      playAmbient = "1";
      meshCulling = "0";
      originSort = "0";
      useInstanceRenderData = "1";
      instanceColor = "White";
      instanceColor1 = "White";
      instanceColor2 = "White";
      collisionType = "Collision Mesh";
      decalType = "Collision Mesh";
      prebuildCollisionData = "0";
      renderNormals = "0";
      forceDetail = "-1";
      position = "-539.08313 280.135162 103.2808";
      scale = "1 1 1";
      rotationMatrix = "0.29681313 0.94575572 -0.132090911 -0.952016473 0.303868532 0.0364476591 0.0746088475 0.114934593 0.990567267";
      isRenderEnabled = "false";
      canSave = "1";
      canSaveDynamicFields = "1";
         mode = "Ignore";
   };
   new TSStatic() {
      shapeName = "/levels/west_coast_usa/art/shapes/objects/constructionbarrier.dae";
      dynamic = "0";
      playAmbient = "1";
      meshCulling = "0";
      originSort = "0";
      useInstanceRenderData = "1";
      instanceColor = "White";
      instanceColor1 = "White";
      instanceColor2 = "White";
      collisionType = "Collision Mesh";
      decalType = "Collision Mesh";
      prebuildCollisionData = "0";
      renderNormals = "0";
      forceDetail = "-1";
      position = "-536.063599 279.400024 103.115791";
      scale = "1 1 1";
      rotationMatrix = "0.242274702 0.961173594 -0.132090911 -0.96782738 0.248960733 0.0364476889 0.0679180026 0.119010881 0.990567267";
      isRenderEnabled = "false";
      canSave = "1";
      canSaveDynamicFields = "1";
         mode = "Ignore";
   };
   new TSStatic() {
      shapeName = "/levels/west_coast_usa/art/shapes/objects/constructionbarrier.dae";
      dynamic = "0";
      playAmbient = "1";
      meshCulling = "0";
      originSort = "0";
      useInstanceRenderData = "1";
      instanceColor = "White";
      instanceColor1 = "White";
      instanceColor2 = "White";
      collisionType = "Collision Mesh";
      decalType = "Collision Mesh";
      prebuildCollisionData = "0";
      renderNormals = "0";
      forceDetail = "-1";
      position = "-533.412048 278.914581 102.952538";
      scale = "1 1 1";
      rotationMatrix = "0.195980549 0.971670687 -0.132090941 -0.97863692 0.202340364 0.0364476815 0.0621424727 0.12212602 0.990567267";
      isRenderEnabled = "false";
      canSave = "1";
      canSaveDynamicFields = "1";
         mode = "Ignore";
   };
   new TSStatic() {
      shapeName = "/levels/west_coast_usa/art/shapes/objects/constructionbarrier.dae";
      dynamic = "0";
      playAmbient = "1";
      meshCulling = "0";
      originSort = "0";
      useInstanceRenderData = "1";
      instanceColor = "White";
      instanceColor1 = "White";
      instanceColor2 = "White";
      collisionType = "Collision Mesh";
      decalType = "Collision Mesh";
      prebuildCollisionData = "0";
      renderNormals = "0";
      forceDetail = "-1";
      position = "-530.665649 278.355133 102.854462";
      scale = "1 1 1";
      rotationMatrix = "0.163352609 0.977684855 -0.132090911 -0.984860063 0.169475734 0.0364476554 0.058020521 0.124137253 0.990567267";
      isRenderEnabled = "false";
      canSave = "1";
      canSaveDynamicFields = "1";
         mode = "Ignore";
   };
   new TSStatic() {
      shapeName = "/levels/west_coast_usa/art/shapes/objects/constructionbarrier.dae";
      dynamic = "0";
      playAmbient = "1";
      meshCulling = "0";
      originSort = "0";
      useInstanceRenderData = "1";
      instanceColor = "White";
      instanceColor1 = "White";
      instanceColor2 = "White";
      collisionType = "Collision Mesh";
      decalType = "Collision Mesh";
      prebuildCollisionData = "0";
      renderNormals = "0";
      forceDetail = "-1";
      position = "-505.405914 328.778687 96.918335";
      scale = "1 1 1";
      rotationMatrix = "-0.166049361 0.984610319 -0.0545032173 -0.986106873 -0.166052103 0.00450976007 -0.0046100039 0.054494828 0.998503387";
      isRenderEnabled = "false";
      canSave = "1";
      canSaveDynamicFields = "1";
         mode = "Ignore";
   };
   new TSStatic() {
      shapeName = "/levels/west_coast_usa/art/shapes/objects/constructionbarrier.dae";
      dynamic = "0";
      playAmbient = "1";
      meshCulling = "0";
      originSort = "0";
      useInstanceRenderData = "1";
      instanceColor = "White";
      instanceColor1 = "White";
      instanceColor2 = "White";
      collisionType = "Collision Mesh";
      decalType = "Collision Mesh";
      prebuildCollisionData = "0";
      renderNormals = "0";
      forceDetail = "-1";
      position = "-502.558563 329.198608 96.918335";
      scale = "1 1 1";
      rotationMatrix = "-0.0684995651 0.996161282 -0.0545032173 -0.997650921 -0.0683553219 0.00450977869 0.000766882673 0.0546841025 0.998503387";
      isRenderEnabled = "false";
      canSave = "1";
      canSaveDynamicFields = "1";
         mode = "Ignore";
   };
   new TSStatic() {
      shapeName = "/levels/west_coast_usa/art/shapes/objects/constructionbarrier.dae";
      dynamic = "0";
      playAmbient = "1";
      meshCulling = "0";
      originSort = "0";
      useInstanceRenderData = "1";
      instanceColor = "White";
      instanceColor1 = "White";
      instanceColor2 = "White";
      collisionType = "Collision Mesh";
      decalType = "Collision Mesh";
      prebuildCollisionData = "0";
      renderNormals = "0";
      forceDetail = "-1";
      position = "-499.553009 329.262512 96.918335";
      scale = "1 1 1";
      rotationMatrix = "0.0134406686 0.998423517 -0.0545032322 -0.999896228 0.0137066841 0.00450977497 0.00524974428 0.0544369444 0.998503387";
      isRenderEnabled = "false";
      canSave = "1";
      canSaveDynamicFields = "1";
         mode = "Ignore";
   };
   new TSStatic() {
      shapeName = "/levels/west_coast_usa/art/shapes/objects/constructionbarrier.dae";
      dynamic = "0";
      playAmbient = "1";
      meshCulling = "0";
      originSort = "0";
      useInstanceRenderData = "1";
      instanceColor = "White";
      instanceColor1 = "White";
      instanceColor2 = "White";
      collisionType = "Collision Mesh";
      decalType = "Collision Mesh";
      prebuildCollisionData = "0";
      renderNormals = "0";
      forceDetail = "-1";
      position = "-496.484467 328.999969 96.918335";
      scale = "1 1 1";
      rotationMatrix = "0.222947836 0.973305464 -0.0545032322 -0.974689484 0.223517358 0.00450979173 0.0165718254 0.052118279 0.998503387";
      isRenderEnabled = "false";
      canSave = "1";
      canSaveDynamicFields = "1";
         mode = "Ignore";
   };
   new TSStatic() {
      shapeName = "/levels/west_coast_usa/art/shapes/objects/constructionbarrier.dae";
      dynamic = "0";
      playAmbient = "1";
      meshCulling = "0";
      originSort = "0";
      useInstanceRenderData = "1";
      instanceColor = "White";
      instanceColor1 = "White";
      instanceColor2 = "White";
      collisionType = "Collision Mesh";
      decalType = "Collision Mesh";
      prebuildCollisionData = "0";
      renderNormals = "0";
      forceDetail = "-1";
      position = "-493.715973 328.18338 96.918335";
      scale = "1 1 1";
      rotationMatrix = "0.318948328 0.946203768 -0.0545032248 -0.947524011 0.319653153 0.00450977311 0.0216892976 0.0502047166 0.998503387";
      isRenderEnabled = "false";
      canSave = "1";
      canSaveDynamicFields = "1";
         mode = "Ignore";
   };
   new TSStatic() {
      shapeName = "/levels/west_coast_usa/art/shapes/objects/constructionbarrier.dae";
      dynamic = "0";
      playAmbient = "1";
      meshCulling = "0";
      originSort = "0";
      useInstanceRenderData = "1";
      instanceColor = "White";
      instanceColor1 = "White";
      instanceColor2 = "White";
      collisionType = "Collision Mesh";
      decalType = "Collision Mesh";
      prebuildCollisionData = "0";
      renderNormals = "0";
      forceDetail = "-1";
      position = "-491.022461 326.960876 96.918335";
      scale = "1 1 1";
      rotationMatrix = "0.462307453 0.885043323 -0.0545032322 -0.8862378 0.463209093 0.00450977497 0.0292377528 0.0462179035 0.998503387";
      isRenderEnabled = "false";
      canSave = "1";
      canSaveDynamicFields = "1";
         mode = "Ignore";
   };
   new TSStatic() {
      shapeName = "/levels/west_coast_usa/art/shapes/objects/constructionbarrier.dae";
      dynamic = "0";
      playAmbient = "1";
      meshCulling = "0";
      originSort = "0";
      useInstanceRenderData = "1";
      instanceColor = "White";
      instanceColor1 = "White";
      instanceColor2 = "White";
      collisionType = "Collision Mesh";
      decalType = "Collision Mesh";
      prebuildCollisionData = "0";
      renderNormals = "0";
      forceDetail = "-1";
      position = "-488.368805 325.49231 96.918335";
      scale = "1 1 1";
      rotationMatrix = "0.486584783 0.871931672 -0.0545032211 -0.873100758 0.487519085 0.00450977311 0.0305035822 0.045392409 0.998503387";
      isRenderEnabled = "false";
      canSave = "1";
      canSaveDynamicFields = "1";
         mode = "Ignore";
   };
   new TSStatic() {
      shapeName = "/levels/west_coast_usa/art/shapes/objects/constructionbarrier.dae";
      dynamic = "0";
      playAmbient = "1";
      meshCulling = "0";
      originSort = "0";
      useInstanceRenderData = "1";
      instanceColor = "White";
      instanceColor1 = "White";
      instanceColor2 = "White";
      collisionType = "Collision Mesh";
      decalType = "Collision Mesh";
      prebuildCollisionData = "0";
      renderNormals = "0";
      forceDetail = "-1";
      position = "-485.9086 323.980194 96.918335";
      scale = "1 1 1";
      rotationMatrix = "0.529057145 0.846834183 -0.0545032173 -0.847955704 0.530048013 0.00450977311 0.0327083617 0.0438303798 0.998503387";
      isRenderEnabled = "false";
      canSave = "1";
      canSaveDynamicFields = "1";
         mode = "Ignore";
   };
   new TSStatic() {
      shapeName = "/levels/west_coast_usa/art/shapes/objects/constructionbarrier.dae";
      dynamic = "0";
      playAmbient = "1";
      meshCulling = "0";
      originSort = "0";
      useInstanceRenderData = "1";
      instanceColor = "White";
      instanceColor1 = "White";
      instanceColor2 = "White";
      collisionType = "Collision Mesh";
      decalType = "Collision Mesh";
      prebuildCollisionData = "0";
      renderNormals = "0";
      forceDetail = "-1";
      position = "-451.532166 288.96048 98.1169739";
      scale = "1 1 1";
      rotationMatrix = "0.960280776 0.272828966 -0.0585253984 -0.273828715 0.961730123 -0.00964716822 0.0536536127 0.0252899155 0.998239279";
      isRenderEnabled = "false";
      canSave = "1";
      canSaveDynamicFields = "1";
         mode = "Ignore";
   };
   new TSStatic() {
      shapeName = "/levels/west_coast_usa/art/shapes/objects/constructionbarrier.dae";
      dynamic = "0";
      playAmbient = "1";
      meshCulling = "0";
      originSort = "0";
      useInstanceRenderData = "1";
      instanceColor = "White";
      instanceColor1 = "White";
      instanceColor2 = "White";
      collisionType = "Collision Mesh";
      decalType = "Collision Mesh";
      prebuildCollisionData = "0";
      renderNormals = "0";
      forceDetail = "-1";
      position = "-452.53363 291.658508 98.0772552";
      scale = "1 1 1";
      rotationMatrix = "0.928744435 0.3658503 -0.0598947257 -0.367005438 0.930173516 -0.00918262638 0.052353017 0.030509999 0.998162448";
      isRenderEnabled = "false";
      canSave = "1";
      canSaveDynamicFields = "1";
         mode = "Ignore";
   };
   new TSStatic() {
      shapeName = "/levels/west_coast_usa/art/shapes/objects/constructionbarrier.dae";
      dynamic = "0";
      playAmbient = "1";
      meshCulling = "0";
      originSort = "0";
      useInstanceRenderData = "1";
      instanceColor = "White";
      instanceColor1 = "White";
      instanceColor2 = "White";
      collisionType = "Collision Mesh";
      decalType = "Collision Mesh";
      prebuildCollisionData = "0";
      renderNormals = "0";
      forceDetail = "-1";
      position = "-450.846161 286.033905 98.1600571";
      scale = "1 1 1";
      rotationMatrix = "0.979491711 0.193149433 -0.0573524795 -0.194017991 0.980947733 -0.00993003882 0.0543418042 0.0208537988 0.998304605";
      isRenderEnabled = "false";
      canSave = "1";
      canSaveDynamicFields = "1";
         mode = "Ignore";
   };
   new TSStatic() {
      shapeName = "/levels/west_coast_usa/art/shapes/objects/constructionbarrier.dae";
      dynamic = "0";
      playAmbient = "1";
      meshCulling = "0";
      originSort = "0";
      useInstanceRenderData = "1";
      instanceColor = "White";
      instanceColor1 = "White";
      instanceColor2 = "White";
      collisionType = "Collision Mesh";
      decalType = "Collision Mesh";
      prebuildCollisionData = "0";
      renderNormals = "0";
      forceDetail = "-1";
      position = "-450.466431 282.977936 98.20504";
      scale = "1 1 1";
      rotationMatrix = "0.99838239 -0.0169886481 -0.0542590804 0.0164582226 0.999812424 -0.0102077546 0.0544223227 0.00929823425 0.998474717";
      isRenderEnabled = "false";
      canSave = "1";
      canSaveDynamicFields = "1";
         mode = "Ignore";
   };
   new TSStatic() {
      shapeName = "/levels/west_coast_usa/art/shapes/objects/constructionbarrier.dae";
      dynamic = "0";
      playAmbient = "1";
      meshCulling = "0";
      originSort = "0";
      useInstanceRenderData = "1";
      instanceColor = "White";
      instanceColor1 = "White";
      instanceColor2 = "White";
      collisionType = "Collision Mesh";
      decalType = "Collision Mesh";
      prebuildCollisionData = "0";
      renderNormals = "0";
      forceDetail = "-1";
      position = "-450.690918 280.100616 98.2473984";
      scale = "1 1 1";
      rotationMatrix = "0.991785109 -0.11651203 -0.052794002 0.116137907 0.993181646 -0.0101101529 0.0536119863 0.00389571791 0.99855423";
      isRenderEnabled = "false";
      canSave = "1";
      canSaveDynamicFields = "1";
         mode = "Ignore";
   };
   new TSStatic() {
      shapeName = "/levels/west_coast_usa/art/shapes/objects/constructionbarrier.dae";
      dynamic = "0";
      playAmbient = "1";
      meshCulling = "0";
      originSort = "0";
      useInstanceRenderData = "1";
      instanceColor = "White";
      instanceColor1 = "White";
      instanceColor2 = "White";
      collisionType = "Collision Mesh";
      decalType = "Collision Mesh";
      prebuildCollisionData = "0";
      renderNormals = "0";
      forceDetail = "-1";
      position = "-451.328064 277.212402 98.2899094";
      scale = "1 1 1";
      rotationMatrix = "0.961694598 -0.269423425 -0.05054304 0.269284546 0.963012159 -0.00966602005 0.0512778163 -0.00431469223 0.998675108";
      isRenderEnabled = "false";
      canSave = "1";
      canSaveDynamicFields = "1";
         mode = "Ignore";
   };
   new TSStatic() {
      shapeName = "/levels/west_coast_usa/art/shapes/objects/constructionbarrier.dae";
      dynamic = "0";
      playAmbient = "1";
      meshCulling = "0";
      originSort = "0";
      useInstanceRenderData = "1";
      instanceColor = "White";
      instanceColor1 = "White";
      instanceColor2 = "White";
      collisionType = "Collision Mesh";
      decalType = "Collision Mesh";
      prebuildCollisionData = "0";
      renderNormals = "0";
      forceDetail = "-1";
      position = "-452.214203 274.312134 98.3326035";
      scale = "1 1 1";
      rotationMatrix = "0.95390451 -0.295889825 -0.050153397 0.295791 0.955204964 -0.0095511023 0.0507328436 -0.00572408224 0.99869585";
      isRenderEnabled = "false";
      canSave = "1";
      canSaveDynamicFields = "1";
         mode = "Ignore";
   };
   new TSStatic() {
      shapeName = "/levels/west_coast_usa/art/shapes/objects/constructionbarrier.dae";
      dynamic = "0";
      playAmbient = "1";
      meshCulling = "0";
      originSort = "0";
      useInstanceRenderData = "1";
      instanceColor = "White";
      instanceColor1 = "White";
      instanceColor2 = "White";
      collisionType = "Collision Mesh";
      decalType = "Collision Mesh";
      prebuildCollisionData = "0";
      renderNormals = "0";
      forceDetail = "-1";
      position = "-453.183044 271.592072 98.3726501";
      scale = "1 1 1";
      rotationMatrix = "0.938163817 -0.342639595 -0.0494652055 0.342611104 0.939431131 -0.00931889936 0.0496621765 -0.00820467062 0.998732388";
      isRenderEnabled = "false";
      canSave = "1";
      canSaveDynamicFields = "1";
         mode = "Ignore";
   };
   new TSStatic() {
      shapeName = "/levels/west_coast_usa/art/shapes/race/barrelmarker_L.dae";
      dynamic = "0";
      playAmbient = "1";
      meshCulling = "0";
      originSort = "0";
      useInstanceRenderData = "1";
      instanceColor = "White";
      instanceColor1 = "White";
      instanceColor2 = "White";
      collisionType = "Collision Mesh";
      decalType = "Collision Mesh";
      prebuildCollisionData = "0";
      renderNormals = "0";
      forceDetail = "-1";
      position = "-533.048157 190.078278 101.946014";
      scale = "1 1 1";
      rotationMatrix = "1 0 0 0 1 0 0 0 1";
      isRenderEnabled = "false";
      canSave = "1";
      canSaveDynamicFields = "1";
         mode = "Ignore";
   };
   new TSStatic() {
      shapeName = "/art/shapes/race/s_concrete_arrow_barrier.dae";
      dynamic = "0";
      playAmbient = "1";
      meshCulling = "0";
      originSort = "0";
      useInstanceRenderData = "1";
      instanceColor = "White";
      instanceColor1 = "White";
      instanceColor2 = "White";
      collisionType = "Collision Mesh";
      decalType = "Collision Mesh";
      prebuildCollisionData = "0";
      renderNormals = "0";
      forceDetail = "-1";
      position = "-534.50531 175.678741 101.042381";
      scale = "1 1 1";
      rotationMatrix = "0.998172939 0.000293689314 -0.060421288 0.00315189338 0.998373628 0.0569227487 0.060339734 -0.0570091903 0.996548593";
      isRenderEnabled = "false";
      canSave = "1";
      canSaveDynamicFields = "1";
         mode = "Ignore";
   };
   new TSStatic() {
      shapeName = "/art/shapes/race/s_concrete_arrow_barrier.dae";
      dynamic = "0";
      playAmbient = "1";
      meshCulling = "0";
      originSort = "0";
      useInstanceRenderData = "1";
      instanceColor = "White";
      instanceColor1 = "White";
      instanceColor2 = "White";
      collisionType = "Collision Mesh";
      decalType = "Collision Mesh";
      prebuildCollisionData = "0";
      renderNormals = "0";
      forceDetail = "-1";
      position = "-529.604492 175.681534 100.788834";
      scale = "1 1 1";
      rotationMatrix = "0.998470545 -1.16415322e-10 -0.0552867241 0.00315189408 0.998373628 0.0569227636 0.0551968031 -0.0570099577 0.996846616";
      isRenderEnabled = "false";
      canSave = "1";
      canSaveDynamicFields = "1";
         mode = "Ignore";
   };
   new TSStatic() {
      shapeName = "/art/shapes/race/s_concrete_arrow_barrier.dae";
      dynamic = "0";
      playAmbient = "1";
      meshCulling = "0";
      originSort = "0";
      useInstanceRenderData = "1";
      instanceColor = "White";
      instanceColor1 = "White";
      instanceColor2 = "White";
      collisionType = "Collision Mesh";
      decalType = "Collision Mesh";
      prebuildCollisionData = "0";
      renderNormals = "0";
      forceDetail = "-1";
      position = "-524.71875 175.68013 100.547409";
      scale = "1 1 1";
      rotationMatrix = "0.998890877 -0.000469095656 -0.0470825173 0.00297906669 0.998576581 0.053254053 0.0469905175 -0.0533352494 0.997470438";
      isRenderEnabled = "false";
      canSave = "1";
      canSaveDynamicFields = "1";
         mode = "Ignore";
   };
   new TSStatic() {
      shapeName = "/art/shapes/race/s_concrete_arrow_barrier.dae";
      dynamic = "0";
      playAmbient = "1";
      meshCulling = "0";
      originSort = "0";
      useInstanceRenderData = "1";
      instanceColor = "White";
      instanceColor1 = "White";
      instanceColor2 = "White";
      collisionType = "Collision Mesh";
      decalType = "Collision Mesh";
      prebuildCollisionData = "0";
      renderNormals = "0";
      forceDetail = "-1";
      position = "-519.368896 175.973083 100.398422";
      scale = "1 1 1";
      rotationMatrix = "0.997918189 0.0557726324 -0.032383997 -0.0539132655 0.996990919 0.0556996912 0.0353930704 -0.053837806 0.997922242";
      isRenderEnabled = "false";
      canSave = "1";
      canSaveDynamicFields = "1";
         mode = "Ignore";
   };
   new TSStatic() {
      shapeName = "/art/shapes/race/s_concrete_arrow_barrier.dae";
      dynamic = "0";
      playAmbient = "1";
      meshCulling = "0";
      originSort = "0";
      useInstanceRenderData = "1";
      instanceColor = "White";
      instanceColor1 = "White";
      instanceColor2 = "White";
      collisionType = "Collision Mesh";
      decalType = "Collision Mesh";
      prebuildCollisionData = "0";
      renderNormals = "0";
      forceDetail = "-1";
      position = "-514.393311 176.275009 100.379639";
      scale = "1 1 1";
      rotationMatrix = "0.998371303 0.0548621565 -0.015648365 -0.0539132729 0.996990919 0.0556996875 0.0186570808 -0.0547653176 0.998324931";
      isRenderEnabled = "false";
      canSave = "1";
      canSaveDynamicFields = "1";
         mode = "Ignore";
   };
   new TSStatic() {
      shapeName = "/art/shapes/race/s_concrete_arrow_barrier.dae";
      dynamic = "0";
      playAmbient = "1";
      meshCulling = "0";
      originSort = "0";
      useInstanceRenderData = "1";
      instanceColor = "White";
      instanceColor1 = "White";
      instanceColor2 = "White";
      collisionType = "Collision Mesh";
      decalType = "Collision Mesh";
      prebuildCollisionData = "0";
      renderNormals = "0";
      forceDetail = "-1";
      position = "-509.444672 176.534286 100.342575";
      scale = "1 1 1";
      rotationMatrix = "0.998505473 0.0543275215 -0.00594870979 -0.0539132841 0.996990919 0.0556997061 0.00895683654 -0.055295743 0.998429835";
      isRenderEnabled = "false";
      canSave = "1";
      canSaveDynamicFields = "1";
         mode = "Ignore";
   };
   new TSStatic() {
      shapeName = "/levels/west_coast_usa/art/shapes/race/ut_race_mesh_barricade_.DAE";
      dynamic = "0";
      playAmbient = "1";
      meshCulling = "0";
      originSort = "0";
      useInstanceRenderData = "1";
      instanceColor = "White";
      instanceColor1 = "White";
      instanceColor2 = "White";
      collisionType = "Collision Mesh";
      decalType = "Collision Mesh";
      prebuildCollisionData = "0";
      renderNormals = "0";
      forceDetail = "-1";
      position = "-521.451843 201.869766 101.806877";
      scale = "1 1 1";
      rotationMatrix = "0.716406286 -0.697683275 0 0.697683275 0.716406286 0 0 0 1";
      isRenderEnabled = "false";
      canSave = "1";
      canSaveDynamicFields = "1";
         mode = "Ignore";
   };
   new TSStatic() {
      shapeName = "/levels/west_coast_usa/art/shapes/race/ut_race_mesh_barricade_.DAE";
      dynamic = "0";
      playAmbient = "1";
      meshCulling = "0";
      originSort = "0";
      useInstanceRenderData = "1";
      instanceColor = "White";
      instanceColor1 = "White";
      instanceColor2 = "White";
      collisionType = "Collision Mesh";
      decalType = "Collision Mesh";
      prebuildCollisionData = "0";
      renderNormals = "0";
      forceDetail = "-1";
      position = "-513.944885 209.64032 101.806877";
      scale = "1 1 1";
      rotationMatrix = "0.716406286 -0.697683275 0 0.697683275 0.716406286 0 0 0 1";
      isRenderEnabled = "false";
      canSave = "1";
      canSaveDynamicFields = "1";
         mode = "Ignore";
   };
   new TSStatic() {
      shapeName = "/levels/west_coast_usa/art/shapes/race/ut_race_mesh_barricade_.DAE";
      dynamic = "0";
      playAmbient = "1";
      meshCulling = "0";
      originSort = "0";
      useInstanceRenderData = "1";
      instanceColor = "White";
      instanceColor1 = "White";
      instanceColor2 = "White";
      collisionType = "Collision Mesh";
      decalType = "Collision Mesh";
      prebuildCollisionData = "0";
      renderNormals = "0";
      forceDetail = "-1";
      position = "-506.022583 217.542435 101.806877";
      scale = "1 1 1";
      rotationMatrix = "0.716406286 -0.697683275 0 0.697683275 0.716406286 0 0 0 1";
      isRenderEnabled = "false";
      canSave = "1";
      canSaveDynamicFields = "1";
         mode = "Ignore";
   };
   new TSStatic() {
      shapeName = "/levels/west_coast_usa/art/shapes/race/ut_race_mesh_barricade_.DAE";
      dynamic = "0";
      playAmbient = "1";
      meshCulling = "0";
      originSort = "0";
      useInstanceRenderData = "1";
      instanceColor = "White";
      instanceColor1 = "White";
      instanceColor2 = "White";
      collisionType = "Collision Mesh";
      decalType = "Collision Mesh";
      prebuildCollisionData = "0";
      renderNormals = "0";
      forceDetail = "-1";
      position = "-497.962097 225.582596 101.806877";
      scale = "1 1 1";
      rotationMatrix = "0.716406286 -0.697683275 0 0.697683275 0.716406286 0 0 0 1";
      isRenderEnabled = "false";
      canSave = "1";
      canSaveDynamicFields = "1";
         mode = "Ignore";
   };
   new TSStatic() {
      shapeName = "/levels/west_coast_usa/art/shapes/race/ut_race_mesh_barricade_.DAE";
      dynamic = "0";
      playAmbient = "1";
      meshCulling = "0";
      originSort = "0";
      useInstanceRenderData = "1";
      instanceColor = "White";
      instanceColor1 = "White";
      instanceColor2 = "White";
      collisionType = "Collision Mesh";
      decalType = "Collision Mesh";
      prebuildCollisionData = "0";
      renderNormals = "0";
      forceDetail = "-1";
      position = "-529.028931 194.397812 101.806877";
      scale = "1 1 1";
      rotationMatrix = "0.716406286 -0.697683275 0 0.697683275 0.716406286 0 0 0 1";
      isRenderEnabled = "false";
      canSave = "1";
      canSaveDynamicFields = "1";
         mode = "Ignore";
   };
   new TSStatic() {
      shapeName = "/art/shapes/race/s_concrete_arrow_barrier.dae";
      dynamic = "0";
      playAmbient = "1";
      meshCulling = "0";
      originSort = "0";
      useInstanceRenderData = "1";
      instanceColor = "White";
      instanceColor1 = "White";
      instanceColor2 = "White";
      collisionType = "Collision Mesh";
      decalType = "Collision Mesh";
      prebuildCollisionData = "0";
      renderNormals = "0";
      forceDetail = "-1";
      position = "-499.318817 181.264984 100.405357";
      scale = "1 1 1";
      rotationMatrix = "0.564352155 0.825476348 0.00976845343 -0.82551676 0.564224124 0.0131602315 0.00535186287 -0.0154910283 0.999865711";
      isRenderEnabled = "false";
      canSave = "1";
      canSaveDynamicFields = "1";
         mode = "Ignore";
   };
   new TSStatic() {
      shapeName = "/levels/west_coast_usa/art/shapes/race/ut_race_mesh_barricade_curve_b.DAE";
      dynamic = "0";
      playAmbient = "1";
      meshCulling = "0";
      originSort = "0";
      useInstanceRenderData = "1";
      instanceColor = "White";
      instanceColor1 = "White";
      instanceColor2 = "White";
      collisionType = "Collision Mesh";
      decalType = "Collision Mesh";
      prebuildCollisionData = "0";
      renderNormals = "0";
      forceDetail = "-1";
      position = "-434.601868 224.187744 101.106804";
      scale = "1 1 1";
      rotationMatrix = "0.816160619 0.577825069 0 -0.577825069 0.816160619 0 0 0 1";
      isRenderEnabled = "false";
      canSave = "1";
      canSaveDynamicFields = "1";
         mode = "Ignore";
   };
   new TSStatic() {
      shapeName = "/levels/west_coast_usa/art/shapes/race/ut_race_mesh_barricade_curve_b.DAE";
      dynamic = "0";
      playAmbient = "1";
      meshCulling = "0";
      originSort = "0";
      useInstanceRenderData = "1";
      instanceColor = "White";
      instanceColor1 = "White";
      instanceColor2 = "White";
      collisionType = "Collision Mesh";
      decalType = "Collision Mesh";
      prebuildCollisionData = "0";
      renderNormals = "0";
      forceDetail = "-1";
      position = "-444.487732 221.989594 101.016296";
      scale = "1 1 1";
      rotationMatrix = "0.238480628 0.971105039 0.00904795993 -0.971144736 0.238490403 -9.31322575e-10 -0.00215785182 -0.00878687948 0.999959052";
      isRenderEnabled = "false";
      canSave = "1";
      canSaveDynamicFields = "1";
         mode = "Ignore";
   };
   new TSStatic() {
      shapeName = "/levels/west_coast_usa/art/shapes/race/ut_race_mesh_barricade_curve_b.DAE";
      dynamic = "0";
      playAmbient = "1";
      meshCulling = "0";
      originSort = "0";
      useInstanceRenderData = "1";
      instanceColor = "White";
      instanceColor1 = "White";
      instanceColor2 = "White";
      collisionType = "Collision Mesh";
      decalType = "Collision Mesh";
      prebuildCollisionData = "0";
      renderNormals = "0";
      forceDetail = "-1";
      position = "-425.006073 219.042953 101.080292";
      scale = "1 1 1";
      rotationMatrix = "0.999857426 -0.0168843772 0 0.0168843772 0.999857426 0 0 0 1";
      isRenderEnabled = "false";
      canSave = "1";
      canSaveDynamicFields = "1";
         mode = "Ignore";
   };
   new TSStatic() {
      shapeName = "/levels/west_coast_usa/art/shapes/race/ut_race_mesh_barricade_.DAE";
      dynamic = "0";
      playAmbient = "1";
      meshCulling = "0";
      originSort = "0";
      useInstanceRenderData = "1";
      instanceColor = "White";
      instanceColor1 = "White";
      instanceColor2 = "White";
      collisionType = "Collision Mesh";
      decalType = "Collision Mesh";
      prebuildCollisionData = "0";
      renderNormals = "0";
      forceDetail = "-1";
      position = "-419.305176 209.310333 100.799805";
      scale = "1 1 1";
      rotationMatrix = "0.949341178 0.31424734 0 -0.31424734 0.949341178 0 0 0 1";
      isRenderEnabled = "false";
      canSave = "1";
      canSaveDynamicFields = "1";
         mode = "Ignore";
   };
   new TSStatic() {
      shapeName = "/levels/west_coast_usa/art/shapes/race/ut_race_mesh_barricade_.DAE";
      dynamic = "0";
      playAmbient = "1";
      meshCulling = "0";
      originSort = "0";
      useInstanceRenderData = "1";
      instanceColor = "White";
      instanceColor1 = "White";
      instanceColor2 = "White";
      collisionType = "Collision Mesh";
      decalType = "Collision Mesh";
      prebuildCollisionData = "0";
      renderNormals = "0";
      forceDetail = "-1";
      position = "-414.856049 198.692245 100.703209";
      scale = "1 1 1";
      rotationMatrix = "0.89654994 0.442942649 0 -0.442942649 0.89654994 0 0 0 1";
      isRenderEnabled = "false";
      canSave = "1";
      canSaveDynamicFields = "1";
         mode = "Ignore";
   };
   new TSStatic() {
      shapeName = "/levels/west_coast_usa/art/shapes/race/ut_race_mesh_barricade_.DAE";
      dynamic = "0";
      playAmbient = "1";
      meshCulling = "0";
      originSort = "0";
      useInstanceRenderData = "1";
      instanceColor = "White";
      instanceColor1 = "White";
      instanceColor2 = "White";
      collisionType = "Collision Mesh";
      decalType = "Collision Mesh";
      prebuildCollisionData = "0";
      renderNormals = "0";
      forceDetail = "-1";
      position = "-458.131104 145.573044 100.216599";
      scale = "1 1 1";
      rotationMatrix = "-0.227151752 0.973859608 0 -0.973859608 -0.227151752 0 0 0 1";
      isRenderEnabled = "false";
      canSave = "1";
      canSaveDynamicFields = "1";
         mode = "Ignore";
   };
   new TSStatic() {
      shapeName = "/levels/west_coast_usa/art/shapes/race/ut_race_mesh_barricade_.DAE";
      dynamic = "0";
      playAmbient = "1";
      meshCulling = "0";
      originSort = "0";
      useInstanceRenderData = "1";
      instanceColor = "White";
      instanceColor1 = "White";
      instanceColor2 = "White";
      collisionType = "Collision Mesh";
      decalType = "Collision Mesh";
      prebuildCollisionData = "0";
      renderNormals = "0";
      forceDetail = "-1";
      position = "-447.264709 148.269318 100.174538";
      scale = "1 1 1";
      rotationMatrix = "-0.22715199 0.973859251 0 -0.97385639 -0.227151275 0.00241926452 0.00235602329 0.00054954103 0.999997079";
      isRenderEnabled = "false";
      canSave = "1";
      canSaveDynamicFields = "1";
         mode = "Ignore";
   };
   new TSStatic() {
      shapeName = "/levels/west_coast_usa/art/shapes/race/ut_race_mesh_barricade_.DAE";
      dynamic = "0";
      playAmbient = "1";
      meshCulling = "0";
      originSort = "0";
      useInstanceRenderData = "1";
      instanceColor = "White";
      instanceColor1 = "White";
      instanceColor2 = "White";
      collisionType = "Collision Mesh";
      decalType = "Collision Mesh";
      prebuildCollisionData = "0";
      renderNormals = "0";
      forceDetail = "-1";
      position = "-435.171509 151.552017 100.165062";
      scale = "1 1 1";
      rotationMatrix = "-0.227151752 0.973859608 0 -0.973859608 -0.227151752 0 0 0 1";
      isRenderEnabled = "false";
      canSave = "1";
      canSaveDynamicFields = "1";
         mode = "Ignore";
   };
   new TSStatic() {
      shapeName = "/art/shapes/race/s_concrete_arrow_barrier.dae";
      dynamic = "0";
      playAmbient = "1";
      meshCulling = "0";
      originSort = "0";
      useInstanceRenderData = "1";
      instanceColor = "White";
      instanceColor1 = "White";
      instanceColor2 = "White";
      collisionType = "Collision Mesh";
      decalType = "Collision Mesh";
      prebuildCollisionData = "0";
      renderNormals = "0";
      forceDetail = "-1";
      position = "-494.364685 151.930634 100.289032";
      scale = "1 1 1";
      rotationMatrix = "0.969325602 -0.245778054 -0.00100684504 0.24574843 0.969126642 0.0200304184 -0.00394727616 -0.0196634289 0.999798834";
      isRenderEnabled = "false";
      canSave = "1";
      canSaveDynamicFields = "1";
         mode = "Ignore";
   };
   new TSStatic() {
      shapeName = "/art/shapes/race/s_concrete_arrow_barrier.dae";
      dynamic = "0";
      playAmbient = "1";
      meshCulling = "0";
      originSort = "0";
      useInstanceRenderData = "1";
      instanceColor = "White";
      instanceColor1 = "White";
      instanceColor2 = "White";
      collisionType = "Collision Mesh";
      decalType = "Collision Mesh";
      prebuildCollisionData = "0";
      renderNormals = "0";
      forceDetail = "-1";
      position = "-489.758362 150.58548 100.264977";
      scale = "1 1 1";
      rotationMatrix = "0.938511729 -0.345211267 0.00498621818 0.345030963 0.938337088 0.0218432657 -0.0122192958 -0.0187797621 0.999748945";
      isRenderEnabled = "false";
      canSave = "1";
      canSaveDynamicFields = "1";
         mode = "Ignore";
   };
   new TSStatic() {
      shapeName = "/art/shapes/race/s_concrete_arrow_barrier.dae";
      dynamic = "0";
      playAmbient = "1";
      meshCulling = "0";
      originSort = "0";
      useInstanceRenderData = "1";
      instanceColor = "White";
      instanceColor1 = "White";
      instanceColor2 = "White";
      collisionType = "Collision Mesh";
      decalType = "Collision Mesh";
      prebuildCollisionData = "0";
      renderNormals = "0";
      forceDetail = "-1";
      position = "-485.467224 148.936401 100.289352";
      scale = "1 1 1";
      rotationMatrix = "0.938584864 -0.345044225 0.0017246271 0.344935805 0.938394248 0.0208687149 -0.00881900825 -0.0189921744 0.999780715";
      isRenderEnabled = "false";
      canSave = "1";
      canSaveDynamicFields = "1";
         mode = "Ignore";
   };
   new TSStatic() {
      shapeName = "/art/shapes/race/s_concrete_arrow_barrier.dae";
      dynamic = "0";
      playAmbient = "1";
      meshCulling = "0";
      originSort = "0";
      useInstanceRenderData = "1";
      instanceColor = "White";
      instanceColor1 = "White";
      instanceColor2 = "White";
      collisionType = "Collision Mesh";
      decalType = "Collision Mesh";
      prebuildCollisionData = "0";
      renderNormals = "0";
      forceDetail = "-1";
      position = "-481.192871 146.713837 100.272911";
      scale = "1 1 1";
      rotationMatrix = "0.829859078 -0.557965994 0.00280336244 0.557785034 0.829699337 0.0217922963 -0.014485307 -0.0165208615 0.999758601";
      isRenderEnabled = "false";
      canSave = "1";
      canSaveDynamicFields = "1";
         mode = "Ignore";
   };
   new TSStatic() {
      shapeName = "/art/shapes/race/s_concrete_arrow_barrier.dae";
      dynamic = "0";
      playAmbient = "1";
      meshCulling = "0";
      originSort = "0";
      useInstanceRenderData = "1";
      instanceColor = "White";
      instanceColor1 = "White";
      instanceColor2 = "White";
      collisionType = "Collision Mesh";
      decalType = "Collision Mesh";
      prebuildCollisionData = "0";
      renderNormals = "0";
      forceDetail = "-1";
      position = "-477.728851 143.956726 100.273506";
      scale = "1 1 1";
      rotationMatrix = "0.74116689 -0.67131871 -0.0016432642 0.671189487 0.740971327 0.0215903129 -0.0132763721 -0.0171049666 0.999765575";
      isRenderEnabled = "false";
      canSave = "1";
      canSaveDynamicFields = "1";
         mode = "Ignore";
   };
   new TSStatic() {
      shapeName = "/levels/west_coast_usa/art/shapes/race/ut_race_mesh_barricade_.DAE";
      dynamic = "0";
      playAmbient = "1";
      meshCulling = "0";
      originSort = "0";
      useInstanceRenderData = "1";
      instanceColor = "White";
      instanceColor1 = "White";
      instanceColor2 = "White";
      collisionType = "Collision Mesh";
      decalType = "Collision Mesh";
      prebuildCollisionData = "0";
      renderNormals = "0";
      forceDetail = "-1";
      position = "-543.515259 163.147583 100.884674";
      scale = "1 1 1";
      rotationMatrix = "0.716406286 -0.697683275 0 0.697683275 0.716406286 0 0 0 1";
      isRenderEnabled = "false";
      canSave = "1";
      canSaveDynamicFields = "1";
         mode = "Ignore";
   };
