{"class":"TSStatic","__parent":"IslandTrackTest","position":[301.992249,1581.0708,75.1989441],"hidden":true,"isRenderEnabled":false,"rotationMatrix":[-0.976324081,-0.216243789,-0.00565768778,0.216312692,-0.975787759,-0.0323887393,0.0014831624,-0.0328456983,0.999459326],"shapeName":"/levels/west_coast_usa/art/shapes/objects/constructionbarrier_arrows.dae","useInstanceRenderData":true}
{"class":"TSStatic","__parent":"IslandTrackTest","position":[43.6585312,1850.57959,103.815895],"hidden":true,"isRenderEnabled":false,"rotationMatrix":[0.856621504,0.515518069,-0.0209916271,-0.515851378,0.856532574,-0.0157872401,0.00984140579,0.0243522525,0.999655008],"shapeName":"/levels/west_coast_usa/art/shapes/objects/barrierfence_folk.dae","useInstanceRenderData":true}
{"class":"TSStatic","__parent":"IslandTrackTest","position":[302.997192,1576.30518,75.0615768],"hidden":true,"isRenderEnabled":false,"rotationMatrix":[-0.976324081,-0.216243789,-0.00565768778,0.216312692,-0.975787759,-0.0323887393,0.0014831624,-0.0328456983,0.999459326],"shapeName":"/levels/west_coast_usa/art/shapes/objects/constructionbarrier_arrows.dae","useInstanceRenderData":true}
{"class":"TSStatic","__parent":"IslandTrackTest","position":[37.5764084,1822.2948,104.103523],"hidden":true,"isRenderEnabled":false,"rotationMatrix":[0.974126577,0.225625023,-0.0130650848,-0.225746498,0.974147201,-0.00870066695,0.0107642282,0.0114249494,0.999876797],"shapeName":"/levels/west_coast_usa/art/shapes/objects/constructionbarrier.dae","useInstanceRenderData":true}
{"class":"TSStatic","__parent":"IslandTrackTest","position":[183.835754,1753.47156,101.060753],"hidden":true,"isRenderEnabled":false,"rotationMatrix":[0.327795684,-0.94415468,-0.0334929004,0.944651425,0.328064442,-0.00271416176,0.0135504175,-0.030749429,0.999435246],"shapeName":"/levels/west_coast_usa/art/shapes/objects/barrierfence_folk.dae","useInstanceRenderData":true}
{"class":"TSStatic","__parent":"IslandTrackTest","position":[42.085434,1553.44519,74.645813],"hidden":true,"isRenderEnabled":false,"rotationMatrix":[0.190135777,0.981720209,-0.00864394754,-0.980476618,0.190329969,0.0494059771,0.0501480252,-0.000918680802,0.998741388],"shapeName":"/levels/west_coast_usa/art/shapes/objects/barrierfence_folk.dae","useInstanceRenderData":true}
{"class":"DecalRoad","persistentId":"47614a80-2435-49da-86e1-67cf041a3b74","__parent":"IslandTrackTest","position":[318.050598,1597.31433,75.5430298],"hidden":true,"improvedSpline":true,"material":"road_invisible","nodes":[[318.050598,1597.31433,75.5430298,0.25],[314.27533,1588.65857,75.5268478,0.25]],"overObjects":true}
{"class":"TSStatic","__parent":"IslandTrackTest","position":[41.0108833,1547.92444,74.6598434],"hidden":true,"isRenderEnabled":false,"rotationMatrix":[0.187605858,0.982239783,0.0031249458,-0.981880605,0.18744874,0.027825715,0.026745744,-0.00828860141,0.999607921],"shapeName":"/levels/west_coast_usa/art/shapes/objects/barrierfence_folk.dae","useInstanceRenderData":true}
{"class":"TSStatic","__parent":"IslandTrackTest","position":[40.6681442,1829.33923,104.001213],"hidden":true,"isRenderEnabled":false,"rotationMatrix":[0.614919543,-0.788556278,-0.0072797332,0.788435519,0.614955604,-0.0141081922,0.0156018157,0.00293580303,0.999873996],"shapeName":"/levels/west_coast_usa/art/shapes/objects/constructionbarrier.dae","useInstanceRenderData":true}
{"class":"TSStatic","__parent":"IslandTrackTest","position":[39.9753075,1542.39636,74.6927414],"hidden":true,"isRenderEnabled":false,"rotationMatrix":[0.177864671,0.983986616,-0.0115873385,-0.983375192,0.178167105,0.0350647531,0.0365677327,0.00515792426,0.999317884],"shapeName":"/levels/west_coast_usa/art/shapes/objects/barrierfence_folk.dae","useInstanceRenderData":true}
{"class":"TSStatic","__parent":"IslandTrackTest","position":[44.1936302,1831.302,103.940941],"hidden":true,"isRenderEnabled":false,"rotationMatrix":[0.264264047,-0.964429319,-0.00636894722,0.964288533,0.264334917,-0.0165727772,0.0176668093,-0.00176191283,0.999842405],"shapeName":"/levels/west_coast_usa/art/shapes/objects/constructionbarrier.dae","useInstanceRenderData":true}
{"class":"TSStatic","__parent":"IslandTrackTest","position":[178.320511,1769.38611,102.038528],"hidden":true,"isRenderEnabled":false,"rotationMatrix":[0.326583385,-0.943261743,-0.0600042678,0.945048809,0.324873447,0.0366068594,-0.0150360577,-0.0686621517,0.997526646],"shapeName":"/levels/west_coast_usa/art/shapes/objects/barrierfence_folk.dae","useInstanceRenderData":true}
{"class":"TSStatic","__parent":"IslandTrackTest","position":[39.0584488,1536.84778,74.7216263],"hidden":true,"isRenderEnabled":false,"rotationMatrix":[0.137868106,0.990436912,-0.00519540766,-0.990449548,0.13785845,-0.00216851663,-0.00143154815,0.00544475811,0.999984145],"shapeName":"/levels/west_coast_usa/art/shapes/objects/barrierfence_folk.dae","useInstanceRenderData":true}
{"class":"TSStatic","__parent":"IslandTrackTest","position":[97.6782074,1843.55054,102.260147],"hidden":true,"isRenderEnabled":false,"rotationMatrix":[0.691916049,-0.720051348,-0.052709125,0.720166028,0.693506896,-0.0202276334,0.0511190742,-0.0239634961,0.998405039],"shapeName":"/levels/west_coast_usa/art/shapes/objects/constructionbarrier_arrows.dae","useInstanceRenderData":true}
{"class":"TSStatic","__parent":"IslandTrackTest","position":[176.484177,1774.6925,102.35791],"hidden":true,"isRenderEnabled":false,"rotationMatrix":[0.32658416,-0.942861378,-0.0659932643,0.945068419,0.32473886,0.0372865759,-0.0137255024,-0.0745453537,0.997123182],"shapeName":"/levels/west_coast_usa/art/shapes/objects/barrierfence_folk.dae","useInstanceRenderData":true}
{"class":"TSStatic","__parent":"IslandTrackTest","position":[38.5626526,1531.25146,74.7683563],"hidden":true,"isRenderEnabled":false,"rotationMatrix":[-0.0389407873,0.999110162,-0.0162029527,-0.999237597,-0.0389809608,-0.00217142515,-0.00280109979,0.016106043,0.999866366],"shapeName":"/levels/west_coast_usa/art/shapes/objects/barrierfence_folk.dae","useInstanceRenderData":true}
{"class":"TSStatic","__parent":"IslandTrackTest","position":[101.968735,1847.68237,102.133377],"hidden":true,"isRenderEnabled":false,"rotationMatrix":[0.691505432,-0.719856858,-0.0602198727,0.720128179,0.693523049,-0.0210030638,0.0568830706,-0.0288422927,0.997964144],"shapeName":"/levels/west_coast_usa/art/shapes/objects/constructionbarrier_arrows.dae","useInstanceRenderData":true}
{"class":"TSStatic","__parent":"IslandTrackTest","position":[192.776062,1748.88623,100.860031],"hidden":true,"isRenderEnabled":false,"shapeName":"/levels/west_coast_usa/art/shapes/objects/constructionbarrier.dae","useInstanceRenderData":true}
{"class":"TSStatic","__parent":"IslandTrackTest","position":[40.1775703,1525.90613,74.8549118],"hidden":true,"isRenderEnabled":false,"rotationMatrix":[-0.442715406,0.896625161,-0.00815227441,-0.896660328,-0.44271493,0.0019619891,-0.00184996449,0.00817842316,0.999964833],"shapeName":"/levels/west_coast_usa/art/shapes/objects/barrierfence_folk.dae","useInstanceRenderData":true}
{"class":"TSStatic","__parent":"IslandTrackTest","position":[37.5456505,1532.17126,74.7549896],"hidden":true,"isRenderEnabled":false,"rotationMatrix":[-0.0259714127,0.999600649,-0.0111370981,-0.999662399,-0.0259610415,0.00106916437,0.000779606868,0.0111611057,0.999937415],"shapeName":"/levels/west_coast_usa/art/shapes/objects/barrierfence_folk.dae","useInstanceRenderData":true}
{"class":"TSStatic","__parent":"IslandTrackTest","position":[106.259018,1851.81409,101.9916],"hidden":true,"isRenderEnabled":false,"rotationMatrix":[0.691997051,-0.720234811,-0.0490092561,0.72006005,0.693484902,-0.0243332162,0.0515128076,-0.0184510984,0.998501897],"shapeName":"/levels/west_coast_usa/art/shapes/objects/constructionbarrier_arrows.dae","useInstanceRenderData":true}
{"class":"TSStatic","__parent":"IslandTrackTest","position":[172.960754,1739.42297,100.916656],"hidden":true,"isRenderEnabled":false,"rotationMatrix":[0.950633585,0.310304999,-0.00256438274,-0.310253382,0.950576007,0.0121681392,0.00621347502,-0.0107718334,0.999922693],"shapeName":"/levels/west_coast_usa/art/shapes/objects/constructionbarrier.dae","useInstanceRenderData":true}
{"class":"TSStatic","__parent":"IslandTrackTest","position":[43.3007393,1521.23999,74.880722],"hidden":true,"isRenderEnabled":false,"rotationMatrix":[-0.630734801,0.775998116,-0.000661031168,-0.775994897,-0.630734324,-0.00248251669,-0.00234336336,-0.00105285295,0.999996722],"shapeName":"/levels/west_coast_usa/art/shapes/objects/barrierfence_folk.dae","useInstanceRenderData":true}
{"class":"TSStatic","__parent":"IslandTrackTest","position":[207.784943,1706.88342,98.3790207],"hidden":true,"isRenderEnabled":false,"rotationMatrix":[0.808322668,-0.58691293,-0.0463425145,0.584809721,0.809515417,-0.0517915115,0.0679120943,0.0147626996,0.997582078],"shapeName":"/levels/west_coast_usa/art/shapes/objects/barrierfence_folk.dae","useInstanceRenderData":true}
{"class":"TSStatic","__parent":"IslandTrackTest","position":[297.654907,1592.4342,75.4164429],"hidden":true,"isRenderEnabled":false,"rotationMatrix":[-0.738340616,-0.674176514,-0.0184103958,0.674422801,-0.737954497,-0.0240163803,0.00260524545,-0.0301486626,0.999542058],"shapeName":"/levels/west_coast_usa/art/shapes/objects/constructionbarrier_arrows.dae","useInstanceRenderData":true}
{"class":"TSStatic","__parent":"IslandTrackTest","position":[162.99115,1771.92249,102.046127],"hidden":true,"isRenderEnabled":false,"rotationMatrix":[0.94112432,0.333534509,-0.0551341251,-0.331561595,0.942498624,0.0419912003,0.065969348,-0.0212385841,0.997595608],"shapeName":"/levels/west_coast_usa/art/shapes/objects/constructionbarrier.dae","useInstanceRenderData":true}
{"class":"TSStatic","__parent":"IslandTrackTest","position":[47.3138161,1517.32043,74.879837],"hidden":true,"isRenderEnabled":false,"rotationMatrix":[-0.780852079,0.624713242,0.00188674883,-0.624711573,-0.780831456,-0.00613749586,-0.00236094161,-0.00597114954,0.999979377],"shapeName":"/levels/west_coast_usa/art/shapes/objects/barrierfence_folk.dae","useInstanceRenderData":true}
{"class":"DecalRoad","persistentId":"571eb0ae-2d00-496c-86f9-e82c87bbc668","__parent":"IslandTrackTest","position":[163.659683,1770.02246,102.63575],"hidden":true,"improvedSpline":true,"material":"road_invisible","nodes":[[163.659683,1770.02246,102.63575,0.25],[160.588791,1778.75049,102.63575,0.25]],"overObjects":true}
{"class":"TSStatic","__parent":"IslandTrackTest","position":[203.432892,1710.4259,98.7124405],"hidden":true,"isRenderEnabled":false,"rotationMatrix":[0.733829498,-0.675058842,-0.0760909542,0.673717976,0.737555981,-0.0459919758,0.0871686265,-0.0175135769,0.996039629],"shapeName":"/levels/west_coast_usa/art/shapes/objects/barrierfence_folk.dae","useInstanceRenderData":true}
{"class":"TSStatic","__parent":"IslandTrackTest","position":[301.672791,1588.03748,75.2687302],"hidden":true,"isRenderEnabled":false,"rotationMatrix":[-0.738344431,-0.674400091,-0.00565768685,0.674192309,-0.737845302,-0.0323887244,0.0176684596,-0.027728403,0.999459326],"shapeName":"/levels/west_coast_usa/art/shapes/objects/constructionbarrier_arrows.dae","useInstanceRenderData":true}
{"class":"TSStatic","__parent":"IslandTrackTest","position":[24.0743351,1822.15625,104.291893],"hidden":true,"isRenderEnabled":false,"rotationMatrix":[-0.0249966383,0.999249279,-0.0295976959,-0.999576032,-0.0245406628,0.0156709254,0.0149328113,0.0299768671,0.999439061],"shapeName":"/levels/west_coast_usa/art/shapes/objects/barrierfence_folk.dae","useInstanceRenderData":true}
{"class":"DecalRoad","persistentId":"c528efcd-0304-413e-8de6-a4be047f1cd9","__parent":"IslandTrackTest","position":[296.650482,1593.53345,75.5430298],"hidden":true,"improvedSpline":true,"material":"road_invisible","nodes":[[296.650482,1593.53345,75.5430298,0.25],[302.836853,1586.76355,75.5268478,0.25]],"overObjects":true}
{"class":"TSStatic","__parent":"IslandTrackTest","position":[199.717209,1714.60779,99.1716995],"hidden":true,"isRenderEnabled":false,"rotationMatrix":[0.589732528,-0.803375483,-0.0824823454,0.803492546,0.593951941,-0.0402595103,0.081334047,-0.0425316095,0.995779037],"shapeName":"/levels/west_coast_usa/art/shapes/objects/barrierfence_folk.dae","useInstanceRenderData":true}
{"class":"TSStatic","__parent":"IslandTrackTest","position":[316.264526,1593.21924,74.8262329],"hidden":true,"isRenderEnabled":false,"rotationMatrix":[-0.916616678,0.399422348,0.0166090298,-0.399697542,-0.916442275,-0.0193797071,0.00748052821,-0.0244023483,0.999674201],"shapeName":"/levels/west_coast_usa/art/shapes/objects/constructionbarrier_arrows.dae","useInstanceRenderData":true}
{"class":"TSStatic","__parent":"IslandTrackTest","position":[24.4659119,1827.75049,104.180511],"hidden":true,"isRenderEnabled":false,"rotationMatrix":[0.194983602,0.980796397,-0.00444701919,-0.980738342,0.19502151,0.010904016,0.0115618855,0.00223525753,0.99993068],"shapeName":"/levels/west_coast_usa/art/shapes/objects/barrierfence_folk.dae","useInstanceRenderData":true}
{"class":"DecalRoad","persistentId":"f0403468-b04b-4828-bf0d-a4bee4917a2b","__parent":"IslandTrackTest","position":[307.786926,1630.51123,76.0679474],"autoJunction":false,"drivability":1,"hidden":true,"improvedSpline":true,"material":"track_rubber","nodes":[[307.786926,1630.51123,76.0679474,5],[309.584961,1601.6698,75.2009201,5],[311.673706,1581.42615,74.8043442,5],[308.277985,1567.80481,74.7881622,5],[298.544678,1555.17139,74.7047577,5],[277.519257,1539.07202,74.7573395,5],[251.768311,1527.91223,74.7779465,5],[206.874969,1511.21301,74.7865295,5],[162.647385,1504.2052,74.8105316,5],[113.034203,1505.98645,74.7181625,5],[76.7594604,1511.92078,74.8141251,5],[60.3105354,1518.82263,74.9094009,5],[49.2614098,1528.93286,74.7503357,5],[44.6091728,1539.28271,74.7233429,5],[45.1595726,1552.36267,74.6557846,5],[48.6520004,1567.52112,74.6412048,5],[56.0884819,1581.44678,74.962265,5],[66.7698288,1590.69055,76.8967743,5],[83.5797806,1594.58704,78.7906342,5],[106.274178,1590.16248,80.7440186,5],[132.586639,1581.98462,83.2933655,5],[155.40683,1575.44861,85.0149231,5],[187.449326,1572.52527,87.8030701,5],[209.616974,1580.43079,90.0433121,5],[232.37738,1601.01697,91.5291901,5],[251.030426,1629.13562,93.4475479,5],[253.361038,1652.92932,95.3329926,5],[236.676529,1679.24744,97.3688812,5],[203.418427,1705.24463,98.7138062,5],[188.201141,1726.47668,100.134407,5],[179.086227,1751.36096,100.945328,5],[169.534531,1776.3855,102.031998,5],[155.062973,1795.76465,103.716553,5],[130.953247,1804.81995,104.180695,5],[101.923256,1804.05408,104.407455,5],[71.8825073,1794.0835,104.461884,5],[49.154705,1795.56519,104.506836,5],[37.2537842,1805.31592,104.555649,5],[34.370182,1823.25745,104.402939,5],[46.7938347,1841.18201,104.046677,5],[69.8431931,1853.89709,103.343719,5],[111.250221,1863.00867,101.807739,5],[141.432922,1867.11328,100.113029,5],[168.639023,1867.11829,98.194397,5],[200.293427,1862.78137,95.9573822,5],[245.957382,1845.43066,92.3993225,5],[267.759705,1833.22034,90.6769791,5],[288.720947,1811.34436,88.1654205,5],[302.334473,1775.70508,86.317482,5],[305.792206,1729.36182,85.4028854,5],[307.894958,1628.48669,77.947998,5]],"oneWay":true,"overObjects":true,"renderPriority":3,"startEndFade":[1,1],"textureLength":10}
{"class":"TSStatic","__parent":"IslandTrackTest","position":[196.716507,1719.33203,99.6836929],"hidden":true,"isRenderEnabled":false,"rotationMatrix":[0.485391617,-0.869827211,-0.0882927626,0.870513618,0.490205109,-0.0436466634,0.0812466145,-0.0556743294,0.99513787],"shapeName":"/levels/west_coast_usa/art/shapes/objects/barrierfence_folk.dae","useInstanceRenderData":true}
{"class":"TSStatic","__parent":"IslandTrackTest","position":[317.795654,1571.79431,74.7449646],"hidden":true,"isRenderEnabled":false,"rotationMatrix":[-0.0275207758,-0.999620676,0.00103152869,0.999617338,-0.0275176764,0.00282210717,-0.00279265153,0.00110880018,0.99999547],"shapeName":"/levels/west_coast_usa/art/shapes/objects/barrierfence_folk.dae","useInstanceRenderData":true}
{"class":"TSStatic","__parent":"IslandTrackTest","position":[25.9379177,1833.17224,104.158089],"hidden":true,"isRenderEnabled":false,"rotationMatrix":[0.34299618,0.939321876,-0.00528637692,-0.939285755,0.343030751,0.00849342812,0.00979145337,0.00205220445,0.999949932],"shapeName":"/levels/west_coast_usa/art/shapes/objects/barrierfence_folk.dae","useInstanceRenderData":true}
{"class":"DecalRoad","persistentId":"669288c8-81dd-4dd8-9371-0c03d81aab98","__parent":"IslandTrackTest","position":[235.328751,1526.5177,74.7978973],"detail":0.099999927,"drivability":1,"endTangent":true,"hidden":true,"improvedSpline":true,"material":"road_invisible","nodes":[[235.328751,1526.5177,74.7978973,12],[196.620758,1510.01611,74.8486481,11],[159.200989,1500.51624,74.8212814,11],[116.943497,1506.55481,74.7997055,11],[81.3155441,1514.94519,74.7585526,12]],"overObjects":true,"startTangent":true}
{"class":"TSStatic","__parent":"IslandTrackTest","position":[194.283768,1724.37988,100.116928],"hidden":true,"isRenderEnabled":false,"rotationMatrix":[0.388702393,-0.918226361,-0.0759655908,0.920154095,0.391093314,-0.0190359615,0.0471889563,-0.0625007302,0.996928692],"shapeName":"/levels/west_coast_usa/art/shapes/objects/barrierfence_folk.dae","useInstanceRenderData":true}
{"class":"TSStatic","__parent":"IslandTrackTest","position":[317.459625,1566.18274,74.7930527],"hidden":true,"isRenderEnabled":false,"rotationMatrix":[-0.134077907,-0.99092406,0.00962187536,0.990935624,-0.133985043,0.00971937273,-0.00834197365,0.0108378129,0.99990648],"shapeName":"/levels/west_coast_usa/art/shapes/objects/barrierfence_folk.dae","useInstanceRenderData":true}
{"class":"TSStatic","__parent":"IslandTrackTest","position":[28.6523304,1838.07642,104.133331],"hidden":true,"isRenderEnabled":false,"rotationMatrix":[0.593161702,0.80501318,-0.0106259193,-0.80503583,0.593218386,0.00303047011,0.00874305889,0.006756688,0.999938965],"shapeName":"/levels/west_coast_usa/art/shapes/objects/barrierfence_folk.dae","useInstanceRenderData":true}
{"class":"TSStatic","__parent":"IslandTrackTest","position":[316.121765,1560.729,74.8199005],"hidden":true,"isRenderEnabled":false,"rotationMatrix":[-0.324951172,-0.945729971,-0.00129193207,0.945717096,-0.324953556,0.00494952314,-0.00510072988,0.00038655079,0.999986887],"shapeName":"/levels/west_coast_usa/art/shapes/objects/barrierfence_folk.dae","useInstanceRenderData":true}
{"class":"TSStatic","__parent":"IslandTrackTest","position":[32.3166199,1842.33606,104.054962],"hidden":true,"isRenderEnabled":false,"rotationMatrix":[0.714233994,0.699765086,-0.0140953567,-0.699887753,0.714218795,-0.00697222259,0.00518825091,0.0148449661,0.99987632],"shapeName":"/levels/west_coast_usa/art/shapes/objects/barrierfence_folk.dae","useInstanceRenderData":true}
{"class":"TSStatic","__parent":"IslandTrackTest","position":[313.812836,1555.61719,74.7763672],"hidden":true,"isRenderEnabled":false,"rotationMatrix":[-0.552027106,-0.83375144,-0.0111619001,0.833814621,-0.552040458,-0.00212879945,-0.00438693073,-0.010482111,0.999935448],"shapeName":"/levels/west_coast_usa/art/shapes/objects/barrierfence_folk.dae","useInstanceRenderData":true}
{"class":"TSStatic","__parent":"IslandTrackTest","position":[36.5900269,1845.9845,103.966721],"hidden":true,"isRenderEnabled":false,"rotationMatrix":[0.796658397,0.604095519,-0.0201006792,-0.604416549,0.796420872,-0.0198601037,0.00401120167,0.0279709026,0.999600708],"shapeName":"/levels/west_coast_usa/art/shapes/objects/barrierfence_folk.dae","useInstanceRenderData":true}
{"class":"TSStatic","__parent":"IslandTrackTest","position":[188.456299,1740.19446,100.790909],"hidden":true,"isRenderEnabled":false,"rotationMatrix":[0.328347325,-0.944422364,-0.015952915,0.944487214,0.328481674,-0.00661807228,0.0114904949,-0.0128942961,0.999850869],"shapeName":"/levels/west_coast_usa/art/shapes/objects/barrierfence_folk.dae","useInstanceRenderData":true}
{"class":"TSStatic","__parent":"IslandTrackTest","position":[310.168732,1551.3429,74.7013168],"hidden":true,"isRenderEnabled":false,"rotationMatrix":[-0.652749062,-0.757453859,-0.0135005265,0.757555187,-0.65275538,-0.00454627536,-0.00536894752,-0.0131949708,0.999898553],"shapeName":"/levels/west_coast_usa/art/shapes/objects/barrierfence_folk.dae","useInstanceRenderData":true}
{"class":"TSStatic","__parent":"IslandTrackTest","position":[41.2561798,1849.11877,103.869751],"hidden":true,"isRenderEnabled":false,"rotationMatrix":[0.849590421,0.527116537,-0.0185562409,-0.527412772,0.849392772,-0.0191755407,0.00565379253,0.0260781534,0.999643922],"shapeName":"/levels/west_coast_usa/art/shapes/objects/barrierfence_folk.dae","useInstanceRenderData":true}
{"class":"TSStatic","__parent":"IslandTrackTest","position":[186.609528,1745.50647,100.867821],"hidden":true,"isRenderEnabled":false,"rotationMatrix":[0.328477859,-0.944390178,-0.0151447263,0.944468379,0.328574061,-0.00430525094,0.0090420004,-0.0128895361,0.999876022],"shapeName":"/levels/west_coast_usa/art/shapes/objects/barrierfence_folk.dae","useInstanceRenderData":true}
{"class":"TSStatic","__parent":"IslandTrackTest","position":[303.914825,1571.98901,74.965538],"hidden":true,"isRenderEnabled":false,"rotationMatrix":[-0.976324081,-0.216243789,-0.00565768778,0.216312692,-0.975787759,-0.0323887393,0.0014831624,-0.0328456983,0.999459326],"shapeName":"/levels/west_coast_usa/art/shapes/objects/constructionbarrier_arrows.dae","useInstanceRenderData":true}
{"class":"TSStatic","__parent":"IslandTrackTest","position":[38.4024162,1820.4436,104.116379],"hidden":true,"isRenderEnabled":false,"rotationMatrix":[0.870728314,0.491548479,-0.0145728905,-0.491658807,0.870773077,-0.00508162705,0.010191815,0.0115896054,0.99988091],"shapeName":"/levels/west_coast_usa/art/shapes/objects/constructionbarrier.dae","useInstanceRenderData":true}
{"class":"TSStatic","__parent":"IslandTrackTest","position":[184.75882,1750.81641,100.977493],"hidden":true,"isRenderEnabled":false,"rotationMatrix":[0.328360498,-0.944263875,-0.0233487897,0.944486678,0.32852906,-0.00368452352,0.0111499205,-0.0208427683,0.999720573],"shapeName":"/levels/west_coast_usa/art/shapes/objects/barrierfence_folk.dae","useInstanceRenderData":true}
{"class":"TSStatic","__parent":"IslandTrackTest","position":[42.6234322,1556.20532,74.6521072],"hidden":true,"isRenderEnabled":false,"rotationMatrix":[0.187179863,0.982264042,0.0110174641,-0.980127811,0.185999393,0.0689490288,0.0656768903,-0.0237043984,0.997559369],"shapeName":"/levels/west_coast_usa/art/shapes/objects/barrierfence_folk.dae","useInstanceRenderData":true}
{"class":"DecalRoad","persistentId":"b0771738-d1d6-435b-9ec0-75b3b7a63ee0","__parent":"IslandTrackTest","position":[96.6059723,1842.51794,104.146973],"hidden":true,"improvedSpline":true,"material":"road_invisible","nodes":[[96.6059723,1842.51794,104.146973,0.25],[110.074158,1855.48804,103.900269,0.25]],"overObjects":true}
{"class":"TSStatic","__parent":"IslandTrackTest","position":[41.5455246,1550.6853,74.645134],"hidden":true,"isRenderEnabled":false,"rotationMatrix":[0.189813673,0.981777191,-0.00917879306,-0.981197,0.190017939,0.033845719,0.0349730924,0.00258182734,0.99938494],"shapeName":"/levels/west_coast_usa/art/shapes/objects/barrierfence_folk.dae","useInstanceRenderData":true}
{"class":"TSStatic","__parent":"IslandTrackTest","position":[39.176342,1827.96252,104.030426],"hidden":true,"isRenderEnabled":false,"rotationMatrix":[0.72970736,-0.683740318,-0.00513490336,0.683626592,0.729692936,-0.0142438747,0.0134860147,0.00688350387,0.99988538],"shapeName":"/levels/west_coast_usa/art/shapes/objects/constructionbarrier.dae","useInstanceRenderData":true}
{"class":"TSStatic","__parent":"IslandTrackTest","position":[181.074356,1761.43298,101.445778],"hidden":true,"isRenderEnabled":false,"rotationMatrix":[0.326692998,-0.943053126,-0.0626304001,0.94512701,0.326153696,0.0189387295,0.00256691128,-0.065380834,0.997857094],"shapeName":"/levels/west_coast_usa/art/shapes/objects/barrierfence_folk.dae","useInstanceRenderData":true}
{"class":"TSStatic","__parent":"IslandTrackTest","position":[40.485672,1545.16174,74.6769791],"hidden":true,"isRenderEnabled":false,"rotationMatrix":[0.183793604,0.982953012,0.00485439226,-0.982589543,0.18358469,0.0285414271,0.0271636844,-0.0100156106,0.999580801],"shapeName":"/levels/west_coast_usa/art/shapes/objects/barrierfence_folk.dae","useInstanceRenderData":true}
{"class":"TSStatic","__parent":"IslandTrackTest","position":[42.3325691,1830.50281,103.971848],"hidden":true,"isRenderEnabled":false,"rotationMatrix":[0.517148256,-0.855848491,-0.0089966543,0.85571593,0.517226517,-0.0150660351,0.0175475515,9.2794653e-05,0.999846041],"shapeName":"/levels/west_coast_usa/art/shapes/objects/constructionbarrier.dae","useInstanceRenderData":true}
{"class":"TSStatic","__parent":"IslandTrackTest","position":[39.4884109,1539.62671,74.7074509],"hidden":true,"isRenderEnabled":false,"rotationMatrix":[0.170846224,0.985283673,-0.00527044339,-0.985293329,0.170827031,-0.00390009489,-0.00294236513,0.00585924927,0.999978483],"shapeName":"/levels/west_coast_usa/art/shapes/objects/barrierfence_folk.dae","useInstanceRenderData":true}
{"class":"DecalRoad","persistentId":"a9a1bad2-2f7b-4fc6-8cda-90bc2666f18c","__parent":"IslandTrackTest","position":[117.567909,1509.53528,74.7582932],"detail":1,"drivability":1,"hidden":true,"improvedSpline":true,"lanesLeft":0,"material":"road_invisible","nodes":[[117.567909,1509.53528,74.7582932,5.4000001],[52.8417397,1524.84167,74.8634796,5.4000001]],"oneWay":true,"overObjects":true}
{"class":"DecalRoad","persistentId":"8eaeeb57-083e-4e18-9e90-b390544320b7","__parent":"IslandTrackTest","position":[257.079498,1540.40112,74.7550964],"detail":0.299999923,"drivability":1,"hidden":true,"improvedSpline":true,"lanesLeft":0,"material":"road_invisible","nodes":[[257.079498,1540.40112,74.7550964,5.4000001],[233.018997,1528.81909,74.7456894,5.4000001],[195.65036,1512.70483,74.793869,5.4000001]],"oneWay":true,"overObjects":true}
{"class":"TSStatic","__parent":"IslandTrackTest","position":[46.1709938,1831.76868,103.907524],"hidden":true,"isRenderEnabled":false,"rotationMatrix":[0.22145164,-0.975164294,-0.0037153,0.975026011,0.221482754,-0.0164212063,0.0168362483,1.39875337e-05,0.99985826],"shapeName":"/levels/west_coast_usa/art/shapes/objects/constructionbarrier.dae","useInstanceRenderData":true}
{"class":"TSStatic","__parent":"IslandTrackTest","position":[185.68399,1748.1615,100.911461],"hidden":true,"isRenderEnabled":false,"rotationMatrix":[0.329160631,-0.944123745,-0.016841827,0.944238186,0.329251051,-0.00283589354,0.00822262466,-0.0149692316,0.999854147],"shapeName":"/levels/west_coast_usa/art/shapes/objects/barrierfence_folk.dae","useInstanceRenderData":true}
{"class":"DecalRoad","persistentId":"efb160c2-8611-4089-992f-738dacefb2cb","__parent":"IslandTrackTest","position":[220.854706,1515.35071,74.8062057],"detail":1,"drivability":1,"hidden":true,"improvedSpline":true,"lanesLeft":0,"material":"road_invisible","nodes":[[220.854706,1515.35071,74.8062057,3.25],[254.751175,1529.40601,74.7926865,3.25],[278.168121,1539.73999,74.7545929,3.25],[288.487488,1544.22253,74.7772675,3.25],[308.45108,1552.74719,74.7098007,3.25]],"oneWay":true,"overObjects":true}
{"class":"TSStatic","__parent":"IslandTrackTest","position":[38.71772,1534.05652,74.737442],"hidden":true,"isRenderEnabled":false,"rotationMatrix":[0.11002171,0.993908107,-0.00647564884,-0.993929088,0.110016823,-0.0011112215,-0.000392021844,0.00655859429,0.999978423],"shapeName":"/levels/west_coast_usa/art/shapes/objects/barrierfence_folk.dae","useInstanceRenderData":true}
{"class":"TSStatic","__parent":"IslandTrackTest","position":[99.8234787,1845.61646,102.19796],"hidden":true,"isRenderEnabled":false,"rotationMatrix":[0.691462517,-0.719913483,-0.0600352958,0.720133185,0.69349277,-0.0218161792,0.0573398098,-0.0281483382,0.997957826],"shapeName":"/levels/west_coast_usa/art/shapes/objects/constructionbarrier_arrows.dae","useInstanceRenderData":true}
{"class":"TSStatic","__parent":"IslandTrackTest","position":[181.993561,1758.78076,101.287132],"hidden":true,"isRenderEnabled":false,"rotationMatrix":[0.327333689,-0.943834901,-0.0450361371,0.944906354,0.327069402,0.0133268591,0.00215158612,-0.0469172597,0.99889648],"shapeName":"/levels/west_coast_usa/art/shapes/objects/barrierfence_folk.dae","useInstanceRenderData":true}
{"class":"DecalRoad","persistentId":"1ef289b4-1ef4-4b62-9cff-b1de205f6046","__parent":"IslandTrackTest","position":[192.269409,1515.76611,74.9036484],"hidden":true,"improvedSpline":true,"material":"checkered_line","nodes":[[192.269409,1515.76611,74.9036484,0.25],[197.300079,1503.65637,74.9036484,0.25]],"overObjects":true,"startEndFade":[1,1]}
{"class":"TSStatic","__parent":"IslandTrackTest","position":[39.1143837,1528.50488,74.8169098],"hidden":true,"isRenderEnabled":false,"rotationMatrix":[-0.304908514,0.952231824,-0.0168937035,-0.952378094,-0.30490768,0.00268984633,-0.00258966256,0.0169093497,0.999853671],"shapeName":"/levels/west_coast_usa/art/shapes/objects/barrierfence_folk.dae","useInstanceRenderData":true}
{"class":"TSStatic","__parent":"IslandTrackTest","position":[175.565857,1777.34497,102.531746],"hidden":true,"isRenderEnabled":false,"rotationMatrix":[0.326754212,-0.943084359,-0.0618349686,0.944892764,0.324578881,0.0427338183,-0.0202312693,-0.0723908693,0.997171104],"shapeName":"/levels/west_coast_usa/art/shapes/objects/barrierfence_folk.dae","useInstanceRenderData":true}
{"class":"TSStatic","__parent":"IslandTrackTest","position":[230.172928,1513.72729,74.6904526],"hidden":true,"isRenderEnabled":false,"shapeName":"/levels/west_coast_usa/art/shapes/objects/barrierfence_folk.dae","useInstanceRenderData":true}
{"class":"TSStatic","__parent":"IslandTrackTest","position":[104.113968,1849.74829,102.069069],"hidden":true,"isRenderEnabled":false,"rotationMatrix":[0.691676021,-0.720274866,-0.052804824,0.720066965,0.693405449,-0.026313046,0.0555677824,-0.0198229086,0.998258114],"shapeName":"/levels/west_coast_usa/art/shapes/objects/constructionbarrier_arrows.dae","useInstanceRenderData":true}
{"class":"TSStatic","__parent":"IslandTrackTest","position":[174.211685,1735.59009,100.849289],"hidden":true,"isRenderEnabled":false,"rotationMatrix":[0.950681388,0.310051024,0.00855897181,-0.31016916,0.950318575,0.0262612272,8.57096165e-06,-0.0276207905,0.999618471],"shapeName":"/levels/west_coast_usa/art/shapes/objects/constructionbarrier.dae","useInstanceRenderData":true}
{"class":"TSStatic","__parent":"IslandTrackTest","position":[41.6234779,1523.49609,74.8733521],"hidden":true,"isRenderEnabled":false,"rotationMatrix":[-0.569253922,0.822138548,-0.00619461667,-0.82216084,-0.569248915,0.00270864624,-0.00129939639,0.00663487799,0.999977171],"shapeName":"/levels/west_coast_usa/art/shapes/objects/barrierfence_folk.dae","useInstanceRenderData":true}
{"class":"TSStatic","__parent":"IslandTrackTest","position":[210.085495,1705.27087,98.2559128],"hidden":true,"isRenderEnabled":false,"rotationMatrix":[0.823292375,-0.566438138,-0.0365725197,0.564516723,0.823819041,-0.0514105968,0.0592500605,0.0216801502,0.998007715],"shapeName":"/levels/west_coast_usa/art/shapes/objects/barrierfence_folk.dae","useInstanceRenderData":true}
{"class":"TSStatic","__parent":"IslandTrackTest","position":[108.404182,1853.87988,101.922134],"hidden":true,"isRenderEnabled":false,"rotationMatrix":[0.692059994,-0.72015363,-0.0493126102,0.720093906,0.693521857,-0.0221864972,0.0501770563,-0.0201553237,0.998536944],"shapeName":"/levels/west_coast_usa/art/shapes/objects/constructionbarrier_arrows.dae","useInstanceRenderData":true}
{"class":"TSStatic","__parent":"IslandTrackTest","position":[171.709793,1743.25598,100.976601],"hidden":true,"isRenderEnabled":false,"rotationMatrix":[0.950465143,0.310541153,-0.013422613,-0.310223162,0.950420797,0.0214922484,0.0194313582,-0.0162636284,0.99967891],"shapeName":"/levels/west_coast_usa/art/shapes/objects/constructionbarrier.dae","useInstanceRenderData":true}
{"class":"TSStatic","__parent":"IslandTrackTest","position":[45.1835556,1519.15454,74.882843],"hidden":true,"isRenderEnabled":false,"rotationMatrix":[-0.719185591,0.694818079,-0.000266772287,-0.694815695,-0.719183922,-0.00238647521,-0.00185002456,-0.00153096078,0.999997139],"shapeName":"/levels/west_coast_usa/art/shapes/objects/barrierfence_folk.dae","useInstanceRenderData":true}
{"class":"DecalRoad","persistentId":"c171c4ad-bf7b-45bf-9aca-f6890dafa6b8","__parent":"IslandTrackTest","position":[211.239456,1704.46899,98.9189072],"hidden":true,"improvedSpline":true,"material":"road_invisible","nodes":[[211.239456,1704.46899,98.9189072,0.25],[205.786682,1708.41284,98.9189072,0.25],[200.845474,1713.13831,98.9369812,0.25],[196.249329,1720.19958,99.5393448,0.25],[192.275986,1729.50793,100.33416,0.25],[185.763123,1747.93457,100.891754,0.25],[175.088028,1778.72437,102.434166,0.25]],"overObjects":true}
{"class":"TSStatic","__parent":"IslandTrackTest","position":[205.562729,1708.59949,98.5253372],"hidden":true,"isRenderEnabled":false,"rotationMatrix":[0.76685369,-0.639322221,-0.0565909222,0.637358248,0.768935323,-0.0501298346,0.0755638704,0.00237356126,0.997138143],"shapeName":"/levels/west_coast_usa/art/shapes/objects/barrierfence_folk.dae","useInstanceRenderData":true}
{"class":"TSStatic","__parent":"IslandTrackTest","position":[299.66394,1590.23584,75.3458328],"hidden":true,"isRenderEnabled":false,"rotationMatrix":[-0.738343716,-0.674191296,-0.0177334566,0.674424112,-0.738059998,-0.0204764176,0.00071666576,-0.0270785075,0.999633074],"shapeName":"/levels/west_coast_usa/art/shapes/objects/constructionbarrier_arrows.dae","useInstanceRenderData":true}
{"class":"TSStatic","__parent":"IslandTrackTest","position":[189.382477,1737.53943,100.748024],"hidden":true,"isRenderEnabled":false,"rotationMatrix":[0.330423594,-0.943667352,-0.0176674835,0.943739951,0.330595672,-0.00782993436,0.0132296467,-0.0140863173,0.999813259],"shapeName":"/levels/west_coast_usa/art/shapes/objects/barrierfence_folk.dae","useInstanceRenderData":true}
{"class":"TSStatic","__parent":"IslandTrackTest","position":[161.654236,1775.72229,102.231171],"hidden":true,"isRenderEnabled":false,"rotationMatrix":[0.941868186,0.333457738,-0.0411130823,-0.331521839,0.942252636,0.0474682003,0.0545675494,-0.0310789049,0.998026311],"shapeName":"/levels/west_coast_usa/art/shapes/objects/constructionbarrier.dae","useInstanceRenderData":true}
{"class":"TSStatic","__parent":"IslandTrackTest","position":[49.5495224,1515.61487,74.8694458],"hidden":true,"isRenderEnabled":false,"rotationMatrix":[-0.802492738,0.596645534,0.00442430982,-0.596660316,-0.802451611,-0.00823895074,-0.00136543845,-0.00925150886,0.99995625],"shapeName":"/levels/west_coast_usa/art/shapes/objects/barrierfence_folk.dae","useInstanceRenderData":true}
{"class":"DecalRoad","persistentId":"029d5381-c7ca-4417-a380-453f81cc12d4","__parent":"IslandTrackTest","position":[38.8864365,1819.55042,104.062073],"hidden":true,"improvedSpline":true,"material":"road_invisible","nodes":[[38.8864365,1819.55042,104.062073,0.25],[37.4636307,1822.96606,104.62574,0.25],[38.5788879,1827.20703,104.62574,0.25],[42.5565109,1830.63818,104.146973,0.25],[46.6000977,1831.875,103.900269,0.25]],"overObjects":true}
{"class":"TSStatic","__parent":"IslandTrackTest","position":[201.460007,1712.41467,98.9429779],"hidden":true,"isRenderEnabled":false,"rotationMatrix":[0.661214471,-0.745351136,-0.0851298645,0.743832409,0.666120172,-0.0547477156,0.0975129977,-0.027122369,0.994864583],"shapeName":"/levels/west_coast_usa/art/shapes/objects/barrierfence_folk.dae","useInstanceRenderData":true}
{"class":"TSStatic","__parent":"IslandTrackTest","position":[317.455231,1595.94934,74.8825073],"hidden":true,"isRenderEnabled":false,"rotationMatrix":[-0.916604519,0.399193972,0.021917887,-0.3996782,-0.916284561,-0.0260765217,0.00967343152,-0.0326619558,0.99941963],"shapeName":"/levels/west_coast_usa/art/shapes/objects/constructionbarrier_arrows.dae","useInstanceRenderData":true}
{"class":"TSStatic","__parent":"IslandTrackTest","position":[190.315918,1734.88745,100.69175],"hidden":true,"isRenderEnabled":false,"rotationMatrix":[0.335574448,-0.941698134,-0.0243793391,0.941809714,0.335927963,-0.0121199619,0.0196030475,-0.0188935474,0.999629319],"shapeName":"/levels/west_coast_usa/art/shapes/objects/barrierfence_folk.dae","useInstanceRenderData":true}
{"class":"TSStatic","__parent":"IslandTrackTest","position":[24.0917931,1824.96655,104.216858],"hidden":true,"isRenderEnabled":false,"rotationMatrix":[0.0679690242,0.997539759,-0.0171678271,-0.997621536,0.0681522489,0.0103232544,0.0114678834,0.0164253321,0.999799311],"shapeName":"/levels/west_coast_usa/art/shapes/objects/barrierfence_folk.dae","useInstanceRenderData":true}
{"class":"DecalRoad","persistentId":"7f907882-6f40-49c9-8d90-5dca97fc47b0","__parent":"IslandTrackTest","position":[317.850098,1573.19922,75.5430298],"hidden":true,"improvedSpline":true,"material":"road_invisible","nodes":[[317.850098,1573.19922,75.5430298,0.25],[317.237885,1564.80518,75.5268478,0.25],[314.38504,1556.56165,74.7939377,0.25],[310.071533,1551.2301,74.7583542,0.25]],"overObjects":true}
{"class":"TSStatic","__parent":"IslandTrackTest","position":[191.264633,1732.24146,100.605804],"hidden":true,"isRenderEnabled":false,"rotationMatrix":[0.339188993,-0.940019608,-0.0362500772,0.940392733,0.339833438,-0.0132194497,0.0247455295,-0.0296054184,0.9992553],"shapeName":"/levels/west_coast_usa/art/shapes/objects/barrierfence_folk.dae","useInstanceRenderData":true}
{"class":"TSStatic","__parent":"IslandTrackTest","position":[198.141022,1716.92236,99.4201813],"hidden":true,"isRenderEnabled":false,"rotationMatrix":[0.530983806,-0.841847181,-0.096693337,0.843443513,0.536052585,-0.0353642888,0.0816040337,-0.0627775043,0.994685769],"shapeName":"/levels/west_coast_usa/art/shapes/objects/barrierfence_folk.dae","useInstanceRenderData":true}
{"class":"TSStatic","__parent":"IslandTrackTest","position":[315.073792,1590.48914,74.774353],"hidden":true,"isRenderEnabled":false,"rotationMatrix":[-0.916595459,0.399564177,0.0141818104,-0.399746388,-0.916520476,-0.0138914045,0.00744741317,-0.0184019264,0.999802947],"shapeName":"/levels/west_coast_usa/art/shapes/objects/constructionbarrier_arrows.dae","useInstanceRenderData":true}
{"class":"TSStatic","__parent":"IslandTrackTest","position":[25.0924397,1830.49146,104.168236],"hidden":true,"isRenderEnabled":false,"rotationMatrix":[0.264425159,0.964395761,-0.00448935013,-0.964337587,0.264459014,0.0106983054,0.0115046492,0.0015003467,0.999932706],"shapeName":"/levels/west_coast_usa/art/shapes/objects/barrierfence_folk.dae","useInstanceRenderData":true}
{"class":"DecalRoad","persistentId":"43fb72b1-6127-4014-9812-20e86de9fc72","__parent":"IslandTrackTest","position":[219.984879,1517.53186,74.8096008],"detail":1,"drivability":1,"hidden":true,"improvedSpline":true,"lanesLeft":0,"material":"road_invisible","nodes":[[219.984879,1517.53186,74.8096008,3.25],[252.086853,1532.0011,74.777977,3.25],[272.933044,1542.32825,74.7754669,3.25],[287.104858,1548.4939,74.7993469,3.25],[307.15683,1557.19226,74.7333069,3.25]],"oneWay":true,"overObjects":true}
{"class":"TSStatic","__parent":"IslandTrackTest","position":[192.239059,1729.60669,100.478142],"hidden":true,"isRenderEnabled":false,"rotationMatrix":[0.349721551,-0.935268521,-0.0544768311,0.936222792,0.351028383,-0.0163096972,0.0343768634,-0.0452985913,0.998381853],"shapeName":"/levels/west_coast_usa/art/shapes/objects/barrierfence_folk.dae","useInstanceRenderData":true}
{"class":"TSStatic","__parent":"IslandTrackTest","position":[195.43222,1721.82227,99.9086609],"hidden":true,"isRenderEnabled":false,"rotationMatrix":[0.430363655,-0.899482965,-0.07561443,0.901026487,0.433107555,-0.023855133,0.0542064682,-0.0578642264,0.996851742],"shapeName":"/levels/west_coast_usa/art/shapes/objects/barrierfence_folk.dae","useInstanceRenderData":true}
