{"class":"DecalRoad","persistentId":"dca656b9-b8f4-4ca2-9c8a-d6031f5c7f50","__parent":"SimGroup_","position":[820.118469,-369.299866,162.68161],"improvedSpline":true,"material":"spraypaint_mark","nodes":[[820.118469,-369.299866,162.68161,1],[817.047424,-377.549622,162.150146,1]]}
{"name":"SimGroup_","class":"SimGroup","persistentId":"4d668a87-c4ba-463e-ba7d-cdcd956658e6","groupPosition":"851.47638716264 -387.24420665394 162.05831354315"}
{"class":"TSStatic","persistentId":"010f21a9-456e-434c-9255-0156bd82199b","__parent":"SimGroup_","position":[813.441833,-377.398315,162.166672],"isRenderEnabled":false,"rotationMatrix":[0.213752747,0.976301134,0.0338514559,-0.976292908,0.214703441,-0.027470896,-0.0340878926,-0.0271769557,0.999049246],"shapeName":"/levels/rls_west_coast_usa/art/shapes/objects/constructionbarrier_arrows.dae","useInstanceRenderData":true}
{"class":"TSStatic","persistentId":"03f2a7df-54cf-462e-9481-07d3da002752","__parent":"SimGroup_","position":[827.843384,-381.032623,161.876221],"isRenderEnabled":false,"rotationMatrix":[0.523338675,0.852063894,0.010184845,-0.85182786,0.52343446,-0.0201409496,-0.0224924739,0.00186480116,0.99974525],"shapeName":"/levels/rls_west_coast_usa/art/shapes/objects/constructionbarrier_arrows.dae","useInstanceRenderData":true}
{"class":"TSStatic","persistentId":"056dfd59-48dd-4435-ae88-ad77d63312d7","__parent":"SimGroup_","position":[853.986084,-379.713104,161.749619],"isRenderEnabled":false,"rotationMatrix":[0.349783957,0.936580837,0.0216237102,-0.936752498,0.349959314,-0.00481799804,-0.0120798629,-0.0185708068,0.999754548],"shapeName":"/levels/rls_west_coast_usa/art/shapes/objects/constructionbarrier_arrows.dae","useInstanceRenderData":true}
{"class":"TSStatic","persistentId":"1291593b-6a72-41f7-8171-9d103fc4d6d3","__parent":"SimGroup_","position":[864.261475,-399.73819,162.050354],"isRenderEnabled":false,"rotationMatrix":[0.68683672,0.725615799,-0.041678153,-0.726699054,0.686609983,-0.02179984,0.0127983298,0.045260407,0.998893261],"shapeName":"/levels/rls_west_coast_usa/art/shapes/objects/constructionbarrier_arrows.dae","useInstanceRenderData":true}
{"class":"TSStatic","persistentId":"15f2eb5a-af5c-48d6-8f58-dcc1ee5a95d4","__parent":"SimGroup_","position":[820.062561,-368.912231,162.677185],"isRenderEnabled":false,"rotationMatrix":[0.213230789,0.976997256,0.00302093476,-0.97631073,0.213195205,-0.0369492695,-0.0367433801,0.00492935069,0.99931258],"shapeName":"/levels/rls_west_coast_usa/art/shapes/objects/constructionbarrier_arrows.dae","useInstanceRenderData":true}
{"class":"TSStatic","persistentId":"1838cd20-e909-47ca-9833-45b2e6b1a29e","__parent":"SimGroup_","position":[878.308228,-410.56897,161.937378],"isRenderEnabled":false,"rotationMatrix":[0.546136141,0.837058663,0.0326831155,-0.837633491,0.546157837,0.00904934481,-0.0102753071,-0.0323186442,0.999424815],"shapeName":"/levels/rls_west_coast_usa/art/shapes/objects/constructionbarrier_arrows.dae","useInstanceRenderData":true}
{"class":"TSStatic","persistentId":"196317c5-1657-4e5d-aa32-39735801239e","__parent":"SimGroup_","position":[875.863647,-408.868988,162.013229],"isRenderEnabled":false,"rotationMatrix":[0.590432405,0.806860685,0.0191172976,-0.807046771,0.59000051,0.0239778534,0.00806757063,-0.0295858532,0.99952966],"shapeName":"/levels/rls_west_coast_usa/art/shapes/objects/constructionbarrier_arrows.dae","useInstanceRenderData":true}
{"class":"TSStatic","persistentId":"19e2f4b3-3431-4976-8284-e0913deedeb8","__parent":"SimGroup_","position":[819.254333,-378.669128,161.926407],"isRenderEnabled":false,"rotationMatrix":[0.217407882,0.976037323,0.00921430998,-0.97565347,0.217023671,0.0316397026,0.0288818087,-0.0158686955,0.999456882],"shapeName":"/levels/rls_west_coast_usa/art/shapes/objects/constructionbarrier_arrows.dae","useInstanceRenderData":true}
{"class":"TSStatic","persistentId":"1c5a4992-4243-4ab3-bd3e-fe64d0613658","__parent":"SimGroup_","position":[862.128662,-397.660614,162.027863],"isRenderEnabled":false,"rotationMatrix":[0.731230915,0.677333653,-0.0807497129,-0.676551998,0.735259771,0.0408725366,0.0870563611,0.0247441158,0.995896041],"shapeName":"/levels/rls_west_coast_usa/art/shapes/objects/constructionbarrier_arrows.dae","useInstanceRenderData":true}
{"class":"TSStatic","persistentId":"1cbb82db-2012-44da-a527-c022114d1b0a","__parent":"SimGroup_","position":[816.350952,-378.031403,162.121735],"isRenderEnabled":false,"rotationMatrix":[0.217211366,0.972664833,0.082112588,-0.975008845,0.212173104,0.0658812597,0.0466582999,-0.0943706557,0.994443178],"shapeName":"/levels/rls_west_coast_usa/art/shapes/objects/constructionbarrier_arrows.dae","useInstanceRenderData":true}
{"class":"TSStatic","persistentId":"1d583839-61cf-454e-9ce9-715b25e0e256","__parent":"SimGroup_","position":[831.601379,-371.674866,161.900146],"isRenderEnabled":false,"rotationMatrix":[0.320467889,0.944178462,0.0763371661,-0.943547964,0.311047375,0.113871604,0.0837706402,-0.108519971,0.990558386],"shapeName":"/levels/rls_west_coast_usa/art/shapes/objects/constructionbarrier_arrows.dae","useInstanceRenderData":true}
{"class":"TSStatic","persistentId":"2295eecb-721d-4a93-b7b1-6581658490e9","__parent":"SimGroup_","position":[859.436035,-382.112244,161.853531],"isRenderEnabled":false,"rotationMatrix":[0.436630487,0.899264991,0.0260053053,-0.898739278,0.437304437,-0.0321330056,-0.0402683243,-0.00934174098,0.99914521],"shapeName":"/levels/rls_west_coast_usa/art/shapes/objects/constructionbarrier_arrows.dae","useInstanceRenderData":true}
{"class":"TSStatic","persistentId":"2d9b10f9-6dfd-416d-a1a7-f705ce16fa18","__parent":"SimGroup_","position":[886.37207,-400.0979,163.131439],"isRenderEnabled":false,"rotationMatrix":[-0.0260810852,0.997826457,0.0605161749,-0.987283349,-0.0162144899,-0.158141494,-0.156816512,-0.0638711005,0.985560298],"shapeName":"/levels/rls_west_coast_usa/art/shapes/objects/constructionbarrier_arrows.dae","useInstanceRenderData":true}
{"class":"TSStatic","persistentId":"2eece0fd-8ead-4e96-9b51-54e519dd7230","__parent":"SimGroup_","position":[841.028442,-387.372406,161.782639],"isRenderEnabled":false,"rotationMatrix":[0.483584464,0.874595582,-0.0350518413,-0.875222027,0.483681321,-0.0062257126,0.0115089407,0.0336888023,0.999366105],"shapeName":"/levels/rls_west_coast_usa/art/shapes/objects/constructionbarrier_arrows.dae","useInstanceRenderData":true}
{"class":"TSStatic","persistentId":"3cab6349-821b-49f1-a011-f905189481f4","__parent":"SimGroup_","position":[854.726624,-393.07663,161.756653],"isRenderEnabled":false,"rotationMatrix":[0.302291751,0.953097343,-0.0150019322,-0.95317328,0.302093029,-0.0141582638,-0.00896222703,0.0185793675,0.999787211],"shapeName":"/levels/rls_west_coast_usa/art/shapes/objects/constructionbarrier_arrows.dae","useInstanceRenderData":true}
{"class":"TSStatic","persistentId":"3dd0aa9c-d2bf-4034-9a06-d79726e2cace","__parent":"SimGroup_","position":[837.183228,-373.729401,161.734543],"isRenderEnabled":false,"rotationMatrix":[0.287349463,0.957640588,0.0188338012,-0.957816899,0.287375987,0.00133902766,-0.00413007429,-0.018424103,0.999821723],"shapeName":"/levels/rls_west_coast_usa/art/shapes/objects/constructionbarrier_arrows.dae","useInstanceRenderData":true}
{"class":"TSStatic","persistentId":"3e90c79d-8d27-482e-b21f-3ed0c4971094","__parent":"SimGroup_","position":[822.157043,-379.336029,161.877991],"isRenderEnabled":false,"rotationMatrix":[0.230239391,0.973133922,-0.000519515947,-0.972926378,0.230201244,0.0205347314,0.020102635,-0.00422245357,0.999789],"shapeName":"/levels/rls_west_coast_usa/art/shapes/objects/constructionbarrier_arrows.dae","useInstanceRenderData":true}
{"class":"TSStatic","persistentId":"400528fb-0c14-489e-be61-d09269860e50","__parent":"SimGroup_","position":[856.738708,-380.850311,161.787827],"isRenderEnabled":false,"rotationMatrix":[0.408826232,0.912464321,0.0164302383,-0.912274778,0.409098387,-0.0198296122,-0.0248153973,-0.00688202586,0.99966836],"shapeName":"/levels/rls_west_coast_usa/art/shapes/objects/constructionbarrier_arrows.dae","useInstanceRenderData":true}
{"class":"TSStatic","persistentId":"4de12772-1ef1-46c4-97fe-42bd49ddc613","__parent":"SimGroup_","position":[878.970764,-395.641052,162.525909],"isRenderEnabled":false,"rotationMatrix":[0.600566626,0.795478404,0.0808317736,-0.795660198,0.604555905,-0.0379084162,-0.0790226534,-0.0415480845,0.996006608],"shapeName":"/levels/rls_west_coast_usa/art/shapes/objects/constructionbarrier_arrows.dae","useInstanceRenderData":true}
{"class":"TSStatic","persistentId":"4ff6450e-8158-4604-8af2-78c18d9fbf33","__parent":"SimGroup_","position":[857.536804,-394.06015,161.836685],"isRenderEnabled":false,"rotationMatrix":[0.350049317,0.936274648,-0.0292459689,-0.935987353,0.348356783,-0.0507463031,-0.0373244472,0.0451375656,0.998283267],"shapeName":"/levels/rls_west_coast_usa/art/shapes/objects/constructionbarrier_arrows.dae","useInstanceRenderData":true}
{"class":"TSStatic","persistentId":"55851241-2d4c-4b39-a3a7-bdc32111e99a","__parent":"SimGroup_","position":[849.030701,-391.33313,161.71199],"isRenderEnabled":false,"rotationMatrix":[0.349168599,0.936876416,-0.0185456965,-0.937027216,0.34892261,-0.0152647244,-0.00783014484,0.0227077845,0.999711454],"shapeName":"/levels/rls_west_coast_usa/art/shapes/objects/constructionbarrier_arrows.dae","useInstanceRenderData":true}
{"class":"TSStatic","persistentId":"5df78f06-127c-4319-af94-7a52055617b9","__parent":"SimGroup_","position":[862.074097,-383.493103,161.921509],"isRenderEnabled":false,"rotationMatrix":[0.49169457,0.869804323,0.0409500264,-0.869540155,0.492954373,-0.0299320165,-0.0462214909,-0.0208902825,0.998712778],"shapeName":"/levels/rls_west_coast_usa/art/shapes/objects/constructionbarrier_arrows.dae","useInstanceRenderData":true}
{"class":"TSStatic","persistentId":"61e4734f-1b7d-481b-85ac-8b05f9b21387","__parent":"SimGroup_","position":[842.843262,-375.574341,161.716919],"isRenderEnabled":false,"rotationMatrix":[0.390683055,0.920345962,0.0181660186,-0.92005688,0.389778733,0.0395966619,0.0293618981,-0.032183513,0.999050617],"shapeName":"/levels/rls_west_coast_usa/art/shapes/objects/constructionbarrier_arrows.dae","useInstanceRenderData":true}
{"class":"TSStatic","persistentId":"66990abe-cec4-4ab3-a768-f6dec9b19af3","__parent":"SimGroup_","position":[866.506714,-401.691864,162.041031],"isRenderEnabled":false,"rotationMatrix":[0.601538658,0.798780918,-0.0100144194,-0.798717022,0.601619244,0.010264881,0.0142242583,0.00182396639,0.999897182],"shapeName":"/levels/rls_west_coast_usa/art/shapes/objects/constructionbarrier_arrows.dae","useInstanceRenderData":true}
{"class":"TSStatic","persistentId":"678ac9c8-e014-4e62-b48b-2abedf675804","__parent":"SimGroup_","position":[874.141479,-392.166748,162.215561],"isRenderEnabled":false,"rotationMatrix":[0.591209054,0.804745734,0.0534437336,-0.803321421,0.593465447,-0.0497331694,-0.0717395693,-0.013529798,0.997331619],"shapeName":"/levels/rls_west_coast_usa/art/shapes/objects/constructionbarrier_arrows.dae","useInstanceRenderData":true}
{"class":"TSStatic","persistentId":"76230b2d-e7da-49c9-b69f-a2ff4f973179","__parent":"SimGroup_","position":[871.620117,-404.718018,162.054962],"isRenderEnabled":false,"rotationMatrix":[0.634769559,0.772608578,0.0119812898,-0.772533357,0.634878635,-0.0110180294,-0.0161192883,-0.00226203632,0.999867499],"shapeName":"/levels/rls_west_coast_usa/art/shapes/objects/constructionbarrier_arrows.dae","useInstanceRenderData":true}
{"class":"TSStatic","persistentId":"78fa7d9e-b239-4734-a019-f00569373f28","__parent":"SimGroup_","position":[848.286865,-377.986511,161.70668],"isRenderEnabled":false,"rotationMatrix":[0.335644364,0.941794038,0.0191541035,-0.941977143,0.335469782,0.0117936498,0.00468156533,-0.0220011994,0.999746978],"shapeName":"/levels/rls_west_coast_usa/art/shapes/objects/constructionbarrier_arrows.dae","useInstanceRenderData":true}
{"class":"TSStatic","persistentId":"8088f705-f978-47c5-8283-671730d78df1","__parent":"SimGroup_","position":[851.145752,-378.820374,161.716461],"isRenderEnabled":false,"rotationMatrix":[0.263401508,0.964545727,0.0164702348,-0.964630246,0.263531864,-0.00628244085,-0.0104001332,-0.0142328814,0.999844611],"shapeName":"/levels/rls_west_coast_usa/art/shapes/objects/constructionbarrier_arrows.dae","useInstanceRenderData":true}
{"class":"TSStatic","persistentId":"855f9292-c03a-4bce-a410-444ba3f4c3b1","__parent":"SimGroup_","position":[843.696777,-388.69574,161.794449],"isRenderEnabled":false,"rotationMatrix":[0.445696115,0.892388821,-0.070690468,-0.894489527,0.447070181,0.00410076603,0.0352630764,0.0614041872,0.99748987],"shapeName":"/levels/rls_west_coast_usa/art/shapes/objects/constructionbarrier_arrows.dae","useInstanceRenderData":true}
{"class":"TSStatic","persistentId":"8af8be9f-468e-4be9-a09c-ae080efc9560","__parent":"SimGroup_","position":[838.361206,-386.069122,161.770142],"isRenderEnabled":false,"rotationMatrix":[0.261917233,0.963931143,-0.0472877733,-0.964530051,0.263120174,0.0212041996,0.0328817554,0.0400567316,0.998656213],"shapeName":"/levels/rls_west_coast_usa/art/shapes/objects/constructionbarrier_arrows.dae","useInstanceRenderData":true}
{"class":"TSStatic","persistentId":"8f75541b-d862-4b8b-9288-7ade033c2950","__parent":"SimGroup_","position":[830.137878,-382.924286,161.852036],"isRenderEnabled":false,"rotationMatrix":[0.602764606,0.797502041,-0.0257947221,-0.797708988,0.603032708,0.00345532503,0.0183106922,0.0184939317,0.999661267],"shapeName":"/levels/rls_west_coast_usa/art/shapes/objects/constructionbarrier_arrows.dae","useInstanceRenderData":true}
{"class":"TSStatic","persistentId":"92d79b47-db3d-4ef8-87e0-14f11d485f1e","__parent":"SimGroup_","position":[860.141357,-395.452728,162.08345],"isRenderEnabled":false,"rotationMatrix":[0.646652102,0.762116849,-0.0319217518,-0.762622654,0.645084381,-0.047674343,-0.0157411993,0.0551729649,0.998352706],"shapeName":"/levels/rls_west_coast_usa/art/shapes/objects/constructionbarrier_arrows.dae","useInstanceRenderData":true}
{"class":"TSStatic","persistentId":"95480448-575f-41dd-8d90-01bf7e6b20fa","__parent":"SimGroup_","position":[825.850098,-370.214844,162.374725],"isRenderEnabled":false,"rotationMatrix":[0.234160841,0.966715813,0.103098668,-0.964708686,0.217909157,0.147827223,0.120440759,-0.134075537,0.983624816],"shapeName":"/levels/rls_west_coast_usa/art/shapes/objects/constructionbarrier_arrows.dae","useInstanceRenderData":true}
{"class":"TSStatic","persistentId":"95c272b2-fd97-433a-84f6-b87a186f258a","__parent":"SimGroup_","position":[828.740906,-370.889832,162.142166],"isRenderEnabled":false,"rotationMatrix":[0.24083966,0.962574124,0.124286987,-0.970499873,0.240323305,0.0193571746,-0.0112363473,-0.125282481,0.992057502],"shapeName":"/levels/rls_west_coast_usa/art/shapes/objects/constructionbarrier_arrows.dae","useInstanceRenderData":true}
{"class":"TSStatic","persistentId":"95e18de1-ba68-4d44-a271-33d1bd894051","__parent":"SimGroup_","position":[880.848877,-412.844391,161.907471],"isRenderEnabled":false,"rotationMatrix":[0.86449492,0.499551088,0.0556523129,-0.500538468,0.865702629,0.00449712295,-0.0459318087,-0.0317438617,0.998440087],"shapeName":"/levels/rls_west_coast_usa/art/shapes/objects/constructionbarrier_arrows.dae","useInstanceRenderData":true}
{"class":"TSStatic","persistentId":"9aae9d50-4de1-4e05-af1f-ae2ac6f70805","__parent":"SimGroup_","position":[834.365784,-372.766846,161.760941],"isRenderEnabled":false,"rotationMatrix":[0.374799788,0.926470757,0.0343072116,-0.927096009,0.374369383,0.0184543394,0.00425383728,-0.0387227647,0.999240935],"shapeName":"/levels/rls_west_coast_usa/art/shapes/objects/constructionbarrier_arrows.dae","useInstanceRenderData":true}
{"class":"TSStatic","persistentId":"9e1d4556-f2cc-41a3-b07f-2d86d2964fce","__parent":"SimGroup_","position":[873.610046,-406.930176,162.043396],"isRenderEnabled":false,"rotationMatrix":[0.733034492,0.68016237,0.00629338017,-0.680187643,0.732968032,0.0101285148,0.00227618823,-0.0117052309,0.999928892],"shapeName":"/levels/rls_west_coast_usa/art/shapes/objects/constructionbarrier_arrows.dae","useInstanceRenderData":true}
{"class":"TSStatic","persistentId":"9fa36e44-b087-4d6c-b5f8-9e4f69e632b8","__parent":"SimGroup_","position":[835.420532,-385.634186,161.822571],"isRenderEnabled":false,"rotationMatrix":[0.300668657,0.952029645,-0.0569025502,-0.952203214,0.30302608,0.0385251306,0.0539200231,0.0425994955,0.997636139],"shapeName":"/levels/rls_west_coast_usa/art/shapes/objects/constructionbarrier_arrows.dae","useInstanceRenderData":true}
{"class":"TSStatic","persistentId":"a1963d5b-c4f5-4869-9dbd-9b6e4c2920fa","__parent":"SimGroup_","position":[876.561523,-393.898041,162.348969],"isRenderEnabled":false,"rotationMatrix":[0.573140085,0.816694856,0.0672302693,-0.814471602,0.576768994,-0.0630357563,-0.0902573019,-0.018628832,0.995744228],"shapeName":"/levels/rls_west_coast_usa/art/shapes/objects/constructionbarrier_arrows.dae","useInstanceRenderData":true}
{"class":"TSStatic","persistentId":"b009c5d8-8129-4ebf-96b8-9c7d1f980612","__parent":"SimGroup_","position":[845.543091,-376.831848,161.714661],"isRenderEnabled":false,"rotationMatrix":[0.430959523,0.902296484,0.0116165252,-0.902330816,0.431026399,-0.00392179471,-0.0085456511,-0.00879181363,0.999924839],"shapeName":"/levels/rls_west_coast_usa/art/shapes/objects/constructionbarrier_arrows.dae","useInstanceRenderData":true}
{"class":"TSStatic","persistentId":"b515f586-a997-4439-83a3-ba8f874aa000","__parent":"SimGroup_","position":[840.040039,-374.573059,161.713425],"isRenderEnabled":false,"rotationMatrix":[0.29322046,0.955760956,0.0232983883,-0.956033468,0.29301101,0.0120222112,0.00466367602,-0.0257991962,0.99965626],"shapeName":"/levels/rls_west_coast_usa/art/shapes/objects/constructionbarrier_arrows.dae","useInstanceRenderData":true}
{"class":"TSStatic","persistentId":"bb51166d-d482-4f45-a27e-142f609de01c","__parent":"SimGroup_","position":[851.871216,-392.228668,161.726776],"isRenderEnabled":false,"rotationMatrix":[0.278248608,0.960313976,-0.0193596147,-0.960440099,0.278413653,0.00637306273,0.0115101207,0.016820455,0.999792278],"shapeName":"/levels/rls_west_coast_usa/art/shapes/objects/constructionbarrier_arrows.dae","useInstanceRenderData":true}
{"class":"TSStatic","persistentId":"bc3a0530-45d2-451b-8efb-432b4ddcd4f0","__parent":"SimGroup_","position":[889.272461,-399.815155,163.717896],"isRenderEnabled":false,"rotationMatrix":[-0.196089029,0.978970945,0.0562592894,-0.959925473,-0.179926038,-0.214871675,-0.200230613,-0.0961387083,0.975020528],"shapeName":"/levels/rls_west_coast_usa/art/shapes/objects/constructionbarrier_arrows.dae","useInstanceRenderData":true}
{"class":"TSStatic","persistentId":"c45fbc3d-a686-4d9d-bd75-0ff7a3b7d592","__parent":"SimGroup_","position":[869.069031,-403.198212,162.022537],"isRenderEnabled":false,"rotationMatrix":[0.438137054,0.898830235,-0.0118406862,-0.898883879,0.437990367,-0.0131242704,-0.00661038421,0.0163936317,0.999843776],"shapeName":"/levels/rls_west_coast_usa/art/shapes/objects/constructionbarrier_arrows.dae","useInstanceRenderData":true}
{"class":"TSStatic","persistentId":"c8669961-6a52-4f69-809e-d9abd7ca28e8","__parent":"SimGroup_","position":[822.966614,-369.566986,162.736786],"isRenderEnabled":false,"rotationMatrix":[0.223389149,0.972482681,0.0661416948,-0.973449588,0.219105661,0.0662460998,0.0499311686,-0.0791842714,0.995608747],"shapeName":"/levels/rls_west_coast_usa/art/shapes/objects/constructionbarrier_arrows.dae","useInstanceRenderData":true}
{"class":"TSStatic","persistentId":"d2bef4dc-343d-41fe-b2d4-e6aac7dc1589","__parent":"SimGroup_","position":[881.235657,-397.56778,162.672897],"isRenderEnabled":false,"rotationMatrix":[0.670824885,0.734570205,0.101983294,-0.733214676,0.677564859,-0.0574637987,-0.111311495,-0.0362274982,0.993125021],"shapeName":"/levels/rls_west_coast_usa/art/shapes/objects/constructionbarrier_arrows.dae","useInstanceRenderData":true}
{"class":"TSStatic","persistentId":"d737f246-1fdd-4a5e-9557-ecf4daafa820","__parent":"SimGroup_","position":[869.420044,-388.540344,161.997894],"isRenderEnabled":false,"rotationMatrix":[0.610955477,0.790529132,0.0423917472,-0.79060185,0.612033844,-0.019059876,-0.0410125703,-0.0218702611,0.998919249],"shapeName":"/levels/rls_west_coast_usa/art/shapes/objects/constructionbarrier_arrows.dae","useInstanceRenderData":true}
{"class":"TSStatic","persistentId":"ded4d9d3-ff20-4980-92d8-2b4a7f46bd74","__parent":"SimGroup_","position":[846.317566,-390.110229,161.737473],"isRenderEnabled":false,"rotationMatrix":[0.461437702,0.885068357,-0.0610676222,-0.885318816,0.463828802,0.0327621326,0.057321649,0.0389466286,0.997595787],"shapeName":"/levels/rls_west_coast_usa/art/shapes/objects/constructionbarrier_arrows.dae","useInstanceRenderData":true}
{"class":"TSStatic","persistentId":"e1aafd88-b623-4825-ba5e-83456208a4f9","__parent":"SimGroup_","position":[871.770203,-390.367767,162.105469],"isRenderEnabled":false,"rotationMatrix":[0.610643327,0.79077661,0.0422735885,-0.789130688,0.612100899,-0.0510406606,-0.0662374645,-0.0021917522,0.997801483],"shapeName":"/levels/rls_west_coast_usa/art/shapes/objects/constructionbarrier_arrows.dae","useInstanceRenderData":true}
{"class":"TSStatic","persistentId":"e49ddf9a-8cf2-4e73-b1e6-89bc31960916","__parent":"SimGroup_","position":[825.05957,-380.005371,161.865982],"isRenderEnabled":false,"rotationMatrix":[0.238069892,0.971152723,-0.0136078801,-0.971220672,0.237934649,-0.0108409189,-0.00729040103,0.0157971513,0.999848664],"shapeName":"/levels/rls_west_coast_usa/art/shapes/objects/constructionbarrier_arrows.dae","useInstanceRenderData":true}
{"class":"TSStatic","persistentId":"e9332133-73fd-4d56-a8dd-3972ab1cdd22","__parent":"SimGroup_","position":[867.039429,-386.750397,161.997818],"isRenderEnabled":false,"rotationMatrix":[0.591832042,0.801528811,0.0853605568,-0.805702567,0.591401219,0.0329830088,-0.0240455009,-0.0882956237,0.995804071],"shapeName":"/levels/rls_west_coast_usa/art/shapes/objects/constructionbarrier_arrows.dae","useInstanceRenderData":true}
{"class":"TSStatic","persistentId":"e9a1b9d1-d5a7-48ce-b045-f2721d703244","__parent":"SimGroup_","position":[864.610657,-385.038055,162.08548],"isRenderEnabled":false,"rotationMatrix":[0.547915697,0.820963085,0.160648704,-0.835145295,0.547883987,0.0485328846,-0.048173137,-0.160756931,0.98581773],"shapeName":"/levels/rls_west_coast_usa/art/shapes/objects/constructionbarrier_arrows.dae","useInstanceRenderData":true}
{"class":"TSStatic","persistentId":"ee256f0a-9981-4519-9506-9f7be9139cee","__parent":"SimGroup_","position":[883.532898,-399.450592,162.788055],"isRenderEnabled":false,"rotationMatrix":[0.500851989,0.85714519,0.120205604,-0.857810736,0.510083437,-0.0630526915,-0.115360193,-0.071533598,0.99074465],"shapeName":"/levels/rls_west_coast_usa/art/shapes/objects/constructionbarrier_arrows.dae","useInstanceRenderData":true}
{"class":"TSStatic","persistentId":"ef9f303f-d41b-447c-b6ce-d33497a84aa3","__parent":"SimGroup_","position":[832.69812,-384.438202,161.923035],"isRenderEnabled":false,"rotationMatrix":[0.451026082,0.887815058,-0.0914319903,-0.889731228,0.455334604,0.0323842466,0.0703833699,0.0667437613,0.995284617],"shapeName":"/levels/rls_west_coast_usa/art/shapes/objects/constructionbarrier_arrows.dae","useInstanceRenderData":true}
