{"name":"gasStationLight_16","class":"SpotLight","__parent":"Trilobite_BelascoAuto","position":[926.335327,-487.555847,167.003677],"brightness":1.5,"castShadows":true,"innerAngle":20,"isEnabled":false,"outerAngle":170,"range":20,"rotationMatrix":[0.98967284,-0.143344492,-1.71363354e-07,-1.56462193e-07,-1.1920929e-07,-1.00000024,0.143344492,0.989673138,-1.1920929e-07],"shadowDarkenColor":[0,0,0,0],"shadowSoftness":1}
{"name":"gasStationBulb_6","internalName":"gasBulb","class":"PointLight","__parent":"Trilobite_BelascoAuto","position":[915.484497,-481.139221,167.003693],"castShadows":true,"isEnabled":false,"rotationMatrix":[0.940909803,-0.338657349,-1.13686838e-13,-0.338657349,-0.940910339,-9.86655596e-06,3.34138031e-06,9.28353893e-06,-1.00000048],"shadowDarkenColor":[0,0,0,0]}
{"name":"gasStationLight_18","class":"SpotLight","__parent":"Trilobite_BelascoAuto","position":[921.933777,-490.665619,167.003677],"innerAngle":20,"isEnabled":false,"outerAngle":90,"rotationMatrix":[0.98967284,-0.143344492,-1.71363354e-07,-1.56462193e-07,-1.1920929e-07,-1.00000024,0.143344492,0.989673138,-1.1920929e-07],"shadowDarkenColor":[0,0,0,0]}
{"name":"gasStationBulb_7","internalName":"gasBulb","class":"PointLight","__parent":"Trilobite_BelascoAuto","position":[931.144348,-484.500641,167.003693],"castShadows":true,"isEnabled":false,"rotationMatrix":[0.940909803,-0.338657349,-1.13686838e-13,-0.338657349,-0.940910339,-9.86655596e-06,3.34138031e-06,9.28353893e-06,-1.00000048],"shadowDarkenColor":[0,0,0,0]}
{"name":"gasStationLight_20","class":"SpotLight","__parent":"Trilobite_BelascoAuto","position":[922.582336,-486.726471,167.003677],"innerAngle":20,"isEnabled":false,"outerAngle":90,"rotationMatrix":[0.98967284,-0.143344492,-1.71363354e-07,-1.56462193e-07,-1.1920929e-07,-1.00000024,0.143344492,0.989673138,-1.1920929e-07],"shadowDarkenColor":[0,0,0,0]}
{"name":"gasStationBulb_8","internalName":"gasBulb","class":"PointLight","__parent":"Trilobite_BelascoAuto","position":[914.654785,-485.046661,167.003693],"castShadows":true,"isEnabled":false,"rotationMatrix":[0.940909803,-0.338657349,-1.13686838e-13,-0.338657349,-0.940910339,-9.86655596e-06,3.34138031e-06,9.28353893e-06,-1.00000048],"shadowDarkenColor":[0,0,0,0]}
{"name":"gasStationLight_22","class":"SpotLight","__parent":"Trilobite_BelascoAuto","position":[920.194336,-478.089844,167.003677],"innerAngle":20,"isEnabled":false,"outerAngle":90,"rotationMatrix":[0.98967284,-0.143344492,-1.71363354e-07,-1.56462193e-07,-1.1920929e-07,-1.00000024,0.143344492,0.989673138,-1.1920929e-07],"shadowDarkenColor":[0,0,0,0]}
{"name":"gasStationBulb_9","internalName":"gasBulb","class":"PointLight","__parent":"Trilobite_BelascoAuto","position":[911.558655,-480.25708,167.003693],"castShadows":true,"isEnabled":false,"rotationMatrix":[0.940909803,-0.338657349,-1.13686838e-13,-0.338657349,-0.940910339,-9.86655596e-06,3.34138031e-06,9.28353893e-06,-1.00000048],"shadowDarkenColor":[0,0,0,0]}
{"name":"gasStationLight_24","class":"SpotLight","__parent":"Trilobite_BelascoAuto","position":[919.404358,-482.0177,167.003677],"brightness":2,"castShadows":true,"innerAngle":20,"isEnabled":false,"outerAngle":170,"range":20,"rotationMatrix":[0.98967284,-0.143344492,-1.71363354e-07,-1.56462193e-07,-1.1920929e-07,-1.00000024,0.143344492,0.989673138,-1.1920929e-07],"shadowDarkenColor":[0,0,0,0],"shadowSoftness":1}
{"name":"gasStationBulb_10","internalName":"gasBulb","class":"PointLight","__parent":"Trilobite_BelascoAuto","position":[912.348633,-476.329224,167.003693],"castShadows":true,"isEnabled":false,"rotationMatrix":[0.940909803,-0.338657349,-1.13686838e-13,-0.338657349,-0.940910339,-9.86655596e-06,3.34138031e-06,9.28353893e-06,-1.00000048],"shadowDarkenColor":[0,0,0,0]}
{"name":"gasStationBulb_11","internalName":"gasBulb","class":"PointLight","__parent":"Trilobite_BelascoAuto","position":[914.006226,-488.985809,167.003693],"castShadows":true,"isEnabled":false,"rotationMatrix":[0.940909803,-0.338657349,-1.13686838e-13,-0.338657349,-0.940910339,-9.86655596e-06,3.34138031e-06,9.28353893e-06,-1.00000048],"shadowDarkenColor":[0,0,0,0]}
{"name":"gasStationBulb_12","internalName":"gasBulb","class":"PointLight","__parent":"Trilobite_BelascoAuto","position":[910.080383,-488.103668,167.003693],"castShadows":true,"isEnabled":false,"rotationMatrix":[0.940909803,-0.338657349,-1.13686838e-13,-0.338657349,-0.940910339,-9.86655596e-06,3.34138031e-06,9.28353893e-06,-1.00000048]}
{"name":"gasStationBulb_13","internalName":"gasBulb","class":"PointLight","__parent":"Trilobite_BelascoAuto","position":[910.728943,-484.16452,167.003693],"castShadows":true,"isEnabled":false,"rotationMatrix":[0.940909803,-0.338657349,-1.13686838e-13,-0.338657349,-0.940910339,-9.86655596e-06,3.34138031e-06,9.28353893e-06,-1.00000048],"shadowDarkenColor":[0,0,0,0]}
{"name":"gasStationBulb_14","internalName":"gasBulb","class":"PointLight","__parent":"Trilobite_BelascoAuto","position":[929.666077,-492.347229,167.003693],"castShadows":true,"isEnabled":false,"rotationMatrix":[0.940909803,-0.338657349,-1.13686838e-13,-0.338657349,-0.940910339,-9.86655596e-06,3.34138031e-06,9.28353893e-06,-1.00000048],"shadowDarkenColor":[0,0,0,0]}
{"name":"gasStationBulb_15","internalName":"gasBulb","class":"PointLight","__parent":"Trilobite_BelascoAuto","position":[930.314636,-488.408081,167.003693],"castShadows":true,"isEnabled":false,"rotationMatrix":[0.940909803,-0.338657349,-1.13686838e-13,-0.338657349,-0.940910339,-9.86655596e-06,3.34138031e-06,9.28353893e-06,-1.00000048],"shadowDarkenColor":[0,0,0,0]}
{"name":"gasStationBulb_16","internalName":"gasBulb","class":"PointLight","__parent":"Trilobite_BelascoAuto","position":[927.106079,-483.631317,167.003693],"castShadows":true,"isEnabled":false,"rotationMatrix":[0.940909803,-0.338657349,-1.13686838e-13,-0.338657349,-0.940910339,-9.86655596e-06,3.34138031e-06,9.28353893e-06,-1.00000048],"shadowDarkenColor":[0,0,0,0]}
{"name":"gasStationLight_7","class":"SpotLight","__parent":"Trilobite_BelascoAuto","position":[916.333435,-477.228455,167.003677],"innerAngle":20,"isEnabled":false,"outerAngle":90,"rotationMatrix":[0.98967284,-0.143344492,-1.71363354e-07,-1.56462193e-07,-1.1920929e-07,-1.00000024,0.143344492,0.989673138,-1.1920929e-07],"shadowDarkenColor":[0,0,0,0]}
{"name":"gasStationLight_9","class":"SpotLight","__parent":"Trilobite_BelascoAuto","position":[915.543457,-481.156311,167.003677],"innerAngle":20,"isEnabled":false,"outerAngle":90,"rotationMatrix":[0.98967284,-0.143344492,-1.71363354e-07,-1.56462193e-07,-1.1920929e-07,-1.00000024,0.143344492,0.989673138,-1.1920929e-07],"shadowDarkenColor":[0,0,0,0]}
{"name":"gasStationLight_11","class":"SpotLight","__parent":"Trilobite_BelascoAuto","position":[914.713745,-485.063751,167.003677],"innerAngle":20,"isEnabled":false,"outerAngle":90,"rotationMatrix":[0.98967284,-0.143344492,-1.71363354e-07,-1.56462193e-07,-1.1920929e-07,-1.00000024,0.143344492,0.989673138,-1.1920929e-07],"shadowDarkenColor":[0,0,0,0]}
{"name":"gasStationLight_13","class":"SpotLight","__parent":"Trilobite_BelascoAuto","position":[911.617615,-480.27417,167.003677],"innerAngle":20,"isEnabled":false,"outerAngle":90,"rotationMatrix":[0.98967284,-0.143344492,-1.71363354e-07,-1.56462193e-07,-1.1920929e-07,-1.00000024,0.143344492,0.989673138,-1.1920929e-07],"shadowDarkenColor":[0,0,0,0]}
{"name":"gasStationLight_15","class":"SpotLight","__parent":"Trilobite_BelascoAuto","position":[925.686768,-491.494995,167.003677],"innerAngle":20,"isEnabled":false,"outerAngle":90,"rotationMatrix":[0.98967284,-0.143344492,-1.71363354e-07,-1.56462193e-07,-1.1920929e-07,-1.00000024,0.143344492,0.989673138,-1.1920929e-07],"shadowDarkenColor":[0,0,0,0]}
{"name":"gasStationLight_17","class":"SpotLight","__parent":"Trilobite_BelascoAuto","position":[924.202026,-478.891174,167.003677],"innerAngle":20,"isEnabled":false,"outerAngle":90,"rotationMatrix":[0.98967284,-0.143344492,-1.71363354e-07,-1.56462193e-07,-1.1920929e-07,-1.00000024,0.143344492,0.989673138,-1.1920929e-07],"shadowDarkenColor":[0,0,0,0]}
{"name":"gasStationLight_19","class":"SpotLight","__parent":"Trilobite_BelascoAuto","position":[923.412048,-482.819031,167.003677],"innerAngle":20,"isEnabled":false,"outerAngle":90,"rotationMatrix":[0.98967284,-0.143344492,-1.71363354e-07,-1.56462193e-07,-1.1920929e-07,-1.00000024,0.143344492,0.989673138,-1.1920929e-07],"shadowDarkenColor":[0,0,0,0]}
{"name":"gasStationLight_21","class":"SpotLight","__parent":"Trilobite_BelascoAuto","position":[910.139343,-488.120758,167.003677],"innerAngle":20,"isEnabled":false,"outerAngle":90,"rotationMatrix":[0.98967284,-0.143344492,-1.71363354e-07,-1.56462193e-07,-1.1920929e-07,-1.00000024,0.143344492,0.989673138,-1.1920929e-07]}
{"name":"gasStationLight_23","class":"SpotLight","__parent":"Trilobite_BelascoAuto","position":[917.926086,-489.864288,167.003677],"innerAngle":20,"isEnabled":false,"outerAngle":90,"rotationMatrix":[0.98967284,-0.143344492,-1.71363354e-07,-1.56462193e-07,-1.1920929e-07,-1.00000024,0.143344492,0.989673138,-1.1920929e-07],"shadowDarkenColor":[0,0,0,0]}
{"name":"gasStationBulb_24","internalName":"gasBulb","class":"PointLight","__parent":"Trilobite_BelascoAuto","position":[919.345398,-482.00061,167.003693],"castShadows":true,"isEnabled":false,"rotationMatrix":[0.940909803,-0.338657349,-1.13686838e-13,-0.338657349,-0.940910339,-9.86655596e-06,3.34138031e-06,9.28353893e-06,-1.00000048],"shadowDarkenColor":[0,0,0,0]}
{"name":"gasStationBulb_23","internalName":"gasBulb","class":"PointLight","__parent":"Trilobite_BelascoAuto","position":[920.135376,-478.072754,167.003693],"castShadows":true,"isEnabled":false,"rotationMatrix":[0.940909803,-0.338657349,-1.13686838e-13,-0.338657349,-0.940910339,-9.86655596e-06,3.34138031e-06,9.28353893e-06,-1.00000048],"shadowDarkenColor":[0,0,0,0]}
{"name":"gasStationBulb_22","internalName":"gasBulb","class":"PointLight","__parent":"Trilobite_BelascoAuto","position":[922.523376,-486.709381,167.003693],"castShadows":true,"isEnabled":false,"rotationMatrix":[0.940909803,-0.338657349,-1.13686838e-13,-0.338657349,-0.940910339,-9.86655596e-06,3.34138031e-06,9.28353893e-06,-1.00000048],"shadowDarkenColor":[0,0,0,0]}
{"name":"gasStationBulb_21","internalName":"gasBulb","class":"PointLight","__parent":"Trilobite_BelascoAuto","position":[921.874817,-490.648529,167.003693],"castShadows":true,"isEnabled":false,"rotationMatrix":[0.940909803,-0.338657349,-1.13686838e-13,-0.338657349,-0.940910339,-9.86655596e-06,3.34138031e-06,9.28353893e-06,-1.00000048],"shadowDarkenColor":[0,0,0,0]}
{"name":"gasStationBulb_20","class":"PointLight","__parent":"Trilobite_BelascoAuto","position":[923.353088,-482.801941,167.003693],"castShadows":true,"isEnabled":false,"rotationMatrix":[0.940909803,-0.338657349,-1.13686838e-13,-0.338657349,-0.940910339,-9.86655596e-06,3.34138031e-06,9.28353893e-06,-1.00000048],"shadowDarkenColor":[0,0,0,0]}
{"name":"gasStationBulb_19","internalName":"gasBulb","class":"PointLight","__parent":"Trilobite_BelascoAuto","position":[924.143066,-478.874084,167.003693],"castShadows":true,"isEnabled":false,"rotationMatrix":[0.940909803,-0.338657349,-1.13686838e-13,-0.338657349,-0.940910339,-9.86655596e-06,3.34138031e-06,9.28353893e-06,-1.00000048],"shadowDarkenColor":[0,0,0,0]}
{"name":"gasStationBulb_18","internalName":"gasBulb","class":"PointLight","__parent":"Trilobite_BelascoAuto","position":[926.276367,-487.538757,167.003693],"castShadows":true,"isEnabled":false,"rotationMatrix":[0.940909803,-0.338657349,-1.13686838e-13,-0.338657349,-0.940910339,-9.86655596e-06,3.34138031e-06,9.28353893e-06,-1.00000048],"shadowDarkenColor":[0,0,0,0]}
{"name":"gasStationBulb_17","internalName":"gasBulb","class":"PointLight","__parent":"Trilobite_BelascoAuto","position":[925.627808,-491.477905,167.003693],"castShadows":true,"isEnabled":false,"rotationMatrix":[0.940909803,-0.338657349,-1.13686838e-13,-0.338657349,-0.940910339,-9.86655596e-06,3.34138031e-06,9.28353893e-06,-1.00000048],"shadowDarkenColor":[0,0,0,0]}
{"name":"gasStationLight_1","class":"SpotLight","__parent":"Trilobite_BelascoAuto","position":[918.574646,-485.92514,167.003677],"innerAngle":20,"isEnabled":false,"outerAngle":90,"rotationMatrix":[0.98967284,-0.143344492,-1.71363354e-07,-1.56462193e-07,-1.1920929e-07,-1.00000024,0.143344492,0.989673138,-1.1920929e-07],"shadowDarkenColor":[0,0,0,0]}
{"name":"gasStationLight_2","class":"SpotLight","__parent":"Trilobite_BelascoAuto","position":[927.165039,-483.648407,167.003677],"innerAngle":20,"isEnabled":false,"outerAngle":90,"rotationMatrix":[0.98967284,-0.143344492,-1.71363354e-07,-1.56462193e-07,-1.1920929e-07,-1.00000024,0.143344492,0.989673138,-1.1920929e-07],"shadowDarkenColor":[0,0,0,0]}
{"name":"gasStationLight_3","class":"SpotLight","__parent":"Trilobite_BelascoAuto","position":[927.955017,-479.720551,167.003677],"innerAngle":20,"isEnabled":false,"outerAngle":90,"rotationMatrix":[0.98967284,-0.143344492,-1.71363354e-07,-1.56462193e-07,-1.1920929e-07,-1.00000024,0.143344492,0.989673138,-1.1920929e-07],"shadowDarkenColor":[0,0,0,0]}
{"name":"gasStationLight_4","class":"SpotLight","__parent":"Trilobite_BelascoAuto","position":[914.065186,-489.002899,167.003677],"innerAngle":20,"isEnabled":false,"outerAngle":90,"rotationMatrix":[0.98967284,-0.143344492,-1.71363354e-07,-1.56462193e-07,-1.1920929e-07,-1.00000024,0.143344492,0.989673138,-1.1920929e-07],"shadowDarkenColor":[0,0,0,0]}
{"name":"gasStationLight_5","class":"SpotLight","__parent":"Trilobite_BelascoAuto","position":[931.993286,-480.589874,167.003677],"innerAngle":20,"isEnabled":false,"outerAngle":90,"rotationMatrix":[0.98967284,-0.143344492,-1.71363354e-07,-1.56462193e-07,-1.1920929e-07,-1.00000024,0.143344492,0.989673138,-1.1920929e-07],"shadowDarkenColor":[0,0,0,0]}
{"name":"gasStationLight_6","class":"SpotLight","__parent":"Trilobite_BelascoAuto","position":[929.725037,-492.364319,167.003677],"innerAngle":20,"isEnabled":false,"outerAngle":90,"rotationMatrix":[0.98967284,-0.143344492,-1.71363354e-07,-1.56462193e-07,-1.1920929e-07,-1.00000024,0.143344492,0.989673138,-1.1920929e-07],"shadowDarkenColor":[0,0,0,0]}
{"name":"gasStationBulb_1","internalName":"gasBulb","class":"PointLight","__parent":"Trilobite_BelascoAuto","position":[918.515686,-485.908051,167.003693],"castShadows":true,"isEnabled":false,"rotationMatrix":[0.940909803,-0.338657349,-1.13686838e-13,-0.338657349,-0.940910339,-9.86655596e-06,3.34138031e-06,9.28353893e-06,-1.00000048],"shadowDarkenColor":[0,0,0,0]}
{"name":"gasStationLight_8","class":"SpotLight","__parent":"Trilobite_BelascoAuto","position":[931.203308,-484.517731,167.003677],"innerAngle":20,"isEnabled":false,"outerAngle":90,"rotationMatrix":[0.98967284,-0.143344492,-1.71363354e-07,-1.56462193e-07,-1.1920929e-07,-1.00000024,0.143344492,0.989673138,-1.1920929e-07],"shadowDarkenColor":[0,0,0,0]}
{"name":"gasStationBulb_2","internalName":"gasBulb","class":"PointLight","__parent":"Trilobite_BelascoAuto","position":[927.896057,-479.703461,167.003693],"castShadows":true,"isEnabled":false,"rotationMatrix":[0.940909803,-0.338657349,-1.13686838e-13,-0.338657349,-0.940910339,-9.86655596e-06,3.34138031e-06,9.28353893e-06,-1.00000048],"shadowDarkenColor":[0,0,0,0]}
{"name":"gasStationLight_10","class":"SpotLight","__parent":"Trilobite_BelascoAuto","position":[930.373596,-488.425171,167.003677],"innerAngle":20,"isEnabled":false,"outerAngle":90,"rotationMatrix":[0.98967284,-0.143344492,-1.71363354e-07,-1.56462193e-07,-1.1920929e-07,-1.00000024,0.143344492,0.989673138,-1.1920929e-07],"shadowDarkenColor":[0,0,0,0]}
{"name":"gasStationBulb_3","internalName":"gasBulb","class":"PointLight","__parent":"Trilobite_BelascoAuto","position":[917.867126,-489.847198,167.003693],"castShadows":true,"isEnabled":false,"rotationMatrix":[0.940909803,-0.338657349,-1.13686838e-13,-0.338657349,-0.940910339,-9.86655596e-06,3.34138031e-06,9.28353893e-06,-1.00000048],"shadowDarkenColor":[0,0,0,0]}
{"name":"gasStationLight_12","class":"SpotLight","__parent":"Trilobite_BelascoAuto","position":[910.787903,-484.18161,167.003677],"innerAngle":20,"isEnabled":false,"outerAngle":90,"rotationMatrix":[0.98967284,-0.143344492,-1.71363354e-07,-1.56462193e-07,-1.1920929e-07,-1.00000024,0.143344492,0.989673138,-1.1920929e-07],"shadowDarkenColor":[0,0,0,0]}
{"name":"gasStationBulb_4","internalName":"gasBulb","class":"PointLight","__parent":"Trilobite_BelascoAuto","position":[916.274475,-477.211365,167.003693],"castShadows":true,"isEnabled":false,"rotationMatrix":[0.940909803,-0.338657349,-1.13686838e-13,-0.338657349,-0.940910339,-9.86655596e-06,3.34138031e-06,9.28353893e-06,-1.00000048],"shadowDarkenColor":[0,0,0,0]}
{"name":"gasStationLight_14","class":"SpotLight","__parent":"Trilobite_BelascoAuto","position":[912.407593,-476.346313,167.003677],"innerAngle":20,"isEnabled":false,"outerAngle":90,"rotationMatrix":[0.98967284,-0.143344492,-1.71363354e-07,-1.56462193e-07,-1.1920929e-07,-1.00000024,0.143344492,0.989673138,-1.1920929e-07],"shadowDarkenColor":[0,0,0,0]}
{"name":"gasStationBulb_5","internalName":"gasBulb","class":"PointLight","__parent":"Trilobite_BelascoAuto","position":[931.934326,-480.572784,167.003693],"castShadows":true,"isEnabled":false,"rotationMatrix":[0.940909803,-0.338657349,-1.13686838e-13,-0.338657349,-0.940910339,-9.86655596e-06,3.34138031e-06,9.28353893e-06,-1.00000048],"shadowDarkenColor":[0,0,0,0]}
{"name":"gasStationBulb_41","internalName":"gasBulb","class":"PointLight","__parent":"Trilobite_BelascoAuto","position":[-809.793518,852.033691,79.6637955],"isEnabled":false,"rotationMatrix":[0.940909803,-0.338657349,-1.13686838e-13,-0.338657349,-0.940910339,-9.86655596e-06,3.34138031e-06,9.28353893e-06,-1.00000048],"shadowDarkenColor":[0,0,0,0]}
{"name":"gasStationLight_71","class":"SpotLight","__parent":"Trilobite_BelascoAuto","position":[-809.734558,852.016602,79.6637802],"innerAngle":20,"isEnabled":false,"outerAngle":75,"rotationMatrix":[0.98967284,-0.143344492,-1.71363354e-07,-1.56462193e-07,-1.1920929e-07,-1.00000024,0.143344492,0.989673138,-1.1920929e-07],"shadowDarkenColor":[0,0,0,0]}
{"name":"gasStationBulb_411","internalName":"gasBulb","class":"PointLight","__parent":"Trilobite_BelascoAuto","position":[-809.793518,856.029114,79.6637955],"isEnabled":false,"rotationMatrix":[0.940909803,-0.338657349,-1.13686838e-13,-0.338657349,-0.940910339,-9.86655596e-06,3.34138031e-06,9.28353893e-06,-1.00000048],"shadowDarkenColor":[0,0,0,0]}
{"name":"gasStationLight_711","class":"SpotLight","__parent":"Trilobite_BelascoAuto","position":[-809.734558,856.012024,79.6637802],"innerAngle":20,"isEnabled":false,"outerAngle":75,"rotationMatrix":[0.98967284,-0.143344492,-1.71363354e-07,-1.56462193e-07,-1.1920929e-07,-1.00000024,0.143344492,0.989673138,-1.1920929e-07],"shadowDarkenColor":[0,0,0,0]}
{"name":"gasStationBulb_4111","internalName":"gasBulb","class":"PointLight","__parent":"Trilobite_BelascoAuto","position":[-809.793518,860.020264,79.6637955],"isEnabled":false,"rotationMatrix":[0.940909803,-0.338657349,-1.13686838e-13,-0.338657349,-0.940910339,-9.86655596e-06,3.34138031e-06,9.28353893e-06,-1.00000048],"shadowDarkenColor":[0,0,0,0]}
{"name":"gasStationLight_7111","class":"SpotLight","__parent":"Trilobite_BelascoAuto","position":[-809.734558,860.003174,79.6637802],"innerAngle":20,"isEnabled":false,"outerAngle":75,"rotationMatrix":[0.98967284,-0.143344492,-1.71363354e-07,-1.56462193e-07,-1.1920929e-07,-1.00000024,0.143344492,0.989673138,-1.1920929e-07],"shadowDarkenColor":[0,0,0,0]}
{"name":"gasStationLight_71111","class":"SpotLight","__parent":"Trilobite_BelascoAuto","position":[-813.669434,860.003174,79.6637802],"innerAngle":20,"isEnabled":false,"outerAngle":75,"rotationMatrix":[0.98967284,-0.143344492,-1.71363354e-07,-1.56462193e-07,-1.1920929e-07,-1.00000024,0.143344492,0.989673138,-1.1920929e-07],"shadowDarkenColor":[0,0,0,0]}
{"name":"gasStationBulb_41111","internalName":"gasBulb","class":"PointLight","__parent":"Trilobite_BelascoAuto","position":[-813.728394,860.020264,79.6637955],"isEnabled":false,"rotationMatrix":[0.940909803,-0.338657349,-1.13686838e-13,-0.338657349,-0.940910339,-9.86655596e-06,3.34138031e-06,9.28353893e-06,-1.00000048],"shadowDarkenColor":[0,0,0,0]}
{"name":"gasStationLight_7112","class":"SpotLight","__parent":"Trilobite_BelascoAuto","position":[-813.669434,856.012024,79.6637802],"innerAngle":20,"isEnabled":false,"outerAngle":75,"rotationMatrix":[0.98967284,-0.143344492,-1.71363354e-07,-1.56462193e-07,-1.1920929e-07,-1.00000024,0.143344492,0.989673138,-1.1920929e-07],"shadowDarkenColor":[0,0,0,0]}
{"name":"gasStationBulb_4112","internalName":"gasBulb","class":"PointLight","__parent":"Trilobite_BelascoAuto","position":[-813.728394,856.029114,79.6637955],"isEnabled":false,"rotationMatrix":[0.940909803,-0.338657349,-1.13686838e-13,-0.338657349,-0.940910339,-9.86655596e-06,3.34138031e-06,9.28353893e-06,-1.00000048],"shadowDarkenColor":[0,0,0,0]}
{"name":"gasStationLight_712","class":"SpotLight","__parent":"Trilobite_BelascoAuto","position":[-813.669434,852.016602,79.6637802],"innerAngle":20,"isEnabled":false,"outerAngle":75,"rotationMatrix":[0.98967284,-0.143344492,-1.71363354e-07,-1.56462193e-07,-1.1920929e-07,-1.00000024,0.143344492,0.989673138,-1.1920929e-07],"shadowDarkenColor":[0,0,0,0]}
{"name":"gasStationBulb_412","internalName":"gasBulb","class":"PointLight","__parent":"Trilobite_BelascoAuto","position":[-813.728394,852.033691,79.6637955],"isEnabled":false,"rotationMatrix":[0.940909803,-0.338657349,-1.13686838e-13,-0.338657349,-0.940910339,-9.86655596e-06,3.34138031e-06,9.28353893e-06,-1.00000048],"shadowDarkenColor":[0,0,0,0]}
{"name":"gasStationLight_711111","class":"SpotLight","__parent":"Trilobite_BelascoAuto","position":[-805.617737,860.003174,79.6637802],"innerAngle":20,"isEnabled":false,"outerAngle":75,"rotationMatrix":[0.98967284,-0.143344492,-1.71363354e-07,-1.56462193e-07,-1.1920929e-07,-1.00000024,0.143344492,0.989673138,-1.1920929e-07],"shadowDarkenColor":[0,0,0,0]}
{"name":"gasStationBulb_411111","internalName":"gasBulb","class":"PointLight","__parent":"Trilobite_BelascoAuto","position":[-805.676697,860.020264,79.6637955],"isEnabled":false,"rotationMatrix":[0.940909803,-0.338657349,-1.13686838e-13,-0.338657349,-0.940910339,-9.86655596e-06,3.34138031e-06,9.28353893e-06,-1.00000048],"shadowDarkenColor":[0,0,0,0]}
{"name":"gasStationLight_71121","class":"SpotLight","__parent":"Trilobite_BelascoAuto","position":[-805.617737,856.012024,79.6637802],"brightness":1.5,"castShadows":true,"innerAngle":0,"isEnabled":false,"outerAngle":160,"range":20,"rotationMatrix":[0.98967284,-0.143344492,-1.71363354e-07,-1.56462193e-07,-1.1920929e-07,-1.00000024,0.143344492,0.989673138,-1.1920929e-07],"shadowDarkenColor":[0,0,0,0],"shadowSoftness":1}
{"name":"gasStationBulb_41121","internalName":"gasBulb","class":"PointLight","__parent":"Trilobite_BelascoAuto","position":[-805.676697,856.029114,79.6637955],"isEnabled":false,"rotationMatrix":[0.940909803,-0.338657349,-1.13686838e-13,-0.338657349,-0.940910339,-9.86655596e-06,3.34138031e-06,9.28353893e-06,-1.00000048],"shadowDarkenColor":[0,0,0,0]}
{"name":"gasStationLight_7121","class":"SpotLight","__parent":"Trilobite_BelascoAuto","position":[-805.617737,852.016602,79.6637802],"innerAngle":20,"isEnabled":false,"outerAngle":75,"rotationMatrix":[0.98967284,-0.143344492,-1.71363354e-07,-1.56462193e-07,-1.1920929e-07,-1.00000024,0.143344492,0.989673138,-1.1920929e-07],"shadowDarkenColor":[0,0,0,0]}
{"name":"gasStationBulb_4121","internalName":"gasBulb","class":"PointLight","__parent":"Trilobite_BelascoAuto","position":[-805.676697,852.033691,79.6637955],"isEnabled":false,"rotationMatrix":[0.940909803,-0.338657349,-1.13686838e-13,-0.338657349,-0.940910339,-9.86655596e-06,3.34138031e-06,9.28353893e-06,-1.00000048],"shadowDarkenColor":[0,0,0,0]}
{"name":"gasStationLight_7111111","class":"SpotLight","__parent":"Trilobite_BelascoAuto","position":[-801.554199,860.003174,79.6637802],"innerAngle":20,"isEnabled":false,"outerAngle":75,"rotationMatrix":[0.98967284,-0.143344492,-1.71363354e-07,-1.56462193e-07,-1.1920929e-07,-1.00000024,0.143344492,0.989673138,-1.1920929e-07],"shadowDarkenColor":[0,0,0,0]}
{"name":"gasStationBulb_4111111","internalName":"gasBulb","class":"PointLight","__parent":"Trilobite_BelascoAuto","position":[-801.613159,860.020264,79.6637955],"isEnabled":false,"rotationMatrix":[0.940909803,-0.338657349,-1.13686838e-13,-0.338657349,-0.940910339,-9.86655596e-06,3.34138031e-06,9.28353893e-06,-1.00000048],"shadowDarkenColor":[0,0,0,0]}
{"name":"gasStationLight_711211","class":"SpotLight","__parent":"Trilobite_BelascoAuto","position":[-801.554199,856.012024,79.6637802],"innerAngle":20,"isEnabled":false,"outerAngle":75,"rotationMatrix":[0.98967284,-0.143344492,-1.71363354e-07,-1.56462193e-07,-1.1920929e-07,-1.00000024,0.143344492,0.989673138,-1.1920929e-07],"shadowDarkenColor":[0,0,0,0]}
{"name":"gasStationBulb_411211","internalName":"gasBulb","class":"PointLight","__parent":"Trilobite_BelascoAuto","position":[-801.613159,856.029114,79.6637955],"isEnabled":false,"rotationMatrix":[0.940909803,-0.338657349,-1.13686838e-13,-0.338657349,-0.940910339,-9.86655596e-06,3.34138031e-06,9.28353893e-06,-1.00000048],"shadowDarkenColor":[0,0,0,0]}
{"name":"gasStationLight_71211","class":"SpotLight","__parent":"Trilobite_BelascoAuto","position":[-801.554199,852.016602,79.6637802],"innerAngle":20,"isEnabled":false,"outerAngle":75,"rotationMatrix":[0.98967284,-0.143344492,-1.71363354e-07,-1.56462193e-07,-1.1920929e-07,-1.00000024,0.143344492,0.989673138,-1.1920929e-07],"shadowDarkenColor":[0,0,0,0]}
{"name":"gasStationBulb_41211","internalName":"gasBulb","class":"PointLight","__parent":"Trilobite_BelascoAuto","position":[-801.613159,852.033691,79.6637955],"isEnabled":false,"rotationMatrix":[0.940909803,-0.338657349,-1.13686838e-13,-0.338657349,-0.940910339,-9.86655596e-06,3.34138031e-06,9.28353893e-06,-1.00000048],"shadowDarkenColor":[0,0,0,0]}
{"name":"gasStationLight_712111","class":"SpotLight","__parent":"Trilobite_BelascoAuto","position":[-487.968445,137.892136,105.289055],"innerAngle":20,"isEnabled":false,"outerAngle":90,"range":15,"rotationMatrix":[0.98967284,-0.143344492,-1.71363354e-07,-1.56462193e-07,-1.1920929e-07,-1.00000024,0.143344492,0.989673138,-1.1920929e-07],"shadowDarkenColor":[0,0,0,0]}
{"name":"gasStationBulb_412111","internalName":"gasBulb","class":"PointLight","__parent":"Trilobite_BelascoAuto","position":[-488.027405,137.909225,105.28907],"isEnabled":false,"rotationMatrix":[0.940909803,-0.338657349,-1.13686838e-13,-0.338657349,-0.940910339,-9.86655596e-06,3.34138031e-06,9.28353893e-06,-1.00000048],"shadowDarkenColor":[0,0,0,0]}
{"name":"gasStationBulb_4121111","internalName":"gasBulb","class":"PointLight","__parent":"Trilobite_BelascoAuto","position":[-489.224304,134.035934,105.28907],"isEnabled":false,"rotationMatrix":[0.940909803,-0.338657349,-1.13686838e-13,-0.338657349,-0.940910339,-9.86655596e-06,3.34138031e-06,9.28353893e-06,-1.00000048],"shadowDarkenColor":[0,0,0,0]}
{"name":"gasStationLight_7121111","class":"SpotLight","__parent":"Trilobite_BelascoAuto","position":[-489.165344,134.018845,105.289055],"brightness":2,"castShadows":true,"innerAngle":0,"isEnabled":false,"outerAngle":160,"range":30,"rotationMatrix":[0.98967284,-0.143344492,-1.71363354e-07,-1.56462193e-07,-1.1920929e-07,-1.00000024,0.143344492,0.989673138,-1.1920929e-07],"shadowDarkenColor":[0,0,0,0],"shadowSoftness":1}
{"name":"gasStationBulb_41211111","internalName":"gasBulb","class":"PointLight","__parent":"Trilobite_BelascoAuto","position":[-490.486572,129.980087,105.28907],"isEnabled":false,"rotationMatrix":[0.940909803,-0.338657349,-1.13686838e-13,-0.338657349,-0.940910339,-9.86655596e-06,3.34138031e-06,9.28353893e-06,-1.00000048],"shadowDarkenColor":[0,0,0,0]}
{"name":"gasStationLight_71211111","class":"SpotLight","__parent":"Trilobite_BelascoAuto","position":[-490.427612,129.962997,105.289055],"innerAngle":20,"isEnabled":false,"outerAngle":90,"range":15,"rotationMatrix":[0.98967284,-0.143344492,-1.71363354e-07,-1.56462193e-07,-1.1920929e-07,-1.00000024,0.143344492,0.989673138,-1.1920929e-07],"shadowDarkenColor":[0,0,0,0]}
{"name":"gasStationLight_712111111","class":"SpotLight","__parent":"Trilobite_BelascoAuto","position":[-494.350647,131.041306,105.289055],"innerAngle":20,"isEnabled":false,"outerAngle":90,"range":15,"rotationMatrix":[0.98967284,-0.143344492,-1.71363354e-07,-1.56462193e-07,-1.1920929e-07,-1.00000024,0.143344492,0.989673138,-1.1920929e-07],"shadowDarkenColor":[0,0,0,0]}
{"name":"gasStationBulb_412111111","internalName":"gasBulb","class":"PointLight","__parent":"Trilobite_BelascoAuto","position":[-494.409607,131.058395,105.28907],"isEnabled":false,"rotationMatrix":[0.940909803,-0.338657349,-1.13686838e-13,-0.338657349,-0.940910339,-9.86655596e-06,3.34138031e-06,9.28353893e-06,-1.00000048],"shadowDarkenColor":[0,0,0,0]}
{"name":"gasStationLight_71211112","class":"SpotLight","__parent":"Trilobite_BelascoAuto","position":[-493.088379,135.097153,105.289055],"innerAngle":20,"isEnabled":false,"outerAngle":90,"range":15,"rotationMatrix":[0.98967284,-0.143344492,-1.71363354e-07,-1.56462193e-07,-1.1920929e-07,-1.00000024,0.143344492,0.989673138,-1.1920929e-07],"shadowDarkenColor":[0,0,0,0]}
{"name":"gasStationBulb_41211112","internalName":"gasBulb","class":"PointLight","__parent":"Trilobite_BelascoAuto","position":[-493.147339,135.114243,105.28907],"isEnabled":false,"rotationMatrix":[0.940909803,-0.338657349,-1.13686838e-13,-0.338657349,-0.940910339,-9.86655596e-06,3.34138031e-06,9.28353893e-06,-1.00000048],"shadowDarkenColor":[0,0,0,0]}
{"name":"gasStationBulb_4121112","internalName":"gasBulb","class":"PointLight","__parent":"Trilobite_BelascoAuto","position":[-491.950439,138.987534,105.28907],"isEnabled":false,"rotationMatrix":[0.940909803,-0.338657349,-1.13686838e-13,-0.338657349,-0.940910339,-9.86655596e-06,3.34138031e-06,9.28353893e-06,-1.00000048],"shadowDarkenColor":[0,0,0,0]}
{"name":"gasStationLight_7121112","class":"SpotLight","__parent":"Trilobite_BelascoAuto","position":[-491.891479,138.970444,105.289055],"innerAngle":20,"isEnabled":false,"outerAngle":90,"range":15,"rotationMatrix":[0.98967284,-0.143344492,-1.71363354e-07,-1.56462193e-07,-1.1920929e-07,-1.00000024,0.143344492,0.989673138,-1.1920929e-07],"shadowDarkenColor":[0,0,0,0]}
{"name":"gasStationLight_7121111111","class":"SpotLight","__parent":"Trilobite_BelascoAuto","position":[-486.572021,128.682251,105.289055],"innerAngle":20,"isEnabled":false,"outerAngle":90,"range":15,"rotationMatrix":[0.98967284,-0.143344492,-1.71363354e-07,-1.56462193e-07,-1.1920929e-07,-1.00000024,0.143344492,0.989673138,-1.1920929e-07],"shadowDarkenColor":[0,0,0,0]}
{"name":"gasStationBulb_4121111111","internalName":"gasBulb","class":"PointLight","__parent":"Trilobite_BelascoAuto","position":[-486.630981,128.699341,105.28907],"isEnabled":false,"rotationMatrix":[0.940909803,-0.338657349,-1.13686838e-13,-0.338657349,-0.940910339,-9.86655596e-06,3.34138031e-06,9.28353893e-06,-1.00000048],"shadowDarkenColor":[0,0,0,0]}
{"name":"gasStationLight_712111121","class":"SpotLight","__parent":"Trilobite_BelascoAuto","position":[-485.309753,132.738098,105.289055],"innerAngle":20,"isEnabled":false,"outerAngle":90,"range":15,"rotationMatrix":[0.98967284,-0.143344492,-1.71363354e-07,-1.56462193e-07,-1.1920929e-07,-1.00000024,0.143344492,0.989673138,-1.1920929e-07],"shadowDarkenColor":[0,0,0,0]}
{"name":"gasStationBulb_412111121","internalName":"gasBulb","class":"PointLight","__parent":"Trilobite_BelascoAuto","position":[-485.368713,132.755188,105.28907],"isEnabled":false,"rotationMatrix":[0.940909803,-0.338657349,-1.13686838e-13,-0.338657349,-0.940910339,-9.86655596e-06,3.34138031e-06,9.28353893e-06,-1.00000048],"shadowDarkenColor":[0,0,0,0]}
{"name":"gasStationBulb_41211121","internalName":"gasBulb","class":"PointLight","__parent":"Trilobite_BelascoAuto","position":[-484.171814,136.628479,105.28907],"isEnabled":false,"rotationMatrix":[0.940909803,-0.338657349,-1.13686838e-13,-0.338657349,-0.940910339,-9.86655596e-06,3.34138031e-06,9.28353893e-06,-1.00000048],"shadowDarkenColor":[0,0,0,0]}
{"name":"gasStationLight_71211121","class":"SpotLight","__parent":"Trilobite_BelascoAuto","position":[-484.112854,136.611389,105.289055],"innerAngle":20,"isEnabled":false,"outerAngle":90,"range":15,"rotationMatrix":[0.98967284,-0.143344492,-1.71363354e-07,-1.56462193e-07,-1.1920929e-07,-1.00000024,0.143344492,0.989673138,-1.1920929e-07],"shadowDarkenColor":[0,0,0,0]}
{"name":"gasStationLight_71211111111","class":"SpotLight","__parent":"Trilobite_BelascoAuto","position":[-482.6604,127.643875,105.289055],"innerAngle":20,"isEnabled":false,"outerAngle":90,"range":15,"rotationMatrix":[0.98967284,-0.143344492,-1.71363354e-07,-1.56462193e-07,-1.1920929e-07,-1.00000024,0.143344492,0.989673138,-1.1920929e-07],"shadowDarkenColor":[0,0,0,0]}
{"name":"gasStationBulb_41211111111","internalName":"gasBulb","class":"PointLight","__parent":"Trilobite_BelascoAuto","position":[-482.71936,127.660965,105.28907],"isEnabled":false,"rotationMatrix":[0.940909803,-0.338657349,-1.13686838e-13,-0.338657349,-0.940910339,-9.86655596e-06,3.34138031e-06,9.28353893e-06,-1.00000048],"shadowDarkenColor":[0,0,0,0]}
{"name":"gasStationLight_7121111211","class":"SpotLight","__parent":"Trilobite_BelascoAuto","position":[-481.398132,131.699722,105.289055],"innerAngle":20,"isEnabled":false,"outerAngle":90,"range":15,"rotationMatrix":[0.98967284,-0.143344492,-1.71363354e-07,-1.56462193e-07,-1.1920929e-07,-1.00000024,0.143344492,0.989673138,-1.1920929e-07],"shadowDarkenColor":[0,0,0,0]}
{"name":"gasStationBulb_4121111211","internalName":"gasBulb","class":"PointLight","__parent":"Trilobite_BelascoAuto","position":[-481.457092,131.716812,105.28907],"isEnabled":false,"rotationMatrix":[0.940909803,-0.338657349,-1.13686838e-13,-0.338657349,-0.940910339,-9.86655596e-06,3.34138031e-06,9.28353893e-06,-1.00000048],"shadowDarkenColor":[0,0,0,0]}
{"name":"gasStationBulb_412111211","internalName":"gasBulb","class":"PointLight","__parent":"Trilobite_BelascoAuto","position":[-480.260193,135.590103,105.28907],"isEnabled":false,"rotationMatrix":[0.940909803,-0.338657349,-1.13686838e-13,-0.338657349,-0.940910339,-9.86655596e-06,3.34138031e-06,9.28353893e-06,-1.00000048],"shadowDarkenColor":[0,0,0,0]}
{"name":"gasStationLight_712111211","class":"SpotLight","__parent":"Trilobite_BelascoAuto","position":[-480.201233,135.573013,105.289055],"innerAngle":20,"isEnabled":false,"outerAngle":90,"range":15,"rotationMatrix":[0.98967284,-0.143344492,-1.71363354e-07,-1.56462193e-07,-1.1920929e-07,-1.00000024,0.143344492,0.989673138,-1.1920929e-07],"shadowDarkenColor":[0,0,0,0]}
{"name":"gasStationLight_71112","class":"SpotLight","__parent":"Trilobite_BelascoAuto","position":[144.839111,1764.00671,106.883507],"innerAngle":20,"isEnabled":false,"outerAngle":75,"rotationMatrix":[0.98967284,-0.143344492,-1.71363354e-07,-1.56462193e-07,-1.1920929e-07,-1.00000024,0.143344492,0.989673138,-1.1920929e-07],"shadowDarkenColor":[0,0,0,0]}
{"name":"gasStationBulb_41112","internalName":"gasBulb","class":"PointLight","__parent":"Trilobite_BelascoAuto","position":[144.780151,1764.0238,106.883522],"isEnabled":false,"rotationMatrix":[0.940909803,-0.338657349,-1.13686838e-13,-0.338657349,-0.940910339,-9.86655596e-06,3.34138031e-06,9.28353893e-06,-1.00000048],"shadowDarkenColor":[0,0,0,0]}
{"name":"gasStationLight_711121","class":"SpotLight","__parent":"Trilobite_BelascoAuto","position":[148.724014,1765.14001,106.883507],"innerAngle":20,"isEnabled":false,"outerAngle":75,"rotationMatrix":[0.98967284,-0.143344492,-1.71363354e-07,-1.56462193e-07,-1.1920929e-07,-1.00000024,0.143344492,0.989673138,-1.1920929e-07],"shadowDarkenColor":[0,0,0,0]}
{"name":"gasStationBulb_411121","internalName":"gasBulb","class":"PointLight","__parent":"Trilobite_BelascoAuto","position":[148.665054,1765.1571,106.883522],"isEnabled":false,"rotationMatrix":[0.940909803,-0.338657349,-1.13686838e-13,-0.338657349,-0.940910339,-9.86655596e-06,3.34138031e-06,9.28353893e-06,-1.00000048],"shadowDarkenColor":[0,0,0,0]}
{"name":"gasStationLight_7111211","class":"SpotLight","__parent":"Trilobite_BelascoAuto","position":[152.751648,1766.32764,106.883507],"innerAngle":20,"isEnabled":false,"outerAngle":75,"rotationMatrix":[0.98967284,-0.143344492,-1.71363354e-07,-1.56462193e-07,-1.1920929e-07,-1.00000024,0.143344492,0.989673138,-1.1920929e-07],"shadowDarkenColor":[0,0,0,0]}
{"name":"gasStationBulb_4111211","internalName":"gasBulb","class":"PointLight","__parent":"Trilobite_BelascoAuto","position":[152.692688,1766.34473,106.883522],"isEnabled":false,"rotationMatrix":[0.940909803,-0.338657349,-1.13686838e-13,-0.338657349,-0.940910339,-9.86655596e-06,3.34138031e-06,9.28353893e-06,-1.00000048],"shadowDarkenColor":[0,0,0,0]}
{"name":"gasStationLight_71112111","class":"SpotLight","__parent":"Trilobite_BelascoAuto","position":[153.878784,1762.48621,106.883507],"innerAngle":20,"isEnabled":false,"outerAngle":75,"rotationMatrix":[0.98967284,-0.143344492,-1.71363354e-07,-1.56462193e-07,-1.1920929e-07,-1.00000024,0.143344492,0.989673138,-1.1920929e-07],"shadowDarkenColor":[0,0,0,0]}
{"name":"gasStationBulb_41112111","internalName":"gasBulb","class":"PointLight","__parent":"Trilobite_BelascoAuto","position":[153.819824,1762.5033,106.883522],"isEnabled":false,"rotationMatrix":[0.940909803,-0.338657349,-1.13686838e-13,-0.338657349,-0.940910339,-9.86655596e-06,3.34138031e-06,9.28353893e-06,-1.00000048],"shadowDarkenColor":[0,0,0,0]}
{"name":"gasStationBulb_4111212","internalName":"gasBulb","class":"PointLight","__parent":"Trilobite_BelascoAuto","position":[149.792191,1761.31567,106.883522],"isEnabled":false,"rotationMatrix":[0.940909803,-0.338657349,-1.13686838e-13,-0.338657349,-0.940910339,-9.86655596e-06,3.34138031e-06,9.28353893e-06,-1.00000048],"shadowDarkenColor":[0,0,0,0]}
{"name":"gasStationLight_7111212","class":"SpotLight","__parent":"Trilobite_BelascoAuto","position":[149.851151,1761.29858,106.883507],"innerAngle":20,"isEnabled":false,"outerAngle":75,"rotationMatrix":[0.98967284,-0.143344492,-1.71363354e-07,-1.56462193e-07,-1.1920929e-07,-1.00000024,0.143344492,0.989673138,-1.1920929e-07],"shadowDarkenColor":[0,0,0,0]}
{"name":"gasStationBulb_411122","internalName":"gasBulb","class":"PointLight","__parent":"Trilobite_BelascoAuto","position":[145.907288,1760.18237,106.883522],"isEnabled":false,"rotationMatrix":[0.940909803,-0.338657349,-1.13686838e-13,-0.338657349,-0.940910339,-9.86655596e-06,3.34138031e-06,9.28353893e-06,-1.00000048],"shadowDarkenColor":[0,0,0,0]}
{"name":"gasStationLight_711122","class":"SpotLight","__parent":"Trilobite_BelascoAuto","position":[145.966248,1760.16528,106.883507],"innerAngle":20,"isEnabled":false,"outerAngle":75,"rotationMatrix":[0.98967284,-0.143344492,-1.71363354e-07,-1.56462193e-07,-1.1920929e-07,-1.00000024,0.143344492,0.989673138,-1.1920929e-07],"shadowDarkenColor":[0,0,0,0]}
{"name":"gasStationLight_711121111","class":"SpotLight","__parent":"Trilobite_BelascoAuto","position":[154.959854,1758.71899,106.883507],"innerAngle":20,"isEnabled":false,"outerAngle":75,"rotationMatrix":[0.98967284,-0.143344492,-1.71363354e-07,-1.56462193e-07,-1.1920929e-07,-1.00000024,0.143344492,0.989673138,-1.1920929e-07],"shadowDarkenColor":[0,0,0,0]}
{"name":"gasStationBulb_411121111","internalName":"gasBulb","class":"PointLight","__parent":"Trilobite_BelascoAuto","position":[154.900894,1758.73608,106.883522],"isEnabled":false,"rotationMatrix":[0.940909803,-0.338657349,-1.13686838e-13,-0.338657349,-0.940910339,-9.86655596e-06,3.34138031e-06,9.28353893e-06,-1.00000048],"shadowDarkenColor":[0,0,0,0]}
{"name":"gasStationBulb_41112121","internalName":"gasBulb","class":"PointLight","__parent":"Trilobite_BelascoAuto","position":[150.87326,1757.54846,106.883522],"isEnabled":false,"rotationMatrix":[0.940909803,-0.338657349,-1.13686838e-13,-0.338657349,-0.940910339,-9.86655596e-06,3.34138031e-06,9.28353893e-06,-1.00000048],"shadowDarkenColor":[0,0,0,0]}
