{"name":"dockBulb_17","class":"PointLight","__parent":"dockSpotLights_3","position":[606.267395,1717.45569,104.825081],"brightness":20,"isEnabled":false,"radius":0.5,"rotationMatrix":[0.999974072,-0.00718795089,-2.32830616e-10,-0.00696086278,-0.968382001,-0.249374017,0.00179248815,0.24936758,-0.968407035],"shadowDarkenColor":[0,0,0,0]}
{"name":"dockBulb_18","class":"PointLight","__parent":"dockSpotLights_3","position":[606.307556,1719.36206,104.825081],"brightness":20,"isEnabled":false,"radius":0.5,"rotationMatrix":[0.999974072,-0.00718795089,-2.32830616e-10,-0.00696086278,-0.968382001,-0.249374017,0.00179248815,0.24936758,-0.968407035],"shadowDarkenColor":[0,0,0,0]}
{"name":"dockBulb_19","class":"PointLight","__parent":"dockSpotLights_3","position":[606.647766,1718.3656,104.825081],"brightness":20,"isEnabled":false,"radius":0.5,"rotationMatrix":[0.999974072,-0.00718795089,-2.32830616e-10,-0.00696086278,-0.968382001,-0.249374017,0.00179248815,0.24936758,-0.968407035],"shadowDarkenColor":[0,0,0,0]}
{"name":"dockBulb_20","class":"PointLight","__parent":"dockSpotLights_3","position":[605.398682,1717.09155,104.825081],"brightness":20,"isEnabled":false,"radius":0.5,"rotationMatrix":[0.999974072,-0.00718795089,-2.32830616e-10,-0.00696086278,-0.968382001,-0.249374017,0.00179248815,0.24936758,-0.968407035],"shadowDarkenColor":[0,0,0,0]}
{"name":"dockBulb_21","class":"PointLight","__parent":"dockSpotLights_3","position":[604.556519,1717.52478,104.825081],"brightness":20,"isEnabled":false,"radius":0.5,"rotationMatrix":[0.999974072,-0.00718795089,-2.32830616e-10,-0.00696086278,-0.968382001,-0.249374017,0.00179248815,0.24936758,-0.968407035],"shadowDarkenColor":[0,0,0,0]}
{"name":"dockBulb_22","class":"PointLight","__parent":"dockSpotLights_3","position":[604.015381,1718.36011,104.825081],"brightness":20,"isEnabled":false,"radius":0.5,"rotationMatrix":[0.999974072,-0.00718795089,-2.32830616e-10,-0.00696086278,-0.968382001,-0.249374017,0.00179248815,0.24936758,-0.968407035],"shadowDarkenColor":[0,0,0,0]}
{"name":"dockBulb_23","class":"PointLight","__parent":"dockSpotLights_3","position":[604.427063,1719.29443,104.825081],"brightness":20,"isEnabled":false,"radius":0.5,"rotationMatrix":[0.999974072,-0.00718795089,-2.32830616e-10,-0.00696086278,-0.968382001,-0.249374017,0.00179248815,0.24936758,-0.968407035],"shadowDarkenColor":[0,0,0,0]}
{"name":"dockLight_17","class":"SpotLight","__parent":"dockSpotLights_3","position":[606.189331,1719.20361,105.100296],"innerAngle":0,"isEnabled":false,"outerAngle":35,"range":50,"rotationMatrix":[0.596942544,-0.802284062,1.49011612e-07,0.213570654,0.15890789,-0.963916957,0.773335099,0.575403035,0.266203165],"shadowDarkenColor":[0,0,0,0]}
{"name":"dockLight_18","class":"SpotLight","__parent":"dockSpotLights_3","position":[604.53772,1717.54736,105.100296],"innerAngle":0,"isEnabled":false,"outerAngle":35,"range":50,"rotationMatrix":[-0.621867895,0.783122301,0,-0.208469301,-0.165543079,-0.963917136,-0.754864991,-0.599429011,0.266202688],"shadowDarkenColor":[0,0,0,0]}
{"name":"dockLight_19","class":"SpotLight","__parent":"dockSpotLights_3","position":[606.248169,1717.56934,105.100296],"innerAngle":0,"isEnabled":false,"outerAngle":35,"range":50,"rotationMatrix":[-0.189777374,-0.966059208,0.175255567,0.16663149,-0.207600832,-0.963917077,0.967584014,-0.153726399,0.20037365],"shadowDarkenColor":[0,0,0,0]}
{"name":"dockLight_20","class":"SpotLight","__parent":"dockSpotLights_3","position":[605.362,1717.34827,105.100296],"innerAngle":0,"isEnabled":false,"outerAngle":35,"range":50,"rotationMatrix":[-0.999106169,0.0422672108,-1.86264515e-09,-0.0112516442,-0.265964627,-0.963917017,-0.0407420844,-0.963055611,0.266202748],"shadowDarkenColor":[0,0,0,0]}
{"name":"dockLight_21","class":"SpotLight","__parent":"dockSpotLights_3","position":[606.536194,1718.39819,105.100296],"innerAngle":0,"isEnabled":false,"outerAngle":35,"range":50,"rotationMatrix":[-0.0589222908,-0.998262644,2.38418579e-07,0.265740424,-0.0156855583,-0.963917017,0.962242305,-0.0567961633,0.266202927],"shadowDarkenColor":[0,0,0,0]}
{"name":"dockLight_22","class":"SpotLight","__parent":"dockSpotLights_3","position":[604.503235,1719.21021,105.100296],"innerAngle":0,"isEnabled":false,"outerAngle":35,"range":50,"rotationMatrix":[0.155766487,0.97212249,0.175255358,-0.17381233,0.201626718,-0.963916898,-0.972381532,0.119684249,0.20037365],"shadowDarkenColor":[0,0,0,0]}
{"name":"dockLight_23","class":"SpotLight","__parent":"dockSpotLights_3","position":[604.244446,1718.3717,105.100296],"innerAngle":0,"isEnabled":false,"outerAngle":35,"range":50,"rotationMatrix":[0.0238621235,0.99971509,0,-0.266126782,0.00635230541,-0.963916898,-0.963642418,0.0230009258,0.266202807],"shadowDarkenColor":[0,0,0,0]}
{"name":"dockLight_24","class":"SpotLight","__parent":"dockSpotLights_3","position":[605.381104,1719.46216,105.100296],"innerAngle":0,"isEnabled":false,"outerAngle":35,"range":50,"rotationMatrix":[0.999974191,-0.00718795229,-6.98491931e-10,0.00191345252,0.266195893,-0.963917136,0.00692859013,0.963892221,0.266202748],"shadowDarkenColor":[0,0,0,0]}
{"name":"dockBulb_24","class":"PointLight","__parent":"dockSpotLights_3","position":[605.352356,1719.71838,104.825081],"brightness":20,"isEnabled":false,"radius":0.5,"rotationMatrix":[0.999974072,-0.00718795089,-2.32830616e-10,-0.00696086278,-0.968382001,-0.249374017,0.00179248815,0.24936758,-0.968407035],"shadowDarkenColor":[0,0,0,0]}
{"name":"dockBulb_181","class":"PointLight","__parent":"dockSpotLights_3","position":[553.183105,1722.97937,104.825081],"brightness":20,"isEnabled":false,"radius":0.5,"rotationMatrix":[0.999974072,-0.00718795089,-2.32830616e-10,-0.00696086278,-0.968382001,-0.249374017,0.00179248815,0.24936758,-0.968407035],"shadowDarkenColor":[0,0,0,0]}
{"name":"dockBulb_241","class":"PointLight","__parent":"dockSpotLights_3","position":[552.227905,1723.33569,104.825081],"brightness":20,"isEnabled":false,"radius":0.5,"rotationMatrix":[0.999974072,-0.00718795089,-2.32830616e-10,-0.00696086278,-0.968382001,-0.249374017,0.00179248815,0.24936758,-0.968407035],"shadowDarkenColor":[0,0,0,0]}
{"name":"dockBulb_231","class":"PointLight","__parent":"dockSpotLights_3","position":[551.302612,1722.91174,104.825081],"brightness":20,"isEnabled":false,"radius":0.5,"rotationMatrix":[0.999974072,-0.00718795089,-2.32830616e-10,-0.00696086278,-0.968382001,-0.249374017,0.00179248815,0.24936758,-0.968407035],"shadowDarkenColor":[0,0,0,0]}
{"name":"dockBulb_221","class":"PointLight","__parent":"dockSpotLights_3","position":[550.89093,1721.97742,104.825081],"brightness":20,"isEnabled":false,"radius":0.5,"rotationMatrix":[0.999974072,-0.00718795089,-2.32830616e-10,-0.00696086278,-0.968382001,-0.249374017,0.00179248815,0.24936758,-0.968407035],"shadowDarkenColor":[0,0,0,0]}
{"name":"dockBulb_211","class":"PointLight","__parent":"dockSpotLights_3","position":[551.432068,1721.14209,104.825081],"brightness":20,"isEnabled":false,"radius":0.5,"rotationMatrix":[0.999974072,-0.00718795089,-2.32830616e-10,-0.00696086278,-0.968382001,-0.249374017,0.00179248815,0.24936758,-0.968407035],"shadowDarkenColor":[0,0,0,0]}
{"name":"dockBulb_201","class":"PointLight","__parent":"dockSpotLights_3","position":[552.274231,1720.70886,104.825081],"brightness":20,"isEnabled":false,"radius":0.5,"rotationMatrix":[0.999974072,-0.00718795089,-2.32830616e-10,-0.00696086278,-0.968382001,-0.249374017,0.00179248815,0.24936758,-0.968407035],"shadowDarkenColor":[0,0,0,0]}
{"name":"dockBulb_171","class":"PointLight","__parent":"dockSpotLights_3","position":[553.142944,1721.073,104.825081],"brightness":20,"isEnabled":false,"radius":0.5,"rotationMatrix":[0.999974072,-0.00718795089,-2.32830616e-10,-0.00696086278,-0.968382001,-0.249374017,0.00179248815,0.24936758,-0.968407035],"shadowDarkenColor":[0,0,0,0]}
{"name":"dockBulb_191","class":"PointLight","__parent":"dockSpotLights_3","position":[553.523315,1721.98291,104.825081],"brightness":20,"isEnabled":false,"radius":0.5,"rotationMatrix":[0.999974072,-0.00718795089,-2.32830616e-10,-0.00696086278,-0.968382001,-0.249374017,0.00179248815,0.24936758,-0.968407035],"shadowDarkenColor":[0,0,0,0]}
{"name":"dockLight_211","class":"SpotLight","__parent":"dockSpotLights_3","position":[553.411743,1722.0155,105.100296],"innerAngle":0,"isEnabled":false,"outerAngle":35,"range":50,"rotationMatrix":[-0.0589222908,-0.998262644,2.38418579e-07,0.265740424,-0.0156855583,-0.963917017,0.962242305,-0.0567961633,0.266202927],"shadowDarkenColor":[0,0,0,0]}
{"name":"dockLight_171","class":"SpotLight","__parent":"dockSpotLights_3","position":[553.06488,1722.82092,105.100296],"innerAngle":0,"isEnabled":false,"outerAngle":35,"range":50,"rotationMatrix":[0.596942544,-0.802284062,1.49011612e-07,0.213570654,0.15890789,-0.963916957,0.773335099,0.575403035,0.266203165],"shadowDarkenColor":[0,0,0,0]}
{"name":"dockLight_241","class":"SpotLight","__parent":"dockSpotLights_3","position":[552.256653,1723.07947,105.100296],"innerAngle":0,"isEnabled":false,"outerAngle":35,"range":50,"rotationMatrix":[0.999974191,-0.00718795229,-6.98491931e-10,0.00191345252,0.266195893,-0.963917136,0.00692859013,0.963892221,0.266202748],"shadowDarkenColor":[0,0,0,0]}
{"name":"dockLight_221","class":"SpotLight","__parent":"dockSpotLights_3","position":[551.378784,1722.82751,105.100296],"innerAngle":0,"isEnabled":false,"outerAngle":35,"range":50,"rotationMatrix":[0.155766487,0.97212249,0.175255358,-0.17381233,0.201626718,-0.963916898,-0.972381532,0.119684249,0.20037365],"shadowDarkenColor":[0,0,0,0]}
{"name":"dockLight_231","class":"SpotLight","__parent":"dockSpotLights_3","position":[551.119995,1721.98901,105.100296],"innerAngle":0,"isEnabled":false,"outerAngle":35,"range":50,"rotationMatrix":[0.0238621235,0.99971509,0,-0.266126782,0.00635230541,-0.963916898,-0.963642418,0.0230009258,0.266202807],"shadowDarkenColor":[0,0,0,0]}
{"name":"dockLight_181","class":"SpotLight","__parent":"dockSpotLights_3","position":[551.413269,1721.16467,105.100296],"innerAngle":0,"isEnabled":false,"outerAngle":35,"range":50,"rotationMatrix":[-0.621867895,0.783122301,0,-0.208469301,-0.165543079,-0.963917136,-0.754864991,-0.599429011,0.266202688],"shadowDarkenColor":[0,0,0,0]}
{"name":"dockLight_201","class":"SpotLight","__parent":"dockSpotLights_3","position":[552.237549,1720.96558,105.100296],"innerAngle":0,"isEnabled":false,"outerAngle":35,"range":50,"rotationMatrix":[-0.999106169,0.0422672108,-1.86264515e-09,-0.0112516442,-0.265964627,-0.963917017,-0.0407420844,-0.963055611,0.266202748],"shadowDarkenColor":[0,0,0,0]}
{"name":"dockLight_191","class":"SpotLight","__parent":"dockSpotLights_3","position":[553.123718,1721.18665,105.100296],"innerAngle":0,"isEnabled":false,"outerAngle":35,"range":50,"rotationMatrix":[-0.189777374,-0.966059208,0.175255567,0.16663149,-0.207600832,-0.963917077,0.967584014,-0.153726399,0.20037365],"shadowDarkenColor":[0,0,0,0]}
{"name":"dockBulb_1811","class":"PointLight","__parent":"dockSpotLights_3","position":[500.782135,1722.91052,104.825081],"brightness":20,"isEnabled":false,"radius":0.5,"rotationMatrix":[0.999974072,-0.00718795089,-2.32830616e-10,-0.00696086278,-0.968382001,-0.249374017,0.00179248815,0.24936758,-0.968407035],"shadowDarkenColor":[0,0,0,0]}
{"name":"dockBulb_2411","class":"PointLight","__parent":"dockSpotLights_3","position":[499.826935,1723.26685,104.825081],"brightness":20,"isEnabled":false,"radius":0.5,"rotationMatrix":[0.999974072,-0.00718795089,-2.32830616e-10,-0.00696086278,-0.968382001,-0.249374017,0.00179248815,0.24936758,-0.968407035],"shadowDarkenColor":[0,0,0,0]}
{"name":"dockBulb_2311","class":"PointLight","__parent":"dockSpotLights_3","position":[498.901642,1722.8429,104.825081],"brightness":20,"isEnabled":false,"radius":0.5,"rotationMatrix":[0.999974072,-0.00718795089,-2.32830616e-10,-0.00696086278,-0.968382001,-0.249374017,0.00179248815,0.24936758,-0.968407035],"shadowDarkenColor":[0,0,0,0]}
{"name":"dockBulb_2211","class":"PointLight","__parent":"dockSpotLights_3","position":[498.48996,1721.90857,104.825081],"brightness":20,"isEnabled":false,"radius":0.5,"rotationMatrix":[0.999974072,-0.00718795089,-2.32830616e-10,-0.00696086278,-0.968382001,-0.249374017,0.00179248815,0.24936758,-0.968407035],"shadowDarkenColor":[0,0,0,0]}
{"name":"dockBulb_2111","class":"PointLight","__parent":"dockSpotLights_3","position":[499.031097,1721.07324,104.825081],"brightness":20,"isEnabled":false,"radius":0.5,"rotationMatrix":[0.999974072,-0.00718795089,-2.32830616e-10,-0.00696086278,-0.968382001,-0.249374017,0.00179248815,0.24936758,-0.968407035],"shadowDarkenColor":[0,0,0,0]}
{"name":"dockBulb_2011","class":"PointLight","__parent":"dockSpotLights_3","position":[499.87326,1720.64001,104.825081],"brightness":20,"isEnabled":false,"radius":0.5,"rotationMatrix":[0.999974072,-0.00718795089,-2.32830616e-10,-0.00696086278,-0.968382001,-0.249374017,0.00179248815,0.24936758,-0.968407035],"shadowDarkenColor":[0,0,0,0]}
{"name":"dockBulb_1711","class":"PointLight","__parent":"dockSpotLights_3","position":[500.741974,1721.00415,104.825081],"brightness":20,"isEnabled":false,"radius":0.5,"rotationMatrix":[0.999974072,-0.00718795089,-2.32830616e-10,-0.00696086278,-0.968382001,-0.249374017,0.00179248815,0.24936758,-0.968407035],"shadowDarkenColor":[0,0,0,0]}
{"name":"dockBulb_1911","class":"PointLight","__parent":"dockSpotLights_3","position":[501.122345,1721.91406,104.825081],"brightness":20,"isEnabled":false,"radius":0.5,"rotationMatrix":[0.999974072,-0.00718795089,-2.32830616e-10,-0.00696086278,-0.968382001,-0.249374017,0.00179248815,0.24936758,-0.968407035],"shadowDarkenColor":[0,0,0,0]}
{"name":"dockLight_2111","class":"SpotLight","__parent":"dockSpotLights_3","position":[501.010773,1721.94666,105.100296],"innerAngle":0,"isEnabled":false,"outerAngle":35,"range":50,"rotationMatrix":[-0.0589222908,-0.998262644,2.38418579e-07,0.265740424,-0.0156855583,-0.963917017,0.962242305,-0.0567961633,0.266202927],"shadowDarkenColor":[0,0,0,0]}
{"name":"dockLight_1711","class":"SpotLight","__parent":"dockSpotLights_3","position":[500.66391,1722.75208,105.100296],"innerAngle":0,"isEnabled":false,"outerAngle":35,"range":50,"rotationMatrix":[0.596942544,-0.802284062,1.49011612e-07,0.213570654,0.15890789,-0.963916957,0.773335099,0.575403035,0.266203165],"shadowDarkenColor":[0,0,0,0]}
{"name":"dockLight_2411","class":"SpotLight","__parent":"dockSpotLights_3","position":[499.855682,1723.01062,105.100296],"innerAngle":0,"isEnabled":false,"outerAngle":35,"range":50,"rotationMatrix":[0.999974191,-0.00718795229,-6.98491931e-10,0.00191345252,0.266195893,-0.963917136,0.00692859013,0.963892221,0.266202748],"shadowDarkenColor":[0,0,0,0]}
{"name":"dockLight_2211","class":"SpotLight","__parent":"dockSpotLights_3","position":[498.977814,1722.75867,105.100296],"innerAngle":0,"isEnabled":false,"outerAngle":35,"range":50,"rotationMatrix":[0.155766487,0.97212249,0.175255358,-0.17381233,0.201626718,-0.963916898,-0.972381532,0.119684249,0.20037365],"shadowDarkenColor":[0,0,0,0]}
{"name":"dockLight_2311","class":"SpotLight","__parent":"dockSpotLights_3","position":[498.719025,1721.92017,105.100296],"innerAngle":0,"isEnabled":false,"outerAngle":35,"range":50,"rotationMatrix":[0.0238621235,0.99971509,0,-0.266126782,0.00635230541,-0.963916898,-0.963642418,0.0230009258,0.266202807],"shadowDarkenColor":[0,0,0,0]}
{"name":"dockLight_1811","class":"SpotLight","__parent":"dockSpotLights_3","position":[499.012299,1721.09583,105.100296],"innerAngle":0,"isEnabled":false,"outerAngle":35,"range":50,"rotationMatrix":[-0.621867895,0.783122301,0,-0.208469301,-0.165543079,-0.963917136,-0.754864991,-0.599429011,0.266202688],"shadowDarkenColor":[0,0,0,0]}
{"name":"dockLight_2011","class":"SpotLight","__parent":"dockSpotLights_3","position":[499.836578,1720.89673,105.100296],"innerAngle":0,"isEnabled":false,"outerAngle":35,"range":50,"rotationMatrix":[-0.999106169,0.0422672108,-1.86264515e-09,-0.0112516442,-0.265964627,-0.963917017,-0.0407420844,-0.963055611,0.266202748],"shadowDarkenColor":[0,0,0,0]}
{"name":"dockLight_1911","class":"SpotLight","__parent":"dockSpotLights_3","position":[500.722748,1721.1178,105.100296],"innerAngle":0,"isEnabled":false,"outerAngle":35,"range":50,"rotationMatrix":[-0.189777374,-0.966059208,0.175255567,0.16663149,-0.207600832,-0.963917077,0.967584014,-0.153726399,0.20037365],"shadowDarkenColor":[0,0,0,0]}
{"name":"dockBulb_18111","class":"PointLight","__parent":"dockSpotLights_3","position":[501.60553,1682.82483,104.825081],"brightness":20,"isEnabled":false,"radius":0.5,"rotationMatrix":[0.999974072,-0.00718795089,-2.32830616e-10,-0.00696086278,-0.968382001,-0.249374017,0.00179248815,0.24936758,-0.968407035],"shadowDarkenColor":[0,0,0,0]}
{"name":"dockBulb_24111","class":"PointLight","__parent":"dockSpotLights_3","position":[500.65033,1683.18115,104.825081],"brightness":20,"isEnabled":false,"radius":0.5,"rotationMatrix":[0.999974072,-0.00718795089,-2.32830616e-10,-0.00696086278,-0.968382001,-0.249374017,0.00179248815,0.24936758,-0.968407035],"shadowDarkenColor":[0,0,0,0]}
{"name":"dockBulb_23111","class":"PointLight","__parent":"dockSpotLights_3","position":[499.725037,1682.7572,104.825081],"brightness":20,"isEnabled":false,"radius":0.5,"rotationMatrix":[0.999974072,-0.00718795089,-2.32830616e-10,-0.00696086278,-0.968382001,-0.249374017,0.00179248815,0.24936758,-0.968407035],"shadowDarkenColor":[0,0,0,0]}
{"name":"dockBulb_22111","class":"PointLight","__parent":"dockSpotLights_3","position":[499.313354,1681.82288,104.825081],"brightness":20,"isEnabled":false,"radius":0.5,"rotationMatrix":[0.999974072,-0.00718795089,-2.32830616e-10,-0.00696086278,-0.968382001,-0.249374017,0.00179248815,0.24936758,-0.968407035],"shadowDarkenColor":[0,0,0,0]}
{"name":"dockBulb_21111","class":"PointLight","__parent":"dockSpotLights_3","position":[499.854492,1680.98755,104.825081],"brightness":20,"isEnabled":false,"radius":0.5,"rotationMatrix":[0.999974072,-0.00718795089,-2.32830616e-10,-0.00696086278,-0.968382001,-0.249374017,0.00179248815,0.24936758,-0.968407035],"shadowDarkenColor":[0,0,0,0]}
{"name":"dockBulb_20111","class":"PointLight","__parent":"dockSpotLights_3","position":[500.696655,1680.55432,104.825081],"brightness":20,"isEnabled":false,"radius":0.5,"rotationMatrix":[0.999974072,-0.00718795089,-2.32830616e-10,-0.00696086278,-0.968382001,-0.249374017,0.00179248815,0.24936758,-0.968407035],"shadowDarkenColor":[0,0,0,0]}
{"name":"dockBulb_17111","class":"PointLight","__parent":"dockSpotLights_3","position":[501.565369,1680.91846,104.825081],"brightness":20,"isEnabled":false,"radius":0.5,"rotationMatrix":[0.999974072,-0.00718795089,-2.32830616e-10,-0.00696086278,-0.968382001,-0.249374017,0.00179248815,0.24936758,-0.968407035],"shadowDarkenColor":[0,0,0,0]}
{"name":"dockBulb_19111","class":"PointLight","__parent":"dockSpotLights_3","position":[501.94574,1681.82837,104.825081],"brightness":20,"isEnabled":false,"radius":0.5,"rotationMatrix":[0.999974072,-0.00718795089,-2.32830616e-10,-0.00696086278,-0.968382001,-0.249374017,0.00179248815,0.24936758,-0.968407035],"shadowDarkenColor":[0,0,0,0]}
{"name":"dockLight_21111","class":"SpotLight","__parent":"dockSpotLights_3","position":[501.834167,1681.86096,105.100296],"innerAngle":0,"isEnabled":false,"outerAngle":35,"range":50,"rotationMatrix":[-0.0589222908,-0.998262644,2.38418579e-07,0.265740424,-0.0156855583,-0.963917017,0.962242305,-0.0567961633,0.266202927],"shadowDarkenColor":[0,0,0,0]}
{"name":"dockLight_17111","class":"SpotLight","__parent":"dockSpotLights_3","position":[501.487305,1682.66638,105.100296],"innerAngle":0,"isEnabled":false,"outerAngle":35,"range":50,"rotationMatrix":[0.596942544,-0.802284062,1.49011612e-07,0.213570654,0.15890789,-0.963916957,0.773335099,0.575403035,0.266203165],"shadowDarkenColor":[0,0,0,0]}
{"name":"dockLight_24111","class":"SpotLight","__parent":"dockSpotLights_3","position":[500.679077,1682.92493,105.100296],"innerAngle":0,"isEnabled":false,"outerAngle":35,"range":50,"rotationMatrix":[0.999974191,-0.00718795229,-6.98491931e-10,0.00191345252,0.266195893,-0.963917136,0.00692859013,0.963892221,0.266202748],"shadowDarkenColor":[0,0,0,0]}
{"name":"dockLight_22111","class":"SpotLight","__parent":"dockSpotLights_3","position":[499.801208,1682.67297,105.100296],"innerAngle":0,"isEnabled":false,"outerAngle":35,"range":50,"rotationMatrix":[0.155766487,0.97212249,0.175255358,-0.17381233,0.201626718,-0.963916898,-0.972381532,0.119684249,0.20037365],"shadowDarkenColor":[0,0,0,0]}
{"name":"dockLight_23111","class":"SpotLight","__parent":"dockSpotLights_3","position":[499.542419,1681.83447,105.100296],"innerAngle":0,"isEnabled":false,"outerAngle":35,"range":50,"rotationMatrix":[0.0238621235,0.99971509,0,-0.266126782,0.00635230541,-0.963916898,-0.963642418,0.0230009258,0.266202807],"shadowDarkenColor":[0,0,0,0]}
{"name":"dockLight_18111","class":"SpotLight","__parent":"dockSpotLights_3","position":[499.835693,1681.01013,105.100296],"innerAngle":0,"isEnabled":false,"outerAngle":35,"range":50,"rotationMatrix":[-0.621867895,0.783122301,0,-0.208469301,-0.165543079,-0.963917136,-0.754864991,-0.599429011,0.266202688],"shadowDarkenColor":[0,0,0,0]}
{"name":"dockLight_20111","class":"SpotLight","__parent":"dockSpotLights_3","position":[500.659973,1680.81104,105.100296],"innerAngle":0,"isEnabled":false,"outerAngle":35,"range":50,"rotationMatrix":[-0.999106169,0.0422672108,-1.86264515e-09,-0.0112516442,-0.265964627,-0.963917017,-0.0407420844,-0.963055611,0.266202748],"shadowDarkenColor":[0,0,0,0]}
{"name":"dockLight_19111","class":"SpotLight","__parent":"dockSpotLights_3","position":[501.546143,1681.0321,105.100296],"innerAngle":0,"isEnabled":false,"outerAngle":35,"range":50,"rotationMatrix":[-0.189777374,-0.966059208,0.175255567,0.16663149,-0.207600832,-0.963917077,0.967584014,-0.153726399,0.20037365],"shadowDarkenColor":[0,0,0,0]}
{"name":"dockBulb_181111","class":"PointLight","__parent":"dockSpotLights_3","position":[553.062866,1682.37073,104.825081],"brightness":20,"isEnabled":false,"radius":0.5,"rotationMatrix":[0.999974072,-0.00718795089,-2.32830616e-10,-0.00696086278,-0.968382001,-0.249374017,0.00179248815,0.24936758,-0.968407035],"shadowDarkenColor":[0,0,0,0]}
{"name":"dockBulb_241111","class":"PointLight","__parent":"dockSpotLights_3","position":[552.107666,1682.72705,104.825081],"brightness":20,"isEnabled":false,"radius":0.5,"rotationMatrix":[0.999974072,-0.00718795089,-2.32830616e-10,-0.00696086278,-0.968382001,-0.249374017,0.00179248815,0.24936758,-0.968407035],"shadowDarkenColor":[0,0,0,0]}
{"name":"dockBulb_231111","class":"PointLight","__parent":"dockSpotLights_3","position":[551.182373,1682.3031,104.825081],"brightness":20,"isEnabled":false,"radius":0.5,"rotationMatrix":[0.999974072,-0.00718795089,-2.32830616e-10,-0.00696086278,-0.968382001,-0.249374017,0.00179248815,0.24936758,-0.968407035],"shadowDarkenColor":[0,0,0,0]}
{"name":"dockBulb_221111","class":"PointLight","__parent":"dockSpotLights_3","position":[550.770691,1681.36877,104.825081],"brightness":20,"isEnabled":false,"radius":0.5,"rotationMatrix":[0.999974072,-0.00718795089,-2.32830616e-10,-0.00696086278,-0.968382001,-0.249374017,0.00179248815,0.24936758,-0.968407035],"shadowDarkenColor":[0,0,0,0]}
{"name":"dockBulb_211111","class":"PointLight","__parent":"dockSpotLights_3","position":[551.311829,1680.53345,104.825081],"brightness":20,"isEnabled":false,"radius":0.5,"rotationMatrix":[0.999974072,-0.00718795089,-2.32830616e-10,-0.00696086278,-0.968382001,-0.249374017,0.00179248815,0.24936758,-0.968407035],"shadowDarkenColor":[0,0,0,0]}
{"name":"dockBulb_201111","class":"PointLight","__parent":"dockSpotLights_3","position":[552.153992,1680.10022,104.825081],"brightness":20,"isEnabled":false,"radius":0.5,"rotationMatrix":[0.999974072,-0.00718795089,-2.32830616e-10,-0.00696086278,-0.968382001,-0.249374017,0.00179248815,0.24936758,-0.968407035],"shadowDarkenColor":[0,0,0,0]}
{"name":"dockBulb_171111","class":"PointLight","__parent":"dockSpotLights_3","position":[553.022705,1680.46436,104.825081],"brightness":20,"isEnabled":false,"radius":0.5,"rotationMatrix":[0.999974072,-0.00718795089,-2.32830616e-10,-0.00696086278,-0.968382001,-0.249374017,0.00179248815,0.24936758,-0.968407035],"shadowDarkenColor":[0,0,0,0]}
{"name":"dockBulb_191111","class":"PointLight","__parent":"dockSpotLights_3","position":[553.403076,1681.37427,104.825081],"brightness":20,"isEnabled":false,"radius":0.5,"rotationMatrix":[0.999974072,-0.00718795089,-2.32830616e-10,-0.00696086278,-0.968382001,-0.249374017,0.00179248815,0.24936758,-0.968407035],"shadowDarkenColor":[0,0,0,0]}
{"name":"dockLight_211111","class":"SpotLight","__parent":"dockSpotLights_3","position":[553.291504,1681.40686,105.100296],"innerAngle":0,"isEnabled":false,"outerAngle":35,"range":50,"rotationMatrix":[-0.0589222908,-0.998262644,2.38418579e-07,0.265740424,-0.0156855583,-0.963917017,0.962242305,-0.0567961633,0.266202927],"shadowDarkenColor":[0,0,0,0]}
{"name":"dockLight_171111","class":"SpotLight","__parent":"dockSpotLights_3","position":[552.944641,1682.21228,105.100296],"innerAngle":0,"isEnabled":false,"outerAngle":35,"range":50,"rotationMatrix":[0.596942544,-0.802284062,1.49011612e-07,0.213570654,0.15890789,-0.963916957,0.773335099,0.575403035,0.266203165],"shadowDarkenColor":[0,0,0,0]}
{"name":"dockLight_241111","class":"SpotLight","__parent":"dockSpotLights_3","position":[552.136414,1682.47083,105.100296],"innerAngle":0,"isEnabled":false,"outerAngle":35,"range":50,"rotationMatrix":[0.999974191,-0.00718795229,-6.98491931e-10,0.00191345252,0.266195893,-0.963917136,0.00692859013,0.963892221,0.266202748],"shadowDarkenColor":[0,0,0,0]}
{"name":"dockLight_221111","class":"SpotLight","__parent":"dockSpotLights_3","position":[551.258545,1682.21887,105.100296],"innerAngle":0,"isEnabled":false,"outerAngle":35,"range":50,"rotationMatrix":[0.155766487,0.97212249,0.175255358,-0.17381233,0.201626718,-0.963916898,-0.972381532,0.119684249,0.20037365],"shadowDarkenColor":[0,0,0,0]}
{"name":"dockLight_231111","class":"SpotLight","__parent":"dockSpotLights_3","position":[550.999756,1681.38037,105.100296],"innerAngle":0,"isEnabled":false,"outerAngle":35,"range":50,"rotationMatrix":[0.0238621235,0.99971509,0,-0.266126782,0.00635230541,-0.963916898,-0.963642418,0.0230009258,0.266202807],"shadowDarkenColor":[0,0,0,0]}
{"name":"dockLight_181111","class":"SpotLight","__parent":"dockSpotLights_3","position":[551.29303,1680.55603,105.100296],"innerAngle":0,"isEnabled":false,"outerAngle":35,"range":50,"rotationMatrix":[-0.621867895,0.783122301,0,-0.208469301,-0.165543079,-0.963917136,-0.754864991,-0.599429011,0.266202688],"shadowDarkenColor":[0,0,0,0]}
{"name":"dockLight_201111","class":"SpotLight","__parent":"dockSpotLights_3","position":[552.11731,1680.35693,105.100296],"innerAngle":0,"isEnabled":false,"outerAngle":35,"range":50,"rotationMatrix":[-0.999106169,0.0422672108,-1.86264515e-09,-0.0112516442,-0.265964627,-0.963917017,-0.0407420844,-0.963055611,0.266202748],"shadowDarkenColor":[0,0,0,0]}
{"name":"dockLight_191111","class":"SpotLight","__parent":"dockSpotLights_3","position":[553.003479,1680.578,105.100296],"innerAngle":0,"isEnabled":false,"outerAngle":35,"range":50,"rotationMatrix":[-0.189777374,-0.966059208,0.175255567,0.16663149,-0.207600832,-0.963917077,0.967584014,-0.153726399,0.20037365],"shadowDarkenColor":[0,0,0,0]}
{"name":"dockBulb_1811111","class":"PointLight","__parent":"dockSpotLights_3","position":[555.686462,1638.48792,104.825081],"brightness":20,"isEnabled":false,"radius":0.5,"rotationMatrix":[0.999974072,-0.00718795089,-2.32830616e-10,-0.00696086278,-0.968382001,-0.249374017,0.00179248815,0.24936758,-0.968407035],"shadowDarkenColor":[0,0,0,0]}
{"name":"dockBulb_2411111","class":"PointLight","__parent":"dockSpotLights_3","position":[554.731262,1638.84424,104.825081],"brightness":20,"isEnabled":false,"radius":0.5,"rotationMatrix":[0.999974072,-0.00718795089,-2.32830616e-10,-0.00696086278,-0.968382001,-0.249374017,0.00179248815,0.24936758,-0.968407035],"shadowDarkenColor":[0,0,0,0]}
{"name":"dockBulb_2311111","class":"PointLight","__parent":"dockSpotLights_3","position":[553.805969,1638.42029,104.825081],"brightness":20,"isEnabled":false,"radius":0.5,"rotationMatrix":[0.999974072,-0.00718795089,-2.32830616e-10,-0.00696086278,-0.968382001,-0.249374017,0.00179248815,0.24936758,-0.968407035],"shadowDarkenColor":[0,0,0,0]}
{"name":"dockBulb_2211111","class":"PointLight","__parent":"dockSpotLights_3","position":[553.394287,1637.48596,104.825081],"brightness":20,"isEnabled":false,"radius":0.5,"rotationMatrix":[0.999974072,-0.00718795089,-2.32830616e-10,-0.00696086278,-0.968382001,-0.249374017,0.00179248815,0.24936758,-0.968407035],"shadowDarkenColor":[0,0,0,0]}
{"name":"dockBulb_2111111","class":"PointLight","__parent":"dockSpotLights_3","position":[553.935425,1636.65063,104.825081],"brightness":20,"isEnabled":false,"radius":0.5,"rotationMatrix":[0.999974072,-0.00718795089,-2.32830616e-10,-0.00696086278,-0.968382001,-0.249374017,0.00179248815,0.24936758,-0.968407035],"shadowDarkenColor":[0,0,0,0]}
{"name":"dockBulb_2011111","class":"PointLight","__parent":"dockSpotLights_3","position":[554.777588,1636.21741,104.825081],"brightness":20,"isEnabled":false,"radius":0.5,"rotationMatrix":[0.999974072,-0.00718795089,-2.32830616e-10,-0.00696086278,-0.968382001,-0.249374017,0.00179248815,0.24936758,-0.968407035],"shadowDarkenColor":[0,0,0,0]}
{"name":"dockBulb_1711111","class":"PointLight","__parent":"dockSpotLights_3","position":[555.646301,1636.58154,104.825081],"brightness":20,"isEnabled":false,"radius":0.5,"rotationMatrix":[0.999974072,-0.00718795089,-2.32830616e-10,-0.00696086278,-0.968382001,-0.249374017,0.00179248815,0.24936758,-0.968407035],"shadowDarkenColor":[0,0,0,0]}
{"name":"dockBulb_1911111","class":"PointLight","__parent":"dockSpotLights_3","position":[556.026672,1637.49146,104.825081],"brightness":20,"isEnabled":false,"radius":0.5,"rotationMatrix":[0.999974072,-0.00718795089,-2.32830616e-10,-0.00696086278,-0.968382001,-0.249374017,0.00179248815,0.24936758,-0.968407035],"shadowDarkenColor":[0,0,0,0]}
{"name":"dockLight_2111111","class":"SpotLight","__parent":"dockSpotLights_3","position":[555.9151,1637.52405,105.100296],"innerAngle":0,"isEnabled":false,"outerAngle":35,"range":50,"rotationMatrix":[-0.0589222908,-0.998262644,2.38418579e-07,0.265740424,-0.0156855583,-0.963917017,0.962242305,-0.0567961633,0.266202927],"shadowDarkenColor":[0,0,0,0]}
{"name":"dockLight_1711111","class":"SpotLight","__parent":"dockSpotLights_3","position":[555.568237,1638.32947,105.100296],"innerAngle":0,"isEnabled":false,"outerAngle":35,"range":50,"rotationMatrix":[0.596942544,-0.802284062,1.49011612e-07,0.213570654,0.15890789,-0.963916957,0.773335099,0.575403035,0.266203165],"shadowDarkenColor":[0,0,0,0]}
{"name":"dockLight_2411111","class":"SpotLight","__parent":"dockSpotLights_3","position":[554.76001,1638.58801,105.100296],"innerAngle":0,"isEnabled":false,"outerAngle":35,"range":50,"rotationMatrix":[0.999974191,-0.00718795229,-6.98491931e-10,0.00191345252,0.266195893,-0.963917136,0.00692859013,0.963892221,0.266202748],"shadowDarkenColor":[0,0,0,0]}
{"name":"dockLight_2211111","class":"SpotLight","__parent":"dockSpotLights_3","position":[553.882141,1638.33606,105.100296],"innerAngle":0,"isEnabled":false,"outerAngle":35,"range":50,"rotationMatrix":[0.155766487,0.97212249,0.175255358,-0.17381233,0.201626718,-0.963916898,-0.972381532,0.119684249,0.20037365],"shadowDarkenColor":[0,0,0,0]}
{"name":"dockLight_2311111","class":"SpotLight","__parent":"dockSpotLights_3","position":[553.623352,1637.49756,105.100296],"innerAngle":0,"isEnabled":false,"outerAngle":35,"range":50,"rotationMatrix":[0.0238621235,0.99971509,0,-0.266126782,0.00635230541,-0.963916898,-0.963642418,0.0230009258,0.266202807],"shadowDarkenColor":[0,0,0,0]}
{"name":"dockLight_1811111","class":"SpotLight","__parent":"dockSpotLights_3","position":[553.916626,1636.67322,105.100296],"innerAngle":0,"isEnabled":false,"outerAngle":35,"range":50,"rotationMatrix":[-0.621867895,0.783122301,0,-0.208469301,-0.165543079,-0.963917136,-0.754864991,-0.599429011,0.266202688],"shadowDarkenColor":[0,0,0,0]}
{"name":"dockLight_2011111","class":"SpotLight","__parent":"dockSpotLights_3","position":[554.740906,1636.47412,105.100296],"innerAngle":0,"isEnabled":false,"outerAngle":35,"range":50,"rotationMatrix":[-0.999106169,0.0422672108,-1.86264515e-09,-0.0112516442,-0.265964627,-0.963917017,-0.0407420844,-0.963055611,0.266202748],"shadowDarkenColor":[0,0,0,0]}
{"name":"dockLight_1911111","class":"SpotLight","__parent":"dockSpotLights_3","position":[555.627075,1636.69519,105.100296],"innerAngle":0,"isEnabled":false,"outerAngle":35,"range":50,"rotationMatrix":[-0.189777374,-0.966059208,0.175255567,0.16663149,-0.207600832,-0.963917077,0.967584014,-0.153726399,0.20037365],"shadowDarkenColor":[0,0,0,0]}
{"name":"dockBulb_18111111","class":"PointLight","__parent":"dockSpotLights_3","position":[500.049011,1641.42114,104.825081],"brightness":20,"isEnabled":false,"radius":0.5,"rotationMatrix":[0.999974072,-0.00718795089,-2.32830616e-10,-0.00696086278,-0.968382001,-0.249374017,0.00179248815,0.24936758,-0.968407035],"shadowDarkenColor":[0,0,0,0]}
{"name":"dockBulb_24111111","class":"PointLight","__parent":"dockSpotLights_3","position":[499.093811,1641.77747,104.825081],"brightness":20,"isEnabled":false,"radius":0.5,"rotationMatrix":[0.999974072,-0.00718795089,-2.32830616e-10,-0.00696086278,-0.968382001,-0.249374017,0.00179248815,0.24936758,-0.968407035],"shadowDarkenColor":[0,0,0,0]}
{"name":"dockBulb_23111111","class":"PointLight","__parent":"dockSpotLights_3","position":[498.168518,1641.35352,104.825081],"brightness":20,"isEnabled":false,"radius":0.5,"rotationMatrix":[0.999974072,-0.00718795089,-2.32830616e-10,-0.00696086278,-0.968382001,-0.249374017,0.00179248815,0.24936758,-0.968407035],"shadowDarkenColor":[0,0,0,0]}
{"name":"dockBulb_22111111","class":"PointLight","__parent":"dockSpotLights_3","position":[497.756836,1640.41919,104.825081],"brightness":20,"isEnabled":false,"radius":0.5,"rotationMatrix":[0.999974072,-0.00718795089,-2.32830616e-10,-0.00696086278,-0.968382001,-0.249374017,0.00179248815,0.24936758,-0.968407035],"shadowDarkenColor":[0,0,0,0]}
{"name":"dockBulb_21111111","class":"PointLight","__parent":"dockSpotLights_3","position":[498.297974,1639.58386,104.825081],"brightness":20,"isEnabled":false,"radius":0.5,"rotationMatrix":[0.999974072,-0.00718795089,-2.32830616e-10,-0.00696086278,-0.968382001,-0.249374017,0.00179248815,0.24936758,-0.968407035],"shadowDarkenColor":[0,0,0,0]}
{"name":"dockBulb_20111111","class":"PointLight","__parent":"dockSpotLights_3","position":[499.140137,1639.15063,104.825081],"brightness":20,"isEnabled":false,"radius":0.5,"rotationMatrix":[0.999974072,-0.00718795089,-2.32830616e-10,-0.00696086278,-0.968382001,-0.249374017,0.00179248815,0.24936758,-0.968407035],"shadowDarkenColor":[0,0,0,0]}
{"name":"dockBulb_17111111","class":"PointLight","__parent":"dockSpotLights_3","position":[500.00885,1639.51477,104.825081],"brightness":20,"isEnabled":false,"radius":0.5,"rotationMatrix":[0.999974072,-0.00718795089,-2.32830616e-10,-0.00696086278,-0.968382001,-0.249374017,0.00179248815,0.24936758,-0.968407035],"shadowDarkenColor":[0,0,0,0]}
{"name":"dockBulb_19111111","class":"PointLight","__parent":"dockSpotLights_3","position":[500.389221,1640.42468,104.825081],"brightness":20,"isEnabled":false,"radius":0.5,"rotationMatrix":[0.999974072,-0.00718795089,-2.32830616e-10,-0.00696086278,-0.968382001,-0.249374017,0.00179248815,0.24936758,-0.968407035],"shadowDarkenColor":[0,0,0,0]}
{"name":"dockLight_21111111","class":"SpotLight","__parent":"dockSpotLights_3","position":[500.277649,1640.45728,105.100296],"innerAngle":0,"isEnabled":false,"outerAngle":35,"range":50,"rotationMatrix":[-0.0589222908,-0.998262644,2.38418579e-07,0.265740424,-0.0156855583,-0.963917017,0.962242305,-0.0567961633,0.266202927],"shadowDarkenColor":[0,0,0,0]}
{"name":"dockLight_17111111","class":"SpotLight","__parent":"dockSpotLights_3","position":[499.930786,1641.2627,105.100296],"innerAngle":0,"isEnabled":false,"outerAngle":35,"range":50,"rotationMatrix":[0.596942544,-0.802284062,1.49011612e-07,0.213570654,0.15890789,-0.963916957,0.773335099,0.575403035,0.266203165],"shadowDarkenColor":[0,0,0,0]}
{"name":"dockLight_24111111","class":"SpotLight","__parent":"dockSpotLights_3","position":[499.122559,1641.52124,105.100296],"innerAngle":0,"isEnabled":false,"outerAngle":35,"range":50,"rotationMatrix":[0.999974191,-0.00718795229,-6.98491931e-10,0.00191345252,0.266195893,-0.963917136,0.00692859013,0.963892221,0.266202748],"shadowDarkenColor":[0,0,0,0]}
{"name":"dockLight_22111111","class":"SpotLight","__parent":"dockSpotLights_3","position":[498.24469,1641.26929,105.100296],"innerAngle":0,"isEnabled":false,"outerAngle":35,"range":50,"rotationMatrix":[0.155766487,0.97212249,0.175255358,-0.17381233,0.201626718,-0.963916898,-0.972381532,0.119684249,0.20037365],"shadowDarkenColor":[0,0,0,0]}
{"name":"dockLight_23111111","class":"SpotLight","__parent":"dockSpotLights_3","position":[497.985901,1640.43079,105.100296],"innerAngle":0,"isEnabled":false,"outerAngle":35,"range":50,"rotationMatrix":[0.0238621235,0.99971509,0,-0.266126782,0.00635230541,-0.963916898,-0.963642418,0.0230009258,0.266202807],"shadowDarkenColor":[0,0,0,0]}
{"name":"dockLight_18111111","class":"SpotLight","__parent":"dockSpotLights_3","position":[498.279175,1639.60645,105.100296],"innerAngle":0,"isEnabled":false,"outerAngle":35,"range":50,"rotationMatrix":[-0.621867895,0.783122301,0,-0.208469301,-0.165543079,-0.963917136,-0.754864991,-0.599429011,0.266202688],"shadowDarkenColor":[0,0,0,0]}
{"name":"dockLight_20111111","class":"SpotLight","__parent":"dockSpotLights_3","position":[499.103455,1639.40735,105.100296],"innerAngle":0,"isEnabled":false,"outerAngle":35,"range":50,"rotationMatrix":[-0.999106169,0.0422672108,-1.86264515e-09,-0.0112516442,-0.265964627,-0.963917017,-0.0407420844,-0.963055611,0.266202748],"shadowDarkenColor":[0,0,0,0]}
{"name":"dockLight_19111111","class":"SpotLight","__parent":"dockSpotLights_3","position":[499.989624,1639.62842,105.100296],"innerAngle":0,"isEnabled":false,"outerAngle":35,"range":50,"rotationMatrix":[-0.189777374,-0.966059208,0.175255567,0.16663149,-0.207600832,-0.963917077,0.967584014,-0.153726399,0.20037365],"shadowDarkenColor":[0,0,0,0]}
{"name":"dockBulb_181111111","class":"PointLight","__parent":"dockSpotLights_3","position":[465.338074,1640.61487,104.825081],"brightness":20,"isEnabled":false,"radius":0.5,"rotationMatrix":[0.999974072,-0.00718795089,-2.32830616e-10,-0.00696086278,-0.968382001,-0.249374017,0.00179248815,0.24936758,-0.968407035],"shadowDarkenColor":[0,0,0,0]}
{"name":"dockBulb_241111111","class":"PointLight","__parent":"dockSpotLights_3","position":[464.382874,1640.97119,104.825081],"brightness":20,"isEnabled":false,"radius":0.5,"rotationMatrix":[0.999974072,-0.00718795089,-2.32830616e-10,-0.00696086278,-0.968382001,-0.249374017,0.00179248815,0.24936758,-0.968407035],"shadowDarkenColor":[0,0,0,0]}
{"name":"dockBulb_231111111","class":"PointLight","__parent":"dockSpotLights_3","position":[463.457581,1640.54724,104.825081],"brightness":20,"isEnabled":false,"radius":0.5,"rotationMatrix":[0.999974072,-0.00718795089,-2.32830616e-10,-0.00696086278,-0.968382001,-0.249374017,0.00179248815,0.24936758,-0.968407035],"shadowDarkenColor":[0,0,0,0]}
{"name":"dockBulb_221111111","class":"PointLight","__parent":"dockSpotLights_3","position":[463.045898,1639.61292,104.825081],"brightness":20,"isEnabled":false,"radius":0.5,"rotationMatrix":[0.999974072,-0.00718795089,-2.32830616e-10,-0.00696086278,-0.968382001,-0.249374017,0.00179248815,0.24936758,-0.968407035],"shadowDarkenColor":[0,0,0,0]}
