{"name":"dockBulb_17","class":"PointLight","__parent":"dockSpotLights_3","position":[606.267395,1717.45569,104.825081],"brightness":20,"radius":0.5,"rotationMatrix":[0.999974072,-0.00718795089,-2.32830616e-10,-0.00696086278,-0.968382001,-0.249374017,0.00179248815,0.24936758,-0.968407035],"shadowDarkenColor":[0,0,0,0]}
{"name":"dockBulb_18","class":"PointLight","__parent":"dockSpotLights_3","position":[606.307556,1719.36206,104.825081],"brightness":20,"radius":0.5,"rotationMatrix":[0.999974072,-0.00718795089,-2.32830616e-10,-0.00696086278,-0.968382001,-0.249374017,0.00179248815,0.24936758,-0.968407035],"shadowDarkenColor":[0,0,0,0]}
{"name":"dockBulb_19","class":"PointLight","__parent":"dockSpotLights_3","position":[606.647766,1718.3656,104.825081],"brightness":20,"radius":0.5,"rotationMatrix":[0.999974072,-0.00718795089,-2.32830616e-10,-0.00696086278,-0.968382001,-0.249374017,0.00179248815,0.24936758,-0.968407035],"shadowDarkenColor":[0,0,0,0]}
{"name":"dockBulb_20","class":"PointLight","__parent":"dockSpotLights_3","position":[605.398682,1717.09155,104.825081],"brightness":20,"radius":0.5,"rotationMatrix":[0.999974072,-0.00718795089,-2.32830616e-10,-0.00696086278,-0.968382001,-0.249374017,0.00179248815,0.24936758,-0.968407035],"shadowDarkenColor":[0,0,0,0]}
{"name":"dockBulb_21","class":"PointLight","__parent":"dockSpotLights_3","position":[604.556519,1717.52478,104.825081],"brightness":20,"radius":0.5,"rotationMatrix":[0.999974072,-0.00718795089,-2.32830616e-10,-0.00696086278,-0.968382001,-0.249374017,0.00179248815,0.24936758,-0.968407035],"shadowDarkenColor":[0,0,0,0]}
{"name":"dockBulb_22","class":"PointLight","__parent":"dockSpotLights_3","position":[604.015381,1718.36011,104.825081],"brightness":20,"radius":0.5,"rotationMatrix":[0.999974072,-0.00718795089,-2.32830616e-10,-0.00696086278,-0.968382001,-0.249374017,0.00179248815,0.24936758,-0.968407035],"shadowDarkenColor":[0,0,0,0]}
{"name":"dockBulb_23","class":"PointLight","__parent":"dockSpotLights_3","position":[604.427063,1719.29443,104.825081],"brightness":20,"radius":0.5,"rotationMatrix":[0.999974072,-0.00718795089,-2.32830616e-10,-0.00696086278,-0.968382001,-0.249374017,0.00179248815,0.24936758,-0.968407035],"shadowDarkenColor":[0,0,0,0]}
{"name":"dockBulb_24","class":"PointLight","__parent":"dockSpotLights_3","position":[605.352356,1719.71838,104.825081],"brightness":20,"radius":0.5,"rotationMatrix":[0.999974072,-0.00718795089,-2.32830616e-10,-0.00696086278,-0.968382001,-0.249374017,0.00179248815,0.24936758,-0.968407035],"shadowDarkenColor":[0,0,0,0]}
{"name":"dockBulb_181","class":"PointLight","__parent":"dockSpotLights_3","position":[553.183105,1722.97937,104.825081],"brightness":20,"radius":0.5,"rotationMatrix":[0.999974072,-0.00718795089,-2.32830616e-10,-0.00696086278,-0.968382001,-0.249374017,0.00179248815,0.24936758,-0.968407035],"shadowDarkenColor":[0,0,0,0]}
{"name":"dockBulb_241","class":"PointLight","__parent":"dockSpotLights_3","position":[552.227905,1723.33569,104.825081],"brightness":20,"radius":0.5,"rotationMatrix":[0.999974072,-0.00718795089,-2.32830616e-10,-0.00696086278,-0.968382001,-0.249374017,0.00179248815,0.24936758,-0.968407035],"shadowDarkenColor":[0,0,0,0]}
{"name":"dockBulb_231","class":"PointLight","__parent":"dockSpotLights_3","position":[551.302612,1722.91174,104.825081],"brightness":20,"radius":0.5,"rotationMatrix":[0.999974072,-0.00718795089,-2.32830616e-10,-0.00696086278,-0.968382001,-0.249374017,0.00179248815,0.24936758,-0.968407035],"shadowDarkenColor":[0,0,0,0]}
{"name":"dockBulb_221","class":"PointLight","__parent":"dockSpotLights_3","position":[550.89093,1721.97742,104.825081],"brightness":20,"radius":0.5,"rotationMatrix":[0.999974072,-0.00718795089,-2.32830616e-10,-0.00696086278,-0.968382001,-0.249374017,0.00179248815,0.24936758,-0.968407035],"shadowDarkenColor":[0,0,0,0]}
{"name":"dockBulb_211","class":"PointLight","__parent":"dockSpotLights_3","position":[551.432068,1721.14209,104.825081],"brightness":20,"radius":0.5,"rotationMatrix":[0.999974072,-0.00718795089,-2.32830616e-10,-0.00696086278,-0.968382001,-0.249374017,0.00179248815,0.24936758,-0.968407035],"shadowDarkenColor":[0,0,0,0]}
{"name":"dockBulb_201","class":"PointLight","__parent":"dockSpotLights_3","position":[552.274231,1720.70886,104.825081],"brightness":20,"radius":0.5,"rotationMatrix":[0.999974072,-0.00718795089,-2.32830616e-10,-0.00696086278,-0.968382001,-0.249374017,0.00179248815,0.24936758,-0.968407035],"shadowDarkenColor":[0,0,0,0]}
{"name":"dockBulb_171","class":"PointLight","__parent":"dockSpotLights_3","position":[553.142944,1721.073,104.825081],"brightness":20,"radius":0.5,"rotationMatrix":[0.999974072,-0.00718795089,-2.32830616e-10,-0.00696086278,-0.968382001,-0.249374017,0.00179248815,0.24936758,-0.968407035],"shadowDarkenColor":[0,0,0,0]}
{"name":"dockBulb_191","class":"PointLight","__parent":"dockSpotLights_3","position":[553.523315,1721.98291,104.825081],"brightness":20,"radius":0.5,"rotationMatrix":[0.999974072,-0.00718795089,-2.32830616e-10,-0.00696086278,-0.968382001,-0.249374017,0.00179248815,0.24936758,-0.968407035],"shadowDarkenColor":[0,0,0,0]}
{"name":"dockBulb_1811","class":"PointLight","__parent":"dockSpotLights_3","position":[500.782135,1722.91052,104.825081],"brightness":20,"radius":0.5,"rotationMatrix":[0.999974072,-0.00718795089,-2.32830616e-10,-0.00696086278,-0.968382001,-0.249374017,0.00179248815,0.24936758,-0.968407035],"shadowDarkenColor":[0,0,0,0]}
{"name":"dockBulb_2411","class":"PointLight","__parent":"dockSpotLights_3","position":[499.826935,1723.26685,104.825081],"brightness":20,"radius":0.5,"rotationMatrix":[0.999974072,-0.00718795089,-2.32830616e-10,-0.00696086278,-0.968382001,-0.249374017,0.00179248815,0.24936758,-0.968407035],"shadowDarkenColor":[0,0,0,0]}
{"name":"dockBulb_2311","class":"PointLight","__parent":"dockSpotLights_3","position":[498.901642,1722.8429,104.825081],"brightness":20,"radius":0.5,"rotationMatrix":[0.999974072,-0.00718795089,-2.32830616e-10,-0.00696086278,-0.968382001,-0.249374017,0.00179248815,0.24936758,-0.968407035],"shadowDarkenColor":[0,0,0,0]}
{"name":"dockBulb_2211","class":"PointLight","__parent":"dockSpotLights_3","position":[498.48996,1721.90857,104.825081],"brightness":20,"radius":0.5,"rotationMatrix":[0.999974072,-0.00718795089,-2.32830616e-10,-0.00696086278,-0.968382001,-0.249374017,0.00179248815,0.24936758,-0.968407035],"shadowDarkenColor":[0,0,0,0]}
{"name":"dockBulb_2111","class":"PointLight","__parent":"dockSpotLights_3","position":[499.031097,1721.07324,104.825081],"brightness":20,"radius":0.5,"rotationMatrix":[0.999974072,-0.00718795089,-2.32830616e-10,-0.00696086278,-0.968382001,-0.249374017,0.00179248815,0.24936758,-0.968407035],"shadowDarkenColor":[0,0,0,0]}
{"name":"dockBulb_2011","class":"PointLight","__parent":"dockSpotLights_3","position":[499.87326,1720.64001,104.825081],"brightness":20,"radius":0.5,"rotationMatrix":[0.999974072,-0.00718795089,-2.32830616e-10,-0.00696086278,-0.968382001,-0.249374017,0.00179248815,0.24936758,-0.968407035],"shadowDarkenColor":[0,0,0,0]}
{"name":"dockBulb_1711","class":"PointLight","__parent":"dockSpotLights_3","position":[500.741974,1721.00415,104.825081],"brightness":20,"radius":0.5,"rotationMatrix":[0.999974072,-0.00718795089,-2.32830616e-10,-0.00696086278,-0.968382001,-0.249374017,0.00179248815,0.24936758,-0.968407035],"shadowDarkenColor":[0,0,0,0]}
{"name":"dockBulb_1911","class":"PointLight","__parent":"dockSpotLights_3","position":[501.122345,1721.91406,104.825081],"brightness":20,"radius":0.5,"rotationMatrix":[0.999974072,-0.00718795089,-2.32830616e-10,-0.00696086278,-0.968382001,-0.249374017,0.00179248815,0.24936758,-0.968407035],"shadowDarkenColor":[0,0,0,0]}
{"name":"dockBulb_18111","class":"PointLight","__parent":"dockSpotLights_3","position":[501.60553,1682.82483,104.825081],"brightness":20,"radius":0.5,"rotationMatrix":[0.999974072,-0.00718795089,-2.32830616e-10,-0.00696086278,-0.968382001,-0.249374017,0.00179248815,0.24936758,-0.968407035],"shadowDarkenColor":[0,0,0,0]}
{"name":"dockBulb_24111","class":"PointLight","__parent":"dockSpotLights_3","position":[500.65033,1683.18115,104.825081],"brightness":20,"radius":0.5,"rotationMatrix":[0.999974072,-0.00718795089,-2.32830616e-10,-0.00696086278,-0.968382001,-0.249374017,0.00179248815,0.24936758,-0.968407035],"shadowDarkenColor":[0,0,0,0]}
{"name":"dockBulb_23111","class":"PointLight","__parent":"dockSpotLights_3","position":[499.725037,1682.7572,104.825081],"brightness":20,"radius":0.5,"rotationMatrix":[0.999974072,-0.00718795089,-2.32830616e-10,-0.00696086278,-0.968382001,-0.249374017,0.00179248815,0.24936758,-0.968407035],"shadowDarkenColor":[0,0,0,0]}
{"name":"dockBulb_22111","class":"PointLight","__parent":"dockSpotLights_3","position":[499.313354,1681.82288,104.825081],"brightness":20,"radius":0.5,"rotationMatrix":[0.999974072,-0.00718795089,-2.32830616e-10,-0.00696086278,-0.968382001,-0.249374017,0.00179248815,0.24936758,-0.968407035],"shadowDarkenColor":[0,0,0,0]}
{"name":"dockBulb_21111","class":"PointLight","__parent":"dockSpotLights_3","position":[499.854492,1680.98755,104.825081],"brightness":20,"radius":0.5,"rotationMatrix":[0.999974072,-0.00718795089,-2.32830616e-10,-0.00696086278,-0.968382001,-0.249374017,0.00179248815,0.24936758,-0.968407035],"shadowDarkenColor":[0,0,0,0]}
{"name":"dockBulb_20111","class":"PointLight","__parent":"dockSpotLights_3","position":[500.696655,1680.55432,104.825081],"brightness":20,"radius":0.5,"rotationMatrix":[0.999974072,-0.00718795089,-2.32830616e-10,-0.00696086278,-0.968382001,-0.249374017,0.00179248815,0.24936758,-0.968407035],"shadowDarkenColor":[0,0,0,0]}
{"name":"dockBulb_17111","class":"PointLight","__parent":"dockSpotLights_3","position":[501.565369,1680.91846,104.825081],"brightness":20,"radius":0.5,"rotationMatrix":[0.999974072,-0.00718795089,-2.32830616e-10,-0.00696086278,-0.968382001,-0.249374017,0.00179248815,0.24936758,-0.968407035],"shadowDarkenColor":[0,0,0,0]}
{"name":"dockBulb_19111","class":"PointLight","__parent":"dockSpotLights_3","position":[501.94574,1681.82837,104.825081],"brightness":20,"radius":0.5,"rotationMatrix":[0.999974072,-0.00718795089,-2.32830616e-10,-0.00696086278,-0.968382001,-0.249374017,0.00179248815,0.24936758,-0.968407035],"shadowDarkenColor":[0,0,0,0]}
{"name":"dockBulb_181111","class":"PointLight","__parent":"dockSpotLights_3","position":[553.062866,1682.37073,104.825081],"brightness":20,"radius":0.5,"rotationMatrix":[0.999974072,-0.00718795089,-2.32830616e-10,-0.00696086278,-0.968382001,-0.249374017,0.00179248815,0.24936758,-0.968407035],"shadowDarkenColor":[0,0,0,0]}
{"name":"dockBulb_241111","class":"PointLight","__parent":"dockSpotLights_3","position":[552.107666,1682.72705,104.825081],"brightness":20,"radius":0.5,"rotationMatrix":[0.999974072,-0.00718795089,-2.32830616e-10,-0.00696086278,-0.968382001,-0.249374017,0.00179248815,0.24936758,-0.968407035],"shadowDarkenColor":[0,0,0,0]}
{"name":"dockBulb_231111","class":"PointLight","__parent":"dockSpotLights_3","position":[551.182373,1682.3031,104.825081],"brightness":20,"radius":0.5,"rotationMatrix":[0.999974072,-0.00718795089,-2.32830616e-10,-0.00696086278,-0.968382001,-0.249374017,0.00179248815,0.24936758,-0.968407035],"shadowDarkenColor":[0,0,0,0]}
{"name":"dockBulb_221111","class":"PointLight","__parent":"dockSpotLights_3","position":[550.770691,1681.36877,104.825081],"brightness":20,"radius":0.5,"rotationMatrix":[0.999974072,-0.00718795089,-2.32830616e-10,-0.00696086278,-0.968382001,-0.249374017,0.00179248815,0.24936758,-0.968407035],"shadowDarkenColor":[0,0,0,0]}
{"name":"dockBulb_211111","class":"PointLight","__parent":"dockSpotLights_3","position":[551.311829,1680.53345,104.825081],"brightness":20,"radius":0.5,"rotationMatrix":[0.999974072,-0.00718795089,-2.32830616e-10,-0.00696086278,-0.968382001,-0.249374017,0.00179248815,0.24936758,-0.968407035],"shadowDarkenColor":[0,0,0,0]}
{"name":"dockBulb_201111","class":"PointLight","__parent":"dockSpotLights_3","position":[552.153992,1680.10022,104.825081],"brightness":20,"radius":0.5,"rotationMatrix":[0.999974072,-0.00718795089,-2.32830616e-10,-0.00696086278,-0.968382001,-0.249374017,0.00179248815,0.24936758,-0.968407035],"shadowDarkenColor":[0,0,0,0]}
{"name":"dockBulb_171111","class":"PointLight","__parent":"dockSpotLights_3","position":[553.022705,1680.46436,104.825081],"brightness":20,"radius":0.5,"rotationMatrix":[0.999974072,-0.00718795089,-2.32830616e-10,-0.00696086278,-0.968382001,-0.249374017,0.00179248815,0.24936758,-0.968407035],"shadowDarkenColor":[0,0,0,0]}
{"name":"dockBulb_191111","class":"PointLight","__parent":"dockSpotLights_3","position":[553.403076,1681.37427,104.825081],"brightness":20,"radius":0.5,"rotationMatrix":[0.999974072,-0.00718795089,-2.32830616e-10,-0.00696086278,-0.968382001,-0.249374017,0.00179248815,0.24936758,-0.968407035],"shadowDarkenColor":[0,0,0,0]}
{"name":"dockBulb_1811111","class":"PointLight","__parent":"dockSpotLights_3","position":[555.686462,1638.48792,104.825081],"brightness":20,"radius":0.5,"rotationMatrix":[0.999974072,-0.00718795089,-2.32830616e-10,-0.00696086278,-0.968382001,-0.249374017,0.00179248815,0.24936758,-0.968407035],"shadowDarkenColor":[0,0,0,0]}
{"name":"dockBulb_2411111","class":"PointLight","__parent":"dockSpotLights_3","position":[554.731262,1638.84424,104.825081],"brightness":20,"radius":0.5,"rotationMatrix":[0.999974072,-0.00718795089,-2.32830616e-10,-0.00696086278,-0.968382001,-0.249374017,0.00179248815,0.24936758,-0.968407035],"shadowDarkenColor":[0,0,0,0]}
{"name":"dockBulb_2311111","class":"PointLight","__parent":"dockSpotLights_3","position":[553.805969,1638.42029,104.825081],"brightness":20,"radius":0.5,"rotationMatrix":[0.999974072,-0.00718795089,-2.32830616e-10,-0.00696086278,-0.968382001,-0.249374017,0.00179248815,0.24936758,-0.968407035],"shadowDarkenColor":[0,0,0,0]}
{"name":"dockBulb_2211111","class":"PointLight","__parent":"dockSpotLights_3","position":[553.394287,1637.48596,104.825081],"brightness":20,"radius":0.5,"rotationMatrix":[0.999974072,-0.00718795089,-2.32830616e-10,-0.00696086278,-0.968382001,-0.249374017,0.00179248815,0.24936758,-0.968407035],"shadowDarkenColor":[0,0,0,0]}
{"name":"dockBulb_2111111","class":"PointLight","__parent":"dockSpotLights_3","position":[553.935425,1636.65063,104.825081],"brightness":20,"radius":0.5,"rotationMatrix":[0.999974072,-0.00718795089,-2.32830616e-10,-0.00696086278,-0.968382001,-0.249374017,0.00179248815,0.24936758,-0.968407035],"shadowDarkenColor":[0,0,0,0]}
{"name":"dockBulb_2011111","class":"PointLight","__parent":"dockSpotLights_3","position":[554.777588,1636.21741,104.825081],"brightness":20,"radius":0.5,"rotationMatrix":[0.999974072,-0.00718795089,-2.32830616e-10,-0.00696086278,-0.968382001,-0.249374017,0.00179248815,0.24936758,-0.968407035],"shadowDarkenColor":[0,0,0,0]}
{"name":"dockBulb_1711111","class":"PointLight","__parent":"dockSpotLights_3","position":[555.646301,1636.58154,104.825081],"brightness":20,"radius":0.5,"rotationMatrix":[0.999974072,-0.00718795089,-2.32830616e-10,-0.00696086278,-0.968382001,-0.249374017,0.00179248815,0.24936758,-0.968407035],"shadowDarkenColor":[0,0,0,0]}
{"name":"dockBulb_1911111","class":"PointLight","__parent":"dockSpotLights_3","position":[556.026672,1637.49146,104.825081],"brightness":20,"radius":0.5,"rotationMatrix":[0.999974072,-0.00718795089,-2.32830616e-10,-0.00696086278,-0.968382001,-0.249374017,0.00179248815,0.24936758,-0.968407035],"shadowDarkenColor":[0,0,0,0]}
{"name":"dockBulb_18111111","class":"PointLight","__parent":"dockSpotLights_3","position":[500.049011,1641.42114,104.825081],"brightness":20,"radius":0.5,"rotationMatrix":[0.999974072,-0.00718795089,-2.32830616e-10,-0.00696086278,-0.968382001,-0.249374017,0.00179248815,0.24936758,-0.968407035],"shadowDarkenColor":[0,0,0,0]}
{"name":"dockBulb_24111111","class":"PointLight","__parent":"dockSpotLights_3","position":[499.093811,1641.77747,104.825081],"brightness":20,"radius":0.5,"rotationMatrix":[0.999974072,-0.00718795089,-2.32830616e-10,-0.00696086278,-0.968382001,-0.249374017,0.00179248815,0.24936758,-0.968407035],"shadowDarkenColor":[0,0,0,0]}
{"name":"dockBulb_23111111","class":"PointLight","__parent":"dockSpotLights_3","position":[498.168518,1641.35352,104.825081],"brightness":20,"radius":0.5,"rotationMatrix":[0.999974072,-0.00718795089,-2.32830616e-10,-0.00696086278,-0.968382001,-0.249374017,0.00179248815,0.24936758,-0.968407035],"shadowDarkenColor":[0,0,0,0]}
{"name":"dockBulb_22111111","class":"PointLight","__parent":"dockSpotLights_3","position":[497.756836,1640.41919,104.825081],"brightness":20,"radius":0.5,"rotationMatrix":[0.999974072,-0.00718795089,-2.32830616e-10,-0.00696086278,-0.968382001,-0.249374017,0.00179248815,0.24936758,-0.968407035],"shadowDarkenColor":[0,0,0,0]}
{"name":"dockBulb_21111111","class":"PointLight","__parent":"dockSpotLights_3","position":[498.297974,1639.58386,104.825081],"brightness":20,"radius":0.5,"rotationMatrix":[0.999974072,-0.00718795089,-2.32830616e-10,-0.00696086278,-0.968382001,-0.249374017,0.00179248815,0.24936758,-0.968407035],"shadowDarkenColor":[0,0,0,0]}
{"name":"dockBulb_20111111","class":"PointLight","__parent":"dockSpotLights_3","position":[499.140137,1639.15063,104.825081],"brightness":20,"radius":0.5,"rotationMatrix":[0.999974072,-0.00718795089,-2.32830616e-10,-0.00696086278,-0.968382001,-0.249374017,0.00179248815,0.24936758,-0.968407035],"shadowDarkenColor":[0,0,0,0]}
{"name":"dockBulb_17111111","class":"PointLight","__parent":"dockSpotLights_3","position":[500.00885,1639.51477,104.825081],"brightness":20,"radius":0.5,"rotationMatrix":[0.999974072,-0.00718795089,-2.32830616e-10,-0.00696086278,-0.968382001,-0.249374017,0.00179248815,0.24936758,-0.968407035],"shadowDarkenColor":[0,0,0,0]}
{"name":"dockBulb_19111111","class":"PointLight","__parent":"dockSpotLights_3","position":[500.389221,1640.42468,104.825081],"brightness":20,"radius":0.5,"rotationMatrix":[0.999974072,-0.00718795089,-2.32830616e-10,-0.00696086278,-0.968382001,-0.249374017,0.00179248815,0.24936758,-0.968407035],"shadowDarkenColor":[0,0,0,0]}
{"name":"dockBulb_181111111","class":"PointLight","__parent":"dockSpotLights_3","position":[465.338074,1640.61487,104.825081],"brightness":20,"radius":0.5,"rotationMatrix":[0.999974072,-0.00718795089,-2.32830616e-10,-0.00696086278,-0.968382001,-0.249374017,0.00179248815,0.24936758,-0.968407035],"shadowDarkenColor":[0,0,0,0]}
{"name":"dockBulb_241111111","class":"PointLight","__parent":"dockSpotLights_3","position":[464.382874,1640.97119,104.825081],"brightness":20,"radius":0.5,"rotationMatrix":[0.999974072,-0.00718795089,-2.32830616e-10,-0.00696086278,-0.968382001,-0.249374017,0.00179248815,0.24936758,-0.968407035],"shadowDarkenColor":[0,0,0,0]}
{"name":"dockBulb_231111111","class":"PointLight","__parent":"dockSpotLights_3","position":[463.457581,1640.54724,104.825081],"brightness":20,"radius":0.5,"rotationMatrix":[0.999974072,-0.00718795089,-2.32830616e-10,-0.00696086278,-0.968382001,-0.249374017,0.00179248815,0.24936758,-0.968407035],"shadowDarkenColor":[0,0,0,0]}
{"name":"dockBulb_221111111","class":"PointLight","__parent":"dockSpotLights_3","position":[463.045898,1639.61292,104.825081],"brightness":20,"radius":0.5,"rotationMatrix":[0.999974072,-0.00718795089,-2.32830616e-10,-0.00696086278,-0.968382001,-0.249374017,0.00179248815,0.24936758,-0.968407035],"shadowDarkenColor":[0,0,0,0]}
{"name":"dockBulb_211111111","class":"PointLight","__parent":"dockSpotLights_3","position":[463.587036,1638.77759,104.825081],"brightness":20,"radius":0.5,"rotationMatrix":[0.999974072,-0.00718795089,-2.32830616e-10,-0.00696086278,-0.968382001,-0.249374017,0.00179248815,0.24936758,-0.968407035],"shadowDarkenColor":[0,0,0,0]}
{"name":"dockBulb_201111111","class":"PointLight","__parent":"dockSpotLights_3","position":[464.429199,1638.34436,104.825081],"brightness":20,"radius":0.5,"rotationMatrix":[0.999974072,-0.00718795089,-2.32830616e-10,-0.00696086278,-0.968382001,-0.249374017,0.00179248815,0.24936758,-0.968407035],"shadowDarkenColor":[0,0,0,0]}
{"name":"dockBulb_171111111","class":"PointLight","__parent":"dockSpotLights_3","position":[465.297913,1638.7085,104.825081],"brightness":20,"radius":0.5,"rotationMatrix":[0.999974072,-0.00718795089,-2.32830616e-10,-0.00696086278,-0.968382001,-0.249374017,0.00179248815,0.24936758,-0.968407035],"shadowDarkenColor":[0,0,0,0]}
{"name":"dockBulb_191111111","class":"PointLight","__parent":"dockSpotLights_3","position":[465.678284,1639.61841,104.825081],"brightness":20,"radius":0.5,"rotationMatrix":[0.999974072,-0.00718795089,-2.32830616e-10,-0.00696086278,-0.968382001,-0.249374017,0.00179248815,0.24936758,-0.968407035],"shadowDarkenColor":[0,0,0,0]}
{"name":"dockBulb_1811111111","class":"PointLight","__parent":"dockSpotLights_3","position":[501.032654,1598.229,104.825081],"brightness":20,"radius":0.5,"rotationMatrix":[0.999974072,-0.00718795089,-2.32830616e-10,-0.00696086278,-0.968382001,-0.249374017,0.00179248815,0.24936758,-0.968407035],"shadowDarkenColor":[0,0,0,0]}
{"name":"dockBulb_2411111111","class":"PointLight","__parent":"dockSpotLights_3","position":[500.077454,1598.58533,104.825081],"brightness":20,"radius":0.5,"rotationMatrix":[0.999974072,-0.00718795089,-2.32830616e-10,-0.00696086278,-0.968382001,-0.249374017,0.00179248815,0.24936758,-0.968407035],"shadowDarkenColor":[0,0,0,0]}
{"name":"dockBulb_2311111111","class":"PointLight","__parent":"dockSpotLights_3","position":[499.152161,1598.16138,104.825081],"brightness":20,"radius":0.5,"rotationMatrix":[0.999974072,-0.00718795089,-2.32830616e-10,-0.00696086278,-0.968382001,-0.249374017,0.00179248815,0.24936758,-0.968407035],"shadowDarkenColor":[0,0,0,0]}
{"name":"dockBulb_2211111111","class":"PointLight","__parent":"dockSpotLights_3","position":[498.740479,1597.22705,104.825081],"brightness":20,"radius":0.5,"rotationMatrix":[0.999974072,-0.00718795089,-2.32830616e-10,-0.00696086278,-0.968382001,-0.249374017,0.00179248815,0.24936758,-0.968407035],"shadowDarkenColor":[0,0,0,0]}
{"name":"dockBulb_2111111111","class":"PointLight","__parent":"dockSpotLights_3","position":[499.281616,1596.39172,104.825081],"brightness":20,"radius":0.5,"rotationMatrix":[0.999974072,-0.00718795089,-2.32830616e-10,-0.00696086278,-0.968382001,-0.249374017,0.00179248815,0.24936758,-0.968407035],"shadowDarkenColor":[0,0,0,0]}
{"name":"dockBulb_2011111111","class":"PointLight","__parent":"dockSpotLights_3","position":[500.123779,1595.9585,104.825081],"brightness":20,"radius":0.5,"rotationMatrix":[0.999974072,-0.00718795089,-2.32830616e-10,-0.00696086278,-0.968382001,-0.249374017,0.00179248815,0.24936758,-0.968407035],"shadowDarkenColor":[0,0,0,0]}
{"name":"dockBulb_1711111111","class":"PointLight","__parent":"dockSpotLights_3","position":[500.992493,1596.32263,104.825081],"brightness":20,"radius":0.5,"rotationMatrix":[0.999974072,-0.00718795089,-2.32830616e-10,-0.00696086278,-0.968382001,-0.249374017,0.00179248815,0.24936758,-0.968407035],"shadowDarkenColor":[0,0,0,0]}
{"name":"dockBulb_1911111111","class":"PointLight","__parent":"dockSpotLights_3","position":[501.372864,1597.23254,104.825081],"brightness":20,"radius":0.5,"rotationMatrix":[0.999974072,-0.00718795089,-2.32830616e-10,-0.00696086278,-0.968382001,-0.249374017,0.00179248815,0.24936758,-0.968407035],"shadowDarkenColor":[0,0,0,0]}
{"name":"dockLight_2111111111","class":"SpotLight","__parent":"dockSpotLights_3","position":[501.261292,1597.26514,105.100296],"innerAngle":0,"outerAngle":35,"range":50,"rotationMatrix":[-0.0589222908,-0.998262644,2.38418579e-07,0.265740424,-0.0156855583,-0.963917017,0.962242305,-0.0567961633,0.266202927],"shadowDarkenColor":[0,0,0,0]}
{"name":"dockLight_1711111111","class":"SpotLight","__parent":"dockSpotLights_3","position":[500.914429,1598.07056,105.100296],"innerAngle":0,"outerAngle":35,"range":50,"rotationMatrix":[0.596942544,-0.802284062,1.49011612e-07,0.213570654,0.15890789,-0.963916957,0.773335099,0.575403035,0.266203165],"shadowDarkenColor":[0,0,0,0]}
{"name":"dockLight_2411111111","class":"SpotLight","__parent":"dockSpotLights_3","position":[500.106201,1598.3291,105.100296],"innerAngle":0,"outerAngle":35,"range":50,"rotationMatrix":[0.999974191,-0.00718795229,-6.98491931e-10,0.00191345252,0.266195893,-0.963917136,0.00692859013,0.963892221,0.266202748],"shadowDarkenColor":[0,0,0,0]}
{"name":"dockLight_2211111111","class":"SpotLight","__parent":"dockSpotLights_3","position":[499.228333,1598.07715,105.100296],"innerAngle":0,"outerAngle":35,"range":50,"rotationMatrix":[0.155766487,0.97212249,0.175255358,-0.17381233,0.201626718,-0.963916898,-0.972381532,0.119684249,0.20037365],"shadowDarkenColor":[0,0,0,0]}
{"name":"dockLight_2311111111","class":"SpotLight","__parent":"dockSpotLights_3","position":[498.969543,1597.23865,105.100296],"innerAngle":0,"outerAngle":35,"range":50,"rotationMatrix":[0.0238621235,0.99971509,0,-0.266126782,0.00635230541,-0.963916898,-0.963642418,0.0230009258,0.266202807],"shadowDarkenColor":[0,0,0,0]}
{"name":"dockLight_1811111111","class":"SpotLight","__parent":"dockSpotLights_3","position":[499.262817,1596.41431,105.100296],"innerAngle":0,"outerAngle":35,"range":50,"rotationMatrix":[-0.621867895,0.783122301,0,-0.208469301,-0.165543079,-0.963917136,-0.754864991,-0.599429011,0.266202688],"shadowDarkenColor":[0,0,0,0]}
{"name":"dockLight_2011111111","class":"SpotLight","__parent":"dockSpotLights_3","position":[500.087097,1596.21521,105.100296],"innerAngle":0,"outerAngle":35,"range":50,"rotationMatrix":[-0.999106169,0.0422672108,-1.86264515e-09,-0.0112516442,-0.265964627,-0.963917017,-0.0407420844,-0.963055611,0.266202748],"shadowDarkenColor":[0,0,0,0]}
{"name":"dockLight_1911111111","class":"SpotLight","__parent":"dockSpotLights_3","position":[500.973267,1596.43628,105.100296],"innerAngle":0,"outerAngle":35,"range":50,"rotationMatrix":[-0.189777374,-0.966059208,0.175255567,0.16663149,-0.207600832,-0.963917077,0.967584014,-0.153726399,0.20037365],"shadowDarkenColor":[0,0,0,0]}
