{"class":"DecalRoad","persistentId":"1072bf54-b731-413e-b963-a39f0c85035a","__parent":"SimGroup_","position":[-618.531128,-630.075745,186.1474],"improvedSpline":true,"material":"checkered_line_alt","nodes":[[-618.531128,-630.075745,186.1474,0.5],[-615.539795,-635.396301,186.155441,0.5]]}
{"class":"DecalRoad","persistentId":"3686d3b2-f3ba-47ed-b671-68651131bacc","__parent":"SimGroup_","position":[-504.072876,-666.845886,158.502686],"improvedSpline":true,"material":"BlankWhite","nodes":[[-504.072876,-666.845886,158.502686,0.100000001],[-507.144897,-663.611572,159.540024,0.100000001],[-510.223267,-657.074646,160.966019,0.100000001],[-513.632874,-648.747681,162.422409,0.100000001],[-519.235718,-644.135315,163.069489,0.100000001],[-524.688965,-642.079224,163.31514,0.100000001],[-528.276367,-642.596069,163.571808,0.100000001]]}
{"class":"DecalRoad","persistentId":"7268824b-81a5-4547-8512-8384762c7dc3","__parent":"SimGroup_","position":[-473.632812,-641.828979,147.701324],"improvedSpline":true,"material":"BlankWhite","nodes":[[-473.632812,-641.828979,147.701324,0.100000001],[-467.150604,-643.020447,148.707947,0.100000001],[-461.572083,-647.139709,149.321274,0.100000001],[-456.425568,-654.617554,150.106628,0.100000001],[-453.724731,-663.607178,151.239868,0.100000001]]}
{"class":"DecalRoad","persistentId":"8e1231b0-d81e-4ca9-baa0-4ca90e873d85","__parent":"SimGroup_","position":[-420.964722,-636.744568,132.857559],"improvedSpline":true,"material":"BlankWhite","nodes":[[-420.964722,-636.744568,132.857559,0.100000001],[-429.000488,-632.037781,134.46257,0.100000001],[-435.948822,-628.410889,135.325104,0.100000001],[-447.497437,-627.716309,136.693268,0.100000001],[-462.992859,-627.480957,138.653931,0.100000001],[-477.212463,-624.210205,141.260818,0.100000001],[-485.025574,-621.711121,142.745697,0.100000001],[-492.876038,-621.779297,143.589981,0.100000001],[-500.132141,-627.306213,143.930573,0.100000001],[-501.272522,-630.230042,143.96843,0.100000001]]}
{"class":"DecalRoad","persistentId":"c95df90f-fab4-4419-9a22-14c1b5f967ef","__parent":"SimGroup_","position":[-553.355042,-669.005432,169.404877],"improvedSpline":true,"material":"BlankWhite","nodes":[[-553.355042,-669.005432,169.404877,0.100000001],[-559.958496,-669.462952,170.429306,0.100000001],[-567.61377,-671.312378,171.911758,0.100000001],[-572.643372,-673.797852,172.792206,0.100000001],[-577.886047,-674.858459,173.646729,0.100000001],[-586.160278,-674.010132,174.884537,0.100000001],[-594.920349,-673.179688,176.341934,0.100000001],[-601.822815,-676.254761,178.081512,0.100000001],[-612.205505,-681.439636,180.080994,0.100000001],[-626.447632,-684.729065,181.824722,0.100000001],[-634.829651,-684.58783,182.682892,0.100000001]]}
{"name":"SimGroup_","class":"SimGroup","persistentId":"833ecc59-50d1-4a42-9995-94e833611ec9","groupPosition":"-514.30711169953 -650.57390058802 156.92362959841"}
{"class":"TSStatic","persistentId":"012c06c6-2eec-47f7-b1dc-b6fd5b69d9a5","__parent":"SimGroup_","position":[-488.350922,-621.282288,143.197647],"isRenderEnabled":false,"rotationMatrix":[0.0815060139,0.996260226,0.0286760703,-0.988316596,0.0770712495,0.131493032,0.128791183,-0.0390585065,0.990902245],"shapeName":"/levels/west_coast_usa/art/shapes/objects/constructionbarrier.dae","useInstanceRenderData":true}
{"class":"TSStatic","persistentId":"02bf2f85-afda-4329-9dfa-7f03188519eb","__parent":"SimGroup_","position":[-474.158936,-641.8078,147.485611],"isRenderEnabled":false,"shapeName":"/levels/west_coast_usa/art/shapes/objects/sandbarrel.dae","useInstanceRenderData":true}
{"class":"TSStatic","persistentId":"0ffcd2cf-8084-43dc-83bd-3806e17b1419","__parent":"SimGroup_","position":[-569.353882,-672.082336,172.246094],"isRenderEnabled":false,"rotationMatrix":[-0.433238626,0.876425982,0.210194692,-0.869660497,-0.467743874,0.157817185,0.236632362,-0.11442551,0.96483779],"shapeName":"/levels/west_coast_usa/art/shapes/objects/constructionbarrier.dae","useInstanceRenderData":true}
{"class":"TSStatic","persistentId":"118a35a6-b7cf-4319-a02d-f70e5589d636","__parent":"SimGroup_","position":[-453.267853,-627.730957,137.383774],"isRenderEnabled":false,"rotationMatrix":[-0.0185295343,0.999750912,-0.0124382786,-0.992328465,-0.0168682337,0.122472703,0.122232392,0.014612224,0.992393911],"shapeName":"/levels/west_coast_usa/art/shapes/objects/constructionbarrier.dae","useInstanceRenderData":true}
{"class":"TSStatic","persistentId":"1202fde4-d635-4d38-aaac-1c5687c705ce","__parent":"SimGroup_","position":[-510.821014,-655.540649,161.260681],"isRenderEnabled":false,"rotationMatrix":[0.944230914,0.328924477,0.0153839085,-0.326414883,0.928827524,0.175307542,0.0433739498,-0.170552343,0.984393537],"shapeName":"/levels/west_coast_usa/art/shapes/objects/constructionbarrier.dae","useInstanceRenderData":true}
{"class":"TSStatic","persistentId":"133b9654-c5fb-4a0b-ad12-37594e779d6f","__parent":"SimGroup_","position":[-462.282837,-627.549988,138.547562],"isRenderEnabled":false,"rotationMatrix":[0.0928266048,0.995297313,-0.0276856124,-0.98549974,0.095808208,0.140039176,0.14203313,0.0142848119,0.989758849],"shapeName":"/levels/west_coast_usa/art/shapes/objects/constructionbarrier.dae","useInstanceRenderData":true}
{"class":"TSStatic","persistentId":"142d4251-71c0-41d9-99f9-23971b4e85bc","__parent":"SimGroup_","position":[-420.727753,-636.59375,132.601288],"isRenderEnabled":false,"shapeName":"/levels/west_coast_usa/art/shapes/objects/sandbarrel.dae","useInstanceRenderData":true}
{"class":"TSStatic","persistentId":"14337cda-352a-493a-8bb8-7df32f1f9d61","__parent":"SimGroup_","position":[-560.806946,-669.610229,170.555954],"isRenderEnabled":false,"rotationMatrix":[-0.110984325,0.911694407,0.395595372,-0.972941995,-0.180840135,0.143807516,0.202648029,-0.368930995,0.907096267],"shapeName":"/levels/west_coast_usa/art/shapes/objects/constructionbarrier.dae","useInstanceRenderData":true}
{"class":"TSStatic","persistentId":"14e06794-83c2-4e9c-b0de-5a82e3a5ab73","__parent":"SimGroup_","position":[-557.83252,-669.220337,170.123688],"isRenderEnabled":false,"rotationMatrix":[0.0235852599,0.945267498,0.325443238,-0.98799032,-0.0276858807,0.152016252,0.152706146,-0.325120091,0.933261871],"shapeName":"/levels/west_coast_usa/art/shapes/objects/constructionbarrier.dae","useInstanceRenderData":true}
{"class":"TSStatic","persistentId":"1af6c5cd-4e99-4a22-b2af-115971d65cfb","__parent":"SimGroup_","position":[-507.115692,-663.654724,159.529434],"isRenderEnabled":false,"rotationMatrix":[0.829939008,0.557642043,0.0153820179,-0.548867285,0.811329067,0.201220647,0.099729225,-0.175443545,0.979425132],"shapeName":"/levels/west_coast_usa/art/shapes/objects/constructionbarrier.dae","useInstanceRenderData":true}
{"class":"TSStatic","persistentId":"1f98d369-d7d1-4f75-b677-4549109b996c","__parent":"SimGroup_","position":[-491.359833,-621.381958,143.489792],"isRenderEnabled":false,"rotationMatrix":[-0.141587019,0.989671946,0.0224161353,-0.98697567,-0.142875791,0.073928453,0.076367639,-0.0116568673,0.997011602],"shapeName":"/levels/west_coast_usa/art/shapes/objects/constructionbarrier.dae","useInstanceRenderData":true}
{"class":"TSStatic","persistentId":"24874a20-1b16-4cef-bd42-c97029343f3b","__parent":"SimGroup_","position":[-503.603943,-667.026672,158.239395],"isRenderEnabled":false,"rotationMatrix":[0.979789376,0,-0.20003207,0,1,0,0.20003207,0,0.979789376],"shapeName":"/levels/west_coast_usa/art/shapes/objects/sandbarrel.dae","useInstanceRenderData":true}
{"class":"TSStatic","persistentId":"2970ed17-f6c8-4f03-96ff-db0ccd6c0230","__parent":"SimGroup_","position":[-574.814026,-674.476685,173.179047],"isRenderEnabled":false,"rotationMatrix":[-0.2482903,0.967323601,0.051350601,-0.955643833,-0.253272414,0.150325999,0.158419579,-0.0117484033,0.987302005],"shapeName":"/levels/west_coast_usa/art/shapes/objects/constructionbarrier.dae","useInstanceRenderData":true}
{"class":"TSStatic","persistentId":"2dfc7dc8-3c4a-4d5d-8f96-0af95ef53925","__parent":"SimGroup_","position":[-577.781921,-674.855042,173.631256],"isRenderEnabled":false,"rotationMatrix":[0.0132663846,0.954541564,0.297782362,-0.988500357,-0.0323445797,0.147718966,0.15063557,-0.296317637,0.943135619],"shapeName":"/levels/west_coast_usa/art/shapes/objects/constructionbarrier.dae","useInstanceRenderData":true}
{"class":"TSStatic","persistentId":"2fdc7f3f-9d84-4597-890b-cf914e4a1f22","__parent":"SimGroup_","position":[-401.275024,-640.219666,130.168457],"isRenderEnabled":false,"rotationMatrix":[-0.706781387,0.707432449,0,-0.707432449,-0.706781387,0,0,0,1],"shapeName":"/levels/west_coast_usa/art/shapes/race/sign_checkpoint.dae","useInstanceRenderData":true}
{"class":"TSStatic","persistentId":"329bcecd-9cc2-4f70-ad35-8dd176e5e259","__parent":"SimGroup_","position":[-512.93573,-649.945007,162.235153],"isRenderEnabled":false,"rotationMatrix":[0.884152353,0.465277433,0.0423260927,-0.467118919,0.882040083,0.0616864599,-0.00863199122,-0.074311547,0.997197688],"shapeName":"/levels/west_coast_usa/art/shapes/objects/constructionbarrier.dae","useInstanceRenderData":true}
{"class":"TSStatic","persistentId":"32e505c4-b810-4c7a-b198-273df7567928","__parent":"SimGroup_","position":[-632.22113,-684.809631,182.440079],"isRenderEnabled":false,"rotationMatrix":[0.113565207,0.947957933,0.297453761,-0.990638912,0.0852153301,0.106643654,0.0757460743,-0.306780279,0.948761523],"shapeName":"/levels/west_coast_usa/art/shapes/objects/constructionbarrier.dae","useInstanceRenderData":true}
{"class":"TSStatic","persistentId":"36000f3b-69aa-4ac5-bab1-0d364e5a89c7","__parent":"SimGroup_","position":[-553.145203,-669.047791,169.225494],"isRenderEnabled":false,"shapeName":"/levels/west_coast_usa/art/shapes/objects/sandbarrel.dae","useInstanceRenderData":true}
{"class":"TSStatic","persistentId":"38acff26-774d-488a-96db-9dd03cbeac25","__parent":"SimGroup_","position":[-466.358521,-643.400391,148.833588],"isRenderEnabled":false,"rotationMatrix":[-0.45872438,-0.88846916,0.0139438398,0.879335582,-0.451639295,0.150966465,-0.127831474,0.0815133154,0.988440514],"shapeName":"/levels/west_coast_usa/art/shapes/objects/constructionbarrier.dae","useInstanceRenderData":true}
{"class":"TSStatic","persistentId":"39f1d160-09c9-4671-be0b-08a170602c3d","__parent":"SimGroup_","position":[-494.184967,-622.416565,143.664154],"isRenderEnabled":false,"rotationMatrix":[-0.481519699,0.875812471,-0.0330354832,-0.875120103,-0.47839129,0.0728477463,0.0479970835,0.0639876351,0.996795774],"shapeName":"/levels/west_coast_usa/art/shapes/objects/constructionbarrier.dae","useInstanceRenderData":true}
{"class":"TSStatic","persistentId":"3ca6843f-9b7d-4d62-8cfc-e3c99ba621ad","__parent":"SimGroup_","position":[-589.692566,-673.494141,175.41716],"isRenderEnabled":false,"rotationMatrix":[0.15834707,0.98733139,0.0101441815,-0.975862503,0.1549263,0.153916523,0.150395006,-0.0342715532,0.988031805],"shapeName":"/levels/west_coast_usa/art/shapes/objects/constructionbarrier.dae","useInstanceRenderData":true}
{"class":"TSStatic","persistentId":"3dc71594-ac94-4a9b-95f0-9ffbbbeb792c","__parent":"SimGroup_","position":[-615.5896,-635.44165,186.437164],"isRenderEnabled":false,"rotationMatrix":[0.538622618,-0.842547178,0,0.842547178,0.538622618,0,0,0,1],"shapeName":"/levels/west_coast_usa/art/shapes/race/sign_finish.dae","useInstanceRenderData":true}
{"class":"TSStatic","persistentId":"3eaf1e6e-14f9-41e7-95e5-625f2d53f96c","__parent":"SimGroup_","position":[-608.834412,-680.021851,179.519989],"isRenderEnabled":false,"rotationMatrix":[-0.440305233,0.896915495,0.0409151278,-0.883092225,-0.440846801,0.160630703,0.16210945,0.0345946923,0.986166179],"shapeName":"/levels/west_coast_usa/art/shapes/objects/constructionbarrier.dae","useInstanceRenderData":true}
{"class":"TSStatic","persistentId":"4050316d-9925-4159-98fd-bfe2495971ac","__parent":"SimGroup_","position":[-500.930725,-628.408142,143.842667],"isRenderEnabled":false,"rotationMatrix":[-0.814424872,0.329497755,-0.477643907,-0.382845044,-0.92368114,0.0155923963,-0.436052918,0.195562422,0.878415167],"shapeName":"/levels/west_coast_usa/art/shapes/objects/constructionbarrier.dae","useInstanceRenderData":true}
{"class":"TSStatic","persistentId":"43f04c0f-75b3-4ce8-909b-d2716fdfa4c5","__parent":"SimGroup_","position":[-422.244141,-635.986511,133.147919],"isRenderEnabled":false,"rotationMatrix":[0.505949378,0.861931682,-0.033000201,-0.846503019,0.503513813,0.17293489,0.16567412,-0.059561532,0.984380245],"shapeName":"/levels/west_coast_usa/art/shapes/objects/constructionbarrier.dae","useInstanceRenderData":true}
{"class":"TSStatic","persistentId":"4e13e406-61dd-4734-a605-949027f05b87","__parent":"SimGroup_","position":[-463.83725,-645.027039,149.092163],"isRenderEnabled":false,"rotationMatrix":[-0.617391467,-0.785028696,-0.050575316,0.775681853,-0.618220568,0.126969591,-0.130941465,0.0391595811,0.990616381],"shapeName":"/levels/west_coast_usa/art/shapes/objects/constructionbarrier.dae","useInstanceRenderData":true}
{"class":"TSStatic","persistentId":"50ee6363-1083-4dbd-987e-8ce4ef484abd","__parent":"SimGroup_","position":[-580.773682,-674.675476,174.077332],"isRenderEnabled":false,"rotationMatrix":[0.135520756,0.980997384,0.138846114,-0.981921136,0.114291906,0.150891185,0.132154867,-0.156784832,0.978751063],"shapeName":"/levels/west_coast_usa/art/shapes/objects/constructionbarrier.dae","useInstanceRenderData":true}
{"class":"TSStatic","persistentId":"53c22b20-1eff-4429-953a-9cbf77100486","__parent":"SimGroup_","position":[-508.495758,-661.0271,160.139587],"isRenderEnabled":false,"rotationMatrix":[0.906899095,0.421160519,0.0125653595,-0.415093839,0.887921393,0.198223874,0.0723270178,-0.184984848,0.980076253],"shapeName":"/levels/west_coast_usa/art/shapes/objects/constructionbarrier.dae","useInstanceRenderData":true}
{"class":"TSStatic","persistentId":"5639fe17-7dcc-4922-bfa9-603cb9f45675","__parent":"SimGroup_","position":[-511.798248,-652.716431,161.773666],"isRenderEnabled":false,"rotationMatrix":[0.944035828,0.328997999,0.0235931501,-0.328356594,0.930592179,0.161802918,0.0312772356,-0.160494715,0.986541033],"shapeName":"/levels/west_coast_usa/art/shapes/objects/constructionbarrier.dae","useInstanceRenderData":true}
{"class":"TSStatic","persistentId":"595166eb-674d-42f4-8dfa-de52cb73a34f","__parent":"SimGroup_","position":[-432.518829,-629.813843,134.936172],"isRenderEnabled":false,"rotationMatrix":[0.520169437,0.853261471,-0.0369954705,-0.840603948,0.51915139,0.154488891,0.151025668,-0.0492618568,0.987301648],"shapeName":"/levels/west_coast_usa/art/shapes/objects/constructionbarrier.dae","useInstanceRenderData":true}
{"class":"TSStatic","persistentId":"5bef7352-418e-4179-8fb7-ef6d4d6c186a","__parent":"SimGroup_","position":[-438.220703,-628.045166,135.609772],"isRenderEnabled":false,"rotationMatrix":[0.1080181,0.994146407,0.00222294033,-0.98566848,0.106804967,0.130576476,0.129574731,-0.0162956975,0.991435766],"shapeName":"/levels/west_coast_usa/art/shapes/objects/constructionbarrier.dae","useInstanceRenderData":true}
{"class":"TSStatic","persistentId":"61548e73-1707-49dc-91de-9b84358b31d2","__parent":"SimGroup_","position":[-583.748718,-674.296875,174.526154],"isRenderEnabled":false,"rotationMatrix":[0.132327974,0.991182923,0.00676380098,-0.980362773,0.129870713,0.148399577,0.146212712,-0.0262683891,0.988904357],"shapeName":"/levels/west_coast_usa/art/shapes/objects/constructionbarrier.dae","useInstanceRenderData":true}
{"class":"TSStatic","persistentId":"6168b9f4-b891-4c46-a8ed-ba5c1f549b0c","__parent":"SimGroup_","position":[-496.662384,-624.153992,143.804642],"isRenderEnabled":false,"rotationMatrix":[-0.635582924,0.768900812,-0.0694684982,-0.771913469,-0.634487867,0.0396840423,-0.0135638211,0.0788461715,0.996794522],"shapeName":"/levels/west_coast_usa/art/shapes/objects/constructionbarrier.dae","useInstanceRenderData":true}
{"class":"TSStatic","persistentId":"6622d81b-bce8-4de7-ba8a-761cf0818206","__parent":"SimGroup_","position":[-554.846497,-669.066345,169.661591],"isRenderEnabled":false,"rotationMatrix":[0.114232302,0.992431223,0.0450743176,-0.980663598,0.105388224,0.164901853,0.158903405,-0.063039884,0.9852795],"shapeName":"/levels/west_coast_usa/art/shapes/objects/constructionbarrier.dae","useInstanceRenderData":true}
{"class":"TSStatic","persistentId":"6760476b-1808-41d3-8926-df12454158bf","__parent":"SimGroup_","position":[-456.488007,-654.492615,150.112045],"isRenderEnabled":false,"rotationMatrix":[-0.89624691,-0.433928221,0.0919124931,0.442967802,-0.886296749,0.135121599,0.0228286572,0.161816582,0.986556768],"shapeName":"/levels/west_coast_usa/art/shapes/objects/constructionbarrier.dae","useInstanceRenderData":true}
{"class":"TSStatic","persistentId":"68ba1b00-3d33-4053-9877-e92e995eb694","__parent":"SimGroup_","position":[-519.53717,-643.961792,163.086212],"isRenderEnabled":false,"rotationMatrix":[0.500181079,0.864991903,0.0400984026,-0.865611315,0.498227954,0.0498591736,0.0231496356,-0.0596482456,0.997950971],"shapeName":"/levels/west_coast_usa/art/shapes/objects/constructionbarrier.dae","useInstanceRenderData":true}
{"class":"TSStatic","persistentId":"6966d776-de3f-4eb3-9ab6-73875615d4ff","__parent":"SimGroup_","position":[-457.960419,-651.867249,149.713684],"isRenderEnabled":false,"rotationMatrix":[-0.841227531,-0.537232459,-0.0609706044,0.523239791,-0.837309122,0.158534795,-0.13622129,0.101461589,0.985469103],"shapeName":"/levels/west_coast_usa/art/shapes/objects/constructionbarrier.dae","useInstanceRenderData":true}
{"class":"TSStatic","persistentId":"6ac34a48-9d51-4383-baa9-e9bacfac8d92","__parent":"SimGroup_","position":[-461.625641,-647.083496,149.307007],"isRenderEnabled":false,"rotationMatrix":[-0.71944797,-0.692341805,-0.0552927107,0.686966181,-0.72106719,0.0902194083,-0.102332428,0.0269239582,0.994385839],"shapeName":"/levels/west_coast_usa/art/shapes/objects/constructionbarrier.dae","useInstanceRenderData":true}
{"class":"TSStatic","persistentId":"6bcf4b75-2f82-4092-b6e5-d72501106ff6","__parent":"SimGroup_","position":[-424.806183,-634.465515,133.720276],"isRenderEnabled":false,"rotationMatrix":[0.505346894,0.862535894,-0.0256196782,-0.848174512,0.501959205,0.169224888,0.158822566,-0.0637873188,0.985244393],"shapeName":"/levels/west_coast_usa/art/shapes/objects/constructionbarrier.dae","useInstanceRenderData":true}
{"class":"TSStatic","persistentId":"6c80eee4-65a9-45cf-b424-c4aa3aca7d6f","__parent":"SimGroup_","position":[-429.990143,-631.44696,134.59317],"isRenderEnabled":false,"rotationMatrix":[0.52949214,0.84807533,-0.0201553963,-0.844447792,0.529195726,0.0828236789,0.080906868,-0.0268343072,0.996360362],"shapeName":"/levels/west_coast_usa/art/shapes/objects/constructionbarrier.dae","useInstanceRenderData":true}
{"class":"TSStatic","persistentId":"6d6ffeba-93c4-4df0-a1f9-574a7f003333","__parent":"SimGroup_","position":[-465.249939,-627.14386,139.018326],"isRenderEnabled":false,"rotationMatrix":[0.164069533,0.986321211,-0.015862368,-0.972288489,0.164408267,0.16620791,0.166542292,-0.0118468553,0.985963166],"shapeName":"/levels/west_coast_usa/art/shapes/objects/constructionbarrier.dae","useInstanceRenderData":true}
{"class":"TSStatic","persistentId":"709a36eb-5340-42c7-b886-7f6781df61db","__parent":"SimGroup_","position":[-427.38916,-632.953979,134.173141],"isRenderEnabled":false,"rotationMatrix":[0.502058864,0.864825547,0.00370203704,-0.850227773,0.492791951,0.185118601,0.158270955,-0.0960880071,0.982709229],"shapeName":"/levels/west_coast_usa/art/shapes/objects/constructionbarrier.dae","useInstanceRenderData":true}
{"class":"TSStatic","persistentId":"7120f80f-dba0-42d4-b567-6c67052c1651","__parent":"SimGroup_","position":[-600.940247,-675.811523,177.883804],"isRenderEnabled":false,"rotationMatrix":[-0.468380094,0.883514702,0.00469107181,-0.865770161,-0.46001935,0.197039068,0.176244885,0.0882277787,0.980384409],"shapeName":"/levels/west_coast_usa/art/shapes/objects/constructionbarrier.dae","useInstanceRenderData":true}
{"class":"TSStatic","persistentId":"71b24656-e990-46c9-90e9-6d7bcaf4e3d1","__parent":"SimGroup_","position":[-566.578308,-670.982788,171.780426],"isRenderEnabled":false,"rotationMatrix":[-0.288730025,0.957027972,0.0270663686,-0.951798141,-0.289979219,0.0999617726,0.103514895,0.00310023502,0.994623065],"shapeName":"/levels/west_coast_usa/art/shapes/objects/constructionbarrier.dae","useInstanceRenderData":true}
{"class":"TSStatic","persistentId":"78aef933-f3fb-4d80-9d71-68e6759ca0cb","__parent":"SimGroup_","position":[-459.686401,-649.392639,149.553223],"isRenderEnabled":false,"rotationMatrix":[-0.784022927,-0.618683815,-0.0503836907,0.603281856,-0.778578639,0.172819078,-0.146148041,0.105098546,0.983664095],"shapeName":"/levels/west_coast_usa/art/shapes/objects/constructionbarrier.dae","useInstanceRenderData":true}
{"class":"TSStatic","persistentId":"7c9c751f-184b-4454-bec6-1d2cae7d15a9","__parent":"SimGroup_","position":[-473.96228,-625.092651,140.619064],"isRenderEnabled":false,"rotationMatrix":[0.2678473,0.963295817,0.0178596303,-0.943323016,0.258433461,0.208215773,0.195957869,-0.072617434,0.977919817],"shapeName":"/levels/west_coast_usa/art/shapes/objects/constructionbarrier.dae","useInstanceRenderData":true}
{"class":"TSStatic","persistentId":"7d1afb5d-1fce-4629-8791-b7fcd6b4e385","__parent":"SimGroup_","position":[-592.660767,-673.123596,175.909103],"isRenderEnabled":false,"rotationMatrix":[0.0427041054,0.998968542,0.0154310539,-0.983330667,0.0392933488,0.177529827,0.176740378,-0.0227550864,0.983994424],"shapeName":"/levels/west_coast_usa/art/shapes/objects/constructionbarrier.dae","useInstanceRenderData":true}
{"class":"TSStatic","persistentId":"7faaddea-f2dd-40ce-8127-304ea453f6b0","__parent":"SimGroup_","position":[-617.346619,-682.919617,180.76474],"isRenderEnabled":false,"rotationMatrix":[-0.226375699,0.959890127,0.165423483,-0.962009788,-0.246941447,0.116434738,0.152614474,-0.132781014,0.979325294],"shapeName":"/levels/west_coast_usa/art/shapes/objects/constructionbarrier.dae","useInstanceRenderData":true}
{"class":"TSStatic","persistentId":"80574fde-8f33-4042-873c-7b174ccade49","__parent":"SimGroup_","position":[-509.692719,-658.301941,160.718689],"isRenderEnabled":false,"rotationMatrix":[0.920029998,0.391105354,0.0241121538,-0.388693392,0.903101742,0.182550609,0.0496207885,-0.177324265,0.982900739],"shapeName":"/levels/west_coast_usa/art/shapes/objects/constructionbarrier.dae","useInstanceRenderData":true}
{"class":"TSStatic","persistentId":"82d2f76d-b6ff-4132-aea3-93a37796bfaa","__parent":"SimGroup_","position":[-626.206299,-684.692932,181.794693],"isRenderEnabled":false,"rotationMatrix":[-0.0922349691,0.926778853,0.364106685,-0.981139362,-0.146972895,0.125556588,0.169877023,-0.34565872,0.922855258],"shapeName":"/levels/west_coast_usa/art/shapes/objects/constructionbarrier.dae","useInstanceRenderData":true}
{"class":"TSStatic","persistentId":"83efa165-88ab-45ac-848d-4cd5b2e62f8f","__parent":"SimGroup_","position":[-406.206482,-636.476196,130.109344],"isRenderEnabled":false,"rotationMatrix":[-0.706781387,0.707432449,0,-0.707432449,-0.706781387,0,0,0,1],"shapeName":"/levels/west_coast_usa/art/shapes/race/sign_checkpoint.dae","useInstanceRenderData":true}
{"class":"TSStatic","persistentId":"86d8da3b-0f23-4617-874e-5f0f8fa863e3","__parent":"SimGroup_","position":[-620.283691,-683.600281,181.083038],"isRenderEnabled":false,"rotationMatrix":[-0.137482762,0.949053347,0.283541471,-0.97180444,-0.184603333,0.146687865,0.191557407,-0.255379826,0.947674453],"shapeName":"/levels/west_coast_usa/art/shapes/objects/constructionbarrier.dae","useInstanceRenderData":true}
{"class":"TSStatic","persistentId":"9225aa6f-eec0-4157-9e6b-1705a455285e","__parent":"SimGroup_","position":[-516.973816,-645.569031,162.896469],"isRenderEnabled":false,"rotationMatrix":[0.57902056,0.813292742,0.0573594421,-0.814518213,0.57391727,0.084728986,0.0359898955,-0.0957801342,0.994751692],"shapeName":"/levels/west_coast_usa/art/shapes/objects/constructionbarrier.dae","useInstanceRenderData":true}
{"class":"TSStatic","persistentId":"92966174-1879-4d70-b594-d9efa14eb7fa","__parent":"SimGroup_","position":[-595.619934,-673.308716,176.49408],"isRenderEnabled":false,"rotationMatrix":[-0.249220014,0.968118191,0.0252280459,-0.941145897,-0.248253942,0.229377836,0.228327811,0.0334222913,0.97301048],"shapeName":"/levels/west_coast_usa/art/shapes/objects/constructionbarrier.dae","useInstanceRenderData":true}
{"class":"TSStatic","persistentId":"92e6c3c0-6104-40fd-bfa7-de9fb9508a4c","__parent":"SimGroup_","position":[-456.276733,-627.768433,137.759583],"isRenderEnabled":false,"rotationMatrix":[-0.00410962105,0.9998914,-0.0141511708,-0.992100954,-0.00230252743,0.125420928,0.12537472,0.014554821,0.992002666],"shapeName":"/levels/west_coast_usa/art/shapes/objects/constructionbarrier.dae","useInstanceRenderData":true}
{"class":"TSStatic","persistentId":"95006200-281b-4e24-b07b-781d1f435f10","__parent":"SimGroup_","position":[-453.860291,-663.11908,151.111084],"isRenderEnabled":false,"rotationMatrix":[-0.966800213,-0.252851546,-0.0369241089,0.243718132,-0.955850959,0.164165378,-0.076803416,0.149716049,0.985741496],"shapeName":"/levels/west_coast_usa/art/shapes/objects/constructionbarrier.dae","useInstanceRenderData":true}
{"class":"TSStatic","persistentId":"950ee0c0-c6e3-45eb-ad6b-6768be7fba17","__parent":"SimGroup_","position":[-468.178986,-626.558838,139.544785],"isRenderEnabled":false,"rotationMatrix":[0.212382197,0.977153122,-0.0080999136,-0.96196419,0.210523963,0.174082279,0.171810254,-0.0291801617,0.984697819],"shapeName":"/levels/west_coast_usa/art/shapes/objects/constructionbarrier.dae","useInstanceRenderData":true}
{"class":"TSStatic","persistentId":"99416af1-0fef-4406-81a6-cdd1b75dbdfe","__parent":"SimGroup_","position":[-606.188599,-678.630127,179.013748],"isRenderEnabled":false,"rotationMatrix":[-0.415935636,0.862000883,0.289744586,-0.863214076,-0.47447896,0.172426909,0.286109895,-0.178393126,0.941444099],"shapeName":"/levels/west_coast_usa/art/shapes/objects/constructionbarrier.dae","useInstanceRenderData":true}
{"class":"TSStatic","persistentId":"9b5ced70-9609-4cc9-ac83-9617f8672ad9","__parent":"SimGroup_","position":[-618.38501,-630.309875,186.463074],"isRenderEnabled":false,"rotationMatrix":[0.538622618,-0.842547178,0,0.842547178,0.538622618,0,0,0,1],"shapeName":"/levels/west_coast_usa/art/shapes/race/sign_finish.dae","useInstanceRenderData":true}
{"class":"TSStatic","persistentId":"9cfa3bd9-011d-4390-bf53-024e2ec87a52","__parent":"SimGroup_","position":[-471.079254,-625.859802,140.083939],"isRenderEnabled":false,"rotationMatrix":[0.245510757,0.969376147,0.00585274398,-0.950213969,0.239453793,0.199387327,0.191879869,-0.0545130819,0.979903281],"shapeName":"/levels/west_coast_usa/art/shapes/objects/constructionbarrier.dae","useInstanceRenderData":true}
{"class":"TSStatic","persistentId":"a23c2856-5122-4393-99da-a156b97f1845","__parent":"SimGroup_","position":[-614.439331,-682.139709,180.400635],"isRenderEnabled":false,"rotationMatrix":[-0.280520678,0.959005773,0.0401993394,-0.949730694,-0.283385158,0.133057833,0.138995126,-0.000853061676,0.990292668],"shapeName":"/levels/west_coast_usa/art/shapes/objects/constructionbarrier.dae","useInstanceRenderData":true}
{"class":"TSStatic","persistentId":"a325e3fc-56be-4005-9219-cc68555fc893","__parent":"SimGroup_","position":[-611.584106,-681.209473,179.98494],"isRenderEnabled":false,"rotationMatrix":[-0.346678734,0.937973261,0.00449031591,-0.927794933,-0.343612671,0.145351782,0.137879014,0.0462242626,0.989369869],"shapeName":"/levels/west_coast_usa/art/shapes/objects/constructionbarrier.dae","useInstanceRenderData":true}
{"class":"TSStatic","persistentId":"a364095e-ca67-4718-a734-d4f41e9dcfb3","__parent":"SimGroup_","position":[-563.734741,-670.226257,171.046585],"isRenderEnabled":false,"rotationMatrix":[-0.18383956,0.95665586,0.225859523,-0.954478621,-0.228645086,0.191551477,0.234890521,-0.180363357,0.955141604],"shapeName":"/levels/west_coast_usa/art/shapes/objects/constructionbarrier.dae","useInstanceRenderData":true}
{"class":"TSStatic","persistentId":"ab4f313c-8f43-4767-bada-b7f73214d576","__parent":"SimGroup_","position":[-455.408844,-657.303894,150.39444],"isRenderEnabled":false,"rotationMatrix":[-0.956634402,-0.291183263,0.00793415681,0.290979594,-0.95399642,0.0722622424,-0.0134723969,0.0714372247,0.99735409],"shapeName":"/levels/west_coast_usa/art/shapes/objects/constructionbarrier.dae","useInstanceRenderData":true}
{"class":"TSStatic","persistentId":"b3fc420e-243c-4f2b-8a15-1ec888d5a087","__parent":"SimGroup_","position":[-450.257751,-627.688354,137.021545],"isRenderEnabled":false,"rotationMatrix":[-0.0113192797,0.999908268,-0.00744163617,-0.992821157,-0.0103522539,0.119159594,0.119071618,0.00873700902,0.992847204],"shapeName":"/levels/west_coast_usa/art/shapes/objects/constructionbarrier.dae","useInstanceRenderData":true}
{"class":"TSStatic","persistentId":"b4d11fd3-5f55-4a89-81e2-f890e5e1da44","__parent":"SimGroup_","position":[-479.686035,-623.444458,141.75827],"isRenderEnabled":false,"rotationMatrix":[0.330370784,0.943629205,0.0204727426,-0.930812061,0.322137117,0.172674656,0.156345814,-0.0761029422,0.984766126],"shapeName":"/levels/west_coast_usa/art/shapes/objects/constructionbarrier.dae","useInstanceRenderData":true}
{"class":"TSStatic","persistentId":"b584a071-f134-467c-be1a-f880ee6862a3","__parent":"SimGroup_","position":[-472.148224,-642.005676,147.949142],"isRenderEnabled":false,"rotationMatrix":[-0.104086757,-0.994558692,-0.00433906168,0.981533289,-0.103425622,0.160920754,-0.16049391,0.0124907792,0.986957788],"shapeName":"/levels/west_coast_usa/art/shapes/objects/constructionbarrier.dae","useInstanceRenderData":true}
{"class":"TSStatic","persistentId":"b94e09e5-2057-4757-a938-a0d2aafc383e","__parent":"SimGroup_","position":[-603.586487,-677.172363,178.466446],"isRenderEnabled":false,"rotationMatrix":[-0.483338356,0.875358403,0.0114840418,-0.85886997,-0.4766922,0.187368572,0.169488996,0.0806991085,0.982222557],"shapeName":"/levels/west_coast_usa/art/shapes/objects/constructionbarrier.dae","useInstanceRenderData":true}
{"class":"TSStatic","persistentId":"b984aa2a-c6c2-4ba6-b702-59fc326bbf04","__parent":"SimGroup_","position":[-485.369965,-621.657776,142.800308],"isRenderEnabled":false,"rotationMatrix":[0.160387874,0.985847414,0.048792474,-0.976631224,0.151335478,0.152607739,0.143063903,-0.0721286908,0.987081647],"shapeName":"/levels/west_coast_usa/art/shapes/objects/constructionbarrier.dae","useInstanceRenderData":true}
{"class":"TSStatic","persistentId":"c305db92-7d0b-4f76-9937-de9c67cb314c","__parent":"SimGroup_","position":[-522.292725,-642.714722,163.231461],"isRenderEnabled":false,"rotationMatrix":[0.342998445,0.938473403,0.0402456857,-0.938827455,0.341088295,0.0475587994,0.0309053324,-0.0540963486,0.998057365],"shapeName":"/levels/west_coast_usa/art/shapes/objects/constructionbarrier.dae","useInstanceRenderData":true}
{"class":"TSStatic","persistentId":"c33bec55-0c81-4456-8ca7-035a5503b7ef","__parent":"SimGroup_","position":[-623.237122,-684.19574,181.429474],"isRenderEnabled":false,"rotationMatrix":[-0.150526762,0.963722765,0.220408931,-0.97704953,-0.179012418,0.115450233,0.150717959,-0.197972089,0.96855104],"shapeName":"/levels/west_coast_usa/art/shapes/objects/constructionbarrier.dae","useInstanceRenderData":true}
{"class":"TSStatic","persistentId":"c4218b51-bca1-42ee-9f5f-43a437d9d7b7","__parent":"SimGroup_","position":[-441.224213,-627.852356,135.961487],"isRenderEnabled":false,"rotationMatrix":[0.0328405499,0.999453127,-0.00385500863,-0.992637813,0.0330660343,0.11651884,0.116582587,9.31322575e-08,0.99318099],"shapeName":"/levels/west_coast_usa/art/shapes/objects/constructionbarrier.dae","useInstanceRenderData":true}
{"class":"TSStatic","persistentId":"c7c13eca-c99d-4d5e-bb49-87f4e5ee6510","__parent":"SimGroup_","position":[-514.662659,-647.503296,162.614777],"isRenderEnabled":false,"rotationMatrix":[0.716830373,0.694450796,0.0623882264,-0.696659505,0.709678769,0.104983866,0.0286305323,-0.118718982,0.992515028],"shapeName":"/levels/west_coast_usa/art/shapes/objects/constructionbarrier.dae","useInstanceRenderData":true}
{"class":"TSStatic","persistentId":"d2877e86-44b3-4086-b41d-704e17b96be9","__parent":"SimGroup_","position":[-629.208496,-684.929749,182.127258],"isRenderEnabled":false,"rotationMatrix":[-0.00185024738,0.975367546,0.220578432,-0.99431777,-0.0252722502,0.103409559,0.106436819,-0.219133705,0.969871938],"shapeName":"/levels/west_coast_usa/art/shapes/objects/constructionbarrier.dae","useInstanceRenderData":true}
{"class":"TSStatic","persistentId":"d397e3fc-da0a-4caa-9191-30ff5953d8b9","__parent":"SimGroup_","position":[-476.835938,-624.310791,141.194382],"isRenderEnabled":false,"rotationMatrix":[0.261868775,0.964820087,0.0233835354,-0.952428043,0.254439712,0.16775313,0.155901909,-0.0662004501,0.985551655],"shapeName":"/levels/west_coast_usa/art/shapes/objects/constructionbarrier.dae","useInstanceRenderData":true}
{"class":"TSStatic","persistentId":"db5d42af-7588-479c-bfbd-69eb1f891bf3","__parent":"SimGroup_","position":[-586.727844,-673.944458,174.967728],"isRenderEnabled":false,"rotationMatrix":[0.114211082,0.993445158,-0.00475875288,-0.982870221,0.113690197,0.14505434,0.144644558,-0.0118895918,0.989412248],"shapeName":"/levels/west_coast_usa/art/shapes/objects/constructionbarrier.dae","useInstanceRenderData":true}
{"class":"TSStatic","persistentId":"df8cda87-6c34-48d2-b267-fcd8e22878f3","__parent":"SimGroup_","position":[-598.340759,-674.381287,177.26152],"isRenderEnabled":false,"rotationMatrix":[-0.465276599,0.88512063,0.00889613479,-0.855625391,-0.452301264,0.251651824,0.22676596,0.109475955,0.967776954],"shapeName":"/levels/west_coast_usa/art/shapes/objects/constructionbarrier.dae","useInstanceRenderData":true}
{"class":"TSStatic","persistentId":"e4dbc4ed-380c-4640-9409-405222f106c7","__parent":"SimGroup_","position":[-459.283997,-627.733521,138.146164],"isRenderEnabled":false,"rotationMatrix":[0.0316487551,0.999321461,-0.0188408233,-0.990889788,0.0338394046,0.130354941,0.130904064,0.0145436041,0.991288364],"shapeName":"/levels/west_coast_usa/art/shapes/objects/constructionbarrier.dae","useInstanceRenderData":true}
{"class":"TSStatic","persistentId":"e6543ff7-f24c-478c-85a7-f68140385bf4","__parent":"SimGroup_","position":[-469.186768,-642.421997,148.441452],"isRenderEnabled":false,"rotationMatrix":[-0.198058367,-0.978104115,0.06391491,0.967162132,-0.184414029,0.17489627,-0.159279957,0.0964557827,0.982510149],"shapeName":"/levels/west_coast_usa/art/shapes/objects/constructionbarrier.dae","useInstanceRenderData":true}
{"class":"TSStatic","persistentId":"e70518a0-5e48-4ace-a6e7-065bfc3b6668","__parent":"SimGroup_","position":[-444.235748,-627.788574,136.310822],"isRenderEnabled":false,"rotationMatrix":[0.0148834586,0.999860287,-0.007613305,-0.993068814,0.0156693459,0.116485588,0.116588607,0.00582681596,0.993163228],"shapeName":"/levels/west_coast_usa/art/shapes/objects/constructionbarrier.dae","useInstanceRenderData":true}
{"class":"TSStatic","persistentId":"eefc395e-ff95-4b8e-97aa-e721f0f4afe3","__parent":"SimGroup_","position":[-571.978394,-673.527466,172.711838],"isRenderEnabled":false,"rotationMatrix":[-0.342604876,0.911808431,0.226336271,-0.905832469,-0.384503245,0.177835897,0.249179155,-0.144095317,0.957677543],"shapeName":"/levels/west_coast_usa/art/shapes/objects/constructionbarrier.dae","useInstanceRenderData":true}
{"class":"TSStatic","persistentId":"efad509e-0da7-49b8-a242-312ae3febc09","__parent":"SimGroup_","position":[-525.233948,-642.02887,163.337067],"isRenderEnabled":false,"rotationMatrix":[0.01872015,0.999592006,-0.0215737056,-0.999240816,0.0194422007,0.0337601751,0.0341658406,0.0209253319,0.999197066],"shapeName":"/levels/west_coast_usa/art/shapes/objects/constructionbarrier.dae","useInstanceRenderData":true}
{"class":"TSStatic","persistentId":"f1c0f473-956c-4a65-a0bf-ca964114dbe0","__parent":"SimGroup_","position":[-447.246826,-627.723511,136.663879],"isRenderEnabled":false,"rotationMatrix":[0.0273041129,0.999555111,-0.0120053254,-0.992795944,0.0285172462,0.116375007,0.116665587,0.00874131173,0.99313277],"shapeName":"/levels/west_coast_usa/art/shapes/objects/constructionbarrier.dae","useInstanceRenderData":true}
{"class":"TSStatic","persistentId":"f59ae829-70ce-429a-93b9-7018b773744d","__parent":"SimGroup_","position":[-505.162384,-665.868896,158.878326],"isRenderEnabled":false,"rotationMatrix":[0.67324698,0.738511086,0.0366044827,-0.722227216,0.64617604,0.246666536,0.158513039,-0.192504242,0.968408883],"shapeName":"/levels/west_coast_usa/art/shapes/objects/constructionbarrier.dae","useInstanceRenderData":true}
{"class":"TSStatic","persistentId":"fafcd60d-4703-4608-ae5a-5ebb0b3e3f6f","__parent":"SimGroup_","position":[-498.941559,-626.14978,143.918564],"isRenderEnabled":false,"rotationMatrix":[-0.682731748,0.723514378,-0.102000415,-0.728899539,-0.684118629,0.0262080096,-0.050818529,0.0922411084,0.994439065],"shapeName":"/levels/west_coast_usa/art/shapes/objects/constructionbarrier.dae","useInstanceRenderData":true}
{"class":"TSStatic","persistentId":"fc8949e6-5f6e-4a5c-97a8-3cd5cb89ae45","__parent":"SimGroup_","position":[-454.592072,-660.200439,150.758926],"isRenderEnabled":false,"rotationMatrix":[-0.967293501,-0.250101596,-0.0423409976,0.245085165,-0.964516044,0.098195605,-0.0653974414,0.084606804,0.994265974],"shapeName":"/levels/west_coast_usa/art/shapes/objects/constructionbarrier.dae","useInstanceRenderData":true}
{"class":"TSStatic","persistentId":"fef0eae9-f4be-429f-b736-8361f1074417","__parent":"SimGroup_","position":[-435.268097,-628.594116,135.245331],"isRenderEnabled":false,"rotationMatrix":[0.257924378,0.966031015,-0.0160943717,-0.957909167,0.257857978,0.126171395,0.126035556,-0.017125722,0.991877913],"shapeName":"/levels/west_coast_usa/art/shapes/objects/constructionbarrier.dae","useInstanceRenderData":true}
{"class":"TSStatic","persistentId":"ff93a092-c55d-4960-99e1-1d085a6851b0","__parent":"SimGroup_","position":[-528.192627,-642.579163,163.565704],"isRenderEnabled":false,"rotationMatrix":[-0.195696473,0.980308235,0.0264340173,-0.977797329,-0.197113156,0.0711257756,0.0749356672,-0.0119280517,0.997117043],"shapeName":"/levels/west_coast_usa/art/shapes/objects/constructionbarrier.dae","useInstanceRenderData":true}
{"class":"TSStatic","persistentId":"ffcd18cb-3940-464e-bfcb-54b02bade3cd","__parent":"SimGroup_","position":[-482.479004,-622.388794,142.287994],"isRenderEnabled":false,"rotationMatrix":[0.323145449,0.946180284,-0.0178845376,-0.933114707,0.321718931,0.160604432,0.157714546,-0.0352102667,0.986856818],"shapeName":"/levels/west_coast_usa/art/shapes/objects/constructionbarrier.dae","useInstanceRenderData":true}
