{"class":"DecalRoad","persistentId":"4fbd9829-97f7-451c-901c-424682e4798d","__parent":"SimGroup_","position":[-831.086792,-143.983688,105.474594],"improvedSpline":true,"material":"road_invisible","nodes":[[-831.086792,-143.983688,105.474594,0.100000001],[-832.439697,-138.159485,106.515839,0.100000001],[-832.370239,-127.615364,108.088509,0.100000001],[-829.090515,-120.070595,109.171936,0.100000001],[-824.620056,-113.154167,110.254456,0.100000001]]}
{"name":"racer path","class":"DecalRoad","persistentId":"5f31a3c5-b676-4186-b727-bb5e2367fc00","__parent":"SimGroup_","position":[-807.849426,6.65701294,117.511856],"drivability":1,"improvedSpline":true,"looped":true,"material":"road_invisible","nodes":[[-807.849426,6.65701294,117.511856,6],[-799.555786,2.11794281,117.11232,6],[-785.468506,-10.5323334,112.628929,6],[-768.833801,-30.1890602,106.311829,6],[-754.350525,-50.6687508,102.055855,6],[-755.401184,-63.0704002,102.064316,6],[-736.394165,-84.107132,102.077339,6],[-733.440857,-102.147247,102.2463,6],[-735.450012,-115.19249,102.267006,6],[-739.360962,-125.406616,102.33757,6],[-754.468933,-136.028214,102.396652,6],[-786.131409,-153.304794,102.179436,6],[-796.537109,-160.651459,102.364487,6],[-805.852173,-162.645416,102.481049,6],[-818.319275,-161.432678,102.722015,6],[-824.31604,-152.522339,103.478477,6],[-827.643311,-136.235016,106.158112,6],[-821.026245,-121.05304,109.250389,6],[-805.59906,-109.768402,112.060287,6],[-797.878235,-95.437088,113.226456,6],[-801.366699,-81.1640015,113.964134,6],[-821.5271,-69.7380676,115.153229,6],[-837.509521,-70.1967468,114.1866,6],[-854.032104,-70.9743652,113.598686,6],[-868.265625,-64.7227325,114.049904,6],[-872.960876,-53.8742294,114.625008,6],[-861.935425,-38.6012573,115.774742,6],[-838.565125,-13.1357269,116.997757,6],[-823.541016,1.08817291,117.363342,6],[-816.400452,7.07168579,117.50943,6]],"oneWay":true}
{"class":"DecalRoad","persistentId":"6a1718f8-ab2d-481e-9479-3d22926c8d99","__parent":"SimGroup_","position":[-873.067444,-68.4126587,113.251472],"improvedSpline":true,"material":"road_invisible","nodes":[[-873.067444,-68.4126587,113.251472,0.100000001],[-876.250244,-64.5261612,113.758087,0.100000001],[-878.529114,-58.3509712,114.104355,0.100000001],[-879.312561,-52.2235107,114.354706,0.100000001]]}
{"class":"DecalRoad","persistentId":"95714575-7303-4f29-9293-726a3e43d030","__parent":"SimGroup_","position":[-745.128601,-41.776371,101.982582],"improvedSpline":true,"material":"road_invisible","nodes":[[-745.128601,-41.776371,101.982582,0.100000001],[-739.318054,-49.099453,101.978775,0.100000001],[-750.348572,-60.3851395,102.053802,0.100000001]]}
{"class":"DecalRoad","persistentId":"aca146a8-3a95-47be-aefd-5b732d412b79","__parent":"SimGroup_","position":[-822.903992,-166.565994,102.94239],"improvedSpline":true,"material":"road_invisible","nodes":[[-822.903992,-166.565994,102.94239,0.100000001],[-825.771545,-165.080872,102.911926,0.100000001],[-828.287537,-160.274353,103.097527,0.100000001]]}
{"class":"DecalRoad","persistentId":"bf49d419-1b7b-41af-9846-fecafbbf9c63","__parent":"SimGroup_","position":[-803.272217,-95.9021072,113.514236],"improvedSpline":true,"material":"road_invisible","nodes":[[-803.272217,-95.9021072,113.514236,0.100000001],[-803.424072,-91.430191,113.983986,0.100000001],[-806.635498,-84.6012421,114.196747,0.100000001],[-812.020447,-79.2416992,114.93454,0.100000001],[-818.810303,-76.1720505,115.639694,0.100000001],[-829.01709,-72.8635101,114.822906,0.100000001]]}
{"class":"DecalRoad","persistentId":"e932d11f-f764-46de-a6c6-d439a28d77f5","__parent":"SimGroup_","position":[-796.915283,-105.117607,113.000931],"improvedSpline":true,"material":"road_invisible","nodes":[[-796.915283,-105.117607,113.000931,0.200000003],[-794.668152,-100.882736,112.832466,0.200000003],[-794.330566,-95.0247269,112.834763,0.200000003],[-795.335876,-90.340065,113.007416,0.200000003],[-797.427673,-85.2740097,113.508759,0.200000003],[-799.52356,-81.02668,113.926193,0.200000003],[-803.941772,-75.7043381,114.67627,0.200000003],[-807.662537,-72.5812607,115.071335,0.200000003],[-813.530762,-68.7469864,115.371269,0.200000003],[-821.174988,-66.3815002,115.632309,0.200000003]]}
{"class":"DecalRoad","persistentId":"eef47e5b-ae3a-4181-a599-d7f44d5672e8","__parent":"SimGroup_","position":[-810.831238,22.5602722,117.493805],"improvedSpline":true,"material":"road_invisible","nodes":[[-810.831238,22.5602722,117.493805,0.100000001],[-798.926392,11.0687256,117.529488,0.100000001]]}
{"class":"DecalRoad","persistentId":"f11cdc4d-8dc4-4bcf-b6ac-4ed3a291cc95","__parent":"SimGroup_","position":[-762.693054,-28.4728889,105.542435],"improvedSpline":true,"material":"road_invisible","nodes":[[-762.693054,-28.4728889,105.542435,0.100000001],[-756.461853,-37.7423019,102.853333,0.100000001],[-749.555664,-46.7600441,102.023598,0.100000001],[-746.177795,-56.7826309,102.009872,0.100000001],[-744.233887,-65.6325455,101.95208,0.100000001]]}
{"name":"SimGroup_","class":"SimGroup","persistentId":"86e826b0-a108-4d9a-941c-9c8276a94a88","groupPosition":"-798.91596272786 -66.398205566406 109.84364257812"}
{"class":"TSStatic","persistentId":"009e220a-158d-4cc8-8f09-254103f6b236","__parent":"SimGroup_","position":[-753.374695,-41.5598412,102.103714],"isRenderEnabled":false,"rotationMatrix":[-0.762246132,-0.647272289,0.00438634306,0.645454228,-0.760579824,-0.0700498,0.0486774631,-0.0505640134,0.997533858],"shapeName":"/levels/west_coast_usa/art/shapes/objects/constructionbarrier.dae","useInstanceRenderData":true}
{"class":"TSStatic","persistentId":"00cbd213-f88c-4655-a03a-bc63f0d1d705","__parent":"SimGroup_","position":[-830.50061,-122.631958,108.912376],"isRenderEnabled":false,"rotationMatrix":[0.875806928,-0.458180249,-0.151766494,0.475254595,0.873501182,0.105492935,0.0842334181,-0.164519176,0.982770681],"shapeName":"/levels/west_coast_usa/art/shapes/objects/constructionbarrier.dae","useInstanceRenderData":true}
{"class":"TSStatic","persistentId":"0a0c71ed-6ac0-4f42-9b37-bcebc8698af8","__parent":"SimGroup_","position":[-831.663208,-142.085388,105.825531],"isRenderEnabled":false,"rotationMatrix":[0.926713586,0.310270727,-0.211976543,-0.289098382,0.949066579,0.12527889,0.240050212,-0.0548155643,0.969211638],"shapeName":"/levels/west_coast_usa/art/shapes/objects/constructionbarrier.dae","useInstanceRenderData":true}
{"class":"TSStatic","persistentId":"0a1ccaf9-8ccc-4d6c-afeb-42ec412f07d5","__parent":"SimGroup_","position":[-824.323486,-166.066803,102.694618],"isRenderEnabled":false,"rotationMatrix":[0.359283388,0.933228433,0.000384807587,-0.928147376,0.357284248,0.104356959,0.0972513929,-0.0378508829,0.994539857],"shapeName":"/levels/west_coast_usa/art/shapes/objects/constructionbarrier.dae","useInstanceRenderData":true}
{"class":"TSStatic","persistentId":"0ac2c3a7-072a-473a-a25f-9532bf32239c","__parent":"SimGroup_","position":[-878.94458,-55.9563866,114.251114],"isRenderEnabled":false,"rotationMatrix":[0.990686119,0.126797572,0.0496320873,-0.129862621,0.989440918,0.064361535,-0.0409471318,-0.0702074394,0.996691644],"shapeName":"/levels/west_coast_usa/art/shapes/objects/constructionbarrier.dae","useInstanceRenderData":true}
{"class":"TSStatic","persistentId":"0ada977e-0430-4de6-a3a8-95cc35a9dd84","__parent":"SimGroup_","position":[-746.668457,-54.9754066,102.011536],"isRenderEnabled":false,"rotationMatrix":[-0.966226339,-0.25769487,8.67700816e-17,0.25769487,-0.966226339,-1.49887112e-16,1.22464685e-16,-1.22464685e-16,1],"shapeName":"/levels/west_coast_usa/art/shapes/objects/constructionbarrier.dae","useInstanceRenderData":true}
{"class":"TSStatic","persistentId":"0fd30fd1-1712-4547-9914-96f2ea30443a","__parent":"SimGroup_","position":[-795.720459,-89.2460938,113.090706],"isRenderEnabled":false,"rotationMatrix":[0.921921194,0.363911182,-0.132777974,-0.354200214,0.930687249,0.0914520919,0.156855211,-0.0372816324,0.986917675],"shapeName":"/levels/west_coast_usa/art/shapes/objects/constructionbarrier.dae","useInstanceRenderData":true}
{"class":"TSStatic","persistentId":"1076215a-8945-4fad-9d05-759516e153b0","__parent":"SimGroup_","position":[-794.805847,-92.1317978,112.954529],"isRenderEnabled":false,"rotationMatrix":[0.957063317,0.24742426,-0.151033178,-0.247776523,0.968671799,0.0167848635,0.150454566,0.0213583019,0.988386154],"shapeName":"/levels/west_coast_usa/art/shapes/objects/constructionbarrier.dae","useInstanceRenderData":true}
{"class":"TSStatic","persistentId":"167b2e1e-40a0-4177-9c74-9784bf5ba962","__parent":"SimGroup_","position":[-814.7099,-77.7546463,115.38295],"isRenderEnabled":false,"rotationMatrix":[0.41268599,0.910855711,-0.00567260012,-0.903183877,0.410001755,0.127111763,0.118106246,-0.0473338403,0.991872191],"shapeName":"/levels/west_coast_usa/art/shapes/objects/sandbarrel.dae","useInstanceRenderData":true}
{"class":"TSStatic","persistentId":"1b604c96-7f4f-4fd7-8a8d-5070ef7706f8","__parent":"SimGroup_","position":[-745.411865,-59.8802185,101.938904],"isRenderEnabled":false,"rotationMatrix":[-0.975185037,-0.217501864,0.0413182378,0.216144219,-0.975735903,-0.0349435285,0.0479159728,-0.0251457039,0.998534799],"shapeName":"/levels/west_coast_usa/art/shapes/objects/constructionbarrier.dae","useInstanceRenderData":true}
{"class":"TSStatic","persistentId":"2383be13-05f3-485f-92ad-15767558d05c","__parent":"SimGroup_","position":[-796.850464,-86.5557022,113.501228],"isRenderEnabled":false,"rotationMatrix":[0.915062368,0.392502576,0.0927506536,-0.39866063,0.915092468,0.060626924,-0.061079219,-0.0924534351,0.993841887],"shapeName":"/levels/west_coast_usa/art/shapes/objects/constructionbarrier.dae","useInstanceRenderData":true}
{"class":"TSStatic","persistentId":"27092418-b4b5-4f84-888a-d0df3ec993c4","__parent":"SimGroup_","position":[-757.922485,-35.6503296,103.472321],"isRenderEnabled":false,"rotationMatrix":[-0.819503665,-0.571462274,0.0429462679,0.547994256,-0.803363085,-0.233044893,0.16767782,-0.167446852,0.971517205],"shapeName":"/levels/west_coast_usa/art/shapes/objects/constructionbarrier.dae","useInstanceRenderData":true}
{"class":"TSStatic","persistentId":"274cb84b-8bb1-42b3-9cd8-f9f1a3d3918b","__parent":"SimGroup_","position":[-746.005981,-57.4196358,102.006676],"isRenderEnabled":false,"rotationMatrix":[-0.965473533,-0.260455132,0.00490039214,0.260410368,-0.965462804,-0.00825267565,0.00688059721,-0.00669162674,0.999953926],"shapeName":"/levels/west_coast_usa/art/shapes/objects/constructionbarrier.dae","useInstanceRenderData":true}
{"class":"TSStatic","persistentId":"2ac6ae16-626b-4dd0-92f9-c4ed83e119a1","__parent":"SimGroup_","position":[-749.050354,-47.7723198,102.011536],"isRenderEnabled":false,"rotationMatrix":[-0.912440419,-0.40920046,-0.00267664646,0.40920195,-0.912443757,0,-0.00244228938,-0.0010952889,0.999996424],"shapeName":"/levels/west_coast_usa/art/shapes/objects/constructionbarrier.dae","useInstanceRenderData":true}
{"class":"TSStatic","persistentId":"2b11d710-4e56-4490-9ee7-4d4200a563cd","__parent":"SimGroup_","position":[-828.551208,-119.121529,109.27346],"isRenderEnabled":false,"rotationMatrix":[0.858761549,-0.495436132,-0.130658656,0.508361995,0.855721295,0.0964841023,0.0640056804,-0.14927873,0.986721396],"shapeName":"/levels/west_coast_usa/art/shapes/objects/constructionbarrier.dae","useInstanceRenderData":true}
{"class":"TSStatic","persistentId":"2bb98cd3-310c-4bed-9c96-95884c75aed9","__parent":"SimGroup_","position":[-809.740417,21.5073547,117.522499],"isRenderEnabled":false,"rotationMatrix":[-0.694423199,-0.719522357,-0.00800640881,0.71949625,-0.694467902,0.00628576148,-0.0100829396,-0.00139560248,0.999948204],"shapeName":"/levels/west_coast_usa/art/shapes/objects/constructionbarrier.dae","useInstanceRenderData":true}
{"class":"TSStatic","persistentId":"3302cb6c-f154-403c-b18e-f316fc49bd24","__parent":"SimGroup_","position":[-803.186707,-92.6578293,113.888107],"isRenderEnabled":false,"rotationMatrix":[0.984761834,0.117845736,-0.127892718,-0.100443445,0.985753715,0.134909943,0.141969278,-0.120008178,0.982569456],"shapeName":"/levels/west_coast_usa/art/shapes/objects/sandbarrel.dae","useInstanceRenderData":true}
{"class":"TSStatic","persistentId":"388df2a8-b865-4255-852c-f7094ae47997","__parent":"SimGroup_","position":[-803.216492,-76.4801865,114.504013],"isRenderEnabled":false,"rotationMatrix":[0.739015758,0.67224884,0.0440135263,-0.670969844,0.728598475,0.13763614,0.0604575537,-0.131247029,0.989504457],"shapeName":"/levels/west_coast_usa/art/shapes/objects/constructionbarrier.dae","useInstanceRenderData":true}
{"class":"TSStatic","persistentId":"3f85c2f0-c23f-49c5-b244-e5eb74db7a5d","__parent":"SimGroup_","position":[-815.517395,-67.9918137,115.526436],"isRenderEnabled":false,"rotationMatrix":[0.328066289,0.91002655,0.253424883,-0.944556475,0.319876671,0.0741082802,-0.0136242136,-0.263686538,0.964512229],"shapeName":"/levels/west_coast_usa/art/shapes/objects/constructionbarrier.dae","useInstanceRenderData":true}
{"class":"TSStatic","persistentId":"40176f21-5f27-49ed-b2a7-0b62fa183fd9","__parent":"SimGroup_","position":[-774.746399,-14.4100647,110.364807],"isRenderEnabled":false,"rotationMatrix":[-0.701269627,-0.712896764,0,0.712896764,-0.701269627,0,0,0,1],"shapeName":"/levels/west_coast_usa/art/shapes/race/sign_finish.dae","useInstanceRenderData":true}
{"class":"TSStatic","persistentId":"41d4fcb4-4515-4720-b813-4dd815b9f85a","__parent":"SimGroup_","position":[-832.664185,-134.216339,107.121384],"isRenderEnabled":false,"rotationMatrix":[0.970163405,0.0609685481,-0.234661132,-0.0297650546,0.990495265,0.134287655,0.24061805,-0.123296261,0.962756991],"shapeName":"/levels/west_coast_usa/art/shapes/objects/constructionbarrier.dae","useInstanceRenderData":true}
{"class":"TSStatic","persistentId":"42571831-658d-48cc-963d-08ab7ca68468","__parent":"SimGroup_","position":[-798.057861,-83.7953568,113.527649],"isRenderEnabled":false,"rotationMatrix":[0.922228158,0.386642516,0.0016573309,-0.386596203,0.922031939,0.0200120397,0.00620939257,-0.0190963857,0.999798357],"shapeName":"/levels/west_coast_usa/art/shapes/objects/constructionbarrier.dae","useInstanceRenderData":true}
{"class":"TSStatic","persistentId":"46d35cd7-569f-4f5f-b69c-84e451cd6eb8","__parent":"SimGroup_","position":[-832.436035,-138.19516,106.509811],"isRenderEnabled":false,"rotationMatrix":[0.944574833,0.145091653,-0.294494212,-0.100752696,0.981865883,0.16058746,0.312453687,-0.122015782,0.942064166],"shapeName":"/levels/west_coast_usa/art/shapes/objects/constructionbarrier.dae","useInstanceRenderData":true}
{"class":"TSStatic","persistentId":"47a6217d-e999-448a-ab10-21ac050a5399","__parent":"SimGroup_","position":[-760.660339,-31.5572205,104.658463],"isRenderEnabled":false,"rotationMatrix":[-0.827931285,-0.558891714,0.0465819202,0.535014927,-0.81200242,-0.233262002,0.168192819,-0.168202877,0.971297562],"shapeName":"/levels/west_coast_usa/art/shapes/objects/constructionbarrier.dae","useInstanceRenderData":true}
{"class":"TSStatic","persistentId":"585e779d-8c4e-416e-be98-9084f6b4fb84","__parent":"SimGroup_","position":[-832.052246,-126.293114,108.287941],"isRenderEnabled":false,"rotationMatrix":[0.959882975,-0.244415909,-0.137424499,0.264531583,0.95188278,0.154732659,0.0929928869,-0.184878364,0.978351831],"shapeName":"/levels/west_coast_usa/art/shapes/objects/constructionbarrier.dae","useInstanceRenderData":true}
{"class":"TSStatic","persistentId":"590cc749-6aef-41c9-95bf-9835693878c8","__parent":"SimGroup_","position":[-832.648376,-130.228378,107.709358],"isRenderEnabled":false,"rotationMatrix":[0.982346117,-0.0356412455,-0.1836458,0.0617579371,0.988432109,0.138520554,0.176584348,-0.147416726,0.973183572],"shapeName":"/levels/west_coast_usa/art/shapes/objects/constructionbarrier.dae","useInstanceRenderData":true}
{"class":"TSStatic","persistentId":"59b5cc04-2644-43c6-b000-b215080464d2","__parent":"SimGroup_","position":[-876.686951,-63.6526756,113.800919],"isRenderEnabled":false,"rotationMatrix":[0.901305556,0.426664323,0.0748726204,-0.43050006,0.901450753,0.0453464016,-0.0481462926,-0.0731036291,0.99616152],"shapeName":"/levels/west_coast_usa/art/shapes/objects/constructionbarrier.dae","useInstanceRenderData":true}
{"class":"TSStatic","persistentId":"5b4acaf9-ff50-4ed0-9e6f-001de2597753","__parent":"SimGroup_","position":[-809.401123,-81.3972549,114.429871],"isRenderEnabled":false,"rotationMatrix":[0.681211948,0.731835306,-0.019166775,-0.718090475,0.673054695,0.177040845,0.142465025,-0.106838875,0.984016836],"shapeName":"/levels/west_coast_usa/art/shapes/objects/sandbarrel.dae","useInstanceRenderData":true}
{"class":"TSStatic","persistentId":"5cca8029-27a1-41c2-8cf1-c232f1fcb714","__parent":"SimGroup_","position":[-762.013062,-29.4995079,105.247818],"isRenderEnabled":false,"rotationMatrix":[-0.827864289,-0.55899322,0.0465527363,0.53497088,-0.811784744,-0.234118685,0.168661565,-0.168914154,0.97109282],"shapeName":"/levels/west_coast_usa/art/shapes/objects/constructionbarrier.dae","useInstanceRenderData":true}
{"class":"TSStatic","persistentId":"5e765a7c-33dd-4226-90e9-b948376fa5c0","__parent":"SimGroup_","position":[-794.304932,-98.1479568,112.789803],"isRenderEnabled":false,"rotationMatrix":[0.995023131,-0.0400842689,-0.0912259668,0.0429006033,0.998654783,0.0291227046,0.0899358839,-0.0328914151,0.995404303],"shapeName":"/levels/west_coast_usa/art/shapes/objects/constructionbarrier.dae","useInstanceRenderData":true}
{"class":"TSStatic","persistentId":"5f07caaf-f464-4d28-b998-b520cbe8cf8e","__parent":"SimGroup_","position":[-800.980347,17.0183868,117.523674],"isRenderEnabled":false,"rotationMatrix":[-0.663288832,-0.748363137,0,0.748363137,-0.663288832,0,0,0,1],"shapeName":"/levels/west_coast_usa/art/shapes/objects/arrowboard_R.dae","useInstanceRenderData":true}
{"class":"TSStatic","persistentId":"63489746-69a9-4dea-95b7-824afebde3e6","__parent":"SimGroup_","position":[-747.336792,-52.5328102,102.011536],"isRenderEnabled":false,"rotationMatrix":[-0.961811543,-0.273712873,8.42677742e-17,0.273712873,-0.961811543,-1.51308089e-16,1.22464685e-16,-1.22464685e-16,1],"shapeName":"/levels/west_coast_usa/art/shapes/objects/constructionbarrier.dae","useInstanceRenderData":true}
{"class":"TSStatic","persistentId":"73ab8614-5f5c-4057-bad7-5619369dc0bf","__parent":"SimGroup_","position":[-805.351746,-74.3542786,114.729553],"isRenderEnabled":false,"rotationMatrix":[0.650599897,0.759233475,-0.0168612394,-0.757258058,0.650261641,0.0609911904,0.0572707728,-0.0269125532,0.997995853],"shapeName":"/levels/west_coast_usa/art/shapes/objects/constructionbarrier.dae","useInstanceRenderData":true}
{"class":"TSStatic","persistentId":"82c63e88-1319-48ca-8565-3da3e18d5260","__parent":"SimGroup_","position":[-803.195129,15.1892853,117.531334],"isRenderEnabled":false,"rotationMatrix":[-0.694491744,-0.719489038,-0.0040772357,0.719467103,-0.69450295,0.00571413711,-0.00694291154,0.0010349846,0.999975383],"shapeName":"/levels/west_coast_usa/art/shapes/objects/constructionbarrier.dae","useInstanceRenderData":true}
{"class":"TSStatic","persistentId":"84488800-a588-4fba-8741-037ba73b39fa","__parent":"SimGroup_","position":[-759.300354,-33.6092682,104.064163],"isRenderEnabled":false,"rotationMatrix":[-0.824929714,-0.563418925,0.0452783704,0.539521277,-0.808757424,-0.234154403,0.16854623,-0.168732285,0.971144497],"shapeName":"/levels/west_coast_usa/art/shapes/objects/constructionbarrier.dae","useInstanceRenderData":true}
{"class":"TSStatic","persistentId":"8494215d-4a88-4759-871a-c82ac3d23e12","__parent":"SimGroup_","position":[-754.991943,-39.6350632,102.40139],"isRenderEnabled":false,"rotationMatrix":[-0.769583702,-0.638351977,0.015736483,0.630080402,-0.763149858,-0.143529832,0.103631854,-0.100542977,0.989520848],"shapeName":"/levels/west_coast_usa/art/shapes/objects/constructionbarrier.dae","useInstanceRenderData":true}
{"class":"TSStatic","persistentId":"85808e69-7b54-469b-a308-65648b5e999d","__parent":"SimGroup_","position":[-807.733521,-72.5291824,115.090256],"isRenderEnabled":false,"rotationMatrix":[0.590174198,0.801668465,0.094984293,-0.806132853,0.591504097,0.0165141448,-0.0429447293,-0.0863161758,0.995341778],"shapeName":"/levels/west_coast_usa/art/shapes/objects/constructionbarrier.dae","useInstanceRenderData":true}
{"class":"TSStatic","persistentId":"8b3b00d9-d6f7-475a-8732-ee8779665692","__parent":"SimGroup_","position":[-756.842224,-51.7558746,102.036339],"isRenderEnabled":false,"rotationMatrix":[0.730966806,-0.682413101,0,0.682413101,0.730966806,0,0,0,1],"scale":[1.87960756,1.32483268,2.79041696],"shapeName":"/levels/west_coast_usa/art/shapes/objects/s_gm_suspension_sbump_1x4_a.dae","useInstanceRenderData":true}
{"class":"TSStatic","persistentId":"8db8b13d-cae4-402e-9f8d-acd4e390e808","__parent":"SimGroup_","position":[-744.397339,-64.8393707,101.826477],"isRenderEnabled":false,"rotationMatrix":[-0.980002046,-0.196728021,-0.02990238,0.196242124,-0.980382323,0.0184263717,-0.0329407491,0.0121897748,0.999382973],"shapeName":"/levels/west_coast_usa/art/shapes/objects/constructionbarrier.dae","useInstanceRenderData":true}
{"class":"TSStatic","persistentId":"8f51a538-c180-4c64-8d84-59f66ddaa250","__parent":"SimGroup_","position":[-801.013367,13.0832672,117.523674],"isRenderEnabled":false,"rotationMatrix":[-0.694449306,-0.719515145,-0.00618768483,0.71951443,-0.694472194,0.00275167823,-0.00627704896,-0.00254122727,0.999977052],"shapeName":"/levels/west_coast_usa/art/shapes/objects/constructionbarrier.dae","useInstanceRenderData":true}
{"class":"TSStatic","persistentId":"923e2b64-da46-4ca9-8e3c-f56ed762b14c","__parent":"SimGroup_","position":[-751.76355,-43.51054,102.013031],"isRenderEnabled":false,"rotationMatrix":[-0.790828347,-0.612037778,0.00052448269,0.612035155,-0.790827036,-0.00237646303,0.0018692601,-0.00155837252,0.99999702],"shapeName":"/levels/west_coast_usa/art/shapes/objects/constructionbarrier.dae","useInstanceRenderData":true}
{"class":"TSStatic","persistentId":"932ad2a9-e430-404d-93d0-bd69a8616a64","__parent":"SimGroup_","position":[-865.700378,-58.7864876,114.108971],"isRenderEnabled":false,"shapeName":"/levels/west_coast_usa/art/shapes/objects/sandbarrel.dae","useInstanceRenderData":true}
{"class":"TSStatic","persistentId":"9388c397-77b8-4c4f-94af-dc869dcae226","__parent":"SimGroup_","position":[-784.215515,-24.081337,110.326752],"isRenderEnabled":false,"rotationMatrix":[-0.701269627,-0.712896764,0,0.712896764,-0.701269627,0,0,0,1],"shapeName":"/levels/west_coast_usa/art/shapes/race/sign_finish.dae","useInstanceRenderData":true}
{"class":"TSStatic","persistentId":"94c4855d-6295-41ad-93d5-56440ff84fa7","__parent":"SimGroup_","position":[-818.422424,-67.1310425,115.610397],"isRenderEnabled":false,"rotationMatrix":[0.254650652,0.912146449,0.321157157,-0.964780569,0.262292325,0.0200307518,-0.0659660697,-0.314947009,0.94681406],"shapeName":"/levels/west_coast_usa/art/shapes/objects/constructionbarrier.dae","useInstanceRenderData":true}
{"class":"TSStatic","persistentId":"950021a6-9ad1-487d-845e-1af91fee9bd8","__parent":"SimGroup_","position":[-744.888916,-62.3560524,101.840607],"isRenderEnabled":false,"rotationMatrix":[-0.979550004,-0.197022602,0.0407916754,0.195589826,-0.98000288,-0.0365930796,0.0471856222,-0.0278663114,0.998497367],"shapeName":"/levels/west_coast_usa/art/shapes/objects/constructionbarrier.dae","useInstanceRenderData":true}
{"class":"TSStatic","persistentId":"963577e6-89aa-4f91-819c-4a4ee04443bf","__parent":"SimGroup_","position":[-874.423279,-66.9565887,113.567299],"isRenderEnabled":false,"rotationMatrix":[0.747046471,0.660751343,0.0730020553,-0.663652182,0.734906554,0.139564455,0.0385677069,-0.152709097,0.987518311],"shapeName":"/levels/west_coast_usa/art/shapes/objects/constructionbarrier.dae","useInstanceRenderData":true}
{"class":"TSStatic","persistentId":"99a08f3c-319c-449b-92a9-243fb8c4d77f","__parent":"SimGroup_","position":[-826.46228,-164.034332,102.916115],"isRenderEnabled":false,"rotationMatrix":[0.86536622,0.498744756,-0.0489383228,-0.497653812,0.866737545,0.0332670733,0.0590084605,-0.00443385914,0.998247623],"shapeName":"/levels/west_coast_usa/art/shapes/objects/constructionbarrier.dae","useInstanceRenderData":true}
{"class":"TSStatic","persistentId":"9f224ff5-2757-45ba-b121-8c93fa785b4b","__parent":"SimGroup_","position":[-812.72699,-69.1484528,115.315048],"isRenderEnabled":false,"rotationMatrix":[0.478190422,0.873072207,0.0952834636,-0.878146946,0.473597527,0.0675523654,0.0138520747,-0.115975775,0.99315542],"shapeName":"/levels/west_coast_usa/art/shapes/objects/constructionbarrier.dae","useInstanceRenderData":true}
{"class":"TSStatic","persistentId":"a0d2cd61-867f-43c8-a7ed-0fdb7b467bf1","__parent":"SimGroup_","position":[-801.249084,-78.7585526,114.166939],"isRenderEnabled":false,"rotationMatrix":[0.779215813,0.625418603,0.0409188047,-0.620668232,0.760923982,0.189118192,0.0871419385,-0.172760889,0.981101394],"shapeName":"/levels/west_coast_usa/art/shapes/objects/constructionbarrier.dae","useInstanceRenderData":true}
{"class":"TSStatic","persistentId":"a5b602cf-fb1c-4a1a-ac85-e9f36c9bafe1","__parent":"SimGroup_","position":[-810.166504,-70.7469025,115.088257],"isRenderEnabled":false,"rotationMatrix":[0.571267009,0.820660114,0.0130800195,-0.816764832,0.566839814,0.107647173,0.0809274614,-0.0721785799,0.994103134],"shapeName":"/levels/west_coast_usa/art/shapes/objects/constructionbarrier.dae","useInstanceRenderData":true}
{"class":"TSStatic","persistentId":"a6055a93-a788-4b6a-9742-242c49dcd7d7","__parent":"SimGroup_","position":[-805.448242,-86.5592346,114.164101],"isRenderEnabled":false,"rotationMatrix":[0.878859878,0.457792997,-0.134279355,-0.462579846,0.886563122,-0.00506761298,0.116727211,0.0665686429,0.990930557],"shapeName":"/levels/west_coast_usa/art/shapes/objects/sandbarrel.dae","useInstanceRenderData":true}
{"class":"TSStatic","persistentId":"a7978a86-5e56-4db7-9a27-67d6de31ca7b","__parent":"SimGroup_","position":[-827.796448,-161.319412,102.786743],"isRenderEnabled":false,"rotationMatrix":[0.905020416,0.409326553,-0.115714319,-0.415564656,0.908885479,-0.0351167694,0.0907968357,0.0798681676,0.992661595],"shapeName":"/levels/west_coast_usa/art/shapes/objects/constructionbarrier.dae","useInstanceRenderData":true}
{"class":"TSStatic","persistentId":"aa5d86d8-a61f-4407-90ee-7ef855522118","__parent":"SimGroup_","position":[-826.381653,-115.743179,109.641502],"isRenderEnabled":false,"rotationMatrix":[0.823967397,-0.565868199,0.0295118392,0.557516515,0.818911374,0.136233315,-0.101257682,-0.0957984775,0.990237117],"shapeName":"/levels/west_coast_usa/art/shapes/objects/constructionbarrier.dae","useInstanceRenderData":true}
{"class":"TSStatic","persistentId":"aba1769d-412b-4c40-a3a9-6a534e81bf66","__parent":"SimGroup_","position":[-759.338135,-50.358345,102.172791],"isRenderEnabled":false,"shapeName":"/levels/west_coast_usa/art/shapes/objects/sandbarrel.dae","useInstanceRenderData":true}
{"class":"TSStatic","persistentId":"ad5a325c-369b-4623-8aed-d69b26cc0e37","__parent":"SimGroup_","position":[-799.446838,-81.1435547,113.877632],"isRenderEnabled":false,"rotationMatrix":[0.832181096,0.550625622,-0.0654680282,-0.543479979,0.833357334,0.10072276,0.11001879,-0.0482390076,0.992758214],"shapeName":"/levels/west_coast_usa/art/shapes/objects/constructionbarrier.dae","useInstanceRenderData":true}
{"class":"TSStatic","persistentId":"add71d15-087c-47ab-a35a-b9b9d7c8ecaf","__parent":"SimGroup_","position":[-805.376953,17.2953033,117.513382],"isRenderEnabled":false,"rotationMatrix":[-0.694470525,-0.719509602,-0.00407711137,0.719492316,-0.694482327,0.0050192792,-0.00644290075,0.000552291516,0.999979079],"shapeName":"/levels/west_coast_usa/art/shapes/objects/constructionbarrier.dae","useInstanceRenderData":true}
{"class":"TSStatic","persistentId":"b00cb652-22ce-49c8-91a1-2eb94283f585","__parent":"SimGroup_","position":[-796.107605,-103.838242,112.909798],"isRenderEnabled":false,"rotationMatrix":[0.841227114,-0.525673807,0.126506805,0.534194291,0.844199896,-0.0443055257,-0.0835067853,0.104850225,0.990975797],"shapeName":"/levels/west_coast_usa/art/shapes/objects/constructionbarrier.dae","useInstanceRenderData":true}
{"class":"TSStatic","persistentId":"bf2933f4-338b-43e4-a9bb-995986a2c16c","__parent":"SimGroup_","position":[-750.278564,-45.5605812,102.011536],"isRenderEnabled":false,"rotationMatrix":[-0.835787296,-0.549053431,3.51147732e-17,0.549053431,-0.835787296,-1.69594075e-16,1.22464685e-16,-1.22464685e-16,1],"shapeName":"/levels/west_coast_usa/art/shapes/objects/constructionbarrier.dae","useInstanceRenderData":true}
{"class":"TSStatic","persistentId":"bf545146-b217-4be7-b4b9-8a030b84882c","__parent":"SimGroup_","position":[-807.558716,19.4013367,117.506882],"isRenderEnabled":false,"rotationMatrix":[-0.694534302,-0.719459653,7.58629758e-05,0.719447136,-0.694521546,0.00596507406,-0.00423894171,0.00419752812,0.999982178],"shapeName":"/levels/west_coast_usa/art/shapes/objects/constructionbarrier.dae","useInstanceRenderData":true}
{"class":"TSStatic","persistentId":"bfa3d6f3-0a03-4b77-84da-72a2d784e304","__parent":"SimGroup_","position":[-806.29303,16.5877838,117.869888],"isRenderEnabled":false,"rotationMatrix":[-0.784522533,0.620100558,0,-0.620100558,-0.784522533,0,0,0,1],"shapeName":"/levels/west_coast_usa/art/shapes/race/sign_arrows.dae","useInstanceRenderData":true}
{"class":"TSStatic","persistentId":"c1bf44e0-1789-4b0d-8a0e-85ef76da58c3","__parent":"SimGroup_","position":[-794.3255,-95.1178894,112.830475],"isRenderEnabled":false,"rotationMatrix":[0.984224975,0.0578978807,-0.16717951,-0.0544511974,0.998200119,0.0251313243,0.168333665,-0.0156317521,0.985606134],"shapeName":"/levels/west_coast_usa/art/shapes/objects/constructionbarrier.dae","useInstanceRenderData":true}
{"class":"TSStatic","persistentId":"ca17aa17-4e67-446d-833e-ccb27885a694","__parent":"SimGroup_","position":[-794.746643,-101.139725,112.838959],"isRenderEnabled":false,"rotationMatrix":[0.956300259,-0.292258322,-0.0086517483,0.291983962,0.956117928,-0.0241635367,0.0153340846,0.0205814242,0.999670565],"shapeName":"/levels/west_coast_usa/art/shapes/objects/constructionbarrier.dae","useInstanceRenderData":true}
{"class":"TSStatic","persistentId":"d0de4fa2-de24-4b7b-8ce4-8998c65df9a3","__parent":"SimGroup_","position":[-748.101257,-50.1189842,102.011536],"isRenderEnabled":false,"rotationMatrix":[-0.940851688,-0.338818818,7.37277528e-17,0.338818818,-0.940851688,-1.56714423e-16,1.22464672e-16,-1.22464672e-16,1],"shapeName":"/levels/west_coast_usa/art/shapes/objects/constructionbarrier.dae","useInstanceRenderData":true}
{"class":"TSStatic","persistentId":"dff2c40f-4850-43c5-971c-db8144fb3563","__parent":"SimGroup_","position":[-806.135315,21.6170044,117.523674],"isRenderEnabled":false,"rotationMatrix":[-0.663288832,-0.748363137,0,0.748363137,-0.663288832,0,0,0,1],"shapeName":"/levels/west_coast_usa/art/shapes/objects/arrowboard_R.dae","useInstanceRenderData":true}
{"class":"TSStatic","persistentId":"e958b165-0e09-4d69-9dca-c87d7a907135","__parent":"SimGroup_","position":[-756.51416,-37.668541,102.873314],"isRenderEnabled":false,"rotationMatrix":[-0.809984684,-0.585244834,0.0375923961,0.562216938,-0.793153286,-0.234136224,0.166843548,-0.168511689,0.971476734],"shapeName":"/levels/west_coast_usa/art/shapes/objects/constructionbarrier.dae","useInstanceRenderData":true}
{"class":"TSStatic","persistentId":"fa695ce3-6323-4a6e-8ec4-f0ea547ae65a","__parent":"SimGroup_","position":[-878.102295,-59.8863716,114.014793],"isRenderEnabled":false,"rotationMatrix":[0.956706166,0.284164399,0.0629595965,-0.287646264,0.956125557,0.0555299297,-0.0444176532,-0.0712359175,0.996470034],"shapeName":"/levels/west_coast_usa/art/shapes/objects/constructionbarrier.dae","useInstanceRenderData":true}
