//--- OBJECT WRITE BEGIN ---
$ThisPrefab = new SimGroup() {
   canSave = "1";
   canSaveDynamicFields = "1";
      groupPosition = "0 0 0";

   new TSStatic() {
      shapeName = "/levels/west_coast_usa/art/shapes/objects/constructionbarrier_arrows.dae";
      dynamic = "0";
      playAmbient = "1";
      meshCulling = "0";
      originSort = "0";
      useInstanceRenderData = "1";
      instanceColor = "White";
      instanceColor1 = "White";
      instanceColor2 = "White";
      collisionType = "Collision Mesh";
      decalType = "Collision Mesh";
      prebuildCollisionData = "0";
      renderNormals = "0";
      forceDetail = "-1";
      position = "-98.2228012 -977.729736 132.27121";
      scale = "1 1 1";
      rotationMatrix = "0.523650169 -0.851933479 -9.31322575e-10 0.851842046 0.523593903 -0.0146538261 0.012484083 0.00767347962 0.999892652";
      isRenderEnabled = "false";
      canSave = "1";
      canSaveDynamicFields = "1";
   };
   new TSStatic() {
      shapeName = "/levels/west_coast_usa/art/shapes/objects/constructionbarrier_arrows.dae";
      dynamic = "0";
      playAmbient = "1";
      meshCulling = "0";
      originSort = "0";
      useInstanceRenderData = "1";
      instanceColor = "White";
      instanceColor1 = "White";
      instanceColor2 = "White";
      collisionType = "Collision Mesh";
      decalType = "Collision Mesh";
      prebuildCollisionData = "0";
      renderNormals = "0";
      forceDetail = "-1";
      position = "-94.929039 -975.209717 132.270477";
      scale = "1 1 1";
      rotationMatrix = "0.661461711 -0.7499789 0 0.749924898 0.661414087 -0.0119998734 0.00899965223 0.00793745555 0.999927998";
      isRenderEnabled = "false";
      canSave = "1";
      canSaveDynamicFields = "1";
   };
   new TSStatic() {
      shapeName = "/levels/west_coast_usa/art/shapes/objects/constructionbarrier_arrows.dae";
      dynamic = "0";
      playAmbient = "1";
      meshCulling = "0";
      originSort = "0";
      useInstanceRenderData = "1";
      instanceColor = "White";
      instanceColor1 = "White";
      instanceColor2 = "White";
      collisionType = "Collision Mesh";
      decalType = "Collision Mesh";
      prebuildCollisionData = "0";
      renderNormals = "0";
      forceDetail = "-1";
      position = "-91.8856735 -972.048096 132.248962";
      scale = "1 1 1";
      rotationMatrix = "0.789381385 -0.613903105 2.32830644e-10 0.613870084 0.789338827 -0.0103752008 0.0063693691 0.00818999019 0.999946177";
      isRenderEnabled = "false";
      canSave = "1";
      canSaveDynamicFields = "1";
   };
   new TSStatic() {
      shapeName = "/levels/west_coast_usa/art/shapes/objects/constructionbarrier_arrows.dae";
      dynamic = "0";
      playAmbient = "1";
      meshCulling = "0";
      originSort = "0";
      useInstanceRenderData = "1";
      instanceColor = "White";
      instanceColor1 = "White";
      instanceColor2 = "White";
      collisionType = "Collision Mesh";
      decalType = "Collision Mesh";
      prebuildCollisionData = "0";
      renderNormals = "0";
      forceDetail = "-1";
      position = "-89.7147064 -968.826965 132.192413";
      scale = "1 1 1";
      rotationMatrix = "0.850219965 -0.526427567 -1.39698386e-09 0.526346266 0.850088775 -0.0175679345 0.00924824737 0.0149366083 0.999845684";
      isRenderEnabled = "false";
      canSave = "1";
      canSaveDynamicFields = "1";
   };
   new BeamNGWaypoint(wp_helper_1) {
      drawDebug = "0";
      directionalWaypoint = "0";
      excludeFromMap = "0";
      position = "500.598724 753.060669 115.381348";
      scale = "8.5 8.5 8.5";
      rotationMatrix = "1 0 0 0 1 0 0 0 1";
      canSave = "1";
      canSaveDynamicFields = "1";
   };
   new BeamNGWaypoint(wp_helper_2) {
      drawDebug = "0";
      directionalWaypoint = "0";
      excludeFromMap = "0";
      position = "-340.275513 -844.97229 136.010147";
      scale = "4 4 4";
      rotationMatrix = "1 0 0 0 1 0 0 0 1";
      canSave = "1";
      canSaveDynamicFields = "1";
   };
   new BeamNGWaypoint(wp_helper_3) {
      drawDebug = "0";
      directionalWaypoint = "0";
      excludeFromMap = "0";
      position = "-325.751831 -856.871338 135.39682";
      scale = "4 4 4";
      rotationMatrix = "1 0 0 0 1 0 0 0 1";
      canSave = "1";
      canSaveDynamicFields = "1";
   };
   new BeamNGWaypoint(wp_helper_4) {
      drawDebug = "0";
      directionalWaypoint = "0";
      excludeFromMap = "0";
      position = "-109.444763 -965.815247 132.364227";
      scale = "4 4 4";
      rotationMatrix = "1 0 0 0 1 0 0 0 1";
      canSave = "1";
      canSaveDynamicFields = "1";
   };
   new BeamNGWaypoint(wp_helper_5) {
      drawDebug = "0";
      directionalWaypoint = "0";
      excludeFromMap = "0";
      position = "-99.4435501 -964.467224 132.284042";
      scale = "4.5 4.5 4.5";
      rotationMatrix = "1 0 0 0 1 0 0 0 1";
      canSave = "1";
      canSaveDynamicFields = "1";
   };
   new BeamNGWaypoint(wp_helper_6) {
      drawDebug = "0";
      directionalWaypoint = "0";
      excludeFromMap = "0";
      position = "-91.108223 -958.032227 132.191559";
      scale = "4 4 4";
      rotationMatrix = "1 0 0 0 1 0 0 0 1";
      canSave = "1";
      canSaveDynamicFields = "1";
   };
   new TSStatic() {
      shapeName = "/levels/west_coast_usa/art/shapes/objects/constructionbarrier_arrows.dae";
      dynamic = "0";
      playAmbient = "1";
      meshCulling = "0";
      originSort = "0";
      useInstanceRenderData = "1";
      instanceColor = "White";
      instanceColor1 = "White";
      instanceColor2 = "White";
      collisionType = "Collision Mesh";
      decalType = "Collision Mesh";
      prebuildCollisionData = "0";
      renderNormals = "0";
      forceDetail = "-1";
      position = "-87.8070068 -965.46637 132.115509";
      scale = "1 1 1";
      rotationMatrix = "0.899290085 -0.437352568 -2.32830644e-10 0.437291771 0.899165034 -0.0166752581 0.00729296822 0.0149958935 0.999860942";
      isRenderEnabled = "false";
      canSave = "1";
      canSaveDynamicFields = "1";
   };
};
//--- OBJECT WRITE END ---

