//--- OBJECT WRITE BEGIN ---
$ThisPrefab = new SimGroup() {
   canSave = "1";
   canSaveDynamicFields = "1";
      groupPosition = "0 0 0";

   new TSStatic() {
      shapeName = "/levels/west_coast_usa/art/shapes/objects/constructionbarrier_arrows.dae";
      dynamic = "0";
      playAmbient = "1";
      meshCulling = "0";
      originSort = "0";
      useInstanceRenderData = "1";
      instanceColor = "White";
      instanceColor1 = "White";
      instanceColor2 = "White";
      collisionType = "Collision Mesh";
      decalType = "Collision Mesh";
      prebuildCollisionData = "0";
      renderNormals = "0";
      forceDetail = "-1";
      position = "-912.411255 443.913757 153.230682";
      scale = "1 1 1";
      rotationMatrix = "-0.999039054 0.043823652 0 -0.043823652 -0.999039054 0 0 0 1";
      isRenderEnabled = "false";
      canSave = "1";
      canSaveDynamicFields = "1";
         mode = "Ignore";
         order_simset = "1";
   };
   new TSStatic() {
      shapeName = "/levels/west_coast_usa/art/shapes/objects/constructionbarrier_arrows.dae";
      dynamic = "0";
      playAmbient = "1";
      meshCulling = "0";
      originSort = "0";
      useInstanceRenderData = "1";
      instanceColor = "White";
      instanceColor1 = "White";
      instanceColor2 = "White";
      collisionType = "Collision Mesh";
      decalType = "Collision Mesh";
      prebuildCollisionData = "0";
      renderNormals = "0";
      forceDetail = "-1";
      position = "-912.491943 442.074554 153.230682";
      scale = "1 1 1";
      rotationMatrix = "-0.999039054 0.043823652 0 -0.043823652 -0.999039054 0 0 0 1";
      isRenderEnabled = "false";
      canSave = "1";
      canSaveDynamicFields = "1";
         mode = "Ignore";
         order_simset = "1";
   };
   new TSStatic() {
      shapeName = "/levels/west_coast_usa/art/shapes/objects/constructionbarrier_arrows.dae";
      dynamic = "0";
      playAmbient = "1";
      meshCulling = "0";
      originSort = "0";
      useInstanceRenderData = "1";
      instanceColor = "White";
      instanceColor1 = "White";
      instanceColor2 = "White";
      collisionType = "Collision Mesh";
      decalType = "Collision Mesh";
      prebuildCollisionData = "0";
      renderNormals = "0";
      forceDetail = "-1";
      position = "-912.57251 440.237396 153.230682";
      scale = "1 1 1";
      rotationMatrix = "-0.999039054 0.043823652 0 -0.043823652 -0.999039054 0 0 0 1";
      isRenderEnabled = "false";
      canSave = "1";
      canSaveDynamicFields = "1";
         mode = "Ignore";
         order_simset = "1";
   };
   new TSStatic() {
      shapeName = "/levels/west_coast_usa/art/shapes/objects/constructionbarrier_arrows.dae";
      dynamic = "0";
      playAmbient = "1";
      meshCulling = "0";
      originSort = "0";
      useInstanceRenderData = "1";
      instanceColor = "White";
      instanceColor1 = "White";
      instanceColor2 = "White";
      collisionType = "Collision Mesh";
      decalType = "Collision Mesh";
      prebuildCollisionData = "0";
      renderNormals = "0";
      forceDetail = "-1";
      position = "-912.653381 438.394104 153.230682";
      scale = "1 1 1";
      rotationMatrix = "-0.999039054 0.043823652 0 -0.043823652 -0.999039054 0 0 0 1";
      isRenderEnabled = "false";
      canSave = "1";
      canSaveDynamicFields = "1";
         mode = "Ignore";
         order_simset = "1";
   };
   new TSStatic() {
      shapeName = "/levels/west_coast_usa/art/shapes/objects/constructionbarrier_arrows.dae";
      dynamic = "0";
      playAmbient = "1";
      meshCulling = "0";
      originSort = "0";
      useInstanceRenderData = "1";
      instanceColor = "White";
      instanceColor1 = "White";
      instanceColor2 = "White";
      collisionType = "Collision Mesh";
      decalType = "Collision Mesh";
      prebuildCollisionData = "0";
      renderNormals = "0";
      forceDetail = "-1";
      position = "-912.734436 436.546204 153.230682";
      scale = "1 1 1";
      rotationMatrix = "-0.999039054 0.043823652 0 -0.043823652 -0.999039054 0 0 0 1";
      isRenderEnabled = "false";
      canSave = "1";
      canSaveDynamicFields = "1";
         mode = "Ignore";
         order_simset = "1";
   };
   new TSStatic() {
      shapeName = "/levels/west_coast_usa/art/shapes/objects/constructionbarrier_arrows.dae";
      dynamic = "0";
      playAmbient = "1";
      meshCulling = "0";
      originSort = "0";
      useInstanceRenderData = "1";
      instanceColor = "White";
      instanceColor1 = "White";
      instanceColor2 = "White";
      collisionType = "Collision Mesh";
      decalType = "Collision Mesh";
      prebuildCollisionData = "0";
      renderNormals = "0";
      forceDetail = "-1";
      position = "-928.046631 437.217865 153.230682";
      scale = "1 1 1";
      rotationMatrix = "-0.999039054 0.043823652 0 -0.043823652 -0.999039054 0 0 0 1";
      isRenderEnabled = "false";
      canSave = "1";
      canSaveDynamicFields = "1";
         mode = "Ignore";
         order_simset = "1";
   };
   new TSStatic() {
      shapeName = "/levels/west_coast_usa/art/shapes/objects/constructionbarrier_arrows.dae";
      dynamic = "0";
      playAmbient = "1";
      meshCulling = "0";
      originSort = "0";
      useInstanceRenderData = "1";
      instanceColor = "White";
      instanceColor1 = "White";
      instanceColor2 = "White";
      collisionType = "Collision Mesh";
      decalType = "Collision Mesh";
      prebuildCollisionData = "0";
      renderNormals = "0";
      forceDetail = "-1";
      position = "-927.965576 439.065765 153.230682";
      scale = "1 1 1";
      rotationMatrix = "-0.999039054 0.043823652 0 -0.043823652 -0.999039054 0 0 0 1";
      isRenderEnabled = "false";
      canSave = "1";
      canSaveDynamicFields = "1";
         mode = "Ignore";
         order_simset = "1";
   };
   new TSStatic() {
      shapeName = "/levels/west_coast_usa/art/shapes/objects/constructionbarrier_arrows.dae";
      dynamic = "0";
      playAmbient = "1";
      meshCulling = "0";
      originSort = "0";
      useInstanceRenderData = "1";
      instanceColor = "White";
      instanceColor1 = "White";
      instanceColor2 = "White";
      collisionType = "Collision Mesh";
      decalType = "Collision Mesh";
      prebuildCollisionData = "0";
      renderNormals = "0";
      forceDetail = "-1";
      position = "-927.884705 440.909058 153.230682";
      scale = "1 1 1";
      rotationMatrix = "-0.999039054 0.043823652 0 -0.043823652 -0.999039054 0 0 0 1";
      isRenderEnabled = "false";
      canSave = "1";
      canSaveDynamicFields = "1";
         mode = "Ignore";
         order_simset = "1";
   };
   new TSStatic() {
      shapeName = "/levels/west_coast_usa/art/shapes/objects/constructionbarrier_arrows.dae";
      dynamic = "0";
      playAmbient = "1";
      meshCulling = "0";
      originSort = "0";
      useInstanceRenderData = "1";
      instanceColor = "White";
      instanceColor1 = "White";
      instanceColor2 = "White";
      collisionType = "Collision Mesh";
      decalType = "Collision Mesh";
      prebuildCollisionData = "0";
      renderNormals = "0";
      forceDetail = "-1";
      position = "-927.804138 442.746216 153.230682";
      scale = "1 1 1";
      rotationMatrix = "-0.999039054 0.043823652 0 -0.043823652 -0.999039054 0 0 0 1";
      isRenderEnabled = "false";
      canSave = "1";
      canSaveDynamicFields = "1";
         mode = "Ignore";
         order_simset = "1";
   };
   new TSStatic() {
      shapeName = "/levels/west_coast_usa/art/shapes/objects/constructionbarrier_arrows.dae";
      dynamic = "0";
      playAmbient = "1";
      meshCulling = "0";
      originSort = "0";
      useInstanceRenderData = "1";
      instanceColor = "White";
      instanceColor1 = "White";
      instanceColor2 = "White";
      collisionType = "Collision Mesh";
      decalType = "Collision Mesh";
      prebuildCollisionData = "0";
      renderNormals = "0";
      forceDetail = "-1";
      position = "-927.72345 444.585419 153.230682";
      scale = "1 1 1";
      rotationMatrix = "-0.999039054 0.043823652 0 -0.043823652 -0.999039054 0 0 0 1";
      isRenderEnabled = "false";
      canSave = "1";
      canSaveDynamicFields = "1";
         mode = "Ignore";
         order_simset = "1";
   };
   new TSStatic() {
      shapeName = "/levels/west_coast_usa/art/shapes/objects/arrowboard_L.dae";
      dynamic = "0";
      playAmbient = "1";
      meshCulling = "0";
      originSort = "0";
      useInstanceRenderData = "1";
      instanceColor = "White";
      instanceColor1 = "White";
      instanceColor2 = "White";
      collisionType = "Collision Mesh";
      decalType = "Collision Mesh";
      prebuildCollisionData = "0";
      renderNormals = "0";
      forceDetail = "-1";
      position = "-927.668884 456.785736 152.207809";
      scale = "1 1 1";
      rotationMatrix = "0.567282498 0.802805126 -0.183560386 -0.823519289 0.552322865 -0.129442349 -0.00253240764 0.224595919 0.974448681";
      isRenderEnabled = "false";
      canSave = "1";
      canSaveDynamicFields = "1";
         mode = "Ignore";
         order_simset = "745829744";
   };
   new TSStatic() {
      shapeName = "/levels/west_coast_usa/art/shapes/objects/arrowboard_R.dae";
      dynamic = "0";
      playAmbient = "1";
      meshCulling = "0";
      originSort = "0";
      useInstanceRenderData = "1";
      instanceColor = "White";
      instanceColor1 = "White";
      instanceColor2 = "White";
      collisionType = "Collision Mesh";
      decalType = "Collision Mesh";
      prebuildCollisionData = "0";
      renderNormals = "0";
      forceDetail = "-1";
      position = "-912.728394 458.916534 151.71315";
      scale = "1 1 1";
      rotationMatrix = "-0.457444906 0.866046786 -0.201759696 -0.889200091 -0.447586179 0.0948137641 -0.00819168985 0.22277683 0.974835038";
      isRenderEnabled = "false";
      canSave = "1";
      canSaveDynamicFields = "1";
         mode = "Ignore";
         order_simset = "548";
   };
   new TSStatic() {
      shapeName = "/levels/west_coast_usa/art/shapes/objects/constructionbarrier_arrows.dae";
      dynamic = "0";
      playAmbient = "1";
      meshCulling = "0";
      originSort = "0";
      useInstanceRenderData = "1";
      instanceColor = "White";
      instanceColor1 = "White";
      instanceColor2 = "White";
      collisionType = "Collision Mesh";
      decalType = "Collision Mesh";
      prebuildCollisionData = "0";
      renderNormals = "0";
      forceDetail = "-1";
      position = "-928.416565 553.414185 131.998611";
      scale = "1 1 1";
      rotationMatrix = "-0.996872902 0.063334696 0.0472515486 -0.0631996468 -0.997991204 0.00434824545 0.0474320389 0.00134836778 0.998873532";
      isRenderEnabled = "false";
      canSave = "1";
      canSaveDynamicFields = "1";
         mode = "Ignore";
         order_simset = "1";
   };
   new TSStatic() {
      shapeName = "/levels/west_coast_usa/art/shapes/objects/constructionbarrier_arrows.dae";
      dynamic = "0";
      playAmbient = "1";
      meshCulling = "0";
      originSort = "0";
      useInstanceRenderData = "1";
      instanceColor = "White";
      instanceColor1 = "White";
      instanceColor2 = "White";
      collisionType = "Collision Mesh";
      decalType = "Collision Mesh";
      prebuildCollisionData = "0";
      renderNormals = "0";
      forceDetail = "-1";
      position = "-928.533569 551.567993 132.006653";
      scale = "1 1 1";
      rotationMatrix = "-0.996872902 0.063334696 0.0472515486 -0.0631996468 -0.997991204 0.00434824545 0.0474320389 0.00134836778 0.998873532";
      isRenderEnabled = "false";
      canSave = "1";
      canSaveDynamicFields = "1";
         mode = "Ignore";
         order_simset = "1";
   };
   new TSStatic() {
      shapeName = "/levels/west_coast_usa/art/shapes/objects/constructionbarrier_arrows.dae";
      dynamic = "0";
      playAmbient = "1";
      meshCulling = "0";
      originSort = "0";
      useInstanceRenderData = "1";
      instanceColor = "White";
      instanceColor1 = "White";
      instanceColor2 = "White";
      collisionType = "Collision Mesh";
      decalType = "Collision Mesh";
      prebuildCollisionData = "0";
      renderNormals = "0";
      forceDetail = "-1";
      position = "-909.924683 550.898865 131.889648";
      scale = "1 1 1";
      rotationMatrix = "-0.968616128 0.248560607 0 -0.248560607 -0.968616128 0 0 0 1";
      isRenderEnabled = "false";
      canSave = "1";
      canSaveDynamicFields = "1";
         mode = "Ignore";
         order_simset = "1";
   };
   new TSStatic() {
      shapeName = "/levels/west_coast_usa/art/shapes/objects/constructionbarrier_arrows.dae";
      dynamic = "0";
      playAmbient = "1";
      meshCulling = "0";
      originSort = "0";
      useInstanceRenderData = "1";
      instanceColor = "White";
      instanceColor1 = "White";
      instanceColor2 = "White";
      collisionType = "Collision Mesh";
      decalType = "Collision Mesh";
      prebuildCollisionData = "0";
      renderNormals = "0";
      forceDetail = "-1";
      position = "-909.465942 552.68634 131.889648";
      scale = "1 1 1";
      rotationMatrix = "-0.968616128 0.248560607 0 -0.248560607 -0.968616128 0 0 0 1";
      isRenderEnabled = "false";
      canSave = "1";
      canSaveDynamicFields = "1";
         mode = "Ignore";
         order_simset = "1";
   };
   new TSStatic() {
      shapeName = "/levels/west_coast_usa/art/shapes/objects/constructionbarrier_arrows.dae";
      dynamic = "0";
      playAmbient = "1";
      meshCulling = "0";
      originSort = "0";
      useInstanceRenderData = "1";
      instanceColor = "White";
      instanceColor1 = "White";
      instanceColor2 = "White";
      collisionType = "Collision Mesh";
      decalType = "Collision Mesh";
      prebuildCollisionData = "0";
      renderNormals = "0";
      forceDetail = "-1";
      position = "-909.005676 554.480042 131.889648";
      scale = "1 1 1";
      rotationMatrix = "-0.968616128 0.248560607 0 -0.248560607 -0.968616128 0 0 0 1";
      isRenderEnabled = "false";
      canSave = "1";
      canSaveDynamicFields = "1";
         mode = "Ignore";
         order_simset = "1";
   };
   new TSStatic() {
      shapeName = "/levels/west_coast_usa/art/shapes/objects/constructionbarrier_arrows.dae";
      dynamic = "0";
      playAmbient = "1";
      meshCulling = "0";
      originSort = "0";
      useInstanceRenderData = "1";
      instanceColor = "White";
      instanceColor1 = "White";
      instanceColor2 = "White";
      collisionType = "Collision Mesh";
      decalType = "Collision Mesh";
      prebuildCollisionData = "0";
      renderNormals = "0";
      forceDetail = "-1";
      position = "-908.545959 556.271667 131.889648";
      scale = "1 1 1";
      rotationMatrix = "-0.968616128 0.248560607 0 -0.248560607 -0.968616128 0 0 0 1";
      isRenderEnabled = "false";
      canSave = "1";
      canSaveDynamicFields = "1";
         mode = "Ignore";
         order_simset = "1";
   };
   new TSStatic() {
      shapeName = "/levels/west_coast_usa/art/shapes/objects/constructionbarrier_arrows.dae";
      dynamic = "0";
      playAmbient = "1";
      meshCulling = "0";
      originSort = "0";
      useInstanceRenderData = "1";
      instanceColor = "White";
      instanceColor1 = "White";
      instanceColor2 = "White";
      collisionType = "Collision Mesh";
      decalType = "Collision Mesh";
      prebuildCollisionData = "0";
      renderNormals = "0";
      forceDetail = "-1";
      position = "-908.085144 558.067322 131.889648";
      scale = "1 1 1";
      rotationMatrix = "-0.968616128 0.248560607 0 -0.248560607 -0.968616128 0 0 0 1";
      isRenderEnabled = "false";
      canSave = "1";
      canSaveDynamicFields = "1";
         mode = "Ignore";
         order_simset = "1";
   };
   new TSStatic() {
      shapeName = "/levels/west_coast_usa/art/shapes/objects/constructionbarrier_arrows.dae";
      dynamic = "0";
      playAmbient = "1";
      meshCulling = "0";
      originSort = "0";
      useInstanceRenderData = "1";
      instanceColor = "White";
      instanceColor1 = "White";
      instanceColor2 = "White";
      collisionType = "Collision Mesh";
      decalType = "Collision Mesh";
      prebuildCollisionData = "0";
      renderNormals = "0";
      forceDetail = "-1";
      position = "-907.623413 559.866333 131.889648";
      scale = "1 1 1";
      rotationMatrix = "-0.968616128 0.248560607 0 -0.248560607 -0.968616128 0 0 0 1";
      isRenderEnabled = "false";
      canSave = "1";
      canSaveDynamicFields = "1";
         mode = "Ignore";
         order_simset = "1";
   };
   new TSStatic() {
      shapeName = "/levels/west_coast_usa/art/shapes/objects/constructionbarrier_arrows.dae";
      dynamic = "0";
      playAmbient = "1";
      meshCulling = "0";
      originSort = "0";
      useInstanceRenderData = "1";
      instanceColor = "White";
      instanceColor1 = "White";
      instanceColor2 = "White";
      collisionType = "Collision Mesh";
      decalType = "Collision Mesh";
      prebuildCollisionData = "0";
      renderNormals = "0";
      forceDetail = "-1";
      position = "-871.883484 579.119629 127.288155";
      scale = "1 1 1";
      rotationMatrix = "-0.430593252 0.885119617 -0.176501691 -0.902526438 -0.420976877 0.0906894282 0.0059678629 0.198347688 0.980113566";
      isRenderEnabled = "false";
      canSave = "1";
      canSaveDynamicFields = "1";
         mode = "Ignore";
         order_simset = "745829744";
   };
   new TSStatic() {
      shapeName = "/levels/west_coast_usa/art/shapes/objects/constructionbarrier_arrows.dae";
      dynamic = "0";
      playAmbient = "1";
      meshCulling = "0";
      originSort = "0";
      useInstanceRenderData = "1";
      instanceColor = "White";
      instanceColor1 = "White";
      instanceColor2 = "White";
      collisionType = "Collision Mesh";
      decalType = "Collision Mesh";
      prebuildCollisionData = "0";
      renderNormals = "0";
      forceDetail = "-1";
      position = "-870.218628 579.89624 127.12088";
      scale = "1 1 1";
      rotationMatrix = "-0.430593252 0.885119617 -0.176501691 -0.902526438 -0.420976877 0.0906894282 0.0059678629 0.198347688 0.980113566";
      isRenderEnabled = "false";
      canSave = "1";
      canSaveDynamicFields = "1";
         mode = "Ignore";
         order_simset = "745829744";
   };
   new TSStatic() {
      shapeName = "/levels/west_coast_usa/art/shapes/objects/constructionbarrier_arrows.dae";
      dynamic = "0";
      playAmbient = "1";
      meshCulling = "0";
      originSort = "0";
      useInstanceRenderData = "1";
      instanceColor = "White";
      instanceColor1 = "White";
      instanceColor2 = "White";
      collisionType = "Collision Mesh";
      decalType = "Collision Mesh";
      prebuildCollisionData = "0";
      renderNormals = "0";
      forceDetail = "-1";
      position = "-883.248779 573.935486 128.983337";
      scale = "1 1 1";
      rotationMatrix = "-0.4304986 0.876713812 -0.214578792 -0.901913345 -0.408628702 0.139910862 0.0349787474 0.253762871 0.966633797";
      isRenderEnabled = "false";
      canSave = "1";
      canSaveDynamicFields = "1";
         mode = "Ignore";
         order_simset = "745829744";
   };
   new TSStatic() {
      shapeName = "/levels/west_coast_usa/art/shapes/objects/constructionbarrier_arrows.dae";
      dynamic = "0";
      playAmbient = "1";
      meshCulling = "0";
      originSort = "0";
      useInstanceRenderData = "1";
      instanceColor = "White";
      instanceColor1 = "White";
      instanceColor2 = "White";
      collisionType = "Collision Mesh";
      decalType = "Collision Mesh";
      prebuildCollisionData = "0";
      renderNormals = "0";
      forceDetail = "-1";
      position = "-884.912476 573.181641 129.241409";
      scale = "1 1 1";
      rotationMatrix = "-0.4304986 0.876713812 -0.214578792 -0.901913345 -0.408628702 0.139910862 0.0349787474 0.253762871 0.966633797";
      isRenderEnabled = "false";
      canSave = "1";
      canSaveDynamicFields = "1";
         mode = "Ignore";
         order_simset = "745829744";
   };
   new TSStatic() {
      shapeName = "/levels/west_coast_usa/art/shapes/objects/constructionbarrier_arrows.dae";
      dynamic = "0";
      playAmbient = "1";
      meshCulling = "0";
      originSort = "0";
      useInstanceRenderData = "1";
      instanceColor = "White";
      instanceColor1 = "White";
      instanceColor2 = "White";
      collisionType = "Collision Mesh";
      decalType = "Collision Mesh";
      prebuildCollisionData = "0";
      renderNormals = "0";
      forceDetail = "-1";
      position = "-886.579285 572.426453 129.5";
      scale = "1 1 1";
      rotationMatrix = "-0.4304986 0.876713812 -0.214578792 -0.901913345 -0.408628702 0.139910862 0.0349787474 0.253762871 0.966633797";
      isRenderEnabled = "false";
      canSave = "1";
      canSaveDynamicFields = "1";
         mode = "Ignore";
         order_simset = "745829744";
   };
   new TSStatic() {
      shapeName = "/levels/west_coast_usa/art/shapes/objects/constructionbarrier_arrows.dae";
      dynamic = "0";
      playAmbient = "1";
      meshCulling = "0";
      originSort = "0";
      useInstanceRenderData = "1";
      instanceColor = "White";
      instanceColor1 = "White";
      instanceColor2 = "White";
      collisionType = "Collision Mesh";
      decalType = "Collision Mesh";
      prebuildCollisionData = "0";
      renderNormals = "0";
      forceDetail = "-1";
      position = "-888.245789 571.671387 129.75853";
      scale = "1 1 1";
      rotationMatrix = "-0.4304986 0.876713812 -0.214578792 -0.901913345 -0.408628702 0.139910862 0.0349787474 0.253762871 0.966633797";
      isRenderEnabled = "false";
      canSave = "1";
      canSaveDynamicFields = "1";
         mode = "Ignore";
         order_simset = "745829744";
   };
   new TSStatic() {
      shapeName = "/levels/west_coast_usa/art/shapes/objects/constructionbarrier_arrows.dae";
      dynamic = "0";
      playAmbient = "1";
      meshCulling = "0";
      originSort = "0";
      useInstanceRenderData = "1";
      instanceColor = "White";
      instanceColor1 = "White";
      instanceColor2 = "White";
      collisionType = "Collision Mesh";
      decalType = "Collision Mesh";
      prebuildCollisionData = "0";
      renderNormals = "0";
      forceDetail = "-1";
      position = "-881.587036 574.688293 128.725586";
      scale = "1 1 1";
      rotationMatrix = "-0.4304986 0.876713812 -0.214578792 -0.901913345 -0.408628702 0.139910862 0.0349787474 0.253762871 0.966633797";
      isRenderEnabled = "false";
      canSave = "1";
      canSaveDynamicFields = "1";
         mode = "Ignore";
         order_simset = "745829744";
   };
   new TSStatic() {
      shapeName = "/levels/west_coast_usa/art/shapes/objects/constructionbarrier_arrows.dae";
      dynamic = "0";
      playAmbient = "1";
      meshCulling = "0";
      originSort = "0";
      useInstanceRenderData = "1";
      instanceColor = "White";
      instanceColor1 = "White";
      instanceColor2 = "White";
      collisionType = "Collision Mesh";
      decalType = "Collision Mesh";
      prebuildCollisionData = "0";
      renderNormals = "0";
      forceDetail = "-1";
      position = "-879.920532 575.443359 128.467056";
      scale = "1 1 1";
      rotationMatrix = "-0.4304986 0.876713812 -0.214578792 -0.901913345 -0.408628702 0.139910862 0.0349787474 0.253762871 0.966633797";
      isRenderEnabled = "false";
      canSave = "1";
      canSaveDynamicFields = "1";
         mode = "Ignore";
         order_simset = "745829744";
   };
   new TSStatic() {
      shapeName = "/levels/west_coast_usa/art/shapes/objects/constructionbarrier_arrows.dae";
      dynamic = "0";
      playAmbient = "1";
      meshCulling = "0";
      originSort = "0";
      useInstanceRenderData = "1";
      instanceColor = "White";
      instanceColor1 = "White";
      instanceColor2 = "White";
      collisionType = "Collision Mesh";
      decalType = "Collision Mesh";
      prebuildCollisionData = "0";
      renderNormals = "0";
      forceDetail = "-1";
      position = "-878.253723 576.198547 128.208466";
      scale = "1 1 1";
      rotationMatrix = "-0.4304986 0.876713812 -0.214578792 -0.901913345 -0.408628702 0.139910862 0.0349787474 0.253762871 0.966633797";
      isRenderEnabled = "false";
      canSave = "1";
      canSaveDynamicFields = "1";
         mode = "Ignore";
         order_simset = "745829744";
   };
   new TSStatic() {
      shapeName = "/levels/west_coast_usa/art/shapes/objects/constructionbarrier_arrows.dae";
      dynamic = "0";
      playAmbient = "1";
      meshCulling = "0";
      originSort = "0";
      useInstanceRenderData = "1";
      instanceColor = "White";
      instanceColor1 = "White";
      instanceColor2 = "White";
      collisionType = "Collision Mesh";
      decalType = "Collision Mesh";
      prebuildCollisionData = "0";
      renderNormals = "0";
      forceDetail = "-1";
      position = "-876.590027 576.952393 127.950394";
      scale = "1 1 1";
      rotationMatrix = "-0.4304986 0.876713812 -0.214578792 -0.901913345 -0.408628702 0.139910862 0.0349787474 0.253762871 0.966633797";
      isRenderEnabled = "false";
      canSave = "1";
      canSaveDynamicFields = "1";
         mode = "Ignore";
         order_simset = "745829744";
   };
   new TSStatic() {
      shapeName = "/levels/west_coast_usa/art/shapes/objects/constructionbarrier_arrows.dae";
      dynamic = "0";
      playAmbient = "1";
      meshCulling = "0";
      originSort = "0";
      useInstanceRenderData = "1";
      instanceColor = "White";
      instanceColor1 = "White";
      instanceColor2 = "White";
      collisionType = "Collision Mesh";
      decalType = "Collision Mesh";
      prebuildCollisionData = "0";
      renderNormals = "0";
      forceDetail = "-1";
      position = "-881.307617 595.956726 124.79084";
      scale = "1 1 1";
      rotationMatrix = "-0.117494822 -0.952205956 0.281955123 0.993070304 -0.113375068 0.0309418887 0.0025036484 0.283636808 0.958928525";
      isRenderEnabled = "false";
      canSave = "1";
      canSaveDynamicFields = "1";
         mode = "Ignore";
         order_simset = "745829744";
   };
   new TSStatic() {
      shapeName = "/levels/west_coast_usa/art/shapes/objects/constructionbarrier_arrows.dae";
      dynamic = "0";
      playAmbient = "1";
      meshCulling = "0";
      originSort = "0";
      useInstanceRenderData = "1";
      instanceColor = "White";
      instanceColor1 = "White";
      instanceColor2 = "White";
      collisionType = "Collision Mesh";
      decalType = "Collision Mesh";
      prebuildCollisionData = "0";
      renderNormals = "0";
      forceDetail = "-1";
      position = "-879.444458 595.736694 124.845901";
      scale = "1 1 1";
      rotationMatrix = "-0.117494941 -0.952205956 0.281955123 0.992896259 -0.118002534 0.0152420402 0.0187578648 0.28174305 0.959306538";
      isRenderEnabled = "false";
      canSave = "1";
      canSaveDynamicFields = "1";
         mode = "Ignore";
         order_simset = "745829744";
   };
   new TSStatic() {
      shapeName = "/levels/west_coast_usa/art/shapes/objects/constructionbarrier_arrows.dae";
      dynamic = "0";
      playAmbient = "1";
      meshCulling = "0";
      originSort = "0";
      useInstanceRenderData = "1";
      instanceColor = "White";
      instanceColor1 = "White";
      instanceColor2 = "White";
      collisionType = "Collision Mesh";
      decalType = "Collision Mesh";
      prebuildCollisionData = "0";
      renderNormals = "0";
      forceDetail = "-1";
      position = "-877.664246 595.606384 124.82431";
      scale = "1 1 1";
      rotationMatrix = "-0.11749506 -0.952205837 0.281955123 0.989837348 -0.13519454 -0.0440921709 0.0801036507 0.273909152 0.958413899";
      isRenderEnabled = "false";
      canSave = "1";
      canSaveDynamicFields = "1";
         mode = "Ignore";
         order_simset = "745829744";
   };
   new TSStatic() {
      shapeName = "/levels/west_coast_usa/art/shapes/objects/constructionbarrier_arrows.dae";
      dynamic = "0";
      playAmbient = "1";
      meshCulling = "0";
      originSort = "0";
      useInstanceRenderData = "1";
      instanceColor = "White";
      instanceColor1 = "White";
      instanceColor2 = "White";
      collisionType = "Collision Mesh";
      decalType = "Collision Mesh";
      prebuildCollisionData = "0";
      renderNormals = "0";
      forceDetail = "-1";
      position = "-883.135559 596.165161 124.736565";
      scale = "1 1 1";
      rotationMatrix = "-0.117494464 -0.952205837 0.281955004 0.993062437 -0.113983631 0.0288822651 0.0046364516 0.283392519 0.958992779";
      isRenderEnabled = "false";
      canSave = "1";
      canSaveDynamicFields = "1";
         mode = "Ignore";
         order_simset = "745829744";
   };
   new TSStatic() {
      shapeName = "/levels/west_coast_usa/art/shapes/objects/constructionbarrier_arrows.dae";
      dynamic = "0";
      playAmbient = "1";
      meshCulling = "0";
      originSort = "0";
      useInstanceRenderData = "1";
      instanceColor = "White";
      instanceColor1 = "White";
      instanceColor2 = "White";
      collisionType = "Collision Mesh";
      decalType = "Collision Mesh";
      prebuildCollisionData = "0";
      renderNormals = "0";
      forceDetail = "-1";
      position = "-885.0177 596.37915 124.678627";
      scale = "1 1 1";
      rotationMatrix = "-0.11749506 -0.952206254 0.281955183 0.992831469 -0.118904233 0.0121702701 0.0219369978 0.281363845 0.959350407";
      isRenderEnabled = "false";
      canSave = "1";
      canSaveDynamicFields = "1";
         mode = "Ignore";
         order_simset = "745829744";
   };
   new TSStatic() {
      shapeName = "/levels/west_coast_usa/art/shapes/objects/constructionbarrier_arrows.dae";
      dynamic = "0";
      playAmbient = "1";
      meshCulling = "0";
      originSort = "0";
      useInstanceRenderData = "1";
      instanceColor = "White";
      instanceColor1 = "White";
      instanceColor2 = "White";
      collisionType = "Collision Mesh";
      decalType = "Collision Mesh";
      prebuildCollisionData = "0";
      renderNormals = "0";
      forceDetail = "-1";
      position = "-886.840942 596.598755 124.644691";
      scale = "1 1 1";
      rotationMatrix = "-0.117494822 -0.952205956 0.281955123 0.993031323 -0.115270853 0.0245231986 0.00915008783 0.282871634 0.959114134";
      isRenderEnabled = "false";
      canSave = "1";
      canSaveDynamicFields = "1";
         mode = "Ignore";
         order_simset = "745829744";
   };
   new TSStatic() {
      shapeName = "/levels/west_coast_usa/art/shapes/objects/constructionbarrier_arrows.dae";
      dynamic = "0";
      playAmbient = "1";
      meshCulling = "0";
      originSort = "0";
      useInstanceRenderData = "1";
      instanceColor = "White";
      instanceColor1 = "White";
      instanceColor2 = "White";
      collisionType = "Collision Mesh";
      decalType = "Collision Mesh";
      prebuildCollisionData = "0";
      renderNormals = "0";
      forceDetail = "-1";
      position = "-888.688782 596.794861 124.580292";
      scale = "1 1 1";
      rotationMatrix = "-0.117494106 -0.952206016 0.281954944 0.992931843 -0.117438197 0.0171595812 0.0167728812 0.28197819 0.959274173";
      isRenderEnabled = "false";
      canSave = "1";
      canSaveDynamicFields = "1";
         mode = "Ignore";
         order_simset = "745829744";
   };
   new TSStatic() {
      shapeName = "/levels/west_coast_usa/art/shapes/objects/constructionbarrier_arrows.dae";
      dynamic = "0";
      playAmbient = "1";
      meshCulling = "0";
      originSort = "0";
      useInstanceRenderData = "1";
      instanceColor = "White";
      instanceColor1 = "White";
      instanceColor2 = "White";
      collisionType = "Collision Mesh";
      decalType = "Collision Mesh";
      prebuildCollisionData = "0";
      renderNormals = "0";
      forceDetail = "-1";
      position = "-890.507507 596.995178 124.549515";
      scale = "1 1 1";
      rotationMatrix = "-0.11749351 -0.952206135 0.281954885 0.993023038 -0.115516067 0.023687005 0.010015443 0.282770813 0.959135234";
      isRenderEnabled = "false";
      canSave = "1";
      canSaveDynamicFields = "1";
         mode = "Ignore";
         order_simset = "745829744";
   };
   new TSStatic() {
      shapeName = "/levels/west_coast_usa/art/shapes/objects/constructionbarrier_arrows.dae";
      dynamic = "0";
      playAmbient = "1";
      meshCulling = "0";
      originSort = "0";
      useInstanceRenderData = "1";
      instanceColor = "White";
      instanceColor1 = "White";
      instanceColor2 = "White";
      collisionType = "Collision Mesh";
      decalType = "Collision Mesh";
      prebuildCollisionData = "0";
      renderNormals = "0";
      forceDetail = "-1";
      position = "-892.348511 597.216187 124.468231";
      scale = "1 1 1";
      rotationMatrix = "-0.133619905 -0.950371027 0.280964494 0.990687132 -0.120604157 0.063199386 -0.026177451 0.286792517 0.957634985";
      isRenderEnabled = "false";
      canSave = "1";
      canSaveDynamicFields = "1";
         mode = "Ignore";
         order_simset = "745829744";
   };
   new TSStatic() {
      shapeName = "/levels/west_coast_usa/art/shapes/objects/constructionbarrier_arrows.dae";
      dynamic = "0";
      playAmbient = "1";
      meshCulling = "0";
      originSort = "0";
      useInstanceRenderData = "1";
      instanceColor = "White";
      instanceColor1 = "White";
      instanceColor2 = "White";
      collisionType = "Collision Mesh";
      decalType = "Collision Mesh";
      prebuildCollisionData = "0";
      renderNormals = "0";
      forceDetail = "-1";
      position = "-894.176575 597.453064 124.378151";
      scale = "1 1 1";
      rotationMatrix = "-0.137513638 -0.949814498 0.280966222 0.990411341 -0.128064394 0.0518127233 -0.0132306665 0.285397172 0.958317995";
      isRenderEnabled = "false";
      canSave = "1";
      canSaveDynamicFields = "1";
         mode = "Ignore";
         order_simset = "745829744";
   };
   new TSStatic() {
      shapeName = "/levels/west_coast_usa/art/shapes/objects/constructionbarrier_arrows.dae";
      dynamic = "0";
      playAmbient = "1";
      meshCulling = "0";
      originSort = "0";
      useInstanceRenderData = "1";
      instanceColor = "White";
      instanceColor1 = "White";
      instanceColor2 = "White";
      collisionType = "Collision Mesh";
      decalType = "Collision Mesh";
      prebuildCollisionData = "0";
      renderNormals = "0";
      forceDetail = "-1";
      position = "-895.993469 597.685303 124.299583";
      scale = "1 1 1";
      rotationMatrix = "-0.138014078 -0.949705541 0.281090319 0.990413964 -0.130699754 0.0446999446 -0.00571337342 0.284564972 0.958639741";
      isRenderEnabled = "false";
      canSave = "1";
      canSaveDynamicFields = "1";
         mode = "Ignore";
         order_simset = "745829744";
   };
   new TSStatic() {
      shapeName = "/levels/west_coast_usa/art/shapes/objects/constructionbarrier_arrows.dae";
      dynamic = "0";
      playAmbient = "1";
      meshCulling = "0";
      originSort = "0";
      useInstanceRenderData = "1";
      instanceColor = "White";
      instanceColor1 = "White";
      instanceColor2 = "White";
      collisionType = "Collision Mesh";
      decalType = "Collision Mesh";
      prebuildCollisionData = "0";
      renderNormals = "0";
      forceDetail = "-1";
      position = "-897.826172 597.910889 124.23597";
      scale = "1 1 1";
      rotationMatrix = "-0.117493987 -0.952206075 0.281954944 0.992984712 -0.116446018 0.0205321312 0.0132817328 0.282389373 0.959207892";
      isRenderEnabled = "false";
      canSave = "1";
      canSaveDynamicFields = "1";
         mode = "Ignore";
         order_simset = "745829744";
   };
   new TSStatic() {
      shapeName = "/levels/west_coast_usa/art/shapes/objects/constructionbarrier_arrows.dae";
      dynamic = "0";
      playAmbient = "1";
      meshCulling = "0";
      originSort = "0";
      useInstanceRenderData = "1";
      instanceColor = "White";
      instanceColor1 = "White";
      instanceColor2 = "White";
      collisionType = "Collision Mesh";
      decalType = "Collision Mesh";
      prebuildCollisionData = "0";
      renderNormals = "0";
      forceDetail = "-1";
      position = "-899.62384 598.138428 124.196915";
      scale = "1 1 1";
      rotationMatrix = "-0.117494345 -0.952205956 0.281955004 0.99263972 -0.120999694 0.00501124561 0.0293447822 0.280468583 0.959414542";
      isRenderEnabled = "false";
      canSave = "1";
      canSaveDynamicFields = "1";
         mode = "Ignore";
         order_simset = "745829744";
   };
   new TSStatic() {
      shapeName = "/levels/west_coast_usa/art/shapes/objects/constructionbarrier_arrows.dae";
      dynamic = "0";
      playAmbient = "1";
      meshCulling = "0";
      originSort = "0";
      useInstanceRenderData = "1";
      instanceColor = "White";
      instanceColor1 = "White";
      instanceColor2 = "White";
      collisionType = "Collision Mesh";
      decalType = "Collision Mesh";
      prebuildCollisionData = "0";
      renderNormals = "0";
      forceDetail = "-1";
      position = "-901.443115 598.356384 124.216125";
      scale = "1 1 1";
      rotationMatrix = "-0.117494583 -0.952206075 0.281955063 0.990852296 -0.131386757 -0.0308116004 0.0663841292 0.275755614 0.958932757";
      isRenderEnabled = "false";
      canSave = "1";
      canSaveDynamicFields = "1";
         mode = "Ignore";
         order_simset = "745829744";
   };
   new TSStatic() {
      shapeName = "/levels/west_coast_usa/art/shapes/objects/constructionbarrier_arrows.dae";
      dynamic = "0";
      playAmbient = "1";
      meshCulling = "0";
      originSort = "0";
      useInstanceRenderData = "1";
      instanceColor = "White";
      instanceColor1 = "White";
      instanceColor2 = "White";
      collisionType = "Collision Mesh";
      decalType = "Collision Mesh";
      prebuildCollisionData = "0";
      renderNormals = "0";
      forceDetail = "-1";
      position = "-903.274231 598.595581 124.278191";
      scale = "1 1 1";
      rotationMatrix = "-0.117494226 -0.952205956 0.281955004 0.991664112 -0.127619863 -0.0177529454 0.0528875515 0.277518839 0.959263384";
      isRenderEnabled = "false";
      canSave = "1";
      canSaveDynamicFields = "1";
         mode = "Ignore";
         order_simset = "745829744";
   };
   new TSStatic() {
      shapeName = "/levels/west_coast_usa/art/shapes/objects/constructionbarrier_arrows.dae";
      dynamic = "0";
      playAmbient = "1";
      meshCulling = "0";
      originSort = "0";
      useInstanceRenderData = "1";
      instanceColor = "White";
      instanceColor1 = "White";
      instanceColor2 = "White";
      collisionType = "Collision Mesh";
      decalType = "Collision Mesh";
      prebuildCollisionData = "0";
      renderNormals = "0";
      forceDetail = "-1";
      position = "-905.14624 598.821228 124.2789";
      scale = "1 1 1";
      rotationMatrix = "-0.117494345 -0.952205956 0.281955004 0.992541254 -0.121892452 0.00195504725 0.0325066298 0.280081749 0.959425628";
      isRenderEnabled = "false";
      canSave = "1";
      canSaveDynamicFields = "1";
         mode = "Ignore";
         order_simset = "745829744";
   };
   new TSStatic() {
      shapeName = "/levels/west_coast_usa/art/shapes/objects/constructionbarrier_arrows.dae";
      dynamic = "0";
      playAmbient = "1";
      meshCulling = "0";
      originSort = "0";
      useInstanceRenderData = "1";
      instanceColor = "White";
      instanceColor1 = "White";
      instanceColor2 = "White";
      collisionType = "Collision Mesh";
      decalType = "Collision Mesh";
      prebuildCollisionData = "0";
      renderNormals = "0";
      forceDetail = "-1";
      position = "-907.036072 599.067383 124.340828";
      scale = "1 1 1";
