{"class":"DecalRoad","persistentId":"5b071d15-9f18-4c99-bbe7-eb114edd7ecc","__parent":"SimGroup_","position":[667.306702,-189.099365,146.831467],"improvedSpline":true,"material":"road_invisible","nodes":[[667.306702,-189.099365,146.831467,0.200000003],[669.397217,-191.415283,146.866074,0.200000003],[668.021912,-193.381424,146.887527,0.200000003],[662.704773,-200.049545,146.87944,0.200000003],[650.800049,-218.742691,146.92128,0.200000003],[637.255737,-239.318588,146.406311,0.200000003]]}
{"class":"DecalRoad","persistentId":"847e0039-7263-4b3b-90a1-0ec61c4e0149","__parent":"SimGroup_","position":[905.930359,137.628174,161.000046],"improvedSpline":true,"material":"road_invisible","nodes":[[905.930359,137.628174,161.000046,0.200000003],[896.942932,133.696945,161.263428,0.200000003],[882.837463,126.470093,158.185257,0.200000003],[868.442078,114.042618,152.968201,0.200000003],[865.291382,107.694092,151.331345,0.200000003]]}
{"class":"DecalRoad","persistentId":"8f590365-fa27-443e-b70e-10f3de15e932","__parent":"SimGroup_","position":[377.311096,-251.851715,144.654343],"detail":1,"drivability":1,"gatedRoad":true,"lanesRight":0,"material":"road_invisible","nodes":[[377.311096,-251.851715,144.654343,14],[338.840698,-250.662918,143.674744,14],[297.561859,-245.127686,142.446671,14],[257.393097,-235.506454,140.366302,14],[220.300385,-223.80394,137.223083,12],[175.875519,-209.355789,132.129883,12],[125.291626,-192.950241,126.650726,11],[69.5553284,-169.544937,124.394539,11]],"oneWay":true,"useSubdivisions":false,"useTemplate":"true"}
{"class":"DecalRoad","persistentId":"d55d9307-8a8c-4ee2-818d-97e0502227a0","__parent":"SimGroup_","position":[90.9861755,-181.20166,124.605652],"detail":1,"drivability":1,"gatedRoad":true,"lanesRight":0,"material":"road_invisible","nodes":[[90.9861755,-181.20166,124.605652,11.1335363],[68.9750671,-169.610596,124.393196,11.1335363],[61.4545593,-158.676407,124.839424,11.1335363],[59.476593,-143.379913,125.710083,11.1335363],[64.7115479,-130.237411,126.653526,11.1335363],[78.6968994,-119.565414,127.155418,11.1335363],[101.679688,-111.099915,127.491951,11.1335363],[132.539551,-99.8526993,128.206665,11.1335363],[159.483887,-90.4125061,129.01091,11.1335363],[185.273407,-82.2539749,129.691574,11.1335363],[205.825592,-77.7621384,130.052567,11.1335363],[228.794373,-77.8017502,130.453217,11.1335363],[248.969543,-81.0684967,130.855118,11.1335363],[267.906891,-85.718811,131.264267,11.1335363],[281.130951,-85.4258041,131.722473,11.1335363],[292.803101,-80.5052872,132.122437,11.1335363],[306.773743,-70.7069626,132.766953,11.1335363],[323.540588,-55.5548248,133.64444,11.1335363],[340.594574,-38.718029,134.616318,11.1335363],[360.615448,-23.9390888,135.625854,11.1335363],[380.548676,-14.0494423,136.444321,11.1335363],[399.474121,-9.50284195,137.067108,11.1335363],[418.589386,-9.83776093,137.555252,11.1335363],[440.745911,-10.6038208,138.094147,11.1335363],[456.739685,-9.43078232,138.576416,11.1335363],[472.009552,-4.06624603,139.061218,11.1335363],[485.137054,4.68969727,139.626694,11.1335363],[495.217621,17.5181656,140.288696,11.1335363],[502.901581,35.0108109,141.033447,11.1335363],[510.690704,54.858284,141.860382,11.1335363],[517.84552,75.8559494,142.705185,11.1335363],[525.248962,94.3396072,143.474442,11.1335363],[534.94104,116.059074,144.392975,11.1335363],[545.989197,138.138733,145.428741,11.1335363],[555.994629,154.02951,146.261597,11.1335363],[568.3172,166.409485,146.987869,11.1335363],[579.617493,173.472443,147.489075,11.1335363],[591.212646,175.737091,147.777313,11.1335363],[603.264832,174.680878,147.962067,11.1335363],[615.097351,170.279663,148.059021,11.1335363],[627.529053,162.707886,148.146027,11.1335363],[638.429688,154.402649,148.196182,11.1335363],[647.665039,145.445953,148.219925,11.1335363],[656.473938,136.107635,148.342453,11.1335363],[664.464661,129.118927,148.551941,11.1335363],[675.818909,123.057243,148.758804,11.1335363],[686.545166,122.121773,148.734375,11.1335363],[694.464966,124.232109,148.799744,11.1335363],[701.621826,129.480011,149.010117,11.1335363],[706.384094,136.775269,149.035187,11.1335363],[709.429443,147.16037,148.775665,11.1335363],[710.762939,158.751556,148.419769,11.1335363],[710.768799,169.993378,148.181183,11.1335363],[709.554688,182.238342,148.233063,11.1335363],[707.164978,195.229858,148.650253,11.1335363],[704.257263,207.331177,148.988235,11.1335363],[700.874329,218.486145,149.242386,11.1335363],[698.009338,229.75116,149.464874,11.1335363],[695.58429,240.657745,149.698105,11.1335363],[694.420471,251.885956,149.986496,11.1335363],[694.329285,261.599854,150.242767,11.1335363],[694.962036,271.440735,150.403351,11.1335363],[696.942383,284.554169,150.588531,11.1335363],[699.505554,299.699432,150.966934,11.1335363],[702.074402,314.07309,151.428772,11.1335363],[705.771912,331.250671,151.814194,11.1335363],[710.062073,348.642456,152.07843,11.1335363],[714.593445,365.438782,152.295273,11.1335363],[718.716003,378.997589,152.45784,11.1335363],[722.996643,389.966766,152.546692,11.1335363],[728.247253,400.534393,152.624832,11.1335363],[734.912048,410.655182,152.878769,11.1335363],[740.65387,415.762451,153.020966,11.1335363],[748.150635,419.682404,153.121872,11.1335363],[756.915222,422.1763,153.154266,11.1335363],[768.579468,422.101929,152.914566,11.1335363],[777.851562,419.275513,152.547241,11.1335363],[789.990662,411.588257,152.388641,11.1335363],[796.627747,402.741211,152.672791,11.1335363],[801.347534,389.895966,153.384354,11.1335363],[802.596252,379.52597,154.078064,11.1335363],[802.447937,370.680908,154.681732,11.1335363],[798.001526,345.855164,156.285538,11.1335363],[791.379822,335.947662,157.188721,11.1335363]],"oneWay":true,"useSubdivisions":false,"useTemplate":"true"}
{"class":"DecalRoad","persistentId":"fe48c74f-9842-40e6-98af-5e4e69d033fd","__parent":"SimGroup_","position":[791.239258,338.416016,157.108078],"detail":1,"drivability":1,"gatedRoad":true,"lanesRight":0,"material":"road_invisible","nodes":[[791.239258,338.416016,157.108078,11],[789.088013,304.417267,159.175629,11],[837.132935,231.707489,160.6436,11],[871.31665,182.106293,160.879761,11],[877.616028,170.876831,160.911179,11],[879.442932,163.362488,160.740799,11],[877.914612,155.120285,159.968582,11],[873.119995,148.652847,158.457657,11],[864.231689,143.426239,155.796555,11],[856.226196,139.431992,153.600174,11],[850.650146,133.851624,151.993057,11],[846.944763,126.132858,150.58783,11],[845.957397,115.50473,149.302338,11],[848.249146,99.7820587,148.276535,11],[851.805481,75.375,147.255936,11],[851.906189,51.5058289,146.641953,11],[849.168091,28.5674133,146.611191,11],[843.24707,1.8768158,146.677002,11],[835.344238,-21.6803226,146.718658,11],[826.319763,-40.0226479,146.713776,11],[815.42218,-55.7049179,146.737671,11],[794.772278,-80.1806793,146.733292,11],[776.459167,-100.223465,146.744553,11],[746.769165,-130.23999,146.738785,11],[722.180725,-153.348587,146.731613,11],[705.458862,-169.136688,146.73439,11],[695.566101,-178.289337,146.735245,11.1000004],[688.021545,-186.116669,146.719406,11.1000004],[683.046265,-195.210999,146.66687,11.1000004],[680.904663,-206.146027,146.70491,11.1000004],[679.443054,-218.976898,146.743668,11.1000004],[676.655151,-229.283188,146.718613,11.1000004],[670.68103,-238.136337,146.668732,11.1000004],[662.129089,-245.346695,146.653915,11.1000004],[650.588745,-249.203949,146.697021,11.1000004],[622.813965,-251.43306,146.756683,12],[585.116821,-252.171539,146.69693,13],[518.395081,-252.840485,146.232895,13],[377.982208,-251.831985,144.669983,13]],"oneWay":true,"useSubdivisions":false,"useTemplate":"true"}
{"name":"SimGroup_","class":"SimGroup","persistentId":"67617a96-fe98-43fb-9521-7ad477cc4032","groupPosition":"493.02111460368 -53.318704223633 142.18328145345"}
{"class":"TSStatic","persistentId":"00473d63-934b-4bde-8ab8-259a836e4f27","__parent":"SimGroup_","position":[134.493439,-90.4506226,128.349396],"isRenderEnabled":false,"mode":"Ignore","rotationMatrix":[0.89063704,0.454216152,0.0212917849,-0.454250008,0.886633575,0.0868209824,0.0205574818,-0.0869977698,0.995996356],"shapeName":"/art/shapes/race/s_concrete_race_barrier.dae"}
{"class":"TSStatic","persistentId":"01246750-79bb-47c1-a75d-a4b2c59bd9f5","__parent":"SimGroup_","position":[730.430969,-128.949524,146.665421],"isRenderEnabled":false,"mode":"Ignore","rotationMatrix":[0.576844573,-0.816844463,-0.00393256964,0.816850781,0.576848984,-6.98491931e-10,0.00226849946,-0.00321232202,0.999992251],"shapeName":"/art/shapes/race/s_concrete_race_barrier.dae"}
{"class":"TSStatic","persistentId":"07a70339-8274-453e-be35-b75db53c0a62","__parent":"SimGroup_","position":[644.418823,-228.479034,146.880035],"isRenderEnabled":false,"mode":"Ignore","rotationMatrix":[-0.55021441,-0.834145248,-0.038286902,0.834941089,-0.550225616,-0.011190067,-0.0117322933,-0.0381242372,0.999204159],"shapeName":"/art/shapes/race/s_concrete_race_barrier.dae"}
{"class":"TSStatic","persistentId":"081a27a4-8a4c-40d8-8810-6b1b7270cdca","__parent":"SimGroup_","position":[48.3653259,-151.204407,125.503334],"isRenderEnabled":false,"mode":"Ignore","rotationMatrix":[-0.47333324,-0.880501449,-0.0259457473,0.880797923,-0.473492742,3.7252903e-09,-0.0122851226,-0.0228529554,0.999663353],"shapeName":"/art/shapes/race/s_concrete_race_barrier.dae"}
{"class":"TSStatic","persistentId":"0b3ab9d1-4b41-4c1e-9a12-cbd5b00444a4","__parent":"SimGroup_","position":[867.100647,112.365715,152.398941],"isRenderEnabled":false,"mode":"Ignore","rotationMatrix":[-0.513174772,-0.82367748,-0.241261259,0.814890563,-0.555832744,0.164326504,-0.269452959,-0.112273291,0.956446469],"shapeName":"/art/shapes/race/s_concrete_race_barrier.dae"}
{"class":"TSStatic","persistentId":"0e1bf3f1-2b90-4120-b353-4f8cc8d8c084","__parent":"SimGroup_","position":[639.38269,-236.099243,146.572418],"isRenderEnabled":false,"mode":"Ignore","rotationMatrix":[-0.550697446,-0.831855714,-0.0689096823,0.831987917,-0.553686857,0.035031192,-0.0672952756,-0.0380404294,0.997007668],"shapeName":"/art/shapes/race/s_concrete_race_barrier.dae"}
{"class":"TSStatic","persistentId":"14fe2156-c520-4b45-8ebf-6606fe8fbd4b","__parent":"SimGroup_","position":[876.548279,121.566826,156.051605],"isRenderEnabled":false,"mode":"Ignore","rotationMatrix":[-0.735004663,-0.623509407,-0.266466647,0.625427723,-0.775213599,0.0887940899,-0.261932462,-0.101391561,0.959745347],"shapeName":"/art/shapes/race/s_concrete_race_barrier.dae"}
{"class":"TSStatic","persistentId":"2bab14ad-4093-4458-a8a4-9dc3b6a502f2","__parent":"SimGroup_","position":[814.453674,369.202545,154.391037],"isRenderEnabled":false,"mode":"Ignore","rotationMatrix":[0.264456928,-0.962958872,0.0526574925,0.964296699,0.264824241,0,-0.0139449788,0.0507774279,0.998612761],"shapeName":"/art/shapes/race/s_concrete_race_barrier.dae"}
{"class":"TSStatic","persistentId":"2bfdc0a1-8c49-43d6-afe6-5a1715b1a5b5","__parent":"SimGroup_","position":[895.506226,133.024597,161.115494],"isRenderEnabled":false,"mode":"Ignore","rotationMatrix":[-0.903906226,-0.412419081,-0.113419332,0.415378094,-0.909644842,-0.00271554291,-0.10205137,-0.0495665036,0.993543506],"shapeName":"/art/shapes/race/s_concrete_race_barrier.dae"}
{"class":"TSStatic","persistentId":"3b783295-2458-4ac5-a8e8-41094d1e9a80","__parent":"SimGroup_","position":[732.285645,-131.575867,146.652771],"isRenderEnabled":false,"mode":"Ignore","rotationMatrix":[-0.576844931,0.816844583,0.00393257011,-0.816850901,-0.576849341,3.49245965e-10,0.00226849969,-0.00321232248,0.999992251],"shapeName":"/art/shapes/race/s_concrete_race_barrier.dae"}
{"class":"TSStatic","persistentId":"41d34c5a-2142-4da8-870a-4a5a10138970","__parent":"SimGroup_","position":[62.1396484,-120.119461,127.590584],"isRenderEnabled":false,"mode":"Ignore","rotationMatrix":[0.890236795,0.455450237,0.00659561343,-0.454250038,0.886633515,0.0868210047,0.0336947516,-0.0802873075,0.996202111],"shapeName":"/art/shapes/race/s_concrete_race_barrier.dae"}
{"class":"TSStatic","persistentId":"425b49e7-5fc7-47e1-ad3c-179a48287d40","__parent":"SimGroup_","position":[52.9797668,-178.417099,124.297417],"isRenderEnabled":false,"mode":"Ignore","rotationMatrix":[0.873683751,-0.485856295,-0.0249065123,0.486007035,0.873954892,1.86264515e-09,0.0217671655,-0.0121047422,0.999689758],"shapeName":"/art/shapes/race/s_concrete_race_barrier.dae"}
{"class":"TSStatic","persistentId":"46b83b76-fbb8-420b-8fcb-328cca4f9fbd","__parent":"SimGroup_","position":[646.931946,-224.662354,146.897781],"isRenderEnabled":false,"mode":"Ignore","rotationMatrix":[-0.54860723,-0.836060822,-0.00567864254,0.836059511,-0.548628807,0.00330004701,-0.00587450713,-0.00293725356,0.999978423],"shapeName":"/art/shapes/race/s_concrete_race_barrier.dae"}
{"class":"TSStatic","persistentId":"4a05eb9e-ca84-484e-b063-805b35332312","__parent":"SimGroup_","position":[816.162109,362.946472,154.697906],"isRenderEnabled":false,"mode":"Ignore","rotationMatrix":[-0.264761388,0.964068234,-0.0217694659,-0.964296699,-0.264824122,0,-0.00576508464,0.0209922381,0.99976325],"shapeName":"/art/shapes/race/s_concrete_race_barrier.dae"}
{"class":"TSStatic","persistentId":"4d33adca-8f35-432a-ae04-3fbd46919694","__parent":"SimGroup_","position":[45.9300842,-166.978149,124.851395],"isRenderEnabled":false,"mode":"Ignore","rotationMatrix":[0.0997849926,-0.994014442,-0.0444879979,0.99499923,0.0998838544,0,0.0044436343,-0.0442655422,0.999010026],"shapeName":"/art/shapes/race/s_concrete_race_barrier.dae"}
{"class":"TSStatic","persistentId":"4de2a330-ce51-4c5c-ace4-f2365000f9bf","__parent":"SimGroup_","position":[285.07135,-230.744019,141.548401],"isRenderEnabled":false,"mode":"Ignore","rotationMatrix":[0.160542101,0.987029016,0,-0.987029016,0.160542101,0,0,0,1],"shapeName":"/art/shapes/race/s_concrete_race_barrier.dae"}
{"class":"TSStatic","persistentId":"511d4d81-91a2-41db-ba83-8edf23b9f740","__parent":"SimGroup_","position":[865.479675,108.233971,151.451111],"isRenderEnabled":false,"mode":"Ignore","rotationMatrix":[-0.26296854,-0.945412934,-0.192462683,0.921788514,-0.305095077,0.239212811,-0.28487432,-0.114504464,0.951701283],"shapeName":"/art/shapes/race/s_concrete_race_barrier.dae"}
{"class":"TSStatic","persistentId":"54abd5b8-56fa-4af3-b024-d7482b0c953e","__parent":"SimGroup_","position":[125.838501,-94.8636627,128.133209],"isRenderEnabled":false,"mode":"Ignore","rotationMatrix":[0.890143156,0.455664128,0.00391902588,-0.454249829,0.886633635,0.0868209526,0.036086455,-0.0790632889,0.996216238],"shapeName":"/art/shapes/race/s_concrete_race_barrier.dae"}
{"class":"TSStatic","persistentId":"5e9fe11a-61fa-48b3-a1b4-9a959b0a7200","__parent":"SimGroup_","position":[879.967834,124.351555,157.252228],"isRenderEnabled":false,"mode":"Ignore","rotationMatrix":[-0.757696986,-0.599566638,-0.25771156,0.602185547,-0.794536114,0.078006506,-0.251531214,-0.0960848927,0.963067889],"shapeName":"/art/shapes/race/s_concrete_race_barrier.dae"}
{"class":"TSStatic","persistentId":"69ea172b-cf9b-48f4-b1c0-10aa6715d11e","__parent":"SimGroup_","position":[661.701172,-201.558655,146.888519],"isRenderEnabled":false,"mode":"Ignore","rotationMatrix":[-0.545859814,-0.837875128,-0.00149347214,0.837794185,-0.545830369,0.013039466,-0.0117406268,0.00586649962,0.999913871],"shapeName":"/art/shapes/race/s_concrete_race_barrier.dae"}
{"class":"TSStatic","persistentId":"6a722a7d-0673-442c-bad4-9b583825920b","__parent":"SimGroup_","position":[128.719269,-93.3938446,128.195602],"isRenderEnabled":false,"mode":"Ignore","rotationMatrix":[0.890442908,0.454901129,0.0132806133,-0.454249948,0.886633575,0.0868209675,0.0277199242,-0.0833418295,0.996135414],"shapeName":"/art/shapes/race/s_concrete_race_barrier.dae"}
{"class":"TSStatic","persistentId":"75eaae44-4d6a-4003-bbcc-b91457e5179d","__parent":"SimGroup_","position":[70.7904968,-115.693649,127.654678],"isRenderEnabled":false,"mode":"Ignore","rotationMatrix":[0.890236795,0.455450237,0.00659561343,-0.454250038,0.886633515,0.0868210047,0.0336947516,-0.0802873075,0.996202111],"shapeName":"/art/shapes/race/s_concrete_race_barrier.dae"}
{"class":"TSStatic","persistentId":"7cfd551b-6d63-4cd0-b886-931ff55cbc1a","__parent":"SimGroup_","position":[46.3478699,-155.014725,125.327515],"isRenderEnabled":false,"mode":"Ignore","rotationMatrix":[-0.186811328,-0.98205322,-0.0259457435,0.982383907,-0.18687427,2.79396772e-09,-0.00484859385,-0.0254886784,0.999663353],"shapeName":"/art/shapes/race/s_concrete_race_barrier.dae"}
{"class":"TSStatic","persistentId":"7e040e23-062e-449b-832e-aed2ae2f642b","__parent":"SimGroup_","position":[73.6551208,-114.228081,127.675903],"isRenderEnabled":false,"mode":"Ignore","rotationMatrix":[-0.890236735,-0.455450326,-0.0065956153,0.454250127,-0.886633396,-0.0868210346,0.0336947739,-0.0802873373,0.996202111],"shapeName":"/art/shapes/race/s_concrete_race_barrier.dae"}
{"class":"TSStatic","persistentId":"8304941a-34e8-4994-8771-312e54c19b71","__parent":"SimGroup_","position":[667.241516,-194.30426,146.887527],"isRenderEnabled":false,"mode":"Ignore","rotationMatrix":[-0.667233944,-0.744847596,-0.0010434743,0.744703829,-0.667131543,0.0187590085,-0.0146687366,0.0117395669,0.999823511],"shapeName":"/art/shapes/race/s_concrete_race_barrier.dae"}
{"class":"TSStatic","persistentId":"83187d77-3a37-44fd-a85f-cb323c225733","__parent":"SimGroup_","position":[45.5917664,-163.468796,125.013466],"isRenderEnabled":false,"mode":"Ignore","rotationMatrix":[0.0707512125,-0.996095777,-0.052798491,0.997487068,0.0708500221,0,0.003740774,-0.052665811,0.998605192],"shapeName":"/art/shapes/race/s_concrete_race_barrier.dae"}
{"class":"TSStatic","persistentId":"86a67c21-e27a-4f15-8196-57ce80604acf","__parent":"SimGroup_","position":[50.1927185,-176.327637,124.393509],"isRenderEnabled":false,"mode":"Ignore","rotationMatrix":[0.717703581,-0.694980443,-0.0436321683,0.695642889,0.718387723,6.51925802e-09,0.0313448124,-0.0303524099,0.999047637],"shapeName":"/art/shapes/race/s_concrete_race_barrier.dae"}
{"class":"TSStatic","persistentId":"88199d77-5e66-4a98-99d9-e0a23e6e4eb7","__parent":"SimGroup_","position":[813.597717,372.301605,154.201385],"isRenderEnabled":false,"mode":"Ignore","rotationMatrix":[0.264090747,-0.961625874,0.0743743628,0.964296699,0.264824241,0,-0.0196961388,0.071718961,0.997230291],"shapeName":"/art/shapes/race/s_concrete_race_barrier.dae"}
{"class":"TSStatic","persistentId":"8a40d701-2503-4f50-8c16-5648b6dd132b","__parent":"SimGroup_","position":[641.901184,-232.291199,146.712433],"isRenderEnabled":false,"mode":"Ignore","rotationMatrix":[-0.551266313,-0.834013879,-0.0229427796,0.83407706,-0.550215006,-0.0397357382,0.0205166992,-0.0410410203,0.998946786],"shapeName":"/art/shapes/race/s_concrete_race_barrier.dae"}
{"class":"TSStatic","persistentId":"9b3cb6fa-ceeb-40e1-aa29-7c061d6238df","__parent":"SimGroup_","position":[285.587463,-227.570526,141.548401],"isRenderEnabled":false,"mode":"Ignore","rotationMatrix":[-0.160541534,-0.987029076,0,0.987029076,-0.160541534,0,0,0,1],"shapeName":"/art/shapes/race/s_concrete_race_barrier.dae"}
{"class":"TSStatic","persistentId":"9c5e2644-b0aa-4455-bedf-2b43cc4dd091","__parent":"SimGroup_","position":[56.0925598,-179.740814,124.234085],"isRenderEnabled":false,"mode":"Ignore","rotationMatrix":[0.947396159,-0.319271624,-0.0224980582,0.319406927,0.947614074,0.00260447967,0.0204879399,-0.00965351053,0.999743521],"shapeName":"/art/shapes/race/s_concrete_race_barrier.dae"}
{"class":"TSStatic","persistentId":"a2119a78-8fbd-4b67-aeba-e5328bd667dd","__parent":"SimGroup_","position":[59.4642029,-180.720627,124.205124],"isRenderEnabled":false,"mode":"Ignore","rotationMatrix":[-0.969838977,0.243219256,0.0160111655,-0.24325043,-0.969963312,-3.02679837e-09,0.0155302454,-0.00389472605,0.99987179],"shapeName":"/art/shapes/race/s_concrete_race_barrier.dae"}
{"class":"TSStatic","persistentId":"a332a54b-96ef-4312-a5c7-e26ddb90d1b3","__parent":"SimGroup_","position":[67.8879395,-117.178596,127.633179],"isRenderEnabled":false,"mode":"Ignore","rotationMatrix":[0.890236795,0.455450237,0.00659561343,-0.454250038,0.886633515,0.0868210047,0.0336947516,-0.0802873075,0.996202111],"shapeName":"/art/shapes/race/s_concrete_race_barrier.dae"}
{"class":"TSStatic","persistentId":"ad2aad04-c28c-4aac-bfda-c75f7fc6255c","__parent":"SimGroup_","position":[903.833984,136.749237,161.231628],"isRenderEnabled":false,"mode":"Ignore","rotationMatrix":[-0.920644403,-0.382416815,0.078557305,0.382330686,-0.923874021,-0.0167310406,0.0789752826,0.0146315303,0.99676919],"shapeName":"/art/shapes/race/s_concrete_race_barrier.dae"}
{"class":"TSStatic","persistentId":"b016810b-89e8-467b-a033-fb1d9359246b","__parent":"SimGroup_","position":[664.305847,-197.804321,146.88063],"isRenderEnabled":false,"mode":"Ignore","rotationMatrix":[-0.604441166,-0.796649694,-8.31703655e-05,0.796563148,-0.604377151,0.0146740871,-0.0117403734,0.00880337227,0.999892354],"shapeName":"/art/shapes/race/s_concrete_race_barrier.dae"}
{"class":"TSStatic","persistentId":"b13b75b4-32dd-4fab-bfc2-723d45e21944","__parent":"SimGroup_","position":[131.589722,-91.9318085,128.283249],"isRenderEnabled":false,"mode":"Ignore","rotationMatrix":[0.890743375,0.4536919,0.0272017233,-0.454249978,0.886633575,0.0868209749,0.0152720176,-0.0896915942,0.99585247],"shapeName":"/art/shapes/race/s_concrete_race_barrier.dae"}
{"class":"TSStatic","persistentId":"bfe7edb9-af12-4c92-b5cc-f407036bca50","__parent":"SimGroup_","position":[45.5099182,-160.044861,125.166641],"isRenderEnabled":false,"mode":"Ignore","rotationMatrix":[-0.0304975063,-0.999198139,-0.0259457398,0.999534607,-0.0305077769,0,-0.000791546889,-0.0259336717,0.999663293],"shapeName":"/art/shapes/race/s_concrete_race_barrier.dae"}
{"class":"TSStatic","persistentId":"c0cfd331-a882-415c-b80b-22aa2eaf2b25","__parent":"SimGroup_","position":[899.639465,134.948303,161.405212],"isRenderEnabled":false,"mode":"Ignore","rotationMatrix":[-0.911902905,-0.409675509,-0.0244714264,0.41002807,-0.912000179,-0.0115109226,-0.0176022034,-0.0205308162,0.999634266],"shapeName":"/art/shapes/race/s_concrete_race_barrier.dae"}
{"class":"TSStatic","persistentId":"c24f802f-31a6-40a6-9121-285b65c65a6c","__parent":"SimGroup_","position":[873.234741,118.668816,154.826416],"isRenderEnabled":false,"mode":"Ignore","rotationMatrix":[-0.715313673,-0.643256664,-0.273033559,0.645816922,-0.757768393,0.0933141261,-0.266921103,-0.10958083,0.957468092],"shapeName":"/art/shapes/race/s_concrete_race_barrier.dae"}
{"class":"TSStatic","persistentId":"c4e17e7b-1321-4066-b2a7-6974ef0be7c5","__parent":"SimGroup_","position":[815.316101,366.057434,154.560974],"isRenderEnabled":false,"mode":"Ignore","rotationMatrix":[0.264610887,-0.96352005,0.0401253104,0.964296699,0.264824152,5.58793545e-09,-0.010626155,0.0386927053,0.999194682],"shapeName":"/art/shapes/race/s_concrete_race_barrier.dae"}
{"class":"TSStatic","persistentId":"c96bb08a-fbb3-4351-8204-78f4dea07f44","__parent":"SimGroup_","position":[812.740601,375.416473,153.96228],"isRenderEnabled":false,"mode":"Ignore","rotationMatrix":[0.264018089,-0.96136111,0.0779684931,0.964296699,0.264824241,0,-0.0206479505,0.0751847774,0.996955812],"shapeName":"/art/shapes/race/s_concrete_race_barrier.dae"}
{"class":"TSStatic","persistentId":"cd19a6f4-6358-4d7b-999f-d9eced06ddfb","__parent":"SimGroup_","position":[48.0006714,-173.611053,124.544006],"isRenderEnabled":false,"mode":"Ignore","rotationMatrix":[0.513270438,-0.856882811,-0.0480126515,0.857872069,0.513862967,1.67638063e-08,0.0246719271,-0.0411887392,0.998846948],"shapeName":"/art/shapes/race/s_concrete_race_barrier.dae"}
{"class":"TSStatic","persistentId":"cd2657bc-023d-43a2-8f84-99e386031032","__parent":"SimGroup_","position":[891.391602,131.157074,160.435303],"isRenderEnabled":false,"mode":"Ignore","rotationMatrix":[-0.891638637,-0.410519123,-0.190930992,0.417259693,-0.908771634,0.0053592585,-0.175712734,-0.0748892874,0.98158884],"shapeName":"/art/shapes/race/s_concrete_race_barrier.dae"}
{"class":"TSStatic","persistentId":"cf409edb-fe77-410a-b248-8d647556f845","__parent":"SimGroup_","position":[659.232544,-205.404846,146.88916],"isRenderEnabled":false,"mode":"Ignore","rotationMatrix":[-0.5353266,-0.844645202,0.000248794444,0.844599307,-0.535294414,0.0105807818,-0.00880382769,0.00587430457,0.999943972],"shapeName":"/art/shapes/race/s_concrete_race_barrier.dae"}
{"class":"TSStatic","persistentId":"d597f65a-7c7d-4c75-8013-ba83a8058fb7","__parent":"SimGroup_","position":[656.798584,-209.273102,146.89328],"isRenderEnabled":false,"mode":"Ignore","rotationMatrix":[-0.53151679,-0.847045839,0.00185121107,0.8470276,-0.531487584,0.00808775332,-0.0058668023,0.0058668023,0.999965608],"shapeName":"/art/shapes/race/s_concrete_race_barrier.dae"}
{"class":"TSStatic","persistentId":"dcc2bdd2-8d20-4818-b224-e442c0310a5c","__parent":"SimGroup_","position":[883.551392,126.940483,158.409012],"isRenderEnabled":false,"mode":"Ignore","rotationMatrix":[-0.80866611,-0.532799721,-0.249365956,0.537819982,-0.841356158,0.0535660759,-0.238345593,-0.0907969251,0.966926694],"shapeName":"/art/shapes/race/s_concrete_race_barrier.dae"}
{"class":"TSStatic","persistentId":"ddcf5d61-b4a2-4f38-82b1-2472406ed9bb","__parent":"SimGroup_","position":[137.360199,-88.993576,128.468536],"isRenderEnabled":false,"mode":"Ignore","rotationMatrix":[-0.89087224,-0.451870412,-0.0464778356,0.454250067,-0.886633635,-0.0868210271,-0.00197695941,-0.098458983,0.995139122],"shapeName":"/art/shapes/race/s_concrete_race_barrier.dae"}
{"class":"TSStatic","persistentId":"de458ae5-5772-4681-b4a4-7110015811d5","__parent":"SimGroup_","position":[46.6245422,-170.3797,124.674652],"isRenderEnabled":false,"mode":"Ignore","rotationMatrix":[0.274003536,-0.960529387,-0.0480126143,0.961638391,0.274319768,3.62356225e-08,0.0131707937,-0.0461707972,0.998847008],"shapeName":"/art/shapes/race/s_concrete_race_barrier.dae"}
{"class":"TSStatic","persistentId":"deebb06d-62a3-40ff-b141-007a71e2d21d","__parent":"SimGroup_","position":[649.436035,-220.839172,146.917953],"isRenderEnabled":false,"mode":"Ignore","rotationMatrix":[-0.547108531,-0.837058425,-0.00235403981,0.83701551,-0.547105789,0.00896999054,-0.00879631471,0.00293719093,0.999957025],"shapeName":"/art/shapes/race/s_concrete_race_barrier.dae"}
{"class":"TSStatic","persistentId":"def1ba0b-dc4e-4d9d-8250-8db1babf1f66","__parent":"SimGroup_","position":[668.957581,-190.674957,146.845306],"isRenderEnabled":false,"mode":"Ignore","rotationMatrix":[0.66192615,-0.749148726,0.0250975993,0.74942553,0.662083507,-0.00260302518,-0.014666656,0.0205317922,0.999681592],"shapeName":"/art/shapes/race/s_concrete_race_barrier.dae"}
{"class":"TSStatic","persistentId":"e1a511d4-3277-4751-bd6e-dd5702d95145","__parent":"SimGroup_","position":[654.368286,-213.143646,146.901886],"isRenderEnabled":false,"mode":"Ignore","rotationMatrix":[-0.532218099,-0.846599281,0.00368895149,0.846525967,-0.532101631,0.0161768273,-0.0117323939,0.0117323939,0.999862313],"shapeName":"/art/shapes/race/s_concrete_race_barrier.dae"}
{"class":"TSStatic","persistentId":"edb17582-7f3f-4dfa-a698-206199409eaa","__parent":"SimGroup_","position":[870.027893,115.655052,153.593979],"isRenderEnabled":false,"mode":"Ignore","rotationMatrix":[-0.684892654,-0.67814374,-0.266539097,0.679014444,-0.726701617,0.104135096,-0.264312983,-0.109662533,0.958182037],"shapeName":"/art/shapes/race/s_concrete_race_barrier.dae"}
{"class":"TSStatic","persistentId":"eed6b03c-1db7-4de7-b341-a0f50ed6c779","__parent":"SimGroup_","position":[651.919983,-217.002838,146.921295],"isRenderEnabled":false,"mode":"Ignore","rotationMatrix":[-0.541287422,-0.840833545,0.00263729994,0.840791583,-0.541222334,0.0121676931,-0.00880363863,0.00880363863,0.999922514],"shapeName":"/art/shapes/race/s_concrete_race_barrier.dae"}
{"class":"TSStatic","persistentId":"f0d6bfe6-8e77-4687-8aa6-51022630b7f5","__parent":"SimGroup_","position":[65.0191345,-118.646301,127.611923],"isRenderEnabled":false,"mode":"Ignore","rotationMatrix":[0.890236795,0.455450237,0.00659561343,-0.454250038,0.886633515,0.0868210047,0.0336947516,-0.0802873075,0.996202111],"shapeName":"/art/shapes/race/s_concrete_race_barrier.dae"}
{"class":"TSStatic","persistentId":"f68f6e79-6527-4291-a205-5c73a38894dd","__parent":"SimGroup_","position":[887.376831,129.185364,159.502167],"isRenderEnabled":false,"mode":"Ignore","rotationMatrix":[-0.860778451,-0.452448159,-0.233133435,0.460487694,-0.88739419,0.0219702646,-0.216821671,-0.08844354,0.972196519],"shapeName":"/art/shapes/race/s_concrete_race_barrier.dae"}
