//--- OBJECT WRITE BEGIN ---
$ThisPrefab = new SimGroup() {
   canSave = "1";
   canSaveDynamicFields = "1";
      groupPosition = "0 0 0";

   new BeamNGWaypoint(wp_helper_12) {
      drawDebug = "0";
      directionalWaypoint = "0";
      excludeFromMap = "0";
      position = "-79.492485 378.15509 101.477196";
      scale = "5 5 5";
      rotationMatrix = "0.99999994 0 0 0 0.99999994 0 0 0 0.999999881";
      canSave = "1";
      canSaveDynamicFields = "1";
      persistentId = "7df0aa7d-1edb-4a3b-ab29-f423de6441ae";
   };
   new BeamNGWaypoint(wp_helper_11) {
      drawDebug = "0";
      directionalWaypoint = "0";
      excludeFromMap = "0";
      position = "-72.4346924 379.703796 101.441315";
      scale = "4 4 4";
      rotationMatrix = "0.99999994 0 0 0 0.99999994 0 0 0 0.999999881";
      canSave = "1";
      canSaveDynamicFields = "1";
      persistentId = "6ae00a47-16ee-4e91-8906-2882a4b14ad3";
   };
   new BeamNGWaypoint(wp_helper_10) {
      drawDebug = "0";
      directionalWaypoint = "0";
      excludeFromMap = "0";
      position = "-67.9784012 381.811462 101.449295";
      scale = "3.5 3.5 3.5";
      rotationMatrix = "0.99999994 0 0 0 0.99999994 0 0 0 0.999999881";
      canSave = "1";
      canSaveDynamicFields = "1";
      persistentId = "154148f2-95f8-4a1d-bd37-edd258bf8983";
   };
   new BeamNGWaypoint(wp_helper_9) {
      drawDebug = "0";
      directionalWaypoint = "0";
      excludeFromMap = "0";
      position = "-63.2790642 384.538483 101.452286";
      scale = "4 4 4";
      rotationMatrix = "0.99999994 0 0 0 0.99999994 0 0 0 0.999999881";
      canSave = "1";
      canSaveDynamicFields = "1";
      persistentId = "dc09dff0-c318-4b97-ab8b-a70024a3cc3d";
   };
   new BeamNGWaypoint(wp_helper_8) {
      drawDebug = "0";
      directionalWaypoint = "0";
      excludeFromMap = "0";
      position = "-8.02897072 431.860016 101.551796";
      scale = "4 4 4";
      rotationMatrix = "0.99999994 0 0 0 0.99999994 0 0 0 0.999999881";
      canSave = "1";
      canSaveDynamicFields = "1";
      persistentId = "6f738861-3799-450d-8c74-39ea70f5054f";
   };
   new BeamNGWaypoint(wp_helper_7) {
      drawDebug = "0";
      directionalWaypoint = "0";
      excludeFromMap = "0";
      position = "33.7619247 540.879822 74.5791702";
      scale = "5 5 5";
      rotationMatrix = "0.99999994 0 0 0 0.99999994 0 0 0 0.999999881";
      canSave = "1";
      canSaveDynamicFields = "1";
      persistentId = "a55260b4-e7f0-4a9e-8dac-ddd8c97b4460";
   };
   new BeamNGWaypoint(wp_helper_6) {
      drawDebug = "0";
      directionalWaypoint = "0";
      excludeFromMap = "0";
      position = "24.5015755 541.686951 74.5791702";
      scale = "5 5 5";
      rotationMatrix = "0.99999994 0 0 0 0.99999994 0 0 0 0.999999881";
      canSave = "1";
      canSaveDynamicFields = "1";
      persistentId = "1710b9a5-918b-4fe3-9111-99c86048ce30";
   };
   new BeamNGWaypoint(wp_helper_5) {
      drawDebug = "0";
      directionalWaypoint = "0";
      excludeFromMap = "0";
      position = "-713.330627 -571.83252 105.288658";
      scale = "5 5 5";
      rotationMatrix = "0.99999994 0 0 0 0.99999994 0 0 0 0.999999881";
      canSave = "1";
      canSaveDynamicFields = "1";
      persistentId = "99611e77-5d7f-4fae-b571-449a90efe32b";
   };
   new BeamNGWaypoint(wp_helper_4) {
      drawDebug = "0";
      directionalWaypoint = "0";
      excludeFromMap = "0";
      position = "-718.932922 -577.791687 104.98539";
      scale = "5 5 5";
      rotationMatrix = "0.99999994 0 0 0 0.99999994 0 0 0 0.999999881";
      canSave = "1";
      canSaveDynamicFields = "1";
      persistentId = "d38e97f1-4abe-46d8-bc54-2a515bc033af";
   };
   new BeamNGWaypoint(wp_helper_3) {
      drawDebug = "0";
      directionalWaypoint = "0";
      excludeFromMap = "0";
      position = "-464.131439 162.783493 100.32991";
      scale = "3 3 3";
      rotationMatrix = "1 0 0 0 1 0 0 0 1";
      canSave = "1";
      canSaveDynamicFields = "1";
      persistentId = "24e623de-a63f-4b81-a956-b19f11ee0b83";
   };
   new BeamNGWaypoint(wp_helper_2) {
      drawDebug = "0";
      directionalWaypoint = "0";
      excludeFromMap = "0";
      position = "-454.011536 169.3871 100.387459";
      scale = "3 3 3";
      rotationMatrix = "1 0 0 0 1 0 0 0 1";
      canSave = "1";
      canSaveDynamicFields = "1";
      persistentId = "57c4e1f2-713f-4dc5-850e-fcc6cfdb3284";
   };
   new BeamNGWaypoint(wp_helper_1) {
      drawDebug = "0";
      directionalWaypoint = "0";
      excludeFromMap = "0";
      position = "-307.056213 324.338379 101.66568";
      scale = "4.5 4.5 4.5";
      rotationMatrix = "1 0 0 0 1 0 0 0 1";
      canSave = "1";
      canSaveDynamicFields = "1";
      persistentId = "63c70f55-694f-455e-92ff-f541929a4809";
   };
   new DecalRoad(road_helper_1) {
      drivability = "1";
      lanesLeft = "1";
      lanesRight = "1";
      oneWay = "0";
      flipDirection = "0";
      gatedRoad = "0";
      useSubdivisions = "1";
      ImprovedSpline = "1";
      startTangent = "0";
      endTangent = "0";
      looped = "0";
      smoothness = "0.5";
      detail = "0.100000001";
      overObjects = "0";
      Material = "road_invisible";
      textureLength = "5";
      breakAngle = "3";
      renderPriority = "10";
      zBias = "0";
      decalBias = "0.000500000024";
      distanceFade = "0 0";
      startEndFade = "0 0";
      hiddenInNavi = "0";
      position = "-331.742798 -843.120361 135.88443";
      scale = "1 1 1";
      rotationMatrix = "1 0 0 0 1 0 0 0 1";
      canSave = "1";
      canSaveDynamicFields = "1";
      persistentId = "feacafec-e5a6-4fe3-8ab6-67b6e8c2a5fc";

      Node = "-331.742798 -843.120361 135.884430 8.000000";
      Node = "-317.387390 -859.759277 135.206055 6.000000";
   };
   new TSStatic() {
      shapeName = "/levels/west_coast_usa/art/shapes/objects/arrowboard_R.dae";
      dynamic = "0";
      playAmbient = "1";
      meshCulling = "0";
      originSort = "0";
      useInstanceRenderData = "1";
      instanceColor = "White";
      instanceColor1 = "White";
      instanceColor2 = "White";
      collisionType = "Collision Mesh";
      decalType = "Collision Mesh";
      prebuildCollisionData = "0";
      renderNormals = "0";
      forceDetail = "-1";
      position = "-453.921356 163.133972 100.292908";
      scale = "1 1 1";
      rotationMatrix = "0.327794254 0.944637179 0.0145370131 -0.944691181 0.327565134 0.0161085706 0.0104549387 -0.0190132875 0.999764562";
      isRenderEnabled = "false";
      canSave = "1";
      canSaveDynamicFields = "1";
      persistentId = "64985f12-5162-4e72-a8b6-b18a05ed6309";
   };
   new TSStatic() {
      shapeName = "/levels/west_coast_usa/art/shapes/objects/constructionbarrier.dae";
      dynamic = "0";
      playAmbient = "1";
      meshCulling = "0";
      originSort = "0";
      useInstanceRenderData = "1";
      instanceColor = "White";
      instanceColor1 = "White";
      instanceColor2 = "White";
      collisionType = "Collision Mesh";
      decalType = "Collision Mesh";
      prebuildCollisionData = "0";
      renderNormals = "0";
      forceDetail = "-1";
      position = "929.158264 -449.54953 161.440598";
      scale = "1 1 1";
      rotationMatrix = "0.00290733576 0.999995768 -6.21089712e-05 -0.999975145 0.00290769339 0.00642573833 0.006425892 4.34254762e-05 0.999979377";
      isRenderEnabled = "false";
      canSave = "1";
      canSaveDynamicFields = "1";
      persistentId = "6324cd2a-b340-442c-96de-5f24e9ba1473";
   };
   new TSStatic() {
      shapeName = "/levels/west_coast_usa/art/shapes/objects/constructionbarrier.dae";
      dynamic = "0";
      playAmbient = "1";
      meshCulling = "0";
      originSort = "0";
      useInstanceRenderData = "1";
      instanceColor = "White";
      instanceColor1 = "White";
      instanceColor2 = "White";
      collisionType = "Collision Mesh";
      decalType = "Collision Mesh";
      prebuildCollisionData = "0";
      renderNormals = "0";
      forceDetail = "-1";
      position = "930.96405 -449.556244 161.428986";
      scale = "1 1 1";
      rotationMatrix = "0.000848472118 0.999999583 -4.88793012e-05 -0.99997896 0.000848770142 0.00642585289 0.006425892 4.34264075e-05 0.999979377";
      isRenderEnabled = "false";
      canSave = "1";
      canSaveDynamicFields = "1";
      persistentId = "6e67bb8c-cafe-47c3-bf68-09794337c230";
   };
   new TSStatic() {
      shapeName = "/levels/west_coast_usa/art/shapes/objects/constructionbarrier.dae";
      dynamic = "0";
      playAmbient = "1";
      meshCulling = "0";
      originSort = "0";
      useInstanceRenderData = "1";
      instanceColor = "White";
      instanceColor1 = "White";
      instanceColor2 = "White";
      collisionType = "Collision Mesh";
      decalType = "Collision Mesh";
      prebuildCollisionData = "0";
      renderNormals = "0";
      forceDetail = "-1";
      position = "932.769836 -449.546722 161.417389";
      scale = "1 1 1";
      rotationMatrix = "-0.00675797462 0.999977171 0 -0.999956548 -0.00675785542 0.00642603869 0.006425892 4.34266403e-05 0.999979377";
      isRenderEnabled = "false";
      canSave = "1";
      canSaveDynamicFields = "1";
      persistentId = "ef21ca18-f128-44d1-99d5-ef7e3c6bba1a";
   };
   new TSStatic() {
      shapeName = "/levels/west_coast_usa/art/shapes/objects/constructionbarrier.dae";
      dynamic = "0";
      playAmbient = "1";
      meshCulling = "0";
      originSort = "0";
      useInstanceRenderData = "1";
      instanceColor = "White";
      instanceColor1 = "White";
      instanceColor2 = "White";
      collisionType = "Collision Mesh";
      decalType = "Collision Mesh";
      prebuildCollisionData = "0";
      renderNormals = "0";
      forceDetail = "-1";
      position = "934.56488 -449.519226 161.401093";
      scale = "1 1 1";
      rotationMatrix = "-0.020794034 0.999783754 -4.65661287e-10 -0.999761701 -0.0207935572 0.00664723804 0.00664580055 0.000138223171 0.999977887";
      isRenderEnabled = "false";
      canSave = "1";
      canSaveDynamicFields = "1";
      persistentId = "1cf02a89-518f-4e86-b4b7-f0f1194895af";
   };
   new TSStatic() {
      shapeName = "/levels/west_coast_usa/art/shapes/objects/constructionbarrier.dae";
      dynamic = "0";
      playAmbient = "1";
      meshCulling = "0";
      originSort = "0";
      useInstanceRenderData = "1";
      instanceColor = "White";
      instanceColor1 = "White";
      instanceColor2 = "White";
      collisionType = "Collision Mesh";
      decalType = "Collision Mesh";
      prebuildCollisionData = "0";
      renderNormals = "0";
      forceDetail = "-1";
      position = "936.359802 -449.452026 161.379791";
      scale = "1 1 1";
      rotationMatrix = "-0.0519572496 0.998649597 -4.65661287e-10 -0.998630166 -0.0519561768 0.00623026025 0.00622184481 0.000323705608 0.999980569";
      isRenderEnabled = "false";
      canSave = "1";
      canSaveDynamicFields = "1";
      persistentId = "03a08d31-8425-41ca-a88b-b8d9c250e733";
   };
   new TSStatic() {
      shapeName = "/levels/west_coast_usa/art/shapes/objects/constructionbarrier.dae";
      dynamic = "0";
      playAmbient = "1";
      meshCulling = "0";
      originSort = "0";
      useInstanceRenderData = "1";
      instanceColor = "White";
      instanceColor1 = "White";
      instanceColor2 = "White";
      collisionType = "Collision Mesh";
      decalType = "Collision Mesh";
      prebuildCollisionData = "0";
      renderNormals = "0";
      forceDetail = "-1";
      position = "938.153381 -449.33548 161.362427";
      scale = "1 1 1";
      rotationMatrix = "-0.0812259912 0.996695697 -2.32830644e-10 -0.996677339 -0.0812244415 0.00606958568 0.00604952965 0.000493008178 0.999981582";
      isRenderEnabled = "false";
      canSave = "1";
      canSaveDynamicFields = "1";
      persistentId = "4a9f1a99-ee1f-4efb-909d-dfe007a3b922";
   };
   new TSStatic() {
      shapeName = "/levels/west_coast_usa/art/shapes/objects/constructionbarrier.dae";
      dynamic = "0";
      playAmbient = "1";
      meshCulling = "0";
      originSort = "0";
      useInstanceRenderData = "1";
      instanceColor = "White";
      instanceColor1 = "White";
      instanceColor2 = "White";
      collisionType = "Collision Mesh";
      decalType = "Collision Mesh";
      prebuildCollisionData = "0";
      renderNormals = "0";
      forceDetail = "-1";
      position = "939.942444 -449.157135 161.341339";
      scale = "1 1 1";
      rotationMatrix = "-0.116303444 0.993213534 4.65661287e-10 -0.993139148 -0.116294742 0.0122373309 0.0121542849 0.00142324483 0.999925137";
      isRenderEnabled = "false";
      canSave = "1";
      canSaveDynamicFields = "1";
      persistentId = "add1b6f7-6e2b-45ea-be76-07a41c51f57a";
   };
   new TSStatic() {
      shapeName = "/levels/west_coast_usa/art/shapes/objects/constructionbarrier.dae";
      dynamic = "0";
      playAmbient = "1";
      meshCulling = "0";
      originSort = "0";
      useInstanceRenderData = "1";
      instanceColor = "White";
      instanceColor1 = "White";
      instanceColor2 = "White";
      collisionType = "Collision Mesh";
      decalType = "Collision Mesh";
      prebuildCollisionData = "0";
      renderNormals = "0";
      forceDetail = "-1";
      position = "941.728516 -448.92746 161.309723";
      scale = "1 1 1";
      rotationMatrix = "-0.138461471 0.990368009 4.19095159e-09 -0.990260959 -0.138446569 0.0147047956 0.0145631563 0.00203604111 0.999891877";
      isRenderEnabled = "false";
      canSave = "1";
      canSaveDynamicFields = "1";
      persistentId = "81e08e16-33f9-41ee-b251-23b96efd0259";
   };
   new TSStatic() {
      shapeName = "/levels/west_coast_usa/art/shapes/objects/jerseybarrier_3m.dae";
      dynamic = "0";
      playAmbient = "1";
      meshCulling = "0";
      originSort = "0";
      useInstanceRenderData = "1";
      instanceColor = "White";
      instanceColor1 = "White";
      instanceColor2 = "White";
      collisionType = "Collision Mesh";
      decalType = "Collision Mesh";
      prebuildCollisionData = "0";
      renderNormals = "0";
      forceDetail = "-1";
      position = "948.889282 -486.483673 162.685303";
      scale = "1 1 1";
      rotationMatrix = "0.975299895 -0.220884845 -0.000139902811 0.220738903 0.974678159 -0.0357324444 0.00802911445 0.0348189659 0.999361396";
      isRenderEnabled = "false";
      canSave = "1";
      canSaveDynamicFields = "1";
      persistentId = "7e8d44fb-5805-476f-859b-0c20dd40f038";
   };
   new TSStatic() {
      shapeName = "/levels/west_coast_usa/art/shapes/objects/jerseybarrier_3m.dae";
      dynamic = "0";
      playAmbient = "1";
      meshCulling = "0";
      originSort = "0";
      useInstanceRenderData = "1";
      instanceColor = "White";
      instanceColor1 = "White";
      instanceColor2 = "White";
      collisionType = "Collision Mesh";
      decalType = "Collision Mesh";
      prebuildCollisionData = "0";
      renderNormals = "0";
      forceDetail = "-1";
      position = "949.552917 -483.558228 162.56955";
      scale = "1 1 1";
      rotationMatrix = "0.975299895 -0.220884845 -0.000139902811 0.220738903 0.974678159 -0.0357324444 0.00802911445 0.0348189659 0.999361396";
      isRenderEnabled = "false";
      canSave = "1";
      canSaveDynamicFields = "1";
      persistentId = "407e78be-3acf-4406-a4b8-bbceda9d1446";
   };
   new TSStatic() {
      shapeName = "/levels/west_coast_usa/art/shapes/objects/jerseybarrier_3m.dae";
      dynamic = "0";
      playAmbient = "1";
      meshCulling = "0";
      originSort = "0";
      useInstanceRenderData = "1";
      instanceColor = "White";
      instanceColor1 = "White";
      instanceColor2 = "White";
      collisionType = "Collision Mesh";
      decalType = "Collision Mesh";
      prebuildCollisionData = "0";
      renderNormals = "0";
      forceDetail = "-1";
      position = "950.206787 -480.630768 162.460434";
      scale = "1 1 1";
      rotationMatrix = "0.975299895 -0.220884845 -0.000139902811 0.220738903 0.974678159 -0.0357324444 0.00802911445 0.0348189659 0.999361396";
      isRenderEnabled = "false";
      canSave = "1";
      canSaveDynamicFields = "1";
      persistentId = "9efece0e-2399-4861-91d2-0dc556446535";
   };
   new TSStatic() {
      shapeName = "/levels/west_coast_usa/art/shapes/objects/jerseybarrier_3m.dae";
      dynamic = "0";
      playAmbient = "1";
      meshCulling = "0";
      originSort = "0";
      useInstanceRenderData = "1";
      instanceColor = "White";
      instanceColor1 = "White";
      instanceColor2 = "White";
      collisionType = "Collision Mesh";
      decalType = "Collision Mesh";
      prebuildCollisionData = "0";
      renderNormals = "0";
      forceDetail = "-1";
      position = "950.856628 -477.703705 162.353165";
      scale = "1 1 1";
      rotationMatrix = "0.975774884 -0.218777031 -0.00021715695 0.218629748 0.975153446 -0.0357320569 0.00802911259 0.0348189659 0.999361396";
      isRenderEnabled = "false";
      canSave = "1";
      canSaveDynamicFields = "1";
      persistentId = "b02542ae-5546-44fc-86f8-3ea9636610cb";
   };
   new TSStatic() {
      shapeName = "/levels/west_coast_usa/art/shapes/objects/jerseybarrier_3m.dae";
      dynamic = "0";
      playAmbient = "1";
      meshCulling = "0";
      originSort = "0";
      useInstanceRenderData = "1";
      instanceColor = "White";
      instanceColor1 = "White";
      instanceColor2 = "White";
      collisionType = "Collision Mesh";
      decalType = "Collision Mesh";
      prebuildCollisionData = "0";
      renderNormals = "0";
      forceDetail = "-1";
      position = "951.51886 -474.759796 162.245331";
      scale = "1 1 1";
      rotationMatrix = "0.974933207 -0.222497687 -8.07633623e-05 0.222352788 0.974311233 -0.0357326232 0.00802911352 0.0348189659 0.999361396";
      isRenderEnabled = "false";
      canSave = "1";
      canSaveDynamicFields = "1";
      persistentId = "9b912d42-2470-4254-b670-97cadb219d32";
   };
   new TSStatic() {
      shapeName = "/levels/west_coast_usa/art/shapes/objects/jerseybarrier_end.dae";
      dynamic = "0";
      playAmbient = "1";
      meshCulling = "0";
      originSort = "0";
      useInstanceRenderData = "1";
      instanceColor = "White";
      instanceColor1 = "White";
      instanceColor2 = "White";
      collisionType = "Collision Mesh";
      decalType = "Collision Mesh";
      prebuildCollisionData = "0";
      renderNormals = "0";
      forceDetail = "-1";
      position = "952.164368 -471.833435 162.132477";
      scale = "1 1 1";
      rotationMatrix = "0.977439642 -0.211215034 0 0.211036161 0.976611853 -0.0411467329 0.00869080704 0.0402184501 0.999153137";
      isRenderEnabled = "false";
      canSave = "1";
      canSaveDynamicFields = "1";
      persistentId = "03b6452e-4476-4f39-9ecf-5aa76d54f776";
   };
   new TSStatic() {
      shapeName = "/levels/west_coast_usa/art/shapes/objects/jerseybarrier_end.dae";
      dynamic = "0";
      playAmbient = "1";
      meshCulling = "0";
      originSort = "0";
      useInstanceRenderData = "1";
      instanceColor = "White";
      instanceColor1 = "White";
      instanceColor2 = "White";
      collisionType = "Collision Mesh";
      decalType = "Collision Mesh";
      prebuildCollisionData = "0";
      renderNormals = "0";
      forceDetail = "-1";
      position = "948.236206 -489.423218 162.808304";
      scale = "1 1 1";
      rotationMatrix = "-0.975682259 0.219190553 4.65661287e-10 -0.21896787 -0.974691033 0.0450649075 0.0098778028 0.043969024 0.998984039";
      isRenderEnabled = "false";
      canSave = "1";
      canSaveDynamicFields = "1";
      persistentId = "5aafeea7-6a1d-4834-9e5a-e76aeab0f268";
   };
   new TSStatic() {
      shapeName = "/levels/west_coast_usa/art/shapes/objects/spool.dae";
      dynamic = "0";
      playAmbient = "1";
      meshCulling = "0";
      originSort = "0";
      useInstanceRenderData = "1";
      instanceColor = "White";
      instanceColor1 = "White";
      instanceColor2 = "White";
      collisionType = "Collision Mesh";
      decalType = "Collision Mesh";
      prebuildCollisionData = "0";
      renderNormals = "0";
      forceDetail = "-1";
      position = "26.2877159 550.329834 75.4507599";
      scale = "1 1 1";
      rotationMatrix = "1 0 0 0 0.00138819218 0.999999166 0 -0.999999166 0.00138819218";
      isRenderEnabled = "false";
      canSave = "1";
      canSaveDynamicFields = "1";
      persistentId = "51f11382-78ef-4372-a7ed-dce64db6f8ae";
   };
   new TSStatic() {
      shapeName = "/levels/west_coast_usa/art/shapes/objects/spool.dae";
      dynamic = "0";
      playAmbient = "1";
      meshCulling = "0";
      originSort = "0";
      useInstanceRenderData = "1";
      instanceColor = "White";
      instanceColor1 = "White";
      instanceColor2 = "White";
      collisionType = "Collision Mesh";
      decalType = "Collision Mesh";
      prebuildCollisionData = "0";
      renderNormals = "0";
      forceDetail = "-1";
      position = "27.8923912 553.961975 75.4521561";
      scale = "1 1 1";
      rotationMatrix = "1 0 0 0 0.00138819218 0.999999166 0 -0.999999166 0.00138819218";
      isRenderEnabled = "false";
      canSave = "1";
      canSaveDynamicFields = "1";
      persistentId = "214c3eb4-2565-4e85-b56a-19a9a30d9d96";
   };
   new TSStatic() {
      shapeName = "/levels/west_coast_usa/art/shapes/objects/constructionbarrier_arrows.dae";
      dynamic = "0";
      playAmbient = "1";
      meshCulling = "0";
      originSort = "0";
      useInstanceRenderData = "1";
      instanceColor = "White";
      instanceColor1 = "White";
      instanceColor2 = "White";
      collisionType = "Collision Mesh";
      decalType = "Collision Mesh";
      prebuildCollisionData = "0";
      renderNormals = "0";
      forceDetail = "-1";
      position = "-541.479675 152.660431 100.28109";
      scale = "1 1 1";
      rotationMatrix = "0.413310766 0.910589933 2.32830644e-09 -0.910562038 0.41329807 0.00783285778 0.00713252183 -0.00323740649 0.999969304";
      isRenderEnabled = "false";
      canSave = "1";
      canSaveDynamicFields = "1";
      persistentId = "26b7f986-322b-47c1-8306-61514b102cd1";
   };
   new TSStatic() {
      shapeName = "/levels/west_coast_usa/art/shapes/objects/constructionbarrier_arrows.dae";
      dynamic = "0";
      playAmbient = "1";
      meshCulling = "0";
      originSort = "0";
      useInstanceRenderData = "1";
      instanceColor = "White";
      instanceColor1 = "White";
      instanceColor2 = "White";
      collisionType = "Collision Mesh";
      decalType = "Collision Mesh";
      prebuildCollisionData = "0";
      renderNormals = "0";
      forceDetail = "-1";
      position = "-544.489685 154.485428 100.285309";
      scale = "1 1 1";
      rotationMatrix = "0.576303184 0.817235947 4.93522966e-05 -0.817232013 0.576300263 0.00313241477 0.00253148051 -0.00184555282 0.999995112";
      isRenderEnabled = "false";
      canSave = "1";
      canSaveDynamicFields = "1";
      persistentId = "de4e8650-e12e-4742-afcc-8b37bcefcb0d";
   };
   new TSStatic() {
      shapeName = "/levels/west_coast_usa/art/shapes/objects/constructionbarrier_arrows.dae";
      dynamic = "0";
      playAmbient = "1";
      meshCulling = "0";
      originSort = "0";
      useInstanceRenderData = "1";
      instanceColor = "White";
      instanceColor1 = "White";
      instanceColor2 = "White";
      collisionType = "Collision Mesh";
      decalType = "Collision Mesh";
      prebuildCollisionData = "0";
      renderNormals = "0";
      forceDetail = "-1";
      position = "-547.151672 156.685944 100.340218";
      scale = "1 1 1";
      rotationMatrix = "0.686765015 0.726879597 1.86264515e-09 -0.725500464 0.685461938 0.0615725406 0.044755809 -0.0422858708 0.998102605";
      isRenderEnabled = "false";
      canSave = "1";
      canSaveDynamicFields = "1";
      persistentId = "9fc2c9ec-6d88-486f-a76f-cc004915867f";
   };
   new TSStatic() {
      shapeName = "/levels/west_coast_usa/art/shapes/objects/constructionbarrier_arrows.dae";
      dynamic = "0";
      playAmbient = "1";
      meshCulling = "0";
      originSort = "0";
      useInstanceRenderData = "1";
      instanceColor = "White";
      instanceColor1 = "White";
      instanceColor2 = "White";
      collisionType = "Collision Mesh";
      decalType = "Collision Mesh";
      prebuildCollisionData = "0";
      renderNormals = "0";
      forceDetail = "-1";
      position = "11.8509254 668.346252 74.5791702";
      scale = "1 1 1";
      rotationMatrix = "-0.139938354 -0.990160644 0 0.990160644 -0.139938354 0 0 0 1";
      isRenderEnabled = "false";
      canSave = "1";
      canSaveDynamicFields = "1";
      persistentId = "8f32c61f-6c35-407a-bfaa-bd28b2e05c99";
   };
   new TSStatic() {
      shapeName = "/levels/west_coast_usa/art/shapes/objects/constructionbarrier_arrows.dae";
      dynamic = "0";
      playAmbient = "1";
      meshCulling = "0";
      originSort = "0";
      useInstanceRenderData = "1";
      instanceColor = "White";
      instanceColor1 = "White";
      instanceColor2 = "White";
      collisionType = "Collision Mesh";
      decalType = "Collision Mesh";
      prebuildCollisionData = "0";
      renderNormals = "0";
      forceDetail = "-1";
      position = "15.3228331 667.316772 74.5791702";
      scale = "1 1 1";
      rotationMatrix = "-0.403491259 -0.914983928 0 0.914983928 -0.403491259 0 0 0 1";
      isRenderEnabled = "false";
      canSave = "1";
      canSaveDynamicFields = "1";
      persistentId = "77f461e4-f581-4ec1-9ef7-5855185708ec";
   };
   new TSStatic() {
      shapeName = "/levels/west_coast_usa/art/shapes/objects/constructionbarrier_arrows.dae";
      dynamic = "0";
      playAmbient = "1";
      meshCulling = "0";
      originSort = "0";
      useInstanceRenderData = "1";
      instanceColor = "White";
      instanceColor1 = "White";
      instanceColor2 = "White";
      collisionType = "Collision Mesh";
      decalType = "Collision Mesh";
      prebuildCollisionData = "0";
      renderNormals = "0";
      forceDetail = "-1";
      position = "18.3756599 665.459839 74.5791702";
      scale = "1 1 1";
      rotationMatrix = "-0.632844925 -0.774278998 0 0.774278998 -0.632844925 0 0 0 1";
      isRenderEnabled = "false";
      canSave = "1";
      canSaveDynamicFields = "1";
      persistentId = "ef481941-4485-47eb-aa21-6833c436ed47";
   };
   new TSStatic() {
      shapeName = "/levels/west_coast_usa/art/shapes/objects/constructionbarrier_arrows.dae";
      dynamic = "0";
      playAmbient = "1";
      meshCulling = "0";
      originSort = "0";
      useInstanceRenderData = "1";
      instanceColor = "White";
      instanceColor1 = "White";
      instanceColor2 = "White";
      collisionType = "Collision Mesh";
      decalType = "Collision Mesh";
      prebuildCollisionData = "0";
      renderNormals = "0";
      forceDetail = "-1";
      position = "20.7365932 662.687866 74.5791702";
      scale = "1 1 1";
      rotationMatrix = "-0.849111438 -0.528214455 0 0.528214455 -0.849111438 0 0 0 1";
      isRenderEnabled = "false";
      canSave = "1";
      canSaveDynamicFields = "1";
      persistentId = "ce5f1f19-4847-44ba-870d-74b318f9b367";
   };
   new TSStatic() {
      shapeName = "/levels/west_coast_usa/art/shapes/objects/constructionbarrier_arrows.dae";
      dynamic = "0";
      playAmbient = "1";
      meshCulling = "0";
      originSort = "0";
      useInstanceRenderData = "1";
      instanceColor = "White";
      instanceColor1 = "White";
      instanceColor2 = "White";
      collisionType = "Collision Mesh";
      decalType = "Collision Mesh";
      prebuildCollisionData = "0";
      renderNormals = "0";
      forceDetail = "-1";
      position = "21.8024216 659.125488 74.5791702";
      scale = "1 1 1";
      rotationMatrix = "-0.982710481 -0.185148835 0 0.185148835 -0.982710481 0 0 0 1";
      isRenderEnabled = "false";
      canSave = "1";
      canSaveDynamicFields = "1";
      persistentId = "f7c2e843-48e0-445a-bdbb-055e80f8c1aa";
   };
   new TSStatic() {
      shapeName = "/levels/west_coast_usa/art/shapes/objects/constructionbarrier_arrows.dae";
      dynamic = "0";
      playAmbient = "1";
      meshCulling = "0";
      originSort = "0";
      useInstanceRenderData = "1";
      instanceColor = "White";
      instanceColor1 = "White";
      instanceColor2 = "White";
      collisionType = "Collision Mesh";
      decalType = "Collision Mesh";
      prebuildCollisionData = "0";
      renderNormals = "0";
      forceDetail = "-1";
      position = "12.1767168 535.947449 74.5791702";
      scale = "1 1 1";
      rotationMatrix = "-0.41492486 -0.909856081 0 0.909856081 -0.41492486 0 0 0 1";
      isRenderEnabled = "false";
      canSave = "1";
      canSaveDynamicFields = "1";
      persistentId = "4f3728e3-5fc1-4ffa-981b-fad0882d504d";
   };
   new TSStatic() {
      shapeName = "/levels/west_coast_usa/art/shapes/objects/constructionbarrier_arrows.dae";
      dynamic = "0";
      playAmbient = "1";
      meshCulling = "0";
      originSort = "0";
      useInstanceRenderData = "1";
      instanceColor = "White";
      instanceColor1 = "White";
      instanceColor2 = "White";
      collisionType = "Collision Mesh";
      decalType = "Collision Mesh";
      prebuildCollisionData = "0";
      renderNormals = "0";
      forceDetail = "-1";
      position = "15.5529995 535.093506 74.5791702";
      scale = "1 1 1";
      rotationMatrix = "-0.0944367647 -0.995531023 0 0.995531023 -0.0944367647 0 0 0 1";
      isRenderEnabled = "false";
      canSave = "1";
      canSaveDynamicFields = "1";
      persistentId = "3c98dc47-add9-4d49-b510-1ad6e99d803e";
   };
   new TSStatic() {
      shapeName = "/levels/west_coast_usa/art/shapes/objects/constructionbarrier_arrows.dae";
      dynamic = "0";
      playAmbient = "1";
      meshCulling = "0";
      originSort = "0";
      useInstanceRenderData = "1";
      instanceColor = "White";
      instanceColor1 = "White";
      instanceColor2 = "White";
      collisionType = "Collision Mesh";
      decalType = "Collision Mesh";
      prebuildCollisionData = "0";
      renderNormals = "0";
      forceDetail = "-1";
      position = "19.3499146 534.943848 74.5791702";
      scale = "1 1 1";
      rotationMatrix = "0.0636147857 -0.997974634 0 0.997974634 0.0636147857 0 0 0 1";
      isRenderEnabled = "false";
      canSave = "1";
      canSaveDynamicFields = "1";
      persistentId = "fb24737a-f3d5-45c0-8f67-60f81fd378c4";
   };
   new TSStatic() {
      shapeName = "/levels/west_coast_usa/art/shapes/objects/constructionbarrier_arrows.dae";
      dynamic = "0";
      playAmbient = "1";
      meshCulling = "0";
      originSort = "0";
      useInstanceRenderData = "1";
      instanceColor = "White";
      instanceColor1 = "White";
      instanceColor2 = "White";
      collisionType = "Collision Mesh";
      decalType = "Collision Mesh";
      prebuildCollisionData = "0";
      renderNormals = "0";
      forceDetail = "-1";
      position = "154.753983 804.576416 102.233833";
      scale = "1 1 1";
      rotationMatrix = "-0.90600729 -0.423261195 4.65661287e-10 0.423063368 -0.905583739 -0.0305723473 0.012940092 -0.0276987813 0.99953258";
      isRenderEnabled = "false";
      canSave = "1";
      canSaveDynamicFields = "1";
      persistentId = "ecf01232-8e9d-4513-b076-5c563b202eb7";
   };
   new TSStatic() {
      shapeName = "/levels/west_coast_usa/art/shapes/objects/constructionbarrier_arrows.dae";
      dynamic = "0";
      playAmbient = "1";
      meshCulling = "0";
      originSort = "0";
      useInstanceRenderData = "1";
      instanceColor = "White";
      instanceColor1 = "White";
      instanceColor2 = "White";
      collisionType = "Collision Mesh";
      decalType = "Collision Mesh";
      prebuildCollisionData = "0";
      renderNormals = "0";
      forceDetail = "-1";
      position = "153.160416 807.99176 102.36937";
      scale = "1 1 1";
      rotationMatrix = "-0.906007767 -0.423261285 1.39698386e-09 0.423002481 -0.905453682 -0.0349660553 0.0147997793 -0.0316795148 0.999388516";
      isRenderEnabled = "false";
      canSave = "1";
      canSaveDynamicFields = "1";
      persistentId = "da7b92fc-8ac4-46b3-a5d0-4c30ae33cd11";
   };
   new TSStatic() {
      shapeName = "/levels/west_coast_usa/art/shapes/objects/constructionbarrier_arrows.dae";
      dynamic = "0";
      playAmbient = "1";
      meshCulling = "0";
      originSort = "0";
      useInstanceRenderData = "1";
      instanceColor = "White";
      instanceColor1 = "White";
      instanceColor2 = "White";
      collisionType = "Collision Mesh";
      decalType = "Collision Mesh";
      prebuildCollisionData = "0";
      renderNormals = "0";
      forceDetail = "-1";
      position = "151.594437 811.322754 102.540894";
      scale = "1 1 1";
      rotationMatrix = "-0.906007528 -0.423261285 9.31322575e-10 0.42271626 -0.904840946 -0.0507309102 0.0214724317 -0.0459625907 0.998712361";
      isRenderEnabled = "false";
      canSave = "1";
      canSaveDynamicFields = "1";
      persistentId = "36123abe-dc1c-473e-a185-631b216b020a";
   };
   new TSStatic() {
      shapeName = "/levels/west_coast_usa/art/shapes/objects/constructionbarrier_arrows.dae";
      dynamic = "0";
      playAmbient = "1";
      meshCulling = "0";
      originSort = "0";
      useInstanceRenderData = "1";
      instanceColor = "White";
      instanceColor1 = "White";
      instanceColor2 = "White";
      collisionType = "Collision Mesh";
      decalType = "Collision Mesh";
      prebuildCollisionData = "0";
      renderNormals = "0";
      forceDetail = "-1";
      position = "-225.964966 342.804199 101.653954";
      scale = "1 1 1";
      rotationMatrix = "0.663286567 0.748365581 9.31322575e-10 -0.748310149 0.663237453 -0.0121672992 -0.00910558645 0.00807040557 0.999925971";
      isRenderEnabled = "false";
      canSave = "1";
      canSaveDynamicFields = "1";
      persistentId = "49333565-e36b-4281-a732-cd51e0c044a5";
   };
   new TSStatic() {
      shapeName = "/levels/west_coast_usa/art/shapes/objects/constructionbarrier_arrows.dae";
      dynamic = "0";
      playAmbient = "1";
      meshCulling = "0";
      originSort = "0";
      useInstanceRenderData = "1";
      instanceColor = "White";
      instanceColor1 = "White";
      instanceColor2 = "White";
      collisionType = "Collision Mesh";
      decalType = "Collision Mesh";
      prebuildCollisionData = "0";
      renderNormals = "0";
      forceDetail = "-1";
      position = "-223.393295 340.493622 101.593468";
      scale = "1 1 1";
      rotationMatrix = "0.663286686 0.748365521 0 -0.748365521 0.663286686 0 0 0 1";
      isRenderEnabled = "false";
      canSave = "1";
      canSaveDynamicFields = "1";
      persistentId = "f7a21d5a-dd0d-4862-bd38-c0374561cdef";
   };
   new TSStatic() {
      shapeName = "/levels/west_coast_usa/art/shapes/objects/constructionbarrier_arrows.dae";
      dynamic = "0";
      playAmbient = "1";
      meshCulling = "0";
      originSort = "0";
      useInstanceRenderData = "1";
      instanceColor = "White";
      instanceColor1 = "White";
      instanceColor2 = "White";
      collisionType = "Collision Mesh";
      decalType = "Collision Mesh";
      prebuildCollisionData = "0";
      renderNormals = "0";
      forceDetail = "-1";
      position = "978.431213 -813.392883 166.366547";
      scale = "1 1 1";
      rotationMatrix = "0.77340889 -0.633907557 0 0.633907557 0.77340889 0 0 0 1";
      isRenderEnabled = "false";
      canSave = "1";
      canSaveDynamicFields = "1";
      persistentId = "64d8a88b-2415-4cd0-9977-9a2c91407d3e";
   };
   new TSStatic() {
      shapeName = "/levels/west_coast_usa/art/shapes/objects/constructionbarrier_arrows.dae";
      dynamic = "0";
      playAmbient = "1";
      meshCulling = "0";
      originSort = "0";
      useInstanceRenderData = "1";
      instanceColor = "White";
      instanceColor1 = "White";
      instanceColor2 = "White";
      collisionType = "Collision Mesh";
      decalType = "Collision Mesh";
      prebuildCollisionData = "0";
      renderNormals = "0";
      forceDetail = "-1";
      position = "976.158081 -816.211609 166.336823";
      scale = "1 1 1";
      rotationMatrix = "0.77340889 -0.633907557 0 0.633907557 0.77340889 0 0 0 1";
      isRenderEnabled = "false";
      canSave = "1";
      canSaveDynamicFields = "1";
      persistentId = "234c646e-f398-4247-8579-d97c9280a73b";
   };
   new TSStatic() {
      shapeName = "/levels/west_coast_usa/art/shapes/objects/constructionbarrier_arrows.dae";
      dynamic = "0";
      playAmbient = "1";
      meshCulling = "0";
      originSort = "0";
      useInstanceRenderData = "1";
      instanceColor = "White";
      instanceColor1 = "White";
      instanceColor2 = "White";
      collisionType = "Collision Mesh";
      decalType = "Collision Mesh";
      prebuildCollisionData = "0";
      renderNormals = "0";
      forceDetail = "-1";
      position = "964.155212 -461.002411 161.35463";
      scale = "1 1 1";
      rotationMatrix = "0.81700623 0.57623297 -0.0213630199 -0.576606572 0.816739678 -0.0214755703 0.00507309288 0.0298637319 0.999541104";
      isRenderEnabled = "false";
      canSave = "1";
      canSaveDynamicFields = "1";
      persistentId = "6bb3de5d-a928-4180-a59f-8ca2724a6b32";
   };
   new TSStatic() {
      shapeName = "/levels/west_coast_usa/art/shapes/objects/constructionbarrier_arrows.dae";
      dynamic = "0";
      playAmbient = "1";
      meshCulling = "0";
      originSort = "0";
      useInstanceRenderData = "1";
      instanceColor = "White";
      instanceColor1 = "White";
      instanceColor2 = "White";
      collisionType = "Collision Mesh";
      decalType = "Collision Mesh";
      prebuildCollisionData = "0";
      renderNormals = "0";
      forceDetail = "-1";
      position = "961.397766 -458.119354 161.28447";
      scale = "1 1 1";
      rotationMatrix = "0.657349706 0.753256321 -0.0222762525 -0.753566623 0.657255948 -0.012325109 0.00535723288 0.024888549 0.99967587";
      isRenderEnabled = "false";
      canSave = "1";
      canSaveDynamicFields = "1";
      persistentId = "0ac05f86-190f-42f2-a56a-776b78543a50";
   };
   new TSStatic() {
      shapeName = "/levels/west_coast_usa/art/shapes/objects/constructionbarrier_arrows.dae";
      dynamic = "0";
      playAmbient = "1";
      meshCulling = "0";
      originSort = "0";
      useInstanceRenderData = "1";
      instanceColor = "White";
      instanceColor1 = "White";
      instanceColor2 = "White";
      collisionType = "Collision Mesh";
      decalType = "Collision Mesh";
      prebuildCollisionData = "0";
      renderNormals = "0";
      forceDetail = "-1";
      position = "958.139099 -455.620483 161.21759";
      scale = "1 1 1";
      rotationMatrix = "0.573278427 0.818488419 -0.0377958193 -0.819073617 0.573688388 9.31322575e-10 0.0216830187 0.030957561 0.99928546";
      isRenderEnabled = "false";
      canSave = "1";
      canSaveDynamicFields = "1";
      persistentId = "abdc5960-19ee-48ad-b909-e8fb5e7087f8";
   };
   new TSStatic() {
      shapeName = "/levels/west_coast_usa/art/shapes/objects/constructionbarrier_arrows.dae";
      dynamic = "0";
      playAmbient = "1";
      meshCulling = "0";
      originSort = "0";
      useInstanceRenderData = "1";
      instanceColor = "White";
      instanceColor1 = "White";
      instanceColor2 = "White";
      collisionType = "Collision Mesh";
      decalType = "Collision Mesh";
      prebuildCollisionData = "0";
      renderNormals = "0";
      forceDetail = "-1";
      position = "954.587097 -453.443604 161.175201";
      scale = "1 1 1";
      rotationMatrix = "0.461687446 0.886462033 -0.0320880525 -0.886918724 0.461925328 3.7252903e-09 0.0148222847 0.0284594987 0.999485075";
      isRenderEnabled = "false";
      canSave = "1";
      canSaveDynamicFields = "1";
      persistentId = "6a3cce8a-6467-4d40-9ec4-50b9f7cd2038";
   };
   new TSStatic() {
