{"name":"fre_start_rally1","class":"BeamNGTrigger","__parent":"rally stage 1","position":[861.780762,-481.878235,165.606781],"luaFunction":"onBeamNGTrigger","rotationMatrix":[0.239160836,0.970979929,-4.09781933e-08,-0.969894767,0.238893569,-0.0472647026,-0.0458930694,0.0113039054,0.998882413],"scale":[6.24291945,1,5.59612465]}
{"class":"TSStatic","__parent":"rally stage 1","position":[863.833496,-476.5383,164.431671],"isRenderEnabled":false,"rotationMatrix":[-0.232828021,-0.972517967,0,0.972517967,-0.232828021,0,0,0,1],"shapeName":"/levels/west_coast_usa/art/shapes/objects/featherflag_beamng.dae","useInstanceRenderData":true}
{"name":"fre_start_rally1asset0","class":"DecalRoad","persistentId":"4c024610-744e-43a6-936a-61432e77d078","__parent":"rally stage 1","position":[656.615601,-624.180115,227.93396],"hidden":true,"improvedSpline":true,"material":"checkered_line","nodes":[[656.615601,-624.180115,227.93396,0.5],[660.124695,-620.371399,227.93396,0.5]]}
{"name":"fre_finish_rally1","class":"BeamNGTrigger","__parent":"rally stage 1","position":[658.309448,-623.424988,229.630035],"luaFunction":"onBeamNGTrigger","rotationMatrix":[0.654559612,0.754262507,-0.0513802208,-0.755437672,0.655196548,-0.00562041998,0.0294248722,0.0424934477,0.998663366],"scale":[8.94305515,1.70973086,5.43977737]}
{"class":"DecalRoad","persistentId":"e22b8838-d164-4167-ba66-4c46a771680e","__parent":"rally stage 1","position":[862.75,-479.783386,164.45372],"improvedSpline":true,"material":"checkered_line","nodes":[[862.75,-479.783386,164.45372,0.5],[861.564453,-484.063171,163.992386,0.5]]}
{"name":"rally1","class":"DecalRoad","persistentId":"3e69c56e-a320-44af-944a-d890d9998aa0","__parent":"rally stage 1","position":[861.907471,-481.889557,164.226059],"improvedSpline":true,"material":"road_invisible","nodes":[[861.907471,-481.889557,164.226059,6],[851.122375,-478.109741,164.653732,6],[847.512451,-475.171936,164.914444,6],[841.086365,-466.730713,164.848419,6],[838.395813,-464.249695,164.687088,6],[833.579224,-463.94928,164.60257,6],[823.803101,-464.431946,165.191986,6],[804.386414,-469.587555,167.430511,6],[795.903748,-472.239349,168.575623,6],[793.008911,-473.885681,169.106003,6],[790.671692,-476.836945,169.51268,6],[784.591858,-482.404114,170.360672,6],[776.568848,-489.049347,171.084473,6],[771.010254,-491.836609,171.713745,6],[765.344238,-492.103546,172.162552,6],[758.946472,-488.834412,171.418716,6],[747.763306,-480.921204,167.969269,6],[741.845093,-479.222778,167.703873,6],[735.413818,-480.973022,168.341568,6],[729.94043,-485.178375,169.914352,6],[726.165039,-492.306763,172.036942,6],[721.46344,-501.534271,173.88945,6],[715.457947,-506.032043,174.382111,6],[704.100647,-509.934235,175.951248,6],[696.831543,-512.164246,177.139801,6],[688.05365,-519.999146,180.285309,6],[676.988831,-529.543823,182.552856,6],[669.145203,-532.265991,183.584244,6],[661.426575,-533.364807,183.515366,6],[652.263184,-529.863953,180.838104,6],[647.190735,-527.995056,178.571808,6],[642.186218,-527.245422,177.005386,6],[631.165466,-530.918335,175.183624,6],[619.293335,-535.575745,173.632538,6],[616.559448,-540.370728,175.3237,6],[608.015137,-541.725769,174.18454,6],[596.839172,-547.129395,173.260483,6],[575.743042,-560.289734,174.635193,6],[562.029968,-571.558472,177.458832,6],[561.611572,-578.612122,181.365173,6],[565.455872,-588.028931,185.36731,6],[569.278809,-601.228577,190.339905,6],[568.88446,-606.946045,191.058899,6],[565.270142,-624.927307,193.152145,6],[559.402771,-657.646484,195.801422,6],[561.28186,-664.561035,196.523361,6],[569.59375,-669.127136,199.115509,6],[575.643738,-670.139221,200.684433,6],[579.485901,-663.31366,200.912964,6],[580.414124,-649.920593,201.725082,6],[579.473145,-639.69635,202.389526,6],[585.490356,-634.858704,202.722046,6],[593.361084,-637.19574,202.825882,6],[593.777588,-649.903931,203.997437,6],[592.241089,-663.017456,205.135986,6],[599.201599,-671.757202,205.837784,6],[609.443298,-677.089111,206.621201,6],[620.619995,-677.777039,207.749298,6],[635.103149,-674.164307,209.41803,6],[670.096558,-676.889771,213.862122,6],[698.624878,-677.821045,216.261169,6],[705.037354,-668.697998,216.5737,6],[701.492126,-661.514038,217.667572,6],[693.892761,-660.239014,219.042969,6],[677.606934,-662.832092,221.327133,6],[667.521118,-662.067749,222.218597,6],[644.987671,-644.291626,225.441559,6],[642.34314,-613.748413,227.93396,6],[648.660217,-607.842224,227.93396,6],[652.121948,-616.108032,227.93396,6],[658.130066,-623.346619,227.93396,6]]}
{"class":"TSStatic","__parent":"rally stage 1","position":[860.634033,-487.604218,163.899734],"isRenderEnabled":false,"rotationMatrix":[0.319036365,0.947742581,0,-0.947742581,0.319036365,0,0,0,1],"shapeName":"/levels/west_coast_usa/art/shapes/objects/featherflag_beamng.dae","useInstanceRenderData":true}
{"name":"fre_staging_rally1","class":"BeamNGTrigger","__parent":"rally stage 1","position":[862.569275,-482.092102,165.60141],"luaFunction":"onBeamNGTrigger","rotationMatrix":[0.239160836,0.970979929,-4.09781933e-08,-0.969894767,0.238893569,-0.0472647026,-0.0458930694,0.0113039054,0.998882413],"scale":[6.24291945,1,5.59612465]}
