{"class":"DecalRoad","persistentId":"0375d315-2eaa-4c01-a2ed-dde5892f2878","__parent":"SimGroup_","position":[555.560181,-852.530151,159.13652],"improvedSpline":true,"material":"road_invisible","nodes":[[555.560181,-852.530151,159.13652,0.200000003],[561.645752,-856.444946,157.5952,0.200000003],[566.408936,-860.431519,156.93779,0.200000003],[569.479858,-868.680481,155.921906,0.200000003],[568.83136,-876.917786,154.885132,0.200000003],[565.377014,-887.558594,154.01738,0.200000003]]}
{"class":"DecalRoad","persistentId":"19a6e349-36bc-44f7-be8e-84c107b81cdc","__parent":"SimGroup_","position":[678.446838,-825.387024,158.569351],"improvedSpline":true,"material":"road_invisible","nodes":[[678.446838,-825.387024,158.569351,0.200000003],[683.580505,-827.947571,158.307205,0.200000003],[692.549011,-831.473633,158.089294,0.200000003],[700.236084,-833.74823,157.88765,0.200000003],[708.154236,-834.76416,157.602371,0.200000003]]}
{"class":"DecalRoad","persistentId":"43424095-2d10-4cfa-8eca-74792ab0e18c","__parent":"SimGroup_","position":[620.134766,-820.753723,156.985184],"improvedSpline":true,"material":"road_invisible","nodes":[[620.134766,-820.753723,156.985184,0.200000003],[621.774292,-815.74054,156.92131,0.200000003],[622.878723,-812.343872,156.806793,0.200000003]]}
{"class":"DecalRoad","persistentId":"59397658-c545-4471-a9d7-d4686ea55ac9","__parent":"SimGroup_","position":[606.861755,-820.493713,153.148941],"improvedSpline":true,"material":"road_invisible","nodes":[[606.861755,-820.493713,153.148941,1],[606.084656,-822.526367,152.363449,1],[606.645874,-825.851501,152.07666,1],[608.792664,-829.918213,151.70491,1],[610.890747,-832.762756,151.392883,1]]}
{"class":"DecalRoad","persistentId":"7b6d9006-a3a0-4b7a-9280-66b6c4bd0f4f","__parent":"SimGroup_","position":[209.650574,29.592041,127.161423],"detail":0.200000003,"distanceFade":[200,50],"improvedSpline":true,"material":"road_dirt","nodes":[[209.650574,29.592041,127.161423,16],[215.958374,59.6792603,127.375336,16],[256.963013,82.9713135,126.532959,16],[375.696777,76.8744507,126.532806,16],[421.018005,86.479248,127.809265,16]],"renderPriority":12,"textureLength":128,"useTemplate":"true"}
{"class":"DecalRoad","persistentId":"82ce9864-f63b-42f2-a40a-688fc2e1eab7","__parent":"SimGroup_","position":[790.07373,-799.515137,161.448166],"improvedSpline":true,"material":"road_invisible","nodes":[[790.07373,-799.515137,161.448166,0.200000003],[792.527527,-794.708862,162.0439,0.200000003],[795.620972,-787.673401,163.378525,0.200000003],[795.319885,-782.519409,164.000641,0.200000003],[791.192139,-775.797729,164.295212,0.200000003],[782.38501,-772.140137,164.247498,0.200000003],[776.359131,-772.082642,164.296219,0.200000003]]}
{"class":"DecalRoad","persistentId":"b43da52c-f53f-424e-9e27-58b280db9554","__parent":"SimGroup_","position":[608.574829,-820.080505,153.627304],"improvedSpline":true,"material":"road_invisible","nodes":[[608.574829,-820.080505,153.627304,0.200000003],[606.935669,-821.621094,152.581467,0.200000003],[606.14093,-825.211121,152.141403,0.200000003],[607.314087,-828.220581,151.899384,0.200000003],[609.417603,-830.748352,151.60347,0.200000003]]}
{"class":"DecalRoad","persistentId":"b785e91c-5d6f-4a56-9564-881a859694be","__parent":"SimGroup_","position":[549.843567,-902.270752,152.945206],"improvedSpline":true,"material":"road_invisible","nodes":[[549.843567,-902.270752,152.945206,0.200000003],[539.863159,-904.315247,152.687347,0.200000003]]}
{"class":"DecalRoad","persistentId":"bf9a633a-adf0-4cd1-aacb-52c684290919","__parent":"SimGroup_","position":[280.894409,-828.456787,145.30658],"improvedSpline":true,"material":"road_invisible","nodes":[[280.894409,-828.456787,145.30658,0.200000003],[278.846832,-833.309021,145.276184,0.200000003],[276.124634,-838.284363,144.994751,0.200000003],[277.378571,-843.095764,145.112961,0.200000003],[279.942719,-846.398132,145.211884,0.200000003],[283.758484,-848.960632,145.147751,0.200000003],[287.880676,-849.877075,145.135468,0.200000003]]}
{"class":"DecalRoad","persistentId":"c9095752-87f8-498a-873f-70e147393354","__parent":"SimGroup_","position":[350.111816,81.3374634,126.532806],"distanceFade":[200,50],"improvedSpline":true,"material":"road_dirt_tracks","nodes":[[350.111816,81.3374634,126.532806,7],[331.679016,78.7461548,126.532806,7],[321.387848,69.678833,126.532806,7],[319.187256,57.3522339,126.532806,7],[318.024292,39.6934814,126.532806,7],[317.088684,27.1071777,126.532806,7],[310.023773,8.93804932,127.187973,7],[300.615906,-3.78985596,127.649902,7],[286.006561,-14.9411621,127.669563,7]],"renderPriority":1,"startEndFade":[30,30],"textureLength":128}
{"class":"DecalRoad","persistentId":"e549c4ec-f93e-4879-ae5a-38fb9bf3f9ab","__parent":"SimGroup_","position":[344.927063,-710.292358,155.201248],"improvedSpline":true,"material":"road_invisible","nodes":[[344.927063,-710.292358,155.201248,0.200000003],[339.522522,-710.554199,154.593124,0.200000003],[334.071594,-714.210388,154.123535,0.200000003],[328.73053,-720.100525,153.461639,0.200000003],[327.82254,-722.549866,153.336685,0.200000003]]}
{"class":"DecalRoad","persistentId":"f5b68f6e-fb46-45c2-a0ca-c5d682a64bf9","__parent":"SimGroup_","position":[566.424438,-708.010132,200.671799],"improvedSpline":true,"material":"road_invisible","nodes":[[566.424438,-708.010132,200.671799,0.200000003],[563.672913,-710.894714,200.757935,0.200000003],[562.287354,-713.573242,200.786743,0.200000003],[562.210693,-715.905945,200.849014,0.200000003],[563.611206,-718.17395,200.941864,0.200000003],[564.532715,-720.679199,201.077911,0.200000003],[564.952209,-724.966187,201.0327,0.200000003],[563.040588,-729.764343,200.816299,0.200000003],[560.040222,-733.328064,200.619476,0.200000003],[557.485657,-735.812805,200.449081,0.200000003]]}
{"name":"SimGroup_","class":"SimGroup","persistentId":"5a677bc7-a4fd-40cd-bfd8-b3ad3d53c79d","groupPosition":"552.12989148907 -779.11065183901 162.5081914266"}
{"class":"TSStatic","persistentId":"03c9a47d-a924-4fb1-b545-608df70bab35","__parent":"SimGroup_","position":[553.683044,-718.522522,200.705444],"isRenderEnabled":false,"shapeName":"/levels/rls_west_coast_usa/art/shapes/objects/sandbarrel.dae","useInstanceRenderData":true}
{"class":"TSStatic","persistentId":"04e25339-7e8e-46b7-8c70-a6d7d80ee579","__parent":"SimGroup_","position":[693.030762,-831.640564,158.073318],"isRenderEnabled":false,"rotationMatrix":[-0.326849461,-0.944906771,0.0179098919,0.944417655,-0.327270389,-0.0311354958,0.0352815203,0.00673779752,0.99935472],"shapeName":"/levels/rls_west_coast_usa/art/shapes/objects/constructionbarrier.dae","useInstanceRenderData":true}
{"class":"TSStatic","persistentId":"091b9d3a-fd50-45d4-84c0-86782a5da9dd","__parent":"SimGroup_","position":[324.347321,-740.989319,153.896866],"isRenderEnabled":false,"shapeName":"/levels/rls_west_coast_usa/art/shapes/objects/sandbarrel.dae","useInstanceRenderData":true}
{"class":"TSStatic","persistentId":"0a6812a6-4bb2-409a-bc0d-167e90e02781","__parent":"SimGroup_","position":[569.574097,-872.504517,155.425323],"isRenderEnabled":false,"rotationMatrix":[-0.992178321,0.0834909081,0.0927966982,-0.0948089212,-0.98759973,-0.125131071,0.0811987072,-0.132950306,0.987790942],"shapeName":"/levels/rls_west_coast_usa/art/shapes/objects/constructionbarrier.dae","useInstanceRenderData":true}
{"class":"TSStatic","persistentId":"0e3abd7a-9eef-44c7-9d0d-ed794c457b66","__parent":"SimGroup_","position":[795.002563,-781.69574,164.068054],"isRenderEnabled":false,"rotationMatrix":[0.929421008,0.367868066,0.0291494578,-0.368985772,0.927521586,0.0596089996,-0.00510850549,-0.0661575943,0.997796118],"shapeName":"/levels/rls_west_coast_usa/art/shapes/objects/constructionbarrier.dae","useInstanceRenderData":true}
{"class":"TSStatic","persistentId":"1092d4d4-b1bd-4b38-b7a0-4a10fea92753","__parent":"SimGroup_","position":[267.529144,-770.55249,155.120178],"isRenderEnabled":false,"shapeName":"/levels/rls_west_coast_usa/art/shapes/objects/sandbarrel.dae","useInstanceRenderData":true}
{"class":"TSStatic","persistentId":"10fe2e38-0192-47c8-9fe7-4d1a49bdca7c","__parent":"SimGroup_","position":[599.941345,-841.320007,144.967941],"isRenderEnabled":false,"rotationMatrix":[-0.121436954,0.992598951,0,-0.992598951,-0.121436954,0,0,0,1],"shapeName":"/levels/rls_west_coast_usa/art/shapes/race/race_rally_gate.dae","useInstanceRenderData":true}
{"class":"TSStatic","persistentId":"117dd112-eda0-4e9b-8135-459652876e20","__parent":"SimGroup_","position":[795.917847,-785.073547,163.736404],"isRenderEnabled":false,"rotationMatrix":[0.998587787,0.0528708845,-0.00520094996,-0.0520589277,0.993352115,0.102671772,0.0105947219,-0.10225603,0.994701684],"shapeName":"/levels/rls_west_coast_usa/art/shapes/objects/constructionbarrier.dae","useInstanceRenderData":true}
{"class":"TSStatic","persistentId":"14451fab-df87-470a-bfc0-83ae7c6a05c0","__parent":"SimGroup_","position":[683.172668,-827.767151,158.32341],"isRenderEnabled":false,"rotationMatrix":[-0.405129075,-0.914066076,-0.018805366,0.913901567,-0.404309273,-0.0363045856,0.0255816095,-0.0318942964,0.999163806],"shapeName":"/levels/rls_west_coast_usa/art/shapes/objects/constructionbarrier.dae","useInstanceRenderData":true}
{"class":"TSStatic","persistentId":"18b9b1a2-8b79-4514-b194-e1bade39d2b2","__parent":"SimGroup_","position":[548.114197,-902.625,152.925476],"isRenderEnabled":false,"rotationMatrix":[-0.200823784,0.979514241,0.0148899164,-0.979557872,-0.200605273,-0.014965022,-0.0116714556,-0.0175908674,0.999777138],"shapeName":"/levels/rls_west_coast_usa/art/shapes/objects/constructionbarrier.dae","useInstanceRenderData":true}
{"class":"TSStatic","persistentId":"1a5324df-ba78-4d7d-857b-9a5a4bd1b577","__parent":"SimGroup_","position":[562.963135,-711.989685,200.762466],"isRenderEnabled":false,"rotationMatrix":[-0.874623656,0.483117908,-0.0403809138,-0.483322233,-0.875427246,-0.00518771634,-0.0378568284,0.014979694,0.999170899],"shapeName":"/levels/rls_west_coast_usa/art/shapes/objects/constructionbarrier.dae","useInstanceRenderData":true}
{"class":"TSStatic","persistentId":"1fd0556b-fec1-4a34-a056-848d35deaa67","__parent":"SimGroup_","position":[279.353668,-845.833435,145.197769],"isRenderEnabled":false,"rotationMatrix":[-0.715706944,-0.698397338,-0.00220381282,0.698213398,-0.715584397,0.0209094081,-0.0161800887,0.0134262759,0.999778926],"shapeName":"/levels/rls_west_coast_usa/art/shapes/objects/constructionbarrier.dae","useInstanceRenderData":true}
{"class":"TSStatic","persistentId":"1fe3c80c-869c-4c42-9f9b-0448b211007a","__parent":"SimGroup_","position":[648.344849,-618.427368,227.93396],"isRenderEnabled":false,"shapeName":"/levels/rls_west_coast_usa/art/shapes/objects/sandbarrel.dae","useInstanceRenderData":true}
{"class":"TSStatic","persistentId":"212e63ca-e425-4037-b0ac-c9487c6914f4","__parent":"SimGroup_","position":[329.130981,-719.583435,153.520798],"isRenderEnabled":false,"rotationMatrix":[-0.775034308,0.627888441,-0.0712586418,-0.621466279,-0.777778029,-0.0940258801,-0.114461176,-0.0285884403,0.993016303],"shapeName":"/levels/rls_west_coast_usa/art/shapes/objects/constructionbarrier.dae","useInstanceRenderData":true}
{"class":"TSStatic","persistentId":"2d91020a-d652-4aca-8b65-5c541f42928c","__parent":"SimGroup_","position":[784.854553,-772.841003,164.265778],"isRenderEnabled":false,"rotationMatrix":[0.307000518,0.949104786,0.0703623444,-0.951223016,0.308367193,-0.00919274613,-0.0304223169,-0.0641081035,0.997479141],"shapeName":"/levels/rls_west_coast_usa/art/shapes/objects/constructionbarrier.dae","useInstanceRenderData":true}
{"class":"TSStatic","persistentId":"2f4d2a6d-af1d-4a1f-a8cb-fa259a76e01c","__parent":"SimGroup_","position":[568.733521,-865.585449,156.188965],"isRenderEnabled":false,"rotationMatrix":[-0.953095794,-0.295688152,0.0646278039,0.290835142,-0.953833342,-0.0749440566,0.0838042274,-0.052632831,0.995091259],"shapeName":"/levels/rls_west_coast_usa/art/shapes/objects/constructionbarrier.dae","useInstanceRenderData":true}
{"class":"TSStatic","persistentId":"312c9dda-e091-4638-9099-ccfffeac232a","__parent":"SimGroup_","position":[665.483521,-629.920105,227.933945],"isRenderEnabled":false,"rotationMatrix":[0.766239882,0.6425547,0,-0.6425547,0.766239882,0,0,0,1],"shapeName":"/levels/rls_west_coast_usa/art/shapes/race/race_rally_gate_finish.dae","useInstanceRenderData":true}
{"class":"TSStatic","persistentId":"3238ba60-2ce7-466d-8346-2172ea82e569","__parent":"SimGroup_","position":[565.5979,-859.377991,157.13031],"isRenderEnabled":false,"rotationMatrix":[-0.714152813,-0.695381343,0.0801923051,0.691760838,-0.718625426,-0.0710256845,0.10701815,0.00475070626,0.994245708],"shapeName":"/levels/rls_west_coast_usa/art/shapes/objects/constructionbarrier.dae","useInstanceRenderData":true}
{"class":"TSStatic","persistentId":"3248dfca-df07-4a8b-b7a3-51f1a243a02f","__parent":"SimGroup_","position":[776.803406,-793.563782,161.171799],"isRenderEnabled":false,"shapeName":"/levels/rls_west_coast_usa/art/shapes/objects/sandbarrel.dae","useInstanceRenderData":true}
{"class":"TSStatic","persistentId":"350f5c45-358f-41d5-9733-f6895d6679b7","__parent":"SimGroup_","position":[609.107727,-830.40271,151.654999],"isRenderEnabled":false,"rotationMatrix":[-0.736426115,-0.674744666,-0.048949942,0.676037371,-0.731247306,-0.0908332169,0.0254947096,-0.0999839455,0.994662344],"shapeName":"/levels/rls_west_coast_usa/art/shapes/objects/constructionbarrier.dae","useInstanceRenderData":true}
{"class":"TSStatic","persistentId":"38d664f8-fc92-4c5e-875c-d12513024733","__parent":"SimGroup_","position":[562.099182,-715.356201,200.834763],"isRenderEnabled":false,"rotationMatrix":[-0.990689874,-0.132090345,-0.0329514667,0.131381765,-0.991069198,0.0228235573,-0.0356719494,0.0182818435,0.999196291],"shapeName":"/levels/rls_west_coast_usa/art/shapes/objects/constructionbarrier.dae","useInstanceRenderData":true}
{"class":"TSStatic","persistentId":"39444479-4997-42a5-aadf-eca33f5f7d6a","__parent":"SimGroup_","position":[788.164917,-774.068604,164.291107],"isRenderEnabled":false,"rotationMatrix":[0.385627031,0.917581499,0.0966230407,-0.921708167,0.387855768,-0.00469598174,-0.0417847559,-0.0872473419,0.995309949],"shapeName":"/levels/rls_west_coast_usa/art/shapes/objects/constructionbarrier.dae","useInstanceRenderData":true}
{"class":"TSStatic","persistentId":"3be7e02c-d1b7-4a1f-9daa-a76641358079","__parent":"SimGroup_","position":[564.763611,-721.794434,201.079498],"isRenderEnabled":false,"rotationMatrix":[-0.981260657,-0.191019818,-0.025278613,0.191249654,-0.9815166,-0.00698827114,-0.0234764777,-0.0116918413,0.999656022],"shapeName":"/levels/rls_west_coast_usa/art/shapes/objects/constructionbarrier.dae","useInstanceRenderData":true}
{"class":"TSStatic","persistentId":"41659344-ed08-4dec-9212-e49b1bffde45","__parent":"SimGroup_","position":[606.18811,-824.261353,152.188553],"isRenderEnabled":false,"rotationMatrix":[-0.991459846,0.105518684,0.0766377598,-0.110109419,-0.992204428,-0.0583649613,0.0698817223,-0.0663050488,0.995349288],"shapeName":"/levels/rls_west_coast_usa/art/shapes/objects/constructionbarrier.dae","useInstanceRenderData":true}
{"class":"TSStatic","persistentId":"4943a8ce-5402-49ec-80d5-d4659aa3a120","__parent":"SimGroup_","position":[288.293457,-836.619873,145.503387],"isRenderEnabled":false,"shapeName":"/levels/rls_west_coast_usa/art/shapes/objects/sandbarrel.dae","useInstanceRenderData":true}
{"class":"TSStatic","persistentId":"4b791643-9f4b-4fc1-8fb0-f99b57c0868e","__parent":"SimGroup_","position":[686.42749,-829.135559,158.220398],"isRenderEnabled":false,"rotationMatrix":[-0.377571702,-0.925968349,-0.00472144131,0.925708354,-0.37733233,-0.0261610281,0.0224427283,-0.0142483432,0.999646604],"shapeName":"/levels/rls_west_coast_usa/art/shapes/objects/constructionbarrier.dae","useInstanceRenderData":true}
{"class":"TSStatic","persistentId":"4bcb8cf0-c2ed-422e-8350-776759cd3a91","__parent":"SimGroup_","position":[764.26532,-804.452881,159.310806],"isRenderEnabled":false,"shapeName":"/levels/rls_west_coast_usa/art/shapes/objects/sandbarrel.dae","useInstanceRenderData":true}
{"class":"TSStatic","persistentId":"4e588676-0206-4f97-9833-7f7f1da7709b","__parent":"SimGroup_","position":[563.668457,-728.600037,200.876831],"isRenderEnabled":false,"rotationMatrix":[-0.892168641,0.450848818,0.0277579352,-0.451678872,-0.891064644,-0.0446102582,0.00462163147,-0.0523375459,0.998618782],"shapeName":"/levels/rls_west_coast_usa/art/shapes/objects/constructionbarrier.dae","useInstanceRenderData":true}
{"class":"TSStatic","persistentId":"51838f86-5d0f-4b76-a23e-bfa275905d8b","__parent":"SimGroup_","position":[544.654114,-903.333923,152.866501],"isRenderEnabled":false,"rotationMatrix":[-0.200967312,0.979510128,0.0131203132,-0.979447424,-0.200683594,-0.0202214643,-0.0171740968,-0.0169145092,0.999709427],"shapeName":"/levels/rls_west_coast_usa/art/shapes/objects/constructionbarrier.dae","useInstanceRenderData":true}
{"class":"TSStatic","persistentId":"53520afb-8aec-4f98-8962-25f9126997ce","__parent":"SimGroup_","position":[703.276245,-834.232849,157.752823],"isRenderEnabled":false,"rotationMatrix":[-0.129794836,-0.991525352,-0.00554709882,0.990639389,-0.129436374,-0.0433557965,0.0422703736,-0.0111225396,0.999044299],"shapeName":"/levels/rls_west_coast_usa/art/shapes/objects/constructionbarrier.dae","useInstanceRenderData":true}
{"class":"TSStatic","persistentId":"581c4099-134c-4b53-b156-41588c08a268","__parent":"SimGroup_","position":[791.220032,-775.822449,164.294907],"isRenderEnabled":false,"rotationMatrix":[0.660969257,0.74373287,0.099905692,-0.747937262,0.663729668,0.00726623088,-0.0609062389,-0.0795259401,0.994970381],"shapeName":"/levels/rls_west_coast_usa/art/shapes/objects/constructionbarrier.dae","useInstanceRenderData":true}
{"class":"TSStatic","persistentId":"5942c1f8-0538-42ca-bca1-1beff559ca9c","__parent":"SimGroup_","position":[562.817932,-857.238647,157.40654],"isRenderEnabled":false,"rotationMatrix":[-0.535849571,-0.841286063,0.0714354962,0.837224126,-0.540386081,-0.0838960707,0.109183341,0.0148518495,0.99391067],"shapeName":"/levels/rls_west_coast_usa/art/shapes/objects/constructionbarrier.dae","useInstanceRenderData":true}
{"class":"TSStatic","persistentId":"5a155d8a-720e-46d4-aafe-b5851024a4a5","__parent":"SimGroup_","position":[277.320007,-842.970825,145.108597],"isRenderEnabled":false,"rotationMatrix":[-0.90544486,-0.424463272,-0.0006668563,0.424249649,-0.905036807,0.0303398818,-0.0134816952,0.0271881782,0.999539435],"shapeName":"/levels/rls_west_coast_usa/art/shapes/objects/constructionbarrier.dae","useInstanceRenderData":true}
{"class":"TSStatic","persistentId":"5a9c7502-3d77-4755-b0cd-5d40c9bb991b","__parent":"SimGroup_","position":[790.893066,-797.959534,161.616058],"isRenderEnabled":false,"rotationMatrix":[0.877249956,-0.472020566,0.0873444751,0.463905513,0.880392909,0.098488614,-0.123386107,-0.045879554,0.991297603],"shapeName":"/levels/rls_west_coast_usa/art/shapes/objects/constructionbarrier.dae","useInstanceRenderData":true}
{"class":"TSStatic","persistentId":"5af703e3-bf61-4d0e-8db0-a4b18495ecfb","__parent":"SimGroup_","position":[559.933899,-855.277405,157.958038],"isRenderEnabled":false,"rotationMatrix":[-0.53483665,-0.840919197,0.0824908465,0.818015754,-0.53976655,-0.198752314,0.21166043,-0.0388212129,0.976571977],"shapeName":"/levels/rls_west_coast_usa/art/shapes/objects/constructionbarrier.dae","useInstanceRenderData":true}
{"class":"TSStatic","persistentId":"5bd47abb-5e6e-477b-a620-5431ca06d00c","__parent":"SimGroup_","position":[795.378296,-788.50708,163.22995],"isRenderEnabled":false,"rotationMatrix":[0.945235729,-0.324950933,0.0305983238,0.314556181,0.931970596,0.180236563,-0.0870847702,-0.160741165,0.983147264],"shapeName":"/levels/rls_west_coast_usa/art/shapes/objects/constructionbarrier.dae","useInstanceRenderData":true}
{"class":"TSStatic","persistentId":"5d71d12e-d0aa-4d19-9f59-43a922a9f89b","__parent":"SimGroup_","position":[606.969299,-827.623047,151.95874],"isRenderEnabled":false,"rotationMatrix":[-0.873152852,-0.48586446,0.0392407589,0.481552064,-0.872276068,-0.0851001069,0.0755758882,-0.0554089323,0.995599389],"shapeName":"/levels/rls_west_coast_usa/art/shapes/objects/constructionbarrier.dae","useInstanceRenderData":true}
{"class":"TSStatic","persistentId":"6152c9f4-154f-4f34-a2ed-8bc586af631e","__parent":"SimGroup_","position":[272.130585,-764.369324,154.668915],"isRenderEnabled":false,"shapeName":"/levels/rls_west_coast_usa/art/shapes/objects/sandbarrel.dae","useInstanceRenderData":true}
{"class":"TSStatic","persistentId":"6171e012-d55d-45db-9ba1-aa3a685da4c1","__parent":"SimGroup_","position":[696.384827,-832.744446,157.988647],"isRenderEnabled":false,"rotationMatrix":[-0.287935495,-0.955121815,0.0695382506,0.956667364,-0.290169239,-0.0242806785,0.0433688574,0.0595337041,0.997283757],"shapeName":"/levels/rls_west_coast_usa/art/shapes/objects/constructionbarrier.dae","useInstanceRenderData":true}
{"class":"TSStatic","persistentId":"637ec63f-655b-4319-9d42-72424c64d260","__parent":"SimGroup_","position":[321.088654,-746.933105,154.186386],"isRenderEnabled":false,"shapeName":"/levels/rls_west_coast_usa/art/shapes/objects/sandbarrel.dae","useInstanceRenderData":true}
{"class":"TSStatic","persistentId":"68843ed5-2cab-4db4-9f9b-820a7924dff2","__parent":"SimGroup_","position":[285.31781,-849.432983,145.148026],"isRenderEnabled":false,"rotationMatrix":[-0.221346498,-0.973990381,-0.0484594032,0.974766433,-0.222449064,0.0186169893,-0.0289125238,-0.0431157984,0.998651624],"shapeName":"/levels/rls_west_coast_usa/art/shapes/objects/constructionbarrier.dae","useInstanceRenderData":true}
{"class":"TSStatic","persistentId":"6c8ccaa9-a4c9-4725-8434-e745eca17aed","__parent":"SimGroup_","position":[767.932983,-785.235901,163.403625],"isRenderEnabled":false,"shapeName":"/levels/rls_west_coast_usa/art/shapes/objects/sandbarrel.dae","useInstanceRenderData":true}
{"class":"TSStatic","persistentId":"7179f57f-27bc-4abf-a561-f9a0c1e79450","__parent":"SimGroup_","position":[777.913696,-771.955322,164.273453],"isRenderEnabled":false,"rotationMatrix":[-0.097796917,0.99496609,0.0218704976,-0.995138824,-0.0980228186,0.00950282998,0.0115987994,-0.0208348334,0.999715626],"shapeName":"/levels/rls_west_coast_usa/art/shapes/objects/constructionbarrier.dae","useInstanceRenderData":true}
{"class":"TSStatic","persistentId":"72bdde97-4fe7-4232-85de-874fff972525","__parent":"SimGroup_","position":[280.234009,-830.094482,145.275375],"isRenderEnabled":false,"rotationMatrix":[-0.905356884,0.363185853,0.220057324,-0.373744935,-0.927506089,-0.00688651949,0.201603398,-0.0884800628,0.975462615],"shapeName":"/levels/rls_west_coast_usa/art/shapes/objects/constructionbarrier.dae","useInstanceRenderData":true}
{"class":"TSStatic","persistentId":"761ed15c-4b84-43aa-ac5b-7bf1a50f4bb8","__parent":"SimGroup_","position":[565.169189,-709.251709,200.703918],"isRenderEnabled":false,"rotationMatrix":[-0.704426527,0.703113914,-0.0970265046,-0.706452131,-0.70776093,7.2710216e-05,-0.0686204359,0.0685957894,0.995281816],"shapeName":"/levels/rls_west_coast_usa/art/shapes/objects/constructionbarrier.dae","useInstanceRenderData":true}
{"class":"TSStatic","persistentId":"77583f2e-017e-41ed-ad1b-7d553641b2bd","__parent":"SimGroup_","position":[331.40979,-716.905273,153.850052],"isRenderEnabled":false,"rotationMatrix":[-0.730547547,0.678398848,-0.0779432207,-0.673506141,-0.734658837,-0.0816433579,-0.112648457,-0.00714911893,0.99360919],"shapeName":"/levels/rls_west_coast_usa/art/shapes/objects/constructionbarrier.dae","useInstanceRenderData":true}
{"class":"TSStatic","persistentId":"77cd49ac-cceb-45d7-bc9c-2dacf1888cb8","__parent":"SimGroup_","position":[775.13269,-788.947266,162.19426],"isRenderEnabled":false,"shapeName":"/levels/rls_west_coast_usa/art/shapes/objects/sandbarrel.dae","useInstanceRenderData":true}
{"class":"TSStatic","persistentId":"782b26cd-0bad-4e1f-a994-374ea1c4f1b1","__parent":"SimGroup_","position":[276.145416,-839.654602,144.981705],"isRenderEnabled":false,"rotationMatrix":[-0.982067943,-0.188521579,-0.00145347556,0.18829073,-0.981193185,0.0425036289,-0.00943899155,0.0414677747,0.999095261],"shapeName":"/levels/rls_west_coast_usa/art/shapes/objects/constructionbarrier.dae","useInstanceRenderData":true}
{"class":"TSStatic","persistentId":"799e37f3-3e4b-4a72-831d-cd3c1c16a2a9","__parent":"SimGroup_","position":[569.520569,-869.010437,155.887589],"isRenderEnabled":false,"rotationMatrix":[-0.989184737,-0.129225075,0.0693882704,0.121765882,-0.987231612,-0.102699257,0.0817736089,-0.0931394026,0.992289364],"shapeName":"/levels/rls_west_coast_usa/art/shapes/objects/constructionbarrier.dae","useInstanceRenderData":true}
{"class":"TSStatic","persistentId":"7a7ee909-a123-4121-a36f-d182f211f464","__parent":"SimGroup_","position":[316.054779,-808.294189,150.074814],"isRenderEnabled":false,"shapeName":"/levels/rls_west_coast_usa/art/shapes/objects/sandbarrel.dae","useInstanceRenderData":true}
{"class":"TSStatic","persistentId":"7ad7ea3c-b7d9-412e-a980-c295b2ab1ac0","__parent":"SimGroup_","position":[552.510803,-724.709229,200.632629],"isRenderEnabled":false,"shapeName":"/levels/rls_west_coast_usa/art/shapes/objects/sandbarrel.dae","useInstanceRenderData":true}
{"class":"TSStatic","persistentId":"7bb1a62a-897b-4ede-ad4f-1b207ddafdba","__parent":"SimGroup_","position":[792.471497,-794.82666,162.02626],"isRenderEnabled":false,"rotationMatrix":[0.894813299,-0.438328713,0.0847178698,0.425709575,0.89491266,0.133800954,-0.134463891,-0.0836616606,0.987380445],"shapeName":"/levels/rls_west_coast_usa/art/shapes/objects/constructionbarrier.dae","useInstanceRenderData":true}
{"class":"TSStatic","persistentId":"7f891e67-d3ef-4807-b92c-08c179279fd1","__parent":"SimGroup_","position":[568.170471,-879.366699,154.593369],"isRenderEnabled":false,"rotationMatrix":[-0.955827355,0.278966159,0.0925862044,-0.288576692,-0.950489163,-0.11529959,0.0558374971,-0.136924714,0.98900646],"shapeName":"/levels/rls_west_coast_usa/art/shapes/objects/constructionbarrier.dae","useInstanceRenderData":true}
{"class":"TSStatic","persistentId":"80952474-18cd-48f8-972b-37dc2606d93c","__parent":"SimGroup_","position":[276.953949,-836.313965,145.13298],"isRenderEnabled":false,"rotationMatrix":[-0.846243739,0.524708629,-0.0924792364,-0.525338411,-0.85067296,-0.0193671845,-0.0888317153,0.0321935378,0.995526254],"shapeName":"/levels/rls_west_coast_usa/art/shapes/objects/constructionbarrier.dae","useInstanceRenderData":true}
{"class":"TSStatic","persistentId":"835c87d1-129f-410d-ac19-508c8d74affd","__parent":"SimGroup_","position":[607.319946,-821.064148,152.879303],"isRenderEnabled":false,"rotationMatrix":[-0.792967916,0.579074085,0.189406604,-0.598139346,-0.680781364,-0.422807068,-0.115892105,-0.448564023,0.886205018],"shapeName":"/levels/rls_west_coast_usa/art/shapes/objects/constructionbarrier.dae","useInstanceRenderData":true}
{"class":"TSStatic","persistentId":"8af2f07f-979e-4592-a611-a33105ca43cc","__parent":"SimGroup_","position":[620.683899,-819.0755,157.000473],"isRenderEnabled":false,"rotationMatrix":[0.950016379,-0.311402529,-0.0223022494,0.311041623,0.9502213,-0.0182362255,0.0268708784,0.0103877839,0.999584913],"shapeName":"/levels/rls_west_coast_usa/art/shapes/objects/constructionbarrier.dae","useInstanceRenderData":true}
{"class":"TSStatic","persistentId":"93c4967b-d1ec-4cef-ae3f-39c54701cc87","__parent":"SimGroup_","position":[781.437073,-771.963013,164.234253],"isRenderEnabled":false,"rotationMatrix":[0.132204235,0.991036594,0.0191978291,-0.991208255,0.132281244,-0.00279340427,-0.00530787976,-0.0186597481,0.999811828],"shapeName":"/levels/rls_west_coast_usa/art/shapes/objects/constructionbarrier.dae","useInstanceRenderData":true}
{"class":"TSStatic","persistentId":"a0c51d76-3921-4dd1-9bcf-140f1b1f2f78","__parent":"SimGroup_","position":[699.796753,-833.651428,157.899139],"isRenderEnabled":false,"rotationMatrix":[-0.214552402,-0.97641623,0.0240574311,0.976248622,-0.215144396,-0.0255256109,0.0300994422,0.018009454,0.999384642],"shapeName":"/levels/rls_west_coast_usa/art/shapes/objects/constructionbarrier.dae","useInstanceRenderData":true}
{"class":"TSStatic","persistentId":"a0fded09-5f58-430c-8e11-b70fec0545f4","__parent":"SimGroup_","position":[567.450317,-862.336182,156.678268],"isRenderEnabled":false,"rotationMatrix":[-0.896723509,-0.441628337,-0.0291764066,0.44203335,-0.890337229,-0.109114885,0.022211384,-0.110742837,0.993600845],"shapeName":"/levels/rls_west_coast_usa/art/shapes/objects/constructionbarrier.dae","useInstanceRenderData":true}
{"class":"TSStatic","persistentId":"a71923d7-b2c6-4c1b-84cd-d4613244c329","__parent":"SimGroup_","position":[561.723877,-731.530151,200.721542],"isRenderEnabled":false,"rotationMatrix":[-0.743578792,0.667395771,0.0409079939,-0.668640077,-0.742480159,-0.0405417532,0.00331597961,-0.0574987084,0.99834007],"shapeName":"/levels/rls_west_coast_usa/art/shapes/objects/constructionbarrier.dae","useInstanceRenderData":true}
{"class":"TSStatic","persistentId":"aa18ce0f-6a45-43e7-8d05-1798ecf152d7","__parent":"SimGroup_","position":[569.031921,-875.966797,154.997437],"isRenderEnabled":false,"rotationMatrix":[-0.978631377,0.184415117,0.0909485519,-0.194410607,-0.973899722,-0.117148653,0.0669707805,-0.132326722,0.988941133],"shapeName":"/levels/rls_west_coast_usa/art/shapes/objects/constructionbarrier.dae","useInstanceRenderData":true}
{"class":"TSStatic","persistentId":"abcd259a-e14e-4e56-bcf1-7b1fea02699c","__parent":"SimGroup_","position":[557.016235,-853.436951,158.715607],"isRenderEnabled":false,"rotationMatrix":[-0.520300746,-0.853529572,0.0278233588,0.827221394,-0.511820793,-0.231827885,0.212112561,-0.0976041779,0.972358823],"shapeName":"/levels/rls_west_coast_usa/art/shapes/objects/constructionbarrier.dae","useInstanceRenderData":true}
{"class":"TSStatic","persistentId":"ae00d4c7-1023-41bd-bb2c-a4ad6a40bcb5","__parent":"SimGroup_","position":[774.860229,-798.415466,160.117798],"isRenderEnabled":false,"shapeName":"/levels/rls_west_coast_usa/art/shapes/objects/sandbarrel.dae","useInstanceRenderData":true}
{"class":"TSStatic","persistentId":"ae327295-f195-4b9d-a499-c3007bd80bfa","__parent":"SimGroup_","position":[541.195068,-904.04248,152.761993],"isRenderEnabled":false,"rotationMatrix":[-0.201619267,0.979173958,0.0238346606,-0.978863776,-0.200584292,-0.0398963913,-0.0342846513,-0.0313747674,0.998919487],"shapeName":"/levels/rls_west_coast_usa/art/shapes/objects/constructionbarrier.dae","useInstanceRenderData":true}
{"class":"TSStatic","persistentId":"aeb72b9b-fe37-407f-9f33-ee9bd012886d","__parent":"SimGroup_","position":[563.739441,-718.436584,200.966003],"isRenderEnabled":false,"rotationMatrix":[-0.894742608,-0.444055557,-0.0474373326,0.433644235,-0.889288783,0.14532119,-0.106716163,0.109454133,0.988246679],"shapeName":"/levels/rls_west_coast_usa/art/shapes/objects/constructionbarrier.dae","useInstanceRenderData":true}
{"class":"TSStatic","persistentId":"af4439ae-139a-47e5-bc17-667076e8aa23","__parent":"SimGroup_","position":[339.694977,-710.502991,154.610352],"isRenderEnabled":false,"rotationMatrix":[-0.275036573,0.957354188,-0.0884753168,-0.953987122,-0.283179641,-0.0985797942,-0.119430184,0.0572912656,0.991188228],"shapeName":"/levels/rls_west_coast_usa/art/shapes/objects/constructionbarrier.dae","useInstanceRenderData":true}
{"class":"TSStatic","persistentId":"b0131328-7b63-4fb4-8b90-0aeee4cca30c","__parent":"SimGroup_","position":[343.175262,-710.217224,155.002121],"isRenderEnabled":false,"rotationMatrix":[0.0526515841,0.995960891,-0.0727306753,-0.99192661,0.0437461734,-0.119028874,-0.115366414,0.0784105584,0.990223408],"shapeName":"/levels/rls_west_coast_usa/art/shapes/objects/constructionbarrier.dae","useInstanceRenderData":true}
{"class":"TSStatic","persistentId":"b6484f75-a530-4b26-97ed-8c5ce09bf7fe","__parent":"SimGroup_","position":[268.722046,-778.441223,154.66243],"isRenderEnabled":false,"shapeName":"/levels/rls_west_coast_usa/art/shapes/objects/sandbarrel.dae","useInstanceRenderData":true}
{"class":"TSStatic","persistentId":"bf3a2094-a3e1-41d8-8c67-260cd6105216","__parent":"SimGroup_","position":[622.872986,-812.361267,156.807388],"isRenderEnabled":false,"rotationMatrix":[0.94690007,-0.310777307,-0.0824480429,0.309092045,0.950466394,-0.0327975526,0.0885568336,0.00557196699,0.996055543],"shapeName":"/levels/rls_west_coast_usa/art/shapes/objects/constructionbarrier.dae","useInstanceRenderData":true}
{"class":"TSStatic","persistentId":"bf4be26a-2710-48c1-af6b-7da7da9cb10e","__parent":"SimGroup_","position":[706.7854,-834.617126,157.631485],"isRenderEnabled":false,"rotationMatrix":[-0.100568891,-0.994851232,-0.0125295036,0.994758129,-0.100309372,-0.019855883,0.0184968226,-0.0144607089,0.999724329],"shapeName":"/levels/rls_west_coast_usa/art/shapes/objects/constructionbarrier.dae","useInstanceRenderData":true}
{"class":"TSStatic","persistentId":"c20f9122-f283-489d-b8c3-d5c8edce3c9b","__parent":"SimGroup_","position":[794.012207,-791.697266,162.582352],"isRenderEnabled":false,"rotationMatrix":[0.891697049,-0.448836327,0.0585004911,0.433771074,0.884292901,0.172825724,-0.129302025,-0.128732353,0.983213603],"shapeName":"/levels/rls_west_coast_usa/art/shapes/objects/constructionbarrier.dae","useInstanceRenderData":true}
{"class":"TSStatic","persistentId":"c27a900c-1c06-407c-821d-f362a697bb78","__parent":"SimGroup_","position":[769.411255,-801.889038,159.630692],"isRenderEnabled":false,"shapeName":"/levels/rls_west_coast_usa/art/shapes/objects/sandbarrel.dae","useInstanceRenderData":true}
{"class":"TSStatic","persistentId":"c89026c9-4d95-40ed-9972-7634b661e63e","__parent":"SimGroup_","position":[648.403442,-614.167603,227.93396],"isRenderEnabled":false,"shapeName":"/levels/rls_west_coast_usa/art/shapes/objects/sandbarrel.dae","useInstanceRenderData":true}
{"class":"TSStatic","persistentId":"c975e692-1eda-4479-af2e-485fbee69962","__parent":"SimGroup_","position":[793.469543,-778.521851,164.21579],"isRenderEnabled":false,"rotationMatrix":[0.850212097,0.521508634,0.0718896016,-0.524406493,0.850985467,0.028662296,-0.0462293699,-0.0620684102,0.997000694],"shapeName":"/levels/rls_west_coast_usa/art/shapes/objects/constructionbarrier.dae","useInstanceRenderData":true}
{"class":"TSStatic","persistentId":"d00226c0-13ae-4104-a53c-9edfd35b68b2","__parent":"SimGroup_","position":[315.731476,-796.853699,151.818634],"isRenderEnabled":false,"shapeName":"/levels/rls_west_coast_usa/art/shapes/objects/sandbarrel.dae","useInstanceRenderData":true}
{"class":"TSStatic","persistentId":"d3472728-d6bb-43a9-a984-f73a73b37670","__parent":"SimGroup_","position":[689.712769,-830.431152,158.145279],"isRenderEnabled":false,"rotationMatrix":[-0.357114315,-0.934023023,0.00838349015,0.933765411,-0.357212663,-0.0219372697,0.0234846063,-5.90179116e-06,0.999724209],"shapeName":"/levels/rls_west_coast_usa/art/shapes/objects/constructionbarrier.dae","useInstanceRenderData":true}
{"class":"TSStatic","persistentId":"e1a16335-ef1a-427e-81f6-e7e50f654731","__parent":"SimGroup_","position":[336.605042,-712.164062,154.341248],"isRenderEnabled":false,"rotationMatrix":[-0.561733007,0.820694983,-0.104478471,-0.819460452,-0.569307327,-0.066134192,-0.113756351,0.0484662168,0.992325783],"shapeName":"/levels/rls_west_coast_usa/art/shapes/objects/constructionbarrier.dae","useInstanceRenderData":true}
{"class":"TSStatic","persistentId":"e262d99b-ca0c-4e8e-aece-c9b5c75b8b9f","__parent":"SimGroup_","position":[565.907166,-886.029968,154.060577],"isRenderEnabled":false,"rotationMatrix":[-0.941987157,0.334110409,0.032101877,-0.334979624,-0.941836357,-0.0270766485,0.0211881213,-0.0362593271,0.999117792],"shapeName":"/levels/rls_west_coast_usa/art/shapes/objects/constructionbarrier.dae","useInstanceRenderData":true}
{"class":"TSStatic","persistentId":"e30b5451-5dec-4498-9bd3-9dafef3e4143","__parent":"SimGroup_","position":[340.489349,-723.621216,154.929184],"isRenderEnabled":false,"shapeName":"/levels/rls_west_coast_usa/art/shapes/objects/sandbarrel.dae","useInstanceRenderData":true}
{"class":"TSStatic","persistentId":"e3d14e30-ac4e-420e-a883-f6ee46b79147","__parent":"SimGroup_","position":[559.298645,-734.09436,200.584991],"isRenderEnabled":false,"rotationMatrix":[-0.70732069,0.706525266,0.0227879398,-0.70672828,-0.70609355,-0.0443490297,-0.0152432919,-0.0474738702,0.99875617],"shapeName":"/levels/rls_west_coast_usa/art/shapes/objects/constructionbarrier.dae","useInstanceRenderData":true}
{"class":"TSStatic","persistentId":"e4c41758-a255-4d4a-a5a4-3a5fd4400860","__parent":"SimGroup_","position":[310.425293,-748.501404,153.160187],"isRenderEnabled":false,"shapeName":"/levels/rls_west_coast_usa/art/shapes/objects/sandbarrel.dae","useInstanceRenderData":true}
{"class":"TSStatic","persistentId":"e6e0fe78-4d3f-4da8-a554-cd76c8100b05","__parent":"SimGroup_","position":[278.834198,-833.332886,145.276779],"isRenderEnabled":false,"rotationMatrix":[-0.873622775,0.465525925,0.141664341,-0.467346668,-0.883795381,0.0222001709,0.135537043,-0.0468117855,0.989665806],"shapeName":"/levels/rls_west_coast_usa/art/shapes/objects/constructionbarrier.dae","useInstanceRenderData":true}
{"class":"TSStatic","persistentId":"e740ab9c-18a4-400f-83ff-bd18effd2e3e","__parent":"SimGroup_","position":[333.875305,-714.390442,154.105774],"isRenderEnabled":false,"rotationMatrix":[-0.667901635,0.738067985,-0.0957237408,-0.73518157,-0.674300432,-0.0694771335,-0.115825407,0.0239704307,0.992980301],"shapeName":"/levels/rls_west_coast_usa/art/shapes/objects/constructionbarrier.dae","useInstanceRenderData":true}
{"class":"TSStatic","persistentId":"e81e723b-4493-4c6e-830b-570ca282187b","__parent":"SimGroup_","position":[567.080322,-882.701355,154.173508],"isRenderEnabled":false,"rotationMatrix":[-0.945622563,0.32277301,0.0401955098,-0.325080246,-0.942015648,-0.083243452,0.0109960586,-0.0917836502,0.995718241],"shapeName":"/levels/rls_west_coast_usa/art/shapes/objects/constructionbarrier.dae","useInstanceRenderData":true}
{"class":"TSStatic","persistentId":"e8b1f456-0445-4902-85fb-6a60160daaa1","__parent":"SimGroup_","position":[621.781372,-815.718872,156.920639],"isRenderEnabled":false,"rotationMatrix":[0.947900832,-0.311285317,-0.0677157417,0.30983001,0.950276852,-0.0312940441,0.074090071,0.00868328661,0.997213721],"shapeName":"/levels/rls_west_coast_usa/art/shapes/objects/constructionbarrier.dae","useInstanceRenderData":true}
{"class":"TSStatic","persistentId":"e9a53a17-f904-4b95-82f2-201e71cfc4e6","__parent":"SimGroup_","position":[756.805176,-804.855957,159.006073],"isRenderEnabled":false,"shapeName":"/levels/rls_west_coast_usa/art/shapes/objects/sandbarrel.dae","useInstanceRenderData":true}
{"class":"TSStatic","persistentId":"ee8390f2-aeae-4436-9ba0-51340218c96a","__parent":"SimGroup_","position":[680.005554,-826.211365,158.469147],"isRenderEnabled":false,"rotationMatrix":[-0.46781826,-0.883823574,-0.00137972459,0.88259083,-0.467082143,-0.0535502508,0.0466845296,-0.0262695197,0.998564184],"shapeName":"/levels/rls_west_coast_usa/art/shapes/objects/constructionbarrier.dae","useInstanceRenderData":true}
{"class":"TSStatic","persistentId":"f265b063-0d94-4bf1-ae8a-94bb386ad772","__parent":"SimGroup_","position":[564.887695,-725.297363,201.021606],"isRenderEnabled":false,"rotationMatrix":[-0.981512904,0.191303864,-0.00591120776,-0.191006139,-0.981018782,-0.0334438309,-0.0121969404,-0.031696476,0.999423146],"shapeName":"/levels/rls_west_coast_usa/art/shapes/objects/constructionbarrier.dae","useInstanceRenderData":true}
{"class":"TSStatic","persistentId":"fcc7364f-fb3b-49a8-80c7-4afc26aad2b7","__parent":"SimGroup_","position":[282.093384,-848.051575,145.215698],"isRenderEnabled":false,"rotationMatrix":[-0.535899878,-0.833134949,-0.136738911,0.842109263,-0.539074659,-0.0158280581,-0.0605255663,-0.123631358,0.990480661],"shapeName":"/levels/rls_west_coast_usa/art/shapes/objects/constructionbarrier.dae","useInstanceRenderData":true}
