{"name":"movieRental2","class":"BeamNGTrigger","__parent":"Movie_Rental","position":[-808.50354,-639.549927,106.230865],"hidden":true,"luaFunction":"onBeamNGTrigger","rotationMatrix":[-0.66115737,-0.75024718,-2.32830644e-09,0.750117958,-0.661043525,-0.0185571518,0.0139224511,-0.0122692008,0.999827802],"scale":[29.7400494,7.81219101,7.12346649]}
{"name":"preStageRental","class":"BeamNGTrigger","__parent":"Movie_Rental","position":[-833.899719,-660.665649,106.540878],"luaFunction":"onBeamNGTrigger","rotationMatrix":[0.779541135,-0.626209736,-0.0133071616,0.626346946,0.779437125,0.0129339704,0.00227271859,-0.0184174627,0.999827802],"scale":[6.97791004,4.97451162,5.36968613]}
{"name":"movieRental3","class":"BeamNGTrigger","__parent":"Movie_Rental","position":[-846.382812,-684.73761,106.203819],"hidden":true,"luaFunction":"onBeamNGTrigger","rotationMatrix":[-0.66115737,-0.75024718,-2.32830644e-09,0.750117958,-0.661043525,-0.0185571518,0.0139224511,-0.0122692008,0.999827802],"scale":[29.7400494,7.81219101,7.12346649]}
{"name":"movieRental1","class":"BeamNGTrigger","__parent":"Movie_Rental","position":[-844.71582,-607.637817,107.126717],"hidden":true,"luaFunction":"onBeamNGTrigger","rotationMatrix":[-0.66115737,-0.75024718,-2.32830644e-09,0.750117958,-0.661043525,-0.0185571518,0.0139224511,-0.0122692008,0.999827802],"scale":[12.2476511,18.1285248,6.4350915]}
