{"class":"DecalRoad","persistentId":"112f178f-52fa-4343-a140-c290ea9d90a6","__parent":"SimGroup_","position":[187.286743,634.110474,100.364647],"improvedSpline":true,"material":"road_invisible","nodes":[[187.286743,634.110474,100.364647,0.100000001],[192.306686,633.735168,100.397766,0.100000001],[197.606384,633.572205,100.371147,0.100000001],[204.693344,633.719177,100.227318,0.100000001],[214.130707,635.841919,100.197975,0.100000001],[222.925644,642.923706,100.197983,0.100000001],[227.655045,655.812195,100.167702,0.100000001],[230.917267,671.496826,100.112366,0.100000001],[235.494232,688.347778,100.562401,0.100000001],[240.496063,701.589111,101.474556,0.100000001],[250.860168,714.317444,103.332268,0.100000001],[262.438263,721.471069,105.28228,0.100000001],[273.807373,724.899048,107.024643,0.100000001],[281.402588,725.827515,108.077332,0.100000001],[289.541229,726.848389,109.243111,0.100000001],[296.073517,730.398804,110.292221,0.100000001],[299.434265,734.353943,110.793526,0.100000001],[301.492493,739.696045,110.762131,0.100000001]]}
{"class":"DecalRoad","persistentId":"a426d10f-47f9-4b75-b438-4c25f6e3fa35","__parent":"SimGroup_","position":[189.163849,644.733948,100.422928],"improvedSpline":true,"material":"road_invisible","nodes":[[189.163849,644.733948,100.422928,0.100000001],[196.689301,643.624695,100.443367,0.100000001],[202.521851,643.243835,100.250793,0.100000001],[208.646957,645.470764,100.177422,0.100000001],[214.271332,650.868896,100.106621,0.100000001],[218.153519,659.966675,100.037628,0.100000001],[225.083511,684.096863,100.369072,0.100000001],[227.587662,695.478271,100.781204,0.100000001]]}
{"class":"DecalRoad","persistentId":"b7e047db-0d3f-457c-92e5-a29cccebb502","__parent":"SimGroup_","position":[388.907166,843.247437,128.416412],"improvedSpline":true,"material":"road_invisible","nodes":[[388.907166,843.247437,128.416412,0.100000001],[395.56076,841.1651,128.231781,0.100000001],[401.451752,840.028259,128.18924,0.100000001],[407.994659,840.286926,128.008987,0.100000001],[412.820099,840.847656,127.875374,0.100000001]]}
{"class":"DecalRoad","persistentId":"ee0e7b3d-99fd-421e-b2e4-13fe05f92a2b","__parent":"SimGroup_","position":[277.934509,735.26532,108.274254],"improvedSpline":true,"material":"road_invisible","nodes":[[277.934509,735.26532,108.274254,0.100000001],[283.564789,736.2052,109.020103,0.100000001],[290.026794,738.050232,109.762863,0.100000001],[295.43985,744.42572,110.010056,0.100000001],[301.047089,752.126038,110.348763,0.100000001],[309.11441,757.771179,111.033073,0.100000001],[326.544952,771.710938,113.009079,0.100000001],[330.564545,786.215027,115.541786,0.100000001],[321.374969,799.293091,117.897499,0.100000001],[318.582123,817.478149,120.714622,0.100000001],[326.453461,829.635376,122.795113,0.100000001],[340.397003,835.990417,126.352173,0.100000001],[346.31012,843.626953,128.412003,0.100000001],[353.637756,852.49054,130.120316,0.100000001],[364.953217,858.252258,130.032883,0.100000001],[374.29599,857.685547,129.76123,0.100000001]]}
{"name":"SimGroup_","class":"SimGroup","persistentId":"1cc8db86-5238-4379-9222-2fadbd3b35ef","groupPosition":"262.62059994194 709.23569999154 107.00012615534"}
{"class":"TSStatic","persistentId":"00fe5cf7-27f9-4b3a-b1c0-73fd41474dc5","__parent":"SimGroup_","position":[228.835373,660.965576,100.144394],"isRenderEnabled":false,"rotationMatrix":[-0.194894314,-0.980813444,0.00461099111,0.980806768,-0.194860578,0.00689764554,-0.00586680323,0.00586680276,0.999965608],"shapeName":"/levels/west_coast_usa/art/shapes/objects/barrierfence_plain.dae","useInstanceRenderData":true}
{"class":"TSStatic","persistentId":"010d70e0-a114-49d4-8de4-a2545abfb8d7","__parent":"SimGroup_","position":[218.19458,660.096069,100.037079],"isRenderEnabled":false,"rotationMatrix":[-0.302551746,-0.953124225,0.00408385228,0.952843964,-0.302351713,0.0259212144,-0.0234713778,0.0117337815,0.999655664],"shapeName":"/levels/west_coast_usa/art/shapes/objects/barrierfence_plain.dae","useInstanceRenderData":true}
{"class":"TSStatic","persistentId":"0123e766-d708-49ba-bc39-adebef725974","__parent":"SimGroup_","position":[402.075226,839.997314,128.208206],"isRenderEnabled":false,"rotationMatrix":[-0.0205354691,-0.993630469,-0.110800952,0.999784052,-0.0200550556,-0.00544862822,0.00319180638,-0.110888913,0.993827701],"shapeName":"/levels/west_coast_usa/art/shapes/objects/constructionbarrier.dae","useInstanceRenderData":true}
{"class":"TSStatic","persistentId":"0178c6dc-0cd8-4be5-b80f-794570313937","__parent":"SimGroup_","position":[484.230133,768.161804,124.67411],"isRenderEnabled":false,"rotationMatrix":[-0.812446713,-0.583035946,0,0.583035946,-0.812446713,0,0,0,1],"scale":[1.57990861,1,1],"shapeName":"/levels/west_coast_usa/art/shapes/race/race_rally_gate_finish.dae","useInstanceRenderData":true}
{"class":"TSStatic","persistentId":"0364bbd2-e213-45a3-81a7-8efaed55dde4","__parent":"SimGroup_","position":[197.111786,633.574341,100.381752],"isRenderEnabled":false,"rotationMatrix":[-0.999920726,0.00443581445,0.0117889587,-0.00457356079,-0.999921322,-0.0116832154,0.0117362067,-0.0117362058,0.999862254],"shapeName":"/levels/west_coast_usa/art/shapes/objects/barrierfence_plain.dae","useInstanceRenderData":true}
{"class":"TSStatic","persistentId":"04a81f28-128a-4357-9cf8-5cd94ecf9142","__parent":"SimGroup_","position":[245.192352,708.234741,102.305908],"isRenderEnabled":false,"rotationMatrix":[-0.627792478,-0.77103734,-0.106667593,0.777834892,-0.626564622,-0.048882708,-0.0291437507,-0.113657981,0.993092418],"shapeName":"/levels/west_coast_usa/art/shapes/objects/barrierfence_plain.dae","useInstanceRenderData":true}
{"class":"TSStatic","persistentId":"079f484a-dffa-44e4-be73-6329b2fbfe7c","__parent":"SimGroup_","position":[201.703049,643.159607,100.28154],"isRenderEnabled":false,"rotationMatrix":[-0.997025251,-0.0636169314,0.0435136147,0.0632992536,-0.99795711,-0.0086413119,0.0439744554,-0.00586122787,0.99901545],"shapeName":"/levels/west_coast_usa/art/shapes/objects/barrierfence_plain.dae","useInstanceRenderData":true}
{"class":"TSStatic","persistentId":"08dc0147-d74a-4b5f-bdc1-efc863ee579d","__parent":"SimGroup_","position":[204.466385,643.652649,100.23587],"isRenderEnabled":false,"rotationMatrix":[-0.965999722,-0.258397192,0.00870054495,0.258477062,-0.965967536,0.00982186943,0.00586649962,0.0117368121,0.999913931],"shapeName":"/levels/west_coast_usa/art/shapes/objects/barrierfence_plain.dae","useInstanceRenderData":true}
{"class":"TSStatic","persistentId":"0a91800e-d5d3-4608-8bb9-94006497e51a","__parent":"SimGroup_","position":[319.36322,820.331482,121.17028],"isRenderEnabled":false,"rotationMatrix":[0.92166543,-0.386255592,0.0365976654,0.371442109,0.905682743,0.204375967,-0.112087235,-0.174772367,0.978208065],"shapeName":"/levels/west_coast_usa/art/shapes/objects/constructionbarrier.dae","useInstanceRenderData":true}
{"class":"TSStatic","persistentId":"0b5651b8-6b09-4552-bef1-23923a270b7a","__parent":"SimGroup_","position":[231.710709,674.724854,100.158691],"isRenderEnabled":false,"rotationMatrix":[-0.24460721,-0.969402194,-0.0206558034,0.969511271,-0.244846106,0.00991724059,-0.0146712875,-0.0176002048,0.999737442],"shapeName":"/levels/west_coast_usa/art/shapes/objects/barrierfence_plain.dae","useInstanceRenderData":true}
{"class":"TSStatic","persistentId":"0f029ae8-b89b-4246-adc4-ec79fb60f931","__parent":"SimGroup_","position":[281.636749,725.853271,108.110008],"isRenderEnabled":false,"rotationMatrix":[-0.984448552,-0.108418174,-0.138226688,0.124257095,-0.985951185,-0.111625873,-0.124182492,-0.127065569,0.984089971],"shapeName":"/levels/west_coast_usa/art/shapes/objects/barrierfence_plain.dae","useInstanceRenderData":true}
{"class":"TSStatic","persistentId":"0ffb5e16-cba1-4ea7-8a4d-605883522e5e","__parent":"SimGroup_","position":[292.868744,740.981201,109.924614],"isRenderEnabled":false,"rotationMatrix":[0.77418834,-0.602127433,0.195128083,0.613304138,0.789837003,0.00394448638,-0.156494468,0.11661908,0.980769813],"shapeName":"/levels/west_coast_usa/art/shapes/objects/constructionbarrier.dae","useInstanceRenderData":true}
{"class":"TSStatic","persistentId":"1131e275-cd94-46cf-8cbd-283930b2091f","__parent":"SimGroup_","position":[334.580383,833.453491,124.787308],"isRenderEnabled":false,"rotationMatrix":[0.34946239,-0.933269441,-0.0829703212,0.907777846,0.315326393,0.276601851,-0.231981337,-0.171980545,0.95739615],"shapeName":"/levels/west_coast_usa/art/shapes/objects/constructionbarrier.dae","useInstanceRenderData":true}
{"class":"TSStatic","persistentId":"15b06d05-28eb-4d11-87cf-ea1ed21c8732","__parent":"SimGroup_","position":[235.46875,688.266113,100.559685],"isRenderEnabled":false,"rotationMatrix":[-0.297634363,-0.954018891,-0.0355234593,0.954675496,-0.297312498,-0.0141432509,0.00293136016,-0.0381228924,0.99926877],"shapeName":"/levels/west_coast_usa/art/shapes/objects/barrierfence_plain.dae","useInstanceRenderData":true}
{"class":"TSStatic","persistentId":"18338524-bb9b-4431-8e3e-0edcb4d8f15f","__parent":"SimGroup_","position":[255.337692,717.705261,104.115669],"isRenderEnabled":false,"rotationMatrix":[-0.837374687,-0.527825296,-0.142140433,0.538688958,-0.840983987,-0.0505971164,-0.092831403,-0.118938237,0.988552511],"shapeName":"/levels/west_coast_usa/art/shapes/objects/barrierfence_plain.dae","useInstanceRenderData":true}
{"class":"TSStatic","persistentId":"18796716-1f27-428e-ba27-a26e728c891c","__parent":"SimGroup_","position":[190.553192,644.517883,100.433044],"isRenderEnabled":false,"rotationMatrix":[-0.98776114,0.155898526,-0.004880541,-0.155864522,-0.987755775,-0.00670962455,-0.0058668023,-0.00586680276,0.999965608],"shapeName":"/levels/west_coast_usa/art/shapes/objects/barrierfence_plain.dae","useInstanceRenderData":true}
{"class":"TSStatic","persistentId":"1b20a717-f5ad-4acc-9542-39265101e8ef","__parent":"SimGroup_","position":[482.933105,778.802368,124.832672],"isRenderEnabled":false,"rotationMatrix":[-0.783400059,-0.621518135,0,0.621518135,-0.783400059,0,0,0,1],"shapeName":"/levels/west_coast_usa/art/shapes/race/sign_finish.dae","useInstanceRenderData":true}
{"class":"TSStatic","persistentId":"1b2c6dad-749d-4447-a119-6c37c87a0457","__parent":"SimGroup_","position":[220.635498,668.171509,100.041893],"isRenderEnabled":false,"rotationMatrix":[-0.277289987,-0.96077913,-0.00369111635,0.960499585,-0.277299047,0.0233618077,-0.0234690811,0.00293268077,0.999720275],"shapeName":"/levels/west_coast_usa/art/shapes/objects/barrierfence_plain.dae","useInstanceRenderData":true}
{"class":"TSStatic","persistentId":"1bad0cc9-8e5b-4c23-9edb-de1d51567b27","__parent":"SimGroup_","position":[232.404892,677.449341,100.220261],"isRenderEnabled":false,"rotationMatrix":[-0.249138713,-0.968110681,-0.0263015199,0.968463421,-0.249127865,-0.00373921264,-0.00293246843,-0.0264036432,0.999647081],"shapeName":"/levels/west_coast_usa/art/shapes/objects/barrierfence_plain.dae","useInstanceRenderData":true}
{"class":"TSStatic","persistentId":"1e948d46-24ee-4c7a-9c39-b19cee65a2eb","__parent":"SimGroup_","position":[191.492188,633.783813,100.393272],"isRenderEnabled":false,"rotationMatrix":[-0.997933984,0.0640144125,-0.00548287248,-0.0639800206,-0.997931719,-0.00623429194,-0.00587061653,-0.00587061699,0.999965549],"shapeName":"/levels/west_coast_usa/art/shapes/objects/barrierfence_plain.dae","useInstanceRenderData":true}
{"class":"TSStatic","persistentId":"2172356c-99de-484a-b97b-553fee0f1661","__parent":"SimGroup_","position":[408.12323,840.297241,128.004196],"isRenderEnabled":false,"rotationMatrix":[0.0617009997,-0.95761317,-0.281371474,0.995407403,0.0797119141,-0.053010121,0.0731918439,-0.2768085,0.958133638],"shapeName":"/levels/west_coast_usa/art/shapes/objects/constructionbarrier.dae","useInstanceRenderData":true}
{"class":"TSStatic","persistentId":"23896e2e-ab2b-4da6-a7e9-466d1a27263a","__parent":"SimGroup_","position":[181.868637,639.88855,100.378555],"isRenderEnabled":false,"rotationMatrix":[0.0885604024,0.996070862,0,-0.996070862,0.0885604024,0,0,0,1],"scale":[1.67089653,1,1],"shapeName":"/levels/west_coast_usa/art/shapes/race/race_rally_gate_finish.dae","useInstanceRenderData":true}
{"class":"TSStatic","persistentId":"2438af49-8532-4ce2-aefd-3a7fd5118e3a","__parent":"SimGroup_","position":[225.133575,647.412903,100.190468],"isRenderEnabled":false,"rotationMatrix":[-0.343297958,-0.93922317,0.00249150302,0.939185262,-0.343256831,0.0102840876,-0.00880382769,0.00587049033,0.999944031],"shapeName":"/levels/west_coast_usa/art/shapes/objects/barrierfence_plain.dae","useInstanceRenderData":true}
{"class":"TSStatic","persistentId":"25137cf2-ed4d-44f4-91ae-92ba6032e4eb","__parent":"SimGroup_","position":[188.460159,634.876953,100.664047],"isRenderEnabled":false,"rotationMatrix":[-0.0605168343,-0.998167217,0,0.998167217,-0.0605168343,0,0,0,1],"shapeName":"/levels/west_coast_usa/art/shapes/race/sign_checkpoint.dae","useInstanceRenderData":true}
{"class":"TSStatic","persistentId":"25c7ba2e-5aeb-4996-8a22-33851ff4f22a","__parent":"SimGroup_","position":[208.317108,634.188416,100.220695],"isRenderEnabled":false,"rotationMatrix":[-0.98861599,-0.150432572,0.0029001073,0.150431916,-0.988620281,-0.000441292388,0.00293348962,0,0.999995708],"shapeName":"/levels/west_coast_usa/art/shapes/objects/barrierfence_plain.dae","useInstanceRenderData":true}
{"class":"TSStatic","persistentId":"2b23b173-739d-462f-a22b-ca63133accbf","__parent":"SimGroup_","position":[222.565369,642.431396,100.198761],"isRenderEnabled":false,"rotationMatrix":[-0.590587497,-0.806972623,0.0012695326,0.806952238,-0.590559721,0.00819920935,-0.0058668023,0.0058668023,0.999965608],"shapeName":"/levels/west_coast_usa/art/shapes/objects/barrierfence_plain.dae","useInstanceRenderData":true}
{"class":"TSStatic","persistentId":"2fc71bb1-df62-4fb7-8578-c092f77102ac","__parent":"SimGroup_","position":[226.81575,652.777832,100.176567],"isRenderEnabled":false,"rotationMatrix":[-0.269309998,-0.963050306,0.00249278033,0.962981999,-0.269257545,0.0128840748,-0.0117368121,0.00587031245,0.999913871],"shapeName":"/levels/west_coast_usa/art/shapes/objects/barrierfence_plain.dae","useInstanceRenderData":true}
{"class":"TSStatic","persistentId":"3117b682-2cd2-4e67-97eb-e86e02f01240","__parent":"SimGroup_","position":[320.64978,822.99585,121.822029],"isRenderEnabled":false,"rotationMatrix":[0.860351145,-0.507909715,-0.0427045375,0.50601846,0.841076255,0.191144079,-0.0611661524,-0.186060309,0.980632603],"shapeName":"/levels/west_coast_usa/art/shapes/objects/constructionbarrier.dae","useInstanceRenderData":true}
{"class":"TSStatic","persistentId":"34929ecf-d80c-43c2-ae77-60ae31023c8b","__parent":"SimGroup_","position":[188.688126,633.996216,100.376259],"isRenderEnabled":false,"rotationMatrix":[-0.996556044,0.0824818164,-0.00852823723,-0.0824532509,-0.996588111,-0.00364912394,-0.00880012754,-0.002933376,0.999956965],"shapeName":"/levels/west_coast_usa/art/shapes/objects/barrierfence_plain.dae","useInstanceRenderData":true}
{"class":"TSStatic","persistentId":"366a321a-459c-424f-b3ed-893f56eedfcc","__parent":"SimGroup_","position":[329.129822,831.31897,123.225143],"isRenderEnabled":false,"rotationMatrix":[0.42245698,-0.905025125,0.0495949462,0.885686398,0.42381835,0.189572215,-0.192586839,-0.0361605361,0.98061347],"shapeName":"/levels/west_coast_usa/art/shapes/objects/constructionbarrier.dae","useInstanceRenderData":true}
{"class":"TSStatic","persistentId":"36884137-40fb-4782-9c72-783478855e2d","__parent":"SimGroup_","position":[285.346832,736.528931,109.220116],"isRenderEnabled":false,"rotationMatrix":[0.156244695,-0.986902595,0.0401366428,0.979655623,0.160022795,0.121109769,-0.125946313,0.0203973204,0.991827369],"shapeName":"/levels/west_coast_usa/art/shapes/objects/constructionbarrier.dae","useInstanceRenderData":true}
{"class":"TSStatic","persistentId":"3764c99e-0a59-4e4e-8410-e207c03a4ebf","__parent":"SimGroup_","position":[301.079559,738.479858,110.822365],"isRenderEnabled":false,"rotationMatrix":[-0.312021136,-0.949979067,0.0135134012,0.943937898,-0.308360219,0.117877893,-0.107814535,0.0495362058,0.992936134],"shapeName":"/levels/west_coast_usa/art/shapes/objects/barrierfence_plain.dae","useInstanceRenderData":true}
{"class":"TSStatic","persistentId":"3d8f2953-2511-4e34-bebd-0ad18b002886","__parent":"SimGroup_","position":[233.123016,680.167175,100.297508],"isRenderEnabled":false,"rotationMatrix":[-0.259399652,-0.965308666,-0.0298512839,0.965752244,-0.25945878,-0.00194443762,-0.00586819276,-0.0293333307,0.999552488],"shapeName":"/levels/west_coast_usa/art/shapes/objects/barrierfence_plain.dae","useInstanceRenderData":true}
{"class":"TSStatic","persistentId":"3ff8d6b3-f2f6-4287-a33d-25a3241d811d","__parent":"SimGroup_","position":[188.990295,643.621094,100.706726],"isRenderEnabled":false,"rotationMatrix":[-0.0605168343,-0.998167217,0,0.998167217,-0.0605168343,0,0,0,1],"shapeName":"/levels/west_coast_usa/art/shapes/race/sign_checkpoint.dae","useInstanceRenderData":true}
{"class":"TSStatic","persistentId":"414a6b28-7563-4f1a-9978-5fe71354e13d","__parent":"SimGroup_","position":[207.104645,644.613403,100.198624],"isRenderEnabled":false,"rotationMatrix":[-0.89685154,-0.441564947,0.0260375496,0.4422445,-0.896289945,0.0329297706,0.00879655965,0.0410480723,0.999118447],"shapeName":"/levels/west_coast_usa/art/shapes/objects/barrierfence_plain.dae","useInstanceRenderData":true}
{"class":"TSStatic","persistentId":"437a017f-8be0-4ba0-8636-1d449a7f869f","__parent":"SimGroup_","position":[250.898651,714.35083,103.339134],"isRenderEnabled":false,"rotationMatrix":[-0.748956323,-0.650212109,-0.127626568,0.660316408,-0.748422384,-0.0620157011,-0.0551952347,-0.130720973,0.989881575],"shapeName":"/levels/west_coast_usa/art/shapes/objects/barrierfence_plain.dae","useInstanceRenderData":true}
{"class":"TSStatic","persistentId":"43aecf5b-e8a0-4f06-9735-cf60b50723af","__parent":"SimGroup_","position":[221.414291,670.873596,100.060966],"isRenderEnabled":false,"rotationMatrix":[-0.274062872,-0.96166724,-0.00925485604,0.961425364,-0.27420342,0.0217657071,-0.0234690811,-0.00293268077,0.999720275],"shapeName":"/levels/west_coast_usa/art/shapes/objects/barrierfence_plain.dae","useInstanceRenderData":true}
{"class":"TSStatic","persistentId":"43dcba33-f8d1-45f0-addf-1ffd768775d6","__parent":"SimGroup_","position":[224.027664,644.828857,100.196365],"isRenderEnabled":false,"rotationMatrix":[-0.471092343,-0.882083297,0.00103090331,0.882039905,-0.471056819,0.0105312523,-0.00880382769,0.0058704908,0.999944031],"shapeName":"/levels/west_coast_usa/art/shapes/objects/barrierfence_plain.dae","useInstanceRenderData":true}
{"class":"TSStatic","persistentId":"44635885-db1f-489b-a14f-28c00d306f50","__parent":"SimGroup_","position":[225.167313,684.420288,100.379539],"isRenderEnabled":false,"rotationMatrix":[-0.250769138,-0.967605352,-0.029233709,0.967935681,-0.251083612,0.00757368747,-0.014668446,-0.0263971053,0.999543905],"shapeName":"/levels/west_coast_usa/art/shapes/objects/barrierfence_plain.dae","useInstanceRenderData":true}
{"class":"TSStatic","persistentId":"4ca525bc-59c1-421d-9b1a-a68c2b8ecb36","__parent":"SimGroup_","position":[276.089905,725.322937,107.352615],"isRenderEnabled":false,"rotationMatrix":[-0.979177356,-0.151646227,-0.134963244,0.166883826,-0.979843497,-0.10980247,-0.115591727,-0.130039275,0.984747827],"shapeName":"/levels/west_coast_usa/art/shapes/objects/barrierfence_plain.dae","useInstanceRenderData":true}
{"class":"TSStatic","persistentId":"52474225-c0dd-4d45-9808-b0559d57accf","__parent":"SimGroup_","position":[216.35054,654.783691,100.067085],"isRenderEnabled":false,"rotationMatrix":[-0.365184307,-0.930892825,0.00889008772,0.930708766,-0.364868164,0.0255435873,-0.0205346309,0.0176021997,0.999634206],"shapeName":"/levels/west_coast_usa/art/shapes/objects/barrierfence_plain.dae","useInstanceRenderData":true}
{"class":"TSStatic","persistentId":"53d2c651-ee87-4b47-b733-843283e05bbe","__parent":"SimGroup_","position":[198.904129,643.325439,100.411507],"isRenderEnabled":false,"rotationMatrix":[-0.989810944,0.140409872,0.0236483458,-0.140439942,-0.990089059,0.000392490299,0.0234690811,-0.00293268147,0.999720275],"shapeName":"/levels/west_coast_usa/art/shapes/objects/barrierfence_plain.dae","useInstanceRenderData":true}
{"class":"TSStatic","persistentId":"54bcdd8a-be65-4e74-891f-5a176039f181","__parent":"SimGroup_","position":[300.135284,735.831848,110.839554],"isRenderEnabled":false,"rotationMatrix":[-0.390199661,-0.92064786,-0.0123251937,0.915974379,-0.389508128,0.0963039249,-0.0934627652,0.0262881815,0.995275676],"shapeName":"/levels/west_coast_usa/art/shapes/objects/barrierfence_plain.dae","useInstanceRenderData":true}
{"class":"TSStatic","persistentId":"55558330-93af-4aa4-921f-aa8359f1771f","__parent":"SimGroup_","position":[233.86792,682.877686,100.377762],"isRenderEnabled":false,"rotationMatrix":[-0.271879315,-0.961750269,-0.0334379449,0.962291121,-0.272021413,-0.000312192366,-0.00879558548,-0.0322619155,0.99944073],"shapeName":"/levels/west_coast_usa/art/shapes/objects/barrierfence_plain.dae","useInstanceRenderData":true}
{"class":"TSStatic","persistentId":"555e56f1-f175-4042-8594-a2824b3e11b4","__parent":"SimGroup_","position":[227.565353,655.488281,100.169075],"isRenderEnabled":false,"rotationMatrix":[-0.266844273,-0.963733971,0.00330852484,0.9636994,-0.266800165,0.0100510558,-0.00880382769,0.00587049033,0.999944031],"shapeName":"/levels/west_coast_usa/art/shapes/objects/barrierfence_plain.dae","useInstanceRenderData":true}
{"class":"TSStatic","persistentId":"569ecf14-62a4-44af-9822-2697cdada27f","__parent":"SimGroup_","position":[339.987457,835.740295,126.24749],"isRenderEnabled":false,"rotationMatrix":[0.535679221,-0.839813888,-0.0880937949,0.833452404,0.509074807,0.214941949,-0.13566491,-0.188561916,0.972645581],"shapeName":"/levels/west_coast_usa/art/shapes/objects/constructionbarrier.dae","useInstanceRenderData":true}
{"class":"TSStatic","persistentId":"5709179d-ec40-45b5-a8fc-ff53a90bbfed","__parent":"SimGroup_","position":[294.674927,743.416626,109.932526],"isRenderEnabled":false,"rotationMatrix":[0.775024772,-0.586394906,0.235536963,0.5959903,0.802182496,0.0360387601,-0.210076571,0.11244683,0.971196949],"shapeName":"/levels/west_coast_usa/art/shapes/objects/constructionbarrier.dae","useInstanceRenderData":true}
{"class":"TSStatic","persistentId":"58435b83-a9a1-4c4a-83b7-d56737ad5e1e","__parent":"SimGroup_","position":[234.645767,685.578735,100.465256],"isRenderEnabled":false,"rotationMatrix":[-0.287842274,-0.957151711,-0.0317423083,0.957673371,-0.287784457,-0.00647667982,-0.00293577556,-0.0322630256,0.999475121],"shapeName":"/levels/west_coast_usa/art/shapes/objects/barrierfence_plain.dae","useInstanceRenderData":true}
{"class":"TSStatic","persistentId":"592d67b5-eafa-4b5b-90a4-1862542ad98c","__parent":"SimGroup_","position":[248.893402,712.413391,102.977058],"isRenderEnabled":false,"rotationMatrix":[-0.701421142,-0.700865388,-0.129599959,0.711415648,-0.69954896,-0.0672245771,-0.0435461327,-0.139352173,0.989284933],"shapeName":"/levels/west_coast_usa/art/shapes/objects/barrierfence_plain.dae","useInstanceRenderData":true}
{"class":"TSStatic","persistentId":"5a030998-afb7-4257-b627-0cdede18f529","__parent":"SimGroup_","position":[216.207413,636.975952,100.192101],"isRenderEnabled":false,"rotationMatrix":[-0.860843062,-0.508864462,0.00252856873,0.508862317,-0.860846758,-0.00149468984,0.00293730432,0,0.999995708],"shapeName":"/levels/west_coast_usa/art/shapes/objects/barrierfence_plain.dae","useInstanceRenderData":true}
{"class":"TSStatic","persistentId":"5acdc5af-9595-4020-adf1-b3d34d2fb418","__parent":"SimGroup_","position":[220.711411,640.322327,100.194382],"isRenderEnabled":false,"rotationMatrix":[-0.733135462,-0.68008256,-0.000311464304,0.680057287,-0.733111978,0.00829646178,-0.00587061699,0.00587061653,0.999965549],"shapeName":"/levels/west_coast_usa/art/shapes/objects/barrierfence_plain.dae","useInstanceRenderData":true}
{"class":"TSStatic","persistentId":"6075b37e-1a9c-4f51-929a-57402ae7032d","__parent":"SimGroup_","position":[219.84343,665.473206,100.032288],"isRenderEnabled":false,"rotationMatrix":[-0.285970807,-0.958237946,0.000883297063,0.957874596,-0.285836697,0.0278169047,-0.0264027342,0.00880091079,0.999612629],"shapeName":"/levels/west_coast_usa/art/shapes/objects/barrierfence_plain.dae","useInstanceRenderData":true}
{"class":"TSStatic","persistentId":"626b96bc-6129-438e-a0a5-054f689f0215","__parent":"SimGroup_","position":[219.033478,662.780151,100.032776],"isRenderEnabled":false,"rotationMatrix":[-0.292624712,-0.956226051,0.00154936593,0.955939233,-0.292496443,0.0250165258,-0.0234682709,0.00880155526,0.999685824],"shapeName":"/levels/west_coast_usa/art/shapes/objects/barrierfence_plain.dae","useInstanceRenderData":true}
{"class":"TSStatic","persistentId":"64c4bb80-1510-4127-860c-cf662fddc5b8","__parent":"SimGroup_","position":[343.992767,840.023682,127.529083],"isRenderEnabled":false,"rotationMatrix":[0.864220023,-0.502646506,-0.0216861274,0.496134192,0.844283223,0.202575341,-0.0835145563,-0.185828879,0.979026556],"shapeName":"/levels/west_coast_usa/art/shapes/objects/constructionbarrier.dae","useInstanceRenderData":true}
{"class":"TSStatic","persistentId":"65445806-d836-420e-a406-f68c1b4488fb","__parent":"SimGroup_","position":[290.855591,738.72168,109.839432],"isRenderEnabled":false,"rotationMatrix":[0.655133486,-0.743142664,0.136158481,0.743500531,0.666170239,0.058515843,-0.134190336,0.0628982261,0.988957405],"shapeName":"/levels/west_coast_usa/art/shapes/objects/constructionbarrier.dae","useInstanceRenderData":true}
{"class":"TSStatic","persistentId":"658facec-d4bd-4e4b-a6a2-8c0ad680d7b5","__parent":"SimGroup_","position":[194.300659,633.640869,100.404221],"isRenderEnabled":false,"rotationMatrix":[-0.999228954,0.0391702726,-0.00270127878,-0.0391535684,-0.999215364,-0.00598106906,-0.00293343933,-0.00587069243,0.999978483],"shapeName":"/levels/west_coast_usa/art/shapes/objects/barrierfence_plain.dae","useInstanceRenderData":true}
{"class":"TSStatic","persistentId":"68d47dba-ee10-40d5-9f00-36c44dfc3417","__parent":"SimGroup_","position":[237.116196,693.637756,100.810829],"isRenderEnabled":false,"rotationMatrix":[-0.304223657,-0.951116979,-0.0531453639,0.952560127,-0.303222179,-0.0261836462,0.00878885575,-0.0585898347,0.998243451],"shapeName":"/levels/west_coast_usa/art/shapes/objects/barrierfence_plain.dae","useInstanceRenderData":true}
{"class":"TSStatic","persistentId":"6a4e6fc2-00b5-4c94-a116-066c7e41b5f2","__parent":"SimGroup_","position":[262.717773,721.59314,105.327782],"isRenderEnabled":false,"rotationMatrix":[-0.905955195,-0.395430207,-0.151261672,0.408041835,-0.910794973,-0.0628830045,-0.112902537,-0.118690267,0.986491561],"shapeName":"/levels/west_coast_usa/art/shapes/objects/barrierfence_plain.dae","useInstanceRenderData":true}
{"class":"TSStatic","persistentId":"6a796735-6fc6-4b43-b9c9-9d2ad9fa7f4b","__parent":"SimGroup_","position":[193.33197,644.085876,100.44693],"isRenderEnabled":false,"rotationMatrix":[-0.988780379,0.149280056,-0.00536326598,-0.149261102,-0.988790631,-0.00377633516,-0.00586687867,-0.00293343933,0.999978483],"shapeName":"/levels/west_coast_usa/art/shapes/objects/barrierfence_plain.dae","useInstanceRenderData":true}
{"class":"TSStatic","persistentId":"6ce50c12-f7e6-4203-8604-c4f0a1029b45","__parent":"SimGroup_","position":[222.944199,676.285034,100.155052],"isRenderEnabled":false,"rotationMatrix":[-0.268479824,-0.963041425,-0.0216807164,0.963124633,-0.268778205,0.0122238509,-0.0175993741,-0.0175993759,0.999690235],"shapeName":"/levels/west_coast_usa/art/shapes/objects/barrierfence_plain.dae","useInstanceRenderData":true}
{"class":"TSStatic","persistentId":"6dfee455-6753-4253-9253-84f0a9a09704","__parent":"SimGroup_","position":[205.528381,633.826965,100.223366],"isRenderEnabled":false,"rotationMatrix":[-0.992663026,-0.120886095,0.00255735964,0.120877557,-0.992662072,-0.00326657086,0.00293347705,-0.00293347682,0.999991417],"shapeName":"/levels/west_coast_usa/art/shapes/objects/barrierfence_plain.dae","useInstanceRenderData":true}
{"class":"TSStatic","persistentId":"6e8891c3-62c4-40b3-890b-87804603b0fc","__parent":"SimGroup_","position":[298.822021,733.355469,110.707298],"isRenderEnabled":false,"rotationMatrix":[-0.543416023,-0.834873438,-0.0876657441,0.833231449,-0.549133897,0.0646319091,-0.102099709,-0.0379238315,0.994051039],"shapeName":"/levels/west_coast_usa/art/shapes/objects/barrierfence_plain.dae","useInstanceRenderData":true}
{"class":"TSStatic","persistentId":"6eb40ee5-78ac-4c12-a691-2d717655fcdd","__parent":"SimGroup_","position":[228.257401,658.213623,100.15715],"isRenderEnabled":false,"rotationMatrix":[-0.229323626,-0.973340452,0.00436798809,0.973332584,-0.229290128,0.00706038065,-0.00587061746,0.00587061699,0.999965549],"shapeName":"/levels/west_coast_usa/art/shapes/objects/barrierfence_plain.dae","useInstanceRenderData":true}
{"class":"TSStatic","persistentId":"6f4a12c6-7371-47b1-b29d-72f647187b7d","__parent":"SimGroup_","position":[292.438232,728.078613,109.715279],"isRenderEnabled":false,"rotationMatrix":[-0.874314785,-0.46133849,-0.150798947,0.468276829,-0.883498549,-0.0121319853,-0.127633691,-0.0812228173,0.988489985],"shapeName":"/levels/west_coast_usa/art/shapes/objects/barrierfence_plain.dae","useInstanceRenderData":true}
{"class":"TSStatic","persistentId":"71893bf5-eb77-44aa-94ba-28876ec64725","__parent":"SimGroup_","position":[211.692398,647.830933,100.140633],"isRenderEnabled":false,"rotationMatrix":[-0.73494792,-0.678040683,0.0106006395,0.677717865,-0.733877897,0.0460633039,-0.0234532189,0.0410383716,0.998882294],"shapeName":"/levels/west_coast_usa/art/shapes/objects/barrierfence_plain.dae","useInstanceRenderData":true}
{"class":"TSStatic","persistentId":"71cb9f3f-11e4-4edc-a768-ddbce6aeaa31","__parent":"SimGroup_","position":[342.256653,837.62738,126.894226],"isRenderEnabled":false,"rotationMatrix":[0.742596984,-0.668130875,-0.0463768318,0.660844684,0.719729185,0.212777466,-0.108784445,-0.188655794,0.975999475],"shapeName":"/levels/west_coast_usa/art/shapes/objects/constructionbarrier.dae","useInstanceRenderData":true}
{"class":"TSStatic","persistentId":"74492809-8f9f-4652-a891-9fd883a0798d","__parent":"SimGroup_","position":[227.033447,692.641235,100.661522],"isRenderEnabled":false,"rotationMatrix":[-0.191208363,-0.980883598,-0.0361516289,0.98126924,-0.191904306,0.01684127,-0.0234569702,-0.0322542898,0.999204397],"shapeName":"/levels/west_coast_usa/art/shapes/objects/barrierfence_plain.dae","useInstanceRenderData":true}
{"class":"TSStatic","persistentId":"7758f196-e111-4526-a379-fe290d45041b","__parent":"SimGroup_","position":[226.030518,650.077637,100.183197],"isRenderEnabled":false,"rotationMatrix":[-0.293995857,-0.955801845,0.00302038039,0.955766082,-0.293952823,0.010135849,-0.00880001392,0.00586667564,0.999944091],"shapeName":"/levels/west_coast_usa/art/shapes/objects/barrierfence_plain.dae","useInstanceRenderData":true}
{"class":"TSStatic","persistentId":"79ab4db4-6769-4cd2-9e8e-136d20173dc7","__parent":"SimGroup_","position":[270.647888,724.162292,106.54657],"isRenderEnabled":false,"rotationMatrix":[-0.961730838,-0.236434028,-0.138465688,0.250997484,-0.962894917,-0.0991644859,-0.109882057,-0.130124077,0.985390127],"shapeName":"/levels/west_coast_usa/art/shapes/objects/barrierfence_plain.dae","useInstanceRenderData":true}
{"class":"TSStatic","persistentId":"7bf7aaf0-e90c-4065-a12c-afa61ed977fa","__parent":"SimGroup_","position":[213.725769,635.656067,100.197975],"isRenderEnabled":false,"rotationMatrix":[-0.9088521,-0.417115897,0.00144250935,0.417108089,-0.908848524,-0.00388969667,0.00293347705,-0.00293347705,0.999991417],"shapeName":"/levels/west_coast_usa/art/shapes/objects/barrierfence_plain.dae","useInstanceRenderData":true}
{"class":"TSStatic","persistentId":"7c32daee-3c54-4b82-9f1c-f6816e0afa24","__parent":"SimGroup_","position":[243.477325,706.026794,102.005196],"isRenderEnabled":false,"rotationMatrix":[-0.590448618,-0.800538123,-0.102513857,0.806648314,-0.589486957,-0.0427022725,-0.0262457952,-0.107906133,0.993814588],"shapeName":"/levels/west_coast_usa/art/shapes/objects/barrierfence_plain.dae","useInstanceRenderData":true}
{"class":"TSStatic","persistentId":"7d2a07ef-dd8f-425a-8816-7fff2373048d","__parent":"SimGroup_","position":[236.296066,690.951538,100.67028],"isRenderEnabled":false,"rotationMatrix":[-0.290216088,-0.956144333,-0.0395322032,0.956920743,-0.289576411,-0.0211715475,0.00879546255,-0.0439735055,0.998993993],"shapeName":"/levels/west_coast_usa/art/shapes/objects/barrierfence_plain.dae","useInstanceRenderData":true}
{"class":"TSStatic","persistentId":"7e5fb7da-b105-4e5a-ba24-f5419482b78b","__parent":"SimGroup_","position":[217.312012,657.426025,100.048134],"isRenderEnabled":false,"rotationMatrix":[-0.318000913,-0.948061645,0.00737689994,0.94786793,-0.317748189,0.0241330266,-0.0205356013,0.0146666514,0.999681532],"shapeName":"/levels/west_coast_usa/art/shapes/objects/barrierfence_plain.dae","useInstanceRenderData":true}
{"class":"TSStatic","persistentId":"7f4b7635-b5e8-400f-9055-64036dd56d1d","__parent":"SimGroup_","position":[240.374344,701.372437,101.452248],"isRenderEnabled":false,"rotationMatrix":[-0.487949133,-0.868747056,-0.0847599059,0.872793853,-0.486899972,-0.034049999,-0.0116887502,-0.0905925781,0.995819449],"shapeName":"/levels/west_coast_usa/art/shapes/objects/barrierfence_plain.dae","useInstanceRenderData":true}
{"class":"TSStatic","persistentId":"829d673f-11b5-447e-b069-9dec65a40700","__parent":"SimGroup_","position":[246.997696,710.367432,102.618027],"isRenderEnabled":false,"rotationMatrix":[-0.663728476,-0.740059614,-0.108518764,0.747406363,-0.661857009,-0.0576979518,-0.0291239768,-0.119403392,0.992418587],"shapeName":"/levels/west_coast_usa/art/shapes/objects/barrierfence_plain.dae","useInstanceRenderData":true}
{"class":"TSStatic","persistentId":"82c24b6f-95cd-41a3-8a4d-494d987d9936","__parent":"SimGroup_","position":[337.332489,834.453735,125.571106],"isRenderEnabled":false,"rotationMatrix":[0.398644209,-0.911213756,-0.103789181,0.900313497,0.367273629,0.233549982,-0.174694955,-0.186546147,0.966789663],"shapeName":"/levels/west_coast_usa/art/shapes/objects/constructionbarrier.dae","useInstanceRenderData":true}
{"class":"TSStatic","persistentId":"84e4109b-53b8-4e22-91d9-e953fb77350f","__parent":"SimGroup_","position":[282.389191,735.961914,108.872261],"isRenderEnabled":false,"rotationMatrix":[0.176907897,-0.984156549,0.0118101053,0.975612342,0.176930964,0.129907206,-0.129938602,-0.0114595257,0.991455793],"shapeName":"/levels/west_coast_usa/art/shapes/objects/constructionbarrier.dae","useInstanceRenderData":true}
{"class":"TSStatic","persistentId":"86109c94-d2ff-434b-be26-cf8229fbdee3","__parent":"SimGroup_","position":[209.511337,646.05957,100.153862],"isRenderEnabled":false,"rotationMatrix":[-0.817199469,-0.57609868,0.0171841048,0.576325059,-0.81649065,0.0345310643,-0.00586263882,0.0381224006,0.999255896],"shapeName":"/levels/west_coast_usa/art/shapes/objects/barrierfence_plain.dae","useInstanceRenderData":true}
{"class":"TSStatic","persistentId":"86446a3d-1ca7-4f00-a773-ef56d963ec21","__parent":"SimGroup_","position":[405.105164,840.070618,128.180634],"isRenderEnabled":false,"rotationMatrix":[0.0473464727,-0.972068012,-0.229874074,0.994509757,0.0673741102,-0.0800685734,0.0933196545,-0.224821076,0.969921112],"shapeName":"/levels/west_coast_usa/art/shapes/objects/constructionbarrier.dae","useInstanceRenderData":true}
{"class":"TSStatic","persistentId":"868b8255-466d-4828-9683-47065ebebc62","__parent":"SimGroup_","position":[331.844604,832.478577,123.900352],"isRenderEnabled":false,"rotationMatrix":[0.347188354,-0.937794447,-0.0013563484,0.901141167,0.333217561,0.277327538,-0.259624243,-0.0975071266,0.960774481],"shapeName":"/levels/west_coast_usa/art/shapes/objects/constructionbarrier.dae","useInstanceRenderData":true}
{"class":"TSStatic","persistentId":"89f88168-85a1-4fef-996d-350ffe2d3797","__parent":"SimGroup_","position":[225.853683,687.145874,100.46965],"isRenderEnabled":false,"rotationMatrix":[-0.227470636,-0.973240256,-0.0325657427,0.973626018,-0.227910519,0.0104521522,-0.0175945293,-0.0293292999,0.999414921],"shapeName":"/levels/west_coast_usa/art/shapes/objects/barrierfence_plain.dae","useInstanceRenderData":true}
{"class":"TSStatic","persistentId":"8dca95e7-6410-45b4-98c9-d11b86564828","__parent":"SimGroup_","position":[196.116531,643.693298,100.446724],"isRenderEnabled":false,"rotationMatrix":[-0.992902875,0.118927181,0.000349326816,-0.118927687,-0.992898583,-0.00291645806,0,-0.00293730432,0.999995708],"shapeName":"/levels/west_coast_usa/art/shapes/objects/barrierfence_plain.dae","useInstanceRenderData":true}
{"class":"TSStatic","persistentId":"8ed51b1f-84a1-4970-b2bd-113901c4fafb","__parent":"SimGroup_","position":[284.412384,726.087219,108.494965],"isRenderEnabled":false,"rotationMatrix":[-0.988491178,-0.074490428,-0.131667316,0.0904143453,-0.988718271,-0.119420126,-0.121286243,-0.129950359,0.984074473],"shapeName":"/levels/west_coast_usa/art/shapes/objects/barrierfence_plain.dae","useInstanceRenderData":true}
{"class":"TSStatic","persistentId":"90627631-aae9-467d-bc7e-5a4ca4d3cd03","__parent":"SimGroup_","position":[224.439301,681.705139,100.301498],"isRenderEnabled":false,"rotationMatrix":[-0.262711525,-0.964428663,-0.0293277446,0.964763045,-0.263021708,0.00720717013,-0.0146646332,-0.0264009163,0.999543846],"shapeName":"/levels/west_coast_usa/art/shapes/objects/barrierfence_plain.dae","useInstanceRenderData":true}
{"class":"TSStatic","persistentId":"912a5667-8052-4849-9aaa-a66aed9d23c7","__parent":"SimGroup_","position":[230.415344,669.252502,100.099655],"isRenderEnabled":false,"rotationMatrix":[-0.206771016,-0.978383124,0.00347665232,0.978384912,-0.206779361,-0.00226350664,0.00293347705,0.00293347682,0.999991417],"shapeName":"/levels/west_coast_usa/art/shapes/objects/barrierfence_plain.dae","useInstanceRenderData":true}
{"class":"TSStatic","persistentId":"918f6077-8506-4ea0-b25d-2ac2bdd0d8fc","__parent":"SimGroup_","position":[322.341888,825.447205,122.391945],"isRenderEnabled":false,"rotationMatrix":[0.790720165,-0.603904843,-0.100302137,0.612009168,0.775975525,0.152665272,-0.0143633038,-0.182101354,0.98317486],"shapeName":"/levels/west_coast_usa/art/shapes/objects/constructionbarrier.dae","useInstanceRenderData":true}
{"class":"TSStatic","persistentId":"94933c19-6aa8-4947-8bca-5163b9638f17","__parent":"SimGroup_","position":[231.0383,671.994629,100.115997],"isRenderEnabled":false,"rotationMatrix":[-0.236240268,-0.971678019,-0.00570454542,0.971694708,-0.236236215,-0.00138689997,2.32830644e-10,-0.00587071804,0.999982774],"shapeName":"/levels/west_coast_usa/art/shapes/objects/barrierfence_plain.dae","useInstanceRenderData":true}
{"class":"TSStatic","persistentId":"94afff4a-8d54-40da-9407-14530e0560c4","__parent":"SimGroup_","position":[396.112427,841.023621,128.226593],"isRenderEnabled":false,"rotationMatrix":[-0.244721293,-0.947544396,-0.205599219,0.968627751,-0.248379469,-0.00823546946,-0.043263182,-0.201164514,0.978601635],"shapeName":"/levels/west_coast_usa/art/shapes/objects/constructionbarrier.dae","useInstanceRenderData":true}
{"class":"TSStatic","persistentId":"9aa02ddf-0d85-43e5-8715-8cfb83ccd59c","__parent":"SimGroup_","position":[260.201019,720.408386,104.916054],"isRenderEnabled":false,"rotationMatrix":[-0.885343075,-0.442444593,-0.142865285,0.45561108,-0.88684845,-0.0769314915,-0.0926619321,-0.133201763,0.986747742],"shapeName":"/levels/west_coast_usa/art/shapes/objects/barrierfence_plain.dae","useInstanceRenderData":true}
{"class":"TSStatic","persistentId":"a843050c-9464-4ad0-a35c-764a3f0e6546","__parent":"SimGroup_","position":[265.303802,722.61676,105.738327],"isRenderEnabled":false,"rotationMatrix":[-0.931698561,-0.332406372,-0.146436557,0.344253153,-0.936689854,-0.064044565,-0.115876831,-0.110081479,0.987144709],"shapeName":"/levels/west_coast_usa/art/shapes/objects/barrierfence_plain.dae","useInstanceRenderData":true}
