//--- OBJECT WRITE BEGIN ---
$ThisPrefab = new SimGroup() {
   canSave = "1";
   canSaveDynamicFields = "1";
      groupPosition = "0 0 0";

   new BeamNGVehicle() {
      JBeam = "barrels";
      color = "White";
      colorPalette0 = "White";
      colorPalette1 = "White";
      metallicPaintData[0] = "0.200000003 0.5 0.800000012 0";
      metallicPaintData[1] = "0.200000003 0.5 0.800000012 0";
      metallicPaintData[2] = "0.200000003 0.5 0.800000012 0";
      metallicPaintData[3] = "1 1 1 1";
      partConfig = "{[\"partConfigFilename\"]=\"vehicles/barrels/empty.pc\",[\"vars\"]={},[\"paints\"]={{[\"clearcoat\"]=0.8,[\"clearcoatRoughness\"]=0,[\"baseColor\"]={1,1,1,1},[\"metallic\"]=0.2,[\"roughness\"]=0.5},{[\"clearcoat\"]=0.8,[\"clearcoatRoughness\"]=0,[\"baseColor\"]={1,1,1,1},[\"metallic\"]=0.2,[\"roughness\"]=0.5},{[\"clearcoat\"]=0.8,[\"clearcoatRoughness\"]=0,[\"baseColor\"]={1,1,1,1},[\"metallic\"]=0.2,[\"roughness\"]=0.5}},[\"parts\"]={[\"barrel_contents\"]=\"barrel_oil\",[\"paint_design\"]=\"barrel_skin_target2\"},[\"mainPartName\"]=\"barrel_01a\"}";
      renderDistance = "500";
      renderFade = "0.100000001";
      dataBlock = "default_vehicle";
      position = "392.962067 79.8868256 126.604324";
      rotationMatrix = "-0.786008835 -0.618192911 0.0052094087 0.616312861 -0.782902241 0.0849816278 -0.0484565869 0.0700069591 0.996368885";
      annotation = "CAR";
      internalName = "barrel01";
      canSave = "1";
      canSaveDynamicFields = "1";
         autoEnterVehicle = "true";
         licenseDesign = "vehicles/common/licenseplates/east_coast_usa/licensePlate-default.json";
         licenseFormats = "[\"30-15\"]";
         licenseText = "750-QKE";
         mode = "Ignore";
   };
   new BeamNGVehicle() {
      JBeam = "barrels";
      color = "White";
      colorPalette0 = "White";
      colorPalette1 = "White";
      metallicPaintData[0] = "0.200000003 0.5 0.800000012 0";
      metallicPaintData[1] = "0.200000003 0.5 0.800000012 0";
      metallicPaintData[2] = "0.200000003 0.5 0.800000012 0";
      metallicPaintData[3] = "1 1 1 1";
      partConfig = "{[\"partConfigFilename\"]=\"vehicles/barrels/empty.pc\",[\"vars\"]={},[\"paints\"]={{[\"clearcoat\"]=0.8,[\"clearcoatRoughness\"]=0,[\"baseColor\"]={1,1,1,1},[\"metallic\"]=0.2,[\"roughness\"]=0.5},{[\"clearcoat\"]=0.8,[\"clearcoatRoughness\"]=0,[\"baseColor\"]={1,1,1,1},[\"metallic\"]=0.2,[\"roughness\"]=0.5},{[\"clearcoat\"]=0.8,[\"clearcoatRoughness\"]=0,[\"baseColor\"]={1,1,1,1},[\"metallic\"]=0.2,[\"roughness\"]=0.5}},[\"parts\"]={[\"barrel_contents\"]=\"barrel_oil\",[\"paint_design\"]=\"barrel_skin_target2\"},[\"mainPartName\"]=\"barrel_01a\"}";
      renderDistance = "500";
      renderFade = "0.100000001";
      dataBlock = "default_vehicle";
      position = "308.559265 13.235939 126.784714";
      rotationMatrix = "-0.786009312 -0.61819303 0.00520941056 0.616312981 -0.782902718 0.0849816501 -0.0484566018 0.0700069815 0.996368885";
      annotation = "CAR";
      internalName = "barrel01";
      canSave = "1";
      canSaveDynamicFields = "1";
         autoEnterVehicle = "true";
         licenseDesign = "vehicles/common/licenseplates/east_coast_usa/licensePlate-default.json";
         licenseFormats = "[\"30-15\"]";
         licenseText = "750-QKE";
         mode = "Ignore";
   };
   new BeamNGVehicle() {
      JBeam = "barrels";
      color = "White";
      colorPalette0 = "White";
      colorPalette1 = "White";
      metallicPaintData[0] = "0.200000003 0.5 0.800000012 0";
      metallicPaintData[1] = "0.200000003 0.5 0.800000012 0";
      metallicPaintData[2] = "0.200000003 0.5 0.800000012 0";
      metallicPaintData[3] = "1 1 1 1";
      partConfig = "{[\"partConfigFilename\"]=\"vehicles/barrels/empty.pc\",[\"vars\"]={},[\"paints\"]={{[\"clearcoat\"]=0.8,[\"clearcoatRoughness\"]=0,[\"baseColor\"]={1,1,1,1},[\"metallic\"]=0.2,[\"roughness\"]=0.5},{[\"clearcoat\"]=0.8,[\"clearcoatRoughness\"]=0,[\"baseColor\"]={1,1,1,1},[\"metallic\"]=0.2,[\"roughness\"]=0.5},{[\"clearcoat\"]=0.8,[\"clearcoatRoughness\"]=0,[\"baseColor\"]={1,1,1,1},[\"metallic\"]=0.2,[\"roughness\"]=0.5}},[\"parts\"]={[\"barrel_contents\"]=\"barrel_oil\",[\"paint_design\"]=\"barrel_skin_target2\"},[\"mainPartName\"]=\"barrel_01a\"}";
      renderDistance = "500";
      renderFade = "0.100000001";
      dataBlock = "default_vehicle";
      position = "251.032883 81.7298965 126.855301";
      rotationMatrix = "-0.785118699 -0.619326055 0.0049578324 0.61416465 -0.779559016 -0.122842953 0.0799447373 -0.0934013277 0.992413759";
      annotation = "CAR";
      internalName = "barrel01";
      canSave = "1";
      canSaveDynamicFields = "1";
         autoEnterVehicle = "true";
         licenseDesign = "vehicles/common/licenseplates/east_coast_usa/licensePlate-default.json";
         licenseFormats = "[\"30-15\"]";
         licenseText = "750-QKE";
         mode = "Ignore";
   };
   new BeamNGVehicle() {
      JBeam = "barrels";
      color = "White";
      colorPalette0 = "White";
      colorPalette1 = "White";
      metallicPaintData[0] = "0.200000003 0.5 0.800000012 0";
      metallicPaintData[1] = "0.200000003 0.5 0.800000012 0";
      metallicPaintData[2] = "0.200000003 0.5 0.800000012 0";
      metallicPaintData[3] = "1 1 1 1";
      partConfig = "{[\"partConfigFilename\"]=\"vehicles/barrels/empty.pc\",[\"vars\"]={},[\"paints\"]={{[\"clearcoat\"]=0.8,[\"clearcoatRoughness\"]=0,[\"baseColor\"]={1,1,1,1},[\"metallic\"]=0.2,[\"roughness\"]=0.5},{[\"clearcoat\"]=0.8,[\"clearcoatRoughness\"]=0,[\"baseColor\"]={1,1,1,1},[\"metallic\"]=0.2,[\"roughness\"]=0.5},{[\"clearcoat\"]=0.8,[\"clearcoatRoughness\"]=0,[\"baseColor\"]={1,1,1,1},[\"metallic\"]=0.2,[\"roughness\"]=0.5}},[\"parts\"]={[\"barrel_contents\"]=\"barrel_oil\",[\"paint_design\"]=\"barrel_skin_target2\"},[\"mainPartName\"]=\"barrel_01a\"}";
      renderDistance = "500";
      renderFade = "0.100000001";
      dataBlock = "default_vehicle";
      position = "335.602234 145.888428 126.819824";
      rotationMatrix = "-0.785118461 -0.619325936 0.00495782495 0.614164531 -0.779558778 -0.122842938 0.0799447298 -0.0934013277 0.992413759";
      annotation = "CAR";
      internalName = "barrel01";
      canSave = "1";
      canSaveDynamicFields = "1";
         autoEnterVehicle = "true";
         licenseDesign = "vehicles/common/licenseplates/east_coast_usa/licensePlate-default.json";
         licenseFormats = "[\"30-15\"]";
         licenseText = "750-QKE";
         mode = "Ignore";
   };
   new BeamNGVehicle() {
      JBeam = "barrels";
      color = "White";
      colorPalette0 = "White";
      colorPalette1 = "White";
      metallicPaintData[0] = "0.200000003 0.5 0.800000012 0";
      metallicPaintData[1] = "0.200000003 0.5 0.800000012 0";
      metallicPaintData[2] = "0.200000003 0.5 0.800000012 0";
      metallicPaintData[3] = "1 1 1 1";
      partConfig = "{[\"vars\"]={},[\"partConfigFilename\"]=\"vehicles/barrels/empty.pc\",[\"parts\"]={[\"barrel_contents\"]=\"barrel_oil\",[\"paint_design\"]=\"barrel_skin_target1\"}}";
      renderDistance = "500";
      renderFade = "0.100000001";
      dataBlock = "default_vehicle";
      position = "418.09552 162.448334 127.247833";
      rotationMatrix = "-0.62051034 -0.77821362 -0.0966967791 0.783530354 -0.620338321 -0.0355015248 -0.0323569477 -0.0977939367 0.994680524";
      annotation = "CAR";
      internalName = "barrel01";
      canSave = "1";
      canSaveDynamicFields = "1";
         autoEnterVehicle = "true";
         licenseDesign = "vehicles/common/licenseplates/east_coast_usa/licensePlate-default.json";
         licenseFormats = "[\"30-15\"]";
         licenseText = "750-QKE";
         mode = "Ignore";
   };
   new BeamNGVehicle() {
      JBeam = "barrels";
      color = "White";
      colorPalette0 = "White";
      colorPalette1 = "White";
      metallicPaintData[0] = "0.200000003 0.5 0.800000012 0";
      metallicPaintData[1] = "0.200000003 0.5 0.800000012 0";
      metallicPaintData[2] = "0.200000003 0.5 0.800000012 0";
      metallicPaintData[3] = "1 1 1 1";
      partConfig = "{[\"vars\"]={},[\"partConfigFilename\"]=\"vehicles/barrels/empty.pc\",[\"parts\"]={[\"barrel_contents\"]=\"barrel_oil\",[\"paint_design\"]=\"barrel_skin_target1\"}}";
      renderDistance = "500";
      renderFade = "0.100000001";
      dataBlock = "default_vehicle";
      position = "424.96051 153.903046 127.22818";
      rotationMatrix = "-0.804998517 -0.58481741 -0.0998320729 0.588626504 -0.808327675 -0.0112121962 -0.0741399229 -0.0677895993 0.994941115";
      annotation = "CAR";
      internalName = "barrel01";
      canSave = "1";
      canSaveDynamicFields = "1";
         autoEnterVehicle = "true";
         licenseDesign = "vehicles/common/licenseplates/east_coast_usa/licensePlate-default.json";
         licenseFormats = "[\"30-15\"]";
         licenseText = "750-QKE";
         mode = "Ignore";
   };
   new BeamNGVehicle() {
      JBeam = "barrels";
      color = "White";
      colorPalette0 = "White";
      colorPalette1 = "White";
      metallicPaintData[0] = "0.200000003 0.5 0.800000012 0";
      metallicPaintData[1] = "0.200000003 0.5 0.800000012 0";
      metallicPaintData[2] = "0.200000003 0.5 0.800000012 0";
      metallicPaintData[3] = "1 1 1 1";
      partConfig = "{[\"partConfigFilename\"]=\"vehicles/barrels/empty.pc\",[\"vars\"]={},[\"paints\"]={{[\"clearcoat\"]=0.8,[\"clearcoatRoughness\"]=0,[\"baseColor\"]={1,1,1,1},[\"metallic\"]=0.2,[\"roughness\"]=0.5},{[\"clearcoat\"]=0.8,[\"clearcoatRoughness\"]=0,[\"baseColor\"]={1,1,1,1},[\"metallic\"]=0.2,[\"roughness\"]=0.5},{[\"clearcoat\"]=0.8,[\"clearcoatRoughness\"]=0,[\"baseColor\"]={1,1,1,1},[\"metallic\"]=0.2,[\"roughness\"]=0.5}},[\"parts\"]={[\"barrel_contents\"]=\"barrel_oil\",[\"paint_design\"]=\"barrel_skin_target2\"},[\"mainPartName\"]=\"barrel_01a\"}";
      renderDistance = "500";
      renderFade = "0.100000001";
      dataBlock = "default_vehicle";
      position = "431.207733 142.068405 127.259232";
      rotationMatrix = "-0.805370808 -0.585314274 -0.0937273502 0.58742404 -0.809255838 0.00613315217 -0.0794392377 -0.0501182452 0.995579004";
      annotation = "CAR";
      internalName = "barrel01";
      canSave = "1";
      canSaveDynamicFields = "1";
         autoEnterVehicle = "true";
         licenseDesign = "vehicles/common/licenseplates/east_coast_usa/licensePlate-default.json";
         licenseFormats = "[\"30-15\"]";
         licenseText = "750-QKE";
         mode = "Ignore";
   };
   new BeamNGVehicle() {
      JBeam = "barrels";
      color = "White";
      colorPalette0 = "White";
      colorPalette1 = "White";
      metallicPaintData[0] = "0.200000003 0.5 0.800000012 0";
      metallicPaintData[1] = "0.200000003 0.5 0.800000012 0";
      metallicPaintData[2] = "0.200000003 0.5 0.800000012 0";
      metallicPaintData[3] = "1 1 1 1";
      partConfig = "{[\"partConfigFilename\"]=\"vehicles/barrels/empty.pc\",[\"vars\"]={},[\"paints\"]={{[\"clearcoat\"]=0.8,[\"clearcoatRoughness\"]=0,[\"baseColor\"]={1,1,1,1},[\"metallic\"]=0.2,[\"roughness\"]=0.5},{[\"clearcoat\"]=0.8,[\"clearcoatRoughness\"]=0,[\"baseColor\"]={1,1,1,1},[\"metallic\"]=0.2,[\"roughness\"]=0.5},{[\"clearcoat\"]=0.8,[\"clearcoatRoughness\"]=0,[\"baseColor\"]={1,1,1,1},[\"metallic\"]=0.2,[\"roughness\"]=0.5}},[\"parts\"]={[\"barrel_contents\"]=\"barrel_oil\",[\"paint_design\"]=\"barrel_skin_target2\"},[\"mainPartName\"]=\"barrel_01a\"}";
      renderDistance = "500";
      renderFade = "0.100000001";
      dataBlock = "default_vehicle";
      position = "413.744293 166.408356 127.162933";
      rotationMatrix = "-0.978491426 0.185111284 -0.0910480395 -0.181402355 -0.982260704 -0.0475233495 -0.0982299522 -0.0299848337 0.994711936";
      annotation = "CAR";
      internalName = "barrel01";
      canSave = "1";
      canSaveDynamicFields = "1";
         autoEnterVehicle = "true";
         licenseDesign = "vehicles/common/licenseplates/east_coast_usa/licensePlate-default.json";
         licenseFormats = "[\"30-15\"]";
         licenseText = "750-QKE";
         mode = "Ignore";
   };
   new BeamNGVehicle() {
      JBeam = "barrels";
      color = "White";
      colorPalette0 = "White";
      colorPalette1 = "White";
      metallicPaintData[0] = "0.200000003 0.5 0.800000012 0";
      metallicPaintData[1] = "0.200000003 0.5 0.800000012 0";
      metallicPaintData[2] = "0.200000003 0.5 0.800000012 0";
      metallicPaintData[3] = "1 1 1 1";
      partConfig = "{[\"vars\"]={},[\"partConfigFilename\"]=\"vehicles/barrels/empty.pc\",[\"parts\"]={[\"barrel_contents\"]=\"barrel_oil\",[\"paint_design\"]=\"barrel_skin_target1\"}}";
      renderDistance = "500";
      renderFade = "0.100000001";
      dataBlock = "default_vehicle";
      position = "206.922226 44.6432762 127.682083";
      rotationMatrix = "-0.0361981392 -0.996741593 0.0720789433 0.993525565 -0.0436657667 -0.104880191 0.107685864 0.0678157881 0.99186933";
      annotation = "CAR";
      internalName = "barrel01";
      canSave = "1";
      canSaveDynamicFields = "1";
         autoEnterVehicle = "true";
         licenseDesign = "vehicles/common/licenseplates/east_coast_usa/licensePlate-default.json";
         licenseFormats = "[\"30-15\"]";
         licenseText = "750-QKE";
         mode = "Ignore";
   };
   new BeamNGVehicle() {
      JBeam = "barrels";
      color = "White";
      colorPalette0 = "White";
      colorPalette1 = "White";
      metallicPaintData[0] = "0.200000003 0.5 0.800000012 0";
      metallicPaintData[1] = "0.200000003 0.5 0.800000012 0";
      metallicPaintData[2] = "0.200000003 0.5 0.800000012 0";
      metallicPaintData[3] = "1 1 1 1";
      partConfig = "{[\"partConfigFilename\"]=\"vehicles/barrels/empty.pc\",[\"vars\"]={},[\"paints\"]={{[\"clearcoat\"]=0.8,[\"clearcoatRoughness\"]=0,[\"baseColor\"]={1,1,1,1},[\"metallic\"]=0.2,[\"roughness\"]=0.5},{[\"clearcoat\"]=0.8,[\"clearcoatRoughness\"]=0,[\"baseColor\"]={1,1,1,1},[\"metallic\"]=0.2,[\"roughness\"]=0.5},{[\"clearcoat\"]=0.8,[\"clearcoatRoughness\"]=0,[\"baseColor\"]={1,1,1,1},[\"metallic\"]=0.2,[\"roughness\"]=0.5}},[\"parts\"]={[\"barrel_contents\"]=\"barrel_oil\",[\"paint_design\"]=\"barrel_skin_target2\"},[\"mainPartName\"]=\"barrel_01a\"}";
      renderDistance = "500";
      renderFade = "0.100000001";
      dataBlock = "default_vehicle";
      position = "206.90332 44.1569748 127.653198";
      rotationMatrix = "-0.798846841 -0.596772134 0.0755446106 0.589368045 -0.801623344 -0.100227773 0.120371446 -0.0355430543 0.992092431";
      annotation = "CAR";
      internalName = "barrel01";
      canSave = "1";
      canSaveDynamicFields = "1";
         autoEnterVehicle = "true";
         licenseDesign = "vehicles/common/licenseplates/east_coast_usa/licensePlate-default.json";
         licenseFormats = "[\"30-15\"]";
         licenseText = "750-QKE";
         mode = "Ignore";
   };
   new BeamNGVehicle() {
      JBeam = "barrels";
      color = "White";
      colorPalette0 = "White";
      colorPalette1 = "White";
      metallicPaintData[0] = "0.200000003 0.5 0.800000012 0";
      metallicPaintData[1] = "0.200000003 0.5 0.800000012 0";
      metallicPaintData[2] = "0.200000003 0.5 0.800000012 0";
      metallicPaintData[3] = "1 1 1 1";
      partConfig = "{[\"vars\"]={},[\"partConfigFilename\"]=\"vehicles/barrels/empty.pc\",[\"parts\"]={[\"barrel_contents\"]=\"barrel_oil\",[\"paint_design\"]=\"barrel_skin_target1\"}}";
      renderDistance = "500";
      renderFade = "0.100000001";
      dataBlock = "default_vehicle";
      position = "242.328857 -20.7464066 127.755661";
      rotationMatrix = "-0.987682939 0.126068577 0.0926812515 -0.122877613 -0.99164021 0.0393882878 0.096872054 0.0275146775 0.994916439";
      annotation = "CAR";
      internalName = "barrel01";
      canSave = "1";
      canSaveDynamicFields = "1";
         autoEnterVehicle = "true";
         licenseDesign = "vehicles/common/licenseplates/east_coast_usa/licensePlate-default.json";
         licenseFormats = "[\"30-15\"]";
         licenseText = "750-QKE";
         mode = "Ignore";
   };
   new BeamNGVehicle() {
      JBeam = "barrels";
      color = "White";
      colorPalette0 = "White";
      colorPalette1 = "White";
      metallicPaintData[0] = "0.200000003 0.5 0.800000012 0";
      metallicPaintData[1] = "0.200000003 0.5 0.800000012 0";
      metallicPaintData[2] = "0.200000003 0.5 0.800000012 0";
      metallicPaintData[3] = "1 1 1 1";
      partConfig = "{[\"vars\"]={},[\"partConfigFilename\"]=\"vehicles/barrels/empty.pc\",[\"parts\"]={[\"barrel_contents\"]=\"barrel_oil\",[\"paint_design\"]=\"barrel_skin_target1\"}}";
      renderDistance = "500";
      renderFade = "0.100000001";
      dataBlock = "default_vehicle";
      position = "243.305817 -21.0714417 127.764786";
      rotationMatrix = "-0.331708193 -0.938818216 0.0926812142 0.943359852 -0.329424381 0.03938834 -0.00644702837 0.100497186 0.994916439";
      annotation = "CAR";
      internalName = "barrel01";
      canSave = "1";
      canSaveDynamicFields = "1";
         autoEnterVehicle = "true";
         licenseDesign = "vehicles/common/licenseplates/east_coast_usa/licensePlate-default.json";
         licenseFormats = "[\"30-15\"]";
         licenseText = "750-QKE";
         mode = "Ignore";
   };
   new BeamNGVehicle() {
      JBeam = "barrels";
      color = "White";
      colorPalette0 = "White";
      colorPalette1 = "White";
      metallicPaintData[0] = "0.200000003 0.5 0.800000012 0";
      metallicPaintData[1] = "0.200000003 0.5 0.800000012 0";
      metallicPaintData[2] = "0.200000003 0.5 0.800000012 0";
      metallicPaintData[3] = "1 1 1 1";
      partConfig = "{[\"vars\"]={},[\"partConfigFilename\"]=\"vehicles/barrels/empty.pc\",[\"parts\"]={[\"barrel_contents\"]=\"barrel_oil\",[\"paint_design\"]=\"barrel_skin_target1\"}}";
      renderDistance = "500";
      renderFade = "0.100000001";
      dataBlock = "default_vehicle";
      position = "428.003937 147.891357 127.14151";
      rotationMatrix = "0.824493825 -0.557397366 -0.0975604579 0.560188293 0.828363895 0.0014754273 0.079993166 -0.0558687188 0.995228529";
      annotation = "CAR";
      internalName = "barrel01";
      canSave = "1";
      canSaveDynamicFields = "1";
         autoEnterVehicle = "true";
         licenseDesign = "vehicles/common/licenseplates/east_coast_usa/licensePlate-default.json";
         licenseFormats = "[\"30-15\"]";
         licenseText = "750-QKE";
         mode = "Ignore";
   };
   new BeamNGVehicle() {
      JBeam = "barrels";
      color = "White";
      colorPalette0 = "White";
      colorPalette1 = "White";
      metallicPaintData[0] = "0.200000003 0.5 0.800000012 0";
      metallicPaintData[1] = "0.200000003 0.5 0.800000012 0";
      metallicPaintData[2] = "0.200000003 0.5 0.800000012 0";
      metallicPaintData[3] = "1 1 1 1";
      partConfig = "{[\"partConfigFilename\"]=\"vehicles/barrels/empty.pc\",[\"vars\"]={},[\"paints\"]={{[\"clearcoat\"]=0.8,[\"clearcoatRoughness\"]=0,[\"baseColor\"]={1,1,1,1},[\"metallic\"]=0.2,[\"roughness\"]=0.5},{[\"clearcoat\"]=0.8,[\"clearcoatRoughness\"]=0,[\"baseColor\"]={1,1,1,1},[\"metallic\"]=0.2,[\"roughness\"]=0.5},{[\"clearcoat\"]=0.8,[\"clearcoatRoughness\"]=0,[\"baseColor\"]={1,1,1,1},[\"metallic\"]=0.2,[\"roughness\"]=0.5}},[\"parts\"]={[\"barrel_contents\"]=\"barrel_oil\",[\"paint_design\"]=\"barrel_skin_target2\"},[\"mainPartName\"]=\"barrel_01a\"}";
      renderDistance = "500";
      renderFade = "0.100000001";
      dataBlock = "default_vehicle";
      position = "242.779129 -20.8625088 127.751373";
      rotationMatrix = "-0.79794836 -0.595557272 0.0926812142 0.600601733 -0.798577547 0.0393882841 0.0505551659 0.0870943218 0.994916439";
      annotation = "CAR";
      internalName = "barrel01";
      canSave = "1";
      canSaveDynamicFields = "1";
         autoEnterVehicle = "true";
         licenseDesign = "vehicles/common/licenseplates/east_coast_usa/licensePlate-default.json";
         licenseFormats = "[\"30-15\"]";
         licenseText = "750-QKE";
         mode = "Ignore";
   };
   new BeamNGVehicle() {
      JBeam = "barrels";
      color = "White";
      colorPalette0 = "White";
      colorPalette1 = "White";
      metallicPaintData[0] = "0.200000003 0.5 0.800000012 0";
      metallicPaintData[1] = "0.200000003 0.5 0.800000012 0";
      metallicPaintData[2] = "0.200000003 0.5 0.800000012 0";
      metallicPaintData[3] = "1 1 1 1";
      partConfig = "{[\"vars\"]={},[\"partConfigFilename\"]=\"vehicles/barrels/empty.pc\",[\"parts\"]={[\"barrel_contents\"]=\"barrel_oil\",[\"paint_design\"]=\"barrel_skin_target1\"}}";
      renderDistance = "500";
      renderFade = "0.100000001";
      dataBlock = "default_vehicle";
      position = "320.958191 82.5252228 126.511528";
      rotationMatrix = "0.0403929353 -0.999164104 0.00630256627 0.999132633 0.04045403 0.0098840287 -0.0101307305 0.00589785259 0.999931276";
      annotation = "CAR";
      internalName = "barrel01";
      canSave = "1";
      canSaveDynamicFields = "1";
         autoEnterVehicle = "true";
         licenseDesign = "vehicles/common/licenseplates/east_coast_usa/licensePlate-default.json";
         licenseFormats = "[\"30-15\"]";
         licenseText = "750-QKE";
         mode = "Ignore";
   };
   new BeamNGVehicle() {
      JBeam = "barrels";
      color = "White";
      colorPalette0 = "White";
      colorPalette1 = "White";
      metallicPaintData[0] = "0.200000003 0.5 0.800000012 0";
      metallicPaintData[1] = "0.200000003 0.5 0.800000012 0";
      metallicPaintData[2] = "0.200000003 0.5 0.800000012 0";
      metallicPaintData[3] = "1 1 1 1";
      partConfig = "{[\"vars\"]={},[\"partConfigFilename\"]=\"vehicles/barrels/empty.pc\",[\"parts\"]={[\"barrel_contents\"]=\"barrel_oil\",[\"paint_design\"]=\"barrel_skin_target1\"}}";
      renderDistance = "500";
      renderFade = "0.100000001";
      dataBlock = "default_vehicle";
      position = "321.115326 82.1248093 126.518021";
      rotationMatrix = "-0.991062999 0.13329871 0.00513098855 -0.133373097 -0.99088347 -0.0190337431 0.00254703755 -0.0195479672 0.999805689";
      annotation = "CAR";
      internalName = "barrel01";
      canSave = "1";
      canSaveDynamicFields = "1";
         autoEnterVehicle = "true";
         licenseDesign = "vehicles/common/licenseplates/east_coast_usa/licensePlate-default.json";
         licenseFormats = "[\"30-15\"]";
         licenseText = "750-QKE";
         mode = "Ignore";
   };
   new BeamNGVehicle() {
      JBeam = "barrels";
      color = "White";
      colorPalette0 = "White";
      colorPalette1 = "White";
      metallicPaintData[0] = "0.200000003 0.5 0.800000012 0";
      metallicPaintData[1] = "0.200000003 0.5 0.800000012 0";
      metallicPaintData[2] = "0.200000003 0.5 0.800000012 0";
      metallicPaintData[3] = "1 1 1 1";
      partConfig = "{[\"vars\"]={},[\"partConfigFilename\"]=\"vehicles/barrels/empty.pc\",[\"parts\"]={[\"barrel_contents\"]=\"barrel_oil\",[\"paint_design\"]=\"barrel_skin_target1\"}}";
      renderDistance = "500";
      renderFade = "0.100000001";
      dataBlock = "default_vehicle";
      position = "320.504486 82.6262741 126.550888";
      rotationMatrix = "-0.785676241 -0.618616641 0.00513098808 0.618436038 -0.785604715 -0.0190337393 0.0158055164 -0.0117811691 0.999805689";
      annotation = "CAR";
      internalName = "barrel01";
      canSave = "1";
      canSaveDynamicFields = "1";
         autoEnterVehicle = "true";
         licenseDesign = "vehicles/common/licenseplates/east_coast_usa/licensePlate-default.json";
         licenseFormats = "[\"30-15\"]";
         licenseText = "750-QKE";
         mode = "Ignore";
   };
   new BeamNGVehicle() {
      JBeam = "barrels";
      color = "White";
      colorPalette0 = "White";
      colorPalette1 = "White";
      metallicPaintData[0] = "0.200000003 0.5 0.800000012 0";
      metallicPaintData[1] = "0.200000003 0.5 0.800000012 0";
      metallicPaintData[2] = "0.200000003 0.5 0.800000012 0";
      metallicPaintData[3] = "1 1 1 1";
      partConfig = "{[\"partConfigFilename\"]=\"vehicles/barrels/empty.pc\",[\"vars\"]={},[\"paints\"]={{[\"clearcoat\"]=0.8,[\"clearcoatRoughness\"]=0,[\"baseColor\"]={1,1,1,1},[\"metallic\"]=0.2,[\"roughness\"]=0.5},{[\"clearcoat\"]=0.8,[\"clearcoatRoughness\"]=0,[\"baseColor\"]={1,1,1,1},[\"metallic\"]=0.2,[\"roughness\"]=0.5},{[\"clearcoat\"]=0.8,[\"clearcoatRoughness\"]=0,[\"baseColor\"]={1,1,1,1},[\"metallic\"]=0.2,[\"roughness\"]=0.5}},[\"parts\"]={[\"barrel_contents\"]=\"barrel_oil\",[\"paint_design\"]=\"barrel_skin_target2\"},[\"mainPartName\"]=\"barrel_01a\"}";
      renderDistance = "500";
      renderFade = "0.100000001";
      dataBlock = "default_vehicle";
      position = "320.8508 82.5328827 127.484406";
      rotationMatrix = "-0.785676003 -0.618616521 0.00513098715 0.618435919 -0.785604477 -0.0190337356 0.0158055127 -0.0117811672 0.999805689";
      annotation = "CAR";
      internalName = "barrel01";
      canSave = "1";
      canSaveDynamicFields = "1";
         autoEnterVehicle = "true";
         licenseDesign = "vehicles/common/licenseplates/east_coast_usa/licensePlate-default.json";
         licenseFormats = "[\"30-15\"]";
         licenseText = "750-QKE";
         mode = "Ignore";
   };
   new BeamNGVehicle() {
      JBeam = "barrels";
      color = "White";
      colorPalette0 = "White";
      colorPalette1 = "White";
      metallicPaintData[0] = "0.200000003 0.5 0.800000012 0";
      metallicPaintData[1] = "0.200000003 0.5 0.800000012 0";
      metallicPaintData[2] = "0.200000003 0.5 0.800000012 0";
      metallicPaintData[3] = "1 1 1 1";
      partConfig = "{[\"vars\"]={},[\"partConfigFilename\"]=\"vehicles/barrels/empty.pc\",[\"parts\"]={[\"barrel_contents\"]=\"barrel_oil\",[\"paint_design\"]=\"barrel_skin_target1\"}}";
      renderDistance = "500";
      renderFade = "0.100000001";
      dataBlock = "default_vehicle";
      position = "283.361145 126.099533 128.39621";
      rotationMatrix = "-0.427175283 -0.902443349 -0.0558314472 0.900630772 -0.419234514 -0.11448399 0.0799088478 -0.0991882607 0.991854966";
      annotation = "CAR";
      internalName = "barrel01";
      canSave = "1";
      canSaveDynamicFields = "1";
         autoEnterVehicle = "true";
         licenseDesign = "vehicles/common/licenseplates/east_coast_usa/licensePlate-default.json";
         licenseFormats = "[\"30-15\"]";
         licenseText = "750-QKE";
         mode = "Ignore";
   };
   new BeamNGVehicle() {
      JBeam = "barrels";
      color = "White";
      colorPalette0 = "White";
      colorPalette1 = "White";
      metallicPaintData[0] = "0.200000003 0.5 0.800000012 0";
      metallicPaintData[1] = "0.200000003 0.5 0.800000012 0";
      metallicPaintData[2] = "0.200000003 0.5 0.800000012 0";
      metallicPaintData[3] = "1 1 1 1";
      partConfig = "{[\"vars\"]={},[\"partConfigFilename\"]=\"vehicles/barrels/empty.pc\",[\"parts\"]={[\"barrel_contents\"]=\"barrel_oil\",[\"paint_design\"]=\"barrel_skin_target1\"}}";
      renderDistance = "500";
      renderFade = "0.100000001";
      dataBlock = "default_vehicle";
      position = "284.368408 124.871071 128.333954";
      rotationMatrix = "-0.785340071 -0.619063318 0.00136288628 0.61388582 -0.779052377 -0.127365142 0.0799088329 -0.0991882831 0.991854966";
      annotation = "CAR";
      internalName = "barrel01";
      canSave = "1";
      canSaveDynamicFields = "1";
         autoEnterVehicle = "true";
         licenseDesign = "vehicles/common/licenseplates/east_coast_usa/licensePlate-default.json";
         licenseFormats = "[\"30-15\"]";
         licenseText = "750-QKE";
         mode = "Ignore";
   };
   new BeamNGVehicle() {
      JBeam = "barrels";
      color = "White";
      colorPalette0 = "White";
      colorPalette1 = "White";
      metallicPaintData[0] = "0.200000003 0.5 0.800000012 0";
      metallicPaintData[1] = "0.200000003 0.5 0.800000012 0";
      metallicPaintData[2] = "0.200000003 0.5 0.800000012 0";
      metallicPaintData[3] = "1 1 1 1";
      partConfig = "{[\"partConfigFilename\"]=\"vehicles/barrels/empty.pc\",[\"vars\"]={},[\"paints\"]={{[\"clearcoat\"]=0.8,[\"clearcoatRoughness\"]=0,[\"baseColor\"]={1,1,1,1},[\"metallic\"]=0.2,[\"roughness\"]=0.5},{[\"clearcoat\"]=0.8,[\"clearcoatRoughness\"]=0,[\"baseColor\"]={1,1,1,1},[\"metallic\"]=0.2,[\"roughness\"]=0.5},{[\"clearcoat\"]=0.8,[\"clearcoatRoughness\"]=0,[\"baseColor\"]={1,1,1,1},[\"metallic\"]=0.2,[\"roughness\"]=0.5}},[\"parts\"]={[\"barrel_contents\"]=\"barrel_oil\",[\"paint_design\"]=\"barrel_skin_target2\"},[\"mainPartName\"]=\"barrel_01a\"}";
      renderDistance = "500";
      renderFade = "0.100000001";
      dataBlock = "default_vehicle";
      position = "285.109558 123.523323 128.068085";
      rotationMatrix = "-0.398312211 -0.915653527 -0.0540905744 0.913759291 -0.390966296 -0.110404558 0.0799447298 -0.0934012756 0.992413759";
      annotation = "CAR";
      internalName = "barrel01";
      canSave = "1";
      canSaveDynamicFields = "1";
         autoEnterVehicle = "true";
         licenseDesign = "vehicles/common/licenseplates/east_coast_usa/licensePlate-default.json";
         licenseFormats = "[\"30-15\"]";
         licenseText = "750-QKE";
         mode = "Ignore";
   };
   new BeamNGVehicle() {
      JBeam = "barrels";
      color = "White";
      colorPalette0 = "White";
      colorPalette1 = "White";
      metallicPaintData[0] = "0.200000003 0.5 0.800000012 0";
      metallicPaintData[1] = "0.200000003 0.5 0.800000012 0";
      metallicPaintData[2] = "0.200000003 0.5 0.800000012 0";
      metallicPaintData[3] = "1 1 1 1";
      partConfig = "{[\"vars\"]={},[\"partConfigFilename\"]=\"vehicles/barrels/empty.pc\",[\"parts\"]={[\"barrel_contents\"]=\"barrel_oil\",[\"paint_design\"]=\"barrel_skin_target1\"}}";
      renderDistance = "500";
      renderFade = "0.100000001";
      dataBlock = "default_vehicle";
      position = "286.954437 121.202919 127.842651";
      rotationMatrix = "-0.955976367 0.274819553 0.10287419 -0.282343268 -0.9569484 -0.0673190653 0.0799447 -0.093401283 0.992413759";
      annotation = "CAR";
      internalName = "barrel01";
      canSave = "1";
      canSaveDynamicFields = "1";
         autoEnterVehicle = "true";
         licenseDesign = "vehicles/common/licenseplates/east_coast_usa/licensePlate-default.json";
         licenseFormats = "[\"30-15\"]";
         licenseText = "750-QKE";
         mode = "Ignore";
   };
   new BeamNGVehicle() {
      JBeam = "barrels";
      color = "White";
      colorPalette0 = "White";
      colorPalette1 = "White";
      metallicPaintData[0] = "0.200000003 0.5 0.800000012 0";
      metallicPaintData[1] = "0.200000003 0.5 0.800000012 0";
      metallicPaintData[2] = "0.200000003 0.5 0.800000012 0";
      metallicPaintData[3] = "1 1 1 1";
      partConfig = "{[\"vars\"]={},[\"partConfigFilename\"]=\"vehicles/barrels/empty.pc\",[\"parts\"]={[\"barrel_contents\"]=\"barrel_oil\",[\"paint_design\"]=\"barrel_skin_target2\"}}";
      renderDistance = "500";
      renderFade = "0.100000001";
      dataBlock = "default_vehicle";
      position = "286.038727 122.357834 128.019211";
      rotationMatrix = "-0.785118699 -0.619325876 0.00495783612 0.614164472 -0.779559016 -0.122842923 0.0799447149 -0.0934013128 0.992413759";
      annotation = "CAR";
      internalName = "barrel01";
      canSave = "1";
      canSaveDynamicFields = "1";
         autoEnterVehicle = "true";
         licenseDesign = "vehicles/common/licenseplates/east_coast_usa/licensePlate-default.json";
         licenseFormats = "[\"30-15\"]";
         licenseText = "750-QKE";
         mode = "Ignore";
   };
   new BeamNGVehicle() {
      JBeam = "barrels";
      color = "White";
      colorPalette0 = "White";
      colorPalette1 = "White";
      metallicPaintData[0] = "0.200000003 0.5 0.800000012 0";
      metallicPaintData[1] = "0.200000003 0.5 0.800000012 0";
      metallicPaintData[2] = "0.200000003 0.5 0.800000012 0";
      metallicPaintData[3] = "1 1 1 1";
      partConfig = "{[\"partConfigFilename\"]=\"vehicles/barrels/empty.pc\",[\"vars\"]={},[\"parts\"]={[\"barrel_contents\"]=\"\",[\"paint_design\"]=\"barrel_skin_target2\"},[\"mainPartName\"]=\"barrel_01a\",[\"paints\"]={{[\"clearcoat\"]=0.8,[\"clearcoatRoughness\"]=0,[\"baseColor\"]={1,1,1,1},[\"metallic\"]=0.2,[\"roughness\"]=0.5},{[\"clearcoat\"]=0.8,[\"clearcoatRoughness\"]=0,[\"baseColor\"]={1,1,1,1},[\"metallic\"]=0.2,[\"roughness\"]=0.5},{[\"clearcoat\"]=0.8,[\"clearcoatRoughness\"]=0,[\"baseColor\"]={1,1,1,1},[\"metallic\"]=0.2,[\"roughness\"]=0.5}}}";
      renderDistance = "500";
      renderFade = "0.100000001";
      dataBlock = "default_vehicle";
      position = "359.669525 41.371891 127.695946";
      rotationMatrix = "-0.0254946947 -0.999660909 0.00528765097 0.996069968 -0.0249536037 0.0849815607 -0.084820807 0.00743344799 0.996368468";
      annotation = "CAR";
      internalName = "barrel01";
      canSave = "1";
      canSaveDynamicFields = "1";
         autoEnterVehicle = "true";
         licenseDesign = "vehicles/common/licenseplates/east_coast_usa/licensePlate-default.json";
         licenseFormats = "[\"30-15\"]";
         licenseText = "750-QKE";
         mode = "Ignore";
   };
   new BeamNGVehicle() {
      JBeam = "barrels";
      color = "White";
      colorPalette0 = "White";
      colorPalette1 = "White";
      metallicPaintData[0] = "0.200000003 0.5 0.800000012 0";
      metallicPaintData[1] = "0.200000003 0.5 0.800000012 0";
      metallicPaintData[2] = "0.200000003 0.5 0.800000012 0";
      metallicPaintData[3] = "1 1 1 1";
      partConfig = "{[\"vars\"]={},[\"partConfigFilename\"]=\"vehicles/barrels/empty.pc\",[\"parts\"]={[\"barrel_contents\"]=\"barrel_oil\",[\"paint_design\"]=\"barrel_skin_target1\"}}";
      renderDistance = "500";
      renderFade = "0.100000001";
      dataBlock = "default_vehicle";
      position = "362.879333 44.0993118 127.623024";
      rotationMatrix = "-0.646514535 -0.762883425 0.0052876696 0.760424733 -0.643841982 0.0849815682 -0.0614266023 0.0589626953 0.996368468";
      annotation = "CAR";
      internalName = "barrel01";
      canSave = "1";
      canSaveDynamicFields = "1";
         autoEnterVehicle = "true";
         licenseDesign = "vehicles/common/licenseplates/east_coast_usa/licensePlate-default.json";
         licenseFormats = "[\"30-15\"]";
         licenseText = "750-QKE";
         mode = "Ignore";
   };
   new BeamNGVehicle() {
      JBeam = "barrels";
      color = "White";
      colorPalette0 = "White";
      colorPalette1 = "White";
      metallicPaintData[0] = "0.200000003 0.5 0.800000012 0";
      metallicPaintData[1] = "0.200000003 0.5 0.800000012 0";
      metallicPaintData[2] = "0.200000003 0.5 0.800000012 0";
      metallicPaintData[3] = "1 1 1 1";
      partConfig = "{[\"vars\"]={},[\"partConfigFilename\"]=\"vehicles/barrels/empty.pc\",[\"parts\"]={[\"barrel_contents\"]=\"barrel_oil\",[\"paint_design\"]=\"barrel_skin_target1\"}}";
      renderDistance = "500";
      renderFade = "0.100000001";
      dataBlock = "default_vehicle";
      position = "356.813019 38.9768562 127.664055";
      rotationMatrix = "-0.989043355 -0.147536278 0.0052876696 0.147449046 -0.985412836 0.084981598 -0.00732732844 0.0848300681 0.996368468";
      annotation = "CAR";
      internalName = "barrel01";
      canSave = "1";
      canSaveDynamicFields = "1";
         autoEnterVehicle = "true";
         licenseDesign = "vehicles/common/licenseplates/east_coast_usa/licensePlate-default.json";
         licenseFormats = "[\"30-15\"]";
         licenseText = "750-QKE";
         mode = "Ignore";
   };
   new BeamNGVehicle() {
      JBeam = "barrels";
      color = "White";
      colorPalette0 = "White";
      colorPalette1 = "White";
      metallicPaintData[0] = "0.200000003 0.5 0.800000012 0";
      metallicPaintData[1] = "0.200000003 0.5 0.800000012 0";
      metallicPaintData[2] = "0.200000003 0.5 0.800000012 0";
      metallicPaintData[3] = "1 1 1 1";
      partConfig = "{[\"vars\"]={},[\"partConfigFilename\"]=\"vehicles/barrels/empty.pc\",[\"parts\"]={[\"barrel_contents\"]=\"barrel_oil\",[\"paint_design\"]=\"barrel_skin_target1\"}}";
      renderDistance = "500";
      renderFade = "0.100000001";
      dataBlock = "default_vehicle";
      position = "361.639252 42.7529411 127.708153";
      rotationMatrix = "-0.853914142 0.520338356 0.00887743756 -0.517590702 -0.85093236 0.0895211846 0.0541354008 0.0718485117 0.995945334";
      annotation = "CAR";
      internalName = "barrel01";
      canSave = "1";
      canSaveDynamicFields = "1";
         autoEnterVehicle = "true";
         licenseDesign = "vehicles/common/licenseplates/east_coast_usa/licensePlate-default.json";
         licenseFormats = "[\"30-15\"]";
         licenseText = "750-QKE";
         mode = "Ignore";
   };
   new BeamNGVehicle() {
      JBeam = "barrels";
      color = "White";
      colorPalette0 = "White";
      colorPalette1 = "White";
      metallicPaintData[0] = "0.200000003 0.5 0.800000012 0";
      metallicPaintData[1] = "0.200000003 0.5 0.800000012 0";
      metallicPaintData[2] = "0.200000003 0.5 0.800000012 0";
      metallicPaintData[3] = "1 1 1 1";
      partConfig = "{[\"vars\"]={},[\"partConfigFilename\"]=\"vehicles/barrels/empty.pc\",[\"parts\"]={[\"barrel_contents\"]=\"barrel_oil\",[\"paint_design\"]=\"barrel_skin_target1\"}}";
      renderDistance = "500";
      renderFade = "0.100000001";
      dataBlock = "default_vehicle";
      position = "358.25296 40.1075478 127.710678";
      rotationMatrix = "-0.78576684 -0.618459105 0.00887927599 0.616624713 -0.782150865 0.089521125 -0.0484202206 0.0758179128 0.995945334";
      annotation = "CAR";
      internalName = "barrel01";
      canSave = "1";
      canSaveDynamicFields = "1";
         autoEnterVehicle = "true";
         licenseDesign = "vehicles/common/licenseplates/east_coast_usa/licensePlate-default.json";
         licenseFormats = "[\"30-15\"]";
         licenseText = "750-QKE";
         mode = "Ignore";
   };
   new BeamNGVehicle() {
      JBeam = "barrels";
      color = "White";
      colorPalette0 = "White";
      colorPalette1 = "White";
      metallicPaintData[0] = "0.200000003 0.5 0.800000012 0";
      metallicPaintData[1] = "0.200000003 0.5 0.800000012 0";
      metallicPaintData[2] = "0.200000003 0.5 0.800000012 0";
      metallicPaintData[3] = "1 1 1 1";
      partConfig = "{[\"partConfigFilename\"]=\"vehicles/barrels/empty.pc\",[\"vars\"]={},[\"mainPartName\"]=\"barrel_01a\",[\"paints\"]={{[\"clearcoat\"]=0.8,[\"clearcoatRoughness\"]=0,[\"baseColor\"]={1,1,1,1},[\"metallic\"]=0.2,[\"roughness\"]=0.5},{[\"clearcoat\"]=0.8,[\"clearcoatRoughness\"]=0,[\"baseColor\"]={1,1,1,1},[\"metallic\"]=0.2,[\"roughness\"]=0.5},{[\"clearcoat\"]=0.8,[\"clearcoatRoughness\"]=0,[\"baseColor\"]={1,1,1,1},[\"metallic\"]=0.2,[\"roughness\"]=0.5}},[\"parts\"]={[\"barrel_contents\"]=\"barrel_oil\",[\"paint_design\"]=\"barrel_skin_target1\"}}";
      renderDistance = "500";
      renderFade = "0.100000001";
      dataBlock = "default_vehicle";
      position = "422.029205 158.188721 127.259766";
      rotationMatrix = "-0.951025486 0.292889118 -0.0988257676 -0.292436719 -0.956088901 -0.0193597637 -0.100156486 0.0104886554 0.994916439";
      annotation = "CAR";
      internalName = "barrel01";
      canSave = "1";
      canSaveDynamicFields = "1";
         autoEnterVehicle = "true";
         licenseDesign = "vehicles/common/licenseplates/east_coast_usa/licensePlate-default.json";
         licenseFormats = "[\"30-15\"]";
         licenseText = "750-QKE";
         mode = "Ignore";
   };
   new BeamNGVehicle() {
      JBeam = "barrels";
      color = "White";
      colorPalette0 = "White";
      colorPalette1 = "White";
      metallicPaintData[0] = "0.200000003 0.5 0.800000012 0";
      metallicPaintData[1] = "0.200000003 0.5 0.800000012 0";
      metallicPaintData[2] = "0.200000003 0.5 0.800000012 0";
      metallicPaintData[3] = "1 1 1 1";
