{"name":"track_startasset0","class":"TSStatic","persistentId":"1a82a94d-4eca-4e74-9c27-4509af6f5eb9","__parent":"trackAsset","position":[46.4408531,-171.180496,124.956589],"hidden":true,"isRenderEnabled":false,"rotationMatrix":[-0.416609645,0.906735837,0.0653187633,-0.908676326,-0.417501211,-7.4505806e-09,0.0272706561,-0.0593536161,0.997864425],"scale":[1.37974739,1.28181958,1.37974739],"shapeName":"/levels/rls_west_coast_usa/art/shapes/race/sign_checkpoint.dae","useInstanceRenderData":true}
{"name":"track_startasset1","class":"TSStatic","persistentId":"7d9b9367-0344-4eb0-8fd0-0a9ba91d88cc","__parent":"trackAsset","position":[54.6548195,-185.659378,124.330322],"hidden":true,"isRenderEnabled":false,"rotationMatrix":[-0.437518835,0.898912549,-0.023090411,-0.899152279,-0.437635541,2.79396772e-09,-0.0101051852,0.0207617991,0.999733388],"scale":[1.37974739,1.28181958,1.37974739],"shapeName":"/levels/rls_west_coast_usa/art/shapes/race/sign_checkpoint.dae","useInstanceRenderData":true}
{"name":"track_startasset2","class":"SpotLight","persistentId":"a4cb70c2-8e74-488b-977b-a499aae83fc6","__parent":"trackAsset","position":[47.9300041,-181.562637,135.563736],"brightness":20,"castShadows":true,"color":[0.883379698,0.877423406,0.200871959,1],"hidden":true,"innerAngle":10,"outerAngle":100,"range":15,"rotationMatrix":[0.973441303,0.0161340684,0.228367537,0.22402136,0.138465345,-0.964697897,-0.0471855104,0.990235984,0.131173491]}
{"name":"track_checkpoint0asset0","class":"TSStatic","persistentId":"c5e33e69-e3ea-4887-bee2-2ca10dd89da0","__parent":"trackAsset","position":[40.3427849,-420.925018,133.46785],"hidden":true,"isRenderEnabled":false,"rotationMatrix":[-0.810719728,-0.584138513,0.0389291197,0.585047007,-0.80597198,0.090159975,-0.0212901309,0.0958698466,0.995166183],"scale":[1.37974739,1.28181958,1.37974739],"shapeName":"/levels/rls_west_coast_usa/art/shapes/race/sign_checkpoint.dae","useInstanceRenderData":true}
{"name":"track_checkpoint0asset1","class":"TSStatic","persistentId":"f3869960-578c-4ca9-b90b-b311f25d9a35","__parent":"trackAsset","position":[50.8627777,-411.554138,132.62915],"hidden":true,"isRenderEnabled":false,"rotationMatrix":[-0.743396759,-0.668729901,0.0127051994,0.66283834,-0.73404038,0.147749662,-0.0894784927,0.118258119,0.98894316],"scale":[1.37974739,1.28181958,1.37974739],"shapeName":"/levels/rls_west_coast_usa/art/shapes/race/sign_checkpoint.dae","useInstanceRenderData":true}
{"name":"track_checkpoint0asset2","class":"SpotLight","persistentId":"bc26aefd-4e97-4fb0-8849-26b0ffe3c150","__parent":"trackAsset","position":[48.076046,-418.497559,144.446976],"brightness":20,"castShadows":true,"color":[0.883379698,0.877423406,0.200871959,1],"hidden":true,"innerAngle":10,"outerAngle":100,"range":15,"rotationMatrix":[-0.196428537,0.966706812,0.163992673,-0.182420075,0.128301382,-0.974813581,-0.963399529,-0.221396804,0.151144862],"shadowDarkenColor":[0,0,0,0]}
{"name":"track_checkpoint1asset0","class":"TSStatic","persistentId":"6fbd39a1-a740-4478-be2e-e2987dc546a3","__parent":"trackAsset","position":[173.59259,-501.753387,142.287094],"hidden":true,"isRenderEnabled":false,"rotationMatrix":[-0.994003534,-0.10398645,-0.0338277444,0.103733949,-0.994563341,0.00914052315,-0.0345943198,0.00557662454,0.999385893],"scale":[1.37974739,1.28181958,1.37974739],"shapeName":"/levels/rls_west_coast_usa/art/shapes/race/sign_checkpoint.dae","useInstanceRenderData":true}
{"name":"track_checkpoint1asset1","class":"TSStatic","persistentId":"25e734ef-2b99-44e1-8f12-d428059e0d5c","__parent":"trackAsset","position":[186.992569,-499.167603,143.566772],"hidden":true,"isRenderEnabled":false,"rotationMatrix":[-0.963098049,-0.247787863,-0.105084196,0.250586987,-0.967990875,-0.0141169718,-0.0982225537,-0.0399287678,0.994363129],"scale":[1.37974739,1.28181958,1.37974739],"shapeName":"/levels/rls_west_coast_usa/art/shapes/race/sign_checkpoint.dae","useInstanceRenderData":true}
{"name":"track_checkpoint1asset2","class":"SpotLight","persistentId":"81592b1f-5252-4ed5-bf79-485eac1d59d9","__parent":"trackAsset","position":[179.507156,-503.682281,154.263351],"brightness":20,"castShadows":true,"color":[0.883379698,0.877423406,0.200871959,1],"hidden":true,"innerAngle":10,"outerAngle":100,"range":15,"rotationMatrix":[0.366461694,0.903778553,0.221112102,0.0707770288,0.20987761,-0.975162864,-0.927737474,0.373009771,0.0129451752],"shadowDarkenColor":[0,0,0,0]}
{"name":"track_checkpoint2asset0","class":"TSStatic","persistentId":"064103a4-c9e4-4301-9979-59be6d7a2ffd","__parent":"trackAsset","position":[5.02359629,-653.961853,131.984116],"hidden":true,"isRenderEnabled":false,"rotationMatrix":[0.254015803,0.967172623,0.00727945659,-0.967042923,0.253831744,0.0199328624,0.0174307637,-0.0121028088,0.999774814],"scale":[1.37974739,1.28181958,1.37974739],"shapeName":"/levels/rls_west_coast_usa/art/shapes/race/sign_checkpoint.dae","useInstanceRenderData":true}
{"name":"track_checkpoint2asset1","class":"TSStatic","persistentId":"4884535f-c12f-4be2-9c30-b0796533ca6c","__parent":"trackAsset","position":[0.724318504,-669.734924,132.779022],"hidden":true,"isRenderEnabled":false,"rotationMatrix":[0.198035538,0.979984701,-0.0202899277,-0.98007828,0.19828862,0.0113099599,0.0151068484,0.0176459476,0.99973017],"scale":[1.37974739,1.28181958,1.37974739],"shapeName":"/levels/rls_west_coast_usa/art/shapes/race/sign_checkpoint.dae","useInstanceRenderData":true}
{"name":"track_checkpoint2asset2","class":"SpotLight","persistentId":"1504a856-95b7-47f1-9ed8-56ddaf9fa4db","__parent":"trackAsset","position":[0.425471425,-659.63501,143.627991],"brightness":20,"castShadows":true,"color":[0.883379698,0.877423406,0.200871959,1],"hidden":true,"innerAngle":10,"outerAngle":100,"range":15,"rotationMatrix":[0.658790529,-0.71909976,0.221112162,0.159136891,-0.154057145,-0.975162506,0.735303044,0.677614927,0.0129438639],"shadowDarkenColor":[0,0,0,0]}
{"name":"track_checkpoint3asset0","class":"TSStatic","persistentId":"831a5758-df46-4dc2-aa97-8100779b11bb","__parent":"trackAsset","position":[-111.46048,-413.16214,124.655365],"hidden":true,"isRenderEnabled":false,"rotationMatrix":[0.251328826,0.966098309,0.0590574257,-0.963043809,0.243496001,0.115135193,0.0968516767,-0.0858116746,0.991592705],"scale":[1.37974739,1.28181958,1.37974739],"shapeName":"/levels/rls_west_coast_usa/art/shapes/race/sign_checkpoint.dae","useInstanceRenderData":true}
{"name":"track_checkpoint3asset1","class":"TSStatic","persistentId":"ac35659c-c2b2-44b5-81bc-21fc0961ea49","__parent":"trackAsset","position":[-112.629349,-428.260498,123.987709],"hidden":true,"isRenderEnabled":false,"rotationMatrix":[0.015858829,0.999857783,-0.00579811633,-0.99441278,0.0163772106,0.104286201,0.104366295,0.00411182642,0.994530439],"scale":[1.37974739,1.28181958,1.37974739],"shapeName":"/levels/rls_west_coast_usa/art/shapes/race/sign_checkpoint.dae","useInstanceRenderData":true}
{"name":"track_checkpoint3asset2","class":"SpotLight","persistentId":"2a1e7f5c-8119-4e64-bcdd-a292bb38646f","__parent":"trackAsset","position":[-114.989525,-420.99823,134.472656],"brightness":20,"castShadows":true,"color":[0.883379698,0.877423406,0.200871959,1],"hidden":true,"innerAngle":10,"outerAngle":100,"range":15,"rotationMatrix":[0.777295232,-0.611771643,0.146791369,0.166117117,-0.0254698992,-0.985777438,0.606809139,0.790624797,0.0818279982],"shadowDarkenColor":[0,0,0,0]}
{"name":"track_checkpoint4asset0","class":"TSStatic","persistentId":"da283383-23af-40ab-a787-d190778a3c6f","__parent":"trackAsset","position":[-152.413147,-449.585846,124.192604],"hidden":true,"isRenderEnabled":false,"rotationMatrix":[0.128488183,0.990512729,-0.0487344563,-0.991668701,0.128780544,0.00289476849,0.00914334692,0.0479565039,0.998807549],"scale":[1.37974739,1.28181958,1.37974739],"shapeName":"/levels/rls_west_coast_usa/art/shapes/race/sign_checkpoint.dae","useInstanceRenderData":true}
{"name":"track_checkpoint4asset1","class":"TSStatic","persistentId":"f1637c52-762d-47c1-853e-b0af8822e1df","__parent":"trackAsset","position":[-151.35997,-464.024139,125.20282],"hidden":true,"isRenderEnabled":false,"rotationMatrix":[-0.108530045,0.99145031,-0.0724427253,-0.989564776,-0.100800514,0.102962472,0.0947799087,0.0828612521,0.992043734],"scale":[1.37974739,1.28181958,1.37974739],"shapeName":"/levels/rls_west_coast_usa/art/shapes/race/sign_checkpoint.dae","useInstanceRenderData":true}
{"name":"track_checkpoint4asset2","class":"SpotLight","persistentId":"e0436884-3a2e-436b-819f-0ce81d191537","__parent":"trackAsset","position":[-154.621201,-456.053528,135.126389],"brightness":20,"castShadows":true,"color":[0.883379698,0.877423406,0.200871959,1],"hidden":true,"innerAngle":10,"outerAngle":100,"range":15,"rotationMatrix":[0.846079111,-0.499086589,0.187250271,0.256128281,0.0725551844,-0.963915825,0.467491627,0.863509059,0.189217687],"shadowDarkenColor":[0,0,0,0]}
{"name":"track_checkpoint5asset0","class":"TSStatic","persistentId":"02d2bf54-ebc0-4f0e-a4b0-609e4145602c","__parent":"trackAsset","position":[-278.93869,-323.293365,121.498421],"hidden":true,"isRenderEnabled":false,"rotationMatrix":[0.972777188,0.231677473,-0.00548083521,-0.230024964,0.968172252,0.0986459479,0.0281604361,-0.0946998075,0.995107472],"scale":[1.37974739,1.28181958,1.37974739],"shapeName":"/levels/rls_west_coast_usa/art/shapes/race/sign_checkpoint.dae","useInstanceRenderData":true}
{"name":"track_checkpoint5asset1","class":"TSStatic","persistentId":"abee0e44-29e8-4925-a725-bf692c83a71e","__parent":"trackAsset","position":[-291.131897,-328.875244,122.306473],"hidden":true,"isRenderEnabled":false,"rotationMatrix":[0.888338089,0.453439653,-0.0724427104,-0.445544124,0.889319479,0.102962524,0.111111999,-0.059189111,0.992043734],"scale":[1.37974739,1.28181958,1.37974739],"shapeName":"/levels/rls_west_coast_usa/art/shapes/race/sign_checkpoint.dae","useInstanceRenderData":true}
{"name":"track_checkpoint5asset2","class":"SpotLight","persistentId":"dc458a97-5256-4e5d-870c-a670e6e7afb5","__parent":"trackAsset","position":[-285.042755,-322.718262,132.137909],"brightness":20,"castShadows":true,"color":[0.883379698,0.877423406,0.200871959,1],"hidden":true,"innerAngle":10,"outerAngle":100,"range":15,"rotationMatrix":[-0.166206837,-0.968149185,0.187250376,-0.00263637304,-0.189454794,-0.981886089,0.986087561,-0.163689673,0.0289360881],"shadowDarkenColor":[0,0,0,0]}
{"name":"track_checkpoint6asset0","class":"TSStatic","persistentId":"21bbb995-7ba9-4c5a-9b71-a653e5db9261","__parent":"trackAsset","position":[-285.542938,-220.177826,118.980453],"hidden":true,"isRenderEnabled":false,"rotationMatrix":[0.714124143,-0.699997723,-0.00548085384,0.696980059,0.710273147,0.0986460298,-0.065159075,-0.0742655545,0.995107472],"scale":[1.37974739,1.28181958,1.37974739],"shapeName":"/levels/rls_west_coast_usa/art/shapes/race/sign_checkpoint.dae","useInstanceRenderData":true}
{"name":"track_checkpoint6asset1","class":"TSStatic","persistentId":"a7d091c1-acb8-4250-83b0-23e6632ce3a0","__parent":"trackAsset","position":[-296.963135,-212.686478,119.428635],"hidden":true,"isRenderEnabled":false,"rotationMatrix":[0.856860816,-0.51043278,-0.0724427179,0.515468061,0.850700557,0.102962546,0.00907161087,-0.125566468,0.992043734],"scale":[1.37974739,1.28181958,1.37974739],"shapeName":"/levels/rls_west_coast_usa/art/shapes/race/sign_checkpoint.dae","useInstanceRenderData":true}
{"name":"track_checkpoint6asset2","class":"SpotLight","persistentId":"58729bef-aafc-410c-b108-9f4d016d9ce1","__parent":"trackAsset","position":[-288.509155,-214.561646,129.692963],"brightness":20,"castShadows":true,"color":[0.883379698,0.877423406,0.200871959,1],"hidden":true,"innerAngle":10,"outerAngle":100,"range":15,"rotationMatrix":[-0.90796423,-0.374885321,0.187250406,-0.161760882,-0.0986583233,-0.981886089,0.386568397,-0.921806872,0.0289361477],"shadowDarkenColor":[0,0,0,0]}
{"name":"track_checkpoint7asset0","class":"TSStatic","persistentId":"6ac2f1fe-811d-443d-bf7e-8f0e46a7eed1","__parent":"trackAsset","position":[-158.108856,-114.525993,119.648964],"hidden":true,"isRenderEnabled":false,"rotationMatrix":[0.489428759,-0.872026384,-0.0054808557,0.868050635,0.486577332,0.0986460745,-0.0833550692,-0.0530379117,0.995107472],"scale":[1.37974739,1.28181958,1.37974739],"shapeName":"/levels/rls_west_coast_usa/art/shapes/race/sign_checkpoint.dae","useInstanceRenderData":true}
{"name":"track_checkpoint7asset1","class":"TSStatic","persistentId":"3f4acbdb-318f-4d93-8a23-304101f22e66","__parent":"trackAsset","position":[-165.964645,-103.960663,119.603134],"hidden":true,"isRenderEnabled":false,"rotationMatrix":[0.679555297,-0.730038822,-0.0724427849,0.733146727,0.672231197,0.102962583,-0.0264683664,-0.123079956,0.992043734],"scale":[1.37974739,1.28181958,1.37974739],"shapeName":"/levels/rls_west_coast_usa/art/shapes/race/sign_checkpoint.dae","useInstanceRenderData":true}
{"name":"track_checkpoint7asset2","class":"SpotLight","persistentId":"2ad6c07d-98db-4fb6-b65b-812225b64f4c","__parent":"trackAsset","position":[-158.374496,-107.081955,129.867493],"brightness":20,"castShadows":true,"color":[0.883379698,0.877423406,0.200871959,1],"hidden":true,"innerAngle":10,"outerAngle":100,"range":15,"rotationMatrix":[-0.976629019,-0.105513558,0.187250376,-0.18292211,-0.0493915081,-0.98188597,0.112850845,-0.993190587,0.0289363265],"shadowDarkenColor":[0,0,0,0]}
{"name":"track_checkpoint8asset0","class":"TSStatic","persistentId":"0a48699c-3c87-4252-a035-cdfd07408ce0","__parent":"trackAsset","position":[69.6658936,66.2172394,119.575783],"hidden":true,"isRenderEnabled":false,"rotationMatrix":[0.682933807,-0.730038881,-0.0253909491,0.724297285,0.672231078,0.153293595,-0.0948416889,-0.123079978,0.987854421],"scale":[1.37974739,1.28181958,1.37974739],"shapeName":"/levels/rls_west_coast_usa/art/shapes/race/sign_checkpoint.dae","useInstanceRenderData":true}
{"name":"track_checkpoint8asset1","class":"TSStatic","persistentId":"8bcd6230-3d14-4356-8314-ff4bbccc8198","__parent":"trackAsset","position":[77.5216827,55.6519051,119.621613],"hidden":true,"isRenderEnabled":false,"rotationMatrix":[0.489428759,-0.872026384,-0.0054808557,0.868050635,0.486577332,0.0986460745,-0.0833550692,-0.0530379117,0.995107472],"scale":[1.37974739,1.28181958,1.37974739],"shapeName":"/levels/rls_west_coast_usa/art/shapes/race/sign_checkpoint.dae","useInstanceRenderData":true}
{"name":"track_checkpoint8asset2","class":"SpotLight","persistentId":"815cc570-8e02-4885-8922-3fa597940525","__parent":"trackAsset","position":[77.2560425,63.0959473,129.840149],"brightness":20,"castShadows":true,"color":[0.883379698,0.877423406,0.200871959,1],"hidden":true,"innerAngle":10,"outerAngle":100,"range":15,"rotationMatrix":[-0.976629019,-0.105513558,0.187250376,-0.18292211,-0.0493915081,-0.98188597,0.112850845,-0.993190587,0.0289363265],"shadowDarkenColor":[0,0,0,0]}
{"name":"track_checkpoint9asset0","class":"TSStatic","persistentId":"6592adc0-0886-4067-8741-0eca7452ad36","__parent":"trackAsset","position":[744.364441,662.375793,132.239807],"hidden":true,"isRenderEnabled":false,"rotationMatrix":[-0.388545632,-0.912360907,-0.128957778,0.908966303,-0.402458787,0.108661547,-0.151038706,-0.0749983191,0.985678732],"scale":[1.37974739,1.28181958,1.37974739],"shapeName":"/levels/rls_west_coast_usa/art/shapes/race/sign_checkpoint.dae","useInstanceRenderData":true}
{"name":"track_checkpoint9asset1","class":"TSStatic","persistentId":"1a5cfc76-f9ac-4d8f-a1e1-0cc7bd510517","__parent":"trackAsset","position":[738.625122,650.133728,130.985657],"hidden":true,"isRenderEnabled":false,"rotationMatrix":[-0.597041488,-0.80219233,-0.00548089296,0.797968745,-0.594572067,0.0986461043,-0.0823919028,0.0545221865,0.995107472],"scale":[1.37974739,1.28181958,1.37974739],"shapeName":"/levels/rls_west_coast_usa/art/shapes/race/sign_checkpoint.dae","useInstanceRenderData":true}
{"name":"track_checkpoint9asset2","class":"SpotLight","persistentId":"d0b4573e-be8f-4b5d-ae26-646064df7433","__parent":"trackAsset","position":[744.910767,652.321655,141.03363],"brightness":20,"castShadows":true,"color":[0.883379698,0.877423406,0.200871959,1],"hidden":true,"innerAngle":10,"outerAngle":100,"range":15,"rotationMatrix":[-0.494179487,0.848954797,0.187250406,-0.119618922,0.146939814,-0.981886029,-0.861091375,-0.507626414,0.0289362669],"shadowDarkenColor":[0,0,0,0]}
{"name":"track_checkpoint10asset0","class":"TSStatic","persistentId":"a744fa17-038b-41f9-9aea-f8f07a2961ed","__parent":"trackAsset","position":[843.804382,434.885834,149.017563],"hidden":true,"isRenderEnabled":false,"rotationMatrix":[-0.995541692,0.0125491042,-0.0934872478,-0.0228131171,-0.993720174,0.109545507,-0.0915254503,0.11118982,0.989575624],"scale":[1.37974739,1.28181958,1.37974739],"shapeName":"/levels/rls_west_coast_usa/art/shapes/race/sign_checkpoint.dae","useInstanceRenderData":true}
{"name":"track_checkpoint10asset1","class":"TSStatic","persistentId":"dd58effd-0843-43a7-bf2a-309c532db11a","__parent":"trackAsset","position":[830.203491,436.628845,147.916428],"hidden":true,"isRenderEnabled":false,"rotationMatrix":[-0.958431602,0.247271866,-0.142359227,-0.258059472,-0.964085698,0.0628064424,-0.121716194,0.0969327986,0.987820446],"scale":[1.37974739,1.28181958,1.37974739],"shapeName":"/levels/rls_west_coast_usa/art/shapes/race/sign_checkpoint.dae","useInstanceRenderData":true}
{"name":"track_checkpoint10asset2","class":"SpotLight","persistentId":"4d97718b-fdc2-4809-b1dd-5adbac41880f","__parent":"trackAsset","position":[834.288391,430.713409,157.811386],"brightness":20,"castShadows":true,"color":[0.883379698,0.877423406,0.200871959,1],"hidden":true,"innerAngle":10,"outerAngle":100,"range":15,"rotationMatrix":[0.597362638,0.779804587,0.187250465,0.0904365778,0.166497052,-0.98188597,-0.796855807,0.603476346,0.0289362669],"shadowDarkenColor":[0,0,0,0]}
{"name":"track_routeInfoasset0","class":"TSStatic","persistentId":"200a493f-38ed-440d-ad53-bd3df1bf10e7","__parent":"trackAsset","position":[51.3771248,-163.960358,124.802536],"hidden":true,"isRenderEnabled":false,"rotationMatrix":[0.906204581,0.422806114,0.00531751988,-0.422753602,0.90569526,0.0315524079,0.00852449704,-0.0308409389,0.999487936],"shapeName":"/levels/rls_west_coast_usa/art/shapes/objects/constructionbarrier_arrows.dae","useInstanceRenderData":true}
{"name":"track_routeInfoasset1","class":"TSStatic","persistentId":"1c509198-9a86-4f58-9b63-8000be028586","__parent":"trackAsset","position":[50.3890152,-167.261322,124.763237],"hidden":true,"isRenderEnabled":false,"rotationMatrix":[-0.627945781,0.778256774,0,-0.778256774,-0.627945781,0,0,0,1],"shapeName":"/levels/rls_west_coast_usa/art/shapes/objects/constructionbarrier_arrows.dae","useInstanceRenderData":true}
{"name":"track_routeInfoasset2","class":"TSStatic","persistentId":"d6a73b69-2c6a-424c-981f-2d3b4659a40b","__parent":"trackAsset","position":[62.1834526,-125.519203,127.082039],"hidden":true,"isRenderEnabled":false,"rotationMatrix":[0.737245202,-0.675148726,-0.0253713839,0.675609469,0.736964345,0.0208626483,0.00461241137,-0.0325220376,0.999460399],"shapeName":"/levels/rls_west_coast_usa/art/shapes/objects/constructionbarrier_arrows.dae","useInstanceRenderData":true}
{"name":"track_routeInfoasset3","class":"TSStatic","persistentId":"ab71c13b-464a-4dc0-ba91-5bc4170bdc1e","__parent":"trackAsset","position":[69.7926178,-119.006248,127.368935],"hidden":true,"isRenderEnabled":false,"rotationMatrix":[0.483036578,-0.867010951,-0.122341923,0.874098063,0.485658407,0.00940137729,0.051265277,-0.111480057,0.992443502],"shapeName":"/levels/rls_west_coast_usa/art/shapes/objects/constructionbarrier_arrows.dae","useInstanceRenderData":true}
{"name":"track_checkpoint11asset0","class":"TSStatic","persistentId":"5124b0f6-843d-4294-8834-d00180061ec4","__parent":"trackAsset","position":[779.008301,315.233307,159.479935],"hidden":true,"isRenderEnabled":false,"rotationMatrix":[-0.997718215,0.0661885142,0.0133990822,-0.065308705,-0.996183276,0.0579293221,0.0171821807,0.0569220036,0.998230755],"scale":[1.37974739,1.28181958,1.37974739],"shapeName":"/levels/rls_west_coast_usa/art/shapes/race/sign_checkpoint.dae","useInstanceRenderData":true}
{"name":"track_checkpoint11asset1","class":"TSStatic","persistentId":"c58ea6df-c27d-48d3-b9e8-60844fdf1d4c","__parent":"trackAsset","position":[792.702759,316.043182,158.31131],"hidden":true,"isRenderEnabled":false,"rotationMatrix":[-0.98344326,-0.172076076,0.0568344481,0.175752759,-0.982106447,0.0676673204,0.0441735275,0.0765357465,0.996087849],"scale":[1.37974739,1.28181958,1.37974739],"shapeName":"/levels/rls_west_coast_usa/art/shapes/race/sign_checkpoint.dae","useInstanceRenderData":true}
{"name":"track_checkpoint11asset2","class":"SpotLight","persistentId":"e4303ee6-88eb-4210-b89b-dc189d580cb6","__parent":"trackAsset","position":[785.584656,310.029327,168.45668],"brightness":20,"castShadows":true,"color":[0.883379698,0.877423406,0.200871959,1],"hidden":true,"innerAngle":10,"outerAngle":100,"range":15,"rotationMatrix":[0.467062473,0.874575377,0.130272448,-0.0946004689,0.19590801,-0.976048887,-0.879149497,0.443552196,0.174236357],"shadowDarkenColor":[0,0,0,0]}
{"name":"track_checkpoint12asset0","class":"TSStatic","persistentId":"aab00980-4aee-4787-9e72-d1743c2899ea","__parent":"trackAsset","position":[884.675232,151.690308,160.955933],"hidden":true,"isRenderEnabled":false,"rotationMatrix":[-0.952676654,0.28127858,-0.115279905,-0.281096905,-0.959507346,-0.018167926,-0.115722172,0.0150966672,0.993166864],"scale":[1.37974739,1.28181958,1.37974739],"shapeName":"/levels/rls_west_coast_usa/art/shapes/race/sign_checkpoint.dae","useInstanceRenderData":true}
{"name":"track_checkpoint12asset1","class":"TSStatic","persistentId":"114dd267-3218-48fa-b197-1e996bb82dfd","__parent":"trackAsset","position":[871.83197,157.250443,159.432083],"hidden":true,"isRenderEnabled":false,"rotationMatrix":[-0.870663166,0.46839422,-0.150174931,-0.477671087,-0.877994537,0.0309175402,-0.117371179,0.0986529887,0.988175869],"scale":[1.37974739,1.28181958,1.37974739],"shapeName":"/levels/rls_west_coast_usa/art/shapes/race/sign_checkpoint.dae","useInstanceRenderData":true}
{"name":"track_checkpoint12asset2","class":"SpotLight","persistentId":"8356c503-2852-420a-8938-b8a19ae6cb0d","__parent":"trackAsset","position":[875.292297,153.630768,169.507217],"brightness":20,"castShadows":true,"color":[0.883379698,0.877423406,0.200871959,1],"hidden":true,"innerAngle":10,"outerAngle":100,"range":15,"rotationMatrix":[0.876704931,0.428280532,0.219007552,0.181443095,0.127229929,-0.975136578,-0.445496261,0.894644439,0.0338345766],"shadowDarkenColor":[0,0,0,0]}
{"name":"track_checkpoint13asset0","class":"TSStatic","persistentId":"0e743b3e-64f1-450e-a625-9bf92fe04f8a","__parent":"trackAsset","position":[855.223755,128.773331,151.922363],"hidden":true,"isRenderEnabled":false,"rotationMatrix":[-0.911901236,0.408623964,-0.0382478088,-0.394979864,-0.899110913,-0.188655004,-0.111477971,-0.156927601,0.981298327],"scale":[1.37974739,1.28181958,1.37974739],"shapeName":"/levels/rls_west_coast_usa/art/shapes/race/sign_checkpoint.dae","useInstanceRenderData":true}
{"name":"track_checkpoint13asset1","class":"TSStatic","persistentId":"008d18a9-ffc8-41b5-a876-e073d9e638ae","__parent":"trackAsset","position":[842.375427,133.789597,151.383301],"hidden":true,"isRenderEnabled":false,"rotationMatrix":[-0.764580727,0.644477248,0.00805920735,-0.642716289,-0.761435509,-0.0844466984,-0.0482874177,-0.0697461218,0.996395409],"scale":[1.37974739,1.28181958,1.37974739],"shapeName":"/levels/rls_west_coast_usa/art/shapes/race/sign_checkpoint.dae","useInstanceRenderData":true}
{"name":"track_checkpoint13asset2","class":"SpotLight","persistentId":"57269f85-32c9-42a3-9d43-6dcf93a84b68","__parent":"trackAsset","position":[846.889404,127.114906,161.880035],"brightness":20,"castShadows":true,"color":[0.883379698,0.877423406,0.200871959,1],"hidden":true,"innerAngle":10,"outerAngle":100,"range":15,"rotationMatrix":[0.864929438,0.451589257,0.219007373,0.177973539,0.13203913,-0.975136638,-0.469278693,0.882401943,0.0338335633],"shadowDarkenColor":[0,0,0,0]}
{"name":"track_checkpoint14asset0","class":"TSStatic","persistentId":"fea86074-c945-4721-836d-678dc3a6bc93","__parent":"trackAsset","position":[819.682068,-60.4789314,147.221756],"hidden":true,"isRenderEnabled":false,"rotationMatrix":[-0.803192854,0.593388855,-0.0526465811,-0.595284641,-0.802842855,0.032868281,-0.0227632485,0.0577392504,0.998072147],"scale":[1.37974739,1.28181958,1.37974739],"shapeName":"/levels/rls_west_coast_usa/art/shapes/race/sign_checkpoint.dae","useInstanceRenderData":true}
{"name":"track_checkpoint14asset1","class":"TSStatic","persistentId":"76248c00-e1d9-4d4f-8a84-ae58e621dd42","__parent":"trackAsset","position":[809.141907,-51.5329514,146.674026],"hidden":true,"isRenderEnabled":false,"rotationMatrix":[-0.589066505,0.808045268,0.00805921108,-0.805585861,-0.586431265,-0.0844467431,-0.0635105968,-0.056237068,0.996395409],"scale":[1.37974739,1.28181958,1.37974739],"shapeName":"/levels/rls_west_coast_usa/art/shapes/race/sign_checkpoint.dae","useInstanceRenderData":true}
{"name":"track_checkpoint14asset2","class":"SpotLight","persistentId":"ccb7bb54-17b9-4045-83b7-11a1cd8a4d2c","__parent":"trackAsset","position":[811.289734,-58.9416847,153.193192],"brightness":20,"castShadows":true,"color":[0.883379698,0.877423406,0.200871959,1],"hidden":true,"innerAngle":10,"outerAngle":100,"range":15,"rotationMatrix":[0.947600007,0.232572764,0.219007298,0.204301775,0.0858467817,-0.975136518,-0.245591268,0.968782902,0.0338333845],"shadowDarkenColor":[0,0,0,0]}
{"name":"track_checkpoint15asset0","class":"TSStatic","persistentId":"3fdc0474-a31f-44d6-9970-db1218ac2ce0","__parent":"trackAsset","position":[676.032227,-246.039764,147.17244],"hidden":true,"isRenderEnabled":false,"rotationMatrix":[-0.752683401,0.656274736,-0.0526465811,-0.65813607,-0.75218153,0.0328682773,-0.0180291571,0.059388008,0.998072147],"scale":[1.37974739,1.28181958,1.37974739],"shapeName":"/levels/rls_west_coast_usa/art/shapes/race/sign_checkpoint.dae","useInstanceRenderData":true}
{"name":"track_checkpoint15asset1","class":"TSStatic","persistentId":"0a4dc401-5e63-48ea-a2ff-29efcf190daf","__parent":"trackAsset","position":[664.808594,-235.030563,146.710419],"hidden":true,"isRenderEnabled":false,"rotationMatrix":[-0.52193141,0.852949679,0.00805920735,-0.85028559,-0.519503355,-0.0844467208,-0.0678420067,-0.0509280041,0.996395409],"scale":[1.37974739,1.28181958,1.37974739],"shapeName":"/levels/rls_west_coast_usa/art/shapes/race/sign_checkpoint.dae","useInstanceRenderData":true}
{"name":"track_checkpoint15asset2","class":"SpotLight","persistentId":"7a6c1350-52f0-4c3a-a2af-28c04f81462a","__parent":"trackAsset","position":[667.069763,-241.693985,153.387314],"brightness":20,"castShadows":true,"color":[0.883379698,0.877423406,0.200871959,1],"hidden":true,"innerAngle":10,"outerAngle":100,"range":15,"rotationMatrix":[0.963278651,0.155338287,0.219007313,0.21056363,0.0690785646,-0.975136518,-0.166604757,0.985443234,0.0338333249],"shadowDarkenColor":[0,0,0,0]}
{"name":"track_checkpoint16asset0","class":"TSStatic","persistentId":"5fce972c-fa5c-4a50-a3c6-d5739398d1f7","__parent":"trackAsset","position":[543.202026,-262.568573,146.755386],"hidden":true,"isRenderEnabled":false,"rotationMatrix":[-0.133899689,0.989595592,-0.0526465774,-0.990665257,-0.132295847,0.0328682736,0.0255613774,0.0565561801,0.998072147],"scale":[1.37974739,1.28181958,1.37974739],"shapeName":"/levels/rls_west_coast_usa/art/shapes/race/sign_checkpoint.dae","useInstanceRenderData":true}
{"name":"track_checkpoint16asset1","class":"TSStatic","persistentId":"98c21379-4feb-43df-a645-7ef48749e4b8","__parent":"trackAsset","position":[543.453003,-242.196899,146.798645],"hidden":true,"isRenderEnabled":false,"rotationMatrix":[0.169268668,0.985537052,0.00805920735,-0.981933117,0.169340253,-0.0844467059,-0.0845901072,0.00638058037,0.996395409],"scale":[1.37974739,1.28181958,1.37974739],"shapeName":"/levels/rls_west_coast_usa/art/shapes/race/sign_checkpoint.dae","useInstanceRenderData":true}
{"name":"track_checkpoint16asset2","class":"SpotLight","persistentId":"71f66009-7dfb-4cdb-a3e2-ff31352214b4","__parent":"trackAsset","position":[539.971985,-251.560486,155.590881],"brightness":20,"castShadows":true,"color":[0.883379698,0.877423406,0.200871959,1],"hidden":true,"innerAngle":10,"outerAngle":100,"range":15,"rotationMatrix":[0.827026844,-0.517747402,0.219007269,0.203919351,-0.0867511034,-0.975136459,0.523873508,0.851123869,0.0338332057],"shadowDarkenColor":[0,0,0,0]}
{"name":"track_altcheckpoint0asset1","class":"TSStatic","persistentId":"a6f56306-e97c-42c9-bfd9-b5af591eb1f1","__parent":"trackAsset","position":[103.159279,-103.920288,128.085236],"hidden":true,"isRenderEnabled":false,"rotationMatrix":[0.390242279,-0.919414997,-0.0488537811,0.920449615,0.388314724,0.0445407517,-0.0219808109,-0.0623491295,0.997812331],"scale":[1.37974739,1.28181958,1.37974739],"shapeName":"/levels/rls_west_coast_usa/art/shapes/race/sign_checkpoint.dae","useInstanceRenderData":true}
{"name":"track_altcheckpoint0asset0","class":"TSStatic","persistentId":"01afef05-374c-49a7-ac45-5241c79dbf55","__parent":"trackAsset","position":[108.110535,-115.81057,127.347664],"hidden":true,"isRenderEnabled":false,"rotationMatrix":[0.359759748,-0.932336032,-0.0363648385,0.933027446,0.359718144,0.00790838525,0.00570781622,-0.0367745124,0.999307275],"scale":[1.37974739,1.28181958,1.37974739],"shapeName":"/levels/rls_west_coast_usa/art/shapes/race/sign_checkpoint.dae","useInstanceRenderData":true}
{"name":"track_altcheckpoint0asset2","class":"SpotLight","persistentId":"ffd7123d-828f-4d91-bc8d-507b50ef19cc","__parent":"trackAsset","position":[109.155602,-109.866631,136.62352],"brightness":20,"castShadows":true,"color":[0.883379698,0.877423406,0.200871959,1],"hidden":true,"innerAngle":10,"outerAngle":100,"range":15,"rotationMatrix":[-0.956180215,0.176095858,0.233901426,-0.221396878,0.0878709555,-0.971216917,-0.1915804,-0.980443358,-0.0450334549],"shadowDarkenColor":[0,0,0,0]}
{"name":"track_startasset3","class":"TSStatic","persistentId":"f0a4b097-b8e5-44b5-9563-346bc96535ed","__parent":"trackAsset","position":[68.397789,-140.952271,126.008919],"hidden":true,"isRenderEnabled":false,"rotationMatrix":[0.92975831,-0.368130445,0.00543001853,0.367353797,0.928576767,0.0528810509,-0.0245093144,-0.0471718572,0.998586059],"scale":[1.37974739,1.28181958,1.37974739],"shapeName":"/levels/rls_west_coast_usa/art/shapes/race/sign_checkpoint.dae","useInstanceRenderData":true}
{"name":"track_startasset4","class":"TSStatic","persistentId":"8a9dfda9-fe49-486a-827b-4cdacdcd25cb","__parent":"trackAsset","position":[54.5588455,-137.376785,126.586678],"hidden":true,"isRenderEnabled":false,"rotationMatrix":[0.952281594,-0.300314814,-0.0545051135,0.303899378,0.949517369,0.0778580159,0.0283716358,-0.0907068253,0.995473444],"scale":[1.37974739,1.28181958,1.37974739],"shapeName":"/levels/rls_west_coast_usa/art/shapes/race/sign_checkpoint.dae","useInstanceRenderData":true}
{"name":"track_startasset5","class":"SpotLight","persistentId":"3fa1c170-91cb-49a2-b493-59d5e39df21e","__parent":"trackAsset","position":[63.5031357,-136.216324,137.572052],"brightness":20,"castShadows":true,"color":[0.883379698,0.877423406,0.200871959,1],"hidden":true,"innerAngle":10,"outerAngle":100,"range":15,"rotationMatrix":[-0.78689146,-0.573280215,0.228367582,-0.103558242,-0.242144465,-0.964697778,0.608340085,-0.782761753,0.131173432],"shadowDarkenColor":[0,0,0,0]}
{"name":"track_altcheckpoint1asset2","class":"TSStatic","persistentId":"4d6ab7ef-51c2-4a01-ab6b-19683cd4c9f3","__parent":"trackAsset","position":[287.35968,-90.704628,132.584763],"hidden":true,"isRenderEnabled":false,"rotationMatrix":[0.232263863,-0.965697527,0.116111659,0.968529344,0.24060601,0.063716948,-0.0894684717,0.0976583809,0.991190314],"scale":[1.37974739,1.28181958,1.37974739],"shapeName":"/levels/rls_west_coast_usa/art/shapes/race/sign_checkpoint.dae","useInstanceRenderData":true}
{"name":"track_altcheckpoint1asset1","class":"TSStatic","persistentId":"db34e574-7608-4d93-9a17-5fe2cebcf55d","__parent":"trackAsset","position":[281.874451,-77.8037872,131.60022],"hidden":true,"isRenderEnabled":false,"rotationMatrix":[0.306579828,-0.948405921,0.0808387101,0.948603213,0.311435044,0.0562135875,-0.0784893036,0.059449926,0.995140791],"scale":[1.37974739,1.28181958,1.37974739],"shapeName":"/levels/rls_west_coast_usa/art/shapes/race/sign_checkpoint.dae","useInstanceRenderData":true}
{"name":"track_altcheckpoint1asset0","class":"SpotLight","persistentId":"3a8be4c9-2c19-4318-b5ea-5a8bba34983e","__parent":"trackAsset","position":[288.356415,-82.4902573,140.899628],"brightness":20,"castShadows":true,"color":[0.883379698,0.877423406,0.200871959,1],"hidden":true,"innerAngle":10,"outerAngle":100,"range":15,"rotationMatrix":[-0.963494778,0.167940348,0.20850338,-0.22533828,-0.0881547928,-0.970284164,-0.144569293,-0.981847584,0.122780085],"shadowDarkenColor":[0,0,0,0]}
{"name":"track_altcheckpoint2asset0","class":"TSStatic","persistentId":"0a04a79e-3462-4fe6-8679-ef155c648bbc","__parent":"trackAsset","position":[386.24173,-20.5727787,136.397278],"hidden":true,"isRenderEnabled":false,"rotationMatrix":[0.23654604,-0.971539438,0.012518866,0.970490754,0.236872554,0.0451532602,-0.0468335599,0.00146862492,0.998901606],"scale":[1.37974739,1.28181958,1.37974739],"shapeName":"/levels/rls_west_coast_usa/art/shapes/race/sign_checkpoint.dae","useInstanceRenderData":true}
{"name":"track_altcheckpoint2asset1","class":"TSStatic","persistentId":"e97b98d7-f541-40ea-b47f-94e1688703a5","__parent":"trackAsset","position":[380.420288,-7.61506414,136.878662],"hidden":true,"isRenderEnabled":false,"rotationMatrix":[0.293415308,-0.955740631,-0.0216205157,0.954937518,0.294077337,-0.0401622429,0.0447427891,-0.00886201859,0.998959243],"scale":[1.37974739,1.28181958,1.37974739],"shapeName":"/levels/rls_west_coast_usa/art/shapes/race/sign_checkpoint.dae","useInstanceRenderData":true}
{"name":"track_altcheckpoint2asset2","class":"SpotLight","persistentId":"d4a2950a-a678-4ef3-ba5a-75e119ad7a4d","__parent":"trackAsset","position":[386.70755,-14.5581627,145.67453],"brightness":20,"castShadows":true,"color":[0.883379698,0.877423406,0.200871959,1],"hidden":true,"innerAngle":10,"outerAngle":100,"range":15,"rotationMatrix":[-0.963495135,0.143094257,0.226277888,-0.225338325,0.0229541659,-0.974010289,-0.144569308,-0.989443004,0.0101280808],"shadowDarkenColor":[0,0,0,0]}
{"name":"track_altcheckpoint3asset0","class":"TSStatic","persistentId":"ec2c8aa4-a45e-49fc-aa51-3964092eaca1","__parent":"trackAsset","position":[477.081787,7.56343889,139.197876],"hidden":true,"isRenderEnabled":false,"rotationMatrix":[0.625895381,-0.77762717,0.059588477,0.774588645,0.62871778,0.0687481239,-0.0909247547,0.00312743336,0.995852828],"scale":[1.37974739,1.28181958,1.37974739],"shapeName":"/levels/rls_west_coast_usa/art/shapes/race/sign_checkpoint.dae","useInstanceRenderData":true}
{"name":"track_altcheckpoint3asset1","class":"TSStatic","persistentId":"643e29da-651a-4621-8aa2-ce6aa5d969a6","__parent":"trackAsset","position":[485.188934,-4.45990038,140.001114],"hidden":true,"isRenderEnabled":false,"rotationMatrix":[0.582712412,-0.810035884,0.0654830784,0.809912741,0.572199106,-0.128955707,0.0669894069,0.128179684,0.989485919],"scale":[1.37974739,1.28181958,1.37974739],"shapeName":"/levels/rls_west_coast_usa/art/shapes/race/sign_checkpoint.dae","useInstanceRenderData":true}
{"name":"track_altcheckpoint3asset2","class":"SpotLight","persistentId":"17e2b582-6fda-4070-8c41-50ef4534d85a","__parent":"trackAsset","position":[484.762146,1.97037244,148.37793],"brightness":20,"castShadows":true,"color":[0.883379698,0.877423406,0.200871959,1],"hidden":true,"innerAngle":10,"outerAngle":100,"range":15,"rotationMatrix":[-0.977483749,0.0335801095,0.208323032,-0.210871696,-0.119442463,-0.970189154,-0.00769647211,-0.992273271,0.123833835],"shadowDarkenColor":[0,0,0,0]}
{"name":"track_altcheckpoint4asset0","class":"TSStatic","persistentId":"9de80c6b-0d2a-4789-9aa9-4835ba95a001","__parent":"trackAsset","position":[593.062683,181.919449,148.520248],"hidden":true,"isRenderEnabled":false,"rotationMatrix":[0.0592910647,-0.995209992,-0.0777248442,0.998108208,0.0578354597,0.0208486766,-0.0162535794,-0.0788139626,0.996756852],"scale":[1.37974739,1.28181958,1.37974739],"shapeName":"/levels/rls_west_coast_usa/art/shapes/race/sign_checkpoint.dae","useInstanceRenderData":true}
{"name":"track_altcheckpoint4asset1","class":"TSStatic","persistentId":"dbf60382-d2f6-4515-ba10-7ceaafdabcd2","__parent":"trackAsset","position":[594.670227,168.491516,147.377258],"hidden":true,"isRenderEnabled":false,"rotationMatrix":[0.0203269124,-0.998280942,-0.0549699068,0.999521911,0.0190098882,0.0243770964,-0.0232902337,-0.0554391406,0.998190403],"scale":[1.37974739,1.28181958,1.37974739],"shapeName":"/levels/rls_west_coast_usa/art/shapes/race/sign_checkpoint.dae","useInstanceRenderData":true}
{"name":"track_altcheckpoint4asset2","class":"SpotLight","persistentId":"fc326589-f735-497f-9c49-c3dd58773f67","__parent":"trackAsset","position":[596.828064,172.470154,156.305634],"brightness":20,"castShadows":true,"color":[0.883379698,0.877423406,0.200871959,1],"hidden":true,"innerAngle":10,"outerAngle":100,"range":15,"rotationMatrix":[-0.810228348,0.506560564,0.294834495,-0.261251032,0.138170004,-0.955331028,-0.524670243,-0.851061642,0.0203897357],"shadowDarkenColor":[0,0,0,0]}
{"name":"track_altcheckpoint5asset0","class":"TSStatic","persistentId":"1ccd7471-9a3e-4f25-9e41-4a2cba37655d","__parent":"trackAsset","position":[692.856689,131.280655,148.869781],"hidden":true,"isRenderEnabled":false,"rotationMatrix":[0.488798499,-0.872066438,0.0240017641,0.871372163,0.486706674,-0.0618634932,0.0422672629,0.0511532538,0.997795999],"scale":[1.37974739,1.28181958,1.37974739],"shapeName":"/levels/rls_west_coast_usa/art/shapes/race/sign_checkpoint.dae","useInstanceRenderData":true}
{"name":"track_altcheckpoint5asset1","class":"TSStatic","persistentId":"ac9b48c0-b670-47d3-a273-d26f29a1fec0","__parent":"trackAsset","position":[699.582092,119.812904,149.623764],"hidden":true,"isRenderEnabled":false,"rotationMatrix":[0.526504278,-0.843433082,0.106835693,0.84091419,0.535137296,0.0805685073,-0.125125915,0.0474199988,0.99100697],"scale":[1.37974739,1.28181958,1.37974739],"shapeName":"/levels/rls_west_coast_usa/art/shapes/race/sign_checkpoint.dae","useInstanceRenderData":true}
{"name":"track_altcheckpoint5asset2","class":"SpotLight","persistentId":"9ee49974-722d-4dce-b12f-5946317ed2e1","__parent":"trackAsset","position":[700.415039,126.397415,157.742599],"brightness":20,"castShadows":true,"color":[0.883379698,0.877423406,0.200871959,1],"hidden":true,"innerAngle":10,"outerAngle":100,"range":15,"rotationMatrix":[-0.952883005,0.122154698,0.277654171,-0.282284737,-0.0220416784,-0.959077299,-0.111035809,-0.992266119,0.0554858446],"shadowDarkenColor":[0,0,0,0]}
{"name":"track_altcheckpoint6asset2","class":"TSStatic","persistentId":"304cb53a-71eb-41ba-9b3c-6c9ef567c371","__parent":"trackAsset","position":[780.630127,424.790588,153.186981],"hidden":true,"isRenderEnabled":false,"rotationMatrix":[-0.321722269,-0.938851655,-0.122689053,0.946480453,-0.32243228,-0.0145710856,-0.0258788168,-0.120810628,0.992338181],"scale":[1.37974739,1.28181958,1.37974739],"shapeName":"/levels/rls_west_coast_usa/art/shapes/race/sign_checkpoint.dae","useInstanceRenderData":true}
{"name":"track_altcheckpoint6asset1","class":"TSStatic","persistentId":"0df6c14c-2f56-4ea2-b030-e3610641ad78","__parent":"trackAsset","position":[776.035706,412.303284,152.290955],"hidden":true,"isRenderEnabled":false,"rotationMatrix":[-0.384203315,-0.922681332,-0.0323529691,0.922527313,-0.385052204,0.0260374844,-0.0364818871,-0.0198428109,0.999137282],"scale":[1.37974739,1.28181958,1.37974739],"shapeName":"/levels/rls_west_coast_usa/art/shapes/race/sign_checkpoint.dae","useInstanceRenderData":true}
