{"name":"track_startasset0","class":"TSStatic","persistentId":"1a82a94d-4eca-4e74-9c27-4509af6f5eb9","__parent":"trackAsset","position":[46.4408531,-171.180496,124.956589],"hidden":true,"isRenderEnabled":false,"rotationMatrix":[-0.416609645,0.906735837,0.0653187633,-0.908676326,-0.417501211,-7.4505806e-09,0.0272706561,-0.0593536161,0.997864425],"scale":[1.37974739,1.28181958,1.37974739],"shapeName":"/levels/rls_west_coast_usa/art/shapes/race/sign_checkpoint.dae","useInstanceRenderData":true}
{"name":"track_startasset1","class":"TSStatic","persistentId":"7d9b9367-0344-4eb0-8fd0-0a9ba91d88cc","__parent":"trackAsset","position":[54.6548195,-185.659378,124.330322],"hidden":true,"isRenderEnabled":false,"rotationMatrix":[-0.437518835,0.898912549,-0.023090411,-0.899152279,-0.437635541,2.79396772e-09,-0.0101051852,0.0207617991,0.999733388],"scale":[1.37974739,1.28181958,1.37974739],"shapeName":"/levels/rls_west_coast_usa/art/shapes/race/sign_checkpoint.dae","useInstanceRenderData":true}
{"name":"track_startasset2","class":"SpotLight","persistentId":"a4cb70c2-8e74-488b-977b-a499aae83fc6","__parent":"trackAsset","position":[47.9300041,-181.562637,135.563736],"brightness":20,"castShadows":true,"color":[0.883379698,0.877423406,0.200871959,1],"hidden":true,"innerAngle":10,"outerAngle":100,"range":15,"rotationMatrix":[0.973441303,0.0161340684,0.228367537,0.22402136,0.138465345,-0.964697897,-0.0471855104,0.990235984,0.131173491]}
{"name":"track_routeInfoasset0","class":"TSStatic","persistentId":"200a493f-38ed-440d-ad53-bd3df1bf10e7","__parent":"trackAsset","position":[51.3771248,-163.960358,124.802536],"hidden":true,"isRenderEnabled":false,"rotationMatrix":[0.906204581,0.422806114,0.00531751988,-0.422753602,0.90569526,0.0315524079,0.00852449704,-0.0308409389,0.999487936],"shapeName":"/levels/rls_west_coast_usa/art/shapes/objects/constructionbarrier_arrows.dae","useInstanceRenderData":true}
{"name":"track_routeInfoasset1","class":"TSStatic","persistentId":"1c509198-9a86-4f58-9b63-8000be028586","__parent":"trackAsset","position":[50.3890152,-167.261322,124.763237],"hidden":true,"isRenderEnabled":false,"rotationMatrix":[-0.627945781,0.778256774,0,-0.778256774,-0.627945781,0,0,0,1],"shapeName":"/levels/rls_west_coast_usa/art/shapes/objects/constructionbarrier_arrows.dae","useInstanceRenderData":true}
{"name":"track_routeInfoasset2","class":"TSStatic","persistentId":"d6a73b69-2c6a-424c-981f-2d3b4659a40b","__parent":"trackAsset","position":[62.1834526,-125.519203,127.082039],"hidden":true,"isRenderEnabled":false,"rotationMatrix":[0.737245202,-0.675148726,-0.0253713839,0.675609469,0.736964345,0.0208626483,0.00461241137,-0.0325220376,0.999460399],"shapeName":"/levels/rls_west_coast_usa/art/shapes/objects/constructionbarrier_arrows.dae","useInstanceRenderData":true}
{"name":"track_routeInfoasset3","class":"TSStatic","persistentId":"ab71c13b-464a-4dc0-ba91-5bc4170bdc1e","__parent":"trackAsset","position":[69.7926178,-119.006248,127.368935],"hidden":true,"isRenderEnabled":false,"rotationMatrix":[0.483036578,-0.867010951,-0.122341923,0.874098063,0.485658407,0.00940137729,0.051265277,-0.111480057,0.992443502],"shapeName":"/levels/rls_west_coast_usa/art/shapes/objects/constructionbarrier_arrows.dae","useInstanceRenderData":true}
{"name":"track_startasset3","class":"TSStatic","persistentId":"f0a4b097-b8e5-44b5-9563-346bc96535ed","__parent":"trackAsset","position":[68.397789,-140.952271,126.008919],"hidden":true,"isRenderEnabled":false,"rotationMatrix":[0.92975831,-0.368130445,0.00543001853,0.367353797,0.928576767,0.0528810509,-0.0245093144,-0.0471718572,0.998586059],"scale":[1.37974739,1.28181958,1.37974739],"shapeName":"/levels/rls_west_coast_usa/art/shapes/race/sign_checkpoint.dae","useInstanceRenderData":true}
{"name":"track_startasset4","class":"TSStatic","persistentId":"8a9dfda9-fe49-486a-827b-4cdacdcd25cb","__parent":"trackAsset","position":[54.5588455,-137.376785,126.586678],"hidden":true,"isRenderEnabled":false,"rotationMatrix":[0.952281594,-0.300314814,-0.0545051135,0.303899378,0.949517369,0.0778580159,0.0283716358,-0.0907068253,0.995473444],"scale":[1.37974739,1.28181958,1.37974739],"shapeName":"/levels/rls_west_coast_usa/art/shapes/race/sign_checkpoint.dae","useInstanceRenderData":true}
{"name":"track_startasset5","class":"SpotLight","persistentId":"3fa1c170-91cb-49a2-b493-59d5e39df21e","__parent":"trackAsset","position":[63.5031357,-136.216324,137.572052],"brightness":20,"castShadows":true,"color":[0.883379698,0.877423406,0.200871959,1],"hidden":true,"innerAngle":10,"outerAngle":100,"range":15,"rotationMatrix":[-0.78689146,-0.573280215,0.228367582,-0.103558242,-0.242144465,-0.964697778,0.608340085,-0.782761753,0.131173432],"shadowDarkenColor":[0,0,0,0]}
