//--- OBJECT WRITE BEGIN ---
$ThisPrefab = new SimGroup() {
   order_simset = "0";
   canSave = "1";
   canSaveDynamicFields = "1";
      groupPosition = "0 0 0";

   new TSStatic() {
      shapeName = "/levels/rls_west_coast_usa/art/shapes/objects/garbage_sack.dae";
      dynamic = "0";
      playAmbient = "1";
      meshCulling = "0";
      originSort = "0";
      useInstanceRenderData = "1";
      instanceColor = "White";
      collisionType = "Collision Mesh";
      decalType = "Collision Mesh";
      prebuildCollisionData = "0";
      renderNormals = "0";
      forceDetail = "-1";
      position = "-257.748962 -93.6259079 120.024033";
      scale = "1 1 1";
      rotationMatrix = "0.696011841 -0.594998598 -0.401925474 -0.682113171 -0.722725272 -0.111310072 -0.224252328 0.351631731 -0.908881545";
      isRenderEnabled = "false";
      mode = "Ignore";
      order_simset = "419";
      canSave = "1";
      canSaveDynamicFields = "1";
      persistentId = "91df86f2-8878-45f8-a781-f5090c51e348";
   };
   new TSStatic() {
      shapeName = "/levels/rls_west_coast_usa/art/shapes/objects/garbage_sack.dae";
      dynamic = "0";
      playAmbient = "1";
      meshCulling = "0";
      originSort = "0";
      useInstanceRenderData = "1";
      instanceColor = "White";
      collisionType = "Collision Mesh";
      decalType = "Collision Mesh";
      prebuildCollisionData = "0";
      renderNormals = "0";
      forceDetail = "-1";
      position = "-258.558289 -93.9463501 119.434998";
      scale = "1 1 1";
      rotationMatrix = "-0.0106478548 0.999943316 0 -0.999943316 -0.0106478548 0 0 0 1";
      isRenderEnabled = "false";
      mode = "Ignore";
      order_simset = "419";
      canSave = "1";
      canSaveDynamicFields = "1";
      persistentId = "6d9562c4-8676-41dc-a739-47d73a39ea07";
   };
   new TSStatic() {
      shapeName = "/levels/rls_west_coast_usa/art/shapes/objects/garbage_sack.dae";
      dynamic = "0";
      playAmbient = "1";
      meshCulling = "0";
      originSort = "0";
      useInstanceRenderData = "1";
      instanceColor = "White";
      collisionType = "Collision Mesh";
      decalType = "Collision Mesh";
      prebuildCollisionData = "0";
      renderNormals = "0";
      forceDetail = "-1";
      position = "-258.754456 -93.2067108 119.555374";
      scale = "1 1 1";
      rotationMatrix = "-0.605219364 -0.475946456 -0.638110042 0.585818887 -0.809030414 0.0478071049 -0.539004028 -0.344883144 0.768459201";
      isRenderEnabled = "false";
      mode = "Ignore";
      order_simset = "419";
      canSave = "1";
      canSaveDynamicFields = "1";
      persistentId = "63a57c3d-a243-4566-a028-fdeba7b059cf";
   };
   new TSStatic() {
      shapeName = "/levels/rls_west_coast_usa/art/shapes/objects/garbage_sack.dae";
      dynamic = "0";
      playAmbient = "1";
      meshCulling = "0";
      originSort = "0";
      useInstanceRenderData = "1";
      instanceColor = "White";
      collisionType = "Collision Mesh";
      decalType = "Collision Mesh";
      prebuildCollisionData = "0";
      renderNormals = "0";
      forceDetail = "-1";
      position = "-258.206635 -93.0937729 119.921829";
      scale = "1 1 1";
      rotationMatrix = "-0.875833213 0.475642443 -0.0817348734 -0.464865804 -0.876943827 -0.121940091 -0.129676774 -0.0688034222 0.989166379";
      isRenderEnabled = "false";
      mode = "Ignore";
      order_simset = "419";
      canSave = "1";
      canSaveDynamicFields = "1";
      persistentId = "9d3339ee-d0e2-4957-b76a-9a591535d915";
   };
   new TSStatic() {
      shapeName = "/levels/rls_west_coast_usa/art/shapes/objects/garbage_sack.dae";
      dynamic = "0";
      playAmbient = "1";
      meshCulling = "0";
      originSort = "0";
      useInstanceRenderData = "1";
      instanceColor = "White";
      collisionType = "Collision Mesh";
      decalType = "Collision Mesh";
      prebuildCollisionData = "0";
      renderNormals = "0";
      forceDetail = "-1";
      position = "-258.206635 -93.0937729 119.673477";
      scale = "1 1 1";
      rotationMatrix = "0.97192204 0.222106233 0.0776944533 -0.221399963 0.975022495 -0.0176984854 -0.079684779 0 0.996820092";
      isRenderEnabled = "false";
      mode = "Ignore";
      order_simset = "419";
      canSave = "1";
      canSaveDynamicFields = "1";
      persistentId = "c8b0f978-30c8-4a99-864a-56f9ba1aeaec";
   };
   new TSStatic() {
      shapeName = "/levels/rls_west_coast_usa/art/shapes/objects/garbage_sack.dae";
      dynamic = "0";
      playAmbient = "1";
      meshCulling = "0";
      originSort = "0";
      useInstanceRenderData = "1";
      instanceColor = "White";
      collisionType = "Collision Mesh";
      decalType = "Collision Mesh";
      prebuildCollisionData = "0";
      renderNormals = "0";
      forceDetail = "-1";
      position = "-258.206635 -93.0937729 119.434998";
      scale = "1 1 1";
      rotationMatrix = "1 0 0 0 1 0 0 0 1";
      isRenderEnabled = "false";
      mode = "Ignore";
      order_simset = "419";
      canSave = "1";
      canSaveDynamicFields = "1";
   };
   new TSStatic() {
      shapeName = "/levels/rls_west_coast_usa/art/shapes/objects/garbage_sack.dae";
      dynamic = "0";
      playAmbient = "1";
      meshCulling = "0";
      originSort = "0";
      useInstanceRenderData = "1";
      instanceColor = "White";
      collisionType = "Collision Mesh";
      decalType = "Collision Mesh";
      prebuildCollisionData = "0";
      renderNormals = "0";
      forceDetail = "-1";
      position = "-258.278107 -92.8563919 119.555374";
      scale = "1 1 1";
      rotationMatrix = "-0.978536427 -0.205800518 0.0106116608 0.0607203208 -0.238738149 0.969183505 -0.196925104 0.949025571 0.24611026";
      isRenderEnabled = "false";
      mode = "Ignore";
      order_simset = "419";
      canSave = "1";
      canSaveDynamicFields = "1";
      persistentId = "7272d80a-f6fe-473b-8c6e-f40e30b53758";
   };
   new TSStatic() {
      shapeName = "/levels/rls_west_coast_usa/art/shapes/objects/garbage_sack.dae";
      dynamic = "0";
      playAmbient = "1";
      meshCulling = "0";
      originSort = "0";
      useInstanceRenderData = "1";
      instanceColor = "White";
      collisionType = "Collision Mesh";
      decalType = "Collision Mesh";
      prebuildCollisionData = "0";
      renderNormals = "0";
      forceDetail = "-1";
      position = "-257.786987 -93.6384354 119.646103";
      scale = "1 1 1";
      rotationMatrix = "0.965156496 0.261502564 0.00943959411 0.2615152 -0.965199351 -0.000100517129 0.00908480491 0.00256561209 -0.999955297";
      isRenderEnabled = "false";
      mode = "Ignore";
      order_simset = "419";
      canSave = "1";
      canSaveDynamicFields = "1";
      persistentId = "8d7ccf0e-4976-4042-aeb4-8a5da6eccfe6";
   };
};
//--- OBJECT WRITE END ---

