{"class":"DecalRoad","persistentId":"026691d5-b550-46f6-b959-25f9838d0120","__parent":"SimGroup_","position":[532.627075,-478.829102,152.247284],"decalBias":0.00200000009,"improvedSpline":true,"material":"m_mud_water","nodes":[[532.627075,-478.829102,152.247284,12],[666.075806,-428.344025,152.348434,10]],"renderPriority":20,"startEndFade":[10,10]}
{"class":"DecalRoad","persistentId":"0415467d-8ac9-4de8-87b8-f868bb6193ed","__parent":"SimGroup_","position":[661.573975,-429.547394,152.395569],"improvedSpline":true,"material":"m_dirt_tiretracks_02","nodes":[[661.573975,-429.547394,152.395569,3],[672.336243,-425.679443,152.20195,3],[689.623596,-419.301086,151.709396,3],[704.571289,-413.701385,152.729813,3],[728.948792,-403.102905,155.284073,3],[754.157898,-391.563171,158.112411,3],[765.294617,-384.456665,159.53067,3],[776.139465,-377.898987,159.839722,3],[782.088501,-371.841064,159.810837,3],[780.979614,-366.583832,159.799347,3],[780.384094,-361.714874,159.53627,3]],"startEndFade":[1,1]}
{"class":"DecalRoad","persistentId":"0484957b-7ecd-48ee-8167-9f01d32e9646","__parent":"SimGroup_","position":[519.04425,-470.587341,152.157623],"improvedSpline":true,"material":"m_dirt_tiretracks_02","nodes":[[519.04425,-470.587341,152.157623,3],[521.422546,-469.470306,152.263535,3],[525.533691,-467.921356,152.248016,3],[527.690552,-467.168396,152.1996,3]],"startEndFade":[3,3]}
{"class":"DecalRoad","persistentId":"05cf1e43-e036-45d6-8a40-18ca7441fca3","__parent":"SimGroup_","position":[517.254395,-469.759857,152.113235],"improvedSpline":true,"material":"m_dirt_tiretracks","nodes":[[517.254395,-469.759857,152.113235,3],[519.842651,-468.352051,152.270889,3],[523.193115,-466.652771,152.325882,3],[529.1521,-463.971375,152.208771,3]],"startEndFade":[2,2]}
{"class":"DecalRoad","persistentId":"0a483068-3045-4145-bb62-a5f1b7130c8e","__parent":"SimGroup_","position":[483.369019,-470.884186,151.339584],"improvedSpline":true,"material":"road_gravel","nodes":[[483.369019,-470.884186,151.339584,3],[487.407898,-474.987793,151.232925,3],[492.792969,-475.094269,151.87001,3]],"startEndFade":[4,4]}
{"class":"DecalRoad","persistentId":"11ce5d45-e1de-48f4-bc37-4928a7abe624","__parent":"SimGroup_","position":[530.082703,-473.420746,152.296143],"improvedSpline":true,"material":"m_mud_water","nodes":[[530.082703,-473.420746,152.296143,7],[663.824646,-422.671967,152.294479,7]],"renderPriority":20,"startEndFade":[10,10]}
{"class":"DecalRoad","persistentId":"1561edcc-c96e-43ee-897e-b7992e2a2d31","__parent":"SimGroup_","position":[531.276611,-477.876099,152.331558],"improvedSpline":true,"material":"m_mud_tiretracks","nodes":[[531.276611,-477.876099,152.331558,3],[535.70697,-475.645416,152.357422,3],[541.118286,-471.187195,152.383728,3],[550.197205,-467.208435,152.398773,3],[562.62677,-462.588806,152.392761,3],[575.841553,-457.517517,152.388687,3],[583.186401,-455.484406,152.389496,3],[601.435303,-450.97287,152.38121,3],[619.108765,-446.63266,152.227905,3],[642.010071,-438.450226,152.211853,3],[659.950562,-429.693909,152.394699,3],[671.086914,-425.664093,152.271332,3],[676.176819,-422.80899,152.080551,3]],"startEndFade":[10,10],"textureLength":15}
{"class":"DecalRoad","persistentId":"1963c538-6a7f-43d1-b8db-390d81daace4","__parent":"SimGroup_","position":[486.898682,-483.507202,151.649719],"improvedSpline":true,"material":"road_gravel","nodes":[[486.898682,-483.507202,151.649719,3],[488.94519,-479.750977,151.512375,3],[493.447662,-478.684113,152.062027,3],[501.376953,-480.140869,152.070206,3]],"startEndFade":[5,5]}
{"class":"DecalRoad","persistentId":"1e037bab-9e5c-484e-a3a0-9d89788ce4c1","__parent":"SimGroup_","position":[502.698456,-473.442688,151.814743],"improvedSpline":true,"material":"road_gravel","nodes":[[502.698456,-473.442688,151.814743,3],[508.469604,-472.870178,151.818893,3],[512.412354,-472.09433,151.857361,3]],"startEndFade":[5,5]}
{"class":"DecalRoad","persistentId":"1e7dd5f4-dbd2-421c-8160-6ab21b5aca42","__parent":"SimGroup_","position":[524.888184,-466.950348,152.30043],"improvedSpline":true,"material":"m_mud_tiretracks","nodes":[[524.888184,-466.950348,152.30043,3],[529.318542,-464.719666,152.20108,3],[534.729858,-460.261444,152.205948,3],[543.808777,-456.282684,152.240005,3],[556.238342,-451.663055,152.247406,3],[569.453125,-446.591766,152.266052,3],[576.797974,-444.558655,152.278671,3],[595.046875,-440.047119,152.300446,3],[612.720337,-435.706909,152.152634,3],[635.621643,-427.524475,152.317245,3],[653.562134,-418.768158,152.398895,3],[664.698486,-414.738342,152.256683,3],[668.903503,-411.576172,152.175217,3]],"startEndFade":[10,10],"textureLength":15}
{"class":"DecalRoad","persistentId":"20588543-aa3d-450a-a385-a8b06352b8c2","__parent":"SimGroup_","position":[532.402832,-459.676819,152.131989],"improvedSpline":true,"material":"m_mud_tiretracks","nodes":[[532.402832,-459.676819,152.131989,3],[538.103577,-458.11203,152.186371,3],[543.48645,-457.922638,152.290497,3],[558.669128,-453.805634,152.296036,3],[578.877075,-448.198853,152.243469,3],[607.96637,-435.088531,152.299454,3],[632.872925,-426.729523,152.381348,3],[656.440369,-416.936066,152.407639,3],[663.984619,-413.792175,152.314178,3]],"renderPriority":5,"startEndFade":[10,10],"textureLength":15}
{"class":"DecalRoad","persistentId":"21b92b57-e7ba-4344-93f2-597325b3512d","__parent":"SimGroup_","position":[524.74884,-463.880615,152.276581],"improvedSpline":true,"material":"m_mud_furrows","nodes":[[524.74884,-463.880615,152.276581,5],[559.980042,-450.321625,152.242447,5],[619.953308,-429.039154,152.389542,5],[657.912842,-411.804291,152.187195,5]],"startEndFade":[10,10]}
{"class":"DecalRoad","persistentId":"2d92cab6-6df3-4e75-9982-8743fa72016f","__parent":"SimGroup_","position":[530.46521,-472.458588,152.247009],"improvedSpline":true,"material":"m_mud_furrows","nodes":[[530.46521,-472.458588,152.247009,5],[584.720398,-452.172699,152.151077,5],[663.927246,-422.176208,152.234818,5]],"startEndFade":[1,1]}
{"class":"DecalRoad","persistentId":"3264b711-ce75-4085-924f-76336afa7bf4","__parent":"SimGroup_","position":[516.629639,-445.730927,151.794937],"improvedSpline":true,"material":"road_gravel","nodes":[[516.629639,-445.730927,151.794937,3],[507.767731,-451.85907,151.751892,3],[509.375916,-459.023071,151.786987,3],[513.440247,-464.818573,151.832047,3],[518.348389,-465.751129,152.193558,3]],"startEndFade":[15,15]}
{"class":"DecalRoad","persistentId":"36cabb8b-3f0f-47d1-895d-22a1cfba042d","__parent":"SimGroup_","position":[520.107849,-476.446075,152.001144],"improvedSpline":true,"material":"m_dirt_tiretracks","nodes":[[520.107849,-476.446075,152.001144,3],[523.736816,-475.879639,152.207062,3],[526.39978,-475.204071,152.279251,3],[533.532959,-474.190765,152.372818,3]],"startEndFade":[3,3]}
{"class":"DecalRoad","persistentId":"3b1e0cb0-2f43-4c27-8972-ffedc8294bb1","__parent":"SimGroup_","position":[533.280884,-479.319427,152.177567],"improvedSpline":true,"material":"m_mud_furrows","nodes":[[533.280884,-479.319427,152.177567,5],[590.778809,-457.176086,152.282928,5],[666.053345,-428.489166,152.34024,5]],"startEndFade":[10,10]}
{"class":"DecalRoad","persistentId":"3b43cc65-dfe5-4e4e-8dda-9db2e0222080","__parent":"SimGroup_","position":[751.538574,-373.068939,158.337128],"improvedSpline":true,"material":"ChaulkLine","nodes":[[751.538574,-373.068939,158.337128,1],[523.008179,-459.490051,151.863693,1]],"textureLength":20}
{"class":"DecalRoad","persistentId":"3be79e99-4155-4414-aef7-8984b4f34f11","__parent":"SimGroup_","position":[524.076782,-461.532837,152.094421],"improvedSpline":true,"material":"m_mud_furrows","nodes":[[524.076782,-461.532837,152.094421,5],[578.33197,-441.246948,152.050003,5],[657.538818,-411.250458,152.083969,5]],"startEndFade":[1,1]}
{"class":"DecalRoad","persistentId":"47dcce07-cbc4-47c0-92f1-55064529126c","__parent":"SimGroup_","position":[499.233429,-478.911224,152.170654],"improvedSpline":true,"material":"road_gravel","nodes":[[499.233429,-478.911224,152.170654,3],[507.591797,-482.077698,151.812119,3],[513.782715,-483.056976,151.822937,3]],"startEndFade":[7,7]}
{"class":"DecalRoad","persistentId":"5289fc84-ccef-42e8-9f39-04dee0a0bf9a","__parent":"SimGroup_","position":[501.691711,-476.36557,151.887192],"improvedSpline":true,"material":"road_gravel","nodes":[[501.691711,-476.36557,151.887192,3],[510.715912,-473.14502,151.824203,3],[515.931458,-469.841644,152.05751,3]],"startEndFade":[5,5]}
{"class":"DecalRoad","persistentId":"54b0d647-cc3f-48e7-ab59-ec3daa147ce1","__parent":"SimGroup_","position":[515.182861,-450.513214,151.803558],"improvedSpline":true,"material":"road_gravel","nodes":[[515.182861,-450.513214,151.803558,3],[512.430786,-455.820557,151.806396,3],[511.643646,-460.550995,151.817917,3]],"startEndFade":[5,5]}
{"class":"DecalRoad","persistentId":"56f796db-9fbf-4d0d-9772-954e4d2e3e1b","__parent":"SimGroup_","position":[530.76001,-476.189056,152.365021],"improvedSpline":true,"material":"m_mud_tiretracks","nodes":[[530.76001,-476.189056,152.365021,3],[535.779419,-474.294037,152.368759,3],[542.151184,-473.204498,152.370193,3],[547.655701,-471.462769,152.369202,3],[553.15387,-469.089172,152.391205,3],[559.519653,-467.315826,152.394287,3],[569.971497,-464.283722,152.351517,3],[583.15686,-458.670959,152.372635,3],[596.247864,-452.25061,152.403976,3],[617.807861,-442.628723,152.406555,3],[642.560242,-433.605469,152.409851,3],[662.997986,-426.485962,152.415634,3]],"renderPriority":5,"startEndFade":[10,10],"textureLength":15}
{"class":"DecalRoad","persistentId":"5a9b8aea-5b16-42a3-8d1c-aa7885f94713","__parent":"SimGroup_","position":[657.772583,-415.065063,152.392059],"improvedSpline":true,"material":"m_dirt_tiretracks_02","nodes":[[657.772583,-415.065063,152.392059,3],[670.849792,-410.54599,152.070328,3],[703.76123,-398.650543,153.101349,3],[739.768921,-383.829285,157.315643,3]],"startEndFade":[1,1]}
{"class":"DecalRoad","persistentId":"63328af5-22dc-4d7a-a79a-6ce87ff02486","__parent":"SimGroup_","position":[527.193481,-465.135498,152.270187],"improvedSpline":true,"material":"m_dirt_road_flows","nodes":[[527.193481,-465.135498,152.270187,23],[658.675415,-415.576508,152.403534,23]],"renderPriority":40,"startEndFade":[10,10]}
{"class":"DecalRoad","persistentId":"67471c56-7947-4181-87ea-50240ab269fc","__parent":"SimGroup_","position":[513.375244,-444.425537,151.767044],"improvedSpline":true,"material":"road_gravel","nodes":[[513.375244,-444.425537,151.767044,3],[508.951569,-447.443573,151.732452,3],[504.70285,-451.65213,151.666412,3],[502.386841,-456.905151,151.626312,3],[500.793823,-462.979492,151.657822,3],[500.144287,-467.908417,151.76619,3],[500.605133,-475.482147,151.933228,3]],"startEndFade":[5,5]}
{"class":"DecalRoad","persistentId":"6b672331-c869-4302-b9d7-3d34bdeca385","__parent":"SimGroup_","position":[655.970154,-411.785187,152.048813],"improvedSpline":true,"material":"m_dirt_tiretracks","nodes":[[655.970154,-411.785187,152.048813,3],[669.987854,-407.959229,152.049866,3],[703.57312,-394.160675,153.107697,3],[744.360229,-381.060059,157.737762,3],[758.742798,-373.594147,159.397491,3],[766.393127,-370.770447,159.816711,3],[773.612366,-367.725586,159.816711,3],[776.670227,-363.274872,159.660034,3]],"startEndFade":[1,1]}
{"class":"DecalRoad","persistentId":"6be9fc78-7850-4d32-a573-44e4ae5c098d","__parent":"SimGroup_","position":[530.383118,-439.705048,151.057129],"improvedSpline":true,"material":"road_gravel","nodes":[[530.383118,-439.705048,151.057129,3],[517.4021,-448.988831,151.812912,3],[509.821045,-463.732727,151.798721,3],[497.462097,-474.512482,152.0224,3],[490.261841,-476.762909,151.706268,3],[485.107208,-478.792847,151.455109,3],[481.003693,-483.057465,151.649612,3],[480.763428,-488.470154,151.928513,3]],"startEndFade":[10,20]}
{"class":"DecalRoad","persistentId":"6c5d1dab-64d8-43d6-87c6-ffc791a88c54","__parent":"SimGroup_","position":[531.137268,-474.806366,152.369904],"improvedSpline":true,"material":"m_mud_furrows","nodes":[[531.137268,-474.806366,152.369904,5],[566.368469,-461.247375,152.39064,5],[626.341736,-439.964905,152.412582,5],[664.30127,-422.730042,152.327652,5]],"startEndFade":[10,10]}
{"class":"DecalRoad","persistentId":"7a6cd9c8-313d-4faf-9800-291beab3a490","__parent":"SimGroup_","position":[516.817261,-467.28717,152.161255],"improvedSpline":true,"material":"m_dirt_tiretracks_02","nodes":[[516.817261,-467.28717,152.161255,3],[519.878052,-466.516998,152.277969,3],[526.800293,-463.837128,152.258179,3]],"startEndFade":[3,3]}
{"class":"DecalRoad","persistentId":"7f777291-ad92-43e4-85f6-ad082677c1cd","__parent":"SimGroup_","position":[520.041992,-479.534424,152.066818],"improvedSpline":true,"material":"m_dirt_tiretracks_02","nodes":[[520.041992,-479.534424,152.066818,3],[523.102783,-478.764252,152.315842,3],[530.025024,-476.084381,152.367783,3]],"startEndFade":[3,3]}
{"class":"DecalRoad","persistentId":"83ce8c0a-cc86-457d-b0fe-7f3a06be053c","__parent":"SimGroup_","position":[689.208313,-410.175201,151.383087],"improvedSpline":true,"material":"road_invisible","nodes":[[689.208313,-410.175201,151.383087,1],[517.761841,-474.996399,151.893723,1]],"startEndFade":[5,5],"textureLength":20}
{"class":"DecalRoad","persistentId":"83e3d6cb-c8d7-4f4e-b782-0abe128cd63d","__parent":"SimGroup_","position":[516.485596,-448.164856,151.803284],"improvedSpline":true,"material":"road_gravel","nodes":[[516.485596,-448.164856,151.803284,3],[509.414185,-454.602203,151.775482,3],[504.64679,-460.017609,151.72377,3],[502.067108,-466.09549,151.751083,3],[505.290436,-476.120819,151.805328,3],[512.662476,-481.783569,151.822937,3],[518.815308,-480.297363,151.965576,3]],"startEndFade":[10,10]}
{"class":"DecalRoad","persistentId":"8893abc4-4a4c-4af3-ae1b-df117247877f","__parent":"SimGroup_","position":[533.581909,-476.061249,152.362167],"improvedSpline":true,"material":"m_dirt_road_flows","nodes":[[533.581909,-476.061249,152.362167,23],[665.063843,-426.502258,152.406525,23]],"renderPriority":40,"startEndFade":[10,10]}
{"class":"DecalRoad","persistentId":"8c6adb11-9c19-4c56-bb0d-86235bd34574","__parent":"SimGroup_","position":[661.33728,-425.110992,152.381546],"improvedSpline":true,"material":"m_dirt_tiretracks_02","nodes":[[661.33728,-425.110992,152.381546,3],[666.422058,-422.817413,152.318802,3],[674.894348,-420.713562,152.059723,3],[698.614746,-414.886536,151.981796,3],[710.192749,-410.611725,153.554138,3],[738.243042,-398.282227,156.398544,3],[749.046753,-393.790314,157.510162,3],[761.865295,-385.238312,159.164825,3],[773.060852,-376.490265,159.948502,3],[779.731201,-370.726746,159.810837,3],[779.191284,-363.81366,159.690628,3],[779.364258,-359.085968,158.841278,3]],"startEndFade":[1,1]}
{"class":"DecalRoad","persistentId":"907edec0-7dcb-4685-96f0-941e1bbf2a66","__parent":"SimGroup_","position":[518.029053,-449.758575,151.821686],"improvedSpline":true,"material":"m_dirt_tiretracks","nodes":[[518.029053,-449.758575,151.821686,4],[521.69635,-445.751709,151.70549,4],[525.669312,-443.355835,151.365601,4],[530.78717,-442.177979,151.146698,4],[542.084106,-440.623047,150.787003,4],[552.25531,-439.286804,150.786041,4]],"startEndFade":[2,2]}
{"class":"DecalRoad","persistentId":"954bc64b-5261-44ab-9b36-27960875b507","__parent":"SimGroup_","position":[522.931885,-459.148651,151.843857],"improvedSpline":true,"material":"ChaulkLine","nodes":[[522.931885,-459.148651,151.843857,0.5],[532.226746,-483.491821,151.835709,0.5]]}
{"class":"DecalRoad","persistentId":"98627596-f2a0-4b48-acaa-26802fc0e789","__parent":"SimGroup_","position":[661.728271,-426.832184,152.408615],"improvedSpline":true,"material":"m_dirt_tiretracks","nodes":[[661.728271,-426.832184,152.408615,3],[677.06488,-420.394318,151.975388,3],[700.632263,-409.701416,152.329453,3],[736.946228,-395.105896,156.41748,3],[752.340332,-389.026245,158.072144,3],[760.554871,-384.801849,159.054993,3],[770.608337,-373.564362,159.866913,3],[774.838745,-366.499146,159.816696,3]],"startEndFade":[1,1]}
{"class":"DecalRoad","persistentId":"9e1a6e13-a5f4-49dd-877a-0f3f4c1f2f43","__parent":"SimGroup_","position":[656.268311,-414.545471,152.359329],"improvedSpline":true,"material":"m_dirt_tiretracks_02","nodes":[[656.268311,-414.545471,152.359329,3],[661.353088,-412.251892,152.339508,3],[669.825378,-410.148041,152.128204,3],[693.545776,-404.321014,151.565216,3],[705.123779,-400.046204,153.243057,3],[733.174072,-387.716705,156.390335,3],[743.977783,-383.224792,157.626205,3],[754.285156,-380.116455,158.681793,3],[768.914917,-371.592987,159.816711,3],[774.428284,-364.650787,159.816711,3],[779.132874,-359.248901,158.874161,3],[779.599426,-352.38974,156.535904,3]],"startEndFade":[1,1]}
{"class":"DecalRoad","persistentId":"9e4f9a6d-110d-4a55-8e89-6b58b914f5e2","__parent":"SimGroup_","position":[524.371582,-465.263306,152.325851],"improvedSpline":true,"material":"m_mud_tiretracks","nodes":[[524.371582,-465.263306,152.325851,3],[529.390991,-463.368286,152.196747,3],[535.814819,-462.72699,152.208145,3],[541.78302,-462.055267,152.180496,3],[547.313904,-459.90686,152.208191,3],[553.141418,-455.880463,152.305222,3],[562.437744,-450.24765,152.275497,3],[574.996704,-444.290039,152.214722,3],[589.131775,-439.179443,152.249557,3],[611.532837,-430.692169,152.260818,3],[636.171814,-422.679718,152.384628,3],[656.609558,-415.560211,152.389069,3]],"renderPriority":5,"startEndFade":[10,10],"textureLength":15}
{"class":"DecalRoad","persistentId":"a3467a01-3472-4df5-8a0d-883751be4998","__parent":"SimGroup_","position":[516.103577,-446.035645,151.794403],"improvedSpline":true,"material":"road_gravel","nodes":[[516.103577,-446.035645,151.794403,3],[507.153656,-454.830444,151.754303,3],[506.593842,-462.77417,151.77066,3],[508.900818,-474.85141,151.819412,3],[516.610779,-483.655334,151.824249,3],[521.455688,-483.169373,152.071732,3]],"startEndFade":[20,20]}
{"class":"DecalRoad","persistentId":"a497e76f-073e-4e77-8ef6-1645f7f86a1e","__parent":"SimGroup_","position":[523.694275,-462.494995,152.179138],"improvedSpline":true,"material":"m_mud_water","nodes":[[523.694275,-462.494995,152.179138,7],[657.436218,-411.746216,152.14444,7]],"renderPriority":20,"startEndFade":[10,10]}
{"class":"DecalRoad","persistentId":"ac1d65fd-386e-4c3e-a24b-e1be8164765e","__parent":"SimGroup_","position":[657.961975,-417.699005,152.366913],"improvedSpline":true,"material":"m_dirt_tiretracks","nodes":[[657.961975,-417.699005,152.366913,3],[673.091431,-411.708557,151.915039,3],[695.563293,-399.135895,151.852982,3],[731.877258,-384.540375,156.308472,3],[747.271362,-378.460724,157.976913,3],[754.005371,-377.217377,158.781219,3],[766.912231,-373.129944,159.816711,3],[771.713013,-370.302063,159.807297,3],[779.274719,-363.630768,159.679199,3],[780.479309,-358.664154,158.851868,3],[778.661499,-353.222626,156.644852,3],[774.284851,-349.171417,154.852783,3],[770.687134,-348.544617,154.341644,3]],"startEndFade":[1,1]}
{"class":"DecalRoad","persistentId":"add3feb7-b0e9-4638-8374-98eee97d1ea0","__parent":"SimGroup_","position":[520.479126,-482.007111,152.058884],"improvedSpline":true,"material":"m_dirt_tiretracks","nodes":[[520.479126,-482.007111,152.058884,3],[523.067383,-480.599304,152.288223,3],[526.417847,-478.900024,152.365036,3],[534.527161,-475.662567,152.365738,3]],"startEndFade":[2,2]}
{"class":"DecalRoad","persistentId":"b5d510b6-c8d4-44dd-8b31-a4d68e37e248","__parent":"SimGroup_","position":[534.34436,-463.250854,152.196167],"improvedSpline":true,"material":"m_mud_tiretracks","nodes":[[534.34436,-463.250854,152.196167,3],[539.020996,-460.290314,152.251633,3],[546.707336,-457.815399,152.30542,3]],"startEndFade":[10,10]}
{"class":"DecalRoad","persistentId":"b6ae1b7c-12ad-4a92-a30d-e5b3ceaf6c49","__parent":"SimGroup_","position":[530.227234,-474.615601,152.355621],"improvedSpline":true,"material":"m_mud_tiretracks","nodes":[[530.227234,-474.615601,152.355621,3],[537.799133,-471.610596,152.372925,3],[565.257568,-459.21994,152.097473,3],[589.127808,-450.349701,152.148956,3],[623.333679,-436.921143,152.134613,3],[638.708862,-433.464935,152.378296,3],[652.068176,-426.437286,152.172226,3],[665.369324,-422.044098,152.257828,3],[667.75354,-421.065308,152.195465,3]],"renderPriority":5,"startEndFade":[10,10]}
{"class":"DecalRoad","persistentId":"bfbc2f95-53a5-44e6-acc4-443ef0d78668","__parent":"SimGroup_","position":[523.838806,-463.68985,152.260056],"improvedSpline":true,"material":"m_mud_tiretracks","nodes":[[523.838806,-463.68985,152.260056,3],[531.410706,-460.684845,152.140015,3],[558.869141,-448.294189,152.044296,3],[582.73938,-439.42395,152.043289,3],[616.945251,-425.995392,152.112122,3],[632.320435,-422.539185,152.312607,3],[645.679749,-415.511536,151.953033,3],[658.980896,-411.118347,152.168228,3],[661.365112,-410.139557,152.181381,3]],"renderPriority":5,"startEndFade":[10,10]}
{"class":"DecalRoad","persistentId":"c31f6aec-8aa7-42af-a58d-80c5a44bf4f8","__parent":"SimGroup_","position":[515.428711,-447.169861,151.796692],"improvedSpline":true,"material":"road_gravel","nodes":[[515.428711,-447.169861,151.796692,3],[510.466949,-450.891235,151.775787,3],[507.203857,-456.336792,151.754898,3],[507.650696,-462.085022,151.775314,3],[511.66333,-467.498291,151.835464,3],[514.358398,-469.319641,152.00058,3]],"startEndFade":[10,10]}
{"class":"DecalRoad","persistentId":"c9819ee0-92ee-444f-9e07-40114c903c50","__parent":"SimGroup_","position":[526.238647,-467.903351,152.223206],"decalBias":0.00200000009,"improvedSpline":true,"material":"m_mud_water","nodes":[[526.238647,-467.903351,152.223206,12],[659.687378,-417.418274,152.348251,10]],"renderPriority":20,"startEndFade":[10,10]}
{"class":"DecalRoad","persistentId":"cefbbdbf-b884-45fa-964c-3c453a4b3ca2","__parent":"SimGroup_","position":[760.97522,-396.432892,158.194031],"improvedSpline":true,"material":"ChaulkLine","nodes":[[760.97522,-396.432892,158.194031,1],[531.920105,-483.377502,151.849609,1]],"textureLength":20}
{"class":"DecalRoad","persistentId":"d0ceaac7-4445-404f-9244-7e2232c0974d","__parent":"SimGroup_","position":[515.270264,-465.691315,152.010315],"improvedSpline":true,"material":"m_dirt_tiretracks","nodes":[[515.270264,-465.691315,152.010315,3],[520.168152,-464.877319,152.207077,3],[522.831116,-464.201752,152.260391,3],[529.148438,-463.003052,152.191025,3]],"startEndFade":[3,3]}
{"class":"DecalRoad","persistentId":"dc752b29-fa60-415b-a5f7-30afcfd67b0d","__parent":"SimGroup_","position":[513.767212,-449.363373,151.793594],"improvedSpline":true,"material":"road_dirt_02","nodes":[[513.767212,-449.363373,151.793594,11],[521.105103,-445.502563,151.725357,10],[529.19635,-442.595856,151.166092,8],[539.747803,-441.218018,150.842072,7],[558.951904,-438.08194,150.896179,7],[571.564392,-435.113739,150.861755,7],[584.376526,-430.895264,150.910767,7],[598.476135,-425.03244,150.922546,7],[602.507385,-424.076202,150.911942,7],[610.067444,-422.547058,151.077698,7],[620.180054,-416.413208,150.912704,7],[631.276733,-411.455688,150.852402,7],[647.054932,-404.368408,150.918442,7],[670.342285,-394.638916,151.216553,7],[697.946167,-381.672424,151.429703,7],[723.272095,-369.152283,151.885956,7],[742.205566,-360.491852,152.690262,7],[758.6073,-352.133881,153.589127,8],[771.248474,-347.944672,154.379105,8],[778.196289,-349.253296,155.446838,8],[780.547485,-355.409119,157.747925,8]],"renderPriority":11,"startEndFade":[3,3]}
{"class":"DecalRoad","persistentId":"dd78375f-a27f-4d59-815e-121b6c57b787","__parent":"SimGroup_","position":[662.841553,-425.630585,152.407516],"improvedSpline":true,"material":"m_dirt_tiretracks_02","nodes":[[662.841553,-425.630585,152.407516,3],[675.907043,-421.030151,152.041306,3],[721.536804,-403.477631,154.673019,3],[766.837219,-380.731323,159.809387,3],[776.782043,-373.597717,159.754822,3],[780.245178,-365.303558,159.779068,3],[780.00238,-356.950989,158.191284,3],[776.96814,-350.138184,155.46228,3],[771.368225,-346.313171,154.32338,3],[764.479736,-349.81012,153.780212,3],[755.998596,-353.489777,153.521423,3]],"startEndFade":[1,1]}
{"class":"DecalRoad","persistentId":"e094e84a-1b84-4922-a89c-09caa02ae248","__parent":"SimGroup_","position":[657.15332,-417.570923,152.385727],"improvedSpline":true,"material":"m_dirt_tiretracks_02","nodes":[[657.15332,-417.570923,152.385727,3],[665.5755,-414.370911,152.241531,3],[683.937622,-407.673157,151.425308,3],[699.208313,-401.21936,152.350082,3],[721.054077,-391.895386,154.995453,3],[747.527954,-380.685211,158.010056,3],[759.984558,-375.321106,159.480621,3],[771.315979,-368.677216,159.816711,3],[778.177612,-362.1091,159.470749,3],[779.348633,-355.844208,157.741394,3]],"startEndFade":[1,1]}
{"class":"DecalRoad","persistentId":"e1ae49f7-1326-4c33-ae2a-7c5fbecd7154","__parent":"SimGroup_","position":[526.892456,-468.393677,152.168762],"improvedSpline":true,"material":"m_mud_furrows","nodes":[[526.892456,-468.393677,152.168762,5],[584.390381,-446.250336,152.239914,5],[659.664917,-417.563416,152.339539,5]],"startEndFade":[10,10]}
{"class":"DecalRoad","persistentId":"ef6993f6-3650-41a5-a625-146f31c3e687","__parent":"SimGroup_","position":[516.730408,-444.993896,151.793594],"improvedSpline":true,"material":"m_dirt_tiretracks","nodes":[[516.730408,-444.993896,151.793594,4],[526.087402,-442.771912,151.314926,4],[543.296204,-440.501404,150.77356,4],[552.21228,-439.293488,150.785858,4],[568.667419,-435.601685,150.8237,4],[588.79126,-428.59671,150.881058,4],[599.830872,-424.520599,150.902328,4],[607.842651,-423.505768,151.028275,4],[618.65033,-416.584991,150.898376,4],[649.521484,-403.319702,151.024475,4],[689.24823,-385.53064,151.341431,4],[720.920349,-370.204834,151.757706,4],[748.826782,-356.587799,153.110367,4],[763.869751,-350.609863,153.741669,4],[769.763306,-348.656708,154.240677,4],[775.253601,-348.03717,154.800797,4],[779.704346,-351.692566,156.326462,4],[779.104736,-357.6315,158.346405,4]],"startEndFade":[2,2]}
{"class":"DecalRoad","persistentId":"ef6e3d05-6ddc-4ea4-ab44-e3c982906613","__parent":"SimGroup_","position":[660.576111,-424.04538,152.271591],"improvedSpline":true,"material":"m_dirt_tiretracks","nodes":[[660.576111,-424.04538,152.271591,3],[675.056824,-418.52475,151.954483,3],[708.64209,-404.726196,153.497803,3],[746.517578,-390.405212,157.433517,3],[763.811768,-384.159668,159.404175,3],[772.878601,-378.978729,159.96431,3],[781.175781,-370.096649,159.808472,3],[779.509583,-358.495483,158.677811,3]],"startEndFade":[1,1]}
{"class":"DecalRoad","persistentId":"f40a1005-bdf8-4a89-9b9f-6f40230e8c55","__parent":"SimGroup_","position":[665.56958,-432.278961,151.846558],"improvedSpline":true,"material":"checkered_line_alt","nodes":[[665.56958,-432.278961,151.846558,1],[656.781921,-408.488739,151.815903,1]],"renderPriority":1}
{"class":"DecalRoad","persistentId":"f685f96f-d74c-473c-a2cc-841d1bf4b8c2","__parent":"SimGroup_","position":[522.268982,-482.834595,152.1492],"improvedSpline":true,"material":"m_dirt_tiretracks_02","nodes":[[522.268982,-482.834595,152.1492,3],[524.647278,-481.71756,152.281738,3],[528.758423,-480.16861,152.289124,3],[536.203003,-478.543243,152.126755,3]],"startEndFade":[3,3]}
{"name":"NewMeshRoad","class":"MeshRoad","persistentId":"3e07b9e7-5e4a-4b29-b92b-7b1ae10945de","__parent":"SimGroup_","position":[523.470825,-459.407654,154],"bottomMaterial":"ind_concrete","nodes":[[522.5,-458.995575,153,1,2.20000005,0,0,1],[543.413452,-451.084747,153,1,2.20000005,0,0,1],[684.690063,-397.566101,153,1,2.20000005,0,0,1],[735.68988,-378.384399,158.598709,1,2.20000005,0,0,1],[751.302002,-372.406189,158.501236,1,2.20000005,0,0,1]],"sideMaterial":"ind_concrete","topMaterial":"ind_concrete"}
{"name":"NewMeshRoad1","class":"MeshRoad","persistentId":"6bec1229-f51d-4b4a-a25e-c4909326cc84","__parent":"SimGroup_","position":[533.213013,-484.309052,154],"bottomMaterial":"ind_concrete","nodes":[[532.242188,-483.8974,153,1,2.20000005,0,0,1],[553.155212,-475.986389,153,1,2.20000005,0,0,1],[694.43219,-422.467407,153,1,2.20000005,0,0,1],[745.43219,-403.2854,158.598999,1,2.20000005,0,0,1],[761.044189,-397.307404,158.501007,1,2.20000005,0,0,1]],"sideMaterial":"ind_concrete","topMaterial":"ind_concrete"}
{"name":"SimGroup_","class":"SimGroup","persistentId":"824cac70-26f2-467d-b664-2a1bd71de949","groupPosition":"581.88586902618 -447.98223781586 152.08182358742"}
{"class":"TSStatic","persistentId":"0005468e-a475-4c51-b850-afbdcd140598","__parent":"SimGroup_","position":[604.107544,-442.350433,151.822937],"isRenderEnabled":false,"rotationMatrix":[-0.353650451,0.935377598,1.57860419e-16,-0.935377598,-0.353650451,7.12410361e-17,1.22464685e-16,-1.22464685e-16,1],"scale":[1.5378418,1,1.74055171],"shapeName":"/levels/rls_west_coast_usa/art/shapes/objects/jerseybarrier_3m.dae","useInstanceRenderData":true}
{"class":"TSStatic","persistentId":"03c6835d-63fa-446a-97ae-cd1f6eec7f9d","__parent":"SimGroup_","position":[570.62384,-455.010101,151.822937],"isRenderEnabled":false,"rotationMatrix":[-0.353650093,0.935377896,1.57860379e-16,-0.935377896,-0.353650093,7.12411155e-17,1.22464672e-16,-1.22464685e-16,1],"scale":[1.5378418,1,1.74055171],"shapeName":"/levels/rls_west_coast_usa/art/shapes/objects/jerseybarrier_3m.dae","useInstanceRenderData":true}
{"class":"TSStatic","persistentId":"03eefdab-ffdb-4d8c-bcff-88ec89856cd3","__parent":"SimGroup_","position":[523.188477,-472.944641,151.822937],"isRenderEnabled":false,"rotationMatrix":[-0.353655577,0.93537575,1.57860802e-16,-0.93537575,-0.353655577,7.12401759e-17,1.22464672e-16,-1.22464685e-16,1],"scale":[1.5378418,1,1.74055171],"shapeName":"/levels/rls_west_coast_usa/art/shapes/objects/jerseybarrier_3m.dae","useInstanceRenderData":true}
{"class":"TSStatic","persistentId":"09db366a-c94a-4175-bebd-291db855f5fc","__parent":"SimGroup_","position":[651.542908,-424.415894,151.822937],"isRenderEnabled":false,"rotationMatrix":[-0.353652954,0.935376704,1.57860604e-16,-0.935376704,-0.353652954,7.12406192e-17,1.22464685e-16,-1.22464685e-16,1],"scale":[1.5378418,1,1.74055171],"shapeName":"/levels/rls_west_coast_usa/art/shapes/objects/jerseybarrier_3m.dae","useInstanceRenderData":true}
{"class":"TSStatic","persistentId":"0dbe5be7-517b-4ca7-9354-343aec984f7c","__parent":"SimGroup_","position":[562.252869,-458.175018,151.822937],"isRenderEnabled":false,"rotationMatrix":[-0.353650093,0.935377896,1.57860379e-16,-0.935377896,-0.353650093,7.12411155e-17,1.22464672e-16,-1.22464685e-16,1],"scale":[1.5378418,1,1.74055171],"shapeName":"/levels/rls_west_coast_usa/art/shapes/objects/jerseybarrier_3m.dae","useInstanceRenderData":true}
{"class":"TSStatic","persistentId":"0dedf1bd-913c-4d9f-920b-59cbe19c863d","__parent":"SimGroup_","position":[679.443909,-413.866943,151.569992],"isRenderEnabled":false,"rotationMatrix":[-0.353727341,0.935336411,-0.00475372188,-0.935215652,-0.353586912,0.0186497383,0.0157629251,0.0110426797,0.999814749],"scale":[1.5378418,1,1.74055171],"shapeName":"/levels/rls_west_coast_usa/art/shapes/objects/jerseybarrier_3m.dae","useInstanceRenderData":true}
{"class":"TSStatic","persistentId":"0e56cf9d-e3e4-4251-9d2d-c9688c68a99b","__parent":"SimGroup_","position":[539.930359,-466.614777,151.822937],"isRenderEnabled":false,"rotationMatrix":[-0.353650689,0.935377479,1.57860432e-16,-0.935377479,-0.353650689,7.12409898e-17,1.22464672e-16,-1.22464672e-16,1],"scale":[1.5378418,1,1.74055171],"shapeName":"/levels/rls_west_coast_usa/art/shapes/objects/jerseybarrier_3m.dae","useInstanceRenderData":true}
{"class":"TSStatic","persistentId":"1383c79a-e094-40f4-9d84-f16775ec447a","__parent":"SimGroup_","position":[548.301331,-463.44986,151.822937],"isRenderEnabled":false,"rotationMatrix":[-0.353651404,0.93537724,1.57860498e-16,-0.93537724,-0.353651404,7.12408707e-17,1.22464685e-16,-1.22464685e-16,1],"scale":[1.5378418,1,1.74055171],"shapeName":"/levels/rls_west_coast_usa/art/shapes/objects/jerseybarrier_3m.dae","useInstanceRenderData":true}
{"class":"TSStatic","persistentId":"15a19d24-c31b-4943-b257-2eec48d22f46","__parent":"SimGroup_","position":[551.091614,-462.394897,151.822937],"isRenderEnabled":false,"rotationMatrix":[-0.353651404,0.93537724,1.57860498e-16,-0.93537724,-0.353651404,7.12408707e-17,1.22464685e-16,-1.22464685e-16,1],"scale":[1.5378418,1,1.74055171],"shapeName":"/levels/rls_west_coast_usa/art/shapes/objects/jerseybarrier_3m.dae","useInstanceRenderData":true}
{"class":"TSStatic","persistentId":"1e5bc303-e900-428a-9734-e0c845f23ffb","__parent":"SimGroup_","position":[578.994751,-451.845184,151.822937],"isRenderEnabled":false,"rotationMatrix":[-0.353651404,0.93537724,1.57860485e-16,-0.93537724,-0.353651404,7.12408641e-17,1.22464672e-16,-1.22464685e-16,1],"scale":[1.5378418,1,1.74055171],"shapeName":"/levels/rls_west_coast_usa/art/shapes/objects/jerseybarrier_3m.dae","useInstanceRenderData":true}
{"class":"TSStatic","persistentId":"20e7b585-a6cb-4889-8af7-1a5da09488ee","__parent":"SimGroup_","position":[601.317261,-443.405426,151.822937],"isRenderEnabled":false,"rotationMatrix":[-0.353650451,0.935377598,1.57860419e-16,-0.935377598,-0.353650451,7.12410361e-17,1.22464685e-16,-1.22464685e-16,1],"scale":[1.5378418,1,1.74055171],"shapeName":"/levels/rls_west_coast_usa/art/shapes/objects/jerseybarrier_3m.dae","useInstanceRenderData":true}
{"class":"TSStatic","persistentId":"2866e5b2-f3fb-4926-b003-f94542e2e64a","__parent":"SimGroup_","position":[626.430054,-433.910645,151.822937],"isRenderEnabled":false,"rotationMatrix":[-0.353652358,0.935376823,1.57860564e-16,-0.935376823,-0.353652358,7.12406854e-17,1.22464672e-16,-1.22464672e-16,1],"scale":[1.5378418,1,1.74055171],"shapeName":"/levels/rls_west_coast_usa/art/shapes/objects/jerseybarrier_3m.dae","useInstanceRenderData":true}
{"class":"TSStatic","persistentId":"2b7f5a6d-b6a9-4fcd-b857-a6bb9980bdda","__parent":"SimGroup_","position":[595.736633,-445.51535,151.822937],"isRenderEnabled":false,"rotationMatrix":[-0.353650451,0.935377598,1.57860419e-16,-0.935377598,-0.353650451,7.12410361e-17,1.22464685e-16,-1.22464685e-16,1],"scale":[1.5378418,1,1.74055171],"shapeName":"/levels/rls_west_coast_usa/art/shapes/objects/jerseybarrier_3m.dae","useInstanceRenderData":true}
{"class":"TSStatic","persistentId":"2cfea874-d086-4713-87fd-c46228028600","__parent":"SimGroup_","position":[682.233765,-412.812164,151.50444],"isRenderEnabled":false,"rotationMatrix":[-0.353769302,0.935302734,-0.00749273319,-0.935215712,-0.353587031,0.0186497383,0.0147938179,0.0136050256,0.999798],"scale":[1.5378418,1,1.74055171],"shapeName":"/levels/rls_west_coast_usa/art/shapes/objects/jerseybarrier_3m.dae","useInstanceRenderData":true}
{"class":"TSStatic","persistentId":"3b7d5d19-faa2-4b71-8be6-3d276e7a277e","__parent":"SimGroup_","position":[581.785095,-450.790222,151.822937],"isRenderEnabled":false,"rotationMatrix":[-0.353651404,0.93537724,1.57860485e-16,-0.93537724,-0.353651404,7.12408641e-17,1.22464672e-16,-1.22464685e-16,1],"scale":[1.5378418,1,1.74055171],"shapeName":"/levels/rls_west_coast_usa/art/shapes/objects/jerseybarrier_3m.dae","useInstanceRenderData":true}
{"class":"TSStatic","persistentId":"426aeaf1-9bfb-4569-a6b2-444450ac06a9","__parent":"SimGroup_","position":[592.946289,-446.570312,151.822937],"isRenderEnabled":false,"rotationMatrix":[-0.353651404,0.93537724,1.57860485e-16,-0.93537724,-0.353651404,7.12408641e-17,1.22464672e-16,-1.22464685e-16,1],"scale":[1.5378418,1,1.74055171],"shapeName":"/levels/rls_west_coast_usa/art/shapes/objects/jerseybarrier_3m.dae","useInstanceRenderData":true}
{"class":"TSStatic","persistentId":"42ec0a34-4108-4434-90c5-e6cc6f52b68f","__parent":"SimGroup_","position":[665.494446,-419.140991,151.822937],"isRenderEnabled":false,"rotationMatrix":[-0.353652954,0.935376704,1.57860604e-16,-0.935376704,-0.353652954,7.12406192e-17,1.22464685e-16,-1.22464685e-16,1],"scale":[1.5378418,1,1.74055171],"shapeName":"/levels/rls_west_coast_usa/art/shapes/objects/jerseybarrier_3m.dae","useInstanceRenderData":true}
{"class":"TSStatic","persistentId":"47fcdd48-dfd9-4f1a-94d3-c67374423c27","__parent":"SimGroup_","position":[545.510986,-464.504852,151.822937],"isRenderEnabled":false,"rotationMatrix":[-0.353651404,0.93537724,1.57860498e-16,-0.93537724,-0.353651404,7.12408707e-17,1.22464685e-16,-1.22464685e-16,1],"scale":[1.5378418,1,1.74055171],"shapeName":"/levels/rls_west_coast_usa/art/shapes/objects/jerseybarrier_3m.dae","useInstanceRenderData":true}
{"class":"TSStatic","persistentId":"492248c3-d1a7-4358-8ef2-9a37cc1864b4","__parent":"SimGroup_","position":[522.061829,-459.167023,151.822937],"isRenderEnabled":false,"shapeName":"/levels/rls_west_coast_usa/art/shapes/objects/sandbarrel.dae","useInstanceRenderData":true}
{"class":"TSStatic","persistentId":"4b6c84e2-2dc9-4ac3-b820-cedb2551f29e","__parent":"SimGroup_","position":[629.220398,-432.855682,151.822937],"isRenderEnabled":false,"rotationMatrix":[-0.353652358,0.935376823,1.57860564e-16,-0.935376823,-0.353652358,7.12406854e-17,1.22464672e-16,-1.22464672e-16,1],"scale":[1.5378418,1,1.74055171],"shapeName":"/levels/rls_west_coast_usa/art/shapes/objects/jerseybarrier_3m.dae","useInstanceRenderData":true}
{"class":"TSStatic","persistentId":"4c134636-5013-4586-931f-acd892854068","__parent":"SimGroup_","position":[567.833496,-456.065063,151.822937],"isRenderEnabled":false,"rotationMatrix":[-0.353650093,0.935377896,1.57860379e-16,-0.935377896,-0.353650093,7.12411155e-17,1.22464672e-16,-1.22464685e-16,1],"scale":[1.5378418,1,1.74055171],"shapeName":"/levels/rls_west_coast_usa/art/shapes/objects/jerseybarrier_3m.dae","useInstanceRenderData":true}
{"class":"TSStatic","persistentId":"4d96ae7c-74f3-4e93-9b76-b2bac35b5c59","__parent":"SimGroup_","position":[645.96228,-426.525848,151.822937],"isRenderEnabled":false,"rotationMatrix":[-0.353651047,0.935377419,1.57860458e-16,-0.935377419,-0.353651047,7.12409303e-17,1.22464672e-16,-1.22464672e-16,1],"scale":[1.5378418,1,1.74055171],"shapeName":"/levels/rls_west_coast_usa/art/shapes/objects/jerseybarrier_3m.dae","useInstanceRenderData":true}
{"class":"TSStatic","persistentId":"50d31c50-2c2b-4b33-93ad-9d60626e4a6c","__parent":"SimGroup_","position":[661.465576,-421.48349,152.048615],"isRenderEnabled":false,"rotationMatrix":[0.332307577,-0.943171203,0,0.943171203,0.332307577,0,0,0,1],"shapeName":"/levels/rls_west_coast_usa/art/shapes/race/sign_finish.dae","useInstanceRenderData":true}
{"class":"TSStatic","persistentId":"5488f427-e845-4b85-a06e-7e6cd6e5eede","__parent":"SimGroup_","position":[556.672241,-460.284943,151.822937],"isRenderEnabled":false,"rotationMatrix":[-0.353651404,0.93537724,1.57860498e-16,-0.93537724,-0.353651404,7.12408707e-17,1.22464685e-16,-1.22464685e-16,1],"scale":[1.5378418,1,1.74055171],"shapeName":"/levels/rls_west_coast_usa/art/shapes/objects/jerseybarrier_3m.dae","useInstanceRenderData":true}
{"class":"TSStatic","persistentId":"54e6db22-1e7c-427c-92eb-a3d77945cdf7","__parent":"SimGroup_","position":[660.948303,-419.961914,152.048615],"isRenderEnabled":false,"rotationMatrix":[0.332307577,-0.943171203,0,0.943171203,0.332307577,0,0,0,1],"shapeName":"/levels/rls_west_coast_usa/art/shapes/race/sign_finish.dae","useInstanceRenderData":true}
{"class":"TSStatic","persistentId":"54f4a4ca-f3bb-4657-a1ea-c966b1148a59","__parent":"SimGroup_","position":[687.813416,-410.702606,151.388504],"isRenderEnabled":false,"rotationMatrix":[-0.353883505,0.935151041,-0.0160907377,-0.935215652,-0.353587031,0.0186497383,0.0117508471,0.0216481462,0.999696612],"scale":[1.5378418,1,1.74055171],"shapeName":"/levels/rls_west_coast_usa/art/shapes/objects/jerseybarrier_3m.dae","useInstanceRenderData":true}
{"class":"TSStatic","persistentId":"5581bdd1-c788-435b-983d-21166ef1a5cc","__parent":"SimGroup_","position":[528.769104,-470.834686,151.822937],"isRenderEnabled":false,"rotationMatrix":[-0.353650689,0.935377479,1.57860432e-16,-0.935377479,-0.353650689,7.12409898e-17,1.22464672e-16,-1.22464672e-16,1],"scale":[1.5378418,1,1.74055171],"shapeName":"/levels/rls_west_coast_usa/art/shapes/objects/jerseybarrier_3m.dae","useInstanceRenderData":true}
