{"name":"SimGroup_2","class":"SimGroup","persistentId":"99ee6239-e145-4ec1-874f-5fe615dcb4be","groupPosition":"0 0 0"}
{"class":"TSStatic","persistentId":"0156178e-daf1-4fc6-bc27-7882a25b0671","__parent":"SimGroup_2","position":[-721.311584,-90.5019989,103.505005],"isRenderEnabled":false,"rotationMatrix":[0.359989583,0.932956219,0,-0.932956219,0.359989583,0,0,0,1],"scale":[1.45000005,1.45000005,1.45000005],"shapeName":"/levels/rls_west_coast_usa/art/shapes/objects/s_chainlink_old.dae","useInstanceRenderData":true}
{"class":"TSStatic","persistentId":"01cd9344-40ab-4ed4-a4e1-0ceeee3775cf","__parent":"SimGroup_2","position":[-693.662231,-52.4230499,103.179688],"isRenderEnabled":false,"rotationMatrix":[0.707106411,-0.707107127,0,0.707107127,0.707106411,0,0,0,1],"shapeName":"/levels/rls_west_coast_usa/art/shapes/objects/s_precast_wall_3x3.dae","useInstanceRenderData":true}
{"class":"TSStatic","persistentId":"01e01ba8-4c00-4306-a3f0-e2f201fd9621","__parent":"SimGroup_2","position":[-620.63916,62.2846222,104.099998],"isRenderEnabled":false,"rotationMatrix":[0.707106948,0.70710659,0,-0.70710659,0.707106948,0,0,0,1],"scale":[1.45000005,1.45000005,1.45000005],"shapeName":"/levels/rls_west_coast_usa/art/shapes/objects/s_chainlink_old.dae","useInstanceRenderData":true}
{"class":"TSStatic","persistentId":"0200043e-9890-4081-b77b-84b678f50fc6","__parent":"SimGroup_2","position":[-716.98761,-79.2958069,103.505005],"isRenderEnabled":false,"rotationMatrix":[0.359989583,0.932956219,0,-0.932956219,0.359989583,0,0,0,1],"scale":[1.45000005,1.45000005,1.45000005],"shapeName":"/levels/rls_west_coast_usa/art/shapes/objects/s_chainlink_old.dae","useInstanceRenderData":true}
{"class":"TSStatic","persistentId":"03377b1e-9db4-4ce9-9474-c1cae242013f","__parent":"SimGroup_2","position":[-672.237061,-18.6940613,103.179688],"isRenderEnabled":false,"rotationMatrix":[0.707107663,0.707105875,0,-0.707105875,0.707107663,0,0,0,1],"shapeName":"/levels/rls_west_coast_usa/art/shapes/objects/s_precast_wall_3x3.dae","useInstanceRenderData":true}
{"class":"TSStatic","persistentId":"049dbe0b-86cb-4963-bb68-65e65f851301","__parent":"SimGroup_2","position":[-565.393127,66.0879974,101.099998],"isRenderEnabled":false,"rotationMatrix":[-0.707106233,0.707107544,0,-0.707107544,-0.707106233,0,0,0,1],"shapeName":"/levels/rls_west_coast_usa/art/shapes/objects/s_precast_wall_3x3.dae","useInstanceRenderData":true}
{"class":"TSStatic","persistentId":"0667dd6b-3cce-4993-801e-0d2ac8a09a31","__parent":"SimGroup_2","position":[-678.040161,4.35286999,101.179688],"isRenderEnabled":false,"rotationMatrix":[-0.707106233,0.707107425,0,-0.707107425,-0.707106233,0,0,0,1],"shapeName":"/levels/rls_west_coast_usa/art/shapes/objects/s_precast_wall_3x3.dae","useInstanceRenderData":true}
{"class":"TSStatic","persistentId":"06dc3485-4aa4-4c1b-bc58-8643834bf7f2","__parent":"SimGroup_2","position":[-710.632812,-69.3936081,103.179688],"isRenderEnabled":false,"rotationMatrix":[0.707106411,-0.707107127,0,0.707107127,0.707106411,0,0,0,1],"shapeName":"/levels/rls_west_coast_usa/art/shapes/objects/s_precast_wall_3x3.dae","useInstanceRenderData":true}
{"class":"TSStatic","persistentId":"078206a4-fa89-4763-b9f1-b5ca647cf797","__parent":"SimGroup_2","position":[-676.691772,-35.4524918,103.179688],"isRenderEnabled":false,"rotationMatrix":[0.707106411,-0.707107127,0,0.707107127,0.707106411,0,0,0,1],"shapeName":"/levels/rls_west_coast_usa/art/shapes/objects/s_precast_wall_3x3.dae","useInstanceRenderData":true}
{"class":"TSStatic","persistentId":"08e8850e-b561-4055-8735-2b81eb6e3272","__parent":"SimGroup_2","position":[-658.948364,23.4447403,101.179688],"isRenderEnabled":false,"rotationMatrix":[-0.707106233,0.707107425,0,-0.707107425,-0.707106233,0,0,0,1],"shapeName":"/levels/rls_west_coast_usa/art/shapes/objects/s_precast_wall_3x3.dae","useInstanceRenderData":true}
{"class":"TSStatic","persistentId":"0982bbda-859e-4f90-bafa-dbfa309a29be","__parent":"SimGroup_2","position":[-672.237122,-18.694088,103.179688],"isRenderEnabled":false,"rotationMatrix":[0.707107484,0.707106113,-1.42108547e-14,0.707106113,-0.707107544,3.25841398e-07,2.30404424e-07,-2.30404893e-07,-1],"shapeName":"/levels/rls_west_coast_usa/art/shapes/objects/s_precast_wall_3x3.dae","useInstanceRenderData":true}
{"class":"TSStatic","persistentId":"0a4d32b4-eee8-4617-8759-a90a0350bf98","__parent":"SimGroup_2","position":[-635.700562,46.8047028,104.189041],"isRenderEnabled":false,"rotationMatrix":[0.707106948,0.70710659,0,-0.70710659,0.707106948,0,0,0,1],"scale":[1.45000005,1.45000005,1.45000005],"shapeName":"/levels/rls_west_coast_usa/art/shapes/objects/s_chainlink_old.dae","useInstanceRenderData":true}
{"class":"TSStatic","persistentId":"0a86fe39-8f0e-4dbc-9def-0e07dbadb390","__parent":"SimGroup_2","position":[-622.669067,60.1483765,101.099998],"isRenderEnabled":false,"rotationMatrix":[-0.707106233,0.707107544,0,-0.707107544,-0.707106233,0,0,0,1],"shapeName":"/levels/rls_west_coast_usa/art/shapes/objects/s_precast_wall_3x3.dae","useInstanceRenderData":true}
{"class":"TSStatic","persistentId":"0b4413c5-4437-44a8-b72d-f9a54cc452a5","__parent":"SimGroup_2","position":[-676.479797,-35.66465,103.179688],"isRenderEnabled":false,"rotationMatrix":[-0.707106233,0.707107127,-3.2584137e-07,0.707107127,0.707106352,-1.20792265e-13,2.3040441e-07,-2.30404851e-07,-0.999999881],"shapeName":"/levels/rls_west_coast_usa/art/shapes/objects/s_precast_wall_3x3.dae","useInstanceRenderData":true}
{"class":"TSStatic","persistentId":"0b8c7974-cd40-4fd0-af0e-1c0991e5d718","__parent":"SimGroup_2","position":[-656.827087,25.5660324,101.179688],"isRenderEnabled":false,"rotationMatrix":[-0.707106233,0.707107425,0,-0.707107425,-0.707106233,0,0,0,1],"shapeName":"/levels/rls_west_coast_usa/art/shapes/objects/s_precast_wall_3x3.dae","useInstanceRenderData":true}
{"class":"TSStatic","persistentId":"0f0e108f-3b7e-462e-82d2-80537fcc0287","__parent":"SimGroup_2","position":[-663.286438,19.2190113,104.189041],"isRenderEnabled":false,"rotationMatrix":[0.707106948,0.70710659,0,-0.70710659,0.707106948,0,0,0,1],"scale":[1.45000005,1.45000005,1.45000005],"shapeName":"/levels/rls_west_coast_usa/art/shapes/objects/s_chainlink_old.dae","useInstanceRenderData":true}
{"class":"TSStatic","persistentId":"10713957-7547-41de-ba44-ffafd10933c8","__parent":"SimGroup_2","position":[-682.282776,0.110230446,101.179688],"isRenderEnabled":false,"rotationMatrix":[-0.707106233,0.707107425,0,-0.707107425,-0.707106233,0,0,0,1],"shapeName":"/levels/rls_west_coast_usa/art/shapes/objects/s_precast_wall_3x3.dae","useInstanceRenderData":true}
{"class":"TSStatic","persistentId":"10f4c231-0ced-4283-b739-0d817f6a0841","__parent":"SimGroup_2","position":[-674.358398,-16.5727386,103.179688],"isRenderEnabled":false,"rotationMatrix":[0.707107663,0.707105875,0,-0.707105875,0.707107663,0,0,0,1],"shapeName":"/levels/rls_west_coast_usa/art/shapes/objects/s_precast_wall_3x3.dae","useInstanceRenderData":true}
{"class":"TSStatic","persistentId":"179687bb-7aec-4c48-b519-8fc299ce6824","__parent":"SimGroup_2","position":[-689.207703,-6.39038277,103.179688],"isRenderEnabled":false,"rotationMatrix":[0.707107663,0.707105875,0,-0.707105875,0.707107663,0,0,0,1],"shapeName":"/levels/rls_west_coast_usa/art/shapes/objects/s_precast_wall_3x3.dae","useInstanceRenderData":true}
{"class":"TSStatic","persistentId":"18312fc1-949f-4692-84ee-a74590af1765","__parent":"SimGroup_2","position":[-699.81427,-58.9991608,103.179688],"isRenderEnabled":false,"rotationMatrix":[-0.707106233,0.707107127,-3.2584137e-07,0.707107127,0.707106352,-1.20792265e-13,2.3040441e-07,-2.30404851e-07,-0.999999881],"shapeName":"/levels/rls_west_coast_usa/art/shapes/objects/s_precast_wall_3x3.dae","useInstanceRenderData":true}
{"class":"TSStatic","persistentId":"191eed79-1c15-4053-8269-984261e3a326","__parent":"SimGroup_2","position":[-578.121033,53.3601074,101.099998],"isRenderEnabled":false,"rotationMatrix":[-0.707106233,0.707107544,0,-0.707107544,-0.707106233,0,0,0,1],"shapeName":"/levels/rls_west_coast_usa/art/shapes/objects/s_precast_wall_3x3.dae","useInstanceRenderData":true}
{"class":"TSStatic","persistentId":"1a896c6c-899d-4391-ad76-8ab211679daa","__parent":"SimGroup_2","position":[-667.994446,-22.9367332,103.179688],"isRenderEnabled":false,"rotationMatrix":[0.707107484,0.707106113,-1.42108547e-14,0.707106113,-0.707107544,3.25841398e-07,2.30404424e-07,-2.30404893e-07,-1],"shapeName":"/levels/rls_west_coast_usa/art/shapes/objects/s_precast_wall_3x3.dae","useInstanceRenderData":true}
{"class":"TSStatic","persistentId":"1bfe5acc-3fb2-4f40-8d08-59cc4d83c124","__parent":"SimGroup_2","position":[-642.067444,40.4377899,104.189041],"isRenderEnabled":false,"rotationMatrix":[0.707106948,0.70710659,0,-0.70710659,0.707106948,0,0,0,1],"scale":[1.45000005,1.45000005,1.45000005],"shapeName":"/levels/rls_west_coast_usa/art/shapes/objects/s_chainlink_old.dae","useInstanceRenderData":true}
{"class":"TSStatic","persistentId":"1d4bb1f0-458b-4cea-8e24-bbe1fc1ab233","__parent":"SimGroup_2","position":[-670.32782,-29.0885353,103.179688],"isRenderEnabled":false,"rotationMatrix":[0.707106411,-0.707107127,0,0.707107127,0.707106411,0,0,0,1],"shapeName":"/levels/rls_west_coast_usa/art/shapes/objects/s_precast_wall_3x3.dae","useInstanceRenderData":true}
{"class":"TSStatic","persistentId":"1e72237e-4cf8-4a07-bb65-fa739549be83","__parent":"SimGroup_2","position":[-666.085205,-24.8458958,103.179688],"isRenderEnabled":false,"rotationMatrix":[0.707106411,-0.707107127,0,0.707107127,0.707106411,0,0,0,1],"shapeName":"/levels/rls_west_coast_usa/art/shapes/objects/s_precast_wall_3x3.dae","useInstanceRenderData":true}
{"class":"TSStatic","persistentId":"1ea094d6-e7b1-43d2-a4a4-7c0872514d5d","__parent":"SimGroup_2","position":[-614.183716,60.148365,101.099998],"isRenderEnabled":false,"rotationMatrix":[-0.707106948,-0.707106233,0,0.707106233,-0.707106948,0,0,0,1],"shapeName":"/levels/rls_west_coast_usa/art/shapes/objects/s_precast_wall_3x3.dae","useInstanceRenderData":true}
{"class":"TSStatic","persistentId":"21e91299-ed9d-4317-a7d5-5e7ea2314993","__parent":"SimGroup_2","position":[-714.596375,-73.73526,103.474831],"isRenderEnabled":false,"rotationMatrix":[-0.932157278,0.362053305,-2.9819202e-07,0.362053305,0.932157397,-1.31354895e-07,2.30404424e-07,-2.30404865e-07,-0.999999881],"shapeName":"/levels/rls_west_coast_usa/art/shapes/objects/s_precast_wall_3x3.dae","useInstanceRenderData":true}
{"class":"TSStatic","persistentId":"229e5b53-51c5-4554-bfb1-ada43008a958","__parent":"SimGroup_2","position":[-684.965088,-5.96612549,103.179688],"isRenderEnabled":false,"rotationMatrix":[0.707107663,0.707105875,0,-0.707105875,0.707107663,0,0,0,1],"shapeName":"/levels/rls_west_coast_usa/art/shapes/objects/s_precast_wall_3x3.dae","useInstanceRenderData":true}
{"class":"TSStatic","persistentId":"244923e1-2a2b-42e5-a26b-79713757e4af","__parent":"SimGroup_2","position":[-595.303833,40.8443298,101.099998],"isRenderEnabled":false,"rotationMatrix":[0.707107663,0.707105815,0,-0.707105815,0.707107663,0,0,0,1],"shapeName":"/levels/rls_west_coast_usa/art/shapes/objects/s_precast_wall_3x3.dae","useInstanceRenderData":true}
{"class":"TSStatic","persistentId":"25e48259-cd0f-4997-97f0-06f682fc9f50","__parent":"SimGroup_2","position":[-669.554932,12.8381319,101.179688],"isRenderEnabled":false,"rotationMatrix":[-0.707106233,0.707107425,0,-0.707107425,-0.707106233,0,0,0,1],"shapeName":"/levels/rls_west_coast_usa/art/shapes/objects/s_precast_wall_3x3.dae","useInstanceRenderData":true}
{"class":"TSStatic","persistentId":"27119ce3-580e-4da0-af0d-a0e24117c06a","__parent":"SimGroup_2","position":[-605.910522,51.450943,101.099998],"isRenderEnabled":false,"rotationMatrix":[0.707107663,0.707105815,0,-0.707105815,0.707107663,0,0,0,1],"shapeName":"/levels/rls_west_coast_usa/art/shapes/objects/s_precast_wall_3x3.dae","useInstanceRenderData":true}
{"class":"TSStatic","persistentId":"275d14a7-0e42-494c-b97b-938d657b88f4","__parent":"SimGroup_2","position":[-592.970337,38.5108757,101.099998],"isRenderEnabled":false,"rotationMatrix":[-0.707106233,0.707107544,0,-0.707107544,-0.707106233,0,0,0,1],"shapeName":"/levels/rls_west_coast_usa/art/shapes/objects/s_precast_wall_3x3.dae","useInstanceRenderData":true}
{"class":"TSStatic","persistentId":"29b0a208-02a4-4c32-81bd-bef16262a9f4","__parent":"SimGroup_2","position":[-550.543884,80.9372559,101.099998],"isRenderEnabled":false,"rotationMatrix":[-0.707106233,0.707107544,0,-0.707107544,-0.707106233,0,0,0,1],"shapeName":"/levels/rls_west_coast_usa/art/shapes/objects/s_precast_wall_3x3.dae","useInstanceRenderData":true}
{"class":"TSStatic","persistentId":"29c3b9ee-49c5-4ae5-b15f-fdc69ad5539c","__parent":"SimGroup_2","position":[-610.153198,55.6935844,101.099998],"isRenderEnabled":false,"rotationMatrix":[0.707105637,-0.707107842,0,0.707107842,0.707105637,0,0,0,1],"shapeName":"/levels/rls_west_coast_usa/art/shapes/objects/s_precast_wall_3x3.dae","useInstanceRenderData":true}
{"class":"TSStatic","persistentId":"29ce0d8d-ae7c-446b-a5f2-6609d3a511d1","__parent":"SimGroup_2","position":[-646.220459,36.1727066,101.179688],"isRenderEnabled":false,"rotationMatrix":[-0.707106233,0.707107425,0,-0.707107425,-0.707106233,0,0,0,1],"shapeName":"/levels/rls_west_coast_usa/art/shapes/objects/s_precast_wall_3x3.dae","useInstanceRenderData":true}
{"class":"TSStatic","persistentId":"2b37b441-800d-4757-8c2d-fb9e3891f5ff","__parent":"SimGroup_2","position":[-688.820312,-6.22210312,102.573898],"isRenderEnabled":false,"rotationMatrix":[0.707106829,-0.707106769,0,0.707106769,0.707106829,0,0,0,1],"shapeName":"/levels/rls_west_coast_usa/art/shapes/objects/s_camera_pole.dae","useInstanceRenderData":true}
{"class":"TSStatic","persistentId":"2f513523-9230-4bd4-9c6e-2d195c3329fa","__parent":"SimGroup_2","position":[-686.622375,-4.11688805,104.189041],"isRenderEnabled":false,"rotationMatrix":[0.707106948,0.70710659,0,-0.70710659,0.707106948,0,0,0,1],"scale":[1.45000005,1.45000005,1.45000005],"shapeName":"/levels/rls_west_coast_usa/art/shapes/objects/s_chainlink_old.dae","useInstanceRenderData":true}
{"class":"TSStatic","persistentId":"312c0337-5c41-4ddb-9234-f8db17c8a42f","__parent":"SimGroup_2","position":[-671.770569,10.7348661,104.189041],"isRenderEnabled":false,"rotationMatrix":[0.707106948,0.70710659,0,-0.70710659,0.707106948,0,0,0,1],"scale":[1.45000005,1.45000005,1.45000005],"shapeName":"/levels/rls_west_coast_usa/art/shapes/objects/s_chainlink_old.dae","useInstanceRenderData":true}
{"class":"TSStatic","persistentId":"31647c54-633c-4b29-9469-61f6ba03f85b","__parent":"SimGroup_2","position":[-674.358459,-33.5433311,103.179688],"isRenderEnabled":false,"rotationMatrix":[-0.707106233,0.707107127,-3.2584137e-07,0.707107127,0.707106352,-1.20792265e-13,2.3040441e-07,-2.30404851e-07,-0.999999881],"shapeName":"/levels/rls_west_coast_usa/art/shapes/objects/s_precast_wall_3x3.dae","useInstanceRenderData":true}
{"class":"TSStatic","persistentId":"33dd7631-83cd-40a9-a0f8-4f26946648d2","__parent":"SimGroup_2","position":[-548.422546,83.058548,101.099998],"isRenderEnabled":false,"rotationMatrix":[-0.707106233,0.707107544,0,-0.707107544,-0.707106233,0,0,0,1],"shapeName":"/levels/rls_west_coast_usa/art/shapes/objects/s_precast_wall_3x3.dae","useInstanceRenderData":true}
{"class":"TSStatic","persistentId":"363aea54-5a2d-4d00-8134-cc0696400afe","__parent":"SimGroup_2","position":[-590.848999,40.6321945,101.099998],"isRenderEnabled":false,"rotationMatrix":[-0.707106233,0.707107544,0,-0.707107544,-0.707106233,0,0,0,1],"shapeName":"/levels/rls_west_coast_usa/art/shapes/objects/s_precast_wall_3x3.dae","useInstanceRenderData":true}
{"class":"TSStatic","persistentId":"38deec34-090a-4ded-a5e0-64d9307b2396","__parent":"SimGroup_2","position":[-673.797546,8.5955019,101.179688],"isRenderEnabled":false,"rotationMatrix":[-0.707106233,0.707107425,0,-0.707107425,-0.707106233,0,0,0,1],"shapeName":"/levels/rls_west_coast_usa/art/shapes/objects/s_precast_wall_3x3.dae","useInstanceRenderData":true}
{"class":"TSStatic","persistentId":"393ad626-e43d-480b-bbfb-f06cbb35349d","__parent":"SimGroup_2","position":[-533.573242,97.9077759,101.099998],"isRenderEnabled":false,"rotationMatrix":[-0.707106233,0.707107544,0,-0.707107544,-0.707106233,0,0,0,1],"shapeName":"/levels/rls_west_coast_usa/art/shapes/objects/s_precast_wall_3x3.dae","useInstanceRenderData":true}
{"class":"TSStatic","persistentId":"39b1a122-9c21-4d67-9205-824113d53150","__parent":"SimGroup_2","position":[-687.086365,-46.2712479,103.179688],"isRenderEnabled":false,"rotationMatrix":[-0.707106233,0.707107127,-3.2584137e-07,0.707107127,0.707106352,-1.20792265e-13,2.3040441e-07,-2.30404851e-07,-0.999999881],"shapeName":"/levels/rls_west_coast_usa/art/shapes/objects/s_precast_wall_3x3.dae","useInstanceRenderData":true}
{"class":"TSStatic","persistentId":"3a741b87-6095-4221-b79a-4a63d6c550f9","__parent":"SimGroup_2","position":[-652.674866,29.8305225,104.189041],"isRenderEnabled":false,"rotationMatrix":[0.707106948,0.70710659,0,-0.70710659,0.707106948,0,0,0,1],"scale":[1.45000005,1.45000005,1.45000005],"shapeName":"/levels/rls_west_coast_usa/art/shapes/objects/s_chainlink_old.dae","useInstanceRenderData":true}
{"class":"TSStatic","persistentId":"3b0a8413-cee9-4518-8787-f1ae80e90a06","__parent":"SimGroup_2","position":[-685.177002,-43.937767,103.179688],"isRenderEnabled":false,"rotationMatrix":[0.707106411,-0.707107127,0,0.707107127,0.707106411,0,0,0,1],"shapeName":"/levels/rls_west_coast_usa/art/shapes/objects/s_precast_wall_3x3.dae","useInstanceRenderData":true}
{"class":"TSStatic","persistentId":"4018914f-aa04-401e-9e13-14bf68196dde","__parent":"SimGroup_2","position":[-721.113342,-90.5140915,103.474831],"isRenderEnabled":false,"rotationMatrix":[-0.932157278,0.362053305,-2.9819202e-07,0.362053305,0.932157397,-1.31354895e-07,2.30404424e-07,-2.30404865e-07,-0.999999881],"shapeName":"/levels/rls_west_coast_usa/art/shapes/objects/s_precast_wall_3x3.dae","useInstanceRenderData":true}
{"class":"TSStatic","persistentId":"404de62a-29a0-4c5c-903c-b17393472e4a","__parent":"SimGroup_2","position":[-678.813049,-37.5738144,103.179688],"isRenderEnabled":false,"rotationMatrix":[0.707106411,-0.707107127,0,0.707107127,0.707106411,0,0,0,1],"shapeName":"/levels/rls_west_coast_usa/art/shapes/objects/s_precast_wall_3x3.dae","useInstanceRenderData":true}
{"class":"TSStatic","persistentId":"429e0d63-5a13-4892-9d18-0ba4d1701048","__parent":"SimGroup_2","position":[-610.153198,55.6935844,101.099998],"isRenderEnabled":false,"rotationMatrix":[0.707107663,0.707105815,0,-0.707105815,0.707107663,0,0,0,1],"shapeName":"/levels/rls_west_coast_usa/art/shapes/objects/s_precast_wall_3x3.dae","useInstanceRenderData":true}
{"class":"TSStatic","persistentId":"431cc9e1-681f-4ab7-b674-2b263ffd1e6e","__parent":"SimGroup_2","position":[-663.190979,19.2021027,101.179688],"isRenderEnabled":false,"rotationMatrix":[-0.707106233,0.707107425,0,-0.707107425,-0.707106233,0,0,0,1],"shapeName":"/levels/rls_west_coast_usa/art/shapes/objects/s_precast_wall_3x3.dae","useInstanceRenderData":true}
{"class":"TSStatic","persistentId":"435343ce-5c81-481a-9272-5667a4eb28ac","__parent":"SimGroup_2","position":[-695.571594,-54.7565231,103.179688],"isRenderEnabled":false,"rotationMatrix":[-0.707106233,0.707107127,-3.2584137e-07,0.707107127,0.707106352,-1.20792265e-13,2.3040441e-07,-2.30404851e-07,-0.999999881],"shapeName":"/levels/rls_west_coast_usa/art/shapes/objects/s_precast_wall_3x3.dae","useInstanceRenderData":true}
{"class":"TSStatic","persistentId":"443607c4-f82b-4382-aa06-413442c580ea","__parent":"SimGroup_2","position":[-635.613953,46.7793045,101.179688],"isRenderEnabled":false,"rotationMatrix":[-0.707106233,0.707107425,0,-0.707107425,-0.707106233,0,0,0,1],"shapeName":"/levels/rls_west_coast_usa/art/shapes/objects/s_precast_wall_3x3.dae","useInstanceRenderData":true}
{"class":"TSStatic","persistentId":"45d06739-cf5d-4fdd-b613-3dc1e49217d5","__parent":"SimGroup_2","position":[-708.511475,-67.2722855,103.179688],"isRenderEnabled":false,"rotationMatrix":[0.707106411,-0.707107127,0,0.707107127,0.707106411,0,0,0,1],"shapeName":"/levels/rls_west_coast_usa/art/shapes/objects/s_precast_wall_3x3.dae","useInstanceRenderData":true}
{"class":"TSStatic","persistentId":"46dcf237-efe9-468d-b17a-95b5829cd49d","__parent":"SimGroup_2","position":[-597.425171,42.9656525,101.099998],"isRenderEnabled":false,"rotationMatrix":[0.707107663,0.707105815,0,-0.707105815,0.707107663,0,0,0,1],"shapeName":"/levels/rls_west_coast_usa/art/shapes/objects/s_precast_wall_3x3.dae","useInstanceRenderData":true}
{"class":"TSStatic","persistentId":"4754d004-83d2-4a2d-ba54-44038f22b0b2","__parent":"SimGroup_2","position":[-717.854858,-82.1246719,103.474831],"isRenderEnabled":false,"rotationMatrix":[-0.932157278,0.362053305,-2.9819202e-07,0.362053305,0.932157397,-1.31354895e-07,2.30404424e-07,-2.30404865e-07,-0.999999881],"shapeName":"/levels/rls_west_coast_usa/art/shapes/objects/s_precast_wall_3x3.dae","useInstanceRenderData":true}
{"class":"TSStatic","persistentId":"480d82ea-0115-4304-a4a0-31f864c7df05","__parent":"SimGroup_2","position":[-669.649658,12.8558073,104.189041],"isRenderEnabled":false,"rotationMatrix":[0.707106948,0.70710659,0,-0.70710659,0.707106948,0,0,0,1],"scale":[1.45000005,1.45000005,1.45000005],"shapeName":"/levels/rls_west_coast_usa/art/shapes/objects/s_chainlink_old.dae","useInstanceRenderData":true}
{"class":"TSStatic","persistentId":"484ee2a8-5992-46f8-9b4f-af7e920685fb","__parent":"SimGroup_2","position":[-586.606323,44.8748322,101.099998],"isRenderEnabled":false,"rotationMatrix":[-0.707106233,0.707107544,0,-0.707107544,-0.707106233,0,0,0,1],"shapeName":"/levels/rls_west_coast_usa/art/shapes/objects/s_precast_wall_3x3.dae","useInstanceRenderData":true}
{"class":"TSStatic","persistentId":"485a45a7-c168-48a7-a927-e88be6a61394","__parent":"SimGroup_2","position":[-691.329041,-50.5138855,103.179688],"isRenderEnabled":false,"rotationMatrix":[-0.707106233,0.707107127,-3.2584137e-07,0.707107127,0.707106352,-1.20792265e-13,2.3040441e-07,-2.30404851e-07,-0.999999881],"shapeName":"/levels/rls_west_coast_usa/art/shapes/objects/s_precast_wall_3x3.dae","useInstanceRenderData":true}
{"class":"TSStatic","persistentId":"49721a96-20bd-4d85-90f4-0f3e039ca0ac","__parent":"SimGroup_2","position":[-567.514465,63.9667015,101.099998],"isRenderEnabled":false,"rotationMatrix":[-0.707106233,0.707107544,0,-0.707107544,-0.707106233,0,0,0,1],"shapeName":"/levels/rls_west_coast_usa/art/shapes/objects/s_precast_wall_3x3.dae","useInstanceRenderData":true}
{"class":"TSStatic","persistentId":"4b7cbde4-2689-436e-bc90-7fcbf99baf7a","__parent":"SimGroup_2","position":[-661.069702,21.3233948,101.179688],"isRenderEnabled":false,"rotationMatrix":[-0.707106233,0.707107425,0,-0.707107425,-0.707106233,0,0,0,1],"shapeName":"/levels/rls_west_coast_usa/art/shapes/objects/s_precast_wall_3x3.dae","useInstanceRenderData":true}
{"class":"TSStatic","persistentId":"4c2d7f23-e084-4523-845c-f8bac31cfe6f","__parent":"SimGroup_2","position":[-563.27179,68.2093201,101.099998],"isRenderEnabled":false,"rotationMatrix":[-0.707106233,0.707107544,0,-0.707107544,-0.707106233,0,0,0,1],"shapeName":"/levels/rls_west_coast_usa/art/shapes/objects/s_precast_wall_3x3.dae","useInstanceRenderData":true}
{"class":"TSStatic","persistentId":"4c7fd20b-17af-4a4c-98f9-2f9be93fd2d5","__parent":"SimGroup_2","position":[-700.026184,-58.7870102,103.179688],"isRenderEnabled":false,"rotationMatrix":[0.707106411,-0.707107127,0,0.707107127,0.707106411,0,0,0,1],"shapeName":"/levels/rls_west_coast_usa/art/shapes/objects/s_precast_wall_3x3.dae","useInstanceRenderData":true}
{"class":"TSStatic","persistentId":"4c89b41b-f33c-4e9e-98c9-5335bcc7c57f","__parent":"SimGroup_2","position":[-609.94104,55.9057198,101.099998],"isRenderEnabled":false,"rotationMatrix":[-0.707106948,-0.707106233,0,0.707106233,-0.707106948,0,0,0,1],"shapeName":"/levels/rls_west_coast_usa/art/shapes/objects/s_precast_wall_3x3.dae","useInstanceRenderData":true}
{"class":"TSStatic","persistentId":"4f6dd104-ee40-4eb5-99ea-46d03f8a95bb","__parent":"SimGroup_2","position":[-684.500061,-1.99457335,104.189041],"isRenderEnabled":false,"rotationMatrix":[0.707106948,0.70710659,0,-0.70710659,0.707106948,0,0,0,1],"scale":[1.45000005,1.45000005,1.45000005],"shapeName":"/levels/rls_west_coast_usa/art/shapes/objects/s_chainlink_old.dae","useInstanceRenderData":true}
{"class":"TSStatic","persistentId":"53391890-ec3d-45b1-a329-13bdc6cfd6a0","__parent":"SimGroup_2","position":[-580.242371,51.2387886,101.099998],"isRenderEnabled":false,"rotationMatrix":[-0.707106233,0.707107544,0,-0.707107544,-0.707106233,0,0,0,1],"shapeName":"/levels/rls_west_coast_usa/art/shapes/objects/s_precast_wall_3x3.dae","useInstanceRenderData":true}
{"class":"TSStatic","persistentId":"53c5e9b4-4f1e-4ffc-ba58-d4a85241e527","__parent":"SimGroup_2","position":[-684.965027,-44.149929,103.179688],"isRenderEnabled":false,"rotationMatrix":[-0.707106233,0.707107127,-3.2584137e-07,0.707107127,0.707106352,-1.20792265e-13,2.3040441e-07,-2.30404851e-07,-0.999999881],"shapeName":"/levels/rls_west_coast_usa/art/shapes/objects/s_precast_wall_3x3.dae","useInstanceRenderData":true}
{"class":"TSStatic","persistentId":"53eef59e-8181-4951-85d7-7636de9d9fb6","__parent":"SimGroup_2","position":[-682.84375,-8.08744812,103.179688],"isRenderEnabled":false,"rotationMatrix":[0.707107663,0.707105875,0,-0.707105875,0.707107663,0,0,0,1],"shapeName":"/levels/rls_west_coast_usa/art/shapes/objects/s_precast_wall_3x3.dae","useInstanceRenderData":true}
{"class":"TSStatic","persistentId":"55f269c0-92f9-42a5-bfa9-ce2921ba5555","__parent":"SimGroup_2","position":[-556.907837,74.5732727,101.099998],"isRenderEnabled":false,"rotationMatrix":[-0.707106233,0.707107544,0,-0.707107544,-0.707106233,0,0,0,1],"shapeName":"/levels/rls_west_coast_usa/art/shapes/objects/s_precast_wall_3x3.dae","useInstanceRenderData":true}
{"class":"TSStatic","persistentId":"5a4b4b8f-cf70-4338-948e-084add22ae7f","__parent":"SimGroup_2","position":[-672.449158,-31.2098541,103.179688],"isRenderEnabled":false,"rotationMatrix":[0.707106411,-0.707107127,0,0.707107127,0.707106411,0,0,0,1],"shapeName":"/levels/rls_west_coast_usa/art/shapes/objects/s_precast_wall_3x3.dae","useInstanceRenderData":true}
{"class":"TSStatic","persistentId":"5ab583a8-4e92-46c0-bbbe-cec834690afb","__parent":"SimGroup_2","position":[-624.790405,58.0270538,101.099998],"isRenderEnabled":false,"rotationMatrix":[-0.707106233,0.707107544,0,-0.707107544,-0.707106233,0,0,0,1],"shapeName":"/levels/rls_west_coast_usa/art/shapes/objects/s_precast_wall_3x3.dae","useInstanceRenderData":true}
{"class":"TSStatic","persistentId":"5d2f2084-5321-4f84-8faa-c7eeede39a95","__parent":"SimGroup_2","position":[-718.94104,-84.9211426,103.474831],"isRenderEnabled":false,"rotationMatrix":[-0.932157278,0.362053305,-2.9819202e-07,0.362053305,0.932157397,-1.31354895e-07,2.30404424e-07,-2.30404865e-07,-0.999999881],"shapeName":"/levels/rls_west_coast_usa/art/shapes/objects/s_precast_wall_3x3.dae","useInstanceRenderData":true}
{"class":"TSStatic","persistentId":"5d348bf7-1283-417c-aa11-8bff49a644bc","__parent":"SimGroup_2","position":[-561.150452,70.3306274,101.099998],"isRenderEnabled":false,"rotationMatrix":[-0.707106233,0.707107544,0,-0.707107544,-0.707106233,0,0,0,1],"shapeName":"/levels/rls_west_coast_usa/art/shapes/objects/s_precast_wall_3x3.dae","useInstanceRenderData":true}
{"class":"TSStatic","persistentId":"5f2f6a20-3a34-40f9-bb52-791def266855","__parent":"SimGroup_2","position":[-667.433594,14.9594812,101.179688],"isRenderEnabled":false,"rotationMatrix":[-0.707106233,0.707107425,0,-0.707107425,-0.707106233,0,0,0,1],"shapeName":"/levels/rls_west_coast_usa/art/shapes/objects/s_precast_wall_3x3.dae","useInstanceRenderData":true}
{"class":"TSStatic","persistentId":"5f555f7e-9dad-4fc3-8815-9f9ae48a0a40","__parent":"SimGroup_2","position":[-661.160828,21.3445854,104.189041],"isRenderEnabled":false,"rotationMatrix":[0.707106948,0.70710659,0,-0.70710659,0.707106948,0,0,0,1],"scale":[1.45000005,1.45000005,1.45000005],"shapeName":"/levels/rls_west_coast_usa/art/shapes/objects/s_chainlink_old.dae","useInstanceRenderData":true}
{"class":"TSStatic","persistentId":"6086c340-2e64-4802-a5fe-497064bb1c40","__parent":"SimGroup_2","position":[-644.184021,38.3212433,104.189041],"isRenderEnabled":false,"rotationMatrix":[0.707106948,0.70710659,0,-0.70710659,0.707106948,0,0,0,1],"scale":[1.45000005,1.45000005,1.45000005],"shapeName":"/levels/rls_west_coast_usa/art/shapes/objects/s_chainlink_old.dae","useInstanceRenderData":true}
{"class":"TSStatic","persistentId":"60cd2c3a-6417-4d5e-810c-fca98ca1a55b","__parent":"SimGroup_2","position":[-704.26886,-63.0296478,103.179688],"isRenderEnabled":false,"rotationMatrix":[0.707106411,-0.707107127,0,0.707107127,0.707106411,0,0,0,1],"shapeName":"/levels/rls_west_coast_usa/art/shapes/objects/s_precast_wall_3x3.dae","useInstanceRenderData":true}
{"class":"TSStatic","persistentId":"62bcb169-250e-473c-ad33-70c254be8d22","__parent":"SimGroup_2","position":[-687.298279,-46.0590897,103.179688],"isRenderEnabled":false,"rotationMatrix":[0.707106411,-0.707107127,0,0.707107127,0.707106411,0,0,0,1],"shapeName":"/levels/rls_west_coast_usa/art/shapes/objects/s_precast_wall_3x3.dae","useInstanceRenderData":true}
{"class":"TSStatic","persistentId":"67e91216-46a9-4317-a520-a63003a5868b","__parent":"SimGroup_2","position":[-715.682556,-76.5317307,103.474831],"isRenderEnabled":false,"rotationMatrix":[-0.932157278,0.362053305,-2.9819202e-07,0.362053305,0.932157397,-1.31354895e-07,2.30404424e-07,-2.30404865e-07,-0.999999881],"shapeName":"/levels/rls_west_coast_usa/art/shapes/objects/s_precast_wall_3x3.dae","useInstanceRenderData":true}
{"class":"TSStatic","persistentId":"68590208-205b-496a-83aa-273fad42096a","__parent":"SimGroup_2","position":[-706.390137,-65.1509705,103.179688],"isRenderEnabled":false,"rotationMatrix":[0.707106411,-0.707107127,0,0.707107127,0.707106411,0,0,0,1],"shapeName":"/levels/rls_west_coast_usa/art/shapes/objects/s_precast_wall_3x3.dae","useInstanceRenderData":true}
{"class":"TSStatic","persistentId":"68a1212f-cb53-4868-bcbc-cfba9815b57d","__parent":"SimGroup_2","position":[-652.584473,29.80867,101.179688],"isRenderEnabled":false,"rotationMatrix":[-0.707106233,0.707107425,0,-0.707107425,-0.707106233,0,0,0,1],"shapeName":"/levels/rls_west_coast_usa/art/shapes/objects/s_precast_wall_3x3.dae","useInstanceRenderData":true}
{"class":"TSStatic","persistentId":"69233c63-820a-48a6-add9-a455d3b06965","__parent":"SimGroup_2","position":[-667.526489,14.9789448,104.189041],"isRenderEnabled":false,"rotationMatrix":[0.707106948,0.70710659,0,-0.70710659,0.707106948,0,0,0,1],"scale":[1.45000005,1.45000005,1.45000005],"shapeName":"/levels/rls_west_coast_usa/art/shapes/objects/s_chainlink_old.dae","useInstanceRenderData":true}
{"class":"TSStatic","persistentId":"694ec6b2-187c-403e-9b7e-6c714b3db074","__parent":"SimGroup_2","position":[-620.759888,53.5722809,101.099998],"isRenderEnabled":false,"rotationMatrix":[0.707107663,0.707105815,0,-0.707105815,0.707107663,0,0,0,1],"shapeName":"/levels/rls_west_coast_usa/art/shapes/objects/s_precast_wall_3x3.dae","useInstanceRenderData":true}
{"class":"TSStatic","persistentId":"6983d817-ab10-4eda-8599-1a8c5bb83d6e","__parent":"SimGroup_2","position":[-680.722412,-10.2087708,103.179688],"isRenderEnabled":false,"rotationMatrix":[0.707107663,0.707105875,0,-0.707105875,0.707107663,0,0,0,1],"shapeName":"/levels/rls_west_coast_usa/art/shapes/objects/s_precast_wall_3x3.dae","useInstanceRenderData":true}
{"class":"TSStatic","persistentId":"6d5b5201-5dff-43b8-a49c-b8af601f54d4","__parent":"SimGroup_2","position":[-695.783569,-54.5443649,103.179688],"isRenderEnabled":false,"rotationMatrix":[0.707106411,-0.707107127,0,0.707107127,0.707106411,0,0,0,1],"shapeName":"/levels/rls_west_coast_usa/art/shapes/objects/s_precast_wall_3x3.dae","useInstanceRenderData":true}
{"class":"TSStatic","persistentId":"6d62b8e7-3454-4cb3-97ae-9bfa77091ea0","__parent":"SimGroup_2","position":[-675.918823,6.47421932,101.179688],"isRenderEnabled":false,"rotationMatrix":[-0.707106233,0.707107425,0,-0.707107425,-0.707106233,0,0,0,1],"shapeName":"/levels/rls_west_coast_usa/art/shapes/objects/s_precast_wall_3x3.dae","useInstanceRenderData":true}
{"class":"TSStatic","persistentId":"6da061b3-1ea4-4cf3-b10d-1eba1ecb9556","__parent":"SimGroup_2","position":[-710.420837,-69.6057587,103.179688],"isRenderEnabled":false,"rotationMatrix":[-0.707106233,0.707107127,-3.2584137e-07,0.707107127,0.707106352,-1.20792265e-13,2.3040441e-07,-2.30404851e-07,-0.999999881],"shapeName":"/levels/rls_west_coast_usa/art/shapes/objects/s_precast_wall_3x3.dae","useInstanceRenderData":true}
{"class":"TSStatic","persistentId":"6e000b0b-ba2d-4d66-8219-444e7b21e107","__parent":"SimGroup_2","position":[-622.760803,60.1630325,104.099998],"isRenderEnabled":false,"rotationMatrix":[0.707106948,0.70710659,0,-0.70710659,0.707106948,0,0,0,1],"scale":[1.45000005,1.45000005,1.45000005],"shapeName":"/levels/rls_west_coast_usa/art/shapes/objects/s_chainlink_old.dae","useInstanceRenderData":true}
{"class":"TSStatic","persistentId":"6ee5d4ac-1989-49a6-8fe2-8cb6965c38cb","__parent":"SimGroup_2","position":[-554.786499,76.6945953,101.099998],"isRenderEnabled":false,"rotationMatrix":[-0.707106233,0.707107544,0,-0.707107544,-0.707106233,0,0,0,1],"shapeName":"/levels/rls_west_coast_usa/art/shapes/objects/s_precast_wall_3x3.dae","useInstanceRenderData":true}
{"class":"TSStatic","persistentId":"70c32649-2303-40d4-8035-8f8b5c25625e","__parent":"SimGroup_2","position":[-631.458557,51.0466843,104.189041],"isRenderEnabled":false,"rotationMatrix":[0.707106948,0.70710659,0,-0.70710659,0.707106948,0,0,0,1],"scale":[1.45000005,1.45000005,1.45000005],"shapeName":"/levels/rls_west_coast_usa/art/shapes/objects/s_chainlink_old.dae","useInstanceRenderData":true}
{"class":"TSStatic","persistentId":"70d96a33-b9e8-4546-b98a-bcc5c266e7e5","__parent":"SimGroup_2","position":[-672.237122,-31.4220123,103.179688],"isRenderEnabled":false,"rotationMatrix":[-0.707106233,0.707107127,-3.2584137e-07,0.707107127,0.707106352,-1.20792265e-13,2.3040441e-07,-2.30404851e-07,-0.999999881],"shapeName":"/levels/rls_west_coast_usa/art/shapes/objects/s_precast_wall_3x3.dae","useInstanceRenderData":true}
{"class":"TSStatic","persistentId":"72504b58-61c5-4de3-893b-fec8e2570b1c","__parent":"SimGroup_2","position":[-670.115784,-29.3006935,103.179688],"isRenderEnabled":false,"rotationMatrix":[-0.707106233,0.707107127,-3.2584137e-07,0.707107127,0.707106352,-1.20792265e-13,2.3040441e-07,-2.30404851e-07,-0.999999881],"shapeName":"/levels/rls_west_coast_usa/art/shapes/objects/s_precast_wall_3x3.dae","useInstanceRenderData":true}
{"class":"TSStatic","persistentId":"73efa383-8c3e-4b38-8f37-d3a87754d499","__parent":"SimGroup_2","position":[-546.301208,85.1798706,101.099998],"isRenderEnabled":false,"rotationMatrix":[-0.707106233,0.707107544,0,-0.707107544,-0.707106233,0,0,0,1],"shapeName":"/levels/rls_west_coast_usa/art/shapes/objects/s_precast_wall_3x3.dae","useInstanceRenderData":true}
{"class":"TSStatic","persistentId":"770d3b73-82e4-4371-abfe-ff9a4753de58","__parent":"SimGroup_2","position":[-676.479797,-14.4514418,103.179688],"isRenderEnabled":false,"rotationMatrix":[0.707107484,0.707106113,-1.42108547e-14,0.707106113,-0.707107544,3.25841398e-07,2.30404424e-07,-2.30404893e-07,-1],"shapeName":"/levels/rls_west_coast_usa/art/shapes/objects/s_precast_wall_3x3.dae","useInstanceRenderData":true}
{"class":"TSStatic","persistentId":"7759be3e-24b6-465d-8eec-df34a673bb80","__parent":"SimGroup_2","position":[-665.873108,-25.0580559,103.179688],"isRenderEnabled":false,"rotationMatrix":[0.707107484,0.707106113,-1.42108547e-14,0.707106113,-0.707107544,3.25841398e-07,2.30404424e-07,-2.30404893e-07,-1],"shapeName":"/levels/rls_west_coast_usa/art/shapes/objects/s_precast_wall_3x3.dae","useInstanceRenderData":true}
{"class":"TSStatic","persistentId":"7aebde2b-5c20-43b7-bdfe-ac7dccdda333","__parent":"SimGroup_2","position":[-612.062378,58.0270424,101.099998],"isRenderEnabled":false,"rotationMatrix":[-0.707106948,-0.707106233,0,0.707106233,-0.707106948,0,0,0,1],"shapeName":"/levels/rls_west_coast_usa/art/shapes/objects/s_precast_wall_3x3.dae","useInstanceRenderData":true}
{"class":"TSStatic","persistentId":"7cd94a47-45f3-48c1-b4b6-8752f418f647","__parent":"SimGroup_2","position":[-680.161438,2.23158073,101.179688],"isRenderEnabled":false,"rotationMatrix":[-0.707106233,0.707107425,0,-0.707107425,-0.707106233,0,0,0,1],"shapeName":"/levels/rls_west_coast_usa/art/shapes/objects/s_precast_wall_3x3.dae","useInstanceRenderData":true}
{"class":"TSStatic","persistentId":"7ce0ad0f-caf9-4ebd-9a90-529f2de278bc","__parent":"SimGroup_2","position":[-620.67804,53.5849762,104.099998],"isRenderEnabled":false,"rotationMatrix":[-0.707106709,0.707106471,0,-0.707106471,-0.707106709,0,0,0,1],"scale":[1.45000005,1.45000005,1.45000005],"shapeName":"/levels/rls_west_coast_usa/art/shapes/objects/s_chainlink_old.dae","useInstanceRenderData":true}
{"class":"TSStatic","persistentId":"7dc9a2d3-038a-46de-9596-25c19d4a3956","__parent":"SimGroup_2","position":[-712.754089,-71.5149307,103.179688],"isRenderEnabled":false,"rotationMatrix":[0.707106411,-0.707107127,0,0.707107127,0.707106411,0,0,0,1],"shapeName":"/levels/rls_west_coast_usa/art/shapes/objects/s_precast_wall_3x3.dae","useInstanceRenderData":true}
{"class":"TSStatic","persistentId":"80720a32-c243-48e8-8dca-303949111617","__parent":"SimGroup_2","position":[-618.63855,51.4509583,101.099998],"isRenderEnabled":false,"rotationMatrix":[0.707107663,0.707105815,0,-0.707105815,0.707107663,0,0,0,1],"shapeName":"/levels/rls_west_coast_usa/art/shapes/objects/s_precast_wall_3x3.dae","useInstanceRenderData":true}
{"class":"TSStatic","persistentId":"81207b56-0e13-41c8-9fc2-3026abf87bb2","__parent":"SimGroup_2","position":[-706.178162,-65.363121,103.179688],"isRenderEnabled":false,"rotationMatrix":[-0.707106233,0.707107127,-3.2584137e-07,0.707107127,0.707106352,-1.20792265e-13,2.3040441e-07,-2.30404851e-07,-0.999999881],"shapeName":"/levels/rls_west_coast_usa/art/shapes/objects/s_precast_wall_3x3.dae","useInstanceRenderData":true}
{"class":"TSStatic","persistentId":"8148828a-c7d4-4fcb-b511-490e37e70ebf","__parent":"SimGroup_2","position":[-637.735229,44.6579819,101.179688],"isRenderEnabled":false,"rotationMatrix":[-0.707106233,0.707107425,0,-0.707107425,-0.707106233,0,0,0,1],"shapeName":"/levels/rls_west_coast_usa/art/shapes/objects/s_precast_wall_3x3.dae","useInstanceRenderData":true}
{"class":"TSStatic","persistentId":"8236207a-e104-4775-9ab0-846646037a58","__parent":"SimGroup_2","position":[-644.099182,38.2940292,101.179688],"isRenderEnabled":false,"rotationMatrix":[-0.707106233,0.707107425,0,-0.707107425,-0.707106233,0,0,0,1],"shapeName":"/levels/rls_west_coast_usa/art/shapes/objects/s_precast_wall_3x3.dae","useInstanceRenderData":true}
{"class":"TSStatic","persistentId":"84fd963c-2eb2-49ab-bf13-3bb714d9dd4b","__parent":"SimGroup_2","position":[-671.676208,10.7168474,101.179688],"isRenderEnabled":false,"rotationMatrix":[-0.707106233,0.707107425,0,-0.707107425,-0.707106233,0,0,0,1],"shapeName":"/levels/rls_west_coast_usa/art/shapes/objects/s_precast_wall_3x3.dae","useInstanceRenderData":true}
{"class":"TSStatic","persistentId":"8529c647-8c77-4d3c-b2cf-b192a04a2807","__parent":"SimGroup_2","position":[-665.312317,17.080761,101.179688],"isRenderEnabled":false,"rotationMatrix":[-0.707106233,0.707107425,0,-0.707107425,-0.707106233,0,0,0,1],"shapeName":"/levels/rls_west_coast_usa/art/shapes/objects/s_precast_wall_3x3.dae","useInstanceRenderData":true}
{"class":"TSStatic","persistentId":"86b3e2e2-569a-4aab-b570-9fe7c84c7c57","__parent":"SimGroup_2","position":[-656.902832,25.602499,104.189041],"isRenderEnabled":false,"rotationMatrix":[0.707106948,0.70710659,0,-0.70710659,0.707106948,0,0,0,1],"scale":[1.45000005,1.45000005,1.45000005],"shapeName":"/levels/rls_west_coast_usa/art/shapes/objects/s_chainlink_old.dae","useInstanceRenderData":true}
