{"name":"p_refinery_units_group","class":"SimGroup","persistentId":"166ea1d3-2758-49c7-b822-62ace9051be4","groupPosition":"0 0 0"}
{"class":"TSStatic","persistentId":"04501a11-5b49-4a59-8029-a2209dbda2e8","__parent":"p_refinery_units_group","position":[-637.999878,1981.99976,80.4499817],"decalType":"None","isRenderEnabled":false,"rotationMatrix":[0.97629571,-0.21643956,0,0.21643956,0.97629571,0,0,0,0.999999523],"shapeName":"/levels/rls_west_coast_usa/art/shapes/buildings/s_oil_ref_connections_a.dae","useInstanceRenderData":true}
{"class":"TSStatic","persistentId":"1de2cfbd-c1ee-494f-8730-4a5adc44a2d0","__parent":"p_refinery_units_group","position":[-665.12439,1998.25586,80.4499817],"isRenderEnabled":false,"rotationMatrix":[0.97629571,-0.21643956,0,0.21643956,0.97629571,0,0,0,0.999999523],"shapeName":"/levels/rls_west_coast_usa/art/shapes/buildings/s_oil_ref_unit3.dae","useInstanceRenderData":true}
{"class":"TSStatic","persistentId":"3a715d00-7913-4c88-9aca-b2ba209d6750","__parent":"p_refinery_units_group","position":[-719.575867,2002.1333,80.4499817],"isRenderEnabled":false,"rotationMatrix":[0.97629571,-0.21643956,0,0.21643956,0.97629571,0,0,0,0.999999523],"shapeName":"/levels/rls_west_coast_usa/art/shapes/buildings/s_oil_ref_unit2.dae","useInstanceRenderData":true}
{"class":"TSStatic","persistentId":"4985e83d-97b6-4f6f-bd04-50009f1b5f7d","__parent":"p_refinery_units_group","position":[-594.135376,1893.40576,85.4999847],"isRenderEnabled":false,"rotationMatrix":[0.97629571,-0.21643956,0,0.21643956,0.97629571,0,0,0,0.999999523],"shapeName":"/levels/rls_west_coast_usa/art/shapes/buildings/s_oil_ref_terminal.dae","useInstanceRenderData":true}
{"class":"TSStatic","persistentId":"50ca1b50-740a-4bba-855b-3b5857f500ad","__parent":"p_refinery_units_group","position":[-560.112671,1963.70825,80.4499817],"isRenderEnabled":false,"rotationMatrix":[0.216439441,0.97629559,0,-0.97629559,0.216439441,0,0,0,0.999999404],"shapeName":"/levels/rls_west_coast_usa/art/shapes/buildings/s_oil_ref_unit2_distill.dae","useInstanceRenderData":true}
{"class":"TSStatic","persistentId":"6a79517a-c451-44c4-9a31-35558f20da64","__parent":"p_refinery_units_group","position":[-601.660522,1974.96777,80.4499817],"decalType":"None","isRenderEnabled":false,"rotationMatrix":[0.216439456,0.97629565,0,-0.97629565,0.216439456,0,0,0,0.999999523],"shapeName":"/levels/rls_west_coast_usa/art/shapes/buildings/s_oil_ref_unit4.dae","useInstanceRenderData":true}
{"class":"TSStatic","persistentId":"99722695-e939-438e-8338-57c704d62485","__parent":"p_refinery_units_group","position":[-650.760559,1905.95923,85.5499802],"isRenderEnabled":false,"rotationMatrix":[0.97629571,-0.21643956,0,0.21643956,0.97629571,0,0,0,0.999999523],"shapeName":"/levels/rls_west_coast_usa/art/shapes/buildings/s_oil_ref_terminal.dae","useInstanceRenderData":true}
{"class":"TSStatic","persistentId":"c7ba555a-a48b-474d-a791-5e1d93391e5c","__parent":"p_refinery_units_group","position":[-757.536255,1997.23328,80.4499817],"isRenderEnabled":false,"rotationMatrix":[0.97629571,-0.21643956,0,0.21643956,0.97629571,0,0,0,0.999999523],"shapeName":"/levels/rls_west_coast_usa/art/shapes/buildings/s_oil_ref_unit1.dae","useInstanceRenderData":true}
{"class":"TSStatic","persistentId":"d3e5588f-1a17-4f50-98a1-d0021facee13","__parent":"p_refinery_units_group","position":[-637.999878,1981.99976,80.4499817],"decalType":"None","isRenderEnabled":false,"rotationMatrix":[0.97629571,-0.21643956,0,0.21643956,0.97629571,0,0,0,0.999999523],"shapeName":"/levels/rls_west_coast_usa/art/shapes/buildings/s_oil_ref_connections_b.dae","useInstanceRenderData":true}
{"class":"TSStatic","persistentId":"dcff0760-6ad5-41ac-9709-33c431f0045a","__parent":"p_refinery_units_group","position":[-622.447937,1899.6825,85.5499802],"isRenderEnabled":false,"rotationMatrix":[-0.97629559,0.21643962,0,-0.21643962,-0.97629559,0,0,0,0.999999404],"shapeName":"/levels/rls_west_coast_usa/art/shapes/buildings/s_oil_ref_terminal.dae","useInstanceRenderData":true}
