//--- OBJECT WRITE BEGIN ---
$ThisPrefab = new SimGroup() {
  canSave = "1";
  canSaveDynamicFields = "1";
  groupPosition = "0 0 0";

  new TSStatic() {
    shapeName = "levels/rls_west_coast_usa/art/shapes/objects/pole_fence1.dae";
    position = "-224.47544860839844 -77.79522705078125 120.28191375732422";
    rotationMatrix = "0.5700625777244568 -0.8216009140014648 -0.0007871239795349538 0.8214772343635559 0.5699928998947144 -0.01682998612523079 0.014276186004281044 0.008947540074586868 0.9998580813407898";
    scale = "1.0000001192092896 1.0000001192092896 1.0000001192092896";
    decalType = "None";
    collisionType = "None";
  };

  new TSStatic() {
    shapeName = "levels/rls_west_coast_usa/art/shapes/objects/pole_fence1.dae";
    position = "-222.01063537597656 -76.08503723144531 120.28191375732422";
    rotationMatrix = "0.5699718594551086 -0.8214701414108276 -0.01785755157470703 0.8213508129119873 0.5702201128005981 -0.015227573923766613 0.02269173227250576 -0.00598802650347352 0.9997245669364929";
    scale = "1.0000001192092896 1.0000001192092896 1.0000001192092896";
    decalType = "None";
    collisionType = "None";
  };

  new TSStatic() {
    shapeName = "levels/rls_west_coast_usa/art/shapes/objects/pole_fence1.dae";
    position = "-219.54583740234375 -74.37486267089844 120.28191375732422";
    rotationMatrix = "0.5698418021202087 -0.821282684803009 -0.027840565890073776 0.8217500448226929 0.5696223974227905 0.016038374975323677 0.0026865697000175714 -0.03201732411980629 0.9994837045669556";
    scale = "1.0000001192092896 1.0000001192092896 1.0000001192092896";
    decalType = "None";
    collisionType = "None";
  };

  new TSStatic() {
    shapeName = "levels/rls_west_coast_usa/art/shapes/objects/pole_fence1.dae";
    position = "-217.08102416992188 -72.66466522216797 120.28191375732422";
    rotationMatrix = "0.5698773860931396 -0.8213339447975159 -0.02550067938864231 0.8215767741203308 0.5700956583023071 -0.0016044977819547057 0.015855655074119568 -0.020036397501826286 0.9996735453605652";
    scale = "1.0000001192092896 1.0000001192092896 1.0000001192092896";
    decalType = "None";
    collisionType = "None";
  };

  new TSStatic() {
    shapeName = "levels/rls_west_coast_usa/art/shapes/objects/pole_fence1.dae";
    position = "-214.6162109375 -70.9544677734375 120.28191375732422";
    rotationMatrix = "0.5697170495986938 -0.8211029171943665 0.03481975942850113 0.8213115334510803 0.5703592896461487 0.011731919832527637 -0.02949288859963417 0.02191399596631527 0.9993247389793396";
    scale = "1.0000001192092896 1.0000001192092896 1.0000001192092896";
    decalType = "None";
    collisionType = "None";
  };

  new TSStatic() {
    shapeName = "levels/rls_west_coast_usa/art/shapes/objects/pole_fence1.dae";
    position = "-212.15139770507812 -69.24429321289062 120.28191375732422";
    rotationMatrix = "0.5697591304779053 -0.821163535118103 -0.0326346717774868 0.8211249113082886 0.5704571008682251 -0.018237318843603134 0.033592503517866135 -0.016406264156103134 0.9993009567260742";
    scale = "1.0000001192092896 1.0000001192092896 1.0000001192092896";
    decalType = "None";
    collisionType = "None";
  };

  new TSStatic() {
    shapeName = "levels/rls_west_coast_usa/art/shapes/objects/pole_fence1.dae";
    position = "-209.6865997314453 -67.53409576416016 120.28191375732422";
    rotationMatrix = "0.5700035095214844 -0.8215157389640808 -0.014420206658542156 0.821625292301178 0.5700166821479797 0.0035787492524832487 0.005279759876430035 -0.013887906447052956 0.999889612197876";
    scale = "1.0000001192092896 1.0000001192092896 1.0000001192092896";
    decalType = "None";
    collisionType = "None";
  };

  new TSStatic() {
    shapeName = "levels/rls_west_coast_usa/art/shapes/objects/pole_fence1.dae";
    position = "-207.22178649902344 -65.82391357421875 120.28191375732422";
    rotationMatrix = "0.5700443387031555 -0.8215746283531189 0.008035329170525074 0.8215517997741699 0.5700942873954773 0.006721823010593653 -0.010103374719619751 0.0027697018813341856 0.9999451041221619";
    scale = "1.0000001192092896 1.0000001192092896 1.0000001192092896";
    decalType = "None";
    collisionType = "None";
  };

  new TSStatic() {
    shapeName = "levels/rls_west_coast_usa/art/shapes/objects/pole_fence1.dae";
    position = "-204.75701904296875 -64.11372375488281 120.28191375732422";
    rotationMatrix = "0.5699705481529236 -0.8214682936668396 -0.017983177676796913 0.8209707736968994 0.5702520608901978 -0.028627118095755577 0.03377121314406395 0.0015529522206634283 0.999428391456604";
    scale = "1.0000001192092896 1.0000001192092896 1.0000001192092896";
    decalType = "None";
    collisionType = "None";
  };

  new TSStatic() {
    shapeName = "levels/rls_west_coast_usa/art/shapes/objects/pole_fence1.dae";
    position = "-202.29220581054688 -62.40353012084961 120.28191375732422";
    rotationMatrix = "0.5699928402900696 -0.8215003609657288 0.01566305197775364 0.821388840675354 0.5701886415481567 0.014329236932098866 -0.020702367648482323 0.004697893746197224 0.9997746348381042";
    scale = "1.0000001192092896 1.0000001192092896 1.0000001192092896";
    decalType = "None";
    collisionType = "None";
  };

  new TSStatic() {
    shapeName = "levels/rls_west_coast_usa/art/shapes/objects/pole_fence1.dae";
    position = "-199.82740783691406 -60.693355560302734 120.28191375732422";
    rotationMatrix = "0.5697206854820251 -0.8211081027984619 -0.034638404846191406 0.8217706084251404 0.5697087049484253 0.011180290952324867 0.010553572326898575 -0.03483446687459946 0.999337375164032";
    scale = "1.0000001192092896 1.0000001192092896 1.0000001192092896";
    decalType = "None";
    collisionType = "None";
  };

  new TSStatic() {
    shapeName = "levels/rls_west_coast_usa/art/shapes/objects/pole_fence1.dae";
    position = "-197.3625946044922 -58.983158111572266 120.28191375732422";
    rotationMatrix = "0.5699883103370667 -0.8214938640594482 -0.01616029255092144 0.82130366563797 0.5702092051506042 -0.017936192452907562 0.023949218913912773 -0.0030490884091705084 0.9997085332870483";
    scale = "1.0000001192092896 1.0000001192092896 1.0000001192092896";
    decalType = "None";
    collisionType = "None";
  };

  new TSStatic() {
    shapeName = "levels/rls_west_coast_usa/art/shapes/objects/pole_fence1.dae";
    position = "-195.8542022705078 -57.93656539916992 120.28191375732422";
    rotationMatrix = "0.5697754621505737 -0.8211870789527893 0.03174331784248352 0.8212732076644897 0.5703683495521545 0.013792621903121471 -0.02943170815706253 0.01821123994886875 0.9994008541107178";
    scale = "1.0000001192092896 1.0000001192092896 1.0000001192092896";
    decalType = "None";
    collisionType = "None";
  };

  new TSStatic() {
    shapeName = "levels/rls_west_coast_usa/art/shapes/objects/pole_fence1.dae";
    position = "-195.7279052734375 -56.37675857543945 120.28191375732422";
    rotationMatrix = "0.9796386957168579 -0.2006247639656067 0.007594943046569824 0.20058827102184296 0.9796612858772278 0.005302337929606438 -0.008504251949489117 -0.003670919220894575 0.9999570846557617";
    scale = "1.0000001192092896 1.0000001192092896 1.0000001192092896";
    decalType = "None";
    collisionType = "None";
  };

  new TSStatic() {
    shapeName = "levels/rls_west_coast_usa/art/shapes/objects/pole_fence1.dae";
    position = "-224.85617065429688 -77.65861511230469 120.28191375732422";
    rotationMatrix = "-0.4066643714904785 -0.9133363962173462 -0.020994530990719795 0.91352379322052 -0.4062834680080414 -0.020199742168188095 0.009919428266584873 -0.027393518015742302 0.9995754957199097";
    scale = "1.0000001192092896 1.0000001192092896 1.0000001192092896";
    decalType = "None";
    collisionType = "None";
  };

  new TSStatic() {
    shapeName = "levels/rls_west_coast_usa/art/shapes/objects/pole_fence1.dae";
    position = "-227.94091796875 -75.6455078125 120.28191375732422";
    rotationMatrix = "-0.271537721157074 -0.9621690511703491 0.022316167131066322 0.9622927904129028 -0.2718149721622467 -0.010448659770190716 0.016119245439767838 0.018637482076883316 0.9996963739395142";
    scale = "1.0000001192092896 1.0000001192092896 1.0000001192092896";
    decalType = "None";
    collisionType = "None";
  };

  new TSStatic() {
    shapeName = "levels/rls_west_coast_usa/art/shapes/objects/pole_fence1.dae";
    position = "-186.917236328125 -47.012413024902344 120.28191375732422";
    rotationMatrix = "-0.3831455111503601 -0.923225998878479 -0.02921140380203724 0.9230980277061462 -0.3838393986225128 0.023607375100255013 -0.0330074280500412 -0.017919929698109627 0.9992944598197937";
    scale = "1.0000001192092896 1.0000001192092896 1.0000001192092896";
    decalType = "None";
    collisionType = "None";
  };

  new TSStatic() {
    shapeName = "levels/rls_west_coast_usa/art/shapes/objects/pole_fence1.dae";
    position = "-184.9320526123047 -47.8482780456543 120.28191375732422";
    rotationMatrix = "-0.3833003342151642 -0.9235990643501282 -0.0067572626285254955 0.923525333404541 -0.3831424117088318 -0.01740403100848198 0.013485352508723736 -0.012911474332213402 0.9998257160186768";
    scale = "1.0000001192092896 1.0000001192092896 1.0000001192092896";
    decalType = "None";
    collisionType = "None";
  };

  new TSStatic() {
    shapeName = "levels/rls_west_coast_usa/art/shapes/objects/pole_fence1.dae";
    position = "-183.09315490722656 -47.9597282409668 120.28191375732422";
    rotationMatrix = "0.16308806836605072 -0.9863299131393433 -0.023571014404296875 0.9865165948867798 0.1633571982383728 -0.009969756938517094 0.013683964498341084 -0.02162724919617176 0.9996724724769592";
    scale = "1.0000001192092896 1.0000001192092896 1.0000001192092896";
    decalType = "None";
    collisionType = "None";
  };

  new TSStatic() {
    shapeName = "levels/rls_west_coast_usa/art/shapes/objects/pole_fence1.dae";
    position = "-181.484130859375 -47.24940490722656 120.38191223144531";
    rotationMatrix = "0.5011757016181946 -0.86476731300354 -0.03162911906838417 0.8647701144218445 0.5018404722213745 -0.018132248893380165 0.03155294805765152 -0.018264474347233772 0.9993351697921753";
    scale = "1.0000001192092896 1.0000001192092896 1.0000001192092896";
    decalType = "None";
    collisionType = "None";
  };

  new TSStatic() {
    shapeName = "levels/rls_west_coast_usa/art/shapes/objects/pole_fence1.dae";
    position = "-179.80946350097656 -46.157527923583984 120.54592895507812";
    rotationMatrix = "0.5696837306022644 -0.8218423128128052 0.005974716041237116 0.8218584656715393 0.5696380734443665 -0.007817653007805347 0.0030214518774300814 0.009363960474729538 0.9999516010284424";
    scale = "1.0000001192092896 1.0000001192092896 1.0000001192092896";
    decalType = "None";
    collisionType = "None";
  };

  new TSStatic() {
    shapeName = "levels/rls_west_coast_usa/art/shapes/objects/pole_fence1.dae";
    position = "-177.34393310546875 -44.448448181152344 120.61872863769531";
    rotationMatrix = "0.5696874260902405 -0.821847677230835 -0.00475784856826067 0.8216457366943359 0.5693957805633545 0.026206200942397118 -0.01882840506732464 -0.018838610500097275 0.9996452331542969";
    scale = "1.0000001192092896 1.0000001192092896 1.0000001192092896";
    decalType = "None";
    collisionType = "None";
  };

  new TSStatic() {
    shapeName = "levels/rls_west_coast_usa/art/shapes/objects/pole_fence1.dae";
    position = "-174.8783416748047 -42.7393684387207 120.65863037109375";
    rotationMatrix = "0.5695312023162842 -0.8216223120689392 0.023895710706710815 0.8219696879386902 0.5692833065986633 -0.016803540289402008 0.0002027342707151547 0.02921169064939022 0.9995732307434082";
    scale = "1.0000001192092896 1.0000001192092896 1.0000001192092896";
    decalType = "None";
    collisionType = "None";
  };

  new TSStatic() {
    shapeName = "levels/rls_west_coast_usa/art/shapes/objects/pole_fence1.dae";
    position = "-172.4127960205078 -41.0302848815918 120.67898559570312";
    rotationMatrix = "0.5695613026618958 -0.8216657042503357 -0.02157379686832428 0.8218263387680054 0.5697333812713623 -0.002310818061232567 0.01419003214687109 -0.016413763165473938 0.9997645616531372";
    scale = "1.0000001192092896 1.0000001192092896 1.0000001192092896";
    decalType = "None";
    collisionType = "None";
  };

  new TSStatic() {
    shapeName = "levels/rls_west_coast_usa/art/shapes/objects/pole_fence1.dae";
    position = "-169.94720458984375 -39.32120132446289 120.68014526367188";
    rotationMatrix = "0.5696805119514465 -0.8218376636505127 0.006854425184428692 0.8212496638298035 0.5695563554763794 0.033979207277297974 -0.03182937577366829 -0.013728098943829536 0.9993990063667297";
    scale = "1.0000001192092896 1.0000001192092896 1.0000001192092896";
    decalType = "None";
    collisionType = "None";
  };

  new TSStatic() {
    shapeName = "levels/rls_west_coast_usa/art/shapes/objects/pole_fence1.dae";
    position = "-167.48165893554688 -37.612125396728516 120.68018341064453";
    rotationMatrix = "0.5694922804832458 -0.821566104888916 0.02660238929092884 0.8219584822654724 0.5688554644584656 -0.028066322207450867 0.007925424724817276 0.03784961253404617 0.9992520213127136";
    scale = "1.0000001192092896 1.0000001192092896 1.0000001192092896";
    decalType = "None";
    collisionType = "None";
  };

  new TSStatic() {
    shapeName = "levels/rls_west_coast_usa/art/shapes/objects/pole_fence1.dae";
    position = "-165.0160675048828 -35.90304183959961 120.6801986694336";
    rotationMatrix = "0.5696234107017517 -0.8217552900314331 0.015727292746305466 0.8217678070068359 0.5690728425979614 -0.02921982854604721 0.015061573125422001 0.02956848032772541 0.9994492530822754";
    scale = "1.0000001192092896 1.0000001192092896 1.0000001192092896";
    decalType = "None";
    collisionType = "None";
  };

  new TSStatic() {
    shapeName = "levels/rls_west_coast_usa/art/shapes/objects/pole_fence1.dae";
    position = "-162.55052185058594 -34.1939582824707 120.68022918701172";
    rotationMatrix = "0.569625735282898 -0.8217586278915405 0.015469295904040337 0.8213512301445007 0.5698319673538208 0.025954971089959145 -0.03014362044632435 -0.0020788933616131544 0.9995434284210205";
    scale = "1.0000001192092896 1.0000001192092896 1.0000001192092896";
    decalType = "None";
    collisionType = "None";
  };

  new TSStatic() {
    shapeName = "levels/rls_west_coast_usa/art/shapes/objects/pole_fence1.dae";
    position = "-160.94593811035156 -32.34943771362305 120.68024444580078";
    rotationMatrix = "0.9224493503570557 -0.3857262134552002 -0.01739201508462429 0.3850744068622589 0.9223318099975586 -0.031963832676410675 0.02837049588561058 0.022787796333432198 0.9993376731872559";
    scale = "1.0000001192092896 1.0000001192092896 1.0000001192092896";
    decalType = "None";
    collisionType = "None";
  };

  new TSStatic() {
    shapeName = "levels/rls_west_coast_usa/art/shapes/objects/pole_fence1.dae";
    position = "-160.75363159179688 -30.254261016845703 120.68023681640625";
    rotationMatrix = "0.9865273237228394 0.16348347067832947 -0.006082470063120127 -0.16357487440109253 0.9863200783729553 -0.02039453759789467 0.0026650927029550076 0.021114708855748177 0.9997735023498535";
    scale = "1.0000001192092896 1.0000001192092896 1.0000001192092896";
    decalType = "None";
    collisionType = "None";
  };

  new TSStatic() {
    shapeName = "levels/rls_west_coast_usa/art/shapes/objects/pole_fence1.dae";
    position = "-161.52757263183594 -28.445154190063477 120.68022918701172";
    rotationMatrix = "0.8535244464874268 0.5205242037773132 0.023464808240532875 -0.519758939743042 0.8537128567695618 -0.032015781849622726 -0.03669719770550728 0.015130207873880863 0.9992119073867798";
    scale = "1.0000001192092896 1.0000001192092896 1.0000001192092896";
    decalType = "None";
    collisionType = "None";
  };

  new TSStatic() {
    shapeName = "levels/rls_west_coast_usa/art/shapes/objects/pole_fence1.dae";
    position = "-162.72718811035156 -26.868234634399414 120.68927764892578";
    rotationMatrix = "0.7588866353034973 0.6508384943008423 0.022367192432284355 -0.6501423120498657 0.7591582536697388 -0.03152453899383545 -0.0374976210296154 0.009381694719195366 0.9992526769638062";
    scale = "1.0000001192092896 1.0000001192092896 1.0000001192092896";
    decalType = "None";
    collisionType = "None";
  };

  new TSStatic() {
    shapeName = "levels/rls_west_coast_usa/art/shapes/objects/pole_fence1.dae";
    position = "-164.68019104003906 -24.591005325317383 120.68927764892578";
    rotationMatrix = "0.7588616609573364 0.6508170962333679 -0.023793455213308334 -0.6510331034660339 0.7590472102165222 -0.0018143028719350696 0.016879577189683914 0.016867130994796753 0.999715268611908";
    scale = "1.0000001192092896 1.0000001192092896 1.0000001192092896";
    decalType = "None";
    collisionType = "None";
  };

  new TSStatic() {
    shapeName = "levels/rls_west_coast_usa/art/shapes/objects/pole_fence1.dae";
    position = "-166.63319396972656 -22.31377601623535 120.6893310546875";
    rotationMatrix = "0.7587507367134094 0.6507219672203064 -0.02929561585187912 -0.6501423716545105 0.7593138813972473 0.027519002556800842 0.04015178978443146 -0.0018337417859584093 0.9991918802261353";
    scale = "1.0000001192092896 1.0000001192092896 1.0000001192092896";
    decalType = "None";
    collisionType = "None";
  };

  new TSStatic() {
    shapeName = "levels/rls_west_coast_usa/art/shapes/objects/pole_fence1.dae";
    position = "-168.58619689941406 -20.036548614501953 120.68954467773438";
    rotationMatrix = "0.7586285471916199 0.6506171822547913 0.03435172140598297 -0.6498970985412598 0.7594053745269775 -0.030614208430051804 -0.0460050106048584 0.000899726350326091 0.9989408254623413";
    scale = "1.0000001192092896 1.0000001192092896 1.0000001192092896";
    decalType = "None";
    collisionType = "None";
  };

  new TSStatic() {
    shapeName = "levels/rls_west_coast_usa/art/shapes/objects/pole_fence1.dae";
    position = "-170.53919982910156 -17.75931739807129 120.74604797363281";
    rotationMatrix = "0.7586352229118347 0.6506229043006897 -0.03409426659345627 -0.6512117385864258 0.7588404417037964 -0.00918672513216734 0.01989501528441906 0.029171960428357124 0.9993764162063599";
    scale = "1.0000001192092896 1.0000001192092896 1.0000001192092896";
    decalType = "None";
    collisionType = "None";
  };

  new TSStatic() {
    shapeName = "levels/rls_west_coast_usa/art/shapes/objects/pole_fence1.dae";
    position = "-172.49220275878906 -15.482088088989258 120.89938354492188";
    rotationMatrix = "0.7590722441673279 0.6509976387023926 0.0033781277015805244 -0.6508158445358276 0.7587142586708069 0.028131581842899323 0.01575056090950966 -0.023552441969513893 0.999598503112793";
    scale = "1.0000001192092896 1.0000001192092896 1.0000001192092896";
    decalType = "None";
    collisionType = "None";
  };

  new TSStatic() {
    shapeName = "levels/rls_west_coast_usa/art/shapes/objects/pole_fence1.dae";
    position = "-174.44520568847656 -13.204859733581543 121.0992431640625";
    rotationMatrix = "0.7589077949523926 0.6508566737174988 0.021084105595946312 -0.6504079103469849 0.7591840624809265 -0.02468111738562584 -0.0320705883204937 0.005017424467951059 0.9994730353355408";
    scale = "1.0000001192092896 1.0000001192092896 1.0000001192092896";
    decalType = "None";
    collisionType = "None";
  };

  new TSStatic() {
    shapeName = "levels/rls_west_coast_usa/art/shapes/objects/pole_fence1.dae";
    position = "-176.51107788085938 -11.330728530883789 121.2201919555664";
    rotationMatrix = "0.21130958199501038 0.9770635962486267 -0.026362348347902298 -0.977256178855896 0.2116900235414505 0.012556752189993858 0.01784939132630825 0.023109406232833862 0.9995735883712769";
    scale = "1.0000001192092896 1.0000001192092896 1.0000001192092896";
    decalType = "None";
    collisionType = "None";
  };

  new TSStatic() {
    shapeName = "levels/rls_west_coast_usa/art/shapes/objects/pole_fence1.dae";
    position = "-239.8749237060547 -77.9783706665039 120.66340637207031";
    rotationMatrix = "0.9529637098312378 0.3024478554725647 0.01963208056986332 -0.3026406466960907 0.9530739188194275 0.007661882322281599 -0.016393505036830902 -0.013242961838841438 0.9997779130935669";
    scale = "1.0000001192092896 1.0000001192092896 1.0000001192092896";
    decalType = "None";
    collisionType = "None";
  };

  new TSStatic() {
    shapeName = "levels/rls_west_coast_usa/art/shapes/objects/pole_fence1.dae";
    position = "-239.36412048339844 -79.75457763671875 120.66340637207031";
    rotationMatrix = "0.9962185025215149 -0.08353222906589508 -0.02389710023999214 0.08401204645633698 0.9962673783302307 0.01983160339295864 0.022151323035359383 -0.021764254197478294 0.9995176792144775";
    scale = "1.0000001192092896 1.0000001192092896 1.0000001192092896";
    decalType = "None";
    collisionType = "None";
  };

  new TSStatic() {
    shapeName = "levels/rls_west_coast_usa/art/shapes/objects/pole_fence1.dae";
    position = "-239.63296508789062 -81.38510131835938 120.66340637207031";
    rotationMatrix = "0.9209524989128113 -0.3883534073829651 0.03206443414092064 0.38904863595962524 0.9210174679756165 -0.019181247800588608 -0.022082803770899773 0.03013964183628559 0.9993017315864563";
    scale = "1.0000001192092896 1.0000001192092896 1.0000001192092896";
    decalType = "None";
    collisionType = "None";
  };

  new TSStatic() {
    shapeName = "levels/rls_west_coast_usa/art/shapes/objects/pole_fence1.dae";
    position = "-240.66619873046875 -83.41671752929688 120.66340637207031";
    rotationMatrix = "0.921065092086792 -0.3884008824825287 -0.027997739613056183 0.3885621726512909 0.9214224219322205 0.00034890754614025354 0.02566222846508026 -0.011200228706002235 0.9996079206466675";
    scale = "1.0000001192092896 1.0000001192092896 1.0000001192092896";
    decalType = "None";
    collisionType = "None";
  };

  new TSStatic() {
    shapeName = "levels/rls_west_coast_usa/art/shapes/objects/pole_fence1.dae";
    position = "-241.66458129882812 -84.44994354248047 120.66340637207031";
    rotationMatrix = "0.4715414345264435 -0.8816052079200745 0.02051631361246109 0.8811629414558411 0.47196391224861145 0.028319086879491806 -0.03464921563863754 0.004724591970443726 0.9993883967399597";
    scale = "1.0000001192092896 1.0000001192092896 1.0000001192092896";
    decalType = "None";
    collisionType = "None";
  };

  new TSStatic() {
    shapeName = "levels/rls_west_coast_usa/art/shapes/objects/pole_fence1.dae";
    position = "-243.54527282714844 -85.16972351074219 120.66340637207031";
    rotationMatrix = "-0.105743907392025 -0.9941756725311279 -0.020806975662708282 0.994037926197052 -0.10624240338802338 0.024518758058547974 -0.026586534455418587 -0.01809021271765232 0.9994828104972839";
    scale = "1.0000001192092896 1.0000001192092896 1.0000001192092896";
    decalType = "None";
    collisionType = "None";
  };

  new TSStatic() {
    shapeName = "levels/rls_west_coast_usa/art/shapes/objects/pole_fence1.dae";
    position = "-246.041259765625 -84.86787414550781 120.66340637207031";
    rotationMatrix = "-0.18244774639606476 -0.9831191897392273 0.01376638188958168 0.9828199148178101 -0.18195931613445282 0.030915677547454834 -0.02788887359201908 0.0191703699529171 0.9994271993637085";
    scale = "1.0000001192092896 1.0000001192092896 1.0000001192092896";
    decalType = "None";
    collisionType = "None";
  };

  new TSStatic() {
    shapeName = "levels/rls_west_coast_usa/art/shapes/objects/pole_fence1.dae";
    position = "-248.99087524414062 -84.32048034667969 120.66340637207031";
    rotationMatrix = "-0.18236929178237915 -0.9826964139938354 0.032392263412475586 0.982555627822876 -0.18336530029773712 -0.031008806079626083 0.03641185909509659 0.026172146201133728 0.9989941120147705";
    scale = "1.0000001192092896 1.0000001192092896 1.0000001192092896";
    decalType = "None";
    collisionType = "None";
  };

  new TSStatic() {
    shapeName = "levels/rls_west_coast_usa/art/shapes/objects/pole_fence1.dae";
    position = "-251.94052124023438 -83.77308654785156 120.66340637207031";
    rotationMatrix = "-0.1824594885110855 -0.983182430267334 -0.00780299911275506 0.9832022786140442 -0.18241393566131592 -0.006203355733305216 0.004675654694437981 -0.008803787641227245 0.9999502897262573";
    scale = "1.0000001192092896 1.0000001192092896 1.0000001192092896";
    decalType = "None";
    collisionType = "None";
  };

  new TSStatic() {
    shapeName = "levels/rls_west_coast_usa/art/shapes/objects/pole_fence1.dae";
    position = "-254.05325317382812 -82.99015808105469 120.66340637207031";
    rotationMatrix = "-0.469539076089859 -0.8829050064086914 -0.003430875251069665 0.8826194405555725 -0.4692801237106323 -0.027552109211683273 0.0227158535271883 -0.015964949503540993 0.9996144771575928";
    scale = "1.0000001192092896 1.0000001192092896 1.0000001192092896";
    decalType = "None";
    collisionType = "None";
  };

  new TSStatic() {
    shapeName = "levels/rls_west_coast_usa/art/shapes/objects/pole_fence1.dae";
    position = "-255.47215270996094 -81.91791534423828 120.66340637207031";
    rotationMatrix = "-0.7280123829841614 -0.6854705214500427 0.011318889446556568 0.6855612993240356 -0.7279562950134277 0.009236441925168037 0.0019083489896729589 0.014484036713838577 0.999893307685852";
    scale = "1.0000001192092896 1.0000001192092896 1.0000001192092896";
    decalType = "None";
    collisionType = "None";
  };

  new TSStatic() {
    shapeName = "levels/rls_west_coast_usa/art/shapes/objects/pole_fence1.dae";
    position = "-256.625 -80.49901580810547 120.66340637207031";
    rotationMatrix = "-0.8852548599243164 -0.4643787443637848 -0.02600489743053913 0.46366897225379944 -0.8855308294296265 0.029090281575918198 -0.0365370474755764 0.013694647699594498 0.9992384314537048";
    scale = "1.0000001192092896 1.0000001192092896 1.0000001192092896";
    decalType = "None";
    collisionType = "None";
  };

  new TSStatic() {
    shapeName = "levels/rls_west_coast_usa/art/shapes/objects/pole_fence1.dae";
    position = "-257.5440979003906 -78.6931381225586 120.66340637207031";
    rotationMatrix = "-0.964583694934845 -0.26375871896743774 0.0031087587121874094 0.2637713849544525 -0.964418888092041 0.017914146184921265 -0.0017268664669245481 0.018099695444107056 0.9998347163200378";
    scale = "1.0000001192092896 1.0000001192092896 1.0000001192092896";
    decalType = "None";
    collisionType = "None";
  };

  new TSStatic() {
    shapeName = "levels/rls_west_coast_usa/art/shapes/objects/pole_fence1.dae";
    position = "-257.9068298339844 -76.451904296875 120.61144256591797";
    rotationMatrix = "-0.9966665506362915 -0.08142877370119095 -0.005012343171983957 0.08136621862649918 -0.9966164827346802 0.011624263599514961 -0.005941933486610651 0.011177679523825645 0.9999198913574219";
    scale = "1.0000001192092896 1.0000001192092896 1.0000001192092896";
    decalType = "None";
    collisionType = "None";
  };

  new TSStatic() {
    shapeName = "levels/rls_west_coast_usa/art/shapes/objects/pole_fence1.dae";
    position = "-258.1669006347656 -73.46319580078125 120.61144256591797";
    rotationMatrix = "-0.9958722591400146 -0.0866619274020195 0.026983359828591347 0.08632012456655502 -0.9961748123168945 -0.013586447574198246 0.02805757150053978 -0.011201159097254276 0.9995435476303101";
    scale = "1.0000001192092896 1.0000001192092896 1.0000001192092896";
    decalType = "None";
    collisionType = "None";
  };

  new TSStatic() {
    shapeName = "levels/rls_west_coast_usa/art/shapes/objects/pole_fence1.dae";
    position = "-258.3954162597656 -70.4718246459961 120.61246490478516";
    rotationMatrix = "-0.99614417552948 -0.08138609677553177 0.03275740146636963 0.08195287734270096 -0.996502161026001 0.016346275806427002 0.03131245821714401 0.01896781101822853 0.9993296265602112";
    scale = "1.0000001192092896 1.0000001192092896 1.0000001192092896";
    decalType = "None";
    collisionType = "None";
  };

  new TSStatic() {
    shapeName = "levels/rls_west_coast_usa/art/shapes/objects/pole_fence1.dae";
    position = "-258.68707275390625 -67.48577880859375 120.61293029785156";
    rotationMatrix = "-0.9961869120597839 -0.0866893082857132 0.009825813584029675 0.08636090904474258 -0.9958124160766602 -0.02999071590602398 0.01238454133272171 -0.029027793556451797 0.9995018839836121";
    scale = "1.0000001192092896 1.0000001192092896 1.0000001192092896";
    decalType = "None";
    collisionType = "None";
  };

  new TSStatic() {
    shapeName = "levels/rls_west_coast_usa/art/shapes/objects/pole_fence1.dae";
    position = "-258.88397216796875 -64.49174499511719 120.6158447265625";
    rotationMatrix = "-0.9964674115180969 -0.08141250163316727 0.02060803212225437 0.08099416643381119 -0.9965061545372009 -0.02038123831152916 0.022195318713784218 -0.01864010840654373 0.9995798468589783";
    scale = "1.0000001192092896 1.0000001192092896 1.0000001192092896";
    decalType = "None";
    collisionType = "None";
  };

  new TSStatic() {
    shapeName = "levels/rls_west_coast_usa/art/shapes/objects/pole_fence1.dae";
    position = "-259.20721435546875 -61.50836944580078 120.61433410644531";
    rotationMatrix = "-0.9959971904754639 -0.08667279779911041 0.021850362420082092 0.08721202611923218 -0.9958743453025818 0.025066575035452843 0.019587626680731773 0.026871852576732635 0.9994469881057739";
    scale = "1.0000001192092896 1.0000001192092896 1.0000001192092896";
    decalType = "None";
    collisionType = "None";
  };

  new TSStatic() {
    shapeName = "levels/rls_west_coast_usa/art/shapes/objects/pole_fence1.dae";
    position = "-259.37255859375 -58.51167678833008 120.6169204711914";
    rotationMatrix = "-0.9962149858474731 -0.08139187842607498 -0.030512474477291107 0.08186151087284088 -0.9965386986732483 -0.014469772577285767 -0.029229138046503067 -0.016912801191210747 0.9994296431541443";
    scale = "1.0000001192092896 1.0000001192092896 1.0000001192092896";
    decalType = "None";
    collisionType = "None";
  };

  new TSStatic() {
    shapeName = "levels/rls_west_coast_usa/art/shapes/objects/pole_fence1.dae";
    position = "-259.7273864746094 -55.53096389770508 120.61456298828125";
    rotationMatrix = "-0.9957528710365295 -0.08665153384208679 -0.031109200790524483 0.08579976111650467 -0.9959259629249573 0.027745971456170082 -0.03338669240474701 0.02495896816253662 0.9991307854652405";
    scale = "1.0000001192092896 1.0000001192092896 1.0000001192092896";
    decalType = "None";
    collisionType = "None";
  };

  new TSStatic() {
    shapeName = "levels/rls_west_coast_usa/art/shapes/objects/pole_fence1.dae";
    position = "-259.8611145019531 -52.53159713745117 120.61671447753906";
    rotationMatrix = "-0.996120810508728 -0.08138418197631836 0.03346569836139679 0.08054667711257935 -0.9964205622673035 -0.02565772458910942 0.035434044897556305 -0.022862641140818596 0.9991104602813721";
    scale = "1.0000001192092896 1.0000001192092896 1.0000001192092896";
    decalType = "None";
    collisionType = "None";
  };

  new TSStatic() {
    shapeName = "levels/rls_west_coast_usa/art/shapes/objects/pole_fence1.dae";
    position = "-260.2475280761719 -49.553550720214844 120.59905242919922";
    rotationMatrix = "-0.9958160519599915 -0.08665703237056732 0.028999418020248413 0.08696577697992325 -0.9961654543876648 0.009557866491377354 0.028059961274266243 0.012039833702147007 0.9995337128639221";
    scale = "1.0000001192092896 1.0000001192092896 1.0000001192092896";
    decalType = "None";
    collisionType = "None";
  };

  new TSStatic() {
    shapeName = "levels/rls_west_coast_usa/art/shapes/objects/pole_fence1.dae";
    position = "-260.3497009277344 -46.55153274536133 120.61144256591797";
    rotationMatrix = "-0.9964662790298462 -0.0814124122262001 0.020663905888795853 0.08116558194160461 -0.9966220259666443 -0.012516525574028492 0.0216131042689085 -0.01079509686678648 0.9997081160545349";
    scale = "1.0000001192092896 1.0000001192092896 1.0000001192092896";
    decalType = "None";
    collisionType = "None";
  };

  new TSStatic() {
    shapeName = "levels/rls_west_coast_usa/art/shapes/objects/pole_fence1.dae";
    position = "-260.5712890625 -43.8394775390625 120.61144256591797";
    rotationMatrix = "-0.9966720342636108 -0.08142922073602676 0.003758426057174802 0.08148976415395737 -0.9964604377746582 0.020639151334762573 0.0020644930191338062 0.02087673731148243 0.9997799396514893";
    scale = "1.0000001192092896 1.0000001192092896 1.0000001192092896";
    decalType = "None";
    collisionType = "None";
  };

  new TSStatic() {
    shapeName = "levels/rls_west_coast_usa/art/shapes/objects/pole_fence1.dae";
    position = "-261.5422058105469 -31.20844268798828 120.48438262939453";
    rotationMatrix = "-0.9987224340438843 -0.04961511120200157 -0.009585446678102016 0.049642324447631836 -0.9987636208534241 -0.0026223836466670036 -0.009443486109375954 -0.003094877116382122 0.999950647354126";
    scale = "1.0000001192092896 1.0000001192092896 1.0000001192092896";
    decalType = "None";
    collisionType = "None";
  };

  new TSStatic() {
    shapeName = "levels/rls_west_coast_usa/art/shapes/objects/pole_fence1.dae";
    position = "-261.8765563964844 -28.56711196899414 120.43318176269531";
    rotationMatrix = "-0.9987359046936035 -0.049453459680080414 -0.009000219404697418 0.04927819222211838 -0.9986090660095215 0.01875234954059124 -0.009915068745613098 0.018285129219293594 0.9997836351394653";
    scale = "1.0000001192092896 1.0000001192092896 1.0000001192092896";
    decalType = "None";
    collisionType = "None";
  };

  new TSStatic() {
    shapeName = "levels/rls_west_coast_usa/art/shapes/objects/pole_fence1.dae";
    position = "-262.0249328613281 -25.570781707763672 120.43318176269531";
    rotationMatrix = "-0.9986585974693298 -0.04944963380694389 0.01535212341696024 0.049727633595466614 -0.9985953569412231 0.018287526443600655 0.014426248148083687 0.019026421010494232 0.9997149109840393";
    scale = "1.0000001192092896 1.0000001192092896 1.0000001192092896";
    decalType = "None";
    collisionType = "None";
  };

  new TSStatic() {
    shapeName = "levels/rls_west_coast_usa/art/shapes/objects/pole_fence1.dae";
    position = "-261.76953125 -22.970317840576172 120.43318176269531";
    rotationMatrix = "-0.9835041761398315 0.17873945832252502 0.027779851108789444 -0.17900176346302032 -0.9838221073150635 -0.0072413054294884205 0.026036124676465988 -0.012094496749341488 0.9995878338813782";
    scale = "1.0000001192092896 1.0000001192092896 1.0000001192092896";
    decalType = "None";
    collisionType = "None";
  };

  new TSStatic() {
    shapeName = "levels/rls_west_coast_usa/art/shapes/objects/pole_fence1.dae";
    position = "-261.25872802734375 -21.36824607849121 120.43318176269531";
    rotationMatrix = "-0.8491429090499878 0.5280448794364929 0.01117752492427826 -0.5281580090522766 -0.8490376472473145 -0.013570141047239304 0.0023244961630553007 -0.017426488921046257 0.9998454451560974";
    scale = "1.0000001192092896 1.0000001192092896 1.0000001192092896";
    decalType = "None";
    collisionType = "None";
  };

  new TSStatic() {
    shapeName = "levels/rls_west_coast_usa/art/shapes/objects/pole_fence1.dae";
    position = "-260.242919921875 -20.042858123779297 120.43318176269531";
    rotationMatrix = "-0.574578046798706 0.8184016942977905 -0.008875908330082893 -0.8184493184089661 -0.574555516242981 0.005164677742868662 -0.0008729209657758474 0.010231991298496723 0.9999472498893738";
    scale = "1.0000001192092896 1.0000001192092896 1.0000001192092896";
    decalType = "None";
    collisionType = "None";
  };

  new TSStatic() {
    shapeName = "levels/rls_west_coast_usa/art/shapes/objects/pole_fence1.dae";
    position = "-258.3951416015625 -19.268909454345703 120.43318176269531";
    rotationMatrix = "-0.13995924592018127 0.9901164174079895 -0.008992576971650124 -0.9901055693626404 -0.14003898203372955 -0.008949264883995056 -0.010120125487446785 0.007651067804545164 0.9999195337295532";
    scale = "1.0000001192092896 1.0000001192092896 1.0000001192092896";
    decalType = "None";
    collisionType = "None";
  };

  new TSStatic() {
    shapeName = "levels/rls_west_coast_usa/art/shapes/objects/pole_fence1.dae";
    position = "-255.96543884277344 -19.080705642700195 120.43318176269531";
    rotationMatrix = "-0.024618379771709442 0.9996793270111084 0.00592658668756485 -0.999695360660553 -0.02460746094584465 -0.0019082680810242891 -0.0017618179554119706 -0.005971760023385286 0.999980628490448";
    scale = "1.0000001192092896 1.0000001192092896 1.0000001192092896";
    decalType = "None";
    collisionType = "None";
  };

  new TSStatic() {
    shapeName = "levels/rls_west_coast_usa/art/shapes/objects/pole_fence1.dae";
    position = "-252.96636962890625 -19.006851196289062 120.43318176269531";
    rotationMatrix = "-0.024617932736873627 0.9996611475944519 -0.008457220159471035 -0.9992023706436157 -0.024870941415429115 -0.03124176152050495 -0.03144151344895363 0.0076813665218651295 0.9994760751724243";
    scale = "1.0000001192092896 1.0000001192092896 1.0000001192092896";
    decalType = "None";
    collisionType = "None";
  };

  new TSStatic() {
    shapeName = "levels/rls_west_coast_usa/art/shapes/objects/pole_fence1.dae";
    position = "-249.96726989746094 -18.932992935180664 120.43318176269531";
    rotationMatrix = "-0.024615300819277763 0.9995542764663696 -0.016890762373805046 -0.9996177554130554 -0.024397121742367744 0.013003728352487087 0.012585846707224846 0.017204396426677704 0.9997727870941162";
    scale = "1.0000001192092896 1.0000001192092896 1.0000001192092896";
    decalType = "None";
    collisionType = "None";
  };

  new TSStatic() {
    shapeName = "levels/rls_west_coast_usa/art/shapes/objects/pole_fence1.dae";
    position = "-246.9681854248047 -18.8591365814209 120.43318176269531";
    rotationMatrix = "-0.024614330381155014 0.9995149374008179 0.01907968707382679 -0.9995638132095337 -0.02491811476647854 0.015851017087697983 0.016318758949637413 -0.018681203946471214 0.9996923208236694";
    scale = "1.0000001192092896 1.0000001192092896 1.0000001192092896";
    decalType = "None";
    collisionType = "None";
  };

  new TSStatic() {
    shapeName = "levels/rls_west_coast_usa/art/shapes/objects/pole_fence1.dae";
    position = "-245.5921173095703 -18.824466705322266 120.36942291259766";
    rotationMatrix = "-0.023413440212607384 0.9997141361236572 0.004848957993090153 -0.9996818900108337 -0.023457620292901993 0.009264221414923668 0.009375317953526974 -0.004630508366972208 0.999945342540741";
    scale = "1.0000001192092896 1.0000001192092896 1.0000001192092896";
    decalType = "None";
    collisionType = "None";
  };

  new TSStatic() {
    shapeName = "levels/rls_west_coast_usa/art/shapes/objects/pole_fence1.dae";
    position = "-238.2723388671875 -17.938156127929688 120.46179962158203";
    rotationMatrix = "-0.14336363971233368 0.9894382357597351 -0.021420253440737724 -0.9896116852760315 -0.14355668425559998 -0.007756121456623077 -0.01074922364205122 0.020085789263248444 0.999740481376648";
    scale = "1.0000001192092896 1.0000001192092896 1.0000001192092896";
    decalType = "None";
    collisionType = "None";
  };

  new TSStatic() {
    shapeName = "levels/rls_west_coast_usa/art/shapes/objects/pole_fence1.dae";
    position = "-235.3033447265625 -17.507963180541992 120.51455688476562";
    rotationMatrix = "-0.14333626627922058 0.9892492890357971 0.028992343693971634 -0.9895719289779663 -0.14283907413482666 -0.01855938881635666 -0.01421862281858921 -0.03135024011135101 0.9994072914123535";
    scale = "1.0000001192092896 1.0000001192092896 1.0000001192092896";
    decalType = "None";
    collisionType = "None";
  };

  new TSStatic() {
