//--- OBJECT WRITE BEGIN ---
$ThisPrefab = new SimGroup(bridge_segment_group) {
   canSave = "1";
   canSaveDynamicFields = "1";
      groupPosition = "0 0 0";

   new TSStatic() {
      shapeName = "/levels/rls_west_coast_usa/art/shapes/buildings/suspension_bridge_segment.dae";
      dynamic = "0";
      playAmbient = "1";
      meshCulling = "0";
      originSort = "0";
      useInstanceRenderData = "0";
      instanceColor = "White";
      instanceColor1 = "White";
      instanceColor2 = "White";
      collisionType = "Collision Mesh";
      decalType = "Collision Mesh";
      prebuildCollisionData = "0";
      renderNormals = "0";
      forceDetail = "-1";
      position = "168.639236 866.770081 102.510315";
      scale = "1 1 1";
      rotationMatrix = "0.981091976 0.193542048 7.62839227e-06 -0.193490952 0.9808321 0.0230151247 0.00444691209 -0.0225814302 0.999735117";
      isRenderEnabled = "false";
      canSave = "1";
      canSaveDynamicFields = "1";
      persistentId = "0df6ad41-21c0-40d2-89d7-dd9c2f004b42";
   };
   new TSStatic() {
      shapeName = "/levels/rls_west_coast_usa/art/shapes/buildings/suspension_bridge_segment.dae";
      dynamic = "0";
      playAmbient = "1";
      meshCulling = "0";
      originSort = "0";
      useInstanceRenderData = "0";
      instanceColor = "White";
      instanceColor1 = "White";
      instanceColor2 = "White";
      collisionType = "Collision Mesh";
      decalType = "Collision Mesh";
      prebuildCollisionData = "0";
      renderNormals = "0";
      forceDetail = "-1";
      position = "165.009872 885.170837 102.933159";
      scale = "1 1 1";
      rotationMatrix = "0.981103599 0.193483233 7.62946001e-06 -0.193437025 0.98086834 0.021895254 0.00422888109 -0.0214829873 0.99976027";
      isRenderEnabled = "false";
      canSave = "1";
      canSaveDynamicFields = "1";
      persistentId = "b49272c0-e612-4c6b-8d90-f84a0eb43072";
   };
   new TSStatic() {
      shapeName = "/levels/rls_west_coast_usa/art/shapes/buildings/suspension_bridge_segment.dae";
      dynamic = "0";
      playAmbient = "1";
      meshCulling = "0";
      originSort = "0";
      useInstanceRenderData = "0";
      instanceColor = "White";
      instanceColor1 = "White";
      instanceColor2 = "White";
      collisionType = "Collision Mesh";
      decalType = "Collision Mesh";
      prebuildCollisionData = "0";
      renderNormals = "0";
      forceDetail = "-1";
      position = "161.3806 903.572205 103.328293";
      scale = "1 1 1";
      rotationMatrix = "0.981103599 0.193483233 7.62748414e-06 -0.193444744 0.980907619 0.019985754 0.00385942636 -0.0196095705 0.999800265";
      isRenderEnabled = "false";
      canSave = "1";
      canSaveDynamicFields = "1";
      persistentId = "7808afc1-5bfb-4e92-9f0c-422192fbfa95";
   };
   new TSStatic() {
      shapeName = "/levels/rls_west_coast_usa/art/shapes/buildings/suspension_bridge_segment.dae";
      dynamic = "0";
      playAmbient = "1";
      meshCulling = "0";
      originSort = "0";
      useInstanceRenderData = "0";
      instanceColor = "White";
      instanceColor1 = "White";
      instanceColor2 = "White";
      collisionType = "Collision Mesh";
      decalType = "Collision Mesh";
      prebuildCollisionData = "0";
      renderNormals = "0";
      forceDetail = "-1";
      position = "157.751251 921.974243 103.694122";
      scale = "1 1 1";
      rotationMatrix = "0.981104136 0.193480343 7.62906802e-06 -0.193444625 0.980922282 0.0192537382 0.00371773634 -0.0188913979 0.99981463";
      isRenderEnabled = "false";
      canSave = "1";
      canSaveDynamicFields = "1";
      persistentId = "0d34b6e0-e52e-49e6-ba05-9e90fe628342";
   };
   new TSStatic() {
      shapeName = "/levels/rls_west_coast_usa/art/shapes/buildings/suspension_bridge_segment.dae";
      dynamic = "0";
      playAmbient = "1";
      meshCulling = "0";
      originSort = "0";
      useInstanceRenderData = "0";
      instanceColor = "White";
      instanceColor1 = "White";
      instanceColor2 = "White";
      collisionType = "Collision Mesh";
      decalType = "Collision Mesh";
      prebuildCollisionData = "0";
      renderNormals = "0";
      forceDetail = "-1";
      position = "154.122177 940.376587 104.046654";
      scale = "1 1 1";
      rotationMatrix = "0.981104136 0.193480387 7.62716945e-06 -0.193448618 0.980942309 0.0181610789 0.00350633077 -0.017819386 0.999835074";
      isRenderEnabled = "false";
      canSave = "1";
      canSaveDynamicFields = "1";
      persistentId = "b76a0ffa-cb70-4370-a5ae-803635256076";
   };
   new TSStatic() {
      shapeName = "/levels/rls_west_coast_usa/art/shapes/buildings/suspension_bridge_segment.dae";
      dynamic = "0";
      playAmbient = "1";
      meshCulling = "0";
      originSort = "0";
      useInstanceRenderData = "0";
      instanceColor = "White";
      instanceColor1 = "White";
      instanceColor2 = "White";
      collisionType = "Collision Mesh";
      decalType = "Collision Mesh";
      prebuildCollisionData = "0";
      renderNormals = "0";
      forceDetail = "-1";
      position = "150.493362 958.779297 104.370941";
      scale = "1 1 1";
      rotationMatrix = "0.981104136 0.193480387 7.62739091e-06 -0.193454906 0.980974317 0.016267363 0.00313993334 -0.0159614515 0.999867678";
      isRenderEnabled = "false";
      canSave = "1";
      canSaveDynamicFields = "1";
      persistentId = "0215efc5-20d6-49fa-8f99-33e32c7d30c2";
   };
   new TSStatic() {
      shapeName = "/levels/rls_west_coast_usa/art/shapes/buildings/suspension_bridge_segment.dae";
      dynamic = "0";
      playAmbient = "1";
      meshCulling = "0";
      originSort = "0";
      useInstanceRenderData = "0";
      instanceColor = "White";
      instanceColor1 = "White";
      instanceColor2 = "White";
      collisionType = "Collision Mesh";
      decalType = "Collision Mesh";
      prebuildCollisionData = "0";
      renderNormals = "0";
      forceDetail = "-1";
      position = "146.864624 977.182495 104.669991";
      scale = "1 1 1";
      rotationMatrix = "0.981104136 0.193480417 7.62959917e-06 -0.193456724 0.980983436 0.0156854372 0.0030273404 -0.0153905228 0.999876976";
      isRenderEnabled = "false";
      canSave = "1";
      canSaveDynamicFields = "1";
      persistentId = "5b5c52da-e4f3-4e7e-98af-aa8c0984bdb1";
   };
   new TSStatic() {
      shapeName = "/levels/rls_west_coast_usa/art/shapes/buildings/suspension_bridge_segment.dae";
      dynamic = "0";
      playAmbient = "1";
      meshCulling = "0";
      originSort = "0";
      useInstanceRenderData = "0";
      instanceColor = "White";
      instanceColor1 = "White";
      instanceColor2 = "White";
      collisionType = "Collision Mesh";
      decalType = "Collision Mesh";
      prebuildCollisionData = "0";
      renderNormals = "0";
      forceDetail = "-1";
      position = "143.235962 995.586121 104.954117";
      scale = "1 1 1";
      rotationMatrix = "0.981115699 0.193421662 7.62585432e-06 -0.193401411 0.981012404 0.0145090502 0.00279888348 -0.0142365322 0.999894738";
      isRenderEnabled = "false";
      canSave = "1";
      canSaveDynamicFields = "1";
      persistentId = "e265253e-e52d-439d-9998-706b5d8fe1d2";
   };
   new TSStatic() {
      shapeName = "/levels/rls_west_coast_usa/art/shapes/buildings/suspension_bridge_segment.dae";
      dynamic = "0";
      playAmbient = "1";
      meshCulling = "0";
      originSort = "0";
      useInstanceRenderData = "0";
      instanceColor = "White";
      instanceColor1 = "White";
      instanceColor2 = "White";
      collisionType = "Collision Mesh";
      decalType = "Collision Mesh";
      prebuildCollisionData = "0";
      renderNormals = "0";
      forceDetail = "-1";
      position = "139.607697 1013.99011 105.209671";
      scale = "1 1 1";
      rotationMatrix = "0.981116295 0.193418756 7.62707623e-06 -0.193402514 0.981033385 0.0129966326 0.00250631012 -0.0127526829 0.99991554";
      isRenderEnabled = "false";
      canSave = "1";
      canSaveDynamicFields = "1";
      persistentId = "e4427920-9034-4811-8663-6c2011bd0419";
   };
   new TSStatic() {
      shapeName = "/levels/rls_west_coast_usa/art/shapes/buildings/suspension_bridge_segment.dae";
      dynamic = "0";
      playAmbient = "1";
      meshCulling = "0";
      originSort = "0";
      useInstanceRenderData = "0";
      instanceColor = "White";
      instanceColor1 = "White";
      instanceColor2 = "White";
      collisionType = "Collision Mesh";
      decalType = "Collision Mesh";
      prebuildCollisionData = "0";
      renderNormals = "0";
      forceDetail = "-1";
      position = "135.979584 1032.39441 105.448959";
      scale = "1 1 1";
      rotationMatrix = "0.981127858 0.193359986 7.62636046e-06 -0.193345204 0.981052399 0.0124005629 0.00239029061 -0.0121680126 0.99992311";
      isRenderEnabled = "false";
      canSave = "1";
      canSaveDynamicFields = "1";
      persistentId = "c090277b-e2af-4cb7-8135-e88d8c8bedbd";
   };
   new TSStatic() {
      shapeName = "/levels/rls_west_coast_usa/art/shapes/buildings/suspension_bridge_segment.dae";
      dynamic = "0";
      playAmbient = "1";
      meshCulling = "0";
      originSort = "0";
      useInstanceRenderData = "0";
      instanceColor = "White";
      instanceColor1 = "White";
      instanceColor2 = "White";
      collisionType = "Collision Mesh";
      decalType = "Collision Mesh";
      prebuildCollisionData = "0";
      renderNormals = "0";
      forceDetail = "-1";
      position = "132.351624 1050.79883 105.667862";
      scale = "1 1 1";
      rotationMatrix = "0.981127858 0.193359986 7.62315995e-06 -0.19334875 0.981070518 0.010813918 0.00208349992 -0.0106113097 0.999941528";
      isRenderEnabled = "false";
      canSave = "1";
      canSaveDynamicFields = "1";
      persistentId = "182016b4-eac2-4454-981e-889310e443d7";
   };
   new TSStatic() {
      shapeName = "/levels/rls_west_coast_usa/art/shapes/buildings/suspension_bridge_segment.dae";
      dynamic = "0";
      playAmbient = "1";
      meshCulling = "0";
      originSort = "0";
      useInstanceRenderData = "0";
      instanceColor = "White";
      instanceColor1 = "White";
      instanceColor2 = "White";
      collisionType = "Collision Mesh";
      decalType = "Collision Mesh";
      prebuildCollisionData = "0";
      renderNormals = "0";
      forceDetail = "-1";
      position = "128.723923 1069.20386 105.859871";
      scale = "1 1 1";
      rotationMatrix = "0.981127918 0.193359941 7.62684931e-06 -0.193350509 0.981079698 0.0099109048 0.00190888927 -0.00972533971 0.999950886";
      isRenderEnabled = "false";
      canSave = "1";
      canSaveDynamicFields = "1";
      persistentId = "7381bb77-42df-417c-81c7-1a2e898304d9";
   };
   new TSStatic() {
      shapeName = "/levels/rls_west_coast_usa/art/shapes/buildings/suspension_bridge_segment.dae";
      dynamic = "0";
      playAmbient = "1";
      meshCulling = "0";
      originSort = "0";
      useInstanceRenderData = "0";
      instanceColor = "White";
      instanceColor1 = "White";
      instanceColor2 = "White";
      collisionType = "Collision Mesh";
      decalType = "Collision Mesh";
      prebuildCollisionData = "0";
      renderNormals = "0";
      forceDetail = "-1";
      position = "125.096497 1087.60889 106.036407";
      scale = "1 1 1";
      rotationMatrix = "0.981127858 0.193360001 7.62724403e-06 -0.193352669 0.981090307 0.00874819234 0.00168406754 -0.00858457014 0.999961734";
      isRenderEnabled = "false";
      canSave = "1";
      canSaveDynamicFields = "1";
      persistentId = "ca9017c2-948e-475c-aff7-bf72e19baf6e";
   };
   new TSStatic() {
      shapeName = "/levels/rls_west_coast_usa/art/shapes/buildings/suspension_bridge_segment.dae";
      dynamic = "0";
      playAmbient = "1";
      meshCulling = "0";
      originSort = "0";
      useInstanceRenderData = "0";
      instanceColor = "White";
      instanceColor1 = "White";
      instanceColor2 = "White";
      collisionType = "Collision Mesh";
      decalType = "Collision Mesh";
      prebuildCollisionData = "0";
      renderNormals = "0";
      forceDetail = "-1";
      position = "121.469147 1106.0144 106.183784";
      scale = "1 1 1";
      rotationMatrix = "0.981128156 0.193358526 7.62511081e-06 -0.1933534 0.981101811 0.0073241666 0.0014087091 -0.0071874205 0.999973178";
      isRenderEnabled = "false";
      canSave = "1";
      canSaveDynamicFields = "1";
      persistentId = "427c3f09-4424-4b3e-9ba3-05e646341c01";
   };
   new TSStatic() {
      shapeName = "/levels/rls_west_coast_usa/art/shapes/buildings/suspension_bridge_segment.dae";
      dynamic = "0";
      playAmbient = "1";
      meshCulling = "0";
      originSort = "0";
      useInstanceRenderData = "0";
      instanceColor = "White";
      instanceColor1 = "White";
      instanceColor2 = "White";
      collisionType = "Collision Mesh";
      decalType = "Collision Mesh";
      prebuildCollisionData = "0";
      renderNormals = "0";
      forceDetail = "-1";
      position = "117.842171 1124.41992 106.314758";
      scale = "1 1 1";
      rotationMatrix = "0.981128156 0.19335857 7.63157732e-06 -0.193354607 0.981107771 0.00644083414 0.00123790314 -0.00632075965 0.999979258";
      isRenderEnabled = "false";
      canSave = "1";
      canSaveDynamicFields = "1";
      persistentId = "e1921dac-0666-4f51-99cc-1fca252e065b";
   };
   new TSStatic() {
      shapeName = "/levels/rls_west_coast_usa/art/shapes/buildings/suspension_bridge_segment.dae";
      dynamic = "0";
      playAmbient = "1";
      meshCulling = "0";
      originSort = "0";
      useInstanceRenderData = "0";
      instanceColor = "White";
      instanceColor1 = "White";
      instanceColor2 = "White";
      collisionType = "Collision Mesh";
      decalType = "Collision Mesh";
      prebuildCollisionData = "0";
      renderNormals = "0";
      forceDetail = "-1";
      position = "114.215424 1142.82568 106.420029";
      scale = "1 1 1";
      rotationMatrix = "0.981128156 0.193358511 7.61527099e-06 -0.19335632 0.981116831 0.00480899261 0.000922388223 -0.00471971044 0.999988437";
      isRenderEnabled = "false";
      canSave = "1";
      canSaveDynamicFields = "1";
      persistentId = "71b7ed3c-9e82-4a2b-ae3c-4b4f79c7b71a";
   };
   new TSStatic() {
      shapeName = "/levels/rls_west_coast_usa/art/shapes/buildings/suspension_bridge_segment.dae";
      dynamic = "0";
      playAmbient = "1";
      meshCulling = "0";
      originSort = "0";
      useInstanceRenderData = "0";
      instanceColor = "White";
      instanceColor1 = "White";
      instanceColor2 = "White";
      collisionType = "Collision Mesh";
      decalType = "Collision Mesh";
      prebuildCollisionData = "0";
      renderNormals = "0";
      forceDetail = "-1";
      position = "110.588768 1161.23169 106.505356";
      scale = "1 1 1";
      rotationMatrix = "0.981128335 0.19335781 7.59488876e-06 -0.193356231 0.98112011 0.00408523856 0.000782461255 -0.00400961144 0.999991655";
      isRenderEnabled = "false";
      canSave = "1";
      canSaveDynamicFields = "1";
      persistentId = "5e23e8c6-9742-4179-b2f1-1d1e58be14df";
   };
   new TSStatic() {
      shapeName = "/levels/rls_west_coast_usa/art/shapes/buildings/suspension_bridge_segment.dae";
      dynamic = "0";
      playAmbient = "1";
      meshCulling = "0";
      originSort = "0";
      useInstanceRenderData = "0";
      instanceColor = "White";
      instanceColor1 = "White";
      instanceColor2 = "White";
      collisionType = "Collision Mesh";
      decalType = "Collision Mesh";
      prebuildCollisionData = "0";
      renderNormals = "0";
      forceDetail = "-1";
      position = "106.962425 1179.63782 106.565987";
      scale = "1 1 1";
      rotationMatrix = "0.981151581 0.193239659 7.51298739e-06 -0.193239227 0.981149316 0.00215617754 0.000409287633 -0.00211698888 0.999997675";
      isRenderEnabled = "false";
      canSave = "1";
      canSaveDynamicFields = "1";
      persistentId = "21cd562a-9661-4891-92b5-6bb4c785f884";
   };
   new TSStatic() {
      shapeName = "/levels/rls_west_coast_usa/art/shapes/buildings/suspension_bridge_segment.dae";
      dynamic = "0";
      playAmbient = "1";
      meshCulling = "0";
      originSort = "0";
      useInstanceRenderData = "0";
      instanceColor = "White";
      instanceColor1 = "White";
      instanceColor2 = "White";
      collisionType = "Collision Mesh";
      decalType = "Collision Mesh";
      prebuildCollisionData = "0";
      renderNormals = "0";
      forceDetail = "-1";
      position = "103.336433 1198.04395 106.600677";
      scale = "1 1 1";
      rotationMatrix = "0.981151879 0.193238184 7.3255751e-06 -0.193238005 0.981150925 0.00138104858 0.000259683817 -0.00135643396 0.999999046";
      isRenderEnabled = "false";
      canSave = "1";
      canSaveDynamicFields = "1";
      persistentId = "dc1e7c3c-d47c-4fb8-ac94-1e7a989acef2";
   };
   new TSStatic() {
      shapeName = "/levels/rls_west_coast_usa/art/shapes/buildings/suspension_bridge_segment.dae";
      dynamic = "0";
      playAmbient = "1";
      meshCulling = "0";
      originSort = "0";
      useInstanceRenderData = "0";
      instanceColor = "White";
      instanceColor1 = "White";
      instanceColor2 = "White";
      collisionType = "Collision Mesh";
      decalType = "Collision Mesh";
      prebuildCollisionData = "0";
      renderNormals = "0";
      forceDetail = "-1";
      position = "99.7106934 1216.45032 106.611183";
      scale = "1 1 1";
      rotationMatrix = "0.981151879 0.193238154 7.74949058e-06 -0.193238124 0.98115176 -0.000488219812 -0.00010194612 0.000477520312 0.999999881";
      isRenderEnabled = "false";
      canSave = "1";
      canSaveDynamicFields = "1";
      persistentId = "1fe7edc4-ce2b-4e77-bf70-7a5100599ccf";
   };
   new TSStatic() {
      shapeName = "/levels/rls_west_coast_usa/art/shapes/buildings/suspension_bridge_segment.dae";
      dynamic = "0";
      playAmbient = "1";
      meshCulling = "0";
      originSort = "0";
      useInstanceRenderData = "0";
      instanceColor = "White";
      instanceColor1 = "White";
      instanceColor2 = "White";
      collisionType = "Collision Mesh";
      decalType = "Collision Mesh";
      prebuildCollisionData = "0";
      renderNormals = "0";
      forceDetail = "-1";
      position = "96.0851746 1234.85657 106.595505";
      scale = "1 1 1";
      rotationMatrix = "0.981151879 0.193238184 7.32267154e-06 -0.19323802 0.981151104 -0.00124485616 -0.000247738382 0.00121997797 0.999999225";
      isRenderEnabled = "false";
      canSave = "1";
      canSaveDynamicFields = "1";
      persistentId = "38135ce0-dfa9-4208-9023-25f4947d1361";
   };
   new TSStatic() {
      shapeName = "/levels/rls_west_coast_usa/art/shapes/buildings/suspension_bridge_segment.dae";
      dynamic = "0";
      playAmbient = "1";
      meshCulling = "0";
      originSort = "0";
      useInstanceRenderData = "0";
      instanceColor = "White";
      instanceColor1 = "White";
      instanceColor2 = "White";
      collisionType = "Collision Mesh";
      decalType = "Collision Mesh";
      prebuildCollisionData = "0";
      renderNormals = "0";
      forceDetail = "-1";
      position = "92.4598007 1253.26294 106.554756";
      scale = "1 1 1";
      rotationMatrix = "0.981151879 0.193238139 7.6147785e-06 -0.193237126 0.981146872 -0.00320186047 -0.000626192719 0.00314003997 0.999994874";
      isRenderEnabled = "false";
      canSave = "1";
      canSaveDynamicFields = "1";
      persistentId = "9336fb52-b748-45df-9446-22452a67a130";
   };
   new TSStatic() {
      shapeName = "/levels/rls_west_coast_usa/art/shapes/buildings/suspension_bridge_segment.dae";
      dynamic = "0";
      playAmbient = "1";
      meshCulling = "0";
      originSort = "0";
      useInstanceRenderData = "0";
      instanceColor = "White";
      instanceColor1 = "White";
      instanceColor2 = "White";
      collisionType = "Collision Mesh";
      decalType = "Collision Mesh";
      prebuildCollisionData = "0";
      renderNormals = "0";
      forceDetail = "-1";
      position = "88.834549 1271.66919 106.487755";
      scale = "1 1 1";
      rotationMatrix = "0.981152177 0.193236679 7.58865144e-06 -0.193235055 0.98114413 -0.00405595265 -0.000791204337 0.00397804054 0.999991775";
      isRenderEnabled = "false";
      canSave = "1";
      canSaveDynamicFields = "1";
      persistentId = "03b2d20f-e1a9-48f3-aad2-acabb8b039ec";
   };
   new TSStatic() {
      shapeName = "/levels/rls_west_coast_usa/art/shapes/buildings/suspension_bridge_segment.dae";
      dynamic = "0";
      playAmbient = "1";
      meshCulling = "0";
      originSort = "0";
      useInstanceRenderData = "0";
      instanceColor = "White";
      instanceColor1 = "White";
      instanceColor2 = "White";
      collisionType = "Collision Mesh";
      decalType = "Collision Mesh";
      prebuildCollisionData = "0";
      renderNormals = "0";
      forceDetail = "-1";
      position = "85.2095795 1290.07544 106.390869";
      scale = "1 1 1";
      rotationMatrix = "0.981152177 0.193236724 7.63466051e-06 -0.193232909 0.981133103 -0.006233925 -0.00121211389 0.00611495366 0.999980569";
      isRenderEnabled = "false";
      canSave = "1";
      canSaveDynamicFields = "1";
      persistentId = "bfff1c98-4ebb-43df-95a7-3cccf4b80a20";
   };
   new TSStatic() {
      shapeName = "/levels/rls_west_coast_usa/art/shapes/buildings/suspension_bridge_segment.dae";
      dynamic = "0";
      playAmbient = "1";
      meshCulling = "0";
      originSort = "0";
      useInstanceRenderData = "0";
      instanceColor = "White";
      instanceColor1 = "White";
      instanceColor2 = "White";
      collisionType = "Collision Mesh";
      decalType = "Collision Mesh";
      prebuildCollisionData = "0";
      renderNormals = "0";
      forceDetail = "-1";
      position = "81.5846786 1308.48157 106.265587";
      scale = "1 1 1";
      rotationMatrix = "0.981152177 0.193236649 7.63296975e-06 -0.193231329 0.981125474 -0.00738091022 -0.0014337512 0.00724032149 0.999972761";
      isRenderEnabled = "false";
      canSave = "1";
      canSaveDynamicFields = "1";
      persistentId = "9c0bac19-6a0c-4729-84ad-a0c9456ad438";
   };
   new TSStatic() {
      shapeName = "/levels/rls_west_coast_usa/art/shapes/buildings/suspension_bridge_segment.dae";
      dynamic = "0";
      playAmbient = "1";
      meshCulling = "0";
      originSort = "0";
      useInstanceRenderData = "0";
      instanceColor = "White";
      instanceColor1 = "White";
      instanceColor2 = "White";
      collisionType = "Collision Mesh";
      decalType = "Collision Mesh";
      prebuildCollisionData = "0";
      renderNormals = "0";
      forceDetail = "-1";
      position = "77.9601135 1326.88733 106.10482";
      scale = "1 1 1";
      rotationMatrix = "0.981152177 0.193236679 7.62332411e-06 -0.193228111 0.981109083 -0.00937311351 -0.00181870849 0.00919497758 0.999956071";
      isRenderEnabled = "false";
      canSave = "1";
      canSaveDynamicFields = "1";
      persistentId = "4d0ace12-6392-4c3a-9fec-8cf3e9011051";
   };
   new TSStatic() {
      shapeName = "/levels/rls_west_coast_usa/art/shapes/buildings/suspension_bridge_segment.dae";
      dynamic = "0";
      playAmbient = "1";
      meshCulling = "0";
      originSort = "0";
      useInstanceRenderData = "0";
      instanceColor = "White";
      instanceColor1 = "White";
      instanceColor2 = "White";
      collisionType = "Collision Mesh";
      decalType = "Collision Mesh";
      prebuildCollisionData = "0";
      renderNormals = "0";
      forceDetail = "-1";
      position = "74.3355713 1345.29285 105.917511";
      scale = "1 1 1";
      rotationMatrix = "0.981152177 0.193236679 7.62789614e-06 -0.193224981 0.981093228 -0.0109617207 -0.00212569023 0.0107536428 0.999939919";
      isRenderEnabled = "false";
      canSave = "1";
      canSaveDynamicFields = "1";
      persistentId = "720c2f19-604a-4272-a9ab-aee7aa8c0a7c";
   };
   new TSStatic() {
      shapeName = "/levels/rls_west_coast_usa/art/shapes/buildings/suspension_bridge_segment.dae";
      dynamic = "0";
      playAmbient = "1";
      meshCulling = "0";
      originSort = "0";
      useInstanceRenderData = "0";
      instanceColor = "White";
      instanceColor1 = "White";
      instanceColor2 = "White";
      collisionType = "Collision Mesh";
      decalType = "Collision Mesh";
      prebuildCollisionData = "0";
      renderNormals = "0";
      forceDetail = "-1";
      position = "70.7110062 1363.698 105.691879";
      scale = "1 1 1";
      rotationMatrix = "0.981152177 0.193236709 7.6252968e-06 -0.193221211 0.981073976 -0.0126244379 -0.0024469858 0.012385021 0.999920309";
      isRenderEnabled = "false";
      canSave = "1";
      canSaveDynamicFields = "1";
      persistentId = "7b84bab4-6b71-45ff-a605-1c756490e197";
   };
   new TSStatic() {
      shapeName = "/levels/rls_west_coast_usa/art/shapes/buildings/suspension_bridge_segment.dae";
      dynamic = "0";
      playAmbient = "1";
      meshCulling = "0";
      originSort = "0";
      useInstanceRenderData = "0";
      instanceColor = "White";
      instanceColor1 = "White";
      instanceColor2 = "White";
      collisionType = "Collision Mesh";
      decalType = "Collision Mesh";
      prebuildCollisionData = "0";
      renderNormals = "0";
      forceDetail = "-1";
      position = "67.0864716 1382.10278 105.437988";
      scale = "1 1 1";
      rotationMatrix = "0.981152177 0.193236649 7.62755099e-06 -0.19321546 0.981045246 -0.0147655616 -0.00286073051 0.0144857895 0.999890983";
      isRenderEnabled = "false";
      canSave = "1";
      canSaveDynamicFields = "1";
      persistentId = "84697b72-7545-4379-b246-ee72ef7b872d";
   };
   new TSStatic() {
      shapeName = "/levels/rls_west_coast_usa/art/shapes/buildings/suspension_bridge_segment.dae";
      dynamic = "0";
      playAmbient = "1";
      meshCulling = "0";
      originSort = "0";
      useInstanceRenderData = "0";
      instanceColor = "White";
      instanceColor1 = "White";
      instanceColor2 = "White";
      collisionType = "Collision Mesh";
      decalType = "Collision Mesh";
      prebuildCollisionData = "0";
      renderNormals = "0";
      forceDetail = "-1";
      position = "63.4618073 1400.50708 105.141266";
      scale = "1 1 1";
      rotationMatrix = "0.981152058 0.193237364 7.626767e-06 -0.19321081 0.981017888 -0.0165362433 -0.00320290215 0.0162230954 0.999863267";
      isRenderEnabled = "false";
      canSave = "1";
      canSaveDynamicFields = "1";
      persistentId = "6c78b02d-b2b0-4e61-a179-ceb4e23a6314";
   };
   new TSStatic() {
      shapeName = "/levels/rls_west_coast_usa/art/shapes/buildings/suspension_bridge_segment.dae";
      dynamic = "0";
      playAmbient = "1";
      meshCulling = "0";
      originSort = "0";
      useInstanceRenderData = "0";
      instanceColor = "White";
      instanceColor1 = "White";
      instanceColor2 = "White";
      collisionType = "Collision Mesh";
      decalType = "Collision Mesh";
      prebuildCollisionData = "0";
      renderNormals = "0";
      forceDetail = "-1";
      position = "59.8372726 1418.91064 104.806519";
      scale = "1 1 1";
      rotationMatrix = "0.981152058 0.193237394 7.62902937e-06 -0.193200678 0.980966389 -0.0194538832 -0.00376670156 0.0190857425 0.999810755";
      isRenderEnabled = "false";
      canSave = "1";
      canSaveDynamicFields = "1";
      persistentId = "261c9198-4d41-4264-a418-8da4d58bbe91";
   };
   new TSStatic() {
      shapeName = "/levels/rls_west_coast_usa/art/shapes/buildings/suspension_bridge_segment.dae";
      dynamic = "0";
      playAmbient = "1";
      meshCulling = "0";
      originSort = "0";
      useInstanceRenderData = "0";
      instanceColor = "White";
      instanceColor1 = "White";
      instanceColor2 = "White";
      collisionType = "Collision Mesh";
      decalType = "Collision Mesh";
      prebuildCollisionData = "0";
      renderNormals = "0";
      forceDetail = "-1";
      position = "56.2127304 1437.31299 104.426735";
      scale = "1 1 1";
      rotationMatrix = "0.981151879 0.193238124 7.62788295e-06 -0.193195492 0.980936229 -0.0209665354 -0.00405901624 0.0205698833 0.999780178";
      isRenderEnabled = "false";
      canSave = "1";
      canSaveDynamicFields = "1";
      persistentId = "ddb611fd-664f-4a15-b92a-78eaaeb3e137";
   };
   new TSStatic() {
      shapeName = "/levels/rls_west_coast_usa/art/shapes/buildings/suspension_bridge_segment.dae";
      dynamic = "0";
      playAmbient = "1";
      meshCulling = "0";
      originSort = "0";
      useInstanceRenderData = "0";
      instanceColor = "White";
      instanceColor1 = "White";
      instanceColor2 = "White";
      collisionType = "Collision Mesh";
      decalType = "Collision Mesh";
      prebuildCollisionData = "0";
      renderNormals = "0";
      forceDetail = "-1";
      position = "52.5879974 1455.71484 104.010162";
      scale = "1 1 1";
      rotationMatrix = "0.98115176 0.19323884 7.6286583e-06 -0.193186417 0.980886519 -0.0232520998 -0.00450069131 0.0228123646 0.999729633";
      isRenderEnabled = "false";
      canSave = "1";
      canSaveDynamicFields = "1";
      persistentId = "f1c29693-363f-4335-9c2c-03998751342c";
   };
   new TSStatic() {
      shapeName = "/levels/rls_west_coast_usa/art/shapes/buildings/suspension_bridge_segment.dae";
      dynamic = "0";
      playAmbient = "1";
      meshCulling = "0";
      originSort = "0";
      useInstanceRenderData = "0";
      instanceColor = "White";
      instanceColor1 = "White";
      instanceColor2 = "White";
      collisionType = "Collision Mesh";
      decalType = "Collision Mesh";
      prebuildCollisionData = "0";
      renderNormals = "0";
      forceDetail = "-1";
      position = "48.9630547 1474.11621 103.570007";
      scale = "1 1 1";
      rotationMatrix = "0.98115176 0.193238884 7.63877779e-06 -0.193184674 0.980877459 -0.0236459933 -0.00457681809 0.0231988318 0.999720395";
      isRenderEnabled = "false";
      canSave = "1";
      canSaveDynamicFields = "1";
      persistentId = "a78aea96-dd0d-44c0-8cdb-4dd3c3c31b1c";
   };
   new TSStatic() {
      shapeName = "/levels/rls_west_coast_usa/art/shapes/buildings/suspension_bridge_segment.dae";
      dynamic = "0";
      playAmbient = "1";
      meshCulling = "0";
      originSort = "0";
      useInstanceRenderData = "0";
      instanceColor = "White";
      instanceColor1 = "White";
      instanceColor2 = "White";
      collisionType = "Collision Mesh";
      decalType = "Collision Mesh";
      prebuildCollisionData = "0";
      renderNormals = "0";
      forceDetail = "-1";
      position = "45.3378983 1492.51709 103.124207";
      scale = "1 1 1";
      rotationMatrix = "0.981128454 0.19335714 7.62825175e-06 -0.193302155 0.980850339 -0.0238092281 -0.00461116666 0.0233584363 0.99971652";
      isRenderEnabled = "false";
      canSave = "1";
      canSaveDynamicFields = "1";
      persistentId = "d74c23fd-2541-450d-a99a-e2a84c596aed";
   };
   new TSStatic() {
      shapeName = "/levels/rls_west_coast_usa/art/shapes/buildings/suspension_bridge_segment.dae";
      dynamic = "0";
      playAmbient = "1";
      meshCulling = "0";
      originSort = "0";
      useInstanceRenderData = "0";
      instanceColor = "White";
      instanceColor1 = "White";
      instanceColor2 = "White";
      collisionType = "Collision Mesh";
      decalType = "Collision Mesh";
      prebuildCollisionData = "0";
      renderNormals = "0";
      forceDetail = "-1";
      position = "41.712429 1510.91809 102.677498";
      scale = "1 1 1";
      rotationMatrix = "0.981128275 0.19335787 7.62860509e-06 -0.193302885 0.98085022 -0.02380923 -0.00461118482 0.0233584344 0.99971652";
      isRenderEnabled = "false";
      canSave = "1";
      canSaveDynamicFields = "1";
      persistentId = "47724674-9114-41e2-af04-ed1316cceaaa";
   };
   new TSStatic() {
      shapeName = "/levels/rls_west_coast_usa/art/shapes/buildings/suspension_bridge_segment.dae";
      dynamic = "0";
      playAmbient = "1";
      meshCulling = "0";
      originSort = "0";
      useInstanceRenderData = "0";
      instanceColor = "White";
      instanceColor1 = "White";
      instanceColor2 = "White";
      collisionType = "Collision Mesh";
      decalType = "Collision Mesh";
      prebuildCollisionData = "0";
      renderNormals = "0";
      forceDetail = "-1";
      position = "38.0864182 1529.31885 102.230789";
      scale = "1 1 1";
      rotationMatrix = "0.981128156 0.193358526 -1.91508975e-10 -0.193303719 0.980850041 -0.0238092225 -0.00460371608 0.0233598985 0.99971652";
      isRenderEnabled = "false";
      canSave = "1";
      canSaveDynamicFields = "1";
      persistentId = "36d27c1c-9794-450e-a896-ac14970bbf84";
   };
   new TSStatic() {
      shapeName = "/levels/rls_west_coast_usa/art/shapes/buildings/suspension_bridge_segment.dae";
      dynamic = "0";
      playAmbient = "1";
      meshCulling = "0";
      originSort = "0";
      useInstanceRenderData = "0";
      instanceColor = "White";
      instanceColor1 = "White";
      instanceColor2 = "White";
      collisionType = "Collision Mesh";
      decalType = "Collision Mesh";
      prebuildCollisionData = "0";
      renderNormals = "0";
      forceDetail = "-1";
      position = "34.4601402 1547.71948 101.784103";
      scale = "1 1 1";
      rotationMatrix = "0.981128037 0.193359226 4.93767138e-10 -0.19330439 0.980849802 -0.0238142256 -0.00460470095 0.0233648047 0.999716401";
      isRenderEnabled = "false";
      canSave = "1";
      canSaveDynamicFields = "1";
      persistentId = "f5be0b0a-fade-4621-bbbf-8e9d9745c31c";
   };
   new TSStatic() {
      shapeName = "/levels/rls_west_coast_usa/art/shapes/buildings/suspension_bridge_segment.dae";
      dynamic = "0";
      playAmbient = "1";
      meshCulling = "0";
      originSort = "0";
      useInstanceRenderData = "0";
      instanceColor = "White";
      instanceColor1 = "White";
      instanceColor2 = "White";
      collisionType = "Collision Mesh";
      decalType = "Collision Mesh";
      prebuildCollisionData = "0";
      renderNormals = "0";
      forceDetail = "-1";
      position = "30.8334293 1566.12036 101.337418";
      scale = "1 1 1";
      rotationMatrix = "0.981127858 0.193360165 1.2558885e-09 -0.193305358 0.980849743 -0.0238092206 -0.00460375613 0.0233598892 0.99971652";
      isRenderEnabled = "false";
      canSave = "1";
      canSaveDynamicFields = "1";
      persistentId = "b08070a5-ea10-46bd-a501-c75f58400700";
   };
   new TSStatic() {
      shapeName = "/levels/rls_west_coast_usa/art/shapes/buildings/suspension_bridge_segment.dae";
      dynamic = "0";
      playAmbient = "1";
      meshCulling = "0";
      originSort = "0";
      useInstanceRenderData = "0";
      instanceColor = "White";
      instanceColor1 = "White";
      instanceColor2 = "White";
      collisionType = "Collision Mesh";
      decalType = "Collision Mesh";
      prebuildCollisionData = "0";
      renderNormals = "0";
      forceDetail = "-1";
      position = "27.2063141 1584.521 100.890724";
      scale = "1 1 1";
      rotationMatrix = "0.98112762 0.193361431 2.48762122e-10 -0.19330661 0.980849445 -0.0238092206 -0.004603785 0.0233598836 0.99971652";
      isRenderEnabled = "false";
      canSave = "1";
      canSaveDynamicFields = "1";
      persistentId = "59f01f1d-6897-4dec-9e11-64317bf55210";
   };
   new TSStatic() {
      shapeName = "/levels/rls_west_coast_usa/art/shapes/buildings/suspension_bridge_segment.dae";
      dynamic = "0";
      playAmbient = "1";
      meshCulling = "0";
      originSort = "0";
      useInstanceRenderData = "0";
      instanceColor = "White";
      instanceColor1 = "White";
      instanceColor2 = "White";
      collisionType = "Collision Mesh";
      decalType = "Collision Mesh";
      prebuildCollisionData = "0";
      renderNormals = "0";
      forceDetail = "-1";
      position = "23.578701 1602.92114 100.434097";
      scale = "1 1 1";
      rotationMatrix = "0.981104314 0.193479642 8.83803197e-10 -0.193419114 0.98079741 -0.0250102505 -0.00483897515 0.0245376639 0.999687195";
      isRenderEnabled = "false";
      canSave = "1";
      canSaveDynamicFields = "1";
      persistentId = "4097532a-963e-47b3-8295-6340ec33dee1";
   };
   new TSStatic() {
      shapeName = "/levels/rls_west_coast_usa/art/shapes/buildings/suspension_bridge_segment.dae";
      dynamic = "0";
      playAmbient = "1";
      meshCulling = "0";
      originSort = "0";
      useInstanceRenderData = "0";
      instanceColor = "White";
      instanceColor1 = "White";
      instanceColor2 = "White";
      collisionType = "Collision Mesh";
      decalType = "Collision Mesh";
      prebuildCollisionData = "0";
      renderNormals = "0";
      forceDetail = "-1";
      position = "19.9508362 1621.32153 99.9825516";
      scale = "1 1 1";
      rotationMatrix = "0.981104136 0.193480372 -4.4201115e-10 -0.193433255 0.98086518 -0.0220687538 -0.00426987046 0.0216517467 0.999756455";
      isRenderEnabled = "false";
      canSave = "1";
      canSaveDynamicFields = "1";
      persistentId = "201ac0ff-5f28-49de-bd58-1a76854a5d90";
   };
};
//--- OBJECT WRITE END ---
