//--- OBJECT WRITE BEGIN ---
$ThisPrefab = new SimGroup() {
  canSave = "1";
  canSaveDynamicFields = "1";
  groupPosition = "0 0 0";

  new TSStatic() {
    shapeName = "levels/rls_west_coast_usa/art/shapes/buildings/transformer_ground.dae";
    position = "167.39089965820312 777.353515625 102.32341766357422";
    rotationMatrix = "1.0 0.0 -0.0 0.0 1.0 0.0 0.0 0.0 1.0";
    scale = "1.0 1.0 1.0";
    decalType = "Collision Mesh";
    collisionType = "Collision Mesh";
  };

  new TSStatic() {
    shapeName = "levels/rls_west_coast_usa/art/shapes/buildings/transformer_ground.dae";
    position = "438.3827209472656 784.1569213867188 123.4472885131836";
    rotationMatrix = "0.56357342004776 -0.8260659575462341 0.0 0.8260659575462341 0.56357342004776 0.0 -0.0 0.0 1.0";
    scale = "1.0 1.0 1.0";
    decalType = "Collision Mesh";
    collisionType = "Collision Mesh";
  };

  new TSStatic() {
    shapeName = "levels/rls_west_coast_usa/art/shapes/buildings/transformer_ground.dae";
    position = "425.95159912109375 820.3284912109375 123.21380615234375";
    rotationMatrix = "0.8260660767555237 0.5635733008384705 -0.0 -0.5635733008384705 0.8260660767555237 0.0 0.0 0.0 1.0";
    scale = "1.0 1.0 1.0";
    decalType = "Collision Mesh";
    collisionType = "Collision Mesh";
  };

  new TSStatic() {
    shapeName = "levels/rls_west_coast_usa/art/shapes/buildings/transformer_ground.dae";
    position = "-437.229736328125 109.00082397460938 99.79678344726562";
    rotationMatrix = "0.9651730060577393 -0.2616124749183655 0.0 0.2616124749183655 0.9651730060577393 0.0 -0.0 0.0 1.0";
    scale = "1.0 1.0 1.0";
    decalType = "Collision Mesh";
    collisionType = "Collision Mesh";
  };

  new TSStatic() {
    shapeName = "levels/rls_west_coast_usa/art/shapes/buildings/transformer_ground.dae";
    position = "-766.3580932617188 -326.441162109375 102.7579574584961";
    rotationMatrix = "-0.7101749777793884 -0.7040252089500427 -0.0 0.7040252089500427 -0.7101749777793884 0.0 -0.0 0.0 1.0";
    scale = "1.0 1.0 1.0";
    decalType = "Collision Mesh";
    collisionType = "Collision Mesh";
  };

  new TSStatic() {
    shapeName = "levels/rls_west_coast_usa/art/shapes/buildings/transformer_ground.dae";
    position = "-215.2796630859375 16.175439834594727 122.89299774169922";
    rotationMatrix = "0.6848552227020264 0.7286791205406189 0.0 -0.7286791205406189 0.6848552227020264 0.0 0.0 -0.0 1.0";
    scale = "1.0 1.0 1.0";
    decalType = "Collision Mesh";
    collisionType = "Collision Mesh";
  };

  new TSStatic() {
    shapeName = "levels/rls_west_coast_usa/art/shapes/buildings/transformer_ground.dae";
    position = "-256.79302978515625 5.268120765686035 122.4744873046875";
    rotationMatrix = "0.706609845161438 0.707603394985199 0.0 -0.707603394985199 0.706609845161438 0.0 0.0 -0.0 1.0";
    scale = "1.0 1.0 1.0";
    decalType = "Collision Mesh";
    collisionType = "Collision Mesh";
  };

};
//--- OBJECT WRITE END ---