//--- OBJECT WRITE BEGIN ---
$ThisPrefab = new SimGroup() {
  canSave = "1";
  canSaveDynamicFields = "1";
  groupPosition = "0 0 0";

  new TSStatic() {
    shapeName = "levels/rls_west_coast_usa/art/shapes/objects/tunnel_ventilation_fan.dae";
    position = "920.14697265625 -1057.4658203125 172.4970245361328";
    rotationMatrix = "0.9655185341835022 -0.26000601053237915 -0.013071127235889435 0.2600429654121399 0.9655963182449341 0.0011831719893962145 0.012313800863921642 -0.004541429225355387 0.9999138712882996";
    scale = "1.0 1.0 1.0";
    decalType = "Collision Mesh";
    collisionType = "Collision Mesh";
  };

  new TSStatic() {
    shapeName = "levels/rls_west_coast_usa/art/shapes/objects/tunnel_ventilation_fan.dae";
    position = "910.995849609375 -1054.984619140625 172.62103271484375";
    rotationMatrix = "-0.9642565250396729 0.264647901058197 0.01307176798582077 -0.264626681804657 -0.9643450975418091 0.0033581459429115057 0.013494421727955341 -0.0002210244711022824 0.9999089241027832";
    scale = "0.9999999403953552 0.9999999403953552 1.0";
    decalType = "Collision Mesh";
    collisionType = "Collision Mesh";
  };

  new TSStatic() {
    shapeName = "levels/rls_west_coast_usa/art/shapes/objects/tunnel_ventilation_fan.dae";
    position = "928.75927734375 -1147.064208984375 171.9386749267578";
    rotationMatrix = "0.8797447085380554 0.4685526192188263 -0.08067009598016739 -0.469357967376709 0.8829530477523804 0.009851999580860138 0.07584408670663834 0.029195908457040787 0.9966921806335449";
    scale = "1.0 1.0 1.0";
    decalType = "Collision Mesh";
    collisionType = "Collision Mesh";
  };

  new TSStatic() {
    shapeName = "levels/rls_west_coast_usa/art/shapes/objects/tunnel_ventilation_fan.dae";
    position = "920.4070434570312 -1151.488037109375 172.70382690429688";
    rotationMatrix = "-0.8827333450317383 -0.4628925621509552 0.08069878071546555 0.46424034237861633 -0.8857062458992004 -0.002309756353497505 0.07254458963871002 0.03542473167181015 0.9967358708381653";
    scale = "1.0000001192092896 1.0000001192092896 1.0";
    decalType = "Collision Mesh";
    collisionType = "Collision Mesh";
  };

  new TSStatic() {
    shapeName = "levels/rls_west_coast_usa/art/shapes/objects/tunnel_ventilation_fan.dae";
    position = "998.8992919921875 -1202.3350830078125 170.68087768554688";
    rotationMatrix = "0.2760910391807556 0.9558027982711792 -0.10106799751520157 -0.9602031111717224 0.2789159119129181 0.01469443365931511 0.042234454303979874 0.09298880398273468 0.9947710037231445";
    scale = "1.0 1.0 1.0";
    decalType = "Collision Mesh";
    collisionType = "Collision Mesh";
  };

  new TSStatic() {
    shapeName = "levels/rls_west_coast_usa/art/shapes/objects/tunnel_ventilation_fan.dae";
    position = "996.2619018554688 -1211.392578125 171.6395263671875";
    rotationMatrix = "-0.28179895877838135 -0.9541260600090027 0.10115725547075272 0.9585217833518982 -0.2846451699733734 -0.014600389637053013 0.04272453859448433 0.0928470566868782 0.9947633147239685";
    scale = "1.0 1.0 1.0";
    decalType = "Collision Mesh";
    collisionType = "Collision Mesh";
  };

  new TSStatic() {
    shapeName = "levels/rls_west_coast_usa/art/shapes/objects/tunnel_ventilation_fan.dae";
    position = "1087.5216064453125 -1190.96826171875 169.80804443359375";
    rotationMatrix = "-0.47700247168540955 0.87591153383255 -0.07244070619344711 -0.8784816265106201 -0.47770094871520996 0.008477709256112576 -0.02717927284538746 0.06768171489238739 0.9973366856575012";
    scale = "1.0 1.0 1.0";
    decalType = "Collision Mesh";
    collisionType = "Collision Mesh";
  };

  new TSStatic() {
    shapeName = "levels/rls_west_coast_usa/art/shapes/objects/tunnel_ventilation_fan.dae";
    position = "1092.0316162109375 -1199.2811279296875 170.49508666992188";
    rotationMatrix = "0.47314155101776123 -0.8779992461204529 0.07248683273792267 0.8806268572807312 0.4736953377723694 -0.010443096980452538 -0.025167644023895264 0.06877491623163223 0.9973146915435791";
    scale = "0.9999999403953552 1.0 1.0";
    decalType = "Collision Mesh";
    collisionType = "Collision Mesh";
  };

  new TSStatic() {
    shapeName = "levels/rls_west_coast_usa/art/shapes/objects/tunnel_ventilation_fan.dae";
    position = "1157.8861083984375 -1129.533203125 168.93301391601562";
    rotationMatrix = "-0.7721311450004578 0.6331637501716614 -0.05401033163070679 -0.6344956159591675 -0.7728542685508728 0.010563626885414124 -0.03505360707640648 0.04242582619190216 0.9984844923019409";
    scale = "1.0000001192092896 1.0 1.0";
    decalType = "Collision Mesh";
    collisionType = "Collision Mesh";
  };

  new TSStatic() {
    shapeName = "levels/rls_west_coast_usa/art/shapes/objects/tunnel_ventilation_fan.dae";
    position = "1165.20361328125 -1135.5418701171875 169.44525146484375";
    rotationMatrix = "0.7709404230117798 -0.6346105933189392 0.0540398433804512 0.6359608769416809 0.7716426253318787 -0.011017121374607086 -0.03470786660909653 0.04286077246069908 0.9984779953956604";
    scale = "1.0 1.0 1.0";
    decalType = "Collision Mesh";
    collisionType = "Collision Mesh";
  };

  new TSStatic() {
    shapeName = "levels/rls_west_coast_usa/art/shapes/objects/tunnel_ventilation_fan.dae";
    position = "1213.0810546875 -1051.5855712890625 167.7587890625";
    rotationMatrix = "-0.8260887861251831 0.5611050128936768 -0.05233028158545494 -0.5624399781227112 -0.8267130255699158 0.014380792155861855 -0.03519299253821373 0.04131245240569115 0.9985262751579285";
    scale = "0.9999999403953552 0.9999999403953552 0.9999999403953552";
    decalType = "Collision Mesh";
    collisionType = "Collision Mesh";
  };

  new TSStatic() {
    shapeName = "levels/rls_west_coast_usa/art/shapes/objects/tunnel_ventilation_fan.dae";
    position = "1220.914306640625 -1056.90625 168.25498962402344";
    rotationMatrix = "0.8260840773582458 -0.5611116886138916 0.0523327998816967 0.5624462962150574 0.826708972454071 -0.014367484487593174 -0.035202231258153915 0.04130313917994499 0.9985263347625732";
    scale = "1.0 0.9999999403953552 0.9999999403953552";
    decalType = "Collision Mesh";
    collisionType = "Collision Mesh";
  };

  new TSStatic() {
    shapeName = "levels/rls_west_coast_usa/art/shapes/objects/tunnel_ventilation_fan.dae";
    position = "1267.014404296875 -972.1812744140625 166.26931762695312";
    rotationMatrix = "-0.8270823955535889 0.5596393346786499 -0.05233026668429375 -0.5610275864601135 -0.827643632888794 0.015939394012093544 -0.03439049795269966 0.04254191741347313 0.9985026121139526";
    scale = "0.9999998807907104 0.9999998211860657 1.0";
    decalType = "Collision Mesh";
    collisionType = "Collision Mesh";
  };

  new TSStatic() {
    shapeName = "levels/rls_west_coast_usa/art/shapes/objects/tunnel_ventilation_fan.dae";
    position = "1274.857177734375 -977.4879760742188 166.76553344726562";
    rotationMatrix = "0.8270891904830933 -0.5596292614936829 0.052331309765577316 0.5610173940658569 0.8276506066322327 -0.0159359872341156 -0.0343937948346138 0.042539261281490326 0.9985026121139526";
    scale = "0.9999999403953552 0.9999999403953552 1.0";
    decalType = "Collision Mesh";
    collisionType = "Collision Mesh";
  };

  new TSStatic() {
    shapeName = "levels/rls_west_coast_usa/art/shapes/objects/tunnel_ventilation_fan.dae";
    position = "1319.314208984375 -892.422607421875 164.91119384765625";
    rotationMatrix = "-0.8817497491836548 0.46860817074775696 -0.054072055965662 -0.4698261320590973 -0.8826801180839539 0.011798137798905373 -0.042199622839689255 0.03580746799707413 0.9984673261642456";
    scale = "1.0 1.0 0.9999999403953552";
    decalType = "Collision Mesh";
    collisionType = "Collision Mesh";
  };

  new TSStatic() {
    shapeName = "levels/rls_west_coast_usa/art/shapes/objects/tunnel_ventilation_fan.dae";
    position = "1327.6702880859375 -896.8753662109375 165.42404174804688";
    rotationMatrix = "0.8803025484085083 -0.47131726145744324 0.05410607531666756 0.47246354818344116 0.8812932372093201 -0.010020142421126366 -0.04296065494418144 0.034383904188871384 0.9984849095344543";
    scale = "1.0 1.0 1.0";
    decalType = "Collision Mesh";
    collisionType = "Collision Mesh";
  };

  new TSStatic() {
    shapeName = "levels/rls_west_coast_usa/art/shapes/objects/tunnel_ventilation_fan.dae";
    position = "1341.173828125 -803.1793212890625 164.3092041015625";
    rotationMatrix = "-0.9945300221443176 -0.06001227721571922 -0.08549042791128159 0.06014321744441986 -0.9981892108917236 0.0010453853756189346 -0.0853983610868454 -0.004102002363651991 0.996338427066803";
    scale = "0.9999998211860657 0.9999998211860657 1.0";
    decalType = "Collision Mesh";
    collisionType = "Collision Mesh";
  };

  new TSStatic() {
    shapeName = "levels/rls_west_coast_usa/art/shapes/objects/tunnel_ventilation_fan.dae";
    position = "1350.6053466796875 -802.6282958984375 165.11988830566406";
    rotationMatrix = "0.9948400855064392 0.05464218929409981 0.08548340946435928 -0.05513979494571686 0.9984726309776306 0.0034690534230321646 -0.08516328781843185 -0.008164690807461739 0.9963335394859314";
    scale = "1.0 1.0 1.0";
    decalType = "Collision Mesh";
    collisionType = "Collision Mesh";
  };

  new TSStatic() {
    shapeName = "levels/rls_west_coast_usa/art/shapes/objects/tunnel_ventilation_fan.dae";
    position = "1301.5428466796875 -723.947509765625 164.94863891601562";
    rotationMatrix = "-0.6168029308319092 -0.7807716131210327 -0.09974870830774307 0.7859861850738525 -0.6177430152893066 -0.024886462837457657 -0.04218842089176178 -0.09375114738941193 0.9947013854980469";
    scale = "1.0 1.0 1.0";
    decalType = "Collision Mesh";
    collisionType = "Collision Mesh";
  };

  new TSStatic() {
    shapeName = "levels/rls_west_coast_usa/art/shapes/objects/tunnel_ventilation_fan.dae";
    position = "1307.408935546875 -716.5577392578125 165.89393615722656";
    rotationMatrix = "0.6219280958175659 0.7767134308815002 0.09960765391588211 -0.7817142009735107 0.6232985854148865 0.02053743787109852 -0.046133607625961304 -0.09063752740621567 0.9948148131370544";
    scale = "1.0 1.0 1.0";
    decalType = "Collision Mesh";
    collisionType = "Collision Mesh";
  };

  new TSStatic() {
    shapeName = "levels/rls_west_coast_usa/art/shapes/objects/tunnel_ventilation_fan.dae";
    position = "1214.869384765625 -699.8499145507812 166.81759643554688";
    rotationMatrix = "0.07844773679971695 -0.9950428009033203 -0.06112111732363701 0.9968786239624023 0.07884372025728226 -0.004090344067662954 0.008889083750545979 -0.06060945615172386 0.998121976852417";
    scale = "0.9999999403953552 0.9999999403953552 1.0";
    decalType = "Collision Mesh";
    collisionType = "Collision Mesh";
  };

  new TSStatic() {
    shapeName = "levels/rls_west_coast_usa/art/shapes/objects/tunnel_ventilation_fan.dae";
    position = "1214.140380859375 -690.413330078125 167.39710998535156";
    rotationMatrix = "-0.07404637336730957 0.9953805208206177 0.061112333089113235 -0.9972381591796875 -0.07425983250141144 0.0012260200455784798 0.005758548155426979 -0.060852766036987305 0.9981301426887512";
    scale = "0.9999999403953552 0.9999999403953552 1.0";
    decalType = "Collision Mesh";
    collisionType = "Collision Mesh";
  };

  new TSStatic() {
    shapeName = "levels/rls_west_coast_usa/art/shapes/objects/tunnel_ventilation_fan.dae";
    position = "1124.42919921875 -726.3956909179688 165.34742736816406";
    rotationMatrix = "0.35699447989463806 -0.9329900741577148 -0.04565611854195595 0.9340965151786804 0.3563378155231476 0.02207065001130104 -0.004322695080190897 -0.050526320934295654 0.9987133741378784";
    scale = "1.0 1.0 1.0";
    decalType = "Collision Mesh";
    collisionType = "Collision Mesh";
  };

  new TSStatic() {
    shapeName = "levels/rls_west_coast_usa/art/shapes/objects/tunnel_ventilation_fan.dae";
    position = "1121.0439453125 -717.5487060546875 165.7803497314453";
    rotationMatrix = "-0.35699784755706787 0.9329889416694641 0.04565231502056122 -0.9340754151344299 -0.35616979002952576 -0.025419579818844795 -0.007456211838871241 -0.05171744152903557 0.9986339211463928";
    scale = "1.0 1.0 1.0";
    decalType = "Collision Mesh";
    collisionType = "Collision Mesh";
  };

  new TSStatic() {
    shapeName = "levels/rls_west_coast_usa/art/shapes/objects/tunnel_ventilation_fan.dae";
    position = "1034.69189453125 -760.42431640625 163.266357421875";
    rotationMatrix = "0.3566393256187439 -0.9341291189193726 -0.014531762339174747 0.934120237827301 0.3562983274459839 0.021701177582144737 -0.015094059519469738 -0.021313905715942383 0.9996588826179504";
    scale = "0.9999999403953552 0.9999999403953552 1.0";
    decalType = "Collision Mesh";
    collisionType = "Collision Mesh";
  };

  new TSStatic() {
    shapeName = "levels/rls_west_coast_usa/art/shapes/objects/tunnel_ventilation_fan.dae";
    position = "1031.31005859375 -751.566650390625 163.40419006347656";
    rotationMatrix = "-0.3566223084926605 0.9341354370117188 0.014544583857059479 -0.9340912699699402 -0.35623326897621155 -0.023903589695692062 -0.01714792475104332 -0.02211052179336548 0.9996084570884705";
    scale = "1.0000001192092896 1.0000001192092896 1.0";
    decalType = "Collision Mesh";
    collisionType = "Collision Mesh";
  };

  new TSStatic() {
    shapeName = "levels/rls_west_coast_usa/art/shapes/objects/tunnel_ventilation_fan.dae";
    position = "1003.646728515625 450.12506103515625 152.7469024658203";
    rotationMatrix = "0.9873578548431396 -0.153312087059021 -0.04024713858962059 0.15168069303035736 0.9875837564468384 -0.04088206589221954 0.04601513594388962 0.03426051512360573 0.9983530640602112";
    scale = "0.9999999403953552 1.0 1.0";
    decalType = "Collision Mesh";
    collisionType = "Collision Mesh";
  };

  new TSStatic() {
    shapeName = "levels/rls_west_coast_usa/art/shapes/objects/tunnel_ventilation_fan.dae";
    position = "1029.160400390625 541.94384765625 149.8112335205078";
    rotationMatrix = "0.908812940120697 -0.4139082729816437 -0.052334900945425034 0.41375699639320374 0.9102765917778015 -0.014202544465661049 0.05351778492331505 -0.008746474981307983 0.9985285997390747";
    scale = "1.0 1.0 1.0";
    decalType = "Collision Mesh";
    collisionType = "Collision Mesh";
  };

  new TSStatic() {
    shapeName = "levels/rls_west_coast_usa/art/shapes/objects/tunnel_ventilation_fan.dae";
    position = "1081.801025390625 621.5621337890625 148.2603302001953";
    rotationMatrix = "0.7430233359336853 -0.6691862940788269 -0.010299388319253922 0.6689939498901367 0.7430722117424011 -0.017051024362444878 0.019063500687479973 0.005779079161584377 0.9998015761375427";
    scale = "1.0 1.0 1.0";
    decalType = "Collision Mesh";
    collisionType = "Collision Mesh";
  };

  new TSStatic() {
    shapeName = "levels/rls_west_coast_usa/art/shapes/objects/tunnel_ventilation_fan.dae";
    position = "1150.9971923828125 687.9625854492188 146.84161376953125";
    rotationMatrix = "0.7257998585700989 -0.6834092736244202 0.07852606475353241 0.6864745020866394 0.7269152998924255 -0.01862388849258423 -0.04435406252741814 0.06742335855960846 0.996738076210022";
    scale = "0.9999999403953552 0.9999999403953552 1.0";
    decalType = "Collision Mesh";
    collisionType = "Collision Mesh";
  };

  new TSStatic() {
    shapeName = "levels/rls_west_coast_usa/art/shapes/objects/tunnel_ventilation_fan.dae";
    position = "1193.540771484375 772.233642578125 141.477294921875";
    rotationMatrix = "0.9892176985740662 -0.11855568736791611 0.08598209917545319 0.12602847814559937 0.9881670475006104 -0.08742263168096542 -0.0746002271771431 0.0973162055015564 0.9924536943435669";
    scale = "1.0 1.0 0.9999999403953552";
    decalType = "Collision Mesh";
    collisionType = "Collision Mesh";
  };

  new TSStatic() {
    shapeName = "levels/rls_west_coast_usa/art/shapes/objects/tunnel_ventilation_fan.dae";
    position = "1175.553466796875 863.6640625 133.1334228515625";
    rotationMatrix = "0.8002234697341919 0.5973960161209106 0.05253998935222626 -0.5928469300270081 0.801243245601654 -0.0808810368180275 -0.09041532129049301 0.03357473388314247 0.9953380227088928";
    scale = "1.0 1.0 1.0";
    decalType = "Collision Mesh";
    collisionType = "Collision Mesh";
  };

  new TSStatic() {
    shapeName = "levels/rls_west_coast_usa/art/shapes/objects/tunnel_ventilation_fan.dae";
    position = "1097.2979736328125 916.1788330078125 126.8752212524414";
    rotationMatrix = "0.28682392835617065 0.9572563767433167 0.03731314837932587 -0.9566478729248047 0.28826263546943665 -0.04158737137913704 -0.05056576430797577 -0.023767290636897087 0.9984378814697266";
    scale = "1.0 1.0 1.0";
    decalType = "Collision Mesh";
    collisionType = "Collision Mesh";
  };

  new TSStatic() {
    shapeName = "levels/rls_west_coast_usa/art/shapes/objects/tunnel_ventilation_fan.dae";
    position = "1110.0325927734375 891.1876220703125 127.29918670654297";
    rotationMatrix = "-0.3793146312236786 -0.9211874008178711 -0.08679953962564468 0.922143280506134 -0.3840695321559906 0.04628557711839676 -0.07597474753856659 -0.06248481944203377 0.9951499700546265";
    scale = "1.0 1.0 1.0";
    decalType = "Collision Mesh";
    collisionType = "Collision Mesh";
  };

  new TSStatic() {
    shapeName = "levels/rls_west_coast_usa/art/shapes/objects/tunnel_ventilation_fan.dae";
    position = "1173.4903564453125 823.9810791015625 135.1772918701172";
    rotationMatrix = "-0.9645694494247437 -0.2493068277835846 -0.08632448315620422 0.2409646064043045 -0.9657206535339355 0.09653876721858978 -0.10743310302495956 0.0723171979188919 0.9915786981582642";
    scale = "0.9999998807907104 0.9999999403953552 1.0";
    decalType = "Collision Mesh";
    collisionType = "Collision Mesh";
  };

  new TSStatic() {
    shapeName = "levels/rls_west_coast_usa/art/shapes/objects/tunnel_ventilation_fan.dae";
    position = "1164.471923828125 729.548095703125 143.45968627929688";
    rotationMatrix = "-0.8919500112533569 0.44374874234199524 -0.08667316287755966 -0.44965481758117676 -0.8906551599502563 0.06740844994783401 -0.047283489257097244 0.09909797459840775 0.9939536452293396";
    scale = "1.0 1.0000001192092896 0.9999999403953552";
    decalType = "Collision Mesh";
    collisionType = "Collision Mesh";
  };

  new TSStatic() {
    shapeName = "levels/rls_west_coast_usa/art/shapes/objects/tunnel_ventilation_fan.dae";
    position = "1092.6314697265625 666.23779296875 144.86590576171875";
    rotationMatrix = "-0.4377983510494232 0.8957998752593994 -0.07665002346038818 -0.8970000743865967 -0.440984845161438 -0.030384644865989685 -0.06102006137371063 0.055452730506658554 0.9965949654579163";
    scale = "0.9999999403953552 0.9999998807907104 1.0";
    decalType = "Collision Mesh";
    collisionType = "Collision Mesh";
  };

  new TSStatic() {
    shapeName = "levels/rls_west_coast_usa/art/shapes/objects/tunnel_ventilation_fan.dae";
    position = "1000.805908203125 638.0543212890625 140.27078247070312";
    rotationMatrix = "-0.23938755691051483 0.9709240794181824 -0.00025022198678925633 -0.9700424075126648 -0.23918114602565765 -0.042545631527900696 -0.041368428617715836 -0.009942169301211834 0.9990944862365723";
    scale = "1.0 1.0 1.0";
    decalType = "Collision Mesh";
    collisionType = "Collision Mesh";
  };

  new TSStatic() {
    shapeName = "levels/rls_west_coast_usa/art/shapes/objects/tunnel_ventilation_fan.dae";
    position = "915.9573974609375 598.1824951171875 138.84019470214844";
    rotationMatrix = "-0.6607909798622131 0.7487480044364929 0.052266042679548264 -0.7492014169692993 -0.6621882319450378 0.014283954165875912 0.0453050397336483 -0.02971908636391163 0.9985310435295105";
    scale = "1.0 1.0000001192092896 1.0";
    decalType = "Collision Mesh";
    collisionType = "Collision Mesh";
  };

  new TSStatic() {
    shapeName = "levels/rls_west_coast_usa/art/shapes/objects/tunnel_ventilation_fan.dae";
    position = "885.28857421875 513.5946044921875 142.8467559814453";
    rotationMatrix = "-0.998466432094574 -0.02795867994427681 0.047781333327293396 0.03127885237336159 -0.9970414042472839 0.07021405547857285 0.045676879584789276 0.07160092145204544 0.9963869452476501";
    scale = "1.0000001192092896 1.0000001192092896 1.0";
    decalType = "Collision Mesh";
    collisionType = "Collision Mesh";
  };

  new TSStatic() {
    shapeName = "levels/rls_west_coast_usa/art/shapes/objects/tunnel_ventilation_fan.dae";
    position = "911.1964721679688 422.8132019042969 150.1459197998047";
    rotationMatrix = "-0.9296950101852417 -0.368148535490036 0.011567560955882072 0.3679142892360687 -0.9266951084136963 0.0766504779458046 -0.017499158158898354 0.075517438352108 0.9969909191131592";
    scale = "1.0 1.0 1.0";
    decalType = "Collision Mesh";
    collisionType = "Collision Mesh";
  };

  new TSStatic() {
    shapeName = "levels/rls_west_coast_usa/art/shapes/objects/tunnel_ventilation_fan.dae";
    position = "1106.8211669921875 883.460205078125 126.56880950927734";
    rotationMatrix = "-0.3793219029903412 -0.9211850762367249 -0.08679230511188507 0.9219756722450256 -0.38420918583869934 0.04841695725917816 -0.07794737815856934 -0.06165478006005287 0.9950491786003113";
    scale = "1.0000001192092896 1.0000001192092896 0.9999999403953552";
    decalType = "Collision Mesh";
    collisionType = "Collision Mesh";
  };

  new TSStatic() {
    shapeName = "levels/rls_west_coast_usa/art/shapes/objects/tunnel_ventilation_fan.dae";
    position = "1165.3790283203125 821.9232177734375 134.44854736328125";
    rotationMatrix = "-0.9645192623138428 -0.24951858818531036 -0.08627316355705261 0.240239679813385 -0.965003252029419 0.10513628274202347 -0.10948733985424042 0.08067972958087921 0.9907084703445435";
    scale = "1.0 1.0 0.9999999403953552";
    decalType = "Collision Mesh";
    collisionType = "Collision Mesh";
  };

  new TSStatic() {
    shapeName = "levels/rls_west_coast_usa/art/shapes/objects/tunnel_ventilation_fan.dae";
    position = "1157.18359375 733.2147216796875 142.74742126464844";
    rotationMatrix = "-0.8919491171836853 0.443755179643631 -0.08664944022893906 -0.4499109387397766 -0.8900972008705139 0.07285011559724808 -0.04479881003499031 0.10396312177181244 0.9935716986656189";
    scale = "1.0 1.0 0.9999999403953552";
    decalType = "Collision Mesh";
    collisionType = "Collision Mesh";
  };

  new TSStatic() {
    shapeName = "levels/rls_west_coast_usa/art/shapes/objects/tunnel_ventilation_fan.dae";
    position = "1089.0904541015625 673.521484375 144.2438201904297";
    rotationMatrix = "-0.43779757618904114 0.8958009481430054 -0.07664144784212112 -0.8972640037536621 -0.4407317638397217 -0.025938015431165695 -0.0570136196911335 0.05741201341152191 0.9967212677001953";
    scale = "0.9999998807907104 0.9999998807907104 0.9999999403953552";
    decalType = "Collision Mesh";
    collisionType = "Collision Mesh";
  };

  new TSStatic() {
    shapeName = "levels/rls_west_coast_usa/art/shapes/objects/tunnel_ventilation_fan.dae";
    position = "998.9844970703125 645.431640625 140.2687530517578";
    rotationMatrix = "-0.2393602430820465 0.970930814743042 -0.00024990056408569217 -0.9700822234153748 -0.23916178941726685 -0.04173874855041504 -0.04058520123362541 -0.00974817294627428 0.999128520488739";
    scale = "0.9999998807907104 0.9999998807907104 1.0";
    decalType = "Collision Mesh";
    collisionType = "Collision Mesh";
  };

  new TSStatic() {
    shapeName = "levels/rls_west_coast_usa/art/shapes/objects/tunnel_ventilation_fan.dae";
    position = "-1041.7225341796875 -898.4025268554688 125.9299087524414";
    rotationMatrix = "-0.5047714710235596 -0.8606885671615601 0.06649022549390793 0.861824631690979 -0.506868302822113 -0.018517453223466873 0.04963954910635948 0.04795583337545395 0.9976152181625366";
    scale = "1.0000001192092896 1.0000001192092896 1.0";
    decalType = "Collision Mesh";
    collisionType = "Collision Mesh";
  };

  new TSStatic() {
    shapeName = "levels/rls_west_coast_usa/art/shapes/objects/tunnel_ventilation_fan.dae";
    position = "-950.612060546875 -924.6952514648438 124.70592498779297";
    rotationMatrix = "-0.0697278156876564 -0.996286153793335 0.050516486167907715 0.9975542426109314 -0.06988376379013062 -0.0013253442011773586 0.004850704222917557 0.05030052363872528 0.9987223744392395";
    scale = "1.0000001192092896 1.0000001192092896 1.0";
    decalType = "Collision Mesh";
    collisionType = "Collision Mesh";
  };

  new TSStatic() {
    shapeName = "levels/rls_west_coast_usa/art/shapes/objects/tunnel_ventilation_fan.dae";
    position = "-855.9117431640625 -914.6070556640625 125.43126678466797";
    rotationMatrix = "0.2629876136779785 -0.9632292985916138 0.055016882717609406 0.9643594622612 0.26416149735450745 0.015150102786719799 -0.02912636660039425 0.04907176271080971 0.9983704686164856";
    scale = "1.0000001192092896 1.0000001192092896 1.0";
    decalType = "Collision Mesh";
    collisionType = "Collision Mesh";
  };

  new TSStatic() {
    shapeName = "levels/rls_west_coast_usa/art/shapes/objects/tunnel_ventilation_fan.dae";
    position = "-768.6911010742188 -876.47265625 129.6627960205078";
    rotationMatrix = "0.5184184908866882 -0.8547378778457642 0.025796309113502502 0.8530621528625488 0.5190263986587524 0.053820203989744186 -0.05939112976193428 -0.005895534064620733 0.9982174038887024";
    scale = "1.0000001192092896 1.0000001192092896 1.0";
    decalType = "Collision Mesh";
    collisionType = "Collision Mesh";
  };

  new TSStatic() {
    shapeName = "levels/rls_west_coast_usa/art/shapes/objects/tunnel_ventilation_fan.dae";
    position = "-409.4909362792969 567.7897338867188 80.36506652832031";
    rotationMatrix = "0.7195767760276794 -0.6923069953918457 0.0540398433804512 0.6937075257301331 0.7201725244522095 -0.01101712416857481 -0.03129078075289726 0.04541551321744919 0.9984779953956604";
    scale = "1.0 1.0 1.0";
    decalType = "Collision Mesh";
    collisionType = "Collision Mesh";
  };

  new TSStatic() {
    shapeName = "levels/rls_west_coast_usa/art/shapes/objects/tunnel_ventilation_fan.dae";
    position = "-452.9527893066406 487.18707275390625 80.4193344116211";
    rotationMatrix = "0.9878814220428467 0.1454990804195404 0.0540398433804512 -0.1451132595539093 0.9893537163734436 -0.01101712416857481 -0.055067501962184906 0.0030417139641940594 0.9984779953956604";
    scale = "1.0 1.0 1.0";
    decalType = "Collision Mesh";
    collisionType = "Collision Mesh";
  };

  new TSStatic() {
    shapeName = "levels/rls_west_coast_usa/art/shapes/objects/tunnel_ventilation_fan.dae";
    position = "-406.369140625 404.66778564453125 80.39961242675781";
    rotationMatrix = "0.8544296026229858 0.5167492032051086 0.0540398471057415 -0.5169637203216553 0.8559364080429077 -0.011017125099897385 -0.05194776505231857 -0.018523283302783966 0.9984779953956604";
    scale = "1.0 1.0 1.0";
    decalType = "Collision Mesh";
    collisionType = "Collision Mesh";
  };

  new TSStatic() {
    shapeName = "levels/rls_west_coast_usa/art/shapes/objects/tunnel_ventilation_fan.dae";
    position = "-373.4599914550781 314.8081970214844 80.42210388183594";
    rotationMatrix = "0.9474976658821106 0.31516316533088684 0.0540398508310318 -0.31503939628601074 0.9490146636962891 -0.011017125099897385 -0.05475680157542229 -0.006585981231182814 0.9984779953956604";
    scale = "1.0 1.0 1.0";
    decalType = "Collision Mesh";
    collisionType = "Collision Mesh";
  };

  new TSStatic() {
    shapeName = "levels/rls_west_coast_usa/art/shapes/objects/tunnel_ventilation_fan.dae";
    position = "-309.7945861816406 251.03936767578125 80.25743103027344";
    rotationMatrix = "0.22896496951580048 0.9719334840774536 0.0540398545563221 -0.9731598496437073 0.2298664152622223 -0.01101712603121996 -0.023129861801862717 -0.050066880881786346 0.9984779953956604";
    scale = "1.0 1.0 1.0";
    decalType = "Collision Mesh";
    collisionType = "Collision Mesh";
  };

  new TSStatic() {
    shapeName = "levels/rls_west_coast_usa/art/shapes/objects/tunnel_ventilation_fan.dae";
    position = "-214.80364990234375 257.9779052734375 79.84325408935547";
    rotationMatrix = "-0.1538919061422348 0.9866088032722473 0.0540398545563221 -0.9880843162536621 -0.15351861715316772 -0.011017127893865108 -0.002573471749201417 -0.05509138107299805 0.9984779953956604";
    scale = "1.0 1.0 1.0";
    decalType = "Collision Mesh";
    collisionType = "Collision Mesh";
  };

  new TSStatic() {
    shapeName = "levels/rls_west_coast_usa/art/shapes/objects/tunnel_ventilation_fan.dae";
    position = "-119.58167266845703 257.0116882324219 79.7768325805664";
    rotationMatrix = "0.2263190746307373 0.972553014755249 0.0540398508310318 -0.9737817645072937 0.2272171825170517 -0.011017129756510258 -0.022993525490164757 -0.050129637122154236 0.9984779953956604";
    scale = "1.0 1.0 1.0";
    decalType = "Collision Mesh";
    collisionType = "Collision Mesh";
  };

  new TSStatic() {
    shapeName = "levels/rls_west_coast_usa/art/shapes/objects/tunnel_ventilation_fan.dae";
    position = "-30.481430053710938 221.8937530517578 79.7768325805664";
    rotationMatrix = "0.42353397607803345 0.904266893863678 0.0540398508310318 -0.905282199382782 0.4246678948402405 -0.011017129756510258 -0.03291141614317894 -0.04425518587231636 0.9984779953956604";
    scale = "1.0 1.0 1.0";
    decalType = "Collision Mesh";
    collisionType = "Collision Mesh";
  };

  new TSStatic() {
    shapeName = "levels/rls_west_coast_usa/art/shapes/objects/tunnel_ventilation_fan.dae";
    position = "61.12321472167969 196.55487060546875 79.72232055664062";
    rotationMatrix = "-0.01775914430618286 0.9983808398246765 0.0540398508310318 -0.9997915625572205 -0.01718790829181671 -0.011017129756510258 -0.010070458985865116 -0.05422424525022507 0.9984779953956604";
    scale = "1.0 1.0 1.0";
    decalType = "Collision Mesh";
    collisionType = "Collision Mesh";
  };

  new TSStatic() {
    shapeName = "levels/rls_west_coast_usa/art/shapes/objects/tunnel_ventilation_fan.dae";
    position = "149.15655517578125 228.81231689453125 79.7059555053711";
    rotationMatrix = "-0.6794387698173523 0.7317394614219666 0.0540398508310318 -0.7331713438034058 -0.6799547076225281 -0.011017130687832832 0.028682982549071312 -0.04710593819618225 0.9984779953956604";
    scale = "1.0 1.0 1.0";
    decalType = "Collision Mesh";
    collisionType = "Collision Mesh";
  };

  new TSStatic() {
    shapeName = "levels/rls_west_coast_usa/art/shapes/objects/tunnel_ventilation_fan.dae";
    position = "180.432861328125 315.0264892578125 79.7979507446289";
    rotationMatrix = "-0.9768204092979431 -0.20712684094905853 0.0540398508310318 0.20683404803276062 -0.9783139824867249 -0.011017131619155407 0.05514988675713539 0.00041552260518074036 0.9984779953956604";
    scale = "1.0 1.0 1.0";
    decalType = "Collision Mesh";
    collisionType = "Collision Mesh";
  };

  new TSStatic() {
    shapeName = "levels/rls_west_coast_usa/art/shapes/objects/tunnel_ventilation_fan.dae";
    position = "123.8082275390625 389.28582763671875 80.08792877197266";
    rotationMatrix = "-0.5546932816505432 -0.8302981853485107 0.0540398545563221 0.8311313986778259 -0.5559669733047485 -0.011017131619155407 0.03919187933206558 0.038803089410066605 0.9984779953956604";
    scale = "1.0 1.0 1.0";
    decalType = "Collision Mesh";
    collisionType = "Collision Mesh";
  };

  new TSStatic() {
    shapeName = "levels/rls_west_coast_usa/art/shapes/objects/tunnel_ventilation_fan.dae";
    position = "41.957923889160156 439.51904296875 80.14048767089844";
    rotationMatrix = "-0.5663434863090515 -0.8223957419395447 0.0540398508310318 0.8232108950614929 -0.5676287412643433 -0.011017131619155407 0.039735015481710434 0.03824671730399132 0.9984779953956604";
    scale = "1.0 1.0 1.0";
    decalType = "Collision Mesh";
    collisionType = "Collision Mesh";
  };

  new TSStatic() {
    shapeName = "levels/rls_west_coast_usa/art/shapes/objects/tunnel_ventilation_fan.dae";
    position = "-0.8780467510223389 371.87945556640625 106.3140640258789";
    rotationMatrix = "0.7775352597236633 0.6288393139839172 0.0 -0.6287550926208496 0.7774311304092407 0.01636512018740177 0.010291030630469322 -0.012724458239972591 0.9998660683631897";
    scale = "1.0 1.0 1.0";
    decalType = "Collision Mesh";
    collisionType = "Collision Mesh";
  };

  new TSStatic() {
    shapeName = "levels/rls_west_coast_usa/art/shapes/objects/tunnel_ventilation_fan.dae";
    position = "23.937332153320312 281.18865966796875 103.54747772216797";
    rotationMatrix = "0.9972447752952576 -0.07418087124824524 0.0 0.0741671547293663 0.9970603585243225 0.019231360405683517 -0.0014265991048887372 -0.019178375601768494 0.999815046787262";
    scale = "1.0 1.0 1.0";
    decalType = "Collision Mesh";
    collisionType = "Collision Mesh";
  };

  new TSStatic() {
    shapeName = "levels/rls_west_coast_usa/art/shapes/objects/tunnel_ventilation_fan.dae";
    position = "12.725446701049805 185.96710205078125 100.83074188232422";
    rotationMatrix = "0.9894670248031616 -0.14475858211517334 -4.656612873077393e-10 0.144682839512825 0.9889493584632874 0.0323425829410553 -0.004681865684688091 -0.03200191631913185 0.9994768500328064";
    scale = "1.0 1.0 1.0";
    decalType = "Collision Mesh";
    collisionType = "Collision Mesh";
  };

  new TSStatic() {
    shapeName = "levels/rls_west_coast_usa/art/shapes/objects/tunnel_ventilation_fan.dae";
    position = "-21.731523513793945 98.51097106933594 96.63449096679688";
    rotationMatrix = "0.6644586324691772 -0.74732506275177 1.862645149230957e-09 0.7462590336799622 0.663510799407959 0.053393617272377014 -0.03990238904953003 -0.03547784686088562 0.9985735416412354";
    scale = "1.0 1.0 1.0";
    decalType = "Collision Mesh";
    collisionType = "Collision Mesh";
  };

  new TSStatic() {
    shapeName = "levels/rls_west_coast_usa/art/shapes/objects/tunnel_ventilation_fan.dae";
    position = "-108.62174987792969 103.321533203125 91.41095733642578";
    rotationMatrix = "-0.7538161277770996 -0.6570854187011719 -4.656612873077393e-10 0.6560734510421753 -0.7526551485061646 0.05547872185707092 -0.03645426034927368 0.04182075336575508 0.9984598755836487";
    scale = "1.0 1.0 1.0";
    decalType = "Collision Mesh";
    collisionType = "Collision Mesh";
  };

  new TSStatic() {
    shapeName = "levels/rls_west_coast_usa/art/shapes/objects/tunnel_ventilation_fan.dae";
    position = "-122.5932388305664 148.2234649658203 87.43257904052734";
    rotationMatrix = "-0.9999549984931946 -0.009486445225775242 0.0 0.009446161799132824 -0.9957087635993958 0.09205888956785202 -0.0008733115973882377 0.09205474704504013 0.9957535862922668";
    scale = "1.0 1.0 1.0";
    decalType = "Collision Mesh";
    collisionType = "Collision Mesh";
  };

  new TSStatic() {
    shapeName = "levels/rls_west_coast_usa/art/shapes/objects/tunnel_ventilation_fan.dae";
    position = "-64.29839324951172 208.54971313476562 81.3759765625";
    rotationMatrix = "-0.12185870856046677 0.9925474524497986 0.0 -0.9925474524497986 -0.12185870856046677 0.0 0.0 0.0 1.0";
    scale = "1.0 1.0 1.0";
    decalType = "Collision Mesh";
    collisionType = "Collision Mesh";
  };

  new TSStatic() {
    shapeName = "levels/rls_west_coast_usa/art/shapes/objects/tunnel_ventilation_fan.dae";
    position = "30.003341674804688 194.297119140625 79.97230529785156";
    rotationMatrix = "0.14905774593353271 0.9888284802436829 0.0 -0.9888284802436829 0.14905774593353271 0.0 0.0 -0.0 1.0";
    scale = "1.0 1.0 1.0";
    decalType = "Collision Mesh";
    collisionType = "Collision Mesh";
  };

  new TSStatic() {
    shapeName = "levels/rls_west_coast_usa/art/shapes/objects/tunnel_ventilation_fan.dae";
    position = "-130.4550323486328 185.31321716308594 85.02178192138672";
    rotationMatrix = "-0.9894065856933594 -0.14517079293727875 0.0 0.14478516578674316 -0.9867783784866333 0.07284007221460342 -0.010574250482022762 0.07206845283508301 0.9973436594009399";
    scale = "1.0 1.0 1.0";
    decalType = "Collision Mesh";
    collisionType = "Collision Mesh";
  };

  new TSStatic() {
    shapeName = "levels/rls_west_coast_usa/art/shapes/objects/tunnel_ventilation_fan.dae";
    position = "-191.24319458007812 243.6679229736328 79.56378936767578";
    rotationMatrix = "-0.03751498460769653 -0.9992960691452026 -0.0 0.9992960691452026 -0.03751498460769653 0.0 -0.0 0.0 1.0";
    scale = "1.0 1.0 1.0";
    decalType = "Collision Mesh";
    collisionType = "Collision Mesh";
  };

  new TSStatic() {
    shapeName = "levels/rls_west_coast_usa/art/shapes/objects/tunnel_ventilation_fan.dae";
    position = "-287.06610107421875 239.38514709472656 80.35138702392578";
    rotationMatrix = "-0.022738447412848473 -0.9997414350509644 -0.0 0.9997414350509644 -0.022738447412848473 0.0 -0.0 0.0 1.0";
    scale = "1.0 1.0 1.0";
    decalType = "Collision Mesh";
    collisionType = "Collision Mesh";
  };

  new TSStatic() {
    shapeName = "levels/rls_west_coast_usa/art/shapes/objects/tunnel_ventilation_fan.dae";
    position = "4.462581157684326 296.6545715332031 103.31558990478516";
    rotationMatrix = "-0.9558572769165039 0.29383131861686707 0.0 -0.2934657037258148 -0.954667866230011 -0.049871038645505905 -0.014653672464191914 -0.04766959324479103 0.998755693435669";
    scale = "1.0 1.0 1.0";
    decalType = "Collision Mesh";
    collisionType = "Collision Mesh";
  };

  new TSStatic() {
    shapeName = "levels/rls_west_coast_usa/art/shapes/objects/tunnel_ventilation_fan.dae";
    position = "-76.04827117919922 265.36358642578125 95.66571807861328";
    rotationMatrix = "0.22525738179683685 0.9742993116378784 0.0 -0.9716054201126099 0.2246345579624176 -0.07431171834468842 -0.07240185886621475 0.016739264130592346 0.9972350597381592";
    scale = "1.0 1.0 1.0";
    decalType = "Collision Mesh";
    collisionType = "Collision Mesh";
  };

  new TSStatic() {
    shapeName = "levels/rls_west_coast_usa/art/shapes/objects/tunnel_ventilation_fan.dae";
    position = "-169.1551055908203 283.9898681640625 88.81040954589844";
    rotationMatrix = "-0.010664725676178932 0.9999431371688843 -7.275400421002942e-11 -0.9979190230369568 -0.010643137618899345 -0.06359545886516571 -0.0635918453335762 -0.0006782280397601426 0.997975766658783";
    scale = "1.0 1.0 1.0";
    decalType = "Collision Mesh";
    collisionType = "Collision Mesh";
  };

  new TSStatic() {
    shapeName = "levels/rls_west_coast_usa/art/shapes/objects/tunnel_ventilation_fan.dae";
    position = "-263.8502502441406 269.14483642578125 83.59598541259766";
    rotationMatrix = "-0.10392510145902634 0.9945850968360901 4.656613428188905e-10 -0.9934018850326538 -0.10380145907402039 -0.04876471310853958 -0.0485006608068943 -0.005067878402769566 0.9988102912902832";
    scale = "1.0 1.0 1.0";
    decalType = "Collision Mesh";
    collisionType = "Collision Mesh";
  };

  new TSStatic() {
    shapeName = "levels/rls_west_coast_usa/art/shapes/objects/tunnel_ventilation_fan.dae";
    position = "-346.88787841796875 304.15118408203125 80.67939758300781";
    rotationMatrix = "0.8377993106842041 0.5459783673286438 0.0 -0.5459783673286438 0.8377993106842041 0.0 0.0 -0.0 1.0";
    scale = "1.0 1.0 1.0";
    decalType = "Collision Mesh";
    collisionType = "Collision Mesh";
  };

  new TSStatic() {
    shapeName = "levels/rls_west_coast_usa/art/shapes/objects/tunnel_ventilation_fan.dae";
    position = "96.78990936279297 381.6937255859375 81.1732177734375";
    rotationMatrix = "0.648640513420105 0.7610949277877808 0.0 -0.759570837020874 0.6473416090011597 -0.06325332075357437 -0.04814177751541138 0.04102866351604462 0.997997522354126";
    scale = "1.0 1.0 1.0";
    decalType = "Collision Mesh";
    collisionType = "Collision Mesh";
  };

  new TSStatic() {
    shapeName = "levels/rls_west_coast_usa/art/shapes/objects/tunnel_ventilation_fan.dae";
