//--- OBJECT WRITE BEGIN ---
$ThisPrefab = new SimGroup() {
  canSave = "1";
  canSaveDynamicFields = "1";
  groupPosition = "0 0 0";

  new TSStatic() {
    shapeName = "levels/rls_west_coast_usa/art/shapes/objects/tunnel_ventilation_housing.dae";
    position = "920.14697265625 -1057.4697265625 173.11038208007812";
    rotationMatrix = "0.9655185341835022 -0.26000601053237915 -0.013070959597826004 0.2600429654121399 0.9655963182449341 0.001183217391371727 0.01231362670660019 -0.004541429691016674 0.9999138712882996";
    scale = "1.0 1.0 1.0";
    decalType = "Collision Mesh";
    collisionType = "Collision Mesh";
  };

  new TSStatic() {
    shapeName = "levels/rls_west_coast_usa/art/shapes/objects/tunnel_ventilation_housing.dae";
    position = "910.995849609375 -1054.988525390625 173.234375";
    rotationMatrix = "-0.9642565250396729 0.264647901058197 0.01307159848511219 -0.264626681804657 -0.9643450975418091 0.0033580989111214876 0.013494245707988739 -0.0002210251841461286 0.9999089241027832";
    scale = "0.9999999403953552 0.9999999403953552 1.0";
    decalType = "Collision Mesh";
    collisionType = "Collision Mesh";
  };

  new TSStatic() {
    shapeName = "levels/rls_west_coast_usa/art/shapes/objects/tunnel_ventilation_housing.dae";
    position = "928.7593383789062 -1147.068115234375 172.55203247070312";
    rotationMatrix = "0.8797447681427002 0.4685525894165039 -0.08066993951797485 -0.4693579375743866 0.8829530477523804 0.009851916693150997 0.07584390789270401 0.02919590473175049 0.9966921806335449";
    scale = "1.0 1.0 1.0";
    decalType = "Collision Mesh";
    collisionType = "Collision Mesh";
  };

  new TSStatic() {
    shapeName = "levels/rls_west_coast_usa/art/shapes/objects/tunnel_ventilation_housing.dae";
    position = "920.4071044921875 -1151.491943359375 173.31716918945312";
    rotationMatrix = "-0.8827333450317383 -0.4628925621509552 0.08069862425327301 0.46424034237861633 -0.8857062458992004 -0.0023096848744899035 0.07254441827535629 0.03542472422122955 0.9967358708381653";
    scale = "1.0000001192092896 1.0000001192092896 1.0";
    decalType = "Collision Mesh";
    collisionType = "Collision Mesh";
  };

  new TSStatic() {
    shapeName = "levels/rls_west_coast_usa/art/shapes/objects/tunnel_ventilation_housing.dae";
    position = "998.8993530273438 -1202.3389892578125 171.29421997070312";
    rotationMatrix = "0.27609115839004517 0.9558027982711792 -0.10106794536113739 -0.9602030515670776 0.27891603112220764 0.014694263227283955 0.04223428666591644 0.09298879653215408 0.9947710037231445";
    scale = "1.0 1.0 1.0";
    decalType = "Collision Mesh";
    collisionType = "Collision Mesh";
  };

  new TSStatic() {
    shapeName = "levels/rls_west_coast_usa/art/shapes/objects/tunnel_ventilation_housing.dae";
    position = "996.2619018554688 -1211.396484375 172.25286865234375";
    rotationMatrix = "-0.28179919719696045 -0.9541260004043579 0.10115720331668854 0.9585217237472534 -0.2846453785896301 -0.014600218273699284 0.042724378407001495 0.09284704923629761 0.9947633147239685";
    scale = "1.0 1.0 1.0";
    decalType = "Collision Mesh";
    collisionType = "Collision Mesh";
  };

  new TSStatic() {
    shapeName = "levels/rls_west_coast_usa/art/shapes/objects/tunnel_ventilation_housing.dae";
    position = "1087.5216064453125 -1190.97216796875 170.42138671875";
    rotationMatrix = "-0.47700247168540955 0.87591153383255 -0.07244078814983368 -0.8784815669059753 -0.47770097851753235 0.008477551862597466 -0.027179449796676636 0.06768171489238739 0.9973366856575012";
    scale = "1.0 1.0 1.0";
    decalType = "Collision Mesh";
    collisionType = "Collision Mesh";
  };

  new TSStatic() {
    shapeName = "levels/rls_west_coast_usa/art/shapes/objects/tunnel_ventilation_housing.dae";
    position = "1092.0316162109375 -1199.2850341796875 171.10842895507812";
    rotationMatrix = "0.47314155101776123 -0.8779992461204529 0.07248691469430923 0.8806268572807312 0.4736953675746918 -0.010442942380905151 -0.02516781911253929 0.06877490878105164 0.9973146915435791";
    scale = "0.9999999403953552 1.0 1.0";
    decalType = "Collision Mesh";
    collisionType = "Collision Mesh";
  };

  new TSStatic() {
    shapeName = "levels/rls_west_coast_usa/art/shapes/objects/tunnel_ventilation_housing.dae";
    position = "1157.8861083984375 -1129.537109375 169.54635620117188";
    rotationMatrix = "-0.7721311450004578 0.6331637501716614 -0.05401046946644783 -0.6344956159591675 -0.7728542685508728 0.010563514195382595 -0.035053785890340805 0.04242582619190216 0.9984844923019409";
    scale = "1.0000001192092896 1.0 1.0";
    decalType = "Collision Mesh";
    collisionType = "Collision Mesh";
  };

  new TSStatic() {
    shapeName = "levels/rls_west_coast_usa/art/shapes/objects/tunnel_ventilation_housing.dae";
    position = "1165.20361328125 -1135.5457763671875 170.05859375";
    rotationMatrix = "0.7709404230117798 -0.6346105933189392 0.05403997749090195 0.6359608769416809 0.7716426253318787 -0.011017008684575558 -0.034708041697740555 0.04286076873540878 0.9984779953956604";
    scale = "1.0 1.0 1.0";
    decalType = "Collision Mesh";
    collisionType = "Collision Mesh";
  };

  new TSStatic() {
    shapeName = "levels/rls_west_coast_usa/art/shapes/objects/tunnel_ventilation_housing.dae";
    position = "1213.0810546875 -1051.5894775390625 168.37213134765625";
    rotationMatrix = "-0.8260889649391174 0.5611047744750977 -0.05233041197061539 -0.5624397993087769 -0.8267132043838501 0.01438070833683014 -0.03519315645098686 0.04131244868040085 0.9985262751579285";
    scale = "0.9999999403953552 0.9999999403953552 1.0";
    decalType = "Collision Mesh";
    collisionType = "Collision Mesh";
  };

  new TSStatic() {
    shapeName = "levels/rls_west_coast_usa/art/shapes/objects/tunnel_ventilation_housing.dae";
    position = "1220.914306640625 -1056.91015625 168.86834716796875";
    rotationMatrix = "0.8260840773582458 -0.5611116886138916 0.052332937717437744 0.5624462962150574 0.826708972454071 -0.014367382973432541 -0.035202402621507645 0.041303135454654694 0.9985263347625732";
    scale = "1.0 0.9999999403953552 1.0";
    decalType = "Collision Mesh";
    collisionType = "Collision Mesh";
  };

  new TSStatic() {
    shapeName = "levels/rls_west_coast_usa/art/shapes/objects/tunnel_ventilation_housing.dae";
    position = "1267.014404296875 -972.1851806640625 166.88265991210938";
    rotationMatrix = "-0.8270823955535889 0.5596393346786499 -0.05233041197061539 -0.5610275864601135 -0.827643632888794 0.015939295291900635 -0.03439067304134369 0.04254191368818283 0.9985026121139526";
    scale = "0.9999998807907104 0.9999998211860657 1.0";
    decalType = "Collision Mesh";
    collisionType = "Collision Mesh";
  };

  new TSStatic() {
    shapeName = "levels/rls_west_coast_usa/art/shapes/objects/tunnel_ventilation_housing.dae";
    position = "1274.857177734375 -977.4918823242188 167.37887573242188";
    rotationMatrix = "0.8270891904830933 -0.5596292614936829 0.05233145132660866 0.5610173940658569 0.8276506066322327 -0.01593588851392269 -0.03439396992325783 0.04253925755620003 0.9985026121139526";
    scale = "1.0 0.9999999403953552 1.0";
    decalType = "Collision Mesh";
    collisionType = "Collision Mesh";
  };

  new TSStatic() {
    shapeName = "levels/rls_west_coast_usa/art/shapes/objects/tunnel_ventilation_housing.dae";
    position = "1319.314208984375 -892.426513671875 165.5245361328125";
    rotationMatrix = "-0.8817497491836548 0.46860817074775696 -0.05407220125198364 -0.4698261320590973 -0.8826801180839539 0.011798067018389702 -0.04219978675246239 0.035807475447654724 0.9984673261642456";
    scale = "1.0 1.0 1.0";
    decalType = "Collision Mesh";
    collisionType = "Collision Mesh";
  };

  new TSStatic() {
    shapeName = "levels/rls_west_coast_usa/art/shapes/objects/tunnel_ventilation_housing.dae";
    position = "1327.6702880859375 -896.8792724609375 166.0373992919922";
    rotationMatrix = "0.8803025484085083 -0.47131723165512085 0.05410623177886009 0.47246354818344116 0.8812932372093201 -0.010020059533417225 -0.04296083003282547 0.03438390791416168 0.9984849095344543";
    scale = "1.0 1.0 1.0";
    decalType = "Collision Mesh";
    collisionType = "Collision Mesh";
  };

  new TSStatic() {
    shapeName = "levels/rls_west_coast_usa/art/shapes/objects/tunnel_ventilation_housing.dae";
    position = "1341.173828125 -803.1832275390625 164.92254638671875";
    rotationMatrix = "-0.9945298433303833 -0.06001440808176994 -0.08549060672521591 0.06014533340930939 -0.9981890916824341 0.0010457225143909454 -0.08539854735136032 -0.004101858474314213 0.996338427066803";
    scale = "0.9999998807907104 0.9999998211860657 1.0";
    decalType = "Collision Mesh";
    collisionType = "Collision Mesh";
  };

  new TSStatic() {
    shapeName = "levels/rls_west_coast_usa/art/shapes/objects/tunnel_ventilation_housing.dae";
    position = "1350.6053466796875 -802.6322021484375 165.7332305908203";
    rotationMatrix = "0.9948400855064392 0.05464218929409981 0.08548358082771301 -0.05513979494571686 0.9984726309776306 0.0034690441098064184 -0.08516345918178558 -0.008164691738784313 0.9963335394859314";
    scale = "1.0 1.0 1.0";
    decalType = "Collision Mesh";
    collisionType = "Collision Mesh";
  };

  new TSStatic() {
    shapeName = "levels/rls_west_coast_usa/art/shapes/objects/tunnel_ventilation_housing.dae";
    position = "1301.5428466796875 -723.951416015625 165.56198120117188";
    rotationMatrix = "-0.6168029308319092 -0.7807716131210327 -0.09974881261587143 0.7859861850738525 -0.6177430152893066 -0.02488633058965206 -0.04218858852982521 -0.09375114738941193 0.9947013854980469";
    scale = "1.0 1.0 1.0";
    decalType = "Collision Mesh";
    collisionType = "Collision Mesh";
  };

  new TSStatic() {
    shapeName = "levels/rls_west_coast_usa/art/shapes/objects/tunnel_ventilation_housing.dae";
    position = "1307.408935546875 -716.5616455078125 166.50729370117188";
    rotationMatrix = "0.6219280958175659 0.7767134308815002 0.09960776567459106 -0.7817142605781555 0.6232985258102417 0.020537300035357475 -0.04613377898931503 -0.09063753485679626 0.9948148131370544";
    scale = "1.0 1.0 1.0";
    decalType = "Collision Mesh";
    collisionType = "Collision Mesh";
  };

  new TSStatic() {
    shapeName = "levels/rls_west_coast_usa/art/shapes/objects/tunnel_ventilation_housing.dae";
    position = "1214.869384765625 -699.8538208007812 167.43093872070312";
    rotationMatrix = "0.07844773679971695 -0.9950428009033203 -0.06112110614776611 0.9968786239624023 0.07884371280670166 -0.0040901703760027885 0.008888909593224525 -0.06060945987701416 0.998121976852417";
    scale = "0.9999999403953552 0.9999999403953552 1.0";
    decalType = "Collision Mesh";
    collisionType = "Collision Mesh";
  };

  new TSStatic() {
    shapeName = "levels/rls_west_coast_usa/art/shapes/objects/tunnel_ventilation_housing.dae";
    position = "1214.140380859375 -690.417236328125 168.0104522705078";
    rotationMatrix = "-0.07404637336730957 0.9953805208206177 0.06111232563853264 -0.9972381591796875 -0.07425982505083084 0.0012258439091965556 0.005758371669799089 -0.0608527734875679 0.9981301426887512";
    scale = "0.9999999403953552 0.9999999403953552 1.0";
    decalType = "Collision Mesh";
    collisionType = "Collision Mesh";
  };

  new TSStatic() {
    shapeName = "levels/rls_west_coast_usa/art/shapes/objects/tunnel_ventilation_housing.dae";
    position = "1124.42919921875 -726.3995971679688 165.9607696533203";
    rotationMatrix = "0.3569943904876709 -0.9329901337623596 -0.045656055212020874 0.9340965151786804 0.35633769631385803 0.022070813924074173 -0.004322876688092947 -0.050526320934295654 0.9987133741378784";
    scale = "1.0 1.0 1.0";
    decalType = "Collision Mesh";
    collisionType = "Collision Mesh";
  };

  new TSStatic() {
    shapeName = "levels/rls_west_coast_usa/art/shapes/objects/tunnel_ventilation_housing.dae";
    position = "1121.0439453125 -717.5526123046875 166.3936767578125";
    rotationMatrix = "-0.35699784755706787 0.9329889416694641 0.045652251690626144 -0.9340754151344299 -0.35616976022720337 -0.02541974186897278 -0.007456385530531406 -0.05171744152903557 0.9986339211463928";
    scale = "1.0 1.0 1.0";
    decalType = "Collision Mesh";
    collisionType = "Collision Mesh";
  };

  new TSStatic() {
    shapeName = "levels/rls_west_coast_usa/art/shapes/objects/tunnel_ventilation_housing.dae";
    position = "1034.69189453125 -760.42822265625 163.87969970703125";
    rotationMatrix = "0.3566393256187439 -0.9341291189193726 -0.014531699940562248 0.9341201782226562 0.3562983274459839 0.02170134149491787 -0.015094234608113766 -0.021313905715942383 0.9996588826179504";
    scale = "0.9999999403953552 0.9999999403953552 1.0";
    decalType = "Collision Mesh";
    collisionType = "Collision Mesh";
  };

  new TSStatic() {
    shapeName = "levels/rls_west_coast_usa/art/shapes/objects/tunnel_ventilation_housing.dae";
    position = "1031.31005859375 -751.570556640625 164.01754760742188";
    rotationMatrix = "-0.3566223084926605 0.9341354370117188 0.014544522389769554 -0.9340912699699402 -0.35623323917388916 -0.023903757333755493 -0.017148103564977646 -0.022110523656010628 0.9996084570884705";
    scale = "1.0000001192092896 1.0000001192092896 1.0";
    decalType = "Collision Mesh";
    collisionType = "Collision Mesh";
  };

  new TSStatic() {
    shapeName = "levels/rls_west_coast_usa/art/shapes/objects/tunnel_ventilation_housing.dae";
    position = "1003.646728515625 450.12506103515625 153.3653564453125";
    rotationMatrix = "0.9873578548431396 -0.153312087059021 -0.04024696350097656 0.15168070793151855 0.9875837564468384 -0.040882039815187454 0.04601495712995529 0.03426051884889603 0.9983530640602112";
    scale = "0.9999999403953552 1.0 1.0";
    decalType = "Collision Mesh";
    collisionType = "Collision Mesh";
  };

  new TSStatic() {
    shapeName = "levels/rls_west_coast_usa/art/shapes/objects/tunnel_ventilation_housing.dae";
    position = "1029.160400390625 541.9437866210938 150.42967224121094";
    rotationMatrix = "0.9088129997253418 -0.4139082729816437 -0.0523347370326519 0.41375699639320374 0.9102765917778015 -0.014202471822500229 0.05351760610938072 -0.008746473118662834 0.9985285997390747";
    scale = "1.0 1.0 1.0";
    decalType = "Collision Mesh";
    collisionType = "Collision Mesh";
  };

  new TSStatic() {
    shapeName = "levels/rls_west_coast_usa/art/shapes/objects/tunnel_ventilation_housing.dae";
    position = "1081.801025390625 621.5620727539062 148.87875366210938";
    rotationMatrix = "0.7430233359336853 -0.6691862344741821 -0.0102992607280612 0.6689939498901367 0.7430722713470459 -0.017050907015800476 0.019063327461481094 0.00577907869592309 0.9998015761375427";
    scale = "1.0 1.0 1.0";
    decalType = "Collision Mesh";
    collisionType = "Collision Mesh";
  };

  new TSStatic() {
    shapeName = "levels/rls_west_coast_usa/art/shapes/objects/tunnel_ventilation_housing.dae";
    position = "1150.9971923828125 687.9625854492188 147.46005249023438";
    rotationMatrix = "0.7257998585700989 -0.6834092736244202 0.07852619141340256 0.6864745020866394 0.7269152998924255 -0.018623769283294678 -0.044354237616062164 0.06742335855960846 0.996738076210022";
    scale = "0.9999999403953552 0.9999999403953552 1.0";
    decalType = "Collision Mesh";
    collisionType = "Collision Mesh";
  };

  new TSStatic() {
    shapeName = "levels/rls_west_coast_usa/art/shapes/objects/tunnel_ventilation_housing.dae";
    position = "1193.540771484375 772.233642578125 142.09573364257812";
    rotationMatrix = "0.9892176985740662 -0.11855567246675491 0.08598227053880692 0.12602849304676056 0.9881670475006104 -0.08742260932922363 -0.07460039854049683 0.0973162055015564 0.9924536943435669";
    scale = "1.0 1.0 1.0";
    decalType = "Collision Mesh";
    collisionType = "Collision Mesh";
  };

  new TSStatic() {
    shapeName = "levels/rls_west_coast_usa/art/shapes/objects/tunnel_ventilation_housing.dae";
    position = "1175.553466796875 863.6640625 133.75186157226562";
    rotationMatrix = "0.8002234697341919 0.5973960161209106 0.0525401346385479 -0.5928469300270081 0.801243245601654 -0.08088114112615585 -0.09041550010442734 0.03357473015785217 0.9953380227088928";
    scale = "1.0 1.0 1.0";
    decalType = "Collision Mesh";
    collisionType = "Collision Mesh";
  };

  new TSStatic() {
    shapeName = "levels/rls_west_coast_usa/art/shapes/objects/tunnel_ventilation_housing.dae";
    position = "1097.2979736328125 916.1788330078125 127.49365234375";
    rotationMatrix = "0.28682392835617065 0.9572563767433167 0.037313200533390045 -0.9566478729248047 0.28826263546943665 -0.04158753901720047 -0.0505659393966198 -0.023767292499542236 0.9984378814697266";
    scale = "1.0 1.0 1.0";
    decalType = "Collision Mesh";
    collisionType = "Collision Mesh";
  };

  new TSStatic() {
    shapeName = "levels/rls_west_coast_usa/art/shapes/objects/tunnel_ventilation_housing.dae";
    position = "1110.0325927734375 891.1376953125 127.91195678710938";
    rotationMatrix = "-0.3793144226074219 -0.9211875200271606 -0.08679959177970886 0.9221433401107788 -0.3840693235397339 0.04628573730587959 -0.07597490400075912 -0.06248481944203377 0.9951499700546265";
    scale = "1.0 1.0 1.0";
    decalType = "Collision Mesh";
    collisionType = "Collision Mesh";
  };

  new TSStatic() {
    shapeName = "levels/rls_west_coast_usa/art/shapes/objects/tunnel_ventilation_housing.dae";
    position = "1173.4903564453125 823.93115234375 135.79005432128906";
    rotationMatrix = "-0.9645693898200989 -0.2493068277835846 -0.08632465451955795 0.24096457660198212 -0.9657206535339355 0.09653880447149277 -0.10743328928947449 0.0723171979188919 0.9915786981582642";
    scale = "0.9999999403953552 0.9999999403953552 1.0";
    decalType = "Collision Mesh";
    collisionType = "Collision Mesh";
  };

  new TSStatic() {
    shapeName = "levels/rls_west_coast_usa/art/shapes/objects/tunnel_ventilation_housing.dae";
    position = "1164.471923828125 729.4981689453125 144.07244873046875";
    rotationMatrix = "-0.8919501304626465 0.4437485337257385 -0.08667328208684921 -0.44965460896492004 -0.8906552791595459 0.06740841269493103 -0.047283634543418884 0.09909798204898834 0.9939536452293396";
    scale = "1.0 1.0 1.0";
    decalType = "Collision Mesh";
    collisionType = "Collision Mesh";
  };

  new TSStatic() {
    shapeName = "levels/rls_west_coast_usa/art/shapes/objects/tunnel_ventilation_housing.dae";
    position = "1092.6314697265625 666.1878051757812 145.47866821289062";
    rotationMatrix = "-0.4377983510494232 0.8957998156547546 -0.07665009796619415 -0.8970000743865967 -0.440984845161438 -0.03038480132818222 -0.06102023273706436 0.055452730506658554 0.9965949654579163";
    scale = "0.9999999403953552 0.9999998807907104 1.0";
    decalType = "Collision Mesh";
    collisionType = "Collision Mesh";
  };

  new TSStatic() {
    shapeName = "levels/rls_west_coast_usa/art/shapes/objects/tunnel_ventilation_housing.dae";
    position = "1000.805908203125 638.00439453125 140.883544921875";
    rotationMatrix = "-0.23938755691051483 0.9709240794181824 -0.0002502638672012836 -0.9700424075126648 -0.23918114602565765 -0.042545802891254425 -0.04136860370635986 -0.009942169301211834 0.9990944862365723";
    scale = "1.0 1.0 1.0";
    decalType = "Collision Mesh";
    collisionType = "Collision Mesh";
  };

  new TSStatic() {
    shapeName = "levels/rls_west_coast_usa/art/shapes/objects/tunnel_ventilation_housing.dae";
    position = "915.9573974609375 598.1325073242188 139.45297241210938";
    rotationMatrix = "-0.6607909798622131 0.7487480044364929 0.05226592719554901 -0.7492014169692993 -0.6621881723403931 0.014283821918070316 0.04530486464500427 -0.029719088226556778 0.9985310435295105";
    scale = "1.0 1.0000001192092896 1.0";
    decalType = "Collision Mesh";
    collisionType = "Collision Mesh";
  };

  new TSStatic() {
    shapeName = "levels/rls_west_coast_usa/art/shapes/objects/tunnel_ventilation_housing.dae";
    position = "885.28857421875 513.544677734375 143.45953369140625";
    rotationMatrix = "-0.9984664916992188 -0.02795867994427681 0.0477810874581337 0.031278833746910095 -0.9970414042472839 0.07021408528089523 0.04567662999033928 0.07160094380378723 0.9963869452476501";
    scale = "1.0000001192092896 1.0000001192092896 1.0";
    decalType = "Collision Mesh";
    collisionType = "Collision Mesh";
  };

  new TSStatic() {
    shapeName = "levels/rls_west_coast_usa/art/shapes/objects/tunnel_ventilation_housing.dae";
    position = "911.1964721679688 422.76324462890625 150.75869750976562";
    rotationMatrix = "-0.9296950101852417 -0.368148535490036 0.011567390523850918 0.3679142892360687 -0.9266951084136963 0.07665053755044937 -0.01749933883547783 0.0755174309015274 0.9969909191131592";
    scale = "1.0 1.0 1.0";
    decalType = "Collision Mesh";
    collisionType = "Collision Mesh";
  };

  new TSStatic() {
    shapeName = "levels/rls_west_coast_usa/art/shapes/objects/tunnel_ventilation_housing.dae";
    position = "1106.8211669921875 883.4102783203125 127.18157958984375";
    rotationMatrix = "-0.379321813583374 -0.9211851358413696 -0.08679237216711044 0.9219756722450256 -0.3842090964317322 0.0484170988202095 -0.07794753462076187 -0.061654794961214066 0.9950491786003113";
    scale = "1.0000001192092896 1.0000001192092896 1.0";
    decalType = "Collision Mesh";
    collisionType = "Collision Mesh";
  };

  new TSStatic() {
    shapeName = "levels/rls_west_coast_usa/art/shapes/objects/tunnel_ventilation_housing.dae";
    position = "1165.3790283203125 821.873291015625 135.0613250732422";
    rotationMatrix = "-0.9645193815231323 -0.24951812624931335 -0.08627340942621231 0.2402392029762268 -0.9650033712387085 0.10513622313737869 -0.10948752611875534 0.08067966252565384 0.9907084703445435";
    scale = "1.0 1.0 1.0";
    decalType = "Collision Mesh";
    collisionType = "Collision Mesh";
  };

  new TSStatic() {
    shapeName = "levels/rls_west_coast_usa/art/shapes/objects/tunnel_ventilation_housing.dae";
    position = "1157.18359375 733.164794921875 143.3601837158203";
    rotationMatrix = "-0.8919491171836853 0.443755179643631 -0.0866495743393898 -0.4499109387397766 -0.8900972008705139 0.0728500559926033 -0.04479895532131195 0.10396313667297363 0.9935716986656189";
    scale = "1.0 1.0 1.0";
    decalType = "Collision Mesh";
    collisionType = "Collision Mesh";
  };

  new TSStatic() {
    shapeName = "levels/rls_west_coast_usa/art/shapes/objects/tunnel_ventilation_housing.dae";
    position = "1089.0904541015625 673.4715576171875 144.85658264160156";
    rotationMatrix = "-0.43779778480529785 0.8958008289337158 -0.0766415223479271 -0.8972638845443726 -0.4407320022583008 -0.025938162580132484 -0.057013798505067825 0.05741199851036072 0.9967212677001953";
    scale = "0.9999998807907104 0.9999999403953552 1.0";
    decalType = "Collision Mesh";
    collisionType = "Collision Mesh";
  };

  new TSStatic() {
    shapeName = "levels/rls_west_coast_usa/art/shapes/objects/tunnel_ventilation_housing.dae";
    position = "998.9844970703125 645.3816528320312 140.88153076171875";
    rotationMatrix = "-0.2393602430820465 0.970930814743042 -0.00024994389968924224 -0.9700822234153748 -0.23916178941726685 -0.04173891991376877 -0.04058538004755974 -0.009748172014951706 0.999128520488739";
    scale = "0.9999998807907104 0.9999998807907104 1.0";
    decalType = "Collision Mesh";
    collisionType = "Collision Mesh";
  };

  new TSStatic() {
    shapeName = "levels/rls_west_coast_usa/art/shapes/objects/tunnel_ventilation_housing.dae";
    position = "-1041.7064208984375 -898.3710327148438 126.54224395751953";
    rotationMatrix = "-0.5047714710235596 -0.8606885671615601 0.06649016588926315 0.8618245720863342 -0.506868302822113 -0.018517622724175453 0.049639664590358734 0.047955695539712906 0.9976152181625366";
    scale = "1.0000001192092896 1.0000001192092896 1.0";
    decalType = "Collision Mesh";
    collisionType = "Collision Mesh";
  };

  new TSStatic() {
    shapeName = "levels/rls_west_coast_usa/art/shapes/objects/tunnel_ventilation_housing.dae";
    position = "-950.623046875 -924.6688842773438 125.31861114501953";
    rotationMatrix = "-0.0697278156876564 -0.996286153793335 0.05051642656326294 0.9975542426109314 -0.06988377124071121 -0.0013255137018859386 0.004850869532674551 0.05030044913291931 0.9987223744392395";
    scale = "1.0000001192092896 1.0000001192092896 1.0";
    decalType = "Collision Mesh";
    collisionType = "Collision Mesh";
  };

  new TSStatic() {
    shapeName = "levels/rls_west_coast_usa/art/shapes/objects/tunnel_ventilation_housing.dae";
    position = "-855.9412841796875 -914.5858154296875 126.04354095458984";
    rotationMatrix = "0.2629876136779785 -0.9632292985916138 0.05501682683825493 0.9643594622612 0.26416149735450745 0.015149934217333794 -0.029126185923814774 0.04907175153493881 0.9983704686164856";
    scale = "1.0000001192092896 1.0000001192092896 1.0";
    decalType = "Collision Mesh";
    collisionType = "Collision Mesh";
  };

  new TSStatic() {
    shapeName = "levels/rls_west_coast_usa/art/shapes/objects/tunnel_ventilation_housing.dae";
    position = "-768.7363891601562 -876.4879150390625 130.27430725097656";
    rotationMatrix = "0.5184184908866882 -0.8547378778457642 0.02579626441001892 0.8530621528625488 0.5190263986587524 0.053820040076971054 -0.05939096957445145 -0.005895487032830715 0.9982174038887024";
    scale = "1.0000001192092896 1.0000001192092896 1.0";
    decalType = "Collision Mesh";
    collisionType = "Collision Mesh";
  };

  new TSStatic() {
    shapeName = "levels/rls_west_coast_usa/art/shapes/objects/tunnel_ventilation_housing.dae";
    position = "-409.4912414550781 567.7858276367188 80.97840881347656";
    rotationMatrix = "0.7195767760276794 -0.6923069357872009 0.05403996631503105 0.6937075257301331 0.7201725840568542 -0.011017010547220707 -0.03129094839096069 0.04541551694273949 0.9984779953956604";
    scale = "1.0 1.0 1.0";
    decalType = "Collision Mesh";
    collisionType = "Collision Mesh";
  };

  new TSStatic() {
    shapeName = "levels/rls_west_coast_usa/art/shapes/objects/tunnel_ventilation_housing.dae";
    position = "-452.9498596191406 487.1844482421875 81.03267669677734";
    rotationMatrix = "0.9878814220428467 0.1454991102218628 0.05403996258974075 -0.14511330425739288 0.9893537163734436 -0.011017009615898132 -0.055067602545022964 0.0030415814835578203 0.9984779953956604";
    scale = "1.0 1.0 1.0";
    decalType = "Collision Mesh";
    collisionType = "Collision Mesh";
  };

  new TSStatic() {
    shapeName = "levels/rls_west_coast_usa/art/shapes/objects/tunnel_ventilation_housing.dae";
    position = "-406.36541748046875 404.66650390625 81.01295471191406";
    rotationMatrix = "0.8544295430183411 0.5167492628097534 0.054039958864450455 -0.5169637799263 0.8559363484382629 -0.011017010547220707 -0.05194779857993126 -0.01852344162762165 0.9984779953956604";
    scale = "1.0 1.0 1.0";
    decalType = "Collision Mesh";
    collisionType = "Collision Mesh";
  };

  new TSStatic() {
    shapeName = "levels/rls_west_coast_usa/art/shapes/objects/tunnel_ventilation_housing.dae";
    position = "-373.4566345214844 314.8061218261719 81.03544616699219";
    rotationMatrix = "0.9474976658821106 0.3151632249355316 0.054039955139160156 -0.3150394558906555 0.9490146040916443 -0.011017011478543282 -0.05475686490535736 -0.006586125120520592 0.9984779953956604";
    scale = "1.0 1.0 1.0";
    decalType = "Collision Mesh";
    collisionType = "Collision Mesh";
  };

  new TSStatic() {
    shapeName = "levels/rls_west_coast_usa/art/shapes/objects/tunnel_ventilation_housing.dae";
    position = "-309.7910461425781 251.0411376953125 80.87077331542969";
    rotationMatrix = "0.22896496951580048 0.9719334840774536 0.054039958864450455 -0.9731598496437073 0.2298664152622223 -0.011017011478543282 -0.023129774257540703 -0.050067007541656494 0.9984779953956604";
    scale = "1.0 1.0 1.0";
    decalType = "Collision Mesh";
    collisionType = "Collision Mesh";
  };

  new TSStatic() {
    shapeName = "levels/rls_west_coast_usa/art/shapes/objects/tunnel_ventilation_housing.dae";
    position = "-214.801025390625 257.98089599609375 80.45659637451172";
    rotationMatrix = "-0.1538919061422348 0.9866088032722473 0.054039955139160156 -0.9880843162536621 -0.15351861715316772 -0.01101701334118843 -0.0025733429938554764 -0.05509146302938461 0.9984779953956604";
    scale = "1.0 1.0 1.0";
    decalType = "Collision Mesh";
    collisionType = "Collision Mesh";
  };

  new TSStatic() {
    shapeName = "levels/rls_west_coast_usa/art/shapes/objects/tunnel_ventilation_housing.dae";
    position = "-119.5781021118164 257.0134582519531 80.39017486572266";
    rotationMatrix = "0.2263190746307373 0.972553014755249 0.05403995141386986 -0.9737817645072937 0.2272171825170517 -0.01101701520383358 -0.022993436083197594 -0.050129760056734085 0.9984779953956604";
    scale = "1.0 1.0 1.0";
    decalType = "Collision Mesh";
    collisionType = "Collision Mesh";
  };

  new TSStatic() {
    shapeName = "levels/rls_west_coast_usa/art/shapes/objects/tunnel_ventilation_housing.dae";
    position = "-30.477569580078125 221.8947296142578 80.39017486572266";
    rotationMatrix = "0.42353397607803345 0.904266893863678 0.05403995141386986 -0.905282199382782 0.4246678948402405 -0.01101701520383358 -0.032911352813243866 -0.044255323708057404 0.9984779953956604";
    scale = "1.0 1.0 1.0";
    decalType = "Collision Mesh";
    collisionType = "Collision Mesh";
  };

  new TSStatic() {
    shapeName = "levels/rls_west_coast_usa/art/shapes/objects/tunnel_ventilation_housing.dae";
    position = "61.126251220703125 196.55743408203125 80.33566284179688";
    rotationMatrix = "-0.01775914430618286 0.9983808398246765 0.05403995141386986 -0.9997915625572205 -0.01718791387975216 -0.01101701520383358 -0.01007034257054329 -0.05422434210777283 0.9984779953956604";
    scale = "1.0 1.0 1.0";
    decalType = "Collision Mesh";
    collisionType = "Collision Mesh";
  };

  new TSStatic() {
    shapeName = "levels/rls_west_coast_usa/art/shapes/objects/tunnel_ventilation_housing.dae";
    position = "149.15711975097656 228.81626892089844 80.31929779052734";
    rotationMatrix = "-0.6794387698173523 0.7317394614219666 0.05403995141386986 -0.7331713438034058 -0.6799547076225281 -0.011017016135156155 0.02868313528597355 -0.04710593447089195 0.9984779953956604";
    scale = "1.0 1.0 1.0";
    decalType = "Collision Mesh";
    collisionType = "Collision Mesh";
  };

  new TSStatic() {
    shapeName = "levels/rls_west_coast_usa/art/shapes/objects/tunnel_ventilation_housing.dae";
    position = "180.42974853515625 315.0290222167969 80.41129302978516";
    rotationMatrix = "-0.9768204092979431 -0.20712684094905853 0.05403995141386986 0.20683406293392181 -0.9783139824867249 -0.01101701706647873 0.05514996126294136 0.00041565552237443626 0.9984779953956604";
    scale = "1.0 1.0 1.0";
    decalType = "Collision Mesh";
    collisionType = "Collision Mesh";
  };

  new TSStatic() {
    shapeName = "levels/rls_west_coast_usa/art/shapes/objects/tunnel_ventilation_housing.dae";
    position = "123.80422973632812 389.28546142578125 80.7012710571289";
    rotationMatrix = "-0.5546932816505432 -0.8302981853485107 0.054039955139160156 0.8311313986778259 -0.5559669733047485 -0.01101701706647873 0.0391918383538723 0.03880323842167854 0.9984779953956604";
    scale = "1.0 1.0 1.0";
    decalType = "Collision Mesh";
    collisionType = "Collision Mesh";
  };

  new TSStatic() {
    shapeName = "levels/rls_west_coast_usa/art/shapes/objects/tunnel_ventilation_housing.dae";
    position = "41.95391845703125 439.51873779296875 80.75382995605469";
    rotationMatrix = "-0.5663434267044067 -0.8223957419395447 0.054039955139160156 0.8232108950614929 -0.5676287412643433 -0.01101701706647873 0.03973498195409775 0.038246866315603256 0.9984779953956604";
    scale = "1.0 1.0 1.0";
    decalType = "Collision Mesh";
    collisionType = "Collision Mesh";
  };

  new TSStatic() {
    shapeName = "levels/rls_west_coast_usa/art/shapes/objects/tunnel_ventilation_housing.dae";
    position = "-0.8752362728118896 371.8697509765625 106.92733001708984";
    rotationMatrix = "0.7775352597236633 0.6288393139839172 0.0 -0.6287550926208496 0.7774311304092407 0.01636512018740177 0.010291030630469322 -0.012724458239972591 0.9998660683631897";
    scale = "1.0 1.0 1.0";
    decalType = "Collision Mesh";
    collisionType = "Collision Mesh";
  };

  new TSStatic() {
    shapeName = "levels/rls_west_coast_usa/art/shapes/objects/tunnel_ventilation_housing.dae";
    position = "23.932571411132812 281.1778564453125 104.16071319580078";
    rotationMatrix = "0.9972447752952576 -0.07418087124824524 0.0 0.0741671547293663 0.9970603585243225 0.019231360405683517 -0.0014265991048887372 -0.019178375601768494 0.999815046787262";
    scale = "1.0 1.0 1.0";
    decalType = "Collision Mesh";
    collisionType = "Collision Mesh";
  };

  new TSStatic() {
    shapeName = "levels/rls_west_coast_usa/art/shapes/objects/tunnel_ventilation_housing.dae";
    position = "12.718765258789062 185.94869995117188 101.44377899169922";
    rotationMatrix = "0.9894670248031616 -0.14475858211517334 -4.656612873077393e-10 0.144682839512825 0.9889493584632874 0.0323425829410553 -0.004681865684688091 -0.03200191631913185 0.9994768500328064";
    scale = "1.0 1.0 1.0";
    decalType = "Collision Mesh";
    collisionType = "Collision Mesh";
  };

  new TSStatic() {
    shapeName = "levels/rls_west_coast_usa/art/shapes/objects/tunnel_ventilation_housing.dae";
    position = "-21.758129119873047 98.49259948730469 97.24699401855469";
    rotationMatrix = "0.6644586324691772 -0.74732506275177 1.862645149230957e-09 0.7462590336799622 0.663510799407959 0.053393617272377014 -0.03990238904953003 -0.03547784686088562 0.9985735416412354";
    scale = "1.0 1.0 1.0";
    decalType = "Collision Mesh";
    collisionType = "Collision Mesh";
  };

  new TSStatic() {
    shapeName = "levels/rls_west_coast_usa/art/shapes/objects/tunnel_ventilation_housing.dae";
    position = "-108.64071655273438 103.34928131103516 92.02339935302734";
    rotationMatrix = "-0.7538161277770996 -0.6570854187011719 -4.656612873077393e-10 0.6560734510421753 -0.7526551485061646 0.05547872185707092 -0.03645426034927368 0.04182075336575508 0.9984598755836487";
    scale = "1.0 1.0 1.0";
    decalType = "Collision Mesh";
    collisionType = "Collision Mesh";
  };

  new TSStatic() {
    shapeName = "levels/rls_west_coast_usa/art/shapes/objects/tunnel_ventilation_housing.dae";
    position = "-122.5898208618164 148.279296875 88.04337310791016";
    rotationMatrix = "-0.9999549984931946 -0.009486445225775242 0.0 0.009446161799132824 -0.9957087635993958 0.09205888956785202 -0.0008733115973882377 0.09205474704504013 0.9957535862922668";
    scale = "1.0 1.0 1.0";
    decalType = "Collision Mesh";
    collisionType = "Collision Mesh";
  };

  new TSStatic() {
    shapeName = "levels/rls_west_coast_usa/art/shapes/objects/tunnel_ventilation_housing.dae";
    position = "-64.29856872558594 208.54571533203125 81.98931884765625";
    rotationMatrix = "-0.12185870856046677 0.9925474524497986 0.0 -0.9925474524497986 -0.12185870856046677 0.0 0.0 0.0 1.0";
    scale = "1.0 1.0 1.0";
    decalType = "Collision Mesh";
    collisionType = "Collision Mesh";
  };

  new TSStatic() {
    shapeName = "levels/rls_west_coast_usa/art/shapes/objects/tunnel_ventilation_housing.dae";
    position = "30.002098083496094 194.29330444335938 80.58564758300781";
    rotationMatrix = "0.14905774593353271 0.9888284802436829 0.0 -0.9888284802436829 0.14905774593353271 0.0 0.0 -0.0 1.0";
    scale = "1.0 1.0 1.0";
    decalType = "Collision Mesh";
    collisionType = "Collision Mesh";
  };

  new TSStatic() {
    shapeName = "levels/rls_west_coast_usa/art/shapes/objects/tunnel_ventilation_housing.dae";
    position = "-130.45750427246094 185.35731506347656 85.63353729248047";
    rotationMatrix = "-0.9894065856933594 -0.14517079293727875 0.0 0.14478516578674316 -0.9867783784866333 0.07284007221460342 -0.010574250482022762 0.07206845283508301 0.9973436594009399";
    scale = "1.0 1.0 1.0";
    decalType = "Collision Mesh";
    collisionType = "Collision Mesh";
  };

  new TSStatic() {
    shapeName = "levels/rls_west_coast_usa/art/shapes/objects/tunnel_ventilation_housing.dae";
    position = "-191.24237060546875 243.67185974121094 80.17713165283203";
    rotationMatrix = "-0.03751498460769653 -0.9992960691452026 -0.0 0.9992960691452026 -0.03751498460769653 0.0 -0.0 0.0 1.0";
    scale = "1.0 1.0 1.0";
    decalType = "Collision Mesh";
    collisionType = "Collision Mesh";
  };

  new TSStatic() {
    shapeName = "levels/rls_west_coast_usa/art/shapes/objects/tunnel_ventilation_housing.dae";
    position = "-287.0653381347656 239.3890838623047 80.96472930908203";
    rotationMatrix = "-0.022738447412848473 -0.9997414350509644 -0.0 0.9997414350509644 -0.022738447412848473 0.0 -0.0 0.0 1.0";
    scale = "1.0 1.0 1.0";
    decalType = "Collision Mesh";
    collisionType = "Collision Mesh";
  };

  new TSStatic() {
    shapeName = "levels/rls_west_coast_usa/art/shapes/objects/tunnel_ventilation_housing.dae";
    position = "4.457173824310303 296.6235046386719 103.92813873291016";
    rotationMatrix = "-0.9558572769165039 0.29383131861686707 0.0 -0.2934657037258148 -0.954667866230011 -0.049871038645505905 -0.014653672464191914 -0.04766959324479103 0.998755693435669";
    scale = "1.0 1.0 1.0";
    decalType = "Collision Mesh";
    collisionType = "Collision Mesh";
  };

  new TSStatic() {
    shapeName = "levels/rls_west_coast_usa/art/shapes/objects/tunnel_ventilation_housing.dae";
    position = "-76.09424591064453 265.37017822265625 96.2773208618164";
    rotationMatrix = "0.22525738179683685 0.9742993116378784 0.0 -0.9716054201126099 0.2246345579624176 -0.07431171834468842 -0.07240185886621475 0.016739264130592346 0.9972350597381592";
    scale = "1.0 1.0 1.0";
    decalType = "Collision Mesh";
    collisionType = "Collision Mesh";
  };

  new TSStatic() {
    shapeName = "levels/rls_west_coast_usa/art/shapes/objects/tunnel_ventilation_housing.dae";
    position = "-169.1947479248047 283.9854736328125 89.42247009277344";
    rotationMatrix = "-0.010664725676178932 0.9999431371688843 -7.275400421002942e-11 -0.9979190230369568 -0.010643137618899345 -0.06359545886516571 -0.0635918453335762 -0.0006782280397601426 0.997975766658783";
    scale = "1.0 1.0 1.0";
    decalType = "Collision Mesh";
    collisionType = "Collision Mesh";
  };

  new TSStatic() {
    shapeName = "levels/rls_west_coast_usa/art/shapes/objects/tunnel_ventilation_housing.dae";
    position = "-263.8802490234375 269.13763427734375 84.20856475830078";
    rotationMatrix = "-0.10392510145902634 0.9945850968360901 4.656613428188905e-10 -0.9934018850326538 -0.10380145907402039 -0.04876471310853958 -0.0485006608068943 -0.005067878402769566 0.9988102912902832";
    scale = "1.0 1.0 1.0";
    decalType = "Collision Mesh";
    collisionType = "Collision Mesh";
  };

  new TSStatic() {
    shapeName = "levels/rls_west_coast_usa/art/shapes/objects/tunnel_ventilation_housing.dae";
    position = "-346.8916320800781 304.1495666503906 81.29273986816406";
    rotationMatrix = "0.8377993106842041 0.5459783673286438 0.0 -0.5459783673286438 0.8377993106842041 0.0 0.0 -0.0 1.0";
    scale = "1.0 1.0 1.0";
    decalType = "Collision Mesh";
    collisionType = "Collision Mesh";
  };

  new TSStatic() {
    shapeName = "levels/rls_west_coast_usa/art/shapes/objects/tunnel_ventilation_housing.dae";
    position = "96.76299285888672 381.72186279296875 81.78532409667969";
    rotationMatrix = "0.648640513420105 0.7610949277877808 0.0 -0.759570837020874 0.6473416090011597 -0.06325332075357437 -0.04814177751541138 0.04102866351604462 0.997997522354126";
    scale = "1.0 1.0 1.0";
