//--- OBJECT WRITE BEGIN ---
$ThisPrefab = new SimGroup() {
   canSave = "1";
   canSaveDynamicFields = "1";
      groupPosition = "0 0 0";

   new BeamNGVehicle() {
      JBeam = "cardboard_box";
      color = "White";
      colorPalette0 = "White";
      colorPalette1 = "White";
      metallicPaintData[0] = "0.200000003 0.5 0.800000012 0";
      metallicPaintData[1] = "0.200000003 0.5 0.800000012 0";
      metallicPaintData[2] = "0.200000003 0.5 0.800000012 0";
      metallicPaintData[3] = "1 1 1 1";
      partConfig = "vehicles/cardboard_box/small.pc";
      renderDistance = "500";
      renderFade = "0.100000001";
      dataBlock = "default_vehicle";
      position = "-292.567413 -792.573486 138.015762";
      rotationMatrix = "-0.574179769 -0.818513811 -0.0187993888 0.818569958 -0.574369907 0.00656154752 -0.0161685143 -0.0116211064 0.999801755";
      annotation = "CAR";
      internalName = "cargo";
      canSave = "1";
      canSaveDynamicFields = "1";
         autoEnterVehicle = "true";
   };
   new BeamNGVehicle() {
      JBeam = "cardboard_box";
      color = "White";
      colorPalette0 = "White";
      colorPalette1 = "White";
      metallicPaintData[0] = "0.200000003 0.5 0.800000012 0";
      metallicPaintData[1] = "0.200000003 0.5 0.800000012 0";
      metallicPaintData[2] = "0.200000003 0.5 0.800000012 0";
      metallicPaintData[3] = "1 1 1 1";
      partConfig = "vehicles/cardboard_box/small.pc";
      renderDistance = "500";
      renderFade = "0.100000001";
      dataBlock = "default_vehicle";
      position = "-292.337402 -793.067139 137.909866";
      rotationMatrix = "0.818570018 -0.574369371 0.0065615545 0.574179232 0.818513811 0.0187993869 -0.0161685124 -0.0116211083 0.999801755";
      annotation = "CAR";
      internalName = "cargo";
      canSave = "1";
      canSaveDynamicFields = "1";
         autoEnterVehicle = "true";
   };
   new BeamNGVehicle() {
      JBeam = "cardboard_box";
      color = "White";
      colorPalette0 = "White";
      colorPalette1 = "White";
      metallicPaintData[0] = "0.200000003 0.5 0.800000012 0";
      metallicPaintData[1] = "0.200000003 0.5 0.800000012 0";
      metallicPaintData[2] = "0.200000003 0.5 0.800000012 0";
      metallicPaintData[3] = "1 1 1 1";
      partConfig = "vehicles/cardboard_box/small.pc";
      renderDistance = "500";
      renderFade = "0.100000001";
      dataBlock = "default_vehicle";
      position = "-292.2742 -792.572266 137.685425";
      rotationMatrix = "-0.0161688328 -0.0116212368 0.999801993 -0.574179471 -0.818514109 -0.0187995136 0.818570137 -0.57436955 0.0065612793";
      annotation = "CAR";
      internalName = "cargo";
      canSave = "1";
      canSaveDynamicFields = "1";
         autoEnterVehicle = "true";
   };
   new BeamNGVehicle() {
      JBeam = "cardboard_box";
      color = "White";
      colorPalette0 = "White";
      colorPalette1 = "White";
      metallicPaintData[0] = "0.200000003 0.5 0.800000012 0";
      metallicPaintData[1] = "0.200000003 0.5 0.800000012 0";
      metallicPaintData[2] = "0.200000003 0.5 0.800000012 0";
      metallicPaintData[3] = "1 1 1 1";
      partConfig = "vehicles/cardboard_box/small.pc";
      renderDistance = "500";
      renderFade = "0.100000001";
      dataBlock = "default_vehicle";
      position = "-292.466827 -792.437317 137.686996";
      rotationMatrix = "-0.0161688328 -0.0116212368 0.999801993 -0.574179471 -0.818514109 -0.0187995136 0.818570137 -0.57436955 0.0065612793";
      annotation = "CAR";
      internalName = "cargo";
      canSave = "1";
      canSaveDynamicFields = "1";
         autoEnterVehicle = "true";
   };
   new BeamNGVehicle() {
      JBeam = "cardboard_box";
      color = "White";
      colorPalette0 = "White";
      colorPalette1 = "White";
      metallicPaintData[0] = "0.200000003 0.5 0.800000012 0";
      metallicPaintData[1] = "0.200000003 0.5 0.800000012 0";
      metallicPaintData[2] = "0.200000003 0.5 0.800000012 0";
      metallicPaintData[3] = "1 1 1 1";
      partConfig = "vehicles/cardboard_box/small.pc";
      renderDistance = "500";
      renderFade = "0.100000001";
      dataBlock = "default_vehicle";
      position = "-292.659119 -792.30304 137.68808";
      rotationMatrix = "-0.0161688328 -0.0116212368 0.999801993 -0.574179471 -0.818514109 -0.0187995136 0.818570137 -0.57436955 0.0065612793";
      annotation = "CAR";
      internalName = "cargo";
      canSave = "1";
      canSaveDynamicFields = "1";
         autoEnterVehicle = "true";
   };
   new BeamNGVehicle() {
      JBeam = "cardboard_box";
      color = "White";
      colorPalette0 = "White";
      colorPalette1 = "White";
      metallicPaintData[0] = "0.200000003 0.5 0.800000012 0";
      metallicPaintData[1] = "0.200000003 0.5 0.800000012 0";
      metallicPaintData[2] = "0.200000003 0.5 0.800000012 0";
      metallicPaintData[3] = "1 1 1 1";
      partConfig = "vehicles/cardboard_box/large.pc";
      renderDistance = "500";
      renderFade = "0.100000001";
      dataBlock = "default_vehicle";
      position = "-292.863159 -792.823914 137.673874";
      rotationMatrix = "-0.567244768 -0.823260784 -0.0218110718 0.823417068 -0.567429781 0.00291889813 -0.0147792585 -0.0163038746 0.999757826";
      annotation = "CAR";
      internalName = "cargo";
      canSave = "1";
      canSaveDynamicFields = "1";
         autoEnterVehicle = "true";
   };
   new BeamNGVehicle() {
      JBeam = "cardboard_box";
      color = "White";
      colorPalette0 = "White";
      colorPalette1 = "White";
      metallicPaintData[0] = "0.200000003 0.5 0.800000012 0";
      metallicPaintData[1] = "0.200000003 0.5 0.800000012 0";
      metallicPaintData[2] = "0.200000003 0.5 0.800000012 0";
      metallicPaintData[3] = "1 1 1 1";
      partConfig = "vehicles/cardboard_box/small.pc";
      renderDistance = "500";
      renderFade = "0.100000001";
      dataBlock = "default_vehicle";
      position = "-291.80722 -792.899353 137.681992";
      rotationMatrix = "-0.818570256 0.57436949 -0.00656157406 -0.574179351 -0.818514109 -0.0187995918 -0.0161686484 -0.011621261 0.999801755";
      annotation = "CAR";
      internalName = "cargo";
      canSave = "1";
      canSaveDynamicFields = "1";
         autoEnterVehicle = "true";
   };
   new BeamNGVehicle() {
      JBeam = "pigeon";
      color = "0.0500000007 0.5 0.699999988 1.20000005";
      colorPalette0 = "0.0500000007 0.5 0.699999988 1.20000005";
      colorPalette1 = "0.0500000007 0.5 0.699999988 1.20000005";
      metallicPaintData[0] = "0 1 1 0.0599999987";
      metallicPaintData[1] = "0 1 1 0.0599999987";
      metallicPaintData[2] = "0 1 1 0.0599999987";
      metallicPaintData[3] = "1 1 1 1";
      partConfig = "vehicles/pigeon/base_4w.pc";
      renderDistance = "500";
      renderFade = "0.100000001";
      dataBlock = "default_vehicle";
      position = "-293.547699 -793.880249 137.297852";
      rotationMatrix = "0.826286077 -0.563250542 0.000521033537 0.563150525 0.826156139 0.0180992391 -0.0106248595 -0.0146617303 0.999836087";
      annotation = "CAR";
      internalName = "deplayer";
      canSave = "1";
      canSaveDynamicFields = "1";
         autoEnterVehicle = "true";
         licenseDesign = "vehicles/common/licenseplates/west_coast_usa/licensePlate-default.json";
         licenseFormats = "[\"30-15\"]";

   };
};
//--- OBJECT WRITE END ---

















