{"class":"TSStatic","__parent":"Boat Race","position":[-584.515381,900.657104,68.8189621],"hidden":true,"isRenderEnabled":false,"rotationMatrix":[0.934679687,-0.355490983,0,0.355490983,0.934679687,0,0,0,1],"scale":[2.78324699,1,3.34002686],"shapeName":"/levels/west_coast_usa/art/shapes/objects/featherflag_beamng.dae","useInstanceRenderData":true}
{"class":"TSStatic","__parent":"Boat Race","position":[-569.611572,893.18866,68.8189621],"hidden":true,"isRenderEnabled":false,"rotationMatrix":[-0.899065614,0.437814534,0,-0.437814534,-0.899065614,0,0,0,1],"scale":[2.78324699,1,3.34002686],"shapeName":"/levels/west_coast_usa/art/shapes/objects/featherflag_beamng.dae","useInstanceRenderData":true}
{"name":"fre_start_boatRace","class":"BeamNGTrigger","__parent":"Boat Race","position":[-576.239624,898.577576,68.7479401],"hidden":true,"luaFunction":"onBeamNGTrigger","rotationMatrix":[0.908167183,-0.418606013,0.0011906065,0.418189853,0.907129943,-0.0472497083,0.0186989736,0.0434085317,0.998882413],"scale":[10.4643908,3.19852829,20.031044]}
{"name":"boatRace","class":"DecalRoad","persistentId":"9277db29-5cf2-4fd3-8b8c-09511b1dafb8","__parent":"Boat Race","position":[-576.469849,898.173096,65.4581604],"hidden":true,"improvedSpline":true,"material":"BlankWhite","nodes":[[-576.469849,898.173096,65.4581604,5],[-569.702759,911.378052,61.3616447,5],[-556.202881,936.446899,54.0232162,5],[-542.131409,974.666992,42.5947723,5],[-523.53009,985.912292,39.3256454,5],[-510.394928,987.1474,39.8717575,5],[-494.966095,973.190063,43.7717438,5],[-481.345764,961.483826,46.8463058,5],[-461.605133,955.837769,46.3313065,5],[-436.426514,966.079834,43.2533836,5],[-407.435669,985.670044,36.1425362,5],[-378.998901,974.703674,36.1640511,5],[-381.021942,935.151917,36.0120964,5],[-419.648865,892.9599,57.5522804,5],[-442.515991,875.133606,64.858284,5],[-473.463928,875.820862,66.9093399,5],[-506.686066,890.896301,65.6523438,5],[-527.078918,889.320618,66.0211029,5],[-545.425232,877.878357,67.2714996,5],[-559.820312,871.807434,68.1332321,5],[-577.010193,874.397949,68.8634644,5],[-585.621033,880.033325,68.9179459,5],[-582.108154,887.936279,67.8701706,5],[-578.340393,893.804077,66.6483002,5]]}
{"name":"fre_staging_boatRace","class":"BeamNGTrigger","__parent":"Boat Race","position":[-577.176392,896.618835,68.6930542],"hidden":true,"luaFunction":"onBeamNGTrigger","rotationMatrix":[0.908167183,-0.418606013,0.0011906065,0.418189853,0.907129943,-0.0472497083,0.0186989736,0.0434085317,0.998882413],"scale":[10.4643908,3.19852829,20.031044]}
