{"class":"DecalRoad","persistentId":"1168e62c-b3c5-4f96-bb80-a381700fce84","__parent":"SimGroup_","position":[333.911743,108.182045,126.532806],"improvedSpline":true,"material":"BlankWhite","nodes":[[333.911743,108.182045,126.532806,0.200000003],[316.077606,135.456726,127.090614,0.200000003],[318.647522,153.302567,128.415405,0.200000003],[331.385437,167.799698,128.816147,0.200000003]]}
{"class":"DecalRoad","persistentId":"1568cf53-ba03-4160-93e9-b4c1eb052287","__parent":"SimGroup_","position":[345.220001,42.8858643,126.532806],"distanceFade":[1,1],"drivability":1,"improvedSpline":true,"looped":true,"material":"road_dirt_tracks","nodes":[[345.220001,42.8858643,126.532806,9],[355.519379,42.7061005,127.176971,9],[371.224121,46.3638077,127.695068,7],[379.440613,57.0097237,127.408546,7],[378.175629,69.3306122,126.532806,7],[365.810364,85.2550278,126.532806,7],[331.683105,127.871971,126.532806,7],[325.110413,150.799911,127.378296,7],[347.479462,173.128159,128.26918,7],[368.129028,183.373932,128.263489,7],[385.055328,185.686646,128.247223,7],[401.517975,183.664627,128.226852,7],[413.950714,178.6716,127.859505,7],[419.459747,170.702026,127.426178,7],[410.445129,157.620148,126.532806,10],[396.796509,145.697906,126.532806,12],[370.996368,126.059441,126.532806,12],[328.051514,95.1630325,126.532806,9],[290.876526,86.7624664,126.532806,9],[245.06749,87.0044327,127.754669,9],[223.034683,76.3607635,128.089127,7],[215.728775,64.0839462,127.647827,7],[221.062424,46.2672653,126.532806,7],[226.365875,33.0279922,126.532806,7],[237.969467,12.1940155,126.532806,7],[252.54274,12.4011688,126.532806,7],[282.852173,49.5436287,126.532806,9],[304.208221,51.6093674,126.532806,9],[331.091278,45.0187111,126.532806,9]],"overObjects":true,"renderPriority":1,"textureLength":75}
{"class":"DecalRoad","persistentId":"2289f19b-ef97-42f2-907b-5e0e4de250de","__parent":"SimGroup_","position":[366.520111,122.821442,126.532806],"improvedSpline":true,"material":"road_invisible","nodes":[[366.520111,122.821442,126.532806,0.200000003],[359.56308,117.316368,126.532806,0.200000003],[346.408722,106.735748,126.532806,0.200000003],[333.340088,97.2934265,126.532806,0.200000003]]}
{"class":"DecalRoad","persistentId":"28cdd0bf-53e9-472f-a7f9-4e468eeaf5d8","__parent":"SimGroup_","position":[307.976868,86.8302078,126.532806],"improvedSpline":true,"material":"road_invisible","nodes":[[307.976868,86.8302078,126.532806,0.200000003],[295.690002,85.0486145,126.532806,0.200000003],[282.69812,84.6983185,126.532806,0.200000003],[268.718994,84.6662598,126.532806,0.200000003],[253.035812,84.4947052,126.855804,0.200000003]]}
{"class":"DecalRoad","persistentId":"391a8363-837c-422b-be18-10e5f6065aaa","__parent":"SimGroup_","position":[416.494232,152.406174,126.532806],"improvedSpline":true,"material":"BlankWhite","nodes":[[416.494232,152.406174,126.532806,0.200000003],[382.58316,126.454224,126.532806,0.200000003],[333.529633,88.3542099,126.532806,0.200000003],[298.532471,77.3468399,126.532806,0.200000003],[266.894318,76.5005188,126.532806,0.200000003],[232.463303,75.3001251,127.399139,0.200000003],[221.229965,66.3370285,127.415474,0.200000003],[222.757858,57.2857857,126.656258,0.200000003]]}
{"class":"DecalRoad","persistentId":"67615086-1ee5-43ba-a66f-2628cd862114","__parent":"SimGroup_","position":[223.702713,55.1717911,126.532806],"improvedSpline":true,"material":"BlankWhite","nodes":[[223.702713,55.1717911,126.532806,0.200000003],[231.52417,37.5553513,126.532806,0.200000003],[244.132843,15.5031433,126.532806,0.200000003],[254.307159,21.0319748,126.532806,0.200000003],[272.132172,45.3221626,126.532806,0.200000003],[288.554291,61.8567657,126.532806,0.200000003],[310.773743,60.5815506,126.532806,0.200000003],[346.352905,51.8360596,126.532806,0.200000003],[369.191925,50.1203117,127.524254,0.200000003],[374.487579,60.92453,126.958282,0.200000003],[357.245605,82.1144943,126.532806,0.200000003],[345.948425,95.0835648,126.532806,0.200000003]]}
{"class":"DecalRoad","persistentId":"84a9b217-b7cb-4fa8-a662-20f292f4ed76","__parent":"SimGroup_","position":[345.942322,116.87458,126.532806],"improvedSpline":true,"material":"checkered_line_alt","nodes":[[345.942322,116.87458,126.532806,0.5],[334.774811,108.023529,126.532806,0.5]]}
{"class":"DecalRoad","persistentId":"855a88af-0f8a-4681-a9ec-62f64b8ce49a","__parent":"SimGroup_","position":[254.236359,11.5630646,126.532806],"improvedSpline":true,"material":"road_invisible","nodes":[[254.236359,11.5630646,126.532806,0.200000003],[263.640076,23.8347397,126.532806,0.200000003],[279.076141,45.2750473,126.532806,0.200000003]]}
{"class":"DecalRoad","persistentId":"8b413a75-ec6c-4b3b-9fb9-52b4bc63eaf9","__parent":"SimGroup_","position":[406.027466,162.735123,126.532806],"improvedSpline":true,"material":"BlankWhite","nodes":[[406.027466,162.735123,126.532806,0.200000003],[331.998871,104.777,126.532806,0.200000003],[304.349365,92.7684937,126.532806,0.200000003],[283.270538,91.1288681,126.532806,0.200000003],[253.736511,92.8205414,127.506416,0.200000003],[231.849091,89.1380844,128.59343,0.200000003],[209.427139,67.5620728,128.42128,0.200000003],[223.650345,25.9479599,126.532806,0.200000003],[243.087128,-2.53036499,126.532806,0.200000003],[263.166443,12.5862274,126.532806,0.200000003],[284.867157,43.2354736,126.532806,0.200000003],[309.636719,44.5310059,126.532806,0.200000003],[356.651672,34.3751221,128.03775,0.200000003],[382.681122,47.0895691,128.637238,0.200000003],[385.872223,65.8029327,127.277321,0.200000003],[368.113007,89.228302,126.532806,0.200000003],[356.778259,103.705322,126.532806,0.200000003]]}
{"class":"DecalRoad","persistentId":"c97b7e87-d6ee-40be-ae0c-bf27c2e148d2","__parent":"SimGroup_","position":[346.831299,115.901031,126.532806],"improvedSpline":true,"material":"BlankWhite","nodes":[[346.831299,115.901031,126.532806,0.200000003],[343.201843,121.15947,126.532806,0.200000003],[329.133545,138.851883,126.553719,0.200000003],[330.006714,152.77774,127.649788,0.200000003],[349.136353,169.771378,127.847908,0.200000003],[370.792816,180.741531,127.845398,0.200000003],[395.14743,181.223419,127.782272,0.200000003],[414.240234,172.708771,127.732018,0.200000003],[408.363312,164.282883,126.65239,0.200000003]]}
{"class":"DecalRoad","persistentId":"e9016db0-5b0e-4c4c-954b-690799cdc9fe","__parent":"SimGroup_","position":[417.979706,153.417175,126.541252],"improvedSpline":true,"material":"BlankWhite","nodes":[[417.979706,153.417175,126.541252,0.200000003],[422.631287,157.577362,127.158997,0.200000003],[429.567047,165.945984,128.280899,0.200000003],[427.564301,174.268204,128.695801,0.200000003]]}
{"name":"SimGroup_","class":"SimGroup","persistentId":"8efaf265-f861-40dc-b82d-b89a585dcac9","groupPosition":"317.05162417199 87.018567570924 126.92505921608"}
{"class":"TSStatic","persistentId":"000ba269-55e0-4f59-b841-72ed5f2a274d","__parent":"SimGroup_","position":[377.009033,78.8279343,126.532806],"isRenderEnabled":false,"rotationMatrix":[-0.644130945,0.764915168,1.72558386e-16,-0.764915168,-0.644130945,1.47917926e-17,1.22464672e-16,-1.22464685e-16,1],"shapeName":"/levels/west_coast_usa/art/shapes/objects/barrierfence_plain.dae","useInstanceRenderData":true}
{"class":"TSStatic","persistentId":"000bab12-593b-43db-815f-d6e7f4f7dec9","__parent":"SimGroup_","position":[355.688568,174.026382,127.833031],"isRenderEnabled":false,"rotationMatrix":[0.855684161,0.517498076,-0.000630894676,-0.514520109,0.850889444,0.106095262,0.0554409176,-0.0904594287,0.994355798],"shapeName":"/levels/west_coast_usa/art/shapes/objects/barrierfence_plain.dae","useInstanceRenderData":true}
{"class":"TSStatic","persistentId":"01132b67-dcf3-4639-ae7d-5223ecfffc51","__parent":"SimGroup_","position":[317.296967,96.195137,126.532806],"isRenderEnabled":false,"rotationMatrix":[-0.924024582,-0.382332981,6.63380918e-17,0.382332981,-0.924024582,-1.5998266e-16,1.22464685e-16,-1.22464685e-16,1],"shapeName":"/levels/west_coast_usa/art/shapes/objects/barrierfence_plain.dae","useInstanceRenderData":true}
{"class":"TSStatic","persistentId":"02ca10a4-d629-41ee-ad5f-a6e40fe4bc5b","__parent":"SimGroup_","position":[221.035233,31.3614807,126.532806],"isRenderEnabled":false,"rotationMatrix":[0.434598446,-0.900624275,-1.63517619e-16,0.900624275,0.434598446,-5.70717234e-17,1.22464685e-16,-1.22464685e-16,1],"shapeName":"/levels/west_coast_usa/art/shapes/objects/barrierfence_plain.dae","useInstanceRenderData":true}
{"class":"TSStatic","persistentId":"02ca9d7a-3e03-4f63-a852-77d3c4f65f08","__parent":"SimGroup_","position":[289.807129,91.0530319,126.532806],"isRenderEnabled":false,"rotationMatrix":[-0.999979496,0.00641931593,1.23248297e-16,-0.00641931593,-0.999979496,-1.21676018e-16,1.22464685e-16,-1.22464685e-16,1],"shapeName":"/levels/west_coast_usa/art/shapes/objects/barrierfence_plain.dae","useInstanceRenderData":true}
{"class":"TSStatic","persistentId":"02e59442-d7fe-4640-900f-b0e7725b3e05","__parent":"SimGroup_","position":[369.789948,133.754196,126.532806],"isRenderEnabled":false,"rotationMatrix":[-0.782260299,-0.622951627,1.95096999e-17,0.622951627,-0.782260299,-1.72088838e-16,1.22464685e-16,-1.22464672e-16,1],"shapeName":"/levels/west_coast_usa/art/shapes/objects/barrierfence_plain.dae","useInstanceRenderData":true}
{"class":"TSStatic","persistentId":"0301fa6c-869a-4e08-914a-031ad5359210","__parent":"SimGroup_","position":[276.01828,50.1850471,126.532806],"isRenderEnabled":false,"rotationMatrix":[-0.615530849,-0.788112819,-2.11352124e-17,0.788112819,-0.615530849,-1.71896774e-16,1.22464685e-16,-1.22464698e-16,1],"shapeName":"/levels/west_coast_usa/art/shapes/objects/barrierfence_plain.dae","useInstanceRenderData":true}
{"class":"TSStatic","persistentId":"03344b45-3a89-485e-a0a4-bdf4194d27b6","__parent":"SimGroup_","position":[327.687317,147.456787,127.350578],"isRenderEnabled":false,"rotationMatrix":[0.151045561,0.985954821,0.0712630153,-0.986439288,0.145651758,0.0756524429,0.0642103106,-0.0817235932,0.994584501],"shapeName":"/levels/west_coast_usa/art/shapes/objects/barrierfence_plain.dae","useInstanceRenderData":true}
{"class":"TSStatic","persistentId":"0373c4a5-a919-4c1a-9d85-a76d60c3b697","__parent":"SimGroup_","position":[326.652802,56.744339,126.532806],"isRenderEnabled":false,"rotationMatrix":[-0.965692639,0.259688228,1.50065863e-16,-0.259688228,-0.965692639,-8.64605903e-17,1.22464685e-16,-1.22464685e-16,1],"shapeName":"/levels/west_coast_usa/art/shapes/objects/barrierfence_plain.dae","useInstanceRenderData":true}
{"class":"TSStatic","persistentId":"03ff2c14-2ec9-4c4a-bf74-90b3cc655bb6","__parent":"SimGroup_","position":[284.327332,76.2959671,126.532806],"isRenderEnabled":false,"rotationMatrix":[0.999992669,0.00383620593,-1.21993973e-16,-0.00383620593,0.999992669,1.22933571e-16,1.22464685e-16,-1.22464685e-16,1],"shapeName":"/levels/west_coast_usa/art/shapes/objects/barrierfence_plain.dae","useInstanceRenderData":true}
{"class":"TSStatic","persistentId":"03ff66c0-4403-4637-835f-3e1d6dde6397","__parent":"SimGroup_","position":[275.756683,91.4856491,126.532806],"isRenderEnabled":false,"rotationMatrix":[-0.997548103,0.0699821115,1.30734758e-16,-0.0699821115,-0.997548103,-1.13594093e-16,1.22464672e-16,-1.22464672e-16,1],"shapeName":"/levels/west_coast_usa/art/shapes/objects/barrierfence_plain.dae","useInstanceRenderData":true}
{"class":"TSStatic","persistentId":"047e8aa0-4b87-41b0-ae08-3daa71c46e4b","__parent":"SimGroup_","position":[250.39151,16.7370071,126.532806],"isRenderEnabled":false,"rotationMatrix":[-0.68950057,-0.724285126,-4.25988089e-18,0.724285126,-0.68950057,-1.73138815e-16,1.22464685e-16,-1.22464672e-16,1],"shapeName":"/levels/west_coast_usa/art/shapes/objects/barrierfence_plain.dae","useInstanceRenderData":true}
{"class":"TSStatic","persistentId":"05f558a4-4d90-40fc-b50c-04ccac25b7ca","__parent":"SimGroup_","position":[358.115448,175.446716,127.837387],"isRenderEnabled":false,"rotationMatrix":[0.868342996,0.495960832,0.00179856643,-0.493475437,0.863617361,0.103184581,0.0496222377,-0.0904871523,0.994660616],"shapeName":"/levels/west_coast_usa/art/shapes/objects/barrierfence_plain.dae","useInstanceRenderData":true}
{"class":"TSStatic","persistentId":"077a1799-c71a-4432-a573-dd1104df7c05","__parent":"SimGroup_","position":[346.525787,35.4676514,127.300117],"isRenderEnabled":false,"rotationMatrix":[0.979702175,-0.185429066,0.0761559531,0.190859437,0.979005992,-0.0715534687,-0.061289046,0.0846361667,0.994525194],"shapeName":"/levels/west_coast_usa/art/shapes/objects/barrierfence_plain.dae","useInstanceRenderData":true}
{"class":"TSStatic","persistentId":"084eb3fa-bf10-458a-969c-e83a972872e0","__parent":"SimGroup_","position":[330.18512,39.540451,126.532806],"isRenderEnabled":false,"rotationMatrix":[0.962937295,-0.269725263,-1.5095763e-16,0.269725263,0.962937295,8.48939896e-17,1.22464685e-16,-1.22464685e-16,1],"shapeName":"/levels/west_coast_usa/art/shapes/objects/barrierfence_plain.dae","useInstanceRenderData":true}
{"class":"TSStatic","persistentId":"08c71a9c-3e09-4155-bdcb-37ac4bab6484","__parent":"SimGroup_","position":[382.263947,72.2310867,126.534538],"isRenderEnabled":false,"rotationMatrix":[-0.596406937,0.801476598,-0.0439787023,-0.802248478,-0.596990347,-0.000165376812,-0.0263874047,0.0351832137,0.999032438],"shapeName":"/levels/west_coast_usa/art/shapes/objects/barrierfence_plain.dae","useInstanceRenderData":true}
{"class":"TSStatic","persistentId":"090816aa-8d9a-43bc-bdd0-6caf4054a686","__parent":"SimGroup_","position":[234.798355,30.8792725,126.532806],"isRenderEnabled":false,"rotationMatrix":[-0.438054085,0.898948491,1.63735611e-16,-0.898948491,-0.438054085,5.64432713e-17,1.22464672e-16,-1.22464672e-16,1],"shapeName":"/levels/west_coast_usa/art/shapes/objects/barrierfence_plain.dae","useInstanceRenderData":true}
{"class":"TSStatic","persistentId":"094d8dc2-13c0-4826-9072-95e7fa6e0388","__parent":"SimGroup_","position":[272.519348,26.7326927,126.532806],"isRenderEnabled":false,"rotationMatrix":[0.506694555,0.862125695,4.35277592e-17,-0.862125695,0.506694555,1.67632135e-16,1.22464685e-16,-1.22464685e-16,1],"shapeName":"/levels/west_coast_usa/art/shapes/objects/barrierfence_plain.dae","useInstanceRenderData":true}
{"class":"TSStatic","persistentId":"095c2adf-75f2-4a08-9fc2-2d1959ee4ad1","__parent":"SimGroup_","position":[347.665558,116.395393,126.532806],"isRenderEnabled":false,"rotationMatrix":[-0.793152332,-0.609023154,2.25493339e-17,0.609023154,-0.793152332,-1.71716978e-16,1.22464685e-16,-1.22464685e-16,1],"shapeName":"/levels/west_coast_usa/art/shapes/objects/barrierfence_plain.dae","useInstanceRenderData":true}
{"class":"TSStatic","persistentId":"096d0dcf-943e-4472-8d58-ba7455b890ce","__parent":"SimGroup_","position":[328.965027,139.279236,126.587158],"isRenderEnabled":false,"rotationMatrix":[-0.366747975,0.928293347,0.0613788441,-0.929416537,-0.368500829,0.0198004209,0.0409987569,-0.049784746,0.997918129],"shapeName":"/levels/west_coast_usa/art/shapes/objects/barrierfence_plain.dae","useInstanceRenderData":true}
{"class":"TSStatic","persistentId":"09b03cd9-c415-4203-80b3-496d3315fbf6","__parent":"SimGroup_","position":[241.494781,18.5298309,126.532806],"isRenderEnabled":false,"rotationMatrix":[-0.559363365,0.828922629,1.70016003e-16,-0.828922629,-0.559363365,3.30115011e-17,1.22464685e-16,-1.22464685e-16,1],"shapeName":"/levels/west_coast_usa/art/shapes/objects/barrierfence_plain.dae","useInstanceRenderData":true}
{"class":"TSStatic","persistentId":"09e51a98-d4ea-4d4f-85ca-2f21bf9d69b8","__parent":"SimGroup_","position":[271.343964,34.4830627,126.532806],"isRenderEnabled":false,"rotationMatrix":[-0.812630534,0.582779348,1.70888421e-16,-0.582779348,-0.812630534,-2.81486452e-17,1.22464685e-16,-1.22464685e-16,1],"scale":[2.6786623,1,1],"shapeName":"/levels/west_coast_usa/art/shapes/objects/s_gm_suspension_sbump_1x4_a.dae","useInstanceRenderData":true}
{"class":"TSStatic","persistentId":"0a2c3058-cf9b-427f-b5fa-ec8159f137cd","__parent":"SimGroup_","position":[265.022583,14.8454895,126.532806],"isRenderEnabled":false,"rotationMatrix":[0.63480711,0.772670627,1.68833982e-17,-0.772670627,0.63480711,1.72366308e-16,1.22464685e-16,-1.22464685e-16,1],"shapeName":"/levels/west_coast_usa/art/shapes/objects/barrierfence_plain.dae","useInstanceRenderData":true}
{"class":"TSStatic","persistentId":"0a52f8a3-fb50-4844-afde-ffaff29e4d1b","__parent":"SimGroup_","position":[349.896027,118.108078,126.532806],"isRenderEnabled":false,"rotationMatrix":[-0.793152332,-0.609023154,2.25493339e-17,0.609023154,-0.793152332,-1.71716978e-16,1.22464685e-16,-1.22464685e-16,1],"shapeName":"/levels/west_coast_usa/art/shapes/objects/barrierfence_plain.dae","useInstanceRenderData":true}
{"class":"TSStatic","persistentId":"0a80f7b5-855e-4ee6-99a3-e1ec1d5cc6f6","__parent":"SimGroup_","position":[287.139404,76.3132248,126.532806],"isRenderEnabled":false,"rotationMatrix":[0.999531984,0.0305917785,-1.18660951e-16,-0.0305917785,0.999531984,1.26153778e-16,1.22464685e-16,-1.22464685e-16,1],"shapeName":"/levels/west_coast_usa/art/shapes/objects/barrierfence_plain.dae","useInstanceRenderData":true}
{"class":"TSStatic","persistentId":"0ae2d995-45d5-49ba-8c8f-66ecd48a5f05","__parent":"SimGroup_","position":[252.291016,18.8103561,126.532806],"isRenderEnabled":false,"rotationMatrix":[-0.665987492,-0.745962977,-9.79418241e-18,0.745962977,-0.665987492,-1.7291406e-16,1.22464685e-16,-1.22464698e-16,1],"shapeName":"/levels/west_coast_usa/art/shapes/objects/barrierfence_plain.dae","useInstanceRenderData":true}
{"class":"TSStatic","persistentId":"0b283bb0-c804-42a1-a855-a91641abd273","__parent":"SimGroup_","position":[396.18988,180.998993,127.781418],"isRenderEnabled":false,"rotationMatrix":[0.97763133,-0.210320413,-0.00151871331,0.209331274,0.972281396,0.10416013,-0.0204303823,-0.102148116,0.994559407],"shapeName":"/levels/west_coast_usa/art/shapes/objects/barrierfence_plain.dae","useInstanceRenderData":true}
{"class":"TSStatic","persistentId":"0b9b218d-f3f5-4e4e-a44e-dce8b2b31fb8","__parent":"SimGroup_","position":[242.159409,76.2734909,126.863518],"isRenderEnabled":false,"rotationMatrix":[0.99733299,0.040113885,-0.0609739795,-0.0347273089,0.995605469,0.0869700909,0.0641947314,-0.0846206695,0.994343162],"shapeName":"/levels/west_coast_usa/art/shapes/objects/barrierfence_plain.dae","useInstanceRenderData":true}
{"class":"TSStatic","persistentId":"0c32bc27-6e4f-4b9f-8501-4117cc0655f4","__parent":"SimGroup_","position":[280.165009,38.5195389,126.532806],"isRenderEnabled":false,"rotationMatrix":[0.605736613,0.795665205,2.32595545e-17,-0.795665205,0.605736613,1.71622242e-16,1.22464685e-16,-1.22464685e-16,1],"shapeName":"/levels/west_coast_usa/art/shapes/objects/barrierfence_plain.dae","useInstanceRenderData":true}
{"class":"TSStatic","persistentId":"0cdd3428-7baf-4fb6-9687-a08c9e34ca12","__parent":"SimGroup_","position":[239.355927,76.1346054,127.028564],"isRenderEnabled":false,"rotationMatrix":[0.995884299,0.0691295341,-0.0586139485,-0.0639650151,0.994254649,0.0858260691,0.0642103106,-0.0817235857,0.994584501],"shapeName":"/levels/west_coast_usa/art/shapes/objects/barrierfence_plain.dae","useInstanceRenderData":true}
{"class":"TSStatic","persistentId":"0dba1c58-e7e0-45d0-92ec-22508577e637","__parent":"SimGroup_","position":[250.585129,76.4163055,126.532806],"isRenderEnabled":false,"rotationMatrix":[1,0.00012722869,-1.22449095e-16,-0.00012722869,1,1.22480263e-16,1.22464685e-16,-1.22464672e-16,1],"shapeName":"/levels/west_coast_usa/art/shapes/objects/barrierfence_plain.dae","useInstanceRenderData":true}
{"class":"TSStatic","persistentId":"0e1354fb-2a4e-4f04-a03e-feb4184de614","__parent":"SimGroup_","position":[340.100677,92.6266708,126.532806],"isRenderEnabled":false,"rotationMatrix":[0.823248982,0.567680478,-3.12981222e-17,-0.567680478,0.823248982,1.70339729e-16,1.22464685e-16,-1.22464685e-16,1],"shapeName":"/levels/west_coast_usa/art/shapes/objects/barrierfence_plain.dae","useInstanceRenderData":true}
{"class":"TSStatic","persistentId":"0e83757f-6df8-4da8-b038-6981df668ae8","__parent":"SimGroup_","position":[345.74231,51.9577065,126.532806],"isRenderEnabled":false,"rotationMatrix":[-0.980726123,0.195386887,1.44032301e-16,-0.195386887,-0.980726123,-9.61763361e-17,1.22464672e-16,-1.22464685e-16,1],"shapeName":"/levels/west_coast_usa/art/shapes/objects/barrierfence_plain.dae","useInstanceRenderData":true}
{"class":"TSStatic","persistentId":"0f35a7e6-98d4-44ba-9347-9f589041b645","__parent":"SimGroup_","position":[314.666138,95.2063446,126.532806],"isRenderEnabled":false,"rotationMatrix":[-0.948352098,-0.317219943,7.72913925e-17,0.317219943,-0.948352098,-1.54987852e-16,1.22464685e-16,-1.22464672e-16,1],"shapeName":"/levels/west_coast_usa/art/shapes/objects/barrierfence_plain.dae","useInstanceRenderData":true}
{"class":"TSStatic","persistentId":"1047931c-48b5-4363-a9f0-286c4847c53f","__parent":"SimGroup_","position":[227.195129,18.7219009,126.532806],"isRenderEnabled":false,"rotationMatrix":[0.45496428,-0.890509725,-1.64773041e-16,0.890509725,0.45496428,-5.33389253e-17,1.22464672e-16,-1.22464685e-16,1],"shapeName":"/levels/west_coast_usa/art/shapes/objects/barrierfence_plain.dae","useInstanceRenderData":true}
{"class":"TSStatic","persistentId":"10c31ffe-5e0b-4ff4-baa1-7a2887e4d463","__parent":"SimGroup_","position":[244.926361,92.6120987,128.0522],"isRenderEnabled":false,"rotationMatrix":[-0.996573925,-0.0575014949,0.0594450422,0.0521456972,-0.994752288,-0.0880258158,0.0641947091,-0.0846244469,0.994342864],"shapeName":"/levels/west_coast_usa/art/shapes/objects/barrierfence_plain.dae","useInstanceRenderData":true}
{"class":"TSStatic","persistentId":"11446d08-8c30-4cf1-a7a2-8debd5d45e72","__parent":"SimGroup_","position":[273.081268,76.5324173,126.532806],"isRenderEnabled":false,"rotationMatrix":[0.999805331,-0.0197317358,-1.24857275e-16,0.0197317358,0.999805331,1.20024397e-16,1.22464672e-16,-1.22464672e-16,1],"shapeName":"/levels/west_coast_usa/art/shapes/objects/barrierfence_plain.dae","useInstanceRenderData":true}
{"class":"TSStatic","persistentId":"123d16a2-cacf-4f9d-b0b0-99ba4ef2d431","__parent":"SimGroup_","position":[343.779541,36.0280418,127.079529],"isRenderEnabled":false,"rotationMatrix":[0.971101105,-0.22521171,0.0790086389,0.230665982,0.970626473,-0.0683917999,-0.0612852424,0.0846399516,0.994525135],"shapeName":"/levels/west_coast_usa/art/shapes/objects/barrierfence_plain.dae","useInstanceRenderData":true}
{"class":"TSStatic","persistentId":"13b9430b-fe83-4a51-8f06-32cbc191bbf2","__parent":"SimGroup_","position":[387.170349,59.3536491,127.897797],"isRenderEnabled":false,"rotationMatrix":[-0.0466833115,0.995065212,-0.087555252,-0.997027755,-0.0517939329,-0.0570356846,-0.0612890609,0.0846323967,0.994525492],"shapeName":"/levels/west_coast_usa/art/shapes/objects/barrierfence_plain.dae","useInstanceRenderData":true}
{"class":"TSStatic","persistentId":"1466aa31-7e2b-405c-9850-8fcdbd16c22b","__parent":"SimGroup_","position":[226.424072,48.6894569,126.532806],"isRenderEnabled":false,"rotationMatrix":[-0.386861444,0.922137916,1.60306173e-16,-0.922137916,-0.386861444,6.55524621e-17,1.22464685e-16,-1.22464685e-16,1],"shapeName":"/levels/west_coast_usa/art/shapes/objects/barrierfence_plain.dae","useInstanceRenderData":true}
{"class":"TSStatic","persistentId":"15407d60-60f6-473e-a2bc-41869cf9075c","__parent":"SimGroup_","position":[377.483307,122.406334,126.532806],"isRenderEnabled":false,"rotationMatrix":[0.776377618,0.630268097,-1.789326e-17,-0.630268097,0.776377618,1.72264412e-16,1.22464685e-16,-1.22464672e-16,1],"shapeName":"/levels/west_coast_usa/art/shapes/objects/barrierfence_plain.dae","useInstanceRenderData":true}
{"class":"TSStatic","persistentId":"166bd01b-a892-4c44-a897-c9cf8a2704b1","__parent":"SimGroup_","position":[395.258759,136.195465,126.532806],"isRenderEnabled":false,"rotationMatrix":[0.794041812,0.607863128,-2.28003071e-17,-0.607863128,0.794041812,1.71683838e-16,1.22464685e-16,-1.22464685e-16,1],"shapeName":"/levels/west_coast_usa/art/shapes/objects/barrierfence_plain.dae","useInstanceRenderData":true}
{"class":"TSStatic","persistentId":"17320baa-16cf-4dcf-a11f-5711339e4492","__parent":"SimGroup_","position":[316.607788,148.789795,128.16954],"isRenderEnabled":false,"rotationMatrix":[-0.351790071,-0.934515655,-0.0540762804,0.933874071,-0.346412659,-0.0887550786,0.0642103106,-0.0817235932,0.994584501],"shapeName":"/levels/west_coast_usa/art/shapes/objects/barrierfence_plain.dae","useInstanceRenderData":true}
{"class":"TSStatic","persistentId":"19030232-9ff1-4722-8fed-6e560263e7b4","__parent":"SimGroup_","position":[331.819122,134.455063,126.532806],"isRenderEnabled":false,"rotationMatrix":[-0.585282326,0.81082952,1.70974394e-16,-0.81082952,-0.585282326,2.76215624e-17,1.22464685e-16,-1.22464685e-16,1],"shapeName":"/levels/west_coast_usa/art/shapes/objects/barrierfence_plain.dae","useInstanceRenderData":true}
{"class":"TSStatic","persistentId":"192a23db-d542-4ac0-a8a9-2441ad678840","__parent":"SimGroup_","position":[292.619171,91.0594635,126.532806],"isRenderEnabled":false,"rotationMatrix":[-0.999929428,-0.0118850563,1.21000536e-16,0.0118850563,-0.999929428,-1.23911523e-16,1.22464685e-16,-1.22464685e-16,1],"shapeName":"/levels/west_coast_usa/art/shapes/objects/barrierfence_plain.dae","useInstanceRenderData":true}
{"class":"TSStatic","persistentId":"1950a893-0e94-43cd-abf5-0096ef33351b","__parent":"SimGroup_","position":[387.358307,147.807297,126.532806],"isRenderEnabled":false,"rotationMatrix":[-0.779834747,-0.625985563,1.88410832e-17,0.625985563,-0.779834747,-1.72163311e-16,1.22464672e-16,-1.22464685e-16,1],"shapeName":"/levels/west_coast_usa/art/shapes/objects/barrierfence_plain.dae","useInstanceRenderData":true}
{"class":"TSStatic","persistentId":"1a344c15-c1d9-458b-a5a9-f47e0b364f24","__parent":"SimGroup_","position":[283.444275,58.6110687,126.532806],"isRenderEnabled":false,"rotationMatrix":[-0.736485839,-0.676452994,7.35190849e-18,0.676452994,-0.736485839,-1.73035093e-16,1.22464685e-16,-1.22464685e-16,1],"shapeName":"/levels/west_coast_usa/art/shapes/objects/barrierfence_plain.dae","useInstanceRenderData":true}
{"class":"TSStatic","persistentId":"1adbd459-2e8a-45d1-a24d-197d9fe6a6b7","__parent":"SimGroup_","position":[232.337433,35.9366493,126.532806],"isRenderEnabled":false,"rotationMatrix":[-0.448940754,0.893561423,1.64409108e-16,-0.893561423,-0.448940754,5.44503186e-17,1.22464672e-16,-1.22464672e-16,1],"shapeName":"/levels/west_coast_usa/art/shapes/objects/barrierfence_plain.dae","useInstanceRenderData":true}
{"class":"TSStatic","persistentId":"1ba871ea-59f2-474b-9b78-35a546b42809","__parent":"SimGroup_","position":[211.728745,73.6126785,128.660995],"isRenderEnabled":false,"rotationMatrix":[-0.557707906,-0.829797268,-0.019961644,0.826823473,-0.553273439,-0.101249784,0.072972551,-0.072972551,0.994660735],"shapeName":"/levels/west_coast_usa/art/shapes/objects/barrierfence_plain.dae","useInstanceRenderData":true}
{"class":"TSStatic","persistentId":"1c95f064-828b-47d1-ac72-4f2d4bb36b4f","__parent":"SimGroup_","position":[303.437042,86.088768,126.532806],"isRenderEnabled":false,"rotationMatrix":[0.161389053,-0.986890852,-1.40623735e-16,0.986890852,0.161389053,-1.01094812e-16,1.22464672e-16,-1.22464685e-16,1],"scale":[3.10063481,1,1],"shapeName":"/levels/west_coast_usa/art/shapes/objects/s_gm_suspension_bump_2x4_a.dae","useInstanceRenderData":true}
{"class":"TSStatic","persistentId":"1d558a0c-3412-4a45-ab87-7898a63934b8","__parent":"SimGroup_","position":[265.258331,26.0477486,126.532806],"isRenderEnabled":false,"rotationMatrix":[-0.808938384,0.587893605,1.71062579e-16,-0.587893605,-0.808938384,-2.70701705e-17,1.22464698e-16,-1.22464685e-16,1],"scale":[2.6786623,1,1],"shapeName":"/levels/west_coast_usa/art/shapes/objects/s_gm_suspension_sbump_1x4_a.dae","useInstanceRenderData":true}
{"class":"TSStatic","persistentId":"1d5d93f3-0fa0-4449-acba-6677561c0ac2","__parent":"SimGroup_","position":[296.388519,62.9722786,126.532806],"isRenderEnabled":false,"rotationMatrix":[-0.998058081,0.0622908026,1.29855286e-16,-0.0622908026,-0.998058081,-1.14598436e-16,1.22464685e-16,-1.22464672e-16,1],"shapeName":"/levels/west_coast_usa/art/shapes/objects/barrierfence_plain.dae","useInstanceRenderData":true}
{"class":"TSStatic","persistentId":"1d94b19e-8209-43fc-bced-af10c21bfb5d","__parent":"SimGroup_","position":[258.955658,92.7847519,127.172394],"isRenderEnabled":false,"rotationMatrix":[-0.996531129,0.0510112904,0.0657538325,-0.0562971644,-0.995105386,-0.0812161416,0.061289046,-0.0846361667,0.994525194],"shapeName":"/levels/west_coast_usa/art/shapes/objects/barrierfence_plain.dae","useInstanceRenderData":true}
{"class":"TSStatic","persistentId":"1de81e28-4cc0-4e94-93ee-53cb64efe65c","__parent":"SimGroup_","position":[375.299988,120.633904,126.532806],"isRenderEnabled":false,"rotationMatrix":[0.776377618,0.630268097,-1.789326e-17,-0.630268097,0.776377618,1.72264412e-16,1.22464685e-16,-1.22464672e-16,1],"shapeName":"/levels/west_coast_usa/art/shapes/objects/barrierfence_plain.dae","useInstanceRenderData":true}
{"class":"TSStatic","persistentId":"1e744be5-c943-4b64-bfcd-05a7a8820eea","__parent":"SimGroup_","position":[238.60495,23.3512421,126.532806],"isRenderEnabled":false,"rotationMatrix":[-0.482091546,0.876120925,1.66333051e-16,-0.876120925,-0.482091546,4.82546961e-17,1.22464685e-16,-1.22464672e-16,1],"shapeName":"/levels/west_coast_usa/art/shapes/objects/barrierfence_plain.dae","useInstanceRenderData":true}
{"class":"TSStatic","persistentId":"1f2d80e9-7783-47ec-8f43-e12ef86201bb","__parent":"SimGroup_","position":[294.374176,46.4388618,126.532806],"isRenderEnabled":false,"rotationMatrix":[0.998562574,0.0535986498,-1.15724712e-16,-0.0535986498,0.998562574,1.28852584e-16,1.22464685e-16,-1.22464685e-16,1],"shapeName":"/levels/west_coast_usa/art/shapes/objects/barrierfence_plain.dae","useInstanceRenderData":true}
{"class":"TSStatic","persistentId":"1f32eac3-1258-47df-8eca-e7afb1f5b952","__parent":"SimGroup_","position":[371.094391,38.2253227,128.637817],"isRenderEnabled":false,"rotationMatrix":[0.904738486,0.425518692,0.0195483528,-0.421534657,0.900983453,-0.102651417,-0.0612928383,0.0846323818,0.994525313],"shapeName":"/levels/west_coast_usa/art/shapes/objects/barrierfence_plain.dae","useInstanceRenderData":true}
{"class":"TSStatic","persistentId":"1fea8781-4645-4514-ad0c-33963d84a4ae","__parent":"SimGroup_","position":[367.885223,89.5240555,126.532806],"isRenderEnabled":false,"rotationMatrix":[-0.610167265,0.792272568,1.71749337e-16,-0.792272568,-0.610167265,2.2301461e-17,1.22464672e-16,-1.22464672e-16,1],"shapeName":"/levels/west_coast_usa/art/shapes/objects/barrierfence_plain.dae","useInstanceRenderData":true}
{"class":"TSStatic","persistentId":"2071c8eb-9e29-4e79-a785-d93031f95719","__parent":"SimGroup_","position":[229.843384,40.9775734,126.532806],"isRenderEnabled":false,"rotationMatrix":[-0.431961775,0.901892006,1.6334996e-16,-0.901892006,-0.431961775,5.75498669e-17,1.22464685e-16,-1.22464685e-16,1],"shapeName":"/levels/west_coast_usa/art/shapes/objects/barrierfence_plain.dae","useInstanceRenderData":true}
{"class":"TSStatic","persistentId":"2083980a-c753-44f6-9a11-9e6625f52007","__parent":"SimGroup_","position":[373.547241,39.5994987,128.681381],"isRenderEnabled":false,"rotationMatrix":[0.87093544,0.491141081,0.0158711746,-0.487184227,0.867237985,-0.102712288,-0.0642103106,0.0817235857,0.994584501],"shapeName":"/levels/west_coast_usa/art/shapes/objects/barrierfence_plain.dae","useInstanceRenderData":true}
{"class":"TSStatic","persistentId":"20aa30f1-475b-4b9f-922a-2e5a3fc815c1","__parent":"SimGroup_","position":[387.111969,56.555397,128.128952],"isRenderEnabled":false,"rotationMatrix":[0.154261172,0.985474646,-0.071015954,-0.98594147,0.148865819,-0.0758844092,-0.0642103106,0.0817235932,0.994584501],"shapeName":"/levels/west_coast_usa/art/shapes/objects/barrierfence_plain.dae","useInstanceRenderData":true}
{"class":"TSStatic","persistentId":"20b0cdf0-f14e-4fd1-9151-00edb35730ca","__parent":"SimGroup_","position":[364.441071,93.9705276,126.532806],"isRenderEnabled":false,"rotationMatrix":[-0.614485025,0.78892839,1.71868583e-16,-0.78892839,-0.614485025,2.13631437e-17,1.22464672e-16,-1.22464685e-16,1],"shapeName":"/levels/west_coast_usa/art/shapes/objects/barrierfence_plain.dae","useInstanceRenderData":true}
{"class":"TSStatic","persistentId":"2116c6a8-aead-4091-8204-295ca90b1db4","__parent":"SimGroup_","position":[262.592773,32.1461029,126.532806],"isRenderEnabled":false,"rotationMatrix":[-0.566286206,-0.824208617,-3.15863814e-17,0.824208617,-0.566286206,-1.70286511e-16,1.22464685e-16,-1.22464672e-16,1],"shapeName":"/levels/west_coast_usa/art/shapes/objects/barrierfence_plain.dae","useInstanceRenderData":true}
{"class":"TSStatic","persistentId":"21862ecb-9155-4b0d-848b-f7cf2f1d5c6b","__parent":"SimGroup_","position":[385.536194,51.2001953,128.474869],"isRenderEnabled":false,"rotationMatrix":[0.46729058,0.882888913,-0.0463330783,-0.881976604,0.461892426,-0.0936626792,-0.0612928458,0.0846323818,0.994525313],"shapeName":"/levels/west_coast_usa/art/shapes/objects/barrierfence_plain.dae","useInstanceRenderData":true}
{"class":"TSStatic","persistentId":"2315e8fa-3a76-4736-aee7-1576f7f66000","__parent":"SimGroup_","position":[316.212097,135.131714,127.055222],"isRenderEnabled":false,"rotationMatrix":[0.38026917,-0.919148147,-0.102771573,0.922645271,0.384715438,-0.0268258359,0.0641947314,-0.0846206695,0.994343162],"shapeName":"/levels/west_coast_usa/art/shapes/objects/barrierfence_plain.dae","useInstanceRenderData":true}
{"class":"TSStatic","persistentId":"232e4aa2-04f4-4e9d-8c41-dc1f9de17e39","__parent":"SimGroup_","position":[286.995209,91.0917892,126.532806],"isRenderEnabled":false,"rotationMatrix":[-0.999894142,0.0145459874,1.24233092e-16,-0.0145459874,-0.999894142,-1.20670352e-16,1.22464672e-16,-1.22464685e-16,1],"shapeName":"/levels/west_coast_usa/art/shapes/objects/barrierfence_plain.dae","useInstanceRenderData":true}
{"class":"TSStatic","persistentId":"2380aa5a-7959-46a1-8efd-3ffe8f267189","__parent":"SimGroup_","position":[329.511017,103.116638,126.532806],"isRenderEnabled":false,"rotationMatrix":[-0.831775188,-0.555112779,3.38813741e-17,0.555112779,-0.831775188,-1.6984477e-16,1.22464685e-16,-1.22464685e-16,1],"shapeName":"/levels/west_coast_usa/art/shapes/objects/barrierfence_plain.dae","useInstanceRenderData":true}
{"class":"TSStatic","persistentId":"257d7f17-4ab4-4254-b64b-cae8a68ea166","__parent":"SimGroup_","position":[361.393158,87.8049774,126.532799],"isRenderEnabled":false,"rotationMatrix":[0.787034988,0.616908371,0,-0.616908371,0.787034988,0,0,0,1],"scale":[2.90458298,2.03261805,1.5892334],"shapeName":"/levels/west_coast_usa/art/shapes/objects/ramp_shallow_long.dae","useInstanceRenderData":true}
{"class":"TSStatic","persistentId":"292e5f71-18a1-4301-ae7e-c431e9e796c7","__parent":"SimGroup_","position":[344.511841,119.421715,126.532806],"isRenderEnabled":false,"rotationMatrix":[-0.596400023,0.802687407,1.71338804e-16,-0.802687407,-0.596400023,2.52629198e-17,1.22464685e-16,-1.22464685e-16,1],"shapeName":"/levels/west_coast_usa/art/shapes/objects/barrierfence_plain.dae","useInstanceRenderData":true}
{"class":"TSStatic","persistentId":"293b7a39-a9e9-4b96-bea2-412181fbb4dc","__parent":"SimGroup_","position":[390.794922,132.773788,126.532806],"isRenderEnabled":false,"rotationMatrix":[0.793478847,0.608597755,-2.26413991e-17,-0.608597755,0.793478847,1.71704868e-16,1.22464672e-16,-1.22464672e-16,1],"shapeName":"/levels/west_coast_usa/art/shapes/objects/barrierfence_plain.dae","useInstanceRenderData":true}
{"class":"TSStatic","persistentId":"294cb499-f8d7-4aa7-b37d-88e489c3215b","__parent":"SimGroup_","position":[385.165253,146.046906,126.532806],"isRenderEnabled":false,"rotationMatrix":[-0.779834747,-0.625985563,1.88410832e-17,0.625985563,-0.779834747,-1.72163311e-16,1.22464672e-16,-1.22464685e-16,1],"shapeName":"/levels/west_coast_usa/art/shapes/objects/barrierfence_plain.dae","useInstanceRenderData":true}
{"class":"TSStatic","persistentId":"2a4e005e-65b3-4d32-b269-a249378b09e3","__parent":"SimGroup_","position":[277.400726,42.9391785,126.532806],"isRenderEnabled":false,"rotationMatrix":[-0.812944889,0.582340479,1.70873187e-16,-0.582340479,-0.812944889,-2.8240899e-17,1.22464672e-16,-1.22464672e-16,1],"scale":[2.6786623,1,1],"shapeName":"/levels/west_coast_usa/art/shapes/objects/s_gm_suspension_sbump_1x4_a.dae","useInstanceRenderData":true}
{"class":"TSStatic","persistentId":"2aa5a757-5e01-4662-8cca-afccefdff4c7","__parent":"SimGroup_","position":[275.413239,31.5551987,126.532806],"isRenderEnabled":false,"rotationMatrix":[0.527540565,0.849529862,3.94323119e-17,-0.849529862,0.527540565,1.68642486e-16,1.22464685e-16,-1.22464685e-16,1],"shapeName":"/levels/west_coast_usa/art/shapes/objects/barrierfence_plain.dae","useInstanceRenderData":true}
{"class":"TSStatic","persistentId":"2b73f3ad-1653-47d5-b37b-ce2fc4085b90","__parent":"SimGroup_","position":[360.454803,34.7525177,128.250793],"isRenderEnabled":false,"rotationMatrix":[0.982435882,0.180299282,0.0480828434,-0.175210804,0.979965389,-0.0947049558,-0.0641947538,0.0846169144,0.994343519],"shapeName":"/levels/west_coast_usa/art/shapes/objects/barrierfence_plain.dae","useInstanceRenderData":true}
{"class":"TSStatic","persistentId":"2c902acf-fe8b-4ee3-8d9d-3c1acbaaf5eb","__parent":"SimGroup_","position":[236.033493,28.3528671,126.532806],"isRenderEnabled":false,"rotationMatrix":[-0.446391463,0.894837856,1.64253215e-16,-0.894837856,-0.446391463,5.49188601e-17,1.22464685e-16,-1.22464685e-16,1],"shapeName":"/levels/west_coast_usa/art/shapes/objects/barrierfence_plain.dae","useInstanceRenderData":true}
{"class":"TSStatic","persistentId":"2ca9678b-3ea2-4bd2-a62e-af04412f3e59","__parent":"SimGroup_","position":[325.494232,84.2377701,126.532806],"isRenderEnabled":false,"rotationMatrix":[0.9198789,0.392202526,-6.46217185e-17,-0.392202526,0.9198789,1.60683632e-16,1.22464685e-16,-1.22464685e-16,1],"shapeName":"/levels/west_coast_usa/art/shapes/objects/barrierfence_plain.dae","useInstanceRenderData":true}
{"class":"TSStatic","persistentId":"2e5324af-4460-4b0b-9e6f-711a9abaf7c0","__parent":"SimGroup_","position":[245.530914,14.753006,126.532806],"isRenderEnabled":false,"rotationMatrix":[-0.942036033,0.335511953,1.5645449e-16,-0.335511953,-0.942036033,-7.4277775e-17,1.22464672e-16,-1.22464685e-16,1],"shapeName":"/levels/west_coast_usa/art/shapes/objects/barrierfence_plain.dae","useInstanceRenderData":true}
{"class":"TSStatic","persistentId":"2ec1e2c3-b6f2-48ed-b6f6-a92e2df9f56d","__parent":"SimGroup_","position":[323.937073,57.4746284,126.532806],"isRenderEnabled":false,"rotationMatrix":[-0.965692639,0.259688228,1.50065863e-16,-0.259688228,-0.965692639,-8.64605903e-17,1.22464685e-16,-1.22464685e-16,1],"shapeName":"/levels/west_coast_usa/art/shapes/objects/barrierfence_plain.dae","useInstanceRenderData":true}
{"class":"TSStatic","persistentId":"2fccbfb6-f4ab-4856-a267-b40ff9296abf","__parent":"SimGroup_","position":[235.685181,4.16052246,126.532806],"isRenderEnabled":false,"rotationMatrix":[0.567874253,-0.823115349,-1.70347087e-16,0.823115349,0.567874253,-3.12580105e-17,1.22464685e-16,-1.22464685e-16,1],"shapeName":"/levels/west_coast_usa/art/shapes/objects/barrierfence_plain.dae","useInstanceRenderData":true}
{"class":"TSStatic","persistentId":"301a96c7-de49-4264-bbc2-9cd71bb2a2fb","__parent":"SimGroup_","position":[399.726044,139.612595,126.532806],"isRenderEnabled":false,"rotationMatrix":[0.794504106,0.607258797,-2.29309454e-17,-0.607258797,0.794504106,1.71666434e-16,1.22464685e-16,-1.22464672e-16,1],"shapeName":"/levels/west_coast_usa/art/shapes/objects/barrierfence_plain.dae","useInstanceRenderData":true}
{"class":"TSStatic","persistentId":"3149a113-4a7c-48f3-832f-e51d675de4b1","__parent":"SimGroup_","position":[246.97905,-2.53179932,126.532806],"isRenderEnabled":false,"rotationMatrix":[0.936450303,0.350800216,-7.1721456e-17,-0.350800216,0.936450303,1.57642718e-16,1.22464685e-16,-1.22464672e-16,1],"shapeName":"/levels/west_coast_usa/art/shapes/objects/barrierfence_plain.dae","useInstanceRenderData":true}
