{"class":"DecalRoad","persistentId":"06b9b8e2-701c-4a92-9138-250b93b5aefc","__parent":"SimGroup_","position":[-362.877533,-856.051758,136.339645],"improvedSpline":true,"material":"BlankWhite","nodes":[[-362.877533,-856.051758,136.339645,0.100000001],[-330.544067,-816.513184,136.62294,0.100000001]]}
{"class":"DecalRoad","persistentId":"0959295b-1aa8-4ade-a887-6a8c4d3a226b","__parent":"SimGroup_","position":[455.045441,800.941833,124.666878],"improvedSpline":true,"material":"road_invisible","nodes":[[455.045441,800.941833,124.666878,0.100000001],[450.500702,808.439209,124.631226,0.100000001],[445.766693,814.666504,124.261269,0.100000001]]}
{"class":"DecalRoad","persistentId":"0a8bfdc6-6314-427e-9563-1047111bca8b","__parent":"SimGroup_","position":[-412.008301,148.134995,99.9592056],"improvedSpline":true,"material":"road_invisible","nodes":[[-412.008301,148.134995,99.9592056,0.100000001],[-432.705414,152.353806,99.9626923,0.100000001],[-450.047272,156.245804,100.168854,0.100000001],[-458.467499,158.312958,100.264732,0.100000001],[-465.350677,160.359985,100.281845,0.100000001],[-476.88208,163.753342,100.331451,0.100000001]]}
{"class":"DecalRoad","persistentId":"0c529985-c211-4e45-9161-cc2d5781a6e8","__parent":"SimGroup_","position":[-975.372192,-462.819824,100.085426],"improvedSpline":true,"material":"BlankWhite","nodes":[[-975.372192,-462.819824,100.085426,0.100000001],[-968.551697,-472.450928,99.4446564,0.100000001]]}
{"class":"DecalRoad","persistentId":"0ffbbee1-0210-450c-8fbc-089a987c1dc8","__parent":"SimGroup_","position":[195.31604,421.941071,128.605042],"improvedSpline":true,"material":"road_invisible","nodes":[[195.31604,421.941071,128.605042,0.100000001],[187.450073,414.270538,128.440018,0.100000001],[176.832092,405.32074,128.137222,0.100000001],[164.227234,398.638153,127.672897,0.100000001],[153.209229,397.018768,127.171364,0.100000001],[140.952789,396.025757,126.37072,0.100000001],[130.567322,393.386963,125.779999,0.100000001],[118.196808,386.021301,125.267067,0.100000001],[108.205353,378.134644,124.968834,0.100000001]]}
{"class":"DecalRoad","persistentId":"112f178f-52fa-4343-a140-c290ea9d90a6","__parent":"SimGroup_","position":[449.907379,1343.34619,0],"improvedSpline":true,"material":"road_invisible","nodes":[[449.907379,1343.34619,0,0.100000001],[454.927338,1342.97095,0,0.100000001],[460.22702,1342.80786,0,0.100000001],[467.313995,1342.95483,0,0.100000001],[476.751373,1345.07764,0,0.100000001],[485.546295,1352.15942,0,0.100000001],[490.275665,1365.04785,0,0.100000001],[493.537872,1380.73254,0,0.100000001],[498.114899,1397.5835,0,0.100000001],[503.11673,1410.82483,0,0.100000001],[513.480835,1423.55322,0,0.100000001],[525.058838,1430.70679,0,0.100000001],[536.427979,1434.13477,0,0.100000001],[544.023193,1435.06323,0,0.100000001],[552.161865,1436.08411,0,0.100000001],[558.694092,1439.63452,0,0.100000001],[562.054932,1443.5896,0,0.100000001],[564.113159,1448.93176,0,0.100000001]]}
{"class":"DecalRoad","persistentId":"1801b9ec-f8a3-4c95-ab8a-8cf0b56f93c0","__parent":"SimGroup_","position":[-154.783264,136.812088,121.600899],"improvedSpline":true,"material":"BlankWhite","nodes":[[-154.783264,136.812088,121.600899,0.100000001],[-158.90242,139.726852,121.609627,0.100000001],[-165.47554,145.938156,121.492958,0.100000001]]}
{"class":"DecalRoad","persistentId":"1fcaa9c6-86a7-48ad-b940-cdbb04849ad7","__parent":"SimGroup_","position":[314.841461,835.823792,120.462395],"improvedSpline":true,"material":"road_invisible","nodes":[[314.841461,835.823792,120.462395,0.100000001],[317.198029,832.445862,121.746155,0.100000001],[323.250275,828.000366,122.543274,0.100000001],[336.558807,821.832581,123.126747,0.100000001],[342.406403,825.308411,125.379776,0.100000001]]}
{"class":"DecalRoad","persistentId":"20d76047-85ff-4ffa-aed0-6ebae1aede48","__parent":"SimGroup_","position":[-1000.15186,-481.494385,99.7516174],"improvedSpline":true,"material":"road_invisible","nodes":[[-1000.15186,-481.494385,99.7516174,0.100000001],[-1001.49561,-487.340698,99.5695496,0.100000001],[-1003.30164,-495.990601,99.3203659,0.100000001]]}
{"class":"DecalRoad","persistentId":"2345feda-e961-4b3d-88cd-15527b5f8253","__parent":"SimGroup_","position":[311.00174,953.644409,71.819252],"improvedSpline":true,"material":"road_invisible","nodes":[[311.00174,953.644409,71.819252,0.100000001],[313.070099,960.068665,71.2338409,0.100000001],[310.498444,968.828796,71.4057999,0.100000001],[303.474396,973.708069,71.2753143,0.100000001],[292.145172,976.214294,71.1269531,0.100000001]]}
{"class":"DecalRoad","persistentId":"2494b327-cbe7-407e-8462-9a77bf27746b","__parent":"SimGroup_","position":[535.529541,703.368408,124.555115],"improvedSpline":true,"material":"road_invisible","nodes":[[535.529541,703.368408,124.555115,0.100000001],[537.87793,698.044922,124.647049,0.100000001],[539.404114,692.365601,124.63797,0.100000001],[539.791443,687.015442,124.590858,0.100000001],[538.870422,683.246704,124.614433,0.100000001],[536.460938,678.512024,124.56974,0.100000001]]}
{"class":"DecalRoad","persistentId":"29c7f639-47e2-43b4-b3a8-a4a4fae9695b","__parent":"SimGroup_","position":[388.553131,842.614624,128.416855],"improvedSpline":true,"material":"road_invisible","nodes":[[388.553131,842.614624,128.416855,0.100000001],[396.424835,839.883545,128.085495,0.100000001],[403.789032,839.177246,128.055481,0.100000001],[410.432526,840.211731,128.011459,0.100000001]]}
{"class":"DecalRoad","persistentId":"2d5b961b-8945-4c7c-85c8-240065b3b10c","__parent":"SimGroup_","position":[-26.7793579,278.090393,120.318924],"improvedSpline":true,"material":"road_invisible","nodes":[[-26.7793579,278.090393,120.318924,0.100000001],[-31.1727295,273.430511,120.318512,0.100000001],[-33.0821533,269.037537,120.362946,0.100000001],[-32.6375427,264.47879,120.414871,0.100000001],[-30.5111389,260.494232,120.551636,0.100000001],[-27.0512085,257.725098,120.864021,0.100000001]]}
{"class":"DecalRoad","persistentId":"2f8fa5b1-ad6f-42ed-9835-c0c6d4c3cba0","__parent":"SimGroup_","position":[39.2934265,760.709351,74.3275909],"improvedSpline":true,"material":"road_invisible","nodes":[[39.2934265,760.709351,74.3275909,0.100000001],[44.5675049,761.533081,74.8834534,0.100000001],[49.0214844,763.083923,75.0652466,0.100000001]]}
{"class":"DecalRoad","persistentId":"3f153256-b89d-4457-ab63-e2bdece20013","__parent":"SimGroup_","position":[-968.843506,-292.936188,100.469788],"improvedSpline":true,"material":"road_invisible","nodes":[[-968.843506,-292.936188,100.469788,0.100000001],[-966.620728,-309.306732,100.744202,0.100000001]]}
{"class":"DecalRoad","persistentId":"4349ef79-d406-4eaf-85c7-f0add9c35415","__parent":"SimGroup_","position":[-59.595993,110.965637,125.954651],"improvedSpline":true,"material":"road_invisible","nodes":[[-59.595993,110.965637,125.954651,0.100000001],[-63.722229,105.785416,125.947464,0.100000001],[-68.6410675,100.414307,125.874939,0.100000001]]}
{"class":"DecalRoad","persistentId":"43730e13-a0a2-4034-aa53-1ce9050f63db","__parent":"SimGroup_","position":[118.040466,904.679443,71.4922943],"improvedSpline":true,"material":"road_invisible","nodes":[[118.040466,904.679443,71.4922943,0.100000001],[124.461151,903.273438,71.3460922,0.100000001],[134.468811,902.495911,71.5149307,0.100000001]]}
{"class":"DecalRoad","persistentId":"45fac8c9-058f-4a64-907a-bf24c5da8259","__parent":"SimGroup_","position":[-889.984253,-394.110748,101.042076],"improvedSpline":true,"material":"road_invisible","nodes":[[-889.984253,-394.110748,101.042076,0.100000001],[-886.254089,-396.285614,100.847633,0.100000001],[-883.179993,-401.244537,100.524239,0.100000001],[-883.044067,-407.280182,100.265091,0.100000001],[-884.849182,-414.344574,100.050545,0.100000001],[-887.950806,-420.337311,99.907196,0.100000001],[-891.896729,-425.555695,99.8496399,0.100000001],[-896.585327,-431.101227,99.7225723,0.100000001]]}
{"class":"DecalRoad","persistentId":"4d306993-0c6d-4b18-8749-2d6f6263b94c","__parent":"SimGroup_","position":[-936.756226,-458.011841,99.3849106],"improvedSpline":true,"material":"road_invisible","nodes":[[-936.756226,-458.011841,99.3849106,0.100000001],[-946.471619,-462.843628,99.4455185,0.100000001],[-958.430786,-469.404846,99.3796844,0.100000001],[-969.690918,-476.220093,99.2680817,0.100000001],[-978.951538,-481.83136,99.1757126,0.100000001],[-987.014099,-486.697327,99.1267319,0.100000001],[-992.076538,-491.287109,99.0708008,0.100000001]]}
{"class":"DecalRoad","persistentId":"4e05bc7b-b65b-462b-85f0-685ade374cae","__parent":"SimGroup_","position":[-749.097656,-41.0586548,102.011765],"improvedSpline":true,"material":"road_invisible","nodes":[[-749.097656,-41.0586548,102.011765,0.100000001],[-757.951172,-49.6459656,102.001312,0.100000001]]}
{"class":"DecalRoad","persistentId":"4e35f19d-3f82-4370-8831-84ca456b5ffb","__parent":"SimGroup_","position":[186.982544,916.040161,72.1434784],"improvedSpline":true,"material":"road_invisible","nodes":[[186.982544,916.040161,72.1434784,0.100000001],[197.619568,919.347717,71.3511429,0.100000001],[210.429932,928.128906,71.3020172,0.100000001],[221.142212,936.168213,71.8192062,0.100000001]]}
{"class":"DecalRoad","persistentId":"4f6f4cf2-a120-4847-ba37-498e9dd6d47b","__parent":"SimGroup_","position":[-406.262787,-634.720947,129.913345],"improvedSpline":true,"material":"BlankWhite","nodes":[[-406.262787,-634.720947,129.913345,0.100000001],[-402.631836,-632.299316,130.084076,0.100000001],[-395.705963,-632.723938,130.234543,0.100000001],[-389.702972,-635.565002,130.296448,0.100000001],[-385.691589,-638.199158,130.321457,0.100000001]]}
{"class":"DecalRoad","persistentId":"58be2cd0-6636-4bc9-85a8-b8274a2b560a","__parent":"SimGroup_","position":[211.016815,842.411194,101.386726],"improvedSpline":true,"material":"road_invisible","nodes":[[211.016815,842.411194,101.386726,0.100000001],[205.065979,834.952332,101.404022,0.100000001],[201.370148,827.496765,101.787819,0.100000001],[202.229309,822.313599,101.901711,0.100000001],[206.941071,818.695679,101.967178,0.100000001],[213.180908,818.145813,102.029396,0.100000001],[219.345215,819.732239,102.122604,0.100000001],[223.159241,821.117798,102.216866,0.100000001]]}
{"class":"DecalRoad","persistentId":"5b01bf22-5620-4f7e-94a6-06d7607bd717","__parent":"SimGroup_","position":[83.0180969,838.143555,71.820076],"improvedSpline":true,"material":"road_invisible","nodes":[[83.0180969,838.143555,71.820076,0.100000001],[88.523407,851.153809,71.5190887,0.100000001],[91.6115417,866.577271,71.5978699,0.100000001],[92.50354,889.372437,71.780777,0.100000001]]}
{"class":"DecalRoad","persistentId":"6d1107b5-66ae-4aec-94af-7c191f150eda","__parent":"SimGroup_","position":[-614.029663,-645.435791,186.779541],"improvedSpline":true,"material":"road_invisible","nodes":[[-614.029663,-645.435791,186.779541,0.100000001],[-616.289246,-640.834839,186.752869,0.100000001],[-617.417114,-640.887817,186.503845,0.100000001],[-618.161377,-646.440002,186.507477,0.100000001],[-618.544373,-652.976074,186.671997,0.100000001],[-619.307861,-658.483276,186.779541,0.100000001]]}
{"class":"DecalRoad","persistentId":"74bd88fc-92e1-426d-ab41-0a920e00882d","__parent":"SimGroup_","position":[-817.109497,-158.331696,102.676689],"improvedSpline":true,"material":"road_invisible","nodes":[[-817.109497,-158.331696,102.676689,0.100000001],[-820.730164,-157.840973,102.952904,0.100000001],[-826.275879,-159.268158,102.857521,0.100000001]]}
{"class":"DecalRoad","persistentId":"77fdb654-7c50-424c-b57e-db2a44b5c749","__parent":"SimGroup_","position":[-950.980591,-448.014771,100.39579],"improvedSpline":true,"material":"BlankWhite","nodes":[[-950.980591,-448.014771,100.39579,0.100000001],[-944.031616,-459.563293,99.567009,0.100000001]]}
{"class":"DecalRoad","persistentId":"7aab99fc-e259-4de5-80c5-6a52331064c2","__parent":"SimGroup_","position":[532.356079,706.299438,124.618996],"improvedSpline":true,"material":"BlankWhite","nodes":[[532.356079,706.299438,124.618996,0.100000001],[528.643921,703.095947,124.724266,0.100000001],[524.622437,700.360352,124.682083,0.100000001]]}
{"class":"DecalRoad","persistentId":"7b77c694-3b33-4b21-a5bb-f66d3c654dd6","__parent":"SimGroup_","position":[-982.64209,-317.940948,101.778557],"improvedSpline":true,"material":"road_invisible","nodes":[[-982.64209,-317.940948,101.778557,0.100000001],[-982.113892,-321.068756,101.759842,0.100000001],[-981.059631,-325.671967,101.734245,0.100000001],[-979.210388,-330.886993,101.557724,0.100000001]]}
{"class":"DecalRoad","persistentId":"8401d4cb-e1c8-4bff-8e48-c4b7f9e7c6db","__parent":"SimGroup_","position":[-890.775635,-796.259521,114.04715],"improvedSpline":true,"material":"BlankWhite","nodes":[[-890.775635,-796.259521,114.04715,0.100000001],[-888.64032,-793.258789,114.024796,0.100000001],[-886.319397,-789.249512,113.936378,0.100000001],[-887.888977,-784.756104,113.73439,0.100000001],[-892.264587,-781.085571,113.540871,0.100000001],[-896.615723,-778.181885,113.422874,0.100000001],[-899.979492,-774.750732,113.321396,0.100000001],[-903.648315,-771.140015,113.208046,0.100000001]]}
{"class":"DecalRoad","persistentId":"88aee941-e132-4f01-a278-3e99ea613a2a","__parent":"SimGroup_","position":[-879.22168,-531.655029,106.379807],"improvedSpline":true,"material":"road_invisible","nodes":[[-879.22168,-531.655029,106.379807,0.100000001],[-876.631226,-523.582153,106.037582,0.100000001],[-874.425781,-515.390015,105.204536,0.100000001],[-873.229614,-507.87561,104.395645,0.100000001],[-874.801941,-504.402466,104.23011,0.100000001],[-880.005798,-502.598328,104.127251,0.100000001],[-887.724976,-502.809448,104.048698,0.100000001],[-896.392883,-504.430664,104.000175,0.100000001],[-902.715454,-506.667603,103.985954,0.100000001]]}
{"class":"DecalRoad","persistentId":"890cdfa9-76b6-4c1f-8153-df622ffa63d8","__parent":"SimGroup_","position":[-645.024414,62.770813,103.132637],"improvedSpline":true,"material":"road_invisible","nodes":[[-645.024414,62.770813,103.132637,0.100000001],[-652.837036,55.9178772,103.153015,0.100000001]]}
{"class":"DecalRoad","persistentId":"96ddd248-bda0-46ad-b97e-957a4ab5ffcf","__parent":"SimGroup_","position":[466.542633,804.834717,124.612534],"improvedSpline":true,"material":"road_invisible","nodes":[[466.542633,804.834717,124.612534,0.100000001],[460.149384,812.975769,124.752396,0.100000001],[454.933136,819.758789,124.546814,0.100000001]]}
{"class":"DecalRoad","persistentId":"99613d88-b346-4919-a2c6-db5d4f195313","__parent":"SimGroup_","position":[-954.985229,-451.037476,100.296257],"improvedSpline":true,"material":"BlankWhite","nodes":[[-954.985229,-451.037476,100.296257,0.100000001],[-948.128357,-462.209961,99.5232773,0.100000001]]}
{"class":"DecalRoad","persistentId":"a426d10f-47f9-4b75-b438-4c25f6e3fa35","__parent":"SimGroup_","position":[451.784454,1353.96973,0],"improvedSpline":true,"material":"road_invisible","nodes":[[451.784454,1353.96973,0,0.100000001],[459.309906,1352.86047,0,0.100000001],[465.142487,1352.47961,0,0.100000001],[471.267609,1354.70654,0,0.100000001],[476.891937,1360.10474,0,0.100000001],[480.774078,1369.20239,0,0.100000001],[487.704132,1393.33264,0,0.100000001],[490.208282,1404.71411,0,0.100000001]]}
{"class":"DecalRoad","persistentId":"b1b57b9f-6d60-499a-8004-dfe5843186eb","__parent":"SimGroup_","position":[-142.405045,152.181061,121.473106],"improvedSpline":true,"material":"road_invisible","nodes":[[-142.405045,152.181061,121.473106,0.100000001],[-144.899353,155.059586,121.434166,0.100000001],[-148.833588,158.885696,121.380424,0.100000001]]}
{"class":"DecalRoad","persistentId":"b7e047db-0d3f-457c-92e5-a29cccebb502","__parent":"SimGroup_","position":[651.52771,1552.48315,0],"improvedSpline":true,"material":"road_invisible","nodes":[[651.52771,1552.48315,0,0.100000001],[658.181335,1550.40088,0,0.100000001],[664.072327,1549.26392,0,0.100000001],[670.615173,1549.52271,0,0.100000001],[675.440613,1550.08337,0,0.100000001]]}
{"class":"DecalRoad","persistentId":"c3d40aa7-27fa-4e8d-97b9-93c442620f46","__parent":"SimGroup_","position":[-959.505249,-453.782715,100.283028],"improvedSpline":true,"material":"BlankWhite","nodes":[[-959.505249,-453.782715,100.283028,0.100000001],[-952.96106,-465.024902,99.4881287,0.100000001]]}
{"class":"DecalRoad","persistentId":"ca122e53-9b24-45e2-9356-6f3af42701da","__parent":"SimGroup_","position":[515.641724,663.928894,124.654709],"improvedSpline":true,"material":"road_invisible","nodes":[[515.641724,663.928894,124.654709,0.100000001],[512.081299,661.32782,124.701691,0.100000001],[502.457031,655.099487,124.821861,0.100000001]]}
{"class":"DecalRoad","persistentId":"cc359ead-84d8-4fcb-93be-b43e9a240915","__parent":"SimGroup_","position":[-968.953979,-459.60083,100.134605],"improvedSpline":true,"material":"BlankWhite","nodes":[[-968.953979,-459.60083,100.134605,0.100000001],[-962.892883,-469.381836,99.4804916,0.100000001]]}
{"class":"DecalRoad","persistentId":"d59f9dfb-b289-42b0-927a-338ce54e801c","__parent":"SimGroup_","position":[-371.147797,-848.49353,136.791153],"improvedSpline":true,"material":"BlankWhite","nodes":[[-371.147797,-848.49353,136.791153,0.100000001],[-339.939575,-807.897217,137.264084,0.100000001]]}
{"class":"DecalRoad","persistentId":"d9da1004-678e-4a19-925c-e5439b8db020","__parent":"SimGroup_","position":[-610.417236,-635.870361,186.779541],"improvedSpline":true,"material":"road_invisible","nodes":[[-610.417236,-635.870361,186.779541,0.100000001],[-613.138184,-632.700623,186.463852,0.100000001],[-616.15918,-631.245605,186.309647,0.100000001],[-618.768372,-631.015076,186.13974,0.100000001]]}
{"class":"DecalRoad","persistentId":"dfa80f66-0dea-4532-8f11-cf78d697a2d4","__parent":"SimGroup_","position":[-740.02771,-86.2667542,102.025719],"improvedSpline":true,"material":"road_invisible","nodes":[[-740.02771,-86.2667542,102.025719,0.100000001],[-744.92981,-82.8308105,101.940521,0.100000001],[-753.187378,-78.3320618,102.028122,0.100000001],[-758.93335,-72.6034546,102.281746,0.100000001],[-762.155945,-64.5358582,102.434265,0.100000001],[-761.67218,-58.0355835,101.959183,0.100000001],[-760.482178,-55.3615723,101.758659,0.100000001]]}
{"class":"DecalRoad","persistentId":"e029f9a6-a55f-44df-a786-d29f0dc967ca","__parent":"SimGroup_","position":[282.034943,851.616333,105.250488],"improvedSpline":true,"material":"road_invisible","nodes":[[282.034943,851.616333,105.250488,0.100000001],[269.542145,850.22168,104.358643,0.100000001],[261.741852,849.444275,103.798347,0.100000001],[255.82077,848.076599,103.296837,0.100000001]]}
{"class":"DecalRoad","persistentId":"e0a94454-65a1-492b-94da-7eee880aa563","__parent":"SimGroup_","position":[-537.50238,166.299988,100.485695],"improvedSpline":true,"material":"road_invisible","nodes":[[-537.50238,166.299988,100.485695,0.100000001],[-548.118103,160.067047,100.556152,0.100000001]]}
{"class":"DecalRoad","persistentId":"e13c3ba7-2b34-4a2c-9ac1-330496265ca5","__parent":"SimGroup_","position":[-904.921875,-413.648468,100.872787],"improvedSpline":true,"material":"BlankWhite","nodes":[[-904.921875,-413.648468,100.872787,0.100000001],[-895.804993,-426.220673,99.9318008,0.100000001]]}
{"class":"DecalRoad","persistentId":"e42685ac-33a7-444a-bc9f-56caf9935236","__parent":"SimGroup_","position":[-312.37677,-795.627563,136.978333],"improvedSpline":true,"material":"BlankWhite","nodes":[[-312.37677,-795.627563,136.978333,0.100000001],[-304.328827,-786.411133,137.235825,0.100000001]]}
{"class":"DecalRoad","persistentId":"ee0e7b3d-99fd-421e-b2e4-13fe05f92a2b","__parent":"SimGroup_","position":[540.555054,1444.50098,0],"improvedSpline":true,"material":"road_invisible","nodes":[[540.555054,1444.50098,0,0.100000001],[546.185364,1445.44092,0,0.100000001],[552.647339,1447.28589,0,0.100000001],[558.060364,1453.66138,0,0.100000001],[563.667664,1461.36169,0,0.100000001],[571.734924,1467.00684,0,0.100000001],[589.165466,1480.94653,0,0.100000001],[593.18512,1495.45068,0,0.100000001],[583.995544,1508.52881,0,0.100000001],[581.202698,1526.71387,0,0.100000001],[589.074036,1538.87109,0,0.100000001],[603.017517,1545.22607,0,0.100000001],[608.930664,1552.86255,0,0.100000001],[616.258301,1561.7262,0,0.100000001],[627.573792,1567.48792,0,0.100000001],[636.916565,1566.92114,0,0.100000001]]}
{"class":"DecalRoad","persistentId":"f0bf9f96-effb-4ff6-8703-710e81296265","__parent":"SimGroup_","position":[-914.026001,-536.825928,104.630638],"improvedSpline":true,"material":"road_invisible","nodes":[[-914.026001,-536.825928,104.630638,0.100000001],[-908.683716,-529.182678,104.502182,0.100000001],[-902.98053,-523.68457,104.429398,0.100000001],[-896.000793,-521.891357,104.464577,0.100000001],[-892.213623,-523.843506,104.558426,0.100000001]]}
{"class":"DecalRoad","persistentId":"f7d06704-c633-4ff6-aa41-9a275f0ba9a2","__parent":"SimGroup_","position":[-413.260345,135.102692,100.11496],"improvedSpline":true,"material":"road_invisible","nodes":[[-413.260345,135.102692,100.11496,0.100000001],[-425.55307,135.248383,99.913765,0.100000001],[-437.068268,137.773148,99.820488,0.100000001],[-462.996552,145.717117,100.147652,0.100000001],[-483.995239,152.281754,100.196686,0.100000001]]}
{"class":"DecalRoad","persistentId":"f82eb32f-6b52-4fa4-8fd2-a4fe60b11844","__parent":"SimGroup_","position":[-106.469437,93.3678894,124.709717],"improvedSpline":true,"material":"road_invisible","nodes":[[-106.469437,93.3678894,124.709717,0.100000001],[-101.394867,88.3649902,124.982597,0.100000001],[-96.0229492,86.7350769,125.157158,0.100000001],[-88.7068176,87.3379822,125.281364,0.100000001],[-82.9909973,91.9836121,125.546089,0.100000001]]}
{"name":"SimGroup_","class":"SimGroup","persistentId":"648e84a5-b1e0-41a5-8286-142f8bcc452e","groupPosition":"-272.04648946787 75.318726081353 111.22428137709"}
{"class":"TSStatic","persistentId":"00842c41-6012-4fd2-a5a2-fa7c11d56d9c","__parent":"SimGroup_","position":[115.379242,383.961456,125.179604],"isRenderEnabled":false,"rotationMatrix":[-0.794436336,-0.606825113,-0.0251876451,0.607093453,-0.79222095,-0.0618358254,0.0175693482,-0.0644158721,0.997768462],"shapeName":"/levels/west_coast_usa/art/shapes/objects/barrierfence_plain.dae","useInstanceRenderData":true}
{"class":"TSStatic","persistentId":"019abac9-3f98-4c95-9caf-5f26377bf7fb","__parent":"SimGroup_","position":[167.955139,400.203369,127.832481],"isRenderEnabled":false,"rotationMatrix":[-0.90025878,-0.43387714,-0.0358435549,0.435315818,-0.898228645,-0.0607072711,-0.00585621223,-0.070255518,0.997511864],"shapeName":"/levels/west_coast_usa/art/shapes/objects/barrierfence_plain.dae","useInstanceRenderData":true}
{"class":"TSStatic","persistentId":"01f90506-2d04-4c3e-aff4-c40440a40a3a","__parent":"SimGroup_","position":[-758.120667,-73.7443848,102.105751],"isRenderEnabled":false,"rotationMatrix":[0.790705502,0.604432642,-0.0971905142,-0.595173657,0.796147168,0.10916964,0.143363655,-0.0284757987,0.989260316],"shapeName":"/levels/west_coast_usa/art/shapes/objects/constructionbarrier.dae","useInstanceRenderData":true}
{"class":"TSStatic","persistentId":"0260f25f-e53e-4042-9fce-542009b3877c","__parent":"SimGroup_","position":[215.00705,833.436523,101.41478],"isRenderEnabled":false,"shapeName":"/levels/west_coast_usa/art/shapes/objects/sandbarrel.dae","useInstanceRenderData":true}
{"class":"TSStatic","persistentId":"02f991e4-3540-44b8-982c-6a72f9c3463d","__parent":"SimGroup_","position":[-31.6976013,262.256348,120.455315],"isRenderEnabled":false,"rotationMatrix":[-0.470864654,0.881941438,-0.0215831101,-0.881717682,-0.471276879,-0.0217260253,-0.0293327011,0.0088001918,0.999530971],"shapeName":"/levels/west_coast_usa/art/shapes/objects/barrierfence_plain.dae","useInstanceRenderData":true}
{"class":"TSStatic","persistentId":"03202f5d-8289-4b2f-b8b2-015d6981881a","__parent":"SimGroup_","position":[-156.474121,137.910126,121.59671],"isRenderEnabled":false,"rotationMatrix":[0.552498102,0.8335042,-0.00406584144,-0.83349061,0.552512646,0.00481879944,0.006262918,0.000726462808,0.999980152],"shapeName":"/levels/west_coast_usa/art/shapes/objects/constructionbarrier.dae","useInstanceRenderData":true}
{"class":"TSStatic","persistentId":"03385c71-a79f-4729-bc9e-5ca87baab2ff","__parent":"SimGroup_","position":[387.902985,584.428711,124.956985],"isRenderEnabled":false,"rotationMatrix":[-0.607404828,0.794392586,-7.4505806e-09,-0.78227818,-0.598141909,-0.173974872,-0.138204336,-0.105673142,0.984750092],"shapeName":"/levels/west_coast_usa/art/shapes/objects/platform_ramp.dae","useInstanceRenderData":true}
{"class":"TSStatic","persistentId":"034a342e-9b1b-408a-a053-058caccacd1c","__parent":"SimGroup_","position":[-454.508148,143.071594,100.052124],"isRenderEnabled":false,"rotationMatrix":[0.298194349,0.954466581,0.00857796147,-0.954483032,0.29811424,0.00948614813,0.00649699941,-0.0110162348,0.999918222],"shapeName":"/levels/west_coast_usa/art/shapes/objects/constructionbarrier.dae","useInstanceRenderData":true}
{"class":"TSStatic","persistentId":"040366b6-be5e-44e4-b3a8-16f120ed1b4a","__parent":"SimGroup_","position":[-895.369385,-429.683014,99.7225723],"isRenderEnabled":false,"rotationMatrix":[-0.758433819,0.651750147,-2.91038305e-11,-0.651749432,-0.758432984,-0.00147914758,-0.000964034698,-0.00112183543,0.999998927],"shapeName":"/levels/west_coast_usa/art/shapes/objects/constructionbarrier.dae","useInstanceRenderData":true}
{"class":"TSStatic","persistentId":"0428b604-e651-4e0b-8e3b-89fffa10b72a","__parent":"SimGroup_","position":[-611.642029,-634.311279,186.503159],"isRenderEnabled":false,"rotationMatrix":[0.781944513,0.622214198,-0.0375803262,-0.623124719,0.778629005,-0.0738402829,-0.0166833457,0.0811562315,0.996561766],"shapeName":"/levels/west_coast_usa/art/shapes/objects/constructionbarrier.dae","useInstanceRenderData":true}
{"class":"TSStatic","persistentId":"0436faa5-9e0a-4a6e-8cee-3d9592be8a71","__parent":"SimGroup_","position":[410.095734,840.152588,127.987137],"isRenderEnabled":false,"rotationMatrix":[0.186371982,-0.937823415,-0.292835623,0.98231113,0.172356129,0.0732002333,-0.0181768537,-0.301298171,0.953356743],"shapeName":"/levels/west_coast_usa/art/shapes/objects/constructionbarrier.dae","useInstanceRenderData":true}
{"class":"TSStatic","persistentId":"04a0f307-cedb-4bac-8cb1-c2b42a10d96a","__parent":"SimGroup_","position":[-449.472137,156.112854,100.163925],"isRenderEnabled":false,"rotationMatrix":[0.225294411,0.974238217,0.0101127736,-0.974273026,0.225215733,0.00835969113,0.00586677575,-0.0117359944,0.999913931],"shapeName":"/levels/west_coast_usa/art/shapes/objects/constructionbarrier.dae","useInstanceRenderData":true}
{"class":"TSStatic","persistentId":"04a4f899-ff7a-4162-85de-39a816a56462","__parent":"SimGroup_","position":[204.909119,834.706421,101.397842],"isRenderEnabled":false,"rotationMatrix":[-0.537555099,-0.842623711,-0.0319326743,0.843182683,-0.537535429,-0.00992797688,-0.00879939832,-0.0322619155,0.99944073],"shapeName":"/levels/west_coast_usa/art/shapes/objects/barrierfence_plain.dae","useInstanceRenderData":true}
{"class":"TSStatic","persistentId":"04cc1060-7d5a-4dc6-aef7-c6a8f73602c0","__parent":"SimGroup_","position":[-33.1717834,267.630615,120.384262],"isRenderEnabled":false,"rotationMatrix":[-0.027422905,0.999551237,-0.0120544415,-0.999555051,-0.0275605917,-0.0114090983,-0.0117362067,0.0117362067,0.999862254],"shapeName":"/levels/west_coast_usa/art/shapes/objects/barrierfence_plain.dae","useInstanceRenderData":true}
{"class":"TSStatic","persistentId":"05a8dfb5-952e-43eb-807f-97243d35d8ee","__parent":"SimGroup_","position":[-944.31665,-459.089844,99.5990677],"isRenderEnabled":false,"rotationMatrix":[-0.514632463,0.855324864,0.0597737543,-0.857090712,-0.515093803,-0.00860057957,0.0234328024,-0.0556576625,0.998174906],"shapeName":"/levels/west_coast_usa/art/shapes/objects/s_gm_suspension_bump_2x4_a.dae","useInstanceRenderData":true}
{"class":"TSStatic","persistentId":"05eb86d2-7bb5-4b63-81c8-751b6298a826","__parent":"SimGroup_","position":[32.8460693,763.787048,74.9534073],"isRenderEnabled":false,"rotationMatrix":[0.0169599652,-0.99985534,0.00121157337,0.999746978,0.0169402361,-0.0147960884,0.0147734256,0.00146220718,0.999889791],"shapeName":"/levels/west_coast_usa/art/shapes/race/race_rally_gate.dae","useInstanceRenderData":true}
{"class":"TSStatic","persistentId":"067453cb-38f5-41cf-88d7-0c67c415b14a","__parent":"SimGroup_","position":[-85.7006226,89.4188232,125.377937],"isRenderEnabled":false,"rotationMatrix":[-0.755186319,-0.654850006,-0.0294137225,0.65548408,-0.754796743,-0.0249503646,-0.00586263742,-0.0381224006,0.999255896],"shapeName":"/levels/west_coast_usa/art/shapes/objects/barrierfence_plain.dae","useInstanceRenderData":true}
{"class":"TSStatic","persistentId":"073a99e3-453b-405b-a5f3-6c140d6b1610","__parent":"SimGroup_","position":[538.385376,682.164612,124.629326],"isRenderEnabled":false,"rotationMatrix":[-0.899530053,0.436807126,0.00671616662,-0.436701864,-0.899512768,0.0129693756,0.0117063941,0.00873338152,0.999893367],"shapeName":"/levels/west_coast_usa/art/shapes/objects/constructionbarrier.dae","useInstanceRenderData":true}
{"class":"TSStatic","persistentId":"07476190-aaa6-4565-91aa-ab6716df526f","__parent":"SimGroup_","position":[-344.586731,-813.942505,137.264938],"isRenderEnabled":false,"rotationMatrix":[0.609231114,0.79288578,-0.0130255911,-0.791037679,0.608799815,0.0601850003,0.0556498095,-0.0263628419,0.998102248],"shapeName":"/levels/west_coast_usa/art/shapes/objects/barrierfence_plain.dae","useInstanceRenderData":true}
{"class":"TSStatic","persistentId":"076c6e4f-9f0f-490a-a3ca-0c87d2a4471c","__parent":"SimGroup_","position":[318.440948,831.309326,122.04937],"isRenderEnabled":false,"rotationMatrix":[-0.646454573,-0.761126459,-0.0527526438,0.746100247,-0.645114779,0.164806917,-0.159470424,0.0671814382,0.984914124],"shapeName":"/levels/west_coast_usa/art/shapes/objects/constructionbarrier.dae","useInstanceRenderData":true}
{"class":"TSStatic","persistentId":"091d43d0-f0b1-4ed7-aff1-c7fe8e6174ce","__parent":"SimGroup_","position":[-472.785797,162.548981,100.339981],"isRenderEnabled":false,"rotationMatrix":[0.282124221,0.959113479,0.0225194693,-0.959377646,0.282061577,0.00597802922,-0.000618268736,-0.0232912246,0.99972856],"shapeName":"/levels/west_coast_usa/art/shapes/objects/constructionbarrier.dae","useInstanceRenderData":true}
{"class":"TSStatic","persistentId":"09f7308e-99aa-492b-b180-17a0cbea5015","__parent":"SimGroup_","position":[325.166412,826.943298,122.629784],"isRenderEnabled":false,"rotationMatrix":[-0.480644703,-0.875128388,-0.055955559,0.874873281,-0.482900381,0.0374688841,-0.0598110408,-0.0309448037,0.997729957],"shapeName":"/levels/west_coast_usa/art/shapes/objects/constructionbarrier.dae","useInstanceRenderData":true}
{"class":"TSStatic","persistentId":"0a5057e7-1e91-4140-be15-280c986b137b","__parent":"SimGroup_","position":[-646.539612,61.4417419,103.191353],"isRenderEnabled":false,"rotationMatrix":[-0.659358859,0.751796842,0.00688771391,-0.751639605,-0.659370899,0.0163656864,0.01684523,0.00561378151,0.999842346],"shapeName":"/levels/west_coast_usa/art/shapes/objects/constructionbarrier.dae","useInstanceRenderData":true}
{"class":"TSStatic","persistentId":"0a95b916-1cf8-4c58-a33b-579cfaf9d6a1","__parent":"SimGroup_","position":[-652.602112,56.1239014,103.16095],"isRenderEnabled":false,"rotationMatrix":[-0.659365892,0.751816928,-0.00278297625,-0.751531303,-0.659209371,-0.0253715068,-0.0209092945,-0.0146376146,0.999674201],"shapeName":"/levels/west_coast_usa/art/shapes/objects/constructionbarrier.dae","useInstanceRenderData":true}
{"class":"TSStatic","persistentId":"0abb21eb-f5b8-410f-a7fd-fe88dc2031a7","__parent":"SimGroup_","position":[525.216187,700.752136,124.69812],"isRenderEnabled":false,"rotationMatrix":[0.836993933,0.545984864,0.0366301015,-0.546260595,0.837610304,-0.00288728718,-0.0322581679,-0.0175929405,0.999324739],"shapeName":"/levels/west_coast_usa/art/shapes/race/curbramp.dae","useInstanceRenderData":true}
{"class":"TSStatic","persistentId":"0b787067-74e2-471a-bd33-5aa36f0bb08a","__parent":"SimGroup_","position":[-450.658722,141.871323,100.009575],"isRenderEnabled":false,"rotationMatrix":[0.296354651,0.955039263,0.00860087946,-0.95504272,0.296254337,0.0112616289,0.00820724852,-0.0115516447,0.999899566],"shapeName":"/levels/west_coast_usa/art/shapes/objects/constructionbarrier.dae","useInstanceRenderData":true}
{"class":"TSStatic","persistentId":"0b9757c0-36de-4d97-b144-27a794e272ff","__parent":"SimGroup_","position":[-641.609802,59.8912354,103.147789],"isRenderEnabled":false,"rotationMatrix":[-0.685140729,0.728411317,9.31322575e-10,-0.728093028,-0.684841394,0.0295582674,0.0215305723,0.020251561,0.999563038],"shapeName":"/levels/west_coast_usa/art/shapes/objects/landingramp_shallow_long.dae","useInstanceRenderData":true}
{"class":"TSStatic","persistentId":"0d00b7e4-bef5-4cd6-b4be-de057832419c","__parent":"SimGroup_","position":[-356.647491,-848.433472,136.188431],"isRenderEnabled":false,"rotationMatrix":[-0.633077145,-0.774077654,0.00412328728,0.773288488,-0.632655978,-0.0420851335,0.0351857841,-0.0234546456,0.999105513],"shapeName":"/levels/west_coast_usa/art/shapes/objects/barrierfence_plain.dae","useInstanceRenderData":true}
{"class":"TSStatic","persistentId":"0d774024-f2ff-4125-b7d8-fca9e54c9add","__parent":"SimGroup_","position":[-386.263367,-637.803101,130.319016],"isRenderEnabled":false,"rotationMatrix":[-0.577465892,-0.816215158,-0.0180558935,0.816245079,-0.577655554,0.00762089761,-0.0166503787,-0.0103372242,0.999807954],"shapeName":"/levels/west_coast_usa/art/shapes/objects/constructionbarrier.dae","useInstanceRenderData":true}
{"class":"TSStatic","persistentId":"0d7f032b-379f-4613-8690-48afa130373e","__parent":"SimGroup_","position":[-942.188843,-460.669189,99.4570084],"isRenderEnabled":false,"rotationMatrix":[-0.441833735,0.894981623,0.0615703911,-0.89667356,-0.44269228,0.000339213759,0.0275603253,-0.0550586618,0.998102665],"shapeName":"/levels/west_coast_usa/art/shapes/objects/constructionbarrier.dae","useInstanceRenderData":true}
{"class":"TSStatic","persistentId":"0e2cd3d0-5a7f-4341-81c1-700d56844a0c","__parent":"SimGroup_","position":[-361.721985,-836.2323,136.796417],"isRenderEnabled":false,"rotationMatrix":[0.609370351,0.792691529,0.0175474342,-0.792230546,0.607818127,0.0541110225,0.032227695,-0.0468752645,0.998380721],"shapeName":"/levels/west_coast_usa/art/shapes/objects/barrierfence_plain.dae","useInstanceRenderData":true}
{"class":"TSStatic","persistentId":"0e7ce953-184d-4f74-a72d-1f60ef56cb07","__parent":"SimGroup_","position":[-899.500854,-421.124054,100.360931],"isRenderEnabled":false,"rotationMatrix":[-0.585624576,0.807632506,0.0690900236,-0.809545457,-0.587056756,0.000527886674,0.0409861095,-0.0556223765,0.997610271],"shapeName":"/levels/west_coast_usa/art/shapes/objects/s_gm_suspension_bump_2x4_a.dae","useInstanceRenderData":true}
{"class":"TSStatic","persistentId":"0eb3b6d6-1d2f-45b4-82fa-21fe4a97f62a","__parent":"SimGroup_","position":[-617.918823,-643.985474,186.469269],"isRenderEnabled":false,"rotationMatrix":[-0.928521752,0.0971403793,-0.358345211,-0.110829093,-0.99368,0.017806191,-0.354350746,0.0562485047,0.933419347],"shapeName":"/levels/west_coast_usa/art/shapes/objects/constructionbarrier.dae","useInstanceRenderData":true}
{"class":"TSStatic","persistentId":"0ee360fe-59b0-4478-945a-27760d06d0bf","__parent":"SimGroup_","position":[-886.446899,-787.788208,113.87442],"isRenderEnabled":false,"rotationMatrix":[0.219789267,-0.97455889,0.0439046957,0.975388825,0.220342219,0.00811979361,-0.0175872706,0.0410395041,0.999002755],"shapeName":"/levels/west_coast_usa/art/shapes/objects/barrierfence_plain.dae","useInstanceRenderData":true}
{"class":"TSStatic","persistentId":"113f9ecc-2c0e-4f12-9cb6-f74f7ba163db","__parent":"SimGroup_","position":[-441.610809,154.314102,100.085587],"isRenderEnabled":false,"rotationMatrix":[0.220644653,0.975301445,0.0101533923,-0.975333393,0.220559895,0.00883819256,0.00638047047,-0.0118530421,0.999909401],"shapeName":"/levels/west_coast_usa/art/shapes/objects/constructionbarrier.dae","useInstanceRenderData":true}
{"class":"TSStatic","persistentId":"1256b79c-cb4a-4954-b6c3-0503944f85e0","__parent":"SimGroup_","position":[-990.477173,-489.714355,99.0851059],"isRenderEnabled":false,"rotationMatrix":[-0.70098412,0.71143645,0.0497975871,-0.71257478,-0.701551676,-0.00791534036,0.0293043125,-0.0410330296,0.998727977],"shapeName":"/levels/west_coast_usa/art/shapes/objects/constructionbarrier.dae","useInstanceRenderData":true}
{"class":"TSStatic","persistentId":"127caab0-c31a-4b42-a677-a976e067836d","__parent":"SimGroup_","position":[124.701172,390.239258,125.504951],"isRenderEnabled":false,"rotationMatrix":[-0.806592226,-0.572900534,-0.145581722,0.588377476,-0.801782131,-0.104678392,-0.0567545108,-0.170089781,0.983792841],"shapeName":"/levels/west_coast_usa/art/shapes/objects/barrierfence_plain.dae","useInstanceRenderData":true}
{"class":"TSStatic","persistentId":"1346178c-4a8c-47d3-a497-2ae8893ee176","__parent":"SimGroup_","position":[-939.835449,-272.611359,102.239685],"isRenderEnabled":false,"shapeName":"/levels/west_coast_usa/art/shapes/objects/sandbarrel.dae","useInstanceRenderData":true}
{"class":"TSStatic","persistentId":"13706b50-5bea-4d7f-93d9-795ad04d059a","__parent":"SimGroup_","position":[-477.60437,150.276443,100.183609],"isRenderEnabled":false,"rotationMatrix":[0.299400568,0.954125583,0.00192063709,-0.954121888,0.299405098,-0.0028156992,-0.0032615792,-0.000989499968,0.999994218],"shapeName":"/levels/west_coast_usa/art/shapes/objects/constructionbarrier.dae","useInstanceRenderData":true}
{"class":"TSStatic","persistentId":"140150e4-f385-4335-ac73-796731086c52","__parent":"SimGroup_","position":[-953.549194,-464.014526,99.5589523],"isRenderEnabled":false,"rotationMatrix":[-0.502208114,0.862567246,0.061359141,-0.864345014,-0.502872348,-0.00521325506,0.0263590254,-0.0556536093,0.998102129],"shapeName":"/levels/west_coast_usa/art/shapes/objects/s_gm_suspension_bump_2x4_a.dae","useInstanceRenderData":true}
{"class":"TSStatic","persistentId":"14150f98-036e-436a-a956-7240b0d2c0c7","__parent":"SimGroup_","position":[203.468689,923.050171,71.5486832],"isRenderEnabled":false,"rotationMatrix":[0.580584228,-0.812351823,-0.054831516,0.812956572,0.58210212,-0.0160848312,0.0449840836,-0.0352370404,0.998366058],"shapeName":"/levels/west_coast_usa/art/shapes/objects/constructionbarrier.dae","useInstanceRenderData":true}
{"class":"TSStatic","persistentId":"14d56048-09b0-4e11-87ec-8d9a192041a5","__parent":"SimGroup_","position":[119.964417,387.212921,125.325974],"isRenderEnabled":false,"rotationMatrix":[-0.779456139,-0.619883955,-0.0905090347,0.623472631,-0.753519177,-0.208543926,0.0610727258,-0.218980759,0.973815978],"shapeName":"/levels/west_coast_usa/art/shapes/objects/barrierfence_plain.dae","useInstanceRenderData":true}
{"class":"TSStatic","persistentId":"15318217-c7a4-4138-a805-b8a3d81f4c1e","__parent":"SimGroup_","position":[-337.06781,-824.490601,136.592697],"isRenderEnabled":false,"rotationMatrix":[-0.633070469,-0.774093091,-0.00125704519,0.773006737,-0.632094264,-0.0540131778,0.0410166606,-0.0351658538,0.998539448],"shapeName":"/levels/west_coast_usa/art/shapes/objects/barrierfence_plain.dae","useInstanceRenderData":true}
{"class":"TSStatic","persistentId":"1585eecc-d90a-4813-a21a-93215a5313cf","__parent":"SimGroup_","position":[213.798309,832.391785,101.5672],"isRenderEnabled":false,"shapeName":"/levels/west_coast_usa/art/shapes/objects/sandbarrel.dae","useInstanceRenderData":true}
{"class":"TSStatic","persistentId":"15a007d9-9fb7-47f2-b5fc-7aa76f8c7193","__parent":"SimGroup_","position":[503.938751,656.053162,124.820374],"isRenderEnabled":false,"rotationMatrix":[-0.540330648,0.841245413,0.0186844897,-0.841347218,-0.540481448,0.00384328747,0.0133317653,-0.0136434976,0.999818027],"shapeName":"/levels/west_coast_usa/art/shapes/objects/constructionbarrier.dae","useInstanceRenderData":true}
