{"class":"DecalRoad","persistentId":"3c22cb74-746d-4bca-9aac-1910a004b9a2","__parent":"SimGroup_","position":[129.25975,892.478455,71.7815399],"improvedSpline":true,"material":"road_invisible","nodes":[[129.25975,892.478455,71.7815399,0.100000001],[124.576675,890.389709,71.3273392,0.100000001],[117.974747,886.315735,71.3270721,0.100000001],[114.249008,883.453918,71.449234,0.100000001]]}
{"class":"DecalRoad","persistentId":"3d200cca-397d-45d8-b352-bcf3aee7f88e","__parent":"SimGroup_","position":[92.5935593,866.685181,71.658165],"improvedSpline":true,"material":"road_invisible","nodes":[[92.5935593,866.685181,71.658165,0.100000001],[85.7097321,859.395142,71.510231,0.100000001],[77.4002686,849.725037,71.6608658,0.100000001],[71.3442993,842.034363,71.7870941,0.100000001]]}
{"class":"DecalRoad","persistentId":"4231c22a-98a5-414f-865c-ceb5889e825e","__parent":"SimGroup_","position":[167.27298,804.44104,102.119499],"improvedSpline":true,"material":"road_invisible","nodes":[[167.27298,804.44104,102.119499,0.100000001],[171.800461,805.608887,102.085426,0.100000001],[177.097717,807.181213,102.054489,0.100000001],[186.130463,810.413574,102.017914,0.100000001],[198.369217,815.884155,101.93885,0.100000001],[207.496857,825.052795,101.904617,0.100000001],[214.748566,834.40564,101.408508,0.100000001]]}
{"class":"DecalRoad","persistentId":"5ae1fa25-c73c-47c7-9a88-382e4968db27","__parent":"SimGroup_","position":[184.837982,893.306396,71.8958435],"improvedSpline":true,"material":"road_invisible","nodes":[[184.837982,893.306396,71.8958435,0.100000001],[181.677185,895.370178,71.5928879,0.100000001],[175.980942,896.667175,71.8128204,0.100000001],[171.25238,896.321289,71.9641647,0.100000001]]}
{"class":"DecalRoad","persistentId":"db51cb05-d705-4a11-87aa-d5cc05bc87cc","__parent":"SimGroup_","position":[292.624847,962.835571,71.4628143],"improvedSpline":true,"material":"road_invisible","nodes":[[292.624847,962.835571,71.4628143,0.100000001],[288.703308,963.975159,71.3094406,0.100000001],[283.925842,964.184326,71.152916,0.100000001],[278.03183,963.252319,71.0969467,0.100000001],[272.232483,961.026611,70.7889175,0.100000001],[266.240204,958.267029,70.8203354,0.100000001]]}
{"name":"NewMeshRoad2","class":"MeshRoad","persistentId":"2b97a39e-b3a2-4f50-af29-1a5d028153f1","__parent":"SimGroup_","position":[101.203468,582.511719,81.2893524],"nodes":[[101.203468,582.511719,79.1186829,6,1,0,0,1],[94.9946518,579.237671,79.1039886,6,1,0,0,1],[92.2839432,577.766663,78.7086639,6,1,0,0,1]],"sideMaterial":"ind_metal_rust","textureLength":3,"topMaterial":"ind_metal_grate"}
{"name":"NewMeshRoad","class":"MeshRoad","persistentId":"a6634987-749e-4ca0-affa-7c1a54f5789c","__parent":"SimGroup_","position":[266.623657,908.938904,85.2777481],"bottomMaterial":"ind_metal_rust","nodes":[[266.623657,908.938904,83.1094971,3.99999857,0.899999976,0,0,1],[261.878723,902.506287,86.2401428,3.99999857,0.899999976,0,0,1],[258.854675,898.051086,87.6434402,3.99999857,0.899999976,0,0,1]],"sideMaterial":"ind_metal_rust","textureLength":2,"topMaterial":"ind_metal_grate"}
{"name":"SimGroup_","class":"SimGroup","persistentId":"dce08a2d-d487-4cce-a76d-7920e3aa2cee","groupPosition":"141.77430666907 805.45061635163 80.600022526111"}
{"class":"TSStatic","persistentId":"10703f89-e59b-4f7f-98cf-362773d9cac3","__parent":"SimGroup_","position":[192.110703,812.726807,101.981812],"isRenderEnabled":false,"rotationMatrix":[0.376402974,-0.926436961,0.00594475679,0.926439941,0.37635088,-0.00831134152,0.00546261948,0.00863587391,0.999947786],"shapeName":"/levels/rls_west_coast_usa/art/shapes/objects/constructionbarrier.dae","useInstanceRenderData":true}
{"class":"TSStatic","persistentId":"10972173-2541-46f4-a5dc-14c0b5208638","__parent":"SimGroup_","position":[267.582306,958.898926,70.7994461],"isRenderEnabled":false,"rotationMatrix":[-0.427479625,0.904021204,-0.00265194802,-0.904025018,-0.427478433,0.00103719579,-0.000196003355,0.00284080743,0.999995947],"shapeName":"/levels/rls_west_coast_usa/art/shapes/objects/constructionbarrier.dae","useInstanceRenderData":true}
{"class":"TSStatic","persistentId":"1155076e-2186-4ee9-abf8-7122f802a4a5","__parent":"SimGroup_","position":[102.160202,578.201172,79.2746582],"isRenderEnabled":false,"rotationMatrix":[0.687520385,0.721606195,0.0812426955,-0.717727363,0.692271113,-0.0750210881,-0.110377654,-0.00673157349,0.99386692],"shapeName":"/levels/rls_west_coast_usa/art/shapes/objects/constructionbarrier.dae","useInstanceRenderData":true}
{"class":"TSStatic","persistentId":"134c35a0-64f1-4b86-a392-36bf4e9bf921","__parent":"SimGroup_","position":[278.758881,963.433899,71.0929031],"isRenderEnabled":false,"rotationMatrix":[-0.225407958,0.974258184,0.00351922307,-0.974264026,-0.225409865,0.000163815334,0.000952865812,-0.00339172734,0.999993801],"shapeName":"/levels/rls_west_coast_usa/art/shapes/objects/constructionbarrier.dae","useInstanceRenderData":true}
{"class":"TSStatic","persistentId":"17a3c880-ace9-4456-a861-f383b9517290","__parent":"SimGroup_","position":[21.7490616,538.149414,74.5791702],"isRenderEnabled":false,"rotationMatrix":[0.995325923,-0.0965726674,0,0.0965726674,0.995325923,0,0,0,1],"shapeName":"/levels/rls_west_coast_usa/art/shapes/objects/constructionbarrier.dae","useInstanceRenderData":true}
{"class":"TSStatic","persistentId":"19c86555-4ce1-4b31-83c7-b45fc7a5771b","__parent":"SimGroup_","position":[91.1979294,865.231934,71.5852356],"isRenderEnabled":false,"rotationMatrix":[-0.719433069,0.694402814,-0.0148548717,-0.69389236,-0.719514132,-0.0285092872,-0.0304852203,-0.0102028456,0.999483168],"shapeName":"/levels/rls_west_coast_usa/art/shapes/objects/constructionbarrier.dae","useInstanceRenderData":true}
{"class":"TSStatic","persistentId":"1be16543-5494-4b82-aa20-b221b27301c1","__parent":"SimGroup_","position":[127.409248,891.720886,71.5224457],"isRenderEnabled":false,"rotationMatrix":[-0.383551002,0.92325139,-0.0222606286,-0.917739034,-0.3837322,-0.102492049,-0.103168048,-0.0188814774,0.994484723],"shapeName":"/levels/rls_west_coast_usa/art/shapes/objects/constructionbarrier.dae","useInstanceRenderData":true}
{"class":"TSStatic","persistentId":"21da9207-c638-4be3-a5a7-7f4a46fb486c","__parent":"SimGroup_","position":[210.158951,828.29657,101.864777],"isRenderEnabled":false,"rotationMatrix":[0.789126039,-0.613602579,0.027784586,0.614138544,0.788985193,-0.0183342192,-0.0106717041,0.0315315947,0.999445796],"shapeName":"/levels/rls_west_coast_usa/art/shapes/objects/constructionbarrier.dae","useInstanceRenderData":true}
{"class":"TSStatic","persistentId":"23b9dfe5-0415-4114-a9e4-ae1595506163","__parent":"SimGroup_","position":[47.3115845,772.135559,74.7263031],"isRenderEnabled":false,"rotationMatrix":[0.589761853,-0.807577133,0,0.807577133,0.589761853,0,0,0,1],"shapeName":"/levels/rls_west_coast_usa/art/shapes/objects/constructionbarrier.dae","useInstanceRenderData":true}
{"class":"TSStatic","persistentId":"27c98ff2-82e1-483a-9953-d1c849bfbbe0","__parent":"SimGroup_","position":[175.575836,896.691406,71.8346481],"isRenderEnabled":false,"rotationMatrix":[0.0640528798,0.99435997,0.0845314488,-0.996740222,0.0595818758,0.0543967858,0.049053438,-0.0877401605,0.994934857],"shapeName":"/levels/rls_west_coast_usa/art/shapes/objects/constructionbarrier.dae","useInstanceRenderData":true}
{"class":"TSStatic","persistentId":"29f010d1-4081-4ca2-bad9-98da69657e81","__parent":"SimGroup_","position":[179.536972,896.021057,71.5735092],"isRenderEnabled":false,"rotationMatrix":[0.241614044,0.970222652,-0.0170502253,-0.968438208,0.24220407,0.0588622987,0.0612391718,0.0022901278,0.998120487],"shapeName":"/levels/rls_west_coast_usa/art/shapes/objects/constructionbarrier.dae","useInstanceRenderData":true}
{"class":"TSStatic","persistentId":"2a0a582f-0a99-4988-8bc3-af121fe3318e","__parent":"SimGroup_","position":[271.240936,960.594177,70.7881241],"isRenderEnabled":false,"rotationMatrix":[-0.405151486,0.914223909,-0.00685906271,-0.914246917,-0.405120492,0.0054868795,0.00223748991,0.00849389378,0.999961436],"shapeName":"/levels/rls_west_coast_usa/art/shapes/objects/constructionbarrier.dae","useInstanceRenderData":true}
{"class":"TSStatic","persistentId":"2b044b4c-9f19-4ead-807f-695a2be9720e","__parent":"SimGroup_","position":[212.591095,831.506165,101.683189],"isRenderEnabled":false,"rotationMatrix":[0.802229643,-0.584306955,0.122527778,0.594808698,0.799880505,-0.079961203,-0.051285699,0.13702783,0.989238679],"shapeName":"/levels/rls_west_coast_usa/art/shapes/objects/constructionbarrier.dae","useInstanceRenderData":true}
{"class":"TSStatic","persistentId":"2b3cad8e-e151-43db-8dab-9093eb0fa577","__parent":"SimGroup_","position":[21.9323196,536.801025,74.8671875],"isRenderEnabled":false,"rotationMatrix":[-0.555852056,0.831281543,0,-0.831281543,-0.555852056,0,0,0,1],"shapeName":"/levels/rls_west_coast_usa/art/shapes/race/sign_finish.dae","useInstanceRenderData":true}
{"class":"TSStatic","persistentId":"2c4dd141-7f1a-4fa2-84ee-2dda74292e34","__parent":"SimGroup_","position":[123.797585,889.95105,71.3090515],"isRenderEnabled":false,"rotationMatrix":[-0.497840166,0.866293728,-0.0411133654,-0.866451442,-0.498869538,-0.0197780635,-0.0376438163,0.0257764217,0.998958707],"shapeName":"/levels/rls_west_coast_usa/art/shapes/objects/constructionbarrier.dae","useInstanceRenderData":true}
{"class":"TSStatic","persistentId":"2e7e8cd4-9def-4baa-bca9-2b56d3f5de92","__parent":"SimGroup_","position":[290.713043,963.471741,71.3944397],"isRenderEnabled":false,"rotationMatrix":[0.296056628,0.953810036,-0.0509601794,-0.954849184,0.294151902,-0.0416870192,-0.0247714631,0.0610010028,0.997830272],"shapeName":"/levels/rls_west_coast_usa/art/shapes/objects/constructionbarrier.dae","useInstanceRenderData":true}
{"class":"TSStatic","persistentId":"3a7cbd9a-b71f-4206-90cc-93d081486688","__parent":"SimGroup_","position":[85.6750946,859.356262,71.5097961],"isRenderEnabled":false,"rotationMatrix":[-0.746585131,0.665289998,-0.000238479464,-0.665278792,-0.746574521,-0.00553785637,-0.00386232277,-0.00397582538,0.999984622],"shapeName":"/levels/rls_west_coast_usa/art/shapes/objects/constructionbarrier.dae","useInstanceRenderData":true}
{"class":"TSStatic","persistentId":"3aaf4279-91c6-416d-8b89-5d7f5deaecde","__parent":"SimGroup_","position":[98.9489594,586.562866,79.1230087],"isRenderEnabled":false,"shapeName":"/levels/rls_west_coast_usa/art/shapes/objects/constructionbarrier.dae","useInstanceRenderData":true}
{"class":"TSStatic","persistentId":"3dfeca60-d76d-4b31-8f86-38cbbf11984b","__parent":"SimGroup_","position":[88.410347,862.318848,71.5389557],"isRenderEnabled":false,"rotationMatrix":[-0.727636576,0.685962617,-0.000241885326,-0.685962617,-0.727636576,0,-0.000176004643,0.000165924299,1],"shapeName":"/levels/rls_west_coast_usa/art/shapes/objects/constructionbarrier.dae","useInstanceRenderData":true}
{"class":"TSStatic","persistentId":"3fb088be-2a36-44c9-ba43-c7b6fece2b2d","__parent":"SimGroup_","position":[204.959412,822.133911,101.927315],"isRenderEnabled":false,"rotationMatrix":[0.7516132,-0.659447908,0.0143579254,0.659529805,0.751677215,-0.0013479013,-0.00990365539,0.0104825804,0.99989599],"shapeName":"/levels/rls_west_coast_usa/art/shapes/objects/constructionbarrier.dae","useInstanceRenderData":true}
{"class":"TSStatic","persistentId":"46d7bcfe-32f5-463e-8389-506e6d00dc02","__parent":"SimGroup_","position":[72.7704315,843.876526,71.8628693],"isRenderEnabled":false,"rotationMatrix":[-0.792019367,0.610080659,-0.0225183982,-0.61048013,-0.791192651,0.0364471227,0.00441929698,0.0426138565,0.99908185],"shapeName":"/levels/rls_west_coast_usa/art/shapes/objects/constructionbarrier.dae","useInstanceRenderData":true}
{"class":"TSStatic","persistentId":"4b29d2c2-373f-4136-8119-e85abf58497f","__parent":"SimGroup_","position":[22.4355316,545.224548,74.5791702],"isRenderEnabled":false,"rotationMatrix":[0.995325923,-0.0965726674,0,0.0965726674,0.995325923,0,0,0,1],"shapeName":"/levels/rls_west_coast_usa/art/shapes/objects/constructionbarrier.dae","useInstanceRenderData":true}
{"class":"TSStatic","persistentId":"582b2068-78a7-4fae-9ef9-5038add45bd9","__parent":"SimGroup_","position":[286.760101,964.18988,71.2384644],"isRenderEnabled":false,"rotationMatrix":[0.0708576441,0.99720645,-0.0236361697,-0.996873379,0.0699635148,-0.0367236994,-0.0349674374,0.0261644237,0.999045908],"shapeName":"/levels/rls_west_coast_usa/art/shapes/objects/constructionbarrier.dae","useInstanceRenderData":true}
{"class":"TSStatic","persistentId":"5b61bf04-bc84-4aad-be39-3b078594bb1d","__parent":"SimGroup_","position":[51.1198807,724.319031,74.7200317],"isRenderEnabled":false,"rotationMatrix":[0.948243678,0.317543626,0,-0.317543626,0.948243678,0,0,0,1],"scale":[0.855487347,1,1],"shapeName":"/levels/rls_west_coast_usa/art/shapes/race/race_rally_gate.dae","useInstanceRenderData":true}
{"class":"TSStatic","persistentId":"5cf63fe9-b420-44af-846b-7b06a1ad52e2","__parent":"SimGroup_","position":[39.7928009,766.644653,74.7263031],"isRenderEnabled":false,"rotationMatrix":[0.589761853,-0.807577133,0,0.807577133,0.589761853,0,0,0,1],"shapeName":"/levels/rls_west_coast_usa/art/shapes/objects/constructionbarrier.dae","useInstanceRenderData":true}
{"class":"TSStatic","persistentId":"5d8514d1-1e71-45cb-bae9-3c43f64f5e54","__parent":"SimGroup_","position":[173.123871,805.973389,102.075539],"isRenderEnabled":false,"rotationMatrix":[0.266754985,-0.963763535,0.00126480893,0.963741601,0.266739428,-0.00722650252,0.00662726536,0.00314665423,0.999973118],"shapeName":"/levels/rls_west_coast_usa/art/shapes/objects/constructionbarrier.dae","useInstanceRenderData":true}
{"class":"TSStatic","persistentId":"5db924fa-1d1c-4009-8232-45235eee82cf","__parent":"SimGroup_","position":[202.225174,819.171143,101.935242],"isRenderEnabled":false,"rotationMatrix":[0.713407695,-0.70073694,0.00415379088,0.700742304,0.713414431,0.000210563419,-0.0031109238,0.00276051951,0.999991357],"shapeName":"/levels/rls_west_coast_usa/art/shapes/objects/constructionbarrier.dae","useInstanceRenderData":true}
{"class":"TSStatic","persistentId":"64578e8e-30e7-422c-94a0-ee30dc431896","__parent":"SimGroup_","position":[44.7057648,770.232605,74.7263031],"isRenderEnabled":false,"rotationMatrix":[0.589761853,-0.807577133,0,0.807577133,0.589761853,0,0,0,1],"shapeName":"/levels/rls_west_coast_usa/art/shapes/objects/constructionbarrier.dae","useInstanceRenderData":true}
{"class":"TSStatic","persistentId":"721ca7c2-ebd8-4015-a790-b7a617117804","__parent":"SimGroup_","position":[75.2479477,847.055725,71.7414398],"isRenderEnabled":false,"rotationMatrix":[-0.781967282,0.61936599,0.0700915605,-0.619047225,-0.784825206,0.0288099255,0.0728535056,-0.0208615642,0.997124434],"shapeName":"/levels/rls_west_coast_usa/art/shapes/objects/constructionbarrier.dae","useInstanceRenderData":true}
{"class":"TSStatic","persistentId":"7ab32042-437a-4a2f-b55c-89a1d23a7d29","__parent":"SimGroup_","position":[18.8724747,528.937927,74.5791702],"isRenderEnabled":false,"rotationMatrix":[0.613279164,-0.789866328,0,0.789866328,0.613279164,0,0,0,1],"scale":[1.49895358,1,1],"shapeName":"/levels/rls_west_coast_usa/art/shapes/race/race_rally_gate_finish.dae","useInstanceRenderData":true}
{"class":"TSStatic","persistentId":"89c6faec-42eb-45e7-a0cd-ab0c44ec281d","__parent":"SimGroup_","position":[171.565186,896.354004,71.9576492],"isRenderEnabled":false,"rotationMatrix":[-0.123896718,0.987845421,0.093866542,-0.991873741,-0.126045108,0.0172921829,0.0289134271,-0.0909613222,0.995434582],"shapeName":"/levels/rls_west_coast_usa/art/shapes/objects/constructionbarrier.dae","useInstanceRenderData":true}
{"class":"TSStatic","persistentId":"930a2dd7-5169-407c-a72e-d6a6e3097876","__parent":"SimGroup_","position":[42.0857468,768.319214,74.7263031],"isRenderEnabled":false,"rotationMatrix":[0.589761853,-0.807577133,0,0.807577133,0.589761853,0,0,0,1],"shapeName":"/levels/rls_west_coast_usa/art/shapes/objects/constructionbarrier.dae","useInstanceRenderData":true}
{"class":"TSStatic","persistentId":"93764fa7-ef29-4cd5-9003-010ab0c4d047","__parent":"SimGroup_","position":[199.211578,816.497009,101.935265],"isRenderEnabled":false,"rotationMatrix":[0.588308573,-0.808636308,0.000646331755,0.808633804,0.588304281,-0.00305977231,0.00209400314,0.0023227362,0.999995112],"shapeName":"/levels/rls_west_coast_usa/art/shapes/objects/constructionbarrier.dae","useInstanceRenderData":true}
{"class":"TSStatic","persistentId":"94256431-5cda-4048-ac4b-ca5a91bb1a27","__parent":"SimGroup_","position":[184.594498,809.804016,102.02681],"isRenderEnabled":false,"rotationMatrix":[0.362187922,-0.932094693,0.00440612435,0.932096243,0.362159729,-0.00608684728,0.00407779682,0.00631151488,0.999971747],"shapeName":"/levels/rls_west_coast_usa/art/shapes/objects/constructionbarrier.dae","useInstanceRenderData":true}
{"class":"TSStatic","persistentId":"94b3c228-3237-4f49-972e-da1b1ff57b3b","__parent":"SimGroup_","position":[22.0772705,541.532227,74.5791702],"isRenderEnabled":false,"rotationMatrix":[0.995325923,-0.0965726674,0,0.0965726674,0.995325923,0,0,0,1],"shapeName":"/levels/rls_west_coast_usa/art/shapes/objects/constructionbarrier.dae","useInstanceRenderData":true}
{"class":"TSStatic","persistentId":"98297a18-8ca3-4d65-98f0-ea81dbf34a6a","__parent":"SimGroup_","position":[195.787308,814.378967,101.951164],"isRenderEnabled":false,"rotationMatrix":[0.452816844,-0.891603529,-3.94834206e-05,0.891591251,0.452810824,-0.00522502093,0.00467652595,0.00233077444,0.999986351],"shapeName":"/levels/rls_west_coast_usa/art/shapes/objects/constructionbarrier.dae","useInstanceRenderData":true}
{"class":"TSStatic","persistentId":"a6cf4b71-2462-4e26-8e17-4d5c314c939e","__parent":"SimGroup_","position":[180.805679,808.424438,102.039093],"isRenderEnabled":false,"rotationMatrix":[0.328178048,-0.944614172,0.00180831668,0.944604516,0.328164041,-0.00555014145,0.00464931782,0.00352957845,0.999982953],"shapeName":"/levels/rls_west_coast_usa/art/shapes/objects/constructionbarrier.dae","useInstanceRenderData":true}
{"class":"TSStatic","persistentId":"a93c2124-8d62-4d26-b960-355347bca4f6","__parent":"SimGroup_","position":[282.735626,964.082581,71.1357803],"isRenderEnabled":false,"rotationMatrix":[-0.102871656,0.994635284,-0.0108702909,-0.994598806,-0.103007317,-0.0127601689,-0.0138114318,0.00949891936,0.999859512],"shapeName":"/levels/rls_west_coast_usa/art/shapes/objects/constructionbarrier.dae","useInstanceRenderData":true}
{"class":"TSStatic","persistentId":"b2fdc5e9-57fa-4905-9c00-c3e02e71eff0","__parent":"SimGroup_","position":[28.1763077,529.221069,74.5791702],"isRenderEnabled":false,"rotationMatrix":[0.406939805,0.913455069,0,-0.913455069,0.406939805,0,0,0,1],"shapeName":"/levels/rls_west_coast_usa/art/shapes/objects/constructionbarrier.dae","useInstanceRenderData":true}
{"class":"TSStatic","persistentId":"b5cf2e41-91ac-43e6-a231-16f38dd8a1c4","__parent":"SimGroup_","position":[26.6591187,529.732117,74.8671722],"isRenderEnabled":false,"rotationMatrix":[-0.555852056,0.831281543,0,-0.831281543,-0.555852056,0,0,0,1],"shapeName":"/levels/rls_west_coast_usa/art/shapes/race/sign_finish.dae","useInstanceRenderData":true}
{"class":"TSStatic","persistentId":"ba110dd4-1307-4c29-9e7d-34590ec8e161","__parent":"SimGroup_","position":[176.982315,807.143005,102.054718],"isRenderEnabled":false,"rotationMatrix":[0.314288199,-0.949327171,0.00093972357,0.949326098,0.314285815,-0.00208658376,0.00168550876,0.00154789304,0.999997377],"shapeName":"/levels/rls_west_coast_usa/art/shapes/objects/constructionbarrier.dae","useInstanceRenderData":true}
{"class":"TSStatic","persistentId":"c3dbec32-2fab-46c4-b93a-250215ebe20a","__parent":"SimGroup_","position":[169.228302,804.932556,102.10276],"isRenderEnabled":false,"rotationMatrix":[0.244884431,-0.969539344,-0.00500018708,0.969474852,0.24492681,-0.0113729984,0.0122512504,-0.00206248509,0.999922812],"shapeName":"/levels/rls_west_coast_usa/art/shapes/objects/constructionbarrier.dae","useInstanceRenderData":true}
{"class":"TSStatic","persistentId":"c8d12d58-5968-43db-86a6-9971265dbd8b","__parent":"SimGroup_","position":[207.604401,825.177612,101.903557],"isRenderEnabled":false,"rotationMatrix":[0.757434368,-0.652530611,0.0222950093,0.652786314,0.757515848,-0.00630298257,-0.0127759352,0.0193279721,0.999731541],"shapeName":"/levels/rls_west_coast_usa/art/shapes/objects/constructionbarrier.dae","useInstanceRenderData":true}
{"class":"TSStatic","persistentId":"cb4009ab-705d-4235-81ca-d8d359ca76dd","__parent":"SimGroup_","position":[80.3814545,853.272644,71.5646362],"isRenderEnabled":false,"rotationMatrix":[-0.759734273,0.649053633,0.0391562991,-0.649035871,-0.760612011,0.0148935392,0.0394494571,-0.0140987113,0.999122083],"shapeName":"/levels/rls_west_coast_usa/art/shapes/objects/constructionbarrier.dae","useInstanceRenderData":true}
{"class":"TSStatic","persistentId":"cc736a10-b160-427e-9490-35ac4cb2deca","__parent":"SimGroup_","position":[77.7851715,850.188293,71.6458511],"isRenderEnabled":false,"rotationMatrix":[-0.766690254,0.63899231,0.062249139,-0.638853669,-0.76893127,0.0247121453,0.0636561811,-0.0208215304,0.997754633],"shapeName":"/levels/rls_west_coast_usa/art/shapes/objects/constructionbarrier.dae","useInstanceRenderData":true}
{"class":"TSStatic","persistentId":"cedf2004-86b1-4665-838a-ec8977f76a69","__parent":"SimGroup_","position":[120.351006,887.858582,71.303566],"isRenderEnabled":false,"rotationMatrix":[-0.53232491,0.845307648,-0.0456639603,-0.846238077,-0.532801032,0.00203244388,-0.0226117652,0.0397245027,0.998954773],"shapeName":"/levels/rls_west_coast_usa/art/shapes/objects/constructionbarrier.dae","useInstanceRenderData":true}
{"class":"TSStatic","persistentId":"d16611e4-4694-4f45-9be6-f2ba6bed5af7","__parent":"SimGroup_","position":[83.0104752,856.329773,71.515358],"isRenderEnabled":false,"rotationMatrix":[-0.754566312,0.65616411,0.00885696616,-0.656118929,-0.754618287,0.00770161347,0.0117371501,1.54599547e-07,0.999931097],"shapeName":"/levels/rls_west_coast_usa/art/shapes/objects/constructionbarrier.dae","useInstanceRenderData":true}
{"class":"TSStatic","persistentId":"e624fabf-8cd3-47b6-9532-d4c7e88979be","__parent":"SimGroup_","position":[188.348145,811.276917,102.007866],"isRenderEnabled":false,"rotationMatrix":[0.353068829,-0.935569644,0.00720132655,0.93558681,0.353017867,-0.00746621331,0.00444296515,0.0093735531,0.999946177],"shapeName":"/levels/rls_west_coast_usa/art/shapes/objects/constructionbarrier.dae","useInstanceRenderData":true}
{"class":"TSStatic","persistentId":"eabe3dd6-600f-4d33-bf18-fe4661ef81c4","__parent":"SimGroup_","position":[183.241501,894.522705,71.7649918],"isRenderEnabled":false,"rotationMatrix":[0.576009631,0.8165223,-0.0387839898,-0.814357698,0.569071114,-0.113927819,-0.070953764,0.0972075537,0.99273169],"shapeName":"/levels/rls_west_coast_usa/art/shapes/objects/constructionbarrier.dae","useInstanceRenderData":true}
{"class":"TSStatic","persistentId":"eb638ced-6192-44d2-8001-94555da6d4ab","__parent":"SimGroup_","position":[116.994522,885.625549,71.345192],"isRenderEnabled":false,"rotationMatrix":[-0.595678687,0.801596761,-0.0510836989,-0.803093791,-0.595517397,0.0199872199,-0.0143995415,0.052930966,0.998494327],"shapeName":"/levels/rls_west_coast_usa/art/shapes/objects/constructionbarrier.dae","useInstanceRenderData":true}
{"class":"TSStatic","persistentId":"f4bf70b0-2bbc-4d1c-8f76-1131d043f221","__parent":"SimGroup_","position":[38.8317261,763.715332,74.7263031],"isRenderEnabled":false,"rotationMatrix":[0.998482704,-0.0550661534,0,0.0550661534,0.998482704,0,0,0,1],"shapeName":"/levels/rls_west_coast_usa/art/shapes/objects/constructionbarrier.dae","useInstanceRenderData":true}
{"class":"TSStatic","persistentId":"ff37466d-1455-4be2-9637-7d9b5f218aa4","__parent":"SimGroup_","position":[274.936066,962.171387,71.0234833],"isRenderEnabled":false,"rotationMatrix":[-0.374641061,0.92694968,0.0202091895,-0.925278723,-0.372396469,-0.0719733089,-0.0591898002,-0.0456632897,0.9972018],"shapeName":"/levels/rls_west_coast_usa/art/shapes/objects/constructionbarrier.dae","useInstanceRenderData":true}
