{"name":"LargePoleLight_32","class":"SpotLight","__parent":"yellowneighborhood","position":[-133.94957,-869.252014,143.748932],"brightness":2.5,"color":[0.667981505,0.586381733,0.254208744,1],"innerAngle":30,"outerAngle":100,"range":40,"rotationMatrix":[0.661185801,-0.750222266,1.37090683e-06,-3.57627869e-07,-2.38418579e-06,-1.00000024,0.750222266,0.661186099,-1.90734863e-06],"shadowDarkenColor":[0,0,0,0]}
{"name":"LargePoleBulb_32","class":"PointLight","__parent":"yellowneighborhood","position":[-133.983597,-869.200806,143.644318],"brightness":10,"color":[0.667981505,0.586381733,0.254208744,1],"radius":0.5,"rotationMatrix":[0.497529566,-0.867447078,-4.09272616e-12,-0.867447078,-0.497529864,-9.86654595e-06,8.55870348e-06,4.90890261e-06,-1.00000024],"shadowDarkenColor":[0,0,0,0]}
{"name":"LargePoleBulb_33","class":"PointLight","__parent":"yellowneighborhood","position":[-159.497726,-854.247742,144.882263],"brightness":10,"color":[0.667981505,0.586381733,0.254208744,1],"radius":0.5,"rotationMatrix":[0.497529566,-0.867447078,-4.09272616e-12,-0.867447078,-0.497529864,-9.86654595e-06,8.55870348e-06,4.90890261e-06,-1.00000024],"shadowDarkenColor":[0,0,0,0]}
{"name":"LargePoleLight_33","class":"SpotLight","__parent":"yellowneighborhood","position":[-159.463699,-854.29895,144.986877],"brightness":2.5,"color":[0.667981505,0.586381733,0.254208744,1],"innerAngle":30,"outerAngle":100,"range":40,"rotationMatrix":[0.661185801,-0.750222266,1.37090683e-06,-3.57627869e-07,-2.38418579e-06,-1.00000024,0.750222266,0.661186099,-1.90734863e-06],"shadowDarkenColor":[0,0,0,0]}
{"name":"LargePoleBulb_34","class":"PointLight","__parent":"yellowneighborhood","position":[-193.410736,-818.897278,147.459839],"brightness":10,"color":[0.667981505,0.586381733,0.254208744,1],"radius":0.5,"rotationMatrix":[0.497529566,-0.867447078,-4.09272616e-12,-0.867447078,-0.497529864,-9.86654595e-06,8.55870348e-06,4.90890261e-06,-1.00000024],"shadowDarkenColor":[0,0,0,0]}
{"name":"LargePoleLight_34","class":"SpotLight","__parent":"yellowneighborhood","position":[-193.376709,-818.948486,147.564453],"brightness":2.5,"color":[0.667981505,0.586381733,0.254208744,1],"innerAngle":30,"outerAngle":100,"range":40,"rotationMatrix":[0.661185801,-0.750222266,1.37090683e-06,-3.57627869e-07,-2.38418579e-06,-1.00000024,0.750222266,0.661186099,-1.90734863e-06],"shadowDarkenColor":[0,0,0,0]}
{"name":"LargePoleBulb_35","class":"PointLight","__parent":"yellowneighborhood","position":[-238.874298,-828.419128,149.697784],"brightness":10,"color":[0.667981505,0.586381733,0.254208744,1],"radius":0.5,"rotationMatrix":[0.497529566,-0.867447078,-4.09272616e-12,-0.867447078,-0.497529864,-9.86654595e-06,8.55870348e-06,4.90890261e-06,-1.00000024],"shadowDarkenColor":[0,0,0,0]}
{"name":"LargePoleLight_35","class":"SpotLight","__parent":"yellowneighborhood","position":[-238.840271,-828.470337,149.802399],"brightness":2.5,"color":[0.667981505,0.586381733,0.254208744,1],"innerAngle":30,"outerAngle":100,"range":40,"rotationMatrix":[0.661185801,-0.750222266,1.37090683e-06,-3.57627869e-07,-2.38418579e-06,-1.00000024,0.750222266,0.661186099,-1.90734863e-06],"shadowDarkenColor":[0,0,0,0]}
{"name":"LargePoleBulb_36","class":"PointLight","__parent":"yellowneighborhood","position":[-303.370789,-798.010681,149.689301],"brightness":10,"color":[0.667981505,0.586381733,0.254208744,1],"radius":0.5,"rotationMatrix":[0.497529566,-0.867447078,-4.09272616e-12,-0.867447078,-0.497529864,-9.86654595e-06,8.55870348e-06,4.90890261e-06,-1.00000024],"shadowDarkenColor":[0,0,0,0]}
{"name":"LargePoleLight_36","class":"SpotLight","__parent":"yellowneighborhood","position":[-303.336761,-798.06189,149.793915],"brightness":2.5,"color":[0.667981505,0.586381733,0.254208744,1],"innerAngle":30,"outerAngle":100,"range":40,"rotationMatrix":[0.661185801,-0.750222266,1.37090683e-06,-3.57627869e-07,-2.38418579e-06,-1.00000024,0.750222266,0.661186099,-1.90734863e-06],"shadowDarkenColor":[0,0,0,0]}
{"name":"LargePoleBulb_37","class":"PointLight","__parent":"yellowneighborhood","position":[-178.556351,-754.976685,143.465561],"brightness":10,"color":[0.667981505,0.586381733,0.254208744,1],"radius":0.5,"rotationMatrix":[0.497529566,-0.867447078,-4.09272616e-12,-0.867447078,-0.497529864,-9.86654595e-06,8.55870348e-06,4.90890261e-06,-1.00000024],"shadowDarkenColor":[0,0,0,0]}
{"name":"LargePoleLight_37","class":"SpotLight","__parent":"yellowneighborhood","position":[-178.522324,-755.027893,143.570175],"brightness":2.5,"color":[0.667981505,0.586381733,0.254208744,1],"innerAngle":30,"outerAngle":100,"range":40,"rotationMatrix":[0.661185801,-0.750222266,1.37090683e-06,-3.57627869e-07,-2.38418579e-06,-1.00000024,0.750222266,0.661186099,-1.90734863e-06],"shadowDarkenColor":[0,0,0,0]}
{"name":"LargePoleBulb_38","class":"PointLight","__parent":"yellowneighborhood","position":[-209.421021,-714.17218,141.944885],"brightness":10,"color":[0.667981505,0.586381733,0.254208744,1],"radius":0.5,"rotationMatrix":[0.497529566,-0.867447078,-4.09272616e-12,-0.867447078,-0.497529864,-9.86654595e-06,8.55870348e-06,4.90890261e-06,-1.00000024],"shadowDarkenColor":[0,0,0,0]}
{"name":"LargePoleLight_38","class":"SpotLight","__parent":"yellowneighborhood","position":[-209.386993,-714.223389,142.0495],"brightness":2.5,"color":[0.667981505,0.586381733,0.254208744,1],"innerAngle":30,"outerAngle":100,"range":40,"rotationMatrix":[0.661185801,-0.750222266,1.37090683e-06,-3.57627869e-07,-2.38418579e-06,-1.00000024,0.750222266,0.661186099,-1.90734863e-06],"shadowDarkenColor":[0,0,0,0]}
{"name":"LargePoleBulb_39","class":"PointLight","__parent":"yellowneighborhood","position":[-243.800522,-679.652832,138.948639],"brightness":10,"color":[0.667981505,0.586381733,0.254208744,1],"radius":0.5,"rotationMatrix":[0.497529566,-0.867447078,-4.09272616e-12,-0.867447078,-0.497529864,-9.86654595e-06,8.55870348e-06,4.90890261e-06,-1.00000024],"shadowDarkenColor":[0,0,0,0]}
{"name":"LargePoleLight_39","class":"SpotLight","__parent":"yellowneighborhood","position":[-243.766495,-679.704041,139.053253],"brightness":2.5,"color":[0.667981505,0.586381733,0.254208744,1],"innerAngle":30,"outerAngle":100,"range":40,"rotationMatrix":[0.661185801,-0.750222266,1.37090683e-06,-3.57627869e-07,-2.38418579e-06,-1.00000024,0.750222266,0.661186099,-1.90734863e-06],"shadowDarkenColor":[0,0,0,0]}
{"name":"LargePoleBulb_40","class":"PointLight","__parent":"yellowneighborhood","position":[-295.733643,-667.082947,136.704025],"brightness":10,"color":[0.667981505,0.586381733,0.254208744,1],"radius":0.5,"rotationMatrix":[0.497529566,-0.867447078,-4.09272616e-12,-0.867447078,-0.497529864,-9.86654595e-06,8.55870348e-06,4.90890261e-06,-1.00000024],"shadowDarkenColor":[0,0,0,0]}
{"name":"LargePoleLight_40","class":"SpotLight","__parent":"yellowneighborhood","position":[-295.699615,-667.134155,136.80864],"brightness":2.5,"color":[0.667981505,0.586381733,0.254208744,1],"innerAngle":30,"outerAngle":100,"range":40,"rotationMatrix":[0.661185801,-0.750222266,1.37090683e-06,-3.57627869e-07,-2.38418579e-06,-1.00000024,0.750222266,0.661186099,-1.90734863e-06],"shadowDarkenColor":[0,0,0,0]}
{"name":"LargePoleBulb_41","class":"PointLight","__parent":"yellowneighborhood","position":[-330.138367,-622.361023,138.020828],"brightness":10,"color":[0.667981505,0.586381733,0.254208744,1],"radius":0.5,"rotationMatrix":[0.497529566,-0.867447078,-4.09272616e-12,-0.867447078,-0.497529864,-9.86654595e-06,8.55870348e-06,4.90890261e-06,-1.00000024],"shadowDarkenColor":[0,0,0,0]}
{"name":"LargePoleLight_41","class":"SpotLight","__parent":"yellowneighborhood","position":[-330.10434,-622.412231,138.125443],"brightness":2.5,"color":[0.667981505,0.586381733,0.254208744,1],"innerAngle":30,"outerAngle":100,"range":40,"rotationMatrix":[0.661185801,-0.750222266,1.37090683e-06,-3.57627869e-07,-2.38418579e-06,-1.00000024,0.750222266,0.661186099,-1.90734863e-06],"shadowDarkenColor":[0,0,0,0]}
{"name":"LargePoleBulb_42","class":"PointLight","__parent":"yellowneighborhood","position":[-364.339478,-592.475586,139.563446],"brightness":10,"color":[0.667981505,0.586381733,0.254208744,1],"radius":0.5,"rotationMatrix":[0.497529566,-0.867447078,-4.09272616e-12,-0.867447078,-0.497529864,-9.86654595e-06,8.55870348e-06,4.90890261e-06,-1.00000024],"shadowDarkenColor":[0,0,0,0]}
{"name":"LargePoleLight_42","class":"SpotLight","__parent":"yellowneighborhood","position":[-364.30545,-592.526794,139.66806],"brightness":2.5,"color":[0.667981505,0.586381733,0.254208744,1],"innerAngle":30,"outerAngle":100,"range":40,"rotationMatrix":[0.661185801,-0.750222266,1.37090683e-06,-3.57627869e-07,-2.38418579e-06,-1.00000024,0.750222266,0.661186099,-1.90734863e-06],"shadowDarkenColor":[0,0,0,0]}
{"name":"LargePoleBulb_43","class":"PointLight","__parent":"yellowneighborhood","position":[-398.781189,-551.890381,137.976303],"brightness":10,"color":[0.667981505,0.586381733,0.254208744,1],"radius":0.5,"rotationMatrix":[0.497529566,-0.867447078,-4.09272616e-12,-0.867447078,-0.497529864,-9.86654595e-06,8.55870348e-06,4.90890261e-06,-1.00000024],"shadowDarkenColor":[0,0,0,0]}
{"name":"LargePoleLight_43","class":"SpotLight","__parent":"yellowneighborhood","position":[-398.747162,-551.941589,138.080917],"brightness":2.5,"color":[0.667981505,0.586381733,0.254208744,1],"innerAngle":30,"outerAngle":100,"range":40,"rotationMatrix":[0.661185801,-0.750222266,1.37090683e-06,-3.57627869e-07,-2.38418579e-06,-1.00000024,0.750222266,0.661186099,-1.90734863e-06],"shadowDarkenColor":[0,0,0,0]}
{"name":"LargePoleBulb_44","class":"PointLight","__parent":"yellowneighborhood","position":[-423.806396,-512.449097,135.321594],"brightness":10,"color":[0.667981505,0.586381733,0.254208744,1],"radius":0.5,"rotationMatrix":[0.497529566,-0.867447078,-4.09272616e-12,-0.867447078,-0.497529864,-9.86654595e-06,8.55870348e-06,4.90890261e-06,-1.00000024],"shadowDarkenColor":[0,0,0,0]}
{"name":"LargePoleLight_44","class":"SpotLight","__parent":"yellowneighborhood","position":[-423.772369,-512.500305,135.426208],"brightness":2.5,"color":[0.667981505,0.586381733,0.254208744,1],"innerAngle":30,"outerAngle":100,"range":40,"rotationMatrix":[0.661185801,-0.750222266,1.37090683e-06,-3.57627869e-07,-2.38418579e-06,-1.00000024,0.750222266,0.661186099,-1.90734863e-06],"shadowDarkenColor":[0,0,0,0]}
{"name":"LargePoleBulb_45","class":"PointLight","__parent":"yellowneighborhood","position":[-474.252808,-505.613708,134.697617],"brightness":10,"color":[0.667981505,0.586381733,0.254208744,1],"radius":0.5,"rotationMatrix":[0.497529566,-0.867447078,-4.09272616e-12,-0.867447078,-0.497529864,-9.86654595e-06,8.55870348e-06,4.90890261e-06,-1.00000024],"shadowDarkenColor":[0,0,0,0]}
{"name":"LargePoleLight_45","class":"SpotLight","__parent":"yellowneighborhood","position":[-474.218781,-505.664917,134.802231],"brightness":2.5,"color":[0.667981505,0.586381733,0.254208744,1],"innerAngle":30,"outerAngle":100,"range":40,"rotationMatrix":[0.661185801,-0.750222266,1.37090683e-06,-3.57627869e-07,-2.38418579e-06,-1.00000024,0.750222266,0.661186099,-1.90734863e-06],"shadowDarkenColor":[0,0,0,0]}
{"name":"LargePoleBulb_56","class":"PointLight","__parent":"yellowneighborhood","position":[-522.184143,-464.499786,130.540894],"brightness":10,"color":[0.667981505,0.586381733,0.254208744,1],"radius":0.5,"rotationMatrix":[0.497529566,-0.867447078,-4.09272616e-12,-0.867447078,-0.497529864,-9.86654595e-06,8.55870348e-06,4.90890261e-06,-1.00000024],"shadowDarkenColor":[0,0,0,0]}
{"name":"LargePoleLight_46","class":"SpotLight","__parent":"yellowneighborhood","position":[-522.150146,-464.550995,130.645508],"brightness":2.5,"color":[0.667981505,0.586381733,0.254208744,1],"innerAngle":30,"outerAngle":100,"range":40,"rotationMatrix":[0.661185801,-0.750222266,1.37090683e-06,-3.57627869e-07,-2.38418579e-06,-1.00000024,0.750222266,0.661186099,-1.90734863e-06],"shadowDarkenColor":[0,0,0,0]}
{"name":"LargePoleBulb_57","class":"PointLight","__parent":"yellowneighborhood","position":[-580.631958,-446.275513,126.990433],"brightness":10,"color":[0.667981505,0.586381733,0.254208744,1],"radius":0.5,"rotationMatrix":[0.497529566,-0.867447078,-4.09272616e-12,-0.867447078,-0.497529864,-9.86654595e-06,8.55870348e-06,4.90890261e-06,-1.00000024],"shadowDarkenColor":[0,0,0,0]}
{"name":"LargePoleLight_47","class":"SpotLight","__parent":"yellowneighborhood","position":[-580.597961,-446.326721,127.095047],"brightness":2.5,"color":[0.667981505,0.586381733,0.254208744,1],"innerAngle":30,"outerAngle":100,"range":40,"rotationMatrix":[0.661185801,-0.750222266,1.37090683e-06,-3.57627869e-07,-2.38418579e-06,-1.00000024,0.750222266,0.661186099,-1.90734863e-06],"shadowDarkenColor":[0,0,0,0]}
{"name":"LargePoleBulb_58","class":"PointLight","__parent":"yellowneighborhood","position":[-636.187561,-450.221741,124.231041],"brightness":10,"color":[0.667981505,0.586381733,0.254208744,1],"radius":0.5,"rotationMatrix":[0.497529566,-0.867447078,-4.09272616e-12,-0.867447078,-0.497529864,-9.86654595e-06,8.55870348e-06,4.90890261e-06,-1.00000024],"shadowDarkenColor":[0,0,0,0]}
{"name":"LargePoleLight_48","class":"SpotLight","__parent":"yellowneighborhood","position":[-636.153564,-450.27301,124.335655],"brightness":2.5,"color":[0.667981505,0.586381733,0.254208744,1],"innerAngle":30,"outerAngle":100,"range":40,"rotationMatrix":[0.661185801,-0.750222266,1.37090683e-06,-3.57627869e-07,-2.38418579e-06,-1.00000024,0.750222266,0.661186099,-1.90734863e-06],"shadowDarkenColor":[0,0,0,0]}
{"name":"LargePoleBulb_59","class":"PointLight","__parent":"yellowneighborhood","position":[-702.281738,-452.357147,115.785965],"brightness":10,"color":[0.667981505,0.586381733,0.254208744,1],"radius":0.5,"rotationMatrix":[0.497529566,-0.867447078,-4.09272616e-12,-0.867447078,-0.497529864,-9.86654595e-06,8.55870348e-06,4.90890261e-06,-1.00000024],"shadowDarkenColor":[0,0,0,0]}
{"name":"LargePoleLight_49","class":"SpotLight","__parent":"yellowneighborhood","position":[-702.247742,-452.408417,115.890579],"brightness":2.5,"color":[0.667981505,0.586381733,0.254208744,1],"innerAngle":30,"outerAngle":100,"range":40,"rotationMatrix":[0.661185801,-0.750222266,1.37090683e-06,-3.57627869e-07,-2.38418579e-06,-1.00000024,0.750222266,0.661186099,-1.90734863e-06],"shadowDarkenColor":[0,0,0,0]}
{"name":"LargePoleBulb_60","class":"PointLight","__parent":"yellowneighborhood","position":[-754.922241,-484.729126,112.520737],"brightness":10,"color":[0.667981505,0.586381733,0.254208744,1],"radius":0.5,"rotationMatrix":[0.497529566,-0.867447078,-4.09272616e-12,-0.867447078,-0.497529864,-9.86654595e-06,8.55870348e-06,4.90890261e-06,-1.00000024],"shadowDarkenColor":[0,0,0,0]}
{"name":"LargePoleLight_50","class":"SpotLight","__parent":"yellowneighborhood","position":[-754.888245,-484.780396,112.625351],"brightness":2.5,"color":[0.667981505,0.586381733,0.254208744,1],"innerAngle":30,"outerAngle":100,"range":40,"rotationMatrix":[0.661185801,-0.750222266,1.37090683e-06,-3.57627869e-07,-2.38418579e-06,-1.00000024,0.750222266,0.661186099,-1.90734863e-06],"shadowDarkenColor":[0,0,0,0]}
{"name":"LargePoleBulb_104","class":"PointLight","__parent":"yellowneighborhood","position":[-846.169067,-666.129456,115.102875],"brightness":10,"color":[0.667981505,0.586381733,0.254208744,1],"radius":0.5,"rotationMatrix":[0.497529566,-0.867447078,-4.09272616e-12,-0.867447078,-0.497529864,-9.86654595e-06,8.55870348e-06,4.90890261e-06,-1.00000024],"shadowDarkenColor":[0,0,0,0]}
{"name":"LargePoleLight_60","class":"SpotLight","__parent":"yellowneighborhood","position":[-846.135071,-666.180725,115.207489],"brightness":2.5,"color":[0.667981505,0.586381733,0.254208744,1],"innerAngle":30,"outerAngle":100,"range":40,"rotationMatrix":[0.661185801,-0.750222266,1.37090683e-06,-3.57627869e-07,-2.38418579e-06,-1.00000024,0.750222266,0.661186099,-1.90734863e-06],"shadowDarkenColor":[0,0,0,0]}
{"name":"LargePoleBulb_106","class":"PointLight","__parent":"yellowneighborhood","position":[-829.514526,-675.18158,115.038879],"brightness":10,"color":[0.667981505,0.586381733,0.254208744,1],"radius":0.5,"rotationMatrix":[0.497529566,-0.867447078,-4.09272616e-12,-0.867447078,-0.497529864,-9.86654595e-06,8.55870348e-06,4.90890261e-06,-1.00000024],"shadowDarkenColor":[0,0,0,0]}
{"name":"LargePoleLight_61","class":"SpotLight","__parent":"yellowneighborhood","position":[-829.48053,-675.232849,115.143494],"brightness":2.5,"color":[0.667981505,0.586381733,0.254208744,1],"innerAngle":30,"outerAngle":100,"range":40,"rotationMatrix":[0.661185801,-0.750222266,1.37090683e-06,-3.57627869e-07,-2.38418579e-06,-1.00000024,0.750222266,0.661186099,-1.90734863e-06],"shadowDarkenColor":[0,0,0,0]}
{"name":"LargePoleBulb_108","class":"PointLight","__parent":"yellowneighborhood","position":[-815.333435,-657.529541,115.026733],"brightness":10,"color":[0.667981505,0.586381733,0.254208744,1],"radius":0.5,"rotationMatrix":[0.497529566,-0.867447078,-4.09272616e-12,-0.867447078,-0.497529864,-9.86654595e-06,8.55870348e-06,4.90890261e-06,-1.00000024],"shadowDarkenColor":[0,0,0,0]}
{"name":"LargePoleLight_62","class":"SpotLight","__parent":"yellowneighborhood","position":[-815.299438,-657.580811,115.131348],"brightness":2.5,"color":[0.667981505,0.586381733,0.254208744,1],"innerAngle":30,"outerAngle":100,"range":40,"rotationMatrix":[0.661185801,-0.750222266,1.37090683e-06,-3.57627869e-07,-2.38418579e-06,-1.00000024,0.750222266,0.661186099,-1.90734863e-06],"shadowDarkenColor":[0,0,0,0]}
{"name":"LargePoleLight_63","class":"SpotLight","__parent":"yellowneighborhood","position":[-827.067383,-642.887878,115.131348],"brightness":2.5,"color":[0.667981505,0.586381733,0.254208744,1],"innerAngle":30,"outerAngle":100,"range":40,"rotationMatrix":[0.661185801,-0.750222266,1.37090683e-06,-3.57627869e-07,-2.38418579e-06,-1.00000024,0.750222266,0.661186099,-1.90734863e-06],"shadowDarkenColor":[0,0,0,0]}
{"name":"LargePoleBulb_116","class":"PointLight","__parent":"yellowneighborhood","position":[-827.101379,-642.836609,115.026733],"brightness":10,"color":[0.667981505,0.586381733,0.254208744,1],"radius":0.5,"rotationMatrix":[0.497529566,-0.867447078,-4.09272616e-12,-0.867447078,-0.497529864,-9.86654595e-06,8.55870348e-06,4.90890261e-06,-1.00000024],"shadowDarkenColor":[0,0,0,0]}
{"name":"LargePoleLight_64","class":"SpotLight","__parent":"yellowneighborhood","position":[-808.46106,-620.356384,115.131348],"brightness":2.5,"color":[0.667981505,0.586381733,0.254208744,1],"innerAngle":30,"outerAngle":100,"range":40,"rotationMatrix":[0.661185801,-0.750222266,1.37090683e-06,-3.57627869e-07,-2.38418579e-06,-1.00000024,0.750222266,0.661186099,-1.90734863e-06],"shadowDarkenColor":[0,0,0,0]}
{"name":"LargePoleBulb_120","class":"PointLight","__parent":"yellowneighborhood","position":[-808.495056,-620.305115,115.026733],"brightness":10,"color":[0.667981505,0.586381733,0.254208744,1],"radius":0.5,"rotationMatrix":[0.497529566,-0.867447078,-4.09272616e-12,-0.867447078,-0.497529864,-9.86654595e-06,8.55870348e-06,4.90890261e-06,-1.00000024],"shadowDarkenColor":[0,0,0,0]}
{"name":"LargePoleLight_65","class":"SpotLight","__parent":"yellowneighborhood","position":[-791.858582,-629.158447,115.131348],"brightness":2.5,"color":[0.667981505,0.586381733,0.254208744,1],"innerAngle":30,"outerAngle":100,"range":40,"rotationMatrix":[0.661185801,-0.750222266,1.37090683e-06,-3.57627869e-07,-2.38418579e-06,-1.00000024,0.750222266,0.661186099,-1.90734863e-06],"shadowDarkenColor":[0,0,0,0]}
{"name":"LargePoleBulb_128","class":"PointLight","__parent":"yellowneighborhood","position":[-791.892578,-629.107178,115.026733],"brightness":10,"color":[0.667981505,0.586381733,0.254208744,1],"radius":0.5,"rotationMatrix":[0.497529566,-0.867447078,-4.09272616e-12,-0.867447078,-0.497529864,-9.86654595e-06,8.55870348e-06,4.90890261e-06,-1.00000024],"shadowDarkenColor":[0,0,0,0]}
{"name":"LargePoleLight_66","class":"SpotLight","__parent":"yellowneighborhood","position":[-864.844604,-688.780579,115.13134],"brightness":2.5,"color":[0.667981505,0.586381733,0.254208744,1],"innerAngle":30,"outerAngle":100,"range":40,"rotationMatrix":[0.661185801,-0.750222266,1.37090683e-06,-3.57627869e-07,-2.38418579e-06,-1.00000024,0.750222266,0.661186099,-1.90734863e-06],"shadowDarkenColor":[0,0,0,0]}
{"name":"LargePoleBulb_132","class":"PointLight","__parent":"yellowneighborhood","position":[-864.878601,-688.729309,115.026726],"brightness":10,"color":[0.667981505,0.586381733,0.254208744,1],"radius":0.5,"rotationMatrix":[0.497529566,-0.867447078,-4.09272616e-12,-0.867447078,-0.497529864,-9.86654595e-06,8.55870348e-06,4.90890261e-06,-1.00000024],"shadowDarkenColor":[0,0,0,0]}
{"name":"LargePoleLight_67","class":"SpotLight","__parent":"yellowneighborhood","position":[-838.731995,-619.959656,114.963333],"brightness":2.5,"color":[0.667981505,0.586381733,0.254208744,1],"innerAngle":30,"outerAngle":100,"range":40,"rotationMatrix":[0.661185801,-0.750222266,1.37090683e-06,-3.57627869e-07,-2.38418579e-06,-1.00000024,0.750222266,0.661186099,-1.90734863e-06],"shadowDarkenColor":[0,0,0,0]}
{"name":"LargePoleBulb_133","class":"PointLight","__parent":"yellowneighborhood","position":[-838.765991,-619.908386,114.858719],"brightness":10,"color":[0.667981505,0.586381733,0.254208744,1],"radius":0.5,"rotationMatrix":[0.497529566,-0.867447078,-4.09272616e-12,-0.867447078,-0.497529864,-9.86654595e-06,8.55870348e-06,4.90890261e-06,-1.00000024],"shadowDarkenColor":[0,0,0,0]}
{"name":"LargePoleLight_68","class":"SpotLight","__parent":"yellowneighborhood","position":[-853.38562,-703.318054,115.007812],"brightness":2.5,"color":[0.667981505,0.586381733,0.254208744,1],"innerAngle":30,"outerAngle":100,"range":40,"rotationMatrix":[0.661185801,-0.750222266,1.37090683e-06,-3.57627869e-07,-2.38418579e-06,-1.00000024,0.750222266,0.661186099,-1.90734863e-06],"shadowDarkenColor":[0,0,0,0]}
{"name":"LargePoleBulb_135","class":"PointLight","__parent":"yellowneighborhood","position":[-853.419617,-703.266785,114.903198],"brightness":10,"color":[0.667981505,0.586381733,0.254208744,1],"radius":0.5,"rotationMatrix":[0.497529566,-0.867447078,-4.09272616e-12,-0.867447078,-0.497529864,-9.86654595e-06,8.55870348e-06,4.90890261e-06,-1.00000024],"shadowDarkenColor":[0,0,0,0]}
{"name":"LargePoleLight_69","class":"SpotLight","__parent":"yellowneighborhood","position":[-821.289795,-598.360596,115.007812],"brightness":2.5,"color":[0.667981505,0.586381733,0.254208744,1],"innerAngle":30,"outerAngle":100,"range":40,"rotationMatrix":[0.661185801,-0.750222266,1.37090683e-06,-3.57627869e-07,-2.38418579e-06,-1.00000024,0.750222266,0.661186099,-1.90734863e-06],"shadowDarkenColor":[0,0,0,0]}
{"name":"LargePoleBulb_137","class":"PointLight","__parent":"yellowneighborhood","position":[-821.323792,-598.309326,114.903198],"brightness":10,"color":[0.667981505,0.586381733,0.254208744,1],"radius":0.5,"rotationMatrix":[0.497529566,-0.867447078,-4.09272616e-12,-0.867447078,-0.497529864,-9.86654595e-06,8.55870348e-06,4.90890261e-06,-1.00000024],"shadowDarkenColor":[0,0,0,0]}
{"name":"LargePoleLight_70","class":"SpotLight","__parent":"yellowneighborhood","position":[-812.974365,-569.180908,113.003258],"brightness":2.5,"color":[0.667981505,0.586381733,0.254208744,1],"innerAngle":30,"outerAngle":100,"range":40,"rotationMatrix":[0.661185801,-0.750222266,1.37090683e-06,-3.57627869e-07,-2.38418579e-06,-1.00000024,0.750222266,0.661186099,-1.90734863e-06],"shadowDarkenColor":[0,0,0,0]}
{"name":"LargePoleBulb_139","class":"PointLight","__parent":"yellowneighborhood","position":[-813.008362,-569.129639,112.898643],"brightness":10,"color":[0.667981505,0.586381733,0.254208744,1],"radius":0.5,"rotationMatrix":[0.497529566,-0.867447078,-4.09272616e-12,-0.867447078,-0.497529864,-9.86654595e-06,8.55870348e-06,4.90890261e-06,-1.00000024],"shadowDarkenColor":[0,0,0,0]}
{"name":"LargePoleLight_71","class":"SpotLight","__parent":"yellowneighborhood","position":[-798.47522,-546.235901,113.134239],"brightness":2.5,"color":[0.667981505,0.586381733,0.254208744,1],"innerAngle":30,"outerAngle":100,"range":40,"rotationMatrix":[0.661185801,-0.750222266,1.37090683e-06,-3.57627869e-07,-2.38418579e-06,-1.00000024,0.750222266,0.661186099,-1.90734863e-06],"shadowDarkenColor":[0,0,0,0]}
{"name":"LargePoleBulb_141","class":"PointLight","__parent":"yellowneighborhood","position":[-798.509216,-546.184631,113.029625],"brightness":10,"color":[0.667981505,0.586381733,0.254208744,1],"radius":0.5,"rotationMatrix":[0.497529566,-0.867447078,-4.09272616e-12,-0.867447078,-0.497529864,-9.86654595e-06,8.55870348e-06,4.90890261e-06,-1.00000024],"shadowDarkenColor":[0,0,0,0]}
{"name":"LargePoleLight_72","class":"SpotLight","__parent":"yellowneighborhood","position":[-769.937927,-554.192383,112.656715],"brightness":2.5,"color":[0.667981505,0.586381733,0.254208744,1],"innerAngle":30,"outerAngle":100,"range":40,"rotationMatrix":[0.661185801,-0.750222266,1.37090683e-06,-3.57627869e-07,-2.38418579e-06,-1.00000024,0.750222266,0.661186099,-1.90734863e-06],"shadowDarkenColor":[0,0,0,0]}
{"name":"LargePoleBulb_143","class":"PointLight","__parent":"yellowneighborhood","position":[-769.971924,-554.141113,112.552101],"brightness":10,"color":[0.667981505,0.586381733,0.254208744,1],"radius":0.5,"rotationMatrix":[0.497529566,-0.867447078,-4.09272616e-12,-0.867447078,-0.497529864,-9.86654595e-06,8.55870348e-06,4.90890261e-06,-1.00000024],"shadowDarkenColor":[0,0,0,0]}
{"name":"LargePoleLight_73","class":"SpotLight","__parent":"yellowneighborhood","position":[-778.039368,-568.776001,112.920204],"brightness":2.5,"color":[0.667981505,0.586381733,0.254208744,1],"innerAngle":30,"outerAngle":100,"range":40,"rotationMatrix":[0.661185801,-0.750222266,1.37090683e-06,-3.57627869e-07,-2.38418579e-06,-1.00000024,0.750222266,0.661186099,-1.90734863e-06],"shadowDarkenColor":[0,0,0,0]}
{"name":"LargePoleBulb_259","class":"PointLight","__parent":"yellowneighborhood","position":[-778.073364,-568.724731,112.81559],"brightness":10,"color":[0.667981505,0.586381733,0.254208744,1],"radius":0.5,"rotationMatrix":[0.497529566,-0.867447078,-4.09272616e-12,-0.867447078,-0.497529864,-9.86654595e-06,8.55870348e-06,4.90890261e-06,-1.00000024],"shadowDarkenColor":[0,0,0,0]}
{"name":"LargePoleLight_74","class":"SpotLight","__parent":"yellowneighborhood","position":[-755.242493,-593.977295,112.805313],"brightness":2.5,"color":[0.667981505,0.586381733,0.254208744,1],"innerAngle":30,"outerAngle":100,"range":40,"rotationMatrix":[0.661185801,-0.750222266,1.37090683e-06,-3.57627869e-07,-2.38418579e-06,-1.00000024,0.750222266,0.661186099,-1.90734863e-06],"shadowDarkenColor":[0,0,0,0]}
{"name":"LargePoleBulb_260","class":"PointLight","__parent":"yellowneighborhood","position":[-755.276489,-593.926025,112.700699],"brightness":10,"color":[0.667981505,0.586381733,0.254208744,1],"radius":0.5,"rotationMatrix":[0.497529566,-0.867447078,-4.09272616e-12,-0.867447078,-0.497529864,-9.86654595e-06,8.55870348e-06,4.90890261e-06,-1.00000024],"shadowDarkenColor":[0,0,0,0]}
{"name":"LargePoleLight_75","class":"SpotLight","__parent":"yellowneighborhood","position":[-780.472412,-592.947632,114.827934],"brightness":2.5,"color":[0.667981505,0.586381733,0.254208744,1],"innerAngle":30,"outerAngle":100,"range":40,"rotationMatrix":[0.661185801,-0.750222266,1.37090683e-06,-3.57627869e-07,-2.38418579e-06,-1.00000024,0.750222266,0.661186099,-1.90734863e-06],"shadowDarkenColor":[0,0,0,0]}
{"name":"LargePoleBulb_261","class":"PointLight","__parent":"yellowneighborhood","position":[-780.506409,-592.896362,114.72332],"brightness":10,"color":[0.667981505,0.586381733,0.254208744,1],"radius":0.5,"rotationMatrix":[0.497529566,-0.867447078,-4.09272616e-12,-0.867447078,-0.497529864,-9.86654595e-06,8.55870348e-06,4.90890261e-06,-1.00000024],"shadowDarkenColor":[0,0,0,0]}
