{"class":"TSStatic","__parent":"Quarry Circuit","position":[725.781738,-777.255432,167.459015],"isRenderEnabled":false,"rotationMatrix":[0.0528706312,-0.998601377,0,0.998601377,0.0528706312,0,0,0,1],"shapeName":"/levels/west_coast_usa/art/shapes/objects/featherflag_beamng.dae","useInstanceRenderData":true}
{"class":"TSStatic","__parent":"Quarry Circuit","position":[725.781738,-788.877808,167.459015],"isRenderEnabled":false,"rotationMatrix":[0.0368247628,0.999321997,0,-0.999321997,0.0368247628,-0,-0,0,1],"shapeName":"/levels/west_coast_usa/art/shapes/objects/featherflag_beamng.dae","useInstanceRenderData":true}
{"name":"quarryCircuit","class":"DecalRoad","persistentId":"c430d718-bb45-448c-9d85-3966ad626d99","__parent":"Quarry Circuit","position":[723.167725,-784.188232,167.775253],"improvedSpline":true,"material":"road_invisible","nodes":[[723.167725,-784.188232,167.775253,7],[713.208557,-784.574097,168.980865,7],[687.844238,-783.745728,172.937714,7],[670.745667,-781.390991,175.478592,7],[647.907288,-775.267578,176.652313,7],[636.212524,-774.147766,177.041321,7],[626.165466,-776.332764,177.079895,7],[617.143921,-780.43103,176.779877,7],[606.929016,-791.429077,175.326248,7],[598.567261,-802.270691,174.173615,7],[589.306885,-809.040405,173.392639,7],[566.437012,-817.911499,172.25499,7],[548.10437,-822.356018,171.611237,7],[532.142334,-825.192139,170.385666,7],[521.096558,-829.703064,168.402206,7],[515.082825,-835.532227,166.901337,7],[515.57959,-842.445923,165.64566,7],[521.483154,-847.137329,164.062164,7],[535.003662,-849.549866,162.361237,7],[549.373169,-852.707458,160.3517,7],[566.449463,-861.797913,156.666748,7],[589.045044,-878.743896,153.862381,7],[611.326538,-879.297607,153.383377,7],[637.3927,-863.950195,154.361191,7],[665.683289,-843.742615,157.230255,7],[693.238403,-832.725891,158.067627,7],[715.899292,-828.2099,157.615784,7],[737.621704,-823.998718,157.804214,7],[757.582703,-812.34668,158.588608,7],[766.60675,-798.850342,160.325745,7],[766.222961,-789.496216,162.85257,7],[757.617981,-782.640503,164.520264,7],[741.146484,-782.722656,165.910645,7],[722.346008,-784.110107,167.869644,7]]}
{"name":"fre_staging_quarryCircuit","class":"BeamNGTrigger","__parent":"Quarry Circuit","position":[726.617065,-783.854126,168.538895],"luaFunction":"onBeamNGTrigger","rotationMatrix":[-0.0463615656,0.998924911,-2.98023224e-08,-0.997808516,-0.0463097095,-0.0472647026,-0.0472138822,-0.00219122879,0.998882413],"scale":[12.635169,1,4.90749168]}
{"name":"fre_start_quarryCircuit","class":"BeamNGTrigger","__parent":"Quarry Circuit","position":[725.799011,-783.85376,168.538895],"luaFunction":"onBeamNGTrigger","rotationMatrix":[-0.0463615656,0.998924911,-2.98023224e-08,-0.997808516,-0.0463097095,-0.0472647026,-0.0472138822,-0.00219122879,0.998882413],"scale":[12.635169,1,4.90749168]}
