{"class":"DecalRoad","persistentId":"5c066af4-e263-4fde-9496-82c6000f8335","__parent":"SimGroup_","position":[74.1163788,-158.825562,124.931015],"improvedSpline":true,"material":"road_invisible","nodes":[[74.1163788,-158.825562,124.931015,1],[53.714325,-151.846207,125.36837,1],[47.5272064,-151.12912,125.61924,1],[39.8431702,-155.539886,125.427597,1],[34.4302673,-158.426788,125.410583,1],[20.1609955,-153.477402,125.995895,1],[-7.63192749,-143.826202,126.753807,1],[-18.0285797,-145.670074,126.760696,1],[-47.5819855,-167.610779,125.629478,1],[-48.6494293,-176.257263,125.226669,1],[-22.1693115,-192.67189,124.502991,1],[17.7823029,-219.024658,123.989578,1]]}
{"class":"DecalRoad","persistentId":"5c0ea1a2-f740-4f7c-93d8-06c09c6caeb4","__parent":"SimGroup_","position":[-90.4937897,-412.59552,124.605034],"improvedSpline":true,"material":"road_invisible","nodes":[[-90.4937897,-412.59552,124.605034,1],[-100.109634,-385.842865,125.059196,1],[-103.535904,-382.477936,125.041504,1],[-112.54628,-382.067963,124.813538,1],[-130.38768,-382.743164,124.115707,1],[-137.260147,-387.862213,123.862556,1],[-145.374741,-395.358093,123.851448,1],[-163.632401,-411.925476,123.704056,1]]}
{"class":"DecalRoad","persistentId":"716ff3f0-81c8-4507-89dd-9c1e655076e0","__parent":"SimGroup_","position":[-297.462524,-200.488434,119.149429],"improvedSpline":true,"material":"road_invisible","nodes":[[-297.462524,-200.488434,119.149429,1],[-300.388672,-209.52063,119.131042,1],[-304.082947,-209.556946,119.134277,1]]}
{"class":"DecalRoad","persistentId":"98b28eec-853d-4864-875e-d024b880efe6","__parent":"SimGroup_","position":[678.288086,654.062744,129.044312],"improvedSpline":true,"material":"BlankWhite","nodes":[[678.288086,654.062744,129.044312,0.200000003],[686.724365,657.920532,129.513123,0.200000003],[731.267822,707.336121,135.122421,0.200000003],[742.259155,714.909302,136.35553,0.200000003],[765.192749,705.448792,136.567413,0.200000003],[770.788208,698.784668,136.442596,0.200000003],[780.685547,671.46875,135.792297,0.200000003],[781.017822,664.073364,135.401199,0.200000003],[776.073853,644.384583,134.721039,0.200000003]]}
{"class":"DecalRoad","persistentId":"c97d3a52-6f76-483f-b9d1-c34db4cd334d","__parent":"SimGroup_","position":[906.199463,137.647125,160.967819],"improvedSpline":true,"material":"BlankWhite","nodes":[[906.199463,137.647125,160.967819,0.200000003],[879.014404,123.854935,156.953644,0.200000003],[864.274109,105.747879,150.798431,0.200000003]]}
{"class":"DecalRoad","persistentId":"d6bb4b85-9962-49b0-a03f-327264514b3a","__parent":"SimGroup_","position":[179.556702,190.73819,119.384193],"improvedSpline":true,"material":"BlankWhite","nodes":[[179.556702,190.73819,119.384193,0.200000003],[223.160065,184.372025,119.384193,0.200000003]]}
{"class":"DecalRoad","persistentId":"d8719f94-cc5b-4dc4-8292-9a38038c7178","__parent":"SimGroup_","position":[21.8669891,-675.689453,132.466202],"improvedSpline":true,"material":"road_invisible","nodes":[[21.8669891,-675.689453,132.466202,1],[-14.4288635,-699.305969,133.055756,1],[-27.0193024,-700.402039,133.448425,1],[-54.0054474,-678.248535,133.92215,1],[-55.9882355,-666.648865,133.610229,1],[-47.0432892,-642.949341,132.711731,1],[-42.603653,-625.743835,132.064865,1]]}
{"class":"DecalRoad","persistentId":"dea0df33-3f47-41cd-be74-b5ac74c1f3b7","__parent":"SimGroup_","position":[375.485809,291.234741,119.760612],"improvedSpline":true,"material":"BlankWhite","nodes":[[375.485809,291.234741,119.760612,0.200000003],[359.98877,273.980225,119.410446,0.200000003],[351.307495,264.580933,119.403404,0.200000003],[335.476746,247.597198,119.402374,0.200000003],[324.78421,234.901306,119.384193,0.200000003]]}
{"class":"DecalRoad","persistentId":"e816a31a-32da-4a4d-83c1-c9662115ae62","__parent":"SimGroup_","position":[377.311096,-251.85173,144.654343],"detail":1,"drivability":1,"gatedRoad":true,"lanesRight":0,"material":"road_invisible","nodes":[[377.311096,-251.85173,144.654343,14],[338.840698,-250.662933,143.674744,14],[297.561859,-245.127701,142.446671,14],[257.393097,-235.50647,140.366302,14],[220.300385,-223.803955,137.223083,12],[175.875519,-209.355804,132.129883,12],[125.291611,-192.950256,126.650726,11],[91.7680206,-181.962433,124.632767,11],[72.1498566,-176.376205,124.344337,11],[57.0269318,-177.032913,124.281029,11],[44.8328705,-183.326111,124.154198,11],[37.3860626,-191.625366,124.061623,11],[32.4629974,-202.418472,123.975258,11],[29.4836578,-219.140732,123.924797,11],[27.3141174,-248.864639,124.340446,11],[21.6906891,-314.189819,126.105171,11],[20.0406952,-344.395447,127.18026,11],[22.2814026,-369.503784,128.210159,11],[28.2797394,-389.87674,129.629944,11],[37.7578888,-407.12146,131.542236,11],[47.8012238,-418.890533,133.066299,11],[58.6412506,-427.724915,134.357086,11],[70.6491547,-434.47934,135.553986,11],[84.324234,-439.500397,136.722046,11],[100.002853,-442.714386,137.962341,11],[118.933105,-445.119476,139.578033,11],[134.982208,-449.052795,140.80751,11],[149.469849,-455.152771,141.699005,11],[161.703873,-464.082001,142.2677,11],[171.237518,-475.004852,142.56311,11],[178.199783,-489.128174,142.638062,11],[180.890457,-502.591705,142.652145,11],[180.132401,-516.486511,142.6185,11],[176.246338,-530.167297,142.493103,11],[168.1586,-545.604675,142.227859,11],[155.836655,-561.736572,141.664291,11],[139.616211,-577.762573,140.686554,11],[119.333366,-594.771057,139.002045,11],[86.3893585,-618.461121,135.083405,11],[51.0155029,-642.818481,132.527878,11],[29.8041992,-657.000793,132.12088,11],[14.3105774,-662.325989,132.102356,11],[2.82991028,-661.841553,132.110916,11],[-6.96595764,-657.395447,132.222214,11],[-15.0557709,-649.420532,132.34903,11],[-22.2028503,-636.9021,132.259445,11],[-30.356308,-617.101685,131.720322,11],[-46.6779327,-571.31311,130.047653,11],[-65.9743195,-518.396179,127.292778,11],[-81.1930695,-475.40683,125.429733,11],[-92.7834015,-443.401093,124.322983,11],[-98.7939911,-429.915375,124.187538,11],[-103.589951,-424.185303,124.151199,11],[-110.383713,-420.949097,124.066414,11],[-117.849167,-421.162048,123.938591,11],[-124.880142,-424.580933,123.808578,11],[-130.678543,-431.145996,123.795715,11],[-138.44191,-444.630676,124.066429,11],[-143.63353,-452.479095,124.269188,11],[-149.457413,-456.290924,124.371941,11],[-155.69075,-457.039459,124.387474,11],[-162.435318,-455.042236,124.321365,11],[-168.976028,-449.497192,124.099808,11],[-179.640579,-439.217804,123.786118,11],[-240.533524,-381.093048,122.755852,11],[-258.228149,-363.635651,122.381706,11],[-271.764221,-346.710388,122.047272,11],[-282.591492,-329.695251,121.731895,11],[-290.14917,-314.220825,121.36393,11],[-294.716248,-297.497406,120.76046,11],[-300.048279,-275.904358,119.945686,11],[-301.707275,-258.348022,119.342834,11],[-301.755188,-244.450317,118.997986,11],[-297.651917,-229.53035,118.831627,11],[-291.831665,-217.077957,118.920609,11],[-283.614197,-204.798325,119.096809,11],[-276.739136,-196.098007,119.218002,11],[-265.954407,-185.663269,119.356133,11],[-250.069748,-172.681808,119.442886,11],[-228.836044,-157.098206,119.442886,11],[-200.43605,-136.728027,119.437019,11],[-156.912552,-105.372665,119.448753,11],[-46.9369049,-25.9264889,119.442818,11],[38.1812286,35.1993942,119.448753,11],[81.4440765,66.7294235,119.448753,11],[112.022148,88.9334946,119.440338,11],[184.011398,140.74205,119.448753,11],[263.57016,198.128082,119.446579,11],[298.21756,224.539108,119.448753,11],[326.162384,248.18808,119.448753,11],[346.521149,268.923218,119.442886,11],[366.313599,290.687897,119.63073,11],[391.227295,318.115723,121.630569,11],[430.516052,360.82428,125.674194,11],[476.127991,410.525757,127.710472,11],[516.581116,454.938843,127.04882,11],[562.829285,505.692749,124.385857,11],[610.747925,558.032654,120.653992,11],[639.814575,589.784119,121.466408,11],[667.514282,620.360596,125.267387,11],[684.644958,638.553955,127.478737,11],[695.073669,647.839661,128.561691,11],[706.293335,655.080994,129.445419,11],[719.167114,659.284241,130.191238,11],[731.340698,659.409302,130.822479,11],[742.617615,656.008606,131.483292,11],[753.518982,650.128845,132.332199,11],[763.670776,641.198914,133.397797,11],[771.821716,629.133972,134.701019,11],[778.826294,613.61261,136.426758,11],[787.766235,590.592834,139.024857,11],[799.716248,560.693176,142.428009,11],[816.606262,517.934021,145.921173,11],[827.954285,487.649109,146.258972,11],[833.633423,467.634338,146.75824,11],[836.84259,446.295868,147.727966,11],[836.653198,425.825775,149.141357,11],[832.799194,406.507416,150.856018,11],[824.823486,387.186157,152.72876,11],[813.766846,369.626434,154.383499,11],[798.76886,348.506165,156.13089,11],[790.991272,335.871338,157.227905,11],[786.882385,324.955688,158.100769,11],[785.810486,314.405975,158.826477,11],[788.341614,303.914093,159.257736,11],[795.516907,291.663239,159.37941,11],[812.378052,267.034393,160.13031,11],[835.323242,233.532654,160.667267,11],[861.896912,195.044205,160.57312,11],[872.638245,179.769257,160.889435,11],[877.616028,170.876831,160.911179,11],[879.442932,163.362488,160.740799,11],[877.914612,155.120285,159.968582,11],[873.119995,148.652847,158.457657,11],[864.231689,143.426239,155.796555,11],[856.226196,139.431992,153.600174,11],[850.650146,133.851624,151.993057,11],[846.944763,126.132858,150.58783,11],[845.957397,115.50473,149.302338,11],[848.249146,99.7820587,148.276535,11],[851.805481,75.375,147.255936,11],[851.906189,51.5058289,146.641953,11],[849.168091,28.5674095,146.611191,11],[843.24707,1.8768158,146.677002,11],[835.344238,-21.6803226,146.718658,11],[826.319763,-40.0226479,146.713776,11],[815.42218,-55.7049179,146.737671,11],[794.772278,-80.1806793,146.733292,11],[776.459167,-100.223465,146.744553,11],[746.769165,-130.23999,146.738785,11],[722.180725,-153.348587,146.731613,11],[705.458862,-169.136688,146.73439,11],[695.566101,-178.289337,146.735245,11.1000004],[688.021545,-186.116669,146.719406,11.1000004],[683.046265,-195.210999,146.66687,11.1000004],[680.904663,-206.146027,146.70491,11.1000004],[679.443054,-218.976898,146.743668,11.1000004],[676.655151,-229.283188,146.718613,11.1000004],[670.68103,-238.136337,146.668732,11.1000004],[662.129089,-245.346695,146.653915,11.1000004],[650.588745,-249.203949,146.697021,11.1000004],[622.813965,-251.43306,146.756683,12],[585.116821,-252.171539,146.69693,13],[518.395081,-252.840485,146.232895,13],[377.982208,-251.831985,144.669983,13]],"oneWay":true,"useSubdivisions":false,"useTemplate":"true"}
{"name":"SimGroup_","class":"SimGroup","persistentId":"50047567-b50b-4522-a3dd-1ed29bb25130","groupPosition":"232.89909627342 -26.621768821504 129.66644794948"}
{"class":"TSStatic","persistentId":"008f8a54-40c3-4f5b-9c02-e5e976720607","__parent":"SimGroup_","position":[-10.5397491,-143.13237,126.853683],"isRenderEnabled":false,"rotationMatrix":[0.966430426,-0.256305754,-0.0178783629,0.256911874,0.964818299,0.0558743626,0.00292844931,-0.0585918427,0.998277724],"shapeName":"/levels/west_coast_usa/art/shapes/objects/barrierfence_plain.dae","useInstanceRenderData":true}
{"class":"TSStatic","persistentId":"01d32320-d1d7-4221-9c6e-7641b3d41b1f","__parent":"SimGroup_","position":[-7.0483551,-202.568512,124.280029],"isRenderEnabled":false,"rotationMatrix":[-0.834854722,0.550367355,0.0106371073,-0.550274491,-0.834917307,0.0105245877,0.0146734966,0.00293317367,0.999888062],"shapeName":"/levels/west_coast_usa/art/shapes/objects/barrierfence_plain.dae","useInstanceRenderData":true}
{"class":"TSStatic","persistentId":"01fdbab6-9d1f-4d0f-a1dd-2fae09ef92bb","__parent":"SimGroup_","position":[13.2967987,-216.05365,124.039375],"isRenderEnabled":false,"rotationMatrix":[-0.833310962,0.552702487,0.0106076039,-0.552609503,-0.833373308,0.0105543248,0.0146734975,0.00293317344,0.999888062],"shapeName":"/levels/west_coast_usa/art/shapes/objects/barrierfence_plain.dae","useInstanceRenderData":true}
{"class":"TSStatic","persistentId":"02acb2f9-ec37-4c4d-a6c9-4752f9eddb1e","__parent":"SimGroup_","position":[892.684326,131.483429,160.664261],"isRenderEnabled":false,"rotationMatrix":[-0.89296484,-0.416449696,-0.170830756,0.422180265,-0.906506658,0.00305725262,-0.15613243,-0.0693913549,0.985295653],"shapeName":"/levels/west_coast_usa/art/shapes/objects/barrierfence_plain.dae","useInstanceRenderData":true}
{"class":"TSStatic","persistentId":"04313b99-daf7-430f-b72c-ed3d3e0a3ebe","__parent":"SimGroup_","position":[363.717773,278.11377,119.425323],"isRenderEnabled":false,"rotationMatrix":[-0.66880846,-0.743434191,-0.000875942875,0.743342042,-0.668706059,-0.0165743716,0.0117362067,-0.0117362067,0.999862254],"shapeName":"/levels/west_coast_usa/art/shapes/objects/barrierfence_plain.dae","useInstanceRenderData":true}
{"class":"TSStatic","persistentId":"060b94a6-906f-4486-843b-1c8389b2e568","__parent":"SimGroup_","position":[221.154602,184.664856,119.384193],"isRenderEnabled":false,"rotationMatrix":[0.989509881,-0.144465238,-1.38871886e-16,0.144465238,0.989509881,1.0348813e-16,1.22464672e-16,-1.22464685e-16,1],"shapeName":"/levels/west_coast_usa/art/shapes/objects/barrierfence_plain.dae","useInstanceRenderData":true}
{"class":"TSStatic","persistentId":"097d774e-4d7f-4f41-97c5-22e8859ffe9a","__parent":"SimGroup_","position":[-32.2470245,-186.617249,124.766449],"isRenderEnabled":false,"rotationMatrix":[-0.86800921,0.496083498,0.0214703903,-0.496539235,-0.867437601,-0.0316335224,0.00293135736,-0.0381190814,0.999268889],"shapeName":"/levels/west_coast_usa/art/shapes/objects/barrierfence_plain.dae","useInstanceRenderData":true}
{"class":"TSStatic","persistentId":"0b3eca03-c694-4b19-89ad-a87db1a4108f","__parent":"SimGroup_","position":[-138.941788,-389.337799,123.869431],"isRenderEnabled":false,"rotationMatrix":[0.740705013,0.671830177,-0.000606396236,-0.671772718,0.740652919,0.0124354493,0.00880363863,-0.00880363956,0.999922514],"shapeName":"/levels/west_coast_usa/art/shapes/objects/barrierfence_plain.dae","useInstanceRenderData":true}
{"class":"TSStatic","persistentId":"0bfb999d-32da-4295-b821-6e73c29ec23f","__parent":"SimGroup_","position":[-114.315811,-382.069794,124.767448],"isRenderEnabled":false,"rotationMatrix":[0.999642789,-0.00474738795,0.0263021924,0.00420473143,0.999777973,0.0206486247,-0.0263943784,-0.020530656,0.99944073],"shapeName":"/levels/west_coast_usa/art/shapes/objects/barrierfence_plain.dae","useInstanceRenderData":true}
{"class":"TSStatic","persistentId":"0c8346bf-93e7-4ab1-bb43-36fc4af937da","__parent":"SimGroup_","position":[-135.061478,-385.561035,123.916672],"isRenderEnabled":false,"rotationMatrix":[0.666840255,0.744876325,0.0219862629,-0.744732797,0.667176783,-0.0157537274,-0.0264033023,-0.00586867239,0.999634147],"shapeName":"/levels/west_coast_usa/art/shapes/objects/barrierfence_plain.dae","useInstanceRenderData":true}
{"class":"TSStatic","persistentId":"0cefa858-ca96-4716-ae38-544f7566a0a0","__parent":"SimGroup_","position":[-297.8302,-201.79364,119.149429],"isRenderEnabled":false,"rotationMatrix":[0.255939662,0.966692448,0.000750799314,-0.966688275,0.255940735,-0.00283578224,-0.00293348962,0,0.999995708],"shapeName":"/levels/west_coast_usa/art/shapes/objects/barrierfence_plain.dae","useInstanceRenderData":true}
{"class":"TSStatic","persistentId":"0d14a4b4-ab52-4ed8-9bb6-ce7038809f2c","__parent":"SimGroup_","position":[374.58075,290.225922,119.714287],"isRenderEnabled":false,"rotationMatrix":[-0.667030096,-0.744351745,-0.0318011381,0.743740559,-0.662757039,-0.0871956199,0.0438277908,-0.0818139017,0.995683491],"shapeName":"/levels/west_coast_usa/art/shapes/objects/barrierfence_plain.dae","useInstanceRenderData":true}
{"class":"TSStatic","persistentId":"0ecebd4a-9d96-42cf-b358-0780762133de","__parent":"SimGroup_","position":[702.231201,674.9245,131.384705],"isRenderEnabled":false,"rotationMatrix":[0.660321712,0.746225595,0.0843957812,-0.750892043,0.657807112,0.0587446392,-0.0116793998,-0.10216248,0.99469918],"shapeName":"/levels/west_coast_usa/art/shapes/objects/barrierfence_plain.dae","useInstanceRenderData":true}
{"class":"TSStatic","persistentId":"0efe32cc-5a22-4daf-9f4d-b25da24fdde7","__parent":"SimGroup_","position":[768.422729,703.603027,136.551605],"isRenderEnabled":false,"rotationMatrix":[0.759599209,-0.649896741,-0.0253628232,0.648713112,0.754262984,0.101285167,-0.0466946624,-0.0933893248,0.994534075],"shapeName":"/levels/west_coast_usa/art/shapes/objects/barrierfence_plain.dae","useInstanceRenderData":true}
{"class":"TSStatic","persistentId":"11395d01-30a2-440a-a036-eb35de22ce50","__parent":"SimGroup_","position":[725.560059,701.198425,134.306351],"isRenderEnabled":false,"rotationMatrix":[0.671667874,0.735252738,0.0909154564,-0.740276694,0.67091012,0.0432435498,-0.0292011667,-0.0963478908,0.9949193],"shapeName":"/levels/west_coast_usa/art/shapes/objects/barrierfence_plain.dae","useInstanceRenderData":true}
{"class":"TSStatic","persistentId":"11c0ff85-3f6d-4186-9faf-5b88b7ff18d1","__parent":"SimGroup_","position":[-300.374695,-209.49704,119.131111],"isRenderEnabled":false,"rotationMatrix":[0.509102166,0.860703588,0.00206284691,-0.860686064,0.509072542,0.0080363797,0.0058668023,-0.00586680183,0.999965608],"shapeName":"/levels/west_coast_usa/art/shapes/objects/barrierfence_plain.dae","useInstanceRenderData":true}
{"class":"TSStatic","persistentId":"12ce3e67-504e-4d78-8fd7-e718540724e5","__parent":"SimGroup_","position":[-45.2068024,-636.629517,132.47522],"isRenderEnabled":false,"rotationMatrix":[0.25179559,0.96710068,-0.0362681672,-0.967740476,0.251949072,-0.000350743532,0.00879852753,0.0351864882,0.999342024],"shapeName":"/levels/west_coast_usa/art/shapes/objects/barrierfence_plain.dae","useInstanceRenderData":true}
{"class":"TSStatic","persistentId":"12d07595-af34-4d57-ae5c-a58d7ed15a09","__parent":"SimGroup_","position":[698.638245,670.885559,130.93367],"isRenderEnabled":false,"rotationMatrix":[0.6627689,0.744500279,0.0803537816,-0.748801231,0.659758329,0.0633685216,-0.00583620742,-0.102167703,0.994750082],"shapeName":"/levels/west_coast_usa/art/shapes/objects/barrierfence_plain.dae","useInstanceRenderData":true}
{"class":"TSStatic","persistentId":"1426eaf0-6c9d-48f9-98fe-5f52ad5cd14c","__parent":"SimGroup_","position":[365.530609,280.131042,119.441902],"isRenderEnabled":false,"rotationMatrix":[-0.668258309,-0.74390924,-0.00547470665,0.743784666,-0.667965055,-0.0246365797,0.0146704651,-0.0205356013,0.999681473],"shapeName":"/levels/west_coast_usa/art/shapes/objects/barrierfence_plain.dae","useInstanceRenderData":true}
{"class":"TSStatic","persistentId":"147c7bdf-b450-436a-b8ec-fda0fd3a9a91","__parent":"SimGroup_","position":[746.409546,714.035156,136.474197],"isRenderEnabled":false,"rotationMatrix":[0.951281786,-0.307707846,0.0194650516,0.304303527,0.94716841,0.101347931,-0.0496222377,-0.0904871598,0.994660616],"shapeName":"/levels/west_coast_usa/art/shapes/objects/barrierfence_plain.dae","useInstanceRenderData":true}
{"class":"TSStatic","persistentId":"15556183-0ae4-4aad-a953-86a3746fe8d7","__parent":"SimGroup_","position":[711.182129,685.054138,132.464493],"isRenderEnabled":false,"rotationMatrix":[0.659881711,0.748325706,0.0675634891,-0.751346707,0.657889009,0.0515763462,-0.00585337542,-0.084797889,0.996380985],"shapeName":"/levels/west_coast_usa/art/shapes/objects/barrierfence_plain.dae","useInstanceRenderData":true}
{"class":"TSStatic","persistentId":"159c03f6-e3f3-42e2-b191-c44662192b2a","__parent":"SimGroup_","position":[771.856934,696.277649,136.399597],"isRenderEnabled":false,"rotationMatrix":[0.376446664,-0.926243246,-0.0190117434,0.92172426,0.372384787,0.108415686,-0.0933396071,-0.0583363101,0.993923843],"shapeName":"/levels/west_coast_usa/art/shapes/objects/barrierfence_plain.dae","useInstanceRenderData":true}
{"class":"TSStatic","persistentId":"15fbcb4e-9ebf-40f4-98db-26afbf11356a","__parent":"SimGroup_","position":[781.309082,665.491211,135.505951],"isRenderEnabled":false,"rotationMatrix":[-0.23595202,-0.968774617,-0.0761729255,0.967270076,-0.241668344,0.0773621723,-0.0933550969,-0.0554260388,0.994088948],"shapeName":"/levels/west_coast_usa/art/shapes/objects/barrierfence_plain.dae","useInstanceRenderData":true}
{"class":"TSStatic","persistentId":"16751e9c-c983-4835-a13e-4a19a4fb6ddf","__parent":"SimGroup_","position":[-31.3439484,-154.725952,126.301468],"isRenderEnabled":false,"rotationMatrix":[0.811765969,0.583204687,0.0301378444,-0.583975494,0.810415268,0.0469013825,0.00292893872,-0.0556727126,0.998444796],"shapeName":"/levels/west_coast_usa/art/shapes/objects/barrierfence_plain.dae","useInstanceRenderData":true}
{"class":"TSStatic","persistentId":"16d3dbe9-a481-45dc-9396-94bb1c795dd4","__parent":"SimGroup_","position":[-43.9564972,-179.786987,125.073021],"isRenderEnabled":false,"rotationMatrix":[-0.833030462,0.552726388,0.0235306453,-0.553219318,-0.832490206,-0.030137293,0.00293135643,-0.0381228924,0.99926877],"shapeName":"/levels/west_coast_usa/art/shapes/objects/barrierfence_plain.dae","useInstanceRenderData":true}
{"class":"TSStatic","persistentId":"176411c5-9838-4d5d-a872-4317cdc47344","__parent":"SimGroup_","position":[-0.101745605,-146.045303,126.569756],"isRenderEnabled":false,"rotationMatrix":[0.945198715,-0.325268418,-0.0282807872,0.326284975,0.944149375,0.0460444465,0.0117244832,-0.0527487472,0.998538971],"shapeName":"/levels/west_coast_usa/art/shapes/objects/barrierfence_plain.dae","useInstanceRenderData":true}
{"class":"TSStatic","persistentId":"17823c87-eb4a-4e24-9b39-094418859fe7","__parent":"SimGroup_","position":[758.891113,708.772095,136.577744],"isRenderEnabled":false,"rotationMatrix":[0.895615995,-0.444827944,0.000276440755,0.442370445,0.890732884,0.104418792,-0.0466946289,-0.0933968499,0.99453336],"shapeName":"/levels/west_coast_usa/art/shapes/objects/barrierfence_plain.dae","useInstanceRenderData":true}
{"class":"TSStatic","persistentId":"17849929-7dc2-4be1-af13-c41eb58d7ea9","__parent":"SimGroup_","position":[-93.6191559,-403.634216,124.796768],"isRenderEnabled":false,"rotationMatrix":[0.329097569,-0.943970084,-0.0248047039,0.944254875,0.328724921,0.0179604366,-0.00880018994,-0.0293327011,0.999530971],"shapeName":"/levels/west_coast_usa/art/shapes/objects/barrierfence_plain.dae","useInstanceRenderData":true}
{"class":"TSStatic","persistentId":"1897bd01-6ee7-4ded-a9e2-b402940a794c","__parent":"SimGroup_","position":[-20.1940918,-147.019806,126.694183],"isRenderEnabled":false,"rotationMatrix":[0.835197747,0.549347758,0.0257259272,-0.549918532,0.833737433,0.0497140177,0.0058616139,-0.0556682013,0.9984321],"shapeName":"/levels/west_coast_usa/art/shapes/objects/barrierfence_plain.dae","useInstanceRenderData":true}
{"class":"TSStatic","persistentId":"18d98c9d-193f-4e2b-96cb-c7be48f731e2","__parent":"SimGroup_","position":[372.771606,288.207092,119.629852],"isRenderEnabled":false,"rotationMatrix":[-0.666960835,-0.744539082,-0.0287220348,0.744397223,-0.664177418,-0.0688567311,0.0321900062,-0.0673053414,0.997213006],"shapeName":"/levels/west_coast_usa/art/shapes/objects/barrierfence_plain.dae","useInstanceRenderData":true}
{"class":"TSStatic","persistentId":"18f561f5-9b0a-4215-aa5a-0b9fff50f4b6","__parent":"SimGroup_","position":[-51.1424713,-681.237671,133.888779],"isRenderEnabled":false,"rotationMatrix":[-0.709873557,0.704216778,0.0125829009,-0.703589976,-0.709833622,0.0331260636,0.0322596952,0.0146621121,0.999371946],"shapeName":"/levels/west_coast_usa/art/shapes/objects/barrierfence_plain.dae","useInstanceRenderData":true}
{"class":"TSStatic","persistentId":"1aaa5175-3ebe-449b-98bd-461d5eec7b52","__parent":"SimGroup_","position":[-42.1421661,-162.916168,125.880722],"isRenderEnabled":false,"rotationMatrix":[0.778053463,0.627346754,0.0326927155,-0.628191233,0.776747704,0.0451532453,0.00293274969,-0.0556689128,0.998444974],"shapeName":"/levels/west_coast_usa/art/shapes/objects/barrierfence_plain.dae","useInstanceRenderData":true}
{"class":"TSStatic","persistentId":"1ae9c8c3-b2f7-415a-b381-07258efc2175","__parent":"SimGroup_","position":[-162.951675,-411.308014,123.709198],"isRenderEnabled":false,"rotationMatrix":[0.740698814,0.671801507,0.00692839641,-0.671676934,0.740707994,-0.0142026907,-0.0146733085,0.00586627144,0.999875128],"shapeName":"/levels/west_coast_usa/art/shapes/objects/barrierfence_plain.dae","useInstanceRenderData":true}
{"class":"TSStatic","persistentId":"1c6bb5a3-c44c-41d9-81fc-d7777faaef09","__parent":"SimGroup_","position":[-32.4398346,-696.888184,133.560593],"isRenderEnabled":false,"rotationMatrix":[-0.811127424,0.584604502,0.0176062435,-0.583979249,-0.811185956,0.0307520032,0.0322596952,0.0146621121,0.999371946],"shapeName":"/levels/west_coast_usa/art/shapes/objects/barrierfence_plain.dae","useInstanceRenderData":true}
{"class":"TSStatic","persistentId":"1c7dde26-a97d-48a7-9cb5-e13ea41610ea","__parent":"SimGroup_","position":[-47.5553131,-644.411438,132.763885],"isRenderEnabled":false,"rotationMatrix":[0.330318332,0.943178058,-0.0361244008,-0.943828583,0.330418766,-0.00332667865,0.00879852567,0.0351941064,0.999341786],"shapeName":"/levels/west_coast_usa/art/shapes/objects/barrierfence_plain.dae","useInstanceRenderData":true}
{"class":"TSStatic","persistentId":"1e133ccc-8b8a-4954-91d9-ae7b20231af5","__parent":"SimGroup_","position":[868.568726,111.969772,152.763275],"isRenderEnabled":false,"rotationMatrix":[-0.549709797,-0.798244894,-0.246219665,0.790678561,-0.592296481,0.154958829,-0.269530147,-0.109498225,0.956746399],"shapeName":"/levels/west_coast_usa/art/shapes/objects/barrierfence_plain.dae","useInstanceRenderData":true}
{"class":"TSStatic","persistentId":"1e2a1c0f-44ae-4e56-8166-48cd6f81eafb","__parent":"SimGroup_","position":[-4.78593445,-204.063995,124.250511],"isRenderEnabled":false,"rotationMatrix":[-0.834144711,0.551443219,0.0106235314,-0.551350355,-0.834207177,0.010538293,0.0146734975,0.00293317367,0.999888062],"shapeName":"/levels/west_coast_usa/art/shapes/objects/barrierfence_plain.dae","useInstanceRenderData":true}
{"class":"TSStatic","persistentId":"1e6de6cc-0b1d-446e-acb4-94ecdd7215ee","__parent":"SimGroup_","position":[-7.90496826,-143.765442,126.759872],"isRenderEnabled":false,"rotationMatrix":[0.975334764,-0.216763392,-0.0416625738,0.217415228,0.976008415,0.0117547438,0.0381150246,-0.0205228887,0.999062598],"shapeName":"/levels/west_coast_usa/art/shapes/objects/barrierfence_plain.dae","useInstanceRenderData":true}
{"class":"TSStatic","persistentId":"1f57263b-8c17-452d-aa5f-1a4d6eb12ff7","__parent":"SimGroup_","position":[40.047287,-155.420166,125.42939],"isRenderEnabled":false,"rotationMatrix":[0.862516999,0.505978405,0.00708429841,-0.505722225,0.861424744,0.0468230955,0.0175888874,-0.0439684056,0.998878062],"shapeName":"/levels/west_coast_usa/art/shapes/objects/barrierfence_plain.dae","useInstanceRenderData":true}
{"class":"TSStatic","persistentId":"1f698b2c-4f06-43ed-ac30-5f9197f8a02e","__parent":"SimGroup_","position":[-43.3050079,-628.724487,132.17395],"isRenderEnabled":false,"rotationMatrix":[0.222324073,0.974213362,-0.0384750962,-0.974955201,0.222384155,-0.00276491046,0.00586264022,0.0381262042,0.999255717],"shapeName":"/levels/west_coast_usa/art/shapes/objects/barrierfence_plain.dae","useInstanceRenderData":true}
{"class":"TSStatic","persistentId":"206c7a9d-512d-47b7-901b-8cb239a76724","__parent":"SimGroup_","position":[-46.6945953,-641.841614,132.668625],"isRenderEnabled":false,"rotationMatrix":[0.300067186,0.95323056,-0.0362120792,-0.953877509,0.300188303,-0.00217357464,0.00879852753,0.0351941064,0.999341786],"shapeName":"/levels/west_coast_usa/art/shapes/objects/barrierfence_plain.dae","useInstanceRenderData":true}
{"class":"TSStatic","persistentId":"207a0bd9-300e-4e4c-876c-aa58a257d21f","__parent":"SimGroup_","position":[-27.9159088,-699.874634,133.471329],"isRenderEnabled":false,"rotationMatrix":[-0.86173594,0.506947696,0.0203792118,-0.50633055,-0.861852169,0.0289888475,0.0322596952,0.0146621112,0.999371946],"shapeName":"/levels/west_coast_usa/art/shapes/objects/barrierfence_plain.dae","useInstanceRenderData":true}
{"class":"TSStatic","persistentId":"21fcf522-4c7b-4912-92a1-ad0fa90f9c9e","__parent":"SimGroup_","position":[188.949768,189.366791,119.384193],"isRenderEnabled":false,"rotationMatrix":[0.98950851,-0.1444747,-1.38872891e-16,0.1444747,0.98950851,1.03486793e-16,1.22464672e-16,-1.22464672e-16,1],"shapeName":"/levels/west_coast_usa/art/shapes/objects/barrierfence_plain.dae","useInstanceRenderData":true}
{"class":"TSStatic","persistentId":"22da0a7a-39d7-4b5f-8223-364a11e8f6fa","__parent":"SimGroup_","position":[-2.67655945,-145.196106,126.637192],"isRenderEnabled":false,"rotationMatrix":[0.951363742,-0.30715695,-0.0236997455,0.307944387,0.950353682,0.0447005779,0.00879304577,-0.0498247147,0.998719275],"shapeName":"/levels/west_coast_usa/art/shapes/objects/barrierfence_plain.dae","useInstanceRenderData":true}
{"class":"TSStatic","persistentId":"231e0754-5f42-4ad6-9546-9b44bf75b6c6","__parent":"SimGroup_","position":[-43.0940094,-688.506958,133.755249],"isRenderEnabled":false,"rotationMatrix":[-0.758952379,0.650974631,0.0149482964,-0.650346637,-0.758957982,0.0321280882,0.0322596952,0.014662113,0.999371946],"shapeName":"/levels/west_coast_usa/art/shapes/objects/barrierfence_plain.dae","useInstanceRenderData":true}
{"class":"TSStatic","persistentId":"239ff029-3353-42b5-8e60-4fe6a0b97b73","__parent":"SimGroup_","position":[9.51339722,-684.047852,132.667191],"isRenderEnabled":false,"rotationMatrix":[-0.828050256,-0.560535669,0.0115124658,0.560653925,-0.827875614,0.0170031842,-4.65661287e-10,0.0205339994,0.999789178],"shapeName":"/levels/west_coast_usa/art/shapes/objects/barrierfence_plain.dae","useInstanceRenderData":true}
{"class":"TSStatic","persistentId":"24084e38-c68d-48c0-871c-7c00f334765f","__parent":"SimGroup_","position":[867.093872,109.793991,152.095169],"isRenderEnabled":false,"rotationMatrix":[-0.539918184,-0.804322839,-0.248099148,0.796541214,-0.583506823,0.158246607,-0.272048891,-0.112180978,0.955722153],"shapeName":"/levels/west_coast_usa/art/shapes/objects/barrierfence_plain.dae","useInstanceRenderData":true}
{"class":"TSStatic","persistentId":"243cbfbe-79dc-4d38-b074-47cc91af10a3","__parent":"SimGroup_","position":[-44.2399445,-164.632721,125.79216],"isRenderEnabled":false,"rotationMatrix":[0.761064708,0.647790432,0.0338824689,-0.648669362,0.759781897,0.0442674533,0.00293274783,-0.0556689128,0.998444974],"shapeName":"/levels/west_coast_usa/art/shapes/objects/barrierfence_plain.dae","useInstanceRenderData":true}
{"class":"TSStatic","persistentId":"25f43818-064f-44c0-b796-7e06ca364d04","__parent":"SimGroup_","position":[11.0371399,-214.553894,124.064178],"isRenderEnabled":false,"rotationMatrix":[-0.833104372,0.553042531,0.00898122229,-0.552920818,-0.833132148,0.0130021814,0.0146733075,0.00586627191,0.999875128],"shapeName":"/levels/west_coast_usa/art/shapes/objects/barrierfence_plain.dae","useInstanceRenderData":true}
{"class":"TSStatic","persistentId":"262f7bbf-54c5-4d02-9151-260271e8f03f","__parent":"SimGroup_","position":[-299.307617,-207.011932,119.137688],"isRenderEnabled":false,"rotationMatrix":[0.313232005,0.949674785,0.00186700653,-0.949672043,0.313223839,0.00370470807,0.00293347705,-0.00293347705,0.999991417],"shapeName":"/levels/west_coast_usa/art/shapes/objects/barrierfence_plain.dae","useInstanceRenderData":true}
{"class":"TSStatic","persistentId":"26fd9ac7-743c-4cb6-ad94-4798852ce6db","__parent":"SimGroup_","position":[704.022156,676.94873,131.613571],"isRenderEnabled":false,"rotationMatrix":[0.660321712,0.746225595,0.0843957812,-0.750892043,0.657807112,0.0587446392,-0.0116793998,-0.10216248,0.99469918],"shapeName":"/levels/west_coast_usa/art/shapes/objects/barrierfence_plain.dae","useInstanceRenderData":true}
{"class":"TSStatic","persistentId":"27dcec6a-acb5-48a6-a65e-0a96cca2e2dd","__parent":"SimGroup_","position":[-9.31263733,-201.075806,124.312073],"isRenderEnabled":false,"rotationMatrix":[-0.834832191,0.550368428,0.0122512784,-0.550309181,-0.834922075,0.00807586499,0.0146735609,-4.65661287e-10,0.999892354],"shapeName":"/levels/west_coast_usa/art/shapes/objects/barrierfence_plain.dae","useInstanceRenderData":true}
{"class":"TSStatic","persistentId":"27dfd4d3-57d7-423b-921d-8b58999531ea","__parent":"SimGroup_","position":[-13.3024902,-698.69104,133.028717],"isRenderEnabled":false,"rotationMatrix":[-0.877516389,-0.479083538,0.021073442,0.479223549,-0.877691031,0.00186035689,0.0176047012,0.0117313825,0.999776185],"shapeName":"/levels/west_coast_usa/art/shapes/objects/barrierfence_plain.dae","useInstanceRenderData":true}
{"class":"TSStatic","persistentId":"28172a98-1a10-4ead-9c2f-ee7abae5aedb","__parent":"SimGroup_","position":[900.050049,134.836639,161.403931],"isRenderEnabled":false,"rotationMatrix":[-0.912866712,-0.407525659,-0.0244442392,0.407878458,-0.912963033,-0.0115685482,-0.0176022034,-0.020530818,0.999634266],"shapeName":"/levels/west_coast_usa/art/shapes/objects/barrierfence_plain.dae","useInstanceRenderData":true}
{"class":"TSStatic","persistentId":"2848bc38-3e57-46aa-93be-2d382291a083","__parent":"SimGroup_","position":[-92.7293854,-406.195465,124.731361],"isRenderEnabled":false,"rotationMatrix":[0.327975214,-0.944384873,-0.0238646418,0.944613516,0.327531517,0.0206995979,-0.0117319636,-0.0293318182,0.999500871],"shapeName":"/levels/west_coast_usa/art/shapes/objects/barrierfence_plain.dae","useInstanceRenderData":true}
{"class":"TSStatic","persistentId":"29ec878f-6ccd-45d5-8e11-120ff282f0db","__parent":"SimGroup_","position":[180.898575,190.542267,119.384193],"isRenderEnabled":false,"rotationMatrix":[0.989508986,-0.144471169,-1.38872521e-16,0.144471169,0.989508986,1.03487289e-16,1.22464672e-16,-1.22464685e-16,1],"shapeName":"/levels/west_coast_usa/art/shapes/objects/barrierfence_plain.dae","useInstanceRenderData":true}
{"class":"TSStatic","persistentId":"29eff8a6-a5ac-4b69-ba5f-9e036e0ee6cd","__parent":"SimGroup_","position":[343.450073,256.222443,119.406342],"isRenderEnabled":false,"rotationMatrix":[-0.685037136,-0.728508174,-0.000255045248,0.728484571,-0.685011983,-0.00829299074,0.0058668023,-0.00586680323,0.999965608],"shapeName":"/levels/west_coast_usa/art/shapes/objects/barrierfence_plain.dae","useInstanceRenderData":true}
{"class":"TSStatic","persistentId":"2a6eefac-0435-43d5-9900-2daff9a1638a","__parent":"SimGroup_","position":[887.907593,129.142548,159.608597],"isRenderEnabled":false,"rotationMatrix":[-0.866455197,-0.444516838,-0.227288768,0.452275753,-0.891660213,0.0197163299,-0.211428598,-0.0857138932,0.973627806],"shapeName":"/levels/west_coast_usa/art/shapes/objects/barrierfence_plain.dae","useInstanceRenderData":true}
{"class":"TSStatic","persistentId":"2ab64e8b-8b55-40ce-ad2b-45f1465dc30d","__parent":"SimGroup_","position":[761.308716,707.542969,136.575821],"isRenderEnabled":false,"rotationMatrix":[0.888574898,-0.458731562,-1.23996288e-05,0.456347555,0.883954227,0.101841986,-0.0467071757,-0.0904998928,0.994800568],"shapeName":"/levels/west_coast_usa/art/shapes/objects/barrierfence_plain.dae","useInstanceRenderData":true}
{"class":"TSStatic","persistentId":"2be0eace-2c1b-4fc8-a7e6-fc2fc7c39a97","__parent":"SimGroup_","position":[-36.7855988,-693.643616,133.64119],"isRenderEnabled":false,"rotationMatrix":[-0.79547143,0.605758667,0.0167905055,-0.605132103,-0.795513511,0.0312048793,0.0322596952,0.0146621102,0.999371946],"shapeName":"/levels/west_coast_usa/art/shapes/objects/barrierfence_plain.dae","useInstanceRenderData":true}
{"class":"TSStatic","persistentId":"2c870b02-3ee8-460a-a3cb-83c59b37eaeb","__parent":"SimGroup_","position":[65.1598206,-155.680908,124.903625],"isRenderEnabled":false,"rotationMatrix":[0.944065213,-0.329758674,-0.000396791846,0.329641432,0.943696082,0.0278244782,-0.00880091172,-0.0263989214,0.999612749],"shapeName":"/levels/west_coast_usa/art/shapes/objects/barrierfence_plain.dae","useInstanceRenderData":true}
{"class":"TSStatic","persistentId":"2c8f2fc5-7b43-432a-9d73-4b470926a991","__parent":"SimGroup_","position":[1.99810791,-208.55545,124.164963],"isRenderEnabled":false,"rotationMatrix":[-0.833305478,0.552739918,0.00898276828,-0.552618206,-0.833333254,0.0129968105,0.0146694947,0.00586627144,0.999875188],"shapeName":"/levels/west_coast_usa/art/shapes/objects/barrierfence_plain.dae","useInstanceRenderData":true}
{"class":"TSStatic","persistentId":"2decd0dd-4460-4213-9553-70475f2204d1","__parent":"SimGroup_","position":[42.3345337,-153.964081,125.466919],"isRenderEnabled":false,"rotationMatrix":[0.83317256,0.552862287,0.0129136723,-0.552733541,0.831782043,0.0512272306,0.0175802428,-0.0498189442,0.998603523],"shapeName":"/levels/west_coast_usa/art/shapes/objects/barrierfence_plain.dae","useInstanceRenderData":true}
{"class":"TSStatic","persistentId":"2e1bef30-6671-47c8-acff-6fb7cb30750e","__parent":"SimGroup_","position":[47.0348053,-151.291061,125.641762],"isRenderEnabled":false,"rotationMatrix":[0.950110674,0.310698241,-0.0275008455,-0.30640617,0.946196139,0.104058459,0.0583519787,-0.0904406309,0.994190872],"shapeName":"/levels/west_coast_usa/art/shapes/objects/barrierfence_plain.dae","useInstanceRenderData":true}
{"class":"TSStatic","persistentId":"2e2fcccb-0b87-461a-9e77-5f22542ff7d1","__parent":"SimGroup_","position":[-51.6264801,-654.458374,133.152481],"isRenderEnabled":false,"rotationMatrix":[0.385052681,0.92219764,-0.0358603895,-0.922852695,0.385114849,-0.00543466676,0.00879852939,0.0351864882,0.999342024],"shapeName":"/levels/west_coast_usa/art/shapes/objects/barrierfence_plain.dae","useInstanceRenderData":true}
{"class":"TSStatic","persistentId":"2f11cfbe-c4b4-476d-9bab-b333636773b4","__parent":"SimGroup_","position":[738.427612,715.011658,136.181808],"isRenderEnabled":false,"rotationMatrix":[0.915074527,0.394946903,0.0815812647,-0.400220186,0.914236844,0.0632043481,-0.0496222377,-0.0904871523,0.994660616],"shapeName":"/levels/west_coast_usa/art/shapes/objects/barrierfence_plain.dae","useInstanceRenderData":true}
{"class":"TSStatic","persistentId":"300b7e7d-5d00-4e4e-84b4-a16aadf8858c","__parent":"SimGroup_","position":[-2.52368164,-205.559753,124.220993],"isRenderEnabled":false,"rotationMatrix":[-0.833631754,0.552218616,0.0106137292,-0.552125633,-0.8336941,0.0105481641,0.0146734966,0.00293317344,0.999888062],"shapeName":"/levels/west_coast_usa/art/shapes/objects/barrierfence_plain.dae","useInstanceRenderData":true}
{"class":"TSStatic","persistentId":"317a524e-a2d8-4211-af99-cbe08406d103","__parent":"SimGroup_","position":[727.381592,703.192017,134.558044],"isRenderEnabled":false,"rotationMatrix":[0.671542406,0.734874785,0.0948151052,-0.740137517,0.671326756,0.0389455855,-0.0350317955,-0.096329838,0.994732797],"shapeName":"/levels/west_coast_usa/art/shapes/objects/barrierfence_plain.dae","useInstanceRenderData":true}
{"class":"TSStatic","persistentId":"31af8cdb-4e14-4262-87f1-ed9c54da3ff0","__parent":"SimGroup_","position":[-56.7655182,-669.853699,133.726349],"isRenderEnabled":false,"rotationMatrix":[0.258800805,0.965220749,-0.0370292254,-0.965859592,0.259056926,0.00221012346,0.0117259333,0.0351930484,0.999311745],"shapeName":"/levels/west_coast_usa/art/shapes/objects/barrierfence_plain.dae","useInstanceRenderData":true}
{"class":"TSStatic","persistentId":"329aef4e-4f9b-46ea-b4d9-573dc062192f","__parent":"SimGroup_","position":[-45.9170685,-639.245178,132.571503],"isRenderEnabled":false,"rotationMatrix":[0.281023502,0.959016085,-0.0362481661,-0.95966053,0.281157434,-0.0014524404,0.00879852846,0.0351941064,0.999341786],"shapeName":"/levels/west_coast_usa/art/shapes/objects/barrierfence_plain.dae","useInstanceRenderData":true}
{"class":"TSStatic","persistentId":"33a0b83e-ba51-4fa5-820d-3d2c257d5c9d","__parent":"SimGroup_","position":[-90.9461823,-411.317291,124.626091],"isRenderEnabled":false,"rotationMatrix":[0.333668292,-0.942457139,-0.0209765472,0.942617476,0.333282888,0.0198672675,-0.0117329247,-0.026401937,0.999582529],"shapeName":"/levels/west_coast_usa/art/shapes/objects/barrierfence_plain.dae","useInstanceRenderData":true}
