{"class":"TSStatic","__parent":"Highway Drag","position":[-879.799927,-552.338989,106.619026],"isRenderEnabled":false,"rotationMatrix":[-0.606091619,0.795395136,0,-0.795395136,-0.606091619,0,0,0,1],"shapeName":"/levels/west_coast_usa/art/shapes/objects/featherflag_beamng.dae","useInstanceRenderData":true}
{"class":"TSStatic","__parent":"Highway Drag","position":[-883.264893,-548.810364,106.619026],"isRenderEnabled":false,"rotationMatrix":[0.674926639,-0.737884879,0,0.737884879,0.674926639,0,0,0,1],"shapeName":"/levels/west_coast_usa/art/shapes/objects/featherflag_beamng.dae","useInstanceRenderData":true}
{"name":"dragHighway","class":"DecalRoad","persistentId":"b5a260dc-51b3-4c03-9c8b-e60a05a56815","__parent":"Highway Drag","position":[-879.545166,-548.091064,106.360573],"improvedSpline":true,"material":"road_invisible","nodes":[[-879.545166,-548.091064,106.360573,5],[-605.385559,-264.032806,106.300537,5],[-322.964783,26.6196156,111.081879,5]],"overObjects":true}
{"name":"fre_staging_dragHighway","class":"BeamNGTrigger","__parent":"Highway Drag","position":[-881.609131,-550.889648,107.997795],"luaFunction":"onBeamNGTrigger","rotationMatrix":[0.703083515,-0.711107373,1.11758709e-08,0.710312605,0.702297747,-0.047264725,0.0336102806,0.0332310572,0.998882413],"scale":[4.72219324,1,4.90749168]}
{"name":"fre_start_dragHighway","class":"BeamNGTrigger","__parent":"Highway Drag","position":[-881.01709,-550.325806,107.997795],"luaFunction":"onBeamNGTrigger","rotationMatrix":[0.703083515,-0.711107373,1.11758709e-08,0.710312605,0.702297747,-0.047264725,0.0336102806,0.0332310572,0.998882413],"scale":[4.72219324,1,4.90749168]}
{"name":"fre_finish_dragHighway","class":"BeamNGTrigger","__parent":"Highway Drag","position":[-325.009247,27.9283562,112.429092],"luaFunction":"onBeamNGTrigger","rotationMatrix":[0.703083515,-0.711107373,1.11758709e-08,0.710312605,0.702297747,-0.047264725,0.0336102806,0.0332310572,0.998882413],"scale":[15.4504242,1,4.90749168]}
{"name":"fre_start_dragHighwayasset0","class":"TSStatic","__parent":"Highway Drag","position":[-318.09436,21.648756,112.158936],"hidden":true,"isRenderEnabled":false,"rotationMatrix":[-0.606091619,0.795395136,0,-0.795395136,-0.606091619,0,0,0,1],"shapeName":"/levels/west_coast_usa/art/shapes/objects/featherflag_beamng.dae","useInstanceRenderData":true}
{"name":"fre_start_dragHighwayasset1","class":"TSStatic","__parent":"Highway Drag","position":[-331.458038,34.6774216,112.158936],"hidden":true,"isRenderEnabled":false,"rotationMatrix":[0.674926639,-0.737884879,0,0.737884879,0.674926639,0,0,0,1],"shapeName":"/levels/west_coast_usa/art/shapes/objects/featherflag_beamng.dae","useInstanceRenderData":true}
