{"name":"SimGroup_","class":"SimGroup","persistentId":"022c4a3f-e63f-4a21-93ab-ffc7678cb080","groupPosition":"-122.59503479004 50.642456054688 125.26366271973"}
{"name":"speedTrapLight1","class":"SpotLight","persistentId":"b39f6d30-ec90-4079-9487-a78811377b1e","__parent":"SimGroup_","position":[-122.796951,50.3985786,126.754723],"flareScale":10,"flareType":"BNG_Sunflare_3","isEnabled":false,"outerAngle":60.0000038,"range":50,"rotationMatrix":[-0.562292337,0.825205207,-0.053525608,-0.817517757,-0.564463139,-0.114224926,-0.124472156,-0.0204696096,0.992011964]}
{"class":"TSStatic","persistentId":"01fdb6e8-93e9-4258-a195-ece5aec39e11","__parent":"SimGroup_","position":[-122.487152,50.6012993,125.687866],"isRenderEnabled":false,"rotationMatrix":[0.489972532,-0.871737957,0,0.871737957,0.489972532,0,0,0,1],"shapeName":"/levels/rls_west_coast_usa/art/shapes/objects/s_camera_elbow.dae","useInstanceRenderData":true}
{"class":"TSStatic","persistentId":"0bc5e7f3-6865-4c38-95ef-4fa131042ac3","__parent":"SimGroup_","position":[-122.716766,51.0098038,125.887863],"isRenderEnabled":false,"rotationMatrix":[0.489972532,-0.871737957,0,0.871737957,0.489972532,0,0,0,1],"shapeName":"/levels/rls_west_coast_usa/art/shapes/objects/s_camera_light2.dae","useInstanceRenderData":true}
{"class":"TSStatic","persistentId":"43761043-0cf6-4480-876b-dfcc6bbdccde","__parent":"SimGroup_","position":[-122.487152,50.6012993,121.5],"isRenderEnabled":false,"rotationMatrix":[0.489972532,-0.871737957,0,0.871737957,0.489972532,0,0,0,1],"shapeName":"/levels/rls_west_coast_usa/art/shapes/objects/s_camera_pole.dae","useInstanceRenderData":true}
{"class":"TSStatic","persistentId":"ae72272f-cfa9-4aad-b7e2-1e3fd84b70ee","__parent":"SimGroup_","position":[-122.487152,50.6012993,126.487862],"isRenderEnabled":false,"rotationMatrix":[0.489972532,-0.871737957,0,0.871737957,0.489972532,0,0,0,1],"shapeName":"/levels/rls_west_coast_usa/art/shapes/objects/s_camera_speed1.dae","useInstanceRenderData":true}
