//--- OBJECT WRITE BEGIN ---
$ThisPrefab = new SimGroup() {
   canSave = "1";
   canSaveDynamicFields = "1";
      groupPosition = "0 0 0";

   new DecalRoad(road_helper_3) {
      drivability = "1";
      lanesLeft = "1";
      lanesRight = "1";
      oneWay = "0";
      flipDirection = "0";
      gatedRoad = "0";
      useSubdivisions = "1";
      ImprovedSpline = "1";
      startTangent = "0";
      endTangent = "0";
      looped = "0";
      smoothness = "0.5";
      detail = "0.100000001";
      overObjects = "0";
      material = "road_invisible";
      textureLength = "5";
      breakAngle = "3";
      renderPriority = "10";
      zBias = "0";
      decalBias = "0.000500000024";
      distanceFade = "0 0";
      startEndFade = "0 0";
      hiddenInNavi = "0";
      position = "-21.3633652 261.817047 120.946281";
      scale = "1 1 1";
      rotationMatrix = "1 0 0 0 1 0 0 0 1";
      canSave = "1";
      canSaveDynamicFields = "1";

      Node = "-21.363365 261.817047 120.946281 8.000000";
      Node = "-18.020611 278.520172 120.376190 8.000000";
   };
   new DecalRoad(road_helper_2) {
      drivability = "1";
      lanesLeft = "1";
      lanesRight = "1";
      oneWay = "0";
      flipDirection = "0";
      gatedRoad = "0";
      useSubdivisions = "1";
      ImprovedSpline = "1";
      startTangent = "0";
      endTangent = "0";
      looped = "0";
      smoothness = "0.5";
      detail = "0.100000001";
      overObjects = "0";
      material = "road_invisible";
      textureLength = "5";
      breakAngle = "3";
      renderPriority = "10";
      zBias = "0";
      decalBias = "0.000500000024";
      distanceFade = "0 0";
      startEndFade = "0 0";
      hiddenInNavi = "0";
      position = "-62.1924896 102.56321 125.731636";
      scale = "1 1 1";
      rotationMatrix = "1 0 0 0 1 0 0 0 1";
      canSave = "1";
      canSaveDynamicFields = "1";

      Node = "-62.192490 102.563210 125.731636 8.000000";
      Node = "-62.875877 117.820290 126.200470 8.000000";
   };
   new DecalRoad(road_helper_1) {
      drivability = "1";
      lanesLeft = "1";
      lanesRight = "1";
      oneWay = "0";
      flipDirection = "0";
      gatedRoad = "0";
      useSubdivisions = "1";
      ImprovedSpline = "1";
      startTangent = "0";
      endTangent = "0";
      looped = "0";
      smoothness = "0.5";
      detail = "0.100000001";
      overObjects = "0";
      material = "road_invisible";
      textureLength = "5";
      breakAngle = "3";
      renderPriority = "10";
      zBias = "0";
      decalBias = "0.000500000024";
      distanceFade = "0 0";
      startEndFade = "0 0";
      hiddenInNavi = "0";
      position = "-163.139374 154.804108 121.393883";
      scale = "1 1 1";
      rotationMatrix = "1 0 0 0 1 0 0 0 1";
      canSave = "1";
      canSaveDynamicFields = "1";

      Node = "-163.139374 154.804108 121.393883 8.000000";
      Node = "-163.934769 139.440796 121.630219 8.000000";
   };
   new BeamNGWaypoint(wp_helper_5) {
      drawDebug = "0";
      directionalWaypoint = "0";
      excludeFromMap = "0";
      position = "477.03595 648.426147 125.672363";
      scale = "5 5 5";
      rotationMatrix = "1 0 0 0 1 0 0 0 1";
      canSave = "1";
      canSaveDynamicFields = "1";
   };
   new BeamNGWaypoint(wp_helper_4) {
      drawDebug = "0";
      directionalWaypoint = "0";
      excludeFromMap = "0";
      position = "-35.5706253 77.486145 121.055191";
      scale = "6 6 6";
      rotationMatrix = "1 0 0 0 1 0 0 0 1";
      canSave = "1";
      canSaveDynamicFields = "1";
   };
   new BeamNGWaypoint(wp_helper_3) {
      drawDebug = "0";
      directionalWaypoint = "0";
      excludeFromMap = "0";
      position = "-34.5020103 67.071106 120.51358";
      scale = "6 6 6";
      rotationMatrix = "1 0 0 0 1 0 0 0 1";
      canSave = "1";
      canSaveDynamicFields = "1";
   };
   new BeamNGWaypoint(wp_helper_2) {
      drawDebug = "0";
      directionalWaypoint = "0";
      excludeFromMap = "0";
      position = "-39.7189751 57.1677818 120.149841";
      scale = "6 6 6";
      rotationMatrix = "1 0 0 0 1 0 0 0 1";
      canSave = "1";
      canSaveDynamicFields = "1";
   };
   new BeamNGWaypoint(wp_helper_1) {
      drawDebug = "0";
      directionalWaypoint = "0";
      excludeFromMap = "0";
      position = "-411.726074 142.785812 100.015045";
      scale = "6 6 6";
      rotationMatrix = "1 0 0 0 1 0 0 0 1";
      canSave = "1";
      canSaveDynamicFields = "1";
   };
   new TSStatic() {
      shapeName = "/levels/west_coast_usa/art/shapes/objects/constructionbarrier_arrows.dae";
      dynamic = "0";
      playAmbient = "1";
      meshCulling = "0";
      originSort = "0";
      useInstanceRenderData = "1";
      instanceColor = "White";
      instanceColor1 = "White";
      instanceColor2 = "White";
      collisionType = "Collision Mesh";
      decalType = "Collision Mesh";
      prebuildCollisionData = "0";
      renderNormals = "0";
      forceDetail = "-1";
      position = "-258.01825 -96.8401871 119.420273";
      scale = "1 1 1";
      rotationMatrix = "-0.256988645 -0.966158807 -0.0222375393 0.966356575 -0.257157564 0.00505191553 -0.0105994977 -0.0201911032 0.999739945";
      isRenderEnabled = "false";
      canSave = "1";
      canSaveDynamicFields = "1";
   };
   new TSStatic() {
      shapeName = "/levels/west_coast_usa/art/shapes/objects/constructionbarrier_arrows.dae";
      dynamic = "0";
      playAmbient = "1";
      meshCulling = "0";
      originSort = "0";
      useInstanceRenderData = "1";
      instanceColor = "White";
      instanceColor1 = "White";
      instanceColor2 = "White";
      collisionType = "Collision Mesh";
      decalType = "Collision Mesh";
      prebuildCollisionData = "0";
      renderNormals = "0";
      forceDetail = "-1";
      position = "-261.686768 -95.4294662 119.409714";
      scale = "1 1 1";
      rotationMatrix = "-0.485309005 -0.874045789 -0.0227979012 0.874278843 -0.485424399 -0.000534472987 -0.0105994977 -0.0201911032 0.999739945";
      isRenderEnabled = "false";
      canSave = "1";
      canSaveDynamicFields = "1";
   };
   new TSStatic() {
      shapeName = "/levels/west_coast_usa/art/shapes/objects/constructionbarrier_arrows.dae";
      dynamic = "0";
      playAmbient = "1";
      meshCulling = "0";
      originSort = "0";
      useInstanceRenderData = "1";
      instanceColor = "White";
      instanceColor1 = "White";
      instanceColor2 = "White";
      collisionType = "Collision Mesh";
      decalType = "Collision Mesh";
      prebuildCollisionData = "0";
      renderNormals = "0";
      forceDetail = "-1";
      position = "-264.782867 -93.1484909 119.411026";
      scale = "1 1 1";
      rotationMatrix = "-0.695267677 -0.718418241 -0.0218808316 0.718673229 -0.695318818 -0.00642333878 -0.0105995024 -0.0201911014 0.999739945";
      isRenderEnabled = "false";
      canSave = "1";
      canSaveDynamicFields = "1";
   };
   new TSStatic() {
      shapeName = "/levels/west_coast_usa/art/shapes/objects/dumpster.dae";
      dynamic = "0";
      playAmbient = "1";
      meshCulling = "0";
      originSort = "0";
      useInstanceRenderData = "1";
      instanceColor = "White";
      instanceColor1 = "White";
      instanceColor2 = "White";
      collisionType = "Collision Mesh";
      decalType = "Collision Mesh";
      prebuildCollisionData = "0";
      renderNormals = "0";
      forceDetail = "-1";
      position = "-268.360657 -89.2739334 120.348068";
      scale = "1 1 1";
      rotationMatrix = "0.86761272 0.497240543 0 -0.497240543 0.86761272 0 0 0 1";
      isRenderEnabled = "false";
      canSave = "1";
      canSaveDynamicFields = "1";
   };
   new TSStatic() {
      shapeName = "/levels/west_coast_usa/art/shapes/objects/constructionbarrier_arrows.dae";
      dynamic = "0";
      playAmbient = "1";
      meshCulling = "0";
      originSort = "0";
      useInstanceRenderData = "1";
      instanceColor = "White";
      instanceColor1 = "White";
      instanceColor2 = "White";
      collisionType = "Collision Mesh";
      decalType = "Collision Mesh";
      prebuildCollisionData = "0";
      renderNormals = "0";
      forceDetail = "-1";
      position = "-22.1838322 77.3367767 120.108559";
      scale = "1 1 1";
      rotationMatrix = "0.834088624 0.551268637 0.0199768376 -0.551528633 0.834083498 0.010997992 -0.0105995033 -0.0201910976 0.999739945";
      isRenderEnabled = "false";
      canSave = "1";
      canSaveDynamicFields = "1";
   };
   new TSStatic() {
      shapeName = "/levels/west_coast_usa/art/shapes/objects/constructionbarrier_arrows.dae";
      dynamic = "0";
      playAmbient = "1";
      meshCulling = "0";
      originSort = "0";
      useInstanceRenderData = "1";
      instanceColor = "White";
      instanceColor1 = "White";
      instanceColor2 = "White";
      collisionType = "Collision Mesh";
      decalType = "Collision Mesh";
      prebuildCollisionData = "0";
      renderNormals = "0";
      forceDetail = "-1";
      position = "-20.2456932 73.8864746 120.094955";
      scale = "1 1 1";
      rotationMatrix = "0.92076683 0.389489561 0.0220528245 -0.389630646 0.920968294 0.0023331535 -0.0194012113 -0.010740744 0.999754071";
      isRenderEnabled = "false";
      canSave = "1";
      canSaveDynamicFields = "1";
   };
   new TSStatic() {
      shapeName = "/levels/west_coast_usa/art/shapes/objects/constructionbarrier_arrows.dae";
      dynamic = "0";
      playAmbient = "1";
      meshCulling = "0";
      originSort = "0";
      useInstanceRenderData = "1";
      instanceColor = "White";
      instanceColor1 = "White";
      instanceColor2 = "White";
      collisionType = "Collision Mesh";
      decalType = "Collision Mesh";
      prebuildCollisionData = "0";
      renderNormals = "0";
      forceDetail = "-1";
      position = "-19.1059799 70.2614365 120.038239";
      scale = "1 1 1";
      rotationMatrix = "0.977350652 0.210327655 0.0234080274 -0.210678011 0.977460265 0.0136435032 -0.0200108122 -0.0182660446 0.999632895";
      isRenderEnabled = "false";
      canSave = "1";
      canSaveDynamicFields = "1";
   };
   new TSStatic() {
      shapeName = "/levels/west_coast_usa/art/shapes/objects/constructionbarrier_arrows.dae";
      dynamic = "0";
      playAmbient = "1";
      meshCulling = "0";
      originSort = "0";
      useInstanceRenderData = "1";
      instanceColor = "White";
      instanceColor1 = "White";
      instanceColor2 = "White";
      collisionType = "Collision Mesh";
      decalType = "Collision Mesh";
      prebuildCollisionData = "0";
      renderNormals = "0";
      forceDetail = "-1";
      position = "-18.5120316 66.3946533 119.954277";
      scale = "1 1 1";
      rotationMatrix = "0.997521937 0.0661757737 0.0238911267 -0.0666782707 0.997555912 0.0208863299 -0.0224505644 -0.0224275906 0.999496341";
      isRenderEnabled = "false";
      canSave = "1";
      canSaveDynamicFields = "1";
   };
   new TSStatic() {
      shapeName = "/levels/west_coast_usa/art/shapes/objects/constructionbarrier_arrows.dae";
      dynamic = "0";
      playAmbient = "1";
      meshCulling = "0";
      originSort = "0";
      useInstanceRenderData = "1";
      instanceColor = "White";
      instanceColor1 = "White";
      instanceColor2 = "White";
      collisionType = "Collision Mesh";
      decalType = "Collision Mesh";
      prebuildCollisionData = "0";
      renderNormals = "0";
      forceDetail = "-1";
      position = "-154.198486 138.268936 121.606949";
      scale = "1 1 1";
      rotationMatrix = "-0.776836276 0.629428327 -0.0186055955 -0.629517496 -0.776985645 -0.00133096287 -0.0152940201 0.0106786061 0.999826014";
      isRenderEnabled = "false";
      canSave = "1";
      canSaveDynamicFields = "1";
   };
   new TSStatic() {
      shapeName = "/levels/west_coast_usa/art/shapes/objects/constructionbarrier_arrows.dae";
      dynamic = "0";
      playAmbient = "1";
      meshCulling = "0";
      originSort = "0";
      useInstanceRenderData = "1";
      instanceColor = "White";
      instanceColor1 = "White";
      instanceColor2 = "White";
      collisionType = "Collision Mesh";
      decalType = "Collision Mesh";
      prebuildCollisionData = "0";
      renderNormals = "0";
      forceDetail = "-1";
      position = "-151.86586 141.183594 121.594254";
      scale = "1 1 1";
      rotationMatrix = "-0.807037234 0.590184629 -0.0193289239 -0.590190709 -0.807242036 -0.00599618442 -0.0191419665 0.00656860787 0.999795198";
      isRenderEnabled = "false";
      canSave = "1";
      canSaveDynamicFields = "1";
   };
   new TSStatic() {
      shapeName = "/levels/west_coast_usa/art/shapes/objects/constructionbarrier_arrows.dae";
      dynamic = "0";
      playAmbient = "1";
      meshCulling = "0";
      originSort = "0";
      useInstanceRenderData = "1";
      instanceColor = "White";
      instanceColor1 = "White";
      instanceColor2 = "White";
      collisionType = "Collision Mesh";
      decalType = "Collision Mesh";
      prebuildCollisionData = "0";
      renderNormals = "0";
      forceDetail = "-1";
      position = "-149.670959 144.327042 121.618729";
      scale = "1 1 1";
      rotationMatrix = "-0.857741594 0.513670862 -0.0205433276 -0.513523638 -0.857987523 -0.0122991381 -0.0239436235 2.79396772e-09 0.999713302";
      isRenderEnabled = "false";
      canSave = "1";
      canSaveDynamicFields = "1";
   };
   new TSStatic() {
      shapeName = "/levels/west_coast_usa/art/shapes/objects/constructionbarrier_arrows.dae";
      dynamic = "0";
      playAmbient = "1";
      meshCulling = "0";
      originSort = "0";
      useInstanceRenderData = "1";
      instanceColor = "White";
      instanceColor1 = "White";
      instanceColor2 = "White";
      collisionType = "Collision Mesh";
      decalType = "Collision Mesh";
      prebuildCollisionData = "0";
      renderNormals = "0";
      forceDetail = "-1";
      position = "-148.154663 147.604828 121.59201";
      scale = "1 1 1";
      rotationMatrix = "-0.97088933 0.238397077 -0.0232532788 -0.23832874 -0.971167684 -0.00570808724 -0.0239436273 3.95812094e-09 0.999713302";
      isRenderEnabled = "false";
      canSave = "1";
      canSaveDynamicFields = "1";
   };
   new TSStatic() {
      shapeName = "/levels/west_coast_usa/art/shapes/objects/constructionbarrier_arrows.dae";
      dynamic = "0";
      playAmbient = "1";
      meshCulling = "0";
      originSort = "0";
      useInstanceRenderData = "1";
      instanceColor = "White";
      instanceColor1 = "White";
      instanceColor2 = "White";
      collisionType = "Collision Mesh";
      decalType = "Collision Mesh";
      prebuildCollisionData = "0";
      renderNormals = "0";
      forceDetail = "-1";
      position = "-147.772507 151.178665 121.521896";
      scale = "1 1 1";
      rotationMatrix = "-0.987494707 -0.155869514 -0.0236509778 0.15582484 -0.987777829 0.00373208383 -0.0239436254 3.02679837e-09 0.999713302";
      isRenderEnabled = "false";
      canSave = "1";
      canSaveDynamicFields = "1";
   };
   new TSStatic() {
      shapeName = "/levels/west_coast_usa/art/shapes/objects/constructionbarrier_arrows.dae";
      dynamic = "0";
      playAmbient = "1";
      meshCulling = "0";
      originSort = "0";
      useInstanceRenderData = "1";
      instanceColor = "White";
      instanceColor1 = "White";
      instanceColor2 = "White";
      collisionType = "Collision Mesh";
      decalType = "Collision Mesh";
      prebuildCollisionData = "0";
      renderNormals = "0";
      forceDetail = "-1";
      position = "-149.120239 154.727509 121.476135";
      scale = "1 1 1";
      rotationMatrix = "-0.873795033 -0.485844374 -0.0209278148 0.485705078 -0.87404561 0.0116328774 -0.0239436273 3.7252903e-09 0.999713302";
      isRenderEnabled = "false";
      canSave = "1";
      canSaveDynamicFields = "1";
   };
   new TSStatic() {
      shapeName = "/levels/west_coast_usa/art/shapes/objects/constructionbarrier_arrows.dae";
      dynamic = "0";
      playAmbient = "1";
      meshCulling = "0";
      originSort = "0";
      useInstanceRenderData = "1";
      instanceColor = "White";
      instanceColor1 = "White";
      instanceColor2 = "White";
      collisionType = "Collision Mesh";
      decalType = "Collision Mesh";
      prebuildCollisionData = "0";
      renderNormals = "0";
      forceDetail = "-1";
      position = "-151.320908 157.785599 121.425705";
      scale = "1 1 1";
      rotationMatrix = "-0.744675636 -0.667188704 -0.0178353414 0.666997373 -0.74488914 0.0159749165 -0.0239436291 9.31322575e-10 0.999713302";
      isRenderEnabled = "false";
      canSave = "1";
      canSaveDynamicFields = "1";
   };
   new TSStatic() {
      shapeName = "/levels/west_coast_usa/art/shapes/objects/constructionbarrier_arrows.dae";
      dynamic = "0";
      playAmbient = "1";
      meshCulling = "0";
      originSort = "0";
      useInstanceRenderData = "1";
      instanceColor = "White";
      instanceColor1 = "White";
      instanceColor2 = "White";
      collisionType = "Collision Mesh";
      decalType = "Collision Mesh";
      prebuildCollisionData = "0";
      renderNormals = "0";
      forceDetail = "-1";
      position = "-364.986328 168.837891 101.782173";
      scale = "1 1 1";
      rotationMatrix = "0.812614739 -0.582801223 3.7252903e-09 0.581023097 0.810135424 0.0780561641 -0.0454912372 -0.0634295866 0.996948957";
      isRenderEnabled = "false";
      canSave = "1";
      canSaveDynamicFields = "1";
   };
   new TSStatic() {
      shapeName = "/levels/west_coast_usa/art/shapes/objects/constructionbarrier_arrows.dae";
      dynamic = "0";
      playAmbient = "1";
      meshCulling = "0";
      originSort = "0";
      useInstanceRenderData = "1";
      instanceColor = "White";
      instanceColor1 = "White";
      instanceColor2 = "White";
      collisionType = "Collision Mesh";
      decalType = "Collision Mesh";
      prebuildCollisionData = "0";
      renderNormals = "0";
      forceDetail = "-1";
      position = "-367.289612 165.825745 101.570969";
      scale = "1 1 1";
      rotationMatrix = "0.801825643 -0.5975582 -9.31322575e-10 0.597078741 0.80118227 0.040049646 -0.0239319876 -0.0321128331 0.999197662";
      isRenderEnabled = "false";
      canSave = "1";
      canSaveDynamicFields = "1";
   };
   new TSStatic() {
      shapeName = "/levels/west_coast_usa/art/shapes/objects/constructionbarrier_arrows.dae";
      dynamic = "0";
      playAmbient = "1";
      meshCulling = "0";
      originSort = "0";
      useInstanceRenderData = "1";
      instanceColor = "White";
      instanceColor1 = "White";
      instanceColor2 = "White";
      collisionType = "Collision Mesh";
      decalType = "Collision Mesh";
      prebuildCollisionData = "0";
      renderNormals = "0";
      forceDetail = "-1";
      position = "-369.646942 162.862091 101.406944";
      scale = "1 1 1";
      rotationMatrix = "0.792585671 -0.609760523 1.86264515e-09 0.609241724 0.791911364 0.0412420221 -0.0251477603 -0.0326878317 0.999149203";
      isRenderEnabled = "false";
      canSave = "1";
      canSaveDynamicFields = "1";
   };
   new TSStatic() {
      shapeName = "/levels/west_coast_usa/art/shapes/objects/constructionbarrier_arrows.dae";
      dynamic = "0";
      playAmbient = "1";
      meshCulling = "0";
      originSort = "0";
      useInstanceRenderData = "1";
      instanceColor = "White";
      instanceColor1 = "White";
      instanceColor2 = "White";
      collisionType = "Collision Mesh";
      decalType = "Collision Mesh";
      prebuildCollisionData = "0";
      renderNormals = "0";
      forceDetail = "-1";
      position = "-371.894623 160.002884 101.271194";
      scale = "1 1 1";
      rotationMatrix = "0.792585671 -0.609760582 -9.31322575e-10 0.60948807 0.792231441 0.029892195 -0.0182270817 -0.0236921236 0.999553144";
      isRenderEnabled = "false";
      canSave = "1";
      canSaveDynamicFields = "1";
   };
   new TSStatic() {
      shapeName = "/levels/west_coast_usa/art/shapes/objects/constructionbarrier_arrows.dae";
      dynamic = "0";
      playAmbient = "1";
      meshCulling = "0";
      originSort = "0";
      useInstanceRenderData = "1";
      instanceColor = "White";
      instanceColor1 = "White";
      instanceColor2 = "White";
      collisionType = "Collision Mesh";
      decalType = "Collision Mesh";
      prebuildCollisionData = "0";
      renderNormals = "0";
      forceDetail = "-1";
      position = "-374.154663 157.171265 101.171326";
      scale = "1 1 1";
      rotationMatrix = "0.77867496 -0.627427638 -4.65661287e-10 0.627289474 0.778503537 -0.0209809281 0.0131640136 0.0163373239 0.99977988";
      isRenderEnabled = "false";
      canSave = "1";
      canSaveDynamicFields = "1";
   };
};
//--- OBJECT WRITE END ---
