{"name":"fre_staging_quarryCircuit1","class":"BeamNGTrigger","__parent":"Rock Climb Short","position":[708.622803,-464.436401,162.776871],"luaFunction":"onBeamNGTrigger","rotationMatrix":[-0.974179387,-0.225775257,-3.86498868e-08,0.22552292,-0.973090649,-0.0472646989,0.0106711611,-0.0460443087,0.998882413],"scale":[12.635169,1,4.90749168]}
{"name":"fre_start_quarryCircuit1","class":"BeamNGTrigger","__parent":"Rock Climb Short","position":[708.769958,-465.241089,162.776871],"luaFunction":"onBeamNGTrigger","rotationMatrix":[-0.974179387,-0.225775257,-3.86498868e-08,0.22552292,-0.973090649,-0.0472646989,0.0106711611,-0.0460443087,0.998882413],"scale":[12.635169,1,4.90749168]}
{"class":"TSStatic","__parent":"Rock Climb Short","position":[714.180359,-464.351898,162.106644],"isRenderEnabled":false,"rotationMatrix":[-0.989574194,-0.144025058,0,0.144025058,-0.989574194,0,0,0,1],"shapeName":"/levels/west_coast_usa/art/shapes/objects/featherflag_beamng.dae","useInstanceRenderData":true}
{"class":"DecalRoad","persistentId":"c68a6955-2d76-4c19-b916-3f6338b91fbf","__parent":"Rock Climb Short","position":[704.275635,-466.14798,160.948547],"improvedSpline":true,"material":"checkered_line","nodes":[[704.275635,-466.14798,160.948547,0.5],[712.543213,-464.146576,160.939484,0.5]]}
{"class":"TSStatic","__parent":"Rock Climb Short","position":[701.935547,-466.704651,162.130081],"isRenderEnabled":false,"rotationMatrix":[0.972687364,0.232119069,0,-0.232119069,0.972687364,0,0,0,1],"shapeName":"/levels/west_coast_usa/art/shapes/objects/featherflag_beamng.dae","useInstanceRenderData":true}
