{"name":"LargePoleBulb_384","class":"PointLight","__parent":"floodlightspotlights","position":[186.839676,-473.444397,155.384781],"brightness":10,"radius":0.5,"rotationMatrix":[0.940909803,-0.338657349,-1.13686838e-13,-0.338657349,-0.940910339,-9.86655596e-06,3.34138031e-06,9.28353893e-06,-1.00000048],"shadowDarkenColor":[0,0,0,0]}
{"name":"LargePoleLight_81","class":"SpotLight","__parent":"floodlightspotlights","position":[186.820816,-473.217438,155.350372],"innerAngle":20,"outerAngle":75,"range":80,"rotationMatrix":[0.98967284,-0.0845099464,0.115783006,-1.93715096e-07,-0.807726145,-0.58955735,0.143344462,0.583468854,-0.799384594],"shadowDarkenColor":[0,0,0,0]}
{"name":"LargePoleBulb_385","class":"PointLight","__parent":"floodlightspotlights","position":[186.839676,-473.444397,156.26532],"brightness":10,"radius":0.5,"rotationMatrix":[0.940909803,-0.338657349,-1.13686838e-13,-0.338657349,-0.940910339,-9.86655596e-06,3.34138031e-06,9.28353893e-06,-1.00000048],"shadowDarkenColor":[0,0,0,0]}
{"name":"LargePoleBulb_386","class":"PointLight","__parent":"floodlightspotlights","position":[185.910416,-472.351868,156.26532],"brightness":10,"radius":0.5,"rotationMatrix":[0.940909803,-0.338657349,-1.13686838e-13,-0.338657349,-0.940910339,-9.86655596e-06,3.34138031e-06,9.28353893e-06,-1.00000048],"shadowDarkenColor":[0,0,0,0]}
{"name":"LargePoleBulb_387","class":"PointLight","__parent":"floodlightspotlights","position":[185.896179,-472.487274,155.445312],"brightness":10,"radius":0.5,"rotationMatrix":[0.940909803,-0.338657349,-1.13686838e-13,-0.338657349,-0.940910339,-9.86655596e-06,3.34138031e-06,9.28353893e-06,-1.00000048],"shadowDarkenColor":[0,0,0,0]}
{"name":"LargePoleLight_82","class":"SpotLight","__parent":"floodlightspotlights","position":[186.820816,-473.217438,156.426971],"innerAngle":20,"outerAngle":75,"range":80,"rotationMatrix":[0.984365344,0.132737249,0.115783051,0.175656497,-0.788395643,-0.589557588,0.0130265541,0.600678146,-0.799385428],"shadowDarkenColor":[0,0,0,0]}
{"name":"LargePoleLight_83","class":"SpotLight","__parent":"floodlightspotlights","position":[185.846588,-472.291809,156.426971],"innerAngle":20,"outerAngle":75,"range":80,"rotationMatrix":[-0.54927218,-0.827583551,0.115783036,-0.708550215,0.387786925,-0.589557469,0.4430089,-0.40586555,-0.799385071],"shadowDarkenColor":[0,0,0,0]}
{"name":"LargePoleLight_84","class":"SpotLight","__parent":"floodlightspotlights","position":[185.891373,-472.324707,155.350372],"innerAngle":20,"outerAngle":75,"range":80,"rotationMatrix":[0.325138092,-0.938551962,0.115783066,-0.737963021,-0.328379273,-0.589557528,0.591351032,0.106244072,-0.799385309],"shadowDarkenColor":[0,0,0,0]}
{"name":"LargePoleBulb_388","class":"PointLight","__parent":"floodlightspotlights","position":[35.864006,-428.105988,145.718277],"brightness":10,"radius":0.5,"rotationMatrix":[-0.711440563,0.702746511,2.27373675e-13,0.702746511,0.711440325,-9.86655505e-06,-6.93368656e-06,-7.01946556e-06,-1.00000024],"shadowDarkenColor":[0,0,0,0]}
{"name":"LargePoleLight_85","class":"SpotLight","__parent":"floodlightspotlights","position":[35.7857246,-428.319824,145.683868],"innerAngle":20,"outerAngle":75,"range":80,"rotationMatrix":[-0.862502933,0.492630005,0.115783066,0.339476883,0.732923865,-0.589557648,-0.375293911,-0.469189137,-0.799385548],"shadowDarkenColor":[0,0,0,0]}
{"name":"LargePoleBulb_389","class":"PointLight","__parent":"floodlightspotlights","position":[35.864006,-428.105988,146.598816],"brightness":10,"radius":0.5,"rotationMatrix":[-0.711440563,0.702746511,2.27373675e-13,0.702746511,0.711440325,-9.86655505e-06,-6.93368656e-06,-7.01946556e-06,-1.00000024],"shadowDarkenColor":[0,0,0,0]}
{"name":"LargePoleLight_86","class":"SpotLight","__parent":"floodlightspotlights","position":[35.7857246,-428.319824,146.760468],"innerAngle":20,"outerAngle":75,"range":80,"rotationMatrix":[-0.948992968,0.293271095,0.115783021,0.171962887,0.789208949,-0.589557528,-0.26427716,-0.539575219,-0.799385667],"shadowDarkenColor":[0,0,0,0]}
{"name":"LargePoleBulb_390","class":"PointLight","__parent":"floodlightspotlights","position":[36.2480392,-429.487885,146.598816],"brightness":10,"radius":0.5,"rotationMatrix":[-0.711440563,0.702746511,2.27373675e-13,0.702746511,0.711440325,-9.86655505e-06,-6.93368656e-06,-7.01946556e-06,-1.00000024],"shadowDarkenColor":[0,0,0,0]}
{"name":"LargePoleLight_87","class":"SpotLight","__parent":"floodlightspotlights","position":[36.2807007,-429.569214,146.760468],"innerAngle":20,"outerAngle":75,"range":80,"rotationMatrix":[0.84622705,0.52009058,0.115782976,0.479950756,-0.649669409,-0.589557588,-0.231402665,0.554469645,-0.799385667],"shadowDarkenColor":[0,0,0,0]}
{"name":"LargePoleBulb_391","class":"PointLight","__parent":"floodlightspotlights","position":[36.3178406,-429.370972,145.778809],"brightness":10,"radius":0.5,"rotationMatrix":[-0.711440563,0.702746511,2.27373675e-13,0.702746511,0.711440325,-9.86655505e-06,-6.93368656e-06,-7.01946556e-06,-1.00000024],"shadowDarkenColor":[0,0,0,0]}
{"name":"LargePoleLight_88","class":"SpotLight","__parent":"floodlightspotlights","position":[36.2538948,-429.520538,145.683868],"innerAngle":20,"outerAngle":75,"range":80,"rotationMatrix":[0.0994329453,0.988285184,0.115783155,0.807634711,-0.0121877193,-0.589557469,-0.5812397,0.152131975,-0.799385309],"shadowDarkenColor":[0,0,0,0]}
{"name":"LargePoleLight_89","class":"SpotLight","__parent":"floodlightspotlights","position":[-287.077789,-286.420227,131.671692],"innerAngle":20,"outerAngle":75,"range":80,"rotationMatrix":[-0.241032004,-0.963586152,0.115783021,-0.797419369,0.128626347,-0.589557409,0.55319649,-0.234429672,-0.799385428],"shadowDarkenColor":[0,0,0,0]}
{"name":"LargePoleLight_90","class":"SpotLight","__parent":"floodlightspotlights","position":[-287.09729,-286.368195,132.748291],"innerAngle":20,"outerAngle":75,"range":80,"rotationMatrix":[-0.912432313,-0.392508775,0.115783021,-0.381158561,0.712137699,-0.589557707,0.148953006,-0.582062662,-0.799385667],"shadowDarkenColor":[0,0,0,0]}
{"name":"LargePoleLight_91","class":"SpotLight","__parent":"floodlightspotlights","position":[-286.787811,-287.675964,132.748291],"innerAngle":20,"outerAngle":75,"range":80,"rotationMatrix":[0.896728039,-0.427168816,0.115783013,-0.28406921,-0.756126523,-0.589557469,0.339387089,0.495782316,-0.799385428],"shadowDarkenColor":[0,0,0,0]}
{"name":"LargePoleLight_92","class":"SpotLight","__parent":"floodlightspotlights","position":[-286.787811,-287.675964,131.671692],"innerAngle":20,"outerAngle":75,"range":80,"rotationMatrix":[0.782370031,-0.611956954,0.115783021,-0.441705436,-0.67625308,-0.58955735,0.439082384,0.410109997,-0.799384832],"shadowDarkenColor":[0,0,0,0]}
{"name":"LargePoleBulb_392","class":"PointLight","__parent":"floodlightspotlights","position":[-287.162659,-286.559021,131.766632],"brightness":10,"radius":0.5,"rotationMatrix":[0.602563739,-0.798070848,1.36424205e-12,-0.798070848,-0.602563977,-9.86655232e-06,7.87420868e-06,5.94522589e-06,-1.00000024],"shadowDarkenColor":[0,0,0,0]}
{"name":"LargePoleBulb_393","class":"PointLight","__parent":"floodlightspotlights","position":[-287.076691,-286.4534,132.586639],"brightness":10,"radius":0.5,"rotationMatrix":[0.602563739,-0.798070848,1.36424205e-12,-0.798070848,-0.602563977,-9.86655232e-06,7.87420868e-06,5.94522589e-06,-1.00000024],"shadowDarkenColor":[0,0,0,0]}
{"name":"LargePoleBulb_394","class":"PointLight","__parent":"floodlightspotlights","position":[-286.896088,-287.876251,132.586639],"brightness":10,"radius":0.5,"rotationMatrix":[0.602563739,-0.798070848,1.36424205e-12,-0.798070848,-0.602563977,-9.86655232e-06,7.87420868e-06,5.94522589e-06,-1.00000024],"shadowDarkenColor":[0,0,0,0]}
{"name":"LargePoleBulb_395","class":"PointLight","__parent":"floodlightspotlights","position":[-286.896088,-287.876251,131.706116],"brightness":10,"radius":0.5,"rotationMatrix":[0.602563739,-0.798070848,1.36424205e-12,-0.798070848,-0.602563977,-9.86655232e-06,7.87420868e-06,5.94522589e-06,-1.00000024],"shadowDarkenColor":[0,0,0,0]}
{"name":"LargePoleLight_93","class":"SpotLight","__parent":"floodlightspotlights","position":[53.8730354,-3.24423504,130.813812],"innerAngle":20,"outerAngle":75,"range":80,"rotationMatrix":[-0.815326214,0.567307413,0.115783006,0.403248191,0.699866533,-0.58955729,-0.415492862,-0.433992147,-0.799385309],"shadowDarkenColor":[0,0,0,0]}
{"name":"LargePoleLight_94","class":"SpotLight","__parent":"floodlightspotlights","position":[53.9286118,-3.24446964,131.890411],"innerAngle":20,"outerAngle":75,"range":80,"rotationMatrix":[-0.0431494713,0.992337048,0.115782991,0.80105263,0.103619456,-0.589557469,-0.597037017,0.0673092604,-0.799385309],"shadowDarkenColor":[0,0,0,0]}
{"name":"LargePoleLight_95","class":"SpotLight","__parent":"floodlightspotlights","position":[52.5961456,-3.06969643,131.890411],"innerAngle":20,"outerAngle":75,"range":80,"rotationMatrix":[-0.717601776,-0.686762393,0.115782954,-0.606096685,0.5339185,-0.589557409,0.343067139,-0.493242949,-0.799385309],"shadowDarkenColor":[0,0,0,0]}
{"name":"LargePoleLight_96","class":"SpotLight","__parent":"floodlightspotlights","position":[52.5961456,-3.06969643,130.813812],"innerAngle":20,"outerAngle":75,"range":80,"rotationMatrix":[-0.849777937,-0.514269054,0.115783006,-0.475479543,0.652948201,-0.589557469,0.22759077,-0.556045115,-0.799385548],"shadowDarkenColor":[0,0,0,0]}
{"name":"LargePoleBulb_396","class":"PointLight","__parent":"floodlightspotlights","position":[53.7733917,-3.1156292,130.908752],"brightness":10,"radius":0.5,"rotationMatrix":[-0.959966183,-0.280117065,2.84217094e-12,-0.280117065,0.959965825,-9.86655414e-06,2.76378705e-06,-9.47155513e-06,-1.00000024],"shadowDarkenColor":[0,0,0,0]}
{"name":"LargePoleBulb_397","class":"PointLight","__parent":"floodlightspotlights","position":[53.8416443,-3.23349094,131.72876],"brightness":10,"radius":0.5,"rotationMatrix":[-0.959966183,-0.280117065,2.84217094e-12,-0.280117065,0.959965825,-9.86655414e-06,2.76378705e-06,-9.47155513e-06,-1.00000024],"shadowDarkenColor":[0,0,0,0]}
{"name":"LargePoleBulb_398","class":"PointLight","__parent":"floodlightspotlights","position":[52.4472961,-2.89738274,131.72876],"brightness":10,"radius":0.5,"rotationMatrix":[-0.959966183,-0.280117065,2.84217094e-12,-0.280117065,0.959965825,-9.86655414e-06,2.76378705e-06,-9.47155513e-06,-1.00000024],"shadowDarkenColor":[0,0,0,0]}
{"name":"LargePoleBulb_399","class":"PointLight","__parent":"floodlightspotlights","position":[52.4472961,-2.89738274,130.848236],"brightness":10,"radius":0.5,"rotationMatrix":[-0.959966183,-0.280117065,2.84217094e-12,-0.280117065,0.959965825,-9.86655414e-06,2.76378705e-06,-9.47155513e-06,-1.00000024],"shadowDarkenColor":[0,0,0,0]}
{"name":"LargePoleLight_97","class":"SpotLight","__parent":"floodlightspotlights","position":[7.1034193,74.5379944,130.813812],"innerAngle":20,"outerAngle":75,"range":80,"rotationMatrix":[-0.643414617,-0.75671196,0.115783066,-0.657640338,0.46896863,-0.589557409,0.391826361,-0.455473095,-0.799385667],"shadowDarkenColor":[0,0,0,0]}
{"name":"LargePoleLight_98","class":"SpotLight","__parent":"floodlightspotlights","position":[7.10902405,74.5932846,131.890411],"innerAngle":20,"outerAngle":75,"range":80,"rotationMatrix":[-0.991864681,0.052911438,0.115782939,-0.0257539749,0.807315767,-0.589557528,-0.124667726,-0.587742925,-0.799385428],"shadowDarkenColor":[0,0,0,0]}
{"name":"LargePoleLight_99","class":"SpotLight","__parent":"floodlightspotlights","position":[6.80635357,73.2839355,131.890411],"innerAngle":20,"outerAngle":75,"range":80,"rotationMatrix":[0.614230812,-0.780586243,0.115783006,-0.589970112,-0.551686287,-0.589557469,0.524076223,0.293815911,-0.799385309],"shadowDarkenColor":[0,0,0,0]}
{"name":"LargePoleLight_100","class":"SpotLight","__parent":"floodlightspotlights","position":[6.80635357,73.2839355,130.813812],"innerAngle":20,"outerAngle":75,"range":80,"rotationMatrix":[0.429775953,-0.895481586,0.115782961,-0.695825815,-0.410181999,-0.589557528,0.575429738,0.172812968,-0.799385548],"shadowDarkenColor":[0,0,0,0]}
{"name":"LargePoleBulb_400","class":"PointLight","__parent":"floodlightspotlights","position":[6.96578979,74.4512329,130.908752],"brightness":10,"radius":0.5,"rotationMatrix":[0.186074853,-0.982535779,2.27373675e-12,-0.982535779,-0.18607533,-9.86655323e-06,9.69424036e-06,1.83591737e-06,-1.00000048],"shadowDarkenColor":[0,0,0,0]}
{"name":"LargePoleBulb_401","class":"PointLight","__parent":"floodlightspotlights","position":[7.08969593,74.507782,131.72876],"brightness":10,"radius":0.5,"rotationMatrix":[0.186074853,-0.982535779,2.27373675e-12,-0.982535779,-0.18607533,-9.86655323e-06,9.69424036e-06,1.83591737e-06,-1.00000048],"shadowDarkenColor":[0,0,0,0]}
{"name":"LargePoleBulb_402","class":"PointLight","__parent":"floodlightspotlights","position":[6.62046242,73.1524277,131.72876],"brightness":10,"radius":0.5,"rotationMatrix":[0.186074853,-0.982535779,2.27373675e-12,-0.982535779,-0.18607533,-9.86655323e-06,9.69424036e-06,1.83591737e-06,-1.00000048],"shadowDarkenColor":[0,0,0,0]}
{"name":"LargePoleBulb_403","class":"PointLight","__parent":"floodlightspotlights","position":[6.62046242,73.1524277,130.848236],"brightness":10,"radius":0.5,"rotationMatrix":[0.186074853,-0.982535779,2.27373675e-12,-0.982535779,-0.18607533,-9.86655323e-06,9.69424036e-06,1.83591737e-06,-1.00000048],"shadowDarkenColor":[0,0,0,0]}
{"name":"LargePoleLight_101","class":"SpotLight","__parent":"floodlightspotlights","position":[133.468216,123.918556,130.813812],"innerAngle":20,"outerAngle":75,"range":80,"rotationMatrix":[0.642853916,0.757187784,0.115783036,0.657987177,-0.468482614,-0.589557409,-0.392163217,0.455183059,-0.799385786],"shadowDarkenColor":[0,0,0,0]}
{"name":"LargePoleLight_102","class":"SpotLight","__parent":"floodlightspotlights","position":[133.462646,123.863243,131.890411],"innerAngle":20,"outerAngle":75,"range":80,"rotationMatrix":[0.991903126,-0.052177608,0.115782924,0.0263512358,-0.807296872,-0.589557469,0.124232851,0.587834895,-0.799385309],"shadowDarkenColor":[0,0,0,0]}
{"name":"LargePoleLight_103","class":"SpotLight","__parent":"floodlightspotlights","position":[133.764359,125.172813,131.890411],"innerAngle":20,"outerAngle":75,"range":80,"rotationMatrix":[-0.614808559,0.780131638,0.115782917,0.58956188,0.552122295,-0.589557409,-0.523858666,-0.294203579,-0.799385428],"shadowDarkenColor":[0,0,0,0]}
{"name":"LargePoleLight_104","class":"SpotLight","__parent":"floodlightspotlights","position":[133.764359,125.172813,130.813812],"innerAngle":20,"outerAngle":75,"range":80,"rotationMatrix":[-0.430438757,0.895163238,0.115782902,0.69552213,0.410696149,-0.589557409,-0.575301588,-0.173238665,-0.799385428],"shadowDarkenColor":[0,0,0,0]}
{"name":"LargePoleBulb_404","class":"PointLight","__parent":"floodlightspotlights","position":[133.605804,124.005394,130.908752],"brightness":10,"radius":0.5,"rotationMatrix":[-0.186802149,0.982397914,3.18323146e-12,0.982397914,0.186801553,-9.86655505e-06,-9.69287976e-06,-1.84308692e-06,-1.00000048],"shadowDarkenColor":[0,0,0,0]}
{"name":"LargePoleBulb_405","class":"PointLight","__parent":"floodlightspotlights","position":[133.481949,123.948746,131.72876],"brightness":10,"radius":0.5,"rotationMatrix":[-0.186802149,0.982397914,3.18323146e-12,0.982397914,0.186801553,-9.86655505e-06,-9.69287976e-06,-1.84308692e-06,-1.00000048],"shadowDarkenColor":[0,0,0,0]}
{"name":"LargePoleBulb_406","class":"PointLight","__parent":"floodlightspotlights","position":[133.950165,125.304459,131.72876],"brightness":10,"radius":0.5,"rotationMatrix":[-0.186802149,0.982397914,3.18323146e-12,0.982397914,0.186801553,-9.86655505e-06,-9.69287976e-06,-1.84308692e-06,-1.00000048],"shadowDarkenColor":[0,0,0,0]}
{"name":"LargePoleBulb_407","class":"PointLight","__parent":"floodlightspotlights","position":[133.950165,125.304459,130.848236],"brightness":10,"radius":0.5,"rotationMatrix":[-0.186802149,0.982397914,3.18323146e-12,0.982397914,0.186801553,-9.86655505e-06,-9.69287976e-06,-1.84308692e-06,-1.00000048],"shadowDarkenColor":[0,0,0,0]}
{"name":"LargePoleLight_105","class":"SpotLight","__parent":"floodlightspotlights","position":[316.818329,256.61087,130.813812],"innerAngle":20,"outerAngle":75,"range":80,"rotationMatrix":[0.642853916,0.757187784,0.115783036,0.657987177,-0.468482614,-0.589557409,-0.392163217,0.455183059,-0.799385786],"shadowDarkenColor":[0,0,0,0]}
{"name":"LargePoleLight_106","class":"SpotLight","__parent":"floodlightspotlights","position":[316.812775,256.555542,131.890411],"innerAngle":20,"outerAngle":75,"range":80,"rotationMatrix":[0.991903126,-0.052177608,0.115782924,0.0263512358,-0.807296872,-0.589557469,0.124232851,0.587834895,-0.799385309],"shadowDarkenColor":[0,0,0,0]}
{"name":"LargePoleLight_107","class":"SpotLight","__parent":"floodlightspotlights","position":[317.114471,257.865112,131.890411],"innerAngle":20,"outerAngle":75,"range":80,"rotationMatrix":[-0.614808559,0.780131638,0.115782917,0.58956188,0.552122295,-0.589557409,-0.523858666,-0.294203579,-0.799385428],"shadowDarkenColor":[0,0,0,0]}
{"name":"LargePoleLight_108","class":"SpotLight","__parent":"floodlightspotlights","position":[317.114471,257.865112,130.813812],"innerAngle":20,"outerAngle":75,"range":80,"rotationMatrix":[-0.430438757,0.895163238,0.115782902,0.69552213,0.410696149,-0.589557409,-0.575301588,-0.173238665,-0.799385428],"shadowDarkenColor":[0,0,0,0]}
{"name":"LargePoleBulb_408","class":"PointLight","__parent":"floodlightspotlights","position":[316.955902,256.697693,130.908752],"brightness":10,"radius":0.5,"rotationMatrix":[-0.186802149,0.982397914,3.18323146e-12,0.982397914,0.186801553,-9.86655505e-06,-9.69287976e-06,-1.84308692e-06,-1.00000048],"shadowDarkenColor":[0,0,0,0]}
{"name":"LargePoleBulb_409","class":"PointLight","__parent":"floodlightspotlights","position":[316.832062,256.641022,131.72876],"brightness":10,"radius":0.5,"rotationMatrix":[-0.186802149,0.982397914,3.18323146e-12,0.982397914,0.186801553,-9.86655505e-06,-9.69287976e-06,-1.84308692e-06,-1.00000048],"shadowDarkenColor":[0,0,0,0]}
{"name":"LargePoleBulb_410","class":"PointLight","__parent":"floodlightspotlights","position":[317.300262,257.996735,131.72876],"brightness":10,"radius":0.5,"rotationMatrix":[-0.186802149,0.982397914,3.18323146e-12,0.982397914,0.186801553,-9.86655505e-06,-9.69287976e-06,-1.84308692e-06,-1.00000048],"shadowDarkenColor":[0,0,0,0]}
{"name":"LargePoleBulb_411","class":"PointLight","__parent":"floodlightspotlights","position":[317.300262,257.996735,130.848236],"brightness":10,"radius":0.5,"rotationMatrix":[-0.186802149,0.982397914,3.18323146e-12,0.982397914,0.186801553,-9.86655505e-06,-9.69287976e-06,-1.84308692e-06,-1.00000048],"shadowDarkenColor":[0,0,0,0]}
