{"name":"LargePoleBulb_384","class":"PointLight","__parent":"floodlightspotlights","position":[186.839676,-473.444397,155.384781],"brightness":10,"hidden":true,"isEnabled":false,"radius":0.5,"rotationMatrix":[0.940909803,-0.338657349,-1.13686838e-13,-0.338657349,-0.940910339,-9.86655596e-06,3.34138031e-06,9.28353893e-06,-1.00000048],"shadowDarkenColor":[0,0,0,0]}
{"name":"LargePoleLight_81","class":"SpotLight","__parent":"floodlightspotlights","position":[186.820816,-473.217438,155.350372],"hidden":true,"innerAngle":20,"isEnabled":false,"outerAngle":75,"range":80,"rotationMatrix":[0.98967284,-0.0845099464,0.115783006,-1.93715096e-07,-0.807726145,-0.58955735,0.143344462,0.583468854,-0.799384594],"shadowDarkenColor":[0,0,0,0]}
{"name":"LargePoleBulb_385","class":"PointLight","__parent":"floodlightspotlights","position":[186.839676,-473.444397,156.26532],"brightness":10,"hidden":true,"isEnabled":false,"radius":0.5,"rotationMatrix":[0.940909803,-0.338657349,-1.13686838e-13,-0.338657349,-0.940910339,-9.86655596e-06,3.34138031e-06,9.28353893e-06,-1.00000048],"shadowDarkenColor":[0,0,0,0]}
{"name":"LargePoleBulb_386","class":"PointLight","__parent":"floodlightspotlights","position":[185.910416,-472.351868,156.26532],"brightness":10,"hidden":true,"isEnabled":false,"radius":0.5,"rotationMatrix":[0.940909803,-0.338657349,-1.13686838e-13,-0.338657349,-0.940910339,-9.86655596e-06,3.34138031e-06,9.28353893e-06,-1.00000048],"shadowDarkenColor":[0,0,0,0]}
{"name":"LargePoleBulb_387","class":"PointLight","__parent":"floodlightspotlights","position":[185.896179,-472.487274,155.445312],"brightness":10,"hidden":true,"isEnabled":false,"radius":0.5,"rotationMatrix":[0.940909803,-0.338657349,-1.13686838e-13,-0.338657349,-0.940910339,-9.86655596e-06,3.34138031e-06,9.28353893e-06,-1.00000048],"shadowDarkenColor":[0,0,0,0]}
{"name":"LargePoleLight_82","class":"SpotLight","__parent":"floodlightspotlights","position":[186.820816,-473.217438,156.426971],"hidden":true,"innerAngle":20,"isEnabled":false,"outerAngle":75,"range":80,"rotationMatrix":[0.984365344,0.132737249,0.115783051,0.175656497,-0.788395643,-0.589557588,0.0130265541,0.600678146,-0.799385428],"shadowDarkenColor":[0,0,0,0]}
{"name":"LargePoleLight_83","class":"SpotLight","__parent":"floodlightspotlights","position":[185.846588,-472.291809,156.426971],"hidden":true,"innerAngle":20,"isEnabled":false,"outerAngle":75,"range":80,"rotationMatrix":[-0.54927218,-0.827583551,0.115783036,-0.708550215,0.387786925,-0.589557469,0.4430089,-0.40586555,-0.799385071],"shadowDarkenColor":[0,0,0,0]}
{"name":"LargePoleLight_84","class":"SpotLight","__parent":"floodlightspotlights","position":[185.891373,-472.324707,155.350372],"hidden":true,"innerAngle":20,"isEnabled":false,"outerAngle":75,"range":80,"rotationMatrix":[0.325138092,-0.938551962,0.115783066,-0.737963021,-0.328379273,-0.589557528,0.591351032,0.106244072,-0.799385309],"shadowDarkenColor":[0,0,0,0]}
{"name":"LargePoleBulb_388","class":"PointLight","__parent":"floodlightspotlights","position":[35.864006,-428.105988,145.718277],"brightness":10,"hidden":true,"isEnabled":false,"radius":0.5,"rotationMatrix":[-0.711440563,0.702746511,2.27373675e-13,0.702746511,0.711440325,-9.86655505e-06,-6.93368656e-06,-7.01946556e-06,-1.00000024],"shadowDarkenColor":[0,0,0,0]}
{"name":"LargePoleLight_85","class":"SpotLight","__parent":"floodlightspotlights","position":[35.7857246,-428.319824,145.683868],"hidden":true,"innerAngle":20,"isEnabled":false,"outerAngle":75,"range":80,"rotationMatrix":[-0.862502933,0.492630005,0.115783066,0.339476883,0.732923865,-0.589557648,-0.375293911,-0.469189137,-0.799385548],"shadowDarkenColor":[0,0,0,0]}
{"name":"LargePoleBulb_389","class":"PointLight","__parent":"floodlightspotlights","position":[35.864006,-428.105988,146.598816],"brightness":10,"hidden":true,"isEnabled":false,"radius":0.5,"rotationMatrix":[-0.711440563,0.702746511,2.27373675e-13,0.702746511,0.711440325,-9.86655505e-06,-6.93368656e-06,-7.01946556e-06,-1.00000024],"shadowDarkenColor":[0,0,0,0]}
{"name":"LargePoleLight_86","class":"SpotLight","__parent":"floodlightspotlights","position":[35.7857246,-428.319824,146.760468],"hidden":true,"innerAngle":20,"isEnabled":false,"outerAngle":75,"range":80,"rotationMatrix":[-0.948992968,0.293271095,0.115783021,0.171962887,0.789208949,-0.589557528,-0.26427716,-0.539575219,-0.799385667],"shadowDarkenColor":[0,0,0,0]}
{"name":"LargePoleBulb_390","class":"PointLight","__parent":"floodlightspotlights","position":[36.2480392,-429.487885,146.598816],"brightness":10,"hidden":true,"isEnabled":false,"radius":0.5,"rotationMatrix":[-0.711440563,0.702746511,2.27373675e-13,0.702746511,0.711440325,-9.86655505e-06,-6.93368656e-06,-7.01946556e-06,-1.00000024],"shadowDarkenColor":[0,0,0,0]}
{"name":"LargePoleLight_87","class":"SpotLight","__parent":"floodlightspotlights","position":[36.2807007,-429.569214,146.760468],"hidden":true,"innerAngle":20,"isEnabled":false,"outerAngle":75,"range":80,"rotationMatrix":[0.84622705,0.52009058,0.115782976,0.479950756,-0.649669409,-0.589557588,-0.231402665,0.554469645,-0.799385667],"shadowDarkenColor":[0,0,0,0]}
{"name":"LargePoleBulb_391","class":"PointLight","__parent":"floodlightspotlights","position":[36.3178406,-429.370972,145.778809],"brightness":10,"hidden":true,"isEnabled":false,"radius":0.5,"rotationMatrix":[-0.711440563,0.702746511,2.27373675e-13,0.702746511,0.711440325,-9.86655505e-06,-6.93368656e-06,-7.01946556e-06,-1.00000024],"shadowDarkenColor":[0,0,0,0]}
{"name":"LargePoleLight_88","class":"SpotLight","__parent":"floodlightspotlights","position":[36.2538948,-429.520538,145.683868],"hidden":true,"innerAngle":20,"isEnabled":false,"outerAngle":75,"range":80,"rotationMatrix":[0.0994329453,0.988285184,0.115783155,0.807634711,-0.0121877193,-0.589557469,-0.5812397,0.152131975,-0.799385309],"shadowDarkenColor":[0,0,0,0]}
{"name":"LargePoleLight_89","class":"SpotLight","__parent":"floodlightspotlights","position":[-287.077789,-286.420227,131.671692],"hidden":true,"innerAngle":20,"isEnabled":false,"outerAngle":75,"range":80,"rotationMatrix":[-0.241032004,-0.963586152,0.115783021,-0.797419369,0.128626347,-0.589557409,0.55319649,-0.234429672,-0.799385428],"shadowDarkenColor":[0,0,0,0]}
{"name":"LargePoleLight_90","class":"SpotLight","__parent":"floodlightspotlights","position":[-287.09729,-286.368195,132.748291],"hidden":true,"innerAngle":20,"isEnabled":false,"outerAngle":75,"range":80,"rotationMatrix":[-0.912432313,-0.392508775,0.115783021,-0.381158561,0.712137699,-0.589557707,0.148953006,-0.582062662,-0.799385667],"shadowDarkenColor":[0,0,0,0]}
{"name":"LargePoleLight_91","class":"SpotLight","__parent":"floodlightspotlights","position":[-286.787811,-287.675964,132.748291],"hidden":true,"innerAngle":20,"isEnabled":false,"outerAngle":75,"range":80,"rotationMatrix":[0.896728039,-0.427168816,0.115783013,-0.28406921,-0.756126523,-0.589557469,0.339387089,0.495782316,-0.799385428],"shadowDarkenColor":[0,0,0,0]}
{"name":"LargePoleLight_92","class":"SpotLight","__parent":"floodlightspotlights","position":[-286.787811,-287.675964,131.671692],"hidden":true,"innerAngle":20,"isEnabled":false,"outerAngle":75,"range":80,"rotationMatrix":[0.782370031,-0.611956954,0.115783021,-0.441705436,-0.67625308,-0.58955735,0.439082384,0.410109997,-0.799384832],"shadowDarkenColor":[0,0,0,0]}
{"name":"LargePoleBulb_392","class":"PointLight","__parent":"floodlightspotlights","position":[-287.162659,-286.559021,131.766632],"brightness":10,"hidden":true,"isEnabled":false,"radius":0.5,"rotationMatrix":[0.602563739,-0.798070848,1.36424205e-12,-0.798070848,-0.602563977,-9.86655232e-06,7.87420868e-06,5.94522589e-06,-1.00000024],"shadowDarkenColor":[0,0,0,0]}
{"name":"LargePoleBulb_393","class":"PointLight","__parent":"floodlightspotlights","position":[-287.076691,-286.4534,132.586639],"brightness":10,"hidden":true,"isEnabled":false,"radius":0.5,"rotationMatrix":[0.602563739,-0.798070848,1.36424205e-12,-0.798070848,-0.602563977,-9.86655232e-06,7.87420868e-06,5.94522589e-06,-1.00000024],"shadowDarkenColor":[0,0,0,0]}
{"name":"LargePoleBulb_394","class":"PointLight","__parent":"floodlightspotlights","position":[-286.896088,-287.876251,132.586639],"brightness":10,"hidden":true,"isEnabled":false,"radius":0.5,"rotationMatrix":[0.602563739,-0.798070848,1.36424205e-12,-0.798070848,-0.602563977,-9.86655232e-06,7.87420868e-06,5.94522589e-06,-1.00000024],"shadowDarkenColor":[0,0,0,0]}
{"name":"LargePoleBulb_395","class":"PointLight","__parent":"floodlightspotlights","position":[-286.896088,-287.876251,131.706116],"brightness":10,"hidden":true,"isEnabled":false,"radius":0.5,"rotationMatrix":[0.602563739,-0.798070848,1.36424205e-12,-0.798070848,-0.602563977,-9.86655232e-06,7.87420868e-06,5.94522589e-06,-1.00000024],"shadowDarkenColor":[0,0,0,0]}
{"name":"LargePoleLight_93","class":"SpotLight","__parent":"floodlightspotlights","position":[53.8730354,-3.24423504,130.813812],"hidden":true,"innerAngle":20,"isEnabled":false,"outerAngle":75,"range":80,"rotationMatrix":[-0.815326214,0.567307413,0.115783006,0.403248191,0.699866533,-0.58955729,-0.415492862,-0.433992147,-0.799385309],"shadowDarkenColor":[0,0,0,0]}
{"name":"LargePoleLight_94","class":"SpotLight","__parent":"floodlightspotlights","position":[53.9286118,-3.24446964,131.890411],"hidden":true,"innerAngle":20,"isEnabled":false,"outerAngle":75,"range":80,"rotationMatrix":[-0.0431494713,0.992337048,0.115782991,0.80105263,0.103619456,-0.589557469,-0.597037017,0.0673092604,-0.799385309],"shadowDarkenColor":[0,0,0,0]}
{"name":"LargePoleLight_95","class":"SpotLight","__parent":"floodlightspotlights","position":[52.5961456,-3.06969643,131.890411],"hidden":true,"innerAngle":20,"isEnabled":false,"outerAngle":75,"range":80,"rotationMatrix":[-0.717601776,-0.686762393,0.115782954,-0.606096685,0.5339185,-0.589557409,0.343067139,-0.493242949,-0.799385309],"shadowDarkenColor":[0,0,0,0]}
{"name":"LargePoleLight_96","class":"SpotLight","__parent":"floodlightspotlights","position":[52.5961456,-3.06969643,130.813812],"hidden":true,"innerAngle":20,"isEnabled":false,"outerAngle":75,"range":80,"rotationMatrix":[-0.849777937,-0.514269054,0.115783006,-0.475479543,0.652948201,-0.589557469,0.22759077,-0.556045115,-0.799385548],"shadowDarkenColor":[0,0,0,0]}
{"name":"LargePoleBulb_396","class":"PointLight","__parent":"floodlightspotlights","position":[53.7733917,-3.1156292,130.908752],"brightness":10,"hidden":true,"isEnabled":false,"radius":0.5,"rotationMatrix":[-0.959966183,-0.280117065,2.84217094e-12,-0.280117065,0.959965825,-9.86655414e-06,2.76378705e-06,-9.47155513e-06,-1.00000024],"shadowDarkenColor":[0,0,0,0]}
{"name":"LargePoleBulb_397","class":"PointLight","__parent":"floodlightspotlights","position":[53.8416443,-3.23349094,131.72876],"brightness":10,"hidden":true,"isEnabled":false,"radius":0.5,"rotationMatrix":[-0.959966183,-0.280117065,2.84217094e-12,-0.280117065,0.959965825,-9.86655414e-06,2.76378705e-06,-9.47155513e-06,-1.00000024],"shadowDarkenColor":[0,0,0,0]}
{"name":"LargePoleBulb_398","class":"PointLight","__parent":"floodlightspotlights","position":[52.4472961,-2.89738274,131.72876],"brightness":10,"hidden":true,"isEnabled":false,"radius":0.5,"rotationMatrix":[-0.959966183,-0.280117065,2.84217094e-12,-0.280117065,0.959965825,-9.86655414e-06,2.76378705e-06,-9.47155513e-06,-1.00000024],"shadowDarkenColor":[0,0,0,0]}
{"name":"LargePoleBulb_399","class":"PointLight","__parent":"floodlightspotlights","position":[52.4472961,-2.89738274,130.848236],"brightness":10,"hidden":true,"isEnabled":false,"radius":0.5,"rotationMatrix":[-0.959966183,-0.280117065,2.84217094e-12,-0.280117065,0.959965825,-9.86655414e-06,2.76378705e-06,-9.47155513e-06,-1.00000024],"shadowDarkenColor":[0,0,0,0]}
{"name":"LargePoleLight_97","class":"SpotLight","__parent":"floodlightspotlights","position":[7.1034193,74.5379944,130.813812],"hidden":true,"innerAngle":20,"isEnabled":false,"outerAngle":75,"range":80,"rotationMatrix":[-0.643414617,-0.75671196,0.115783066,-0.657640338,0.46896863,-0.589557409,0.391826361,-0.455473095,-0.799385667],"shadowDarkenColor":[0,0,0,0]}
{"name":"LargePoleLight_98","class":"SpotLight","__parent":"floodlightspotlights","position":[7.10902405,74.5932846,131.890411],"hidden":true,"innerAngle":20,"isEnabled":false,"outerAngle":75,"range":80,"rotationMatrix":[-0.991864681,0.052911438,0.115782939,-0.0257539749,0.807315767,-0.589557528,-0.124667726,-0.587742925,-0.799385428],"shadowDarkenColor":[0,0,0,0]}
{"name":"LargePoleLight_99","class":"SpotLight","__parent":"floodlightspotlights","position":[6.80635357,73.2839355,131.890411],"hidden":true,"innerAngle":20,"isEnabled":false,"outerAngle":75,"range":80,"rotationMatrix":[0.614230812,-0.780586243,0.115783006,-0.589970112,-0.551686287,-0.589557469,0.524076223,0.293815911,-0.799385309],"shadowDarkenColor":[0,0,0,0]}
{"name":"LargePoleLight_100","class":"SpotLight","__parent":"floodlightspotlights","position":[6.80635357,73.2839355,130.813812],"hidden":true,"innerAngle":20,"isEnabled":false,"outerAngle":75,"range":80,"rotationMatrix":[0.429775953,-0.895481586,0.115782961,-0.695825815,-0.410181999,-0.589557528,0.575429738,0.172812968,-0.799385548],"shadowDarkenColor":[0,0,0,0]}
{"name":"LargePoleBulb_400","class":"PointLight","__parent":"floodlightspotlights","position":[6.96578979,74.4512329,130.908752],"brightness":10,"hidden":true,"isEnabled":false,"radius":0.5,"rotationMatrix":[0.186074853,-0.982535779,2.27373675e-12,-0.982535779,-0.18607533,-9.86655323e-06,9.69424036e-06,1.83591737e-06,-1.00000048],"shadowDarkenColor":[0,0,0,0]}
{"name":"LargePoleBulb_401","class":"PointLight","__parent":"floodlightspotlights","position":[7.08969593,74.507782,131.72876],"brightness":10,"hidden":true,"isEnabled":false,"radius":0.5,"rotationMatrix":[0.186074853,-0.982535779,2.27373675e-12,-0.982535779,-0.18607533,-9.86655323e-06,9.69424036e-06,1.83591737e-06,-1.00000048],"shadowDarkenColor":[0,0,0,0]}
{"name":"LargePoleBulb_402","class":"PointLight","__parent":"floodlightspotlights","position":[6.62046242,73.1524277,131.72876],"brightness":10,"hidden":true,"isEnabled":false,"radius":0.5,"rotationMatrix":[0.186074853,-0.982535779,2.27373675e-12,-0.982535779,-0.18607533,-9.86655323e-06,9.69424036e-06,1.83591737e-06,-1.00000048],"shadowDarkenColor":[0,0,0,0]}
{"name":"LargePoleBulb_403","class":"PointLight","__parent":"floodlightspotlights","position":[6.62046242,73.1524277,130.848236],"brightness":10,"hidden":true,"isEnabled":false,"radius":0.5,"rotationMatrix":[0.186074853,-0.982535779,2.27373675e-12,-0.982535779,-0.18607533,-9.86655323e-06,9.69424036e-06,1.83591737e-06,-1.00000048],"shadowDarkenColor":[0,0,0,0]}
{"name":"LargePoleLight_101","class":"SpotLight","__parent":"floodlightspotlights","position":[133.468216,123.918556,130.813812],"hidden":true,"innerAngle":20,"isEnabled":false,"outerAngle":75,"range":80,"rotationMatrix":[0.642853916,0.757187784,0.115783036,0.657987177,-0.468482614,-0.589557409,-0.392163217,0.455183059,-0.799385786],"shadowDarkenColor":[0,0,0,0]}
{"name":"LargePoleLight_102","class":"SpotLight","__parent":"floodlightspotlights","position":[133.462646,123.863243,131.890411],"hidden":true,"innerAngle":20,"isEnabled":false,"outerAngle":75,"range":80,"rotationMatrix":[0.991903126,-0.052177608,0.115782924,0.0263512358,-0.807296872,-0.589557469,0.124232851,0.587834895,-0.799385309],"shadowDarkenColor":[0,0,0,0]}
{"name":"LargePoleLight_103","class":"SpotLight","__parent":"floodlightspotlights","position":[133.764359,125.172813,131.890411],"hidden":true,"innerAngle":20,"isEnabled":false,"outerAngle":75,"range":80,"rotationMatrix":[-0.614808559,0.780131638,0.115782917,0.58956188,0.552122295,-0.589557409,-0.523858666,-0.294203579,-0.799385428],"shadowDarkenColor":[0,0,0,0]}
{"name":"LargePoleLight_104","class":"SpotLight","__parent":"floodlightspotlights","position":[133.764359,125.172813,130.813812],"hidden":true,"innerAngle":20,"isEnabled":false,"outerAngle":75,"range":80,"rotationMatrix":[-0.430438757,0.895163238,0.115782902,0.69552213,0.410696149,-0.589557409,-0.575301588,-0.173238665,-0.799385428],"shadowDarkenColor":[0,0,0,0]}
{"name":"LargePoleBulb_404","class":"PointLight","__parent":"floodlightspotlights","position":[133.605804,124.005394,130.908752],"brightness":10,"hidden":true,"isEnabled":false,"radius":0.5,"rotationMatrix":[-0.186802149,0.982397914,3.18323146e-12,0.982397914,0.186801553,-9.86655505e-06,-9.69287976e-06,-1.84308692e-06,-1.00000048],"shadowDarkenColor":[0,0,0,0]}
{"name":"LargePoleBulb_405","class":"PointLight","__parent":"floodlightspotlights","position":[133.481949,123.948746,131.72876],"brightness":10,"hidden":true,"isEnabled":false,"radius":0.5,"rotationMatrix":[-0.186802149,0.982397914,3.18323146e-12,0.982397914,0.186801553,-9.86655505e-06,-9.69287976e-06,-1.84308692e-06,-1.00000048],"shadowDarkenColor":[0,0,0,0]}
{"name":"LargePoleBulb_406","class":"PointLight","__parent":"floodlightspotlights","position":[133.950165,125.304459,131.72876],"brightness":10,"hidden":true,"isEnabled":false,"radius":0.5,"rotationMatrix":[-0.186802149,0.982397914,3.18323146e-12,0.982397914,0.186801553,-9.86655505e-06,-9.69287976e-06,-1.84308692e-06,-1.00000048],"shadowDarkenColor":[0,0,0,0]}
{"name":"LargePoleBulb_407","class":"PointLight","__parent":"floodlightspotlights","position":[133.950165,125.304459,130.848236],"brightness":10,"hidden":true,"isEnabled":false,"radius":0.5,"rotationMatrix":[-0.186802149,0.982397914,3.18323146e-12,0.982397914,0.186801553,-9.86655505e-06,-9.69287976e-06,-1.84308692e-06,-1.00000048],"shadowDarkenColor":[0,0,0,0]}
{"name":"LargePoleLight_105","class":"SpotLight","__parent":"floodlightspotlights","position":[316.818329,256.61087,130.813812],"hidden":true,"innerAngle":20,"isEnabled":false,"outerAngle":75,"range":80,"rotationMatrix":[0.642853916,0.757187784,0.115783036,0.657987177,-0.468482614,-0.589557409,-0.392163217,0.455183059,-0.799385786],"shadowDarkenColor":[0,0,0,0]}
{"name":"LargePoleLight_106","class":"SpotLight","__parent":"floodlightspotlights","position":[316.812775,256.555542,131.890411],"hidden":true,"innerAngle":20,"isEnabled":false,"outerAngle":75,"range":80,"rotationMatrix":[0.991903126,-0.052177608,0.115782924,0.0263512358,-0.807296872,-0.589557469,0.124232851,0.587834895,-0.799385309],"shadowDarkenColor":[0,0,0,0]}
{"name":"LargePoleLight_107","class":"SpotLight","__parent":"floodlightspotlights","position":[317.114471,257.865112,131.890411],"hidden":true,"innerAngle":20,"isEnabled":false,"outerAngle":75,"range":80,"rotationMatrix":[-0.614808559,0.780131638,0.115782917,0.58956188,0.552122295,-0.589557409,-0.523858666,-0.294203579,-0.799385428],"shadowDarkenColor":[0,0,0,0]}
{"name":"LargePoleLight_108","class":"SpotLight","__parent":"floodlightspotlights","position":[317.114471,257.865112,130.813812],"hidden":true,"innerAngle":20,"isEnabled":false,"outerAngle":75,"range":80,"rotationMatrix":[-0.430438757,0.895163238,0.115782902,0.69552213,0.410696149,-0.589557409,-0.575301588,-0.173238665,-0.799385428],"shadowDarkenColor":[0,0,0,0]}
{"name":"LargePoleBulb_408","class":"PointLight","__parent":"floodlightspotlights","position":[316.955902,256.697693,130.908752],"brightness":10,"hidden":true,"isEnabled":false,"radius":0.5,"rotationMatrix":[-0.186802149,0.982397914,3.18323146e-12,0.982397914,0.186801553,-9.86655505e-06,-9.69287976e-06,-1.84308692e-06,-1.00000048],"shadowDarkenColor":[0,0,0,0]}
{"name":"LargePoleBulb_409","class":"PointLight","__parent":"floodlightspotlights","position":[316.832062,256.641022,131.72876],"brightness":10,"hidden":true,"isEnabled":false,"radius":0.5,"rotationMatrix":[-0.186802149,0.982397914,3.18323146e-12,0.982397914,0.186801553,-9.86655505e-06,-9.69287976e-06,-1.84308692e-06,-1.00000048],"shadowDarkenColor":[0,0,0,0]}
{"name":"LargePoleBulb_410","class":"PointLight","__parent":"floodlightspotlights","position":[317.300262,257.996735,131.72876],"brightness":10,"hidden":true,"isEnabled":false,"radius":0.5,"rotationMatrix":[-0.186802149,0.982397914,3.18323146e-12,0.982397914,0.186801553,-9.86655505e-06,-9.69287976e-06,-1.84308692e-06,-1.00000048],"shadowDarkenColor":[0,0,0,0]}
{"name":"LargePoleBulb_411","class":"PointLight","__parent":"floodlightspotlights","position":[317.300262,257.996735,130.848236],"brightness":10,"hidden":true,"isEnabled":false,"radius":0.5,"rotationMatrix":[-0.186802149,0.982397914,3.18323146e-12,0.982397914,0.186801553,-9.86655505e-06,-9.69287976e-06,-1.84308692e-06,-1.00000048],"shadowDarkenColor":[0,0,0,0]}
{"name":"LargePoleLight_901","class":"SpotLight","__parent":"floodlightspotlights","position":[-298.628418,-197.040894,131.831085],"hidden":true,"innerAngle":20,"isEnabled":false,"outerAngle":75,"range":80,"rotationMatrix":[0.438989818,-0.891000926,0.115783051,-0.691557825,-0.417337775,-0.589557648,0.573616803,0.178739339,-0.799385786],"shadowDarkenColor":[0,0,0,0]}
{"name":"LargePoleBulb_3931","class":"PointLight","__parent":"floodlightspotlights","position":[-298.544373,-197.015915,131.669434],"brightness":10,"hidden":true,"isEnabled":false,"radius":0.5,"rotationMatrix":[0.765970826,0.642875493,1.8189894e-12,0.642875493,-0.765971661,-9.86655414e-06,-6.34296157e-06,7.55749443e-06,-1.00000095],"shadowDarkenColor":[0,0,0,0]}
{"name":"LargePoleLight_891","class":"SpotLight","__parent":"floodlightspotlights","position":[-298.577454,-197.018738,130.754486],"hidden":true,"innerAngle":20,"isEnabled":false,"outerAngle":75,"range":80,"rotationMatrix":[0.974723041,-0.191074073,0.115783006,-0.0873778239,-0.80298686,-0.589557409,0.205621302,0.56453836,-0.799385428],"shadowDarkenColor":[0,0,0,0]}
{"name":"LargePoleBulb_3921","class":"PointLight","__parent":"floodlightspotlights","position":[-298.434479,-197.096344,130.849426],"brightness":10,"hidden":true,"isEnabled":false,"radius":0.5,"rotationMatrix":[0.765970826,0.642875493,1.8189894e-12,0.642875493,-0.765971661,-9.86655414e-06,-6.34296157e-06,7.55749443e-06,-1.00000095],"shadowDarkenColor":[0,0,0,0]}
{"name":"LargePoleLight_921","class":"SpotLight","__parent":"floodlightspotlights","position":[-297.338318,-196.664459,130.754486],"hidden":true,"innerAngle":20,"isEnabled":false,"outerAngle":75,"range":80,"rotationMatrix":[0.570841789,0.812855482,0.115783066,0.698109269,-0.40628314,-0.589557528,-0.432184309,0.417373329,-0.799385309],"shadowDarkenColor":[0,0,0,0]}
{"name":"LargePoleBulb_3951","class":"PointLight","__parent":"floodlightspotlights","position":[-297.132721,-196.762268,130.78891],"brightness":10,"hidden":true,"isEnabled":false,"radius":0.5,"rotationMatrix":[0.765970826,0.642875493,1.8189894e-12,0.642875493,-0.765971661,-9.86655414e-06,-6.34296157e-06,7.55749443e-06,-1.00000095],"shadowDarkenColor":[0,0,0,0]}
{"name":"LargePoleBulb_3941","class":"PointLight","__parent":"floodlightspotlights","position":[-297.132721,-196.762268,131.669434],"brightness":10,"hidden":true,"isEnabled":false,"radius":0.5,"rotationMatrix":[0.765970826,0.642875493,1.8189894e-12,0.642875493,-0.765971661,-9.86655414e-06,-6.34296157e-06,7.55749443e-06,-1.00000095],"shadowDarkenColor":[0,0,0,0]}
{"name":"LargePoleLight_911","class":"SpotLight","__parent":"floodlightspotlights","position":[-297.338318,-196.664459,131.831085],"hidden":true,"innerAngle":20,"isEnabled":false,"outerAngle":75,"range":80,"rotationMatrix":[0.38040781,0.917542517,0.115783006,0.769755781,-0.244741321,-0.589557409,-0.512607098,0.313396901,-0.79938519],"shadowDarkenColor":[0,0,0,0]}
{"name":"LargePoleLight_9011","class":"SpotLight","__parent":"floodlightspotlights","position":[677.381287,607.276611,136.474625],"hidden":true,"innerAngle":20,"isEnabled":false,"outerAngle":75,"range":80,"rotationMatrix":[-0.887058377,0.446902394,0.115783028,0.300727248,0.749656677,-0.589557409,-0.350272149,-0.488152742,-0.799384952],"shadowDarkenColor":[0,0,0,0]}
{"name":"LargePoleBulb_39311","class":"PointLight","__parent":"floodlightspotlights","position":[677.329285,607.206055,136.312973],"brightness":10,"hidden":true,"isEnabled":false,"radius":0.5,"rotationMatrix":[-0.22429955,-0.974520206,1.8189894e-12,-0.974520206,0.22429961,-9.86654959e-06,9.61515252e-06,-2.21306482e-06,-1],"shadowDarkenColor":[0,0,0,0]}
{"name":"LargePoleLight_8911","class":"SpotLight","__parent":"floodlightspotlights","position":[677.353943,607.228271,135.398026],"hidden":true,"innerAngle":20,"isEnabled":false,"outerAngle":75,"range":80,"rotationMatrix":[-0.893199205,-0.434499502,0.115782999,-0.413850784,0.69364953,-0.58955735,0.175849542,-0.574508965,-0.799385309],"shadowDarkenColor":[0,0,0,0]}
{"name":"LargePoleBulb_39211","class":"PointLight","__parent":"floodlightspotlights","position":[677.193176,607.204102,135.492966],"brightness":10,"hidden":true,"isEnabled":false,"radius":0.5,"rotationMatrix":[-0.22429955,-0.974520206,1.8189894e-12,-0.974520206,0.22429961,-9.86654959e-06,9.61515252e-06,-2.21306482e-06,-1],"shadowDarkenColor":[0,0,0,0]}
{"name":"LargePoleLight_9211","class":"SpotLight","__parent":"floodlightspotlights","position":[676.578186,606.199097,135.398026],"hidden":true,"innerAngle":20,"isEnabled":false,"outerAngle":75,"range":80,"rotationMatrix":[0.0338437557,-0.992698014,0.115783066,-0.8019889,-0.0961052179,-0.589557528,0.596379757,-0.0729037523,-0.799385309],"shadowDarkenColor":[0,0,0,0]}
{"name":"LargePoleBulb_39511","class":"PointLight","__parent":"floodlightspotlights","position":[676.355103,606.153442,135.432449],"brightness":10,"hidden":true,"isEnabled":false,"radius":0.5,"rotationMatrix":[-0.22429955,-0.974520206,1.8189894e-12,-0.974520206,0.22429961,-9.86654959e-06,9.61515252e-06,-2.21306482e-06,-1],"shadowDarkenColor":[0,0,0,0]}
{"name":"LargePoleBulb_39411","class":"PointLight","__parent":"floodlightspotlights","position":[676.355103,606.153442,136.312973],"brightness":10,"hidden":true,"isEnabled":false,"radius":0.5,"rotationMatrix":[-0.22429955,-0.974520206,1.8189894e-12,-0.974520206,0.22429961,-9.86654959e-06,9.61515252e-06,-2.21306482e-06,-1],"shadowDarkenColor":[0,0,0,0]}
{"name":"LargePoleLight_9111","class":"SpotLight","__parent":"floodlightspotlights","position":[676.578186,606.199097,136.474625],"hidden":true,"innerAngle":20,"isEnabled":false,"outerAngle":75,"range":80,"rotationMatrix":[0.248916268,-0.961579502,0.115782976,-0.761894763,-0.268213868,-0.589557469,0.597960889,0.0585360527,-0.799385309],"shadowDarkenColor":[0,0,0,0]}
{"name":"LargePoleLight_90111","class":"SpotLight","__parent":"floodlightspotlights","position":[745.263428,626.918274,146.243286],"hidden":true,"innerAngle":20,"isEnabled":false,"outerAngle":75,"range":80,"rotationMatrix":[0.0444490314,0.992279589,0.115783036,0.807066858,0.0326391459,-0.589557528,-0.588784873,0.119649962,-0.799385309],"shadowDarkenColor":[0,0,0,0]}
{"name":"LargePoleBulb_393111","class":"PointLight","__parent":"floodlightspotlights","position":[745.177734,626.936829,146.081635],"brightness":10,"hidden":true,"isEnabled":false,"radius":0.5,"rotationMatrix":[-0.980912685,-0.194449157,1.13686838e-12,-0.194449157,0.980912626,-9.8665505e-06,1.91854133e-06,-9.67822325e-06,-1],"shadowDarkenColor":[0,0,0,0]}
{"name":"LargePoleLight_89111","class":"SpotLight","__parent":"floodlightspotlights","position":[745.20813,626.923462,145.166687],"hidden":true,"innerAngle":20,"isEnabled":false,"outerAngle":75,"range":80,"rotationMatrix":[-0.762172699,0.636936307,0.115782976,0.463342428,0.661616206,-0.589557409,-0.452114344,-0.395697176,-0.799385428],"shadowDarkenColor":[0,0,0,0]}
{"name":"LargePoleBulb_392111","class":"PointLight","__parent":"floodlightspotlights","position":[745.120239,627.060242,145.261627],"brightness":10,"hidden":true,"isEnabled":false,"radius":0.5,"rotationMatrix":[-0.980912685,-0.194449157,1.13686838e-12,-0.194449157,0.980912626,-9.8665505e-06,1.91854133e-06,-9.67822325e-06,-1],"shadowDarkenColor":[0,0,0,0]}
{"name":"LargePoleLight_92111","class":"SpotLight","__parent":"floodlightspotlights","position":[743.951477,627.209717,145.166687],"hidden":true,"innerAngle":20,"isEnabled":false,"outerAngle":75,"range":80,"rotationMatrix":[-0.891783118,-0.437398642,0.115783066,-0.416101843,0.692301512,-0.589557409,0.177714825,-0.573934793,-0.79938519],"shadowDarkenColor":[0,0,0,0]}
{"name":"LargePoleBulb_395111","class":"PointLight","__parent":"floodlightspotlights","position":[743.818481,627.394531,145.201111],"brightness":10,"hidden":true,"isEnabled":false,"radius":0.5,"rotationMatrix":[-0.980912685,-0.194449157,1.13686838e-12,-0.194449157,0.980912626,-9.8665505e-06,1.91854133e-06,-9.67822325e-06,-1],"shadowDarkenColor":[0,0,0,0]}
{"name":"LargePoleBulb_394111","class":"PointLight","__parent":"floodlightspotlights","position":[743.818481,627.394531,146.081635],"brightness":10,"hidden":true,"isEnabled":false,"radius":0.5,"rotationMatrix":[-0.980912685,-0.194449157,1.13686838e-12,-0.194449157,0.980912626,-9.8665505e-06,1.91854133e-06,-9.67822325e-06,-1],"shadowDarkenColor":[0,0,0,0]}
{"name":"LargePoleLight_91111","class":"SpotLight","__parent":"floodlightspotlights","position":[743.951477,627.209717,146.243286],"hidden":true,"innerAngle":20,"isEnabled":false,"outerAngle":75,"range":80,"rotationMatrix":[-0.77531898,-0.620866835,0.115783006,-0.556698382,0.585242748,-0.589557469,0.298275441,-0.521551073,-0.799385428],"shadowDarkenColor":[0,0,0,0]}
{"name":"LargePoleLight_901111","class":"SpotLight","__parent":"floodlightspotlights","position":[852.932922,429.729858,162.172272],"hidden":true,"innerAngle":20,"isEnabled":false,"outerAngle":75,"range":80,"rotationMatrix":[-0.732659936,-0.67067337,0.115782961,-0.594102502,0.547233284,-0.58955723,0.332040131,-0.500732243,-0.799384475],"shadowDarkenColor":[0,0,0,0]}
{"name":"LargePoleBulb_3931111","class":"PointLight","__parent":"floodlightspotlights","position":[852.980469,429.656189,162.01062],"brightness":10,"hidden":true,"isEnabled":false,"radius":0.5,"rotationMatrix":[0.83145231,-0.555596054,1.13686838e-12,-0.555596054,-0.831452131,-9.86654777e-06,5.48181742e-06,8.20356399e-06,-0.999999762],"shadowDarkenColor":[0,0,0,0]}
{"name":"LargePoleLight_891111","class":"SpotLight","__parent":"floodlightspotlights","position":[852.968384,429.687134,161.095673],"hidden":true,"innerAngle":20,"isEnabled":false,"outerAngle":75,"range":80,"rotationMatrix":[0.0891712904,-0.989263594,0.115782931,-0.795378268,-0.14069581,-0.589557171,0.599517822,-0.039519757,-0.799384713],"shadowDarkenColor":[0,0,0,0]}
{"name":"LargePoleBulb_3921111","class":"PointLight","__parent":"floodlightspotlights","position":[852.933899,429.528229,161.190613],"brightness":10,"hidden":true,"isEnabled":false,"radius":0.5,"rotationMatrix":[0.83145231,-0.555596054,1.13686838e-12,-0.555596054,-0.831452131,-9.86654777e-06,5.48181742e-06,8.20356399e-06,-0.999999762],"shadowDarkenColor":[0,0,0,0]}
{"name":"LargePoleLight_921111","class":"SpotLight","__parent":"floodlightspotlights","position":[853.655273,428.596558,161.095673],"hidden":true,"innerAngle":20,"isEnabled":false,"outerAngle":75,"range":80,"rotationMatrix":[0.940073133,-0.320713013,0.115783036,-0.194814712,-0.78388083,-0.58955735,0.27983883,0.531670749,-0.799384832],"shadowDarkenColor":[0,0,0,0]}
{"name":"LargePoleBulb_3951111","class":"PointLight","__parent":"floodlightspotlights","position":[853.618774,428.371796,161.130096],"brightness":10,"hidden":true,"isEnabled":false,"radius":0.5,"rotationMatrix":[0.83145231,-0.555596054,1.13686838e-12,-0.555596054,-0.831452131,-9.86654777e-06,5.48181742e-06,8.20356399e-06,-0.999999762],"shadowDarkenColor":[0,0,0,0]}
{"name":"LargePoleBulb_3941111","class":"PointLight","__parent":"floodlightspotlights","position":[853.618774,428.371796,162.01062],"brightness":10,"hidden":true,"isEnabled":false,"radius":0.5,"rotationMatrix":[0.83145231,-0.555596054,1.13686838e-12,-0.555596054,-0.831452131,-9.86654777e-06,5.48181742e-06,8.20356399e-06,-0.999999762],"shadowDarkenColor":[0,0,0,0]}
{"name":"LargePoleLight_911111","class":"SpotLight","__parent":"floodlightspotlights","position":[853.655273,428.596558,162.172272],"hidden":true,"innerAngle":20,"isEnabled":false,"outerAngle":75,"range":80,"rotationMatrix":[0.987319887,-0.108599275,0.115782946,-0.0196813606,-0.807486415,-0.589557171,0.157518685,0.579802752,-0.799384832],"shadowDarkenColor":[0,0,0,0]}
{"name":"LargePoleLight_9011111","class":"SpotLight","__parent":"floodlightspotlights","position":[796.893005,259.044617,173.402023],"hidden":true,"innerAngle":20,"isEnabled":false,"outerAngle":75,"range":80,"rotationMatrix":[0.841300488,0.528022587,0.115783021,0.486036807,-0.645128369,-0.589557469,-0.236604735,0.552269757,-0.79938519],"shadowDarkenColor":[0,0,0,0]}
{"name":"LargePoleBulb_39311111","class":"PointLight","__parent":"floodlightspotlights","position":[796.859436,259.125641,173.240372],"brightness":10,"hidden":true,"isEnabled":false,"radius":0.5,"rotationMatrix":[-0.718015909,0.696027339,2.04636308e-12,0.696027339,0.718015432,-9.86655232e-06,-6.86738895e-06,-7.08433572e-06,-1.00000048],"shadowDarkenColor":[0,0,0,0]}
{"name":"LargePoleLight_8911111","class":"SpotLight","__parent":"floodlightspotlights","position":[796.865845,259.093018,172.325424],"hidden":true,"innerAngle":20,"isEnabled":false,"outerAngle":75,"range":80,"rotationMatrix":[0.0901383162,0.989176273,0.115783006,0.807713628,-0.00459527969,-0.589557409,-0.582644105,0.146661311,-0.799385309],"shadowDarkenColor":[0,0,0,0]}
{"name":"LargePoleBulb_39211111","class":"PointLight","__parent":"floodlightspotlights","position":[796.928284,259.243134,172.420364],"brightness":10,"hidden":true,"isEnabled":false,"radius":0.5,"rotationMatrix":[-0.718015909,0.696027339,2.04636308e-12,0.696027339,0.718015432,-9.86655232e-06,-6.86738895e-06,-7.08433572e-06,-1.00000048],"shadowDarkenColor":[0,0,0,0]}
{"name":"LargePoleLight_9211111","class":"SpotLight","__parent":"floodlightspotlights","position":[796.386169,260.289337,172.325424],"hidden":true,"innerAngle":20,"isEnabled":false,"outerAngle":75,"range":80,"rotationMatrix":[-0.86709547,0.484499991,0.115783066,0.332571805,0.736082911,-0.589557409,-0.370866477,-0.472696185,-0.79938519],"shadowDarkenColor":[0,0,0,0]}
{"name":"LargePoleBulb_39511111","class":"PointLight","__parent":"floodlightspotlights","position":[796.462524,260.503845,172.359848],"brightness":10,"hidden":true,"isEnabled":false,"radius":0.5,"rotationMatrix":[-0.718015909,0.696027339,2.04636308e-12,0.696027339,0.718015432,-9.86655232e-06,-6.86738895e-06,-7.08433572e-06,-1.00000048],"shadowDarkenColor":[0,0,0,0]}
{"name":"LargePoleBulb_39411111","class":"PointLight","__parent":"floodlightspotlights","position":[796.462524,260.503845,173.240372],"brightness":10,"hidden":true,"isEnabled":false,"radius":0.5,"rotationMatrix":[-0.718015909,0.696027339,2.04636308e-12,0.696027339,0.718015432,-9.86655232e-06,-6.86738895e-06,-7.08433572e-06,-1.00000048],"shadowDarkenColor":[0,0,0,0]}
{"name":"LargePoleLight_9111111","class":"SpotLight","__parent":"floodlightspotlights","position":[796.386169,260.289337,173.402023],"hidden":true,"innerAngle":20,"isEnabled":false,"outerAngle":75,"range":80,"rotationMatrix":[-0.951707482,0.284336865,0.115782954,0.164536148,0.790790737,-0.589557409,-0.259192973,-0.54203558,-0.79938519],"shadowDarkenColor":[0,0,0,0]}
{"name":"LargePoleLight_90111111","class":"SpotLight","__parent":"floodlightspotlights","position":[764.109985,209.76683,169.939789],"hidden":true,"innerAngle":20,"isEnabled":false,"outerAngle":75,"range":80,"rotationMatrix":[-0.422438622,0.898966074,0.115783036,0.699156761,0.404477417,-0.589557409,-0.576823711,-0.168101266,-0.799385071],"shadowDarkenColor":[0,0,0,0]}
{"name":"LargePoleBulb_393111111","class":"PointLight","__parent":"floodlightspotlights","position":[764.025513,209.743301,169.778137],"brightness":10,"hidden":true,"isEnabled":false,"radius":0.5,"rotationMatrix":[-0.777727842,-0.628600895,1.59161573e-12,-0.628600895,0.777728021,-9.86654777e-06,6.20212086e-06,-7.67349229e-06,-0.999999881],"shadowDarkenColor":[0,0,0,0]}
{"name":"LargePoleLight_89111111","class":"SpotLight","__parent":"floodlightspotlights","position":[764.058655,209.745728,168.86319],"hidden":true,"innerAngle":20,"isEnabled":false,"outerAngle":75,"range":80,"rotationMatrix":[-0.971023083,0.209066093,0.115782991,0.102211811,0.801233411,-0.58955735,-0.216025636,-0.560639322,-0.79938519],"shadowDarkenColor":[0,0,0,0]}
{"name":"LargePoleBulb_392111111","class":"PointLight","__parent":"floodlightspotlights","position":[763.917175,209.825851,168.95813],"brightness":10,"hidden":true,"isEnabled":false,"radius":0.5,"rotationMatrix":[-0.777727842,-0.628600895,1.59161573e-12,-0.628600895,0.777728021,-9.86654777e-06,6.20212086e-06,-7.67349229e-06,-0.999999881],"shadowDarkenColor":[0,0,0,0]}
{"name":"LargePoleLight_92111111","class":"SpotLight","__parent":"floodlightspotlights","position":[762.81311,209.4142,168.86319],"hidden":true,"innerAngle":20,"isEnabled":false,"outerAngle":75,"range":80,"rotationMatrix":[-0.585775733,-0.802160263,0.115783066,-0.690476775,0.419122815,-0.58955735,0.424392194,-0.425293863,-0.799385071],"shadowDarkenColor":[0,0,0,0]}
{"name":"LargePoleBulb_395111111","class":"PointLight","__parent":"floodlightspotlights","position":[762.609436,209.51593,168.897614],"brightness":10,"hidden":true,"isEnabled":false,"radius":0.5,"rotationMatrix":[-0.777727842,-0.628600895,1.59161573e-12,-0.628600895,0.777728021,-9.86654777e-06,6.20212086e-06,-7.67349229e-06,-0.999999881],"shadowDarkenColor":[0,0,0,0]}
{"name":"LargePoleBulb_394111111","class":"PointLight","__parent":"floodlightspotlights","position":[762.609436,209.51593,169.778137],"brightness":10,"hidden":true,"isEnabled":false,"radius":0.5,"rotationMatrix":[-0.777727842,-0.628600895,1.59161573e-12,-0.628600895,0.777728021,-9.86654777e-06,6.20212086e-06,-7.67349229e-06,-0.999999881],"shadowDarkenColor":[0,0,0,0]}
{"name":"LargePoleLight_91111111","class":"SpotLight","__parent":"floodlightspotlights","position":[762.81311,209.4142,169.939789],"hidden":true,"innerAngle":20,"isEnabled":false,"outerAngle":75,"range":80,"rotationMatrix":[-0.397310019,-0.910350919,0.115782902,-0.765098333,0.258933902,-0.58955723,0.506723881,-0.322822392,-0.799384952],"shadowDarkenColor":[0,0,0,0]}
{"name":"LargePoleLight_901111111","class":"SpotLight","__parent":"floodlightspotlights","position":[789.985535,141.819656,165.635315],"hidden":true,"innerAngle":20,"isEnabled":false,"outerAngle":75,"range":80,"rotationMatrix":[0.784615695,0.609075129,0.115783058,0.547787488,-0.593591809,-0.589557469,-0.290356904,0.526000559,-0.79938519],"shadowDarkenColor":[0,0,0,0]}
{"name":"LargePoleBulb_3931111111","class":"PointLight","__parent":"floodlightspotlights","position":[789.944092,141.896927,165.473663],"brightness":10,"hidden":true,"isEnabled":false,"radius":0.5,"rotationMatrix":[-0.78367877,0.621167541,4.54747351e-13,0.621167541,0.783677936,-9.86655323e-06,-6.12878011e-06,-7.73220017e-06,-1.00000095],"shadowDarkenColor":[0,0,0,0]}
{"name":"LargePoleLight_891111111","class":"SpotLight","__parent":"floodlightspotlights","position":[789.953674,141.865128,164.558716],"hidden":true,"innerAngle":20,"isEnabled":false,"outerAngle":75,"range":80,"rotationMatrix":[-0.00868570805,0.99323678,0.115783021,0.804166198,0.0757575035,-0.589557409,-0.594341397,0.087988168,-0.799385548],"shadowDarkenColor":[0,0,0,0]}
{"name":"LargePoleBulb_3921111111","class":"PointLight","__parent":"floodlightspotlights","position":[790.000916,142.020721,164.653656],"brightness":10,"hidden":true,"isEnabled":false,"radius":0.5,"rotationMatrix":[-0.78367877,0.621167541,4.54747351e-13,0.621167541,0.783677936,-9.86655323e-06,-6.12878011e-06,-7.73220017e-06,-1.00000095],"shadowDarkenColor":[0,0,0,0]}
{"name":"LargePoleLight_921111111","class":"SpotLight","__parent":"floodlightspotlights","position":[789.357422,143.007812,164.558716],"hidden":true,"innerAngle":20,"isEnabled":false,"outerAngle":75,"range":80,"rotationMatrix":[-0.910981894,0.395862222,0.115783066,0.257716894,0.765509009,-0.589557469,-0.322016478,-0.507236779,-0.799385309],"shadowDarkenColor":[0,0,0,0]}
