{"ctxid":0,"pos":[712.820557,-137.38797,146.621796],"rotationMatrix":[0.294978321,0.955503404,0.00101534871,-0.955503881,0.29497838,6.54816395e-05,-0.000236938038,-0.000989485299,0.999999464],"scale":0.999999881,"type":"barrierfence_plain"}
{"ctxid":0,"pos":[713.658508,-134.65033,146.62735],"rotationMatrix":[0.294948101,0.95551163,0.00178620196,-0.955513179,0.294948459,6.72195456e-05,-0.000462608412,-0.00172656565,0.999998391],"scale":0.999999881,"type":"barrierfence_plain"}
{"ctxid":0,"pos":[714.49646,-131.912628,146.630585],"rotationMatrix":[0.294974387,0.955505133,-0.000249459059,-0.955505133,0.294974387,6.25105458e-05,0.00013331318,0.000219920417,0.99999994],"scale":0.999999881,"type":"barrierfence_plain"}
{"ctxid":0,"pos":[714.49646,-131.912628,146.630585],"rotationMatrix":[0.294974387,0.955505133,-0.000249459059,-0.955505133,0.294974387,6.25105458e-05,0.00013331318,0.000219920417,0.99999994],"scale":0.999999881,"type":"barrierfence_plain"}
{"ctxid":0,"pos":[607.685852,-228.3004,146.575195],"rotationMatrix":[0.76113379,0.648587763,-0.00304727699,-0.648590624,0.761137426,5.5702636e-05,0.00235552457,0.00193403824,0.999995351],"scale":0.999999881,"type":"barrierfence_plain"}
{"ctxid":0,"pos":[609.843567,-226.452789,146.573822],"rotationMatrix":[0.761143029,0.648583472,0.000859003398,-0.64858371,0.761143327,6.51917944e-05,-0.000611542375,-0.000606755959,0.999999642],"scale":0.99999994,"type":"barrierfence_plain"}
{"ctxid":0,"pos":[612.001282,-224.605133,146.579788],"rotationMatrix":[0.761139691,0.648582876,0.00257819565,-0.648585141,0.761142135,6.93798647e-05,-0.00191737479,-0.00172498706,0.999996662],"scale":0.99999994,"type":"barrierfence_plain"}
{"ctxid":0,"pos":[614.158997,-222.757477,146.589142],"rotationMatrix":[0.761134982,0.648584783,0.0033561762,-0.648588598,0.761139154,7.11078756e-05,-0.00250839745,-0.00223090034,0.999994338],"scale":0.99999994,"type":"barrierfence_plain"}
{"ctxid":0,"pos":[616.316772,-220.909912,146.599884],"rotationMatrix":[0.761126995,0.64859271,0.00363402208,-0.64859724,0.761131823,7.17455987e-05,-0.00271943631,-0.00241162418,0.999993384],"scale":0.99999994,"type":"barrierfence_plain"}
{"ctxid":0,"pos":[618.474548,-219.062256,146.610947],"rotationMatrix":[0.761135757,0.648582578,0.00360487215,-0.648586988,0.761140525,7.1736984e-05,-0.00269728666,-0.0023926748,0.999993503],"scale":0.99999994,"type":"barrierfence_plain"}
{"ctxid":0,"pos":[620.632263,-217.214645,146.621613],"rotationMatrix":[0.76113373,0.648586273,0.00336969458,-0.648590088,0.761137903,7.10599124e-05,-0.00251871394,-0.00223963661,0.999994338],"scale":0.99999994,"type":"barrierfence_plain"}
{"ctxid":0,"pos":[622.789978,-215.367004,146.631363],"rotationMatrix":[0.761134863,0.64858681,0.00298026763,-0.64858979,0.761138082,7.02863908e-05,-0.00222280854,-0.00198646868,0.99999553],"scale":0.99999994,"type":"barrierfence_plain"}
{"ctxid":0,"pos":[624.947754,-213.519409,146.639816],"rotationMatrix":[0.76113987,0.648583055,0.00247201929,-0.6485852,0.761142135,6.90098386e-05,-0.00183679943,-0.00165584113,0.99999696],"scale":0.999999881,"type":"barrierfence_plain"}
{"ctxid":0,"pos":[627.105469,-211.671738,146.646698],"rotationMatrix":[0.761131287,0.648595154,0.00186861458,-0.648596346,0.761132538,6.75146584e-05,-0.00137847371,-0.00126336399,0.999998271],"scale":0.99999994,"type":"barrierfence_plain"}
{"ctxid":0,"pos":[629.263245,-209.824051,146.651733],"rotationMatrix":[0.76112777,0.648600817,0.00121598109,-0.648601413,0.761128306,6.60946534e-05,-0.00088264863,-0.000838993466,0.999999285],"scale":0.99999994,"type":"barrierfence_plain"}
{"ctxid":0,"pos":[631.421021,-207.97644,146.655624],"rotationMatrix":[0.761139989,0.648586571,0.00120240776,-0.648587048,0.761140466,6.61279191e-05,-0.000872311473,-0.000830198696,0.999999285],"scale":1,"type":"barrierfence_plain"}
{"ctxid":0,"pos":[633.578674,-206.128815,146.660065],"rotationMatrix":[0.761137486,0.648589075,0.0013929843,-0.64858979,0.761138141,6.63691899e-05,-0.00101720705,-0.000953991432,0.999999046],"scale":0.99999994,"type":"barrierfence_plain"}
{"ctxid":0,"pos":[635.73645,-204.281143,146.664932],"rotationMatrix":[0.761135638,0.648590922,0.00152577821,-0.648591757,0.761136472,6.68468419e-05,-0.00111796928,-0.00104048674,0.999998808],"scale":0.99999994,"type":"barrierfence_plain"}
{"ctxid":0,"pos":[637.894226,-202.433563,146.670105],"rotationMatrix":[0.761137664,0.648588359,0.00160352106,-0.648589313,0.761138558,6.7056797e-05,-0.00117700954,-0.00109106605,0.999998689],"scale":0.999999881,"type":"barrierfence_plain"}
{"ctxid":0,"pos":[640.051941,-200.585892,146.675415],"rotationMatrix":[0.761136115,0.648590147,0.00163514749,-0.648591101,0.761137068,6.69882284e-05,-0.00120112346,-0.00111152907,0.999998689],"scale":0.99999994,"type":"barrierfence_plain"}
{"ctxid":0,"pos":[642.209717,-198.738235,146.680771],"rotationMatrix":[0.761138439,0.648587406,0.00162143842,-0.648588359,0.761139393,6.69484725e-05,-0.00119071873,-0.00110260316,0.999998689],"scale":0.99999994,"type":"barrierfence_plain"}
{"ctxid":0,"pos":[644.367493,-196.89061,146.68602],"rotationMatrix":[0.761138082,0.648588002,0.00156946573,-0.648588836,0.761138916,6.70496956e-05,-0.00115109375,-0.00106897205,0.999998748],"scale":0.99999994,"type":"barrierfence_plain"}
{"ctxid":0,"pos":[646.525208,-195.043015,146.691071],"rotationMatrix":[0.761137247,0.648589194,0.00147840939,-0.648590028,0.761137962,6.66527485e-05,-0.0010820434,-0.00100961339,0.999998927],"scale":0.999999881,"type":"barrierfence_plain"}
{"ctxid":0,"pos":[648.682922,-193.195358,146.695816],"rotationMatrix":[0.761135817,0.648591101,0.00135151029,-0.648591816,0.761136472,6.62080711e-05,-0.000985741732,-0.000926971785,0.999999106],"scale":0.999999881,"type":"barrierfence_plain"}
{"ctxid":0,"pos":[650.840637,-191.347717,146.700134],"rotationMatrix":[0.761138141,0.648588717,0.00118928822,-0.648589194,0.761138618,6.61583617e-05,-0.000862303656,-0.000821715221,0.999999285],"scale":0.99999994,"type":"barrierfence_plain"}
{"ctxid":0,"pos":[652.998474,-189.500076,146.703934],"rotationMatrix":[0.761137545,0.64858979,0.000989632914,-0.648590147,0.761137843,6.55184849e-05,-0.000710752443,-0.000691734662,0.999999523],"scale":0.99999994,"type":"barrierfence_plain"}
{"ctxid":0,"pos":[655.156189,-187.652435,146.707123],"rotationMatrix":[0.761135042,0.648593009,0.000755526824,-0.648593247,0.761135221,6.50148722e-05,-0.000532889855,-0.000539514644,0.999999702],"scale":0.99999994,"type":"barrierfence_plain"}
{"ctxid":0,"pos":[657.313904,-185.804779,146.709595],"rotationMatrix":[0.761134386,0.648594022,0.000485277909,-0.648594141,0.761134446,6.42616506e-05,-0.000327682006,-0.000363660161,0.999999881],"scale":0.99999994,"type":"barrierfence_plain"}
{"ctxid":0,"pos":[659.47168,-183.957123,146.711258],"rotationMatrix":[0.761135459,0.648592949,0.0001770003,-0.648592949,0.761135459,6.35007309e-05,-9.35350763e-05,-0.000163133809,1],"scale":0.999999881,"type":"barrierfence_plain"}
{"ctxid":0,"pos":[661.629395,-182.109482,146.711975],"rotationMatrix":[0.761128128,0.648601532,-0.00017728009,-0.648601532,0.761128128,6.27154732e-05,0.000175610228,6.72496317e-05,1],"scale":0.99999994,"type":"barrierfence_plain"}
{"ctxid":0,"pos":[663.78717,-180.26181,146.711548],"rotationMatrix":[0.761136651,0.64859122,-0.000633571646,-0.64859134,0.76113683,6.17166224e-05,0.000522263581,0.000363954314,0.999999821],"scale":0.999999881,"type":"barrierfence_plain"}
{"ctxid":0,"pos":[665.944885,-178.4142,146.709793],"rotationMatrix":[0.761136413,0.648590982,-0.00107173133,-0.64859134,0.761136889,6.06413232e-05,0.000855065649,0.000648959249,0.999999404],"scale":0.999999881,"type":"barrierfence_plain"}
{"ctxid":0,"pos":[668.1026,-176.566589,146.706894],"rotationMatrix":[0.761140347,0.648585618,-0.00144927402,-0.648586214,0.761141181,5.95882011e-05,0.00114175014,0.000894624158,0.999998927],"scale":0.99999994,"type":"barrierfence_plain"}
{"ctxid":0,"pos":[670.260437,-174.718933,146.703003],"rotationMatrix":[0.761138737,0.64858669,-0.00176851638,-0.648587644,0.761139989,5.86748938e-05,0.00138414418,0.00110237813,0.99999845],"scale":0.99999994,"type":"barrierfence_plain"}
{"ctxid":0,"pos":[672.418213,-172.871277,146.698303],"rotationMatrix":[0.761133552,0.648592055,-0.00202430109,-0.648593247,0.761135221,5.82547509e-05,0.00157855032,0.0012686085,0.999997973],"scale":1,"type":"barrierfence_plain"}
{"ctxid":0,"pos":[674.575928,-171.023666,146.692947],"rotationMatrix":[0.761135578,0.648588955,-0.00221703947,-0.648590505,0.761137545,5.79256448e-05,0.00172504177,0.0013938616,0.999997556],"scale":1,"type":"barrierfence_plain"}
{"ctxid":0,"pos":[676.733582,-169.17598,146.687164],"rotationMatrix":[0.761133552,0.648591042,-0.00234484463,-0.64859271,0.761135697,5.75262238e-05,0.00182205602,0.00147706387,0.999997258],"scale":0.99999994,"type":"barrierfence_plain"}
{"ctxid":0,"pos":[678.891418,-167.328369,146.681107],"rotationMatrix":[0.761133552,0.648590744,-0.00239941617,-0.648592532,0.761135817,5.72122517e-05,0.00186338893,0.00151269697,0.999997139],"scale":0.99999994,"type":"barrierfence_plain"}
{"ctxid":0,"pos":[681.049133,-165.480698,146.675003],"rotationMatrix":[0.761133432,0.648590922,-0.00237988937,-0.64859271,0.761135697,5.73882717e-05,0.00184864015,0.00149989873,0.999997139],"scale":0.999999881,"type":"barrierfence_plain"}
{"ctxid":0,"pos":[683.206909,-163.633102,146.669083],"rotationMatrix":[0.761133015,0.648591876,-0.00227211905,-0.648593426,0.761135042,5.7577854e-05,0.00176673406,0.0014298571,0.999997437],"scale":0.99999994,"type":"barrierfence_plain"}
{"ctxid":0,"pos":[685.364624,-161.785431,146.663589],"rotationMatrix":[0.761139393,0.648585021,-0.00207035989,-0.648586333,0.761141062,5.81317581e-05,0.00161353929,0.00129856076,0.999997854],"scale":0.999999881,"type":"barrierfence_plain"}
{"ctxid":0,"pos":[687.522339,-159.93779,146.658844],"rotationMatrix":[0.761132836,0.648593605,-0.00175360439,-0.648594558,0.761134088,5.88221592e-05,0.00137287972,0.00109260669,0.99999845],"scale":0.99999994,"type":"barrierfence_plain"}
{"ctxid":0,"pos":[689.680115,-158.090164,146.655197],"rotationMatrix":[0.761135578,0.648591518,-0.00130354566,-0.648591995,0.761136293,6.00853236e-05,0.00103114685,0.000799736183,0.999999166],"scale":0.99999994,"type":"barrierfence_plain"}
{"ctxid":0,"pos":[691.83783,-156.242508,146.653015],"rotationMatrix":[0.761136949,0.648590803,-0.000692941714,-0.648590922,0.761137128,6.14797464e-05,0.000567298848,0.000402641221,0.999999762],"scale":0.99999994,"type":"barrierfence_plain"}
{"ctxid":0,"pos":[693.995605,-154.394836,146.652649],"rotationMatrix":[0.761141121,0.648586273,-0.000249478209,-0.648586273,0.761141181,6.24497334e-05,0.000230392165,0.00011427507,0.99999994],"scale":1,"type":"barrierfence_plain"}
{"ctxid":0,"pos":[696.15332,-152.547211,146.652634],"rotationMatrix":[0.761134446,0.648594081,-0.000249503239,-0.648594081,0.761134505,6.25038228e-05,0.000230445119,0.000114252514,0.99999994],"scale":0.99999994,"type":"barrierfence_plain"}
{"ctxid":0,"pos":[698.311096,-150.699554,146.652634],"rotationMatrix":[0.761134446,0.648594081,-0.000249503239,-0.648594081,0.761134505,6.25038228e-05,0.000230445119,0.000114252514,0.99999994],"scale":0.99999994,"type":"barrierfence_plain"}
{"ctxid":0,"pos":[700.468811,-148.851929,146.652649],"rotationMatrix":[0.761137903,0.648590028,-0.000249478238,-0.648590028,0.761137903,6.24497334e-05,0.000230391612,0.000114276248,0.99999994],"scale":1,"type":"barrierfence_plain"}
{"ctxid":0,"pos":[702.626465,-147.004257,146.652634],"rotationMatrix":[0.761136651,0.648591518,-0.000249503239,-0.648591518,0.761136651,6.25038083e-05,0.000230445497,0.000114251743,0.99999994],"scale":0.99999994,"type":"barrierfence_plain"}
{"ctxid":0,"pos":[704.784302,-145.156586,146.652634],"rotationMatrix":[0.761139452,0.648588181,-0.000249447156,-0.648588181,0.761139512,6.25954708e-05,0.000230462756,0.000114144612,0.99999994],"scale":0.99999994,"type":"barrierfence_plain"}
{"ctxid":0,"pos":[706.942078,-143.30899,146.652649],"rotationMatrix":[0.761137426,0.648590565,-0.00024937003,-0.648590565,0.761137486,6.24998211e-05,0.00023034167,0.000114168113,0.99999994],"scale":0.99999994,"type":"barrierfence_plain"}
{"ctxid":0,"pos":[709.099792,-141.461349,146.652634],"rotationMatrix":[0.761138499,0.648589313,-0.000249553297,-0.648589313,0.761138558,6.26120018e-05,0.000230554113,0.000114201219,0.99999994],"scale":0.99999994,"type":"barrierfence_plain"}
{"ctxid":0,"pos":[711.257507,-139.613708,146.652649],"rotationMatrix":[0.761134028,0.648594618,-0.000249478151,-0.648594618,0.761134028,6.24497334e-05,0.000230390884,0.000114277573,0.99999994],"scale":0.999999881,"type":"barrierfence_plain"}
{"ctxid":0,"pos":[711.257507,-139.613708,146.652649],"rotationMatrix":[0.761134028,0.648594618,-0.000249478151,-0.648594618,0.761134028,6.24497334e-05,0.000230390884,0.000114277573,0.99999994],"scale":0.999999881,"type":"barrierfence_plain"}
{"ctxid":0,"pos":[735.925232,-7.15434551,151.391205],"rotationMatrix":[-0.988685608,0.14984782,0.00675763749,-0.149835706,-0.98870796,0.00226868037,0.00702128932,0.00123047712,0.999973953],"scale":1,"type":"barrierfence_plain"}
{"ctxid":0,"pos":[738.696899,-7.64002037,151.351013],"rotationMatrix":[-0.980121315,0.197952896,0.0132612893,-0.197970927,-0.980207264,-4.96026842e-05,0.0129890004,-0.00267396797,0.999911368],"scale":1.00000012,"type":"barrierfence_plain"}
{"ctxid":0,"pos":[223.8974,85.9522552,128.78447],"rotationMatrix":[0.794043243,0.60786128,2.03884802e-08,-0.60786128,0.794043243,9.01146109e-08,3.85878458e-08,-8.39482652e-08,1],"scale":1,"type":"barrierfence_plain"}
{"ctxid":0,"pos":[226.181,87.6971817,128.78447],"rotationMatrix":[0.794002831,0.60791409,-1.06205576e-07,-0.60791409,0.794002831,2.90188602e-08,1.01968496e-07,4.15228065e-08,1],"scale":1,"type":"barrierfence_plain"}
{"ctxid":0,"pos":[228.46463,89.4423141,128.784485],"rotationMatrix":[0.79396528,0.607963145,1.06188153e-07,-0.607963145,0.79396528,4.08444123e-09,-8.18265136e-08,-6.78013805e-08,1],"scale":1,"type":"barrierfence_plain"}
{"ctxid":0,"pos":[230.748169,91.1875458,128.78447],"rotationMatrix":[0.793927848,0.608011961,8.50326174e-08,-0.608011961,0.793927848,-7.67384307e-08,-1.14167655e-07,9.22393184e-09,1],"scale":1.00000012,"type":"barrierfence_plain"}
{"ctxid":0,"pos":[233.031403,92.9329071,128.78447],"rotationMatrix":[0.793889165,0.608062506,-1.00161301e-07,-0.608062506,0.793889165,-6.94393023e-08,3.72935425e-08,1.16031437e-07,1],"scale":1.00000012,"type":"barrierfence_plain"}
{"ctxid":0,"pos":[235.314636,94.6784058,128.78447],"rotationMatrix":[0.793853641,0.608108819,-5.8074022e-08,-0.608108819,0.793853641,4.06917309e-08,7.08472783e-08,3.01204928e-09,1],"scale":1.00000012,"type":"barrierfence_plain"}
{"ctxid":0,"pos":[237.597748,96.424057,128.78447],"rotationMatrix":[0.79381597,0.608158052,6.23178451e-08,-0.608158052,0.79381597,-3.90010086e-08,-7.3187671e-08,-6.93947477e-09,1],"scale":1.00000012,"type":"barrierfence_plain"}
{"ctxid":0,"pos":[239.880798,98.1698608,128.78447],"rotationMatrix":[0.793777227,0.608208656,9.26689836e-08,-0.608208656,0.793777227,3.94766673e-08,-4.95484755e-08,-8.76977495e-08,1],"scale":1,"type":"barrierfence_plain"}
{"ctxid":0,"pos":[242.163757,99.915802,128.78447],"rotationMatrix":[0.79374373,0.608252347,-6.91732751e-08,-0.608252347,0.79374373,3.86199162e-09,5.72549155e-08,3.90093753e-08,1],"scale":1,"type":"barrierfence_plain"}
{"ctxid":0,"pos":[244.446503,101.66188,128.78447],"rotationMatrix":[0.793711841,0.608293951,-1.19307387e-07,-0.608293951,0.793711841,-4.53920208e-08,6.70839881e-08,1.08602144e-07,1],"scale":1.00000012,"type":"barrierfence_plain"}
{"ctxid":0,"pos":[246.729218,103.408051,128.78447],"rotationMatrix":[0.793682575,0.608332157,-1.24528739e-07,-0.608332157,0.793682575,1.00984806e-07,1.60268584e-07,-4.39503367e-09,1],"scale":1,"type":"barrierfence_plain"}
{"ctxid":0,"pos":[249.011871,105.154327,128.78447],"rotationMatrix":[0.793656588,0.608366013,1.27471822e-07,-0.608366013,0.793656588,4.40799148e-08,-7.43521227e-08,-1.1253384e-07,1],"scale":1,"type":"barrierfence_plain"}
{"ctxid":0,"pos":[251.294464,106.900696,128.78447],"rotationMatrix":[0.793630719,0.608399749,-1.14297372e-08,-0.608399749,0.793630719,-5.76196548e-08,-2.5984793e-08,5.26825765e-08,1],"scale":1.00000012,"type":"barrierfence_plain"}
{"ctxid":0,"pos":[253.577057,108.647186,128.784485],"rotationMatrix":[0.793604195,0.608434319,-1.02413281e-07,-0.608434319,0.793604195,-9.26957995e-08,2.48763001e-08,1.35875538e-07,1],"scale":1,"type":"barrierfence_plain"}
{"ctxid":0,"pos":[255.859436,110.393784,128.78447],"rotationMatrix":[0.79357928,0.608466864,6.0305922e-08,-0.608466864,0.79357928,5.63892328e-08,-1.35465488e-08,-8.14434813e-08,1],"scale":1,"type":"barrierfence_plain"}
{"ctxid":0,"pos":[258.141876,112.140388,128.78447],"rotationMatrix":[0.793560147,0.608491838,1.76128793e-07,-0.608491838,0.793560147,-1.08942587e-07,-2.06059468e-07,-2.07204494e-08,1],"scale":1,"type":"barrierfence_plain"}
{"ctxid":0,"pos":[260.424042,113.887131,128.78447],"rotationMatrix":[0.793542445,0.608514965,9.41734584e-08,-0.608514965,0.793542445,1.61863881e-07,2.37659492e-08,-1.85751816e-07,1],"scale":1,"type":"barrierfence_plain"}
{"ctxid":0,"pos":[262.706421,115.633919,128.784485],"rotationMatrix":[0.793524146,0.608538806,-3.74519722e-08,-0.608538806,0.793524146,4.52808919e-08,5.72742245e-08,-1.31405002e-08,1],"scale":1,"type":"barrierfence_plain"}
{"ctxid":0,"pos":[264.988586,117.380783,128.784485],"rotationMatrix":[0.793508887,0.608558595,7.86688759e-09,-0.608558595,0.793508887,1.04436531e-07,5.73133079e-08,-8.76587833e-08,1],"scale":1,"type":"barrierfence_plain"}
{"ctxid":0,"pos":[267.270691,119.127655,128.78447],"rotationMatrix":[0.793500304,0.608569801,8.43867909e-08,-0.608569801,0.793500304,1.02139516e-07,-4.80191886e-09,-1.32402988e-07,1],"scale":1,"type":"barrierfence_plain"}
{"ctxid":0,"pos":[269.552948,120.874619,128.78447],"rotationMatrix":[0.793494642,0.608577192,3.26653833e-08,-0.608577192,0.793494642,-1.63403598e-07,-1.25363513e-07,1.09780473e-07,1],"scale":1,"type":"barrierfence_plain"}
{"ctxid":0,"pos":[271.835052,122.621552,128.78447],"rotationMatrix":[0.793491066,0.608581901,2.08332711e-08,-0.608581901,0.793491066,-6.04647852e-08,-5.33287903e-08,3.52995109e-08,1],"scale":1,"type":"barrierfence_plain"}
{"ctxid":0,"pos":[274.117157,124.3685,128.784485],"rotationMatrix":[0.793490469,0.608582735,1.3340123e-07,-0.608582735,0.793490469,3.95305904e-08,-8.17949797e-08,-1.12552826e-07,1],"scale":1,"type":"barrierfence_plain"}
{"ctxid":0,"pos":[276.399384,126.115456,128.784485],"rotationMatrix":[0.793493927,0.608578146,9.58373363e-08,-0.608578146,0.793493927,5.58176367e-08,-4.20769481e-08,-1.02615459e-07,1],"scale":1.00000012,"type":"barrierfence_plain"}
{"ctxid":0,"pos":[278.681519,127.862396,128.78447],"rotationMatrix":[0.793501973,0.608567715,-2.60045319e-09,-0.608567715,0.793501973,-7.05975722e-08,-4.08999412e-08,5.76018593e-08,1],"scale":1,"type":"barrierfence_plain"}
{"ctxid":0,"pos":[280.963745,129.609253,128.78447],"rotationMatrix":[0.793515086,0.608550549,-1.75361716e-08,-0.608550549,0.793515086,-5.13573148e-08,-1.73383032e-08,5.1424454e-08,1],"scale":1,"type":"barrierfence_plain"}
{"ctxid":0,"pos":[283.24588,131.356094,128.784485],"rotationMatrix":[0.793533564,0.608526528,-2.7593677e-07,-0.608526528,0.793533564,1.6067419e-07,3.16739602e-07,4.04144771e-08,1],"scale":1,"type":"barrierfence_plain"}
{"ctxid":0,"pos":[285.528168,133.102798,128.78447],"rotationMatrix":[0.793557644,0.608495116,-6.04542265e-08,-0.608495116,0.793557644,9.88569724e-08,1.08127892e-07,-4.16626023e-08,1],"scale":1,"type":"barrierfence_plain"}
{"ctxid":0,"pos":[287.810577,134.849503,128.78447],"rotationMatrix":[0.793584049,0.608460605,-4.14160262e-10,-0.608460605,0.793584049,2.00100612e-08,1.25040058e-08,-1.56276645e-08,1],"scale":1,"type":"barrierfence_plain"}
{"ctxid":0,"pos":[290.092987,136.596054,128.78447],"rotationMatrix":[0.793617845,0.608416617,-1.20067696e-07,-0.608416617,0.793617845,-1.1989809e-07,2.23398864e-08,1.68204451e-07,1],"scale":1.00000012,"type":"barrierfence_plain"}
{"ctxid":0,"pos":[292.375549,138.342422,128.78447],"rotationMatrix":[0.793658316,0.608363807,2.70256155e-08,-0.608363807,0.793658316,-6.670939e-08,-6.2032683e-08,3.6503053e-08,1],"scale":1.00000012,"type":"barrierfence_plain"}
{"ctxid":0,"pos":[294.658203,140.088684,128.78447],"rotationMatrix":[0.793703854,0.608304322,1.38597812e-07,-0.608304322,0.793703854,6.68212863e-08,-6.93579381e-08,-1.37345964e-07,1],"scale":1,"type":"barrierfence_plain"}
{"ctxid":0,"pos":[296.94104,141.834747,128.78447],"rotationMatrix":[0.793760002,0.608231068,-9.37487812e-08,-0.608231068,0.793760002,-1.44663218e-07,-1.35746419e-08,1.71848811e-07,1],"scale":1,"type":"barrierfence_plain"}
{"ctxid":0,"pos":[299.22403,143.580521,128.78447],"rotationMatrix":[0.793821335,0.608151078,5.38147411e-08,-0.608151078,0.793821335,1.05176952e-07,2.12441869e-08,-1.16219198e-07,1],"scale":1,"type":"barrierfence_plain"}
{"ctxid":0,"pos":[301.507111,145.326126,128.784485],"rotationMatrix":[0.79388845,0.6080634,-4.96646813e-08,-0.6080634,0.79388845,1.37475979e-07,1.23022332e-07,-7.89413122e-08,1],"scale":1,"type":"barrierfence_plain"}
{"ctxid":0,"pos":[303.790436,147.071457,128.78447],"rotationMatrix":[0.793961525,0.607968032,-7.37563468e-08,-0.607968032,0.793961525,-5.52206743e-08,2.4987294e-08,8.86845939e-08,1],"scale":1,"type":"barrierfence_plain"}
{"ctxid":0,"pos":[306.074127,148.816498,128.784485],"rotationMatrix":[0.794047296,0.607855976,-1.17936956e-07,-0.607855976,0.794047296,1.4438217e-07,1.81411082e-07,-4.29575948e-08,1],"scale":1,"type":"barrierfence_plain"}
{"ctxid":0,"pos":[308.357941,150.561203,128.784485],"rotationMatrix":[0.794139028,0.607736111,2.98864862e-08,-0.607736111,0.794139028,1.78172144e-07,8.45476222e-08,-1.59656537e-07,1],"scale":1.00000012,"type":"barrierfence_plain"}
{"ctxid":0,"pos":[310.64212,152.305542,128.78447],"rotationMatrix":[0.794240296,0.607603788,5.26653068e-08,-0.607603788,0.794240296,-3.3096029e-08,-6.19381808e-08,-5.71344039e-09,1],"scale":1,"type":"barrierfence_plain"}
{"ctxid":0,"pos":[312.926453,154.049469,128.78447],"rotationMatrix":[0.794353724,0.607455492,-1.80659114e-07,-0.607455492,0.794353724,-2.343997e-08,1.29268514e-07,1.28362004e-07,1],"scale":1,"type":"barrierfence_plain"}
{"ctxid":0,"pos":[315.211243,155.792969,128.784485],"rotationMatrix":[0.794473946,0.607298255,-2.69913549e-08,-0.607298255,0.794473946,1.26323613e-07,9.81600294e-08,-8.39690131e-08,1],"scale":1,"type":"barrierfence_plain"}
{"ctxid":0,"pos":[317.496277,157.536072,128.78447],"rotationMatrix":[0.794600248,0.607132971,-1.62544424e-07,-0.607132971,0.794600248,1.99126049e-10,1.29278746e-07,9.8527849e-08,1],"scale":1,"type":"barrierfence_plain"}
{"ctxid":0,"pos":[319.781799,159.278534,128.784485],"rotationMatrix":[0.794744313,0.606944382,-4.88430878e-08,-0.606944382,0.794744313,1.03898898e-07,1.01878612e-07,-5.29280193e-08,1],"scale":1,"type":"barrierfence_plain"}
{"ctxid":0,"pos":[322.067719,161.020493,128.78447],"rotationMatrix":[0.79489851,0.606742382,4.06528748e-08,-0.606742382,0.79489851,4.25406466e-09,-2.97337888e-08,-2.80473706e-08,1],"scale":1.00000012,"type":"barrierfence_plain"}
{"ctxid":0,"pos":[324.354034,162.761887,128.784485],"rotationMatrix":[0.795060515,0.60653007,-1.30133685e-07,-0.60653007,0.795060515,-1.68228063e-08,9.32606099e-08,9.23051431e-08,1],"scale":1,"type":"barrierfence_plain"}
{"ctxid":0,"pos":[326.6409,164.502625,128.78447],"rotationMatrix":[0.795231283,0.606306195,-2.38091644e-08,-0.606306195,0.795231283,2.22082619e-08,3.23987983e-08,-3.22506022e-09,1],"scale":1,"type":"barrierfence_plain"}
{"ctxid":0,"pos":[328.928253,166.242645,128.784485],"rotationMatrix":[0.795415401,0.606064618,-5.01761477e-09,-0.606064618,0.795415401,-1.31125873e-07,-7.54796616e-08,1.0734054e-07,1],"scale":1,"type":"barrierfence_plain"}
{"ctxid":0,"pos":[331.216034,167.98201,128.784485],"rotationMatrix":[0.795610905,0.60580802,-9.3620443e-08,-0.60580802,0.795610905,1.59811165e-07,1.71300329e-07,-7.04314971e-08,1],"scale":1.00000012,"type":"barrierfence_plain"}
{"ctxid":0,"pos":[333.504578,169.720657,128.78447],"rotationMatrix":[0.79581809,0.605535746,8.66309549e-08,-0.605535746,0.79581809,-8.97620112e-09,-7.4377887e-08,-4.53147138e-08,1],"scale":1.00000012,"type":"barrierfence_plain"}
{"ctxid":0,"pos":[335.79364,171.458359,128.78447],"rotationMatrix":[0.796038926,0.605245411,9.53542738e-08,-0.605245411,0.796038926,-3.43475826e-08,-9.66944285e-08,-3.03707246e-08,1],"scale":1,"type":"barrierfence_plain"}
{"ctxid":0,"pos":[338.083313,173.195328,128.78447],"rotationMatrix":[0.796271026,0.604940057,8.91173713e-08,-0.604940057,0.796271026,-4.05202023e-08,-9.54738724e-08,-2.16456009e-08,1],"scale":1.00000012,"type":"barrierfence_plain"}
{"ctxid":0,"pos":[340.373718,174.931458,128.795105],"rotationMatrix":[0.79654485,0.604579449,4.59832101e-08,-0.604579449,0.79654485,1.21930142e-07,3.70887641e-08,-1.24923318e-07,1],"scale":1,"type":"barrierfence_plain"}
{"ctxid":0,"pos":[342.667847,176.660843,128.786743],"rotationMatrix":[0.802149296,0.597123563,3.13066444e-08,-0.597123563,0.802149296,4.40077734e-08,1.16547483e-09,-5.39947358e-08,1],"scale":1,"type":"barrierfence_plain"}
{"ctxid":0,"pos":[344.981995,178.361343,128.773315],"rotationMatrix":[0.815294147,0.579047024,1.61566636e-08,-0.579047024,0.815294147,1.04876229e-07,4.75558366e-08,-9.48604466e-08,1],"scale":1,"type":"barrierfence_plain"}
{"ctxid":0,"pos":[347.344757,179.991165,128.759445],"rotationMatrix":[0.832184792,0.554498434,2.48770817e-08,-0.554498434,0.832184792,7.31013543e-08,1.98322567e-08,-7.46281401e-08,1],"scale":1,"type":"barrierfence_plain"}
{"ctxid":0,"pos":[349.755768,181.547806,128.7453],"rotationMatrix":[0.850538194,0.525913298,-2.08520873e-07,-0.525913298,0.850538194,-2.05753395e-07,6.91465232e-08,2.8466502e-07,1],"scale":1.00000012,"type":"barrierfence_plain"}
{"ctxid":0,"pos":[352.225494,183.009613,128.736664],"rotationMatrix":[0.868706226,0.495327681,-7.40539097e-09,-0.495327681,0.868706226,-2.60423967e-08,-6.46641052e-09,2.62912856e-08,1],"scale":1,"type":"barrierfence_plain"}
{"ctxid":0,"pos":[354.737152,184.397736,128.729187],"rotationMatrix":[0.886302352,0.463107079,1.60945334e-07,-0.463107079,0.886302352,4.74022386e-08,-1.20693912e-07,-1.16547639e-07,1],"scale":1.00000012,"type":"barrierfence_plain"}
{"ctxid":0,"pos":[357.306885,185.674927,128.729187],"rotationMatrix":[0.903394341,0.428810775,3.99224831e-08,-0.428810775,0.903394341,-1.82691466e-07,-1.14405807e-07,1.47923245e-07,1],"scale":1,"type":"barrierfence_plain"}
{"ctxid":0,"pos":[359.922424,186.854507,128.737122],"rotationMatrix":[0.919672847,0.392685503,7.81769103e-08,-0.392685503,0.919672847,-1.00399973e-07,-1.11322791e-07,6.16361859e-08,1],"scale":1,"type":"barrierfence_plain"}
{"ctxid":0,"pos":[362.580811,187.933792,128.747253],"rotationMatrix":[0.934950173,0.354779035,3.28566259e-08,-0.354779035,0.934950173,-1.53186974e-09,-3.12627861e-08,-1.02246203e-08,1],"scale":1.00000012,"type":"barrierfence_plain"}
{"ctxid":0,"pos":[365.283386,188.896805,128.757248],"rotationMatrix":[0.949080408,0.315033942,-3.87113346e-08,-0.315033942,0.949080408,1.49438328e-09,3.72109525e-08,1.07770948e-08,1],"scale":1,"type":"barrierfence_plain"}
{"ctxid":0,"pos":[368.023499,189.746323,128.75853],"rotationMatrix":[0.96183753,0.273621321,3.9734104e-08,-0.273621321,0.96183753,2.30392452e-08,-3.19137214e-08,-3.30321086e-08,1],"scale":1.00000012,"type":"barrierfence_plain"}
{"ctxid":0,"pos":[370.799438,190.470154,128.757812],"rotationMatrix":[0.973048747,0.230599582,-9.43206899e-08,-0.230599582,0.973048747,8.57907452e-08,1.11561938e-07,-6.17282581e-08,1],"scale":0.99999994,"type":"barrierfence_plain"}
{"ctxid":0,"pos":[373.603638,191.074127,128.752655],"rotationMatrix":[0.982508957,0.186215356,5.44201413e-08,-0.186215356,0.982508957,-3.40496662e-08,-5.98088477e-08,2.33202364e-08,1],"scale":1.00000012,"type":"barrierfence_plain"}
{"ctxid":0,"pos":[376.432281,191.550354,128.746796],"rotationMatrix":[0.990064085,0.140617013,-4.73974779e-08,-0.140617013,0.990064085,3.23332756e-08,5.14731511e-08,-2.53471235e-08,1],"scale":0.99999994,"type":"barrierfence_plain"}
{"ctxid":0,"pos":[379.281342,191.883957,128.742218],"rotationMatrix":[0.99557513,0.0939691663,-7.51292575e-08,-0.0939691663,0.99557513,-6.63585951e-08,6.85611568e-08,7.31247951e-08,1],"scale":1,"type":"barrierfence_plain"}
{"ctxid":0,"pos":[382.14212,192.089478,128.740921],"rotationMatrix":[0.998913229,0.0466086343,1.08452475e-07,-0.0466086343,0.998913229,5.09267011e-08,-1.05960986e-07,-5.59261792e-08,1],"scale":1.00000012,"type":"barrierfence_plain"}
{"ctxid":0,"pos":[385.009338,192.165466,128.735046],"rotationMatrix":[0.999999225,-0.00122991367,1.60998013e-07,0.00122991367,0.999999225,1.37147495e-07,-1.61166582e-07,-1.36949367e-07,1],"scale":1,"type":"barrierfence_plain"}
{"ctxid":0,"pos":[387.876923,192.093903,128.735046],"rotationMatrix":[0.998782933,-0.0493222848,7.01584923e-08,0.0493222848,0.998782933,6.14559497e-08,-7.31042462e-08,-5.79207722e-08,1],"scale":1,"type":"barrierfence_plain"}
{"ctxid":0,"pos":[390.737183,191.880875,128.735046],"rotationMatrix":[0.995248377,-0.0973688513,6.37601829e-08,0.0973688513,0.995248377,5.37235287e-08,-6.86882231e-08,-4.72599986e-08,1],"scale":1.00000012,"type":"barrierfence_plain"}
{"ctxid":0,"pos":[393.585358,191.542603,128.73555],"rotationMatrix":[0.989413023,-0.145127147,8.60476561e-08,0.145127147,0.989413023,1.53212838e-07,-1.0737201e-07,-1.39102937e-07,1],"scale":1.00000024,"type":"barrierfence_plain"}
{"ctxid":0,"pos":[396.413147,191.062317,128.740921],"rotationMatrix":[0.981324852,-0.192357883,-6.83833861e-08,0.192357883,0.981324852,9.32410131e-08,4.91706729e-08,-1.04653807e-07,1],"scale":1.00000024,"type":"barrierfence_plain"}
{"ctxid":0,"pos":[399.214233,190.444427,128.738632],"rotationMatrix":[0.971059501,-0.23883763,1.04475021e-07,0.23883763,0.971059501,2.45759111e-07,-1.60147977e-07,-2.1369415e-07,1],"scale":1,"type":"barrierfence_plain"}
{"ctxid":0,"pos":[401.983856,189.698029,128.735046],"rotationMatrix":[0.958706856,-0.284396112,2.73822813e-08,0.284396112,0.958706856,2.12051361e-07,-8.65581598e-08,-1.95507681e-07,1],"scale":0.99999994,"type":"barrierfence_plain"}
{"ctxid":0,"pos":[404.713501,188.817093,128.727936],"rotationMatrix":[0.944384456,-0.328843445,-9.31996595e-08,0.328843445,0.944384456,-1.12414256e-07,1.24983004e-07,7.55141798e-08,1],"scale":1,"type":"barrierfence_plain"}
{"ctxid":0,"pos":[407.403503,187.820404,128.718018],"rotationMatrix":[0.928185582,-0.372117579,-5.04331084e-08,0.372117579,0.928185582,-8.07403477e-09,4.98157746e-08,-1.12728449e-08,1],"scale":1.00000024,"type":"barrierfence_plain"}
{"ctxid":0,"pos":[410.042755,186.696228,128.708389],"rotationMatrix":[0.910252154,-0.414054334,1.02722908e-07,0.414054334,0.910252154,-6.44783213e-08,-6.68062228e-08,1.01224394e-07,1],"scale":1.00000012,"type":"barrierfence_plain"}
{"ctxid":0,"pos":[412.624847,185.446167,128.69397],"rotationMatrix":[0.890710711,-0.454570651,9.47257561e-08,0.454570651,0.890710711,-9.9968851e-09,-7.98289577e-08,5.19638839e-08,1],"scale":1.00000012,"type":"barrierfence_plain"}
{"ctxid":0,"pos":[415.149963,184.085251,128.684296],"rotationMatrix":[0.869649529,-0.493669599,7.23744407e-08,0.493669599,0.869649529,-1.46505641e-07,9.38499767e-09,1.63137628e-07,1],"scale":1.00000012,"type":"barrierfence_plain"}
{"ctxid":0,"pos":[417.619324,182.624878,128.676361],"rotationMatrix":[0.847149193,-0.531355143,-4.32716867e-08,0.531355143,0.847149193,1.29933966e-07,-3.23835145e-08,-1.33066095e-07,1],"scale":1.00000024,"type":"barrierfence_plain"}
{"ctxid":0,"pos":[420.020111,181.053894,128.676361],"rotationMatrix":[0.823342204,-0.567545235,-1.90156291e-09,0.567545235,0.823342204,-1.54375197e-08,1.03271276e-08,1.16311396e-08,1],"scale":1.00000012,"type":"barrierfence_plain"}
{"ctxid":0,"pos":[422.341095,179.367325,128.679123],"rotationMatrix":[0.798333168,-0.602216005,-2.66364708e-08,0.602216005,0.798333168,-3.74370579e-08,4.38099761e-08,1.38463383e-08,1],"scale":1.00000012,"type":"barrierfence_plain"}
{"ctxid":0,"pos":[424.595734,177.593369,128.682251],"rotationMatrix":[0.772119462,-0.635477424,-1.39682346e-08,0.635477424,0.772119462,1.27887233e-07,-7.04842975e-08,-1.07620714e-07,1],"scale":1.00000012,"type":"barrierfence_plain"}
{"ctxid":0,"pos":[426.781525,175.73494,128.676361],"rotationMatrix":[0.74475944,-0.667333007,1.29478668e-08,0.667333007,0.74475944,7.96120361e-08,-6.27707877e-08,-5.06512805e-08,1],"scale":1.00000024,"type":"barrierfence_plain"}
{"ctxid":0,"pos":[428.879272,173.777054,128.664642],"rotationMatrix":[0.716341019,-0.69775039,-2.70808886e-08,0.69775039,0.716341019,8.12644032e-08,-3.73031241e-08,-7.7108723e-08,1],"scale":0.99999994,"type":"barrierfence_plain"}
{"ctxid":0,"pos":[430.888,171.728226,128.657822],"rotationMatrix":[0.686878085,-0.726772726,3.64052894e-08,0.726772726,0.686878085,-7.41641699e-08,2.88944975e-08,7.74001094e-08,1],"scale":1,"type":"barrierfence_plain"}
{"ctxid":0,"pos":[432.819031,169.606339,128.651642],"rotationMatrix":[0.656355083,-0.754452109,1.85140152e-07,0.754452109,0.656355083,-4.01562517e-09,-1.18488082e-07,1.42315059e-07,1],"scale":1.00000024,"type":"barrierfence_plain"}
{"ctxid":0,"pos":[434.660492,167.406052,128.647018],"rotationMatrix":[0.624798775,-0.780785799,8.359482e-08,0.780785799,0.624798775,-2.94740339e-08,-2.92170341e-08,8.36849949e-08,1],"scale":0.99999994,"type":"barrierfence_plain"}
{"ctxid":0,"pos":[436.4104,165.132111,128.652893],"rotationMatrix":[0.592209578,-0.805783987,-5.26046513e-08,0.805783987,0.592209578,-8.33830569e-08,9.83417152e-08,6.99226277e-09,1],"scale":1.00000012,"type":"barrierfence_plain"}
{"ctxid":0,"pos":[438.062744,162.786331,128.66037],"rotationMatrix":[0.558570862,-0.829456806,-1.51374735e-09,0.829456806,0.558570862,-1.28905356e-07,1.07766965e-07,7.07471841e-08,1],"scale":1.00000012,"type":"barrierfence_plain"}
{"ctxid":0,"pos":[439.617096,160.37471,128.666046],"rotationMatrix":[0.523860455,-0.851804078,-6.8393291e-11,0.851804078,0.523860455,1.18321559e-07,-1.00750967e-07,-6.20422398e-08,1],"scale":1,"type":"barrierfence_plain"}
{"ctxid":0,"pos":[441.068756,157.900085,128.674011],"rotationMatrix":[0.488061666,-0.872809172,6.70313369e-08,0.872809172,0.488061666,7.44059392e-08,-9.76576047e-08,2.21908678e-08,1],"scale":1.00000012,"type":"barrierfence_plain"}
{"ctxid":0,"pos":[442.42691,155.372589,128.677094],"rotationMatrix":[0.451191664,-0.892427087,2.9112897e-08,0.892427087,0.451191664,-5.57297355e-08,3.6599225e-08,5.11259302e-08,1],"scale":1,"type":"barrierfence_plain"}
{"ctxid":0,"pos":[443.672943,152.787949,128.682236],"rotationMatrix":[0.413190007,-0.910644829,1.20116127e-07,0.910644829,0.413190007,5.10546165e-08,-9.61234008e-08,8.82878766e-08,1],"scale":1.00000036,"type":"barrierfence_plain"}
{"ctxid":0,"pos":[444.793701,150.146942,128.688095],"rotationMatrix":[0.373992383,-0.927431762,-2.56125816e-07,0.927431762,0.373992383,-3.19688382e-08,1.25437992e-07,-2.25583122e-07,1],"scale":1.00000024,"type":"barrierfence_plain"}
{"ctxid":0,"pos":[445.811615,147.464859,128.682236],"rotationMatrix":[0.333688617,-0.942683339,-4.5543576e-08,0.942683339,0.333688617,5.15775511e-08,-3.34239267e-08,-6.01440107e-08,1],"scale":1.00000024,"type":"barrierfence_plain"}
{"ctxid":0,"pos":[446.724182,144.744919,128.677795],"rotationMatrix":[0.292300403,-0.956326544,-1.63718795e-07,0.956326544,0.292300403,4.39306689e-08,5.84300608e-09,-1.69409589e-07,1],"scale":1.00000012,"type":"barrierfence_plain"}
{"ctxid":0,"pos":[447.503998,141.983887,128.676361],"rotationMatrix":[0.249734342,-0.96831435,-2.13727507e-08,0.96831435,0.249734342,-5.7150821e-08,6.06774719e-08,-6.42302389e-09,1],"scale":1.00000012,"type":"barrierfence_plain"}
{"ctxid":0,"pos":[448.151184,139.189133,128.676361],"rotationMatrix":[0.206024885,-0.978546739,-4.68070738e-08,0.978546739,0.206024885,-4.35937366e-08,5.23019281e-08,-3.68215183e-08,1],"scale":1.00000012,"type":"barrierfence_plain"}
{"ctxid":0,"pos":[448.684052,136.370636,128.669739],"rotationMatrix":[0.16133672,-0.986899436,1.94379766e-07,0.986899436,0.16133672,6.98949378e-08,-1.00339861e-07,1.80556654e-07,1],"scale":1,"type":"barrierfence_plain"}
{"ctxid":0,"pos":[449.091736,133.531204,128.658936],"rotationMatrix":[0.11571306,-0.993282676,-2.42926546e-07,0.993282676,0.11571306,1.55672268e-07,-1.26516795e-07,-2.59308052e-07,1],"scale":1.00000024,"type":"barrierfence_plain"}
{"ctxid":0,"pos":[449.36026,130.675201,128.652893],"rotationMatrix":[0.0692041516,-0.997602522,-2.40478983e-07,0.997602522,0.0692041516,1.00994512e-07,-8.41102263e-08,-2.46891716e-07,1],"scale":1.00000024,"type":"barrierfence_plain"}
{"ctxid":0,"pos":[449.489532,127.809647,128.647018],"rotationMatrix":[0.0219528675,-0.999759018,-1.39240001e-07,0.999759018,0.0219528675,-1.88670271e-08,2.19192025e-08,-1.38792259e-07,1],"scale":1.00000012,"type":"barrierfence_plain"}
{"ctxid":0,"pos":[449.491577,124.941483,128.643738],"rotationMatrix":[-0.0258197784,-0.999666631,-9.12808744e-08,0.999666631,-0.0258197784,3.32276677e-08,-3.55734429e-08,-9.03925184e-08,1],"scale":0.99999994,"type":"barrierfence_plain"}
{"ctxid":0,"pos":[449.349487,122.076706,128.641144],"rotationMatrix":[-0.0739798546,-0.997259796,-2.76987979e-08,0.997259796,-0.0739798546,-3.26964837e-08,3.05577323e-08,-3.00417753e-08,1],"scale":1.00000012,"type":"barrierfence_plain"}
{"ctxid":0,"pos":[449.076202,119.221519,128.641144],"rotationMatrix":[-0.122277617,-0.992495894,-7.00658447e-08,0.992495894,-0.122277617,7.40907069e-08,-8.21022113e-08,-6.04804313e-08,1],"scale":0.99999994,"type":"barrierfence_plain"}
{"ctxid":0,"pos":[448.659698,116.383621,128.654266],"rotationMatrix":[-0.170500278,-0.985357642,-5.34949196e-09,0.985357642,-0.170500278,-1.1986617e-08,1.0899015e-08,-7.31488381e-09,1],"scale":0.99999994,"type":"barrierfence_plain"}
{"ctxid":0,"pos":[448.098541,113.571152,128.641144],"rotationMatrix":[-0.218371511,-0.975865722,-2.67436118e-08,0.975865722,-0.218371511,-3.7080099e-08,3.03451557e-08,-3.41954092e-08,1],"scale":1.00000012,"type":"barrierfence_plain"}
{"ctxid":0,"pos":[447.412598,110.78614,128.651215],"rotationMatrix":[-0.265646458,-0.964070559,7.04595138e-08,0.964070559,-0.265646458,1.32574144e-07,-1.09093499e-07,1.03145787e-07,1],"scale":1.00000012,"type":"barrierfence_plain"}
{"ctxid":0,"pos":[446.591614,108.037819,128.661469],"rotationMatrix":[-0.312055588,-0.950063765,3.87196479e-08,0.950063765,-0.312055588,-1.02645515e-07,1.09602482e-07,4.75502659e-09,1],"scale":0.99999994,"type":"barrierfence_plain"}
{"ctxid":0,"pos":[445.627655,105.336456,128.683228],"rotationMatrix":[-0.357303381,-0.933988333,3.41542616e-08,0.933988333,-0.357303381,-1.65940747e-07,1.67190166e-07,-2.73915219e-08,1],"scale":1,"type":"barrierfence_plain"}
{"ctxid":0,"pos":[444.541809,102.681831,128.670502],"rotationMatrix":[-0.401214719,-0.915984035,-3.21194626e-10,0.915984035,-0.401214719,3.08571231e-08,-2.83935009e-08,1.20861223e-08,1],"scale":1.00000024,"type":"barrierfence_plain"}
{"ctxid":0,"pos":[443.338562,100.077766,128.677307],"rotationMatrix":[-0.443607211,-0.89622134,-4.67972008e-08,0.89622134,-0.443607211,2.27123618e-08,-4.11148768e-08,-3.18652837e-08,1],"scale":1,"type":"barrierfence_plain"}
{"ctxid":0,"pos":[442.006989,97.537117,128.68512],"rotationMatrix":[-0.484190583,-0.874962449,-1.92222629e-08,0.874962449,-0.484190583,-7.5088991e-08,5.6392814e-08,-5.31761479e-08,1],"scale":1.00000024,"type":"barrierfence_plain"}
{"ctxid":0,"pos":[440.563263,95.0583038,128.693604],"rotationMatrix":[-0.522897601,-0.852395475,-2.23252528e-09,0.852395475,-0.522897601,9.01814801e-08,-7.80376652e-08,4.52526834e-08,1],"scale":1,"type":"barrierfence_plain"}
{"ctxid":0,"pos":[439.01355,92.6441193,128.69397],"rotationMatrix":[-0.559638739,-0.828736663,5.80762318e-08,0.828736663,-0.559638739,6.92750213e-09,2.67606364e-08,5.20068042e-08,1],"scale":1.00000012,"type":"barrierfence_plain"}
