{"ctxid":0,"pos":[653.935425,623.785156,125.453979],"rotationMatrix":[0.665239215,0.74120903,0.0898107067,-0.742073059,0.669647992,-0.0299856849,-0.082367219,-0.0466984548,0.99550736],"scale":1.00000024,"type":"barrierfence_folk"}
{"ctxid":0,"pos":[652.018982,621.657104,125.170113],"rotationMatrix":[0.665157199,0.741123676,0.0911131427,-0.74174571,0.669841111,-0.0335581563,-0.0859020725,-0.0452613421,0.995274961],"scale":1,"type":"barrierfence_folk"}
{"ctxid":0,"pos":[650.102966,619.529175,124.870338],"rotationMatrix":[0.665077388,0.7410447,0.0923299193,-0.741394103,0.670034289,-0.0372677222,-0.0894812644,-0.0436669365,0.99503082],"scale":1.00000012,"type":"barrierfence_folk"}
{"ctxid":0,"pos":[648.187256,617.401245,124.574921],"rotationMatrix":[0.665031493,0.740948796,0.0934237391,-0.740990281,0.670254827,-0.041131489,-0.093094036,-0.0418723524,0.994776487],"scale":0.99999994,"type":"barrierfence_folk"}
{"ctxid":0,"pos":[646.271667,615.273804,124.291435],"rotationMatrix":[0.664993644,0.74086684,0.0943387821,-0.74056071,0.67046994,-0.0451646037,-0.0967122689,-0.0398294292,0.994515121],"scale":1.00000012,"type":"barrierfence_folk"}
{"ctxid":0,"pos":[644.356262,613.146362,124.008377],"rotationMatrix":[0.6649701,0.740801156,0.0950180441,-0.740103543,0.670677543,-0.0493798703,-0.100307137,-0.0374870524,0.994250059],"scale":1.00000012,"type":"barrierfence_folk"}
{"ctxid":0,"pos":[642.440918,611.019043,123.714943],"rotationMatrix":[0.664982498,0.740742564,0.0953873545,-0.73960495,0.670888186,-0.0537917651,-0.103840098,-0.0347783826,0.993985772],"scale":1.00000012,"type":"barrierfence_folk"}
{"ctxid":0,"pos":[640.525696,608.891724,123.427376],"rotationMatrix":[0.665035784,0.74070704,0.0952915549,-0.739072204,0.671086371,-0.0584405996,-0.107236221,-0.0315622501,0.993732452],"scale":1,"type":"barrierfence_folk"}
{"ctxid":0,"pos":[638.610168,606.764526,123.14415],"rotationMatrix":[0.66515106,0.740689814,0.0946187899,-0.738498747,0.671273828,-0.0633328035,-0.110425077,-0.0277499687,0.993496954],"scale":1,"type":"barrierfence_folk"}
{"ctxid":0,"pos":[636.694031,604.637329,122.86319],"rotationMatrix":[0.665393054,0.740672588,0.0930386856,-0.737857938,0.671470165,-0.0685092062,-0.113215588,-0.0230637733,0.993302703],"scale":1,"type":"barrierfence_folk"}
{"ctxid":0,"pos":[634.777344,602.509766,122.588051],"rotationMatrix":[0.665682077,0.740886509,0.0891887993,-0.737885058,0.671344638,-0.0694409013,-0.111324251,-0.01958552,0.99359113],"scale":1.00000024,"type":"barrierfence_folk"}
{"ctxid":0,"pos":[632.859497,600.381226,122.316528],"rotationMatrix":[0.66612196,0.741066158,0.0842761919,-0.73797518,0.671243191,-0.0694640055,-0.108047239,-0.0159222353,0.994018257],"scale":1.00000024,"type":"barrierfence_folk"}
{"ctxid":0,"pos":[630.940063,598.252441,122.050606],"rotationMatrix":[0.66661793,0.74123466,0.0786875337,-0.738063931,0.671143055,-0.0694879889,-0.104317501,-0.0117544886,0.99447459],"scale":0.99999994,"type":"barrierfence_folk"}
{"ctxid":0,"pos":[629.018982,596.123047,121.801346],"rotationMatrix":[0.667206049,0.741348445,0.0723776966,-0.738115966,0.671083331,-0.0695126355,-0.100104555,-0.00704387948,0.994951963],"scale":1.00000012,"type":"barrierfence_folk"}
{"ctxid":0,"pos":[627.095947,593.993164,121.567482],"rotationMatrix":[0.667885244,0.741393626,0.0653052926,-0.73812753,0.671068072,-0.0695368499,-0.0953784734,-0.00176099688,0.995439529],"scale":1.00000024,"type":"barrierfence_folk"}
{"ctxid":0,"pos":[625.170715,591.863525,121.352921],"rotationMatrix":[0.668686748,0.741316795,0.0575098917,-0.738057375,0.671142936,-0.06955944,-0.0901629403,0.00406787917,0.995918691],"scale":1.00000024,"type":"barrierfence_folk"}
{"ctxid":0,"pos":[623.242981,589.733887,121.167496],"rotationMatrix":[0.669622123,0.741069853,0.0492109507,-0.737867892,0.671349227,-0.0695789307,-0.0846005827,0.0102804042,0.996361911],"scale":1.00000012,"type":"barrierfence_folk"}
{"ctxid":0,"pos":[621.312134,587.605225,121.011368],"rotationMatrix":[0.670659602,0.740640879,0.0408267826,-0.737549901,0.671696961,-0.0695937425,-0.0789671913,0.0165619198,0.996739626],"scale":1.00000012,"type":"barrierfence_folk"}
{"ctxid":0,"pos":[619.378113,585.477905,120.889694],"rotationMatrix":[0.671792924,0.73999989,0.0330824032,-0.737058997,0.672234714,-0.0696028098,-0.073745206,0.0223749969,0.997026086],"scale":1,"type":"barrierfence_folk"}
{"ctxid":0,"pos":[617.440674,583.352661,120.779587],"rotationMatrix":[0.673031569,0.739184618,0.0251905415,-0.736443758,0.672908187,-0.0696079582,-0.0684040561,0.02829694,0.997256339],"scale":1,"type":"barrierfence_folk"}
{"ctxid":0,"pos":[615.499146,581.229614,120.681694],"rotationMatrix":[0.674283743,0.738317966,0.0151005592,-0.735901833,0.673500776,-0.0696081519,-0.0615631863,0.0358231105,0.997460127],"scale":1,"type":"barrierfence_folk"}
{"ctxid":0,"pos":[613.554321,579.108887,120.591705],"rotationMatrix":[0.675424814,0.737416923,0.00420174934,-0.735437572,0.674008429,-0.0696007758,-0.0541568026,0.0439199656,0.997566104],"scale":1.00000024,"type":"barrierfence_folk"}
{"ctxid":0,"pos":[611.606079,576.990601,120.532814],"rotationMatrix":[0.67633909,0.736561596,-0.00651387312,-0.735098302,0.674380064,-0.0695848763,-0.0468607172,0.0518513098,0.997554779],"scale":1.00000012,"type":"barrierfence_folk"}
{"ctxid":0,"pos":[609.655518,574.874756,120.503937],"rotationMatrix":[0.677019358,0.7357862,-0.0162329823,-0.734864712,0.674636781,-0.0695638284,-0.0402327292,0.0590251051,0.997445405],"scale":1.00000012,"type":"barrierfence_folk"}
{"ctxid":0,"pos":[607.703369,572.76062,120.521736],"rotationMatrix":[0.677468777,0.73513937,-0.0246223509,-0.734741688,0.674773097,-0.0695405453,-0.0345074907,0.0652026087,0.997275233],"scale":1.00000012,"type":"barrierfence_folk"}
{"ctxid":0,"pos":[605.750061,570.648071,120.584808],"rotationMatrix":[0.677720904,0.734645009,-0.0314817466,-0.734714031,0.674805582,-0.0695177913,-0.0298268367,0.070243746,0.997083843],"scale":0.99999994,"type":"barrierfence_folk"}
{"ctxid":0,"pos":[603.796082,568.536743,120.682259],"rotationMatrix":[0.677865863,0.73425144,-0.0370485187,-0.7347247,0.674796104,-0.0694968626,-0.0260279775,0.0743300095,0.996894002],"scale":1,"type":"barrierfence_folk"}
{"ctxid":0,"pos":[601.841797,566.426392,120.800354],"rotationMatrix":[0.677918494,0.733967841,-0.0414456502,-0.734776199,0.674741864,-0.0694789439,-0.0230301972,0.0775543451,0.996722102],"scale":1.00000012,"type":"barrierfence_folk"}
{"ctxid":0,"pos":[599.887451,564.316528,120.940292],"rotationMatrix":[0.677910924,0.733771145,-0.0449067056,-0.734853208,0.674659491,-0.0694636106,-0.0206736643,0.0800899863,0.99657321],"scale":1.00000012,"type":"barrierfence_folk"}
{"ctxid":0,"pos":[597.933167,562.207275,121.088074],"rotationMatrix":[0.677875757,0.733630955,-0.0476462245,-0.73493582,0.674570918,-0.0694511011,-0.0188107193,0.0820961371,0.996446908],"scale":1.00000024,"type":"barrierfence_folk"}
{"ctxid":0,"pos":[595.979065,560.098145,121.241714],"rotationMatrix":[0.677820206,0.733538508,-0.049810268,-0.735023141,0.674476743,-0.0694408193,-0.0173416417,0.0836800858,0.996341765],"scale":1,"type":"barrierfence_folk"}
{"ctxid":0,"pos":[574.496338,536.89856,122.838486],"rotationMatrix":[0.677004933,0.733749568,-0.0572355501,-0.735874474,0.673551798,-0.0694028735,-0.0123732127,0.089104265,0.995945454],"scale":1,"type":"barrierfence_folk"}
{"ctxid":0,"pos":[572.544434,534.78894,122.978256],"rotationMatrix":[0.676966369,0.733804286,-0.0569900572,-0.735907018,0.673516035,-0.0694042742,-0.0125454273,0.0889237374,0.995959401],"scale":1.00000012,"type":"barrierfence_folk"}
{"ctxid":0,"pos":[570.592651,532.679199,123.12101],"rotationMatrix":[0.676962614,0.733834624,-0.0566418394,-0.735906363,0.673516631,-0.0694060028,-0.0127833094,0.0886683613,0.99597919],"scale":1.00000024,"type":"barrierfence_folk"}
{"ctxid":0,"pos":[568.64093,530.569214,123.264053],"rotationMatrix":[0.676956058,0.733867824,-0.0562897064,-0.73590821,0.673514366,-0.0694079101,-0.0130243041,0.0884101689,0.995998979],"scale":1.00000024,"type":"barrierfence_folk"}
{"ctxid":0,"pos":[566.689209,528.459351,123.407082],"rotationMatrix":[0.676946819,0.73390317,-0.0559385717,-0.735912323,0.673509657,-0.0694097951,-0.0132649038,0.0881526247,0.996018648],"scale":1,"type":"barrierfence_folk"}
{"ctxid":0,"pos":[564.737549,526.349121,123.546524],"rotationMatrix":[0.676925957,0.733949363,-0.0555845425,-0.735927165,0.673493326,-0.0694117248,-0.0135088619,0.0878927708,0.996038318],"scale":0.99999994,"type":"barrierfence_folk"}
{"ctxid":0,"pos":[562.786011,524.238892,123.687279],"rotationMatrix":[0.67690295,0.733997345,-0.055229634,-0.735943794,0.673474908,-0.069413498,-0.0137535483,0.0876321048,0.996057928],"scale":1,"type":"barrierfence_folk"}
{"ctxid":0,"pos":[560.834412,522.128418,123.824463],"rotationMatrix":[0.676889062,0.734036803,-0.0548749827,-0.73595202,0.673465848,-0.0694153756,-0.0139970072,0.087371856,0.996077418],"scale":1.00000012,"type":"barrierfence_folk"}
{"ctxid":0,"pos":[558.882996,520.018066,123.960831],"rotationMatrix":[0.676883817,0.734067917,-0.0545207709,-0.735952139,0.67346549,-0.0694171935,-0.0142390803,0.0871120542,0.99609673],"scale":1.00000012,"type":"barrierfence_folk"}
{"ctxid":0,"pos":[556.93158,517.907471,124.095459],"rotationMatrix":[0.676857233,0.734118819,-0.0541650504,-0.735971808,0.673443794,-0.0694189817,-0.0144846682,0.0868506879,0.996116042],"scale":1,"type":"barrierfence_folk"}
{"ctxid":0,"pos":[554.980103,515.796753,124.227058],"rotationMatrix":[0.676861346,0.734143019,-0.0537845939,-0.735962868,0.673453331,-0.0694209188,-0.0147434603,0.0865717977,0.996136487],"scale":0.99999994,"type":"barrierfence_folk"}
{"ctxid":0,"pos":[553.028687,513.686279,124.352798],"rotationMatrix":[0.676830649,0.734205663,-0.0533137619,-0.735984504,0.67342943,-0.0694232956,-0.015067922,0.0862259194,0.99616164],"scale":1.00000024,"type":"barrierfence_folk"}
{"ctxid":0,"pos":[551.077515,511.575165,124.48439],"rotationMatrix":[0.676829457,0.734238386,-0.052875191,-0.735979438,0.673434734,-0.069425635,-0.0153669808,0.0859043673,0.996184886],"scale":0.99999994,"type":"barrierfence_folk"}
{"ctxid":0,"pos":[549.126099,509.464081,124.615997],"rotationMatrix":[0.676787436,0.734305561,-0.0524799079,-0.73601228,0.673398614,-0.0694275424,-0.0156411305,0.0856135413,0.996205628],"scale":1,"type":"barrierfence_folk"}
{"ctxid":0,"pos":[547.17511,507.352814,124.747604],"rotationMatrix":[0.67678225,0.734334946,-0.0521334447,-0.736011982,0.673398733,-0.0694292188,-0.0158777051,0.0853593051,0.996223688],"scale":1,"type":"barrierfence_folk"}
{"ctxid":0,"pos":[545.223938,505.241547,124.877594],"rotationMatrix":[0.67674613,0.734388947,-0.0518412851,-0.736040831,0.673367143,-0.0694307834,-0.0160809793,0.0851443112,0.996238828],"scale":1,"type":"barrierfence_folk"}
{"ctxid":0,"pos":[543.272949,503.130157,124.996902],"rotationMatrix":[0.676711798,0.734436989,-0.0516088903,-0.736068845,0.673336387,-0.0694319829,-0.0162432715,0.0849731341,0.996250808],"scale":1.00000012,"type":"barrierfence_folk"}
{"ctxid":0,"pos":[541.32196,501.018524,125.11615],"rotationMatrix":[0.676659167,0.734497309,-0.0514404029,-0.736114502,0.673286319,-0.069432728,-0.0163640287,0.084848322,0.996259511],"scale":0.99999994,"type":"barrierfence_folk"}
{"ctxid":0,"pos":[539.371277,498.90683,125.235367],"rotationMatrix":[0.676647663,0.734514296,-0.0513478816,-0.736123621,0.673276305,-0.0694332719,-0.0164284185,0.084780246,0.996264219],"scale":1.00000012,"type":"barrierfence_folk"}
{"ctxid":0,"pos":[537.420471,496.794952,125.360458],"rotationMatrix":[0.676638484,0.734581292,-0.0505043641,-0.736119092,0.673280954,-0.0694374219,-0.0170038044,0.0841612592,0.996307075],"scale":1.00000012,"type":"barrierfence_folk"}
{"ctxid":0,"pos":[535.46991,494.682892,125.48555],"rotationMatrix":[0.676643491,0.73467046,-0.0491215587,-0.73609215,0.673309684,-0.0694440231,-0.0179444477,0.0831468329,0.99637574],"scale":1.00000012,"type":"barrierfence_folk"}
{"ctxid":0,"pos":[533.519226,492.570648,125.616096],"rotationMatrix":[0.676633,0.734767616,-0.0477940887,-0.736079156,0.673323274,-0.0694503412,-0.0188489929,0.0821726248,0.996439874],"scale":1.00000012,"type":"barrierfence_folk"}
{"ctxid":0,"pos":[531.568542,490.458099,125.741623],"rotationMatrix":[0.676627636,0.734853923,-0.0465270542,-0.736061513,0.67334187,-0.0694564506,-0.0197117291,0.0812429264,0.996499419],"scale":1.00000012,"type":"barrierfence_folk"}
{"ctxid":0,"pos":[529.617981,488.34549,125.849808],"rotationMatrix":[0.676609576,0.734945059,-0.0453343354,-0.736055851,0.673347473,-0.0694616809,-0.0205247588,0.0803670362,0.996554017],"scale":1,"type":"barrierfence_folk"}
{"ctxid":0,"pos":[527.667358,486.232391,125.963486],"rotationMatrix":[0.676597595,0.735023499,-0.0442285389,-0.73604548,0.673358321,-0.0694667473,-0.0212780386,0.0795552507,0.99660331],"scale":1.00000012,"type":"barrierfence_folk"}
{"ctxid":0,"pos":[525.717041,484.119171,126.071289],"rotationMatrix":[0.676556587,0.735121369,-0.0432180241,-0.736062884,0.67333889,-0.0694711804,-0.0219693687,0.0788123757,0.996647358],"scale":1,"type":"barrierfence_folk"}
{"ctxid":0,"pos":[523.766602,482.005707,126.173225],"rotationMatrix":[0.676523328,0.735203862,-0.0423254594,-0.736074924,0.6733253,-0.0694749802,-0.0225794744,0.0781561583,0.996685386],"scale":1,"type":"barrierfence_folk"}
{"ctxid":0,"pos":[521.816467,479.89212,126.271156],"rotationMatrix":[0.676496863,0.735271752,-0.0415620469,-0.73608309,0.673316002,-0.0694784224,-0.0231011324,0.0775950551,0.996717274],"scale":1,"type":"barrierfence_folk"}
{"ctxid":0,"pos":[519.866394,477.778412,126.367508],"rotationMatrix":[0.676451981,0.73534745,-0.0409483425,-0.736110985,0.673285246,-0.0694809034,-0.0235227011,0.0771430209,0.996742487],"scale":1.00000024,"type":"barrierfence_folk"}
{"ctxid":0,"pos":[517.916321,475.664337,126.468285],"rotationMatrix":[0.676396251,0.735423148,-0.0405081697,-0.736152351,0.673239768,-0.069482848,-0.0238275863,0.0768181235,0.996760368],"scale":1.00000012,"type":"barrierfence_folk"}
{"ctxid":0,"pos":[515.966614,473.549835,126.566139],"rotationMatrix":[0.676336765,0.735491216,-0.0402646959,-0.736201465,0.673186004,-0.0694838166,-0.0239991117,0.0766373873,0.996770144],"scale":1.00000024,"type":"barrierfence_folk"}
{"ctxid":0,"pos":[514.016968,471.435516,126.662514],"rotationMatrix":[0.676267684,0.735555351,-0.0402538106,-0.736264527,0.673117042,-0.0694839954,-0.024013795,0.0766272247,0.996770561],"scale":1,"type":"barrierfence_folk"}
{"ctxid":0,"pos":[512.067444,469.32077,126.754517],"rotationMatrix":[0.676139355,0.735664546,-0.0404138081,-0.736385405,0.672984838,-0.0694830865,-0.0239183642,0.0767403841,0.996764183],"scale":1,"type":"barrierfence_folk"}
{"ctxid":0,"pos":[510.118591,467.20578,126.849411],"rotationMatrix":[0.67613256,0.735725582,-0.0394030325,-0.736368954,0.673002362,-0.0694875419,-0.0246054344,0.0759979635,0.996804357],"scale":0.99999994,"type":"barrierfence_folk"}
{"ctxid":0,"pos":[508.169434,465.090668,126.943398],"rotationMatrix":[0.676108241,0.735844851,-0.0375504941,-0.736348152,0.673024416,-0.0694950148,-0.0258651525,0.0746363923,0.996875346],"scale":1,"type":"barrierfence_folk"}
{"ctxid":0,"pos":[506.22052,462.974945,127.033249],"rotationMatrix":[0.676065087,0.735978603,-0.0356577002,-0.736341357,0.673031032,-0.0695023388,-0.0271534957,0.0732443482,0.996944308],"scale":1,"type":"barrierfence_folk"}
{"ctxid":0,"pos":[504.271729,460.859283,127.113472],"rotationMatrix":[0.676014662,0.736115217,-0.0337405354,-0.736338377,0.673033595,-0.0695095807,-0.0284585506,0.0718339533,0.997010529],"scale":1.00000012,"type":"barrierfence_folk"}
{"ctxid":0,"pos":[502.32312,458.743073,127.185043],"rotationMatrix":[0.675969958,0.736242354,-0.0318073817,-0.736327469,0.673044801,-0.0695166737,-0.0297733266,0.0704118311,0.997073591],"scale":1.00000012,"type":"barrierfence_folk"}
{"ctxid":0,"pos":[500.374878,456.626495,127.251488],"rotationMatrix":[0.675908089,0.736380517,-0.0298651718,-0.736329615,0.673041761,-0.0695234984,-0.031095244,0.0689821094,0.997133195],"scale":0.99999994,"type":"barrierfence_folk"}
{"ctxid":0,"pos":[498.426575,454.509552,127.310646],"rotationMatrix":[0.675846338,0.736513376,-0.0279250983,-0.736329436,0.673041284,-0.0695301071,-0.0324151032,0.0675537363,0.997188926],"scale":1.00000012,"type":"barrierfence_folk"}
{"ctxid":0,"pos":[496.478699,452.392242,127.370445],"rotationMatrix":[0.675768733,0.736655116,-0.0259983744,-0.736341715,0.673027158,-0.0695363581,-0.0337266997,0.0661341846,0.997240603],"scale":1,"type":"barrierfence_folk"}
{"ctxid":0,"pos":[494.530884,450.274689,127.436165],"rotationMatrix":[0.675686479,0.736794949,-0.0241012126,-0.736356854,0.673009992,-0.0695424601,-0.0350181796,0.0647360012,0.99728781],"scale":1.00000012,"type":"barrierfence_folk"}
{"ctxid":0,"pos":[492.583496,448.156586,127.494476],"rotationMatrix":[0.675602317,0.736930311,-0.0222528782,-0.736373246,0.672991514,-0.0695477426,-0.0362758413,0.0633730441,0.997330368],"scale":1,"type":"barrierfence_folk"}
{"ctxid":0,"pos":[490.636292,446.038055,127.537132],"rotationMatrix":[0.675501108,0.737074614,-0.0204765312,-0.736405492,0.672955632,-0.0695529133,-0.0374858901,0.0620620996,0.997368097],"scale":1.00000012,"type":"barrierfence_folk"}
{"ctxid":0,"pos":[488.689453,443.919342,127.568672],"rotationMatrix":[0.675393224,0.737218022,-0.0188024342,-0.736445427,0.672911465,-0.0695574284,-0.038626615,0.0608255863,0.997400761],"scale":1.00000012,"type":"barrierfence_folk"}
{"ctxid":0,"pos":[486.743042,441.80014,127.593544],"rotationMatrix":[0.675284147,0.737355709,-0.017259676,-0.736489654,0.672862649,-0.0695615336,-0.0396782085,0.0596853718,0.997428358],"scale":1.00000012,"type":"barrierfence_folk"}
{"ctxid":0,"pos":[484.796875,439.680695,127.614296],"rotationMatrix":[0.675151706,0.737507641,-0.0158940963,-0.736560166,0.672785163,-0.0695650801,-0.0406114645,0.0586739406,0.997450769],"scale":1.00000012,"type":"barrierfence_folk"}
{"ctxid":0,"pos":[482.851074,437.560516,127.627777],"rotationMatrix":[0.675019026,0.737652898,-0.0147500029,-0.736638188,0.672699451,-0.069567807,-0.0413945727,0.0578250065,0.997468174],"scale":1,"type":"barrierfence_folk"}
{"ctxid":0,"pos":[480.905823,435.440277,127.644737],"rotationMatrix":[0.674879074,0.737797737,-0.0138836382,-0.736732721,0.672595739,-0.0695698336,-0.0419903919,0.0571797565,0.997480452],"scale":1.00000024,"type":"barrierfence_folk"}
{"ctxid":0,"pos":[478.960876,433.319427,127.660591],"rotationMatrix":[0.674732625,0.737941325,-0.0133590372,-0.736845911,0.672471523,-0.0695712417,-0.0423559211,0.0567855388,0.997487545],"scale":1.00000012,"type":"barrierfence_folk"}
{"ctxid":0,"pos":[477.016296,431.198273,127.674072],"rotationMatrix":[0.674578786,0.738084078,-0.0132423146,-0.736981511,0.672322869,-0.0695714056,-0.0424464345,0.0566907376,0.997489095],"scale":1.00000024,"type":"barrierfence_folk"}
{"ctxid":0,"pos":[475.072205,429.07663,127.693436],"rotationMatrix":[0.67444253,0.73821193,-0.0130566945,-0.737098396,0.672194719,-0.0695717633,-0.0425820649,0.0565462224,0.997491479],"scale":1.00000024,"type":"barrierfence_folk"}
{"ctxid":0,"pos":[473.128601,426.954437,127.70108],"rotationMatrix":[0.674292445,0.738393307,-0.0102479775,-0.737123132,0.672166884,-0.0695779622,-0.0444875509,0.0544699132,0.997523904],"scale":1,"type":"barrierfence_folk"}
{"ctxid":0,"pos":[471.185364,424.832123,127.700859],"rotationMatrix":[0.674170256,0.738541424,-0.00714809261,-0.73710531,0.672185898,-0.0695840642,-0.0465858579,0.052180402,0.997550488],"scale":1.00000024,"type":"barrierfence_folk"}
{"ctxid":0,"pos":[469.242615,422.709503,127.695343],"rotationMatrix":[0.67406255,0.73866272,-0.00412266515,-0.737071633,0.672222197,-0.0695894733,-0.0486318022,0.0499463528,0.997567177],"scale":1,"type":"barrierfence_folk"}
{"ctxid":0,"pos":[467.300354,420.586456,127.678574],"rotationMatrix":[0.673934102,0.738790452,-0.00123453699,-0.737057626,0.672237098,-0.0695939511,-0.0505854413,0.0478116572,0.997574627],"scale":1,"type":"barrierfence_folk"}
{"ctxid":0,"pos":[465.358429,418.463104,127.648628],"rotationMatrix":[0.673819363,0.738894641,0.0014619194,-0.737035215,0.672261357,-0.0695975497,-0.0524080507,0.0458186939,0.997574091],"scale":1.00000024,"type":"barrierfence_folk"}
{"ctxid":0,"pos":[463.416748,416.339447,127.605957],"rotationMatrix":[0.673728824,0.738968432,0.00389675424,-0.736999214,0.672300458,-0.0696006641,-0.0540524796,0.0440200716,0.997567296],"scale":1.00000012,"type":"barrierfence_folk"}
{"ctxid":0,"pos":[461.475281,414.215668,127.564095],"rotationMatrix":[0.673653901,0.739022553,0.00601314008,-0.736961544,0.672341585,-0.0696026608,-0.0554808117,0.042456653,0.997556686],"scale":1,"type":"barrierfence_folk"}
{"ctxid":0,"pos":[459.534088,412.091949,127.522247],"rotationMatrix":[0.673599303,0.739055932,0.00776671246,-0.736921489,0.672385335,-0.0696042553,-0.0566636585,0.0411619172,0.997544467],"scale":1,"type":"barrierfence_folk"}
{"ctxid":0,"pos":[457.593079,409.968048,127.485725],"rotationMatrix":[0.673567414,0.739069819,0.00909049809,-0.736881375,0.672429085,-0.0696051568,-0.0575557947,0.0401851498,0.997533202],"scale":0.99999994,"type":"barrierfence_folk"}
{"ctxid":0,"pos":[455.651978,407.844147,127.449402],"rotationMatrix":[0.673561573,0.73906374,0.00997443125,-0.73684001,0.672474384,-0.069605872,-0.0581507273,0.0395342782,0.997524679],"scale":1.00000012,"type":"barrierfence_folk"}
{"ctxid":0,"pos":[453.710876,405.720306,127.413025],"rotationMatrix":[0.673588037,0.739033639,0.01041051,-0.736792743,0.672526121,-0.0696063936,-0.0584428087,0.039215643,0.997520208],"scale":1.00000012,"type":"barrierfence_folk"}
{"ctxid":0,"pos":[451.769714,403.596527,127.371902],"rotationMatrix":[0.673643112,0.738983572,0.0104014222,-0.736743152,0.672580481,-0.0696060956,-0.0584335625,0.039226491,0.997520328],"scale":1,"type":"barrierfence_folk"}
{"ctxid":0,"pos":[449.828461,401.473053,127.312912],"rotationMatrix":[0.673671186,0.738957226,0.0104592796,-0.736714542,0.672611833,-0.0696060508,-0.0584709197,0.0391860865,0.997519732],"scale":1.00000012,"type":"barrierfence_folk"}
{"ctxid":0,"pos":[447.887726,399.34903,127.2369],"rotationMatrix":[0.673246086,0.739290595,0.0137530062,-0.736922145,0.672384143,-0.0696080104,-0.0607078522,0.0367284194,0.997479618],"scale":1.00000024,"type":"barrierfence_folk"}
{"ctxid":0,"pos":[445.948517,397.224152,127.160912],"rotationMatrix":[0.672825933,0.739601493,0.0171728991,-0.737111211,0.672176838,-0.0696089864,-0.0630261302,0.0341763981,0.99742651],"scale":1.00000024,"type":"barrierfence_folk"}
{"ctxid":0,"pos":[444.010315,395.098602,127.084953],"rotationMatrix":[0.672436595,0.739875615,0.020325318,-0.737280905,0.671990633,-0.069609195,-0.0651605651,0.0318223052,0.997367263],"scale":1.00000012,"type":"barrierfence_folk"}
{"ctxid":0,"pos":[442.073273,392.972198,127.009026],"rotationMatrix":[0.672091365,0.740103424,0.023240136,-0.73741883,0.671839356,-0.0696088448,-0.0671313852,0.0296457913,0.997303605],"scale":1.00000012,"type":"barrierfence_folk"}
{"ctxid":0,"pos":[440.137207,390.845306,126.933105],"rotationMatrix":[0.671768785,0.740305901,0.0259579197,-0.737543344,0.671702743,-0.0696078539,-0.0689671114,0.0276152994,0.997236669],"scale":1,"type":"barrierfence_folk"}
{"ctxid":0,"pos":[438.202087,388.717865,126.857224],"rotationMatrix":[0.671482205,0.740472436,0.0285007749,-0.737641931,0.67159462,-0.0696065128,-0.0706826672,0.0257161651,0.997167289],"scale":1.00000012,"type":"barrierfence_folk"}
{"ctxid":0,"pos":[436.267578,386.589874,126.770134],"rotationMatrix":[0.67120707,0.740625918,0.030890286,-0.737736166,0.671491265,-0.0696050003,-0.0722938254,0.02393049,0.997096241],"scale":0.99999994,"type":"barrierfence_folk"}
{"ctxid":0,"pos":[434.334167,384.461761,126.669823],"rotationMatrix":[0.670968533,0.740744472,0.033149302,-0.737802505,0.671418548,-0.0696031749,-0.0738152191,0.0222438984,0.997023821],"scale":0.99999994,"type":"barrierfence_folk"}
{"ctxid":0,"pos":[432.401337,382.333221,126.562157],"rotationMatrix":[0.670745909,0.74084729,0.0352874175,-0.737859547,0.671356082,-0.069600828,-0.0752540007,0.0206473116,0.996950626],"scale":1.00000012,"type":"barrierfence_folk"}
{"ctxid":0,"pos":[430.469116,380.204681,126.441254],"rotationMatrix":[0.670539975,0.740933895,0.0373236015,-0.737905741,0.671305537,-0.0695983842,-0.0766233429,0.019127192,0.996876657],"scale":1,"type":"barrierfence_folk"}
{"ctxid":0,"pos":[428.537476,378.075714,126.301468],"rotationMatrix":[0.670353889,0.741001725,0.0392694622,-0.737937927,0.67127043,-0.0695959702,-0.0779311657,0.0176755041,0.996802032],"scale":0.99999994,"type":"barrierfence_folk"}
{"ctxid":0,"pos":[426.606323,375.946808,126.137497],"rotationMatrix":[0.6701895,0.74104929,0.0411337391,-0.737954021,0.671253085,-0.0695932806,-0.079183206,0.0162858739,0.996727049],"scale":1.00000024,"type":"barrierfence_folk"}
{"ctxid":0,"pos":[424.675659,373.817657,125.958206],"rotationMatrix":[0.670017362,0.74110204,0.0429487154,-0.737978518,0.671226382,-0.0695905834,-0.0804020241,0.0149316732,0.996650696],"scale":1,"type":"barrierfence_folk"}
{"ctxid":0,"pos":[422.745728,371.688568,125.778954],"rotationMatrix":[0.669843435,0.741076469,0.0459940173,-0.737911105,0.671301007,-0.0695851371,-0.0824437439,0.0126716495,0.996515155],"scale":1.00000012,"type":"barrierfence_folk"}
{"ctxid":0,"pos":[420.816345,369.559418,125.609596],"rotationMatrix":[0.669606686,0.741039038,0.0498812683,-0.737830281,0.671390653,-0.0695776269,-0.0850495547,0.00978573412,0.996328652],"scale":1.00000012,"type":"barrierfence_folk"}
{"ctxid":0,"pos":[418.887634,367.430695,125.438133],"rotationMatrix":[0.669374347,0.741003871,0.0533972606,-0.73776567,0.671462476,-0.0695697889,-0.0874057338,0.00717356987,0.996146977],"scale":1.00000024,"type":"barrierfence_folk"}
{"ctxid":0,"pos":[416.959839,365.302032,125.255821],"rotationMatrix":[0.669155121,0.740972757,0.0564872772,-0.737716436,0.671517372,-0.0695621371,-0.0894758403,0.00487626716,0.995977044],"scale":0.99999994,"type":"barrierfence_folk"}
{"ctxid":0,"pos":[415.03241,363.173431,125.062614],"rotationMatrix":[0.668955207,0.740944207,0.0591666214,-0.737677872,0.671560407,-0.0695551187,-0.091270417,0.00288335234,0.995821953],"scale":1,"type":"barrierfence_folk"}
{"ctxid":0,"pos":[413.105591,361.045013,124.863205],"rotationMatrix":[0.668774545,0.74092418,0.0614159182,-0.737653792,0.671587586,-0.0695487037,-0.0927764848,0.00120872259,0.995686233],"scale":1.00000012,"type":"barrierfence_folk"}
{"ctxid":0,"pos":[411.179474,358.916718,124.666969],"rotationMatrix":[0.66862911,0.740903258,0.0632254779,-0.737632275,0.671611726,-0.0695433617,-0.0939878821,-0.000138435513,0.995573342],"scale":1.00000024,"type":"barrierfence_folk"}
{"ctxid":0,"pos":[409.253479,356.788361,124.469284],"rotationMatrix":[0.668503404,0.740898192,0.0645995885,-0.73762852,0.671616316,-0.069539085,-0.0949075222,-0.00116338581,0.995485425],"scale":0.999999881,"type":"barrierfence_folk"}
{"ctxid":0,"pos":[407.328064,354.660004,124.273499],"rotationMatrix":[0.668394685,0.740915895,0.0655153543,-0.737647891,0.671595335,-0.069536224,-0.0955202878,-0.00184961781,0.995425761],"scale":1,"type":"barrierfence_folk"}
{"ctxid":0,"pos":[405.402802,352.531525,124.077728],"rotationMatrix":[0.668310761,0.740950108,0.0659824088,-0.737683415,0.671556473,-0.0695347562,-0.095832698,-0.0022033006,0.995395005],"scale":1,"type":"barrierfence_folk"}
{"ctxid":0,"pos":[403.477783,350.403168,123.881973],"rotationMatrix":[0.668269217,0.740986049,0.0659994483,-0.737719595,0.671516776,-0.0695345998,-0.0958439112,-0.00222125649,0.995393872],"scale":1,"type":"barrierfence_folk"}
{"ctxid":0,"pos":[401.552795,348.274506,123.680351],"rotationMatrix":[0.668255508,0.741038978,0.0655425414,-0.73777169,0.671459377,-0.0695361644,-0.0955381617,-0.00188750401,0.995423973],"scale":1,"type":"barrierfence_folk"}
{"ctxid":0,"pos":[399.627808,346.145721,123.484589],"rotationMatrix":[0.668277681,0.741099119,0.0646299422,-0.7378304,0.671394527,-0.0695389733,-0.09492746,-0.00121459365,0.995483458],"scale":1,"type":"barrierfence_folk"}
{"ctxid":0,"pos":[397.702698,344.016632,123.282928],"rotationMatrix":[0.668297768,0.741200984,0.0632392541,-0.737931311,0.671283126,-0.0695432425,-0.0939969644,-0.000190641731,0.995572448],"scale":1,"type":"barrierfence_folk"}
{"ctxid":0,"pos":[395.777527,341.887299,123.076035],"rotationMatrix":[0.668304861,0.741269588,0.0623538643,-0.738000154,0.671207249,-0.0695460513,-0.0934047401,0.000460803509,0.995628119],"scale":1,"type":"barrierfence_folk"}
{"ctxid":0,"pos":[393.852478,339.757843,122.859146],"rotationMatrix":[0.668236732,0.741290331,0.0628360808,-0.738020897,0.67118454,-0.069544524,-0.0937272906,9.78596509e-05,0.995597899],"scale":1,"type":"barrierfence_folk"}
{"ctxid":0,"pos":[391.927612,337.628387,122.630722],"rotationMatrix":[0.668175399,0.741310418,0.0632494092,-0.738041222,0.671162248,-0.0695433319,-0.0940038115,-0.000213526189,0.995571792],"scale":1.00000012,"type":"barrierfence_folk"}
{"ctxid":0,"pos":[390.00296,335.498688,122.408752],"rotationMatrix":[0.668129683,0.741330147,0.0635007918,-0.73806119,0.671140432,-0.0695424825,-0.0941718817,-0.000404067338,0.995555878],"scale":1.00000012,"type":"barrierfence_folk"}
{"ctxid":0,"pos":[388.078308,333.369171,122.20002],"rotationMatrix":[0.668107152,0.741344512,0.0635702163,-0.738075674,0.671124518,-0.0695423186,-0.0942183435,-0.000457912683,0.995551467],"scale":1,"type":"barrierfence_folk"}
{"ctxid":0,"pos":[386.153748,331.23941,122.004532],"rotationMatrix":[0.66809392,0.741368294,0.0634319186,-0.738099456,0.671098351,-0.0695427358,-0.0941258371,-0.000357981771,0.995560229],"scale":1.00000012,"type":"barrierfence_folk"}
{"ctxid":0,"pos":[384.229309,329.109772,121.811905],"rotationMatrix":[0.668131828,0.741364479,0.063075088,-0.738095522,0.671102524,-0.0695437789,-0.0938871428,-9.10237432e-05,0.995582819],"scale":1,"type":"barrierfence_folk"}
{"ctxid":0,"pos":[382.304504,326.980194,121.609032],"rotationMatrix":[0.668179393,0.741374195,0.0624556094,-0.738105118,0.671091795,-0.0695456415,-0.0934727937,0.00037015602,0.995621741],"scale":1.00000012,"type":"barrierfence_folk"}
{"ctxid":0,"pos":[380.379578,324.850494,121.412025],"rotationMatrix":[0.668269515,0.741367877,0.0615582839,-0.738099277,0.671097994,-0.0695482194,-0.0928724632,0.00104083121,0.995677471],"scale":1,"type":"barrierfence_folk"}
{"ctxid":0,"pos":[378.454376,322.720734,121.21524],"rotationMatrix":[0.66838342,0.741364241,0.0603541695,-0.738097072,0.67110002,-0.0695518553,-0.0920669436,0.00194007903,0.995750904],"scale":0.99999994,"type":"barrierfence_folk"}
{"ctxid":0,"pos":[376.528687,320.590973,121.028969],"rotationMatrix":[0.668544352,0.741345465,0.0587824732,-0.738081753,0.671116412,-0.0695561245,-0.0910149962,0.0031150803,0.995844662],"scale":1.00000024,"type":"barrierfence_folk"}
{"ctxid":0,"pos":[374.602417,318.461212,120.843964],"rotationMatrix":[0.668741584,0.741319597,0.0568318665,-0.738062918,0.671136558,-0.0695611537,-0.0897089988,0.00457294285,0.995957494],"scale":1,"type":"barrierfence_folk"}
{"ctxid":0,"pos":[372.675507,316.331573,120.653069],"rotationMatrix":[0.668985128,0.741290629,0.0542881191,-0.738047421,0.671153009,-0.0695676208,-0.0880054533,0.00647249445,0.996098936],"scale":1,"type":"barrierfence_folk"}
{"ctxid":0,"pos":[370.747681,314.201813,120.478287],"rotationMatrix":[0.669384003,0.741311431,0.0488104001,-0.738114119,0.671078324,-0.069579877,-0.0843359604,0.010548003,0.996381521],"scale":1.00000024,"type":"barrierfence_folk"}
{"ctxid":0,"pos":[368.818481,312.071991,120.334076],"rotationMatrix":[0.669798613,0.741300106,0.042941995,-0.738177061,0.67100805,-0.0695904046,-0.0804017931,0.014912758,0.996650994],"scale":1.00000024,"type":"barrierfence_folk"}
{"ctxid":0,"pos":[366.888,309.941986,120.222588],"rotationMatrix":[0.670225084,0.741197824,0.0377383083,-0.73816216,0.671023726,-0.0695979521,-0.0769091472,0.0187893044,0.996861041],"scale":1,"type":"barrierfence_folk"}
{"ctxid":0,"pos":[364.956238,307.812531,120.12899],"rotationMatrix":[0.670662761,0.741015255,0.033283975,-0.738070548,0.671123862,-0.069602862,-0.0739144534,0.0221141223,0.997019351],"scale":1.00000012,"type":"barrierfence_folk"}
{"ctxid":0,"pos":[363.023163,305.683624,120.02092],"rotationMatrix":[0.67113018,0.740743756,0.0297147278,-0.737882614,0.671330214,-0.0696057975,-0.0715084523,0.0247885697,0.997131944],"scale":1.00000012,"type":"barrierfence_folk"}
{"ctxid":0,"pos":[361.088501,303.555695,119.906166],"rotationMatrix":[0.671648145,0.740370154,0.0272178538,-0.737573385,0.671669841,-0.0696072429,-0.0698165298,0.0266764127,0.997203112],"scale":1.00000012,"type":"barrierfence_folk"}
{"ctxid":0,"pos":[359.152405,301.428925,119.789452],"rotationMatrix":[0.672208428,0.739907563,0.0259355474,-0.737145603,0.672139168,-0.069607906,-0.0689357147,0.0276727434,0.997237206],"scale":1.00000012,"type":"barrierfence_folk"}
{"ctxid":0,"pos":[357.214722,299.303619,119.672791],"rotationMatrix":[0.672826767,0.739338577,0.026126828,-0.736571372,0.672768414,-0.0696078539,-0.0690410733,0.0275897589,0.997232258],"scale":0.99999994,"type":"barrierfence_folk"}
{"ctxid":0,"pos":[355.275085,297.180267,119.556183],"rotationMatrix":[0.673519194,0.738637984,0.0280309338,-0.735819519,0.67359072,-0.0696068853,-0.0702956691,0.0262558628,0.997180581],"scale":1,"type":"barrierfence_folk"}
{"ctxid":0,"pos":[353.333435,295.059174,119.462738],"rotationMatrix":[0.674266577,0.737800002,0.0318691581,-0.734885693,0.67460978,-0.0696041882,-0.072853215,0.023511596,0.997065485],"scale":0.99999994,"type":"barrierfence_folk"}
{"ctxid":0,"pos":[690.267273,624.878784,125.976952],"rotationMatrix":[-0.671911955,-0.735454023,-0.0874154419,0.738121808,-0.674662232,0.00263304636,-0.0609123893,-0.0627540648,0.996168435],"scale":1.00000012,"type":"barrierfence_folk"}
{"ctxid":0,"pos":[688.333008,622.760742,125.723541],"rotationMatrix":[-0.671916366,-0.735461175,-0.0873230994,0.73795563,-0.674828291,0.00533161312,-0.0628492832,-0.0608581677,0.996165752],"scale":1,"type":"barrierfence_folk"}
{"ctxid":0,"pos":[686.398987,620.642578,125.470116],"rotationMatrix":[-0.671922684,-0.735465467,-0.0872383192,0.737777174,-0.67499578,0.0081031546,-0.0648450777,-0.0589177459,0.996154487],"scale":1.00000012,"type":"barrierfence_folk"}
{"ctxid":0,"pos":[684.4646,618.524658,125.216721],"rotationMatrix":[-0.671934009,-0.735464275,-0.087160632,0.737582982,-0.67516768,0.0109531339,-0.0669036806,-0.0569284111,0.996134043],"scale":1,"type":"barrierfence_folk"}
{"ctxid":0,"pos":[682.530334,616.406616,124.964012],"rotationMatrix":[-0.671931863,-0.735474288,-0.0870917067,0.737389028,-0.675325513,0.0138857272,-0.0690278485,-0.0548902079,0.996103525],"scale":1,"type":"barrierfence_folk"}
{"ctxid":0,"pos":[680.596191,614.288574,124.704559],"rotationMatrix":[-0.671939135,-0.735474467,-0.0870350823,0.7371732,-0.675492167,0.0169099923,-0.0712283924,-0.0527974442,0.996061742],"scale":0.99999994,"type":"barrierfence_folk"}
{"ctxid":0,"pos":[678.661865,612.170288,124.451515],"rotationMatrix":[-0.671946645,-0.7354725,-0.086994797,0.736942351,-0.675658822,0.020030193,-0.0735104531,-0.0506509244,0.996007383],"scale":1.00000012,"type":"barrierfence_folk"}
{"ctxid":0,"pos":[676.727661,610.052246,124.198471],"rotationMatrix":[-0.67194593,-0.735475779,-0.0869728774,0.736703157,-0.675816655,0.0232500657,-0.0758775622,-0.0484504029,0.995939314],"scale":1.00000024,"type":"barrierfence_folk"}
{"ctxid":0,"pos":[674.793396,607.934326,123.939583],"rotationMatrix":[-0.67195487,-0.735467315,-0.0869741067,0.736436367,-0.675984263,0.0265863054,-0.0783464834,-0.0461861007,0.995855749],"scale":1.00000024,"type":"barrierfence_folk"}
{"ctxid":0,"pos":[672.859192,605.816284,123.690567],"rotationMatrix":[-0.671953678,-0.735465229,-0.0870026946,0.736159265,-0.6761415,0.0300407857,-0.0809200704,-0.0438618213,0.995755017],"scale":1,"type":"barrierfence_folk"}
{"ctxid":0,"pos":[670.924927,603.69812,123.440712],"rotationMatrix":[-0.671949267,-0.735461652,-0.0870648101,0.735862315,-0.676295877,0.0336243324,-0.0836109743,-0.0414738618,0.995635033],"scale":0.99999994,"type":"barrierfence_folk"}
{"ctxid":0,"pos":[668.990601,601.580078,123.191757],"rotationMatrix":[-0.671940088,-0.735457778,-0.0871692449,0.735544682,-0.676445961,0.0373469628,-0.0864323974,-0.0390219577,0.995493233],"scale":1.00000036,"type":"barrierfence_folk"}
{"ctxid":0,"pos":[667.056335,599.462036,122.94529],"rotationMatrix":[-0.671929479,-0.735448718,-0.0873264894,0.735199094,-0.676596403,0.0412253179,-0.089403905,-0.0365018509,0.99532634],"scale":0.99999994,"type":"barrierfence_folk"}
{"ctxid":0,"pos":[665.122253,597.343872,122.696602],"rotationMatrix":[-0.671923399,-0.73542738,-0.0875525102,0.734815598,-0.676754236,0.0452730283,-0.0925465599,-0.0339149386,0.995130599],"scale":1.00000024,"type":"barrierfence_folk"}
{"ctxid":0,"pos":[663.188171,595.225952,122.444656],"rotationMatrix":[-0.671914101,-0.735399425,-0.0878594071,0.734396875,-0.676912546,0.0495054051,-0.0958793759,-0.0312603042,0.994901955],"scale":1.00000024,"type":"barrierfence_folk"}
{"ctxid":0,"pos":[661.254089,593.108154,122.181007],"rotationMatrix":[-0.671885014,-0.735377133,-0.0882665589,0.733951986,-0.677056551,0.0539337695,-0.0994231179,-0.0285461321,0.994635701],"scale":0.99999994,"type":"barrierfence_folk"}
{"ctxid":0,"pos":[659.320007,590.990234,121.92318],"rotationMatrix":[-0.671858668,-0.735335648,-0.0888112038,0.733450115,-0.677212954,0.0585967265,-0.103232354,-0.0257698633,0.994323373],"scale":1,"type":"barrierfence_folk"}
{"ctxid":0,"pos":[657.386047,588.872681,121.653015],"rotationMatrix":[-0.671815395,-0.735289097,-0.0895206481,0.732901216,-0.677364945,0.0635019243,-0.107330427,-0.0229482148,0.993958533],"scale":1.00000012,"type":"barrierfence_folk"}
{"ctxid":0,"pos":[655.452332,586.755249,121.38829],"rotationMatrix":[-0.672345161,-0.735786617,-0.0810542107,0.732686579,-0.67708528,0.0687438771,-0.105461448,-0.0131677072,0.994336188],"scale":1.00000024,"type":"barrierfence_folk"}
{"ctxid":0,"pos":[653.515198,584.634033,121.152969],"rotationMatrix":[-0.673261166,-0.73687464,-0.0611145496,0.73358053,-0.676026225,0.0696282536,-0.0926223397,0.00204556435,0.995699227],"scale":0.99999994,"type":"barrierfence_folk"}
{"ctxid":0,"pos":[651.577271,582.511597,120.97905],"rotationMatrix":[-0.673291087,-0.736900151,-0.0604772195,0.733607352,-0.675997019,0.0696310848,-0.0921935663,0.00251545012,0.99573791],"scale":1,"type":"barrierfence_folk"}
{"ctxid":0,"pos":[649.639038,580.38916,120.819916],"rotationMatrix":[-0.673326015,-0.736916125,-0.0598893687,0.733624756,-0.675977707,0.0696337521,-0.0917981192,0.00294988975,0.995773256],"scale":1,"type":"barrierfence_folk"}
{"ctxid":0,"pos":[647.700989,578.266724,120.65535],"rotationMatrix":[-0.673334599,-0.736948311,-0.0593934208,0.733658373,-0.675940871,0.0696358085,-0.091464445,0.00331372023,0.99580282],"scale":1,"type":"barrierfence_folk"}
{"ctxid":0,"pos":[645.762817,576.144043,120.492317],"rotationMatrix":[-0.673357129,-0.736953795,-0.0590709932,0.73366493,-0.675933838,0.0696374252,-0.091247648,0.00355254114,0.995821893],"scale":1.00000012,"type":"barrierfence_folk"}
{"ctxid":0,"pos":[643.824524,574.021606,120.332069],"rotationMatrix":[-0.673341155,-0.736971736,-0.0590285808,0.73368299,-0.675914049,0.0696375966,-0.0912191868,0.00358160213,0.995824397],"scale":0.99999994,"type":"barrierfence_folk"}
{"ctxid":0,"pos":[641.886353,571.899048,120.167488],"rotationMatrix":[-0.673321247,-0.736960113,-0.0593992434,0.733670175,-0.675928116,0.0696360022,-0.0914685726,0.0033079423,0.995802462],"scale":0.99999994,"type":"barrierfence_folk"}
{"ctxid":0,"pos":[639.948364,569.776489,119.98127],"rotationMatrix":[-0.673291802,-0.736907303,-0.060380429,0.733614743,-0.675988793,0.0696315169,-0.0921284705,0.00258634612,0.995743752],"scale":1.00000012,"type":"barrierfence_folk"}
{"ctxid":0,"pos":[638.010376,567.654175,119.788551],"rotationMatrix":[-0.673227072,-0.736823916,-0.0620948598,0.733528256,-0.676083326,0.0696237087,-0.0932817236,0.00132423267,0.995638847],"scale":1.00000024,"type":"barrierfence_folk"}
