{"ctxid":0,"pos":[-61.1865005,671.893982,74.2751007],"rotationMatrix":[-0.473357677,-0.880870342,0,0.880870342,-0.473357677,0,0,0,1],"scale":1,"type":"bollard_yellow"}
{"ctxid":0,"pos":[-54.2279015,671.898987,74.2751007],"rotationMatrix":[-0.529266357,-0.844958901,0.0769516975,0.846168816,-0.53231895,-0.0251970999,0.0622533597,0.0517781489,0.99671638],"scale":1,"type":"bollard_yellow"}
{"ctxid":0,"pos":[-55.9614983,671.905029,74.2751007],"rotationMatrix":[-0.357481837,-0.932969272,-0.0421311855,0.933903039,-0.357383847,-0.0100928964,-0.00564064225,-0.0429544672,0.999061108],"scale":1,"type":"bollard_yellow"}
{"ctxid":0,"pos":[-57.6824989,671.926025,74.2751007],"rotationMatrix":[-0.611001492,-0.789960206,0.0513811782,0.791419089,-0.611047268,0.0166445505,0.0182477962,0.0508338921,0.998540401],"scale":1,"type":"bollard_yellow"}
{"ctxid":0,"pos":[-59.3807983,671.922974,74.2751007],"rotationMatrix":[-0.490228534,-0.871593952,0,0.871593952,-0.490228534,0,0,0,1],"scale":1,"type":"bollard_yellow"}
{"ctxid":0,"pos":[-52.5867004,671.883972,74.2751007],"rotationMatrix":[-0.497142076,-0.867669165,0,0.867669165,-0.497142076,0,0,0,1],"scale":1,"type":"bollard_yellow"}
{"ctxid":0,"pos":[-50.8885002,671.874023,74.2751007],"rotationMatrix":[-0.617496729,-0.785422385,-0.0425375104,0.783761919,-0.61895752,0.0510765202,-0.0664455518,-0.00179969775,0.997788429],"scale":1,"type":"bollard_yellow"}
{"ctxid":0,"pos":[-49.1675987,671.838989,74.2751007],"rotationMatrix":[-0.497142076,-0.867669165,0,0.867669165,-0.497142076,0,0,0,1],"scale":1,"type":"bollard_yellow"}
{"ctxid":0,"pos":[-69.7331009,689.072021,74.1203003],"rotationMatrix":[-0.849904418,0.521693051,-0.0741542578,-0.525719821,-0.849062204,0.052077312,-0.0357932076,0.083245106,0.995886087],"scale":1,"type":"bollard_yellow"}
{"ctxid":0,"pos":[-69.7693024,690.77002,74.1203003],"rotationMatrix":[-0.881024003,0.473071575,0,-0.473071575,-0.881024003,0,0,0,1],"scale":1,"type":"bollard_yellow"}
{"ctxid":0,"pos":[-69.7702026,671.866028,74.1203003],"rotationMatrix":[-0.915869355,0.401267588,-0.0129481833,-0.400961578,-0.915851831,-0.0211003497,-0.0203255042,-0.0141334394,0.999693513],"scale":1,"type":"bollard_yellow"}
{"ctxid":0,"pos":[-69.7500992,673.598999,74.1203003],"rotationMatrix":[-0.867471457,0.497486949,0,-0.497486949,-0.867471457,0,0,0,1],"scale":1,"type":"bollard_yellow"}
{"ctxid":0,"pos":[-69.7146988,675.320007,74.1203003],"rotationMatrix":[-0.785351872,0.617587268,-0.0425253287,-0.619047403,-0.78367877,0.0512633063,-0.00166663167,0.0665849298,0.997779369],"scale":1,"type":"bollard_yellow"}
{"ctxid":0,"pos":[-69.7046967,677.018005,74.1203003],"rotationMatrix":[-0.867471457,0.497486949,0,-0.497486949,-0.867471457,0,0,0,1],"scale":1,"type":"bollard_yellow"}
{"ctxid":0,"pos":[-69.665802,683.812012,74.1203003],"rotationMatrix":[-0.871725559,0.489994437,0,-0.489994437,-0.871725559,0,0,0,1],"scale":1,"type":"bollard_yellow"}
{"ctxid":0,"pos":[-69.6622009,682.114014,74.1203003],"rotationMatrix":[-0.790210724,0.610663176,0.0515508279,-0.610709012,-0.791679144,0.0166920405,0.0510049313,-0.0182923265,0.998530865],"scale":1,"type":"bollard_yellow"}
{"ctxid":0,"pos":[-69.6837006,680.393005,74.1203003],"rotationMatrix":[-0.932973623,0.35745427,-0.0422690026,-0.357359499,-0.933912992,-0.0100356992,-0.0430628732,0.00574218668,0.999055862],"scale":1,"type":"bollard_yellow"}
{"ctxid":0,"pos":[-69.6897964,678.658997,74.1203003],"rotationMatrix":[-0.844998717,0.529213071,0.0768811628,-0.532254934,-0.846212626,-0.0250773299,0.0517865606,-0.0621106885,0.996724844],"scale":1,"type":"bollard_yellow"}
{"ctxid":0,"pos":[-69.6945038,685.617981,74.1203003],"rotationMatrix":[-0.881024003,0.473071575,0,-0.473071575,-0.881024003,0,0,0,1],"scale":1,"type":"bollard_yellow"}
{"ctxid":0,"pos":[-69.7214966,687.351013,74.1203003],"rotationMatrix":[-0.828040481,0.553058326,0.0920620337,-0.556652665,-0.830568433,-0.0171422716,0.066983141,-0.065441072,0.995605707],"scale":1,"type":"bollard_yellow"}
{"ctxid":0,"pos":[-66.3388977,671.81897,74.2751007],"rotationMatrix":[-0.473357677,-0.880870342,0,0.880870342,-0.473357677,0,0,0,1],"scale":1,"type":"bollard_yellow"}
{"ctxid":0,"pos":[-64.6409988,671.85498,74.2751007],"rotationMatrix":[-0.521510005,-0.850037158,-0.0739199668,0.849191248,-0.525515795,0.0520319566,-0.083075203,-0.0356370024,0.995905876],"scale":1,"type":"bollard_yellow"}
{"ctxid":0,"pos":[-62.9197998,671.867004,74.2751007],"rotationMatrix":[-0.553077698,-0.828019261,0.0921365395,0.830558419,-0.556670547,-0.0170463417,0.0654044002,0.0670968294,0.995600462],"scale":1,"type":"bollard_yellow"}
{"ctxid":0,"pos":[-873.617004,891.551025,74.8697968],"rotationMatrix":[0.997643709,-0.000481827941,0.068606101,0.00468018884,0.998123884,-0.0610475838,-0.0684479773,0.0612248294,0.995774269],"scale":1,"type":"bollard_yellow"}
{"ctxid":0,"pos":[-872.017029,891.551025,74.8697968],"rotationMatrix":[0.997674465,-0.000627408386,-0.0681562051,-0.000627438189,0.999830723,-0.0183883663,0.0681562051,0.0183883682,0.997505188],"scale":1,"type":"bollard_yellow"}
{"ctxid":0,"pos":[-875.21698,891.552002,74.8697968],"rotationMatrix":[0.999976873,-0.00019111119,0.00679824594,-0.00019111119,0.998420715,0.0561786331,-0.00679824594,-0.0561786331,0.998397589],"scale":1,"type":"bollard_yellow"}
{"ctxid":0,"pos":[-876.817017,891.552979,74.8697968],"rotationMatrix":[0.999108315,-0.000539034139,0.0422171205,0.00262371893,0.998778582,-0.0493402556,-0.0421389602,0.0494070277,0.9978894],"scale":1,"type":"bollard_yellow"}
{"ctxid":0,"pos":[-902.382996,891.552979,74.8697968],"rotationMatrix":[0.998605371,-0.000579086773,-0.0527918413,0.0019096029,0.999681711,0.0251561068,0.0527604707,-0.0252218358,0.998288631],"scale":1,"type":"bollard_yellow"}
{"ctxid":0,"pos":[-900.78302,891.552979,74.8697968],"rotationMatrix":[0.999231577,-0.000647005392,0.0391897559,4.33754285e-05,0.999881387,0.0154016409,-0.0391950719,-0.015388106,0.999113083],"scale":1,"type":"bollard_yellow"}
{"ctxid":0,"pos":[-897.583008,891.551025,74.8697968],"rotationMatrix":[0.998856544,-0.000517737644,-0.0478051826,0.0024105378,0.999214888,0.0395448804,0.0477471761,-0.0396149009,0.998073578],"scale":1,"type":"bollard_yellow"}
{"ctxid":0,"pos":[-899.182983,891.552002,74.8697968],"rotationMatrix":[0.99793756,-0.000560185756,0.0641896576,0.00302542164,0.999261141,-0.0383147411,-0.0641207695,0.0384299196,0.99720192],"scale":1,"type":"bollard_yellow"}
{"ctxid":0,"pos":[-892.78302,891.547974,74.8697968],"rotationMatrix":[0.998431802,-0.000576168124,-0.0559786148,0.000619402679,0.999999523,0.000754993001,0.0559781529,-0.000788482314,0.998431683],"scale":1,"type":"bollard_yellow"}
{"ctxid":0,"pos":[-891.182983,891.546997,74.8697968],"rotationMatrix":[0.999159336,-0.000672360591,0.0409898646,-0.00164832664,0.998398066,0.0565560386,-0.0409622267,-0.056576062,0.99755764],"scale":1,"type":"bollard_yellow"}
{"ctxid":0,"pos":[-894.382996,891.549011,74.8697968],"rotationMatrix":[0.999133468,-0.000599419232,-0.0416167565,0.00263779797,0.998798132,0.048942145,0.0415374041,-0.0490095131,0.997934222],"scale":1,"type":"bollard_yellow"}
{"ctxid":0,"pos":[-895.982971,891.549988,74.8697968],"rotationMatrix":[0.999619007,-0.000364829932,0.0275990497,-0.00134083303,0.998090267,0.0617577583,-0.027568873,-0.0617712364,0.997709513],"scale":1,"type":"bollard_yellow"}
{"ctxid":0,"pos":[-889.583008,891.546021,74.8697968],"rotationMatrix":[0.997897148,-0.000595278572,0.0648145601,0.00461289007,0.998074532,-0.0618542694,-0.0646529421,0.0620231815,0.995978475],"scale":1,"type":"bollard_yellow"}
{"ctxid":0,"pos":[-887.982971,891.546021,74.8697968],"rotationMatrix":[0.999878168,-0.000584996247,-0.0155982925,0.000391517708,0.999922991,-0.0124039985,0.015604347,0.0123963803,0.999801397],"scale":1,"type":"bollard_yellow"}
{"ctxid":0,"pos":[-884.78302,891.544006,74.8697968],"rotationMatrix":[0.999976873,-0.00053260033,-0.00678004464,0.000157666596,0.998476386,-0.0551804453,0.00679910369,0.0551781021,0.998453379],"scale":1,"type":"bollard_yellow"}
{"ctxid":0,"pos":[-886.382996,891.544983,74.8697968],"rotationMatrix":[0.999744534,-0.000553122547,0.0225955714,0.000137338109,0.999830723,0.0183985569,-0.022601923,-0.0183907524,0.999575377],"scale":1,"type":"bollard_yellow"}
{"ctxid":0,"pos":[-879.982971,891.541016,74.8697968],"rotationMatrix":[0.998646021,-0.000498533365,-0.0520180389,0.00352486805,0.998304367,0.0581030622,0.0519008711,-0.0582077503,0.996954441],"scale":1,"type":"bollard_yellow"}
{"ctxid":0,"pos":[-878.382996,891.539978,74.8697968],"rotationMatrix":[0.999980688,-0.000456282316,0.00619800296,0.000234137697,0.999359131,0.0357948691,-0.00621036347,-0.035792727,0.999339938],"scale":1,"type":"bollard_yellow"}
{"ctxid":0,"pos":[-881.583008,891.541992,74.8697968],"rotationMatrix":[0.999949813,-0.000481963682,-0.0100069679,0.000713980757,0.999730706,0.0231949408,0.00999309402,-0.0232009217,0.999680877],"scale":1,"type":"bollard_yellow"}
{"ctxid":0,"pos":[-883.182983,891.54303,74.8697968],"rotationMatrix":[0.998541355,-0.000410154433,0.0539906844,0.00187904038,0.999629378,-0.0271583367,-0.0539595336,0.0272201728,0.998172045],"scale":1,"type":"bollard_yellow"}
{"ctxid":0,"pos":[-638.106018,92.9029007,102.226997],"rotationMatrix":[0.707081437,0.707132101,0,-0.707132101,0.707081437,0,0,0,1],"scale":1,"type":"bollard_yellow"}
{"ctxid":0,"pos":[-636.974976,94.0343018,102.226997],"rotationMatrix":[0.707081437,0.707132101,0,-0.707132101,0.707081437,0,0,0,1],"scale":1,"type":"bollard_yellow"}
{"ctxid":0,"pos":[-634.711975,96.2969971,102.139999],"rotationMatrix":[0.707081437,0.707132101,0,-0.707132101,0.707081437,0,0,0,1],"scale":1,"type":"bollard_yellow"}
{"ctxid":0,"pos":[-635.843018,95.1656036,102.139999],"rotationMatrix":[0.707081437,0.707132101,0,-0.707132101,0.707081437,0,0,0,1],"scale":1,"type":"bollard_yellow"}
{"ctxid":0,"pos":[-640.369019,90.6400986,102.177002],"rotationMatrix":[0.707081437,0.707132101,0,-0.707132101,0.707081437,0,0,0,1],"scale":1,"type":"bollard_yellow"}
{"ctxid":0,"pos":[-639.237,91.7714996,102.177002],"rotationMatrix":[0.707081437,0.707132101,0,-0.707132101,0.707081437,0,0,0,1],"scale":1,"type":"bollard_yellow"}
{"ctxid":0,"pos":[-641.5,89.5087967,102.264],"rotationMatrix":[0.707081437,0.707132101,0,-0.707132101,0.707081437,0,0,0,1],"scale":1,"type":"bollard_yellow"}
{"ctxid":0,"pos":[-642.630981,88.3774033,102.264],"rotationMatrix":[0.707081437,0.707132101,0,-0.707132101,0.707081437,0,0,0,1],"scale":1,"type":"bollard_yellow"}
{"ctxid":0,"pos":[-647.156982,83.8518982,102.389],"rotationMatrix":[0.707081437,0.707132101,0,-0.707132101,0.707081437,0,0,0,1],"scale":1,"type":"bollard_yellow"}
{"ctxid":0,"pos":[-646.026001,84.9832993,102.389],"rotationMatrix":[0.707081437,0.707132101,0,-0.707132101,0.707081437,0,0,0,1],"scale":1,"type":"bollard_yellow"}
{"ctxid":0,"pos":[-643.763,87.2460022,102.302002],"rotationMatrix":[0.707081437,0.707132101,0,-0.707132101,0.707081437,0,0,0,1],"scale":1,"type":"bollard_yellow"}
{"ctxid":0,"pos":[-644.893982,86.1147003,102.302002],"rotationMatrix":[0.707081437,0.707132101,0,-0.707132101,0.707081437,0,0,0,1],"scale":1,"type":"bollard_yellow"}
{"ctxid":0,"pos":[-649.419983,81.5892029,102.439003],"rotationMatrix":[0.707081437,0.707132101,0,-0.707132101,0.707081437,0,0,0,1],"scale":1,"type":"bollard_yellow"}
{"ctxid":0,"pos":[-648.288025,82.7205963,102.439003],"rotationMatrix":[0.707081437,0.707132101,0,-0.707132101,0.707081437,0,0,0,1],"scale":1,"type":"bollard_yellow"}
{"ctxid":0,"pos":[-650.551025,80.4578018,102.526001],"rotationMatrix":[0.707081437,0.707132101,0,-0.707132101,0.707081437,0,0,0,1],"scale":1,"type":"bollard_yellow"}
{"ctxid":0,"pos":[-651.682007,79.3264008,102.526001],"rotationMatrix":[0.707081437,0.707132101,0,-0.707132101,0.707081437,0,0,0,1],"scale":1,"type":"bollard_yellow"}
{"ctxid":0,"pos":[-237.795898,-19.0747166,120.446823],"rotationMatrix":[0.999299943,0.0374023542,0,-0.0374023542,0.999299943,0,0,0,0.999999642],"scale":1,"type":"bollard_yellow"}
{"ctxid":0,"pos":[-230.216675,-18.0030117,120.649384],"rotationMatrix":[0.999299943,0.0374023542,0,-0.0374023542,0.999299943,0,0,0,0.999999642],"scale":1,"type":"bollard_yellow"}
{"ctxid":0,"pos":[-227.743362,-17.5611324,120.710373],"rotationMatrix":[0.999299943,0.0374023542,0,-0.0374023542,0.999299943,0,0,0,0.999999642],"scale":1,"type":"bollard_yellow"}
{"ctxid":0,"pos":[-201.625977,-13.6151609,121.28994],"rotationMatrix":[0.999299943,0.0374023542,0,-0.0374023542,0.999299943,0,0,0,0.999999642],"scale":1,"type":"bollard_yellow"}
{"ctxid":0,"pos":[-217.192093,-15.8191833,120.919205],"rotationMatrix":[0.999299943,0.0374023542,0,-0.0374023542,0.999299943,0,0,0,0.999999642],"scale":1,"type":"bollard_yellow"}
{"ctxid":0,"pos":[-219.544632,-16.2556934,120.812363],"rotationMatrix":[0.999299943,0.0374023542,0,-0.0374023542,0.999299943,0,0,0,0.999999642],"scale":1,"type":"bollard_yellow"}
{"ctxid":0,"pos":[-222.449112,-16.5656643,120.800385],"rotationMatrix":[0.999299943,0.0374023542,0,-0.0374023542,0.999299943,0,0,0,0.999999642],"scale":1,"type":"bollard_yellow"}
{"ctxid":0,"pos":[-232.75386,-18.3227005,120.589745],"rotationMatrix":[0.999299943,0.0374023542,0,-0.0374023542,0.999299943,0,0,0,0.999999642],"scale":1,"type":"bollard_yellow"}
{"ctxid":0,"pos":[-224.997726,-17.1135139,120.758537],"rotationMatrix":[0.999299943,0.0374023542,0,-0.0374023542,0.999299943,0,0,0,0.999999642],"scale":1,"type":"bollard_yellow"}
{"ctxid":0,"pos":[-235.36676,-18.7822933,120.480858],"rotationMatrix":[0.999299943,0.0374023542,0,-0.0374023542,0.999299943,0,0,0,0.999999642],"scale":1,"type":"bollard_yellow"}
{"ctxid":0,"pos":[-258.766937,-43.457901,120.201622],"rotationMatrix":[1,0,0,0,1,0,0,0,1],"scale":1,"type":"bollard_yellow"}
{"ctxid":0,"pos":[-257.470306,-43.3910103,120.284386],"rotationMatrix":[1,0,0,0,1,0,0,0,1],"scale":1,"type":"bollard_yellow"}
{"ctxid":0,"pos":[-256.275757,-43.2392654,120.374084],"rotationMatrix":[1,0,0,0,1,0,0,0,1],"scale":1,"type":"bollard_yellow"}
{"ctxid":0,"pos":[-214.605804,-15.4478951,120.989273],"rotationMatrix":[0.999299943,0.0374023542,0,-0.0374023542,0.999299943,0,0,0,0.999999642],"scale":1,"type":"bollard_yellow"}
{"ctxid":0,"pos":[-212.078476,-15.1062803,121.059967],"rotationMatrix":[0.999299943,0.0374023542,0,-0.0374023542,0.999299943,0,0,0,0.999999642],"scale":1,"type":"bollard_yellow"}
{"ctxid":0,"pos":[-209.476547,-14.7401743,121.068962],"rotationMatrix":[0.999299943,0.0374023542,0,-0.0374023542,0.999299943,0,0,0,0.999999642],"scale":1,"type":"bollard_yellow"}
{"ctxid":0,"pos":[-206.882034,-14.3891039,121.152817],"rotationMatrix":[0.999299943,0.0374023542,0,-0.0374023542,0.999299943,0,0,0,0.999999642],"scale":1,"type":"bollard_yellow"}
{"ctxid":0,"pos":[-204.252319,-13.9923134,121.234291],"rotationMatrix":[0.999299943,0.0374023542,0,-0.0374023542,0.999299943,0,0,0,0.999999642],"scale":1,"type":"bollard_yellow"}
{"ctxid":0,"pos":[-243.365662,-66.2435532,120.381737],"rotationMatrix":[0.973054111,0.23057577,0,-0.23057577,0.973054111,0,0,0,0.999999762],"scale":1,"type":"bollard_yellow"}
{"ctxid":0,"pos":[-242.88707,-67.5385513,120.326431],"rotationMatrix":[0.973054111,0.23057577,0,-0.23057577,0.973054111,0,0,0,0.999999762],"scale":1,"type":"bollard_yellow"}
{"ctxid":0,"pos":[-242.028793,-70.0103607,120.310188],"rotationMatrix":[0.973054111,0.23057577,0,-0.23057577,0.973054111,0,0,0,0.999999762],"scale":1,"type":"bollard_yellow"}
{"ctxid":0,"pos":[-241.624878,-71.3227921,120.316185],"rotationMatrix":[0.973054111,0.23057577,0,-0.23057577,0.973054111,0,0,0,0.999999762],"scale":1,"type":"bollard_yellow"}
{"ctxid":0,"pos":[-241.266525,-72.5458527,120.284027],"rotationMatrix":[0.973054111,0.23057577,0,-0.23057577,0.973054111,0,0,0,0.999999762],"scale":1,"type":"bollard_yellow"}
{"ctxid":0,"pos":[-242.373947,-68.8284454,120.373886],"rotationMatrix":[0.973054111,0.23057577,0,-0.23057577,0.973054111,0,0,0,0.999999762],"scale":1,"type":"bollard_yellow"}
{"ctxid":0,"pos":[-139.062958,32.32967,122.607506],"rotationMatrix":[0.0375999063,-0.99929285,0,0.99929285,0.0375999063,0,0,0,0.999999881],"scale":1,"type":"bollard_yellow"}
{"ctxid":0,"pos":[-137.389023,31.7834587,122.395576],"rotationMatrix":[-0.64987874,-0.76003778,0,0.76003778,-0.64987874,0,0,0,0.999999881],"scale":1,"type":"bollard_yellow"}
{"ctxid":0,"pos":[-54.7694016,79.3280487,122.936218],"rotationMatrix":[1,0,0,0,1,0,0,0,1],"scale":1,"type":"bollard_yellow"}
{"ctxid":0,"pos":[-55.2664528,83.1532288,123.274574],"rotationMatrix":[1,0,0,0,1,0,0,0,1],"scale":1,"type":"bollard_yellow"}
{"ctxid":0,"pos":[-56.2656136,86.449028,123.661537],"rotationMatrix":[1,0,0,0,1,0,0,0,1],"scale":1,"type":"bollard_yellow"}
{"ctxid":0,"pos":[-131.092117,2.67756534,120.900703],"rotationMatrix":[-0.986454368,-0.164035589,0,0.164035589,-0.986454368,0,0,0,0.999999881],"scale":1,"type":"bollard_yellow"}
{"ctxid":0,"pos":[-144.110992,21.5989494,121.780296],"rotationMatrix":[1,0,0,0,1,0,0,0,1],"scale":1,"type":"bollard_yellow"}
{"ctxid":0,"pos":[-144.404556,20.2565937,121.689926],"rotationMatrix":[1,0,0,0,1,0,0,0,1],"scale":1,"type":"bollard_yellow"}
{"ctxid":0,"pos":[-258.629242,-111.063438,119.090485],"rotationMatrix":[1,0,0,0,1,0,0,0,1],"scale":1,"type":"bollard_yellow"}
{"ctxid":0,"pos":[-260.839905,-110.84845,119.089111],"rotationMatrix":[1,0,0,0,1,0,0,0,1],"scale":1,"type":"bollard_yellow"}
{"ctxid":0,"pos":[-263.437897,-110.507439,119.088478],"rotationMatrix":[1,0,0,0,1,0,0,0,1],"scale":1,"type":"bollard_yellow"}
{"ctxid":0,"pos":[-256.768372,-111.812531,119.092957],"rotationMatrix":[1,0,0,0,1,0,0,0,1],"scale":1,"type":"bollard_yellow"}
{"ctxid":0,"pos":[-255.793396,-113.164841,119.093468],"rotationMatrix":[1,0,0,0,1,0,0,0,1],"scale":1,"type":"bollard_yellow"}
{"ctxid":0,"pos":[-254.995987,-114.691734,119.093864],"rotationMatrix":[1,0,0,0,1,0,0,0,1],"scale":1,"type":"bollard_yellow"}
{"ctxid":0,"pos":[-253.782089,-115.997597,119.094589],"rotationMatrix":[1,0,0,0,1,0,0,0,1],"scale":1,"type":"bollard_yellow"}
{"ctxid":0,"pos":[-252.428741,-117.258217,119.095901],"rotationMatrix":[1,0,0,0,1,0,0,0,1],"scale":1,"type":"bollard_yellow"}
{"ctxid":0,"pos":[-80.0632553,4.43309927,119.394531],"rotationMatrix":[-0.429895997,-0.901923835,0.0415039398,0.902701616,-0.430266738,0,0.0178577658,0.0374656767,0.999138117],"scale":1,"type":"bollard_yellow"}
{"ctxid":0,"pos":[-84.4720764,0.248147815,119.549477],"rotationMatrix":[-0.883342087,-0.468525827,-0.0137851508,0.468709499,-0.883188903,-0.0169764571,-0.00422098394,-0.0214572567,0.999760568],"scale":1,"type":"bollard_yellow"}
{"ctxid":0,"pos":[-157.785049,-55.6857529,119.249031],"rotationMatrix":[-0.872105777,0.489317119,0,-0.489317119,-0.872105777,0,0,0,0.999999881],"scale":1,"type":"bollard_yellow"}
{"ctxid":0,"pos":[-159.925522,-56.9990005,119.348259],"rotationMatrix":[-0.998010516,0.063046895,0,-0.063046895,-0.998010516,0,0,0,0.999999881],"scale":1,"type":"bollard_yellow"}
{"ctxid":0,"pos":[-107.100517,120.660553,123.770294],"rotationMatrix":[1,0,0,0,1,0,0,0,1],"scale":1,"type":"bollard_yellow"}
{"ctxid":0,"pos":[-108.333511,121.892632,123.728706],"rotationMatrix":[1,0,0,0,1,0,0,0,1],"scale":1,"type":"bollard_yellow"}
{"ctxid":0,"pos":[-108.493622,119.135628,123.8022],"rotationMatrix":[1,0,0,0,1,0,0,0,1],"scale":1,"type":"bollard_yellow"}
{"ctxid":0,"pos":[-99.4654312,114.079857,123.894287],"rotationMatrix":[1,0,0,0,1,0,0,0,1],"scale":1,"type":"bollard_yellow"}
{"ctxid":0,"pos":[-102.215515,111.18409,124.070435],"rotationMatrix":[1,0,0,0,1,0,0,0,1],"scale":1,"type":"bollard_yellow"}
{"ctxid":0,"pos":[-79.4336243,109.561348,126.18956],"rotationMatrix":[1,0,0,0,1,0,0,0,1],"scale":1,"type":"bollard_yellow"}
{"ctxid":0,"pos":[-80.4918518,108.496811,126.158554],"rotationMatrix":[1,0,0,0,1,0,0,0,1],"scale":1,"type":"bollard_yellow"}
{"ctxid":0,"pos":[-81.7705612,107.107376,126.116928],"rotationMatrix":[1,0,0,0,1,0,0,0,1],"scale":1,"type":"bollard_yellow"}
{"ctxid":0,"pos":[-173.83876,-13.6977339,121.285507],"rotationMatrix":[1,0,0,0,1,0,0,0,1],"scale":1,"type":"bollard_yellow"}
{"ctxid":0,"pos":[-175.300018,-11.9847879,121.451042],"rotationMatrix":[1,0,0,0,1,0,0,0,1],"scale":1,"type":"bollard_yellow"}
{"ctxid":0,"pos":[-23.6017056,55.850666,119.995384],"rotationMatrix":[1,0,0,0,1,0,0,0,1],"scale":1,"type":"bollard_yellow"}
{"ctxid":0,"pos":[-26.9720898,52.9171257,119.999084],"rotationMatrix":[1,0,0,0,1,0,0,0,1],"scale":1,"type":"bollard_yellow"}
{"ctxid":0,"pos":[-250.780289,-117.816299,119.097145],"rotationMatrix":[1,0,0,0,1,0,0,0,1],"scale":1,"type":"bollard_yellow"}
{"ctxid":0,"pos":[-249.221939,-117.839584,119.09906],"rotationMatrix":[1,0,0,0,1,0,0,0,1],"scale":1,"type":"bollard_yellow"}
{"ctxid":0,"pos":[-247.651245,-117.580605,119.101494],"rotationMatrix":[1,0,0,0,1,0,0,0,1],"scale":1,"type":"bollard_yellow"}
{"ctxid":0,"pos":[-246.135635,-117.007217,119.104568],"rotationMatrix":[1,0,0,0,1,0,0,0,1],"scale":1,"type":"bollard_yellow"}
{"ctxid":0,"pos":[-217.815933,13.9300518,122.348106],"rotationMatrix":[1,0,0,0,1,0,0,0,1],"scale":1,"type":"bollard_yellow"}
{"ctxid":0,"pos":[-215.802231,11.6309528,122.352203],"rotationMatrix":[1,0,0,0,1,0,0,0,1],"scale":1,"type":"bollard_yellow"}
{"ctxid":0,"pos":[-214.433929,10.3052521,122.348106],"rotationMatrix":[1,0,0,0,1,0,0,0,1],"scale":1,"type":"bollard_yellow"}
{"ctxid":0,"pos":[-216.858002,12.8329458,122.348106],"rotationMatrix":[1,0,0,0,1,0,0,0,1],"scale":1,"type":"bollard_yellow"}
{"ctxid":0,"pos":[-212.445801,12.3683786,122.348106],"rotationMatrix":[1,0,0,0,1,0,0,0,1],"scale":1,"type":"bollard_yellow"}
{"ctxid":0,"pos":[-209.938049,15.2099104,122.348106],"rotationMatrix":[1,0,0,0,1,0,0,0,1],"scale":1,"type":"bollard_yellow"}
{"ctxid":0,"pos":[-207.225601,18.1402016,122.348106],"rotationMatrix":[1,0,0,0,1,0,0,0,1],"scale":1,"type":"bollard_yellow"}
{"ctxid":0,"pos":[-70.7315445,-7.1243906,119.250069],"rotationMatrix":[-0.423163563,-0.906032324,0.00612863153,0.905960679,-0.423207313,-0.0114164781,0.0129373837,0.000721261371,0.999915719],"scale":1,"type":"bollard_yellow"}
{"ctxid":0,"pos":[-72.2847824,-9.78299046,119.375732],"rotationMatrix":[-0.0246240906,-0.999696672,0,0.999696672,-0.0246240906,0,0,0,0.999999881],"scale":1,"type":"bollard_yellow"}
{"ctxid":0,"pos":[-150.162735,22.65065,122.356949],"rotationMatrix":[-0.993589163,-0.113050632,0,0.113050632,-0.993589163,0,0,0,0.999999881],"scale":1,"type":"bollard_yellow"}
{"ctxid":0,"pos":[-151.210236,21.5821228,122.327736],"rotationMatrix":[-0.932629466,-0.360835522,0,0.360835522,-0.932629466,0,0,0,0.999999881],"scale":1,"type":"bollard_yellow"}
{"ctxid":0,"pos":[-197.170761,-12.1670732,121.278694],"rotationMatrix":[1,0,0,0,1,0,0,0,1],"scale":1,"type":"bollard_yellow"}
{"ctxid":0,"pos":[-198.569931,-12.3394766,121.219826],"rotationMatrix":[1,0,0,0,1,0,0,0,1],"scale":1,"type":"bollard_yellow"}
{"ctxid":0,"pos":[-235.882919,-2.89190531,120.654602],"rotationMatrix":[1,0,0,0,1,0,0,0,1],"scale":1,"type":"bollard_yellow"}
{"ctxid":0,"pos":[-232.472305,-2.44948626,120.758408],"rotationMatrix":[1,0,0,0,1,0,0,0,1],"scale":1,"type":"bollard_yellow"}
{"ctxid":0,"pos":[-191.062317,5.57231569,122.115768],"rotationMatrix":[1,0,0,0,1,0,0,0,1],"scale":1,"type":"bollard_yellow"}
{"ctxid":0,"pos":[-189.444504,3.93852997,122.096603],"rotationMatrix":[1,0,0,0,1,0,0,0,1],"scale":1,"type":"bollard_yellow"}
{"ctxid":0,"pos":[-236.480606,49.599369,120.81395],"rotationMatrix":[1,0,0,0,1,0,0,0,1],"scale":1,"type":"bollard_yellow"}
{"ctxid":0,"pos":[-238.546051,47.2737999,120.789261],"rotationMatrix":[1,0,0,0,1,0,0,0,1],"scale":1,"type":"bollard_yellow"}
{"ctxid":0,"pos":[636.325867,-316.970734,152.18042],"rotationMatrix":[0.999038815,-0.00313139241,-0.0437192358,0,0.99744463,-0.071442008,0.0438312329,0.0713733509,0.996485889],"scale":1,"type":"bollard_yellow"}
{"ctxid":0,"pos":[635.845886,-314.674255,152.310913],"rotationMatrix":[1,0,0,0,1,0,0,0,1],"scale":1,"type":"bollard_yellow"}
{"ctxid":0,"pos":[635.79541,-316.234833,152.310913],"rotationMatrix":[1,0,0,0,1,0,0,0,1],"scale":1,"type":"bollard_yellow"}
{"ctxid":0,"pos":[636.342041,-325.408966,152.174652],"rotationMatrix":[-0.980112135,0.198443964,0,-0.198443964,-0.980112135,0,0,0,0.999999881],"scale":1,"type":"bollard_yellow"}
{"ctxid":0,"pos":[636.304382,-326.889496,151.75238],"rotationMatrix":[-0.952340543,-0.305036664,0,0.305036664,-0.952340543,0,0,0,0.999999881],"scale":1,"type":"bollard_yellow"}
{"ctxid":0,"pos":[205.12532,-301.862671,142.166092],"rotationMatrix":[1,0,0,0,1,0,0,0,1],"scale":1,"type":"bollard_yellow"}
{"ctxid":0,"pos":[205.083298,-300.380493,142.152985],"rotationMatrix":[1,0,0,0,1,0,0,0,1],"scale":1,"type":"bollard_yellow"}
{"ctxid":0,"pos":[203.324799,-317.155457,142.11792],"rotationMatrix":[1,0,0,0,1,0,0,0,1],"scale":1,"type":"bollard_yellow"}
{"ctxid":0,"pos":[203.663864,-314.582611,142.021271],"rotationMatrix":[1,0,0,0,1,0,0,0,1],"scale":1,"type":"bollard_yellow"}
{"ctxid":0,"pos":[-7.1148262,68.5837326,119.610603],"rotationMatrix":[1,0,0,0,1,0,0,0,1],"scale":1,"type":"bollard_yellow"}
{"ctxid":0,"pos":[-7.1650672,70.2448578,119.100487],"rotationMatrix":[1,0,0,0,1,0,0,0,1],"scale":1,"type":"bollard_yellow"}
{"ctxid":0,"pos":[-6.38160515,79.4557571,118.879425],"rotationMatrix":[1,0,0,0,1,0,0,0,1],"scale":1,"type":"bollard_yellow"}
{"ctxid":0,"pos":[-6.53516388,80.7492905,119.128983],"rotationMatrix":[1,0,0,0,1,0,0,0,1],"scale":1,"type":"bollard_yellow"}
{"ctxid":0,"pos":[195.555923,-313.453094,141.503983],"rotationMatrix":[1,0,0,0,1,0,0,0,1],"scale":1,"type":"bollard_yellow"}
{"ctxid":0,"pos":[199.637451,-313.90625,141.785339],"rotationMatrix":[1,0,0,0,1,0,0,0,1],"scale":1,"type":"bollard_yellow"}
{"ctxid":0,"pos":[640.312744,-316.861237,152.177444],"rotationMatrix":[0.99626416,0,0.0863571763,0.00498460094,0.998332679,-0.0575051159,-0.0862131938,0.0577207506,0.994603097],"scale":1,"type":"bollard_yellow"}
{"ctxid":0,"pos":[640.596924,-325.924835,152.067795],"rotationMatrix":[-0.606668353,-0.794954896,0,0.794954896,-0.606668353,0,0,0,0.999999881],"scale":1,"type":"bollard_yellow"}
{"ctxid":0,"pos":[-61.1118622,647.855774,74.7347565],"rotationMatrix":[1,0,0,0,1,0,0,0,1],"scale":1,"type":"bollard_yellow"}
{"ctxid":0,"pos":[-60.8341255,642.989441,74.7347488],"rotationMatrix":[1,0,0,0,1,0,0,0,1],"scale":1,"type":"bollard_yellow"}
{"ctxid":0,"pos":[-543.576965,293.858215,102.592484],"rotationMatrix":[1,0,0,0,1,0,0,0,1],"scale":1,"type":"bollard_yellow"}
{"ctxid":0,"pos":[-544.422485,292.935516,102.59388],"rotationMatrix":[1,0,0,0,1,0,0,0,1],"scale":1,"type":"bollard_yellow"}
{"ctxid":0,"pos":[-545.311157,293.476501,102.49868],"rotationMatrix":[1,0,0,0,1,0,0,0,1],"scale":1,"type":"bollard_yellow"}
{"ctxid":0,"pos":[-553.080627,285.207489,103.91172],"rotationMatrix":[1,0,0,0,1,0,0,0,1],"scale":1,"type":"bollard_yellow"}
{"ctxid":0,"pos":[-551.9823,286.415253,104.07476],"rotationMatrix":[1,0,0,0,1,0,0,0,1],"scale":1,"type":"bollard_yellow"}
{"ctxid":0,"pos":[-552.819092,287.436707,104.042206],"rotationMatrix":[1,0,0,0,1,0,0,0,1],"scale":1,"type":"bollard_yellow"}
{"ctxid":0,"pos":[-425.587463,155.148026,99.8006134],"rotationMatrix":[1,0,0,0,1,0,0,0,1],"scale":1,"type":"bollard_yellow"}
{"ctxid":0,"pos":[-402.4711,210.189972,100.372299],"rotationMatrix":[0.99999994,0,0,0,0.996194005,0.0871630684,0,-0.0871630758,0.996193945],"scale":1,"type":"bollard_yellow"}
{"ctxid":0,"pos":[-405.247345,204.960571,100.321228],"rotationMatrix":[1,0,0,0,1,0,0,0,1],"scale":1,"type":"bollard_yellow"}
{"ctxid":0,"pos":[-371.598022,188.880936,102.279022],"rotationMatrix":[1,0,0,0,1,0,0,0,1],"scale":1,"type":"bollard_yellow"}
{"ctxid":0,"pos":[-368.305664,193.962601,102.901703],"rotationMatrix":[1,0,0,0,1,0,0,0,1],"scale":1,"type":"bollard_yellow"}
{"ctxid":0,"pos":[-1.89390671,70.437355,118.977165],"rotationMatrix":[1,0,0,0,1,0,0,0,1],"scale":1,"type":"bollard_yellow"}
{"ctxid":0,"pos":[-2.74077082,71.9864426,119.033249],"rotationMatrix":[1,0,0,0,1,0,0,0,1],"scale":1,"type":"bollard_yellow"}
{"ctxid":0,"pos":[876.552246,-523.378235,163.157532],"rotationMatrix":[1,0,0,0,1,0,0,0,1],"scale":1,"type":"bollard_yellow"}
{"ctxid":0,"pos":[915.488159,-463.450378,160.54892],"rotationMatrix":[-0.983420074,0.181341633,0,-0.181341633,-0.983420074,0,0,0,0.999999881],"scale":1,"type":"bollard_yellow"}
{"ctxid":0,"pos":[933.461792,-466.707153,160.896393],"rotationMatrix":[-0.988678277,0.150050789,0,-0.150050789,-0.988678277,0,0,0,0.999999881],"scale":1,"type":"bollard_yellow"}
{"ctxid":0,"pos":[-253.497803,685.19928,74.8682022],"rotationMatrix":[1,0,0,0,1,0,0,0,1],"scale":1,"type":"bollard_yellow"}
{"ctxid":0,"pos":[-277.139374,685.28363,74.8678513],"rotationMatrix":[1,0,0,0,1,0,0,0,1],"scale":1,"type":"bollard_yellow"}
{"ctxid":0,"pos":[-143.59816,671.702087,74.8571854],"rotationMatrix":[1,0,0,0,1,0,0,0,1],"scale":1,"type":"bollard_yellow"}
{"ctxid":0,"pos":[-143.360077,652.927551,74.8968124],"rotationMatrix":[1,0,0,0,1,0,0,0,1],"scale":1,"type":"bollard_yellow"}
{"ctxid":0,"pos":[-85.8864822,671.826111,74.3347549],"rotationMatrix":[1,0,0,0,1,0,0,0,1],"scale":1,"type":"bollard_yellow"}
{"ctxid":0,"pos":[-70.1030884,709.597351,74.6342163],"rotationMatrix":[1,0,0,0,1,0,0,0,1],"scale":1,"type":"bollard_yellow"}
{"ctxid":0,"pos":[26.2146072,665.153442,74.7266846],"rotationMatrix":[1,0,0,0,1,0,0,0,1],"scale":1,"type":"bollard_yellow"}
{"ctxid":0,"pos":[26.1966,656.961548,74.7261887],"rotationMatrix":[1,0,0,0,1,0,0,0,1],"scale":1,"type":"bollard_yellow"}
{"ctxid":0,"pos":[72.8537598,625.865173,74.7347717],"rotationMatrix":[1,0,0,0,1,0,0,0,1],"scale":1,"type":"bollard_yellow"}
{"ctxid":0,"pos":[926.735107,-502.63089,162.678925],"rotationMatrix":[-0.643680334,0.765294433,0,-0.765294433,-0.643680334,0,0,0,0.999999762],"scale":1,"type":"bollard_yellow"}
{"ctxid":0,"pos":[914.650391,-500.011902,162.475174],"rotationMatrix":[-0.904856384,-0.425716788,0,0.425716788,-0.904856384,0,0,0,0.999999762],"scale":1,"type":"bollard_yellow"}
{"ctxid":0,"pos":[912.379395,-499.498138,162.405136],"rotationMatrix":[-0.92684561,0.37544179,0,-0.37544179,-0.92684561,0,0,0,0.999999642],"scale":1,"type":"bollard_yellow"}
{"ctxid":0,"pos":[909.042908,-498.753113,162.397308],"rotationMatrix":[-0.981717765,-0.19034183,0,0.19034183,-0.981717765,0,0,0,0.999999881],"scale":1,"type":"bollard_yellow"}
{"ctxid":0,"pos":[916.842712,-463.47168,160.530045],"rotationMatrix":[-0.601134956,0.799147487,0,-0.799147487,-0.601134956,0,0,0,0.999999881],"scale":1,"type":"bollard_yellow"}
{"ctxid":0,"pos":[-719.927551,803.839661,74.8550186],"rotationMatrix":[1,0,0,0,1,0,0,0,1],"scale":1,"type":"bollard_yellow"}
{"ctxid":0,"pos":[-716.800903,806.871887,74.8550186],"rotationMatrix":[1,0,0,0,1,0,0,0,1],"scale":1,"type":"bollard_yellow"}
{"ctxid":0,"pos":[-714.755371,808.933777,74.8550186],"rotationMatrix":[1,0,0,0,1,0,0,0,1],"scale":1,"type":"bollard_yellow"}
{"ctxid":0,"pos":[-712.374817,811.233887,74.8550186],"rotationMatrix":[1,0,0,0,1,0,0,0,1],"scale":1,"type":"bollard_yellow"}
{"ctxid":0,"pos":[-710.499573,813.214233,74.8550186],"rotationMatrix":[1,0,0,0,1,0,0,0,1],"scale":1,"type":"bollard_yellow"}
{"ctxid":0,"pos":[-708.334045,815.600098,74.8550186],"rotationMatrix":[1,0,0,0,1,0,0,0,1],"scale":1,"type":"bollard_yellow"}
{"ctxid":0,"pos":[302.038544,-189.029922,143.887863],"rotationMatrix":[1,0,0,0,1,0,0,0,1],"scale":1,"type":"bollard_yellow"}
{"ctxid":0,"pos":[68.2482758,447.991913,116.160004],"rotationMatrix":[1,0,0,0,1,0,0,0,1],"scale":1,"type":"bollard_yellow"}
{"ctxid":0,"pos":[67.241684,447.261292,116.160004],"rotationMatrix":[1,0,0,0,1,0,0,0,1],"scale":1,"type":"bollard_yellow"}
{"ctxid":0,"pos":[58.27742,459.47403,116.160004],"rotationMatrix":[1,0,0,0,1,0,0,0,1],"scale":1,"type":"bollard_yellow"}
{"ctxid":0,"pos":[59.3531342,460.427826,116.160004],"rotationMatrix":[1,0,0,0,1,0,0,0,1],"scale":1,"type":"bollard_yellow"}
{"ctxid":0,"pos":[-729.436707,598.600891,115.350342],"rotationMatrix":[0.99999994,0,0,0,0.99999994,0,0,0,0.999999881],"scale":1,"type":"bollard_yellow"}
{"ctxid":0,"pos":[-731.203369,598.743591,115.358673],"rotationMatrix":[0.99999994,0,0,0,0.99999994,0,0,0,0.999999881],"scale":1,"type":"bollard_yellow"}
{"ctxid":0,"pos":[-733.514099,598.751892,115.36657],"rotationMatrix":[0.99999994,0,0,0,0.99999994,0,0,0,0.999999881],"scale":1,"type":"bollard_yellow"}
{"ctxid":0,"pos":[-735.793945,598.594604,115.374359],"rotationMatrix":[0.99999994,0,0,0,0.99999994,0,0,0,0.999999881],"scale":1,"type":"bollard_yellow"}
{"ctxid":0,"pos":[-694.3927,616.330688,111.907204],"rotationMatrix":[0.99999994,0,0,0,0.99999994,0,0,0,0.999999881],"scale":1,"type":"bollard_yellow"}
{"ctxid":0,"pos":[-692.598206,617.786621,111.907539],"rotationMatrix":[0.99999994,0,0,0,0.99999994,0,0,0,0.999999881],"scale":1,"type":"bollard_yellow"}
{"ctxid":0,"pos":[-721.410278,630.22229,114.271111],"rotationMatrix":[0.99999994,0,0,0,0.99999994,0,0,0,0.999999881],"scale":1,"type":"bollard_yellow"}
{"ctxid":0,"pos":[-712.894897,632.115356,113.448654],"rotationMatrix":[0.99999994,0,0,0,0.99999994,0,0,0,0.999999881],"scale":1,"type":"bollard_yellow"}
{"ctxid":0,"pos":[-821.639709,599.903809,117.1437],"rotationMatrix":[0.99999994,0,0,0,0.99999994,0,0,0,0.999999881],"scale":1,"type":"bollard_yellow"}
{"ctxid":0,"pos":[-821.607605,601.576416,117.1437],"rotationMatrix":[0.99999994,0,0,0,0.99999994,0,0,0,0.999999881],"scale":1,"type":"bollard_yellow"}
{"ctxid":0,"pos":[658.743164,-838.789062,156.928299],"rotationMatrix":[0.99999994,0,0,0,0.99999994,0,0,0,0.999999881],"scale":1,"type":"bollard_yellow"}
{"ctxid":0,"pos":[693.002014,-819.818604,157.779144],"rotationMatrix":[0.998961389,0,0.0455618761,-0.000966596184,0.999774754,0.0211929865,-0.0455516167,-0.0212150216,0.998736382],"scale":1,"type":"bollard_yellow"}
{"ctxid":0,"pos":[652.171936,-861.71698,154.893921],"rotationMatrix":[0.876620173,-0.481182277,0,0.481182277,0.876620173,0,0,0,0.999999523],"scale":1,"type":"bollard_yellow"}
{"ctxid":0,"pos":[642.767761,-867.500427,154.737167],"rotationMatrix":[0.888433397,0.459004343,0,-0.459004343,0.888433397,0,0,0,0.999999285],"scale":1,"type":"bollard_yellow"}
{"ctxid":0,"pos":[645.749451,-865.503723,154.800949],"rotationMatrix":[0.876620173,-0.481182277,0,0.481182277,0.876620173,0,0,0,0.999999523],"scale":1,"type":"bollard_yellow"}
{"ctxid":0,"pos":[648.826477,-863.670593,154.799988],"rotationMatrix":[0.876620173,-0.481182277,0,0.481182277,0.876620173,0,0,0,0.999999523],"scale":1,"type":"bollard_yellow"}
{"ctxid":0,"pos":[936.420532,-492.768066,162.200836],"rotationMatrix":[0.999768019,0.00174146937,0.0214627702,0,0.996724248,-0.0808732882,-0.021533303,0.0808545351,0.996493042],"scale":1,"type":"bollard_yellow"}
{"ctxid":0,"pos":[937.920776,-485.561035,161.771179],"rotationMatrix":[0.996334136,-0.00341609353,-0.085478127,0,0.999202192,-0.0399326384,0.0855463594,0.0397862568,0.995539248],"scale":1,"type":"bollard_yellow"}
{"ctxid":0,"pos":[879.822327,-491.506775,162.004089],"rotationMatrix":[0.321032554,-0.947068155,0,0.947068155,0.321032554,0,0,0,0.999999881],"scale":1,"type":"bollard_yellow"}
{"ctxid":0,"pos":[879.513123,-493.03183,162.072372],"rotationMatrix":[0.321032554,-0.947068155,0,0.947068155,0.321032554,0,0,0,0.999999881],"scale":1,"type":"bollard_yellow"}
{"ctxid":0,"pos":[879.604309,-494.552185,162.195938],"rotationMatrix":[0.321032554,-0.947068155,0,0.947068155,0.321032554,0,0,0,0.999999881],"scale":1,"type":"bollard_yellow"}
{"ctxid":0,"pos":[874.111206,-522.220764,163.200409],"rotationMatrix":[-0.490688413,-0.871335089,0,0.871335089,-0.490688413,0,0,0,0.999999881],"scale":1,"type":"bollard_yellow"}
{"ctxid":0,"pos":[873.520264,-521.134827,163.181641],"rotationMatrix":[-0.490688413,-0.871335089,0,0.871335089,-0.490688413,0,0,0,0.999999881],"scale":1,"type":"bollard_yellow"}
{"ctxid":0,"pos":[-489.64563,118.039688,99.8622208],"rotationMatrix":[-0.968245864,-0.249062032,-0.0216237679,0.24912028,-0.968472302,0,-0.0209420249,-0.00538692018,0.999765813],"scale":1,"type":"bollard_yellow"}
{"ctxid":0,"pos":[-486.91037,117.164665,99.8622208],"rotationMatrix":[-0.970551372,-0.239276171,0.0278641488,0.238637388,-0.97080183,-0.0244005267,0.0328890383,-0.0170325451,0.999313474],"scale":1,"type":"bollard_yellow"}
{"ctxid":0,"pos":[-487.673309,152.859344,99.7689362],"rotationMatrix":[0.312204629,0.949336052,0.0359016061,-0.949883223,0.311309844,0.0284181256,0.0158018339,-0.0429746099,0.998950839],"scale":1,"type":"bollard_yellow"}
{"ctxid":0,"pos":[-486.26413,152.46434,99.7689362],"rotationMatrix":[0.311631292,0.947592676,0.0703824908,-0.94994843,0.312406003,0,-0.0219879188,-0.0668597519,0.997519732],"scale":1,"type":"bollard_yellow"}
{"ctxid":0,"pos":[-549.533081,1942.36316,79.1749039],"rotationMatrix":[0.99999994,0,0,0,0.99999994,0,0,0,0.999999881],"scale":1,"type":"bollard_yellow"}
{"ctxid":0,"pos":[-550.502136,1940.7832,79.1907349],"rotationMatrix":[0.99999994,0,0,0,0.99999994,0,0,0,0.999999881],"scale":1,"type":"bollard_yellow"}
{"ctxid":0,"pos":[-555.091492,1923.59192,79.1229935],"rotationMatrix":[0.99999994,0,0,0,0.99999994,0,0,0,0.999999881],"scale":1,"type":"bollard_yellow"}
{"ctxid":0,"pos":[-556.165955,1918.0907,79.0907364],"rotationMatrix":[0.99999994,0,0,0,0.99999994,0,0,0,0.999999881],"scale":1,"type":"bollard_yellow"}
{"ctxid":0,"pos":[-570.370361,1920.98059,79.4162292],"rotationMatrix":[0.99999994,0,0,0,0.99999994,0,0,0,0.999999881],"scale":1,"type":"bollard_yellow"}
{"ctxid":0,"pos":[-568.180542,1926.81689,79.3883209],"rotationMatrix":[0.99999994,0,0,0,0.99999994,0,0,0,0.999999881],"scale":1,"type":"bollard_yellow"}
{"ctxid":0,"pos":[-704.436462,1933.29944,84.2826233],"rotationMatrix":[0.99999994,0,0,0,0.99999994,0,0,0,0.999999881],"scale":1,"type":"bollard_yellow"}
{"ctxid":0,"pos":[-706.278015,1934.39587,84.2730103],"rotationMatrix":[0.99999994,0,0,0,0.99999994,0,0,0,0.999999881],"scale":1,"type":"bollard_yellow"}
{"ctxid":0,"pos":[-812.928894,1977.4519,82.6938629],"rotationMatrix":[0.99999994,0,0,0,0.99999994,0,0,0,0.999999881],"scale":1,"type":"bollard_yellow"}
{"ctxid":0,"pos":[-811.137878,1978.73987,82.72612],"rotationMatrix":[0.99999994,0,0,0,0.99999994,0,0,0,0.999999881],"scale":1,"type":"bollard_yellow"}
{"ctxid":0,"pos":[-70.6015244,-6.019907,119.250069],"rotationMatrix":[-0.702827871,-0.711359501,0,0.711133182,-0.702604294,-0.0252258256,0.0179446377,-0.0177294202,0.999681473],"scale":1,"type":"bollard_yellow"}
{"ctxid":0,"pos":[-69.8402481,-5.24937868,119.250069],"rotationMatrix":[-0.70202595,-0.710547864,0.0477575026,0.711359501,-0.702827871,0,0.0335653126,0.0339727625,0.998858631],"scale":1,"type":"bollard_yellow"}
{"ctxid":0,"pos":[-68.8798904,14.6688395,119.563141],"rotationMatrix":[-0.883342087,-0.468525827,-0.0137851508,0.468709499,-0.883188903,-0.0169764571,-0.00422098394,-0.0214572567,0.999760568],"scale":1,"type":"bollard_yellow"}
{"ctxid":0,"pos":[-64.5598068,18.6292992,119.62648],"rotationMatrix":[-0.883342087,-0.468525827,-0.0137851508,0.468709499,-0.883188903,-0.0169764571,-0.00422098394,-0.0214572567,0.999760568],"scale":1,"type":"bollard_yellow"}
{"ctxid":0,"pos":[905.011536,-511.860962,162.906662],"rotationMatrix":[-0.981717765,-0.19034183,0,0.19034183,-0.981717765,0,0,0,0.999999881],"scale":1,"type":"bollard_yellow"}
{"ctxid":0,"pos":[922.778992,-515.041443,162.74379],"rotationMatrix":[0.96466279,0.263486803,0,-0.263486803,0.96466279,0,0,0,0.999999762],"scale":1,"type":"bollard_yellow"}
{"ctxid":0,"pos":[-424.666168,154.494247,99.8233109],"rotationMatrix":[1,0,0,0,1,0,0,0,1],"scale":1,"type":"bollard_yellow"}
{"ctxid":0,"pos":[-425.814331,156.176361,99.8159332],"rotationMatrix":[1,0,0,0,1,0,0,0,1],"scale":1,"type":"bollard_yellow"}
{"ctxid":0,"pos":[-237.150787,-24.9061966,120.550446],"rotationMatrix":[0.999299943,0.0374023542,0,-0.0374023542,0.999299943,0,0,0,0.999999642],"scale":1,"type":"bollard_yellow"}
{"ctxid":0,"pos":[-236.944382,-26.813427,120.550446],"rotationMatrix":[0.999299884,0.0374023505,0,-0.0373708457,0.998458087,-0.0410378054,-0.00153491122,0.0410090946,0.999157131],"scale":1,"type":"bollard_yellow"}
