{"ctxid":0,"pos":[-80.0349884,654.037354,74.7362366],"rotationMatrix":[5.96046448e-08,-0.99999994,0,0.99999994,5.96046448e-08,0,0,0,1],"scale":1,"type":"constructionbarrier"}
{"ctxid":0,"pos":[-78.1925964,654.064087,74.7362366],"rotationMatrix":[0.029238224,-0.999572515,0,0.999572515,0.029238224,0,0,0,1],"scale":1,"type":"constructionbarrier"}
{"ctxid":0,"pos":[-76.33255,654.072571,74.7362366],"rotationMatrix":[-0.0121352673,-0.999926388,0,0.999926388,-0.0121352673,0,0,0,1],"scale":1,"type":"constructionbarrier"}
{"ctxid":0,"pos":[-74.4826965,654.044556,74.7362366],"rotationMatrix":[0.00632619858,-0.999980032,0,0.999980032,0.00632619858,0,0,0,1],"scale":1,"type":"constructionbarrier"}
{"ctxid":0,"pos":[-72.6370926,654.079407,74.7362366],"rotationMatrix":[0.0260605216,-0.999660373,0,0.999660373,0.0260605216,0,0,0,1],"scale":1,"type":"constructionbarrier"}
{"ctxid":0,"pos":[-70.7685547,654.070923,74.7362366],"rotationMatrix":[-0.0400681496,-0.999197006,0,0.999197006,-0.0400681496,0,0,0,1],"scale":1,"type":"constructionbarrier"}
{"ctxid":0,"pos":[-68.9042664,654.031006,74.7362366],"rotationMatrix":[-0.00782430172,-0.999969423,0,0.999969423,-0.00782430172,0,0,0,1],"scale":1,"type":"constructionbarrier"}
{"ctxid":0,"pos":[-67.0382767,654.032715,74.7362366],"rotationMatrix":[0.00122511387,-0.999999166,0,0.999999166,0.00122511387,0,0,0,1],"scale":1,"type":"constructionbarrier"}
{"ctxid":0,"pos":[-65.1867294,654.032715,74.7362366],"rotationMatrix":[-0.0113507509,-0.999935627,0,0.999935627,-0.0113507509,0,0,0,1],"scale":1,"type":"constructionbarrier"}
{"ctxid":0,"pos":[-63.3351784,654.015747,74.7362366],"rotationMatrix":[-0.0113507509,-0.999935627,0,0.999935627,-0.0113507509,0,0,0,1],"scale":1,"type":"constructionbarrier"}
{"ctxid":0,"pos":[-62.231041,652.809692,74.7362366],"rotationMatrix":[0.999077201,0.0429502018,0,-0.0429502018,0.999077201,0,0,0,1],"scale":1,"type":"constructionbarrier"}
{"ctxid":0,"pos":[-62.1715851,650.975159,74.7362366],"rotationMatrix":[0.99970907,0.0241190959,0,-0.0241190959,0.99970907,0,0,0,1],"scale":1,"type":"constructionbarrier"}
{"ctxid":0,"pos":[-61.653492,647.272034,74.7362366],"rotationMatrix":[0.849888623,0.52696234,0,-0.52696234,0.849888623,0,0,0,1],"scale":1,"type":"constructionbarrier"}
{"ctxid":0,"pos":[-61.1133156,645.47821,74.7362366],"rotationMatrix":[0.999676645,0.025427375,0,-0.025427375,0.999676645,0,0,0,1],"scale":1,"type":"constructionbarrier"}
{"ctxid":0,"pos":[2.52210903,671.470093,74.7362289],"rotationMatrix":[0.0366047174,-0.999329686,0,0.999329686,0.0366047174,0,0,0,0.999999762],"scale":1,"type":"constructionbarrier"}
{"ctxid":0,"pos":[0.670498967,671.411987,74.7362289],"rotationMatrix":[0.0260605216,-0.999660373,0,0.999660373,0.0260605216,0,0,0,1],"scale":1,"type":"constructionbarrier"}
{"ctxid":0,"pos":[-1.17510498,671.377136,74.7362289],"rotationMatrix":[0.00632619858,-0.999980032,0,0.999980032,0.00632619858,0,0,0,1],"scale":1,"type":"constructionbarrier"}
{"ctxid":0,"pos":[-3.02495837,671.405151,74.7362289],"rotationMatrix":[-0.0121352673,-0.999926388,0,0.999926388,-0.0121352673,0,0,0,1],"scale":1,"type":"constructionbarrier"}
{"ctxid":0,"pos":[-4.88500452,671.396667,74.7362289],"rotationMatrix":[0.029238224,-0.999572515,0,0.999572515,0.029238224,0,0,0,1],"scale":1,"type":"constructionbarrier"}
{"ctxid":0,"pos":[-6.72739649,671.369934,74.7362289],"rotationMatrix":[5.96046448e-08,-0.99999994,0,0.99999994,5.96046448e-08,0,0,0,1],"scale":1,"type":"constructionbarrier"}
{"ctxid":0,"pos":[4.40442371,671.451172,74.7362289],"rotationMatrix":[-0.0427697748,-0.999084711,0,0.999084711,-0.0427697748,0,0,0,0.999999762],"scale":1,"type":"constructionbarrier"}
{"ctxid":0,"pos":[6.17213917,671.696533,74.7298431],"rotationMatrix":[0.305541873,-0.952178419,0,0.952178419,0.305541873,0,0,0,0.999999642],"scale":1,"type":"constructionbarrier"}
{"ctxid":0,"pos":[7.13563871,673.46228,74.7362289],"rotationMatrix":[0.983234763,-0.182344139,0,0.182344139,0.983234763,0,0,0,1],"scale":1,"type":"constructionbarrier"}
{"ctxid":0,"pos":[7.33947945,675.357971,74.7362289],"rotationMatrix":[0.999916375,-0.0129301837,0,0.0129301837,0.999916375,0,0,0,1],"scale":1,"type":"constructionbarrier"}
{"ctxid":0,"pos":[7.34967136,677.223083,74.7362289],"rotationMatrix":[0.999790013,0.0204907935,0,-0.0204907935,0.999790013,0,0,0,1],"scale":1,"type":"constructionbarrier"}
{"ctxid":0,"pos":[7.24775076,679.088196,74.7362289],"rotationMatrix":[0.996690035,0.0812957138,0,-0.0812957138,0.996690035,0,0,0,1],"scale":1,"type":"constructionbarrier"}
{"ctxid":0,"pos":[7.20698309,680.943115,74.7362289],"rotationMatrix":[0.998116493,-0.0613467619,0,0.0613467619,0.998116493,0,0,0,1],"scale":1,"type":"constructionbarrier"}
{"ctxid":0,"pos":[7.28851938,682.81842,74.7362289],"rotationMatrix":[0.99999392,0.00348892296,0,-0.00348892296,0.99999392,0,0,0,1],"scale":1,"type":"constructionbarrier"}
{"ctxid":0,"pos":[7.28851938,684.683533,74.7362289],"rotationMatrix":[0.99999392,0.00348892296,0,-0.00348892296,0.99999392,0,0,0,1],"scale":1,"type":"constructionbarrier"}
{"ctxid":0,"pos":[-7.33643818,672.556641,74.7362289],"rotationMatrix":[0.99999392,0.00348892296,0,-0.00348892296,0.99999392,0,0,0,1],"scale":1,"type":"constructionbarrier"}
{"ctxid":0,"pos":[-7.33643818,674.403442,74.7362289],"rotationMatrix":[0.998412013,0.0563338958,0,-0.0563338958,0.998412013,0,0,0,1],"scale":1,"type":"constructionbarrier"}
{"ctxid":0,"pos":[-7.25082541,676.311401,74.7362289],"rotationMatrix":[0.990005612,-0.141027957,0,0.141027957,0.990005612,0,0,0,1],"scale":1,"type":"constructionbarrier"}
{"ctxid":0,"pos":[25.9711761,675.111389,74.7362137],"rotationMatrix":[0.999985933,-0.005305178,0,0.005305178,0.999985933,0,0,0,1],"scale":1,"type":"constructionbarrier"}
{"ctxid":0,"pos":[73.4281998,706.957581,74.7362289],"rotationMatrix":[-0.770815611,-0.637058198,0,0.637058198,-0.770815611,0,0,0,1],"scale":1,"type":"constructionbarrier"}
{"ctxid":0,"pos":[72.1992264,708.372498,74.7362289],"rotationMatrix":[-0.749260664,-0.662275314,0,0.662275314,-0.749260664,0,0,0,1],"scale":1,"type":"constructionbarrier"}
{"ctxid":0,"pos":[71.1212463,709.94458,74.7362289],"rotationMatrix":[-0.878710747,-0.477354735,0,0.477354735,-0.878710747,0,0,0,1],"scale":1,"type":"constructionbarrier"}
{"ctxid":0,"pos":[65.8672562,717.61908,74.7362289],"rotationMatrix":[-0.798281908,-0.602283835,0,0.602283835,-0.798281908,0,0,0,1],"scale":1,"type":"constructionbarrier"}
{"ctxid":0,"pos":[66.9505692,716.107056,74.7362289],"rotationMatrix":[-0.822512865,-0.568746567,0,0.568746567,-0.822512865,0,0,0,1],"scale":1,"type":"constructionbarrier"}
{"ctxid":0,"pos":[67.9981995,714.582214,74.7362289],"rotationMatrix":[-0.811873436,-0.583833575,0,0.583833575,-0.811873436,0,0,0,1],"scale":1,"type":"constructionbarrier"}
{"ctxid":0,"pos":[69.0946503,713.097229,74.7362289],"rotationMatrix":[-0.800192595,-0.599742949,0,0.599742949,-0.800192595,0,0,0,1],"scale":1,"type":"constructionbarrier"}
{"ctxid":0,"pos":[70.1690216,711.568359,74.7362289],"rotationMatrix":[-0.838082433,-0.545543551,0,0.545543551,-0.838082433,0,0,0,1],"scale":1,"type":"constructionbarrier"}
{"ctxid":0,"pos":[78.708992,699.26416,74.7362289],"rotationMatrix":[-0.846915841,-0.531727016,0,0.531727016,-0.846915841,0,0,0,1],"scale":1,"type":"constructionbarrier"}
{"ctxid":0,"pos":[77.6745148,700.766418,74.7362289],"rotationMatrix":[-0.785292387,-0.619125009,0,0.619125009,-0.785292387,0,0,0,1],"scale":1,"type":"constructionbarrier"}
{"ctxid":0,"pos":[76.5145035,702.239807,74.7362289],"rotationMatrix":[-0.802798867,-0.596249819,0,0.596249819,-0.802798867,0,0,0,1],"scale":1,"type":"constructionbarrier"}
{"ctxid":0,"pos":[75.4626617,703.810974,74.7362289],"rotationMatrix":[-0.831728697,-0.555182219,0,0.555182219,-0.831728697,0,0,0,1],"scale":1,"type":"constructionbarrier"}
{"ctxid":0,"pos":[74.5070267,705.428589,74.7362289],"rotationMatrix":[-0.877486467,-0.479601502,0,0.479601502,-0.877486467,0,0,0,1],"scale":1,"type":"constructionbarrier"}
{"ctxid":0,"pos":[79.6344604,697.624939,74.7362289],"rotationMatrix":[-0.886420369,-0.462881088,0,0.462881088,-0.886420369,0,0,0,1],"scale":1,"type":"constructionbarrier"}
{"ctxid":0,"pos":[80.6865158,696.0354,74.7362289],"rotationMatrix":[-0.760020256,-0.649899542,0,0.649899542,-0.760020256,0,0,0,1],"scale":1,"type":"constructionbarrier"}
{"ctxid":0,"pos":[81.8921204,694.600525,74.7362289],"rotationMatrix":[-0.781158805,-0.624332368,0,0.624332368,-0.781158805,0,0,0,1],"scale":1,"type":"constructionbarrier"}
{"ctxid":0,"pos":[18.8460922,700.835876,74.7362366],"rotationMatrix":[0.187179029,-0.982325852,0,0.982325852,0.187179029,0,0,0,1],"scale":1,"type":"constructionbarrier"}
{"ctxid":0,"pos":[17.0849094,700.557007,74.7362366],"rotationMatrix":[0.107830882,-0.994169235,0,0.994169235,0.107830882,0,0,0,1],"scale":1,"type":"constructionbarrier"}
{"ctxid":0,"pos":[15.2356682,700.278137,74.7362366],"rotationMatrix":[0.218276501,-0.975887001,0,0.975887001,0.218276501,0,0,0,1],"scale":1,"type":"constructionbarrier"}
{"ctxid":0,"pos":[13.3864269,699.896484,74.7362366],"rotationMatrix":[0.18690604,-0.982377768,0,0.982377768,0.18690604,0,0,0,1],"scale":1,"type":"constructionbarrier"}
{"ctxid":0,"pos":[11.3317137,698.105896,74.7362366],"rotationMatrix":[-0.287850857,-0.957675159,0,0.957675159,-0.287850857,0,0,0,1],"scale":1,"type":"constructionbarrier"}
{"ctxid":0,"pos":[20.4739857,701.763062,74.7362366],"rotationMatrix":[0.755252898,-0.655433476,0,0.655433476,0.755252898,0,0,0,1],"scale":1,"type":"constructionbarrier"}
{"ctxid":0,"pos":[21.3940983,703.41925,74.7362366],"rotationMatrix":[0.947920859,-0.318505883,0,0.318505883,0.947920859,0,0,0,1],"scale":1,"type":"constructionbarrier"}
{"ctxid":0,"pos":[-932.073059,550.429504,131.993774],"rotationMatrix":[-0.997177362,-0.0750807375,0,0.0750807375,-0.997177362,0,0,0,1],"scale":1,"type":"constructionbarrier"}
{"ctxid":0,"pos":[-932.25946,552.294312,131.993774],"rotationMatrix":[-0.994138241,-0.108115405,0,0.108115405,-0.994138241,0,0,0,1],"scale":1,"type":"constructionbarrier"}
{"ctxid":0,"pos":[-932.231995,554.200317,131.993774],"rotationMatrix":[-0.993059754,0.117610604,0,-0.117610604,-0.993059754,0,0,0,1],"scale":1,"type":"constructionbarrier"}
{"ctxid":0,"pos":[-933.377075,562.201294,132.113754],"rotationMatrix":[-0.999944448,0.0105436286,0,-0.0105436286,-0.999944448,0,0,0,1],"scale":1,"type":"constructionbarrier"}
{"ctxid":0,"pos":[-932.206116,559.770874,131.993774],"rotationMatrix":[-0.999212146,-0.0396860242,0,0.0396860242,-0.999212146,0,0,0,1],"scale":1,"type":"constructionbarrier"}
{"ctxid":0,"pos":[-932.079041,557.899963,131.993774],"rotationMatrix":[-0.997654676,-0.0684493408,0,0.0684493408,-0.997654676,0,0,0,1],"scale":1,"type":"constructionbarrier"}
{"ctxid":0,"pos":[-932.071838,556.075989,131.993774],"rotationMatrix":[-0.999259591,0.0384781733,0,-0.0384781733,-0.999259591,0,0,0,1],"scale":1,"type":"constructionbarrier"}
{"ctxid":0,"pos":[-933.168274,564.048035,132.113754],"rotationMatrix":[-0.985099554,0.171985298,0,-0.171985298,-0.985099554,0,0,0,1],"scale":1,"type":"constructionbarrier"}
{"ctxid":0,"pos":[-930.686951,547.87439,132.093491],"rotationMatrix":[0.0528845787,-0.998600662,0,0.998600662,0.0528845787,0,0,0,1],"scale":1,"type":"constructionbarrier"}
{"ctxid":0,"pos":[-928.866699,547.87439,132.093491],"rotationMatrix":[-0.043915987,-0.999035239,0,0.999035239,-0.043915987,0,0,0,1],"scale":1,"type":"constructionbarrier"}
{"ctxid":0,"pos":[-931.579651,564.683472,132.113754],"rotationMatrix":[-0.0306053162,-0.999531507,0,0.999531507,-0.0306053162,0,0,0,1],"scale":1,"type":"constructionbarrier"}
{"ctxid":0,"pos":[-929.721924,564.738586,132.113754],"rotationMatrix":[0.131310284,-0.991341352,0,0.991341352,0.131310284,0,0,0,1],"scale":1,"type":"constructionbarrier"}
{"ctxid":0,"pos":[-928.43457,533.701233,134.517029],"rotationMatrix":[-0.999999762,0.000837328029,-0.000184385179,-0.000857389066,-0.976560354,0.215242833,1.65615347e-07,0.215242922,0.976560533],"scale":1,"type":"constructionbarrier"}
{"ctxid":0,"pos":[-928.417053,535.528259,134.100067],"rotationMatrix":[-0.999994636,0.00315761124,-0.000919218757,-0.00328290486,-0.975018501,0.2220992,-0.000194952445,0.222101018,0.975023627],"scale":1,"type":"constructionbarrier"}
{"ctxid":0,"pos":[-928.417053,539.182739,133.264923],"rotationMatrix":[-0.999994636,0.00315498863,-0.000929035014,-0.00328315026,-0.974322915,0.225131109,-0.000194894033,0.225132927,0.974328041],"scale":1,"type":"constructionbarrier"}
{"ctxid":0,"pos":[-928.43457,537.356934,133.687561],"rotationMatrix":[-0.999999523,0.00083708961,-0.000186986479,-0.000857719569,-0.975885749,0.218279526,2.4207111e-07,0.218279615,0.975886285],"scale":1,"type":"constructionbarrier"}
{"ctxid":0,"pos":[-928.43457,540.984924,132.849319],"rotationMatrix":[-0.999999642,0.000840427179,-0.00017188277,-0.000857823703,-0.979660273,0.200661451,2.54607585e-07,0.20066151,0.97966063],"scale":1,"type":"constructionbarrier"}
{"ctxid":0,"pos":[-928.417053,542.896118,132.499466],"rotationMatrix":[-0.999994636,0.00321125449,-0.000712884881,-0.00328365644,-0.98735106,0.158515424,-0.000194834254,0.158516914,0.987356246],"scale":1,"type":"constructionbarrier"}
{"ctxid":0,"pos":[-959.990295,-576.461792,104.929947],"rotationMatrix":[-0.71402359,0.699685156,-0.0247199703,-0.699979961,-0.714144349,0.00509894174,-0.0140859727,0.0209442489,0.999681413],"scale":1,"type":"constructionbarrier"}
{"ctxid":0,"pos":[-958.711914,-575.09137,104.919174],"rotationMatrix":[-0.736742496,0.675723255,-0.0246686619,-0.676026523,-0.736852646,0.00604082318,-0.0140952412,0.0211272016,0.99967742],"scale":1,"type":"constructionbarrier"}
{"ctxid":0,"pos":[-957.261353,-573.854675,104.91349],"rotationMatrix":[-0.566146135,0.823913693,-0.0253951456,-0.824184418,-0.566321373,0.000347836874,-0.0140952263,0.0211272091,0.99967742],"scale":1,"type":"constructionbarrier"}
{"ctxid":0,"pos":[-948.814697,-566.587769,104.875916],"rotationMatrix":[-0.660474062,0.750412345,-0.0256021731,-0.750719786,-0.660608888,0.00398015045,-0.0139262676,0.0218488444,0.999664307],"scale":1,"type":"constructionbarrier"}
{"ctxid":0,"pos":[-950.179504,-567.825562,104.883804],"rotationMatrix":[-0.682092071,0.730826616,-0.0253548231,-0.731133819,-0.682218432,0.00462380797,-0.0139183272,0.0216916315,0.999667823],"scale":1,"type":"constructionbarrier"}
{"ctxid":0,"pos":[-951.569702,-569.061157,104.891144],"rotationMatrix":[-0.651206136,0.758471966,-0.0255119782,-0.7587713,-0.651348114,0.00342116784,-0.0140223186,0.0215856433,0.999668658],"scale":1,"type":"constructionbarrier"}
{"ctxid":0,"pos":[-952.976318,-570.263,104.897278],"rotationMatrix":[-0.665060282,0.74636066,-0.0253114477,-0.746658206,-0.665197134,0.00378291681,-0.0140136816,0.0214148667,0.999672472],"scale":1,"type":"constructionbarrier"}
{"ctxid":0,"pos":[-954.33844,-571.508728,104.904831],"rotationMatrix":[-0.679640651,0.733111382,-0.0252271555,-0.733410001,-0.679773808,0.00417843834,-0.0140854977,0.0213416852,0.999673009],"scale":1,"type":"constructionbarrier"}
{"ctxid":0,"pos":[-955.74646,-572.737671,104.911194],"rotationMatrix":[-0.629693508,0.776431978,-0.0252908431,-0.776716292,-0.629846215,0.00238744728,-0.0140756508,0.0211471692,0.9996773],"scale":1,"type":"constructionbarrier"}
{"ctxid":0,"pos":[-969.172913,-582.848816,104.932938],"rotationMatrix":[-0.612433314,0.790113986,-0.0254021864,-0.790388525,-0.612604499,0.00129187386,-0.0145407673,0.020868782,0.999676466],"scale":1,"type":"constructionbarrier"}
{"ctxid":0,"pos":[-967.678528,-581.734802,104.931412],"rotationMatrix":[-0.563234806,0.825905442,-0.0254337359,-0.826169014,-0.563422441,-0.000255262479,-0.0145407561,0.0208687913,0.999676466],"scale":1,"type":"constructionbarrier"}
{"ctxid":0,"pos":[-966.145752,-580.705933,104.932007],"rotationMatrix":[-0.546884894,0.836819947,-0.0254783146,-0.837085187,-0.547072291,-0.000457293354,-0.0143211521,0.0210774317,0.999675274],"scale":1,"type":"constructionbarrier"}
{"ctxid":0,"pos":[-964.575867,-579.726929,104.933739],"rotationMatrix":[-0.531621218,0.846608341,-0.0251655336,-0.846864879,-0.531807542,-0.000847524032,-0.0141007397,0.0208612438,0.999682963],"scale":1,"type":"constructionbarrier"}
{"ctxid":0,"pos":[-963.016968,-578.712402,104.93454],"rotationMatrix":[-0.56624186,0.823854268,-0.0251898672,-0.82411927,-0.566416383,0.00025105942,-0.0140611138,0.0209016167,0.999682665],"scale":1,"type":"constructionbarrier"}
{"ctxid":0,"pos":[-961.482849,-577.691711,104.934738],"rotationMatrix":[-0.541523695,0.840306401,-0.0252423193,-0.840567827,-0.541706085,-0.000464664772,-0.0140643809,0.0209662542,0.999681234],"scale":1,"type":"constructionbarrier"}
{"ctxid":0,"pos":[-970.712341,-583.931885,104.932846],"rotationMatrix":[-0.54784286,0.83620286,-0.0251627881,-0.836449742,-0.548042297,-0.00125402585,-0.0148388911,0.020360399,0.999682605],"scale":1,"type":"constructionbarrier"}
{"ctxid":0,"pos":[-972.190125,-585.136108,104.93544],"rotationMatrix":[-0.7215662,0.691901028,-0.0248024911,-0.692186415,-0.721705198,0.00442432426,-0.014838893,0.0203603897,0.999682605],"scale":1,"type":"constructionbarrier"}
{"ctxid":0,"pos":[-973.498596,-586.477722,104.942863],"rotationMatrix":[-0.698260427,0.715410531,-0.0248995945,-0.715676367,-0.698426962,0.00267131906,-0.0154794576,0.019685328,0.99968636],"scale":1,"type":"constructionbarrier"}
{"ctxid":0,"pos":[-983.752441,-594.575195,104.950211],"rotationMatrix":[-0.670615315,0.741549075,-0.0194923412,-0.741727293,-0.670694113,0.0031352588,-0.0107484516,0.0165605564,0.999805093],"scale":1,"type":"constructionbarrier"}
{"ctxid":0,"pos":[-982.393799,-593.284302,104.945084],"rotationMatrix":[-0.694798112,0.718903959,-0.0208038613,-0.719103038,-0.694895864,0.00326754199,-0.0121074691,0.0172304008,0.999778211],"scale":1,"type":"constructionbarrier"}
{"ctxid":0,"pos":[-980.871399,-592.137146,104.943756],"rotationMatrix":[-0.5157758,0.856465936,-0.02100664,-0.856637955,-0.515915751,-0.00148260966,-0.0121074617,0.0172303915,0.999778211],"scale":1,"type":"constructionbarrier"}
{"ctxid":0,"pos":[-974.901367,-587.69519,104.945297],"rotationMatrix":[-0.604791522,0.796027362,-0.0238273628,-0.796263635,-0.604949355,0.000722973607,-0.0138388416,0.019410111,0.999715805],"scale":1,"type":"constructionbarrier"}
{"ctxid":0,"pos":[-976.378052,-588.81012,104.946182],"rotationMatrix":[-0.619496226,0.784644365,-0.0236155335,-0.784857869,-0.619675756,-0.000360805541,-0.0149170775,0.0183113199,0.99972105],"scale":1,"type":"constructionbarrier"}
{"ctxid":0,"pos":[-977.812683,-589.971863,104.946053],"rotationMatrix":[-0.634824514,0.772295296,-0.0236180574,-0.772512376,-0.634999752,0.000104095787,-0.0149170682,0.0183113236,0.99972105],"scale":1,"type":"constructionbarrier"}
{"ctxid":0,"pos":[-979.291809,-591.113342,104.947563],"rotationMatrix":[-0.582068205,0.812830865,-0.0224170648,-0.813035905,-0.582213402,5.98123297e-05,-0.0130028985,0.018260695,0.999748707],"scale":1,"type":"constructionbarrier"}
{"ctxid":0,"pos":[-990.049561,-598.482605,104.952896],"rotationMatrix":[-0.468554616,0.883244932,-0.0183019955,-0.883402884,-0.468612552,0.00124971801,-0.0074727363,0.016753599,0.999831736],"scale":1,"type":"constructionbarrier"}
{"ctxid":0,"pos":[-988.430786,-597.549133,104.950996],"rotationMatrix":[-0.526076555,0.850200117,-0.0200813115,-0.850373328,-0.52617979,0.000164472498,-0.0104265455,0.0171631351,0.999798357],"scale":1,"type":"constructionbarrier"}
{"ctxid":0,"pos":[-986.853577,-596.589844,104.950569],"rotationMatrix":[-0.50917697,0.860469937,-0.0181744862,-0.860613585,-0.509258509,0.00016730791,-0.00911154784,0.0157263987,0.999834836],"scale":1,"type":"constructionbarrier"}
{"ctxid":0,"pos":[-985.241516,-595.682251,104.952538],"rotationMatrix":[-0.493062139,0.869770885,-0.0197073836,-0.869927764,-0.493177891,-0.00118331145,-0.0107484553,0.0165605545,0.999805093],"scale":1,"type":"constructionbarrier"}
{"ctxid":0,"pos":[-991.751831,-599.286133,104.955421],"rotationMatrix":[-0.397064328,0.917658806,-0.0155575266,-0.91778481,-0.397065401,0.00315844174,-0.00327898469,0.0155325672,0.999873996],"scale":1,"type":"constructionbarrier"}
{"ctxid":0,"pos":[-993.413818,-600.219238,104.964905],"rotationMatrix":[-0.593037844,0.805040359,-0.0146982446,-0.80517149,-0.592986584,0.00810543355,-0.00219066115,0.016641438,0.999859095],"scale":1,"type":"constructionbarrier"}
{"ctxid":0,"pos":[-994.932983,-601.316895,104.982712],"rotationMatrix":[-0.566103578,0.824235559,-0.0127531216,-0.824334025,-0.566025496,0.00941878371,0.00054470636,0.0158448387,0.999874294],"scale":1,"type":"constructionbarrier"}
{"ctxid":0,"pos":[-963.628662,-651.388977,106.870453],"rotationMatrix":[-0.859220684,-0.510946035,-0.0259446651,0.493203431,-0.840729713,0.223434627,-0.135975555,0.179183707,0.974373043],"scale":1,"type":"constructionbarrier"}
{"ctxid":0,"pos":[-964.624268,-649.906067,106.474625],"rotationMatrix":[-0.823888063,-0.566736937,0.004139903,0.556122124,-0.807005644,0.198671132,-0.109253377,0.165985078,0.98005718],"scale":1,"type":"constructionbarrier"}
{"ctxid":0,"pos":[-965.544373,-648.150757,106.26136],"rotationMatrix":[-0.930055559,-0.366978079,-0.0179858189,0.366745055,-0.930200398,0.0150044393,-0.022236716,0.00735875638,0.999725282],"scale":1,"type":"constructionbarrier"}
{"ctxid":0,"pos":[-968.864441,-641.641968,106.209084],"rotationMatrix":[-0.898652434,-0.438659191,-0.00122242968,0.438659996,-0.898652792,-0.000446295104,-0.000902768574,-0.000937295263,0.999999046],"scale":1,"type":"constructionbarrier"}
{"ctxid":0,"pos":[-968.019165,-643.266724,106.208435],"rotationMatrix":[-0.876731634,-0.48097837,-0.00124223717,0.480979145,-0.876731992,-0.000387179025,-0.000902884232,-0.000936942233,0.999999166],"scale":1,"type":"constructionbarrier"}
{"ctxid":0,"pos":[-967.119507,-644.862122,106.207756],"rotationMatrix":[-0.867060184,-0.498201728,-0.0012265346,0.498202443,-0.867060542,-0.000356085366,-0.000886077527,-0.000919810031,0.999999166],"scale":1,"type":"constructionbarrier"}
{"ctxid":0,"pos":[-966.263672,-646.482422,106.222702],"rotationMatrix":[-0.899894714,-0.435932934,-0.0123290792,0.435659647,-0.89989233,0.0198625419,-0.0197535809,0.0125029217,0.999726415],"scale":1,"type":"constructionbarrier"}
{"ctxid":0,"pos":[-973.175476,-635.78125,106.211372],"rotationMatrix":[-0.821629524,-0.570020497,-0.00127598923,0.570021212,-0.821629882,-0.000255238177,-0.000902900007,-0.000937052188,0.999999166],"scale":1,"type":"constructionbarrier"}
{"ctxid":0,"pos":[-974.263977,-634.34491,106.211174],"rotationMatrix":[-0.781962037,-0.623324692,-0.00129012752,0.623325408,-0.781962633,-0.000169956009,-0.000902893604,-0.000937068369,0.999999166],"scale":1,"type":"constructionbarrier"}
{"ctxid":0,"pos":[-975.37085,-632.91748,106.204201],"rotationMatrix":[-0.794121206,-0.607757688,-0.00128648698,0.607679367,-0.794049621,0.0145179667,-0.00984494202,0.0107472567,0.999893665],"scale":1,"type":"constructionbarrier"}
{"ctxid":0,"pos":[-972.184998,-637.287903,106.212799],"rotationMatrix":[-0.855400145,-0.517965674,-0.00125764695,0.51796639,-0.855400562,-0.000333877746,-0.000902854954,-0.000937018136,0.999999046],"scale":1,"type":"constructionbarrier"}
{"ctxid":0,"pos":[-971.088745,-638.741211,106.213066],"rotationMatrix":[-0.739110768,-0.673582613,-0.00129846425,0.67358321,-0.739111364,-8.44117676e-05,-0.000902851229,-0.000937013421,0.999999046],"scale":1,"type":"constructionbarrier"}
{"ctxid":0,"pos":[-969.887817,-640.108704,106.215881],"rotationMatrix":[-0.749548435,-0.661948383,-0.00129698962,0.661948979,-0.749549031,-0.00010468057,-0.000902864092,-0.000937004108,0.999999166],"scale":1,"type":"constructionbarrier"}
{"ctxid":0,"pos":[-379.741699,583.516052,79.0416031],"rotationMatrix":[0.718264699,-0.695764363,-0.0027917847,0.684943974,0.70778805,-0.172881171,0.122260548,0.122262225,0.984938741],"scale":1,"type":"constructionbarrier"}
{"ctxid":0,"pos":[-373.265472,589.998169,77.4330826],"rotationMatrix":[0.713978231,-0.700165749,-0.00171332061,0.689410925,0.703434289,-0.172895208,0.122260511,0.122262232,0.984938741],"scale":1,"type":"constructionbarrier"}
{"ctxid":0,"pos":[-374.58078,588.699585,77.7575378],"rotationMatrix":[0.713978231,-0.700165749,-0.00171332061,0.689410925,0.703434289,-0.172895208,0.122260511,0.122262232,0.984938741],"scale":1,"type":"constructionbarrier"}
{"ctxid":0,"pos":[-375.896088,587.400879,78.082016],"rotationMatrix":[0.713978231,-0.700165749,-0.00171332806,0.689410925,0.703434289,-0.172895208,0.122260518,0.122262225,0.984938741],"scale":1,"type":"constructionbarrier"}
{"ctxid":0,"pos":[-377.191132,586.12207,78.4015121],"rotationMatrix":[0.713978231,-0.700165749,-0.00171332061,0.689410925,0.703434289,-0.172895208,0.122260511,0.122262232,0.984938741],"scale":1,"type":"constructionbarrier"}
{"ctxid":0,"pos":[-378.470154,584.817627,78.7222061],"rotationMatrix":[0.713978231,-0.700165749,-0.00171332061,0.689410925,0.703434289,-0.172895208,0.122260511,0.122262232,0.984938741],"scale":1,"type":"constructionbarrier"}
{"ctxid":0,"pos":[-372.000488,591.292847,77.1153488],"rotationMatrix":[0.713978052,-0.700165987,-0.00171452761,0.689410925,0.703434229,-0.172895268,0.122261435,0.12226142,0.984938741],"scale":1,"type":"constructionbarrier"}
{"ctxid":0,"pos":[-370.721527,592.597351,76.794632],"rotationMatrix":[0.713978052,-0.700165927,-0.00171462819,0.689409673,0.703433037,-0.172905311,0.122268543,0.122268513,0.984936953],"scale":1,"type":"constructionbarrier"}
{"ctxid":0,"pos":[-369.426483,593.87616,76.4751434],"rotationMatrix":[0.713977933,-0.700166106,-0.00171568617,0.689411879,0.703435242,-0.172887415,0.122256786,0.12225499,0.984940112],"scale":1,"type":"constructionbarrier"}
{"ctxid":0,"pos":[-368.111176,595.174927,76.1506653],"rotationMatrix":[0.713978052,-0.700165987,-0.00171452761,0.689410925,0.703434229,-0.172895268,0.122261435,0.12226142,0.984938741],"scale":1,"type":"constructionbarrier"}
{"ctxid":0,"pos":[-366.795868,596.47345,75.82621],"rotationMatrix":[0.713978052,-0.700165987,-0.00171458349,0.689410329,0.703433692,-0.172900081,0.122264847,0.122264825,0.984937906],"scale":1,"type":"constructionbarrier"}
{"ctxid":0,"pos":[-365.519073,597.766418,75.5272675],"rotationMatrix":[0.714014173,-0.700129867,-0.0013926886,0.693052053,0.707075357,-0.140440091,0.099311024,0.099311009,0.990088224],"scale":1,"type":"constructionbarrier"}
{"ctxid":0,"pos":[-364.258453,599.0755,75.2884293],"rotationMatrix":[0.712969601,-0.701087594,-0.0122685879,0.695243478,0.709084749,-0.117623769,0.0911640376,0.0753325149,0.992982447],"scale":1,"type":"constructionbarrier"}
{"ctxid":0,"pos":[-362.536865,599.843994,75.1007996],"rotationMatrix":[-0.00963830948,-0.999915123,0.00876856782,0.999934196,-0.00969231129,-0.00613523088,0.00621969625,0.00870885793,0.99994272],"scale":1,"type":"constructionbarrier"}
{"ctxid":0,"pos":[-347.498932,586.465454,74.8703766],"rotationMatrix":[-0.549986839,-0.835171223,-0.0017934076,0.835149527,-0.549953818,-0.00871026982,0.00628827605,-0.00628829794,0.999960363],"scale":1,"type":"constructionbarrier"}
{"ctxid":0,"pos":[-358.350616,594.715942,74.9068985],"rotationMatrix":[0.706734836,0.707478344,4.68258577e-06,-0.707450449,0.706706941,0.00889299158,0.00628829049,-0.00628830027,0.999960363],"scale":1,"type":"constructionbarrier"}
{"ctxid":0,"pos":[-358.915466,594.142395,74.9179459],"rotationMatrix":[-0.622733235,-0.782433391,-0.00100428774,0.782408834,-0.62270236,-0.00883610453,0.00628829096,-0.0062882998,0.999960363],"scale":1,"type":"constructionbarrier"}
{"ctxid":0,"pos":[-359.627899,593.796143,74.9033279],"rotationMatrix":[0.634864271,0.772622943,0.00086631556,-0.772597909,0.634833694,0.00885068439,0.00628827605,-0.00628829654,0.999960244],"scale":1,"type":"constructionbarrier"}
{"ctxid":0,"pos":[-359.526215,597.752563,75.0519028],"rotationMatrix":[-0.705872536,-0.708339036,-2.54842453e-05,0.708263695,-0.705796957,-0.0146099813,0.0103308335,-0.0103308335,0.999893248],"scale":1,"type":"constructionbarrier"}
{"ctxid":0,"pos":[-358.232239,596.463013,75.0252228],"rotationMatrix":[-0.705872536,-0.708339036,-2.54837796e-05,0.708263695,-0.705796957,-0.0146099823,0.0103308335,-0.0103308326,0.999893248],"scale":1,"type":"constructionbarrier"}
{"ctxid":0,"pos":[-356.964081,595.15741,74.9986115],"rotationMatrix":[-0.705872536,-0.708339036,-2.54963525e-05,0.708263695,-0.705796957,-0.0146099823,0.0103308242,-0.0103308419,0.999893248],"scale":1,"type":"constructionbarrier"}
{"ctxid":0,"pos":[-360.857208,592.961487,74.9191666],"rotationMatrix":[-0.795247436,-0.606281877,0.00195237307,0.606197,-0.795182705,-0.0144789638,0.010330827,-0.0103308363,0.999893129],"scale":1,"type":"constructionbarrier"}
{"ctxid":0,"pos":[-360.632874,593.705688,74.9052811],"rotationMatrix":[-0.718831956,-0.695183456,0.000148699764,0.695155144,-0.718804479,-0.00889175385,0.00628828676,-0.00628830865,0.999960363],"scale":1,"type":"constructionbarrier"}
{"ctxid":0,"pos":[-360.817322,599.034729,75.0767899],"rotationMatrix":[-0.700705647,-0.713372588,0.0105382847,0.713301778,-0.700784683,-0.0100624114,0.0145633174,0.000466188882,0.999893844],"scale":1,"type":"constructionbarrier"}
{"ctxid":0,"pos":[-347.932587,586.001404,74.8765945],"rotationMatrix":[-0.705875397,-0.708336115,1.78635673e-07,0.708336115,-0.705875397,0.000105493717,-7.45989091e-05,7.45919388e-05,1],"scale":1,"type":"constructionbarrier"}
{"ctxid":0,"pos":[-343.894165,581.913025,74.8771667],"rotationMatrix":[-0.706734657,-0.707478642,5.00222086e-08,0.707478642,-0.706734657,0.000105492771,-7.45985235e-05,7.45907892e-05,1],"scale":1,"type":"constructionbarrier"}
{"ctxid":0,"pos":[-342.606018,580.587158,74.8773575],"rotationMatrix":[-0.705875158,-0.708336294,1.7851562e-07,0.708336294,-0.705875158,0.000105493695,-7.45990037e-05,7.45918296e-05,1],"scale":1,"type":"constructionbarrier"}
{"ctxid":0,"pos":[-354.333069,484.236481,87.9711761],"rotationMatrix":[0.713979244,-0.700164795,-0.00170478597,0.689532638,0.703555942,-0.171912089,0.121566191,0.121566162,0.985110819],"scale":1,"type":"constructionbarrier"}
{"ctxid":0,"pos":[-355.648376,482.937866,88.2937546],"rotationMatrix":[0.713979244,-0.700164795,-0.00170478597,0.689532638,0.703555942,-0.171912089,0.121566191,0.121566162,0.985110819],"scale":1,"type":"constructionbarrier"}
{"ctxid":0,"pos":[-353.068115,485.531189,87.6553116],"rotationMatrix":[0.713979244,-0.700164795,-0.00170477852,0.689532638,0.703555942,-0.171912089,0.121566191,0.121566169,0.985110819],"scale":1,"type":"constructionbarrier"}
{"ctxid":0,"pos":[-351.789062,486.835602,87.3365021],"rotationMatrix":[0.713979363,-0.700164616,-0.0017047897,0.689532459,0.703556061,-0.171912059,0.121566162,0.121566162,0.985110819],"scale":1,"type":"constructionbarrier"}
{"ctxid":0,"pos":[-350.494019,488.114441,87.0188751],"rotationMatrix":[0.713979244,-0.700164795,-0.00170477852,0.689532638,0.703555942,-0.171912089,0.121566191,0.121566169,0.985110819],"scale":1,"type":"constructionbarrier"}
{"ctxid":0,"pos":[-349.178772,489.413177,86.6963043],"rotationMatrix":[0.713979244,-0.700164795,-0.00170477852,0.689532638,0.703555942,-0.171912089,0.121566191,0.121566169,0.985110819],"scale":1,"type":"constructionbarrier"}
{"ctxid":0,"pos":[-347.863525,490.711792,86.3737411],"rotationMatrix":[0.713979244,-0.700164795,-0.00170477852,0.689532638,0.703555942,-0.171912089,0.121566191,0.121566169,0.985110819],"scale":1,"type":"constructionbarrier"}
{"ctxid":0,"pos":[-336.158295,502.419342,83.4845276],"rotationMatrix":[0.713979244,-0.700164795,-0.00170477852,0.689532638,0.703555942,-0.171912089,0.121566191,0.121566169,0.985110819],"scale":1,"type":"constructionbarrier"}
{"ctxid":0,"pos":[-337.473511,501.120789,83.8070755],"rotationMatrix":[0.713979244,-0.700164795,-0.00170477852,0.689532638,0.703555942,-0.171912089,0.121566191,0.121566169,0.985110819],"scale":1,"type":"constructionbarrier"}
{"ctxid":0,"pos":[-338.788818,499.82196,84.1296539],"rotationMatrix":[0.713979244,-0.700164795,-0.00170477852,0.689532638,0.703555942,-0.171912089,0.121566191,0.121566169,0.985110819],"scale":1,"type":"constructionbarrier"}
{"ctxid":0,"pos":[-340.083893,498.543213,84.4472885],"rotationMatrix":[0.713979363,-0.700164616,-0.0017047897,0.689532459,0.703556061,-0.171912059,0.121566162,0.121566162,0.985110819],"scale":1,"type":"constructionbarrier"}
{"ctxid":0,"pos":[-341.362823,497.238708,84.7660828],"rotationMatrix":[0.713979244,-0.700164795,-0.00170477852,0.689532638,0.703555942,-0.171912089,0.121566191,0.121566169,0.985110819],"scale":1,"type":"constructionbarrier"}
{"ctxid":0,"pos":[-346.553436,492.06778,86.0447311],"rotationMatrix":[0.713979244,-0.700164795,-0.00170478597,0.689532638,0.703555942,-0.171912074,0.121566176,0.121566154,0.985110819],"scale":1,"type":"constructionbarrier"}
{"ctxid":0,"pos":[-345.258301,493.34668,85.7270966],"rotationMatrix":[0.713979244,-0.700164795,-0.00170478597,0.689532638,0.703555942,-0.171912089,0.121566191,0.121566162,0.985110819],"scale":1,"type":"constructionbarrier"}
{"ctxid":0,"pos":[-343.943146,494.645355,85.404541],"rotationMatrix":[0.713979244,-0.700164795,-0.00170478597,0.689532638,0.703555942,-0.171912089,0.121566191,0.121566162,0.985110819],"scale":1,"type":"constructionbarrier"}
{"ctxid":0,"pos":[-342.627808,495.944031,85.081955],"rotationMatrix":[0.713979244,-0.700164795,-0.00170478597,0.689532638,0.703555942,-0.171912089,0.121566191,0.121566162,0.985110819],"scale":1,"type":"constructionbarrier"}
{"ctxid":0,"pos":[-330.948212,507.592743,82.2031555],"rotationMatrix":[0.713979244,-0.700164795,-0.00170478597,0.689532638,0.703555942,-0.171912089,0.121566191,0.121566162,0.985110819],"scale":1,"type":"constructionbarrier"}
{"ctxid":0,"pos":[-332.26355,506.294067,82.5257492],"rotationMatrix":[0.713979244,-0.700164795,-0.00170478597,0.689532638,0.703555942,-0.171912089,0.121566191,0.121566162,0.985110819],"scale":1,"type":"constructionbarrier"}
{"ctxid":0,"pos":[-333.578613,504.995331,82.8482895],"rotationMatrix":[0.713979244,-0.700164795,-0.00170478597,0.689532638,0.703555942,-0.171912089,0.121566191,0.121566162,0.985110819],"scale":1,"type":"constructionbarrier"}
{"ctxid":0,"pos":[-334.87384,503.716431,83.1659546],"rotationMatrix":[0.713979244,-0.700164795,-0.00170478597,0.689532638,0.703555942,-0.171912074,0.121566176,0.121566154,0.985110819],"scale":1,"type":"constructionbarrier"}
{"ctxid":0,"pos":[-329.683258,508.88739,81.8872986],"rotationMatrix":[0.713979304,-0.700164735,-0.0017047748,0.689532697,0.703556001,-0.171911865,0.121566035,0.12156602,0.985110879],"scale":1,"type":"constructionbarrier"}
{"ctxid":0,"pos":[-328.404236,510.191864,81.5684891],"rotationMatrix":[0.713979423,-0.700164557,-0.00170478597,0.689532518,0.70355612,-0.171911865,0.121566027,0.121566027,0.985110879],"scale":1,"type":"constructionbarrier"}
{"ctxid":0,"pos":[-327.109192,511.470703,81.2508621],"rotationMatrix":[0.713979304,-0.700164735,-0.0017047748,0.689532697,0.703556001,-0.171911865,0.121566035,0.12156602,0.985110879],"scale":1,"type":"constructionbarrier"}
{"ctxid":0,"pos":[-325.793854,512.769409,80.9282837],"rotationMatrix":[0.713979304,-0.700164735,-0.0017047748,0.689532697,0.703556001,-0.171911865,0.121566035,0.12156602,0.985110879],"scale":1,"type":"constructionbarrier"}
{"ctxid":0,"pos":[-324.478577,514.067993,80.6057281],"rotationMatrix":[0.713979304,-0.700164735,-0.0017047748,0.689532697,0.703556001,-0.171911865,0.121566035,0.12156602,0.985110879],"scale":1,"type":"constructionbarrier"}
{"ctxid":0,"pos":[-994.899048,-475.914062,99.8091736],"rotationMatrix":[-0.585858583,0.809703171,0.0339222886,-0.810359538,-0.585788727,-0.0130038243,0.00934205204,-0.0351076499,0.999339879],"scale":1,"type":"constructionbarrier"}
{"ctxid":0,"pos":[-996.476074,-476.942139,99.7875824],"rotationMatrix":[-0.519729495,0.85363704,0.0344254337,-0.854282081,-0.519708514,-0.0102595342,0.00913327187,-0.0347412117,0.999354601],"scale":1,"type":"constructionbarrier"}
{"ctxid":0,"pos":[-998.074951,-477.952026,99.7670822],"rotationMatrix":[-0.550103903,0.834402382,0.0340343565,-0.835046232,-0.550059795,-0.0114904474,0.00913327467,-0.0347412005,0.999354601],"scale":1,"type":"constructionbarrier"}
{"ctxid":0,"pos":[-999.650146,-478.947083,99.7467117],"rotationMatrix":[-0.515560865,0.856175959,0.0340543836,-0.856806338,-0.515540004,-0.0100686643,0.00893584825,-0.0343690217,0.999369264],"scale":1,"type":"constructionbarrier"}
{"ctxid":0,"pos":[-1001.19189,-480.015137,99.7237701],"rotationMatrix":[-0.574751377,0.817651927,0.0332587585,-0.818279326,-0.57468617,-0.0124472436,0.00893582962,-0.0343690217,0.999369264],"scale":1,"type":"constructionbarrier"}
{"ctxid":0,"pos":[-993.395874,-474.792969,99.8345108],"rotationMatrix":[-0.620689154,0.783348441,0.03332204,-0.784001231,-0.620590687,-0.0144728292,0.00934207533,-0.0351076424,0.999339879],"scale":1,"type":"constructionbarrier"}
{"ctxid":0,"pos":[-991.917969,-473.638184,99.861702],"rotationMatrix":[-0.563798785,0.82518357,0.0346813537,-0.825856745,-0.563749909,-0.0121062025,0.0095617706,-0.0354672931,0.999325097],"scale":1,"type":"constructionbarrier"}
{"ctxid":0,"pos":[-990.402344,-472.554504,99.8856659],"rotationMatrix":[-0.597041488,0.801482916,0.0341582447,-0.802153468,-0.596965194,-0.013511857,0.00956175756,-0.0354672894,0.999325097],"scale":1,"type":"constructionbarrier"}
{"ctxid":0,"pos":[-988.864014,-471.454529,99.9104385],"rotationMatrix":[-0.567819834,0.822425485,0.0345967039,-0.823101163,-0.567753673,-0.0126625625,0.00922839157,-0.0356666408,0.999321163],"scale":1,"type":"constructionbarrier"}
{"ctxid":0,"pos":[-987.348511,-470.337769,99.9357147],"rotationMatrix":[-0.631321907,0.774777114,0.0339589715,-0.775459111,-0.631219149,-0.0150260786,0.00979368761,-0.0358200856,0.999310255],"scale":1,"type":"constructionbarrier"}
{"ctxid":0,"pos":[-979.631958,-465.003357,100.053017],"rotationMatrix":[-0.595219016,0.802782297,0.0354280956,-0.803501487,-0.595142484,-0.0138174109,0.00999238808,-0.0366909094,0.999276698],"scale":1,"type":"constructionbarrier"}
{"ctxid":0,"pos":[-981.197021,-466.049622,100.030556],"rotationMatrix":[-0.529601455,0.847464502,0.0364169665,-0.848184049,-0.529595256,-0.01060824,0.0102961482,-0.0365064293,0.999280393],"scale":1,"type":"constructionbarrier"}
{"ctxid":0,"pos":[-982.783936,-467.078125,100.008911],"rotationMatrix":[-0.559754133,0.827895105,0.0355671383,-0.828601658,-0.559703588,-0.01229758,0.00972594786,-0.0363546088,0.999291599],"scale":1,"type":"constructionbarrier"}
{"ctxid":0,"pos":[-984.347656,-468.09137,99.9875641],"rotationMatrix":[-0.525462866,0.850052834,0.0360430256,-0.85075748,-0.525454164,-0.0104753822,0.0100343293,-0.0361682959,0.999295354],"scale":1,"type":"constructionbarrier"}
{"ctxid":0,"pos":[-985.876831,-469.177368,99.9633102],"rotationMatrix":[-0.584206581,0.810860455,0.0347591639,-0.811549842,-0.584130406,-0.0133635988,0.00946787,-0.0360158943,0.999306381],"scale":1,"type":"constructionbarrier"}
{"ctxid":0,"pos":[-978.112671,-463.925049,100.077194],"rotationMatrix":[-0.558068275,0.82899344,0.0364644378,-0.829727769,-0.55804348,-0.011801946,0.0105650062,-0.036841847,0.999265254],"scale":1,"type":"constructionbarrier"}
{"ctxid":0,"pos":[-976.549683,-462.888306,100.099228],"rotationMatrix":[-0.498111129,0.866314173,0.0372157283,-0.867052317,-0.498125672,-0.00954182912,0.0102718854,-0.037020877,0.999261677],"scale":1,"type":"constructionbarrier"}
{"ctxid":0,"pos":[-974.954468,-461.925354,100.118324],"rotationMatrix":[-0.533086181,0.845241427,0.0372290835,-0.845991373,-0.533090234,-0.010646496,0.010847602,-0.0371709839,0.999250054],"scale":1,"type":"constructionbarrier"}
{"ctxid":0,"pos":[-973.335571,-460.947937,100.137421],"rotationMatrix":[-0.502329707,0.863858521,0.0375959203,-0.864611685,-0.502348304,-0.00963423494,0.0105636325,-0.0373454317,0.999246597],"scale":1,"type":"constructionbarrier"}
{"ctxid":0,"pos":[-971.737915,-459.952026,100.157578],"rotationMatrix":[-0.569330931,0.821267903,0.0371664166,-0.822032869,-0.569309473,-0.0121950461,0.0111437906,-0.037495032,0.999234676],"scale":1,"type":"constructionbarrier"}
