{"ctxid":0,"pos":[-967.533813,2080.4707,70.5185547],"rotationMatrix":[0.823396444,0.567466557,0,-0.567466557,0.823396444,0,0,0,0.999999881],"scale":0.93444556,"type":"desert_rocks_medium_01"}
{"ctxid":0,"pos":[-983.765259,2073.01147,70.2947388],"rotationMatrix":[0.951129973,0.308790624,0,-0.308790624,0.951129973,0,0,0,0.999999881],"scale":1.23035264,"type":"desert_rocks_medium_01"}
{"ctxid":0,"pos":[-1017.78333,2069.24194,69.6901855],"rotationMatrix":[0.985937297,-0.167115137,0,0.167115137,0.985937297,0,0,0,0.999999881],"scale":0.800039649,"type":"desert_rocks_medium_01"}
{"ctxid":0,"pos":[-1022.85114,2070.1499,69.3217468],"rotationMatrix":[-0.646321058,-0.763065577,0,0.763065577,-0.646321058,0,0,0,0.999999881],"scale":0.428091913,"type":"desert_rocks_medium_01"}
{"ctxid":0,"pos":[-1019.8681,2067.82324,70.0015945],"rotationMatrix":[0.864226103,-0.503103375,0,0.503103375,0.864226103,0,0,0,0.999999881],"scale":0.423738539,"type":"desert_rocks_medium_01"}
{"ctxid":0,"pos":[-1028.61108,2068.79077,68.4187241],"rotationMatrix":[-0.321996719,-0.946740746,0,0.946740746,-0.321996719,0,0,0,0.999999881],"scale":0.972915232,"type":"desert_rocks_medium_01"}
{"ctxid":0,"pos":[-1029.48694,2072.87866,67.8671036],"rotationMatrix":[-0.37178728,0.928317845,0,-0.928317845,-0.37178728,0,0,0,0.999999881],"scale":0.81107378,"type":"desert_rocks_medium_01"}
{"ctxid":0,"pos":[-1056.06348,2065.25171,69.0327682],"rotationMatrix":[0.291708499,0.956507266,0,-0.956507266,0.291708499,0,0,0,0.999999881],"scale":1.22075927,"type":"desert_rocks_medium_01"}
{"ctxid":0,"pos":[-1065.39075,2057.26099,70.6884003],"rotationMatrix":[0.888796151,-0.458302408,0,0.458302408,0.888796151,0,0,0,0.999999881],"scale":0.61653769,"type":"desert_rocks_medium_01"}
{"ctxid":0,"pos":[-1061.08691,2058.23901,70.8389893],"rotationMatrix":[-0.999462366,-0.0327854119,0,0.0327854119,-0.999462366,0,0,0,0.999999881],"scale":0.716178656,"type":"desert_rocks_medium_01"}
{"ctxid":0,"pos":[-1066.13794,2061.96899,69.4529877],"rotationMatrix":[-0.520165324,0.854065418,0,-0.854065418,-0.520165324,0,0,0,0.999999881],"scale":1.04491723,"type":"desert_rocks_medium_01"}
{"ctxid":0,"pos":[-1061.99634,2056.32104,71.1787643],"rotationMatrix":[-0.5237872,0.85184896,0,-0.85184896,-0.5237872,0,0,0,0.999999881],"scale":0.67275703,"type":"desert_rocks_medium_01"}
{"ctxid":0,"pos":[-1068.90576,2060.84692,69.6664734],"rotationMatrix":[-0.882702947,0.469931185,0,-0.469931185,-0.882702947,0,0,0,0.999999881],"scale":0.654158711,"type":"desert_rocks_medium_01"}
{"ctxid":0,"pos":[-1086.20154,2051.42969,69.170372],"rotationMatrix":[-0.679589272,-0.733592629,0,0.733592629,-0.679589272,0,0,0,0.999999881],"scale":1.28301978,"type":"desert_rocks_medium_01"}
{"ctxid":0,"pos":[-1089.14661,2053.81396,69.091507],"rotationMatrix":[-0.641447604,-0.767166674,0,0.767166674,-0.641447604,0,0,0,0.999999881],"scale":0.613154233,"type":"desert_rocks_medium_01"}
{"ctxid":0,"pos":[-1084.14075,2057.54199,68.5069733],"rotationMatrix":[0.989018261,0.147792831,0,-0.147792831,0.989018261,0,0,0,0.999999881],"scale":0.438169092,"type":"desert_rocks_medium_01"}
{"ctxid":0,"pos":[-1088.06226,2056.90552,68.3679428],"rotationMatrix":[-0.802909195,-0.596101224,0,0.596101224,-0.802909195,0,0,0,0.999999881],"scale":0.871503115,"type":"desert_rocks_medium_01"}
{"ctxid":0,"pos":[-1122.92993,2058.23389,68.8809357],"rotationMatrix":[0.464801133,-0.885415018,0,0.885415018,0.464801133,0,0,0,0.999999881],"scale":0.937586904,"type":"desert_rocks_medium_01"}
{"ctxid":0,"pos":[-1120.93054,2058.72998,68.7009506],"rotationMatrix":[-0.95906812,-0.283175051,0,0.283175051,-0.95906812,0,0,0,0.999999881],"scale":0.581013024,"type":"desert_rocks_medium_01"}
{"ctxid":0,"pos":[-1118.90942,2053.43286,70.1077805],"rotationMatrix":[-0.125586182,0.992082596,0,-0.992082596,-0.125586182,0,0,0,0.999999881],"scale":0.499134004,"type":"desert_rocks_medium_01"}
{"ctxid":0,"pos":[-1108.77881,2057.41211,68.4286423],"rotationMatrix":[0.866141379,0.499799013,0,-0.499799013,0.866141379,0,0,0,0.999999881],"scale":1.26852524,"type":"desert_rocks_medium_01"}
{"ctxid":0,"pos":[-1169.08533,2069.14917,69.2942734],"rotationMatrix":[0.9955284,0.0944618359,0,-0.0944618359,0.9955284,0,0,0,0.999999881],"scale":0.633660555,"type":"desert_rocks_medium_01"}
{"ctxid":0,"pos":[-1170.16064,2067.8938,69.4059067],"rotationMatrix":[-0.0354457349,-0.999371469,0,0.999371469,-0.0354457349,0,0,0,0.999999881],"scale":0.618341506,"type":"desert_rocks_medium_01"}
{"ctxid":0,"pos":[-1167.17249,2072.57544,68.7734909],"rotationMatrix":[0.995908439,0.0903671905,0,-0.0903671905,0.995908439,0,0,0,0.999999881],"scale":0.499232858,"type":"desert_rocks_medium_01"}
{"ctxid":0,"pos":[-1167.24976,2070.80835,69.1111221],"rotationMatrix":[0.814731121,0.579838932,0,-0.579838932,0.814731121,0,0,0,0.999999881],"scale":0.472146302,"type":"desert_rocks_medium_01"}
{"ctxid":0,"pos":[-1240.61975,2058.29614,69.2047195],"rotationMatrix":[-0.464670807,0.885483325,0,-0.885483325,-0.464670807,0,0,0,0.999999881],"scale":1.19769669,"type":"desert_rocks_medium_01"}
{"ctxid":0,"pos":[-1244.8717,2064.20605,67.7400513],"rotationMatrix":[0.943618715,0.331034124,0,-0.331034124,0.943618715,0,0,0,0.999999881],"scale":0.478477627,"type":"desert_rocks_medium_01"}
{"ctxid":0,"pos":[-1247.68127,2059.15308,68.0562134],"rotationMatrix":[-0.117204867,-0.993107677,0,0.993107677,-0.117204867,0,0,0,0.999999881],"scale":1.08276606,"type":"desert_rocks_medium_01"}
{"ctxid":0,"pos":[-1236.81104,2075.46289,67.2938843],"rotationMatrix":[-0.99116987,0.132597342,0,-0.132597342,-0.99116987,0,0,0,0.999999881],"scale":1.41288114,"type":"desert_rocks_medium_01"}
{"ctxid":0,"pos":[-1237.23584,2072.94434,67.8677139],"rotationMatrix":[-0.424154609,-0.905589759,0,0.905589759,-0.424154609,0,0,0,0.999999881],"scale":0.413272917,"type":"desert_rocks_medium_01"}
{"ctxid":0,"pos":[-1234.98364,2070.49048,68.4775162],"rotationMatrix":[-0.183404475,-0.983037412,0,0.983037412,-0.183404475,0,0,0,0.999999881],"scale":0.644834638,"type":"desert_rocks_medium_01"}
{"ctxid":0,"pos":[-1252.64832,2048.0459,69.2635727],"rotationMatrix":[-0.524535179,0.851388574,0,-0.851388574,-0.524535179,0,0,0,0.999999881],"scale":0.770100772,"type":"desert_rocks_medium_01"}
{"ctxid":0,"pos":[-1261.34619,2032.89844,68.6415176],"rotationMatrix":[0.874303341,0.485379845,0,-0.485379845,0.874303341,0,0,0,0.999999881],"scale":0.571856499,"type":"desert_rocks_medium_01"}
{"ctxid":0,"pos":[-1276.80444,1993.42883,70.9042206],"rotationMatrix":[-0.468096703,-0.883677065,0,0.883677065,-0.468096703,0,0,0,0.999999881],"scale":0.703473985,"type":"desert_rocks_medium_01"}
{"ctxid":0,"pos":[-1273.10303,2012.16431,69.2903824],"rotationMatrix":[0.225069568,-0.974342585,0,0.974342585,0.225069568,0,0,0,0.999999881],"scale":0.687268496,"type":"desert_rocks_medium_01"}
{"ctxid":0,"pos":[-1263.71814,2023.96228,69.3005524],"rotationMatrix":[-0.594991803,0.803731561,0,-0.803731561,-0.594991803,0,0,0,0.999999881],"scale":1.12320447,"type":"desert_rocks_medium_01"}
{"ctxid":0,"pos":[-1253.42297,2040.66565,69.5144424],"rotationMatrix":[0.34402594,0.938960135,0,-0.938960135,0.34402594,0,0,0,0.999999881],"scale":1.47696769,"type":"desert_rocks_medium_01"}
{"ctxid":0,"pos":[-1242.80176,2055.02319,69.6579895],"rotationMatrix":[-0.395419419,0.918500543,0,-0.918500543,-0.395419419,0,0,0,0.999999881],"scale":0.584977686,"type":"desert_rocks_medium_01"}
{"ctxid":0,"pos":[-1234.94373,2057.28027,70.4439163],"rotationMatrix":[0.657226622,0.753692985,0,-0.753692985,0.657226622,0,0,0,0.999999881],"scale":1.14894664,"type":"desert_rocks_medium_01"}
{"ctxid":0,"pos":[-1234.7467,2066.74536,69.1726913],"rotationMatrix":[-0.932546139,0.361050487,0,-0.361050487,-0.932546139,0,0,0,0.999999881],"scale":0.58027488,"type":"desert_rocks_medium_01"}
{"ctxid":0,"pos":[-1226.43787,2074.43726,70.0380096],"rotationMatrix":[0.990587771,0.136878774,0,-0.136878774,0.990587771,0,0,0,0.999999881],"scale":0.933986545,"type":"desert_rocks_medium_01"}
{"ctxid":0,"pos":[-1219.83093,2083.74316,69.2145081],"rotationMatrix":[0.959596217,-0.281380296,0,0.281380296,0.959596217,0,0,0,0.999999881],"scale":0.642149389,"type":"desert_rocks_medium_01"}
{"ctxid":0,"pos":[-1204.77966,2071.48218,67.3236313],"rotationMatrix":[-0.281475127,0.959568441,0,-0.959568441,-0.281475127,0,0,0,0.999999881],"scale":0.500139713,"type":"desert_rocks_medium_01"}
{"ctxid":0,"pos":[-1209.29602,2064.56714,71.4981842],"rotationMatrix":[0.959582031,0.281428903,0,-0.281428903,0.959582031,0,0,0,0.999999881],"scale":0.806892276,"type":"desert_rocks_medium_01"}
{"ctxid":0,"pos":[-1204.41382,2057.13745,67.9609528],"rotationMatrix":[0.887217343,-0.461351395,0,0.461351395,0.887217343,0,0,0,0.999999881],"scale":0.721466243,"type":"desert_rocks_medium_01"}
{"ctxid":0,"pos":[-1207.06213,2057.80225,69.1735229],"rotationMatrix":[0.515062928,-0.857152164,0,0.857152164,0.515062928,0,0,0,0.999999881],"scale":0.838668883,"type":"desert_rocks_medium_01"}
{"ctxid":0,"pos":[-1211.51306,2051.44482,70.2881393],"rotationMatrix":[-0.545149505,-0.838338733,0,0.838338733,-0.545149505,0,0,0,0.999999881],"scale":0.920307934,"type":"desert_rocks_medium_01"}
{"ctxid":0,"pos":[-1206.25171,2050.63574,69.2941742],"rotationMatrix":[-0.80709058,0.590427518,0,-0.590427518,-0.80709058,0,0,0,0.999999881],"scale":1.123981,"type":"desert_rocks_medium_01"}
{"ctxid":0,"pos":[-1204.66223,2042.28186,69.312149],"rotationMatrix":[-0.508201838,-0.861237943,0,0.861237943,-0.508201838,0,0,0,0.999999881],"scale":0.788770318,"type":"desert_rocks_medium_01"}
{"ctxid":0,"pos":[-1206.60303,2036.65845,71.3469009],"rotationMatrix":[-0.788525879,0.615001261,0,-0.615001261,-0.788525879,0,0,0,0.999999881],"scale":1.38650107,"type":"desert_rocks_medium_01"}
{"ctxid":0,"pos":[-1200.43469,2046.20361,67.8791733],"rotationMatrix":[0.779674768,-0.626184464,0,0.626184464,0.779674768,0,0,0,0.999999881],"scale":1.37665784,"type":"desert_rocks_medium_01"}
{"ctxid":0,"pos":[-1194.92566,2039.69177,69.6067581],"rotationMatrix":[0.998937488,0.0460845865,0,-0.0460845865,0.998937488,0,0,0,0.999999881],"scale":0.731102705,"type":"desert_rocks_medium_01"}
{"ctxid":0,"pos":[-1190.23596,2032.41467,70.6799393],"rotationMatrix":[-0.915179551,-0.403046221,0,0.403046221,-0.915179551,0,0,0,0.999999881],"scale":1.0428834,"type":"desert_rocks_medium_01"}
{"ctxid":0,"pos":[-1189.89661,2041.61047,68.1036377],"rotationMatrix":[-0.603358805,-0.797469676,0,0.797469676,-0.603358805,0,0,0,0.999999881],"scale":1.17652309,"type":"desert_rocks_medium_01"}
{"ctxid":0,"pos":[-1190.89465,2049.58716,66.8215179],"rotationMatrix":[-0.912245989,-0.409642637,0,0.409642637,-0.912245989,0,0,0,0.999999881],"scale":1.26950884,"type":"desert_rocks_medium_01"}
{"ctxid":0,"pos":[-1180.4834,2051.78467,68.9224091],"rotationMatrix":[0.474614531,0.88019377,0,-0.88019377,0.474614531,0,0,0,0.999999881],"scale":0.532498419,"type":"desert_rocks_medium_01"}
{"ctxid":0,"pos":[-1178.93347,2059.64062,68.2829971],"rotationMatrix":[-0.496795923,0.867867231,0,-0.867867231,-0.496795923,0,0,0,0.999999881],"scale":0.689190328,"type":"desert_rocks_medium_01"}
{"ctxid":0,"pos":[-1174.03699,2063.49634,69.0263748],"rotationMatrix":[0.708567202,0.705643296,0,-0.705643296,0.708567202,0,0,0,0.999999881],"scale":0.485370427,"type":"desert_rocks_medium_01"}
{"ctxid":0,"pos":[-1162.052,2061.84277,70.4925461],"rotationMatrix":[0.887733221,0.460358143,0,-0.460358143,0.887733221,0,0,0,0.999999881],"scale":1.11343479,"type":"desert_rocks_medium_01"}
{"ctxid":0,"pos":[-1160.6427,2065.26636,69.1660614],"rotationMatrix":[0.411863357,-0.911245525,0,0.911245525,0.411863357,0,0,0,0.999999881],"scale":1.38505709,"type":"desert_rocks_medium_01"}
{"ctxid":0,"pos":[-1150.70007,2061.55542,67.9215088],"rotationMatrix":[-0.00473530078,-0.999988675,0,0.999988675,-0.00473530078,0,0,0,0.999999881],"scale":0.909720421,"type":"desert_rocks_medium_01"}
{"ctxid":0,"pos":[-1154.81335,2059.05151,69.2045975],"rotationMatrix":[0.265829772,0.964019954,0,-0.964019954,0.265829772,0,0,0,0.999999881],"scale":0.872523129,"type":"desert_rocks_medium_01"}
{"ctxid":0,"pos":[-1146.03088,2056.44995,69.0450821],"rotationMatrix":[0.943880141,-0.330287874,0,0.330287874,0.943880141,0,0,0,0.999999881],"scale":0.984652698,"type":"desert_rocks_medium_01"}
{"ctxid":0,"pos":[-1143.35693,2051.36646,69.4824066],"rotationMatrix":[0.88447547,0.466586649,0,-0.466586649,0.88447547,0,0,0,0.999999881],"scale":0.965819597,"type":"desert_rocks_medium_01"}
{"ctxid":0,"pos":[-1136.37756,2046.7594,69.2511826],"rotationMatrix":[0.899169803,-0.437599629,0,0.437599629,0.899169803,0,0,0,0.999999881],"scale":0.585932851,"type":"desert_rocks_medium_01"}
{"ctxid":0,"pos":[-1135.09265,2049.67969,68.3780823],"rotationMatrix":[0.196577072,0.98048836,0,-0.98048836,0.196577072,0,0,0,0.999999881],"scale":0.50958848,"type":"desert_rocks_medium_01"}
{"ctxid":0,"pos":[-1132.4541,2052.68848,68.2376785],"rotationMatrix":[-0.259445131,0.965757728,0,-0.965757728,-0.259445131,0,0,0,0.999999881],"scale":1.47485542,"type":"desert_rocks_medium_01"}
{"ctxid":0,"pos":[-1115.18066,2059.10449,68.7246704],"rotationMatrix":[0.964101791,-0.265532553,0,0.265532553,0.964101791,0,0,0,0.999999881],"scale":0.740793288,"type":"desert_rocks_medium_01"}
{"ctxid":0,"pos":[-1092.54102,2048.54565,70.7633362],"rotationMatrix":[0.973521888,0.228593409,0,-0.228593409,0.973521888,0,0,0,0.999999881],"scale":1.39388824,"type":"desert_rocks_medium_01"}
{"ctxid":0,"pos":[-1092.17371,2050.375,70.1364136],"rotationMatrix":[-0.0281190425,-0.999604464,0,0.999604464,-0.0281190425,0,0,0,0.999999881],"scale":0.760164738,"type":"desert_rocks_medium_01"}
{"ctxid":0,"pos":[-1085.24939,2048.47021,70.1715546],"rotationMatrix":[0.632723987,0.774377406,0,-0.774377406,0.632723987,0,0,0,0.999999881],"scale":0.48374781,"type":"desert_rocks_medium_01"}
{"ctxid":0,"pos":[-1043.01184,2067.06543,69.6310654],"rotationMatrix":[-0.88378197,-0.467898905,0,0.467898905,-0.88378197,0,0,0,0.999999881],"scale":1.23771417,"type":"desert_rocks_medium_01"}
{"ctxid":0,"pos":[-1040.53174,2071.87769,68.8315659],"rotationMatrix":[0.00501407217,-0.999987304,0,0.999987304,0.00501407217,0,0,0,0.999999881],"scale":0.823381662,"type":"desert_rocks_medium_01"}
{"ctxid":0,"pos":[-1034.4873,2066.20679,70.3109055],"rotationMatrix":[-0.844774842,0.535121858,0,-0.535121858,-0.844774842,0,0,0,0.999999881],"scale":1.29074776,"type":"desert_rocks_medium_01"}
{"ctxid":0,"pos":[-985.64209,2070.89087,71.1101074],"rotationMatrix":[0.985981822,-0.16685234,0,0.16685234,0.985981822,0,0,0,0.999999881],"scale":0.997515857,"type":"desert_rocks_medium_01"}
{"ctxid":0,"pos":[-981.938232,2074.43457,70.1874924],"rotationMatrix":[0.00545776309,-0.999985039,0,0.999985039,0.00545776309,0,0,0,0.999999881],"scale":1.26598382,"type":"desert_rocks_medium_01"}
{"ctxid":0,"pos":[-976.939819,2082.33545,68.3359299],"rotationMatrix":[-0.915784419,0.401669979,0,-0.401669979,-0.915784419,0,0,0,0.999999881],"scale":1.17681122,"type":"desert_rocks_medium_01"}
{"ctxid":0,"pos":[-972.470154,2083.65649,68.5330429],"rotationMatrix":[-0.966637313,-0.256148785,0,0.256148785,-0.966637313,0,0,0,0.999999881],"scale":0.683017731,"type":"desert_rocks_medium_01"}
{"ctxid":0,"pos":[-726.655273,2124.29419,70.174324],"rotationMatrix":[0.522701502,-0.852515638,0,0.852515638,0.522701502,0,0,0,0.999999881],"scale":1.34744358,"type":"desert_rocks_medium_01"}
{"ctxid":0,"pos":[-724.890137,2124.18481,70.478302],"rotationMatrix":[-0.482498527,-0.875896752,0,0.875896752,-0.482498527,0,0,0,0.999999881],"scale":0.690811455,"type":"desert_rocks_medium_01"}
{"ctxid":0,"pos":[-721.633423,2123.25317,70.3736649],"rotationMatrix":[-0.479743361,0.877408683,0,-0.877408683,-0.479743361,0,0,0,0.999999881],"scale":0.458077908,"type":"desert_rocks_medium_01"}
{"ctxid":0,"pos":[-721.608948,2127.54785,70.2534561],"rotationMatrix":[0.632535458,-0.774531245,0,0.774531245,0.632535458,0,0,0,0.999999881],"scale":0.743701935,"type":"desert_rocks_medium_01"}
{"ctxid":0,"pos":[-710.600952,2130.89941,69.7305984],"rotationMatrix":[-0.724737585,0.689024746,0,-0.689024746,-0.724737585,0,0,0,0.999999881],"scale":0.700273275,"type":"desert_rocks_medium_01"}
{"ctxid":0,"pos":[-713.983704,2132.60181,69.7121582],"rotationMatrix":[-0.465207785,0.885201335,0,-0.885201335,-0.465207785,0,0,0,0.999999881],"scale":0.516975164,"type":"desert_rocks_medium_01"}
{"ctxid":0,"pos":[-710.227966,2127.82886,69.5061417],"rotationMatrix":[-0.235280976,-0.971927345,0,0.971927345,-0.235280976,0,0,0,0.999999881],"scale":1.20985341,"type":"desert_rocks_medium_01"}
{"ctxid":0,"pos":[-704.55365,2134.42896,69.2813797],"rotationMatrix":[-0.352395982,0.935850859,0,-0.935850859,-0.352395982,0,0,0,0.999999881],"scale":0.565199912,"type":"desert_rocks_medium_01"}
{"ctxid":0,"pos":[-701.101196,2135.56592,69.0761108],"rotationMatrix":[-0.458225042,0.888836026,0,-0.888836026,-0.458225042,0,0,0,0.999999881],"scale":0.994282603,"type":"desert_rocks_medium_01"}
{"ctxid":0,"pos":[-698.898682,2137.45532,69.4504318],"rotationMatrix":[-0.906584442,-0.422024399,0,0.422024399,-0.906584442,0,0,0,0.999999881],"scale":0.807015777,"type":"desert_rocks_medium_01"}
{"ctxid":0,"pos":[-694.083496,2144.97461,70.1796417],"rotationMatrix":[0.83420372,0.551456392,0,-0.551456392,0.83420372,0,0,0,0.999999881],"scale":1.263304,"type":"desert_rocks_medium_01"}
{"ctxid":0,"pos":[-697.205322,2141.19165,69.8964157],"rotationMatrix":[-0.937804461,0.347163647,0,-0.347163647,-0.937804461,0,0,0,0.999999881],"scale":1.28772175,"type":"desert_rocks_medium_01"}
{"ctxid":0,"pos":[-702.755859,2146.13525,69.805336],"rotationMatrix":[-0.582934141,-0.812519252,0,0.812519252,-0.582934141,0,0,0,0.999999881],"scale":1.31475937,"type":"desert_rocks_medium_01"}
{"ctxid":0,"pos":[-701.158569,2143.5,69.6989212],"rotationMatrix":[-0.999610543,-0.0279027056,0,0.0279027056,-0.999610543,0,0,0,0.999999881],"scale":1.101946,"type":"desert_rocks_medium_01"}
{"ctxid":0,"pos":[-714.747131,2145.92163,70.494957],"rotationMatrix":[-0.174489394,0.984658957,0,-0.984658957,-0.174489394,0,0,0,0.999999881],"scale":0.535286605,"type":"desert_rocks_medium_01"}
{"ctxid":0,"pos":[-713.63501,2141.51001,69.9804077],"rotationMatrix":[0.648420691,-0.761282027,0,0.761282027,0.648420691,0,0,0,0.999999881],"scale":0.872150779,"type":"desert_rocks_medium_01"}
{"ctxid":0,"pos":[-711.752563,2147.02734,70.3989563],"rotationMatrix":[-0.177898511,-0.984048784,0,0.984048784,-0.177898511,0,0,0,0.999999881],"scale":1.39131796,"type":"desert_rocks_medium_01"}
{"ctxid":0,"pos":[-720.016541,2140.30493,69.9474945],"rotationMatrix":[0.947147071,0.320799649,0,-0.320799649,0.947147071,0,0,0,0.999999881],"scale":1.30173695,"type":"desert_rocks_medium_01"}
{"ctxid":0,"pos":[-730.580139,2130.08521,69.2292786],"rotationMatrix":[-0.781828821,0.623492777,0,-0.623492777,-0.781828821,0,0,0,0.999999881],"scale":1.22764897,"type":"desert_rocks_medium_01"}
{"ctxid":0,"pos":[-720.530701,2133.46191,69.286232],"rotationMatrix":[0.973020494,-0.230718046,0,0.230718046,0.973020494,0,0,0,0.999999881],"scale":0.640496433,"type":"desert_rocks_medium_01"}
{"ctxid":0,"pos":[-725.868164,2129.94995,70.1340103],"rotationMatrix":[0.994135678,0.108139642,0,-0.108139642,0.994135678,0,0,0,0.999999881],"scale":0.659626544,"type":"desert_rocks_medium_01"}
{"ctxid":0,"pos":[-710.893616,2136.74463,69.7611084],"rotationMatrix":[0.54439801,0.838827014,0,-0.838827014,0.54439801,0,0,0,0.999999881],"scale":1.22803378,"type":"desert_rocks_medium_01"}
{"ctxid":0,"pos":[-710.909973,2140.94336,69.7053604],"rotationMatrix":[-0.567431986,-0.823420107,0,0.823420107,-0.567431986,0,0,0,0.999999881],"scale":1.21496415,"type":"desert_rocks_medium_01"}
{"ctxid":0,"pos":[-700.742737,2139.99634,70.0967255],"rotationMatrix":[0.870433033,-0.492286563,0,0.492286563,0.870433033,0,0,0,0.999999881],"scale":1.21872997,"type":"desert_rocks_medium_01"}
{"ctxid":0,"pos":[-698.738159,2142.92627,70.402771],"rotationMatrix":[-0.997741997,0.0671620667,0,-0.0671620667,-0.997741997,0,0,0,0.999999881],"scale":0.926644087,"type":"desert_rocks_medium_01"}
{"ctxid":0,"pos":[-685.430237,2141.34839,69.7287674],"rotationMatrix":[0.463313073,-0.886194646,0,0.886194646,0.463313073,0,0,0,0.999999881],"scale":0.494471163,"type":"desert_rocks_medium_01"}
{"ctxid":0,"pos":[-687.77771,2142.61426,69.3877182],"rotationMatrix":[0.696399689,-0.717654049,0,0.717654049,0.696399689,0,0,0,0.999999881],"scale":1.30660665,"type":"desert_rocks_medium_01"}
{"ctxid":0,"pos":[-688.618591,2146.69141,69.8935776],"rotationMatrix":[0.30781725,-0.951445401,0,0.951445401,0.30781725,0,0,0,0.999999881],"scale":1.35057616,"type":"desert_rocks_medium_01"}
{"ctxid":0,"pos":[-681.693359,2140.21509,70.1168365],"rotationMatrix":[0.841102898,0.540875077,0,-0.540875077,0.841102898,0,0,0,0.999999881],"scale":0.44729656,"type":"desert_rocks_medium_01"}
{"ctxid":0,"pos":[-683.858887,2144.12744,69.5340881],"rotationMatrix":[0.779914916,-0.625885308,0,0.625885308,0.779914916,0,0,0,0.999999881],"scale":1.018736,"type":"desert_rocks_medium_01"}
{"ctxid":0,"pos":[-680.837402,2142.46875,69.7006531],"rotationMatrix":[-0.991107881,-0.13306056,0,0.13306056,-0.991107881,0,0,0,0.999999881],"scale":0.961731315,"type":"desert_rocks_medium_01"}
{"ctxid":0,"pos":[-675.74292,2140.79175,69.4908066],"rotationMatrix":[0.115743682,0.99327904,0,-0.99327904,0.115743682,0,0,0,0.999999881],"scale":0.991125643,"type":"desert_rocks_medium_01"}
{"ctxid":0,"pos":[-703.659973,2131.06006,69.9795685],"rotationMatrix":[-0.299612343,-0.954060972,0,0.954060972,-0.299612343,0,0,0,0.999999881],"scale":0.838016093,"type":"desert_rocks_medium_01"}
{"ctxid":0,"pos":[-724.047363,2119.27441,71.3791656],"rotationMatrix":[0.555445254,0.831553102,0,-0.831553102,0.555445254,0,0,0,0.999999881],"scale":0.564258337,"type":"desert_rocks_medium_01"}
{"ctxid":0,"pos":[-729.014893,2118.46826,70.4684219],"rotationMatrix":[-0.448584735,-0.893740296,0,0.893740296,-0.448584735,0,0,0,0.999999881],"scale":0.463891536,"type":"desert_rocks_medium_01"}
{"ctxid":0,"pos":[-732.541931,2117.875,69.6268539],"rotationMatrix":[0.869797826,-0.493408114,0,0.493408114,0.869797826,0,0,0,0.999999881],"scale":1.01442075,"type":"desert_rocks_medium_01"}
{"ctxid":0,"pos":[-735.703735,2117.39331,69.3635788],"rotationMatrix":[0.993607938,0.112884961,0,-0.112884961,0.993607938,0,0,0,0.999999881],"scale":1.15661085,"type":"desert_rocks_medium_01"}
{"ctxid":0,"pos":[-742.306641,2105.29858,70.4682236],"rotationMatrix":[0.144535005,-0.989499629,0,0.989499629,0.144535005,0,0,0,0.999999881],"scale":1.00756502,"type":"desert_rocks_medium_01"}
{"ctxid":0,"pos":[-739.587708,2105.91333,71.3021927],"rotationMatrix":[0.464228153,0.885715663,0,-0.885715663,0.464228153,0,0,0,0.999999881],"scale":0.716094017,"type":"desert_rocks_medium_01"}
{"ctxid":0,"pos":[-743.311646,2109.84253,68.4837036],"rotationMatrix":[-0.898038328,0.439917117,0,-0.439917117,-0.898038328,0,0,0,0.999999881],"scale":0.447566658,"type":"desert_rocks_medium_01"}
{"ctxid":0,"pos":[-738.456177,2107.77515,70.8826523],"rotationMatrix":[-0.267303824,-0.963612199,0,0.963612199,-0.267303824,0,0,0,0.999999881],"scale":0.933826983,"type":"desert_rocks_medium_01"}
{"ctxid":0,"pos":[-733.624756,2124.51172,69.4184341],"rotationMatrix":[0.986575782,0.163303778,0,-0.163303778,0.986575782,0,0,0,0.999999881],"scale":0.919031382,"type":"desert_rocks_medium_01"}
{"ctxid":0,"pos":[-734.896851,2120.41943,69.663475],"rotationMatrix":[0.316211253,0.948688805,0,-0.948688805,0.316211253,0,0,0,0.999999881],"scale":0.821953773,"type":"desert_rocks_medium_01"}
{"ctxid":0,"pos":[-726.078308,2137.73682,69.1496964],"rotationMatrix":[-0.980787635,-0.195078135,0,0.195078135,-0.980787635,0,0,0,0.999999881],"scale":1.21163654,"type":"desert_rocks_medium_01"}
{"ctxid":0,"pos":[-721.355103,2136.28638,70.2768326],"rotationMatrix":[-0.53553766,-0.844511151,0,0.844511151,-0.53553766,0,0,0,0.999999881],"scale":1.07485771,"type":"desert_rocks_medium_01"}
{"ctxid":0,"pos":[-718.144043,2146.89868,69.7477341],"rotationMatrix":[0.910948217,0.412520587,0,-0.412520587,0.910948217,0,0,0,0.999999881],"scale":1.07841718,"type":"desert_rocks_medium_01"}
{"ctxid":0,"pos":[-708.46936,2151.41211,69.3781357],"rotationMatrix":[-0.924451888,-0.381298423,0,0.381298423,-0.924451888,0,0,0,0.999999881],"scale":0.736856103,"type":"desert_rocks_medium_01"}
{"ctxid":0,"pos":[-702.484131,2151.72144,68.4659576],"rotationMatrix":[-0.670970798,-0.741483629,0,0.741483629,-0.670970798,0,0,0,0.999999881],"scale":0.55425781,"type":"desert_rocks_medium_01"}
{"ctxid":0,"pos":[-704.647095,2150.79932,69.2284012],"rotationMatrix":[-0.671090245,-0.741375625,0,0.741375625,-0.671090245,0,0,0,0.999999881],"scale":0.548767567,"type":"desert_rocks_medium_01"}
{"ctxid":0,"pos":[-700.787781,2150.26733,69.3325348],"rotationMatrix":[0.94516176,-0.32660231,0,0.32660231,0.94516176,0,0,0,0.999999881],"scale":0.916986585,"type":"desert_rocks_medium_01"}
{"ctxid":0,"pos":[-696.726318,2147.54395,69.9144516],"rotationMatrix":[-0.999355912,-0.0358827859,0,0.0358827859,-0.999355912,0,0,0,0.999999881],"scale":1.30344546,"type":"desert_rocks_medium_01"}
{"ctxid":0,"pos":[-695.06897,2146.64209,70.308403],"rotationMatrix":[-0.166160777,-0.986098588,0,0.986098588,-0.166160777,0,0,0,0.999999881],"scale":0.686231732,"type":"desert_rocks_medium_01"}
{"ctxid":0,"pos":[-703.221191,2149.11426,69.7297287],"rotationMatrix":[0.922742665,0.385416567,0,-0.385416567,0.922742665,0,0,0,0.999999881],"scale":0.578762233,"type":"desert_rocks_medium_01"}
{"ctxid":0,"pos":[-707.980652,2149.25879,69.7913742],"rotationMatrix":[0.868566275,0.495572984,0,-0.495572984,0.868566275,0,0,0,0.999999881],"scale":0.87287432,"type":"desert_rocks_medium_01"}
{"ctxid":0,"pos":[-727.418945,2140.08154,68.1976624],"rotationMatrix":[0.488997191,0.872285426,0,-0.872285426,0.488997191,0,0,0,0.999999881],"scale":1.35086453,"type":"desert_rocks_medium_01"}
{"ctxid":0,"pos":[-723.557678,2139.87866,69.5336151],"rotationMatrix":[0.283488542,0.958975613,0,-0.958975613,0.283488542,0,0,0,0.999999881],"scale":1.44922948,"type":"desert_rocks_medium_01"}
{"ctxid":0,"pos":[-725.578857,2135.12939,69.8428268],"rotationMatrix":[0.360639006,0.932705462,0,-0.932705462,0.360639006,0,0,0,0.999999881],"scale":0.824420691,"type":"desert_rocks_medium_01"}
{"ctxid":0,"pos":[-729.532288,2133.64282,69.0065002],"rotationMatrix":[-0.17550303,-0.984478831,0,0.984478831,-0.17550303,0,0,0,0.999999881],"scale":0.573176801,"type":"desert_rocks_medium_01"}
{"ctxid":0,"pos":[-733.528748,2133.3855,67.3307648],"rotationMatrix":[-0.090799354,-0.9958691,0,0.9958691,-0.090799354,0,0,0,0.999999881],"scale":0.844175696,"type":"desert_rocks_medium_01"}
{"ctxid":0,"pos":[-730.476746,2132.02734,69.0126953],"rotationMatrix":[0.999594927,0.028456483,0,-0.028456483,0.999594927,0,0,0,0.999999881],"scale":0.456936359,"type":"desert_rocks_medium_01"}
{"ctxid":0,"pos":[-730.803833,2126.8125,69.7581253],"rotationMatrix":[-0.529930949,0.84804064,0,-0.84804064,-0.529930949,0,0,0,0.999999881],"scale":0.8146469,"type":"desert_rocks_medium_01"}
{"ctxid":0,"pos":[-737.360413,2125.23926,67.9389343],"rotationMatrix":[0.93358928,-0.358344525,0,0.358344525,0.93358928,0,0,0,0.999999881],"scale":0.648089886,"type":"desert_rocks_medium_01"}
{"ctxid":0,"pos":[-747.385132,2112.74683,63.0212097],"rotationMatrix":[0.0980042964,0.995185912,0,-0.995185912,0.0980042964,0,0,0,0.999999881],"scale":1.2582736,"type":"desert_rocks_medium_01"}
{"ctxid":0,"pos":[-742.46106,2115.39209,66.5513535],"rotationMatrix":[0.670641065,0.74178201,0,-0.74178201,0.670641065,0,0,0,0.999999881],"scale":1.16172123,"type":"desert_rocks_medium_01"}
{"ctxid":0,"pos":[-742.823425,2112.72925,67.7361984],"rotationMatrix":[-0.85618937,-0.516662002,0,0.516662002,-0.85618937,0,0,0,0.999999881],"scale":0.634225607,"type":"desert_rocks_medium_01"}
{"ctxid":0,"pos":[-730.042725,2122.14746,70.2660904],"rotationMatrix":[-0.834212482,0.55144304,0,-0.55144304,-0.834212482,0,0,0,0.999999881],"scale":0.467663646,"type":"desert_rocks_medium_01"}
{"ctxid":0,"pos":[-719.056458,2129.18994,70.2310638],"rotationMatrix":[0.319211602,0.947683454,0,-0.947683454,0.319211602,0,0,0,0.999999881],"scale":0.502629101,"type":"desert_rocks_medium_01"}
{"ctxid":0,"pos":[-702.635437,2141.94946,70.1128159],"rotationMatrix":[0.0156679247,0.999877155,0,-0.999877155,0.0156679247,0,0,0,0.999999881],"scale":0.969701469,"type":"desert_rocks_medium_01"}
{"ctxid":0,"pos":[-705.677185,2139.13477,69.8216324],"rotationMatrix":[-0.501957476,0.864892125,0,-0.864892125,-0.501957476,0,0,0,0.999999881],"scale":0.447739124,"type":"desert_rocks_medium_01"}
{"ctxid":0,"pos":[-671.81189,2141.36597,69.0163574],"rotationMatrix":[-0.653864264,-0.756611705,0,0.756611705,-0.653864264,0,0,0,0.999999881],"scale":0.910462916,"type":"desert_rocks_medium_01"}
{"ctxid":0,"pos":[-675.565369,2144.70337,69.2511292],"rotationMatrix":[0.0333911628,0.999442279,0,-0.999442279,0.0333911628,0,0,0,0.999999881],"scale":1.35359812,"type":"desert_rocks_medium_01"}
{"ctxid":0,"pos":[-691.934692,2144.51416,70.063797],"rotationMatrix":[0.648337424,-0.761352956,0,0.761352956,0.648337424,0,0,0,0.999999881],"scale":0.544556975,"type":"desert_rocks_medium_01"}
{"ctxid":0,"pos":[-693.967712,2142.98853,69.9610519],"rotationMatrix":[0.993908703,0.110205755,0,-0.110205755,0.993908703,0,0,0,0.999999881],"scale":0.877531052,"type":"desert_rocks_medium_01"}
{"ctxid":0,"pos":[-670.8927,2135.33496,72.1405182],"rotationMatrix":[-0.850431979,-0.52608484,0,0.52608484,-0.850431979,0,0,0,0.999999881],"scale":0.734608293,"type":"desert_rocks_medium_01"}
{"ctxid":0,"pos":[-686.520447,2138.05981,69.5323029],"rotationMatrix":[0.271572411,0.96241802,0,-0.96241802,0.271572411,0,0,0,0.999999881],"scale":0.515183985,"type":"desert_rocks_medium_01"}
{"ctxid":0,"pos":[-693.327087,2131.26074,72.7261353],"rotationMatrix":[-0.518452227,-0.855106413,0,0.855106413,-0.518452227,0,0,0,0.999999881],"scale":1.10958052,"type":"desert_rocks_medium_01"}
{"ctxid":0,"pos":[-707.794006,2132.17261,69.500885],"rotationMatrix":[-0.362789392,0.931871057,0,-0.931871057,-0.362789392,0,0,0,0.999999881],"scale":0.426187009,"type":"desert_rocks_medium_01"}
{"ctxid":0,"pos":[-711.99054,2125.94995,69.8199997],"rotationMatrix":[-0.404963195,0.914332867,0,-0.914332867,-0.404963195,0,0,0,0.999999881],"scale":0.480158091,"type":"desert_rocks_medium_01"}
{"ctxid":0,"pos":[-722.137268,2116.21069,73.3446503],"rotationMatrix":[-0.491805255,0.870705068,0,-0.870705068,-0.491805255,0,0,0,0.999999881],"scale":0.433990657,"type":"desert_rocks_medium_01"}
{"ctxid":0,"pos":[-725.683167,2112.62598,73.3404694],"rotationMatrix":[-0.696993768,0.717076898,0,-0.717076898,-0.696993768,0,0,0,0.999999881],"scale":0.698771119,"type":"desert_rocks_medium_01"}
{"ctxid":0,"pos":[613.620789,1861.62695,70.0747757],"rotationMatrix":[0.301227689,0.953552246,0,-0.953552246,0.301227689,0,0,0,0.999999881],"scale":0.595772266,"type":"desert_rocks_medium_01"}
{"ctxid":0,"pos":[605.623962,1859.73132,70.2950592],"rotationMatrix":[0.867026448,-0.498261899,0,0.498261899,0.867026448,0,0,0,0.999999881],"scale":0.605465412,"type":"desert_rocks_medium_01"}
{"ctxid":0,"pos":[617.307312,1872.36987,69.9309464],"rotationMatrix":[0.30851835,-0.951218307,0,0.951218307,0.30851835,0,0,0,0.999999881],"scale":1.37001622,"type":"desert_rocks_medium_01"}
{"ctxid":0,"pos":[615.168274,1898.42908,70.2425766],"rotationMatrix":[-0.739126742,0.673566222,0,-0.673566222,-0.739126742,0,0,0,0.999999881],"scale":1.34649885,"type":"desert_rocks_medium_01"}
{"ctxid":0,"pos":[610.047058,1890.77966,70.5996857],"rotationMatrix":[-0.879768193,0.475402921,0,-0.475402921,-0.879768193,0,0,0,0.999999881],"scale":1.15964639,"type":"desert_rocks_medium_01"}
{"ctxid":0,"pos":[612.414612,1889.5918,70.5125046],"rotationMatrix":[-0.985220313,-0.171291366,0,0.171291366,-0.985220313,0,0,0,0.999999881],"scale":0.485399187,"type":"desert_rocks_medium_01"}
{"ctxid":0,"pos":[615.989685,1892.18372,70.302681],"rotationMatrix":[-0.972244799,0.233965725,0,-0.233965725,-0.972244799,0,0,0,0.999999881],"scale":0.494449228,"type":"desert_rocks_medium_01"}
{"ctxid":0,"pos":[620.925354,1903.66492,69.7578201],"rotationMatrix":[0.806298375,0.591508985,0,-0.591508985,0.806298375,0,0,0,0.999999881],"scale":1.28521597,"type":"desert_rocks_medium_01"}
{"ctxid":0,"pos":[626.391357,1899.37683,69.4138641],"rotationMatrix":[0.642729104,-0.766093314,0,0.766093314,0.642729104,0,0,0,0.999999881],"scale":1.34361911,"type":"desert_rocks_medium_01"}
{"ctxid":0,"pos":[617.545715,1898.4718,70.1306458],"rotationMatrix":[-0.999634862,0.0270170141,0,-0.0270170141,-0.999634862,0,0,0,0.999999881],"scale":0.73763895,"type":"desert_rocks_medium_01"}
{"ctxid":0,"pos":[638.127258,1905.27637,68.9857178],"rotationMatrix":[-0.915278077,0.402822286,0,-0.402822286,-0.915278077,0,0,0,0.999999881],"scale":0.706365943,"type":"desert_rocks_medium_01"}
{"ctxid":0,"pos":[632.469849,1909.1554,69.1040573],"rotationMatrix":[0.95484215,-0.29711318,0,0.29711318,0.95484215,0,0,0,0.999999881],"scale":0.659105778,"type":"desert_rocks_medium_01"}
{"ctxid":0,"pos":[630.527161,1910.5769,69.0782242],"rotationMatrix":[0.895515263,0.445030749,0,-0.445030749,0.895515263,0,0,0,0.999999881],"scale":1.19323242,"type":"desert_rocks_medium_01"}
{"ctxid":0,"pos":[637.137817,1908.04944,68.8505936],"rotationMatrix":[-0.960053742,-0.279815465,0,0.279815465,-0.960053742,0,0,0,0.999999881],"scale":0.859195173,"type":"desert_rocks_medium_01"}
{"ctxid":0,"pos":[628.255066,1913.14062,69.2549744],"rotationMatrix":[-0.938045263,0.346512467,0,-0.346512467,-0.938045263,0,0,0,0.999999881],"scale":1.35668683,"type":"desert_rocks_medium_01"}
{"ctxid":0,"pos":[632.115784,1915.95361,69.0155792],"rotationMatrix":[0.917007625,0.398869634,0,-0.398869634,0.917007625,0,0,0,0.999999881],"scale":0.472696066,"type":"desert_rocks_medium_01"}
{"ctxid":0,"pos":[629.103333,1920.49451,68.8851013],"rotationMatrix":[0.845474899,-0.534014881,0,0.534014881,0.845474899,0,0,0,0.999999881],"scale":0.814641714,"type":"desert_rocks_medium_01"}
{"ctxid":0,"pos":[633.100952,1920.42566,68.8111572],"rotationMatrix":[0.270339072,0.962765157,0,-0.962765157,0.270339072,0,0,0,0.999999881],"scale":0.854708791,"type":"desert_rocks_medium_01"}
{"ctxid":0,"pos":[628.792419,1915.51135,69.1372528],"rotationMatrix":[-0.947860897,0.318683863,0,-0.318683863,-0.947860897,0,0,0,0.999999881],"scale":0.914944172,"type":"desert_rocks_medium_01"}
{"ctxid":0,"pos":[619.6828,1922.53687,69.3544846],"rotationMatrix":[-0.996947944,-0.0780682713,0,0.0780682713,-0.996947944,0,0,0,0.999999881],"scale":0.721232533,"type":"desert_rocks_medium_01"}
{"ctxid":0,"pos":[619.946777,1919.86279,69.5308685],"rotationMatrix":[-0.970630586,-0.2405743,0,0.2405743,-0.970630586,0,0,0,0.999999881],"scale":0.862650931,"type":"desert_rocks_medium_01"}
{"ctxid":0,"pos":[612.671936,1919.09155,69.9154434],"rotationMatrix":[-0.965293586,-0.261166662,0,0.261166662,-0.965293586,0,0,0,0.999999881],"scale":0.5392766,"type":"desert_rocks_medium_01"}
{"ctxid":0,"pos":[609.438904,1918.85144,69.9093628],"rotationMatrix":[-0.0682534203,-0.997667909,0,0.997667909,-0.0682534203,0,0,0,0.999999881],"scale":1.19591224,"type":"desert_rocks_medium_01"}
{"ctxid":0,"pos":[612.396667,1914.57861,69.869606],"rotationMatrix":[0.96772331,-0.252014905,0,0.252014905,0.96772331,0,0,0,0.999999881],"scale":1.1611619,"type":"desert_rocks_medium_01"}
{"ctxid":0,"pos":[611.353394,1924.35815,69.623703],"rotationMatrix":[0.591827571,-0.806064367,0,0.806064367,0.591827571,0,0,0,0.999999881],"scale":0.889310658,"type":"desert_rocks_medium_01"}
{"ctxid":0,"pos":[618.511597,1920.46936,69.5478973],"rotationMatrix":[0.416249573,0.909250379,0,-0.909250379,0.416249573,0,0,0,0.999999881],"scale":0.491983622,"type":"desert_rocks_medium_01"}
{"ctxid":0,"pos":[599.440247,1931.31409,69.9872131],"rotationMatrix":[-0.319820821,-0.947477937,0,0.947477937,-0.319820821,0,0,0,0.999999881],"scale":0.522771895,"type":"desert_rocks_medium_01"}
{"ctxid":0,"pos":[610.133728,1936.12744,69.1719589],"rotationMatrix":[-0.486824155,-0.87349993,0,0.87349993,-0.486824155,0,0,0,0.999999881],"scale":0.620075822,"type":"desert_rocks_medium_01"}
{"ctxid":0,"pos":[603.22821,1939.78381,69.3148117],"rotationMatrix":[0.952240407,-0.305349052,0,0.305349052,0.952240407,0,0,0,0.999999881],"scale":0.804974616,"type":"desert_rocks_medium_01"}
{"ctxid":0,"pos":[606.785278,1939.46558,69.0506058],"rotationMatrix":[-0.259961367,-0.965618908,0,0.965618908,-0.259961367,0,0,0,0.999999881],"scale":0.833360553,"type":"desert_rocks_medium_01"}
{"ctxid":0,"pos":[591.401245,1943.5603,69.4957275],"rotationMatrix":[-0.997436047,0.0715621859,0,-0.0715621859,-0.997436047,0,0,0,0.999999881],"scale":0.491154909,"type":"desert_rocks_medium_01"}
{"ctxid":0,"pos":[580.128235,1951.43542,69.2434464],"rotationMatrix":[-0.214630172,0.97669524,0,-0.97669524,-0.214630172,0,0,0,0.999999881],"scale":0.952803433,"type":"desert_rocks_medium_01"}
{"ctxid":0,"pos":[588.131836,1947.43713,69.3495407],"rotationMatrix":[0.802185535,-0.597074628,0,0.597074628,0.802185535,0,0,0,0.999999881],"scale":0.685798705,"type":"desert_rocks_medium_01"}
{"ctxid":0,"pos":[563.391541,1954.49084,69.1263962],"rotationMatrix":[-0.635510385,-0.772092104,0,0.772092104,-0.635510385,0,0,0,0.999999881],"scale":0.619239569,"type":"desert_rocks_medium_01"}
{"ctxid":0,"pos":[571.921753,1958.00891,68.6218643],"rotationMatrix":[-0.292675853,0.956211627,0,-0.956211627,-0.292675853,0,0,0,0.999999881],"scale":1.1128999,"type":"desert_rocks_medium_01"}
{"ctxid":0,"pos":[565.355469,1951.00525,69.4223404],"rotationMatrix":[-0.158687979,0.987328708,0,-0.987328708,-0.158687979,0,0,0,0.999999881],"scale":1.01279044,"type":"desert_rocks_medium_01"}
{"ctxid":0,"pos":[562.967957,1951.87512,69.253891],"rotationMatrix":[0.410514385,-0.911854088,0,0.911854088,0.410514385,0,0,0,0.999999881],"scale":1.19412315,"type":"desert_rocks_medium_01"}
{"ctxid":0,"pos":[568.711487,1947.65894,69.6767807],"rotationMatrix":[0.738668859,0.674068511,0,-0.674068511,0.738668859,0,0,0,0.999999881],"scale":1.39506888,"type":"desert_rocks_medium_01"}
{"ctxid":0,"pos":[574.457886,1951.63672,69.1507797],"rotationMatrix":[-0.833844423,-0.551999509,0,0.551999509,-0.833844423,0,0,0,0.999999881],"scale":1.04522908,"type":"desert_rocks_medium_01"}
{"ctxid":0,"pos":[566.012512,1961.77051,68.4631042],"rotationMatrix":[-0.208043769,-0.978119433,0,0.978119433,-0.208043769,0,0,0,0.999999881],"scale":0.863371193,"type":"desert_rocks_medium_01"}
{"ctxid":0,"pos":[566.616333,1957.67725,68.7170105],"rotationMatrix":[-0.419152021,0.90791595,0,-0.90791595,-0.419152021,0,0,0,0.999999881],"scale":0.865000606,"type":"desert_rocks_medium_01"}
{"ctxid":0,"pos":[561.342224,1960.43115,68.648613],"rotationMatrix":[0.509576619,-0.860425174,0,0.860425174,0.509576619,0,0,0,0.999999881],"scale":0.550720334,"type":"desert_rocks_medium_01"}
{"ctxid":0,"pos":[541.143616,1951.91797,69.3001938],"rotationMatrix":[-0.97604984,-0.217546597,0,0.217546597,-0.97604984,0,0,0,0.999999881],"scale":0.877534747,"type":"desert_rocks_medium_01"}
{"ctxid":0,"pos":[546.557922,1953.64124,69.1687317],"rotationMatrix":[-0.199439079,-0.979910135,0,0.979910135,-0.199439079,0,0,0,0.999999881],"scale":1.42112386,"type":"desert_rocks_medium_01"}
{"ctxid":0,"pos":[543.887817,1945.49011,70.246727],"rotationMatrix":[-0.952799201,0.303601056,0,-0.303601056,-0.952799201,0,0,0,0.999999881],"scale":0.690315366,"type":"desert_rocks_medium_01"}
{"ctxid":0,"pos":[548.362915,1954.5979,69.1134415],"rotationMatrix":[-0.297343165,0.954770505,0,-0.954770505,-0.297343165,0,0,0,0.999999881],"scale":0.751912594,"type":"desert_rocks_medium_01"}
{"ctxid":0,"pos":[544.094421,1950.51477,69.6625519],"rotationMatrix":[-0.991030216,0.133637518,0,-0.133637518,-0.991030216,0,0,0,0.999999881],"scale":0.618630409,"type":"desert_rocks_medium_01"}
{"ctxid":0,"pos":[533.615356,1948.88049,69.6871643],"rotationMatrix":[0.89520967,-0.445644945,0,0.445644945,0.89520967,0,0,0,0.999999881],"scale":1.31264102,"type":"desert_rocks_medium_01"}
