{"ctxid":0,"pos":[-491.58194,2050.14551,72.9163208],"rotationMatrix":[0.683183253,0.730246961,0,-0.730246961,0.683183253,0,0,0,0.999999881],"scale":1,"type":"desert_rocks_tiny_01"}
{"ctxid":0,"pos":[-492.523224,2050.27197,72.9163208],"rotationMatrix":[0.818808019,0.574067414,0,-0.574067414,0.818808019,0,0,0,0.999999881],"scale":1,"type":"desert_rocks_tiny_01"}
{"ctxid":0,"pos":[-987.014587,2068.98462,72.0925674],"rotationMatrix":[-0.162976146,-0.986629903,0,0.986629903,-0.162976146,0,0,0,0.999999881],"scale":0.70415628,"type":"desert_rocks_tiny_01"}
{"ctxid":0,"pos":[-987.955811,2069.5437,71.4073639],"rotationMatrix":[0.58929193,-0.807920039,0,0.807920039,0.58929193,0,0,0,0.999999881],"scale":0.896767557,"type":"desert_rocks_tiny_01"}
{"ctxid":0,"pos":[-991.777893,2070.41211,69.5314636],"rotationMatrix":[-0.756423891,-0.654081523,0,0.654081523,-0.756423891,0,0,0,0.999999881],"scale":0.765722394,"type":"desert_rocks_tiny_01"}
{"ctxid":0,"pos":[-994.29718,2067.26221,70.1697998],"rotationMatrix":[-0.53776592,-0.843093991,0,0.843093991,-0.53776592,0,0,0,0.999999881],"scale":0.604804635,"type":"desert_rocks_tiny_01"}
{"ctxid":0,"pos":[-993.268921,2069.49438,69.1066742],"rotationMatrix":[0.999570072,-0.0293157008,0,0.0293157008,0.999570072,0,0,0,0.999999881],"scale":0.622312427,"type":"desert_rocks_tiny_01"}
{"ctxid":0,"pos":[-995.311707,2067.75317,68.8274689],"rotationMatrix":[0.780590475,-0.625042737,0,0.625042737,0.780590475,0,0,0,0.999999881],"scale":0.750190794,"type":"desert_rocks_tiny_01"}
{"ctxid":0,"pos":[-995.059265,2067.27881,69.4741745],"rotationMatrix":[-0.999994516,0.00328358216,0,-0.00328358216,-0.999994516,0,0,0,0.999999881],"scale":0.800717473,"type":"desert_rocks_tiny_01"}
{"ctxid":0,"pos":[-993.888062,2067.57056,70.2615662],"rotationMatrix":[0.436867446,-0.899525762,0,0.899525762,0.436867446,0,0,0,0.999999881],"scale":0.737049401,"type":"desert_rocks_tiny_01"}
{"ctxid":0,"pos":[-993.581055,2066.82495,71.1978455],"rotationMatrix":[0.678778291,-0.734343171,0,0.734343171,0.678778291,0,0,0,0.999999881],"scale":0.813705981,"type":"desert_rocks_tiny_01"}
{"ctxid":0,"pos":[-993.331787,2069.03345,69.4597473],"rotationMatrix":[-0.852690339,0.522416592,0,-0.522416592,-0.852690339,0,0,0,0.999999881],"scale":0.611268759,"type":"desert_rocks_tiny_01"}
{"ctxid":0,"pos":[-997.610229,2063.53955,72.1737213],"rotationMatrix":[-0.991369069,0.131100386,0,-0.131100386,-0.991369069,0,0,0,0.999999881],"scale":0.714599013,"type":"desert_rocks_tiny_01"}
{"ctxid":0,"pos":[-997.798889,2064.81372,70.9262695],"rotationMatrix":[-0.932607472,-0.360892445,0,0.360892445,-0.932607472,0,0,0,0.999999881],"scale":0.697724819,"type":"desert_rocks_tiny_01"}
{"ctxid":0,"pos":[-995.956238,2065.95776,70.3184052],"rotationMatrix":[0.237880886,0.971294284,0,-0.971294284,0.237880886,0,0,0,0.999999881],"scale":0.741124988,"type":"desert_rocks_tiny_01"}
{"ctxid":0,"pos":[-997.150818,2064.48608,71.382843],"rotationMatrix":[-0.665707052,-0.746213138,0,0.746213138,-0.665707052,0,0,0,0.999999881],"scale":0.657738209,"type":"desert_rocks_tiny_01"}
{"ctxid":0,"pos":[-995.288696,2065.38257,71.1249924],"rotationMatrix":[0.552926421,-0.833229899,0,0.833229899,0.552926421,0,0,0,0.999999881],"scale":0.686372638,"type":"desert_rocks_tiny_01"}
{"ctxid":0,"pos":[-996.774475,2066.07349,69.9211121],"rotationMatrix":[0.762915134,0.646498621,0,-0.646498621,0.762915134,0,0,0,0.999999881],"scale":0.838463724,"type":"desert_rocks_tiny_01"}
{"ctxid":0,"pos":[-1001.41278,2065.24121,70.2910156],"rotationMatrix":[0.271883965,-0.962329924,0,0.962329924,0.271883965,0,0,0,0.999999881],"scale":0.605294824,"type":"desert_rocks_tiny_01"}
{"ctxid":0,"pos":[-1004.75256,2063.8772,71.2600632],"rotationMatrix":[0.458224922,-0.888836205,0,0.888836205,0.458224922,0,0,0,0.999999881],"scale":0.811774909,"type":"desert_rocks_tiny_01"}
{"ctxid":0,"pos":[-1005.62811,2064.1875,70.8512421],"rotationMatrix":[0.943563044,0.33119294,0,-0.33119294,0.943563044,0,0,0,0.999999881],"scale":0.801309764,"type":"desert_rocks_tiny_01"}
{"ctxid":0,"pos":[-1005.46265,2065.05493,70.1847839],"rotationMatrix":[-0.953303158,-0.302014858,0,0.302014858,-0.953303158,0,0,0,0.999999881],"scale":0.703873575,"type":"desert_rocks_tiny_01"}
{"ctxid":0,"pos":[-1003.91211,2065.15771,70.1968155],"rotationMatrix":[0.666240931,-0.745736539,0,0.745736539,0.666240931,0,0,0,0.999999881],"scale":0.747024179,"type":"desert_rocks_tiny_01"}
{"ctxid":0,"pos":[-1004.24249,2064.59399,70.6874695],"rotationMatrix":[-0.884091258,-0.467314303,0,0.467314303,-0.884091258,0,0,0,0.999999881],"scale":0.68975234,"type":"desert_rocks_tiny_01"}
{"ctxid":0,"pos":[-1004.46057,2062.87427,71.9921417],"rotationMatrix":[0.271583885,0.962414742,0,-0.962414742,0.271583885,0,0,0,0.999999881],"scale":0.712616205,"type":"desert_rocks_tiny_01"}
{"ctxid":0,"pos":[-1004.94464,2063.41089,71.5243225],"rotationMatrix":[0.87690872,0.480656832,0,-0.480656832,0.87690872,0,0,0,0.999999881],"scale":0.659289837,"type":"desert_rocks_tiny_01"}
{"ctxid":0,"pos":[-1004.74512,2064.92212,70.3545532],"rotationMatrix":[0.593323827,-0.804963768,0,0.804963768,0.593323827,0,0,0,0.999999881],"scale":0.749068439,"type":"desert_rocks_tiny_01"}
{"ctxid":0,"pos":[-1006.06073,2065.61328,69.635788],"rotationMatrix":[0.958096683,0.286444962,0,-0.286444962,0.958096683,0,0,0,0.999999881],"scale":0.641218483,"type":"desert_rocks_tiny_01"}
{"ctxid":0,"pos":[-1005.78619,2063.01782,71.5920563],"rotationMatrix":[0.666615605,-0.745401502,0,0.745401502,0.666615605,0,0,0,0.999999881],"scale":0.601568878,"type":"desert_rocks_tiny_01"}
{"ctxid":0,"pos":[-1007.17377,2063.4458,70.9937286],"rotationMatrix":[0.689931631,0.723874509,0,-0.723874509,0.689931631,0,0,0,0.999999881],"scale":0.694700837,"type":"desert_rocks_tiny_01"}
{"ctxid":0,"pos":[-1007.63141,2063.68408,70.7323303],"rotationMatrix":[0.260408729,0.965498447,0,-0.965498447,0.260408729,0,0,0,0.999999881],"scale":0.769548476,"type":"desert_rocks_tiny_01"}
{"ctxid":0,"pos":[-1010.78632,2063.37769,71.1404953],"rotationMatrix":[-0.157788008,-0.987472951,0,0.987472951,-0.157788008,0,0,0,0.999999881],"scale":0.903956115,"type":"desert_rocks_tiny_01"}
{"ctxid":0,"pos":[-1010.13501,2065.98413,69.8964233],"rotationMatrix":[-0.898075283,0.439841539,0,-0.439841539,-0.898075283,0,0,0,0.999999881],"scale":0.616941869,"type":"desert_rocks_tiny_01"}
{"ctxid":0,"pos":[-1009.71753,2066.22119,69.7999725],"rotationMatrix":[-0.52474463,-0.85125953,0,0.85125953,-0.52474463,0,0,0,0.999999881],"scale":0.771891773,"type":"desert_rocks_tiny_01"}
{"ctxid":0,"pos":[-1011.42596,2064.6106,70.5535583],"rotationMatrix":[0.459386885,-0.888236165,0,0.888236165,0.459386885,0,0,0,0.999999881],"scale":0.647895455,"type":"desert_rocks_tiny_01"}
{"ctxid":0,"pos":[-1012.52411,2064.7981,70.5681915],"rotationMatrix":[0.988004804,-0.154422581,0,0.154422581,0.988004804,0,0,0,0.999999881],"scale":0.586612105,"type":"desert_rocks_tiny_01"}
{"ctxid":0,"pos":[-1015.77106,2067.00098,70.3626556],"rotationMatrix":[-0.915704787,0.401851624,0,-0.401851624,-0.915704787,0,0,0,0.999999881],"scale":0.660711467,"type":"desert_rocks_tiny_01"}
{"ctxid":0,"pos":[-1014.1803,2066.39111,70.3366394],"rotationMatrix":[-0.904889286,-0.42564711,0,0.42564711,-0.904889286,0,0,0,0.999999881],"scale":0.620389104,"type":"desert_rocks_tiny_01"}
{"ctxid":0,"pos":[-1017.62439,2065.75928,70.778656],"rotationMatrix":[0.616285145,0.787523091,0,-0.787523091,0.616285145,0,0,0,0.999999881],"scale":0.893787801,"type":"desert_rocks_tiny_01"}
{"ctxid":0,"pos":[-1018.23535,2065.22339,70.8422699],"rotationMatrix":[-0.871256292,0.490828216,0,-0.490828216,-0.871256292,0,0,0,0.999999881],"scale":0.696857095,"type":"desert_rocks_tiny_01"}
{"ctxid":0,"pos":[-1018.0545,2065.5188,70.8153],"rotationMatrix":[0.313171268,-0.9496966,0,0.9496966,0.313171268,0,0,0,0.999999881],"scale":0.688607156,"type":"desert_rocks_tiny_01"}
{"ctxid":0,"pos":[-1021.05499,2064.92212,70.4616928],"rotationMatrix":[-0.954533339,-0.298103929,0,0.298103929,-0.954533339,0,0,0,0.999999881],"scale":0.608565748,"type":"desert_rocks_tiny_01"}
{"ctxid":0,"pos":[-1021.69153,2063.20386,70.9742126],"rotationMatrix":[0.975614011,0.219492927,0,-0.219492927,0.975614011,0,0,0,0.999999881],"scale":0.808134854,"type":"desert_rocks_tiny_01"}
{"ctxid":0,"pos":[-1024.99048,2063.98389,70.2207565],"rotationMatrix":[0.637687683,0.770295024,0,-0.770295024,0.637687683,0,0,0,0.999999881],"scale":0.834540009,"type":"desert_rocks_tiny_01"}
{"ctxid":0,"pos":[-1024.60779,2062.99365,70.6249161],"rotationMatrix":[-0.0933369845,-0.995634496,0,0.995634496,-0.0933369845,0,0,0,0.999999881],"scale":0.812591791,"type":"desert_rocks_tiny_01"}
{"ctxid":0,"pos":[-1023.30176,2062.20117,71.093483],"rotationMatrix":[0.63650918,-0.771269023,0,0.771269023,0.63650918,0,0,0,0.999999881],"scale":0.839048803,"type":"desert_rocks_tiny_01"}
{"ctxid":0,"pos":[-1022.23596,2062.68872,71.0765381],"rotationMatrix":[0.85487783,0.518829286,0,-0.518829286,0.85487783,0,0,0,0.999999881],"scale":0.860259414,"type":"desert_rocks_tiny_01"}
{"ctxid":0,"pos":[-1025.51453,2063.69043,70.2480011],"rotationMatrix":[-0.18046695,-0.983580947,0,0.983580947,-0.18046695,0,0,0,0.999999881],"scale":0.601077199,"type":"desert_rocks_tiny_01"}
{"ctxid":0,"pos":[-1025.2196,2064.75757,69.915123],"rotationMatrix":[-0.607605696,-0.794238806,0,0.794238806,-0.607605696,0,0,0,0.999999881],"scale":0.631231904,"type":"desert_rocks_tiny_01"}
{"ctxid":0,"pos":[-1025.38232,2062.7168,70.6103897],"rotationMatrix":[0.276179522,-0.961106002,0,0.961106002,0.276179522,0,0,0,0.999999881],"scale":0.633920074,"type":"desert_rocks_tiny_01"}
{"ctxid":0,"pos":[-1025.96765,2062.26123,70.68927],"rotationMatrix":[0.781350017,-0.624092817,0,0.624092817,0.781350017,0,0,0,0.999999881],"scale":0.827571929,"type":"desert_rocks_tiny_01"}
{"ctxid":0,"pos":[-1029.15417,2064.99487,69.9401932],"rotationMatrix":[0.962294281,0.272010297,0,-0.272010297,0.962294281,0,0,0,0.999999881],"scale":0.586146116,"type":"desert_rocks_tiny_01"}
{"ctxid":0,"pos":[-1029.6908,2065.17114,69.9931793],"rotationMatrix":[0.72060281,0.69334805,0,-0.69334805,0.72060281,0,0,0,0.999999881],"scale":0.61188215,"type":"desert_rocks_tiny_01"}
{"ctxid":0,"pos":[-1028.29456,2063.56055,70.1317291],"rotationMatrix":[0.712438405,-0.701734483,0,0.701734483,0.712438405,0,0,0,0.999999881],"scale":0.731568277,"type":"desert_rocks_tiny_01"}
{"ctxid":0,"pos":[-1032.03345,2066.40137,70.0350723],"rotationMatrix":[0.41391322,-0.910316288,0,0.910316288,0.41391322,0,0,0,0.999999881],"scale":0.878358841,"type":"desert_rocks_tiny_01"}
{"ctxid":0,"pos":[-1033.23975,2065.24756,70.6990509],"rotationMatrix":[-0.360462129,-0.932773769,0,0.932773769,-0.360462129,0,0,0,0.999999881],"scale":0.899858296,"type":"desert_rocks_tiny_01"}
{"ctxid":0,"pos":[-1030.92261,2063.75537,70.6506042],"rotationMatrix":[-0.953995645,0.299820244,0,-0.299820244,-0.953995645,0,0,0,0.999999881],"scale":0.583114743,"type":"desert_rocks_tiny_01"}
{"ctxid":0,"pos":[-1032.83447,2063.94043,71.0174484],"rotationMatrix":[0.836838901,-0.547448933,0,0.547448933,0.836838901,0,0,0,0.999999881],"scale":0.600579739,"type":"desert_rocks_tiny_01"}
{"ctxid":0,"pos":[-1032.68042,2065.41064,70.5248566],"rotationMatrix":[0.606752038,-0.794891119,0,0.794891119,0.606752038,0,0,0,0.999999881],"scale":0.810756147,"type":"desert_rocks_tiny_01"}
{"ctxid":0,"pos":[-1033.23438,2067.87964,69.7518845],"rotationMatrix":[0.0478811041,0.998852968,0,-0.998852968,0.0478811041,0,0,0,0.999999881],"scale":0.679860353,"type":"desert_rocks_tiny_01"}
{"ctxid":0,"pos":[-1032.58875,2067.34277,69.8114395],"rotationMatrix":[-0.583536804,0.812086463,0,-0.812086463,-0.583536804,0,0,0,0.999999881],"scale":0.878738999,"type":"desert_rocks_tiny_01"}
{"ctxid":0,"pos":[-1035.23706,2064.87646,71.2451477],"rotationMatrix":[-0.0172495302,-0.999851108,0,0.999851108,-0.0172495302,0,0,0,0.999999881],"scale":0.629557014,"type":"desert_rocks_tiny_01"}
{"ctxid":0,"pos":[-1036.91162,2067.84863,69.9001007],"rotationMatrix":[0.298317194,0.95446676,0,-0.95446676,0.298317194,0,0,0,0.999999881],"scale":0.776201785,"type":"desert_rocks_tiny_01"}
{"ctxid":0,"pos":[-1036.58679,2066.85645,70.3805847],"rotationMatrix":[0.672697783,-0.739917219,0,0.739917219,0.672697783,0,0,0,0.999999881],"scale":0.711108923,"type":"desert_rocks_tiny_01"}
{"ctxid":0,"pos":[-1036.026,2068.61353,69.6075287],"rotationMatrix":[0.173169747,-0.984891891,0,0.984891891,0.173169747,0,0,0,0.999999881],"scale":0.584050715,"type":"desert_rocks_tiny_01"}
{"ctxid":0,"pos":[-1038.31055,2067.91895,69.7717896],"rotationMatrix":[-0.903860033,-0.427828312,0,0.427828312,-0.903860033,0,0,0,0.999999881],"scale":0.896672726,"type":"desert_rocks_tiny_01"}
{"ctxid":0,"pos":[-1038.39075,2067.45435,69.9808655],"rotationMatrix":[0.825354755,-0.564614356,0,0.564614356,0.825354755,0,0,0,0.999999881],"scale":0.812023222,"type":"desert_rocks_tiny_01"}
{"ctxid":0,"pos":[-1040.62354,2066.32397,70.1714249],"rotationMatrix":[-0.940369308,0.340155005,0,-0.340155005,-0.940369308,0,0,0,0.999999881],"scale":0.731384516,"type":"desert_rocks_tiny_01"}
{"ctxid":0,"pos":[-1040.38416,2065.14209,70.5360718],"rotationMatrix":[0.932292044,0.361706257,0,-0.361706257,0.932292044,0,0,0,0.999999881],"scale":0.833833575,"type":"desert_rocks_tiny_01"}
{"ctxid":0,"pos":[-1040.17273,2066.44922,70.1703262],"rotationMatrix":[0.366414189,-0.930451751,0,0.930451751,0.366414189,0,0,0,0.999999881],"scale":0.592650771,"type":"desert_rocks_tiny_01"}
{"ctxid":0,"pos":[-1043.73669,2064.56421,70.4615173],"rotationMatrix":[-0.130682006,-0.991424263,0,0.991424263,-0.130682006,0,0,0,0.999999881],"scale":0.623511195,"type":"desert_rocks_tiny_01"}
{"ctxid":0,"pos":[-1044.42908,2062.95605,70.8567123],"rotationMatrix":[-0.816872537,-0.576817989,0,0.576817989,-0.816872537,0,0,0,0.999999881],"scale":0.887260199,"type":"desert_rocks_tiny_01"}
{"ctxid":0,"pos":[-1042.53735,2062.58911,71.113205],"rotationMatrix":[-0.660856426,0.750512064,0,-0.750512064,-0.660856426,0,0,0,0.999999881],"scale":0.615110934,"type":"desert_rocks_tiny_01"}
{"ctxid":0,"pos":[-1046.89832,2065.11987,70.1892853],"rotationMatrix":[-0.902347267,0.431009769,0,-0.431009769,-0.902347267,0,0,0,0.999999881],"scale":0.857561588,"type":"desert_rocks_tiny_01"}
{"ctxid":0,"pos":[-1049.45593,2062.1106,70.8647766],"rotationMatrix":[0.901683867,0.432395786,0,-0.432395786,0.901683867,0,0,0,0.999999881],"scale":0.871896088,"type":"desert_rocks_tiny_01"}
{"ctxid":0,"pos":[-1050.48108,2060.83154,71.0153351],"rotationMatrix":[0.320311248,-0.947312295,0,0.947312295,0.320311248,0,0,0,0.999999881],"scale":0.750986218,"type":"desert_rocks_tiny_01"}
{"ctxid":0,"pos":[-1060.21045,2061.30664,70.2061539],"rotationMatrix":[0.485504389,0.874234259,0,-0.874234259,0.485504389,0,0,0,0.999999881],"scale":0.632742107,"type":"desert_rocks_tiny_01"}
{"ctxid":0,"pos":[-1062.59863,2058.80127,70.7695618],"rotationMatrix":[0.985644519,0.168833509,0,-0.168833509,0.985644519,0,0,0,0.999999881],"scale":0.778982878,"type":"desert_rocks_tiny_01"}
{"ctxid":0,"pos":[-1062.59326,2059.95703,70.5496979],"rotationMatrix":[0.51006043,0.860138595,0,-0.860138595,0.51006043,0,0,0,0.999999881],"scale":0.635948658,"type":"desert_rocks_tiny_01"}
{"ctxid":0,"pos":[-1063.48523,2056.73633,71.0768967],"rotationMatrix":[0.99925369,0.0386226065,0,-0.0386226065,0.99925369,0,0,0,0.999999881],"scale":0.713875294,"type":"desert_rocks_tiny_01"}
{"ctxid":0,"pos":[-1068.32104,2058.47485,70.2739182],"rotationMatrix":[-0.999128342,0.0417412445,0,-0.0417412445,-0.999128342,0,0,0,0.999999881],"scale":0.684198618,"type":"desert_rocks_tiny_01"}
{"ctxid":0,"pos":[-1069.33362,2057.86987,70.2905579],"rotationMatrix":[-0.95574832,0.29418543,0,-0.29418543,-0.95574832,0,0,0,0.999999881],"scale":0.743549347,"type":"desert_rocks_tiny_01"}
{"ctxid":0,"pos":[-1071.07605,2056.51245,70.3795395],"rotationMatrix":[-0.969834864,-0.243762374,0,0.243762374,-0.969834864,0,0,0,0.999999881],"scale":0.595137835,"type":"desert_rocks_tiny_01"}
{"ctxid":0,"pos":[-1073.14832,2054.03467,70.6913757],"rotationMatrix":[0.998785138,-0.0492757782,0,0.0492757782,0.998785138,0,0,0,0.999999881],"scale":0.831220567,"type":"desert_rocks_tiny_01"}
{"ctxid":0,"pos":[-1073.69312,2054.11475,70.6502533],"rotationMatrix":[0.626867115,0.779126167,0,-0.779126167,0.626867115,0,0,0,0.999999881],"scale":0.636420131,"type":"desert_rocks_tiny_01"}
{"ctxid":0,"pos":[-1073.46631,2053.82764,70.7123489],"rotationMatrix":[0.589708507,0.807616174,0,-0.807616174,0.589708507,0,0,0,0.999999881],"scale":0.618832588,"type":"desert_rocks_tiny_01"}
{"ctxid":0,"pos":[-1036.69873,2064.40186,71.3562622],"rotationMatrix":[-0.486088425,-0.873909533,0,0.873909533,-0.486088425,0,0,0,0.999999881],"scale":0.592195868,"type":"desert_rocks_tiny_01"}
{"ctxid":0,"pos":[-1049.77271,2060.94336,71.0457001],"rotationMatrix":[-0.145930693,0.989294708,0,-0.989294708,-0.145930693,0,0,0,0.999999881],"scale":0.626095593,"type":"desert_rocks_tiny_01"}
{"ctxid":0,"pos":[-1051.08667,2060.39697,71.071785],"rotationMatrix":[-0.891913414,-0.452206075,0,0.452206075,-0.891913414,0,0,0,0.999999881],"scale":0.641308904,"type":"desert_rocks_tiny_01"}
{"ctxid":0,"pos":[-1049.78625,2060.5564,71.1386795],"rotationMatrix":[0.161574557,0.986860454,0,-0.986860454,0.161574557,0,0,0,0.999999881],"scale":0.642148852,"type":"desert_rocks_tiny_01"}
{"ctxid":0,"pos":[-1052.37183,2061.58008,70.6797256],"rotationMatrix":[0.165992066,0.986127079,0,-0.986127079,0.165992066,0,0,0,0.999999881],"scale":0.677043676,"type":"desert_rocks_tiny_01"}
{"ctxid":0,"pos":[-1046.27295,2063.84009,70.5303192],"rotationMatrix":[0.839582026,-0.543232739,0,0.543232739,0.839582026,0,0,0,0.999999881],"scale":0.420422345,"type":"desert_rocks_tiny_01"}
{"ctxid":0,"pos":[-1046.78406,2061.11646,71.2092361],"rotationMatrix":[-0.91576606,-0.401711971,0,0.401711971,-0.91576606,0,0,0,0.999999881],"scale":0.288816214,"type":"desert_rocks_tiny_01"}
{"ctxid":0,"pos":[-1048.78979,2062.37573,70.8278732],"rotationMatrix":[0.194026455,-0.980996192,0,0.980996192,0.194026455,0,0,0,0.999999881],"scale":0.283821166,"type":"desert_rocks_tiny_01"}
{"ctxid":0,"pos":[-1049.47766,2060.40942,71.1994934],"rotationMatrix":[0.949373305,-0.314149946,0,0.314149946,0.949373305,0,0,0,0.999999881],"scale":0.339350224,"type":"desert_rocks_tiny_01"}
{"ctxid":0,"pos":[-1050.83447,2063.57373,70.43396],"rotationMatrix":[0.781924546,0.623373091,0,-0.623373091,0.781924546,0,0,0,0.999999881],"scale":0.250160754,"type":"desert_rocks_tiny_01"}
{"ctxid":0,"pos":[-1050.62476,2060.02026,71.2009048],"rotationMatrix":[0.895626187,-0.444807351,0,0.444807351,0.895626187,0,0,0,0.999999881],"scale":0.399906665,"type":"desert_rocks_tiny_01"}
{"ctxid":0,"pos":[-1050.09375,2060.82666,71.0479889],"rotationMatrix":[0.980597317,-0.196032703,0,0.196032703,0.980597317,0,0,0,0.999999881],"scale":0.380058557,"type":"desert_rocks_tiny_01"}
{"ctxid":0,"pos":[-1018.03259,2063.73291,71.3190613],"rotationMatrix":[-0.334239036,-0.942488253,0,0.942488253,-0.334239036,0,0,0,0.999999881],"scale":0.394783825,"type":"desert_rocks_tiny_01"}
{"ctxid":0,"pos":[-1019.41724,2063.33521,71.2580948],"rotationMatrix":[-0.863653481,-0.50408572,0,0.50408572,-0.863653481,0,0,0,0.999999881],"scale":0.212738842,"type":"desert_rocks_tiny_01"}
{"ctxid":0,"pos":[-1017.51105,2063.66602,71.4183197],"rotationMatrix":[-0.813665092,-0.581333756,0,0.581333756,-0.813665092,0,0,0,0.999999881],"scale":0.383579254,"type":"desert_rocks_tiny_01"}
{"ctxid":0,"pos":[-1019.31201,2064.88135,70.7290497],"rotationMatrix":[-0.494618028,-0.869110286,0,0.869110286,-0.494618028,0,0,0,0.999999881],"scale":0.24059853,"type":"desert_rocks_tiny_01"}
{"ctxid":0,"pos":[-1017.9762,2063.35278,71.4610748],"rotationMatrix":[0.63403523,-0.773304045,0,0.773304045,0.63403523,0,0,0,0.999999881],"scale":0.27168256,"type":"desert_rocks_tiny_01"}
{"ctxid":0,"pos":[-1020.21039,2061.73486,71.7063675],"rotationMatrix":[-0.514356196,-0.857576609,0,0.857576609,-0.514356196,0,0,0,0.999999881],"scale":0.335354775,"type":"desert_rocks_tiny_01"}
{"ctxid":0,"pos":[-1020.62555,2062.35815,71.4266739],"rotationMatrix":[-0.119315661,0.992856264,0,-0.992856264,-0.119315661,0,0,0,0.999999881],"scale":0.26167053,"type":"desert_rocks_tiny_01"}
{"ctxid":0,"pos":[-1022.72345,2061.53076,71.4134369],"rotationMatrix":[0.823696673,-0.567030609,0,0.567030609,0.823696673,0,0,0,0.999999881],"scale":0.386090398,"type":"desert_rocks_tiny_01"}
{"ctxid":0,"pos":[-1022.35327,2061.62793,71.4329681],"rotationMatrix":[0.969755888,0.244076744,0,-0.244076744,0.969755888,0,0,0,0.999999881],"scale":0.212285861,"type":"desert_rocks_tiny_01"}
{"ctxid":0,"pos":[-1025.35486,2059.70752,71.6832123],"rotationMatrix":[-0.822877467,0.568218768,0,-0.568218768,-0.822877467,0,0,0,0.999999881],"scale":0.219141021,"type":"desert_rocks_tiny_01"}
{"ctxid":0,"pos":[-1024.82971,2062.54907,70.7492218],"rotationMatrix":[0.967530191,-0.252755046,0,0.252755046,0.967530191,0,0,0,0.999999881],"scale":0.234500304,"type":"desert_rocks_tiny_01"}
{"ctxid":0,"pos":[-1024.68152,2059.87915,71.7159195],"rotationMatrix":[0.34099257,0.94006598,0,-0.94006598,0.34099257,0,0,0,0.999999881],"scale":0.338702351,"type":"desert_rocks_tiny_01"}
{"ctxid":0,"pos":[-1028.60242,2061.14746,71.063385],"rotationMatrix":[-0.559356749,-0.828926861,0,0.828926861,-0.559356749,0,0,0,0.999999881],"scale":0.475159109,"type":"desert_rocks_tiny_01"}
{"ctxid":0,"pos":[-1027.59338,2061.23096,71.0007477],"rotationMatrix":[-0.439812839,-0.89808929,0,0.89808929,-0.439812839,0,0,0,0.999999881],"scale":0.225902781,"type":"desert_rocks_tiny_01"}
{"ctxid":0,"pos":[-1034.40393,2062.51953,71.732338],"rotationMatrix":[-0.926461816,0.376388758,0,-0.376388758,-0.926461816,0,0,0,0.999999881],"scale":0.427968442,"type":"desert_rocks_tiny_01"}
{"ctxid":0,"pos":[-1033.7157,2063.10498,71.4287491],"rotationMatrix":[0.289860755,-0.957068682,0,0.957068682,0.289860755,0,0,0,0.999999881],"scale":0.277557522,"type":"desert_rocks_tiny_01"}
{"ctxid":0,"pos":[-1033.73254,2061.74048,71.7913513],"rotationMatrix":[0.891923726,-0.452185601,0,0.452185601,0.891923726,0,0,0,0.999999881],"scale":0.354102701,"type":"desert_rocks_tiny_01"}
{"ctxid":0,"pos":[-1035.2959,2063.60742,71.6400299],"rotationMatrix":[0.0883585811,0.996088624,0,-0.996088624,0.0883585811,0,0,0,0.999999881],"scale":0.261792809,"type":"desert_rocks_tiny_01"}
{"ctxid":0,"pos":[-1035.63672,2061.85913,72.1136703],"rotationMatrix":[0.630731285,0.776001334,0,-0.776001334,0.630731285,0,0,0,0.999999881],"scale":0.409984946,"type":"desert_rocks_tiny_01"}
{"ctxid":0,"pos":[-1035.97937,2062.31396,71.9294815],"rotationMatrix":[0.969853699,-0.243687391,0,0.243687391,0.969853699,0,0,0,0.999999881],"scale":0.37964046,"type":"desert_rocks_tiny_01"}
{"ctxid":0,"pos":[-1035.13489,2062.53125,71.8881226],"rotationMatrix":[-0.298010558,-0.954562485,0,0.954562485,-0.298010558,0,0,0,0.999999881],"scale":0.282915771,"type":"desert_rocks_tiny_01"}
{"ctxid":0,"pos":[-1035.85522,2064.05518,71.6438065],"rotationMatrix":[0.699676514,-0.714459658,0,0.714459658,0.699676514,0,0,0,0.999999881],"scale":0.390769839,"type":"desert_rocks_tiny_01"}
{"ctxid":0,"pos":[-1037.35486,2062.61865,71.4405441],"rotationMatrix":[-0.85413605,0.520049274,0,-0.520049274,-0.85413605,0,0,0,0.999999881],"scale":0.230489269,"type":"desert_rocks_tiny_01"}
{"ctxid":0,"pos":[-1037.29736,2063.04346,71.3889465],"rotationMatrix":[-0.827912748,0.560856819,0,-0.560856819,-0.827912748,0,0,0,0.999999881],"scale":0.282224715,"type":"desert_rocks_tiny_01"}
{"ctxid":0,"pos":[-1039.2323,2061.78369,71.5443573],"rotationMatrix":[0.999259055,0.038485378,0,-0.038485378,0.999259055,0,0,0,0.999999881],"scale":0.443413496,"type":"desert_rocks_tiny_01"}
{"ctxid":0,"pos":[-1039.21692,2062.1377,71.4445801],"rotationMatrix":[-0.332034171,0.943267226,0,-0.943267226,-0.332034171,0,0,0,0.999999881],"scale":0.213106096,"type":"desert_rocks_tiny_01"}
{"ctxid":0,"pos":[-1040.0791,2062.17993,71.4026489],"rotationMatrix":[-0.206872702,-0.978367746,0,0.978367746,-0.206872702,0,0,0,0.999999881],"scale":0.393398166,"type":"desert_rocks_tiny_01"}
{"ctxid":0,"pos":[-1039.66138,2061.92651,71.4889679],"rotationMatrix":[-0.00730206817,-0.999973238,0,0.999973238,-0.00730206817,0,0,0,0.999999881],"scale":0.386018068,"type":"desert_rocks_tiny_01"}
{"ctxid":0,"pos":[-1038.54236,2064.02417,70.9334946],"rotationMatrix":[0.961195767,0.275867105,0,-0.275867105,0.961195767,0,0,0,0.999999881],"scale":0.225639015,"type":"desert_rocks_tiny_01"}
{"ctxid":0,"pos":[-1038.88794,2062.01318,71.4912949],"rotationMatrix":[0.209268197,-0.977858186,0,0.977858186,0.209268197,0,0,0,0.999999881],"scale":0.476170659,"type":"desert_rocks_tiny_01"}
{"ctxid":0,"pos":[-1038.78162,2061.67139,71.5918427],"rotationMatrix":[-0.79646039,-0.604690492,0,0.604690492,-0.79646039,0,0,0,0.999999881],"scale":0.273716271,"type":"desert_rocks_tiny_01"}
{"ctxid":0,"pos":[-1037.64563,2062.41138,71.4216461],"rotationMatrix":[-0.996399045,-0.0847866833,0,0.0847866833,-0.996399045,0,0,0,0.999999881],"scale":0.295809627,"type":"desert_rocks_tiny_01"}
{"ctxid":0,"pos":[-1040.93359,2062.1333,71.3730087],"rotationMatrix":[-0.572320044,0.820030093,0,-0.820030093,-0.572320044,0,0,0,0.999999881],"scale":0.438015401,"type":"desert_rocks_tiny_01"}
{"ctxid":0,"pos":[-1040.45984,2062.16528,71.3935699],"rotationMatrix":[0.995833576,-0.0911888331,0,0.0911888331,0.995833576,0,0,0,0.999999881],"scale":0.218576401,"type":"desert_rocks_tiny_01"}
{"ctxid":0,"pos":[-1041.00159,2063.55103,70.9528732],"rotationMatrix":[0.271079481,-0.962556899,0,0.962556899,0.271079481,0,0,0,0.999999881],"scale":0.381991476,"type":"desert_rocks_tiny_01"}
{"ctxid":0,"pos":[-1044.01965,2061.13501,71.4217606],"rotationMatrix":[-0.777570665,0.628795266,0,-0.628795266,-0.777570665,0,0,0,0.999999881],"scale":0.253961265,"type":"desert_rocks_tiny_01"}
{"ctxid":0,"pos":[-1043.4989,2061.53931,71.3445358],"rotationMatrix":[0.186092377,0.982532203,0,-0.982532203,0.186092377,0,0,0,0.999999881],"scale":0.386364758,"type":"desert_rocks_tiny_01"}
{"ctxid":0,"pos":[-1043.55994,2061.95605,71.2177963],"rotationMatrix":[0.731992543,-0.681312621,0,0.681312621,0.731992543,0,0,0,0.999999881],"scale":0.353773683,"type":"desert_rocks_tiny_01"}
{"ctxid":0,"pos":[-1044.80945,2061.01343,71.3950653],"rotationMatrix":[-0.602358222,0.798225641,0,-0.798225641,-0.602358222,0,0,0,0.999999881],"scale":0.312299967,"type":"desert_rocks_tiny_01"}
{"ctxid":0,"pos":[-1043.40955,2062.64307,71.028656],"rotationMatrix":[-0.807746053,0.589530289,0,-0.589530289,-0.807746053,0,0,0,0.999999881],"scale":0.387563169,"type":"desert_rocks_tiny_01"}
{"ctxid":0,"pos":[-1046.60901,2060.73071,71.3358917],"rotationMatrix":[0.273868978,0.961767018,0,-0.961767018,0.273868978,0,0,0,0.999999881],"scale":0.418351561,"type":"desert_rocks_tiny_01"}
{"ctxid":0,"pos":[-1045.16858,2060.46509,71.5271606],"rotationMatrix":[-0.166422218,-0.98605448,0,0.98605448,-0.166422218,0,0,0,0.999999881],"scale":0.321421206,"type":"desert_rocks_tiny_01"}
{"ctxid":0,"pos":[-1046.10242,2060.59595,71.4152527],"rotationMatrix":[0.990858495,0.134905025,0,-0.134905025,0.990858495,0,0,0,0.999999881],"scale":0.240346968,"type":"desert_rocks_tiny_01"}
{"ctxid":0,"pos":[-1044.11816,2061.948,71.1761475],"rotationMatrix":[-0.999784052,-0.0207761172,0,0.0207761172,-0.999784052,0,0,0,0.999999881],"scale":0.381428838,"type":"desert_rocks_tiny_01"}
{"ctxid":0,"pos":[-1047.8175,2059.94507,71.470459],"rotationMatrix":[0.869917333,-0.493197441,0,0.493197441,0.869917333,0,0,0,0.999999881],"scale":0.446362853,"type":"desert_rocks_tiny_01"}
{"ctxid":0,"pos":[-1049.20386,2060.09961,71.2970581],"rotationMatrix":[-0.623781681,0.781598389,0,-0.781598389,-0.623781681,0,0,0,0.999999881],"scale":0.41260758,"type":"desert_rocks_tiny_01"}
{"ctxid":0,"pos":[-1048.53418,2060.33813,71.2965851],"rotationMatrix":[-0.917684436,0.397310019,0,-0.397310019,-0.917684436,0,0,0,0.999999881],"scale":0.200112671,"type":"desert_rocks_tiny_01"}
{"ctxid":0,"pos":[-1048.84851,2060.47119,71.2355881],"rotationMatrix":[-0.280780494,-0.959771872,0,0.959771872,-0.280780494,0,0,0,0.999999881],"scale":0.436778754,"type":"desert_rocks_tiny_01"}
{"ctxid":0,"pos":[-1052.43323,2059.18726,71.2565002],"rotationMatrix":[-0.707083225,0.707130075,0,-0.707130075,-0.707083225,0,0,0,0.999999881],"scale":0.223471999,"type":"desert_rocks_tiny_01"}
{"ctxid":0,"pos":[-1052.64856,2058.67114,71.3644867],"rotationMatrix":[-0.951970339,-0.306189895,0,0.306189895,-0.951970339,0,0,0,0.999999881],"scale":0.226060599,"type":"desert_rocks_tiny_01"}
{"ctxid":0,"pos":[-1055.22156,2058.56592,71.181015],"rotationMatrix":[0.819616616,0.572912335,0,-0.572912335,0.819616616,0,0,0,0.999999881],"scale":0.326280832,"type":"desert_rocks_tiny_01"}
{"ctxid":0,"pos":[-1054.32104,2058.62964,71.2386932],"rotationMatrix":[-0.768752337,0.639546514,0,-0.639546514,-0.768752337,0,0,0,0.999999881],"scale":0.218231052,"type":"desert_rocks_tiny_01"}
{"ctxid":0,"pos":[-1055.86548,2058.3667,71.1771317],"rotationMatrix":[-0.882973909,0.469421804,0,-0.469421804,-0.882973909,0,0,0,0.999999881],"scale":0.216045856,"type":"desert_rocks_tiny_01"}
{"ctxid":0,"pos":[-1055.44263,2057.77246,71.3559723],"rotationMatrix":[-0.131605238,-0.991302133,0,0.991302133,-0.131605238,0,0,0,0.999999881],"scale":0.45530802,"type":"desert_rocks_tiny_01"}
{"ctxid":0,"pos":[-1057.74158,2058.06714,71.1289062],"rotationMatrix":[0.416465044,0.909151733,0,-0.909151733,0.416465044,0,0,0,0.999999881],"scale":0.44890362,"type":"desert_rocks_tiny_01"}
{"ctxid":0,"pos":[-1059.23889,2058.99194,70.8030243],"rotationMatrix":[-0.220575333,0.975369871,0,-0.975369871,-0.220575333,0,0,0,0.999999881],"scale":0.335408509,"type":"desert_rocks_tiny_01"}
{"ctxid":0,"pos":[-1060.59058,2056.99927,71.2868195],"rotationMatrix":[-0.58879745,0.808280408,0,-0.808280408,-0.58879745,0,0,0,0.999999881],"scale":0.478253543,"type":"desert_rocks_tiny_01"}
{"ctxid":0,"pos":[-1059.91113,2056.65283,71.3672791],"rotationMatrix":[-0.354029626,0.935234129,0,-0.935234129,-0.354029626,0,0,0,0.999999881],"scale":0.238238692,"type":"desert_rocks_tiny_01"}
{"ctxid":0,"pos":[-1064.96533,2055.75391,71.1199417],"rotationMatrix":[-0.643769383,0.765219331,0,-0.765219331,-0.643769383,0,0,0,0.999999881],"scale":0.304042816,"type":"desert_rocks_tiny_01"}
{"ctxid":0,"pos":[-1065.44812,2056.13867,70.9995041],"rotationMatrix":[-0.995475233,-0.0950199142,0,0.0950199142,-0.995475233,0,0,0,0.999999881],"scale":0.229401529,"type":"desert_rocks_tiny_01"}
{"ctxid":0,"pos":[-1064.86279,2055.3877,71.1997681],"rotationMatrix":[0.936140954,0.351624757,0,-0.351624757,0.936140954,0,0,0,0.999999881],"scale":0.449344218,"type":"desert_rocks_tiny_01"}
{"ctxid":0,"pos":[-1065.75781,2056.12744,70.9714508],"rotationMatrix":[0.644346714,0.764733493,0,-0.764733493,0.644346714,0,0,0,0.999999881],"scale":0.349501222,"type":"desert_rocks_tiny_01"}
{"ctxid":0,"pos":[-559.081665,2122.48364,73.7202606],"rotationMatrix":[-0.337714285,0.941248536,0,-0.941248536,-0.337714285,0,0,0,0.999999881],"scale":0.859537482,"type":"desert_rocks_tiny_01"}
{"ctxid":0,"pos":[-558.101746,2122.05811,73.7126083],"rotationMatrix":[-0.215893775,-0.976416767,0,0.976416767,-0.215893775,0,0,0,0.999999881],"scale":0.597139835,"type":"desert_rocks_tiny_01"}
{"ctxid":0,"pos":[-642.669922,2131.77051,74.5879593],"rotationMatrix":[0.776517689,0.630095482,0,-0.630095482,0.776517689,0,0,0,0.999999881],"scale":0.773611009,"type":"desert_rocks_tiny_01"}
{"ctxid":0,"pos":[-639.337219,2129.94946,74.8553009],"rotationMatrix":[-0.926926792,-0.375242144,0,0.375242144,-0.926926792,0,0,0,0.999999881],"scale":0.902640522,"type":"desert_rocks_tiny_01"}
{"ctxid":0,"pos":[-640.074829,2127.76782,76.2021332],"rotationMatrix":[-0.987832189,0.155523211,0,-0.155523211,-0.987832189,0,0,0,0.999999881],"scale":0.586945832,"type":"desert_rocks_tiny_01"}
{"ctxid":0,"pos":[-707.247803,2127.60181,70.9106369],"rotationMatrix":[0.246506289,-0.969141066,0,0.969141066,0.246506289,0,0,0,0.999999881],"scale":0.821494281,"type":"desert_rocks_tiny_01"}
{"ctxid":0,"pos":[-707.268677,2125.39819,72.7683411],"rotationMatrix":[0.322890937,-0.946436107,0,0.946436107,0.322890937,0,0,0,0.999999881],"scale":0.772197247,"type":"desert_rocks_tiny_01"}
{"ctxid":0,"pos":[-707.578979,2125.89478,72.1871338],"rotationMatrix":[-0.261633754,-0.965167165,0,0.965167165,-0.261633754,0,0,0,0.999999881],"scale":0.891250312,"type":"desert_rocks_tiny_01"}
{"ctxid":0,"pos":[-707.721558,2123.55688,73.7261353],"rotationMatrix":[-0.994065821,-0.108779185,0,0.108779185,-0.994065821,0,0,0,0.999999881],"scale":0.708613634,"type":"desert_rocks_tiny_01"}
{"ctxid":0,"pos":[-710.886414,2121.94409,73.1240387],"rotationMatrix":[0.613049924,-0.79004401,0,0.79004401,0.613049924,0,0,0,0.999999881],"scale":0.670645356,"type":"desert_rocks_tiny_01"}
{"ctxid":0,"pos":[-707.914124,2122.10742,74.5560455],"rotationMatrix":[0.906079829,-0.423106521,0,0.423106521,0.906079829,0,0,0,0.999999881],"scale":0.729204595,"type":"desert_rocks_tiny_01"}
{"ctxid":0,"pos":[-713.422546,2119.00171,74.6665878],"rotationMatrix":[0.288976669,0.957336128,0,-0.957336128,0.288976669,0,0,0,0.999999881],"scale":0.804705501,"type":"desert_rocks_tiny_01"}
{"ctxid":0,"pos":[-710.834595,2119.16553,74.9778442],"rotationMatrix":[-0.959565341,-0.281485736,0,0.281485736,-0.959565341,0,0,0,0.999999881],"scale":0.881137908,"type":"desert_rocks_tiny_01"}
{"ctxid":0,"pos":[-709.234131,2118.53735,75.5388489],"rotationMatrix":[-0.999317348,0.0369401164,0,-0.0369401164,-0.999317348,0,0,0,0.999999881],"scale":0.871260643,"type":"desert_rocks_tiny_01"}
{"ctxid":0,"pos":[-712.46106,2118.09497,75.263176],"rotationMatrix":[-0.261442721,0.965218902,0,-0.965218902,-0.261442721,0,0,0,0.999999881],"scale":0.650568783,"type":"desert_rocks_tiny_01"}
{"ctxid":0,"pos":[-710.010071,2116.8186,76.1544113],"rotationMatrix":[0.80312252,0.59581393,0,-0.59581393,0.80312252,0,0,0,0.999999881],"scale":0.607965827,"type":"desert_rocks_tiny_01"}
{"ctxid":0,"pos":[-710.95575,2118.08594,75.5024567],"rotationMatrix":[0.869067013,0.494694293,0,-0.494694293,0.869067013,0,0,0,0.999999881],"scale":0.719754815,"type":"desert_rocks_tiny_01"}
{"ctxid":0,"pos":[-713.524414,2115.45361,76.4051666],"rotationMatrix":[0.979924738,-0.199367538,0,0.199367538,0.979924738,0,0,0,0.999999881],"scale":0.725274622,"type":"desert_rocks_tiny_01"}
{"ctxid":0,"pos":[-714.971985,2116.81567,75.5802994],"rotationMatrix":[0.795493066,-0.605962396,0,0.605962396,0.795493066,0,0,0,0.999999881],"scale":0.614641726,"type":"desert_rocks_tiny_01"}
{"ctxid":0,"pos":[-714.99823,2115.50854,76.2042847],"rotationMatrix":[0.312871456,-0.949795425,0,0.949795425,0.312871456,0,0,0,0.999999881],"scale":0.685788393,"type":"desert_rocks_tiny_01"}
{"ctxid":0,"pos":[-712.096313,2117.64087,75.5449219],"rotationMatrix":[0.164212942,0.986424863,0,-0.986424863,0.164212942,0,0,0,0.999999881],"scale":0.865962446,"type":"desert_rocks_tiny_01"}
{"ctxid":0,"pos":[-714.790405,2117.75122,75.1470566],"rotationMatrix":[0.997831166,0.0658239126,0,-0.0658239126,0.997831166,0,0,0,0.999999881],"scale":0.802924216,"type":"desert_rocks_tiny_01"}
{"ctxid":0,"pos":[-713.822754,2116.83472,75.6747818],"rotationMatrix":[0.090521872,0.995894372,0,-0.995894372,0.090521872,0,0,0,0.999999881],"scale":0.87007314,"type":"desert_rocks_tiny_01"}
{"ctxid":0,"pos":[-711.360229,2114.59595,76.6913071],"rotationMatrix":[-0.506450891,-0.862268746,0,0.862268746,-0.506450891,0,0,0,0.999999881],"scale":0.895702481,"type":"desert_rocks_tiny_01"}
{"ctxid":0,"pos":[-718.550415,2107.75342,76.8591003],"rotationMatrix":[-0.791426718,0.611263931,0,-0.611263931,-0.791426718,0,0,0,0.999999881],"scale":0.881717503,"type":"desert_rocks_tiny_01"}
{"ctxid":0,"pos":[-716.640869,2106.70532,77.3817978],"rotationMatrix":[0.149730235,0.988726854,0,-0.988726854,0.149730235,0,0,0,0.999999881],"scale":0.774313867,"type":"desert_rocks_tiny_01"}
{"ctxid":0,"pos":[-717.207092,2110.30518,76.6938171],"rotationMatrix":[-0.036919605,0.999318123,0,-0.999318123,-0.036919605,0,0,0,0.999999881],"scale":0.868516505,"type":"desert_rocks_tiny_01"}
{"ctxid":0,"pos":[-717.872131,2107.86938,76.951828],"rotationMatrix":[0.0628192648,0.998024821,0,-0.998024821,0.0628192648,0,0,0,0.999999881],"scale":0.693307042,"type":"desert_rocks_tiny_01"}
{"ctxid":0,"pos":[-714.792419,2108.88062,77.2077637],"rotationMatrix":[0.236000478,-0.971752882,0,0.971752882,0.236000478,0,0,0,0.999999881],"scale":0.716477513,"type":"desert_rocks_tiny_01"}
{"ctxid":0,"pos":[-716.517883,2108.65137,77.014679],"rotationMatrix":[-0.902800918,0.43005842,0,-0.43005842,-0.902800918,0,0,0,0.999999881],"scale":0.66679585,"type":"desert_rocks_tiny_01"}
{"ctxid":0,"pos":[-716.73877,2111.34717,76.6100235],"rotationMatrix":[0.341118962,0.940020144,0,-0.940020144,0.341118962,0,0,0,0.999999881],"scale":0.805024385,"type":"desert_rocks_tiny_01"}
{"ctxid":0,"pos":[-717.203796,2110.97046,76.5984192],"rotationMatrix":[-0.948380172,0.317135423,0,-0.317135423,-0.948380172,0,0,0,0.999999881],"scale":0.906535864,"type":"desert_rocks_tiny_01"}
{"ctxid":0,"pos":[-722.276794,2101.80249,77.4330673],"rotationMatrix":[0.613539398,-0.789663911,0,0.789663911,0.613539398,0,0,0,0.999999881],"scale":0.763014078,"type":"desert_rocks_tiny_01"}
{"ctxid":0,"pos":[-722.852783,2101.22437,77.5386963],"rotationMatrix":[-0.945318043,-0.326149851,0,0.326149851,-0.945318043,0,0,0,0.999999881],"scale":0.736873031,"type":"desert_rocks_tiny_01"}
{"ctxid":0,"pos":[-720.497437,2102.35181,77.6424408],"rotationMatrix":[-0.020243993,0.99979496,0,-0.99979496,-0.020243993,0,0,0,0.999999881],"scale":0.64388442,"type":"desert_rocks_tiny_01"}
{"ctxid":0,"pos":[-723.513,2104.72681,76.624588],"rotationMatrix":[0.184137836,-0.982900321,0,0.982900321,0.184137836,0,0,0,0.999999881],"scale":0.705993772,"type":"desert_rocks_tiny_01"}
{"ctxid":0,"pos":[-721.561707,2100.9541,77.9013519],"rotationMatrix":[-0.953778207,0.30051139,0,-0.30051139,-0.953778207,0,0,0,0.999999881],"scale":0.857138932,"type":"desert_rocks_tiny_01"}
{"ctxid":0,"pos":[-720.517029,2103.43237,77.321312],"rotationMatrix":[0.853905499,-0.520427763,0,0.520427763,0.853905499,0,0,0,0.999999881],"scale":0.677725196,"type":"desert_rocks_tiny_01"}
{"ctxid":0,"pos":[-729.809692,2100.17822,77.5847321],"rotationMatrix":[0.21387805,-0.976860285,0,0.976860285,0.21387805,0,0,0,0.999999881],"scale":0.902781665,"type":"desert_rocks_tiny_01"}
{"ctxid":0,"pos":[-728.771179,2100.05615,77.7823715],"rotationMatrix":[-0.259235144,0.965814173,0,-0.965814173,-0.259235144,0,0,0,0.999999881],"scale":0.845423043,"type":"desert_rocks_tiny_01"}
{"ctxid":0,"pos":[-727.386658,2099.87451,78.0512695],"rotationMatrix":[-0.984631956,0.174642026,0,-0.174642026,-0.984631956,0,0,0,0.999999881],"scale":0.660658836,"type":"desert_rocks_tiny_01"}
{"ctxid":0,"pos":[-728.275696,2102.22705,76.8883286],"rotationMatrix":[0.282497466,-0.959267914,0,0.959267914,0.282497466,0,0,0,0.999999881],"scale":0.859518051,"type":"desert_rocks_tiny_01"}
{"ctxid":0,"pos":[-725.471985,2099.45215,78.2612],"rotationMatrix":[0.990399718,0.138232395,0,-0.138232395,0.990399718,0,0,0,0.999999881],"scale":0.608356833,"type":"desert_rocks_tiny_01"}
{"ctxid":0,"pos":[-730.501099,2101.91284,76.7396164],"rotationMatrix":[0.739072561,-0.673625648,0,0.673625648,0.739072561,0,0,0,0.999999881],"scale":0.848177731,"type":"desert_rocks_tiny_01"}
{"ctxid":0,"pos":[-730.109192,2098.86743,78.074646],"rotationMatrix":[0.994974315,0.100130148,0,-0.100130148,0.994974315,0,0,0,0.999999881],"scale":0.796740472,"type":"desert_rocks_tiny_01"}
{"ctxid":0,"pos":[-732.060425,2098.77808,77.8913574],"rotationMatrix":[0.723683953,0.690131545,0,-0.690131545,0.723683953,0,0,0,0.999999881],"scale":0.639376462,"type":"desert_rocks_tiny_01"}
{"ctxid":0,"pos":[-729.727783,2098.62402,78.215416],"rotationMatrix":[-0.531063497,-0.847331822,0,0.847331822,-0.531063497,0,0,0,0.999999881],"scale":0.812333226,"type":"desert_rocks_tiny_01"}
{"ctxid":0,"pos":[-731.036255,2102.67676,76.2133636],"rotationMatrix":[0.848055303,-0.529907584,0,0.529907584,0.848055303,0,0,0,0.999999881],"scale":0.897130191,"type":"desert_rocks_tiny_01"}
