{"ctxid":0,"pos":[-952.588684,2081.65649,71.843689],"rotationMatrix":[-0.313499928,0.94958812,0,-0.94958812,-0.313499928,0,0,0,0.999999881],"scale":1.10839486,"type":"desert_rocks_small_06"}
{"ctxid":0,"pos":[-962.376831,2079.35107,72.5995865],"rotationMatrix":[-0.936872423,-0.349671364,0,0.349671364,-0.936872423,0,0,0,0.999999881],"scale":1.34510446,"type":"desert_rocks_small_06"}
{"ctxid":0,"pos":[-960.547302,2083.86646,68.9448929],"rotationMatrix":[-0.879019678,-0.476785272,0,0.476785272,-0.879019678,0,0,0,0.999999881],"scale":0.877663672,"type":"desert_rocks_small_06"}
{"ctxid":0,"pos":[-966.031372,2082.06177,70.2691879],"rotationMatrix":[-0.91387409,-0.405997843,0,0.405997843,-0.91387409,0,0,0,0.999999881],"scale":1.15800357,"type":"desert_rocks_small_06"}
{"ctxid":0,"pos":[-965.674072,2082.59644,70.1518936],"rotationMatrix":[0.99319011,0.116503954,0,-0.116503954,0.99319011,0,0,0,0.999999881],"scale":0.543961465,"type":"desert_rocks_small_06"}
{"ctxid":0,"pos":[-963.877014,2082.55273,70.3856964],"rotationMatrix":[-0.994694889,-0.102868319,0,0.102868319,-0.994694889,0,0,0,0.999999881],"scale":1.16989791,"type":"desert_rocks_small_06"}
{"ctxid":0,"pos":[-970.344055,2083.26416,68.7864685],"rotationMatrix":[0.0838981792,-0.996474206,0,0.996474206,0.0838981792,0,0,0,0.999999881],"scale":0.77110213,"type":"desert_rocks_small_06"}
{"ctxid":0,"pos":[-971.224487,2080.99731,69.6352768],"rotationMatrix":[-0.783669889,0.621177375,0,-0.621177375,-0.783669889,0,0,0,0.999999881],"scale":0.772033572,"type":"desert_rocks_small_06"}
{"ctxid":0,"pos":[-969.848145,2082.46338,69.2072449],"rotationMatrix":[0.865294218,-0.501264155,0,0.501264155,0.865294218,0,0,0,0.999999881],"scale":0.654880047,"type":"desert_rocks_small_06"}
{"ctxid":0,"pos":[-975.455444,2076.65747,70.8984985],"rotationMatrix":[0.191407666,0.98151058,0,-0.98151058,0.191407666,0,0,0,0.999999881],"scale":0.579552054,"type":"desert_rocks_small_06"}
{"ctxid":0,"pos":[-976.546692,2077.8623,69.9636154],"rotationMatrix":[0.0277718902,0.999614179,0,-0.999614179,0.0277718902,0,0,0,0.999999881],"scale":0.453078181,"type":"desert_rocks_small_06"}
{"ctxid":0,"pos":[-977.473145,2075.2063,71.1362534],"rotationMatrix":[0.853787601,0.520621359,0,-0.520621359,0.853787601,0,0,0,0.999999881],"scale":0.54495734,"type":"desert_rocks_small_06"}
{"ctxid":0,"pos":[-972.386963,2076.17505,71.9415359],"rotationMatrix":[-0.952550888,-0.304379046,0,0.304379046,-0.952550888,0,0,0,0.999999881],"scale":0.594529748,"type":"desert_rocks_small_06"}
{"ctxid":0,"pos":[-978.768127,2079.1875,69.1119308],"rotationMatrix":[-0.932081401,0.3622486,0,-0.3622486,-0.932081401,0,0,0,0.999999881],"scale":0.648433805,"type":"desert_rocks_small_06"}
{"ctxid":0,"pos":[-978.822998,2077.73413,69.4465866],"rotationMatrix":[-0.320604563,-0.947213113,0,0.947213113,-0.320604563,0,0,0,0.999999881],"scale":0.567633569,"type":"desert_rocks_small_06"}
{"ctxid":0,"pos":[-985.658691,2075.46704,69.1621017],"rotationMatrix":[0.306335837,-0.95192343,0,0.95192343,0.306335837,0,0,0,0.999999881],"scale":1.10852742,"type":"desert_rocks_small_06"}
{"ctxid":0,"pos":[-984.330688,2075.75928,69.2809143],"rotationMatrix":[-0.688946664,0.724811792,0,-0.724811792,-0.688946664,0,0,0,0.999999881],"scale":1.35881412,"type":"desert_rocks_small_06"}
{"ctxid":0,"pos":[-982.156921,2071.66968,72.0729141],"rotationMatrix":[-0.900746226,-0.434345782,0,0.434345782,-0.900746226,0,0,0,0.999999881],"scale":0.757347107,"type":"desert_rocks_small_06"}
{"ctxid":0,"pos":[-984.830872,2076.32397,69.1699905],"rotationMatrix":[0.990611851,-0.13670367,0,0.13670367,0.990611851,0,0,0,0.999999881],"scale":0.864584327,"type":"desert_rocks_small_06"}
{"ctxid":0,"pos":[-988.695618,2073.4353,69.1664047],"rotationMatrix":[-0.5331496,-0.846020937,0,0.846020937,-0.5331496,0,0,0,0.999999881],"scale":0.42723605,"type":"desert_rocks_small_06"}
{"ctxid":0,"pos":[-983.519836,2068.74512,73.4746323],"rotationMatrix":[0.70340842,-0.710785806,0,0.710785806,0.70340842,0,0,0,0.999999881],"scale":0.888026595,"type":"desert_rocks_small_06"}
{"ctxid":0,"pos":[-986.986755,2075.24268,69.0367737],"rotationMatrix":[-0.946579635,0.322469771,0,-0.322469771,-0.946579635,0,0,0,0.999999881],"scale":1.02820516,"type":"desert_rocks_small_06"}
{"ctxid":0,"pos":[-989.38855,2068.48389,71.5578384],"rotationMatrix":[-0.606222093,-0.795295417,0,0.795295417,-0.606222093,0,0,0,0.999999881],"scale":0.558357894,"type":"desert_rocks_small_06"}
{"ctxid":0,"pos":[-989.428772,2067.54175,72.1853104],"rotationMatrix":[0.909910202,-0.414805025,0,0.414805025,0.909910202,0,0,0,0.999999881],"scale":0.761682391,"type":"desert_rocks_small_06"}
{"ctxid":0,"pos":[-992.472534,2065.15039,73.1327667],"rotationMatrix":[0.0479720756,0.998848617,0,-0.998848617,0.0479720756,0,0,0,0.999999881],"scale":0.600512028,"type":"desert_rocks_small_06"}
{"ctxid":0,"pos":[-1004.14185,2063.66284,71.4585114],"rotationMatrix":[0.205448717,-0.978667796,0,0.978667796,0.205448717,0,0,0,0.999999881],"scale":0.943283379,"type":"desert_rocks_small_06"}
{"ctxid":0,"pos":[-1000.69159,2065.25098,70.268074],"rotationMatrix":[-0.510633409,-0.859798491,0,0.859798491,-0.510633409,0,0,0,0.999999881],"scale":0.593629181,"type":"desert_rocks_small_06"}
{"ctxid":0,"pos":[-1002.97064,2065.53809,69.9016342],"rotationMatrix":[0.504621625,-0.863340497,0,0.863340497,0.504621625,0,0,0,0.999999881],"scale":0.473174214,"type":"desert_rocks_small_06"}
{"ctxid":0,"pos":[-1003.76251,2067.31763,68.6197052],"rotationMatrix":[-0.867556989,-0.497337848,0,0.497337848,-0.867556989,0,0,0,0.999999881],"scale":0.637429833,"type":"desert_rocks_small_06"}
{"ctxid":0,"pos":[-1000.76996,2062.29126,73.0004883],"rotationMatrix":[0.996164083,-0.0875037238,0,0.0875037238,0.996164083,0,0,0,0.999999881],"scale":0.602361441,"type":"desert_rocks_small_06"}
{"ctxid":0,"pos":[-1005.76306,2069.83032,68.3675232],"rotationMatrix":[-0.122223459,-0.992502511,0,0.992502511,-0.122223459,0,0,0,0.999999881],"scale":1.09604812,"type":"desert_rocks_small_06"}
{"ctxid":0,"pos":[-1010.82501,2069.44385,69.2981339],"rotationMatrix":[-0.058038801,0.998314202,0,-0.998314202,-0.058038801,0,0,0,0.999999881],"scale":1.21282232,"type":"desert_rocks_small_06"}
{"ctxid":0,"pos":[-1010.62927,2065.0918,70.1630859],"rotationMatrix":[0.532864213,-0.846200645,0,0.846200645,0.532864213,0,0,0,0.999999881],"scale":1.06618309,"type":"desert_rocks_small_06"}
{"ctxid":0,"pos":[-1012.24982,2071.16919,69.0154724],"rotationMatrix":[-0.0158561636,-0.999874175,0,0.999874175,-0.0158561636,0,0,0,0.999999881],"scale":1.25520289,"type":"desert_rocks_small_06"}
{"ctxid":0,"pos":[-1010.07904,2069.52563,69.1870956],"rotationMatrix":[-0.743119776,0.669158161,0,-0.669158161,-0.743119776,0,0,0,0.999999881],"scale":0.800270796,"type":"desert_rocks_small_06"}
{"ctxid":0,"pos":[-1016.05872,2070.89868,69.3832397],"rotationMatrix":[0.975069225,-0.221900508,0,0.221900508,0.975069225,0,0,0,0.999999881],"scale":0.674522042,"type":"desert_rocks_small_06"}
{"ctxid":0,"pos":[-1013.40564,2066.90161,70.1096954],"rotationMatrix":[0.332234174,-0.943196833,0,0.943196833,0.332234174,0,0,0,0.999999881],"scale":0.936247826,"type":"desert_rocks_small_06"}
{"ctxid":0,"pos":[-1024.60022,2068.06079,69.6093826],"rotationMatrix":[0.990529478,-0.137299567,0,0.137299567,0.990529478,0,0,0,0.999999881],"scale":0.431670904,"type":"desert_rocks_small_06"}
{"ctxid":0,"pos":[-1021.2688,2070.2832,69.4392929],"rotationMatrix":[-0.248097658,0.96873492,0,-0.96873492,-0.248097658,0,0,0,0.999999881],"scale":0.847192824,"type":"desert_rocks_small_06"}
{"ctxid":0,"pos":[-1028.27979,2067.62231,68.9360123],"rotationMatrix":[-0.932848275,-0.360269338,0,0.360269338,-0.932848275,0,0,0,0.999999881],"scale":0.515470922,"type":"desert_rocks_small_06"}
{"ctxid":0,"pos":[-1033.23425,2069.33496,69.2171326],"rotationMatrix":[0.82946372,-0.558560491,0,0.558560491,0.82946372,0,0,0,0.999999881],"scale":0.450023264,"type":"desert_rocks_small_06"}
{"ctxid":0,"pos":[-1030.55884,2063.29517,70.6875305],"rotationMatrix":[-0.949350595,0.3142187,0,-0.3142187,-0.949350595,0,0,0,0.999999881],"scale":0.909162879,"type":"desert_rocks_small_06"}
{"ctxid":0,"pos":[-1030.66846,2064.34668,70.3935852],"rotationMatrix":[0.00884729531,0.99996078,0,-0.99996078,0.00884729531,0,0,0,0.999999881],"scale":0.763816535,"type":"desert_rocks_small_06"}
{"ctxid":0,"pos":[-1037.41772,2067.5769,69.9827118],"rotationMatrix":[0.68291837,-0.730494499,0,0.730494499,0.68291837,0,0,0,0.999999881],"scale":0.514295042,"type":"desert_rocks_small_06"}
{"ctxid":0,"pos":[-1039.86633,2068.43188,69.6585236],"rotationMatrix":[0.512832403,0.858488739,0,-0.858488739,0.512832403,0,0,0,0.999999881],"scale":1.37391818,"type":"desert_rocks_small_06"}
{"ctxid":0,"pos":[-1039.73792,2067.73804,69.8180542],"rotationMatrix":[0.99351424,0.113706954,0,-0.113706954,0.99351424,0,0,0,0.999999881],"scale":0.629121184,"type":"desert_rocks_small_06"}
{"ctxid":0,"pos":[-1042.26477,2069.42798,69.2706833],"rotationMatrix":[0.881228983,0.472689569,0,-0.472689569,0.881228983,0,0,0,0.999999881],"scale":1.13380551,"type":"desert_rocks_small_06"}
{"ctxid":0,"pos":[-1044.11365,2063.44556,70.6758652],"rotationMatrix":[-0.99962616,-0.0273373928,0,0.0273373928,-0.99962616,0,0,0,0.999999881],"scale":0.852807283,"type":"desert_rocks_small_06"}
{"ctxid":0,"pos":[-1045.03149,2062.92334,70.80896],"rotationMatrix":[-0.551976144,0.833859682,0,-0.833859682,-0.551976144,0,0,0,0.999999881],"scale":1.35754108,"type":"desert_rocks_small_06"}
{"ctxid":0,"pos":[-1048.54529,2068.125,69.4692688],"rotationMatrix":[-0.133507326,-0.9910478,0,0.9910478,-0.133507326,0,0,0,0.999999881],"scale":0.487834662,"type":"desert_rocks_small_06"}
{"ctxid":0,"pos":[-1047.24609,2062.07642,70.8553238],"rotationMatrix":[0.757585347,0.652736068,0,-0.652736068,0.757585347,0,0,0,0.999999881],"scale":0.991782546,"type":"desert_rocks_small_06"}
{"ctxid":0,"pos":[-1044.80725,2065.43481,70.1412354],"rotationMatrix":[0.938897014,-0.344197929,0,0.344197929,0.938897014,0,0,0,0.999999881],"scale":0.535823882,"type":"desert_rocks_small_06"}
{"ctxid":0,"pos":[-1053.29688,2064.09253,69.9686127],"rotationMatrix":[0.0786171108,0.99690479,0,-0.99690479,0.0786171108,0,0,0,0.999999881],"scale":0.645237446,"type":"desert_rocks_small_06"}
{"ctxid":0,"pos":[-1050.51599,2063.98022,70.3876419],"rotationMatrix":[0.989469945,-0.144737959,0,0.144737959,0.989469945,0,0,0,0.999999881],"scale":0.923397064,"type":"desert_rocks_small_06"}
{"ctxid":0,"pos":[-1052.31812,2062.16235,70.4717941],"rotationMatrix":[-0.903738797,-0.428084075,0,0.428084075,-0.903738797,0,0,0,0.999999881],"scale":0.844807565,"type":"desert_rocks_small_06"}
{"ctxid":0,"pos":[-1058.77954,2062.87866,69.8483353],"rotationMatrix":[0.925050735,-0.379843354,0,0.379843354,0.925050735,0,0,0,0.999999881],"scale":0.661741734,"type":"desert_rocks_small_06"}
{"ctxid":0,"pos":[-1058.24988,2065.17261,69.2095718],"rotationMatrix":[0.524859428,0.851188958,0,-0.851188958,0.524859428,0,0,0,0.999999881],"scale":1.34104884,"type":"desert_rocks_small_06"}
{"ctxid":0,"pos":[-1054.39209,2065.61768,69.5185623],"rotationMatrix":[-0.327219874,0.944948137,0,-0.944948137,-0.327219874,0,0,0,0.999999881],"scale":1.10352683,"type":"desert_rocks_small_06"}
{"ctxid":0,"pos":[-1058.27429,2062.06885,69.9786987],"rotationMatrix":[-0.532717466,-0.846292973,0,0.846292973,-0.532717466,0,0,0,0.999999881],"scale":1.17448914,"type":"desert_rocks_small_06"}
{"ctxid":0,"pos":[-1052.95752,2060.82983,70.7831802],"rotationMatrix":[0.104698025,-0.994503975,0,0.994503975,0.104698025,0,0,0,0.999999881],"scale":0.596789002,"type":"desert_rocks_small_06"}
{"ctxid":0,"pos":[-1054.52222,2061.93872,70.3663254],"rotationMatrix":[-0.992778122,-0.119964555,0,0.119964555,-0.992778122,0,0,0,0.999999881],"scale":0.467514545,"type":"desert_rocks_small_06"}
{"ctxid":0,"pos":[-1050.64246,2069.68579,69.0802994],"rotationMatrix":[-0.448632002,0.893716455,0,-0.893716455,-0.448632002,0,0,0,0.999999881],"scale":1.0263567,"type":"desert_rocks_small_06"}
{"ctxid":0,"pos":[-1056.7666,2062.49341,70.0465393],"rotationMatrix":[0.971002638,-0.23906827,0,0.23906827,0.971002638,0,0,0,0.999999881],"scale":0.762556016,"type":"desert_rocks_small_06"}
{"ctxid":0,"pos":[-1058.13098,2061.06567,70.3437195],"rotationMatrix":[0.699009359,0.715112507,0,-0.715112507,0.699009359,0,0,0,0.999999881],"scale":1.04750919,"type":"desert_rocks_small_06"}
{"ctxid":0,"pos":[-1058.53015,2066.86523,68.8839417],"rotationMatrix":[0.502301693,0.86469245,0,-0.86469245,0.502301693,0,0,0,0.999999881],"scale":0.804228246,"type":"desert_rocks_small_06"}
{"ctxid":0,"pos":[-1066.81812,2058.03979,70.393013],"rotationMatrix":[-0.33128655,-0.943530083,0,0.943530083,-0.33128655,0,0,0,0.999999881],"scale":1.18681276,"type":"desert_rocks_small_06"}
{"ctxid":0,"pos":[-1072.97266,2054.95288,70.4516754],"rotationMatrix":[0.529001653,-0.848620713,0,0.848620713,0.529001653,0,0,0,0.999999881],"scale":1.23414338,"type":"desert_rocks_small_06"}
{"ctxid":0,"pos":[-1074.18567,2054.74561,70.5063324],"rotationMatrix":[0.786233246,-0.617929637,0,0.617929637,0.786233246,0,0,0,0.999999881],"scale":0.930303156,"type":"desert_rocks_small_06"}
{"ctxid":0,"pos":[-1074.88428,2057.63428,70.0971069],"rotationMatrix":[0.878749549,-0.477282792,0,0.477282792,0.878749549,0,0,0,0.999999881],"scale":0.622983217,"type":"desert_rocks_small_06"}
{"ctxid":0,"pos":[-1078.76868,2056.04639,69.6659317],"rotationMatrix":[0.0875572786,0.996159375,0,-0.996159375,0.0875572786,0,0,0,0.999999881],"scale":0.862812102,"type":"desert_rocks_small_06"}
{"ctxid":0,"pos":[-1078.38782,2057.47681,69.5618057],"rotationMatrix":[0.191567689,-0.981479347,0,0.981479347,0.191567689,0,0,0,0.999999881],"scale":1.02859128,"type":"desert_rocks_small_06"}
{"ctxid":0,"pos":[-1074.65637,2051.72388,70.7114944],"rotationMatrix":[0.310344338,0.950624168,0,-0.950624168,0.310344338,0,0,0,0.999999881],"scale":1.23301649,"type":"desert_rocks_small_06"}
{"ctxid":0,"pos":[-1079.16284,2055.15112,69.5630112],"rotationMatrix":[-0.520245135,-0.85401696,0,0.85401696,-0.520245135,0,0,0,0.999999881],"scale":1.09697449,"type":"desert_rocks_small_06"}
{"ctxid":0,"pos":[-1080.94092,2054.39795,69.4360657],"rotationMatrix":[-0.137634963,0.990482867,0,-0.990482867,-0.137634963,0,0,0,0.999999881],"scale":0.473042965,"type":"desert_rocks_small_06"}
{"ctxid":0,"pos":[-1078.65088,2058.70776,69.3905182],"rotationMatrix":[0.65454936,-0.756019175,0,0.756019175,0.65454936,0,0,0,0.999999881],"scale":0.605400324,"type":"desert_rocks_small_06"}
{"ctxid":0,"pos":[-1073.48096,2054.62451,70.5725784],"rotationMatrix":[0.835787296,-0.549053192,0,0.549053192,0.835787296,0,0,0,0.999999881],"scale":0.421491742,"type":"desert_rocks_small_06"}
{"ctxid":0,"pos":[-1076.29639,2050.10449,70.7062149],"rotationMatrix":[0.94490701,0.327338845,0,-0.327338845,0.94490701,0,0,0,0.999999881],"scale":1.30748093,"type":"desert_rocks_small_06"}
{"ctxid":0,"pos":[-1076.99829,2052,70.477272],"rotationMatrix":[0.957562625,-0.288224876,0,0.288224876,0.957562625,0,0,0,0.999999881],"scale":0.546447575,"type":"desert_rocks_small_06"}
{"ctxid":0,"pos":[-1079.25989,2048.42822,70.7220383],"rotationMatrix":[-0.255444825,-0.966823578,0,0.966823578,-0.255444825,0,0,0,0.999999881],"scale":0.478230178,"type":"desert_rocks_small_06"}
{"ctxid":0,"pos":[-1082.44092,2046.82227,71.0209045],"rotationMatrix":[-0.435908675,0.899990797,0,-0.899990797,-0.435908675,0,0,0,0.999999881],"scale":1.34005034,"type":"desert_rocks_small_06"}
{"ctxid":0,"pos":[-1080.91687,2047.43164,70.8359756],"rotationMatrix":[-0.933301449,-0.359093875,0,0.359093875,-0.933301449,0,0,0,0.999999881],"scale":0.658562541,"type":"desert_rocks_small_06"}
{"ctxid":0,"pos":[-1083.05652,2049.55762,70.2330627],"rotationMatrix":[-0.232588366,-0.972575188,0,0.972575188,-0.232588366,0,0,0,0.999999881],"scale":0.64134562,"type":"desert_rocks_small_06"}
{"ctxid":0,"pos":[-1083.25671,2051.38428,69.8637085],"rotationMatrix":[0.832971513,0.553315818,0,-0.553315818,0.832971513,0,0,0,0.999999881],"scale":0.517690778,"type":"desert_rocks_small_06"}
{"ctxid":0,"pos":[-1093.59595,2052.23657,69.6392593],"rotationMatrix":[-0.981122673,0.193385974,0,-0.193385974,-0.981122673,0,0,0,0.999999881],"scale":0.553216755,"type":"desert_rocks_small_06"}
{"ctxid":0,"pos":[-1093.90894,2048.01294,71.4779968],"rotationMatrix":[0.995951831,0.0898880213,0,-0.0898880213,0.995951831,0,0,0,0.999999881],"scale":0.916851938,"type":"desert_rocks_small_06"}
{"ctxid":0,"pos":[-1091.49402,2053.82251,69.2252274],"rotationMatrix":[0.447459966,-0.894303918,0,0.894303918,0.447459966,0,0,0,0.999999881],"scale":0.915922642,"type":"desert_rocks_small_06"}
{"ctxid":0,"pos":[-1097.13416,2054.47241,68.6716385],"rotationMatrix":[0.450637311,-0.89270699,0,0.89270699,0.450637311,0,0,0,0.999999881],"scale":0.900246561,"type":"desert_rocks_small_06"}
{"ctxid":0,"pos":[-1091.23108,2052.64014,69.4799423],"rotationMatrix":[-0.97601229,-0.217715085,0,0.217715085,-0.97601229,0,0,0,0.999999881],"scale":0.826241851,"type":"desert_rocks_small_06"}
{"ctxid":0,"pos":[-1100.52478,2047.9519,68.7831268],"rotationMatrix":[0.512306094,-0.858802795,0,0.858802795,0.512306094,0,0,0,0.999999881],"scale":1.32375383,"type":"desert_rocks_small_06"}
{"ctxid":0,"pos":[-1099.047,2054.24072,67.5224304],"rotationMatrix":[0.382389605,-0.924001038,0,0.924001038,0.382389605,0,0,0,0.999999881],"scale":1.33872068,"type":"desert_rocks_small_06"}
{"ctxid":0,"pos":[-1100.08484,2051.84668,67.1967316],"rotationMatrix":[-0.994060695,-0.108825639,0,0.108825639,-0.994060695,0,0,0,0.999999881],"scale":0.734225333,"type":"desert_rocks_small_06"}
{"ctxid":0,"pos":[-1102.11145,2047.89893,69.4182816],"rotationMatrix":[0.513640285,-0.858005524,0,0.858005524,0.513640285,0,0,0,0.999999881],"scale":0.75570178,"type":"desert_rocks_small_06"}
{"ctxid":0,"pos":[-1106.98901,2047.47131,72.180542],"rotationMatrix":[-0.0250833798,-0.999685228,0,0.999685228,-0.0250833798,0,0,0,0.999999881],"scale":0.846528053,"type":"desert_rocks_small_06"}
{"ctxid":0,"pos":[-1102.97546,2047.65503,70.0499878],"rotationMatrix":[0.484805167,0.874622166,0,-0.874622166,0.484805167,0,0,0,0.999999881],"scale":0.525324345,"type":"desert_rocks_small_06"}
{"ctxid":0,"pos":[-1102.875,2052.65332,67.5781937],"rotationMatrix":[0.306130677,0.951989472,0,-0.951989472,0.306130677,0,0,0,0.999999881],"scale":0.610502601,"type":"desert_rocks_small_06"}
{"ctxid":0,"pos":[-1109.48743,2049.46069,71.5540695],"rotationMatrix":[-0.967827022,-0.251615971,0,0.251615971,-0.967827022,0,0,0,0.999999881],"scale":0.488572717,"type":"desert_rocks_small_06"}
{"ctxid":0,"pos":[-1109.22925,2050.79712,70.7501526],"rotationMatrix":[-0.289639086,0.957135797,0,-0.957135797,-0.289639086,0,0,0,0.999999881],"scale":0.470124066,"type":"desert_rocks_small_06"}
{"ctxid":0,"pos":[-1110.92493,2055.74707,69.6349487],"rotationMatrix":[-0.999688685,-0.024947349,0,0.024947349,-0.999688685,0,0,0,0.999999881],"scale":0.636891484,"type":"desert_rocks_small_06"}
{"ctxid":0,"pos":[-1114.29163,2054.88306,69.6715393],"rotationMatrix":[0.999383569,-0.0351048,0,0.0351048,0.999383569,0,0,0,0.999999881],"scale":0.571249425,"type":"desert_rocks_small_06"}
{"ctxid":0,"pos":[-1111.19971,2054.40283,69.9563141],"rotationMatrix":[0.799995482,-0.600005805,0,0.600005805,0.799995482,0,0,0,0.999999881],"scale":0.843927205,"type":"desert_rocks_small_06"}
{"ctxid":0,"pos":[-1113.52551,2051.82812,70.5397034],"rotationMatrix":[-0.995137393,-0.0984951705,0,0.0984951705,-0.995137393,0,0,0,0.999999881],"scale":1.22450793,"type":"desert_rocks_small_06"}
{"ctxid":0,"pos":[-1117.09668,2054.25757,69.6132355],"rotationMatrix":[0.911715567,0.410821915,0,-0.410821915,0.911715567,0,0,0,0.999999881],"scale":0.559083581,"type":"desert_rocks_small_06"}
{"ctxid":0,"pos":[-1113.20068,2057.72656,69.2921295],"rotationMatrix":[-0.423774123,0.905767739,0,-0.905767739,-0.423774123,0,0,0,0.999999881],"scale":0.830652177,"type":"desert_rocks_small_06"}
{"ctxid":0,"pos":[-1118.04346,2054.33911,69.6098862],"rotationMatrix":[0.275807858,0.961212754,0,-0.961212754,0.275807858,0,0,0,0.999999881],"scale":0.62735486,"type":"desert_rocks_small_06"}
{"ctxid":0,"pos":[-1133.95532,2047.23718,69.6212311],"rotationMatrix":[0.999711752,-0.0240060389,0,0.0240060389,0.999711752,0,0,0,0.999999881],"scale":0.458269358,"type":"desert_rocks_small_06"}
{"ctxid":0,"pos":[-1129.83582,2047.2002,71.0072632],"rotationMatrix":[0.999033272,-0.0439573452,0,0.0439573452,0.999033272,0,0,0,0.999999881],"scale":0.429248452,"type":"desert_rocks_small_06"}
{"ctxid":0,"pos":[-1135.94678,2045.30151,70.0876083],"rotationMatrix":[-0.99950701,0.0313946493,0,-0.0313946493,-0.99950701,0,0,0,0.999999881],"scale":0.679651499,"type":"desert_rocks_small_06"}
{"ctxid":0,"pos":[-1138.68018,2048.06323,69.5295944],"rotationMatrix":[-0.482367784,-0.875968635,0,0.875968635,-0.482367784,0,0,0,0.999999881],"scale":0.851661205,"type":"desert_rocks_small_06"}
{"ctxid":0,"pos":[-1137.84302,2049.00708,69.1979218],"rotationMatrix":[-0.895160258,0.445744395,0,-0.445744395,-0.895160258,0,0,0,0.999999881],"scale":1.01813066,"type":"desert_rocks_small_06"}
{"ctxid":0,"pos":[-1136.86475,2044.92651,70.1576691],"rotationMatrix":[0.634075224,-0.773271322,0,0.773271322,0.634075224,0,0,0,0.999999881],"scale":0.991149068,"type":"desert_rocks_small_06"}
{"ctxid":0,"pos":[-1141.96741,2046.56018,70.634491],"rotationMatrix":[0.990885794,-0.134703666,0,0.134703666,0.990885794,0,0,0,0.999999881],"scale":0.685749292,"type":"desert_rocks_small_06"}
{"ctxid":0,"pos":[-1142.41418,2045.56348,71.0759048],"rotationMatrix":[0.611413121,-0.791311562,0,0.791311562,0.611413121,0,0,0,0.999999881],"scale":1.0065589,"type":"desert_rocks_small_06"}
{"ctxid":0,"pos":[-1142.23901,2052.27783,69.3240662],"rotationMatrix":[-0.979832232,-0.199821576,0,0.199821576,-0.979832232,0,0,0,0.999999881],"scale":0.676306129,"type":"desert_rocks_small_06"}
{"ctxid":0,"pos":[-1139.87048,2052.85938,68.7184601],"rotationMatrix":[0.0278181005,-0.999612868,0,0.999612868,0.0278181005,0,0,0,0.999999881],"scale":0.70951587,"type":"desert_rocks_small_06"}
{"ctxid":0,"pos":[-1147.19641,2054.39307,69.7766953],"rotationMatrix":[0.746757329,-0.665096462,0,0.665096462,0.746757329,0,0,0,0.999999881],"scale":1.02036941,"type":"desert_rocks_small_06"}
{"ctxid":0,"pos":[-1150.37183,2055.19458,70.144783],"rotationMatrix":[0.559264123,-0.828989387,0,0.828989387,0.559264123,0,0,0,0.999999881],"scale":0.549217463,"type":"desert_rocks_small_06"}
{"ctxid":0,"pos":[-1149.56262,2057.4375,69.3220062],"rotationMatrix":[-0.117815703,0.993035316,0,-0.993035316,-0.117815703,0,0,0,0.999999881],"scale":0.902612984,"type":"desert_rocks_small_06"}
{"ctxid":0,"pos":[-1155.42419,2052.40845,71.6462326],"rotationMatrix":[-0.976288497,0.216473401,0,-0.216473401,-0.976288497,0,0,0,0.999999881],"scale":0.571508527,"type":"desert_rocks_small_06"}
{"ctxid":0,"pos":[-1155.76843,2053.89502,71.1963959],"rotationMatrix":[0.612701058,-0.790314674,0,0.790314674,0.612701058,0,0,0,0.999999881],"scale":0.450672626,"type":"desert_rocks_small_06"}
{"ctxid":0,"pos":[-1158.55115,2055.35693,71.056282],"rotationMatrix":[-0.378610879,-0.925555885,0,0.925555885,-0.378610879,0,0,0,0.999999881],"scale":0.815419614,"type":"desert_rocks_small_06"}
{"ctxid":0,"pos":[-1158.22009,2061.4231,69.6648712],"rotationMatrix":[-0.232429281,-0.972613275,0,0.972613275,-0.232429281,0,0,0,0.999999881],"scale":0.814105988,"type":"desert_rocks_small_06"}
{"ctxid":0,"pos":[-1157.19165,2067.65283,68.6511459],"rotationMatrix":[-0.314492285,0.949259937,0,-0.949259937,-0.314492285,0,0,0,0.999999881],"scale":0.506601095,"type":"desert_rocks_small_06"}
{"ctxid":0,"pos":[-1160.61597,2061.17896,70.3553467],"rotationMatrix":[-0.460622281,-0.88759613,0,0.88759613,-0.460622281,0,0,0,0.999999881],"scale":0.932306051,"type":"desert_rocks_small_06"}
{"ctxid":0,"pos":[-1161.81677,2067.29224,69.0455017],"rotationMatrix":[-0.514682472,-0.857380807,0,0.857380807,-0.514682472,0,0,0,0.999999881],"scale":1.37451208,"type":"desert_rocks_small_06"}
{"ctxid":0,"pos":[-1165.51343,2063.8396,70.5335846],"rotationMatrix":[-0.443949699,-0.896051586,0,0.896051586,-0.443949699,0,0,0,0.999999881],"scale":1.10192072,"type":"desert_rocks_small_06"}
{"ctxid":0,"pos":[-1166.28516,2063.82983,70.7284241],"rotationMatrix":[0.981051803,-0.193745241,0,0.193745241,0.981051803,0,0,0,0.999999881],"scale":0.798256576,"type":"desert_rocks_small_06"}
{"ctxid":0,"pos":[-1170.24487,2063.39307,70.5362701],"rotationMatrix":[-0.52241075,-0.852693796,0,0.852693796,-0.52241075,0,0,0,0.999999881],"scale":0.56010139,"type":"desert_rocks_small_06"}
{"ctxid":0,"pos":[-1174.45923,2061.71094,69.1856461],"rotationMatrix":[-0.784613311,0.619985163,0,-0.619985163,-0.784613311,0,0,0,0.999999881],"scale":0.449311286,"type":"desert_rocks_small_06"}
{"ctxid":0,"pos":[-1176.40417,2059.17798,69.0416489],"rotationMatrix":[-0.452677995,0.891673863,0,-0.891673863,-0.452677995,0,0,0,0.999999881],"scale":1.36071253,"type":"desert_rocks_small_06"}
{"ctxid":0,"pos":[-1179.10864,2056.57349,68.7298813],"rotationMatrix":[0.170782119,0.985308826,0,-0.985308826,0.170782119,0,0,0,0.999999881],"scale":1.25089872,"type":"desert_rocks_small_06"}
{"ctxid":0,"pos":[-1173.88452,2054.57373,70.2623367],"rotationMatrix":[0.572049558,-0.820218921,0,0.820218921,0.572049558,0,0,0,0.999999881],"scale":0.96063292,"type":"desert_rocks_small_06"}
{"ctxid":0,"pos":[-1179.95483,2053.83496,68.6636581],"rotationMatrix":[0.928866923,-0.370413333,0,0.370413333,0.928866923,0,0,0,0.999999881],"scale":0.522723079,"type":"desert_rocks_small_06"}
{"ctxid":0,"pos":[-1177.37537,2054.2644,69.3446198],"rotationMatrix":[0.323017985,0.946392834,0,-0.946392834,0.323017985,0,0,0,0.999999881],"scale":0.598024905,"type":"desert_rocks_small_06"}
{"ctxid":0,"pos":[-1177.37073,2051.51367,69.6409607],"rotationMatrix":[-0.757546186,0.652781427,0,-0.652781427,-0.757546186,0,0,0,0.999999881],"scale":1.0202384,"type":"desert_rocks_small_06"}
{"ctxid":0,"pos":[-1175.45679,2050.86255,70.2972412],"rotationMatrix":[0.92566973,-0.378332436,0,0.378332436,0.92566973,0,0,0,0.999999881],"scale":0.65891248,"type":"desert_rocks_small_06"}
{"ctxid":0,"pos":[-1178.06824,2054.13232,69.1816864],"rotationMatrix":[0.126543954,0.991960943,0,-0.991960943,0.126543954,0,0,0,0.999999881],"scale":0.625762582,"type":"desert_rocks_small_06"}
{"ctxid":0,"pos":[-1178.34424,2050.17139,69.6697769],"rotationMatrix":[-0.170385212,0.985377371,0,-0.985377371,-0.170385212,0,0,0,0.999999881],"scale":1.07928205,"type":"desert_rocks_small_06"}
{"ctxid":0,"pos":[-1175.54797,2048.04126,70.8441238],"rotationMatrix":[0.794086099,0.607805312,0,-0.607805312,0.794086099,0,0,0,0.999999881],"scale":0.461204469,"type":"desert_rocks_small_06"}
{"ctxid":0,"pos":[-1177.47656,2052.26978,69.5114136],"rotationMatrix":[0.965044677,0.262085199,0,-0.262085199,0.965044677,0,0,0,0.999999881],"scale":0.477339566,"type":"desert_rocks_small_06"}
{"ctxid":0,"pos":[-1185.18555,2049.99731,70.3291245],"rotationMatrix":[0.792778611,0.609509706,0,-0.609509706,0.792778611,0,0,0,0.999999881],"scale":0.465413034,"type":"desert_rocks_small_06"}
{"ctxid":0,"pos":[-1181.76477,2049.61548,69.6358185],"rotationMatrix":[-0.572619915,0.819820762,0,-0.819820762,-0.572619915,0,0,0,0.999999881],"scale":0.580505669,"type":"desert_rocks_small_06"}
{"ctxid":0,"pos":[-1183.26941,2052.01636,68.9674072],"rotationMatrix":[0.27412048,-0.961695254,0,0.961695254,0.27412048,0,0,0,0.999999881],"scale":1.08850193,"type":"desert_rocks_small_06"}
{"ctxid":0,"pos":[-1184.95972,2047.6731,70.990509],"rotationMatrix":[-0.105202496,0.994450748,0,-0.994450748,-0.105202496,0,0,0,0.999999881],"scale":0.521101773,"type":"desert_rocks_small_06"}
{"ctxid":0,"pos":[-1185.79175,2052.64673,69.0423508],"rotationMatrix":[0.226796865,0.973942101,0,-0.973942101,0.226796865,0,0,0,0.999999881],"scale":0.917804003,"type":"desert_rocks_small_06"}
{"ctxid":0,"pos":[-1186.09143,2047.97168,70.8163223],"rotationMatrix":[0.986279428,-0.165083885,0,0.165083885,0.986279428,0,0,0,0.999999881],"scale":0.798405945,"type":"desert_rocks_small_06"}
{"ctxid":0,"pos":[-1185.37451,2046.44897,71.218956],"rotationMatrix":[-0.243630052,-0.969868183,0,0.969868183,-0.243630052,0,0,0,0.999999881],"scale":1.11952674,"type":"desert_rocks_small_06"}
{"ctxid":0,"pos":[-1182.46558,2048.58545,70.2067032],"rotationMatrix":[-0.845991075,-0.533196867,0,0.533196867,-0.845991075,0,0,0,0.999999881],"scale":0.854704618,"type":"desert_rocks_small_06"}
{"ctxid":0,"pos":[-1186.65491,2048.72852,70.2248001],"rotationMatrix":[-0.845982432,-0.533210576,0,0.533210576,-0.845982432,0,0,0,0.999999881],"scale":0.822404265,"type":"desert_rocks_small_06"}
{"ctxid":0,"pos":[-1191.5769,2039.38733,69.2144165],"rotationMatrix":[0.0588150658,0.998268783,0,-0.998268783,0.0588150658,0,0,0,0.999999881],"scale":0.852272391,"type":"desert_rocks_small_06"}
{"ctxid":0,"pos":[-1193.11877,2036.09973,70.3796997],"rotationMatrix":[0.282308102,0.959323823,0,-0.959323823,0.282308102,0,0,0,0.999999881],"scale":0.513181925,"type":"desert_rocks_small_06"}
{"ctxid":0,"pos":[-1190.84265,2037.36182,69.5628357],"rotationMatrix":[-0.15358296,-0.988135636,0,0.988135636,-0.15358296,0,0,0,0.999999881],"scale":0.456974447,"type":"desert_rocks_small_06"}
{"ctxid":0,"pos":[-1191.44421,2033.80579,70.6580963],"rotationMatrix":[-0.376366854,0.926470578,0,-0.926470578,-0.376366854,0,0,0,0.999999881],"scale":0.73206389,"type":"desert_rocks_small_06"}
{"ctxid":0,"pos":[-1185.94336,2038.73962,70.0824661],"rotationMatrix":[-0.539936662,-0.84170562,0,0.84170562,-0.539936662,0,0,0,0.999999881],"scale":0.565467596,"type":"desert_rocks_small_06"}
{"ctxid":0,"pos":[-1189.58545,2033.9408,70.2090378],"rotationMatrix":[0.973140419,0.230212256,0,-0.230212256,0.973140419,0,0,0,0.999999881],"scale":0.699186385,"type":"desert_rocks_small_06"}
{"ctxid":0,"pos":[-1188.25769,2034.21167,69.7618179],"rotationMatrix":[0.0426700749,-0.999089122,0,0.999089122,0.0426700749,0,0,0,0.999999881],"scale":1.05567348,"type":"desert_rocks_small_06"}
{"ctxid":0,"pos":[-1187.13403,2037.10828,69.4278259],"rotationMatrix":[0.856251955,-0.51655829,0,0.51655829,0.856251955,0,0,0,0.999999881],"scale":0.431038141,"type":"desert_rocks_small_06"}
{"ctxid":0,"pos":[-1187.10864,2034.46631,69.5571365],"rotationMatrix":[-0.673802197,-0.738911808,0,0.738911808,-0.673802197,0,0,0,0.999999881],"scale":1.17703915,"type":"desert_rocks_small_06"}
{"ctxid":0,"pos":[-1184.21094,2035.46741,70.8681412],"rotationMatrix":[-0.98158133,0.191044137,0,-0.191044137,-0.98158133,0,0,0,0.999999881],"scale":0.564042985,"type":"desert_rocks_small_06"}
{"ctxid":0,"pos":[-1186.38794,2039.94141,69.9089737],"rotationMatrix":[0.676304758,0.736621916,0,-0.736621916,0.676304758,0,0,0,0.999999881],"scale":1.18311989,"type":"desert_rocks_small_06"}
{"ctxid":0,"pos":[-1191.58228,2037.84131,69.5385056],"rotationMatrix":[-0.797863007,-0.602838755,0,0.602838755,-0.797863007,0,0,0,0.999999881],"scale":0.950967431,"type":"desert_rocks_small_06"}
{"ctxid":0,"pos":[-1187.97839,2042.07129,69.2833557],"rotationMatrix":[-0.990408838,-0.138167545,0,0.138167545,-0.990408838,0,0,0,0.999999881],"scale":0.498208791,"type":"desert_rocks_small_06"}
{"ctxid":0,"pos":[-1192.44177,2039.17175,69.4237747],"rotationMatrix":[-0.943652272,-0.330938578,0,0.330938578,-0.943652272,0,0,0,0.999999881],"scale":1.19156873,"type":"desert_rocks_small_06"}
{"ctxid":0,"pos":[-1187.9292,2038.66675,68.9709549],"rotationMatrix":[-0.381269246,0.924463928,0,-0.924463928,-0.381269246,0,0,0,0.999999881],"scale":0.888075709,"type":"desert_rocks_small_06"}
{"ctxid":0,"pos":[-1189.05225,2039.62366,68.5558624],"rotationMatrix":[0.783204854,0.621763706,0,-0.621763706,0.783204854,0,0,0,0.999999881],"scale":0.813137591,"type":"desert_rocks_small_06"}
{"ctxid":0,"pos":[-1195.31665,2037.41248,70.4775696],"rotationMatrix":[-0.0655184612,-0.997851253,0,0.997851253,-0.0655184612,0,0,0,0.999999881],"scale":0.841685593,"type":"desert_rocks_small_06"}
{"ctxid":0,"pos":[-1196.08752,2044.14392,68.8611679],"rotationMatrix":[0.588387787,-0.808578789,0,0.808578789,0.588387787,0,0,0,0.999999881],"scale":0.728043616,"type":"desert_rocks_small_06"}
{"ctxid":0,"pos":[-1196.12256,2040.52686,69.8536682],"rotationMatrix":[0.806841671,-0.590767503,0,0.590767503,0.806841671,0,0,0,0.999999881],"scale":0.806531549,"type":"desert_rocks_small_06"}
{"ctxid":0,"pos":[-1196.68567,2043.90833,69.031395],"rotationMatrix":[0.721557796,-0.692354083,0,0.692354083,0.721557796,0,0,0,0.999999881],"scale":0.545311868,"type":"desert_rocks_small_06"}
{"ctxid":0,"pos":[-1202.77661,2042.35181,69.6536102],"rotationMatrix":[-0.738189816,-0.674593031,0,0.674593031,-0.738189816,0,0,0,0.999999881],"scale":0.992033303,"type":"desert_rocks_small_06"}
{"ctxid":0,"pos":[-1201.56628,2044.92346,68.7314529],"rotationMatrix":[-0.976029694,0.217636839,0,-0.217636839,-0.976029694,0,0,0,0.999999881],"scale":0.840997279,"type":"desert_rocks_small_06"}
{"ctxid":0,"pos":[-1201.87817,2041.28125,70.3747787],"rotationMatrix":[0.940412879,0.340034574,0,-0.340034574,0.940412879,0,0,0,0.999999881],"scale":0.491661251,"type":"desert_rocks_small_06"}
{"ctxid":0,"pos":[-1203.92273,2038.73584,71.1390152],"rotationMatrix":[0.971965909,-0.235121399,0,0.235121399,0.971965909,0,0,0,0.999999881],"scale":0.63552326,"type":"desert_rocks_small_06"}
{"ctxid":0,"pos":[-1202.73645,2043.28528,69.3253784],"rotationMatrix":[0.871865332,-0.489745498,0,0.489745498,0.871865332,0,0,0,0.999999881],"scale":0.633713484,"type":"desert_rocks_small_06"}
{"ctxid":0,"pos":[-1202.90747,2044.47253,68.808136],"rotationMatrix":[-0.832428992,-0.554131687,0,0.554131687,-0.832428992,0,0,0,0.999999881],"scale":0.42278406,"type":"desert_rocks_small_06"}
{"ctxid":0,"pos":[-1207.42578,2040.00745,70.0413742],"rotationMatrix":[0.478360742,0.878163457,0,-0.878163457,0.478360742,0,0,0,0.999999881],"scale":0.89775598,"type":"desert_rocks_small_06"}
{"ctxid":0,"pos":[-1211.11804,2041.93213,70.9665527],"rotationMatrix":[0.766796947,0.641889751,0,-0.641889751,0.766796947,0,0,0,0.999999881],"scale":1.00743127,"type":"desert_rocks_small_06"}
{"ctxid":0,"pos":[-1210.17371,2038.32935,70.5153275],"rotationMatrix":[0.871698797,-0.490041882,0,0.490041882,0.871698797,0,0,0,0.999999881],"scale":0.562046051,"type":"desert_rocks_small_06"}
{"ctxid":0,"pos":[-1209.54126,2038.02087,70.7220993],"rotationMatrix":[0.95935303,-0.282208472,0,0.282208472,0.95935303,0,0,0,0.999999881],"scale":0.552441359,"type":"desert_rocks_small_06"}
{"ctxid":0,"pos":[-1209.79797,2045.17822,70.6925735],"rotationMatrix":[-0.925064862,0.379809022,0,-0.379809022,-0.925064862,0,0,0,0.999999881],"scale":0.99621141,"type":"desert_rocks_small_06"}
{"ctxid":0,"pos":[-1206.2417,2046.91638,69.5932236],"rotationMatrix":[-0.827336252,-0.561706781,0,0.561706781,-0.827336252,0,0,0,0.999999881],"scale":1.18543804,"type":"desert_rocks_small_06"}
{"ctxid":0,"pos":[-1204.33069,2043.58936,68.9991684],"rotationMatrix":[0.354166865,0.935182273,0,-0.935182273,0.354166865,0,0,0,0.999999881],"scale":0.455959052,"type":"desert_rocks_small_06"}
{"ctxid":0,"pos":[-1206.66125,2053.21216,69.1545639],"rotationMatrix":[0.958678901,0.284490407,0,-0.284490407,0.958678901,0,0,0,0.999999881],"scale":1.09310639,"type":"desert_rocks_small_06"}
{"ctxid":0,"pos":[-1207.04102,2052.39087,69.4356308],"rotationMatrix":[-0.394599378,0.918853104,0,-0.918853104,-0.394599378,0,0,0,0.999999881],"scale":1.09540462,"type":"desert_rocks_small_06"}
{"ctxid":0,"pos":[-1208.78528,2056.25537,69.7092133],"rotationMatrix":[-0.87382555,0.486239284,0,-0.486239284,-0.87382555,0,0,0,0.999999881],"scale":0.900246203,"type":"desert_rocks_small_06"}
{"ctxid":0,"pos":[-1203.22424,2058.98047,68.0137634],"rotationMatrix":[0.194620967,-0.980878413,0,0.980878413,0.194620967,0,0,0,0.999999881],"scale":1.3227632,"type":"desert_rocks_small_06"}
{"ctxid":0,"pos":[-1201.70679,2056.0188,67.5552979],"rotationMatrix":[0.127287954,0.991865754,0,-0.991865754,0.127287954,0,0,0,0.999999881],"scale":0.847986162,"type":"desert_rocks_small_06"}
{"ctxid":0,"pos":[-1201.23438,2063.47095,67.0204163],"rotationMatrix":[0.00917629991,0.99995786,0,-0.99995786,0.00917629991,0,0,0,0.999999881],"scale":0.610372543,"type":"desert_rocks_small_06"}
{"ctxid":0,"pos":[-1202.70898,2065.99072,67.3575363],"rotationMatrix":[-0.0691679567,0.997604966,0,-0.997604966,-0.0691679567,0,0,0,0.999999881],"scale":1.34523499,"type":"desert_rocks_small_06"}
{"ctxid":0,"pos":[-1206.47424,2064.28198,69.8353043],"rotationMatrix":[0.920755208,-0.390140533,0,0.390140533,0.920755208,0,0,0,0.999999881],"scale":1.35707211,"type":"desert_rocks_small_06"}
{"ctxid":0,"pos":[-1205.96252,2061.35815,69.6485672],"rotationMatrix":[0.935447752,0.353464961,0,-0.353464961,0.935447752,0,0,0,0.999999881],"scale":0.56852144,"type":"desert_rocks_small_06"}
{"ctxid":0,"pos":[-1207.17554,2067.60962,69.758049],"rotationMatrix":[-0.546042621,0.83775717,0,-0.83775717,-0.546042621,0,0,0,0.999999881],"scale":1.14340901,"type":"desert_rocks_small_06"}
{"ctxid":0,"pos":[-1207.78381,2072.60742,68.6759644],"rotationMatrix":[0.574528694,-0.818484366,0,0.818484366,0.574528694,0,0,0,0.999999881],"scale":0.673316061,"type":"desert_rocks_small_06"}
{"ctxid":0,"pos":[-1205.94617,2070.55078,68.3520966],"rotationMatrix":[0.760189712,0.649701118,0,-0.649701118,0.760189712,0,0,0,0.999999881],"scale":0.496825576,"type":"desert_rocks_small_06"}
{"ctxid":0,"pos":[-1206.64685,2065.45776,69.8077774],"rotationMatrix":[-0.677978873,0.735081136,0,-0.735081136,-0.677978873,0,0,0,0.999999881],"scale":0.800179541,"type":"desert_rocks_small_06"}
{"ctxid":0,"pos":[-1208.58447,2075.81445,68.2385101],"rotationMatrix":[-0.538893104,0.842373967,0,-0.842373967,-0.538893104,0,0,0,0.999999881],"scale":0.846200466,"type":"desert_rocks_small_06"}
{"ctxid":0,"pos":[-1211.26978,2071.86011,70.6880951],"rotationMatrix":[-0.721643209,-0.692264974,0,0.692264974,-0.721643209,0,0,0,0.999999881],"scale":0.630886197,"type":"desert_rocks_small_06"}
{"ctxid":0,"pos":[-1213.02832,2074.98975,70.4113922],"rotationMatrix":[-0.998631895,-0.05228962,0,0.05228962,-0.998631895,0,0,0,0.999999881],"scale":1.34856915,"type":"desert_rocks_small_06"}
{"ctxid":0,"pos":[-1212.40833,2073.71362,70.5940399],"rotationMatrix":[-0.782428741,-0.62274009,0,0.62274009,-0.782428741,0,0,0,0.999999881],"scale":0.676436663,"type":"desert_rocks_small_06"}
{"ctxid":0,"pos":[-1207.38257,2077.15576,67.8652267],"rotationMatrix":[0.397052765,0.917795777,0,-0.917795777,0.397052765,0,0,0,0.999999881],"scale":0.46970582,"type":"desert_rocks_small_06"}
{"ctxid":0,"pos":[-1211.52087,2076.78394,69.1168823],"rotationMatrix":[-0.933128715,-0.3595424,0,0.3595424,-0.933128715,0,0,0,0.999999881],"scale":1.01547921,"type":"desert_rocks_small_06"}
{"ctxid":0,"pos":[-1204.46167,2073.10547,67.0652542],"rotationMatrix":[0.604267538,0.79678148,0,-0.79678148,0.604267538,0,0,0,0.999999881],"scale":0.787988782,"type":"desert_rocks_small_06"}
{"ctxid":0,"pos":[-1213.6875,2075.62451,70.572319],"rotationMatrix":[0.365488529,0.930815876,0,-0.930815876,0.365488529,0,0,0,0.999999881],"scale":1.23405445,"type":"desert_rocks_small_06"}
{"ctxid":0,"pos":[-1208.24634,2077.36646,68.1424789],"rotationMatrix":[0.712973595,-0.70119065,0,0.70119065,0.712973595,0,0,0,0.999999881],"scale":0.471023828,"type":"desert_rocks_small_06"}
{"ctxid":0,"pos":[-1211.88245,2075.44287,69.6370392],"rotationMatrix":[0.00154512655,0.999998748,0,-0.999998748,0.00154512655,0,0,0,0.999999881],"scale":0.556101263,"type":"desert_rocks_small_06"}
{"ctxid":0,"pos":[-1209.35437,2076.54712,68.4561005],"rotationMatrix":[0.963490307,-0.267742932,0,0.267742932,0.963490307,0,0,0,0.999999881],"scale":0.870510042,"type":"desert_rocks_small_06"}
{"ctxid":0,"pos":[-1216.1405,2078.99951,70.5750046],"rotationMatrix":[-0.996906102,0.0786008686,0,-0.0786008686,-0.996906102,0,0,0,0.999999881],"scale":0.851356268,"type":"desert_rocks_small_06"}
{"ctxid":0,"pos":[-1211.68481,2078.33081,69.1907654],"rotationMatrix":[0.966721117,-0.255831927,0,0.255831927,0.966721117,0,0,0,0.999999881],"scale":0.679116488,"type":"desert_rocks_small_06"}
