{"ctxid":0,"pos":[-964.710144,2084.91821,68.5874481],"rotationMatrix":[-0.809384882,0.587278247,0,-0.587278247,-0.809384882,0,0,0,0.999999881],"scale":0.849667072,"type":"desert_rocks_small_09"}
{"ctxid":0,"pos":[-974.587036,2082.95825,68.6677628],"rotationMatrix":[-0.990567386,-0.137025759,0,0.137025759,-0.990567386,0,0,0,0.999999881],"scale":0.776893437,"type":"desert_rocks_small_09"}
{"ctxid":0,"pos":[-975.348389,2075.52368,71.3682251],"rotationMatrix":[0.0459277481,0.99894464,0,-0.99894464,0.0459277481,0,0,0,0.999999881],"scale":1.15511703,"type":"desert_rocks_small_09"}
{"ctxid":0,"pos":[-977.142578,2077.79419,69.7648239],"rotationMatrix":[-0.96793431,-0.251202911,0,0.251202911,-0.96793431,0,0,0,0.999999881],"scale":0.907273531,"type":"desert_rocks_small_09"}
{"ctxid":0,"pos":[-975.637695,2080.19482,69.1083374],"rotationMatrix":[-0.848248065,-0.52959919,0,0.52959919,-0.848248065,0,0,0,0.999999881],"scale":0.462644577,"type":"desert_rocks_small_09"}
{"ctxid":0,"pos":[-980.084961,2077.65918,69.2362289],"rotationMatrix":[-0.827450335,-0.561538696,0,0.561538696,-0.827450335,0,0,0,0.999999881],"scale":0.896256089,"type":"desert_rocks_small_09"}
{"ctxid":0,"pos":[-980.880859,2075.56494,70.067543],"rotationMatrix":[0.968280137,0.249866888,0,-0.249866888,0.968280137,0,0,0,0.999999881],"scale":0.600151598,"type":"desert_rocks_small_09"}
{"ctxid":0,"pos":[-977.688477,2080.64014,68.8647461],"rotationMatrix":[-0.317322612,0.948317468,0,-0.948317468,-0.317322612,0,0,0,0.999999881],"scale":0.729235291,"type":"desert_rocks_small_09"}
{"ctxid":0,"pos":[-974.448486,2076.13208,71.4536362],"rotationMatrix":[0.807673454,0.589630008,0,-0.589630008,0.807673454,0,0,0,0.999999881],"scale":0.965361536,"type":"desert_rocks_small_09"}
{"ctxid":0,"pos":[-979.385254,2077.84888,69.2890091],"rotationMatrix":[0.243145674,0.969989777,0,-0.969989777,0.243145674,0,0,0,0.999999881],"scale":0.417657077,"type":"desert_rocks_small_09"}
{"ctxid":0,"pos":[-987.606934,2075.33765,69.0684738],"rotationMatrix":[-0.512616754,-0.858617365,0,0.858617365,-0.512616754,0,0,0,0.999999881],"scale":0.609996498,"type":"desert_rocks_small_09"}
{"ctxid":0,"pos":[-988.818542,2068.48853,71.7028732],"rotationMatrix":[0.291429788,-0.956592143,0,0.956592143,0.291429788,0,0,0,0.999999881],"scale":1.17868197,"type":"desert_rocks_small_09"}
{"ctxid":0,"pos":[-989.666565,2071.51807,69.4285431],"rotationMatrix":[-0.99824208,0.0592671819,0,-0.0592671819,-0.99824208,0,0,0,0.999999881],"scale":0.958972692,"type":"desert_rocks_small_09"}
{"ctxid":0,"pos":[-985.857239,2068.94556,72.4811783],"rotationMatrix":[0.0438489057,-0.999038041,0,0.999038041,0.0438489057,0,0,0,0.999999881],"scale":1.16331279,"type":"desert_rocks_small_09"}
{"ctxid":0,"pos":[-986.059387,2074.2002,69.2720032],"rotationMatrix":[0.789713502,-0.613475621,0,0.613475621,0.789713502,0,0,0,0.999999881],"scale":0.798380971,"type":"desert_rocks_small_09"}
{"ctxid":0,"pos":[-988.377319,2068.49609,71.8825607],"rotationMatrix":[0.894105732,0.4478558,0,-0.4478558,0.894105732,0,0,0,0.999999881],"scale":0.372847497,"type":"desert_rocks_small_09"}
{"ctxid":0,"pos":[-990.31012,2074.25293,68.9169006],"rotationMatrix":[-0.378726065,-0.925508678,0,0.925508678,-0.378726065,0,0,0,0.999999881],"scale":0.847693384,"type":"desert_rocks_small_09"}
{"ctxid":0,"pos":[-983.802734,2075.49268,69.2870941],"rotationMatrix":[-0.452801317,0.891611338,0,-0.891611338,-0.452801317,0,0,0,0.999999881],"scale":0.934373617,"type":"desert_rocks_small_09"}
{"ctxid":0,"pos":[-988.69751,2069.34839,71.1985931],"rotationMatrix":[-0.801806033,0.597584248,0,-0.597584248,-0.801806033,0,0,0,0.999999881],"scale":0.448872238,"type":"desert_rocks_small_09"}
{"ctxid":0,"pos":[-984.851257,2075.09277,69.253746],"rotationMatrix":[0.213681281,0.976903379,0,-0.976903379,0.213681281,0,0,0,0.999999881],"scale":0.716547728,"type":"desert_rocks_small_09"}
{"ctxid":0,"pos":[-986.417358,2073.28784,69.6361008],"rotationMatrix":[0.635478854,-0.772118151,0,0.772118151,0.635478854,0,0,0,0.999999881],"scale":0.483706892,"type":"desert_rocks_small_09"}
{"ctxid":0,"pos":[-989.3078,2066.63916,72.904007],"rotationMatrix":[-0.658570528,0.752518773,0,-0.752518773,-0.658570528,0,0,0,0.999999881],"scale":0.462761402,"type":"desert_rocks_small_09"}
{"ctxid":0,"pos":[-986.69519,2074.64453,69.224144],"rotationMatrix":[-0.179105207,0.983829796,0,-0.983829796,-0.179105207,0,0,0,0.999999881],"scale":0.415186346,"type":"desert_rocks_small_09"}
{"ctxid":0,"pos":[-988.263611,2066.80176,73.0727234],"rotationMatrix":[-0.809436977,-0.587206542,0,0.587206542,-0.809436977,0,0,0,0.999999881],"scale":1.11863327,"type":"desert_rocks_small_09"}
{"ctxid":0,"pos":[-985.751465,2069.47192,72.1612244],"rotationMatrix":[-0.402970672,-0.91521275,0,0.91521275,-0.402970672,0,0,0,0.999999881],"scale":0.895491004,"type":"desert_rocks_small_09"}
{"ctxid":0,"pos":[-996.895081,2068.54834,67.5667419],"rotationMatrix":[-0.886470437,-0.462785214,0,0.462785214,-0.886470437,0,0,0,0.999999881],"scale":0.808042169,"type":"desert_rocks_small_09"}
{"ctxid":0,"pos":[-997.630859,2068.09473,67.921936],"rotationMatrix":[0.155446529,0.987844288,0,-0.987844288,0.155446529,0,0,0,0.999999881],"scale":0.569100142,"type":"desert_rocks_small_09"}
{"ctxid":0,"pos":[-996.850708,2067.54834,68.5001144],"rotationMatrix":[-0.123962954,0.992286742,0,-0.992286742,-0.123962954,0,0,0,0.999999881],"scale":0.493670464,"type":"desert_rocks_small_09"}
{"ctxid":0,"pos":[-998.744629,2066.97778,68.7513657],"rotationMatrix":[0.959950387,0.280169904,0,-0.280169904,0.959950387,0,0,0,0.999999881],"scale":0.750659585,"type":"desert_rocks_small_09"}
{"ctxid":0,"pos":[-1001.80396,2062.22241,72.8554916],"rotationMatrix":[0.522127211,0.852867663,0,-0.852867663,0.522127211,0,0,0,0.999999881],"scale":0.984959722,"type":"desert_rocks_small_09"}
{"ctxid":0,"pos":[-999.576355,2070.36865,67.232254],"rotationMatrix":[-0.732481062,-0.680787265,0,0.680787265,-0.732481062,0,0,0,0.999999881],"scale":0.411718547,"type":"desert_rocks_small_09"}
{"ctxid":0,"pos":[-1000.91339,2063.09351,72.2304153],"rotationMatrix":[-0.879478991,-0.475937545,0,0.475937545,-0.879478991,0,0,0,0.999999881],"scale":0.915313959,"type":"desert_rocks_small_09"}
{"ctxid":0,"pos":[-1004.44385,2066.5564,68.8596268],"rotationMatrix":[-0.659483612,0.751718819,0,-0.751718819,-0.659483612,0,0,0,0.999999881],"scale":0.933009982,"type":"desert_rocks_small_09"}
{"ctxid":0,"pos":[-1007.87726,2068.62427,68.9728012],"rotationMatrix":[-0.92701751,-0.37501803,0,0.37501803,-0.92701751,0,0,0,0.999999881],"scale":1.15944874,"type":"desert_rocks_small_09"}
{"ctxid":0,"pos":[-1006.34747,2067.47046,69.0279694],"rotationMatrix":[-0.981078327,0.193610996,0,-0.193610996,-0.981078327,0,0,0,0.999999881],"scale":0.377641588,"type":"desert_rocks_small_09"}
{"ctxid":0,"pos":[-1007.74628,2065.23853,69.7385635],"rotationMatrix":[0.999595106,0.0284493342,0,-0.0284493342,0.999595106,0,0,0,0.999999881],"scale":0.879025221,"type":"desert_rocks_small_09"}
{"ctxid":0,"pos":[-1002.18567,2066.19531,69.3460541],"rotationMatrix":[-0.608736694,0.793372095,0,-0.793372095,-0.608736694,0,0,0,0.999999881],"scale":1.11648798,"type":"desert_rocks_small_09"}
{"ctxid":0,"pos":[-1009.7865,2063.01074,71.1511307],"rotationMatrix":[0.960082352,-0.279716939,0,0.279716939,0.960082352,0,0,0,0.999999881],"scale":0.738519132,"type":"desert_rocks_small_09"}
{"ctxid":0,"pos":[-1012.6438,2064.19946,70.7292175],"rotationMatrix":[-0.977035701,-0.213075399,0,0.213075399,-0.977035701,0,0,0,0.999999881],"scale":1.27380073,"type":"desert_rocks_small_09"}
{"ctxid":0,"pos":[-1016.16095,2071.50854,69.2347946],"rotationMatrix":[-0.973413944,-0.229052812,0,0.229052812,-0.973413944,0,0,0,0.999999881],"scale":0.482420802,"type":"desert_rocks_small_09"}
{"ctxid":0,"pos":[-1015.8678,2066.57446,70.4539185],"rotationMatrix":[0.969863713,0.243648067,0,-0.243648067,0.969863713,0,0,0,0.999999881],"scale":0.811586738,"type":"desert_rocks_small_09"}
{"ctxid":0,"pos":[-1016.28882,2065.34717,70.7531128],"rotationMatrix":[-0.141646743,-0.989917159,0,0.989917159,-0.141646743,0,0,0,0.999999881],"scale":1.13906574,"type":"desert_rocks_small_09"}
{"ctxid":0,"pos":[-1019.56622,2065.83301,70.5579071],"rotationMatrix":[0.524301052,-0.851532876,0,0.851532876,0.524301052,0,0,0,0.999999881],"scale":0.475022167,"type":"desert_rocks_small_09"}
{"ctxid":0,"pos":[-1024.23218,2069.80493,69.4719391],"rotationMatrix":[0.745054305,0.667003751,0,-0.667003751,0.745054305,0,0,0,0.999999881],"scale":0.988394976,"type":"desert_rocks_small_09"}
{"ctxid":0,"pos":[-1024.13684,2062.71777,70.7426605],"rotationMatrix":[0.959298909,-0.282392353,0,0.282392353,0.959298909,0,0,0,0.999999881],"scale":0.38448602,"type":"desert_rocks_small_09"}
{"ctxid":0,"pos":[-1027.82812,2062.17114,70.5147858],"rotationMatrix":[-0.975505292,0.219975814,0,-0.219975814,-0.975505292,0,0,0,0.999999881],"scale":1.14803064,"type":"desert_rocks_small_09"}
{"ctxid":0,"pos":[-1029.03003,2067.58105,68.9197311],"rotationMatrix":[0.686518729,-0.727111936,0,0.727111936,0.686518729,0,0,0,0.999999881],"scale":1.22662473,"type":"desert_rocks_small_09"}
{"ctxid":0,"pos":[-1029.88855,2065.5332,69.8453369],"rotationMatrix":[0.510836661,-0.859677732,0,0.859677732,0.510836661,0,0,0,0.999999881],"scale":1.32725561,"type":"desert_rocks_small_09"}
{"ctxid":0,"pos":[-1027.68933,2065.00293,69.547966],"rotationMatrix":[-0.957682669,0.287826002,0,-0.287826002,-0.957682669,0,0,0,0.999999881],"scale":0.874956965,"type":"desert_rocks_small_09"}
{"ctxid":0,"pos":[-1026.33105,2069.46558,69.0609436],"rotationMatrix":[-0.985812426,-0.167850286,0,0.167850286,-0.985812426,0,0,0,0.999999881],"scale":1.10033381,"type":"desert_rocks_small_09"}
{"ctxid":0,"pos":[-1034.84912,2064.26904,71.2935638],"rotationMatrix":[-0.904157698,0.427198887,0,-0.427198887,-0.904157698,0,0,0,0.999999881],"scale":1.20631039,"type":"desert_rocks_small_09"}
{"ctxid":0,"pos":[-1032.22888,2065.57959,70.3389053],"rotationMatrix":[0.891497612,0.453025341,0,-0.453025341,0.891497612,0,0,0,0.999999881],"scale":0.482210517,"type":"desert_rocks_small_09"}
{"ctxid":0,"pos":[-1036.60913,2066.19678,70.6783829],"rotationMatrix":[-0.952445447,0.304708719,0,-0.304708719,-0.952445447,0,0,0,0.999999881],"scale":0.421044111,"type":"desert_rocks_small_09"}
{"ctxid":0,"pos":[-1032.80652,2068.66333,69.3516617],"rotationMatrix":[-0.625331223,0.780359209,0,-0.780359209,-0.625331223,0,0,0,0.999999881],"scale":0.385336041,"type":"desert_rocks_small_09"}
{"ctxid":0,"pos":[-1036.09644,2070.271,68.9976807],"rotationMatrix":[0.835114121,-0.550076544,0,0.550076544,0.835114121,0,0,0,0.999999881],"scale":0.445745409,"type":"desert_rocks_small_09"}
{"ctxid":0,"pos":[-1044.34875,2062.53101,70.9453278],"rotationMatrix":[-0.991144478,-0.132787153,0,0.132787153,-0.991144478,0,0,0,0.999999881],"scale":0.645282745,"type":"desert_rocks_small_09"}
{"ctxid":0,"pos":[-1044.90234,2064.00586,70.4464111],"rotationMatrix":[-0.993673861,-0.112303689,0,0.112303689,-0.993673861,0,0,0,0.999999881],"scale":0.917437553,"type":"desert_rocks_small_09"}
{"ctxid":0,"pos":[-1045.09216,2070.02637,69.0583115],"rotationMatrix":[-0.30314827,-0.952943265,0,0.952943265,-0.30314827,0,0,0,0.999999881],"scale":0.916343808,"type":"desert_rocks_small_09"}
{"ctxid":0,"pos":[-1047.64783,2068.86133,69.3066177],"rotationMatrix":[-0.0830781832,0.996542931,0,-0.996542931,-0.0830781832,0,0,0,0.999999881],"scale":1.1655103,"type":"desert_rocks_small_09"}
{"ctxid":0,"pos":[-1045.69678,2063.74902,70.5619431],"rotationMatrix":[-0.999697566,0.0245883372,0,-0.0245883372,-0.999697566,0,0,0,0.999999881],"scale":0.737908006,"type":"desert_rocks_small_09"}
{"ctxid":0,"pos":[-1045.56946,2061.98462,71.019783],"rotationMatrix":[-0.272989839,-0.962016761,0,0.962016761,-0.272989839,0,0,0,0.999999881],"scale":0.586511731,"type":"desert_rocks_small_09"}
{"ctxid":0,"pos":[-1047.89502,2062.39526,70.8093567],"rotationMatrix":[-0.906089425,-0.423086256,0,0.423086256,-0.906089425,0,0,0,0.999999881],"scale":0.612191737,"type":"desert_rocks_small_09"}
{"ctxid":0,"pos":[-1047.02637,2063.58447,70.5048599],"rotationMatrix":[-0.0414565578,0.999140203,0,-0.999140203,-0.0414565578,0,0,0,0.999999881],"scale":0.8609128,"type":"desert_rocks_small_09"}
{"ctxid":0,"pos":[-1044.98486,2066.91431,69.8078232],"rotationMatrix":[-0.957614601,0.288052499,0,-0.288052499,-0.957614601,0,0,0,0.999999881],"scale":0.680540562,"type":"desert_rocks_small_09"}
{"ctxid":0,"pos":[-1048.21326,2069.021,69.2716446],"rotationMatrix":[-0.0297834352,0.999556243,0,-0.999556243,-0.0297834352,0,0,0,0.999999881],"scale":1.04444432,"type":"desert_rocks_small_09"}
{"ctxid":0,"pos":[-1048.44824,2064.36328,70.3448792],"rotationMatrix":[0.486022472,0.873946309,0,-0.873946309,0.486022472,0,0,0,0.999999881],"scale":0.654668748,"type":"desert_rocks_small_09"}
{"ctxid":0,"pos":[-1051.17273,2066.42065,69.9078751],"rotationMatrix":[0.36219421,0.932102621,0,-0.932102621,0.36219421,0,0,0,0.999999881],"scale":0.68725574,"type":"desert_rocks_small_09"}
{"ctxid":0,"pos":[-1048.724,2065.28882,70.0879593],"rotationMatrix":[0.991863906,-0.127302065,0,0.127302065,0.991863906,0,0,0,0.999999881],"scale":0.619668484,"type":"desert_rocks_small_09"}
{"ctxid":0,"pos":[-1047.39734,2069.43896,69.1308365],"rotationMatrix":[-0.940508604,-0.33976984,0,0.33976984,-0.940508604,0,0,0,0.999999881],"scale":1.10629797,"type":"desert_rocks_small_09"}
{"ctxid":0,"pos":[-1048.87292,2062.53418,70.7555161],"rotationMatrix":[-0.689885437,0.723918259,0,-0.723918259,-0.689885437,0,0,0,0.999999881],"scale":1.07629597,"type":"desert_rocks_small_09"}
{"ctxid":0,"pos":[-1050.60681,2063.37793,70.4172287],"rotationMatrix":[-0.987985849,-0.154543921,0,0.154543921,-0.987985849,0,0,0,0.999999881],"scale":0.971434116,"type":"desert_rocks_small_09"}
{"ctxid":0,"pos":[-1046.47913,2065.02148,70.1885376],"rotationMatrix":[-0.98213464,-0.188179135,0,0.188179135,-0.98213464,0,0,0,0.999999881],"scale":0.488721371,"type":"desert_rocks_small_09"}
{"ctxid":0,"pos":[-1050.44885,2068.58398,69.4114456],"rotationMatrix":[-0.590298414,0.807184875,0,-0.807184875,-0.590298414,0,0,0,0.999999881],"scale":0.476114631,"type":"desert_rocks_small_09"}
{"ctxid":0,"pos":[-1047.19666,2061.15039,71.0546875],"rotationMatrix":[0.203433722,0.979088724,0,-0.979088724,0.203433722,0,0,0,0.999999881],"scale":1.16357183,"type":"desert_rocks_small_09"}
{"ctxid":0,"pos":[-1050.30408,2062.65039,70.6525421],"rotationMatrix":[-0.294502825,-0.955650568,0,0.955650568,-0.294502825,0,0,0,0.999999881],"scale":0.5822016,"type":"desert_rocks_small_09"}
{"ctxid":0,"pos":[-1060.08899,2063.12744,69.7355576],"rotationMatrix":[-0.93824929,-0.345959604,0,0.345959604,-0.93824929,0,0,0,0.999999881],"scale":0.615040421,"type":"desert_rocks_small_09"}
{"ctxid":0,"pos":[-1055.34668,2064.03784,69.7781601],"rotationMatrix":[-0.267991126,-0.963421285,0,0.963421285,-0.267991126,0,0,0,0.999999881],"scale":0.81688714,"type":"desert_rocks_small_09"}
{"ctxid":0,"pos":[-1050.87366,2066.97998,69.7701721],"rotationMatrix":[0.845084369,0.534632921,0,-0.534632921,0.845084369,0,0,0,0.999999881],"scale":0.773713827,"type":"desert_rocks_small_09"}
{"ctxid":0,"pos":[-1052.53406,2064.04712,70.1200104],"rotationMatrix":[0.725528479,0.688192129,0,-0.688192129,0.725528479,0,0,0,0.999999881],"scale":0.716496229,"type":"desert_rocks_small_09"}
{"ctxid":0,"pos":[-1051.28418,2065.72363,69.9186401],"rotationMatrix":[0.723500311,0.690324068,0,-0.690324068,0.723500311,0,0,0,0.999999881],"scale":1.0795697,"type":"desert_rocks_small_09"}
{"ctxid":0,"pos":[-1047.28247,2066.229,69.8812103],"rotationMatrix":[-0.703506112,0.710689127,0,-0.710689127,-0.703506112,0,0,0,0.999999881],"scale":0.525209069,"type":"desert_rocks_small_09"}
{"ctxid":0,"pos":[-1045.62817,2068.86206,69.2602158],"rotationMatrix":[0.0278467238,0.999612153,0,-0.999612153,0.0278467238,0,0,0,0.999999881],"scale":0.622155666,"type":"desert_rocks_small_09"}
{"ctxid":0,"pos":[-1040.24658,2069.20117,69.4463882],"rotationMatrix":[0.890437961,0.45510456,0,-0.45510456,0.890437961,0,0,0,0.999999881],"scale":1.21683252,"type":"desert_rocks_small_09"}
{"ctxid":0,"pos":[-1057.40515,2067.15674,68.9503098],"rotationMatrix":[-0.928889573,0.370356858,0,-0.370356858,-0.928889573,0,0,0,0.999999881],"scale":1.18203461,"type":"desert_rocks_small_09"}
{"ctxid":0,"pos":[-1058.71716,2064.54272,69.4061279],"rotationMatrix":[0.749012649,0.662555695,0,-0.662555695,0.749012649,0,0,0,0.999999881],"scale":0.776038408,"type":"desert_rocks_small_09"}
{"ctxid":0,"pos":[-1056.92993,2061.02319,70.4347153],"rotationMatrix":[-0.32995224,-0.943997562,0,0.943997562,-0.32995224,0,0,0,0.999999881],"scale":0.548267007,"type":"desert_rocks_small_09"}
{"ctxid":0,"pos":[-1054.82898,2065.00269,69.6541519],"rotationMatrix":[-0.588086903,0.808797538,0,-0.808797538,-0.588086903,0,0,0,0.999999881],"scale":0.532540739,"type":"desert_rocks_small_09"}
{"ctxid":0,"pos":[-1060.91162,2064.98096,69.2668152],"rotationMatrix":[0.0726965591,0.997354031,0,-0.997354031,0.0726965591,0,0,0,0.999999881],"scale":1.21244287,"type":"desert_rocks_small_09"}
{"ctxid":0,"pos":[-1065.14429,2056.00977,70.9648056],"rotationMatrix":[0.990693986,-0.136107475,0,0.136107475,0.990693986,0,0,0,0.999999881],"scale":0.920564651,"type":"desert_rocks_small_09"}
{"ctxid":0,"pos":[-1067.33972,2056.8855,70.6427002],"rotationMatrix":[-0.27488479,-0.961477101,0,0.961477101,-0.27488479,0,0,0,0.999999881],"scale":0.460866153,"type":"desert_rocks_small_09"}
{"ctxid":0,"pos":[-1070.23523,2058.78149,69.9926682],"rotationMatrix":[0.999463201,0.0327588692,0,-0.0327588692,0.999463201,0,0,0,0.999999881],"scale":0.769246876,"type":"desert_rocks_small_09"}
{"ctxid":0,"pos":[-1070.41541,2062.875,69.2096634],"rotationMatrix":[-0.466503143,0.884519398,0,-0.884519398,-0.466503143,0,0,0,0.999999881],"scale":0.56069088,"type":"desert_rocks_small_09"}
{"ctxid":0,"pos":[-1065.97986,2058.66772,70.4056549],"rotationMatrix":[0.86590749,0.500204086,0,-0.500204086,0.86590749,0,0,0,0.999999881],"scale":0.764910877,"type":"desert_rocks_small_09"}
{"ctxid":0,"pos":[-1067.53589,2060.9436,69.7567596],"rotationMatrix":[0.982607663,-0.185693279,0,0.185693279,0.982607663,0,0,0,0.999999881],"scale":1.06090379,"type":"desert_rocks_small_09"}
{"ctxid":0,"pos":[-1074.03003,2059.57202,69.7599792],"rotationMatrix":[-0.488930315,0.872322679,0,-0.872322679,-0.488930315,0,0,0,0.999999881],"scale":0.936276197,"type":"desert_rocks_small_09"}
{"ctxid":0,"pos":[-1075.40576,2059.27295,69.780983],"rotationMatrix":[-0.345404506,-0.938453853,0,0.938453853,-0.345404506,0,0,0,0.999999881],"scale":0.808493137,"type":"desert_rocks_small_09"}
{"ctxid":0,"pos":[-1074.59119,2061.26929,69.4812927],"rotationMatrix":[-0.999402642,-0.034556333,0,0.034556333,-0.999402642,0,0,0,0.999999881],"scale":1.05062699,"type":"desert_rocks_small_09"}
{"ctxid":0,"pos":[-1074.62708,2056.42065,70.2729797],"rotationMatrix":[0.494448841,0.869206786,0,-0.869206786,0.494448841,0,0,0,0.999999881],"scale":0.65639472,"type":"desert_rocks_small_09"}
{"ctxid":0,"pos":[-1075.48962,2060.17065,69.7276382],"rotationMatrix":[0.797751725,0.602986097,0,-0.602986097,0.797751725,0,0,0,0.999999881],"scale":0.90678823,"type":"desert_rocks_small_09"}
{"ctxid":0,"pos":[-1078.33276,2055.35059,69.8244095],"rotationMatrix":[-0.594205081,-0.8043136,0,0.8043136,-0.594205081,0,0,0,0.999999881],"scale":1.05494893,"type":"desert_rocks_small_09"}
{"ctxid":0,"pos":[-1077.66638,2058.55249,69.6153412],"rotationMatrix":[0.4170582,-0.908879697,0,0.908879697,0.4170582,0,0,0,0.999999881],"scale":0.553236842,"type":"desert_rocks_small_09"}
{"ctxid":0,"pos":[-1075.42163,2059.69238,69.7640762],"rotationMatrix":[-0.717224121,-0.696842372,0,0.696842372,-0.717224121,0,0,0,0.999999881],"scale":0.894735098,"type":"desert_rocks_small_09"}
{"ctxid":0,"pos":[-1077.88708,2057.37598,69.7625198],"rotationMatrix":[-0.889684498,-0.456575662,0,0.456575662,-0.889684498,0,0,0,0.999999881],"scale":1.15535176,"type":"desert_rocks_small_09"}
{"ctxid":0,"pos":[-1074.08521,2052.18335,70.8056641],"rotationMatrix":[-0.394787341,0.918772399,0,-0.918772399,-0.394787341,0,0,0,0.999999881],"scale":0.982209146,"type":"desert_rocks_small_09"}
{"ctxid":0,"pos":[-1079.09119,2056.72754,69.4773712],"rotationMatrix":[-0.609841943,-0.792523086,0,0.792523086,-0.609841943,0,0,0,0.999999881],"scale":0.726750791,"type":"desert_rocks_small_09"}
{"ctxid":0,"pos":[-1078.94043,2052.83911,69.8406677],"rotationMatrix":[-0.538797915,-0.842435002,0,0.842435002,-0.538797915,0,0,0,0.999999881],"scale":1.29943824,"type":"desert_rocks_small_09"}
{"ctxid":0,"pos":[-1079.93909,2054.11353,69.5862427],"rotationMatrix":[0.998851717,-0.0479075313,0,0.0479075313,0.998851717,0,0,0,0.999999881],"scale":0.514938295,"type":"desert_rocks_small_09"}
{"ctxid":0,"pos":[-1077.18738,2051.35571,70.4547501],"rotationMatrix":[0.668764114,-0.743474483,0,0.743474483,0.668764114,0,0,0,0.999999881],"scale":0.904309511,"type":"desert_rocks_small_09"}
{"ctxid":0,"pos":[-1082.5481,2052.34277,69.7090149],"rotationMatrix":[0.17152676,0.985179365,0,-0.985179365,0.17152676,0,0,0,0.999999881],"scale":0.568417907,"type":"desert_rocks_small_09"}
{"ctxid":0,"pos":[-1080.99561,2048.17456,70.6531677],"rotationMatrix":[0.674689472,-0.738101542,0,0.738101542,0.674689472,0,0,0,0.999999881],"scale":1.19741714,"type":"desert_rocks_small_09"}
{"ctxid":0,"pos":[-1083.56482,2049.85181,70.1239471],"rotationMatrix":[-0.61094594,-0.79167217,0,0.79167217,-0.61094594,0,0,0,0.999999881],"scale":0.648105443,"type":"desert_rocks_small_09"}
{"ctxid":0,"pos":[-1084.19446,2050.19238,69.8690872],"rotationMatrix":[0.815277934,0.579069853,0,-0.579069853,0.815277934,0,0,0,0.999999881],"scale":1.3011868,"type":"desert_rocks_small_09"}
{"ctxid":0,"pos":[-1081.58875,2051.63232,69.9407806],"rotationMatrix":[0.620142579,-0.784489095,0,0.784489095,0.620142579,0,0,0,0.999999881],"scale":0.432722986,"type":"desert_rocks_small_09"}
{"ctxid":0,"pos":[-1084.00122,2047.31335,70.7709961],"rotationMatrix":[0.971174419,0.238369584,0,-0.238369584,0.971174419,0,0,0,0.999999881],"scale":0.512443483,"type":"desert_rocks_small_09"}
{"ctxid":0,"pos":[-1083.45923,2047.44238,70.6808853],"rotationMatrix":[0.387249172,0.921975076,0,-0.921975076,0.387249172,0,0,0,0.999999881],"scale":1.00862575,"type":"desert_rocks_small_09"}
{"ctxid":0,"pos":[-1086.453,2049.4502,69.9287186],"rotationMatrix":[-0.465073586,-0.885272026,0,0.885272026,-0.465073586,0,0,0,0.999999881],"scale":0.874663591,"type":"desert_rocks_small_09"}
{"ctxid":0,"pos":[-1092.46326,2054.18652,69.1600952],"rotationMatrix":[0.345979542,0.938242018,0,-0.938242018,0.345979542,0,0,0,0.999999881],"scale":1.20613897,"type":"desert_rocks_small_09"}
{"ctxid":0,"pos":[-1096.49219,2054.91479,69.0216751],"rotationMatrix":[0.00769098103,-0.999970317,0,0.999970317,0.00769098103,0,0,0,0.999999881],"scale":1.16455305,"type":"desert_rocks_small_09"}
{"ctxid":0,"pos":[-1099.69446,2052.90918,67.157486],"rotationMatrix":[-0.314795554,0.949159384,0,-0.949159384,-0.314795554,0,0,0,0.999999881],"scale":0.903220296,"type":"desert_rocks_small_09"}
{"ctxid":0,"pos":[-1096.63037,2051.60767,69.3650894],"rotationMatrix":[-0.487169415,0.873307347,0,-0.873307347,-0.487169415,0,0,0,0.999999881],"scale":1.25356042,"type":"desert_rocks_small_09"}
{"ctxid":0,"pos":[-1097.32458,2049.86304,69.9406052],"rotationMatrix":[0.771911919,0.635729432,0,-0.635729432,0.771911919,0,0,0,0.999999881],"scale":1.022874,"type":"desert_rocks_small_09"}
{"ctxid":0,"pos":[-1105.61121,2046.57751,72.0868835],"rotationMatrix":[-0.91411835,-0.405447394,0,0.405447394,-0.91411835,0,0,0,0.999999881],"scale":1.03083813,"type":"desert_rocks_small_09"}
{"ctxid":0,"pos":[-1106.14709,2049.57349,70.2145691],"rotationMatrix":[-0.962233126,-0.272226751,0,0.272226751,-0.962233126,0,0,0,0.999999881],"scale":0.575579584,"type":"desert_rocks_small_09"}
{"ctxid":0,"pos":[-1109.41296,2050.35596,71.0180511],"rotationMatrix":[-0.873434603,-0.486941516,0,0.486941516,-0.873434603,0,0,0,0.999999881],"scale":1.20413816,"type":"desert_rocks_small_09"}
{"ctxid":0,"pos":[-1104.80969,2053.17017,68.5113754],"rotationMatrix":[-0.810377061,-0.585908771,0,0.585908771,-0.810377061,0,0,0,0.999999881],"scale":0.422907352,"type":"desert_rocks_small_09"}
{"ctxid":0,"pos":[-1105.5802,2054.13306,68.3550949],"rotationMatrix":[0.114383295,0.993436635,0,-0.993436635,0.114383295,0,0,0,0.999999881],"scale":0.920747995,"type":"desert_rocks_small_09"}
{"ctxid":0,"pos":[-1108.01086,2054.89893,69.1752396],"rotationMatrix":[-0.508021116,0.861344457,0,-0.861344457,-0.508021116,0,0,0,0.999999881],"scale":1.08474016,"type":"desert_rocks_small_09"}
{"ctxid":0,"pos":[-1109.49744,2054.19531,69.7232971],"rotationMatrix":[0.89678818,0.442460001,0,-0.442460001,0.89678818,0,0,0,0.999999881],"scale":1.07835722,"type":"desert_rocks_small_09"}
{"ctxid":0,"pos":[-1111.52014,2051.49976,70.4999542],"rotationMatrix":[0.885364473,-0.464897364,0,0.464897364,0.885364473,0,0,0,0.999999881],"scale":1.01070035,"type":"desert_rocks_small_09"}
{"ctxid":0,"pos":[-1116.09729,2055.03003,69.5859833],"rotationMatrix":[-0.680043221,0.73317194,0,-0.73317194,-0.680043221,0,0,0,0.999999881],"scale":1.14230573,"type":"desert_rocks_small_09"}
{"ctxid":0,"pos":[-1117.60083,2050.36035,71.7120819],"rotationMatrix":[0.863356888,0.50459373,0,-0.50459373,0.863356888,0,0,0,0.999999881],"scale":0.441209912,"type":"desert_rocks_small_09"}
{"ctxid":0,"pos":[-1118.71155,2057.28638,68.9862137],"rotationMatrix":[-0.772678673,-0.634797096,0,0.634797096,-0.772678673,0,0,0,0.999999881],"scale":0.644101739,"type":"desert_rocks_small_09"}
{"ctxid":0,"pos":[-1118.38306,2058.09204,68.7311172],"rotationMatrix":[-0.321077853,0.947052658,0,-0.947052658,-0.321077853,0,0,0,0.999999881],"scale":1.13498271,"type":"desert_rocks_small_09"}
{"ctxid":0,"pos":[-1120.16052,2056.95337,69.0285873],"rotationMatrix":[0.916780412,-0.399391353,0,0.399391353,0.916780412,0,0,0,0.999999881],"scale":0.365693927,"type":"desert_rocks_small_09"}
{"ctxid":0,"pos":[-1128.70886,2050.66309,69.7880096],"rotationMatrix":[0.664818406,0.747004986,0,-0.747004986,0.664818406,0,0,0,0.999999881],"scale":1.21959472,"type":"desert_rocks_small_09"}
{"ctxid":0,"pos":[-1123.87341,2049.94922,71.2145081],"rotationMatrix":[0.959779024,-0.280756146,0,0.280756146,0.959779024,0,0,0,0.999999881],"scale":0.692660868,"type":"desert_rocks_small_09"}
{"ctxid":0,"pos":[-1128.64075,2051.81201,69.4330444],"rotationMatrix":[0.314849734,0.949141502,0,-0.949141502,0.314849734,0,0,0,0.999999881],"scale":0.573876739,"type":"desert_rocks_small_09"}
{"ctxid":0,"pos":[-1131.59009,2053.92041,68.3596115],"rotationMatrix":[-0.129448742,-0.99158603,0,0.99158603,-0.129448742,0,0,0,0.999999881],"scale":1.17464805,"type":"desert_rocks_small_09"}
{"ctxid":0,"pos":[-1138.93677,2046.96436,69.8785095],"rotationMatrix":[-0.753210783,-0.657779217,0,0.657779217,-0.753210783,0,0,0,0.999999881],"scale":0.645850182,"type":"desert_rocks_small_09"}
{"ctxid":0,"pos":[-1134.17102,2044.14441,70.7806168],"rotationMatrix":[0.739840269,0.67278254,0,-0.67278254,0.739840269,0,0,0,0.999999881],"scale":0.848057449,"type":"desert_rocks_small_09"}
{"ctxid":0,"pos":[-1135.4967,2047.67688,69.0193939],"rotationMatrix":[-0.136924148,-0.990581453,0,0.990581453,-0.136924148,0,0,0,0.999999881],"scale":0.37034899,"type":"desert_rocks_small_09"}
{"ctxid":0,"pos":[-1136.11963,2044.36426,70.3854065],"rotationMatrix":[0.100550815,-0.994931877,0,0.994931877,0.100550815,0,0,0,0.999999881],"scale":1.02278805,"type":"desert_rocks_small_09"}
{"ctxid":0,"pos":[-1133.13916,2042.69482,71.8548126],"rotationMatrix":[-0.29148972,-0.956573904,0,0.956573904,-0.29148972,0,0,0,0.999999881],"scale":0.575925946,"type":"desert_rocks_small_09"}
{"ctxid":0,"pos":[-1138.07996,2046.48083,69.6879883],"rotationMatrix":[-0.543872833,0.839167416,0,-0.839167416,-0.543872833,0,0,0,0.999999881],"scale":0.794861794,"type":"desert_rocks_small_09"}
{"ctxid":0,"pos":[-1138.41248,2046.9613,69.7205582],"rotationMatrix":[-0.271641165,-0.962398529,0,0.962398529,-0.271641165,0,0,0,0.999999881],"scale":0.71582979,"type":"desert_rocks_small_09"}
{"ctxid":0,"pos":[-1137.55103,2043.63086,70.6149368],"rotationMatrix":[0.998143137,0.0609109439,0,-0.0609109439,0.998143137,0,0,0,0.999999881],"scale":1.3160975,"type":"desert_rocks_small_09"}
{"ctxid":0,"pos":[-1136.30713,2041.62964,71.6373444],"rotationMatrix":[0.998862147,0.0476888083,0,-0.0476888083,0.998862147,0,0,0,0.999999881],"scale":0.986529887,"type":"desert_rocks_small_09"}
{"ctxid":0,"pos":[-1137.67456,2044.74414,70.2317352],"rotationMatrix":[0.596481502,0.802626789,0,-0.802626789,0.596481502,0,0,0,0.999999881],"scale":0.527241707,"type":"desert_rocks_small_09"}
{"ctxid":0,"pos":[-1135.07532,2043.24451,70.9598236],"rotationMatrix":[0.374540597,0.92721051,0,-0.92721051,0.374540597,0,0,0,0.999999881],"scale":1.11089611,"type":"desert_rocks_small_09"}
{"ctxid":0,"pos":[-1141.66467,2043.14185,71.3194046],"rotationMatrix":[-0.9808653,-0.194687143,0,0.194687143,-0.9808653,0,0,0,0.999999881],"scale":1.19509435,"type":"desert_rocks_small_09"}
{"ctxid":0,"pos":[-1143.97046,2046.7738,70.9288788],"rotationMatrix":[-0.119107611,-0.992881238,0,0.992881238,-0.119107611,0,0,0,0.999999881],"scale":0.459852189,"type":"desert_rocks_small_09"}
{"ctxid":0,"pos":[-1143.21973,2046.17371,70.8407593],"rotationMatrix":[-0.232437178,-0.972611248,0,0.972611248,-0.232437178,0,0,0,0.999999881],"scale":1.1155436,"type":"desert_rocks_small_09"}
{"ctxid":0,"pos":[-1137.24243,2049.48682,68.9276581],"rotationMatrix":[-0.654743016,-0.755851507,0,0.755851507,-0.654743016,0,0,0,0.999999881],"scale":0.365317047,"type":"desert_rocks_small_09"}
{"ctxid":0,"pos":[-1141.84839,2047.26843,70.4369431],"rotationMatrix":[0.67471993,-0.738073766,0,0.738073766,0.67471993,0,0,0,0.999999881],"scale":0.561782479,"type":"desert_rocks_small_09"}
{"ctxid":0,"pos":[-1145.50183,2050.88574,70.1425705],"rotationMatrix":[-0.985754132,-0.168192029,0,0.168192029,-0.985754132,0,0,0,0.999999881],"scale":0.877864063,"type":"desert_rocks_small_09"}
{"ctxid":0,"pos":[-1139.17883,2048.84326,69.3922806],"rotationMatrix":[-0.536992192,0.843587041,0,-0.843587041,-0.536992192,0,0,0,0.999999881],"scale":1.281407,"type":"desert_rocks_small_09"}
{"ctxid":0,"pos":[-1142.35583,2049.95459,69.8754959],"rotationMatrix":[0.790271878,0.612756371,0,-0.612756371,0.790271878,0,0,0,0.999999881],"scale":1.3194716,"type":"desert_rocks_small_09"}
{"ctxid":0,"pos":[-1138.3457,2047.5387,69.5980072],"rotationMatrix":[-0.151574478,-0.988445818,0,0.988445818,-0.151574478,0,0,0,0.999999881],"scale":0.504840732,"type":"desert_rocks_small_09"}
{"ctxid":0,"pos":[-1137.65735,2050.93091,68.73423],"rotationMatrix":[0.568110585,0.822952211,0,-0.822952211,0.568110585,0,0,0,0.999999881],"scale":0.732913017,"type":"desert_rocks_small_09"}
{"ctxid":0,"pos":[-1143.65051,2052.72534,69.4489899],"rotationMatrix":[0.101480633,-0.994837463,0,0.994837463,0.101480633,0,0,0,0.999999881],"scale":0.978837609,"type":"desert_rocks_small_09"}
{"ctxid":0,"pos":[-1154.44519,2056.9126,69.9945068],"rotationMatrix":[-0.32173261,-0.946830511,0,0.946830511,-0.32173261,0,0,0,0.999999881],"scale":1.28083634,"type":"desert_rocks_small_09"}
{"ctxid":0,"pos":[-1148.11694,2053.46094,70.2078552],"rotationMatrix":[0.445257366,-0.895402551,0,0.895402551,0.445257366,0,0,0,0.999999881],"scale":1.00314975,"type":"desert_rocks_small_09"}
{"ctxid":0,"pos":[-1150.34106,2057.79663,69.2516327],"rotationMatrix":[-0.10303472,0.994677663,0,-0.994677663,-0.10303472,0,0,0,0.999999881],"scale":1.07479286,"type":"desert_rocks_small_09"}
{"ctxid":0,"pos":[-1152.38086,2055.9668,70.0608597],"rotationMatrix":[0.246537715,-0.969133139,0,0.969133139,0.246537715,0,0,0,0.999999881],"scale":0.386204123,"type":"desert_rocks_small_09"}
{"ctxid":0,"pos":[-1152.55603,2053.78784,70.7841034],"rotationMatrix":[-0.243197158,-0.969976842,0,0.969976842,-0.243197158,0,0,0,0.999999881],"scale":0.920134425,"type":"desert_rocks_small_09"}
{"ctxid":0,"pos":[-1153.96216,2055.1084,70.4944534],"rotationMatrix":[0.795667112,-0.605733991,0,0.605733991,0.795667112,0,0,0,0.999999881],"scale":0.792758465,"type":"desert_rocks_small_09"}
{"ctxid":0,"pos":[-1157.20398,2054.33252,71.2371597],"rotationMatrix":[0.574311674,0.818636715,0,-0.818636715,0.574311674,0,0,0,0.999999881],"scale":0.894544661,"type":"desert_rocks_small_09"}
{"ctxid":0,"pos":[-1152.7533,2058.37183,69.2852173],"rotationMatrix":[0.691915154,0.721978843,0,-0.721978843,0.691915154,0,0,0,0.999999881],"scale":0.798362017,"type":"desert_rocks_small_09"}
{"ctxid":0,"pos":[-1155.0011,2062.84277,68.5729065],"rotationMatrix":[-0.907283485,-0.420519441,0,0.420519441,-0.907283485,0,0,0,0.999999881],"scale":1.02439582,"type":"desert_rocks_small_09"}
{"ctxid":0,"pos":[-1160.25171,2060.46924,70.4667435],"rotationMatrix":[-0.707276404,-0.706936955,0,0.706936955,-0.707276404,0,0,0,0.999999881],"scale":0.526423097,"type":"desert_rocks_small_09"}
{"ctxid":0,"pos":[-1154.83887,2064.27246,68.3611679],"rotationMatrix":[-0.535178006,0.844739139,0,-0.844739139,-0.535178006,0,0,0,0.999999881],"scale":1.33103955,"type":"desert_rocks_small_09"}
{"ctxid":0,"pos":[-1162.71558,2060.58008,71.0512009],"rotationMatrix":[0.834701717,0.550702333,0,-0.550702333,0.834701717,0,0,0,0.999999881],"scale":0.405472517,"type":"desert_rocks_small_09"}
{"ctxid":0,"pos":[-1162.66687,2060.06641,71.1692276],"rotationMatrix":[-0.416564852,0.909105837,0,-0.909105837,-0.416564852,0,0,0,0.999999881],"scale":1.15576339,"type":"desert_rocks_small_09"}
{"ctxid":0,"pos":[-1163.47327,2064.09155,70.2151184],"rotationMatrix":[0.451789021,-0.892124653,0,0.892124653,0.451789021,0,0,0,0.999999881],"scale":0.547433794,"type":"desert_rocks_small_09"}
{"ctxid":0,"pos":[-1164.43701,2065.09766,70.0892487],"rotationMatrix":[-0.938253462,-0.345948428,0,0.345948428,-0.938253462,0,0,0,0.999999881],"scale":0.825572848,"type":"desert_rocks_small_09"}
{"ctxid":0,"pos":[-1160.92896,2066.96387,69.1126022],"rotationMatrix":[0.508939922,0.860802054,0,-0.860802054,0.508939922,0,0,0,0.999999881],"scale":0.802831948,"type":"desert_rocks_small_09"}
{"ctxid":0,"pos":[-1165.86609,2063.26978,70.7625122],"rotationMatrix":[0.354796439,0.934943616,0,-0.934943616,0.354796439,0,0,0,0.999999881],"scale":0.962394714,"type":"desert_rocks_small_09"}
{"ctxid":0,"pos":[-1162.61279,2067.36328,69.1998901],"rotationMatrix":[0.974384129,0.224889681,0,-0.224889681,0.974384129,0,0,0,0.999999881],"scale":1.02867782,"type":"desert_rocks_small_09"}
{"ctxid":0,"pos":[-1167.48657,2062.99805,71.1854706],"rotationMatrix":[0.898463309,-0.43904826,0,0.43904826,0.898463309,0,0,0,0.999999881],"scale":0.898943424,"type":"desert_rocks_small_09"}
{"ctxid":0,"pos":[-1163.92493,2064.74561,70.0952148],"rotationMatrix":[0.721966565,-0.69192785,0,0.69192785,0.721966565,0,0,0,0.999999881],"scale":0.496038646,"type":"desert_rocks_small_09"}
{"ctxid":0,"pos":[-1166.50818,2064.82178,70.5037994],"rotationMatrix":[-0.978292465,-0.207228482,0,0.207228482,-0.978292465,0,0,0,0.999999881],"scale":0.552388906,"type":"desert_rocks_small_09"}
{"ctxid":0,"pos":[-1169.59119,2062.72363,70.8588333],"rotationMatrix":[-0.996112704,0.0880865753,0,-0.0880865753,-0.996112704,0,0,0,0.999999881],"scale":1.12466443,"type":"desert_rocks_small_09"}
{"ctxid":0,"pos":[-1170.75684,2064.15283,70.2458572],"rotationMatrix":[0.790037751,0.61305815,0,-0.61305815,0.790037751,0,0,0,0.999999881],"scale":0.667862058,"type":"desert_rocks_small_09"}
{"ctxid":0,"pos":[-1170.64331,2063.61206,70.3233337],"rotationMatrix":[0.0389950611,-0.999239326,0,0.999239326,0.0389950611,0,0,0,0.999999881],"scale":0.86956656,"type":"desert_rocks_small_09"}
{"ctxid":0,"pos":[-1172.39014,2067.44653,69.2910767],"rotationMatrix":[-0.899607122,0.436699897,0,-0.436699897,-0.899607122,0,0,0,0.999999881],"scale":0.612470269,"type":"desert_rocks_small_09"}
{"ctxid":0,"pos":[-1174.28748,2066.19629,68.6861267],"rotationMatrix":[-0.99974215,-0.0227039922,0,0.0227039922,-0.99974215,0,0,0,0.999999881],"scale":1.284549,"type":"desert_rocks_small_09"}
{"ctxid":0,"pos":[-1172.09412,2066.91699,69.4723206],"rotationMatrix":[0.786975503,-0.61698401,0,0.61698401,0.786975503,0,0,0,0.999999881],"scale":0.658412993,"type":"desert_rocks_small_09"}
{"ctxid":0,"pos":[-1175.25586,2062.88232,68.8280106],"rotationMatrix":[-0.659122944,0.752035081,0,-0.752035081,-0.659122944,0,0,0,0.999999881],"scale":0.491066486,"type":"desert_rocks_small_09"}
{"ctxid":0,"pos":[-1170.9718,2065.24609,70.1090851],"rotationMatrix":[0.964270175,-0.264920443,0,0.264920443,0.964270175,0,0,0,0.999999881],"scale":0.900803089,"type":"desert_rocks_small_09"}
{"ctxid":0,"pos":[-1171.50256,2058.04419,70.5672455],"rotationMatrix":[0.420568764,-0.907260597,0,0.907260597,0.420568764,0,0,0,0.999999881],"scale":0.775129795,"type":"desert_rocks_small_09"}
{"ctxid":0,"pos":[-1175.68323,2064.521,68.3386154],"rotationMatrix":[-0.171798885,-0.985131979,0,0.985131979,-0.171798885,0,0,0,0.999999881],"scale":0.888825059,"type":"desert_rocks_small_09"}
{"ctxid":0,"pos":[-1177.37524,2058.80933,68.836586],"rotationMatrix":[0.702181816,-0.711997509,0,0.711997509,0.702181816,0,0,0,0.999999881],"scale":1.22379744,"type":"desert_rocks_small_09"}
{"ctxid":0,"pos":[-1174.63892,2055.39746,69.998085],"rotationMatrix":[0.975503743,-0.219982341,0,0.219982341,0.975503743,0,0,0,0.999999881],"scale":1.12185574,"type":"desert_rocks_small_09"}
{"ctxid":0,"pos":[-1180.84521,2056.6333,68.2532806],"rotationMatrix":[-0.825954854,-0.563736022,0,0.563736022,-0.825954854,0,0,0,0.999999881],"scale":1.0316329,"type":"desert_rocks_small_09"}
{"ctxid":0,"pos":[-1174.73035,2057.41138,69.8835449],"rotationMatrix":[0.133671135,-0.991025686,0,0.991025686,0.133671135,0,0,0,0.999999881],"scale":1.28280592,"type":"desert_rocks_small_09"}
{"ctxid":0,"pos":[-1178.85681,2056.03784,68.8628006],"rotationMatrix":[0.436629832,0.899641275,0,-0.899641275,0.436629832,0,0,0,0.999999881],"scale":0.855914712,"type":"desert_rocks_small_09"}
{"ctxid":0,"pos":[-1179.6532,2055.81323,68.6661453],"rotationMatrix":[0.273013562,0.962010145,0,-0.962010145,0.273013562,0,0,0,0.999999881],"scale":0.675316513,"type":"desert_rocks_small_09"}
{"ctxid":0,"pos":[-1178.13538,2052.45923,69.3405075],"rotationMatrix":[-0.711539149,0.702646196,0,-0.702646196,-0.711539149,0,0,0,0.999999881],"scale":0.450922608,"type":"desert_rocks_small_09"}
{"ctxid":0,"pos":[-1184.23059,2051.7041,69.2846985],"rotationMatrix":[0.286552221,0.958064616,0,-0.958064616,0.286552221,0,0,0,0.999999881],"scale":1.25993884,"type":"desert_rocks_small_09"}
{"ctxid":0,"pos":[-1187.21289,2053.50708,68.4789658],"rotationMatrix":[0.394014269,0.919104338,0,-0.919104338,0.394014269,0,0,0,0.999999881],"scale":0.928233981,"type":"desert_rocks_small_09"}
{"ctxid":0,"pos":[-1182.32471,2047.82886,70.4859238],"rotationMatrix":[-0.7489568,0.662618577,0,-0.662618577,-0.7489568,0,0,0,0.999999881],"scale":1.32046521,"type":"desert_rocks_small_09"}
{"ctxid":0,"pos":[-1184.26965,2052.80518,68.7962723],"rotationMatrix":[0.987009108,-0.160663649,0,0.160663649,0.987009108,0,0,0,0.999999881],"scale":0.933846354,"type":"desert_rocks_small_09"}
{"ctxid":0,"pos":[-1195.47778,2046.12512,68.0792007],"rotationMatrix":[-0.656615913,-0.754225075,0,0.754225075,-0.656615913,0,0,0,0.999999881],"scale":1.27456129,"type":"desert_rocks_small_09"}
{"ctxid":0,"pos":[-1191.94226,2038.65002,69.453392],"rotationMatrix":[-0.954504073,-0.298197925,0,0.298197925,-0.954504073,0,0,0,0.999999881],"scale":1.20961261,"type":"desert_rocks_small_09"}
{"ctxid":0,"pos":[-1193.61401,2037.70886,70.0175323],"rotationMatrix":[0.388443321,0.921472609,0,-0.921472609,0.388443321,0,0,0,0.999999881],"scale":0.700767279,"type":"desert_rocks_small_09"}
{"ctxid":0,"pos":[-1192.24646,2036.19189,70.1903381],"rotationMatrix":[0.769456565,-0.638698995,0,0.638698995,0.769456565,0,0,0,0.999999881],"scale":0.603740752,"type":"desert_rocks_small_09"}
{"ctxid":0,"pos":[-1185.87292,2033.60767,69.9735184],"rotationMatrix":[0.0357300788,0.999361396,0,-0.999361396,0.0357300788,0,0,0,0.999999881],"scale":0.833290398,"type":"desert_rocks_small_09"}
