{"ctxid":0,"pos":[-490.966675,2052.00342,72.9163208],"rotationMatrix":[0.999847651,-0.0174472537,0,0.0174472537,0.999847651,0,0,0,0.999999881],"scale":1,"type":"desert_rocks_tiny_04"}
{"ctxid":0,"pos":[-490.174927,2052.16382,72.9163208],"rotationMatrix":[0.94716388,-0.320749789,0,0.320749789,0.94716388,0,0,0,0.999999881],"scale":1,"type":"desert_rocks_tiny_04"}
{"ctxid":0,"pos":[-988.653442,2068.83569,71.5909195],"rotationMatrix":[0.773967564,-0.633225143,0,0.633225143,0.773967564,0,0,0,0.999999881],"scale":0.991860747,"type":"desert_rocks_tiny_04"}
{"ctxid":0,"pos":[-989.856079,2071.22559,69.6832275],"rotationMatrix":[0.277060032,-0.960852504,0,0.960852504,0.277060032,0,0,0,0.999999881],"scale":0.811444461,"type":"desert_rocks_tiny_04"}
{"ctxid":0,"pos":[-989.789734,2070.57397,70.1086578],"rotationMatrix":[0.101969227,-0.994787514,0,0.994787514,0.101969227,0,0,0,0.999999881],"scale":0.659279287,"type":"desert_rocks_tiny_04"}
{"ctxid":0,"pos":[-987.950195,2072.01733,69.8855591],"rotationMatrix":[-0.963532388,-0.267591715,0,0.267591715,-0.963532388,0,0,0,0.999999881],"scale":0.978637874,"type":"desert_rocks_tiny_04"}
{"ctxid":0,"pos":[-988.692322,2070.63818,70.4664459],"rotationMatrix":[-0.323708504,-0.94615674,0,0.94615674,-0.323708504,0,0,0,0.999999881],"scale":0.830729008,"type":"desert_rocks_tiny_04"}
{"ctxid":0,"pos":[-990.622925,2069.97021,70.1789169],"rotationMatrix":[0.82880193,0.55954212,0,-0.55954212,0.82880193,0,0,0,0.999999881],"scale":0.652721941,"type":"desert_rocks_tiny_04"}
{"ctxid":0,"pos":[-993.690735,2068.24927,69.8352814],"rotationMatrix":[0.739554703,-0.673096359,0,0.673096359,0.739554703,0,0,0,0.999999881],"scale":0.713286281,"type":"desert_rocks_tiny_04"}
{"ctxid":0,"pos":[-993.29187,2067.06982,71.2388],"rotationMatrix":[-0.259485662,0.96574682,0,-0.96574682,-0.259485662,0,0,0,0.999999881],"scale":0.645727098,"type":"desert_rocks_tiny_04"}
{"ctxid":0,"pos":[-993.342224,2068.74634,69.7053299],"rotationMatrix":[-0.89094466,0.454111606,0,-0.454111606,-0.89094466,0,0,0,0.999999881],"scale":0.754054964,"type":"desert_rocks_tiny_04"}
{"ctxid":0,"pos":[-993.910217,2066.49072,71.2004929],"rotationMatrix":[-0.973403871,-0.22909528,0,0.22909528,-0.973403871,0,0,0,0.999999881],"scale":0.957442284,"type":"desert_rocks_tiny_04"}
{"ctxid":0,"pos":[-994.902222,2066.51099,70.2961884],"rotationMatrix":[0.838419974,-0.545024693,0,0.545024693,0.838419974,0,0,0,0.999999881],"scale":0.831023693,"type":"desert_rocks_tiny_04"}
{"ctxid":0,"pos":[-995.748535,2064.7998,71.5506744],"rotationMatrix":[0.200841412,-0.979623675,0,0.979623675,0.200841412,0,0,0,0.999999881],"scale":0.650409639,"type":"desert_rocks_tiny_04"}
{"ctxid":0,"pos":[-996.600403,2064.20508,71.8535614],"rotationMatrix":[-0.993514121,0.113708153,0,-0.113708153,-0.993514121,0,0,0,0.999999881],"scale":0.839891732,"type":"desert_rocks_tiny_04"}
{"ctxid":0,"pos":[-996.171204,2065.31738,70.8862305],"rotationMatrix":[0.867337644,-0.497719944,0,0.497719944,0.867337644,0,0,0,0.999999881],"scale":0.948665023,"type":"desert_rocks_tiny_04"}
{"ctxid":0,"pos":[-996.565063,2065.28052,70.7878189],"rotationMatrix":[-0.962345302,-0.271829605,0,0.271829605,-0.962345302,0,0,0,0.999999881],"scale":0.807784259,"type":"desert_rocks_tiny_04"}
{"ctxid":0,"pos":[-996.025024,2066.25122,70.0005493],"rotationMatrix":[-0.0444931313,-0.99900955,0,0.99900955,-0.0444931313,0,0,0,0.999999881],"scale":0.628500342,"type":"desert_rocks_tiny_04"}
{"ctxid":0,"pos":[-995.791382,2065.20264,71.1321259],"rotationMatrix":[-0.579589069,-0.814908743,0,0.814908743,-0.579589069,0,0,0,0.999999881],"scale":0.651987553,"type":"desert_rocks_tiny_04"}
{"ctxid":0,"pos":[-997.261292,2063.87183,71.960556],"rotationMatrix":[-0.967407942,-0.253222793,0,0.253222793,-0.967407942,0,0,0,0.999999881],"scale":0.89998734,"type":"desert_rocks_tiny_04"}
{"ctxid":0,"pos":[-995.942566,2063.99463,72.2908936],"rotationMatrix":[-0.844242394,0.53596127,0,-0.53596127,-0.844242394,0,0,0,0.999999881],"scale":0.79832238,"type":"desert_rocks_tiny_04"}
{"ctxid":0,"pos":[-1000.29346,2065.74072,69.9125366],"rotationMatrix":[0.744526803,0.667592585,0,-0.667592585,0.744526803,0,0,0,0.999999881],"scale":0.775740623,"type":"desert_rocks_tiny_04"}
{"ctxid":0,"pos":[-1000.11401,2064.94897,70.6454849],"rotationMatrix":[0.946814418,0.321779966,0,-0.321779966,0.946814418,0,0,0,0.999999881],"scale":0.789681315,"type":"desert_rocks_tiny_04"}
{"ctxid":0,"pos":[-999.628967,2065.50732,70.1702499],"rotationMatrix":[-0.956561506,0.29153055,0,-0.29153055,-0.956561506,0,0,0,0.999999881],"scale":0.902016222,"type":"desert_rocks_tiny_04"}
{"ctxid":0,"pos":[-999.833435,2064.34595,71.2135315],"rotationMatrix":[-0.987284124,-0.158965126,0,0.158965126,-0.987284124,0,0,0,0.999999881],"scale":0.999312818,"type":"desert_rocks_tiny_04"}
{"ctxid":0,"pos":[-999.802307,2063.81128,71.7023544],"rotationMatrix":[-0.912896097,-0.40819183,0,0.40819183,-0.912896097,0,0,0,0.999999881],"scale":0.869591117,"type":"desert_rocks_tiny_04"}
{"ctxid":0,"pos":[-1000.47095,2065.94849,69.711319],"rotationMatrix":[0.929566205,-0.368654847,0,0.368654847,0.929566205,0,0,0,0.999999881],"scale":0.659417391,"type":"desert_rocks_tiny_04"}
{"ctxid":0,"pos":[-1001.76288,2064.69067,70.7683258],"rotationMatrix":[0.974613965,-0.223891601,0,0.223891601,0.974613965,0,0,0,0.999999881],"scale":0.845375538,"type":"desert_rocks_tiny_04"}
{"ctxid":0,"pos":[-1002.75189,2064.37085,70.9921112],"rotationMatrix":[0.763641894,0.645640016,0,-0.645640016,0.763641894,0,0,0,0.999999881],"scale":0.632275701,"type":"desert_rocks_tiny_04"}
{"ctxid":0,"pos":[-1003.49182,2065.20093,70.1860962],"rotationMatrix":[0.64084971,-0.76766628,0,0.76766628,0.64084971,0,0,0,0.999999881],"scale":0.733866096,"type":"desert_rocks_tiny_04"}
{"ctxid":0,"pos":[-1004.33502,2065.66553,69.7057495],"rotationMatrix":[0.37177211,0.928324044,0,-0.928324044,0.37177211,0,0,0,0.999999881],"scale":0.614620924,"type":"desert_rocks_tiny_04"}
{"ctxid":0,"pos":[-1004.59351,2065.2251,70.0890732],"rotationMatrix":[0.993865669,-0.110593662,0,0.110593662,0.993865669,0,0,0,0.999999881],"scale":0.760086536,"type":"desert_rocks_tiny_04"}
{"ctxid":0,"pos":[-1005.72235,2063.88745,71.0286942],"rotationMatrix":[-0.134513825,-0.990911663,0,0.990911663,-0.134513825,0,0,0,0.999999881],"scale":0.670405984,"type":"desert_rocks_tiny_04"}
{"ctxid":0,"pos":[-1006.18835,2064.38989,70.5876923],"rotationMatrix":[-0.894910574,0.446245462,0,-0.446245462,-0.894910574,0,0,0,0.999999881],"scale":0.668165386,"type":"desert_rocks_tiny_04"}
{"ctxid":0,"pos":[-1005.01147,2064.18579,70.9955444],"rotationMatrix":[-0.520172238,0.854061186,0,-0.854061186,-0.520172238,0,0,0,0.999999881],"scale":0.652801573,"type":"desert_rocks_tiny_04"}
{"ctxid":0,"pos":[-1009.52124,2065.74219,69.8625793],"rotationMatrix":[0.663810074,0.747901142,0,-0.747901142,0.663810074,0,0,0,0.999999881],"scale":0.999925077,"type":"desert_rocks_tiny_04"}
{"ctxid":0,"pos":[-1007.58838,2062.99854,71.1993256],"rotationMatrix":[-0.99266988,-0.12085662,0,0.12085662,-0.99266988,0,0,0,0.999999881],"scale":0.98604089,"type":"desert_rocks_tiny_04"}
{"ctxid":0,"pos":[-1009.42615,2063.3833,70.9963303],"rotationMatrix":[0.767938435,-0.640523553,0,0.640523553,0.767938435,0,0,0,0.999999881],"scale":0.855071068,"type":"desert_rocks_tiny_04"}
{"ctxid":0,"pos":[-1008.17151,2062.76709,71.2223206],"rotationMatrix":[0.797416627,0.603429139,0,-0.603429139,0.797416627,0,0,0,0.999999881],"scale":0.71370405,"type":"desert_rocks_tiny_04"}
{"ctxid":0,"pos":[-1008.10956,2063.60767,70.7407837],"rotationMatrix":[-0.358278126,0.93361479,0,-0.93361479,-0.358278126,0,0,0,0.999999881],"scale":0.68061167,"type":"desert_rocks_tiny_04"}
{"ctxid":0,"pos":[-1011.17407,2066.75732,69.8872375],"rotationMatrix":[-0.667717159,0.744414985,0,-0.744414985,-0.667717159,0,0,0,0.999999881],"scale":0.8943398,"type":"desert_rocks_tiny_04"}
{"ctxid":0,"pos":[-1012.22137,2064.56836,70.6585007],"rotationMatrix":[0.863211393,-0.50484246,0,0.50484246,0.863211393,0,0,0,0.999999881],"scale":0.722355127,"type":"desert_rocks_tiny_04"}
{"ctxid":0,"pos":[-1012.27899,2064.11377,70.9053802],"rotationMatrix":[-0.127289027,0.991865575,0,-0.991865575,-0.127289027,0,0,0,0.999999881],"scale":0.734386563,"type":"desert_rocks_tiny_04"}
{"ctxid":0,"pos":[-1010.75995,2066.16968,69.9420013],"rotationMatrix":[0.433932126,-0.900945485,0,0.900945485,0.433932126,0,0,0,0.999999881],"scale":0.702138245,"type":"desert_rocks_tiny_04"}
{"ctxid":0,"pos":[-1011.06903,2063.91064,70.8874207],"rotationMatrix":[-0.261581749,-0.965181172,0,0.965181172,-0.261581749,0,0,0,0.999999881],"scale":0.922729492,"type":"desert_rocks_tiny_04"}
{"ctxid":0,"pos":[-1014.76056,2066.72266,70.3498383],"rotationMatrix":[0.495960087,0.86834532,0,-0.86834532,0.495960087,0,0,0,0.999999881],"scale":0.811549723,"type":"desert_rocks_tiny_04"}
{"ctxid":0,"pos":[-1016.37146,2068.14551,70.1136475],"rotationMatrix":[-0.996727288,0.0808355808,0,-0.0808355808,-0.996727288,0,0,0,0.999999881],"scale":0.761419654,"type":"desert_rocks_tiny_04"}
{"ctxid":0,"pos":[-1014.24005,2066.78223,70.272728],"rotationMatrix":[0.996286333,-0.0861006305,0,0.0861006305,0.996286333,0,0,0,0.999999881],"scale":0.748641133,"type":"desert_rocks_tiny_04"}
{"ctxid":0,"pos":[-1018.56085,2067.17505,70.3733215],"rotationMatrix":[-0.558293402,0.829643369,0,-0.829643369,-0.558293402,0,0,0,0.999999881],"scale":0.914192021,"type":"desert_rocks_tiny_04"}
{"ctxid":0,"pos":[-1019.41821,2065.28345,70.6541748],"rotationMatrix":[-0.396386266,0.918083727,0,-0.918083727,-0.396386266,0,0,0,0.999999881],"scale":0.619185686,"type":"desert_rocks_tiny_04"}
{"ctxid":0,"pos":[-1020.71075,2065.34375,70.4490356],"rotationMatrix":[0.999942899,0.0106740976,0,-0.0106740976,0.999942899,0,0,0,0.999999881],"scale":0.793773651,"type":"desert_rocks_tiny_04"}
{"ctxid":0,"pos":[-1018.90381,2067.19995,70.3483429],"rotationMatrix":[-0.847132266,-0.531381965,0,0.531381965,-0.847132266,0,0,0,0.999999881],"scale":0.673888564,"type":"desert_rocks_tiny_04"}
{"ctxid":0,"pos":[-1022.23602,2064.16479,70.5568848],"rotationMatrix":[-0.755548358,0.655092776,0,-0.655092776,-0.755548358,0,0,0,0.999999881],"scale":0.790843308,"type":"desert_rocks_tiny_04"}
{"ctxid":0,"pos":[-1019.5293,2063.58447,71.154068],"rotationMatrix":[-0.392443985,-0.919775844,0,0.919775844,-0.392443985,0,0,0,0.999999881],"scale":0.772593439,"type":"desert_rocks_tiny_04"}
{"ctxid":0,"pos":[-1020.763,2065.06567,70.462326],"rotationMatrix":[-0.195475593,-0.980708539,0,0.980708539,-0.195475593,0,0,0,0.999999881],"scale":0.66035521,"type":"desert_rocks_tiny_04"}
{"ctxid":0,"pos":[-1022.16418,2063.34302,70.8566132],"rotationMatrix":[-0.737900913,0.674908817,0,-0.674908817,-0.737900913,0,0,0,0.999999881],"scale":0.661249876,"type":"desert_rocks_tiny_04"}
{"ctxid":0,"pos":[-1021.10834,2064.58521,70.5725555],"rotationMatrix":[0.871905148,0.489674717,0,-0.489674717,0.871905148,0,0,0,0.999999881],"scale":0.720844746,"type":"desert_rocks_tiny_04"}
{"ctxid":0,"pos":[-1022.3819,2064.44775,70.4360886],"rotationMatrix":[0.789863825,0.613282263,0,-0.613282263,0.789863825,0,0,0,0.999999881],"scale":0.690611362,"type":"desert_rocks_tiny_04"}
{"ctxid":0,"pos":[-1020.59607,2062.81006,71.2718658],"rotationMatrix":[-0.940175235,-0.34069106,0,0.34069106,-0.940175235,0,0,0,0.999999881],"scale":0.727959871,"type":"desert_rocks_tiny_04"}
{"ctxid":0,"pos":[-1023.72296,2062.66846,70.8678284],"rotationMatrix":[-0.932483494,-0.361212611,0,0.361212611,-0.932483494,0,0,0,0.999999881],"scale":0.973551869,"type":"desert_rocks_tiny_04"}
{"ctxid":0,"pos":[-1024.10095,2062.15161,70.9949341],"rotationMatrix":[-0.743823886,0.668375373,0,-0.668375373,-0.743823886,0,0,0,0.999999881],"scale":0.763448954,"type":"desert_rocks_tiny_04"}
{"ctxid":0,"pos":[-1027.97571,2063.13794,70.2835388],"rotationMatrix":[0.809307814,0.58738476,0,-0.58738476,0.809307814,0,0,0,0.999999881],"scale":0.854304016,"type":"desert_rocks_tiny_04"}
{"ctxid":0,"pos":[-1027.59253,2063.37939,70.1795807],"rotationMatrix":[-0.676455855,0.736482918,0,-0.736482918,-0.676455855,0,0,0,0.999999881],"scale":0.701069117,"type":"desert_rocks_tiny_04"}
{"ctxid":0,"pos":[-1027.81628,2062.66895,70.4579315],"rotationMatrix":[0.0855706036,-0.99633199,0,0.99633199,0.0855706036,0,0,0,0.999999881],"scale":0.946002841,"type":"desert_rocks_tiny_04"}
{"ctxid":0,"pos":[-1025.57849,2061.95435,70.8526764],"rotationMatrix":[-0.948686838,0.316216826,0,-0.316216826,-0.948686838,0,0,0,0.999999881],"scale":0.901727617,"type":"desert_rocks_tiny_04"}
{"ctxid":0,"pos":[-1026.23755,2064.13208,69.9875641],"rotationMatrix":[-0.209492162,0.977810204,0,-0.977810204,-0.209492162,0,0,0,0.999999881],"scale":0.777016044,"type":"desert_rocks_tiny_04"}
{"ctxid":0,"pos":[-1029.78076,2064.64429,70.1685944],"rotationMatrix":[0.984084666,0.177699998,0,-0.177699998,0.984084666,0,0,0,0.999999881],"scale":0.787375271,"type":"desert_rocks_tiny_04"}
{"ctxid":0,"pos":[-1030.38416,2065.81104,69.9064484],"rotationMatrix":[-0.554372668,-0.832268417,0,0.832268417,-0.554372668,0,0,0,0.999999881],"scale":0.754124641,"type":"desert_rocks_tiny_04"}
{"ctxid":0,"pos":[-1031.83459,2065.76709,70.221962],"rotationMatrix":[-0.719306648,0.694692433,0,-0.694692433,-0.719306648,0,0,0,0.999999881],"scale":0.976837456,"type":"desert_rocks_tiny_04"}
{"ctxid":0,"pos":[-1032.90259,2064.27466,70.9443359],"rotationMatrix":[-0.900704384,-0.434432536,0,0.434432536,-0.900704384,0,0,0,0.999999881],"scale":0.696690202,"type":"desert_rocks_tiny_04"}
{"ctxid":0,"pos":[-1031.26013,2063.26099,70.8540115],"rotationMatrix":[-0.235480234,0.971879065,0,-0.971879065,-0.235480234,0,0,0,0.999999881],"scale":0.777228594,"type":"desert_rocks_tiny_04"}
{"ctxid":0,"pos":[-1033.04858,2065.93896,70.4110413],"rotationMatrix":[-0.838455379,0.544970155,0,-0.544970155,-0.838455379,0,0,0,0.999999881],"scale":0.86378628,"type":"desert_rocks_tiny_04"}
{"ctxid":0,"pos":[-1031.1781,2065.92944,70.0279541],"rotationMatrix":[-0.987834394,-0.155508906,0,0.155508906,-0.987834394,0,0,0,0.999999881],"scale":0.673999012,"type":"desert_rocks_tiny_04"}
{"ctxid":0,"pos":[-1030.93518,2065.86108,70.002327],"rotationMatrix":[0.804005444,-0.594621778,0,0.594621778,0.804005444,0,0,0,0.999999881],"scale":0.677421391,"type":"desert_rocks_tiny_04"}
{"ctxid":0,"pos":[-1029.88574,2066.38867,69.5958405],"rotationMatrix":[-0.945736229,-0.324934989,0,0.324934989,-0.945736229,0,0,0,0.999999881],"scale":0.798978329,"type":"desert_rocks_tiny_04"}
{"ctxid":0,"pos":[-1031.84509,2063.88525,70.8169327],"rotationMatrix":[-0.219227284,0.975673735,0,-0.975673735,-0.219227284,0,0,0,0.999999881],"scale":0.99319005,"type":"desert_rocks_tiny_04"}
{"ctxid":0,"pos":[-1032.38745,2064.46484,70.7823486],"rotationMatrix":[0.511164129,0.859483123,0,-0.859483123,0.511164129,0,0,0,0.999999881],"scale":0.759943366,"type":"desert_rocks_tiny_04"}
{"ctxid":0,"pos":[-1033.4248,2064.12793,71.0964355],"rotationMatrix":[-0.939879954,-0.341504842,0,0.341504842,-0.939879954,0,0,0,0.999999881],"scale":0.618955076,"type":"desert_rocks_tiny_04"}
{"ctxid":0,"pos":[-1032.87195,2067.76831,69.7170105],"rotationMatrix":[0.479845762,-0.877352715,0,0.877352715,0.479845762,0,0,0,0.999999881],"scale":0.889215827,"type":"desert_rocks_tiny_04"}
{"ctxid":0,"pos":[-1033.25916,2067.46802,69.904953],"rotationMatrix":[0.700947344,-0.713212907,0,0.713212907,0.700947344,0,0,0,0.999999881],"scale":0.693315864,"type":"desert_rocks_tiny_04"}
{"ctxid":0,"pos":[-1036.96973,2067.25586,70.1698914],"rotationMatrix":[0.665577471,0.746328771,0,-0.746328771,0.665577471,0,0,0,0.999999881],"scale":0.832367778,"type":"desert_rocks_tiny_04"}
{"ctxid":0,"pos":[-1037.19397,2066.92505,70.3073044],"rotationMatrix":[-0.492262304,-0.870446861,0,0.870446861,-0.492262304,0,0,0,0.999999881],"scale":0.698473036,"type":"desert_rocks_tiny_04"}
{"ctxid":0,"pos":[-1035.05151,2067.44434,70.2142639],"rotationMatrix":[0.938774049,0.344533294,0,-0.344533294,0.938774049,0,0,0,0.999999881],"scale":0.981111348,"type":"desert_rocks_tiny_04"}
{"ctxid":0,"pos":[-1038.19299,2067.18433,70.1191177],"rotationMatrix":[0.427459359,0.904034555,0,-0.904034555,0.427459359,0,0,0,0.999999881],"scale":0.716216445,"type":"desert_rocks_tiny_04"}
{"ctxid":0,"pos":[-1039.28186,2064.52612,70.765564],"rotationMatrix":[0.0197776128,0.999804318,0,-0.999804318,0.0197776128,0,0,0,0.999999881],"scale":0.991031408,"type":"desert_rocks_tiny_04"}
{"ctxid":0,"pos":[-1039.26184,2064.94531,70.6474762],"rotationMatrix":[-0.351035267,-0.936362207,0,0.936362207,-0.351035267,0,0,0,0.999999881],"scale":0.727859855,"type":"desert_rocks_tiny_04"}
{"ctxid":0,"pos":[-1038.77966,2063.81909,70.9833527],"rotationMatrix":[0.619818568,0.784745097,0,-0.784745097,0.619818568,0,0,0,0.999999881],"scale":0.825184464,"type":"desert_rocks_tiny_04"}
{"ctxid":0,"pos":[-1040.50122,2065.98755,70.2794952],"rotationMatrix":[0.972103775,-0.234550864,0,0.234550864,0.972103775,0,0,0,0.999999881],"scale":0.625324249,"type":"desert_rocks_tiny_04"}
{"ctxid":0,"pos":[-1041.36755,2066.06372,70.1951904],"rotationMatrix":[0.906055629,0.423158556,0,-0.423158556,0.906055629,0,0,0,0.999999881],"scale":0.614635408,"type":"desert_rocks_tiny_04"}
{"ctxid":0,"pos":[-1043.3783,2064.72217,70.4381409],"rotationMatrix":[0.33108145,-0.943602085,0,0.943602085,0.33108145,0,0,0,0.999999881],"scale":0.665013015,"type":"desert_rocks_tiny_04"}
{"ctxid":0,"pos":[-1041.776,2066.21729,70.139946],"rotationMatrix":[0.895168424,-0.445727706,0,0.445727706,0.895168424,0,0,0,0.999999881],"scale":0.668356955,"type":"desert_rocks_tiny_04"}
{"ctxid":0,"pos":[-1041.34912,2064.66406,70.5998383],"rotationMatrix":[0.862044156,-0.506832838,0,0.506832838,0.862044156,0,0,0,0.999999881],"scale":0.96030724,"type":"desert_rocks_tiny_04"}
{"ctxid":0,"pos":[-1042.98071,2062.4729,71.1122589],"rotationMatrix":[-0.236657634,0.971592963,0,-0.971592963,-0.236657634,0,0,0,0.999999881],"scale":0.797360241,"type":"desert_rocks_tiny_04"}
{"ctxid":0,"pos":[-1041.45178,2063.26733,71.0003815],"rotationMatrix":[-0.974569857,0.224083513,0,-0.224083513,-0.974569857,0,0,0,0.999999881],"scale":0.951052725,"type":"desert_rocks_tiny_04"}
{"ctxid":0,"pos":[-1045.01453,2064.3728,70.4536133],"rotationMatrix":[0.848123014,-0.529799163,0,0.529799163,0.848123014,0,0,0,0.999999881],"scale":0.840369999,"type":"desert_rocks_tiny_04"}
{"ctxid":0,"pos":[-1046.8385,2063.85181,70.5031509],"rotationMatrix":[-0.559131026,-0.82907933,0,0.82907933,-0.559131026,0,0,0,0.999999881],"scale":0.751504898,"type":"desert_rocks_tiny_04"}
{"ctxid":0,"pos":[-1046.72192,2061.38477,71.1356354],"rotationMatrix":[0.897371233,0.441276401,0,-0.441276401,0.897371233,0,0,0,0.999999881],"scale":0.692753434,"type":"desert_rocks_tiny_04"}
{"ctxid":0,"pos":[-1046.48547,2064.46021,70.3689575],"rotationMatrix":[-0.559984624,-0.828502834,0,0.828502834,-0.559984624,0,0,0,0.999999881],"scale":0.902333021,"type":"desert_rocks_tiny_04"}
{"ctxid":0,"pos":[-1047.90649,2062.0603,70.8970566],"rotationMatrix":[-0.643655539,0.765315115,0,-0.765315115,-0.643655539,0,0,0,0.999999881],"scale":0.655941129,"type":"desert_rocks_tiny_04"}
{"ctxid":0,"pos":[-1045.79138,2062.29834,70.9417267],"rotationMatrix":[-0.741866052,-0.670548081,0,0.670548081,-0.741866052,0,0,0,0.999999881],"scale":0.825778723,"type":"desert_rocks_tiny_04"}
{"ctxid":0,"pos":[-1049.15015,2062.28735,70.8534775],"rotationMatrix":[0.771324754,0.636441767,0,-0.636441767,0.771324754,0,0,0,0.999999881],"scale":0.994565129,"type":"desert_rocks_tiny_04"}
{"ctxid":0,"pos":[-1050.67419,2062.58472,70.6216583],"rotationMatrix":[0.395971537,0.91826278,0,-0.91826278,0.395971537,0,0,0,0.999999881],"scale":0.941971302,"type":"desert_rocks_tiny_04"}
{"ctxid":0,"pos":[-1048.58691,2064.06519,70.4387817],"rotationMatrix":[-0.598815978,-0.800886631,0,0.800886631,-0.598815978,0,0,0,0.999999881],"scale":0.822089255,"type":"desert_rocks_tiny_04"}
{"ctxid":0,"pos":[-1050.86621,2061.02368,70.9373322],"rotationMatrix":[-0.292621166,-0.956228375,0,0.956228375,-0.292621166,0,0,0,0.999999881],"scale":0.917316377,"type":"desert_rocks_tiny_04"}
{"ctxid":0,"pos":[-1052.12781,2060.72339,70.9078369],"rotationMatrix":[0.911912382,0.410384953,0,-0.410384953,0.911912382,0,0,0,0.999999881],"scale":0.828858018,"type":"desert_rocks_tiny_04"}
{"ctxid":0,"pos":[-1051.79858,2062.71631,70.450058],"rotationMatrix":[0.816179872,-0.57779783,0,0.57779783,0.816179872,0,0,0,0.999999881],"scale":0.634393156,"type":"desert_rocks_tiny_04"}
{"ctxid":0,"pos":[-1055.65857,2060.49634,70.676178],"rotationMatrix":[0.337205172,0.941431165,0,-0.941431165,0.337205172,0,0,0,0.999999881],"scale":0.880830407,"type":"desert_rocks_tiny_04"}
{"ctxid":0,"pos":[-1058.48425,2060.00195,70.5988922],"rotationMatrix":[-0.0620408356,-0.998073518,0,0.998073518,-0.0620408356,0,0,0,0.999999881],"scale":0.61830461,"type":"desert_rocks_tiny_04"}
{"ctxid":0,"pos":[-1056.58154,2059.4165,70.8658371],"rotationMatrix":[0.727885604,0.685698569,0,-0.685698569,0.727885604,0,0,0,0.999999881],"scale":0.766505897,"type":"desert_rocks_tiny_04"}
{"ctxid":0,"pos":[-1057.37329,2059.7915,70.7219696],"rotationMatrix":[0.97636044,0.216148645,0,-0.216148645,0.97636044,0,0,0,0.999999881],"scale":0.814810991,"type":"desert_rocks_tiny_04"}
{"ctxid":0,"pos":[-1059.19592,2059.79004,70.6065826],"rotationMatrix":[0.947629988,0.3193703,0,-0.3193703,0.947629988,0,0,0,0.999999881],"scale":0.843742609,"type":"desert_rocks_tiny_04"}
{"ctxid":0,"pos":[-1060.31836,2060.16455,70.4927521],"rotationMatrix":[0.952725708,0.303831577,0,-0.303831577,0.952725708,0,0,0,0.999999881],"scale":0.954333365,"type":"desert_rocks_tiny_04"}
{"ctxid":0,"pos":[-1062.78406,2061.11084,70.2785187],"rotationMatrix":[0.771277964,0.636498392,0,-0.636498392,0.771277964,0,0,0,0.999999881],"scale":0.637704194,"type":"desert_rocks_tiny_04"}
{"ctxid":0,"pos":[-1062.29028,2057.53149,71.0417633],"rotationMatrix":[-0.918527663,0.395356387,0,-0.395356387,-0.918527663,0,0,0,0.999999881],"scale":0.700321734,"type":"desert_rocks_tiny_04"}
{"ctxid":0,"pos":[-1062.19019,2058.46582,70.8733597],"rotationMatrix":[-0.560240626,0.828329682,0,-0.828329682,-0.560240626,0,0,0,0.999999881],"scale":0.782946467,"type":"desert_rocks_tiny_04"}
{"ctxid":0,"pos":[-1062.02881,2058.88013,70.8100739],"rotationMatrix":[0.602578878,-0.798059285,0,0.798059285,0.602578878,0,0,0,0.999999881],"scale":0.901053309,"type":"desert_rocks_tiny_04"}
{"ctxid":0,"pos":[-1068.65808,2057.2915,70.466713],"rotationMatrix":[0.990537822,0.137239158,0,-0.137239158,0.990537822,0,0,0,0.999999881],"scale":0.788193345,"type":"desert_rocks_tiny_04"}
{"ctxid":0,"pos":[-1070.76978,2056.33667,70.4429169],"rotationMatrix":[0.756911099,0.653517842,0,-0.653517842,0.756911099,0,0,0,0.999999881],"scale":0.941048086,"type":"desert_rocks_tiny_04"}
{"ctxid":0,"pos":[-1070.13586,2056.07056,70.5554657],"rotationMatrix":[-0.448322594,0.893871725,0,-0.893871725,-0.448322594,0,0,0,0.999999881],"scale":0.876599431,"type":"desert_rocks_tiny_04"}
{"ctxid":0,"pos":[-1070.14526,2057.62915,70.2573395],"rotationMatrix":[-0.883665085,0.468119651,0,-0.468119651,-0.883665085,0,0,0,0.999999881],"scale":0.700760603,"type":"desert_rocks_tiny_04"}
{"ctxid":0,"pos":[-1069.87585,2055.20581,70.7457123],"rotationMatrix":[-0.831827104,0.555034697,0,-0.555034697,-0.831827104,0,0,0,0.999999881],"scale":0.706276655,"type":"desert_rocks_tiny_04"}
{"ctxid":0,"pos":[-1070.18298,2053.63843,71.0146637],"rotationMatrix":[-0.509432077,0.860510707,0,-0.860510707,-0.509432077,0,0,0,0.999999881],"scale":0.703045785,"type":"desert_rocks_tiny_04"}
{"ctxid":0,"pos":[-1071.83411,2055.05762,70.5830612],"rotationMatrix":[-0.978913128,-0.204276547,0,0.204276547,-0.978913128,0,0,0,0.999999881],"scale":0.683863282,"type":"desert_rocks_tiny_04"}
{"ctxid":0,"pos":[-1072.47034,2055.30493,70.473877],"rotationMatrix":[0.618180871,0.786035895,0,-0.786035895,0.618180871,0,0,0,0.999999881],"scale":0.805151761,"type":"desert_rocks_tiny_04"}
{"ctxid":0,"pos":[-1071.09229,2056.14673,70.4476929],"rotationMatrix":[-0.61649853,0.78735584,0,-0.78735584,-0.61649853,0,0,0,0.999999881],"scale":0.766432643,"type":"desert_rocks_tiny_04"}
{"ctxid":0,"pos":[-1072.09192,2052.84692,70.9882507],"rotationMatrix":[0.667064071,0.745000362,0,-0.745000362,0.667064071,0,0,0,0.999999881],"scale":0.958928406,"type":"desert_rocks_tiny_04"}
{"ctxid":0,"pos":[-1073.88452,2052.66479,70.8131943],"rotationMatrix":[-0.94797653,0.318339914,0,-0.318339914,-0.94797653,0,0,0,0.999999881],"scale":0.836690724,"type":"desert_rocks_tiny_04"}
{"ctxid":0,"pos":[-1073.00623,2053.11768,70.8387146],"rotationMatrix":[-0.808710575,0.58820641,0,-0.58820641,-0.808710575,0,0,0,0.999999881],"scale":0.958753288,"type":"desert_rocks_tiny_04"}
{"ctxid":0,"pos":[-1073.14026,2053.63159,70.7571259],"rotationMatrix":[-0.675813973,0.73707211,0,-0.73707211,-0.675813973,0,0,0,0.999999881],"scale":0.965872705,"type":"desert_rocks_tiny_04"}
{"ctxid":0,"pos":[-1073.25232,2053.3147,70.7963333],"rotationMatrix":[0.532427192,-0.84647572,0,0.84647572,0.532427192,0,0,0,0.999999881],"scale":0.617422342,"type":"desert_rocks_tiny_04"}
{"ctxid":0,"pos":[-1038.3584,2063.3938,71.1184998],"rotationMatrix":[-0.982150912,0.188094065,0,-0.188094065,-0.982150912,0,0,0,0.999999881],"scale":0.86190033,"type":"desert_rocks_tiny_04"}
{"ctxid":0,"pos":[-1038.09436,2063.67017,71.0493698],"rotationMatrix":[0.914206147,-0.405249208,0,0.405249208,0.914206147,0,0,0,0.999999881],"scale":0.847219765,"type":"desert_rocks_tiny_04"}
{"ctxid":0,"pos":[-1041.37195,2062.83081,71.1343842],"rotationMatrix":[0.272774547,0.962077916,0,-0.962077916,0.272774547,0,0,0,0.999999881],"scale":0.665768683,"type":"desert_rocks_tiny_04"}
{"ctxid":0,"pos":[-1040.28186,2063.07373,71.142334],"rotationMatrix":[-0.754821002,-0.655930638,0,0.655930638,-0.754821002,0,0,0,0.999999881],"scale":0.834795117,"type":"desert_rocks_tiny_04"}
{"ctxid":0,"pos":[-1044.20398,2065.6665,70.170845],"rotationMatrix":[-0.992380738,-0.123208553,0,0.123208553,-0.992380738,0,0,0,0.999999881],"scale":0.809408188,"type":"desert_rocks_tiny_04"}
{"ctxid":0,"pos":[-1045.37048,2061.51147,71.2051163],"rotationMatrix":[0.122305647,0.992492378,0,-0.992492378,0.122305647,0,0,0,0.999999881],"scale":0.797192574,"type":"desert_rocks_tiny_04"}
{"ctxid":0,"pos":[-1051.14148,2061.04858,70.908905],"rotationMatrix":[0.435209751,-0.900329053,0,0.900329053,0.435209751,0,0,0,0.999999881],"scale":0.36244905,"type":"desert_rocks_tiny_04"}
{"ctxid":0,"pos":[-1050.36633,2059.97583,71.2327042],"rotationMatrix":[0.773457348,-0.63384819,0,0.63384819,0.773457348,0,0,0,0.999999881],"scale":0.306778252,"type":"desert_rocks_tiny_04"}
{"ctxid":0,"pos":[-1018.63611,2063.19434,71.4210663],"rotationMatrix":[-0.989345491,-0.145586401,0,0.145586401,-0.989345491,0,0,0,0.999999881],"scale":0.218338385,"type":"desert_rocks_tiny_04"}
{"ctxid":0,"pos":[-1020.60309,2061.48657,71.7367783],"rotationMatrix":[-0.602908492,0.797810137,0,-0.797810137,-0.602908492,0,0,0,0.999999881],"scale":0.327746511,"type":"desert_rocks_tiny_04"}
{"ctxid":0,"pos":[-1022.01813,2063.00781,70.9958267],"rotationMatrix":[0.956579268,-0.291471958,0,0.291471958,0.956579268,0,0,0,0.999999881],"scale":0.323008776,"type":"desert_rocks_tiny_04"}
{"ctxid":0,"pos":[-1020.19733,2062.33862,71.4957123],"rotationMatrix":[0.183644056,-0.982992709,0,0.982992709,0.183644056,0,0,0,0.999999881],"scale":0.293747753,"type":"desert_rocks_tiny_04"}
{"ctxid":0,"pos":[-1021.40546,2061.72485,71.5364227],"rotationMatrix":[-0.388717413,-0.921356976,0,0.921356976,-0.388717413,0,0,0,0.999999881],"scale":0.240931064,"type":"desert_rocks_tiny_04"}
{"ctxid":0,"pos":[-1026.25098,2060.69458,71.2080765],"rotationMatrix":[-0.158751532,0.987318456,0,-0.987318456,-0.158751532,0,0,0,0.999999881],"scale":0.346126795,"type":"desert_rocks_tiny_04"}
{"ctxid":0,"pos":[-1024.04785,2059.96753,71.7735367],"rotationMatrix":[0.999895632,0.0144389048,0,-0.0144389048,0.999895632,0,0,0,0.999999881],"scale":0.423326552,"type":"desert_rocks_tiny_04"}
{"ctxid":0,"pos":[-1025.0531,2060.01782,71.6147995],"rotationMatrix":[0.587379634,0.809311509,0,-0.809311509,0.587379634,0,0,0,0.999999881],"scale":0.364073813,"type":"desert_rocks_tiny_04"}
{"ctxid":0,"pos":[-1023.7915,2060.63257,71.5752487],"rotationMatrix":[0.863078117,0.505070388,0,-0.505070388,0.863078117,0,0,0,0.999999881],"scale":0.315171838,"type":"desert_rocks_tiny_04"}
{"ctxid":0,"pos":[-1025.94836,2060.13257,71.4500122],"rotationMatrix":[-0.318695635,-0.947857082,0,0.947857082,-0.318695635,0,0,0,0.999999881],"scale":0.308532715,"type":"desert_rocks_tiny_04"}
{"ctxid":0,"pos":[-1028.66602,2059.71289,71.6136169],"rotationMatrix":[0.530020177,-0.84798491,0,0.84798491,0.530020177,0,0,0,0.999999881],"scale":0.389036357,"type":"desert_rocks_tiny_04"}
{"ctxid":0,"pos":[-1027.26526,2060.86938,71.1289444],"rotationMatrix":[-0.837621748,0.546250343,0,-0.546250343,-0.837621748,0,0,0,0.999999881],"scale":0.407298148,"type":"desert_rocks_tiny_04"}
{"ctxid":0,"pos":[-1029.10742,2060.53418,71.3131561],"rotationMatrix":[0.981790006,-0.189968899,0,0.189968899,0.981790006,0,0,0,0.999999881],"scale":0.341597617,"type":"desert_rocks_tiny_04"}
{"ctxid":0,"pos":[-1027.93152,2060.44409,71.3117828],"rotationMatrix":[-0.676711142,0.736248553,0,-0.736248553,-0.676711142,0,0,0,0.999999881],"scale":0.347704709,"type":"desert_rocks_tiny_04"}
{"ctxid":0,"pos":[-1029.72424,2060.88232,71.1988831],"rotationMatrix":[0.823598564,-0.567173004,0,0.567173004,0.823598564,0,0,0,0.999999881],"scale":0.213052854,"type":"desert_rocks_tiny_04"}
{"ctxid":0,"pos":[-1028.88147,2060.01562,71.5044708],"rotationMatrix":[-0.288853317,-0.957373261,0,0.957373261,-0.288853317,0,0,0,0.999999881],"scale":0.426104158,"type":"desert_rocks_tiny_04"}
{"ctxid":0,"pos":[-1033.83691,2062.65161,71.5743561],"rotationMatrix":[-0.941363156,0.337394744,0,-0.337394744,-0.941363156,0,0,0,0.999999881],"scale":0.239049241,"type":"desert_rocks_tiny_04"}
{"ctxid":0,"pos":[-1035.11316,2062.2478,71.957962],"rotationMatrix":[0.0135226008,-0.999908447,0,0.999908447,0.0135226008,0,0,0,0.999999881],"scale":0.286447376,"type":"desert_rocks_tiny_04"}
{"ctxid":0,"pos":[-1034.53882,2061.41724,72.0516205],"rotationMatrix":[0.969752014,-0.244091973,0,0.244091973,0.969752014,0,0,0,0.999999881],"scale":0.248272717,"type":"desert_rocks_tiny_04"}
{"ctxid":0,"pos":[-1034.07214,2062.81519,71.5824509],"rotationMatrix":[0.817536294,-0.575876892,0,0.575876892,0.817536294,0,0,0,0.999999881],"scale":0.313107461,"type":"desert_rocks_tiny_04"}
{"ctxid":0,"pos":[-1033.99988,2062.22217,71.7227402],"rotationMatrix":[0.000639136531,0.999999702,0,-0.999999702,0.000639136531,0,0,0,0.999999881],"scale":0.272233039,"type":"desert_rocks_tiny_04"}
{"ctxid":0,"pos":[-1034.04504,2061.58081,71.901268],"rotationMatrix":[0.844909668,0.53490895,0,-0.53490895,0.844909668,0,0,0,0.999999881],"scale":0.264984548,"type":"desert_rocks_tiny_04"}
{"ctxid":0,"pos":[-1038.15356,2063.05151,71.2226105],"rotationMatrix":[0.291878611,-0.95645529,0,0.95645529,0.291878611,0,0,0,0.999999881],"scale":0.302903414,"type":"desert_rocks_tiny_04"}
{"ctxid":0,"pos":[-1038.36316,2062.49268,71.3736725],"rotationMatrix":[0.993479669,0.114008248,0,-0.114008248,0.993479669,0,0,0,0.999999881],"scale":0.394868702,"type":"desert_rocks_tiny_04"}
{"ctxid":0,"pos":[-1038.51331,2062.29053,71.4257355],"rotationMatrix":[0.713683367,-0.700468242,0,0.700468242,0.713683367,0,0,0,0.999999881],"scale":0.433930367,"type":"desert_rocks_tiny_04"}
{"ctxid":0,"pos":[-1040.26453,2062.42139,71.3277817],"rotationMatrix":[0.61585623,0.787858546,0,-0.787858546,0.61585623,0,0,0,0.999999881],"scale":0.305841178,"type":"desert_rocks_tiny_04"}
{"ctxid":0,"pos":[-1038.3717,2062.63501,71.3330383],"rotationMatrix":[-0.998414814,0.0562814586,0,-0.0562814586,-0.998414814,0,0,0,0.999999881],"scale":0.351356745,"type":"desert_rocks_tiny_04"}
{"ctxid":0,"pos":[-1039.66174,2062.4397,71.343544],"rotationMatrix":[0.427321821,-0.904099405,0,0.904099405,0.427321821,0,0,0,0.999999881],"scale":0.347215831,"type":"desert_rocks_tiny_04"}
{"ctxid":0,"pos":[-1041.80042,2062.60083,71.1678848],"rotationMatrix":[-0.6380741,-0.769974947,0,0.769974947,-0.6380741,0,0,0,0.999999881],"scale":0.419187427,"type":"desert_rocks_tiny_04"}
{"ctxid":0,"pos":[-1044.38538,2061.35596,71.3282776],"rotationMatrix":[0.187880337,-0.982191861,0,0.982191861,0.187880337,0,0,0,0.999999881],"scale":0.262505203,"type":"desert_rocks_tiny_04"}
{"ctxid":0,"pos":[-1042.95715,2061.53687,71.3879623],"rotationMatrix":[-0.0892345533,-0.996010542,0,0.996010542,-0.0892345533,0,0,0,0.999999881],"scale":0.280716389,"type":"desert_rocks_tiny_04"}
{"ctxid":0,"pos":[-1043.78503,2061.81567,71.2411194],"rotationMatrix":[0.928754151,-0.370695978,0,0.370695978,0.928754151,0,0,0,0.999999881],"scale":0.257928759,"type":"desert_rocks_tiny_04"}
{"ctxid":0,"pos":[-1044.21558,2060.78955,71.5073776],"rotationMatrix":[0.999924242,0.0123028662,0,-0.0123028662,0.999924242,0,0,0,0.999999881],"scale":0.32625103,"type":"desert_rocks_tiny_04"}
{"ctxid":0,"pos":[-1044.7041,2061.33374,71.3096542],"rotationMatrix":[0.456729889,0.889605463,0,-0.889605463,0.456729889,0,0,0,0.999999881],"scale":0.260261118,"type":"desert_rocks_tiny_04"}
{"ctxid":0,"pos":[-1044.80066,2060.50464,71.5446014],"rotationMatrix":[0.999742329,0.0226953235,0,-0.0226953235,0.999742329,0,0,0,0.999999881],"scale":0.431245357,"type":"desert_rocks_tiny_04"}
{"ctxid":0,"pos":[-1050.88269,2059.2356,71.3707199],"rotationMatrix":[0.892279088,-0.451483995,0,0.451483995,0.892279088,0,0,0,0.999999881],"scale":0.350557923,"type":"desert_rocks_tiny_04"}
{"ctxid":0,"pos":[-1049.51416,2060.03735,71.2869873],"rotationMatrix":[-0.593068838,0.805151522,0,-0.805151522,-0.593068838,0,0,0,0.999999881],"scale":0.309473395,"type":"desert_rocks_tiny_04"}
{"ctxid":0,"pos":[-1049.71729,2059.52148,71.3959045],"rotationMatrix":[0.92441684,-0.381383419,0,0.381383419,0.92441684,0,0,0,0.999999881],"scale":0.327219397,"type":"desert_rocks_tiny_04"}
{"ctxid":0,"pos":[-1049.01343,2059.71045,71.4071426],"rotationMatrix":[0.634740174,-0.772725523,0,0.772725523,0.634740174,0,0,0,0.999999881],"scale":0.34678942,"type":"desert_rocks_tiny_04"}
{"ctxid":0,"pos":[-1052.91541,2058.71045,71.333252],"rotationMatrix":[0.996422708,0.084508419,0,-0.084508419,0.996422708,0,0,0,0.999999881],"scale":0.251557708,"type":"desert_rocks_tiny_04"}
{"ctxid":0,"pos":[-1053.31616,2058.51636,71.3478775],"rotationMatrix":[0.807324111,-0.590108216,0,0.590108216,0.807324111,0,0,0,0.999999881],"scale":0.239781603,"type":"desert_rocks_tiny_04"}
{"ctxid":0,"pos":[-1052.82776,2059.03784,71.2607727],"rotationMatrix":[-0.99043119,0.138006672,0,-0.138006672,-0.99043119,0,0,0,0.999999881],"scale":0.415996522,"type":"desert_rocks_tiny_04"}
{"ctxid":0,"pos":[-1051.72351,2058.99634,71.3605804],"rotationMatrix":[0.892983973,-0.450088173,0,0.450088173,0.892983973,0,0,0,0.999999881],"scale":0.37458095,"type":"desert_rocks_tiny_04"}
{"ctxid":0,"pos":[-1051.29956,2059.65625,71.234581],"rotationMatrix":[0.653750002,-0.75671047,0,0.75671047,0.653750002,0,0,0,0.999999881],"scale":0.300362706,"type":"desert_rocks_tiny_04"}
{"ctxid":0,"pos":[-1054.13574,2059.22241,71.1096191],"rotationMatrix":[-0.745531976,-0.666469872,0,0.666469872,-0.745531976,0,0,0,0.999999881],"scale":0.215583473,"type":"desert_rocks_tiny_04"}
{"ctxid":0,"pos":[-1054.87573,2058.13379,71.3141785],"rotationMatrix":[-0.999507189,-0.0313887596,0,0.0313887596,-0.999507189,0,0,0,0.999999881],"scale":0.445723444,"type":"desert_rocks_tiny_04"}
{"ctxid":0,"pos":[-1055.25818,2058.19946,71.2671356],"rotationMatrix":[-0.674308002,0.738449991,0,-0.738449991,-0.674308002,0,0,0,0.999999881],"scale":0.279390544,"type":"desert_rocks_tiny_04"}
{"ctxid":0,"pos":[-1054.52649,2059.20898,71.0811462],"rotationMatrix":[-0.0686720535,-0.997639179,0,0.997639179,-0.0686720535,0,0,0,0.999999881],"scale":0.434611231,"type":"desert_rocks_tiny_04"}
{"ctxid":0,"pos":[-1057.71545,2057.72192,71.2167206],"rotationMatrix":[-0.553378165,0.832929909,0,-0.832929909,-0.553378165,0,0,0,0.999999881],"scale":0.210653171,"type":"desert_rocks_tiny_04"}
{"ctxid":0,"pos":[-1057.37646,2058.27515,71.1001816],"rotationMatrix":[-0.784396827,-0.620259106,0,0.620259106,-0.784396827,0,0,0,0.999999881],"scale":0.391820818,"type":"desert_rocks_tiny_04"}
{"ctxid":0,"pos":[-1057.38354,2057.69238,71.2451706],"rotationMatrix":[-0.972100794,-0.234563321,0,0.234563321,-0.972100794,0,0,0,0.999999881],"scale":0.348453224,"type":"desert_rocks_tiny_04"}
{"ctxid":0,"pos":[-1057.72229,2057.21484,71.3428268],"rotationMatrix":[-0.779600322,-0.626277149,0,0.626277149,-0.779600322,0,0,0,0.999999881],"scale":0.429791182,"type":"desert_rocks_tiny_04"}
{"ctxid":0,"pos":[-1059.78394,2057.30054,71.2041397],"rotationMatrix":[0.959951937,0.280164421,0,-0.280164421,0.959951937,0,0,0,0.999999881],"scale":0.379606605,"type":"desert_rocks_tiny_04"}
{"ctxid":0,"pos":[-1060.14343,2057.51562,71.1536179],"rotationMatrix":[-0.892168522,-0.451702654,0,0.451702654,-0.892168522,0,0,0,0.999999881],"scale":0.221405864,"type":"desert_rocks_tiny_04"}
{"ctxid":0,"pos":[-1059.43555,2057.38452,71.1916733],"rotationMatrix":[-0.973676264,0.227935359,0,-0.227935359,-0.973676264,0,0,0,0.999999881],"scale":0.317629486,"type":"desert_rocks_tiny_04"}
{"ctxid":0,"pos":[-1062.85413,2058.38452,70.8241272],"rotationMatrix":[-0.807014823,-0.590530932,0,0.590530932,-0.807014823,0,0,0,0.999999881],"scale":0.247488961,"type":"desert_rocks_tiny_04"}
{"ctxid":0,"pos":[-1062.7113,2055.71338,71.3474274],"rotationMatrix":[0.940128028,-0.340821236,0,0.340821236,0.940128028,0,0,0,0.999999881],"scale":0.211362556,"type":"desert_rocks_tiny_04"}
{"ctxid":0,"pos":[-1063.06848,2056.38965,71.1836395],"rotationMatrix":[-0.146670356,-0.989185274,0,0.989185274,-0.146670356,0,0,0,0.999999881],"scale":0.215636179,"type":"desert_rocks_tiny_04"}
{"ctxid":0,"pos":[-1064.02856,2055.53564,71.2528915],"rotationMatrix":[0.896987915,0.442055017,0,-0.442055017,0.896987915,0,0,0,0.999999881],"scale":0.304726273,"type":"desert_rocks_tiny_04"}
{"ctxid":0,"pos":[-1053.43884,2060.66626,70.8152084],"rotationMatrix":[0.961337507,-0.275372505,0,0.275372505,0.961337507,0,0,0,0.999999881],"scale":0.644216061,"type":"desert_rocks_tiny_04"}
{"ctxid":0,"pos":[-558.342834,2119.3374,73.7065887],"rotationMatrix":[0.21982868,0.975538492,0,-0.975538492,0.21982868,0,0,0,0.999999881],"scale":0.62162286,"type":"desert_rocks_tiny_04"}
{"ctxid":0,"pos":[-558.733521,2118.57837,73.7085266],"rotationMatrix":[-0.99882412,-0.0484785773,0,0.0484785773,-0.99882412,0,0,0,0.999999881],"scale":0.954618394,"type":"desert_rocks_tiny_04"}
{"ctxid":0,"pos":[-559.892334,2121.94727,73.7193832],"rotationMatrix":[-0.933038175,0.359777272,0,-0.359777272,-0.933038175,0,0,0,0.999999881],"scale":0.65562731,"type":"desert_rocks_tiny_04"}
{"ctxid":0,"pos":[-557.750061,2122.16748,73.7144928],"rotationMatrix":[-0.681665778,-0.731663525,0,0.731663525,-0.681665778,0,0,0,0.999999881],"scale":0.950452328,"type":"desert_rocks_tiny_04"}
{"ctxid":0,"pos":[-558.429565,2121.74097,73.713089],"rotationMatrix":[-0.98224628,0.187595278,0,-0.187595278,-0.98224628,0,0,0,0.999999881],"scale":0.87973702,"type":"desert_rocks_tiny_04"}
{"ctxid":0,"pos":[-559.152832,2121.18384,73.7186584],"rotationMatrix":[0.566579938,-0.824006617,0,0.824006617,0.566579938,0,0,0,0.999999881],"scale":0.946578622,"type":"desert_rocks_tiny_04"}
{"ctxid":0,"pos":[-638.92395,2130.17114,74.7004166],"rotationMatrix":[0.283009768,0.959117055,0,-0.959117055,0.283009768,0,0,0,0.999999881],"scale":0.857230365,"type":"desert_rocks_tiny_04"}
{"ctxid":0,"pos":[-641.334106,2128.23047,76.2750397],"rotationMatrix":[0.967078805,0.254476994,0,-0.254476994,0.967078805,0,0,0,0.999999881],"scale":0.677340746,"type":"desert_rocks_tiny_04"}
{"ctxid":0,"pos":[-641.782532,2131.44092,74.651268],"rotationMatrix":[-0.72243166,-0.691442311,0,0.691442311,-0.72243166,0,0,0,0.999999881],"scale":0.831862092,"type":"desert_rocks_tiny_04"}
{"ctxid":0,"pos":[-641.248047,2129.4624,75.5701294],"rotationMatrix":[0.271535695,0.962428391,0,-0.962428391,0.271535695,0,0,0,0.999999881],"scale":0.773661852,"type":"desert_rocks_tiny_04"}
