{"ctxid":0,"pos":[-950.929016,2085.17017,70.9259491],"rotationMatrix":[0.763768733,0.645489991,0,-0.645489991,0.763768733,0,0,0,0.999999881],"scale":0.903004706,"type":"desert_rocks_small_05"}
{"ctxid":0,"pos":[-963.063721,2081.48755,70.9413605],"rotationMatrix":[0.999981821,0.00602128776,0,-0.00602128776,0.999981821,0,0,0,0.999999881],"scale":1.15207517,"type":"desert_rocks_small_05"}
{"ctxid":0,"pos":[-965.411377,2079.29004,71.9637909],"rotationMatrix":[-0.397997111,0.917386532,0,-0.917386532,-0.397997111,0,0,0,0.999999881],"scale":1.11961496,"type":"desert_rocks_small_05"}
{"ctxid":0,"pos":[-966.097046,2083.57861,69.4655838],"rotationMatrix":[0.129167005,-0.991622746,0,0.991622746,0.129167005,0,0,0,0.999999881],"scale":0.621856511,"type":"desert_rocks_small_05"}
{"ctxid":0,"pos":[-967.975525,2084.39673,68.7609406],"rotationMatrix":[0.20754078,-0.978226244,0,0.978226244,0.20754078,0,0,0,0.999999881],"scale":0.649882793,"type":"desert_rocks_small_05"}
{"ctxid":0,"pos":[-968.966003,2085.71338,68.4276733],"rotationMatrix":[-0.280893087,-0.959739029,0,0.959739029,-0.280893087,0,0,0,0.999999881],"scale":1.13033628,"type":"desert_rocks_small_05"}
{"ctxid":0,"pos":[-971.342651,2080.00171,70.1390381],"rotationMatrix":[-0.290601969,-0.956844032,0,0.956844032,-0.290601969,0,0,0,0.999999881],"scale":0.666601419,"type":"desert_rocks_small_05"}
{"ctxid":0,"pos":[-976.888184,2079.74927,69.1221619],"rotationMatrix":[-0.718593419,0.695430338,0,-0.695430338,-0.718593419,0,0,0,0.999999881],"scale":0.660853982,"type":"desert_rocks_small_05"}
{"ctxid":0,"pos":[-975.215942,2074.75317,71.9124374],"rotationMatrix":[0.993000686,0.118107855,0,-0.118107855,0.993000686,0,0,0,0.999999881],"scale":0.713458776,"type":"desert_rocks_small_05"}
{"ctxid":0,"pos":[-977.461426,2080.06177,69.0345154],"rotationMatrix":[0.897226632,0.441570342,0,-0.441570342,0.897226632,0,0,0,0.999999881],"scale":0.431834489,"type":"desert_rocks_small_05"}
{"ctxid":0,"pos":[-977.419617,2072.59546,72.6072083],"rotationMatrix":[-0.793045104,-0.609162688,0,0.609162688,-0.793045104,0,0,0,0.999999881],"scale":0.518314362,"type":"desert_rocks_small_05"}
{"ctxid":0,"pos":[-983.786133,2074.77905,69.6108093],"rotationMatrix":[-0.346124589,0.938188374,0,-0.938188374,-0.346124589,0,0,0,0.999999881],"scale":1.28024459,"type":"desert_rocks_small_05"}
{"ctxid":0,"pos":[-984.144714,2078.33228,68.5342484],"rotationMatrix":[0.415424734,-0.909627497,0,0.909627497,0.415424734,0,0,0,0.999999881],"scale":0.555054307,"type":"desert_rocks_small_05"}
{"ctxid":0,"pos":[-980.467896,2071.66528,72.4111023],"rotationMatrix":[0.969238579,-0.246122807,0,0.246122807,0.969238579,0,0,0,0.999999881],"scale":1.13188541,"type":"desert_rocks_small_05"}
{"ctxid":0,"pos":[-988.15271,2072.95752,69.2839661],"rotationMatrix":[-0.12758866,-0.991827071,0,0.991827071,-0.12758866,0,0,0,0.999999881],"scale":0.960012794,"type":"desert_rocks_small_05"}
{"ctxid":0,"pos":[-989.044373,2071.13257,69.9957123],"rotationMatrix":[0.135924444,0.99071914,0,-0.99071914,0.135924444,0,0,0,0.999999881],"scale":0.697106242,"type":"desert_rocks_small_05"}
{"ctxid":0,"pos":[-988.735657,2075.35449,68.9705276],"rotationMatrix":[0.402366877,-0.915478408,0,0.915478408,0.402366877,0,0,0,0.999999881],"scale":0.416429698,"type":"desert_rocks_small_05"}
{"ctxid":0,"pos":[-989.540039,2074.43726,68.9031982],"rotationMatrix":[-0.403976738,0.914769113,0,-0.914769113,-0.403976738,0,0,0,0.999999881],"scale":1.14794731,"type":"desert_rocks_small_05"}
{"ctxid":0,"pos":[-986.398743,2075.95166,69.1017532],"rotationMatrix":[-0.789404273,-0.613873541,0,0.613873541,-0.789404273,0,0,0,0.999999881],"scale":0.463720888,"type":"desert_rocks_small_05"}
{"ctxid":0,"pos":[-988.490601,2067.78564,72.2026367],"rotationMatrix":[-0.619182706,-0.785246909,0,0.785246909,-0.619182706,0,0,0,0.999999881],"scale":1.08006096,"type":"desert_rocks_small_05"}
{"ctxid":0,"pos":[-990.280212,2067.53247,71.9983597],"rotationMatrix":[-0.849612415,-0.527407408,0,0.527407408,-0.849612415,0,0,0,0.999999881],"scale":0.949612498,"type":"desert_rocks_small_05"}
{"ctxid":0,"pos":[-993.058044,2065.93188,72.4184341],"rotationMatrix":[-0.590970218,0.806693137,0,-0.806693137,-0.590970218,0,0,0,0.999999881],"scale":0.694817185,"type":"desert_rocks_small_05"}
{"ctxid":0,"pos":[-991.335327,2064.30591,73.9024582],"rotationMatrix":[0.507683337,-0.861543596,0,0.861543596,0.507683337,0,0,0,0.999999881],"scale":1.24127507,"type":"desert_rocks_small_05"}
{"ctxid":0,"pos":[-995.107422,2072.0481,66.8238297],"rotationMatrix":[-0.148516253,-0.988909841,0,0.988909841,-0.148516253,0,0,0,0.999999881],"scale":1.28138494,"type":"desert_rocks_small_05"}
{"ctxid":0,"pos":[-1002.35352,2069.44067,67.9233932],"rotationMatrix":[0.337184072,0.941438735,0,-0.941438735,0.337184072,0,0,0,0.999999881],"scale":0.575961232,"type":"desert_rocks_small_05"}
{"ctxid":0,"pos":[-1003.35498,2070.2124,67.9757233],"rotationMatrix":[0.995243013,-0.0974227488,0,0.0974227488,0.995243013,0,0,0,0.999999881],"scale":0.913856745,"type":"desert_rocks_small_05"}
{"ctxid":0,"pos":[-1014.34784,2070.94653,69.2193756],"rotationMatrix":[0.0715370625,0.997437894,0,-0.997437894,0.0715370625,0,0,0,0.999999881],"scale":0.438145697,"type":"desert_rocks_small_05"}
{"ctxid":0,"pos":[-1016.07166,2069.73633,69.6608963],"rotationMatrix":[0.858786821,-0.512332857,0,0.512332857,0.858786821,0,0,0,0.999999881],"scale":0.468689859,"type":"desert_rocks_small_05"}
{"ctxid":0,"pos":[-1018.40192,2067.99072,70.1404266],"rotationMatrix":[0.961875618,-0.273486793,0,0.273486793,0.961875618,0,0,0,0.999999881],"scale":0.611906111,"type":"desert_rocks_small_05"}
{"ctxid":0,"pos":[-1026.01843,2064.98218,69.7193985],"rotationMatrix":[0.740427673,0.672136009,0,-0.672136009,0.740427673,0,0,0,0.999999881],"scale":0.630952477,"type":"desert_rocks_small_05"}
{"ctxid":0,"pos":[-1025.39648,2069.6665,69.238327],"rotationMatrix":[0.538295567,-0.842756033,0,0.842756033,0.538295567,0,0,0,0.999999881],"scale":0.999931931,"type":"desert_rocks_small_05"}
{"ctxid":0,"pos":[-1021.5899,2065.73682,70.2224426],"rotationMatrix":[-0.978491545,-0.20628655,0,0.20628655,-0.978491545,0,0,0,0.999999881],"scale":0.588608146,"type":"desert_rocks_small_05"}
{"ctxid":0,"pos":[-1029.26672,2066.06836,69.577095],"rotationMatrix":[-0.350005627,0.936747491,0,-0.936747491,-0.350005627,0,0,0,0.999999881],"scale":0.456411481,"type":"desert_rocks_small_05"}
{"ctxid":0,"pos":[-1028.24622,2065.68335,69.4359741],"rotationMatrix":[0.827652633,0.561240673,0,-0.561240673,0.827652633,0,0,0,0.999999881],"scale":0.674470782,"type":"desert_rocks_small_05"}
{"ctxid":0,"pos":[-1035.7998,2070.73608,68.8837357],"rotationMatrix":[-0.484419018,0.874835968,0,-0.874835968,-0.484419018,0,0,0,0.999999881],"scale":0.679531455,"type":"desert_rocks_small_05"}
{"ctxid":0,"pos":[-1031.06885,2069.18677,68.8489914],"rotationMatrix":[-0.999941289,0.0108240787,0,-0.0108240787,-0.999941289,0,0,0,0.999999881],"scale":0.780867815,"type":"desert_rocks_small_05"}
{"ctxid":0,"pos":[-1033.89136,2068.03101,69.7937012],"rotationMatrix":[0.0547718294,0.998498797,0,-0.998498797,0.0547718294,0,0,0,0.999999881],"scale":0.538597405,"type":"desert_rocks_small_05"}
{"ctxid":0,"pos":[-1041.00598,2067.00244,69.9432449],"rotationMatrix":[-0.900924027,-0.433976799,0,0.433976799,-0.900924027,0,0,0,0.999999881],"scale":0.472409129,"type":"desert_rocks_small_05"}
{"ctxid":0,"pos":[-1042.00696,2063.83936,70.7806931],"rotationMatrix":[0.368420988,0.929659069,0,-0.929659069,0.368420988,0,0,0,0.999999881],"scale":0.938788593,"type":"desert_rocks_small_05"}
{"ctxid":0,"pos":[-1041.97388,2062.32886,71.1481781],"rotationMatrix":[0.7543419,0.656481743,0,-0.656481743,0.7543419,0,0,0,0.999999881],"scale":0.920648992,"type":"desert_rocks_small_05"}
{"ctxid":0,"pos":[-1045.70508,2064.44019,70.3867416],"rotationMatrix":[0.510295868,0.859998941,0,-0.859998941,0.510295868,0,0,0,0.999999881],"scale":0.482198775,"type":"desert_rocks_small_05"}
{"ctxid":0,"pos":[-1048.97827,2063.61011,70.5012054],"rotationMatrix":[-0.631298423,0.775539756,0,-0.775539756,-0.631298423,0,0,0,0.999999881],"scale":0.980605781,"type":"desert_rocks_small_05"}
{"ctxid":0,"pos":[-1049.25452,2065.51074,70.0150757],"rotationMatrix":[0.37617898,0.926546991,0,-0.926546991,0.37617898,0,0,0,0.999999881],"scale":0.973577857,"type":"desert_rocks_small_05"}
{"ctxid":0,"pos":[-1049.39795,2066.85938,69.8005524],"rotationMatrix":[-0.08167772,0.996658742,0,-0.996658742,-0.08167772,0,0,0,0.999999881],"scale":0.390883833,"type":"desert_rocks_small_05"}
{"ctxid":0,"pos":[-1048.52197,2066.93506,69.7408218],"rotationMatrix":[0.85924089,-0.51157105,0,0.51157105,0.85924089,0,0,0,0.999999881],"scale":0.82692939,"type":"desert_rocks_small_05"}
{"ctxid":0,"pos":[-1054.2334,2059.78906,70.9383469],"rotationMatrix":[0.94557631,-0.325400144,0,0.325400144,0.94557631,0,0,0,0.999999881],"scale":0.942026377,"type":"desert_rocks_small_05"}
{"ctxid":0,"pos":[-1055.89124,2062.11499,70.1554718],"rotationMatrix":[-0.980809271,-0.194969162,0,0.194969162,-0.980809271,0,0,0,0.999999881],"scale":1.02924681,"type":"desert_rocks_small_05"}
{"ctxid":0,"pos":[-1053.51123,2065.18457,69.768364],"rotationMatrix":[-0.839115024,-0.543953955,0,0.543953955,-0.839115024,0,0,0,0.999999881],"scale":0.430256069,"type":"desert_rocks_small_05"}
{"ctxid":0,"pos":[-1056.88391,2067.65479,68.8294754],"rotationMatrix":[0.999850035,-0.0173122734,0,0.0173122734,0.999850035,0,0,0,0.999999881],"scale":1.02069759,"type":"desert_rocks_small_05"}
{"ctxid":0,"pos":[-1060.60742,2063.34839,69.6532974],"rotationMatrix":[-0.999503493,0.0315061733,0,-0.0315061733,-0.999503493,0,0,0,0.999999881],"scale":0.67451638,"type":"desert_rocks_small_05"}
{"ctxid":0,"pos":[-1055.3988,2061.36011,70.4606323],"rotationMatrix":[0.421433806,-0.906858981,0,0.906858981,0.421433806,0,0,0,0.999999881],"scale":0.523761094,"type":"desert_rocks_small_05"}
{"ctxid":0,"pos":[-1051.974,2067.97119,69.5110321],"rotationMatrix":[0.984998047,0.172564968,0,-0.172564968,0.984998047,0,0,0,0.999999881],"scale":0.532615483,"type":"desert_rocks_small_05"}
{"ctxid":0,"pos":[-1045.52063,2067.15186,69.6980591],"rotationMatrix":[-0.825656116,0.5641734,0,-0.5641734,-0.825656116,0,0,0,0.999999881],"scale":0.729530454,"type":"desert_rocks_small_05"}
{"ctxid":0,"pos":[-1048.41748,2069.91235,69.0657806],"rotationMatrix":[0.86554414,-0.500832379,0,0.500832379,0.86554414,0,0,0,0.999999881],"scale":0.460209489,"type":"desert_rocks_small_05"}
{"ctxid":0,"pos":[-1044.80627,2070.47266,68.887619],"rotationMatrix":[0.744470775,0.667655051,0,-0.667655051,0.744470775,0,0,0,0.999999881],"scale":0.685480773,"type":"desert_rocks_small_05"}
{"ctxid":0,"pos":[-1055.849,2068.65894,68.8004684],"rotationMatrix":[0.546944618,0.837168753,0,-0.837168753,0.546944618,0,0,0,0.999999881],"scale":1.04497325,"type":"desert_rocks_small_05"}
{"ctxid":0,"pos":[-1067.60547,2063.86304,69.2779388],"rotationMatrix":[-0.425038338,-0.905175209,0,0.905175209,-0.425038338,0,0,0,0.999999881],"scale":1.30553079,"type":"desert_rocks_small_05"}
{"ctxid":0,"pos":[-1066.19885,2055.55762,70.9607544],"rotationMatrix":[0.254577398,0.9670524,0,-0.9670524,0.254577398,0,0,0,0.999999881],"scale":1.32749009,"type":"desert_rocks_small_05"}
{"ctxid":0,"pos":[-1063.40808,2061.49243,70.1036835],"rotationMatrix":[0.052836746,-0.998602986,0,0.998602986,0.052836746,0,0,0,0.999999881],"scale":0.628079772,"type":"desert_rocks_small_05"}
{"ctxid":0,"pos":[-1069.57214,2055.76196,70.5895691],"rotationMatrix":[0.395073742,0.918649375,0,-0.918649375,0.395073742,0,0,0,0.999999881],"scale":1.27104473,"type":"desert_rocks_small_05"}
{"ctxid":0,"pos":[-1073.58118,2058.27783,70.0100937],"rotationMatrix":[0.936312973,-0.351166397,0,0.351166397,0.936312973,0,0,0,0.999999881],"scale":0.747440815,"type":"desert_rocks_small_05"}
{"ctxid":0,"pos":[-1068.59961,2056.23145,70.6162872],"rotationMatrix":[-0.905638218,0.424051195,0,-0.424051195,-0.905638218,0,0,0,0.999999881],"scale":0.555002332,"type":"desert_rocks_small_05"}
{"ctxid":0,"pos":[-1074.70752,2058.55249,69.9774628],"rotationMatrix":[-0.52682215,0.849975348,0,-0.849975348,-0.52682215,0,0,0,0.999999881],"scale":1.01517212,"type":"desert_rocks_small_05"}
{"ctxid":0,"pos":[-1072.9679,2052.49414,70.9440918],"rotationMatrix":[0.275749624,-0.961229503,0,0.961229503,0.275749624,0,0,0,0.999999881],"scale":1.34870219,"type":"desert_rocks_small_05"}
{"ctxid":0,"pos":[-1079.62207,2053.57642,69.7081375],"rotationMatrix":[0.889580727,-0.456777871,0,0.456777871,0.889580727,0,0,0,0.999999881],"scale":1.04889214,"type":"desert_rocks_small_05"}
{"ctxid":0,"pos":[-1080.79614,2049.37085,70.4321594],"rotationMatrix":[0.424179941,0.905577958,0,-0.905577958,0.424179941,0,0,0,0.999999881],"scale":0.863160074,"type":"desert_rocks_small_05"}
{"ctxid":0,"pos":[-1082.36536,2049.39185,70.227829],"rotationMatrix":[-0.990034163,-0.140826598,0,0.140826598,-0.990034163,0,0,0,0.999999881],"scale":0.871330202,"type":"desert_rocks_small_05"}
{"ctxid":0,"pos":[-1078.98535,2047.43604,70.946701],"rotationMatrix":[-0.815119445,-0.579292655,0,0.579292655,-0.815119445,0,0,0,0.999999881],"scale":1.27396894,"type":"desert_rocks_small_05"}
{"ctxid":0,"pos":[-1079.98621,2047.10986,71.0815125],"rotationMatrix":[-0.872273982,-0.489017367,0,0.489017367,-0.872273982,0,0,0,0.999999881],"scale":0.535651326,"type":"desert_rocks_small_05"}
{"ctxid":0,"pos":[-1079.81079,2051.71948,70.0381851],"rotationMatrix":[-0.504212499,0.863579452,0,-0.863579452,-0.504212499,0,0,0,0.999999881],"scale":0.610249758,"type":"desert_rocks_small_05"}
{"ctxid":0,"pos":[-1086.50684,2046.13342,71.2702637],"rotationMatrix":[0.348625809,0.937261999,0,-0.937261999,0.348625809,0,0,0,0.999999881],"scale":0.497939378,"type":"desert_rocks_small_05"}
{"ctxid":0,"pos":[-1085.13892,2050.70483,69.7955322],"rotationMatrix":[0.963634551,0.267223388,0,-0.267223388,0.963634551,0,0,0,0.999999881],"scale":0.596963346,"type":"desert_rocks_small_05"}
{"ctxid":0,"pos":[-1088.18091,2052.62939,69.3690796],"rotationMatrix":[0.876612246,0.481197417,0,-0.481197417,0.876612246,0,0,0,0.999999881],"scale":0.73315388,"type":"desert_rocks_small_05"}
{"ctxid":0,"pos":[-1089.1803,2049.33472,70.2533264],"rotationMatrix":[-0.594706237,0.803942859,0,-0.803942859,-0.594706237,0,0,0,0.999999881],"scale":0.623156667,"type":"desert_rocks_small_05"}
{"ctxid":0,"pos":[-1089.78455,2046.39502,71.6330032],"rotationMatrix":[0.959994614,-0.28001824,0,0.28001824,0.959994614,0,0,0,0.999999881],"scale":0.582353115,"type":"desert_rocks_small_05"}
{"ctxid":0,"pos":[-1095.68982,2050.06812,70.9111023],"rotationMatrix":[0.999429941,-0.0337571464,0,0.0337571464,0.999429941,0,0,0,0.999999881],"scale":0.747324347,"type":"desert_rocks_small_05"}
{"ctxid":0,"pos":[-1094.70459,2048.48218,71.4344559],"rotationMatrix":[-0.759251535,-0.650797069,0,0.650797069,-0.759251535,0,0,0,0.999999881],"scale":0.551563382,"type":"desert_rocks_small_05"}
{"ctxid":0,"pos":[-1093.46558,2047.57031,71.6239319],"rotationMatrix":[0.501073122,-0.865404844,0,0.865404844,0.501073122,0,0,0,0.999999881],"scale":0.488501281,"type":"desert_rocks_small_05"}
{"ctxid":0,"pos":[-1094.77405,2052.3291,69.7435913],"rotationMatrix":[0.995328367,-0.0965468138,0,0.0965468138,0.995328367,0,0,0,0.999999881],"scale":1.17022586,"type":"desert_rocks_small_05"}
{"ctxid":0,"pos":[-1095.32324,2053.81152,69.5076904],"rotationMatrix":[0.635006905,0.772506416,0,-0.772506416,0.635006905,0,0,0,0.999999881],"scale":0.752998948,"type":"desert_rocks_small_05"}
{"ctxid":0,"pos":[-1100.729,2053.24609,66.994751],"rotationMatrix":[0.959916294,0.28028664,0,-0.28028664,0.959916294,0,0,0,0.999999881],"scale":0.646720946,"type":"desert_rocks_small_05"}
{"ctxid":0,"pos":[-1100.2981,2050.7312,67.5701294],"rotationMatrix":[-0.608102858,0.793857992,0,-0.793857992,-0.608102858,0,0,0,0.999999881],"scale":1.20553863,"type":"desert_rocks_small_05"}
{"ctxid":0,"pos":[-1097.40161,2050.82129,69.4405441],"rotationMatrix":[-0.188768849,0.982021391,0,-0.982021391,-0.188768849,0,0,0,0.999999881],"scale":0.963672459,"type":"desert_rocks_small_05"}
{"ctxid":0,"pos":[-1099.91541,2046.8031,69.6964188],"rotationMatrix":[0.772026241,-0.635590613,0,0.635590613,0.772026241,0,0,0,0.999999881],"scale":1.2749567,"type":"desert_rocks_small_05"}
{"ctxid":0,"pos":[-1104.08032,2049.54956,69.3256989],"rotationMatrix":[0.510516882,-0.859867573,0,0.859867573,0.510516882,0,0,0,0.999999881],"scale":0.376178741,"type":"desert_rocks_small_05"}
{"ctxid":0,"pos":[-1102.3092,2049.31006,68.7646942],"rotationMatrix":[-0.999992192,-0.00394048402,0,0.00394048402,-0.999992192,0,0,0,0.999999881],"scale":1.1829946,"type":"desert_rocks_small_05"}
{"ctxid":0,"pos":[-1102.75586,2048.56616,69.2608109],"rotationMatrix":[0.899422884,0.437079459,0,-0.437079459,0.899422884,0,0,0,0.999999881],"scale":0.893426657,"type":"desert_rocks_small_05"}
{"ctxid":0,"pos":[-1106.8689,2049.77026,70.5085754],"rotationMatrix":[-0.858988643,-0.511994421,0,0.511994421,-0.858988643,0,0,0,0.999999881],"scale":1.1291256,"type":"desert_rocks_small_05"}
{"ctxid":0,"pos":[-1104.60339,2047.4884,71.0006256],"rotationMatrix":[-0.756223977,0.654312611,0,-0.654312611,-0.756223977,0,0,0,0.999999881],"scale":0.398383886,"type":"desert_rocks_small_05"}
{"ctxid":0,"pos":[-1107.57812,2054.99219,69.1035156],"rotationMatrix":[-0.106254213,-0.99433893,0,0.99433893,-0.106254213,0,0,0,0.999999881],"scale":0.472474396,"type":"desert_rocks_small_05"}
{"ctxid":0,"pos":[-1112.24756,2057.85376,69.3520508],"rotationMatrix":[0.965859592,-0.259065837,0,0.259065837,0.965859592,0,0,0,0.999999881],"scale":0.994218826,"type":"desert_rocks_small_05"}
{"ctxid":0,"pos":[-1115.59924,2055.50073,69.5529938],"rotationMatrix":[-0.79122293,0.611527681,0,-0.611527681,-0.79122293,0,0,0,0.999999881],"scale":0.428855866,"type":"desert_rocks_small_05"}
{"ctxid":0,"pos":[-1114.14136,2052.14551,70.4181519],"rotationMatrix":[-0.742626607,0.669705629,0,-0.669705629,-0.742626607,0,0,0,0.999999881],"scale":0.552056611,"type":"desert_rocks_small_05"}
{"ctxid":0,"pos":[-1117.43616,2052.17163,70.7362747],"rotationMatrix":[0.972308815,-0.233699262,0,0.233699262,0.972308815,0,0,0,0.999999881],"scale":0.579598308,"type":"desert_rocks_small_05"}
{"ctxid":0,"pos":[-1117.83167,2056.58765,69.2160263],"rotationMatrix":[-0.99903506,0.0439169593,0,-0.0439169593,-0.99903506,0,0,0,0.999999881],"scale":0.574464977,"type":"desert_rocks_small_05"}
{"ctxid":0,"pos":[-1115.74719,2056.17432,69.4116745],"rotationMatrix":[-0.610696018,0.791864872,0,-0.791864872,-0.610696018,0,0,0,0.999999881],"scale":0.478280544,"type":"desert_rocks_small_05"}
{"ctxid":0,"pos":[-1117.31189,2051.43823,71.1154099],"rotationMatrix":[0.95663017,0.291304946,0,-0.291304946,0.95663017,0,0,0,0.999999881],"scale":0.560770392,"type":"desert_rocks_small_05"}
{"ctxid":0,"pos":[-1122.12646,2052.60132,70.0646744],"rotationMatrix":[0.910207391,0.414152741,0,-0.414152741,0.910207391,0,0,0,0.999999881],"scale":0.846874237,"type":"desert_rocks_small_05"}
{"ctxid":0,"pos":[-1121.98315,2050.3833,71.2019882],"rotationMatrix":[0.900554001,0.43474403,0,-0.43474403,0.900554001,0,0,0,0.999999881],"scale":1.32180703,"type":"desert_rocks_small_05"}
{"ctxid":0,"pos":[-1124.7063,2055.57227,69.2649231],"rotationMatrix":[0.997253358,-0.0740645081,0,0.0740645081,0.997253358,0,0,0,0.999999881],"scale":0.406834304,"type":"desert_rocks_small_05"}
{"ctxid":0,"pos":[-1126.47424,2049.58301,70.9478912],"rotationMatrix":[0.419766963,-0.907631755,0,0.907631755,0.419766963,0,0,0,0.999999881],"scale":0.661732733,"type":"desert_rocks_small_05"}
{"ctxid":0,"pos":[-1130.34131,2055.3667,68.4332581],"rotationMatrix":[-0.999886394,-0.0150685878,0,0.0150685878,-0.999886394,0,0,0,0.999999881],"scale":0.826067746,"type":"desert_rocks_small_05"}
{"ctxid":0,"pos":[-1127.27563,2053.75415,69.5057755],"rotationMatrix":[-0.658479035,-0.752598941,0,0.752598941,-0.658479035,0,0,0,0.999999881],"scale":0.395545661,"type":"desert_rocks_small_05"}
{"ctxid":0,"pos":[-1130.35742,2045.48779,71.5059357],"rotationMatrix":[0.999735415,-0.0229983181,0,0.0229983181,0.999735415,0,0,0,0.999999881],"scale":0.878741741,"type":"desert_rocks_small_05"}
{"ctxid":0,"pos":[-1128.21997,2047.96716,71.1500168],"rotationMatrix":[-0.889200032,0.457518637,0,-0.457518637,-0.889200032,0,0,0,0.999999881],"scale":0.907607913,"type":"desert_rocks_small_05"}
{"ctxid":0,"pos":[-1133.0177,2050.82129,68.7047958],"rotationMatrix":[-0.619324207,0.78513509,0,-0.78513509,-0.619324207,0,0,0,0.999999881],"scale":0.476151973,"type":"desert_rocks_small_05"}
{"ctxid":0,"pos":[-1137.88708,2047.99988,69.3846741],"rotationMatrix":[0.99588567,-0.0906168669,0,0.0906168669,0.99588567,0,0,0,0.999999881],"scale":1.03991818,"type":"desert_rocks_small_05"}
{"ctxid":0,"pos":[-1134.7981,2044.09009,70.6901855],"rotationMatrix":[-0.87359339,0.486656517,0,-0.486656517,-0.87359339,0,0,0,0.999999881],"scale":0.489541739,"type":"desert_rocks_small_05"}
{"ctxid":0,"pos":[-1139.87903,2046.5238,70.1977539],"rotationMatrix":[-0.387102008,0.922036767,0,-0.922036767,-0.387102008,0,0,0,0.999999881],"scale":1.09659886,"type":"desert_rocks_small_05"}
{"ctxid":0,"pos":[-1140.58423,2046.6499,70.3663483],"rotationMatrix":[0.225114897,0.974332154,0,-0.974332154,0.225114897,0,0,0,0.999999881],"scale":0.513693631,"type":"desert_rocks_small_05"}
{"ctxid":0,"pos":[-1140.66528,2045.2019,70.6111298],"rotationMatrix":[-0.192407161,-0.981315136,0,0.981315136,-0.192407161,0,0,0,0.999999881],"scale":0.595909119,"type":"desert_rocks_small_05"}
{"ctxid":0,"pos":[-1143.72021,2049.49463,70.1387329],"rotationMatrix":[-0.648437679,-0.761267722,0,0.761267722,-0.648437679,0,0,0,0.999999881],"scale":1.17412531,"type":"desert_rocks_small_05"}
{"ctxid":0,"pos":[-1142.24158,2043.64062,71.3526459],"rotationMatrix":[-0.181415662,-0.983406425,0,0.983406425,-0.181415662,0,0,0,0.999999881],"scale":0.479540288,"type":"desert_rocks_small_05"}
{"ctxid":0,"pos":[-1151.91663,2056.54346,69.7629547],"rotationMatrix":[-0.980410516,0.196964785,0,-0.196964785,-0.980410516,0,0,0,0.999999881],"scale":1.07324553,"type":"desert_rocks_small_05"}
{"ctxid":0,"pos":[-1149.2052,2052.12427,70.7324753],"rotationMatrix":[-0.451967388,0.892034292,0,-0.892034292,-0.451967388,0,0,0,0.999999881],"scale":0.505442202,"type":"desert_rocks_small_05"}
{"ctxid":0,"pos":[-1152.8844,2055.72168,70.1147003],"rotationMatrix":[0.987951815,-0.15476121,0,0.15476121,0.987951815,0,0,0,0.999999881],"scale":1.04077923,"type":"desert_rocks_small_05"}
{"ctxid":0,"pos":[-1153.453,2061.26929,68.3251419],"rotationMatrix":[0.932241201,0.361837417,0,-0.361837417,0.932241201,0,0,0,0.999999881],"scale":0.772184312,"type":"desert_rocks_small_05"}
{"ctxid":0,"pos":[-1159.25305,2059.87598,70.3268738],"rotationMatrix":[-0.390834659,-0.92046088,0,0.92046088,-0.390834659,0,0,0,0.999999881],"scale":0.45164454,"type":"desert_rocks_small_05"}
{"ctxid":0,"pos":[-1159.6698,2056.16187,71.0950928],"rotationMatrix":[0.373855829,-0.927486718,0,0.927486718,0.373855829,0,0,0,0.999999881],"scale":1.20188463,"type":"desert_rocks_small_05"}
{"ctxid":0,"pos":[-1160.41138,2058.13745,70.9636841],"rotationMatrix":[0.230523959,0.973066628,0,-0.973066628,0.230523959,0,0,0,0.999999881],"scale":0.671187639,"type":"desert_rocks_small_05"}
{"ctxid":0,"pos":[-1155.92969,2061.54297,69.0444031],"rotationMatrix":[0.683608294,0.729849041,0,-0.729849041,0.683608294,0,0,0,0.999999881],"scale":1.0439111,"type":"desert_rocks_small_05"}
{"ctxid":0,"pos":[-1159.37549,2063.9812,69.7457123],"rotationMatrix":[-0.564997137,0.825092673,0,-0.825092673,-0.564997137,0,0,0,0.999999881],"scale":1.2524116,"type":"desert_rocks_small_05"}
{"ctxid":0,"pos":[-1158.57812,2064.68848,69.6286087],"rotationMatrix":[0.957720697,-0.287699461,0,0.287699461,0.957720697,0,0,0,0.999999881],"scale":0.456002355,"type":"desert_rocks_small_05"}
{"ctxid":0,"pos":[-1159.3092,2061.87109,69.8901749],"rotationMatrix":[-0.334409773,0.942427635,0,-0.942427635,-0.334409773,0,0,0,0.999999881],"scale":0.957467616,"type":"desert_rocks_small_05"}
{"ctxid":0,"pos":[-1164.0531,2064.20142,70.291954],"rotationMatrix":[-0.165051222,-0.986284912,0,0.986284912,-0.165051222,0,0,0,0.999999881],"scale":0.606641412,"type":"desert_rocks_small_05"}
{"ctxid":0,"pos":[-1158.30444,2067.64062,68.749588],"rotationMatrix":[0.933286488,0.359132707,0,-0.359132707,0.933286488,0,0,0,0.999999881],"scale":0.768796325,"type":"desert_rocks_small_05"}
{"ctxid":0,"pos":[-1160.1781,2068.76904,68.4593964],"rotationMatrix":[-0.0472739525,0.998881876,0,-0.998881876,-0.0472739525,0,0,0,0.999999881],"scale":1.00340843,"type":"desert_rocks_small_05"}
{"ctxid":0,"pos":[-1169.93298,2066.25806,69.9546509],"rotationMatrix":[0.510770619,-0.859716952,0,0.859716952,0.510770619,0,0,0,0.999999881],"scale":0.807866931,"type":"desert_rocks_small_05"}
{"ctxid":0,"pos":[-1168.08557,2065.7915,70.395256],"rotationMatrix":[0.503238201,0.864147782,0,-0.864147782,0.503238201,0,0,0,0.999999881],"scale":0.480029732,"type":"desert_rocks_small_05"}
{"ctxid":0,"pos":[-1172.9071,2068.14404,69.052269],"rotationMatrix":[-0.930395603,0.366556972,0,-0.366556972,-0.930395603,0,0,0,0.999999881],"scale":1.01989079,"type":"desert_rocks_small_05"}
{"ctxid":0,"pos":[-1176.6167,2060.32886,68.5728912],"rotationMatrix":[0.112733215,0.993625224,0,-0.993625224,0.112733215,0,0,0,0.999999881],"scale":1.10673869,"type":"desert_rocks_small_05"}
{"ctxid":0,"pos":[-1179.09351,2057.64331,68.6916809],"rotationMatrix":[-0.877637625,-0.479324788,0,0.479324788,-0.877637625,0,0,0,0.999999881],"scale":0.566478968,"type":"desert_rocks_small_05"}
{"ctxid":0,"pos":[-1175.61353,2055.06152,69.812912],"rotationMatrix":[0.782698214,0.622401357,0,-0.622401357,0.782698214,0,0,0,0.999999881],"scale":0.500992775,"type":"desert_rocks_small_05"}
{"ctxid":0,"pos":[-1181.31384,2053.4541,68.3697052],"rotationMatrix":[-0.98711735,-0.159997672,0,0.159997672,-0.98711735,0,0,0,0.999999881],"scale":0.575368047,"type":"desert_rocks_small_05"}
{"ctxid":0,"pos":[-1180.62195,2054.02856,68.4886017],"rotationMatrix":[0.830106199,0.557605267,0,-0.557605267,0.830106199,0,0,0,0.999999881],"scale":0.613434851,"type":"desert_rocks_small_05"}
{"ctxid":0,"pos":[-1173.41113,2053.43433,70.5052414],"rotationMatrix":[-0.74293977,0.669358134,0,-0.669358134,-0.74293977,0,0,0,0.999999881],"scale":0.604439259,"type":"desert_rocks_small_05"}
{"ctxid":0,"pos":[-1185.64429,2051.72095,69.4923935],"rotationMatrix":[0.229613036,0.97328198,0,-0.97328198,0.229613036,0,0,0,0.999999881],"scale":0.503045082,"type":"desert_rocks_small_05"}
{"ctxid":0,"pos":[-1198.03857,2043.65271,69.3503494],"rotationMatrix":[0.927746832,-0.373209864,0,0.373209864,0.927746832,0,0,0,0.999999881],"scale":0.737073541,"type":"desert_rocks_small_05"}
{"ctxid":0,"pos":[-1199.1803,2044.22253,69.2677765],"rotationMatrix":[0.349202275,0.937047362,0,-0.937047362,0.349202275,0,0,0,0.999999881],"scale":0.999517918,"type":"desert_rocks_small_05"}
{"ctxid":0,"pos":[-1197.97461,2039.5061,70.5874481],"rotationMatrix":[0.943591058,-0.331112862,0,0.331112862,0.943591058,0,0,0,0.999999881],"scale":1.14876747,"type":"desert_rocks_small_05"}
{"ctxid":0,"pos":[-1196.24414,2045.34253,68.5315628],"rotationMatrix":[0.9926489,0.121029302,0,-0.121029302,0.9926489,0,0,0,0.999999881],"scale":1.12304771,"type":"desert_rocks_small_05"}
{"ctxid":0,"pos":[-1194.12988,2045.90173,68.0123062],"rotationMatrix":[-0.88224715,-0.470786512,0,0.470786512,-0.88224715,0,0,0,0.999999881],"scale":0.628572941,"type":"desert_rocks_small_05"}
{"ctxid":0,"pos":[-1187.91199,2039.64062,68.9962387],"rotationMatrix":[0.565768301,-0.824564159,0,0.824564159,0.565768301,0,0,0,0.999999881],"scale":0.935313463,"type":"desert_rocks_small_05"}
{"ctxid":0,"pos":[-1185.14197,2035.297,70.4029846],"rotationMatrix":[0.587217748,-0.809428871,0,0.809428871,0.587217748,0,0,0,0.999999881],"scale":0.819453716,"type":"desert_rocks_small_05"}
{"ctxid":0,"pos":[-1186.02014,2034.97327,69.9253387],"rotationMatrix":[-0.56653446,0.82403785,0,-0.82403785,-0.56653446,0,0,0,0.999999881],"scale":0.804987967,"type":"desert_rocks_small_05"}
{"ctxid":0,"pos":[-1187.30115,2029.67761,71.0128632],"rotationMatrix":[-0.547559321,0.83676666,0,-0.83676666,-0.547559321,0,0,0,0.999999881],"scale":0.713507593,"type":"desert_rocks_small_05"}
{"ctxid":0,"pos":[-1188.69604,2040.39233,68.7217331],"rotationMatrix":[0.137863874,-0.990451097,0,0.990451097,0.137863874,0,0,0,0.999999881],"scale":0.515921056,"type":"desert_rocks_small_05"}
{"ctxid":0,"pos":[-1200.43274,2040.10242,70.9912338],"rotationMatrix":[0.640565455,0.767903566,0,-0.767903566,0.640565455,0,0,0,0.999999881],"scale":0.699476838,"type":"desert_rocks_small_05"}
{"ctxid":0,"pos":[-1199.13745,2038.98767,71.1555634],"rotationMatrix":[0.812263191,-0.583290994,0,0.583290994,0.812263191,0,0,0,0.999999881],"scale":1.0322938,"type":"desert_rocks_small_05"}
{"ctxid":0,"pos":[-1197.83179,2041.25977,70.030571],"rotationMatrix":[0.994446576,0.10524185,0,-0.10524185,0.994446576,0,0,0,0.999999881],"scale":1.14623344,"type":"desert_rocks_small_05"}
{"ctxid":0,"pos":[-1197.10181,2039.5304,70.3058548],"rotationMatrix":[-0.144321412,0.989530742,0,-0.989530742,-0.144321412,0,0,0,0.999999881],"scale":0.673808336,"type":"desert_rocks_small_05"}
{"ctxid":0,"pos":[-1194.53918,2044.16052,68.5660095],"rotationMatrix":[-0.308856845,-0.951108456,0,0.951108456,-0.308856845,0,0,0,0.999999881],"scale":0.87785691,"type":"desert_rocks_small_05"}
{"ctxid":0,"pos":[-1198.21448,2042.1886,69.8925476],"rotationMatrix":[0.0288252775,0.999584317,0,-0.999584317,0.0288252775,0,0,0,0.999999881],"scale":0.611587167,"type":"desert_rocks_small_05"}
{"ctxid":0,"pos":[-1200.9292,2042.39062,69.9873276],"rotationMatrix":[-0.617492199,0.786576807,0,-0.786576807,-0.617492199,0,0,0,0.999999881],"scale":0.468978554,"type":"desert_rocks_small_05"}
{"ctxid":0,"pos":[-1203.88757,2044.72437,68.7897873],"rotationMatrix":[0.81836462,-0.574699283,0,0.574699283,0.81836462,0,0,0,0.999999881],"scale":0.514053047,"type":"desert_rocks_small_05"}
{"ctxid":0,"pos":[-1205.61646,2040.92053,70.0015717],"rotationMatrix":[-0.136975601,0.9905743,0,-0.9905743,-0.136975601,0,0,0,0.999999881],"scale":1.33763278,"type":"desert_rocks_small_05"}
{"ctxid":0,"pos":[-1206.21814,2041.49939,69.6329575],"rotationMatrix":[-0.545339346,0.838215172,0,-0.838215172,-0.545339346,0,0,0,0.999999881],"scale":0.811321139,"type":"desert_rocks_small_05"}
{"ctxid":0,"pos":[-1205.40698,2039.92822,70.4814682],"rotationMatrix":[-0.998078167,-0.0619659461,0,0.0619659461,-0.998078167,0,0,0,0.999999881],"scale":0.612898946,"type":"desert_rocks_small_05"}
{"ctxid":0,"pos":[-1210.2804,2044.41943,70.7628403],"rotationMatrix":[0.956276953,0.292462468,0,-0.292462468,0.956276953,0,0,0,0.999999881],"scale":0.938591659,"type":"desert_rocks_small_05"}
{"ctxid":0,"pos":[-1206.31226,2047.78857,69.73806],"rotationMatrix":[-0.367631018,-0.929971635,0,0.929971635,-0.367631018,0,0,0,0.999999881],"scale":0.682180643,"type":"desert_rocks_small_05"}
{"ctxid":0,"pos":[-1206.35132,2048.93896,69.8757401],"rotationMatrix":[-0.105674796,-0.99440062,0,0.99440062,-0.105674796,0,0,0,0.999999881],"scale":0.384651065,"type":"desert_rocks_small_05"}
{"ctxid":0,"pos":[-1210.63989,2047.79846,71.134552],"rotationMatrix":[0.995783925,0.0917290822,0,-0.0917290822,0.995783925,0,0,0,0.999999881],"scale":1.11501217,"type":"desert_rocks_small_05"}
{"ctxid":0,"pos":[-1202.69226,2046.34143,68.4535599],"rotationMatrix":[-0.892826021,-0.450401664,0,0.450401664,-0.892826021,0,0,0,0.999999881],"scale":1.22929287,"type":"desert_rocks_small_05"}
{"ctxid":0,"pos":[-1210.16907,2048.66626,70.86689],"rotationMatrix":[0.328704029,-0.944432914,0,0.944432914,0.328704029,0,0,0,0.999999881],"scale":1.01274002,"type":"desert_rocks_small_05"}
{"ctxid":0,"pos":[-1203.40735,2052.65723,68.5976562],"rotationMatrix":[0.999994338,-0.00334630767,0,0.00334630767,0.999994338,0,0,0,0.999999881],"scale":0.387879074,"type":"desert_rocks_small_05"}
{"ctxid":0,"pos":[-1211.33179,2054.0376,70.1236343],"rotationMatrix":[-0.556069314,-0.831135929,0,0.831135929,-0.556069314,0,0,0,0.999999881],"scale":1.15230966,"type":"desert_rocks_small_05"}
{"ctxid":0,"pos":[-1209.29468,2055.58667,69.694809],"rotationMatrix":[-0.80862087,-0.58833009,0,0.58833009,-0.80862087,0,0,0,0.999999881],"scale":0.744563818,"type":"desert_rocks_small_05"}
{"ctxid":0,"pos":[-1202.62012,2056.78418,67.6064835],"rotationMatrix":[0.367663682,-0.929958761,0,0.929958761,0.367663682,0,0,0,0.999999881],"scale":0.774745226,"type":"desert_rocks_small_05"}
{"ctxid":0,"pos":[-1205.09717,2061.9541,69.4248199],"rotationMatrix":[0.969127238,0.246560961,0,-0.246560961,0.969127238,0,0,0,0.999999881],"scale":0.94335115,"type":"desert_rocks_small_05"}
{"ctxid":0,"pos":[-1203.95605,2061.84253,68.978447],"rotationMatrix":[0.548784733,0.835963666,0,-0.835963666,0.548784733,0,0,0,0.999999881],"scale":0.511482954,"type":"desert_rocks_small_05"}
{"ctxid":0,"pos":[-1204.21204,2063.00928,68.8661728],"rotationMatrix":[-0.521065474,0.853516519,0,-0.853516519,-0.521065474,0,0,0,0.999999881],"scale":0.676247358,"type":"desert_rocks_small_05"}
{"ctxid":0,"pos":[-1201.15454,2064.34717,66.7526093],"rotationMatrix":[0.900321126,-0.435225993,0,0.435225993,0.900321126,0,0,0,0.999999881],"scale":0.904075384,"type":"desert_rocks_small_05"}
{"ctxid":0,"pos":[-1203.95947,2064.84424,68.3090744],"rotationMatrix":[0.128955424,0.991650403,0,-0.991650403,0.128955424,0,0,0,0.999999881],"scale":0.71161592,"type":"desert_rocks_small_05"}
{"ctxid":0,"pos":[-1206.38416,2066.99146,69.3311157],"rotationMatrix":[-0.990944803,0.134269312,0,-0.134269312,-0.990944803,0,0,0,0.999999881],"scale":0.94367063,"type":"desert_rocks_small_05"}
{"ctxid":0,"pos":[-1203.06372,2064.31885,67.9229202],"rotationMatrix":[-0.763374388,-0.645956337,0,0.645956337,-0.763374388,0,0,0,0.999999881],"scale":0.413167447,"type":"desert_rocks_small_05"}
{"ctxid":0,"pos":[-1204.47888,2068.21973,68.0214996],"rotationMatrix":[0.290777475,0.956790686,0,-0.956790686,0.290777475,0,0,0,0.999999881],"scale":0.953264832,"type":"desert_rocks_small_05"}
{"ctxid":0,"pos":[-1210.8623,2075.49976,69.0940857],"rotationMatrix":[-0.261264622,0.965267122,0,-0.965267122,-0.261264622,0,0,0,0.999999881],"scale":0.922616541,"type":"desert_rocks_small_05"}
{"ctxid":0,"pos":[-1209.82153,2079.73169,68.5162201],"rotationMatrix":[-0.847542942,-0.530726612,0,0.530726612,-0.847542942,0,0,0,0.999999881],"scale":0.67716223,"type":"desert_rocks_small_05"}
{"ctxid":0,"pos":[-1213.63379,2081.09473,69.5410309],"rotationMatrix":[-0.160915375,0.9869681,0,-0.9869681,-0.160915375,0,0,0,0.999999881],"scale":0.692574859,"type":"desert_rocks_small_05"}
{"ctxid":0,"pos":[-1209.29736,2080.7876,68.2361374],"rotationMatrix":[-0.790415406,-0.612571001,0,0.612571001,-0.790415406,0,0,0,0.999999881],"scale":0.494302571,"type":"desert_rocks_small_05"}
{"ctxid":0,"pos":[-1218.27405,2078.44189,70.4013519],"rotationMatrix":[-0.426223606,0.904617727,0,-0.904617727,-0.426223606,0,0,0,0.999999881],"scale":0.758032858,"type":"desert_rocks_small_05"}
{"ctxid":0,"pos":[-1216.28259,2077.07812,71.1116562],"rotationMatrix":[0.974831522,0.222942457,0,-0.222942457,0.974831522,0,0,0,0.999999881],"scale":0.581614971,"type":"desert_rocks_small_05"}
{"ctxid":0,"pos":[-1210.43115,2080.4856,68.6471558],"rotationMatrix":[-0.481780827,-0.876291573,0,0.876291573,-0.481780827,0,0,0,0.999999881],"scale":0.502297163,"type":"desert_rocks_small_05"}
{"ctxid":0,"pos":[-1217.38525,2077.51025,70.8194885],"rotationMatrix":[-0.999969304,-0.00782067608,0,0.00782067608,-0.999969304,0,0,0,0.999999881],"scale":1.33945847,"type":"desert_rocks_small_05"}
{"ctxid":0,"pos":[-1220.1947,2077.99292,70.1928101],"rotationMatrix":[0.995014846,0.099725917,0,-0.099725917,0.995014846,0,0,0,0.999999881],"scale":0.963012934,"type":"desert_rocks_small_05"}
{"ctxid":0,"pos":[-1216.42896,2080.99976,69.9440079],"rotationMatrix":[0.325270712,-0.945620835,0,0.945620835,0.325270712,0,0,0,0.999999881],"scale":0.692397475,"type":"desert_rocks_small_05"}
{"ctxid":0,"pos":[-1223.58228,2076.63647,69.9325562],"rotationMatrix":[-0.446543455,0.894761801,0,-0.894761801,-0.446543455,0,0,0,0.999999881],"scale":0.984642625,"type":"desert_rocks_small_05"}
{"ctxid":0,"pos":[-1221.19727,2076.45996,70.519722],"rotationMatrix":[0.997367799,0.072506465,0,-0.072506465,0.997367799,0,0,0,0.999999881],"scale":1.18821883,"type":"desert_rocks_small_05"}
{"ctxid":0,"pos":[-1222.64441,2082.14331,69.1285629],"rotationMatrix":[-0.0947044268,-0.995505273,0,0.995505273,-0.0947044268,0,0,0,0.999999881],"scale":0.391855925,"type":"desert_rocks_small_05"}
{"ctxid":0,"pos":[-1222.28406,2080.31323,69.3939896],"rotationMatrix":[0.832180738,0.554504454,0,-0.554504454,0.832180738,0,0,0,0.999999881],"scale":0.911387384,"type":"desert_rocks_small_05"}
{"ctxid":0,"pos":[-1224.26624,2083.677,68.6035004],"rotationMatrix":[0.419936627,-0.907553375,0,0.907553375,0.419936627,0,0,0,0.999999881],"scale":0.545074582,"type":"desert_rocks_small_05"}
{"ctxid":0,"pos":[-1224.61511,2078.89331,69.2891998],"rotationMatrix":[-0.851409078,0.52450192,0,-0.52450192,-0.851409078,0,0,0,0.999999881],"scale":0.536264002,"type":"desert_rocks_small_05"}
{"ctxid":0,"pos":[-1223.3551,2079.24805,69.3692017],"rotationMatrix":[0.83440876,-0.551145971,0,0.551145971,0.83440876,0,0,0,0.999999881],"scale":1.11576772,"type":"desert_rocks_small_05"}
{"ctxid":0,"pos":[-1230.30054,2070.23877,69.9102325],"rotationMatrix":[0.239874199,-0.970803916,0,0.970803916,0.239874199,0,0,0,0.999999881],"scale":0.961438358,"type":"desert_rocks_small_05"}
{"ctxid":0,"pos":[-1227.45007,2070.53076,70.9666748],"rotationMatrix":[-0.156898722,-0.987614572,0,0.987614572,-0.156898722,0,0,0,0.999999881],"scale":0.660851121,"type":"desert_rocks_small_05"}
{"ctxid":0,"pos":[-1227.22937,2071.69019,70.7068939],"rotationMatrix":[-0.586762905,0.809758544,0,-0.809758544,-0.586762905,0,0,0,0.999999881],"scale":0.462299407,"type":"desert_rocks_small_05"}
{"ctxid":0,"pos":[-1230.16138,2076.70215,68.6703949],"rotationMatrix":[0.923056424,0.384664506,0,-0.384664506,0.923056424,0,0,0,0.999999881],"scale":0.646535933,"type":"desert_rocks_small_05"}
{"ctxid":0,"pos":[-1234.52844,2072.34351,68.4471359],"rotationMatrix":[-0.686718643,-0.726923108,0,0.726923108,-0.686718643,0,0,0,0.999999881],"scale":0.738325834,"type":"desert_rocks_small_05"}
{"ctxid":0,"pos":[-1237.27734,2068.64453,68.4549942],"rotationMatrix":[0.776011884,-0.630718112,0,0.630718112,0.776011884,0,0,0,0.999999881],"scale":1.07178867,"type":"desert_rocks_small_05"}
{"ctxid":0,"pos":[-1233.31543,2064.87427,70.2340393],"rotationMatrix":[-0.723869264,-0.689936996,0,0.689936996,-0.723869264,0,0,0,0.999999881],"scale":1.04496062,"type":"desert_rocks_small_05"}
{"ctxid":0,"pos":[-1238.80188,2068.54395,68.1678009],"rotationMatrix":[-0.647295654,-0.762238979,0,0.762238979,-0.647295654,0,0,0,0.999999881],"scale":1.02403116,"type":"desert_rocks_small_05"}
{"ctxid":0,"pos":[-1234.07751,2063.55591,69.9977264],"rotationMatrix":[-0.759020925,-0.651066005,0,0.651066005,-0.759020925,0,0,0,0.999999881],"scale":1.30879223,"type":"desert_rocks_small_05"}
{"ctxid":0,"pos":[-1239.50732,2066.11035,68.4023819],"rotationMatrix":[-0.976343155,-0.216226712,0,0.216226712,-0.976343155,0,0,0,0.999999881],"scale":0.593191326,"type":"desert_rocks_small_05"}
{"ctxid":0,"pos":[-1238.14392,2066.60547,68.5932999],"rotationMatrix":[0.698231101,-0.715872347,0,0.715872347,0.698231101,0,0,0,0.999999881],"scale":0.496236444,"type":"desert_rocks_small_05"}
{"ctxid":0,"pos":[-1238.77197,2062.63428,69.0973434],"rotationMatrix":[0.859599471,0.510968328,0,-0.510968328,0.859599471,0,0,0,0.999999881],"scale":0.451864779,"type":"desert_rocks_small_05"}
{"ctxid":0,"pos":[-1239.11145,2055.5603,70.2654419],"rotationMatrix":[0.386951059,-0.922100127,0,0.922100127,0.386951059,0,0,0,0.999999881],"scale":0.968562365,"type":"desert_rocks_small_05"}
{"ctxid":0,"pos":[-1242.19873,2059.2168,69.1499023],"rotationMatrix":[-0.843862176,-0.53655982,0,0.53655982,-0.843862176,0,0,0,0.999999881],"scale":0.41240716,"type":"desert_rocks_small_05"}
