{"ctxid":0,"pos":[-989.490845,2070.66968,70.1579285],"rotationMatrix":[0.042977117,-0.999076009,0,0.999076009,0.042977117,0,0,0,0.999999881],"scale":0.759065509,"type":"desert_rocks_tiny_07"}
{"ctxid":0,"pos":[-989.036804,2069.27979,71.1785431],"rotationMatrix":[-0.248513401,-0.968628347,0,0.968628347,-0.248513401,0,0,0,0.999999881],"scale":0.707955003,"type":"desert_rocks_tiny_07"}
{"ctxid":0,"pos":[-989.960632,2070.47681,70.1066437],"rotationMatrix":[-0.99542731,-0.0955211669,0,0.0955211669,-0.99542731,0,0,0,0.999999881],"scale":0.867582798,"type":"desert_rocks_tiny_07"}
{"ctxid":0,"pos":[-986.428772,2070.10962,71.6116333],"rotationMatrix":[-0.620250404,-0.784403861,0,0.784403861,-0.620250404,0,0,0,0.999999881],"scale":0.730805755,"type":"desert_rocks_tiny_07"}
{"ctxid":0,"pos":[-988.134216,2070.93335,70.4866943],"rotationMatrix":[-0.216159821,0.976357877,0,-0.976357877,-0.216159821,0,0,0,0.999999881],"scale":0.767392516,"type":"desert_rocks_tiny_07"}
{"ctxid":0,"pos":[-987.68689,2069.7146,71.3994522],"rotationMatrix":[0.586676657,-0.809821069,0,0.809821069,0.586676657,0,0,0,0.999999881],"scale":0.77918148,"type":"desert_rocks_tiny_07"}
{"ctxid":0,"pos":[-987.898743,2068.48071,72.0828552],"rotationMatrix":[0.986661077,0.162787691,0,-0.162787691,0.986661077,0,0,0,0.999999881],"scale":0.879163682,"type":"desert_rocks_tiny_07"}
{"ctxid":0,"pos":[-987.994202,2068.70483,71.9102249],"rotationMatrix":[-0.888183594,-0.459488541,0,0.459488541,-0.888183594,0,0,0,0.999999881],"scale":0.830812216,"type":"desert_rocks_tiny_07"}
{"ctxid":0,"pos":[-988.369141,2069.43018,71.3276367],"rotationMatrix":[0.240349621,0.970686376,0,-0.970686376,0.240349621,0,0,0,0.999999881],"scale":0.802284181,"type":"desert_rocks_tiny_07"}
{"ctxid":0,"pos":[-990.130493,2070.40015,70.0923615],"rotationMatrix":[-0.620674849,0.784067869,0,-0.784067869,-0.620674849,0,0,0,0.999999881],"scale":0.703175962,"type":"desert_rocks_tiny_07"}
{"ctxid":0,"pos":[-991.230042,2070.35352,69.7235565],"rotationMatrix":[0.93977648,0.341789544,0,-0.341789544,0.93977648,0,0,0,0.999999881],"scale":0.6718086,"type":"desert_rocks_tiny_07"}
{"ctxid":0,"pos":[-991.045776,2070.49316,69.7036591],"rotationMatrix":[-0.944967151,0.327164948,0,-0.327164948,-0.944967151,0,0,0,0.999999881],"scale":0.714066386,"type":"desert_rocks_tiny_07"}
{"ctxid":0,"pos":[-993.922058,2068.38232,69.5104675],"rotationMatrix":[-0.577104151,-0.816670358,0,0.816670358,-0.577104151,0,0,0,0.999999881],"scale":0.718704104,"type":"desert_rocks_tiny_07"}
{"ctxid":0,"pos":[-992.875122,2067.92578,70.8511963],"rotationMatrix":[0.587270796,-0.809390366,0,0.809390366,0.587270796,0,0,0,0.999999881],"scale":0.775581837,"type":"desert_rocks_tiny_07"}
{"ctxid":0,"pos":[-995.597839,2067.36646,69.0298843],"rotationMatrix":[-0.677771688,0.735272288,0,-0.735272288,-0.677771688,0,0,0,0.999999881],"scale":0.793245792,"type":"desert_rocks_tiny_07"}
{"ctxid":0,"pos":[-993.15332,2068.33838,70.2363129],"rotationMatrix":[-0.262470812,-0.964939833,0,0.964939833,-0.262470812,0,0,0,0.999999881],"scale":0.789782047,"type":"desert_rocks_tiny_07"}
{"ctxid":0,"pos":[-993.450195,2066.34106,71.7443771],"rotationMatrix":[-0.579770565,-0.814779639,0,0.814779639,-0.579770565,0,0,0,0.999999881],"scale":0.836832881,"type":"desert_rocks_tiny_07"}
{"ctxid":0,"pos":[-995.389099,2067.29126,69.1771851],"rotationMatrix":[0.357224882,-0.934018314,0,0.934018314,0.357224882,0,0,0,0.999999881],"scale":0.799978197,"type":"desert_rocks_tiny_07"}
{"ctxid":0,"pos":[-993.964172,2067.9668,69.8417587],"rotationMatrix":[0.0900901705,-0.995933473,0,0.995933473,0.0900901705,0,0,0,0.999999881],"scale":0.919975519,"type":"desert_rocks_tiny_07"}
{"ctxid":0,"pos":[-994.285767,2066.76196,70.6241379],"rotationMatrix":[0.0991141871,0.995076001,0,-0.995076001,0.0991141871,0,0,0,0.999999881],"scale":0.685652852,"type":"desert_rocks_tiny_07"}
{"ctxid":0,"pos":[-998.988403,2064.54297,71.0917282],"rotationMatrix":[-0.715524733,-0.698587418,0,0.698587418,-0.715524733,0,0,0,0.999999881],"scale":0.70466125,"type":"desert_rocks_tiny_07"}
{"ctxid":0,"pos":[-996.42749,2066.22095,69.8925095],"rotationMatrix":[0.974245489,0.225489929,0,-0.225489929,0.974245489,0,0,0,0.999999881],"scale":0.845627546,"type":"desert_rocks_tiny_07"}
{"ctxid":0,"pos":[-998.587341,2065.34985,70.3845291],"rotationMatrix":[-0.662865639,0.748738229,0,-0.748738229,-0.662865639,0,0,0,0.999999881],"scale":0.662978172,"type":"desert_rocks_tiny_07"}
{"ctxid":0,"pos":[-996.079651,2064.44458,71.7926407],"rotationMatrix":[0.705554366,0.708655775,0,-0.708655775,0.705554366,0,0,0,0.999999881],"scale":0.689793468,"type":"desert_rocks_tiny_07"}
{"ctxid":0,"pos":[-1001.00739,2062.75244,72.5841522],"rotationMatrix":[0.570196152,-0.821508467,0,0.821508467,0.570196152,0,0,0,0.999999881],"scale":0.874883354,"type":"desert_rocks_tiny_07"}
{"ctxid":0,"pos":[-999.396973,2064.23218,71.346817],"rotationMatrix":[0.293635845,0.955917358,0,-0.955917358,0.293635845,0,0,0,0.999999881],"scale":0.770538867,"type":"desert_rocks_tiny_07"}
{"ctxid":0,"pos":[-999.669739,2064.59253,71.0002136],"rotationMatrix":[0.211473167,-0.977383733,0,0.977383733,0.211473167,0,0,0,0.999999881],"scale":0.771172702,"type":"desert_rocks_tiny_07"}
{"ctxid":0,"pos":[-999.547913,2063.86157,71.6739044],"rotationMatrix":[0.902034461,-0.431663632,0,0.431663632,0.902034461,0,0,0,0.999999881],"scale":0.650801778,"type":"desert_rocks_tiny_07"}
{"ctxid":0,"pos":[-1002.60681,2064.24463,71.11689],"rotationMatrix":[-0.581552446,0.813508689,0,-0.813508689,-0.581552446,0,0,0,0.999999881],"scale":0.814166784,"type":"desert_rocks_tiny_07"}
{"ctxid":0,"pos":[-1003.27319,2064.69971,70.6572571],"rotationMatrix":[0.904209673,0.427088708,0,-0.427088708,0.904209673,0,0,0,0.999999881],"scale":0.663454592,"type":"desert_rocks_tiny_07"}
{"ctxid":0,"pos":[-1001.94061,2065.00732,70.4679794],"rotationMatrix":[0.792207181,0.610252261,0,-0.610252261,0.792207181,0,0,0,0.999999881],"scale":0.818878114,"type":"desert_rocks_tiny_07"}
{"ctxid":0,"pos":[-1000.82001,2063.40967,71.998642],"rotationMatrix":[0.257385015,-0.966308892,0,0.966308892,0.257385015,0,0,0,0.999999881],"scale":0.896188319,"type":"desert_rocks_tiny_07"}
{"ctxid":0,"pos":[-1001.22522,2065.146,70.3904648],"rotationMatrix":[0.813044965,0.582200885,0,-0.582200885,0.813044965,0,0,0,0.999999881],"scale":0.77985853,"type":"desert_rocks_tiny_07"}
{"ctxid":0,"pos":[-1004.5318,2065.46069,69.8788147],"rotationMatrix":[-0.682219625,0.731147051,0,-0.731147051,-0.682219625,0,0,0,0.999999881],"scale":0.709470749,"type":"desert_rocks_tiny_07"}
{"ctxid":0,"pos":[-1005.3028,2064.20166,70.9173965],"rotationMatrix":[0.991826057,-0.127596438,0,0.127596438,0.991826057,0,0,0,0.999999881],"scale":0.743900061,"type":"desert_rocks_tiny_07"}
{"ctxid":0,"pos":[-1006.39569,2063.99121,70.8053665],"rotationMatrix":[0.750261724,0.661140919,0,-0.661140919,0.750261724,0,0,0,0.999999881],"scale":0.775488436,"type":"desert_rocks_tiny_07"}
{"ctxid":0,"pos":[-1003.44885,2062.82104,72.2623138],"rotationMatrix":[0.290406078,0.956903458,0,-0.956903458,0.290406078,0,0,0,0.999999881],"scale":0.803786695,"type":"desert_rocks_tiny_07"}
{"ctxid":0,"pos":[-1006.80627,2063.66064,70.9325485],"rotationMatrix":[-0.401503175,-0.915857553,0,0.915857553,-0.401503175,0,0,0,0.999999881],"scale":0.736818731,"type":"desert_rocks_tiny_07"}
{"ctxid":0,"pos":[-1008.00385,2064.10669,70.4653702],"rotationMatrix":[0.653773427,-0.756690204,0,0.756690204,0.653773427,0,0,0,0.999999881],"scale":0.700537562,"type":"desert_rocks_tiny_07"}
{"ctxid":0,"pos":[-1009.94678,2065.69702,69.9249725],"rotationMatrix":[0.549614787,0.835418165,0,-0.835418165,0.549614787,0,0,0,0.999999881],"scale":0.730382085,"type":"desert_rocks_tiny_07"}
{"ctxid":0,"pos":[-1006.72296,2063.85596,70.821312],"rotationMatrix":[-0.950131118,0.311850399,0,-0.311850399,-0.950131118,0,0,0,0.999999881],"scale":0.677874684,"type":"desert_rocks_tiny_07"}
{"ctxid":0,"pos":[-1007.79413,2064.52808,70.2203064],"rotationMatrix":[0.679151118,-0.733998358,0,0.733998358,0.679151118,0,0,0,0.999999881],"scale":0.895411432,"type":"desert_rocks_tiny_07"}
{"ctxid":0,"pos":[-1007.7359,2064.10522,70.4383392],"rotationMatrix":[-0.0440010391,-0.999031425,0,0.999031425,-0.0440010391,0,0,0,0.999999881],"scale":0.813510776,"type":"desert_rocks_tiny_07"}
{"ctxid":0,"pos":[-1008.47656,2062.84619,71.1823883],"rotationMatrix":[-0.917325616,0.39813754,0,-0.39813754,-0.917325616,0,0,0,0.999999881],"scale":0.837347269,"type":"desert_rocks_tiny_07"}
{"ctxid":0,"pos":[-1008.11871,2065.41016,69.7865753],"rotationMatrix":[-0.871508062,-0.490381241,0,0.490381241,-0.871508062,0,0,0,0.999999881],"scale":0.799534321,"type":"desert_rocks_tiny_07"}
{"ctxid":0,"pos":[-1009.91614,2064.80005,70.2964478],"rotationMatrix":[0.844263971,0.535927415,0,-0.535927415,0.844263971,0,0,0,0.999999881],"scale":0.679260612,"type":"desert_rocks_tiny_07"}
{"ctxid":0,"pos":[-1010.95227,2066.59351,69.8889771],"rotationMatrix":[-0.971615314,0.236565933,0,-0.236565933,-0.971615314,0,0,0,0.999999881],"scale":0.654063225,"type":"desert_rocks_tiny_07"}
{"ctxid":0,"pos":[-1010.64417,2064.12598,70.7292099],"rotationMatrix":[0.266967297,0.963705599,0,-0.963705599,0.266967297,0,0,0,0.999999881],"scale":0.884216487,"type":"desert_rocks_tiny_07"}
{"ctxid":0,"pos":[-1011.76917,2064.3811,70.7107925],"rotationMatrix":[-0.438559771,0.898701906,0,-0.898701906,-0.438559771,0,0,0,0.999999881],"scale":0.649599493,"type":"desert_rocks_tiny_07"}
{"ctxid":0,"pos":[-1010.42047,2064.31763,70.6044388],"rotationMatrix":[0.999986529,0.00516394805,0,-0.00516394805,0.999986529,0,0,0,0.999999881],"scale":0.641171336,"type":"desert_rocks_tiny_07"}
{"ctxid":0,"pos":[-1012.13501,2064.2832,70.8006439],"rotationMatrix":[0.954309702,0.298819274,0,-0.298819274,0.954309702,0,0,0,0.999999881],"scale":0.772269428,"type":"desert_rocks_tiny_07"}
{"ctxid":0,"pos":[-1014.39001,2065.90747,70.4517441],"rotationMatrix":[0.663469791,0.748203039,0,-0.748203039,0.663469791,0,0,0,0.999999881],"scale":0.805518389,"type":"desert_rocks_tiny_07"}
{"ctxid":0,"pos":[-1016.62933,2065.45459,70.8186722],"rotationMatrix":[0.658404291,0.752664447,0,-0.752664447,0.658404291,0,0,0,0.999999881],"scale":0.916466296,"type":"desert_rocks_tiny_07"}
{"ctxid":0,"pos":[-1013.67603,2066.38721,70.273201],"rotationMatrix":[-0.962039173,-0.272911251,0,0.272911251,-0.962039173,0,0,0,0.999999881],"scale":0.633669138,"type":"desert_rocks_tiny_07"}
{"ctxid":0,"pos":[-1013.7605,2066.23584,70.311615],"rotationMatrix":[0.144240811,-0.989542544,0,0.989542544,0.144240811,0,0,0,0.999999881],"scale":0.754961967,"type":"desert_rocks_tiny_07"}
{"ctxid":0,"pos":[-1016.75232,2066.36133,70.5961304],"rotationMatrix":[0.774731517,-0.632290244,0,0.632290244,0.774731517,0,0,0,0.999999881],"scale":0.77713418,"type":"desert_rocks_tiny_07"}
{"ctxid":0,"pos":[-1019.06787,2065.25488,70.7107086],"rotationMatrix":[0.601968884,-0.798519433,0,0.798519433,0.601968884,0,0,0,0.999999881],"scale":0.8725034,"type":"desert_rocks_tiny_07"}
{"ctxid":0,"pos":[-1019.09857,2065.46387,70.6898651],"rotationMatrix":[-0.787535131,-0.616269588,0,0.616269588,-0.787535131,0,0,0,0.999999881],"scale":0.699542642,"type":"desert_rocks_tiny_07"}
{"ctxid":0,"pos":[-1019.5036,2066.35791,70.5261841],"rotationMatrix":[-0.84146899,0.540305257,0,-0.540305257,-0.84146899,0,0,0,0.999999881],"scale":0.784075379,"type":"desert_rocks_tiny_07"}
{"ctxid":0,"pos":[-1019.57452,2066.61938,70.4569092],"rotationMatrix":[0.89708823,0.441851407,0,-0.441851407,0.89708823,0,0,0,0.999999881],"scale":0.746095181,"type":"desert_rocks_tiny_07"}
{"ctxid":0,"pos":[-1022.83197,2064.09839,70.4937515],"rotationMatrix":[-0.776339531,0.630314648,0,-0.630314648,-0.776339531,0,0,0,0.999999881],"scale":0.834276915,"type":"desert_rocks_tiny_07"}
{"ctxid":0,"pos":[-1021.3692,2064.68115,70.5009155],"rotationMatrix":[-0.711691201,-0.702492416,0,0.702492416,-0.711691201,0,0,0,0.999999881],"scale":0.772417426,"type":"desert_rocks_tiny_07"}
{"ctxid":0,"pos":[-1024.89624,2063.61938,70.3627625],"rotationMatrix":[0.577755392,0.816209972,0,-0.816209972,0.577755392,0,0,0,0.999999881],"scale":0.646216333,"type":"desert_rocks_tiny_07"}
{"ctxid":0,"pos":[-1025.01392,2062.72949,70.6589661],"rotationMatrix":[-0.707068741,-0.707144678,0,0.707144678,-0.707068741,0,0,0,0.999999881],"scale":0.69755125,"type":"desert_rocks_tiny_07"}
{"ctxid":0,"pos":[-1024.77466,2062.30591,70.8428192],"rotationMatrix":[0.868203998,0.496207356,0,-0.496207356,0.868203998,0,0,0,0.999999881],"scale":0.753790021,"type":"desert_rocks_tiny_07"}
{"ctxid":0,"pos":[-1023.6098,2065.21777,70.0090332],"rotationMatrix":[0.955701292,-0.294337958,0,0.294337958,0.955701292,0,0,0,0.999999881],"scale":0.876409352,"type":"desert_rocks_tiny_07"}
{"ctxid":0,"pos":[-1022.86578,2061.87939,71.2700424],"rotationMatrix":[-0.542004824,-0.840375364,0,0.840375364,-0.542004824,0,0,0,0.999999881],"scale":0.7623384,"type":"desert_rocks_tiny_07"}
{"ctxid":0,"pos":[-1025.25586,2062.85864,70.5783997],"rotationMatrix":[0.993692815,-0.112135239,0,0.112135239,0.993692815,0,0,0,0.999999881],"scale":0.892243266,"type":"desert_rocks_tiny_07"}
{"ctxid":0,"pos":[-1024.62634,2063.33179,70.5031891],"rotationMatrix":[0.952680409,-0.303973377,0,0.303973377,0.952680409,0,0,0,0.999999881],"scale":0.646123409,"type":"desert_rocks_tiny_07"}
{"ctxid":0,"pos":[-1025.19043,2062.44751,70.7331009],"rotationMatrix":[-0.880721629,0.473633945,0,-0.473633945,-0.880721629,0,0,0,0.999999881],"scale":0.787128091,"type":"desert_rocks_tiny_07"}
{"ctxid":0,"pos":[-1027.9646,2063.59766,70.1074982],"rotationMatrix":[-0.973930299,0.22684741,0,-0.22684741,-0.973930299,0,0,0,0.999999881],"scale":0.690020561,"type":"desert_rocks_tiny_07"}
{"ctxid":0,"pos":[-1027.75562,2063.80615,70.0214462],"rotationMatrix":[0.0876632035,0.996150076,0,-0.996150076,0.0876632035,0,0,0,0.999999881],"scale":0.811969399,"type":"desert_rocks_tiny_07"}
{"ctxid":0,"pos":[-1026.22571,2064.39819,69.8955994],"rotationMatrix":[0.93074137,0.365678132,0,-0.365678132,0.93074137,0,0,0,0.999999881],"scale":0.858483851,"type":"desert_rocks_tiny_07"}
{"ctxid":0,"pos":[-1026.95374,2063.33301,70.1778641],"rotationMatrix":[-0.991707265,0.128516987,0,-0.128516987,-0.991707265,0,0,0,0.999999881],"scale":0.810187578,"type":"desert_rocks_tiny_07"}
{"ctxid":0,"pos":[-1029.1792,2062.96655,70.479187],"rotationMatrix":[-0.44898954,-0.893536985,0,0.893536985,-0.44898954,0,0,0,0.999999881],"scale":0.757575333,"type":"desert_rocks_tiny_07"}
{"ctxid":0,"pos":[-1028.68555,2065.18359,69.780983],"rotationMatrix":[0.0269891918,-0.999635637,0,0.999635637,0.0269891918,0,0,0,0.999999881],"scale":0.850557089,"type":"desert_rocks_tiny_07"}
{"ctxid":0,"pos":[-1028.84338,2063.60791,70.2374878],"rotationMatrix":[0.876431823,0.481525928,0,-0.481525928,0.876431823,0,0,0,0.999999881],"scale":0.912374616,"type":"desert_rocks_tiny_07"}
{"ctxid":0,"pos":[-1028.99573,2062.68774,70.5126572],"rotationMatrix":[-0.588154733,0.808748186,0,-0.808748186,-0.588154733,0,0,0,0.999999881],"scale":0.763844013,"type":"desert_rocks_tiny_07"}
{"ctxid":0,"pos":[-1032.86609,2064.50317,70.8762894],"rotationMatrix":[-0.953842938,0.300305575,0,-0.300305575,-0.953842938,0,0,0,0.999999881],"scale":0.802774906,"type":"desert_rocks_tiny_07"}
{"ctxid":0,"pos":[-1031.15503,2066.11401,69.9568405],"rotationMatrix":[-0.21784623,0.975982964,0,-0.975982964,-0.21784623,0,0,0,0.999999881],"scale":0.915015757,"type":"desert_rocks_tiny_07"}
{"ctxid":0,"pos":[-1030.45605,2066.22168,69.7737122],"rotationMatrix":[-0.818279982,0.574819565,0,-0.574819565,-0.818279982,0,0,0,0.999999881],"scale":0.863112569,"type":"desert_rocks_tiny_07"}
{"ctxid":0,"pos":[-1033.31921,2065.53857,70.6108704],"rotationMatrix":[-0.888828635,0.458239704,0,-0.458239704,-0.888828635,0,0,0,0.999999881],"scale":0.800229907,"type":"desert_rocks_tiny_07"}
{"ctxid":0,"pos":[-1033.38538,2066.7627,70.1845551],"rotationMatrix":[0.778078258,0.628167331,0,-0.628167331,0.778078258,0,0,0,0.999999881],"scale":0.629251242,"type":"desert_rocks_tiny_07"}
{"ctxid":0,"pos":[-1033.42896,2066.58496,70.2574463],"rotationMatrix":[0.887776494,0.460274756,0,-0.460274756,0.887776494,0,0,0,0.999999881],"scale":0.81968987,"type":"desert_rocks_tiny_07"}
{"ctxid":0,"pos":[-1032.20593,2065.26904,70.4777069],"rotationMatrix":[0.170946524,-0.985280216,0,0.985280216,0.170946524,0,0,0,0.999999881],"scale":0.784060597,"type":"desert_rocks_tiny_07"}
{"ctxid":0,"pos":[-1032.07324,2066.95874,69.8429565],"rotationMatrix":[-0.171230942,-0.985230803,0,0.985230803,-0.171230942,0,0,0,0.999999881],"scale":0.671049535,"type":"desert_rocks_tiny_07"}
{"ctxid":0,"pos":[-1034.08545,2067.27759,70.1441422],"rotationMatrix":[0.583685637,-0.811979651,0,0.811979651,0.583685637,0,0,0,0.999999881],"scale":0.711227655,"type":"desert_rocks_tiny_07"}
{"ctxid":0,"pos":[-1036.27869,2066.31812,70.6503143],"rotationMatrix":[-0.792819917,0.609455645,0,-0.609455645,-0.792819917,0,0,0,0.999999881],"scale":0.759842455,"type":"desert_rocks_tiny_07"}
{"ctxid":0,"pos":[-1034.47363,2067.99316,69.9671478],"rotationMatrix":[0.901443124,0.432897478,0,-0.432897478,0.901443124,0,0,0,0.999999881],"scale":0.854227185,"type":"desert_rocks_tiny_07"}
{"ctxid":0,"pos":[-1036.276,2066.51904,70.5577087],"rotationMatrix":[0.930525959,-0.366225511,0,0.366225511,0.930525959,0,0,0,0.999999881],"scale":0.802920341,"type":"desert_rocks_tiny_07"}
{"ctxid":0,"pos":[-1035.81335,2066.72827,70.4927673],"rotationMatrix":[0.890104592,0.455756187,0,-0.455756187,0.890104592,0,0,0,0.999999881],"scale":0.699402928,"type":"desert_rocks_tiny_07"}
{"ctxid":0,"pos":[-1036.73083,2064.68896,71.2987518],"rotationMatrix":[0.840008974,0.542572498,0,-0.542572498,0.840008974,0,0,0,0.999999881],"scale":0.916312516,"type":"desert_rocks_tiny_07"}
{"ctxid":0,"pos":[-1038.75989,2067.39307,69.9838715],"rotationMatrix":[0.966733038,-0.255787104,0,0.255787104,0.966733038,0,0,0,0.999999881],"scale":0.794489145,"type":"desert_rocks_tiny_07"}
{"ctxid":0,"pos":[-1036.12439,2066.72485,70.4730377],"rotationMatrix":[-0.081723839,-0.996654928,0,0.996654928,-0.081723839,0,0,0,0.999999881],"scale":0.698480129,"type":"desert_rocks_tiny_07"}
{"ctxid":0,"pos":[-1040.79871,2065.56567,70.3794632],"rotationMatrix":[0.778124392,0.62811023,0,-0.62811023,0.778124392,0,0,0,0.999999881],"scale":0.798383176,"type":"desert_rocks_tiny_07"}
{"ctxid":0,"pos":[-1039.04053,2064.14917,70.8807526],"rotationMatrix":[-0.33132568,0.943516314,0,-0.943516314,-0.33132568,0,0,0,0.999999881],"scale":0.630904377,"type":"desert_rocks_tiny_07"}
{"ctxid":0,"pos":[-1041.60339,2066.65942,70.0388184],"rotationMatrix":[0.781693518,0.62366277,0,-0.62366277,0.781693518,0,0,0,0.999999881],"scale":0.858206272,"type":"desert_rocks_tiny_07"}
{"ctxid":0,"pos":[-1040.73462,2063.52295,70.9821396],"rotationMatrix":[-0.476146728,-0.879365861,0,0.879365861,-0.476146728,0,0,0,0.999999881],"scale":0.844535112,"type":"desert_rocks_tiny_07"}
{"ctxid":0,"pos":[-1041.04102,2063.70117,70.905838],"rotationMatrix":[0.990333736,-0.138703957,0,0.138703957,0.990333736,0,0,0,0.999999881],"scale":0.802456737,"type":"desert_rocks_tiny_07"}
{"ctxid":0,"pos":[-1043.45825,2065.15918,70.3274231],"rotationMatrix":[-0.86134398,0.508021951,0,-0.508021951,-0.86134398,0,0,0,0.999999881],"scale":0.842178047,"type":"desert_rocks_tiny_07"}
{"ctxid":0,"pos":[-1043.16089,2065.36621,70.2893753],"rotationMatrix":[0.986106455,-0.166114151,0,0.166114151,0.986106455,0,0,0,0.999999881],"scale":0.835917115,"type":"desert_rocks_tiny_07"}
{"ctxid":0,"pos":[-1042.90747,2065.05664,70.3762512],"rotationMatrix":[-0.896912992,0.442207068,0,-0.442207068,-0.896912992,0,0,0,0.999999881],"scale":0.784043193,"type":"desert_rocks_tiny_07"}
{"ctxid":0,"pos":[-1042.41284,2062.75195,71.075386],"rotationMatrix":[0.99722141,-0.074492909,0,0.074492909,0.99722141,0,0,0,0.999999881],"scale":0.732665837,"type":"desert_rocks_tiny_07"}
{"ctxid":0,"pos":[-1044.00793,2065.2041,70.292778],"rotationMatrix":[0.999994695,0.00323229842,0,-0.00323229842,0.999994695,0,0,0,0.999999881],"scale":0.704914749,"type":"desert_rocks_tiny_07"}
{"ctxid":0,"pos":[-1043.65125,2065.06372,70.3425674],"rotationMatrix":[0.765405834,0.643547893,0,-0.643547893,0.765405834,0,0,0,0.999999881],"scale":0.660774827,"type":"desert_rocks_tiny_07"}
{"ctxid":0,"pos":[-1043.7959,2065.68433,70.1840057],"rotationMatrix":[0.842397749,0.538856149,0,-0.538856149,0.842397749,0,0,0,0.999999881],"scale":0.735669136,"type":"desert_rocks_tiny_07"}
{"ctxid":0,"pos":[-1046.38538,2063.6748,70.5660706],"rotationMatrix":[0.961506903,0.274780661,0,-0.274780661,0.961506903,0,0,0,0.999999881],"scale":0.739839256,"type":"desert_rocks_tiny_07"}
{"ctxid":0,"pos":[-1046.14685,2063.67432,70.5764313],"rotationMatrix":[0.369332641,0.929297268,0,-0.929297268,0.369332641,0,0,0,0.999999881],"scale":0.684393466,"type":"desert_rocks_tiny_07"}
{"ctxid":0,"pos":[-1046.39648,2063.93335,70.502121],"rotationMatrix":[0.869765818,0.493464679,0,-0.493464679,0.869765818,0,0,0,0.999999881],"scale":0.809715629,"type":"desert_rocks_tiny_07"}
{"ctxid":0,"pos":[-1046.65491,2064.15576,70.4364166],"rotationMatrix":[-0.937379777,-0.348308891,0,0.348308891,-0.937379777,0,0,0,0.999999881],"scale":0.762270451,"type":"desert_rocks_tiny_07"}
{"ctxid":0,"pos":[-1047.90747,2064.60376,70.3055115],"rotationMatrix":[-0.434721291,0.900564909,0,-0.900564909,-0.434721291,0,0,0,0.999999881],"scale":0.805639684,"type":"desert_rocks_tiny_07"}
{"ctxid":0,"pos":[-1047.49316,2062.62793,70.7754669],"rotationMatrix":[-0.849449158,-0.527670503,0,0.527670503,-0.849449158,0,0,0,0.999999881],"scale":0.631040871,"type":"desert_rocks_tiny_07"}
{"ctxid":0,"pos":[-1048.79187,2062.97925,70.6900024],"rotationMatrix":[-0.15689449,-0.987615228,0,0.987615228,-0.15689449,0,0,0,0.999999881],"scale":0.767701387,"type":"desert_rocks_tiny_07"}
{"ctxid":0,"pos":[-1048.20056,2061.69312,70.9749985],"rotationMatrix":[-0.180251166,0.983620524,0,-0.983620524,-0.180251166,0,0,0,0.999999881],"scale":0.746112227,"type":"desert_rocks_tiny_07"}
{"ctxid":0,"pos":[-1049.28491,2061.20093,71.0405807],"rotationMatrix":[0.970837772,0.239737332,0,-0.239737332,0.970837772,0,0,0,0.999999881],"scale":0.755745173,"type":"desert_rocks_tiny_07"}
{"ctxid":0,"pos":[-1051.17212,2062.73999,70.5287628],"rotationMatrix":[-0.723762333,-0.69004935,0,0.69004935,-0.723762333,0,0,0,0.999999881],"scale":0.913769364,"type":"desert_rocks_tiny_07"}
{"ctxid":0,"pos":[-1049.3783,2064.10669,70.441185],"rotationMatrix":[0.149841458,-0.988709867,0,0.988709867,0.149841458,0,0,0,0.999999881],"scale":0.632920563,"type":"desert_rocks_tiny_07"}
{"ctxid":0,"pos":[-1052.74683,2061.68726,70.6231995],"rotationMatrix":[0.693038344,0.720900714,0,-0.720900714,0.693038344,0,0,0,0.999999881],"scale":0.822128356,"type":"desert_rocks_tiny_07"}
{"ctxid":0,"pos":[-1052.74133,2061.50732,70.6673889],"rotationMatrix":[0.913341165,0.407195121,0,-0.407195121,0.913341165,0,0,0,0.999999881],"scale":0.882744312,"type":"desert_rocks_tiny_07"}
{"ctxid":0,"pos":[-1051.3219,2060.96753,70.9139557],"rotationMatrix":[0.359428734,-0.933172405,0,0.933172405,0.359428734,0,0,0,0.999999881],"scale":0.723062873,"type":"desert_rocks_tiny_07"}
{"ctxid":0,"pos":[-1053.3772,2061.53149,70.609848],"rotationMatrix":[-0.364925772,0.931036532,0,-0.931036532,-0.364925772,0,0,0,0.999999881],"scale":0.637478471,"type":"desert_rocks_tiny_07"}
{"ctxid":0,"pos":[-1053.42737,2063.25659,70.1863556],"rotationMatrix":[-0.999452114,0.0330939293,0,-0.0330939293,-0.999452114,0,0,0,0.999999881],"scale":0.715561867,"type":"desert_rocks_tiny_07"}
{"ctxid":0,"pos":[-1055.51367,2060.69214,70.6403427],"rotationMatrix":[-0.216245979,-0.976338804,0,0.976338804,-0.216245979,0,0,0,0.999999881],"scale":0.68440944,"type":"desert_rocks_tiny_07"}
{"ctxid":0,"pos":[-1055.66968,2062.92896,70.0838318],"rotationMatrix":[-0.488841712,-0.872372448,0,0.872372448,-0.488841712,0,0,0,0.999999881],"scale":0.851295054,"type":"desert_rocks_tiny_07"}
{"ctxid":0,"pos":[-1055.91235,2060.62549,70.6241608],"rotationMatrix":[-0.974525869,0.224274501,0,-0.224274501,-0.974525869,0,0,0,0.999999881],"scale":0.656531572,"type":"desert_rocks_tiny_07"}
{"ctxid":0,"pos":[-1055.78503,2060.24585,70.726799],"rotationMatrix":[-0.369869769,0.929083467,0,-0.929083467,-0.369869769,0,0,0,0.999999881],"scale":0.88740623,"type":"desert_rocks_tiny_07"}
{"ctxid":0,"pos":[-1056.84656,2059.54541,70.8168335],"rotationMatrix":[0.80561924,-0.592433512,0,0.592433512,0.80561924,0,0,0,0.999999881],"scale":0.877799273,"type":"desert_rocks_tiny_07"}
{"ctxid":0,"pos":[-1060.67358,2061.1521,70.2490158],"rotationMatrix":[-0.457336485,0.889293611,0,-0.889293611,-0.457336485,0,0,0,0.999999881],"scale":0.733894348,"type":"desert_rocks_tiny_07"}
{"ctxid":0,"pos":[-1058.7417,2058.75488,70.8937607],"rotationMatrix":[0.410663068,-0.911787093,0,0.911787093,0.410663068,0,0,0,0.999999881],"scale":0.673181653,"type":"desert_rocks_tiny_07"}
{"ctxid":0,"pos":[-1058.62329,2061.16821,70.2990189],"rotationMatrix":[0.841088116,-0.540898025,0,0.540898025,0.841088116,0,0,0,0.999999881],"scale":0.668678999,"type":"desert_rocks_tiny_07"}
{"ctxid":0,"pos":[-1059.76965,2057.69067,71.1064453],"rotationMatrix":[-0.189049363,-0.981967509,0,0.981967509,-0.189049363,0,0,0,0.999999881],"scale":0.888492227,"type":"desert_rocks_tiny_07"}
{"ctxid":0,"pos":[-1059.6687,2057.84277,71.0674896],"rotationMatrix":[0.938040078,0.346526742,0,-0.346526742,0.938040078,0,0,0,0.999999881],"scale":0.70551759,"type":"desert_rocks_tiny_07"}
{"ctxid":0,"pos":[-1062.39172,2059.11475,70.7299652],"rotationMatrix":[-0.778865755,-0.62719065,0,0.62719065,-0.778865755,0,0,0,0.999999881],"scale":0.906040013,"type":"desert_rocks_tiny_07"}
{"ctxid":0,"pos":[-1062.19214,2057.7207,71.0152512],"rotationMatrix":[-0.544170082,0.838974655,0,-0.838974655,-0.544170082,0,0,0,0.999999881],"scale":0.664322376,"type":"desert_rocks_tiny_07"}
{"ctxid":0,"pos":[-1063.15869,2056.89209,71.0790329],"rotationMatrix":[0.0957988575,0.995400727,0,-0.995400727,0.0957988575,0,0,0,0.999999881],"scale":0.727252841,"type":"desert_rocks_tiny_07"}
{"ctxid":0,"pos":[-1063.49707,2057.87061,70.8594437],"rotationMatrix":[-0.520287097,-0.85399133,0,0.85399133,-0.520287097,0,0,0,0.999999881],"scale":0.866669834,"type":"desert_rocks_tiny_07"}
{"ctxid":0,"pos":[-1065.89575,2060.11548,70.1975098],"rotationMatrix":[0.486145824,0.873877704,0,-0.873877704,0.486145824,0,0,0,0.999999881],"scale":0.728566289,"type":"desert_rocks_tiny_07"}
{"ctxid":0,"pos":[-1068.18311,2058.17505,70.3445358],"rotationMatrix":[0.278193563,-0.960524976,0,0.960524976,0.278193563,0,0,0,0.999999881],"scale":0.679917157,"type":"desert_rocks_tiny_07"}
{"ctxid":0,"pos":[-1067.79907,2056.70654,70.6620026],"rotationMatrix":[0.909489095,0.415727615,0,-0.415727615,0.909489095,0,0,0,0.999999881],"scale":0.766386211,"type":"desert_rocks_tiny_07"}
{"ctxid":0,"pos":[-1069.92981,2057.6145,70.2811356],"rotationMatrix":[-0.0566677712,0.99839294,0,-0.99839294,-0.0566677712,0,0,0,0.999999881],"scale":0.913280249,"type":"desert_rocks_tiny_07"}
{"ctxid":0,"pos":[-1069.51892,2056.39014,70.5546722],"rotationMatrix":[0.752793074,0.658257186,0,-0.658257186,0.752793074,0,0,0,0.999999881],"scale":0.914089799,"type":"desert_rocks_tiny_07"}
{"ctxid":0,"pos":[-1070.36206,2055.39429,70.6623764],"rotationMatrix":[-0.332277089,-0.943181694,0,0.943181694,-0.332277089,0,0,0,0.999999881],"scale":0.735653698,"type":"desert_rocks_tiny_07"}
{"ctxid":0,"pos":[-1070.82056,2054.85938,70.7196808],"rotationMatrix":[0.678461492,-0.73463583,0,0.73463583,0.678461492,0,0,0,0.999999881],"scale":0.721706986,"type":"desert_rocks_tiny_07"}
{"ctxid":0,"pos":[-1071.72876,2054.14355,70.7676392],"rotationMatrix":[-0.964588821,0.263758004,0,-0.263758004,-0.964588821,0,0,0,0.999999881],"scale":0.652979791,"type":"desert_rocks_tiny_07"}
{"ctxid":0,"pos":[-1071.59338,2056.91626,70.2520981],"rotationMatrix":[0.637059033,0.770815015,0,-0.770815015,0.637059033,0,0,0,0.999999881],"scale":0.711844087,"type":"desert_rocks_tiny_07"}
{"ctxid":0,"pos":[-1072.38989,2055.1377,70.5136032],"rotationMatrix":[-0.28500098,0.958527088,0,-0.958527088,-0.28500098,0,0,0,0.999999881],"scale":0.674431682,"type":"desert_rocks_tiny_07"}
{"ctxid":0,"pos":[-1071.21411,2054.95825,70.6624527],"rotationMatrix":[0.274615943,-0.961553872,0,0.961553872,0.274615943,0,0,0,0.999999881],"scale":0.680961609,"type":"desert_rocks_tiny_07"}
{"ctxid":0,"pos":[-1071.30176,2053.39819,70.9514008],"rotationMatrix":[-0.164334878,0.986404479,0,-0.986404479,-0.164334878,0,0,0,0.999999881],"scale":0.794870853,"type":"desert_rocks_tiny_07"}
{"ctxid":0,"pos":[-1036.96814,2064.6189,71.2345886],"rotationMatrix":[-0.684826553,-0.728705943,0,0.728705943,-0.684826553,0,0,0,0.999999881],"scale":0.901667178,"type":"desert_rocks_tiny_07"}
{"ctxid":0,"pos":[-1040.01929,2065.03809,70.5948639],"rotationMatrix":[0.840407193,-0.541955352,0,0.541955352,0.840407193,0,0,0,0.999999881],"scale":0.735134721,"type":"desert_rocks_tiny_07"}
{"ctxid":0,"pos":[-1038.61523,2065.80103,70.5145416],"rotationMatrix":[-0.994462788,-0.105087817,0,0.105087817,-0.994462788,0,0,0,0.999999881],"scale":0.77742517,"type":"desert_rocks_tiny_07"}
{"ctxid":0,"pos":[-1037.95422,2063.79028,71.0564499],"rotationMatrix":[0.947174847,0.320717454,0,-0.320717454,0.947174847,0,0,0,0.999999881],"scale":0.626589417,"type":"desert_rocks_tiny_07"}
{"ctxid":0,"pos":[-1037.33313,2065.1582,71.0293655],"rotationMatrix":[-0.383498251,-0.923541605,0,0.923541605,-0.383498251,0,0,0,0.999999881],"scale":0.638008237,"type":"desert_rocks_tiny_07"}
{"ctxid":0,"pos":[-1041.19043,2066.45972,70.1055832],"rotationMatrix":[0.987730801,-0.15616563,0,0.15616563,0.987730801,0,0,0,0.999999881],"scale":0.892760754,"type":"desert_rocks_tiny_07"}
{"ctxid":0,"pos":[-1047.60242,2061.18115,71.1259384],"rotationMatrix":[0.974115551,-0.226050377,0,0.226050377,0.974115551,0,0,0,0.999999881],"scale":0.753764093,"type":"desert_rocks_tiny_07"}
{"ctxid":0,"pos":[-1048.69421,2062.78101,70.7338333],"rotationMatrix":[0.975908101,-0.218181476,0,0.218181476,0.975908101,0,0,0,0.999999881],"scale":0.918549955,"type":"desert_rocks_tiny_07"}
{"ctxid":0,"pos":[-1051.23633,2062.55859,70.5506363],"rotationMatrix":[0.676846564,0.736124158,0,-0.736124158,0.676846564,0,0,0,0.999999881],"scale":0.634333789,"type":"desert_rocks_tiny_07"}
{"ctxid":0,"pos":[-1051.25024,2060.78955,70.9630508],"rotationMatrix":[0.00708684511,-0.999974787,0,0.999974787,0.00708684511,0,0,0,0.999999881],"scale":0.764078498,"type":"desert_rocks_tiny_07"}
{"ctxid":0,"pos":[-1050.82751,2060.17725,71.1462631],"rotationMatrix":[-0.991946995,0.126653373,0,-0.126653373,-0.991946995,0,0,0,0.999999881],"scale":0.889247835,"type":"desert_rocks_tiny_07"}
{"ctxid":0,"pos":[-1049.3772,2060.5752,71.1673431],"rotationMatrix":[-0.533711433,-0.845666587,0,0.845666587,-0.533711433,0,0,0,0.999999881],"scale":0.764120817,"type":"desert_rocks_tiny_07"}
{"ctxid":0,"pos":[-1046.53235,2063.62427,70.5721588],"rotationMatrix":[-0.091551967,0.995800197,0,-0.995800197,-0.091551967,0,0,0,0.999999881],"scale":0.326320827,"type":"desert_rocks_tiny_07"}
{"ctxid":0,"pos":[-1046.75146,2064.45923,70.3577728],"rotationMatrix":[0.991930187,-0.126784101,0,0.126784101,0.991930187,0,0,0,0.999999881],"scale":0.433597505,"type":"desert_rocks_tiny_07"}
{"ctxid":0,"pos":[-1048.75854,2064.38525,70.3682251],"rotationMatrix":[0.240090847,-0.970750332,0,0.970750332,0.240090847,0,0,0,0.999999881],"scale":0.435596734,"type":"desert_rocks_tiny_07"}
{"ctxid":0,"pos":[-1052.31311,2061.16797,70.7846909],"rotationMatrix":[0.9962942,-0.0860090405,0,0.0860090405,0.9962942,0,0,0,0.999999881],"scale":0.490445852,"type":"desert_rocks_tiny_07"}
{"ctxid":0,"pos":[-1049.99121,2062.50977,70.7258835],"rotationMatrix":[-0.988478839,0.151358366,0,-0.151358366,-0.988478839,0,0,0,0.999999881],"scale":0.35205254,"type":"desert_rocks_tiny_07"}
{"ctxid":0,"pos":[-1050.74097,2060.31104,71.1207657],"rotationMatrix":[0.868086755,-0.496412307,0,0.496412307,0.868086755,0,0,0,0.999999881],"scale":0.346850693,"type":"desert_rocks_tiny_07"}
{"ctxid":0,"pos":[-1018.22394,2063.50757,71.3706207],"rotationMatrix":[0.947149813,-0.320791215,0,0.320791215,0.947149813,0,0,0,0.999999881],"scale":0.30770278,"type":"desert_rocks_tiny_07"}
{"ctxid":0,"pos":[-1018.21973,2062.60767,71.6880493],"rotationMatrix":[-0.562250555,-0.826966882,0,0.826966882,-0.562250555,0,0,0,0.999999881],"scale":0.29076308,"type":"desert_rocks_tiny_07"}
{"ctxid":0,"pos":[-1017.85962,2064.43481,71.0970688],"rotationMatrix":[-0.907585084,0.419867963,0,-0.419867963,-0.907585084,0,0,0,0.999999881],"scale":0.37629208,"type":"desert_rocks_tiny_07"}
{"ctxid":0,"pos":[-1017.50983,2062.96729,71.6644821],"rotationMatrix":[-0.126436263,-0.991974652,0,0.991974652,-0.126436263,0,0,0,0.999999881],"scale":0.502103329,"type":"desert_rocks_tiny_07"}
{"ctxid":0,"pos":[-1017.91272,2062.62939,71.7249603],"rotationMatrix":[0.943972051,0.330025136,0,-0.330025136,0.943972051,0,0,0,0.999999881],"scale":0.320035934,"type":"desert_rocks_tiny_07"}
{"ctxid":0,"pos":[-1018.70862,2062.85474,71.5301056],"rotationMatrix":[0.814090014,0.580738723,0,-0.580738723,0.814090014,0,0,0,0.999999881],"scale":0.374755383,"type":"desert_rocks_tiny_07"}
{"ctxid":0,"pos":[-1017.9599,2064.66797,71.0004272],"rotationMatrix":[-0.915997684,-0.401183307,0,0.401183307,-0.915997684,0,0,0,0.999999881],"scale":0.322912157,"type":"desert_rocks_tiny_07"}
{"ctxid":0,"pos":[-1017.39362,2063.12231,71.6263123],"rotationMatrix":[0.156672522,0.987650573,0,-0.987650573,0.156672522,0,0,0,0.999999881],"scale":0.50087142,"type":"desert_rocks_tiny_07"}
{"ctxid":0,"pos":[-1019.44006,2063.01611,71.3671112],"rotationMatrix":[-0.758963168,-0.651133358,0,0.651133358,-0.758963168,0,0,0,0.999999881],"scale":0.46148178,"type":"desert_rocks_tiny_07"}
{"ctxid":0,"pos":[-1017.79987,2063.06885,71.5866318],"rotationMatrix":[0.297861576,0.954609036,0,-0.954609036,0.297861576,0,0,0,0.999999881],"scale":0.341307789,"type":"desert_rocks_tiny_07"}
{"ctxid":0,"pos":[-1020.80316,2062.20288,71.4555588],"rotationMatrix":[0.950753629,-0.309947282,0,0.309947282,0.950753629,0,0,0,0.999999881],"scale":0.293090463,"type":"desert_rocks_tiny_07"}
{"ctxid":0,"pos":[-1022.17603,2061.57568,71.4770813],"rotationMatrix":[0.999751449,0.0222929735,0,-0.0222929735,0.999751449,0,0,0,0.999999881],"scale":0.294701666,"type":"desert_rocks_tiny_07"}
{"ctxid":0,"pos":[-1022.04321,2061.22266,71.6206512],"rotationMatrix":[0.901653349,-0.432459265,0,0.432459265,0.901653349,0,0,0,0.999999881],"scale":0.416232765,"type":"desert_rocks_tiny_07"}
{"ctxid":0,"pos":[-1021.6311,2061.12842,71.7136383],"rotationMatrix":[-0.992542446,0.121898793,0,-0.121898793,-0.992542446,0,0,0,0.999999881],"scale":0.301332325,"type":"desert_rocks_tiny_07"}
{"ctxid":0,"pos":[-1022.35199,2062.3877,71.1656799],"rotationMatrix":[-0.129707858,-0.991552174,0,0.991552174,-0.129707858,0,0,0,0.999999881],"scale":0.360532761,"type":"desert_rocks_tiny_07"}
{"ctxid":0,"pos":[-1022.55176,2061.58887,71.4179077],"rotationMatrix":[0.892122328,-0.451793611,0,0.451793611,0.892122328,0,0,0,0.999999881],"scale":0.497297466,"type":"desert_rocks_tiny_07"}
{"ctxid":0,"pos":[-1021.43024,2061.54761,71.5952225],"rotationMatrix":[0.915367484,0.402619302,0,-0.402619302,0.915367484,0,0,0,0.999999881],"scale":0.33523193,"type":"desert_rocks_tiny_07"}
{"ctxid":0,"pos":[-1024.30652,2060.01782,71.7188416],"rotationMatrix":[-0.452779651,-0.891622305,0,0.891622305,-0.452779651,0,0,0,0.999999881],"scale":0.500661075,"type":"desert_rocks_tiny_07"}
{"ctxid":0,"pos":[-1025.65002,2059.98438,71.5439148],"rotationMatrix":[-0.870038271,0.492984116,0,-0.492984116,-0.870038271,0,0,0,0.999999881],"scale":0.482226431,"type":"desert_rocks_tiny_07"}
{"ctxid":0,"pos":[-1026.34937,2061.06079,71.0640411],"rotationMatrix":[0.337614298,-0.941284478,0,0.941284478,0.337614298,0,0,0,0.999999881],"scale":0.421629995,"type":"desert_rocks_tiny_07"}
{"ctxid":0,"pos":[-1029.64075,2061.25806,71.0527344],"rotationMatrix":[0.305310279,0.952252924,0,-0.952252924,0.305310279,0,0,0,0.999999881],"scale":0.380416453,"type":"desert_rocks_tiny_07"}
{"ctxid":0,"pos":[-1027.88477,2060.18115,71.4108582],"rotationMatrix":[0.582904398,-0.81254065,0,0.81254065,0.582904398,0,0,0,0.999999881],"scale":0.448997229,"type":"desert_rocks_tiny_07"}
{"ctxid":0,"pos":[-1028.48157,2060.18408,71.4279099],"rotationMatrix":[-0.566450775,-0.824095428,0,0.824095428,-0.566450775,0,0,0,0.999999881],"scale":0.332867861,"type":"desert_rocks_tiny_07"}
{"ctxid":0,"pos":[-1028.16956,2060.62012,71.2517548],"rotationMatrix":[-0.0602212958,-0.998184979,0,0.998184979,-0.0602212958,0,0,0,0.999999881],"scale":0.329763532,"type":"desert_rocks_tiny_07"}
{"ctxid":0,"pos":[-1029.38989,2060.93604,71.1681671],"rotationMatrix":[0.774395704,0.632701576,0,-0.632701576,0.774395704,0,0,0,0.999999881],"scale":0.347294807,"type":"desert_rocks_tiny_07"}
{"ctxid":0,"pos":[-1029.30615,2059.8855,71.5671387],"rotationMatrix":[0.494495243,-0.869180322,0,0.869180322,0.494495243,0,0,0,0.999999881],"scale":0.29416579,"type":"desert_rocks_tiny_07"}
{"ctxid":0,"pos":[-1027.50928,2061.0647,71.0617294],"rotationMatrix":[0.865609646,0.500719309,0,-0.500719309,0.865609646,0,0,0,0.999999881],"scale":0.45338732,"type":"desert_rocks_tiny_07"}
{"ctxid":0,"pos":[-1027.41772,2060.43677,71.2989349],"rotationMatrix":[-0.384147733,-0.923271537,0,0.923271537,-0.384147733,0,0,0,0.999999881],"scale":0.40782091,"type":"desert_rocks_tiny_07"}
{"ctxid":0,"pos":[-1028.30383,2061.21045,71.0302124],"rotationMatrix":[-0.920396864,0.390985191,0,-0.390985191,-0.920396864,0,0,0,0.999999881],"scale":0.502026439,"type":"desert_rocks_tiny_07"}
{"ctxid":0,"pos":[-1029.24829,2061.73291,70.8592987],"rotationMatrix":[-0.378639996,0.925543964,0,-0.925543964,-0.378639996,0,0,0,0.999999881],"scale":0.382768095,"type":"desert_rocks_tiny_07"}
{"ctxid":0,"pos":[-1035.64111,2062.42358,72.0193329],"rotationMatrix":[0.681613028,0.731712878,0,-0.731712878,0.681613028,0,0,0,0.999999881],"scale":0.425539881,"type":"desert_rocks_tiny_07"}
{"ctxid":0,"pos":[-1035.43567,2062.20996,72.0380096],"rotationMatrix":[0.998477221,-0.0551638566,0,0.0551638566,0.998477221,0,0,0,0.999999881],"scale":0.353829563,"type":"desert_rocks_tiny_07"}
{"ctxid":0,"pos":[-1036.49951,2062.61865,71.7133942],"rotationMatrix":[0.987653315,0.156654745,0,-0.156654745,0.987653315,0,0,0,0.999999881],"scale":0.301437974,"type":"desert_rocks_tiny_07"}
{"ctxid":0,"pos":[-1037.08154,2062.9043,71.4806976],"rotationMatrix":[0.150408134,-0.988623857,0,0.988623857,0.150408134,0,0,0,0.999999881],"scale":0.277280211,"type":"desert_rocks_tiny_07"}
{"ctxid":0,"pos":[-1041.71021,2061.53931,71.4855576],"rotationMatrix":[0.715886652,0.698216498,0,-0.698216498,0.715886652,0,0,0,0.999999881],"scale":0.421254158,"type":"desert_rocks_tiny_07"}
{"ctxid":0,"pos":[-1041.2688,2061.87842,71.4211426],"rotationMatrix":[-0.183654308,-0.982990801,0,0.982990801,-0.183654308,0,0,0,0.999999881],"scale":0.447046041,"type":"desert_rocks_tiny_07"}
{"ctxid":0,"pos":[-1042.44312,2061.98438,71.2975616],"rotationMatrix":[-0.228522882,-0.973538458,0,0.973538458,-0.228522882,0,0,0,0.999999881],"scale":0.390982717,"type":"desert_rocks_tiny_07"}
{"ctxid":0,"pos":[-1044.09839,2060.51685,71.5963974],"rotationMatrix":[0.999790847,0.0204461291,0,-0.0204461291,0.999790847,0,0,0,0.999999881],"scale":0.396555334,"type":"desert_rocks_tiny_07"}
{"ctxid":0,"pos":[-1044.22009,2061.1145,71.4119568],"rotationMatrix":[-0.149911389,0.988699377,0,-0.988699377,-0.149911389,0,0,0,0.999999881],"scale":0.332233846,"type":"desert_rocks_tiny_07"}
{"ctxid":0,"pos":[-1042.74939,2062.02612,71.2612],"rotationMatrix":[-0.211491048,-0.977379858,0,0.977379858,-0.211491048,0,0,0,0.999999881],"scale":0.470017135,"type":"desert_rocks_tiny_07"}
{"ctxid":0,"pos":[-1045.00146,2061.4856,71.2417908],"rotationMatrix":[-0.634927452,-0.772571623,0,0.772571623,-0.634927452,0,0,0,0.999999881],"scale":0.286372662,"type":"desert_rocks_tiny_07"}
