{"ctxid":0,"pos":[-957.495667,2086.41235,67.3908081],"rotationMatrix":[0.998748064,0.0500206128,0,-0.0500206128,0.998748064,0,0,0,0.999999881],"scale":0.536871254,"type":"desert_rocks_small_07"}
{"ctxid":0,"pos":[-963.834167,2083.75049,69.3179703],"rotationMatrix":[0.179295525,-0.983795226,0,0.983795226,0.179295525,0,0,0,0.999999881],"scale":0.875560164,"type":"desert_rocks_small_07"}
{"ctxid":0,"pos":[-961.957153,2085.46167,68.1763763],"rotationMatrix":[0.973504961,-0.228665367,0,0.228665367,0.973504961,0,0,0,0.999999881],"scale":0.612597227,"type":"desert_rocks_small_07"}
{"ctxid":0,"pos":[-957.798096,2084.20581,68.2890701],"rotationMatrix":[-0.922910392,0.385014623,0,-0.385014623,-0.922910392,0,0,0,0.999999881],"scale":1.08257949,"type":"desert_rocks_small_07"}
{"ctxid":0,"pos":[-966.029541,2084.62988,68.9446335],"rotationMatrix":[-0.957724392,-0.287687242,0,0.287687242,-0.957724392,0,0,0,0.999999881],"scale":0.820559263,"type":"desert_rocks_small_07"}
{"ctxid":0,"pos":[-966.950073,2082.74438,69.7132797],"rotationMatrix":[0.447547823,-0.89425981,0,0.89425981,0.447547823,0,0,0,0.999999881],"scale":0.602514803,"type":"desert_rocks_small_07"}
{"ctxid":0,"pos":[-967.806641,2077.38745,72.4320068],"rotationMatrix":[0.540786564,-0.841159701,0,0.841159701,0.540786564,0,0,0,0.999999881],"scale":0.587712407,"type":"desert_rocks_small_07"}
{"ctxid":0,"pos":[-975.616455,2079.4624,69.3230515],"rotationMatrix":[0.343309462,0.939222395,0,-0.939222395,0.343309462,0,0,0,0.999999881],"scale":0.451590002,"type":"desert_rocks_small_07"}
{"ctxid":0,"pos":[-975.226929,2082.61401,68.6520309],"rotationMatrix":[0.699647367,-0.714488208,0,0.714488208,0.699647367,0,0,0,0.999999881],"scale":0.831582189,"type":"desert_rocks_small_07"}
{"ctxid":0,"pos":[-973.346191,2075.78564,71.8611984],"rotationMatrix":[0.999990463,0.00434904266,0,-0.00434904266,0.999990463,0,0,0,0.999999881],"scale":0.521632016,"type":"desert_rocks_small_07"}
{"ctxid":0,"pos":[-982.242432,2078.04102,69.0215683],"rotationMatrix":[0.00107780262,-0.999999344,0,0.999999344,0.00107780262,0,0,0,0.999999881],"scale":0.648418427,"type":"desert_rocks_small_07"}
{"ctxid":0,"pos":[-982.415955,2077.31934,69.0065994],"rotationMatrix":[-0.362640768,-0.931928933,0,0.931928933,-0.362640768,0,0,0,0.999999881],"scale":0.964882553,"type":"desert_rocks_small_07"}
{"ctxid":0,"pos":[-980.202209,2072.92139,71.7568741],"rotationMatrix":[0.342854828,-0.939388335,0,0.939388335,0.342854828,0,0,0,0.999999881],"scale":0.754218578,"type":"desert_rocks_small_07"}
{"ctxid":0,"pos":[-982.31311,2072.56396,71.3310928],"rotationMatrix":[0.439199805,0.898389399,0,-0.898389399,0.439199805,0,0,0,0.999999881],"scale":1.3208698,"type":"desert_rocks_small_07"}
{"ctxid":0,"pos":[-982.704773,2078.69678,68.8363876],"rotationMatrix":[0.989817977,-0.142338201,0,0.142338201,0.989817977,0,0,0,0.999999881],"scale":0.590476096,"type":"desert_rocks_small_07"}
{"ctxid":0,"pos":[-985.260681,2077.68823,68.6516418],"rotationMatrix":[-0.25804311,-0.966133356,0,0.966133356,-0.25804311,0,0,0,0.999999881],"scale":0.869823217,"type":"desert_rocks_small_07"}
{"ctxid":0,"pos":[-986.900513,2076.32251,68.9082336],"rotationMatrix":[0.999223888,-0.0393885374,0,0.0393885374,0.999223888,0,0,0,0.999999881],"scale":1.22234893,"type":"desert_rocks_small_07"}
{"ctxid":0,"pos":[-985.297363,2074.38843,69.3046036],"rotationMatrix":[-0.993238091,0.116094552,0,-0.116094552,-0.993238091,0,0,0,0.999999881],"scale":1.09360528,"type":"desert_rocks_small_07"}
{"ctxid":0,"pos":[-985.138977,2067.55811,73.5080719],"rotationMatrix":[0.815194786,-0.579186678,0,0.579186678,0.815194786,0,0,0,0.999999881],"scale":1.15759957,"type":"desert_rocks_small_07"}
{"ctxid":0,"pos":[-986.609802,2069.5271,71.8764114],"rotationMatrix":[0.214938357,0.976627529,0,-0.976627529,0.214938357,0,0,0,0.999999881],"scale":0.826526403,"type":"desert_rocks_small_07"}
{"ctxid":0,"pos":[-993.7276,2072.24951,67.7524567],"rotationMatrix":[-0.978674233,-0.205418155,0,0.205418155,-0.978674233,0,0,0,0.999999881],"scale":0.585263133,"type":"desert_rocks_small_07"}
{"ctxid":0,"pos":[-987.471069,2069.18506,71.6980057],"rotationMatrix":[0.378575861,-0.92557025,0,0.92557025,0.378575861,0,0,0,0.999999881],"scale":1.09069991,"type":"desert_rocks_small_07"}
{"ctxid":0,"pos":[-988.696289,2069.78003,70.9287109],"rotationMatrix":[-0.896681488,0.442675978,0,-0.442675978,-0.896681488,0,0,0,0.999999881],"scale":0.465314776,"type":"desert_rocks_small_07"}
{"ctxid":0,"pos":[-998.272827,2067.68115,68.274353],"rotationMatrix":[0.583435655,0.812159359,0,-0.812159359,0.583435655,0,0,0,0.999999881],"scale":0.8871454,"type":"desert_rocks_small_07"}
{"ctxid":0,"pos":[-1002.47803,2064.75098,70.5129318],"rotationMatrix":[0.715249777,-0.698868811,0,0.698868811,0.715249777,0,0,0,0.999999881],"scale":1.14065182,"type":"desert_rocks_small_07"}
{"ctxid":0,"pos":[-1010.09998,2068.20117,69.4763641],"rotationMatrix":[-0.658292055,0.752762556,0,-0.752762556,-0.658292055,0,0,0,0.999999881],"scale":0.762874007,"type":"desert_rocks_small_07"}
{"ctxid":0,"pos":[-1013.86829,2067.64014,70.0055695],"rotationMatrix":[0.97614187,-0.217133373,0,0.217133373,0.97614187,0,0,0,0.999999881],"scale":0.470301241,"type":"desert_rocks_small_07"}
{"ctxid":0,"pos":[-1015.44019,2071.6311,69.081337],"rotationMatrix":[0.649084747,-0.760716021,0,0.760716021,0.649084747,0,0,0,0.999999881],"scale":0.689202249,"type":"desert_rocks_small_07"}
{"ctxid":0,"pos":[-1017.06598,2065.93506,70.6629181],"rotationMatrix":[0.853056192,0.521818995,0,-0.521818995,0.853056192,0,0,0,0.999999881],"scale":0.602119088,"type":"desert_rocks_small_07"}
{"ctxid":0,"pos":[-1027.16174,2065.51416,69.3223038],"rotationMatrix":[0.0705967173,-0.99750489,0,0.99750489,0.0705967173,0,0,0,0.999999881],"scale":1.2204634,"type":"desert_rocks_small_07"}
{"ctxid":0,"pos":[-1029.68408,2062.90845,70.5069733],"rotationMatrix":[-0.942949831,-0.332934588,0,0.332934588,-0.942949831,0,0,0,0.999999881],"scale":0.753973007,"type":"desert_rocks_small_07"}
{"ctxid":0,"pos":[-1027.02356,2066.62451,69.2264862],"rotationMatrix":[-0.461070865,-0.887363315,0,0.887363315,-0.461070865,0,0,0,0.999999881],"scale":1.08528686,"type":"desert_rocks_small_07"}
{"ctxid":0,"pos":[-1030.90869,2065.21265,70.1860886],"rotationMatrix":[-0.417329848,0.908754945,0,-0.908754945,-0.417329848,0,0,0,0.999999881],"scale":0.484712392,"type":"desert_rocks_small_07"}
{"ctxid":0,"pos":[-1027.31458,2062.98633,70.2218246],"rotationMatrix":[-0.999929965,-0.0118318731,0,0.0118318731,-0.999929965,0,0,0,0.999999881],"scale":1.12006688,"type":"desert_rocks_small_07"}
{"ctxid":0,"pos":[-1028.59814,2062.93726,70.3704758],"rotationMatrix":[0.586928427,-0.809638619,0,0.809638619,0.586928427,0,0,0,0.999999881],"scale":0.655433476,"type":"desert_rocks_small_07"}
{"ctxid":0,"pos":[-1037.08984,2069.20654,69.3276596],"rotationMatrix":[-0.117774054,-0.993040323,0,0.993040323,-0.117774054,0,0,0,0.999999881],"scale":0.905335784,"type":"desert_rocks_small_07"}
{"ctxid":0,"pos":[-1037.79932,2068.37256,69.5269165],"rotationMatrix":[0.398188978,-0.917303324,0,0.917303324,0.398188978,0,0,0,0.999999881],"scale":0.732712507,"type":"desert_rocks_small_07"}
{"ctxid":0,"pos":[-1041.36401,2069.98804,69.3205872],"rotationMatrix":[-0.953123391,-0.302581638,0,0.302581638,-0.953123391,0,0,0,0.999999881],"scale":1.32797849,"type":"desert_rocks_small_07"}
{"ctxid":0,"pos":[-1048.06421,2064.04468,70.3788986],"rotationMatrix":[0.408346802,-0.912826777,0,0.912826777,0.408346802,0,0,0,0.999999881],"scale":0.773304045,"type":"desert_rocks_small_07"}
{"ctxid":0,"pos":[-1049.32556,2067.95435,69.5432053],"rotationMatrix":[-0.911131382,0.412115961,0,-0.412115961,-0.911131382,0,0,0,0.999999881],"scale":0.959299326,"type":"desert_rocks_small_07"}
{"ctxid":0,"pos":[-1046.45386,2067.37012,69.548645],"rotationMatrix":[-0.92102766,0.389497101,0,-0.389497101,-0.92102766,0,0,0,0.999999881],"scale":0.861526608,"type":"desert_rocks_small_07"}
{"ctxid":0,"pos":[-1052.98938,2065.74731,69.7704163],"rotationMatrix":[-0.407115221,-0.913376749,0,0.913376749,-0.407115221,0,0,0,0.999999881],"scale":0.520647168,"type":"desert_rocks_small_07"}
{"ctxid":0,"pos":[-1048.89575,2061.82373,70.9481125],"rotationMatrix":[-0.667516947,0.744594514,0,-0.744594514,-0.667516947,0,0,0,0.999999881],"scale":0.692569911,"type":"desert_rocks_small_07"}
{"ctxid":0,"pos":[-1052.43518,2066.03003,69.7505264],"rotationMatrix":[-0.151959509,0.988386691,0,-0.988386691,-0.151959509,0,0,0,0.999999881],"scale":0.645233035,"type":"desert_rocks_small_07"}
{"ctxid":0,"pos":[-1055.07776,2066.11792,69.3688049],"rotationMatrix":[0.885016859,0.465558946,0,-0.465558946,0.885016859,0,0,0,0.999999881],"scale":0.58640933,"type":"desert_rocks_small_07"}
{"ctxid":0,"pos":[-1055.64771,2067.79175,69.0067062],"rotationMatrix":[0.816573918,0.577240825,0,-0.577240825,0.816573918,0,0,0,0.999999881],"scale":0.781255424,"type":"desert_rocks_small_07"}
{"ctxid":0,"pos":[-1053.86377,2062.9082,70.1909561],"rotationMatrix":[0.410620511,0.911806345,0,-0.911806345,0.410620511,0,0,0,0.999999881],"scale":0.779392481,"type":"desert_rocks_small_07"}
{"ctxid":0,"pos":[-1057.36682,2060.62695,70.4831848],"rotationMatrix":[0.404868037,0.914375126,0,-0.914375126,0.404868037,0,0,0,0.999999881],"scale":0.65393889,"type":"desert_rocks_small_07"}
{"ctxid":0,"pos":[-1059.07202,2064.93384,69.2579422],"rotationMatrix":[-0.940739095,0.339130878,0,-0.339130878,-0.940739095,0,0,0,0.999999881],"scale":1.11631274,"type":"desert_rocks_small_07"}
{"ctxid":0,"pos":[-1052.83093,2063.44189,70.1839523],"rotationMatrix":[0.866991043,-0.4983235,0,0.4983235,0.866991043,0,0,0,0.999999881],"scale":0.668016016,"type":"desert_rocks_small_07"}
{"ctxid":0,"pos":[-1043.82947,2070.39014,68.979538],"rotationMatrix":[-0.295660943,0.955292821,0,-0.955292821,-0.295660943,0,0,0,0.999999881],"scale":0.476052612,"type":"desert_rocks_small_07"}
{"ctxid":0,"pos":[-1051.60315,2066.42188,69.8039398],"rotationMatrix":[-0.564359963,-0.8255288,0,0.8255288,-0.564359963,0,0,0,0.999999881],"scale":0.450665176,"type":"desert_rocks_small_07"}
{"ctxid":0,"pos":[-1061.1145,2065.81934,69.0029984],"rotationMatrix":[-0.285801679,-0.958288729,0,0.958288729,-0.285801679,0,0,0,0.999999881],"scale":1.23326147,"type":"desert_rocks_small_07"}
{"ctxid":0,"pos":[-1060.77368,2060.47852,70.3785782],"rotationMatrix":[0.802406251,0.596778154,0,-0.596778154,0.802406251,0,0,0,0.999999881],"scale":0.459659159,"type":"desert_rocks_small_07"}
{"ctxid":0,"pos":[-1065.51245,2060.7002,70.1007233],"rotationMatrix":[0.042825643,0.999082446,0,-0.999082446,0.042825643,0,0,0,0.999999881],"scale":0.406625301,"type":"desert_rocks_small_07"}
{"ctxid":0,"pos":[-1067.76538,2058.68042,70.2304153],"rotationMatrix":[0.42108658,0.907020509,0,-0.907020509,0.42108658,0,0,0,0.999999881],"scale":0.881747723,"type":"desert_rocks_small_07"}
{"ctxid":0,"pos":[-1066.6377,2056.55298,70.6959305],"rotationMatrix":[0.670423865,0.741978288,0,-0.741978288,0.670423865,0,0,0,0.999999881],"scale":0.998994589,"type":"desert_rocks_small_07"}
{"ctxid":0,"pos":[-1067.62854,2056.18433,70.7109909],"rotationMatrix":[0.306506038,-0.951868594,0,0.951868594,0.306506038,0,0,0,0.999999881],"scale":0.970620394,"type":"desert_rocks_small_07"}
{"ctxid":0,"pos":[-1069.81934,2063.34668,69.159996],"rotationMatrix":[-0.387160063,-0.922012389,0,0.922012389,-0.387160063,0,0,0,0.999999881],"scale":0.627156496,"type":"desert_rocks_small_07"}
{"ctxid":0,"pos":[-1065.03479,2063.09424,69.5778961],"rotationMatrix":[-0.464571565,0.885535419,0,-0.885535419,-0.464571565,0,0,0,0.999999881],"scale":1.3393755,"type":"desert_rocks_small_07"}
{"ctxid":0,"pos":[-1070.67944,2057.8479,70.0682449],"rotationMatrix":[-0.0752103776,-0.997167587,0,0.997167587,-0.0752103776,0,0,0,0.999999881],"scale":1.19898343,"type":"desert_rocks_small_07"}
{"ctxid":0,"pos":[-1075.47705,2057.98462,69.9196701],"rotationMatrix":[-0.872878611,-0.487937421,0,0.487937421,-0.872878611,0,0,0,0.999999881],"scale":1.07917905,"type":"desert_rocks_small_07"}
{"ctxid":0,"pos":[-1079.2323,2057.43115,69.4307175],"rotationMatrix":[-0.97776252,-0.209714636,0,0.209714636,-0.97776252,0,0,0,0.999999881],"scale":0.525914609,"type":"desert_rocks_small_07"}
{"ctxid":0,"pos":[-1080.58411,2057.02246,69.1487198],"rotationMatrix":[0.960712194,0.277546465,0,-0.277546465,0.960712194,0,0,0,0.999999881],"scale":0.555507839,"type":"desert_rocks_small_07"}
{"ctxid":0,"pos":[-1078.14868,2050.80835,70.3738251],"rotationMatrix":[-0.943234146,-0.332128257,0,0.332128257,-0.943234146,0,0,0,0.999999881],"scale":1.05690408,"type":"desert_rocks_small_07"}
{"ctxid":0,"pos":[-1082.89563,2053.81519,69.3609695],"rotationMatrix":[-0.143048525,-0.989715636,0,0.989715636,-0.143048525,0,0,0,0.999999881],"scale":0.927054822,"type":"desert_rocks_small_07"}
{"ctxid":0,"pos":[-1079.53955,2056.08228,69.4390488],"rotationMatrix":[0.791254044,-0.611487448,0,0.611487448,0.791254044,0,0,0,0.999999881],"scale":0.973027647,"type":"desert_rocks_small_07"}
{"ctxid":0,"pos":[-1083.42395,2048.35571,70.4280853],"rotationMatrix":[-0.298112929,0.954530478,0,-0.954530478,-0.298112929,0,0,0,0.999999881],"scale":0.46399048,"type":"desert_rocks_small_07"}
{"ctxid":0,"pos":[-1082.7782,2047.4281,70.7955856],"rotationMatrix":[0.999527693,0.0307280943,0,-0.0307280943,0.999527693,0,0,0,0.999999881],"scale":0.827931046,"type":"desert_rocks_small_07"}
{"ctxid":0,"pos":[-1084.89709,2045.62805,71.4131699],"rotationMatrix":[-0.869013608,0.494787931,0,-0.494787931,-0.869013608,0,0,0,0.999999881],"scale":0.485705853,"type":"desert_rocks_small_07"}
{"ctxid":0,"pos":[-1087.78296,2053.30591,69.1736145],"rotationMatrix":[-0.702542007,0.711642146,0,-0.711642146,-0.702542007,0,0,0,0.999999881],"scale":0.8050102,"type":"desert_rocks_small_07"}
{"ctxid":0,"pos":[-1089.60291,2048.41504,70.6693573],"rotationMatrix":[-0.339179754,-0.940721512,0,0.940721512,-0.339179754,0,0,0,0.999999881],"scale":1.32280171,"type":"desert_rocks_small_07"}
{"ctxid":0,"pos":[-1087.38684,2051.61353,69.5189743],"rotationMatrix":[0.361909747,0.932213128,0,-0.932213128,0.361909747,0,0,0,0.999999881],"scale":0.506923318,"type":"desert_rocks_small_07"}
{"ctxid":0,"pos":[-1088.20557,2051.70654,69.5445404],"rotationMatrix":[0.755580485,-0.655055761,0,0.655055761,0.755580485,0,0,0,0.999999881],"scale":0.432366192,"type":"desert_rocks_small_07"}
{"ctxid":0,"pos":[-1088.66577,2048.1228,70.6313858],"rotationMatrix":[-0.423437625,0.905925155,0,-0.905925155,-0.423437625,0,0,0,0.999999881],"scale":1.1242125,"type":"desert_rocks_small_07"}
{"ctxid":0,"pos":[-1090.77234,2049.83643,70.2396088],"rotationMatrix":[0.981410742,0.191918835,0,-0.191918835,0.981410742,0,0,0,0.999999881],"scale":1.06021714,"type":"desert_rocks_small_07"}
{"ctxid":0,"pos":[-1091.55688,2047.80383,71.2596283],"rotationMatrix":[-0.958195269,-0.286114961,0,0.286114961,-0.958195269,0,0,0,0.999999881],"scale":0.529676378,"type":"desert_rocks_small_07"}
{"ctxid":0,"pos":[-1096.08728,2047.07788,72.2196884],"rotationMatrix":[-0.682734013,-0.730666995,0,0.730666995,-0.682734013,0,0,0,0.999999881],"scale":1.01606548,"type":"desert_rocks_small_07"}
{"ctxid":0,"pos":[-1102.45496,2051.69019,67.7947235],"rotationMatrix":[0.424820662,0.90527755,0,-0.90527755,0.424820662,0,0,0,0.999999881],"scale":0.637663126,"type":"desert_rocks_small_07"}
{"ctxid":0,"pos":[-1105.0929,2049.38184,69.7946091],"rotationMatrix":[-0.989251375,-0.146224424,0,0.146224424,-0.989251375,0,0,0,0.999999881],"scale":1.32375419,"type":"desert_rocks_small_07"}
{"ctxid":0,"pos":[-1102.54834,2053.87622,67.0715485],"rotationMatrix":[0.846235096,-0.532809436,0,0.532809436,0.846235096,0,0,0,0.999999881],"scale":1.05137515,"type":"desert_rocks_small_07"}
{"ctxid":0,"pos":[-1104.43115,2051.73682,68.8583679],"rotationMatrix":[-0.158154339,-0.98741436,0,0.98741436,-0.158154339,0,0,0,0.999999881],"scale":0.489005059,"type":"desert_rocks_small_07"}
{"ctxid":0,"pos":[-1106.90735,2050.75073,69.9149246],"rotationMatrix":[0.208418131,0.978039801,0,-0.978039801,0.208418131,0,0,0,0.999999881],"scale":1.1804204,"type":"desert_rocks_small_07"}
{"ctxid":0,"pos":[-1106.25916,2055.09229,68.2710876],"rotationMatrix":[-0.391091377,0.920351744,0,-0.920351744,-0.391091377,0,0,0,0.999999881],"scale":1.1685679,"type":"desert_rocks_small_07"}
{"ctxid":0,"pos":[-1103.21033,2051.80054,68.1479416],"rotationMatrix":[-0.993377388,-0.114896052,0,0.114896052,-0.993377388,0,0,0,0.999999881],"scale":0.945503235,"type":"desert_rocks_small_07"}
{"ctxid":0,"pos":[-1113.91284,2050.35913,71.3275681],"rotationMatrix":[0.899767101,0.436370403,0,-0.436370403,0.899767101,0,0,0,0.999999881],"scale":0.680089653,"type":"desert_rocks_small_07"}
{"ctxid":0,"pos":[-1117.40942,2053.41504,70.0490875],"rotationMatrix":[0.538447082,0.842659354,0,-0.842659354,0.538447082,0,0,0,0.999999881],"scale":1.18083227,"type":"desert_rocks_small_07"}
{"ctxid":0,"pos":[-1116.8219,2055.17407,69.516449],"rotationMatrix":[-0.952669382,-0.304007918,0,0.304007918,-0.952669382,0,0,0,0.999999881],"scale":1.25840926,"type":"desert_rocks_small_07"}
{"ctxid":0,"pos":[-1117.22656,2056.45093,69.2982712],"rotationMatrix":[-0.655899227,0.754848361,0,-0.754848361,-0.655899227,0,0,0,0.999999881],"scale":1.0292716,"type":"desert_rocks_small_07"}
{"ctxid":0,"pos":[-1113.4259,2051.11499,70.9158783],"rotationMatrix":[-0.590668619,-0.80691421,0,0.80691421,-0.590668619,0,0,0,0.999999881],"scale":0.697290659,"type":"desert_rocks_small_07"}
{"ctxid":0,"pos":[-1119.625,2055.00342,69.3716507],"rotationMatrix":[-0.203753889,-0.979022026,0,0.979022026,-0.203753889,0,0,0,0.999999881],"scale":0.854838014,"type":"desert_rocks_small_07"}
{"ctxid":0,"pos":[-1124.12354,2051.19116,70.5241089],"rotationMatrix":[0.145028561,0.989427388,0,-0.989427388,0.145028561,0,0,0,0.999999881],"scale":1.01899278,"type":"desert_rocks_small_07"}
{"ctxid":0,"pos":[-1128.55981,2052.88428,69.262085],"rotationMatrix":[0.271361291,0.962477565,0,-0.962477565,0.271361291,0,0,0,0.999999881],"scale":0.620163441,"type":"desert_rocks_small_07"}
{"ctxid":0,"pos":[-1128.32507,2055.91357,69.2444687],"rotationMatrix":[-0.999137938,-0.0415123887,0,0.0415123887,-0.999137938,0,0,0,0.999999881],"scale":0.596874416,"type":"desert_rocks_small_07"}
{"ctxid":0,"pos":[-1130.9054,2051.37744,69.0451584],"rotationMatrix":[-0.449524194,-0.893268108,0,0.893268108,-0.449524194,0,0,0,0.999999881],"scale":0.606676221,"type":"desert_rocks_small_07"}
{"ctxid":0,"pos":[-1132.50488,2048.85229,69.3785553],"rotationMatrix":[-0.213042706,0.977042735,0,-0.977042735,-0.213042706,0,0,0,0.999999881],"scale":1.01372182,"type":"desert_rocks_small_07"}
{"ctxid":0,"pos":[-1137.89087,2046.95911,69.5852509],"rotationMatrix":[-0.821078598,0.570815027,0,-0.570815027,-0.821078598,0,0,0,0.999999881],"scale":0.718439817,"type":"desert_rocks_small_07"}
{"ctxid":0,"pos":[-1137.56165,2045.59827,69.8305588],"rotationMatrix":[0.246231347,0.969211042,0,-0.969211042,0.246231347,0,0,0,0.999999881],"scale":0.500669658,"type":"desert_rocks_small_07"}
{"ctxid":0,"pos":[-1133.4325,2045.41248,70.5995407],"rotationMatrix":[0.0168679655,0.999857664,0,-0.999857664,0.0168679655,0,0,0,0.999999881],"scale":0.524481416,"type":"desert_rocks_small_07"}
{"ctxid":0,"pos":[-1140.57092,2047.27026,70.1581955],"rotationMatrix":[-0.997449934,-0.0713691413,0,0.0713691413,-0.997449934,0,0,0,0.999999881],"scale":1.09863579,"type":"desert_rocks_small_07"}
{"ctxid":0,"pos":[-1139.62488,2043.86169,70.6509705],"rotationMatrix":[0.703301311,0.710891843,0,-0.710891843,0.703301311,0,0,0,0.999999881],"scale":0.575026691,"type":"desert_rocks_small_07"}
{"ctxid":0,"pos":[-1140.52454,2049.58984,69.6084442],"rotationMatrix":[0.499362707,-0.866392851,0,0.866392851,0.499362707,0,0,0,0.999999881],"scale":0.745675206,"type":"desert_rocks_small_07"}
{"ctxid":0,"pos":[-1140.32874,2045.78784,70.4654999],"rotationMatrix":[-0.682973683,0.730442703,0,-0.730442703,-0.682973683,0,0,0,0.999999881],"scale":0.49096036,"type":"desert_rocks_small_07"}
{"ctxid":0,"pos":[-1143.36438,2045.28357,71.3374786],"rotationMatrix":[-0.83413595,-0.551558673,0,0.551558673,-0.83413595,0,0,0,0.999999881],"scale":0.950333834,"type":"desert_rocks_small_07"}
{"ctxid":0,"pos":[-1143.77026,2046.07532,71.1664658],"rotationMatrix":[0.550632179,0.83474797,0,-0.83474797,0.550632179,0,0,0,0.999999881],"scale":0.769413114,"type":"desert_rocks_small_07"}
{"ctxid":0,"pos":[-1145.24963,2050.03101,70.3050461],"rotationMatrix":[-0.61534375,-0.788258731,0,0.788258731,-0.61534375,0,0,0,0.999999881],"scale":0.693452775,"type":"desert_rocks_small_07"}
{"ctxid":0,"pos":[-1140.93274,2054.19849,68.593399],"rotationMatrix":[0.242391422,-0.970178425,0,0.970178425,0.242391422,0,0,0,0.999999881],"scale":0.890414298,"type":"desert_rocks_small_07"}
{"ctxid":0,"pos":[-1139.45618,2048.073,69.7085724],"rotationMatrix":[0.976109266,0.217279822,0,-0.217279822,0.976109266,0,0,0,0.999999881],"scale":0.886957526,"type":"desert_rocks_small_07"}
{"ctxid":0,"pos":[-1147.86365,2054.30469,70.0055237],"rotationMatrix":[-0.694738746,0.719262064,0,-0.719262064,-0.694738746,0,0,0,0.999999881],"scale":0.577436447,"type":"desert_rocks_small_07"}
{"ctxid":0,"pos":[-1152.58728,2059.14453,68.8758163],"rotationMatrix":[-0.710895538,-0.703297615,0,0.703297615,-0.710895538,0,0,0,0.999999881],"scale":1.31986201,"type":"desert_rocks_small_07"}
{"ctxid":0,"pos":[-1151.4917,2058.93604,68.9652939],"rotationMatrix":[0.712524056,0.701647699,0,-0.701647699,0.712524056,0,0,0,0.999999881],"scale":1.23297036,"type":"desert_rocks_small_07"}
{"ctxid":0,"pos":[-1157.72192,2060.29614,69.7377167],"rotationMatrix":[0.648857474,0.760909915,0,-0.760909915,0.648857474,0,0,0,0.999999881],"scale":1.06553423,"type":"desert_rocks_small_07"}
{"ctxid":0,"pos":[-1155.91248,2063.07422,68.8261185],"rotationMatrix":[0.954019129,0.299745589,0,-0.299745589,0.954019129,0,0,0,0.999999881],"scale":1.27049768,"type":"desert_rocks_small_07"}
{"ctxid":0,"pos":[-1158.95789,2061.07983,69.9171829],"rotationMatrix":[0.907875538,-0.419239581,0,0.419239581,0.907875538,0,0,0,0.999999881],"scale":0.83819592,"type":"desert_rocks_small_07"}
{"ctxid":0,"pos":[-1156.48889,2059.02979,69.6919479],"rotationMatrix":[-0.826061308,0.563579917,0,-0.563579917,-0.826061308,0,0,0,0.999999881],"scale":0.525766313,"type":"desert_rocks_small_07"}
{"ctxid":0,"pos":[-1161.6637,2062.96924,70.252388],"rotationMatrix":[0.872825682,0.488032013,0,-0.488032013,0.872825682,0,0,0,0.999999881],"scale":0.771693707,"type":"desert_rocks_small_07"}
{"ctxid":0,"pos":[-1165.47314,2067.38013,69.6028214],"rotationMatrix":[0.526279271,-0.850311697,0,0.850311697,0.526279271,0,0,0,0.999999881],"scale":0.860086739,"type":"desert_rocks_small_07"}
{"ctxid":0,"pos":[-1166.82617,2064.37329,70.5965958],"rotationMatrix":[0.393707663,-0.919235587,0,0.919235587,0.393707663,0,0,0,0.999999881],"scale":0.814542294,"type":"desert_rocks_small_07"}
{"ctxid":0,"pos":[-1167.8147,2064.53198,70.7088318],"rotationMatrix":[0.674675763,-0.738113999,0,0.738113999,0.674675763,0,0,0,0.999999881],"scale":0.969436705,"type":"desert_rocks_small_07"}
{"ctxid":0,"pos":[-1162.37549,2068.15845,68.9793549],"rotationMatrix":[0.461115122,-0.887340128,0,0.887340128,0.461115122,0,0,0,0.999999881],"scale":0.716465712,"type":"desert_rocks_small_07"}
{"ctxid":0,"pos":[-1171.55408,2066.10913,69.8162766],"rotationMatrix":[-0.515434921,-0.856928647,0,0.856928647,-0.515434921,0,0,0,0.999999881],"scale":0.853534639,"type":"desert_rocks_small_07"}
{"ctxid":0,"pos":[-1173.34509,2066.15601,69.0349731],"rotationMatrix":[0.378028512,-0.925793827,0,0.925793827,0.378028512,0,0,0,0.999999881],"scale":1.07991195,"type":"desert_rocks_small_07"}
{"ctxid":0,"pos":[-1173.89929,2066.7312,68.7188416],"rotationMatrix":[0.0171397217,0.999853015,0,-0.999853015,0.0171397217,0,0,0,0.999999881],"scale":0.649254084,"type":"desert_rocks_small_07"}
{"ctxid":0,"pos":[-1175.13293,2060.55127,69.1059799],"rotationMatrix":[-0.888311267,-0.459241599,0,0.459241599,-0.888311267,0,0,0,0.999999881],"scale":0.741114259,"type":"desert_rocks_small_07"}
{"ctxid":0,"pos":[-1174.24194,2060.24585,69.4284897],"rotationMatrix":[-0.770235717,-0.637759328,0,0.637759328,-0.770235717,0,0,0,0.999999881],"scale":0.77971828,"type":"desert_rocks_small_07"}
{"ctxid":0,"pos":[-1175.68701,2063.76147,68.5670013],"rotationMatrix":[-0.47632283,-0.879270434,0,0.879270434,-0.47632283,0,0,0,0.999999881],"scale":0.629093826,"type":"desert_rocks_small_07"}
{"ctxid":0,"pos":[-1176.06543,2056.95264,69.5358047],"rotationMatrix":[-0.998459637,0.0554809086,0,-0.0554809086,-0.998459637,0,0,0,0.999999881],"scale":0.771015227,"type":"desert_rocks_small_07"}
{"ctxid":0,"pos":[-1176.11475,2055.74512,69.6593246],"rotationMatrix":[-0.936873257,-0.34966889,0,0.34966889,-0.936873257,0,0,0,0.999999881],"scale":0.656779587,"type":"desert_rocks_small_07"}
{"ctxid":0,"pos":[-1173.82703,2056.18823,70.1721268],"rotationMatrix":[-0.744072437,-0.668098748,0,0.668098748,-0.744072437,0,0,0,0.999999881],"scale":0.725051105,"type":"desert_rocks_small_07"}
{"ctxid":0,"pos":[-1178.18774,2050.96875,69.5322266],"rotationMatrix":[-0.112137765,0.993692577,0,-0.993692577,-0.112137765,0,0,0,0.999999881],"scale":0.892453194,"type":"desert_rocks_small_07"}
{"ctxid":0,"pos":[-1177.23889,2053.4707,69.4458847],"rotationMatrix":[0.79480201,0.606868863,0,-0.606868863,0.79480201,0,0,0,0.999999881],"scale":0.707468748,"type":"desert_rocks_small_07"}
{"ctxid":0,"pos":[-1178.39575,2049.38037,69.9441376],"rotationMatrix":[-0.94545716,0.325746089,0,-0.325746089,-0.94545716,0,0,0,0.999999881],"scale":0.931364059,"type":"desert_rocks_small_07"}
{"ctxid":0,"pos":[-1181.52673,2049.01465,69.7917023],"rotationMatrix":[-0.952428997,0.304760039,0,-0.304760039,-0.952428997,0,0,0,0.999999881],"scale":0.807819128,"type":"desert_rocks_small_07"}
{"ctxid":0,"pos":[-1183.20996,2052.81201,68.7687454],"rotationMatrix":[-0.83127147,0.555866361,0,-0.555866361,-0.83127147,0,0,0,0.999999881],"scale":1.16113961,"type":"desert_rocks_small_07"}
{"ctxid":0,"pos":[-1180.40686,2049.58057,69.6365814],"rotationMatrix":[-0.947613299,0.319419593,0,-0.319419593,-0.947613299,0,0,0,0.999999881],"scale":0.980758369,"type":"desert_rocks_small_07"}
{"ctxid":0,"pos":[-1186.49805,2053.21875,68.5992126],"rotationMatrix":[0.674296618,0.7384606,0,-0.7384606,0.674296618,0,0,0,0.999999881],"scale":1.22522414,"type":"desert_rocks_small_07"}
{"ctxid":0,"pos":[-1183.09741,2049.01196,70.2326431],"rotationMatrix":[-0.965670705,-0.259768963,0,0.259768963,-0.965670705,0,0,0,0.999999881],"scale":0.4507429,"type":"desert_rocks_small_07"}
{"ctxid":0,"pos":[-1185.43616,2053.37866,68.5041351],"rotationMatrix":[-0.202305317,-0.979322493,0,0.979322493,-0.202305317,0,0,0,0.999999881],"scale":0.846533954,"type":"desert_rocks_small_07"}
{"ctxid":0,"pos":[-1184.99414,2052.93799,68.8245087],"rotationMatrix":[0.949223578,-0.314601988,0,0.314601988,0.949223578,0,0,0,0.999999881],"scale":0.571891129,"type":"desert_rocks_small_07"}
{"ctxid":0,"pos":[-1196.85962,2040.95471,69.868248],"rotationMatrix":[0.887916505,0.460004658,0,-0.460004658,0.887916505,0,0,0,0.999999881],"scale":1.08385682,"type":"desert_rocks_small_07"}
{"ctxid":0,"pos":[-1191.46606,2042.18652,68.4441605],"rotationMatrix":[-0.569701612,-0.821851432,0,0.821851432,-0.569701612,0,0,0,0.999999881],"scale":0.872561157,"type":"desert_rocks_small_07"}
{"ctxid":0,"pos":[-1192.38831,2037.41089,69.862236],"rotationMatrix":[0.547177732,0.837016463,0,-0.837016463,0.547177732,0,0,0,0.999999881],"scale":0.849090695,"type":"desert_rocks_small_07"}
{"ctxid":0,"pos":[-1193.31873,2042.35388,68.6699829],"rotationMatrix":[0.109661058,0.993969023,0,-0.993969023,0.109661058,0,0,0,0.999999881],"scale":1.23450911,"type":"desert_rocks_small_07"}
{"ctxid":0,"pos":[-1194.0697,2038.11304,70.0755539],"rotationMatrix":[0.167657092,-0.985845268,0,0.985845268,0.167657092,0,0,0,0.999999881],"scale":0.674788594,"type":"desert_rocks_small_07"}
{"ctxid":0,"pos":[-1190.26477,2043.52771,67.9501801],"rotationMatrix":[-0.769784868,0.638303339,0,-0.638303339,-0.769784868,0,0,0,0.999999881],"scale":1.21259463,"type":"desert_rocks_small_07"}
{"ctxid":0,"pos":[-1195.00146,2038.41846,70.1291656],"rotationMatrix":[-0.646734655,-0.762715042,0,0.762715042,-0.646734655,0,0,0,0.999999881],"scale":0.701386869,"type":"desert_rocks_small_07"}
{"ctxid":0,"pos":[-1192.21057,2033.22888,70.962883],"rotationMatrix":[0.927710176,-0.373301059,0,0.373301059,0.927710176,0,0,0,0.999999881],"scale":1.15661728,"type":"desert_rocks_small_07"}
{"ctxid":0,"pos":[-1187.19214,2039.13623,69.4388504],"rotationMatrix":[-0.94979018,0.312887251,0,-0.312887251,-0.94979018,0,0,0,0.999999881],"scale":0.936101556,"type":"desert_rocks_small_07"}
{"ctxid":0,"pos":[-1184.93933,2033.69214,70.482811],"rotationMatrix":[0.890631974,-0.45472452,0,0.45472452,0.890631974,0,0,0,0.999999881],"scale":0.466185391,"type":"desert_rocks_small_07"}
{"ctxid":0,"pos":[-1183.04956,2033.69373,71.3074493],"rotationMatrix":[-0.977384984,0.211467519,0,-0.211467519,-0.977384984,0,0,0,0.999999881],"scale":1.33322275,"type":"desert_rocks_small_07"}
{"ctxid":0,"pos":[-1186.72888,2033.56335,69.636734],"rotationMatrix":[0.757735074,-0.652562201,0,0.652562201,0.757735074,0,0,0,0.999999881],"scale":0.781258225,"type":"desert_rocks_small_07"}
{"ctxid":0,"pos":[-1183.74365,2032.46863,70.8823318],"rotationMatrix":[-0.620119512,0.784507155,0,-0.784507155,-0.620119512,0,0,0,0.999999881],"scale":0.535921752,"type":"desert_rocks_small_07"}
{"ctxid":0,"pos":[-1184.91003,2030.79028,70.4461288],"rotationMatrix":[-0.0911787674,-0.99583441,0,0.99583441,-0.0911787674,0,0,0,0.999999881],"scale":0.832744122,"type":"desert_rocks_small_07"}
{"ctxid":0,"pos":[-1190.48279,2040.24365,68.7844467],"rotationMatrix":[0.729795158,0.683665812,0,-0.683665812,0.729795158,0,0,0,0.999999881],"scale":0.756549776,"type":"desert_rocks_small_07"}
{"ctxid":0,"pos":[-1189.66541,2035.7876,69.7498856],"rotationMatrix":[-0.989465296,0.144769445,0,-0.144769445,-0.989465296,0,0,0,0.999999881],"scale":0.452483237,"type":"desert_rocks_small_07"}
{"ctxid":0,"pos":[-1196.34521,2039.46533,70.1628189],"rotationMatrix":[0.790314972,-0.612700641,0,0.612700641,0.790314972,0,0,0,0.999999881],"scale":0.653265297,"type":"desert_rocks_small_07"}
{"ctxid":0,"pos":[-1194.23633,2042.84229,68.7787781],"rotationMatrix":[0.601087809,-0.799182892,0,0.799182892,0.601087809,0,0,0,0.999999881],"scale":0.976554036,"type":"desert_rocks_small_07"}
{"ctxid":0,"pos":[-1193.87488,2043.36694,68.6240692],"rotationMatrix":[-0.381968737,-0.924175084,0,0.924175084,-0.381968737,0,0,0,0.999999881],"scale":0.635647893,"type":"desert_rocks_small_07"}
{"ctxid":0,"pos":[-1196.54443,2042.20288,69.4843369],"rotationMatrix":[-0.936730444,-0.350051284,0,0.350051284,-0.936730444,0,0,0,0.999999881],"scale":0.502813458,"type":"desert_rocks_small_07"}
{"ctxid":0,"pos":[-1195.95837,2036.46667,70.9426498],"rotationMatrix":[0.335644752,0.941988647,0,-0.941988647,0.335644752,0,0,0,0.999999881],"scale":1.0686965,"type":"desert_rocks_small_07"}
{"ctxid":0,"pos":[-1199.94702,2038.4248,71.7433548],"rotationMatrix":[0.342769295,0.939419568,0,-0.939419568,0.342769295,0,0,0,0.999999881],"scale":0.677914143,"type":"desert_rocks_small_07"}
{"ctxid":0,"pos":[-1199.61633,2043.26038,69.7295151],"rotationMatrix":[-0.673888505,0.738832951,0,-0.738832951,-0.673888505,0,0,0,0.999999881],"scale":1.03553081,"type":"desert_rocks_small_07"}
{"ctxid":0,"pos":[-1202.75305,2041.68201,70.0274353],"rotationMatrix":[0.555620492,-0.831435919,0,0.831435919,0.555620492,0,0,0,0.999999881],"scale":0.527558684,"type":"desert_rocks_small_07"}
{"ctxid":0,"pos":[-1203.20703,2044.61072,68.6820374],"rotationMatrix":[-0.0553240329,-0.998468399,0,0.998468399,-0.0553240329,0,0,0,0.999999881],"scale":1.29224777,"type":"desert_rocks_small_07"}
{"ctxid":0,"pos":[-1203.58167,2045.43127,68.681839],"rotationMatrix":[0.175328225,-0.984509885,0,0.984509885,0.175328225,0,0,0,0.999999881],"scale":0.490710288,"type":"desert_rocks_small_07"}
{"ctxid":0,"pos":[-1207.14038,2038.83826,70.6618423],"rotationMatrix":[0.786742747,-0.617280781,0,0.617280781,0.786742747,0,0,0,0.999999881],"scale":0.828672111,"type":"desert_rocks_small_07"}
{"ctxid":0,"pos":[-1207.91846,2039.2738,70.3722382],"rotationMatrix":[0.522137344,0.852861404,0,-0.852861404,0.522137344,0,0,0,0.999999881],"scale":0.6096012,"type":"desert_rocks_small_07"}
{"ctxid":0,"pos":[-1210.24048,2041.56262,70.6457672],"rotationMatrix":[0.834326088,-0.551271021,0,0.551271021,0.834326088,0,0,0,0.999999881],"scale":0.427731037,"type":"desert_rocks_small_07"}
{"ctxid":0,"pos":[-1205.08386,2039.22034,70.7257843],"rotationMatrix":[-0.511802197,-0.859103262,0,0.859103262,-0.511802197,0,0,0,0.999999881],"scale":0.897206068,"type":"desert_rocks_small_07"}
{"ctxid":0,"pos":[-1204.3103,2044.13501,68.8601379],"rotationMatrix":[-0.788294137,0.61529845,0,-0.61529845,-0.788294137,0,0,0,0.999999881],"scale":0.41144532,"type":"desert_rocks_small_07"}
{"ctxid":0,"pos":[-1206.65979,2039.59973,70.4354782],"rotationMatrix":[-0.938920557,0.344133765,0,-0.344133765,-0.938920557,0,0,0,0.999999881],"scale":0.534638643,"type":"desert_rocks_small_07"}
{"ctxid":0,"pos":[-1205.40149,2045.95227,69.3598938],"rotationMatrix":[0.988445222,-0.151577815,0,0.151577815,0.988445222,0,0,0,0.999999881],"scale":0.526268005,"type":"desert_rocks_small_07"}
{"ctxid":0,"pos":[-1208.95386,2048.64819,70.6470795],"rotationMatrix":[0.681226671,0.732072532,0,-0.732072532,0.681226671,0,0,0,0.999999881],"scale":0.929548264,"type":"desert_rocks_small_07"}
{"ctxid":0,"pos":[-1209.78284,2047.74841,70.7279739],"rotationMatrix":[0.469721407,0.882814705,0,-0.882814705,0.469721407,0,0,0,0.999999881],"scale":1.25515211,"type":"desert_rocks_small_07"}
{"ctxid":0,"pos":[-1204.75891,2051.42065,69.1678772],"rotationMatrix":[-0.716446161,-0.697642386,0,0.697642386,-0.716446161,0,0,0,0.999999881],"scale":1.07663858,"type":"desert_rocks_small_07"}
{"ctxid":0,"pos":[-1203.42676,2048.65552,68.9099731],"rotationMatrix":[-0.953807533,-0.300418198,0,0.300418198,-0.953807533,0,0,0,0.999999881],"scale":0.876243055,"type":"desert_rocks_small_07"}
{"ctxid":0,"pos":[-1202.38464,2049.20239,68.5453796],"rotationMatrix":[-0.677984476,-0.73507601,0,0.73507601,-0.677984476,0,0,0,0.999999881],"scale":0.568163037,"type":"desert_rocks_small_07"}
{"ctxid":0,"pos":[-1208.91541,2050.1394,70.3482208],"rotationMatrix":[0.0219872463,-0.999758184,0,0.999758184,0.0219872463,0,0,0,0.999999881],"scale":1.02810979,"type":"desert_rocks_small_07"}
{"ctxid":0,"pos":[-1208.35388,2050.3855,70.1724472],"rotationMatrix":[-0.82501477,-0.565110922,0,0.565110922,-0.82501477,0,0,0,0.999999881],"scale":0.479809314,"type":"desert_rocks_small_07"}
{"ctxid":0,"pos":[-1208.95068,2054.51416,69.3212051],"rotationMatrix":[0.783006489,0.622013509,0,-0.622013509,0.783006489,0,0,0,0.999999881],"scale":0.727015972,"type":"desert_rocks_small_07"}
{"ctxid":0,"pos":[-1206.77271,2055.47925,68.7113419],"rotationMatrix":[0.538808882,-0.842427909,0,0.842427909,0.538808882,0,0,0,0.999999881],"scale":1.07356548,"type":"desert_rocks_small_07"}
{"ctxid":0,"pos":[-1205.79553,2055.08813,68.6083755],"rotationMatrix":[-0.946253955,0.323424488,0,-0.323424488,-0.946253955,0,0,0,0.999999881],"scale":1.30388522,"type":"desert_rocks_small_07"}
{"ctxid":0,"pos":[-1203.84961,2054.05664,68.4575424],"rotationMatrix":[0.328090608,0.944646239,0,-0.944646239,0.328090608,0,0,0,0.999999881],"scale":1.235654,"type":"desert_rocks_small_07"}
{"ctxid":0,"pos":[-1207.97144,2056.50952,69.4464951],"rotationMatrix":[-0.846218526,0.532835662,0,-0.532835662,-0.846218526,0,0,0,0.999999881],"scale":1.23139036,"type":"desert_rocks_small_07"}
{"ctxid":0,"pos":[-1203.6322,2055.76929,68.0627747],"rotationMatrix":[0.571361601,0.82069844,0,-0.82069844,0.571361601,0,0,0,0.999999881],"scale":1.12412989,"type":"desert_rocks_small_07"}
{"ctxid":0,"pos":[-1206.03723,2052.84424,69.1744003],"rotationMatrix":[-0.115540624,0.993302703,0,-0.993302703,-0.115540624,0,0,0,0.999999881],"scale":0.723870814,"type":"desert_rocks_small_07"}
{"ctxid":0,"pos":[-1200.91797,2056.94873,67.2802048],"rotationMatrix":[-0.952502131,-0.304531664,0,0.304531664,-0.952502131,0,0,0,0.999999881],"scale":0.562654495,"type":"desert_rocks_small_07"}
{"ctxid":0,"pos":[-1203.88818,2059.76807,68.4824066],"rotationMatrix":[0.690006554,-0.723802984,0,0.723802984,0.690006554,0,0,0,0.999999881],"scale":0.664835215,"type":"desert_rocks_small_07"}
{"ctxid":0,"pos":[-1204.33313,2060.21411,68.7414703],"rotationMatrix":[-0.961131632,-0.276090622,0,0.276090622,-0.961131632,0,0,0,0.999999881],"scale":0.651704371,"type":"desert_rocks_small_07"}
{"ctxid":0,"pos":[-1204.88525,2060.76953,69.0978851],"rotationMatrix":[-0.901519597,0.432738036,0,-0.432738036,-0.901519597,0,0,0,0.999999881],"scale":1.11159658,"type":"desert_rocks_small_07"}
{"ctxid":0,"pos":[-1201.64722,2058.47949,67.2488937],"rotationMatrix":[0.625990093,-0.779830873,0,0.779830873,0.625990093,0,0,0,0.999999881],"scale":0.769325376,"type":"desert_rocks_small_07"}
{"ctxid":0,"pos":[-1201.43921,2059.24194,67.2854385],"rotationMatrix":[-0.234786913,-0.972046793,0,0.972046793,-0.234786913,0,0,0,0.999999881],"scale":1.03337669,"type":"desert_rocks_small_07"}
{"ctxid":0,"pos":[-1200.88416,2065.93286,66.3449783],"rotationMatrix":[-0.985374749,-0.170400813,0,0.170400813,-0.985374749,0,0,0,0.999999881],"scale":0.478398323,"type":"desert_rocks_small_07"}
{"ctxid":0,"pos":[-1207.05212,2064.46289,70.2880859],"rotationMatrix":[-0.980080545,0.198600054,0,-0.198600054,-0.980080545,0,0,0,0.999999881],"scale":0.564412832,"type":"desert_rocks_small_07"}
{"ctxid":0,"pos":[-1208.86768,2069.41089,70.2309952],"rotationMatrix":[0.926297426,-0.376792878,0,0.376792878,0.926297426,0,0,0,0.999999881],"scale":0.507635653,"type":"desert_rocks_small_07"}
{"ctxid":0,"pos":[-1209.65552,2070.20312,70.3973236],"rotationMatrix":[0.99458009,-0.103972405,0,0.103972405,0.99458009,0,0,0,0.999999881],"scale":0.669279754,"type":"desert_rocks_small_07"}
{"ctxid":0,"pos":[-1207.21204,2071.25562,68.7143326],"rotationMatrix":[0.0010344343,0.999999344,0,-0.999999344,0.0010344343,0,0,0,0.999999881],"scale":1.19972479,"type":"desert_rocks_small_07"}
{"ctxid":0,"pos":[-1205.24902,2075.25708,67.2595215],"rotationMatrix":[0.822253704,-0.569120884,0,0.569120884,0.822253704,0,0,0,0.999999881],"scale":0.659471035,"type":"desert_rocks_small_07"}
{"ctxid":0,"pos":[-1206.80371,2072.6731,68.1057739],"rotationMatrix":[-0.724689901,-0.689074934,0,0.689074934,-0.724689901,0,0,0,0.999999881],"scale":0.798745513,"type":"desert_rocks_small_07"}
{"ctxid":0,"pos":[-1207.41028,2070.47681,69.176918],"rotationMatrix":[-0.835843265,0.548967779,0,-0.548967779,-0.835843265,0,0,0,0.999999881],"scale":0.935700357,"type":"desert_rocks_small_07"}
{"ctxid":0,"pos":[-1204.56909,2076.07861,67.0023575],"rotationMatrix":[0.272718579,-0.962093771,0,0.962093771,0.272718579,0,0,0,0.999999881],"scale":0.562734008,"type":"desert_rocks_small_07"}
{"ctxid":0,"pos":[-1212.10461,2076.20654,69.5247955],"rotationMatrix":[-0.443029106,-0.896507084,0,0.896507084,-0.443029106,0,0,0,0.999999881],"scale":0.917803407,"type":"desert_rocks_small_07"}
{"ctxid":0,"pos":[-1214.08752,2074.82666,70.9247131],"rotationMatrix":[0.117492601,-0.993073642,0,0.993073642,0.117492601,0,0,0,0.999999881],"scale":1.0291388,"type":"desert_rocks_small_07"}
{"ctxid":0,"pos":[-1206.00195,2078.10376,67.442543],"rotationMatrix":[-0.998515248,-0.0544708967,0,0.0544708967,-0.998515248,0,0,0,0.999999881],"scale":0.699400663,"type":"desert_rocks_small_07"}
{"ctxid":0,"pos":[-1211.5719,2074.93359,69.6823273],"rotationMatrix":[-0.523555219,0.851991594,0,-0.851991594,-0.523555219,0,0,0,0.999999881],"scale":0.681359947,"type":"desert_rocks_small_07"}
{"ctxid":0,"pos":[-1210.1991,2079.07739,68.7602386],"rotationMatrix":[0.108720191,0.994072318,0,-0.994072318,0.108720191,0,0,0,0.999999881],"scale":0.804991305,"type":"desert_rocks_small_07"}
{"ctxid":0,"pos":[-1213.52307,2076.46948,70.0392456],"rotationMatrix":[-0.588553846,0.808457792,0,-0.808457792,-0.588553846,0,0,0,0.999999881],"scale":1.12656152,"type":"desert_rocks_small_07"}
