{"ctxid":0,"pos":[-954.499329,2082.01465,70.5353394],"rotationMatrix":[-0.404889077,0.914365709,0,-0.914365709,-0.404889077,0,0,0,0.999999881],"scale":1.25586236,"type":"desert_rocks_small_01"}
{"ctxid":0,"pos":[-956.807678,2084.1167,68.1127014],"rotationMatrix":[-0.822474062,-0.568802595,0,0.568802595,-0.822474062,0,0,0,0.999999881],"scale":1.18419099,"type":"desert_rocks_small_01"}
{"ctxid":0,"pos":[-951.438171,2086.802,69.6999664],"rotationMatrix":[-0.765534163,0.643394947,0,-0.643394947,-0.765534163,0,0,0,0.999999881],"scale":0.900164664,"type":"desert_rocks_small_01"}
{"ctxid":0,"pos":[-951.283142,2081.88354,72.5391235],"rotationMatrix":[-0.184327349,-0.982864797,0,0.982864797,-0.184327349,0,0,0,0.999999881],"scale":1.27128279,"type":"desert_rocks_small_01"}
{"ctxid":0,"pos":[-959.416992,2082.4646,69.909584],"rotationMatrix":[-0.886664569,0.462412924,0,-0.462412924,-0.886664569,0,0,0,0.999999881],"scale":0.490251243,"type":"desert_rocks_small_01"}
{"ctxid":0,"pos":[-963.186157,2085.23047,68.3921585],"rotationMatrix":[0.0205446873,0.99978888,0,-0.99978888,0.0205446873,0,0,0,0.999999881],"scale":0.742797971,"type":"desert_rocks_small_01"}
{"ctxid":0,"pos":[-959.922852,2085.09546,67.9894791],"rotationMatrix":[-0.19584547,-0.980634749,0,0.980634749,-0.19584547,0,0,0,0.999999881],"scale":1.09412777,"type":"desert_rocks_small_01"}
{"ctxid":0,"pos":[-974.017761,2083.84131,68.4760437],"rotationMatrix":[-0.953643262,-0.300939143,0,0.300939143,-0.953643262,0,0,0,0.999999881],"scale":0.876960158,"type":"desert_rocks_small_01"}
{"ctxid":0,"pos":[-976.771545,2076.34351,70.5785599],"rotationMatrix":[0.543072224,0.839685977,0,-0.839685977,0.543072224,0,0,0,0.999999881],"scale":1.28880227,"type":"desert_rocks_small_01"}
{"ctxid":0,"pos":[-978.633728,2081.16138,68.7749481],"rotationMatrix":[-0.997590423,-0.069377102,0,0.069377102,-0.997590423,0,0,0,0.999999881],"scale":1.19192815,"type":"desert_rocks_small_01"}
{"ctxid":0,"pos":[-981.08844,2077.85889,69.1750259],"rotationMatrix":[-0.914786458,0.403937727,0,-0.403937727,-0.914786458,0,0,0,0.999999881],"scale":0.448149085,"type":"desert_rocks_small_01"}
{"ctxid":0,"pos":[-984.072449,2077.25244,68.8573685],"rotationMatrix":[-0.0117893741,-0.999930441,0,0.999930441,-0.0117893741,0,0,0,0.999999881],"scale":0.976712644,"type":"desert_rocks_small_01"}
{"ctxid":0,"pos":[-987.097839,2072.7666,69.6987152],"rotationMatrix":[-0.95732075,-0.289027542,0,0.289027542,-0.95732075,0,0,0,0.999999881],"scale":0.659678936,"type":"desert_rocks_small_01"}
{"ctxid":0,"pos":[-983.808472,2069.72095,72.6886368],"rotationMatrix":[0.565155387,-0.824984372,0,0.824984372,0.565155387,0,0,0,0.999999881],"scale":0.929912031,"type":"desert_rocks_small_01"}
{"ctxid":0,"pos":[-987.31958,2071.31152,70.4356384],"rotationMatrix":[-0.568368435,0.822773933,0,-0.822773933,-0.568368435,0,0,0,0.999999881],"scale":0.85492456,"type":"desert_rocks_small_01"}
{"ctxid":0,"pos":[-982.57782,2070.79248,72.4989853],"rotationMatrix":[0.0619959496,0.99807632,0,-0.99807632,0.0619959496,0,0,0,0.999999881],"scale":0.851453066,"type":"desert_rocks_small_01"}
{"ctxid":0,"pos":[-992.189148,2069.37427,70.1437149],"rotationMatrix":[-0.670837462,-0.741604388,0,0.741604388,-0.670837462,0,0,0,0.999999881],"scale":0.449689329,"type":"desert_rocks_small_01"}
{"ctxid":0,"pos":[-990.57074,2065.62891,73.2377243],"rotationMatrix":[-0.90886873,0.417082191,0,-0.417082191,-0.90886873,0,0,0,0.999999881],"scale":0.863111734,"type":"desert_rocks_small_01"}
{"ctxid":0,"pos":[-994.87207,2070.4707,67.1054077],"rotationMatrix":[0.778748453,0.627336323,0,-0.627336323,0.778748453,0,0,0,0.999999881],"scale":1.16652322,"type":"desert_rocks_small_01"}
{"ctxid":0,"pos":[-1000.97382,2064.42773,71.0333481],"rotationMatrix":[-0.93072623,0.365716577,0,-0.365716577,-0.93072623,0,0,0,0.999999881],"scale":1.45481908,"type":"desert_rocks_small_01"}
{"ctxid":0,"pos":[-998.620361,2063.927,71.5886078],"rotationMatrix":[-0.978173196,0.207790971,0,-0.207790971,-0.978173196,0,0,0,0.999999881],"scale":0.951588094,"type":"desert_rocks_small_01"}
{"ctxid":0,"pos":[-1007.82166,2067.33838,69.3073425],"rotationMatrix":[0.913377821,0.407112807,0,-0.407112807,0.913377821,0,0,0,0.999999881],"scale":0.39564237,"type":"desert_rocks_small_01"}
{"ctxid":0,"pos":[-1003.16522,2063.65381,71.5847931],"rotationMatrix":[-0.975553334,0.219762534,0,-0.219762534,-0.975553334,0,0,0,0.999999881],"scale":0.951840401,"type":"desert_rocks_small_01"}
{"ctxid":0,"pos":[-1003.58411,2062.3208,72.5556107],"rotationMatrix":[-0.498520225,-0.866877913,0,0.866877913,-0.498520225,0,0,0,0.999999881],"scale":0.675947309,"type":"desert_rocks_small_01"}
{"ctxid":0,"pos":[-1012.16223,2066.89429,69.8467789],"rotationMatrix":[0.621903658,0.78309375,0,-0.78309375,0.621903658,0,0,0,0.999999881],"scale":1.30180871,"type":"desert_rocks_small_01"}
{"ctxid":0,"pos":[-1011.6322,2065.77441,70.0416183],"rotationMatrix":[-0.943876445,0.330298603,0,-0.330298603,-0.943876445,0,0,0,0.999999881],"scale":0.793759823,"type":"desert_rocks_small_01"}
{"ctxid":0,"pos":[-1008.80609,2071.00684,68.6983795],"rotationMatrix":[-0.999842882,-0.0177184902,0,0.0177184902,-0.999842882,0,0,0,0.999999881],"scale":0.941164851,"type":"desert_rocks_small_01"}
{"ctxid":0,"pos":[-1013.05371,2068.05029,69.7878647],"rotationMatrix":[-0.481083274,0.876674712,0,-0.876674712,-0.481083274,0,0,0,0.999999881],"scale":0.924931169,"type":"desert_rocks_small_01"}
{"ctxid":0,"pos":[-1019.6676,2071.38403,69.1593094],"rotationMatrix":[-0.926689565,-0.3758277,0,0.3758277,-0.926689565,0,0,0,0.999999881],"scale":1.00634825,"type":"desert_rocks_small_01"}
{"ctxid":0,"pos":[-1025.021,2061.33887,71.0176392],"rotationMatrix":[-0.0450985618,0.99898243,0,-0.99898243,-0.0450985618,0,0,0,0.999999881],"scale":1.34223521,"type":"desert_rocks_small_01"}
{"ctxid":0,"pos":[-1028.49573,2064.50732,69.9117126],"rotationMatrix":[-0.355939358,-0.93450892,0,0.93450892,-0.355939358,0,0,0,0.999999881],"scale":0.969009995,"type":"desert_rocks_small_01"}
{"ctxid":0,"pos":[-1034.93018,2070.79492,68.8460541],"rotationMatrix":[-0.917507589,0.397718012,0,-0.397718012,-0.917507589,0,0,0,0.999999881],"scale":0.654253364,"type":"desert_rocks_small_01"}
{"ctxid":0,"pos":[-1040.34692,2064.24097,70.6808548],"rotationMatrix":[0.7280128,-0.685563385,0,0.685563385,0.7280128,0,0,0,0.999999881],"scale":0.995957494,"type":"desert_rocks_small_01"}
{"ctxid":0,"pos":[-1041.71399,2065.35376,70.3665771],"rotationMatrix":[0.0672749057,0.997734427,0,-0.997734427,0.0672749057,0,0,0,0.999999881],"scale":0.86356324,"type":"desert_rocks_small_01"}
{"ctxid":0,"pos":[-1044.11011,2069.65698,69.0805893],"rotationMatrix":[-0.453733861,-0.891137123,0,0.891137123,-0.453733861,0,0,0,0.999999881],"scale":1.44856071,"type":"desert_rocks_small_01"}
{"ctxid":0,"pos":[-1044.15527,2066.38647,69.9690247],"rotationMatrix":[-0.775441587,-0.631419122,0,0.631419122,-0.775441587,0,0,0,0.999999881],"scale":0.488423944,"type":"desert_rocks_small_01"}
{"ctxid":0,"pos":[-1044.83093,2062.24341,70.9847031],"rotationMatrix":[-0.379068941,-0.925368369,0,0.925368369,-0.379068941,0,0,0,0.999999881],"scale":0.457316756,"type":"desert_rocks_small_01"}
{"ctxid":0,"pos":[-1053.26208,2062.24121,70.3843155],"rotationMatrix":[0.821183264,0.570664465,0,-0.570664465,0.821183264,0,0,0,0.999999881],"scale":0.500161827,"type":"desert_rocks_small_01"}
{"ctxid":0,"pos":[-1055.84131,2066.73682,69.1980057],"rotationMatrix":[-0.351268083,-0.936274827,0,0.936274827,-0.351268083,0,0,0,0.999999881],"scale":0.738302469,"type":"desert_rocks_small_01"}
{"ctxid":0,"pos":[-1059.37903,2061.64551,70.0606918],"rotationMatrix":[0.999213994,0.0396379679,0,-0.0396379679,0.999213994,0,0,0,0.999999881],"scale":0.834938407,"type":"desert_rocks_small_01"}
{"ctxid":0,"pos":[-1056.62903,2058.56104,70.9571228],"rotationMatrix":[-0.302375674,0.953188717,0,-0.953188717,-0.302375674,0,0,0,0.999999881],"scale":1.18110335,"type":"desert_rocks_small_01"}
{"ctxid":0,"pos":[-1058.02991,2058.76318,70.9117889],"rotationMatrix":[0.833388448,-0.552687645,0,0.552687645,0.833388448,0,0,0,0.999999881],"scale":0.694711149,"type":"desert_rocks_small_01"}
{"ctxid":0,"pos":[-1064.23303,2062.32324,69.9237442],"rotationMatrix":[0.662331641,0.749210775,0,-0.749210775,0.662331641,0,0,0,0.999999881],"scale":0.616975486,"type":"desert_rocks_small_01"}
{"ctxid":0,"pos":[-1068.89307,2062.677,69.3875198],"rotationMatrix":[0.396915793,0.917855024,0,-0.917855024,0.396915793,0,0,0,0.999999881],"scale":0.470775247,"type":"desert_rocks_small_01"}
{"ctxid":0,"pos":[-1071.77905,2062.24438,69.2412643],"rotationMatrix":[0.0419885926,0.99911803,0,-0.99911803,0.0419885926,0,0,0,0.999999881],"scale":0.721263885,"type":"desert_rocks_small_01"}
{"ctxid":0,"pos":[-1072.41187,2057.6709,70.0399017],"rotationMatrix":[-0.56637609,-0.824146748,0,0.824146748,-0.56637609,0,0,0,0.999999881],"scale":0.507296205,"type":"desert_rocks_small_01"}
{"ctxid":0,"pos":[-1074.18164,2055.61914,70.416954],"rotationMatrix":[0.729464054,-0.684019029,0,0.684019029,0.729464054,0,0,0,0.999999881],"scale":0.47369045,"type":"desert_rocks_small_01"}
{"ctxid":0,"pos":[-1080.20068,2057.64038,69.1960678],"rotationMatrix":[-0.73688823,0.676014483,0,-0.676014483,-0.73688823,0,0,0,0.999999881],"scale":0.495111942,"type":"desert_rocks_small_01"}
{"ctxid":0,"pos":[-1082.37305,2051.48096,69.85466],"rotationMatrix":[0.774158835,-0.632991374,0,0.632991374,0.774158835,0,0,0,0.999999881],"scale":0.798266172,"type":"desert_rocks_small_01"}
{"ctxid":0,"pos":[-1078.84863,2049.09473,70.6732254],"rotationMatrix":[-0.547784746,0.836619079,0,-0.836619079,-0.547784746,0,0,0,0.999999881],"scale":0.502020478,"type":"desert_rocks_small_01"}
{"ctxid":0,"pos":[-1084.09363,2050.71313,69.897995],"rotationMatrix":[-0.989340961,0.14561677,0,-0.14561677,-0.989340961,0,0,0,0.999999881],"scale":0.494857043,"type":"desert_rocks_small_01"}
{"ctxid":0,"pos":[-1088.58557,2046.55823,71.406044],"rotationMatrix":[0.631607473,0.775288343,0,-0.775288343,0.631607473,0,0,0,0.999999881],"scale":0.765925884,"type":"desert_rocks_small_01"}
{"ctxid":0,"pos":[-1089.0332,2047.50769,71.0191727],"rotationMatrix":[0.625153661,-0.780501664,0,0.780501664,0.625153661,0,0,0,0.999999881],"scale":0.401078105,"type":"desert_rocks_small_01"}
{"ctxid":0,"pos":[-1093.90381,2053.55859,69.3136902],"rotationMatrix":[-0.961908698,0.273370802,0,-0.273370802,-0.961908698,0,0,0,0.999999881],"scale":1.42789924,"type":"desert_rocks_small_01"}
{"ctxid":0,"pos":[-1098.16101,2049.97607,69.3466644],"rotationMatrix":[0.995876253,0.0907209739,0,-0.0907209739,0.995876253,0,0,0,0.999999881],"scale":0.428029448,"type":"desert_rocks_small_01"}
{"ctxid":0,"pos":[-1094.76306,2055.0625,69.3577576],"rotationMatrix":[-0.86978358,0.493433356,0,-0.493433356,-0.86978358,0,0,0,0.999999881],"scale":1.45885384,"type":"desert_rocks_small_01"}
{"ctxid":0,"pos":[-1097.93567,2047.28894,70.8266754],"rotationMatrix":[0.875821292,-0.482635409,0,0.482635409,0.875821292,0,0,0,0.999999881],"scale":0.869691968,"type":"desert_rocks_small_01"}
{"ctxid":0,"pos":[-1103.84473,2048.0957,70.1029663],"rotationMatrix":[-0.747399271,-0.664375007,0,0.664375007,-0.747399271,0,0,0,0.999999881],"scale":0.746207476,"type":"desert_rocks_small_01"}
{"ctxid":0,"pos":[-1099.71802,2049.11597,68.7434998],"rotationMatrix":[-0.367940545,-0.929849327,0,0.929849327,-0.367940545,0,0,0,0.999999881],"scale":0.570349276,"type":"desert_rocks_small_01"}
{"ctxid":0,"pos":[-1110.93018,2056.93262,69.3066254],"rotationMatrix":[0.946511447,0.322670132,0,-0.322670132,0.946511447,0,0,0,0.999999881],"scale":0.620753407,"type":"desert_rocks_small_01"}
{"ctxid":0,"pos":[-1114.91919,2057.61694,69.2219467],"rotationMatrix":[0.68289417,-0.730517149,0,0.730517149,0.68289417,0,0,0,0.999999881],"scale":0.614907503,"type":"desert_rocks_small_01"}
{"ctxid":0,"pos":[-1113.19336,2055.34595,69.7078171],"rotationMatrix":[-0.603151143,-0.797626913,0,0.797626913,-0.603151143,0,0,0,0.999999881],"scale":0.536318541,"type":"desert_rocks_small_01"}
{"ctxid":0,"pos":[-1113.18372,2054.07324,69.917305],"rotationMatrix":[0.923681796,-0.383160293,0,0.383160293,0.923681796,0,0,0,0.999999881],"scale":0.499622911,"type":"desert_rocks_small_01"}
{"ctxid":0,"pos":[-1120.63354,2051.3606,70.9502869],"rotationMatrix":[-0.725774944,0.687931955,0,-0.687931955,-0.725774944,0,0,0,0.999999881],"scale":0.438496143,"type":"desert_rocks_small_01"}
{"ctxid":0,"pos":[-1125.07764,2054.1145,69.4708405],"rotationMatrix":[0.992997348,-0.118135512,0,0.118135512,0.992997348,0,0,0,0.999999881],"scale":0.576401353,"type":"desert_rocks_small_01"}
{"ctxid":0,"pos":[-1129.4707,2052.69092,69.1108551],"rotationMatrix":[-0.441558808,-0.897232175,0,0.897232175,-0.441558808,0,0,0,0.999999881],"scale":0.53809762,"type":"desert_rocks_small_01"}
{"ctxid":0,"pos":[-1132.10327,2050.82983,68.833107],"rotationMatrix":[-0.638330698,-0.769762218,0,0.769762218,-0.638330698,0,0,0,0.999999881],"scale":0.902542055,"type":"desert_rocks_small_01"}
{"ctxid":0,"pos":[-1129.96948,2048.4812,70.3835983],"rotationMatrix":[0.997101605,0.0760804638,0,-0.0760804638,0.997101605,0,0,0,0.999999881],"scale":0.950342059,"type":"desert_rocks_small_01"}
{"ctxid":0,"pos":[-1133.15527,2046.58276,70.167244],"rotationMatrix":[0.129273653,0.991608858,0,-0.991608858,0.129273653,0,0,0,0.999999881],"scale":0.62820977,"type":"desert_rocks_small_01"}
{"ctxid":0,"pos":[-1131.57935,2047.65906,70.1398544],"rotationMatrix":[0.543104231,0.839665234,0,-0.839665234,0.543104231,0,0,0,0.999999881],"scale":0.896255076,"type":"desert_rocks_small_01"}
{"ctxid":0,"pos":[-1133.45349,2048.59863,69.1726303],"rotationMatrix":[-0.890247285,0.455477327,0,-0.455477327,-0.890247285,0,0,0,0.999999881],"scale":0.479941666,"type":"desert_rocks_small_01"}
{"ctxid":0,"pos":[-1136.84998,2048.60669,68.9607162],"rotationMatrix":[0.866516232,0.499148816,0,-0.499148816,0.866516232,0,0,0,0.999999881],"scale":0.833369911,"type":"desert_rocks_small_01"}
{"ctxid":0,"pos":[-1135.90125,2042.58606,71.3052673],"rotationMatrix":[0.802516639,-0.5966295,0,0.5966295,0.802516639,0,0,0,0.999999881],"scale":0.576692641,"type":"desert_rocks_small_01"}
{"ctxid":0,"pos":[-1140.52014,2042.5719,71.0439072],"rotationMatrix":[-0.877759635,0.479101032,0,-0.479101032,-0.877759635,0,0,0,0.999999881],"scale":1.28852665,"type":"desert_rocks_small_01"}
{"ctxid":0,"pos":[-1139.51025,2045.18408,70.3132248],"rotationMatrix":[0.57624352,-0.817277908,0,0.817277908,0.57624352,0,0,0,0.999999881],"scale":0.7961514,"type":"desert_rocks_small_01"}
{"ctxid":0,"pos":[-1141.17639,2050.31738,69.5755386],"rotationMatrix":[0.759907722,0.650030911,0,-0.650030911,0.759907722,0,0,0,0.999999881],"scale":0.956430316,"type":"desert_rocks_small_01"}
{"ctxid":0,"pos":[-1140.07349,2050.7937,69.2615051],"rotationMatrix":[0.889145792,-0.45762369,0,0.45762369,0.889145792,0,0,0,0.999999881],"scale":0.644981086,"type":"desert_rocks_small_01"}
{"ctxid":0,"pos":[-1143.29053,2053.93945,69.1371536],"rotationMatrix":[0.227056935,0.973881423,0,-0.973881423,0.227056935,0,0,0,0.999999881],"scale":0.606942892,"type":"desert_rocks_small_01"}
{"ctxid":0,"pos":[-1149.32788,2051.26294,70.9181366],"rotationMatrix":[0.339612007,0.940565646,0,-0.940565646,0.339612007,0,0,0,0.999999881],"scale":0.73725611,"type":"desert_rocks_small_01"}
{"ctxid":0,"pos":[-1148.22644,2050.41626,70.8146286],"rotationMatrix":[0.974444211,0.224629477,0,-0.224629477,0.974444211,0,0,0,0.999999881],"scale":0.553578198,"type":"desert_rocks_small_01"}
{"ctxid":0,"pos":[-1149.00269,2053.10303,70.4396439],"rotationMatrix":[0.893042147,0.449973047,0,-0.449973047,0.893042147,0,0,0,0.999999881],"scale":1.10588336,"type":"desert_rocks_small_01"}
{"ctxid":0,"pos":[-1150.42615,2051.29932,71.1324921],"rotationMatrix":[0.883193791,-0.469008207,0,0.469008207,0.883193791,0,0,0,0.999999881],"scale":0.789944172,"type":"desert_rocks_small_01"}
{"ctxid":0,"pos":[-1155.05261,2054.42993,70.8398285],"rotationMatrix":[0.997972548,-0.0636440441,0,0.0636440441,0.997972548,0,0,0,0.999999881],"scale":1.52689743,"type":"desert_rocks_small_01"}
{"ctxid":0,"pos":[-1155.34265,2055.57373,70.5090332],"rotationMatrix":[-0.711291492,-0.702896953,0,0.702896953,-0.711291492,0,0,0,0.999999881],"scale":0.85567522,"type":"desert_rocks_small_01"}
{"ctxid":0,"pos":[-1156.45923,2054.73779,70.9271164],"rotationMatrix":[-0.980171978,0.198148578,0,-0.198148578,-0.980171978,0,0,0,0.999999881],"scale":0.816960156,"type":"desert_rocks_small_01"}
{"ctxid":0,"pos":[-1153.30981,2053.92725,70.8373871],"rotationMatrix":[0.74775672,0.663972795,0,-0.663972795,0.74775672,0,0,0,0.999999881],"scale":0.399361342,"type":"desert_rocks_small_01"}
{"ctxid":0,"pos":[-1154.00024,2062.70605,68.3985367],"rotationMatrix":[0.987774074,-0.155891612,0,0.155891612,0.987774074,0,0,0,0.999999881],"scale":1.1302104,"type":"desert_rocks_small_01"}
{"ctxid":0,"pos":[-1161.33508,2059.73877,70.9453506],"rotationMatrix":[0.218802378,0.975769103,0,-0.975769103,0.218802378,0,0,0,0.999999881],"scale":0.515446126,"type":"desert_rocks_small_01"}
{"ctxid":0,"pos":[-1161.64648,2063.91211,70.0325394],"rotationMatrix":[0.342777342,-0.939416587,0,0.939416587,0.342777342,0,0,0,0.999999881],"scale":0.396075875,"type":"desert_rocks_small_01"}
{"ctxid":0,"pos":[-1161.33093,2058.65845,71.1902618],"rotationMatrix":[0.267366588,-0.963594794,0,0.963594794,0.267366588,0,0,0,0.999999881],"scale":0.613613963,"type":"desert_rocks_small_01"}
{"ctxid":0,"pos":[-1163.68481,2062.93677,70.6222916],"rotationMatrix":[-0.300612569,-0.953746259,0,0.953746259,-0.300612569,0,0,0,0.999999881],"scale":1.35854638,"type":"desert_rocks_small_01"}
{"ctxid":0,"pos":[-1167.76147,2067.15527,69.9484024],"rotationMatrix":[-0.544708848,-0.838625073,0,0.838625073,-0.544708848,0,0,0,0.999999881],"scale":0.997304022,"type":"desert_rocks_small_01"}
{"ctxid":0,"pos":[-1166.99414,2068.09546,69.6267853],"rotationMatrix":[0.98014313,-0.198290795,0,0.198290795,0.98014313,0,0,0,0.999999881],"scale":0.538698554,"type":"desert_rocks_small_01"}
{"ctxid":0,"pos":[-1172.15332,2064.94458,69.6476288],"rotationMatrix":[-0.461753637,0.887008071,0,-0.887008071,-0.461753637,0,0,0,0.999999881],"scale":0.726980448,"type":"desert_rocks_small_01"}
{"ctxid":0,"pos":[-1172.18665,2063.51904,69.7644577],"rotationMatrix":[0.762711346,0.646739066,0,-0.646739066,0.762711346,0,0,0,0.999999881],"scale":1.04151249,"type":"desert_rocks_small_01"}
{"ctxid":0,"pos":[-1174.13965,2067.71582,68.3859634],"rotationMatrix":[-0.302075028,-0.953284085,0,0.953284085,-0.302075028,0,0,0,0.999999881],"scale":1.03475344,"type":"desert_rocks_small_01"}
{"ctxid":0,"pos":[-1173.97375,2057.98804,69.8637543],"rotationMatrix":[-0.548138142,-0.836387813,0,0.836387813,-0.548138142,0,0,0,0.999999881],"scale":1.33281672,"type":"desert_rocks_small_01"}
{"ctxid":0,"pos":[-1177.83496,2062.40137,67.7883682],"rotationMatrix":[0.18623808,0.982504666,0,-0.982504666,0.18623808,0,0,0,0.999999881],"scale":0.719869733,"type":"desert_rocks_small_01"}
{"ctxid":0,"pos":[-1175.00964,2053.7561,69.9615936],"rotationMatrix":[0.147932306,0.9889974,0,-0.9889974,0.147932306,0,0,0,0.999999881],"scale":1.46116006,"type":"desert_rocks_small_01"}
{"ctxid":0,"pos":[-1179.1366,2054.97412,68.7904358],"rotationMatrix":[0.995415628,-0.0956426412,0,0.0956426412,0.995415628,0,0,0,0.999999881],"scale":1.28891861,"type":"desert_rocks_small_01"}
{"ctxid":0,"pos":[-1173.99866,2052.41772,70.4525757],"rotationMatrix":[0.942766845,0.333452433,0,-0.333452433,0.942766845,0,0,0,0.999999881],"scale":0.635927975,"type":"desert_rocks_small_01"}
{"ctxid":0,"pos":[-1175.26807,2056.31885,69.799469],"rotationMatrix":[-0.147298366,-0.989092052,0,0.989092052,-0.147298366,0,0,0,0.999999881],"scale":0.527317882,"type":"desert_rocks_small_01"}
{"ctxid":0,"pos":[-1180.6969,2047.94128,70.1936722],"rotationMatrix":[-0.99924165,-0.0389362164,0,0.0389362164,-0.99924165,0,0,0,0.999999881],"scale":0.484078079,"type":"desert_rocks_small_01"}
{"ctxid":0,"pos":[-1187.27332,2046.69043,69.9658585],"rotationMatrix":[0.964889228,-0.262656659,0,0.262656659,0.964889228,0,0,0,0.999999881],"scale":1.06562436,"type":"desert_rocks_small_01"}
{"ctxid":0,"pos":[-1186.73242,2051.94263,69.4710236],"rotationMatrix":[-0.227783278,0.973711789,0,-0.973711789,-0.227783278,0,0,0,0.999999881],"scale":1.10010874,"type":"desert_rocks_small_01"}
{"ctxid":0,"pos":[-1195.43567,2042.98547,69.0419464],"rotationMatrix":[-0.246635824,0.969108105,0,-0.969108105,-0.246635824,0,0,0,0.999999881],"scale":0.719207406,"type":"desert_rocks_small_01"}
{"ctxid":0,"pos":[-1191.60303,2044.51599,67.820282],"rotationMatrix":[-0.809876084,0.586600721,0,-0.586600721,-0.809876084,0,0,0,0.999999881],"scale":1.20393002,"type":"desert_rocks_small_01"}
{"ctxid":0,"pos":[-1197.28027,2044.59351,68.963913],"rotationMatrix":[-0.0736045614,-0.997287452,0,0.997287452,-0.0736045614,0,0,0,0.999999881],"scale":0.51273644,"type":"desert_rocks_small_01"}
{"ctxid":0,"pos":[-1191.30164,2040.90149,68.7315674],"rotationMatrix":[0.932978094,0.359933197,0,-0.359933197,0.932978094,0,0,0,0.999999881],"scale":0.58423543,"type":"desert_rocks_small_01"}
{"ctxid":0,"pos":[-1189.06311,2043.19946,68.7203827],"rotationMatrix":[0.00524175866,-0.999986172,0,0.999986172,0.00524175866,0,0,0,0.999999881],"scale":1.11102211,"type":"desert_rocks_small_01"}
{"ctxid":0,"pos":[-1194.36487,2037.02991,70.4276962],"rotationMatrix":[0.495731086,0.868476093,0,-0.868476093,0.495731086,0,0,0,0.999999881],"scale":0.980435133,"type":"desert_rocks_small_01"}
{"ctxid":0,"pos":[-1188.29651,2035.74792,69.4085846],"rotationMatrix":[0.992157459,-0.124993242,0,0.124993242,0.992157459,0,0,0,0.999999881],"scale":1.16137803,"type":"desert_rocks_small_01"}
{"ctxid":0,"pos":[-1184.52661,2036.49182,70.7485733],"rotationMatrix":[-0.57212925,-0.820163488,0,0.820163488,-0.57212925,0,0,0,0.999999881],"scale":1.45996213,"type":"desert_rocks_small_01"}
{"ctxid":0,"pos":[-1186.27454,2041.56189,70.2661133],"rotationMatrix":[-0.843296528,-0.537448406,0,0.537448406,-0.843296528,0,0,0,0.999999881],"scale":0.738535285,"type":"desert_rocks_small_01"}
{"ctxid":0,"pos":[-1192.36377,2038.12598,69.7053604],"rotationMatrix":[-0.175221801,0.984528899,0,-0.984528899,-0.175221801,0,0,0,0.999999881],"scale":0.4268547,"type":"desert_rocks_small_01"}
{"ctxid":0,"pos":[-1198.16553,2037.95935,71.2461929],"rotationMatrix":[-0.812112331,-0.583500922,0,0.583500922,-0.812112331,0,0,0,0.999999881],"scale":0.848929524,"type":"desert_rocks_small_01"}
{"ctxid":0,"pos":[-1201.02161,2039.15735,71.3800049],"rotationMatrix":[-0.596183777,0.802847743,0,-0.802847743,-0.596183777,0,0,0,0.999999881],"scale":0.508981943,"type":"desert_rocks_small_01"}
{"ctxid":0,"pos":[-1202.73132,2038.24719,71.5717545],"rotationMatrix":[0.980076432,-0.198620468,0,0.198620468,0.980076432,0,0,0,0.999999881],"scale":0.548913658,"type":"desert_rocks_small_01"}
{"ctxid":0,"pos":[-1207.19641,2041.59106,69.654068],"rotationMatrix":[-0.885453641,-0.46472767,0,0.46472767,-0.885453641,0,0,0,0.999999881],"scale":0.78764236,"type":"desert_rocks_small_01"}
{"ctxid":0,"pos":[-1207.46606,2045.29468,69.9554901],"rotationMatrix":[-0.528652489,-0.84883827,0,0.84883827,-0.528652489,0,0,0,0.999999881],"scale":1.04704189,"type":"desert_rocks_small_01"}
{"ctxid":0,"pos":[-1209.57739,2043.91541,70.608551],"rotationMatrix":[0.512445509,0.858719766,0,-0.858719766,0.512445509,0,0,0,0.999999881],"scale":0.554904878,"type":"desert_rocks_small_01"}
{"ctxid":0,"pos":[-1207.64124,2049.49146,70.0858078],"rotationMatrix":[0.146928683,0.989147007,0,-0.989147007,0.146928683,0,0,0,0.999999881],"scale":1.19369745,"type":"desert_rocks_small_01"}
{"ctxid":0,"pos":[-1202.75952,2048.12671,68.600914],"rotationMatrix":[-0.536783814,0.843719661,0,-0.843719661,-0.536783814,0,0,0,0.999999881],"scale":0.690078855,"type":"desert_rocks_small_01"}
{"ctxid":0,"pos":[-1209.65173,2050.27808,70.4579163],"rotationMatrix":[0.378046632,-0.925786436,0,0.925786436,0.378046632,0,0,0,0.999999881],"scale":0.646495998,"type":"desert_rocks_small_01"}
{"ctxid":0,"pos":[-1203.63269,2054.97339,68.2635422],"rotationMatrix":[0.96185416,-0.27356258,0,0.27356258,0.96185416,0,0,0,0.999999881],"scale":0.603851914,"type":"desert_rocks_small_01"}
{"ctxid":0,"pos":[-1199.50256,2059.52368,66.628334],"rotationMatrix":[0.200739115,-0.979644656,0,0.979644656,0.200739115,0,0,0,0.999999881],"scale":0.492177755,"type":"desert_rocks_small_01"}
{"ctxid":0,"pos":[-1206.16724,2060.32959,69.4417496],"rotationMatrix":[-0.284915537,-0.958552539,0,0.958552539,-0.284915537,0,0,0,0.999999881],"scale":0.846520126,"type":"desert_rocks_small_01"}
{"ctxid":0,"pos":[-1202.39978,2063.81787,67.6343384],"rotationMatrix":[-0.727420568,0.686191797,0,-0.686191797,-0.727420568,0,0,0,0.999999881],"scale":1.39249206,"type":"desert_rocks_small_01"}
{"ctxid":0,"pos":[-1205.69861,2068.72607,68.559288],"rotationMatrix":[0.29020074,0.956965804,0,-0.956965804,0.29020074,0,0,0,0.999999881],"scale":0.75168407,"type":"desert_rocks_small_01"}
{"ctxid":0,"pos":[-1205.36572,2064.99658,69.1236877],"rotationMatrix":[0.977778912,-0.209638253,0,0.209638253,0.977778912,0,0,0,0.999999881],"scale":0.767830014,"type":"desert_rocks_small_01"}
{"ctxid":0,"pos":[-1207.59875,2065.14771,70.4439011],"rotationMatrix":[-0.740332901,-0.672240257,0,0.672240257,-0.740332901,0,0,0,0.999999881],"scale":1.03582644,"type":"desert_rocks_small_01"}
{"ctxid":0,"pos":[-1202.40381,2069.35034,66.6094437],"rotationMatrix":[0.827369392,0.561658144,0,-0.561658144,0.827369392,0,0,0,0.999999881],"scale":0.655835867,"type":"desert_rocks_small_01"}
{"ctxid":0,"pos":[-1207.38647,2073.46655,68.1316605],"rotationMatrix":[-0.554203629,0.832380891,0,-0.832380891,-0.554203629,0,0,0,0.999999881],"scale":0.534680068,"type":"desert_rocks_small_01"}
{"ctxid":0,"pos":[-1210.21875,2071.40161,70.261055],"rotationMatrix":[-0.676875412,-0.736097574,0,0.736097574,-0.676875412,0,0,0,0.999999881],"scale":1.16322851,"type":"desert_rocks_small_01"}
{"ctxid":0,"pos":[-1219.54248,2077.26465,70.604248],"rotationMatrix":[-0.984551489,-0.175094903,0,0.175094903,-0.984551489,0,0,0,0.999999881],"scale":0.492641807,"type":"desert_rocks_small_01"}
{"ctxid":0,"pos":[-1228.07397,2077.38623,68.9466782],"rotationMatrix":[-0.649975479,-0.759954989,0,0.759954989,-0.649975479,0,0,0,0.999999881],"scale":0.492613763,"type":"desert_rocks_small_01"}
{"ctxid":0,"pos":[-1229.12073,2080.37817,68.3543243],"rotationMatrix":[0.325744599,0.945457757,0,-0.945457757,0.325744599,0,0,0,0.999999881],"scale":0.93561703,"type":"desert_rocks_small_01"}
{"ctxid":0,"pos":[-1227.11145,2082.05542,68.3833389],"rotationMatrix":[0.605780303,-0.795631886,0,0.795631886,0.605780303,0,0,0,0.999999881],"scale":0.566249311,"type":"desert_rocks_small_01"}
{"ctxid":0,"pos":[-1235.78845,2071.49194,68.3798218],"rotationMatrix":[-0.996847808,0.0793371797,0,-0.0793371797,-0.996847808,0,0,0,0.999999881],"scale":0.399666756,"type":"desert_rocks_small_01"}
{"ctxid":0,"pos":[-1236.34131,2065.46118,69.0226288],"rotationMatrix":[-0.927991092,-0.372602135,0,0.372602135,-0.927991092,0,0,0,0.999999881],"scale":1.04041409,"type":"desert_rocks_small_01"}
{"ctxid":0,"pos":[-1233.71167,2061.04102,70.2840424],"rotationMatrix":[-0.258714706,0.965953648,0,-0.965953648,-0.258714706,0,0,0,0.999999881],"scale":0.895239472,"type":"desert_rocks_small_01"}
{"ctxid":0,"pos":[-1237.63062,2059.073,69.964325],"rotationMatrix":[0.997817457,0.0660313591,0,-0.0660313591,0.997817457,0,0,0,0.999999881],"scale":0.455180675,"type":"desert_rocks_small_01"}
{"ctxid":0,"pos":[-1239.36975,2059.43066,69.5285873],"rotationMatrix":[-0.120475985,-0.992716193,0,0.992716193,-0.120475985,0,0,0,0.999999881],"scale":0.622689486,"type":"desert_rocks_small_01"}
{"ctxid":0,"pos":[-1240.5144,2056.5481,69.8309402],"rotationMatrix":[0.890232146,0.45550701,0,-0.45550701,0.890232146,0,0,0,0.999999881],"scale":1.04273963,"type":"desert_rocks_small_01"}
{"ctxid":0,"pos":[-1237.04712,2056.70605,70.56987],"rotationMatrix":[0.256543577,0.966532648,0,-0.966532648,0.256543577,0,0,0,0.999999881],"scale":0.882723153,"type":"desert_rocks_small_01"}
{"ctxid":0,"pos":[-1245.12109,2055.17236,69.3872223],"rotationMatrix":[0.599363387,-0.800476968,0,0.800476968,0.599363387,0,0,0,0.999999881],"scale":0.664054155,"type":"desert_rocks_small_01"}
{"ctxid":0,"pos":[-1240.39941,2052.11108,70.7261581],"rotationMatrix":[0.068329148,0.997662783,0,-0.997662783,0.068329148,0,0,0,0.999999881],"scale":0.67682445,"type":"desert_rocks_small_01"}
{"ctxid":0,"pos":[-1248.65503,2042.5802,70.5887985],"rotationMatrix":[0.0760132894,0.997106731,0,-0.997106731,0.0760132894,0,0,0,0.999999881],"scale":0.784635901,"type":"desert_rocks_small_01"}
{"ctxid":0,"pos":[-1254.54919,2043.64404,69.3451309],"rotationMatrix":[0.327841967,0.944732606,0,-0.944732606,0.327841967,0,0,0,0.999999881],"scale":0.725541353,"type":"desert_rocks_small_01"}
{"ctxid":0,"pos":[-1255.0907,2036.38708,69.6454239],"rotationMatrix":[0.440069616,-0.897963464,0,0.897963464,0.440069616,0,0,0,0.999999881],"scale":1.37160695,"type":"desert_rocks_small_01"}
{"ctxid":0,"pos":[-1255.06885,2034.57117,70.0180893],"rotationMatrix":[-0.998395562,0.0566228032,0,-0.0566228032,-0.998395562,0,0,0,0.999999881],"scale":0.409903169,"type":"desert_rocks_small_01"}
{"ctxid":0,"pos":[-1253.44824,2033.10291,70.8067169],"rotationMatrix":[0.0583985522,0.998293281,0,-0.998293281,0.0583985522,0,0,0,0.999999881],"scale":0.418248653,"type":"desert_rocks_small_01"}
{"ctxid":0,"pos":[-1262.25317,2024.39124,69.6783447],"rotationMatrix":[-0.272576988,-0.962133884,0,0.962133884,-0.272576988,0,0,0,0.999999881],"scale":0.638016105,"type":"desert_rocks_small_01"}
{"ctxid":0,"pos":[-1257.32544,2018.87769,70.7924957],"rotationMatrix":[0.64111656,-0.767443419,0,0.767443419,0.64111656,0,0,0,0.999999881],"scale":0.424649775,"type":"desert_rocks_small_01"}
{"ctxid":0,"pos":[-1260.28564,2018.7489,70.477005],"rotationMatrix":[-0.736602902,0.676325202,0,-0.676325202,-0.736602902,0,0,0,0.999999881],"scale":0.443598092,"type":"desert_rocks_small_01"}
{"ctxid":0,"pos":[-1262.24927,2018.13977,70.2525864],"rotationMatrix":[-0.98891598,-0.14847599,0,0.14847599,-0.98891598,0,0,0,0.999999881],"scale":1.46654975,"type":"desert_rocks_small_01"}
{"ctxid":0,"pos":[-1263.43481,2018.99097,69.975769],"rotationMatrix":[-0.139411077,-0.990234494,0,0.990234494,-0.139411077,0,0,0,0.999999881],"scale":1.18282557,"type":"desert_rocks_small_01"}
{"ctxid":0,"pos":[-1267.56738,2015.50867,69.8898239],"rotationMatrix":[0.96106714,0.276314855,0,-0.276314855,0.96106714,0,0,0,0.999999881],"scale":0.699341297,"type":"desert_rocks_small_01"}
{"ctxid":0,"pos":[-1271.09277,2011.92615,69.7192917],"rotationMatrix":[0.549981236,-0.835176945,0,0.835176945,0.549981236,0,0,0,0.999999881],"scale":0.814521074,"type":"desert_rocks_small_01"}
{"ctxid":0,"pos":[-1267.73389,2014.5498,69.9803162],"rotationMatrix":[0.980065107,0.198676437,0,-0.198676437,0.980065107,0,0,0,0.999999881],"scale":0.576303363,"type":"desert_rocks_small_01"}
{"ctxid":0,"pos":[-1272.70715,2000.7948,70.4294128],"rotationMatrix":[0.18967241,0.981847405,0,-0.981847405,0.18967241,0,0,0,0.999999881],"scale":0.905909419,"type":"desert_rocks_small_01"}
{"ctxid":0,"pos":[-1280.99744,1998.6676,69.3498688],"rotationMatrix":[0.950700581,0.310110092,0,-0.310110092,0.950700581,0,0,0,0.999999881],"scale":0.427509159,"type":"desert_rocks_small_01"}
{"ctxid":0,"pos":[-1282.2406,1998.66504,69.1305313],"rotationMatrix":[0.99522692,0.0975872949,0,-0.0975872949,0.99522692,0,0,0,0.999999881],"scale":1.26159477,"type":"desert_rocks_small_01"}
{"ctxid":0,"pos":[-1281.12073,2000.70276,69.1586838],"rotationMatrix":[0.66288662,-0.748719752,0,0.748719752,0.66288662,0,0,0,0.999999881],"scale":0.410881102,"type":"desert_rocks_small_01"}
{"ctxid":0,"pos":[-1278.90686,1995.01819,70.2460403],"rotationMatrix":[-0.84429431,0.535879731,0,-0.535879731,-0.84429431,0,0,0,0.999999881],"scale":0.516394734,"type":"desert_rocks_small_01"}
{"ctxid":0,"pos":[-1285.42334,1994.70056,68.8703308],"rotationMatrix":[-0.478225172,0.878237128,0,-0.878237128,-0.478225172,0,0,0,0.999999881],"scale":1.34127164,"type":"desert_rocks_small_01"}
{"ctxid":0,"pos":[-1281.11438,1992.39868,70.3776932],"rotationMatrix":[-0.741553307,-0.670893788,0,0.670893788,-0.741553307,0,0,0,0.999999881],"scale":1.06581712,"type":"desert_rocks_small_01"}
{"ctxid":0,"pos":[-1281.52979,1991.2511,70.6173325],"rotationMatrix":[-0.265634775,-0.964073658,0,0.964073658,-0.265634775,0,0,0,0.999999881],"scale":0.50468111,"type":"desert_rocks_small_01"}
{"ctxid":0,"pos":[-1288.30762,1993.58105,68.5956497],"rotationMatrix":[-0.973186195,-0.230018377,0,0.230018377,-0.973186195,0,0,0,0.999999881],"scale":0.78143084,"type":"desert_rocks_small_01"}
{"ctxid":0,"pos":[-1284.27319,1993.03625,69.6268234],"rotationMatrix":[-0.898646891,0.438672513,0,-0.438672513,-0.898646891,0,0,0,0.999999881],"scale":0.392757684,"type":"desert_rocks_small_01"}
{"ctxid":0,"pos":[-1289.797,1987.51196,69.4588852],"rotationMatrix":[0.0389655419,0.999240398,0,-0.999240398,0.0389655419,0,0,0,0.999999881],"scale":1.46926153,"type":"desert_rocks_small_01"}
{"ctxid":0,"pos":[-1291.75867,1987.61414,69.0792084],"rotationMatrix":[-0.865029752,-0.501720607,0,0.501720607,-0.865029752,0,0,0,0.999999881],"scale":1.05387115,"type":"desert_rocks_small_01"}
{"ctxid":0,"pos":[-1289.51221,1989.9967,69.0708694],"rotationMatrix":[0.292318672,-0.956320882,0,0.956320882,0.292318672,0,0,0,0.999999881],"scale":0.401722044,"type":"desert_rocks_small_01"}
{"ctxid":0,"pos":[-1290.53943,1986.48816,69.4498825],"rotationMatrix":[-0.837017477,-0.547176123,0,0.547176123,-0.837017477,0,0,0,0.999999881],"scale":1.03309834,"type":"desert_rocks_small_01"}
{"ctxid":0,"pos":[-1289.63184,1983.0177,70.2923965],"rotationMatrix":[0.83814615,0.545445681,0,-0.545445681,0.83814615,0,0,0,0.999999881],"scale":0.771088123,"type":"desert_rocks_small_01"}
{"ctxid":0,"pos":[-1288.80994,1981.37866,70.7600632],"rotationMatrix":[0.440914661,-0.897548854,0,0.897548854,0.440914661,0,0,0,0.999999881],"scale":0.773873329,"type":"desert_rocks_small_01"}
{"ctxid":0,"pos":[-1286.70618,1983.08936,70.809906],"rotationMatrix":[-0.962782919,0.270275652,0,-0.270275652,-0.962782919,0,0,0,0.999999881],"scale":0.460113406,"type":"desert_rocks_small_01"}
{"ctxid":0,"pos":[-1294.18286,1980.88,69.6869965],"rotationMatrix":[0.767723262,0.640781581,0,-0.640781581,0.767723262,0,0,0,0.999999881],"scale":1.20317376,"type":"desert_rocks_small_01"}
{"ctxid":0,"pos":[-1294.89136,1980.02258,69.6570892],"rotationMatrix":[-0.837161481,0.546955705,0,-0.546955705,-0.837161481,0,0,0,0.999999881],"scale":0.68802166,"type":"desert_rocks_small_01"}
{"ctxid":0,"pos":[-1291.63953,1975.01758,70.8384399],"rotationMatrix":[-0.995261967,0.0972292572,0,-0.0972292572,-0.995261967,0,0,0,0.999999881],"scale":1.47492599,"type":"desert_rocks_small_01"}
{"ctxid":0,"pos":[-1294.12109,1973.57056,70.6446381],"rotationMatrix":[-0.233897343,-0.97226119,0,0.97226119,-0.233897343,0,0,0,0.999999881],"scale":0.770402789,"type":"desert_rocks_small_01"}
{"ctxid":0,"pos":[-1297.38818,1973.24146,69.9778595],"rotationMatrix":[-0.00415428029,-0.999991298,0,0.999991298,-0.00415428029,0,0,0,0.999999881],"scale":0.604149461,"type":"desert_rocks_small_01"}
{"ctxid":0,"pos":[-1292.29224,1976.35303,70.617897],"rotationMatrix":[-0.896899641,0.442234039,0,-0.442234039,-0.896899641,0,0,0,0.999999881],"scale":1.47625613,"type":"desert_rocks_small_01"}
{"ctxid":0,"pos":[-1299.29211,1973.40918,69.5858765],"rotationMatrix":[-0.976594567,-0.215088278,0,0.215088278,-0.976594567,0,0,0,0.999999881],"scale":0.728586495,"type":"desert_rocks_small_01"}
{"ctxid":0,"pos":[-1302.302,1965.78357,70.5221786],"rotationMatrix":[-0.504403949,0.863467634,0,-0.863467634,-0.504403949,0,0,0,0.999999881],"scale":1.21537185,"type":"desert_rocks_small_01"}
{"ctxid":0,"pos":[-1305.38208,1964.7948,70.2304688],"rotationMatrix":[-0.694337368,-0.719649494,0,0.719649494,-0.694337368,0,0,0,0.999999881],"scale":1.14036965,"type":"desert_rocks_small_01"}
{"ctxid":0,"pos":[-1307.66504,1962.82739,70.0490265],"rotationMatrix":[-0.754128098,0.656727195,0,-0.656727195,-0.754128098,0,0,0,0.999999881],"scale":1.01651144,"type":"desert_rocks_small_01"}
{"ctxid":0,"pos":[-1308.84558,1960.11572,70.2225189],"rotationMatrix":[-0.240099788,0.970748127,0,-0.970748127,-0.240099788,0,0,0,0.999999881],"scale":1.18210554,"type":"desert_rocks_small_01"}
{"ctxid":0,"pos":[-1314.02332,1961.39282,69.5063858],"rotationMatrix":[-0.101930037,-0.994791508,0,0.994791508,-0.101930037,0,0,0,0.999999881],"scale":0.900941253,"type":"desert_rocks_small_01"}
{"ctxid":0,"pos":[-1316.19446,1956.98792,69.7056656],"rotationMatrix":[0.158507273,-0.987357736,0,0.987357736,0.158507273,0,0,0,0.999999881],"scale":1.24808645,"type":"desert_rocks_small_01"}
{"ctxid":0,"pos":[-1317.04578,1950.84045,70.1368332],"rotationMatrix":[0.73824358,-0.674534023,0,0.674534023,0.73824358,0,0,0,0.999999881],"scale":1.34300137,"type":"desert_rocks_small_01"}
{"ctxid":0,"pos":[-1317.72461,1953.02234,69.9303131],"rotationMatrix":[0.843206942,0.537589014,0,-0.537589014,0.843206942,0,0,0,0.999999881],"scale":0.892774463,"type":"desert_rocks_small_01"}
{"ctxid":0,"pos":[-1315.25977,1949.02332,70.5994568],"rotationMatrix":[0.477228463,-0.878779113,0,0.878779113,0.477228463,0,0,0,0.999999881],"scale":0.898362219,"type":"desert_rocks_small_01"}
{"ctxid":0,"pos":[-1324.06702,1947.11267,69.6447983],"rotationMatrix":[0.0182362515,-0.999833584,0,0.999833584,0.0182362515,0,0,0,0.999999881],"scale":1.17983651,"type":"desert_rocks_small_01"}
{"ctxid":0,"pos":[-1317.98083,1943.5155,70.5826035],"rotationMatrix":[0.963075161,-0.269232333,0,0.269232333,0.963075161,0,0,0,0.999999881],"scale":1.18854368,"type":"desert_rocks_small_01"}
{"ctxid":0,"pos":[-1322.66711,1948.43835,69.7190018],"rotationMatrix":[-0.0564344935,0.998406231,0,-0.998406231,-0.0564344935,0,0,0,0.999999881],"scale":1.3497889,"type":"desert_rocks_small_01"}
{"ctxid":0,"pos":[-1324.18127,1943.21667,69.861969],"rotationMatrix":[0.988624632,-0.150403321,0,0.150403321,0.988624632,0,0,0,0.999999881],"scale":1.13099968,"type":"desert_rocks_small_01"}
{"ctxid":0,"pos":[-1320.27039,1940.41028,70.4884491],"rotationMatrix":[0.700505435,0.713647068,0,-0.713647068,0.700505435,0,0,0,0.999999881],"scale":0.89204222,"type":"desert_rocks_small_01"}
{"ctxid":0,"pos":[-1328.52222,1940.63196,69.4164352],"rotationMatrix":[-0.275046587,0.961430728,0,-0.961430728,-0.275046587,0,0,0,0.999999881],"scale":1.11611271,"type":"desert_rocks_small_01"}
{"ctxid":0,"pos":[-1321.26453,1944.59814,70.0881882],"rotationMatrix":[-0.651309073,0.758812249,0,-0.758812249,-0.651309073,0,0,0,0.999999881],"scale":1.04129732,"type":"desert_rocks_small_01"}
{"ctxid":0,"pos":[-1329.82642,1933.75781,69.6546097],"rotationMatrix":[-0.443129539,0.896457434,0,-0.896457434,-0.443129539,0,0,0,0.999999881],"scale":0.862888455,"type":"desert_rocks_small_01"}
{"ctxid":0,"pos":[-1328.15759,1937.56396,69.6890411],"rotationMatrix":[0.960218966,-0.27924791,0,0.27924791,0.960218966,0,0,0,0.999999881],"scale":1.23025942,"type":"desert_rocks_small_01"}
{"ctxid":0,"pos":[-1309.84949,1959.72058,70.1830292],"rotationMatrix":[0.0532819852,0.998579443,0,-0.998579443,0.0532819852,0,0,0,0.999999881],"scale":0.566773713,"type":"desert_rocks_small_01"}
{"ctxid":0,"pos":[-1307.79443,1957.29541,70.74617],"rotationMatrix":[-0.578969121,0.815349221,0,-0.815349221,-0.578969121,0,0,0,0.999999881],"scale":0.499283463,"type":"desert_rocks_small_01"}
{"ctxid":0,"pos":[-1308.6051,1966.01782,69.5543823],"rotationMatrix":[-0.58682853,0.809711039,0,-0.809711039,-0.58682853,0,0,0,0.999999881],"scale":0.582988501,"type":"desert_rocks_small_01"}
{"ctxid":0,"pos":[-1226.26062,2072.9668,70.7109985],"rotationMatrix":[-0.965193212,0.26153779,0,-0.26153779,-0.965193212,0,0,0,0.999999881],"scale":0.79044354,"type":"desert_rocks_small_01"}
{"ctxid":0,"pos":[-1154.21436,2054.65845,70.7317429],"rotationMatrix":[-0.636069834,0.771631241,0,-0.771631241,-0.636069834,0,0,0,0.999999881],"scale":0.441070646,"type":"desert_rocks_small_01"}
