{"ctxid":0,"pos":[-492.587433,2048.96045,72.9163208],"rotationMatrix":[0.981434286,-0.191798151,0,0.191798151,0.981434286,0,0,0,0.999999881],"scale":1,"type":"desert_rocks_tiny_02"}
{"ctxid":0,"pos":[-490.796661,2053.39282,72.9163208],"rotationMatrix":[-0.984290898,-0.176553831,0,0.176553831,-0.984290898,0,0,0,0.999999881],"scale":1,"type":"desert_rocks_tiny_02"}
{"ctxid":0,"pos":[-988.149292,2069.21118,71.5421448],"rotationMatrix":[-0.310483187,-0.950578749,0,0.950578749,-0.310483187,0,0,0,0.999999881],"scale":0.581842959,"type":"desert_rocks_tiny_02"}
{"ctxid":0,"pos":[-988.217468,2071.81128,69.9157181],"rotationMatrix":[-0.987458408,-0.15787895,0,0.15787895,-0.987458408,0,0,0,0.999999881],"scale":0.794721246,"type":"desert_rocks_tiny_02"}
{"ctxid":0,"pos":[-988.4422,2071.0376,70.3109589],"rotationMatrix":[0.988853157,0.148893446,0,-0.148893446,0.988853157,0,0,0,0.999999881],"scale":0.844513774,"type":"desert_rocks_tiny_02"}
{"ctxid":0,"pos":[-988.828247,2070.29688,70.6274872],"rotationMatrix":[0.497739077,-0.867326796,0,0.867326796,0.497739077,0,0,0,0.999999881],"scale":0.70570147,"type":"desert_rocks_tiny_02"}
{"ctxid":0,"pos":[-990.881348,2070.15723,69.9701462],"rotationMatrix":[-0.630671084,-0.776050091,0,0.776050091,-0.630671084,0,0,0,0.999999881],"scale":0.62848109,"type":"desert_rocks_tiny_02"}
{"ctxid":0,"pos":[-991.560364,2070.12988,69.7936478],"rotationMatrix":[0.989255011,-0.146199748,0,0.146199748,0.989255011,0,0,0,0.999999881],"scale":0.91083163,"type":"desert_rocks_tiny_02"}
{"ctxid":0,"pos":[-990.881897,2068.89966,70.8641891],"rotationMatrix":[-0.49568978,0.868499517,0,-0.868499517,-0.49568978,0,0,0,0.999999881],"scale":0.875028908,"type":"desert_rocks_tiny_02"}
{"ctxid":0,"pos":[-993.47345,2068.06689,70.19133],"rotationMatrix":[-0.123630315,0.992328227,0,-0.992328227,-0.123630315,0,0,0,0.999999881],"scale":0.655448079,"type":"desert_rocks_tiny_02"}
{"ctxid":0,"pos":[-993.918396,2069.08008,68.8942413],"rotationMatrix":[-0.112652831,-0.993634284,0,0.993634284,-0.112652831,0,0,0,0.999999881],"scale":0.84356457,"type":"desert_rocks_tiny_02"}
{"ctxid":0,"pos":[-995.138184,2068.12183,68.6551971],"rotationMatrix":[0.997262537,-0.0739406869,0,0.0739406869,0.997262537,0,0,0,0.999999881],"scale":0.733401775,"type":"desert_rocks_tiny_02"}
{"ctxid":0,"pos":[-995.460266,2067.00903,69.4355545],"rotationMatrix":[-0.486093849,-0.873906434,0,0.873906434,-0.486093849,0,0,0,0.999999881],"scale":0.793144643,"type":"desert_rocks_tiny_02"}
{"ctxid":0,"pos":[-992.251038,2068.56079,70.740921],"rotationMatrix":[0.584204316,-0.811606467,0,0.811606467,0.584204316,0,0,0,0.999999881],"scale":0.881358683,"type":"desert_rocks_tiny_02"}
{"ctxid":0,"pos":[-993.660645,2065.99072,71.8673935],"rotationMatrix":[-0.0357440263,0.999360859,0,-0.999360859,-0.0357440263,0,0,0,0.999999881],"scale":0.814988852,"type":"desert_rocks_tiny_02"}
{"ctxid":0,"pos":[-992.686584,2068.33423,70.6570129],"rotationMatrix":[0.721497536,-0.692416906,0,0.692416906,0.721497536,0,0,0,0.999999881],"scale":0.720172226,"type":"desert_rocks_tiny_02"}
{"ctxid":0,"pos":[-993.780029,2067.08496,70.7892151],"rotationMatrix":[0.954903901,0.296914726,0,-0.296914726,0.954903901,0,0,0,0.999999881],"scale":0.614931524,"type":"desert_rocks_tiny_02"}
{"ctxid":0,"pos":[-998.093994,2064.96118,70.7719345],"rotationMatrix":[-0.839282274,-0.543695867,0,0.543695867,-0.839282274,0,0,0,0.999999881],"scale":0.74010396,"type":"desert_rocks_tiny_02"}
{"ctxid":0,"pos":[-996.686035,2064.54614,71.4823074],"rotationMatrix":[0.624884725,-0.780716956,0,0.780716956,0.624884725,0,0,0,0.999999881],"scale":0.898384452,"type":"desert_rocks_tiny_02"}
{"ctxid":0,"pos":[-997.664124,2066.34619,69.5404358],"rotationMatrix":[-0.928999126,-0.370081604,0,0.370081604,-0.928999126,0,0,0,0.999999881],"scale":0.597172916,"type":"desert_rocks_tiny_02"}
{"ctxid":0,"pos":[-996.348938,2066.65625,69.4832001],"rotationMatrix":[-0.621671438,-0.783277929,0,0.783277929,-0.621671438,0,0,0,0.999999881],"scale":0.57924664,"type":"desert_rocks_tiny_02"}
{"ctxid":0,"pos":[-995.369446,2064.88818,71.59272],"rotationMatrix":[-0.201009721,0.979589164,0,-0.979589164,-0.201009721,0,0,0,0.999999881],"scale":0.714580655,"type":"desert_rocks_tiny_02"}
{"ctxid":0,"pos":[-999.042664,2065.12476,70.5584259],"rotationMatrix":[-0.576316893,0.817226112,0,-0.817226112,-0.576316893,0,0,0,0.999999881],"scale":0.650275588,"type":"desert_rocks_tiny_02"}
{"ctxid":0,"pos":[-998.795166,2064.74512,70.9208679],"rotationMatrix":[-0.743152618,-0.669121742,0,0.669121742,-0.743152618,0,0,0,0.999999881],"scale":0.674365461,"type":"desert_rocks_tiny_02"}
{"ctxid":0,"pos":[-995.838501,2065.58667,70.7309494],"rotationMatrix":[0.996679485,-0.0814238861,0,0.0814238861,0.996679485,0,0,0,0.999999881],"scale":0.6331774,"type":"desert_rocks_tiny_02"}
{"ctxid":0,"pos":[-998.088684,2065.8916,69.9253387],"rotationMatrix":[0.857931674,-0.513763607,0,0.513763607,0.857931674,0,0,0,0.999999881],"scale":0.605050445,"type":"desert_rocks_tiny_02"}
{"ctxid":0,"pos":[-1000.17987,2066.06787,69.622467],"rotationMatrix":[0.813671649,-0.581324577,0,0.581324577,0.813671649,0,0,0,0.999999881],"scale":0.85897851,"type":"desert_rocks_tiny_02"}
{"ctxid":0,"pos":[-1000.10712,2064.61255,70.9522018],"rotationMatrix":[-0.682598174,-0.730793774,0,0.730793774,-0.682598174,0,0,0,0.999999881],"scale":0.828716755,"type":"desert_rocks_tiny_02"}
{"ctxid":0,"pos":[-1001.29248,2062.54639,72.7523117],"rotationMatrix":[0.413174063,-0.910651982,0,0.910651982,0.413174063,0,0,0,0.999999881],"scale":0.813912988,"type":"desert_rocks_tiny_02"}
{"ctxid":0,"pos":[-999.497864,2064.4585,71.1339264],"rotationMatrix":[0.593586564,0.804770172,0,-0.804770172,0.593586564,0,0,0,0.999999881],"scale":0.792971015,"type":"desert_rocks_tiny_02"}
{"ctxid":0,"pos":[-1002.92712,2064.99756,70.4096832],"rotationMatrix":[-0.967925489,0.251237005,0,-0.251237005,-0.967925489,0,0,0,0.999999881],"scale":0.658578157,"type":"desert_rocks_tiny_02"}
{"ctxid":0,"pos":[-999.933228,2063.25879,72.196373],"rotationMatrix":[-0.243361354,-0.969935596,0,0.969935596,-0.243361354,0,0,0,0.999999881],"scale":0.76605618,"type":"desert_rocks_tiny_02"}
{"ctxid":0,"pos":[-1003.8692,2065.77075,69.6416931],"rotationMatrix":[-0.998286128,0.0585203245,0,-0.0585203245,-0.998286128,0,0,0,0.999999881],"scale":0.741425157,"type":"desert_rocks_tiny_02"}
{"ctxid":0,"pos":[-1004.26123,2065.04419,70.2763824],"rotationMatrix":[0.685016513,-0.728527367,0,0.728527367,0.685016513,0,0,0,0.999999881],"scale":0.882712185,"type":"desert_rocks_tiny_02"}
{"ctxid":0,"pos":[-1003.50531,2065.91797,69.5324554],"rotationMatrix":[-0.99392271,0.110079236,0,-0.110079236,-0.99392271,0,0,0,0.999999881],"scale":0.81993109,"type":"desert_rocks_tiny_02"}
{"ctxid":0,"pos":[-1004.59399,2064.47998,70.7673187],"rotationMatrix":[0.325937092,0.945391476,0,-0.945391476,0.325937092,0,0,0,0.999999881],"scale":0.837759912,"type":"desert_rocks_tiny_02"}
{"ctxid":0,"pos":[-1005.34778,2063.87939,71.1203995],"rotationMatrix":[0.757304847,0.653061509,0,-0.653061509,0.757304847,0,0,0,0.999999881],"scale":0.813185811,"type":"desert_rocks_tiny_02"}
{"ctxid":0,"pos":[-1009.50983,2065.0481,70.1228333],"rotationMatrix":[-0.630416453,0.776256859,0,-0.776256859,-0.630416453,0,0,0,0.999999881],"scale":0.590106368,"type":"desert_rocks_tiny_02"}
{"ctxid":0,"pos":[-1008.24158,2064.76636,70.1404877],"rotationMatrix":[0.995091796,-0.0989548638,0,0.0989548638,0.995091796,0,0,0,0.999999881],"scale":0.864822805,"type":"desert_rocks_tiny_02"}
{"ctxid":0,"pos":[-1007.82092,2066.20361,69.5619049],"rotationMatrix":[0.148647159,-0.988890231,0,0.988890231,0.148647159,0,0,0,0.999999881],"scale":0.657530546,"type":"desert_rocks_tiny_02"}
{"ctxid":0,"pos":[-1007.98529,2064.43164,70.2912521],"rotationMatrix":[0.493594378,0.869692266,0,-0.869692266,0.493594378,0,0,0,0.999999881],"scale":0.673800588,"type":"desert_rocks_tiny_02"}
{"ctxid":0,"pos":[-1009.80872,2065.39087,69.9722137],"rotationMatrix":[-0.941996634,-0.335622042,0,0.335622042,-0.941996634,0,0,0,0.999999881],"scale":0.643268824,"type":"desert_rocks_tiny_02"}
{"ctxid":0,"pos":[-1011.11359,2067.14111,69.8093719],"rotationMatrix":[0.350577176,-0.936533749,0,0.936533749,0.350577176,0,0,0,0.999999881],"scale":0.681016207,"type":"desert_rocks_tiny_02"}
{"ctxid":0,"pos":[-1013.08209,2066.33423,70.2073288],"rotationMatrix":[0.898622692,-0.438722044,0,0.438722044,0.898622692,0,0,0,0.999999881],"scale":0.663076878,"type":"desert_rocks_tiny_02"}
{"ctxid":0,"pos":[-1010.36694,2063.63574,70.9602203],"rotationMatrix":[-0.224254489,0.974530518,0,-0.974530518,-0.224254489,0,0,0,0.999999881],"scale":0.686587155,"type":"desert_rocks_tiny_02"}
{"ctxid":0,"pos":[-1016.20709,2066.93555,70.4105835],"rotationMatrix":[0.936071336,-0.351809919,0,0.351809919,0.936071336,0,0,0,0.999999881],"scale":0.704583883,"type":"desert_rocks_tiny_02"}
{"ctxid":0,"pos":[-1015.85504,2067.65918,70.2007446],"rotationMatrix":[-0.86034888,0.509705544,0,-0.509705544,-0.86034888,0,0,0,0.999999881],"scale":0.821977973,"type":"desert_rocks_tiny_02"}
{"ctxid":0,"pos":[-1016.31659,2066.58032,70.5090561],"rotationMatrix":[0.471345961,0.881948411,0,-0.881948411,0.471345961,0,0,0,0.999999881],"scale":0.775661826,"type":"desert_rocks_tiny_02"}
{"ctxid":0,"pos":[-1017.38495,2066.30176,70.6560516],"rotationMatrix":[0.129399434,0.991592467,0,-0.991592467,0.129399434,0,0,0,0.999999881],"scale":0.705912352,"type":"desert_rocks_tiny_02"}
{"ctxid":0,"pos":[-1014.50616,2065.7124,70.5021896],"rotationMatrix":[0.708495855,-0.705714762,0,0.705714762,0.708495855,0,0,0,0.999999881],"scale":0.581740618,"type":"desert_rocks_tiny_02"}
{"ctxid":0,"pos":[-1016.6828,2066.74658,70.4928665],"rotationMatrix":[-0.720722914,0.693223,0,-0.693223,-0.720722914,0,0,0,0.999999881],"scale":0.618430316,"type":"desert_rocks_tiny_02"}
{"ctxid":0,"pos":[-1018.03937,2067.30615,70.3690338],"rotationMatrix":[0.888945162,0.458013564,0,-0.458013564,0.888945162,0,0,0,0.999999881],"scale":0.750014901,"type":"desert_rocks_tiny_02"}
{"ctxid":0,"pos":[-1019.94244,2066.67798,70.4221344],"rotationMatrix":[0.825120747,-0.564956307,0,0.564956307,0.825120747,0,0,0,0.999999881],"scale":0.749665558,"type":"desert_rocks_tiny_02"}
{"ctxid":0,"pos":[-1020.12598,2065.49634,70.5279999],"rotationMatrix":[-0.796453774,-0.604699254,0,0.604699254,-0.796453774,0,0,0,0.999999881],"scale":0.74790585,"type":"desert_rocks_tiny_02"}
{"ctxid":0,"pos":[-1019.41339,2066.14575,70.5841827],"rotationMatrix":[0.989822209,-0.142308429,0,0.142308429,0.989822209,0,0,0,0.999999881],"scale":0.629221678,"type":"desert_rocks_tiny_02"}
{"ctxid":0,"pos":[-1022.02417,2064.41235,70.500473],"rotationMatrix":[0.58024472,0.814442158,0,-0.814442158,0.58024472,0,0,0,0.999999881],"scale":0.700157344,"type":"desert_rocks_tiny_02"}
{"ctxid":0,"pos":[-1021.45923,2063.49414,70.9057388],"rotationMatrix":[-0.179730996,0.983715713,0,-0.983715713,-0.179730996,0,0,0,0.999999881],"scale":0.669200182,"type":"desert_rocks_tiny_02"}
{"ctxid":0,"pos":[-1021.71808,2064.9646,70.3504868],"rotationMatrix":[-0.804675579,-0.593714714,0,0.593714714,-0.804675579,0,0,0,0.999999881],"scale":0.702038765,"type":"desert_rocks_tiny_02"}
{"ctxid":0,"pos":[-1021.43396,2064.45044,70.5727386],"rotationMatrix":[0.880449057,0.474140733,0,-0.474140733,0.880449057,0,0,0,0.999999881],"scale":0.674763441,"type":"desert_rocks_tiny_02"}
{"ctxid":0,"pos":[-1025.42505,2064.4314,70.0001373],"rotationMatrix":[-0.752482355,-0.65861243,0,0.65861243,-0.752482355,0,0,0,0.999999881],"scale":0.610805988,"type":"desert_rocks_tiny_02"}
{"ctxid":0,"pos":[-1023.50537,2064.39917,70.2901154],"rotationMatrix":[-0.949139714,0.31485486,0,-0.31485486,-0.949139714,0,0,0,0.999999881],"scale":0.584629774,"type":"desert_rocks_tiny_02"}
{"ctxid":0,"pos":[-1025.56335,2064.0686,70.1077728],"rotationMatrix":[0.992578328,0.121606275,0,-0.121606275,0.992578328,0,0,0,0.999999881],"scale":0.779240906,"type":"desert_rocks_tiny_02"}
{"ctxid":0,"pos":[-1029.35327,2065.23706,69.8997421],"rotationMatrix":[-0.110018551,0.993929446,0,-0.993929446,-0.110018551,0,0,0,0.999999881],"scale":0.910190463,"type":"desert_rocks_tiny_02"}
{"ctxid":0,"pos":[-1028.0415,2065.07861,69.6763306],"rotationMatrix":[0.519725323,-0.854333341,0,0.854333341,0.519725323,0,0,0,0.999999881],"scale":0.586559117,"type":"desert_rocks_tiny_02"}
{"ctxid":0,"pos":[-1029.42542,2064.63794,70.0930328],"rotationMatrix":[-0.432321399,0.901719451,0,-0.901719451,-0.432321399,0,0,0,0.999999881],"scale":0.691092491,"type":"desert_rocks_tiny_02"}
{"ctxid":0,"pos":[-1029.005,2063.21436,70.3761444],"rotationMatrix":[0.995346725,0.0963581055,0,-0.0963581055,0.995346725,0,0,0,0.999999881],"scale":0.719771385,"type":"desert_rocks_tiny_02"}
{"ctxid":0,"pos":[-1030.12634,2064.88721,70.1798096],"rotationMatrix":[0.828228116,0.560391068,0,-0.560391068,0.828228116,0,0,0,0.999999881],"scale":0.772023082,"type":"desert_rocks_tiny_02"}
{"ctxid":0,"pos":[-1031.48828,2066.15527,70.0108795],"rotationMatrix":[0.249986783,-0.968249142,0,0.968249142,0.249986783,0,0,0,0.999999881],"scale":0.914331734,"type":"desert_rocks_tiny_02"}
{"ctxid":0,"pos":[-1031.89648,2065.34546,70.3862991],"rotationMatrix":[-0.530695796,-0.847562313,0,0.847562313,-0.530695796,0,0,0,0.999999881],"scale":0.620240033,"type":"desert_rocks_tiny_02"}
{"ctxid":0,"pos":[-1031.09241,2066.6709,69.7437439],"rotationMatrix":[-0.329954475,0.943996727,0,-0.943996727,-0.329954475,0,0,0,0.999999881],"scale":0.669279516,"type":"desert_rocks_tiny_02"}
{"ctxid":0,"pos":[-1032.0769,2065.84229,70.2450027],"rotationMatrix":[-0.558724165,-0.829353392,0,0.829353392,-0.558724165,0,0,0,0.999999881],"scale":0.605672717,"type":"desert_rocks_tiny_02"}
{"ctxid":0,"pos":[-1035.29285,2067.13037,70.3427277],"rotationMatrix":[0.902940214,-0.42976591,0,0.42976591,0.902940214,0,0,0,0.999999881],"scale":0.62108618,"type":"desert_rocks_tiny_02"}
{"ctxid":0,"pos":[-1035.50183,2066.74072,70.5083618],"rotationMatrix":[-0.872767866,-0.488135546,0,0.488135546,-0.872767866,0,0,0,0.999999881],"scale":0.625296116,"type":"desert_rocks_tiny_02"}
{"ctxid":0,"pos":[-1035.11169,2067.88135,70.008316],"rotationMatrix":[-0.270059615,0.962843478,0,-0.962843478,-0.270059615,0,0,0,0.999999881],"scale":0.591744959,"type":"desert_rocks_tiny_02"}
{"ctxid":0,"pos":[-1036.8761,2068.26074,69.7122116],"rotationMatrix":[-0.797360003,-0.603503942,0,0.603503942,-0.797360003,0,0,0,0.999999881],"scale":0.901996255,"type":"desert_rocks_tiny_02"}
{"ctxid":0,"pos":[-1034.48523,2068.26343,69.872406],"rotationMatrix":[-0.987104833,0.160074577,0,-0.160074577,-0.987104833,0,0,0,0.999999881],"scale":0.795689583,"type":"desert_rocks_tiny_02"}
{"ctxid":0,"pos":[-1037.16504,2065.40942,71.0092545],"rotationMatrix":[-0.0172447376,0.999851227,0,-0.999851227,-0.0172447376,0,0,0,0.999999881],"scale":0.725915968,"type":"desert_rocks_tiny_02"}
{"ctxid":0,"pos":[-1038.76062,2066.35522,70.3769226],"rotationMatrix":[-0.603373647,-0.79745847,0,0.79745847,-0.603373647,0,0,0,0.999999881],"scale":0.659346581,"type":"desert_rocks_tiny_02"}
{"ctxid":0,"pos":[-1037.91235,2067.00293,70.2221222],"rotationMatrix":[0.0492863283,-0.998784602,0,0.998784602,0.0492863283,0,0,0,0.999999881],"scale":0.902328074,"type":"desert_rocks_tiny_02"}
{"ctxid":0,"pos":[-1040.34338,2067.20654,69.9586334],"rotationMatrix":[0.974874854,-0.222752735,0,0.222752735,0.974874854,0,0,0,0.999999881],"scale":0.645179093,"type":"desert_rocks_tiny_02"}
{"ctxid":0,"pos":[-1039.68213,2064.7771,70.6805267],"rotationMatrix":[-0.909743607,-0.415170342,0,0.415170342,-0.909743607,0,0,0,0.999999881],"scale":0.770304918,"type":"desert_rocks_tiny_02"}
{"ctxid":0,"pos":[-1038.56897,2064.56006,70.7807236],"rotationMatrix":[0.437365353,-0.899283767,0,0.899283767,0.437365353,0,0,0,0.999999881],"scale":0.898880184,"type":"desert_rocks_tiny_02"}
{"ctxid":0,"pos":[-1040.58838,2065.67725,70.3634033],"rotationMatrix":[-0.246968076,0.969023526,0,-0.969023526,-0.246968076,0,0,0,0.999999881],"scale":0.784570932,"type":"desert_rocks_tiny_02"}
{"ctxid":0,"pos":[-1041.79077,2066.49634,70.0708084],"rotationMatrix":[-0.929356039,0.369184345,0,-0.369184345,-0.929356039,0,0,0,0.999999881],"scale":0.841750562,"type":"desert_rocks_tiny_02"}
{"ctxid":0,"pos":[-1041.36865,2063.59814,70.9101486],"rotationMatrix":[0.160298228,0.987068594,0,-0.987068594,0.160298228,0,0,0,0.999999881],"scale":0.772074819,"type":"desert_rocks_tiny_02"}
{"ctxid":0,"pos":[-1042.77844,2065.32812,70.315155],"rotationMatrix":[-0.838066638,0.545567572,0,-0.545567572,-0.838066638,0,0,0,0.999999881],"scale":0.618923962,"type":"desert_rocks_tiny_02"}
{"ctxid":0,"pos":[-1045.05261,2063.65747,70.6275787],"rotationMatrix":[-0.431278467,-0.902218878,0,0.902218878,-0.431278467,0,0,0,0.999999881],"scale":0.841183722,"type":"desert_rocks_tiny_02"}
{"ctxid":0,"pos":[-1044.04443,2065.41992,70.2382355],"rotationMatrix":[0.540333033,0.841451228,0,-0.841451228,0.540333033,0,0,0,0.999999881],"scale":0.649730206,"type":"desert_rocks_tiny_02"}
{"ctxid":0,"pos":[-1044.56165,2063.8728,70.5958099],"rotationMatrix":[0.918673396,0.395017773,0,-0.395017773,0.918673396,0,0,0,0.999999881],"scale":0.916779816,"type":"desert_rocks_tiny_02"}
{"ctxid":0,"pos":[-1043.34326,2065.92236,70.1450119],"rotationMatrix":[0.876047194,-0.482225239,0,0.482225239,0.876047194,0,0,0,0.999999881],"scale":0.697992504,"type":"desert_rocks_tiny_02"}
{"ctxid":0,"pos":[-1046.63171,2061.81274,71.01754],"rotationMatrix":[-0.888147235,0.459558994,0,-0.459558994,-0.888147235,0,0,0,0.999999881],"scale":0.912891567,"type":"desert_rocks_tiny_02"}
{"ctxid":0,"pos":[-1048.16443,2062.17334,70.8647232],"rotationMatrix":[0.34474352,-0.938696802,0,0.938696802,0.34474352,0,0,0,0.999999881],"scale":0.69238919,"type":"desert_rocks_tiny_02"}
{"ctxid":0,"pos":[-1047.27588,2063.18408,70.6482773],"rotationMatrix":[-0.902972758,0.429697633,0,-0.429697633,-0.902972758,0,0,0,0.999999881],"scale":0.664347768,"type":"desert_rocks_tiny_02"}
{"ctxid":0,"pos":[-1050.29553,2064.43311,70.3618622],"rotationMatrix":[0.907851279,0.419292271,0,-0.419292271,0.907851279,0,0,0,0.999999881],"scale":0.586973011,"type":"desert_rocks_tiny_02"}
{"ctxid":0,"pos":[-1050.41809,2063.07642,70.5733948],"rotationMatrix":[-0.975973666,-0.217888445,0,0.217888445,-0.975973666,0,0,0,0.999999881],"scale":0.682115197,"type":"desert_rocks_tiny_02"}
{"ctxid":0,"pos":[-1052.62585,2061.22632,70.7450943],"rotationMatrix":[-0.214536592,-0.976715863,0,0.976715863,-0.214536592,0,0,0,0.999999881],"scale":0.595688939,"type":"desert_rocks_tiny_02"}
{"ctxid":0,"pos":[-1052.37488,2060.47437,70.9483032],"rotationMatrix":[-0.568620682,-0.822599709,0,0.822599709,-0.568620682,0,0,0,0.999999881],"scale":0.589452267,"type":"desert_rocks_tiny_02"}
{"ctxid":0,"pos":[-1051.99902,2060.32202,71.0158844],"rotationMatrix":[-0.722544074,0.69132477,0,-0.69132477,-0.722544074,0,0,0,0.999999881],"scale":0.586013377,"type":"desert_rocks_tiny_02"}
{"ctxid":0,"pos":[-1053.70667,2061.63721,70.5573807],"rotationMatrix":[-0.073880136,-0.997267008,0,0.997267008,-0.073880136,0,0,0,0.999999881],"scale":0.640468597,"type":"desert_rocks_tiny_02"}
{"ctxid":0,"pos":[-1053.14172,2061.50195,70.6361694],"rotationMatrix":[0.981292725,0.19252108,0,-0.19252108,0.981292725,0,0,0,0.999999881],"scale":0.736052573,"type":"desert_rocks_tiny_02"}
{"ctxid":0,"pos":[-1056.16309,2059.2561,70.9367218],"rotationMatrix":[0.807983756,-0.58920455,0,0.58920455,0.807983756,0,0,0,0.999999881],"scale":0.734787881,"type":"desert_rocks_tiny_02"}
{"ctxid":0,"pos":[-1057.65295,2059.51221,70.7739105],"rotationMatrix":[-0.6571455,-0.753763556,0,0.753763556,-0.6571455,0,0,0,0.999999881],"scale":0.790271282,"type":"desert_rocks_tiny_02"}
{"ctxid":0,"pos":[-1060.24805,2060.58545,70.3868561],"rotationMatrix":[0.659185588,-0.751980066,0,0.751980066,0.659185588,0,0,0,0.999999881],"scale":0.631883621,"type":"desert_rocks_tiny_02"}
{"ctxid":0,"pos":[-1058.07446,2060.51416,70.4971008],"rotationMatrix":[-0.539507151,0.841980875,0,-0.841980875,-0.539507151,0,0,0,0.999999881],"scale":0.635872781,"type":"desert_rocks_tiny_02"}
{"ctxid":0,"pos":[-1060.87708,2061.104,70.2628937],"rotationMatrix":[0.689149082,0.724619567,0,-0.724619567,0.689149082,0,0,0,0.999999881],"scale":0.784839869,"type":"desert_rocks_tiny_02"}
{"ctxid":0,"pos":[-1059.92456,2058.04346,71.0196228],"rotationMatrix":[0.0654530972,-0.997855544,0,0.997855544,0.0654530972,0,0,0,0.999999881],"scale":0.744076729,"type":"desert_rocks_tiny_02"}
{"ctxid":0,"pos":[-1062.55212,2060.32593,70.4727097],"rotationMatrix":[0.365594596,0.930774212,0,-0.930774212,0.365594596,0,0,0,0.999999881],"scale":0.683608651,"type":"desert_rocks_tiny_02"}
{"ctxid":0,"pos":[-1062.79272,2060.73999,70.3713455],"rotationMatrix":[-0.521511853,0.853243887,0,-0.853243887,-0.521511853,0,0,0,0.999999881],"scale":0.760352194,"type":"desert_rocks_tiny_02"}
{"ctxid":0,"pos":[-1061.75159,2059.21704,70.7427444],"rotationMatrix":[-0.841305375,-0.540559888,0,0.540559888,-0.841305375,0,0,0,0.999999881],"scale":0.672937512,"type":"desert_rocks_tiny_02"}
{"ctxid":0,"pos":[-1062.26575,2058.10547,70.9347076],"rotationMatrix":[-0.62454766,0.780986488,0,-0.780986488,-0.62454766,0,0,0,0.999999881],"scale":0.622734487,"type":"desert_rocks_tiny_02"}
{"ctxid":0,"pos":[-1067.46069,2058.17944,70.4141235],"rotationMatrix":[0.794656098,0.607059836,0,-0.607059836,0.794656098,0,0,0,0.999999881],"scale":0.885159135,"type":"desert_rocks_tiny_02"}
{"ctxid":0,"pos":[-1066.24316,2058.07666,70.5524292],"rotationMatrix":[0.732308209,0.680973291,0,-0.680973291,0.732308209,0,0,0,0.999999881],"scale":0.882573247,"type":"desert_rocks_tiny_02"}
{"ctxid":0,"pos":[-1067.84314,2058.1853,70.3757248],"rotationMatrix":[-0.934707224,0.355418414,0,-0.355418414,-0.934707224,0,0,0,0.999999881],"scale":0.634589076,"type":"desert_rocks_tiny_02"}
{"ctxid":0,"pos":[-1068.95593,2057.97021,70.3082504],"rotationMatrix":[0.826591909,0.562801719,0,-0.562801719,0.826591909,0,0,0,0.999999881],"scale":0.716124296,"type":"desert_rocks_tiny_02"}
{"ctxid":0,"pos":[-1068.51086,2058.12061,70.3229675],"rotationMatrix":[0.00874141697,-0.999961734,0,0.999961734,0.00874141697,0,0,0,0.999999881],"scale":0.605195582,"type":"desert_rocks_tiny_02"}
{"ctxid":0,"pos":[-1071.41064,2056.01636,70.4415207],"rotationMatrix":[0.709870517,-0.704332054,0,0.704332054,0.709870517,0,0,0,0.999999881],"scale":0.771114469,"type":"desert_rocks_tiny_02"}
{"ctxid":0,"pos":[-1071.38501,2053.13184,70.9968033],"rotationMatrix":[-0.99928081,0.0379150435,0,-0.0379150435,-0.99928081,0,0,0,0.999999881],"scale":0.675544024,"type":"desert_rocks_tiny_02"}
{"ctxid":0,"pos":[-1037.96265,2063.30615,71.1570892],"rotationMatrix":[-0.321235895,0.946999073,0,-0.946999073,-0.321235895,0,0,0,0.999999881],"scale":0.822738707,"type":"desert_rocks_tiny_02"}
{"ctxid":0,"pos":[-1041.21692,2063.89624,70.8348999],"rotationMatrix":[-0.372572422,-0.928003013,0,0.928003013,-0.372572422,0,0,0,0.999999881],"scale":0.702471137,"type":"desert_rocks_tiny_02"}
{"ctxid":0,"pos":[-1046.76709,2062.31396,70.8837357],"rotationMatrix":[0.478465408,-0.878106356,0,0.878106356,0.478465408,0,0,0,0.999999881],"scale":0.64723599,"type":"desert_rocks_tiny_02"}
{"ctxid":0,"pos":[-1050.97424,2062.64038,70.572052],"rotationMatrix":[0.50960964,-0.860405684,0,0.860405684,0.50960964,0,0,0,0.999999881],"scale":0.653866947,"type":"desert_rocks_tiny_02"}
{"ctxid":0,"pos":[-1050.1366,2060.40137,71.1479111],"rotationMatrix":[-0.956153393,-0.292866081,0,0.292866081,-0.956153393,0,0,0,0.999999881],"scale":0.620261312,"type":"desert_rocks_tiny_02"}
{"ctxid":0,"pos":[-1048.14844,2061.89014,70.9291992],"rotationMatrix":[0.811921358,0.583766818,0,-0.583766818,0.811921358,0,0,0,0.999999881],"scale":0.246791705,"type":"desert_rocks_tiny_02"}
{"ctxid":0,"pos":[-1047.02026,2062.52661,70.8206558],"rotationMatrix":[-0.814426959,-0.58026588,0,0.58026588,-0.814426959,0,0,0,0.999999881],"scale":0.435489416,"type":"desert_rocks_tiny_02"}
{"ctxid":0,"pos":[-1047.94568,2060.93115,71.1725616],"rotationMatrix":[-0.207436234,-0.978248477,0,0.978248477,-0.207436234,0,0,0,0.999999881],"scale":0.455049336,"type":"desert_rocks_tiny_02"}
{"ctxid":0,"pos":[-1051.30786,2062.90698,70.4824982],"rotationMatrix":[0.167745695,-0.985830188,0,0.985830188,0.167745695,0,0,0,0.999999881],"scale":0.324596465,"type":"desert_rocks_tiny_02"}
{"ctxid":0,"pos":[-1049.91028,2060.03833,71.2545624],"rotationMatrix":[-0.133932635,-0.990990341,0,0.990990341,-0.133932635,0,0,0,0.999999881],"scale":0.346750855,"type":"desert_rocks_tiny_02"}
{"ctxid":0,"pos":[-1051.87231,2060.98975,70.8638306],"rotationMatrix":[-0.140715569,0.990049899,0,-0.990049899,-0.140715569,0,0,0,0.999999881],"scale":0.393597335,"type":"desert_rocks_tiny_02"}
{"ctxid":0,"pos":[-1052.0531,2061.61133,70.6980209],"rotationMatrix":[0.344388992,-0.938826978,0,0.938826978,0.344388992,0,0,0,0.999999881],"scale":0.398023456,"type":"desert_rocks_tiny_02"}
{"ctxid":0,"pos":[-1048.84705,2062.83618,70.7235184],"rotationMatrix":[0.989305377,0.145858511,0,-0.145858511,0.989305377,0,0,0,0.999999881],"scale":0.381478995,"type":"desert_rocks_tiny_02"}
{"ctxid":0,"pos":[-1019.82117,2062.84717,71.3712769],"rotationMatrix":[0.724573493,0.68919754,0,-0.68919754,0.724573493,0,0,0,0.999999881],"scale":0.359174252,"type":"desert_rocks_tiny_02"}
{"ctxid":0,"pos":[-1018.21667,2062.79517,71.6224823],"rotationMatrix":[0.579365134,0.815068066,0,-0.815068066,0.579365134,0,0,0,0.999999881],"scale":0.313647121,"type":"desert_rocks_tiny_02"}
{"ctxid":0,"pos":[-1018.29254,2063.06763,71.5155487],"rotationMatrix":[-0.0454129726,-0.998968124,0,0.998968124,-0.0454129726,0,0,0,0.999999881],"scale":0.305964679,"type":"desert_rocks_tiny_02"}
{"ctxid":0,"pos":[-1022.16766,2063.64697,70.7490997],"rotationMatrix":[-0.990518451,-0.137379289,0,0.137379289,-0.990518451,0,0,0,0.999999881],"scale":0.424577087,"type":"desert_rocks_tiny_02"}
{"ctxid":0,"pos":[-1022.18817,2061.13745,71.6296005],"rotationMatrix":[0.48415944,0.874979794,0,-0.874979794,0.48415944,0,0,0,0.999999881],"scale":0.365341038,"type":"desert_rocks_tiny_02"}
{"ctxid":0,"pos":[-1021.18005,2060.91626,71.8538055],"rotationMatrix":[-0.0701121762,0.997539043,0,-0.997539043,-0.0701121762,0,0,0,0.999999881],"scale":0.430659324,"type":"desert_rocks_tiny_02"}
{"ctxid":0,"pos":[-1022.67755,2062.41138,71.1100769],"rotationMatrix":[-0.77663821,-0.629946709,0,0.629946709,-0.77663821,0,0,0,0.999999881],"scale":0.427177936,"type":"desert_rocks_tiny_02"}
{"ctxid":0,"pos":[-1021.35443,2061.29272,71.6959534],"rotationMatrix":[-0.936020434,-0.351945311,0,0.351945311,-0.936020434,0,0,0,0.999999881],"scale":0.395091444,"type":"desert_rocks_tiny_02"}
{"ctxid":0,"pos":[-1025.35193,2060.56543,71.3783417],"rotationMatrix":[0.407542497,-0.913186193,0,0.913186193,0.407542497,0,0,0,0.999999881],"scale":0.243010268,"type":"desert_rocks_tiny_02"}
{"ctxid":0,"pos":[-1025.85498,2060.448,71.3504868],"rotationMatrix":[0.821602702,0.570060551,0,-0.570060551,0.821602702,0,0,0,0.999999881],"scale":0.367560148,"type":"desert_rocks_tiny_02"}
{"ctxid":0,"pos":[-1024.09607,2060.65674,71.5230255],"rotationMatrix":[0.0254945848,-0.999674857,0,0.999674857,0.0254945848,0,0,0,0.999999881],"scale":0.302770078,"type":"desert_rocks_tiny_02"}
{"ctxid":0,"pos":[-1029.98535,2061.09741,71.1460876],"rotationMatrix":[0.506132126,0.862455964,0,-0.862455964,0.506132126,0,0,0,0.999999881],"scale":0.260788321,"type":"desert_rocks_tiny_02"}
{"ctxid":0,"pos":[-1029.10095,2060.88965,71.1771011],"rotationMatrix":[0.807501376,0.589865685,0,-0.589865685,0.807501376,0,0,0,0.999999881],"scale":0.387398183,"type":"desert_rocks_tiny_02"}
{"ctxid":0,"pos":[-1029.72473,2060.14453,71.4808807],"rotationMatrix":[-0.505124748,-0.863046288,0,0.863046288,-0.505124748,0,0,0,0.999999881],"scale":0.395902216,"type":"desert_rocks_tiny_02"}
{"ctxid":0,"pos":[-1029.28833,2061.42358,70.9787369],"rotationMatrix":[-0.803296685,-0.595578849,0,0.595578849,-0.803296685,0,0,0,0.999999881],"scale":0.243893623,"type":"desert_rocks_tiny_02"}
{"ctxid":0,"pos":[-1034.12048,2063.29614,71.4664383],"rotationMatrix":[0.998241305,0.0592788234,0,-0.0592788234,0.998241305,0,0,0,0.999999881],"scale":0.269179821,"type":"desert_rocks_tiny_02"}
{"ctxid":0,"pos":[-1034.80701,2062.0022,71.9560242],"rotationMatrix":[-0.988149464,0.153493911,0,-0.153493911,-0.988149464,0,0,0,0.999999881],"scale":0.368090451,"type":"desert_rocks_tiny_02"}
{"ctxid":0,"pos":[-1034.56165,2062.30688,71.8225555],"rotationMatrix":[0.890713394,0.454565227,0,-0.454565227,0.890713394,0,0,0,0.999999881],"scale":0.260467947,"type":"desert_rocks_tiny_02"}
{"ctxid":0,"pos":[-1035.37903,2064.08447,71.532608],"rotationMatrix":[0.928275526,0.371893048,0,-0.371893048,0.928275526,0,0,0,0.999999881],"scale":0.328176975,"type":"desert_rocks_tiny_02"}
{"ctxid":0,"pos":[-1033.95068,2063.71094,71.3204193],"rotationMatrix":[-0.999805808,0.0196976699,0,-0.0196976699,-0.999805808,0,0,0,0.999999881],"scale":0.255585581,"type":"desert_rocks_tiny_02"}
{"ctxid":0,"pos":[-1037.8468,2063.05249,71.2329941],"rotationMatrix":[0.942576587,0.333990037,0,-0.333990037,0.942576587,0,0,0,0.999999881],"scale":0.404766321,"type":"desert_rocks_tiny_02"}
{"ctxid":0,"pos":[-1036.74121,2062.39209,71.6735916],"rotationMatrix":[-0.97090739,0.239454955,0,-0.239454955,-0.97090739,0,0,0,0.999999881],"scale":0.296727121,"type":"desert_rocks_tiny_02"}
{"ctxid":0,"pos":[-1036.28662,2064.27588,71.5084686],"rotationMatrix":[-0.926661611,0.375896364,0,-0.375896364,-0.926661611,0,0,0,0.999999881],"scale":0.432683349,"type":"desert_rocks_tiny_02"}
{"ctxid":0,"pos":[-1035.56018,2063.77759,71.6526947],"rotationMatrix":[-0.970802128,-0.23988162,0,0.23988162,-0.970802128,0,0,0,0.999999881],"scale":0.338040054,"type":"desert_rocks_tiny_02"}
{"ctxid":0,"pos":[-1040.0155,2062.68799,71.2608948],"rotationMatrix":[0.731501758,-0.681839287,0,0.681839287,0.731501758,0,0,0,0.999999881],"scale":0.353178561,"type":"desert_rocks_tiny_02"}
{"ctxid":0,"pos":[-1041.04761,2061.61597,71.5153656],"rotationMatrix":[0.788196683,-0.615423322,0,0.615423322,0.788196683,0,0,0,0.999999881],"scale":0.422324389,"type":"desert_rocks_tiny_02"}
{"ctxid":0,"pos":[-1040.5719,2061.30151,71.6344147],"rotationMatrix":[-0.999391019,0.034890566,0,-0.034890566,-0.999391019,0,0,0,0.999999881],"scale":0.37032944,"type":"desert_rocks_tiny_02"}
{"ctxid":0,"pos":[-1041.21411,2062.52124,71.2373962],"rotationMatrix":[0.998432159,-0.0559730381,0,0.0559730381,0.998432159,0,0,0,0.999999881],"scale":0.381334782,"type":"desert_rocks_tiny_02"}
{"ctxid":0,"pos":[-1041.11633,2064.15967,70.7657623],"rotationMatrix":[0.999644101,0.0266737901,0,-0.0266737901,0.999644101,0,0,0,0.999999881],"scale":0.353140593,"type":"desert_rocks_tiny_02"}
{"ctxid":0,"pos":[-1042.54773,2061.83032,71.3343887],"rotationMatrix":[0.256891072,0.96644038,0,-0.96644038,0.256891072,0,0,0,0.999999881],"scale":0.295356154,"type":"desert_rocks_tiny_02"}
{"ctxid":0,"pos":[-1044.47644,2061.5918,71.2521057],"rotationMatrix":[0.78919071,-0.614148021,0,0.614148021,0.78919071,0,0,0,0.999999881],"scale":0.339908004,"type":"desert_rocks_tiny_02"}
{"ctxid":0,"pos":[-1047.3772,2059.87305,71.5262451],"rotationMatrix":[-0.366636604,-0.930364192,0,0.930364192,-0.366636604,0,0,0,0.999999881],"scale":0.383927345,"type":"desert_rocks_tiny_02"}
{"ctxid":0,"pos":[-1047.52747,2060.1416,71.4358292],"rotationMatrix":[0.999793291,-0.0203266479,0,0.0203266479,0.999793291,0,0,0,0.999999881],"scale":0.334145904,"type":"desert_rocks_tiny_02"}
{"ctxid":0,"pos":[-1047.22107,2060.22217,71.4364166],"rotationMatrix":[-0.861204624,0.508258045,0,-0.508258045,-0.861204624,0,0,0,0.999999881],"scale":0.269212157,"type":"desert_rocks_tiny_02"}
{"ctxid":0,"pos":[-1047.34082,2060.53442,71.3356171],"rotationMatrix":[0.995398343,-0.0958223119,0,0.0958223119,0.995398343,0,0,0,0.999999881],"scale":0.339291871,"type":"desert_rocks_tiny_02"}
{"ctxid":0,"pos":[-1047.71094,2060.70654,71.2560806],"rotationMatrix":[0.160248548,-0.98707664,0,0.98707664,0.160248548,0,0,0,0.999999881],"scale":0.288439274,"type":"desert_rocks_tiny_02"}
{"ctxid":0,"pos":[-1046.92871,2060.31494,71.4323273],"rotationMatrix":[-0.667663932,-0.744462609,0,0.744462609,-0.667663932,0,0,0,0.999999881],"scale":0.379389286,"type":"desert_rocks_tiny_02"}
{"ctxid":0,"pos":[-1051.09265,2059.47046,71.2965622],"rotationMatrix":[0.958185732,-0.2861467,0,0.2861467,0.958185732,0,0,0,0.999999881],"scale":0.262262881,"type":"desert_rocks_tiny_02"}
{"ctxid":0,"pos":[-1049.4021,2059.32568,71.4691162],"rotationMatrix":[0.251752347,-0.967791557,0,0.967791557,0.251752347,0,0,0,0.999999881],"scale":0.449893117,"type":"desert_rocks_tiny_02"}
{"ctxid":0,"pos":[-1050.53857,2059.62231,71.304657],"rotationMatrix":[0.967037618,-0.254633188,0,0.254633188,0.967037618,0,0,0,0.999999881],"scale":0.31456089,"type":"desert_rocks_tiny_02"}
{"ctxid":0,"pos":[-1050.21704,2059.62988,71.3289413],"rotationMatrix":[0.514862239,0.857272923,0,-0.857272923,0.514862239,0,0,0,0.999999881],"scale":0.429686129,"type":"desert_rocks_tiny_02"}
{"ctxid":0,"pos":[-1051.5647,2059.87793,71.1591415],"rotationMatrix":[-0.999091685,-0.0426090956,0,0.0426090956,-0.999091685,0,0,0,0.999999881],"scale":0.260307938,"type":"desert_rocks_tiny_02"}
{"ctxid":0,"pos":[-1055.52869,2058.05444,71.2804184],"rotationMatrix":[-0.89828074,-0.439421862,0,0.439421862,-0.89828074,0,0,0,0.999999881],"scale":0.291108221,"type":"desert_rocks_tiny_02"}
{"ctxid":0,"pos":[-1053.65515,2058.49976,71.3243713],"rotationMatrix":[0.976053417,0.217530698,0,-0.217530698,0.976053417,0,0,0,0.999999881],"scale":0.392915159,"type":"desert_rocks_tiny_02"}
{"ctxid":0,"pos":[-1056.01501,2059.60864,70.8630371],"rotationMatrix":[-0.945102513,-0.326774091,0,0.326774091,-0.945102513,0,0,0,0.999999881],"scale":0.46616596,"type":"desert_rocks_tiny_02"}
{"ctxid":0,"pos":[-1054.7085,2057.85742,71.3949585],"rotationMatrix":[0.855300426,-0.518132091,0,0.518132091,0.855300426,0,0,0,0.999999881],"scale":0.32777074,"type":"desert_rocks_tiny_02"}
{"ctxid":0,"pos":[-1055.5813,2058.7146,71.1156464],"rotationMatrix":[-0.976536214,0.215353191,0,-0.215353191,-0.976536214,0,0,0,0.999999881],"scale":0.331326306,"type":"desert_rocks_tiny_02"}
{"ctxid":0,"pos":[-1057.62366,2056.93408,71.4191589],"rotationMatrix":[0.84881407,-0.528691232,0,0.528691232,0.84881407,0,0,0,0.999999881],"scale":0.272375882,"type":"desert_rocks_tiny_02"}
{"ctxid":0,"pos":[-1057.09485,2057.96631,71.1951447],"rotationMatrix":[-0.792915523,-0.609331369,0,0.609331369,-0.792915523,0,0,0,0.999999881],"scale":0.455400199,"type":"desert_rocks_tiny_02"}
{"ctxid":0,"pos":[-1058.93042,2058.87134,70.8527145],"rotationMatrix":[-0.0477755144,-0.998857975,0,0.998857975,-0.0477755144,0,0,0,0.999999881],"scale":0.39689216,"type":"desert_rocks_tiny_02"}
{"ctxid":0,"pos":[-1060.33923,2057.35352,71.1959457],"rotationMatrix":[0.633802354,0.773495018,0,-0.773495018,0.633802354,0,0,0,0.999999881],"scale":0.41485551,"type":"desert_rocks_tiny_02"}
{"ctxid":0,"pos":[-1059.82202,2056.94849,71.2925262],"rotationMatrix":[-0.00434856582,0.999990463,0,-0.999990463,-0.00434856582,0,0,0,0.999999881],"scale":0.438681036,"type":"desert_rocks_tiny_02"}
{"ctxid":0,"pos":[-1062.61084,2056.30127,71.2451096],"rotationMatrix":[-0.980044901,0.19877553,0,-0.19877553,-0.980044901,0,0,0,0.999999881],"scale":0.406309724,"type":"desert_rocks_tiny_02"}
{"ctxid":0,"pos":[-1063.48389,2056.35229,71.1502533],"rotationMatrix":[-0.491351783,0.87096107,0,-0.87096107,-0.491351783,0,0,0,0.999999881],"scale":0.432070434,"type":"desert_rocks_tiny_02"}
{"ctxid":0,"pos":[-1065.57568,2055.38037,71.1316681],"rotationMatrix":[0.733362973,-0.679837048,0,0.679837048,0.733362973,0,0,0,0.999999881],"scale":0.287866473,"type":"desert_rocks_tiny_02"}
{"ctxid":0,"pos":[-1065.38257,2055.74927,71.0801468],"rotationMatrix":[-0.0447455794,0.998998344,0,-0.998998344,-0.0447455794,0,0,0,0.999999881],"scale":0.380913645,"type":"desert_rocks_tiny_02"}
{"ctxid":0,"pos":[-559.359131,2119.1145,73.715744],"rotationMatrix":[-0.503023148,0.864272773,0,-0.864272773,-0.503023148,0,0,0,0.999999881],"scale":0.86242193,"type":"desert_rocks_tiny_02"}
{"ctxid":0,"pos":[-559.001038,2122.01172,73.7191696],"rotationMatrix":[-0.375827432,-0.926689625,0,0.926689625,-0.375827432,0,0,0,0.999999881],"scale":0.80726999,"type":"desert_rocks_tiny_02"}
{"ctxid":0,"pos":[-557.801636,2120.86157,73.70504],"rotationMatrix":[0.74591279,0.666043639,0,-0.666043639,0.74591279,0,0,0,0.999999881],"scale":0.655647457,"type":"desert_rocks_tiny_02"}
{"ctxid":0,"pos":[-557.775757,2120.47729,73.7038879],"rotationMatrix":[0.912097156,0.409973979,0,-0.409973979,0.912097156,0,0,0,0.999999881],"scale":0.817157865,"type":"desert_rocks_tiny_02"}
{"ctxid":0,"pos":[-557.493042,2121.65332,73.7099304],"rotationMatrix":[-0.684410155,-0.729097188,0,0.729097188,-0.684410155,0,0,0,0.999999881],"scale":0.745890081,"type":"desert_rocks_tiny_02"}
{"ctxid":0,"pos":[-559.418579,2119.48804,73.716507],"rotationMatrix":[0.018079875,-0.999836504,0,0.999836504,0.018079875,0,0,0,0.999999881],"scale":0.638616085,"type":"desert_rocks_tiny_02"}
{"ctxid":0,"pos":[-559.438171,2120.02393,73.7171631],"rotationMatrix":[-0.0987741053,0.995109737,0,-0.995109737,-0.0987741053,0,0,0,0.999999881],"scale":0.748098254,"type":"desert_rocks_tiny_02"}
{"ctxid":0,"pos":[-641.555054,2129.09399,75.8367996],"rotationMatrix":[0.746042669,-0.665897906,0,0.665897906,0.746042669,0,0,0,0.999999881],"scale":0.578345835,"type":"desert_rocks_tiny_02"}
{"ctxid":0,"pos":[-639.656006,2131.48779,74.3792648],"rotationMatrix":[0.431979001,0.901883662,0,-0.901883662,0.431979001,0,0,0,0.999999881],"scale":0.783206642,"type":"desert_rocks_tiny_02"}
{"ctxid":0,"pos":[-641.639832,2129.44409,75.6581726],"rotationMatrix":[-0.547067642,0.837088168,0,-0.837088168,-0.547067642,0,0,0,0.999999881],"scale":0.654480875,"type":"desert_rocks_tiny_02"}
{"ctxid":0,"pos":[-638.491699,2130.02686,74.7316437],"rotationMatrix":[-0.64272958,-0.766093135,0,0.766093135,-0.64272958,0,0,0,0.999999881],"scale":0.741858542,"type":"desert_rocks_tiny_02"}
{"ctxid":0,"pos":[-641.172241,2128.81372,75.917244],"rotationMatrix":[-0.756920874,-0.653506398,0,0.653506398,-0.756920874,0,0,0,0.999999881],"scale":0.900849342,"type":"desert_rocks_tiny_02"}
{"ctxid":0,"pos":[-638.823059,2131.09082,74.3610535],"rotationMatrix":[-0.548149288,0.836380303,0,-0.836380303,-0.548149288,0,0,0,0.999999881],"scale":0.824350536,"type":"desert_rocks_tiny_02"}
{"ctxid":0,"pos":[-641.01355,2130.42041,75.0062103],"rotationMatrix":[-0.555195868,0.831719398,0,-0.831719398,-0.555195868,0,0,0,0.999999881],"scale":0.816219568,"type":"desert_rocks_tiny_02"}
{"ctxid":0,"pos":[-641.929016,2128.95312,76.0486526],"rotationMatrix":[-0.893408597,-0.449244797,0,0.449244797,-0.893408597,0,0,0,0.999999881],"scale":0.712014198,"type":"desert_rocks_tiny_02"}
{"ctxid":0,"pos":[-641.455078,2130.26807,75.1493683],"rotationMatrix":[0.650114715,-0.759835958,0,0.759835958,0.650114715,0,0,0,0.999999881],"scale":0.680303991,"type":"desert_rocks_tiny_02"}
{"ctxid":0,"pos":[-643.650085,2133.4834,73.8594742],"rotationMatrix":[0.859251082,0.511553943,0,-0.511553943,0.859251082,0,0,0,0.999999881],"scale":0.728281856,"type":"desert_rocks_tiny_02"}
{"ctxid":0,"pos":[-707.550659,2127.41431,70.9133072],"rotationMatrix":[0.42873019,0.903432608,0,-0.903432608,0.42873019,0,0,0,0.999999881],"scale":0.576466203,"type":"desert_rocks_tiny_02"}
{"ctxid":0,"pos":[-708.05249,2127.62915,70.4721375],"rotationMatrix":[-0.979019701,-0.203765631,0,0.203765631,-0.979019701,0,0,0,0.999999881],"scale":0.696436524,"type":"desert_rocks_tiny_02"}
{"ctxid":0,"pos":[-707.006958,2129.77295,69.7024841],"rotationMatrix":[0.0792236552,0.996856749,0,-0.996856749,0.0792236552,0,0,0,0.999999881],"scale":0.841251194,"type":"desert_rocks_tiny_02"}
{"ctxid":0,"pos":[-706.214722,2130.5564,69.5427322],"rotationMatrix":[0.446954608,0.894556642,0,-0.894556642,0.446954608,0,0,0,0.999999881],"scale":0.780451417,"type":"desert_rocks_tiny_02"}
