{"ctxid":0,"pos":[-490.783508,2050.65649,72.9163208],"rotationMatrix":[0.0682558864,0.99766773,0,-0.99766773,0.0682558864,0,0,0,0.999999881],"scale":1,"type":"desert_rocks_tiny_03"}
{"ctxid":0,"pos":[-987.723572,2072.29224,69.7982635],"rotationMatrix":[-0.0288668964,-0.999583125,0,0.999583125,-0.0288668964,0,0,0,0.999999881],"scale":0.799220622,"type":"desert_rocks_tiny_03"}
{"ctxid":0,"pos":[-989.923706,2070.85352,69.8879471],"rotationMatrix":[0.698153615,-0.715947807,0,0.715947807,0.698153615,0,0,0,0.999999881],"scale":0.636297703,"type":"desert_rocks_tiny_03"}
{"ctxid":0,"pos":[-989.212463,2069.021,71.2743607],"rotationMatrix":[-0.28541851,-0.958402932,0,0.958402932,-0.28541851,0,0,0,0.999999881],"scale":0.803064704,"type":"desert_rocks_tiny_03"}
{"ctxid":0,"pos":[-987.596313,2072.04199,69.998497],"rotationMatrix":[0.84151566,-0.54023248,0,0.54023248,0.84151566,0,0,0,0.999999881],"scale":0.763837934,"type":"desert_rocks_tiny_03"}
{"ctxid":0,"pos":[-989.756226,2068.00415,71.8166351],"rotationMatrix":[-0.861999452,-0.506909192,0,0.506909192,-0.861999452,0,0,0,0.999999881],"scale":0.851414621,"type":"desert_rocks_tiny_03"}
{"ctxid":0,"pos":[-990.237366,2070.25195,70.1449585],"rotationMatrix":[-0.190486193,-0.981689751,0,0.981689751,-0.190486193,0,0,0,0.999999881],"scale":0.760231137,"type":"desert_rocks_tiny_03"}
{"ctxid":0,"pos":[-992.033997,2068.18652,71.06707],"rotationMatrix":[0.414787054,0.909918487,0,-0.909918487,0.414787054,0,0,0,0.999999881],"scale":0.633234739,"type":"desert_rocks_tiny_03"}
{"ctxid":0,"pos":[-994.102173,2068.53101,69.2175369],"rotationMatrix":[-0.407980621,0.912990451,0,-0.912990451,-0.407980621,0,0,0,0.999999881],"scale":0.823731601,"type":"desert_rocks_tiny_03"}
{"ctxid":0,"pos":[-995.096924,2066.19775,70.4003296],"rotationMatrix":[0.707207859,-0.707005501,0,0.707005501,0.707207859,0,0,0,0.999999881],"scale":0.692147911,"type":"desert_rocks_tiny_03"}
{"ctxid":0,"pos":[-994.409851,2066.08545,71.1139145],"rotationMatrix":[0.627612412,-0.77852571,0,0.77852571,0.627612412,0,0,0,0.999999881],"scale":0.840777278,"type":"desert_rocks_tiny_03"}
{"ctxid":0,"pos":[-994.538818,2066.4541,70.6713791],"rotationMatrix":[-0.348580778,0.937278569,0,-0.937278569,-0.348580778,0,0,0,0.999999881],"scale":0.717018843,"type":"desert_rocks_tiny_03"}
{"ctxid":0,"pos":[-994.15448,2065.91064,71.4972763],"rotationMatrix":[-0.990908682,0.134535804,0,-0.134535804,-0.990908682,0,0,0,0.999999881],"scale":0.819552541,"type":"desert_rocks_tiny_03"}
{"ctxid":0,"pos":[-993.432495,2068.34814,69.9782104],"rotationMatrix":[-0.775305808,0.631585956,0,-0.631585956,-0.775305808,0,0,0,0.999999881],"scale":0.699744225,"type":"desert_rocks_tiny_03"}
{"ctxid":0,"pos":[-998.757996,2065.12256,70.5798187],"rotationMatrix":[-0.996877849,-0.0789574459,0,0.0789574459,-0.996877849,0,0,0,0.999999881],"scale":0.711300492,"type":"desert_rocks_tiny_03"}
{"ctxid":0,"pos":[-997.976562,2066.44604,69.4282608],"rotationMatrix":[-0.207862556,-0.978157938,0,0.978157938,-0.207862556,0,0,0,0.999999881],"scale":0.798838317,"type":"desert_rocks_tiny_03"}
{"ctxid":0,"pos":[-996.649109,2064.98584,71.0542984],"rotationMatrix":[-0.986901104,0.161325768,0,-0.161325768,-0.986901104,0,0,0,0.999999881],"scale":0.663838685,"type":"desert_rocks_tiny_03"}
{"ctxid":0,"pos":[-996.36499,2064.41211,71.7269287],"rotationMatrix":[-0.544822812,0.838550985,0,-0.838550985,-0.544822812,0,0,0,0.999999881],"scale":0.780503392,"type":"desert_rocks_tiny_03"}
{"ctxid":0,"pos":[-996.617126,2066.82471,69.2222366],"rotationMatrix":[-0.925697863,0.378263742,0,-0.378263742,-0.925697863,0,0,0,0.999999881],"scale":0.674418867,"type":"desert_rocks_tiny_03"}
{"ctxid":0,"pos":[-997.395996,2064.31982,71.4652634],"rotationMatrix":[0.692605257,-0.721316695,0,0.721316695,0.692605257,0,0,0,0.999999881],"scale":0.735438704,"type":"desert_rocks_tiny_03"}
{"ctxid":0,"pos":[-995.376953,2065.85718,70.6188431],"rotationMatrix":[-0.596013784,0.802973986,0,-0.802973986,-0.596013784,0,0,0,0.999999881],"scale":0.701697707,"type":"desert_rocks_tiny_03"}
{"ctxid":0,"pos":[-996.695984,2065.65259,70.3699341],"rotationMatrix":[-0.760528922,-0.649303854,0,0.649303854,-0.760528922,0,0,0,0.999999881],"scale":0.757916152,"type":"desert_rocks_tiny_03"}
{"ctxid":0,"pos":[-996.29187,2065.06592,71.096756],"rotationMatrix":[0.408424705,-0.912791908,0,0.912791908,0.408424705,0,0,0,0.999999881],"scale":0.82246381,"type":"desert_rocks_tiny_03"}
{"ctxid":0,"pos":[-997.885254,2065.19165,70.576355],"rotationMatrix":[0.873288393,0.487203568,0,-0.487203568,0.873288393,0,0,0,0.999999881],"scale":0.653039217,"type":"desert_rocks_tiny_03"}
{"ctxid":0,"pos":[-1000.43921,2063.75122,71.7136536],"rotationMatrix":[-0.989835799,0.142214566,0,-0.142214566,-0.989835799,0,0,0,0.999999881],"scale":0.693258047,"type":"desert_rocks_tiny_03"}
{"ctxid":0,"pos":[-999.771545,2065.24194,70.4021149],"rotationMatrix":[0.489329696,-0.872098804,0,0.872098804,0.489329696,0,0,0,0.999999881],"scale":0.703104377,"type":"desert_rocks_tiny_03"}
{"ctxid":0,"pos":[-1000.22028,2063.17725,72.2510529],"rotationMatrix":[0.346557051,0.938028872,0,-0.938028872,0.346557051,0,0,0,0.999999881],"scale":0.751533985,"type":"desert_rocks_tiny_03"}
{"ctxid":0,"pos":[-999.76709,2063.49048,71.9967804],"rotationMatrix":[0.551301897,0.834305823,0,-0.834305823,0.551301897,0,0,0,0.999999881],"scale":0.764367878,"type":"desert_rocks_tiny_03"}
{"ctxid":0,"pos":[-999.442627,2065.21509,70.4489594],"rotationMatrix":[0.130418748,-0.991458893,0,0.991458893,0.130418748,0,0,0,0.999999881],"scale":0.744604528,"type":"desert_rocks_tiny_03"}
{"ctxid":0,"pos":[-1004.98254,2062.67358,72.0054626],"rotationMatrix":[-0.656947792,-0.753935874,0,0.753935874,-0.656947792,0,0,0,0.999999881],"scale":0.749622226,"type":"desert_rocks_tiny_03"}
{"ctxid":0,"pos":[-1004.23883,2066.03394,69.3769379],"rotationMatrix":[-0.954295218,0.298865259,0,-0.298865259,-0.954295218,0,0,0,0.999999881],"scale":0.66852206,"type":"desert_rocks_tiny_03"}
{"ctxid":0,"pos":[-1003.95575,2063.08496,71.9698105],"rotationMatrix":[0.815102994,-0.57931596,0,0.57931596,0.815102994,0,0,0,0.999999881],"scale":0.734980941,"type":"desert_rocks_tiny_03"}
{"ctxid":0,"pos":[-1004.44183,2066.21924,69.1944351],"rotationMatrix":[0.786110818,-0.618085504,0,0.618085504,0.786110818,0,0,0,0.999999881],"scale":0.707804918,"type":"desert_rocks_tiny_03"}
{"ctxid":0,"pos":[-1005.55414,2063.26807,71.4790344],"rotationMatrix":[-0.832727492,-0.553682864,0,0.553682864,-0.832727492,0,0,0,0.999999881],"scale":0.674370348,"type":"desert_rocks_tiny_03"}
{"ctxid":0,"pos":[-1010.06958,2065.21094,70.0946426],"rotationMatrix":[-0.997956097,-0.0639021024,0,0.0639021024,-0.997956097,0,0,0,0.999999881],"scale":0.792590916,"type":"desert_rocks_tiny_03"}
{"ctxid":0,"pos":[-1008.24896,2065.073,69.9787598],"rotationMatrix":[-0.490957201,0.871183574,0,-0.871183574,-0.490957201,0,0,0,0.999999881],"scale":0.76331234,"type":"desert_rocks_tiny_03"}
{"ctxid":0,"pos":[-1009.52649,2064.68848,70.3151245],"rotationMatrix":[-0.94821775,-0.317620695,0,0.317620695,-0.94821775,0,0,0,0.999999881],"scale":0.724014699,"type":"desert_rocks_tiny_03"}
{"ctxid":0,"pos":[-1008.33002,2066.7063,69.5347595],"rotationMatrix":[0.905919552,0.423449725,0,-0.423449725,0.905919552,0,0,0,0.999999881],"scale":0.823368251,"type":"desert_rocks_tiny_03"}
{"ctxid":0,"pos":[-1007.30524,2066.26587,69.4739304],"rotationMatrix":[0.931815445,0.362932473,0,-0.362932473,0.931815445,0,0,0,0.999999881],"scale":0.687830389,"type":"desert_rocks_tiny_03"}
{"ctxid":0,"pos":[-1007.56311,2063.39185,70.9426651],"rotationMatrix":[-0.22348538,-0.974707186,0,0.974707186,-0.22348538,0,0,0,0.999999881],"scale":0.639557004,"type":"desert_rocks_tiny_03"}
{"ctxid":0,"pos":[-1009.07477,2064.95557,70.126709],"rotationMatrix":[-0.749252141,0.662284732,0,-0.662284732,-0.749252141,0,0,0,0.999999881],"scale":0.823562443,"type":"desert_rocks_tiny_03"}
{"ctxid":0,"pos":[-1008.89447,2063.16943,71.0544739],"rotationMatrix":[0.8851583,-0.465289742,0,0.465289742,0.8851583,0,0,0,0.999999881],"scale":0.696617067,"type":"desert_rocks_tiny_03"}
{"ctxid":0,"pos":[-1007.23792,2065.77686,69.5657349],"rotationMatrix":[0.894984305,0.446097553,0,-0.446097553,0.894984305,0,0,0,0.999999881],"scale":0.786771476,"type":"desert_rocks_tiny_03"}
{"ctxid":0,"pos":[-1012.68561,2066.32837,70.157959],"rotationMatrix":[-0.351822942,0.936066449,0,-0.936066449,-0.351822942,0,0,0,0.999999881],"scale":0.690918028,"type":"desert_rocks_tiny_03"}
{"ctxid":0,"pos":[-1011.40143,2064.98608,70.3520355],"rotationMatrix":[-0.999637008,-0.0269369986,0,0.0269369986,-0.999637008,0,0,0,0.999999881],"scale":0.828719318,"type":"desert_rocks_tiny_03"}
{"ctxid":0,"pos":[-1012.73236,2064.5979,70.6958923],"rotationMatrix":[0.147463962,-0.989067316,0,0.989067316,0.147463962,0,0,0,0.999999881],"scale":0.846631765,"type":"desert_rocks_tiny_03"}
{"ctxid":0,"pos":[-1011.4472,2064.07593,70.8390961],"rotationMatrix":[0.580175042,-0.814491689,0,0.814491689,0.580175042,0,0,0,0.999999881],"scale":0.69052285,"type":"desert_rocks_tiny_03"}
{"ctxid":0,"pos":[-1009.78467,2065.84009,69.8781967],"rotationMatrix":[-0.847493112,-0.530806422,0,0.530806422,-0.847493112,0,0,0,0.999999881],"scale":0.665475965,"type":"desert_rocks_tiny_03"}
{"ctxid":0,"pos":[-1010.76031,2064.3418,70.6269073],"rotationMatrix":[-0.541889012,0.84044987,0,-0.84044987,-0.541889012,0,0,0,0.999999881],"scale":0.833313584,"type":"desert_rocks_tiny_03"}
{"ctxid":0,"pos":[-1011.74536,2064.71021,70.5339279],"rotationMatrix":[0.966418087,0.256974578,0,-0.256974578,0.966418087,0,0,0,0.999999881],"scale":0.788396239,"type":"desert_rocks_tiny_03"}
{"ctxid":0,"pos":[-1010.08868,2064.80737,70.3104706],"rotationMatrix":[-0.387549788,-0.921848714,0,0.921848714,-0.387549788,0,0,0,0.999999881],"scale":0.63419354,"type":"desert_rocks_tiny_03"}
{"ctxid":0,"pos":[-1016.45081,2066.29858,70.5905533],"rotationMatrix":[-0.951712787,-0.306989849,0,0.306989849,-0.951712787,0,0,0,0.999999881],"scale":0.773366451,"type":"desert_rocks_tiny_03"}
{"ctxid":0,"pos":[-1015.96875,2064.54443,71.0601578],"rotationMatrix":[0.967580259,0.252563685,0,-0.252563685,0.967580259,0,0,0,0.999999881],"scale":0.813277066,"type":"desert_rocks_tiny_03"}
{"ctxid":0,"pos":[-1015.90607,2066.13892,70.5922775],"rotationMatrix":[-0.98879838,-0.14925684,0,0.14925684,-0.98879838,0,0,0,0.999999881],"scale":0.737950683,"type":"desert_rocks_tiny_03"}
{"ctxid":0,"pos":[-1014.52869,2067.13892,70.2384872],"rotationMatrix":[-0.984416127,0.1758544,0,-0.1758544,-0.984416127,0,0,0,0.999999881],"scale":0.848521233,"type":"desert_rocks_tiny_03"}
{"ctxid":0,"pos":[-1018.75372,2065.31689,70.7546692],"rotationMatrix":[0.414280623,-0.910149157,0,0.910149157,0.414280623,0,0,0,0.999999881],"scale":0.727344453,"type":"desert_rocks_tiny_03"}
{"ctxid":0,"pos":[-1019.35315,2066.77368,70.4304123],"rotationMatrix":[0.982410073,0.186735719,0,-0.186735719,0.982410073,0,0,0,0.999999881],"scale":0.63196367,"type":"desert_rocks_tiny_03"}
{"ctxid":0,"pos":[-1021.35724,2065.1665,70.3623962],"rotationMatrix":[0.518357933,-0.855163693,0,0.855163693,0.518357933,0,0,0,0.999999881],"scale":0.665715337,"type":"desert_rocks_tiny_03"}
{"ctxid":0,"pos":[-1021.88165,2064.12622,70.6219025],"rotationMatrix":[0.939751148,-0.341859043,0,0.341859043,0.939751148,0,0,0,0.999999881],"scale":0.746844292,"type":"desert_rocks_tiny_03"}
{"ctxid":0,"pos":[-1022.95569,2062.15283,71.1607285],"rotationMatrix":[-0.998582482,0.0532238036,0,-0.0532238036,-0.998582482,0,0,0,0.999999881],"scale":0.783665657,"type":"desert_rocks_tiny_03"}
{"ctxid":0,"pos":[-1024.21045,2061.68481,71.1433716],"rotationMatrix":[0.465913266,-0.884830356,0,0.884830356,0.465913266,0,0,0,0.999999881],"scale":0.723973036,"type":"desert_rocks_tiny_03"}
{"ctxid":0,"pos":[-1025.92896,2064.10083,70.0433655],"rotationMatrix":[0.806635439,-0.591049135,0,0.591049135,0.806635439,0,0,0,0.999999881],"scale":0.70207572,"type":"desert_rocks_tiny_03"}
{"ctxid":0,"pos":[-1025.6427,2062.28784,70.72509],"rotationMatrix":[-0.980073988,-0.198632121,0,0.198632121,-0.980073988,0,0,0,0.999999881],"scale":0.772199154,"type":"desert_rocks_tiny_03"}
{"ctxid":0,"pos":[-1029.43066,2062.07422,70.7685699],"rotationMatrix":[-0.951283097,-0.308318526,0,0.308318526,-0.951283097,0,0,0,0.999999881],"scale":0.826394558,"type":"desert_rocks_tiny_03"}
{"ctxid":0,"pos":[-1030.26929,2062.79858,70.7602997],"rotationMatrix":[-0.657541513,-0.753418148,0,0.753418148,-0.657541513,0,0,0,0.999999881],"scale":0.651313424,"type":"desert_rocks_tiny_03"}
{"ctxid":0,"pos":[-1033.03125,2064.53052,70.9049988],"rotationMatrix":[-0.992384613,0.123177022,0,-0.123177022,-0.992384613,0,0,0,0.999999881],"scale":0.720977128,"type":"desert_rocks_tiny_03"}
{"ctxid":0,"pos":[-1032.44202,2063.94263,70.9315796],"rotationMatrix":[-0.769486189,0.638663173,0,-0.638663173,-0.769486189,0,0,0,0.999999881],"scale":0.634597421,"type":"desert_rocks_tiny_03"}
{"ctxid":0,"pos":[-1030.19238,2066.21631,69.7211609],"rotationMatrix":[-0.123609051,-0.992330909,0,0.992330909,-0.123609051,0,0,0,0.999999881],"scale":0.664207458,"type":"desert_rocks_tiny_03"}
{"ctxid":0,"pos":[-1032.63611,2065.02222,70.6553116],"rotationMatrix":[0.943778038,0.330579638,0,-0.330579638,0.943778038,0,0,0,0.999999881],"scale":0.837608099,"type":"desert_rocks_tiny_03"}
{"ctxid":0,"pos":[-1031.73828,2063.49805,70.8955765],"rotationMatrix":[-0.0701916367,-0.997533381,0,0.997533381,-0.0701916367,0,0,0,0.999999881],"scale":0.75091964,"type":"desert_rocks_tiny_03"}
{"ctxid":0,"pos":[-1032.54041,2065.81494,70.3506088],"rotationMatrix":[-0.182485148,0.983208477,0,-0.983208477,-0.182485148,0,0,0,0.999999881],"scale":0.805767119,"type":"desert_rocks_tiny_03"}
{"ctxid":0,"pos":[-1031.48291,2063.9021,70.7337799],"rotationMatrix":[0.501892626,0.864929974,0,-0.864929974,0.501892626,0,0,0,0.999999881],"scale":0.672990024,"type":"desert_rocks_tiny_03"}
{"ctxid":0,"pos":[-1034.56531,2067.68091,70.0983353],"rotationMatrix":[0.80050528,0.599325657,0,-0.599325657,0.80050528,0,0,0,0.999999881],"scale":0.699397206,"type":"desert_rocks_tiny_03"}
{"ctxid":0,"pos":[-1033.32886,2064.87598,70.8510284],"rotationMatrix":[0.466488242,-0.884527326,0,0.884527326,0.466488242,0,0,0,0.999999881],"scale":0.758747697,"type":"desert_rocks_tiny_03"}
{"ctxid":0,"pos":[-1033.76135,2067.31812,70.0626068],"rotationMatrix":[-0.0404793844,0.999180257,0,-0.999180257,-0.0404793844,0,0,0,0.999999881],"scale":0.829813361,"type":"desert_rocks_tiny_03"}
{"ctxid":0,"pos":[-1033.51526,2064.44507,71.0326691],"rotationMatrix":[-0.718328714,0.695703745,0,-0.695703745,-0.718328714,0,0,0,0.999999881],"scale":0.855094016,"type":"desert_rocks_tiny_03"}
{"ctxid":0,"pos":[-1035.14087,2065.29199,71.0759125],"rotationMatrix":[0.688619196,0.725123167,0,-0.725123167,0.688619196,0,0,0,0.999999881],"scale":0.784945309,"type":"desert_rocks_tiny_03"}
{"ctxid":0,"pos":[-1035.64307,2064.86987,71.3314133],"rotationMatrix":[0.90369153,0.428183973,0,-0.428183973,0.90369153,0,0,0,0.999999881],"scale":0.704850674,"type":"desert_rocks_tiny_03"}
{"ctxid":0,"pos":[-1036.45044,2066.51807,70.5462036],"rotationMatrix":[0.537282109,0.843402565,0,-0.843402565,0.537282109,0,0,0,0.999999881],"scale":0.779630542,"type":"desert_rocks_tiny_03"}
{"ctxid":0,"pos":[-1036.81812,2067.49023,70.0720367],"rotationMatrix":[0.41195485,0.911204278,0,-0.911204278,0.41195485,0,0,0,0.999999881],"scale":0.789787591,"type":"desert_rocks_tiny_03"}
{"ctxid":0,"pos":[-1035.91455,2066.19116,70.7338943],"rotationMatrix":[0.327861786,0.944725692,0,-0.944725692,0.327861786,0,0,0,0.999999881],"scale":0.799971581,"type":"desert_rocks_tiny_03"}
{"ctxid":0,"pos":[-1035.62231,2068.44531,69.7128754],"rotationMatrix":[-0.994767725,-0.102161102,0,0.102161102,-0.994767725,0,0,0,0.999999881],"scale":0.839903772,"type":"desert_rocks_tiny_03"}
{"ctxid":0,"pos":[-1038.47571,2066.35742,70.467453],"rotationMatrix":[0.862057149,0.506811023,0,-0.506811023,0.862057149,0,0,0,0.999999881],"scale":0.680850267,"type":"desert_rocks_tiny_03"}
{"ctxid":0,"pos":[-1038.42834,2066.76318,70.297493],"rotationMatrix":[-0.00157052593,0.999998689,0,-0.999998689,-0.00157052593,0,0,0,0.999999881],"scale":0.852062225,"type":"desert_rocks_tiny_03"}
{"ctxid":0,"pos":[-1037.90381,2067.32275,70.0749969],"rotationMatrix":[-0.0450818874,0.998983204,0,-0.998983204,-0.0450818874,0,0,0,0.999999881],"scale":0.631692648,"type":"desert_rocks_tiny_03"}
{"ctxid":0,"pos":[-1038.93201,2066.57227,70.2865219],"rotationMatrix":[0.393669754,0.919251919,0,-0.919251919,0.393669754,0,0,0,0.999999881],"scale":0.707546413,"type":"desert_rocks_tiny_03"}
{"ctxid":0,"pos":[-1038.74255,2066.87817,70.2228546],"rotationMatrix":[-0.357308775,0.933986187,0,-0.933986187,-0.357308775,0,0,0,0.999999881],"scale":0.711716354,"type":"desert_rocks_tiny_03"}
{"ctxid":0,"pos":[-1040.44446,2066.81787,70.0497131],"rotationMatrix":[-0.391815811,0.920043528,0,-0.920043528,-0.391815811,0,0,0,0.999999881],"scale":0.767051578,"type":"desert_rocks_tiny_03"}
{"ctxid":0,"pos":[-1039.05798,2066.07715,70.3338623],"rotationMatrix":[0.257839799,0.966187656,0,-0.966187656,0.257839799,0,0,0,0.999999881],"scale":0.705398798,"type":"desert_rocks_tiny_03"}
{"ctxid":0,"pos":[-1040.99817,2066.26855,70.1607742],"rotationMatrix":[-0.242651343,-0.970113456,0,0.970113456,-0.242651343,0,0,0,0.999999881],"scale":0.658140957,"type":"desert_rocks_tiny_03"}
{"ctxid":0,"pos":[-1038.18384,2065.24683,70.7434006],"rotationMatrix":[-0.35175088,-0.936093569,0,0.936093569,-0.35175088,0,0,0,0.999999881],"scale":0.739647985,"type":"desert_rocks_tiny_03"}
{"ctxid":0,"pos":[-1042.42969,2063.07739,70.9788513],"rotationMatrix":[-0.998136163,0.0610249527,0,-0.0610249527,-0.998136163,0,0,0,0.999999881],"scale":0.673570335,"type":"desert_rocks_tiny_03"}
{"ctxid":0,"pos":[-1041.66357,2064.43384,70.6424103],"rotationMatrix":[-0.0761408508,0.997096956,0,-0.997096956,-0.0761408508,0,0,0,0.999999881],"scale":0.664855182,"type":"desert_rocks_tiny_03"}
{"ctxid":0,"pos":[-1042.07703,2066.26685,70.1148453],"rotationMatrix":[0.781073332,-0.62443924,0,0.62443924,0.781073332,0,0,0,0.999999881],"scale":0.653618693,"type":"desert_rocks_tiny_03"}
{"ctxid":0,"pos":[-1043.35059,2065.00903,70.3689117],"rotationMatrix":[0.408344865,0.91282779,0,-0.91282779,0.408344865,0,0,0,0.999999881],"scale":0.798450053,"type":"desert_rocks_tiny_03"}
{"ctxid":0,"pos":[-1043.90051,2064.15796,70.5542145],"rotationMatrix":[0.895617843,-0.444824219,0,0.444824219,0.895617843,0,0,0,0.999999881],"scale":0.77010411,"type":"desert_rocks_tiny_03"}
{"ctxid":0,"pos":[-1042.20007,2065.97583,70.1809998],"rotationMatrix":[-0.886627316,0.462484568,0,-0.462484568,-0.886627316,0,0,0,0.999999881],"scale":0.644708812,"type":"desert_rocks_tiny_03"}
{"ctxid":0,"pos":[-1043.65955,2065.29395,70.2856903],"rotationMatrix":[-0.343469054,-0.939163864,0,0.939163864,-0.343469054,0,0,0,0.999999881],"scale":0.775651693,"type":"desert_rocks_tiny_03"}
{"ctxid":0,"pos":[-1043.0708,2064.64282,70.4708252],"rotationMatrix":[-0.995914757,-0.0902969912,0,0.0902969912,-0.995914757,0,0,0,0.999999881],"scale":0.814993203,"type":"desert_rocks_tiny_03"}
{"ctxid":0,"pos":[-1047.01013,2061.5376,71.0682068],"rotationMatrix":[0.660261333,0.751035869,0,-0.751035869,0.660261333,0,0,0,0.999999881],"scale":0.742941976,"type":"desert_rocks_tiny_03"}
{"ctxid":0,"pos":[-1045.30103,2063.89453,70.5587158],"rotationMatrix":[-0.496222258,-0.868195415,0,0.868195415,-0.496222258,0,0,0,0.999999881],"scale":0.633090615,"type":"desert_rocks_tiny_03"}
{"ctxid":0,"pos":[-1048.4563,2062.00708,70.9071045],"rotationMatrix":[0.557561219,-0.830135703,0,0.830135703,0.557561219,0,0,0,0.999999881],"scale":0.671912313,"type":"desert_rocks_tiny_03"}
{"ctxid":0,"pos":[-1050.23059,2063.44873,70.5359802],"rotationMatrix":[-0.0332864411,0.999445736,0,-0.999445736,-0.0332864411,0,0,0,0.999999881],"scale":0.756936073,"type":"desert_rocks_tiny_03"}
{"ctxid":0,"pos":[-1051.99377,2061.22754,70.7961578],"rotationMatrix":[-0.891416252,0.453185409,0,-0.453185409,-0.891416252,0,0,0,0.999999881],"scale":0.788644135,"type":"desert_rocks_tiny_03"}
{"ctxid":0,"pos":[-1051.58667,2062.54614,70.5086365],"rotationMatrix":[0.487628162,0.873051465,0,-0.873051465,0.487628162,0,0,0,0.999999881],"scale":0.783634484,"type":"desert_rocks_tiny_03"}
{"ctxid":0,"pos":[-1055.0553,2060.33594,70.7641907],"rotationMatrix":[-0.08303684,0.996546388,0,-0.996546388,-0.08303684,0,0,0,0.999999881],"scale":0.72664988,"type":"desert_rocks_tiny_03"}
{"ctxid":0,"pos":[-1055.50732,2062.71411,70.1492615],"rotationMatrix":[-0.860533535,-0.509393632,0,0.509393632,-0.860533535,0,0,0,0.999999881],"scale":0.848504603,"type":"desert_rocks_tiny_03"}
{"ctxid":0,"pos":[-1053.98926,2062.41821,70.3445435],"rotationMatrix":[-0.773063898,0.634327888,0,-0.634327888,-0.773063898,0,0,0,0.999999881],"scale":0.643217862,"type":"desert_rocks_tiny_03"}
{"ctxid":0,"pos":[-1054.74719,2062.43115,70.2798157],"rotationMatrix":[-0.0468976684,0.998899579,0,-0.998899579,-0.0468976684,0,0,0,0.999999881],"scale":0.647264361,"type":"desert_rocks_tiny_03"}
{"ctxid":0,"pos":[-1055.12109,2062.4624,70.2418365],"rotationMatrix":[-0.16722241,-0.985919178,0,0.985919178,-0.16722241,0,0,0,0.999999881],"scale":0.776462197,"type":"desert_rocks_tiny_03"}
{"ctxid":0,"pos":[-1057.58789,2060.03564,70.6474152],"rotationMatrix":[-0.0407419279,-0.999169588,0,0.999169588,-0.0407419279,0,0,0,0.999999881],"scale":0.721609235,"type":"desert_rocks_tiny_03"}
{"ctxid":0,"pos":[-1058.75769,2059.74048,70.6467743],"rotationMatrix":[0.841833293,-0.539737463,0,0.539737463,0.841833293,0,0,0,0.999999881],"scale":0.68154633,"type":"desert_rocks_tiny_03"}
{"ctxid":0,"pos":[-1056.41028,2061.86841,70.2815094],"rotationMatrix":[-0.682087123,-0.73127073,0,0.73127073,-0.682087123,0,0,0,0.999999881],"scale":0.73882997,"type":"desert_rocks_tiny_03"}
{"ctxid":0,"pos":[-1058.62561,2060.26929,70.5232086],"rotationMatrix":[-0.960334003,-0.278851897,0,0.278851897,-0.960334003,0,0,0,0.999999881],"scale":0.630821824,"type":"desert_rocks_tiny_03"}
{"ctxid":0,"pos":[-1058.59399,2060.64844,70.4305954],"rotationMatrix":[0.810573339,0.585637152,0,-0.585637152,0.810573339,0,0,0,0.999999881],"scale":0.714070559,"type":"desert_rocks_tiny_03"}
{"ctxid":0,"pos":[-1060.49622,2060.96899,70.29319],"rotationMatrix":[-0.952810466,0.303565383,0,-0.303565383,-0.952810466,0,0,0,0.999999881],"scale":0.748542428,"type":"desert_rocks_tiny_03"}
{"ctxid":0,"pos":[-1063.20654,2060.78638,70.331749],"rotationMatrix":[-0.941019356,0.338352472,0,-0.338352472,-0.941019356,0,0,0,0.999999881],"scale":0.777059317,"type":"desert_rocks_tiny_03"}
{"ctxid":0,"pos":[-1063.14197,2058.23657,70.8242798],"rotationMatrix":[-0.791629553,-0.611001372,0,0.611001372,-0.791629553,0,0,0,0.999999881],"scale":0.842414379,"type":"desert_rocks_tiny_03"}
{"ctxid":0,"pos":[-1062.53699,2058.32227,70.8669128],"rotationMatrix":[-0.702080369,0.712097585,0,-0.712097585,-0.702080369,0,0,0,0.999999881],"scale":0.820848465,"type":"desert_rocks_tiny_03"}
{"ctxid":0,"pos":[-1061.91833,2059.6394,70.6386337],"rotationMatrix":[0.96256417,-0.271053553,0,0.271053553,0.96256417,0,0,0,0.999999881],"scale":0.727597594,"type":"desert_rocks_tiny_03"}
{"ctxid":0,"pos":[-1064.32153,2057.79834,70.7928467],"rotationMatrix":[-0.254405975,0.967097342,0,-0.967097342,-0.254405975,0,0,0,0.999999881],"scale":0.634338737,"type":"desert_rocks_tiny_03"}
{"ctxid":0,"pos":[-1065.91028,2058.2605,70.5498276],"rotationMatrix":[0.847382069,-0.530983329,0,0.530983329,0.847382069,0,0,0,0.999999881],"scale":0.632224739,"type":"desert_rocks_tiny_03"}
{"ctxid":0,"pos":[-1066.54822,2057.59277,70.6149597],"rotationMatrix":[-0.227925152,-0.973678589,0,0.973678589,-0.227925152,0,0,0,0.999999881],"scale":0.655971885,"type":"desert_rocks_tiny_03"}
{"ctxid":0,"pos":[-1067.24792,2058.68628,70.3382263],"rotationMatrix":[-0.993552804,0.113369189,0,-0.113369189,-0.993552804,0,0,0,0.999999881],"scale":0.657707512,"type":"desert_rocks_tiny_03"}
{"ctxid":0,"pos":[-1066.84485,2057.24268,70.6528015],"rotationMatrix":[0.969129264,0.246553108,0,-0.246553108,0.969129264,0,0,0,0.999999881],"scale":0.816469073,"type":"desert_rocks_tiny_03"}
{"ctxid":0,"pos":[-1066.12207,2060.21606,70.1562653],"rotationMatrix":[0.745637357,0.666351914,0,-0.666351914,0.745637357,0,0,0,0.999999881],"scale":0.703952134,"type":"desert_rocks_tiny_03"}
{"ctxid":0,"pos":[-1068.57715,2057.85547,70.3670654],"rotationMatrix":[-0.886494517,-0.462738901,0,0.462738901,-0.886494517,0,0,0,0.999999881],"scale":0.679279983,"type":"desert_rocks_tiny_03"}
{"ctxid":0,"pos":[-1067.14404,2057.43457,70.5870361],"rotationMatrix":[0.101193652,0.994866669,0,-0.994866669,0.101193652,0,0,0,0.999999881],"scale":0.784003377,"type":"desert_rocks_tiny_03"}
{"ctxid":0,"pos":[-1070.3783,2057.21069,70.314415],"rotationMatrix":[-0.980014622,0.198925078,0,-0.198925078,-0.980014622,0,0,0,0.999999881],"scale":0.77550137,"type":"desert_rocks_tiny_03"}
{"ctxid":0,"pos":[-1068.41467,2054.38013,71.0456238],"rotationMatrix":[0.102496691,-0.994733274,0,0.994733274,0.102496691,0,0,0,0.999999881],"scale":0.696864605,"type":"desert_rocks_tiny_03"}
{"ctxid":0,"pos":[-1068.79346,2057.60449,70.3938293],"rotationMatrix":[0.994514525,0.104597881,0,-0.104597881,0.994514525,0,0,0,0.999999881],"scale":0.68159461,"type":"desert_rocks_tiny_03"}
{"ctxid":0,"pos":[-1068.70483,2054.28687,71.0351181],"rotationMatrix":[0.367666125,-0.929957747,0,0.929957747,0.367666125,0,0,0,0.999999881],"scale":0.71204114,"type":"desert_rocks_tiny_03"}
{"ctxid":0,"pos":[-1069.82458,2058,70.2178802],"rotationMatrix":[-0.999116659,0.0420192331,0,-0.0420192331,-0.999116659,0,0,0,0.999999881],"scale":0.686987162,"type":"desert_rocks_tiny_03"}
{"ctxid":0,"pos":[-1069.26221,2054.75024,70.8924179],"rotationMatrix":[-0.0562521555,0.998416483,0,-0.998416483,-0.0562521555,0,0,0,0.999999881],"scale":0.81194526,"type":"desert_rocks_tiny_03"}
{"ctxid":0,"pos":[-1070.92139,2054.56494,70.7659912],"rotationMatrix":[-0.962102413,0.27268824,0,-0.27268824,-0.962102413,0,0,0,0.999999881],"scale":0.651637733,"type":"desert_rocks_tiny_03"}
{"ctxid":0,"pos":[-1070.31128,2053.32568,71.0629578],"rotationMatrix":[-0.721624732,0.692284167,0,-0.692284167,-0.721624732,0,0,0,0.999999881],"scale":0.706073642,"type":"desert_rocks_tiny_03"}
{"ctxid":0,"pos":[-1071.2738,2056.89941,70.2864685],"rotationMatrix":[-0.949085653,-0.315017849,0,0.315017849,-0.949085653,0,0,0,0.999999881],"scale":0.798745155,"type":"desert_rocks_tiny_03"}
{"ctxid":0,"pos":[-1073.47729,2055.39673,70.4852142],"rotationMatrix":[-0.350341946,0.936621726,0,-0.936621726,-0.350341946,0,0,0,0.999999881],"scale":0.709075689,"type":"desert_rocks_tiny_03"}
{"ctxid":0,"pos":[-1073.35181,2053.00439,70.8254089],"rotationMatrix":[0.995434284,0.0954482257,0,-0.0954482257,0.995434284,0,0,0,0.999999881],"scale":0.696308732,"type":"desert_rocks_tiny_03"}
{"ctxid":0,"pos":[-1037.62988,2063.52466,71.2036438],"rotationMatrix":[0.113510683,0.993536651,0,-0.993536651,0.113510683,0,0,0,0.999999881],"scale":0.716098189,"type":"desert_rocks_tiny_03"}
{"ctxid":0,"pos":[-1038.79028,2065.85547,70.4497375],"rotationMatrix":[0.747272432,0.66451776,0,-0.66451776,0.747272432,0,0,0,0.999999881],"scale":0.631479025,"type":"desert_rocks_tiny_03"}
{"ctxid":0,"pos":[-1043.00232,2064.91211,70.4076614],"rotationMatrix":[0.99965632,0.0262128506,0,-0.0262128506,0.99965632,0,0,0,0.999999881],"scale":0.750421822,"type":"desert_rocks_tiny_03"}
{"ctxid":0,"pos":[-1043.58862,2063.31738,70.8172607],"rotationMatrix":[0.326839209,-0.945079863,0,0.945079863,0.326839209,0,0,0,0.999999881],"scale":0.681972742,"type":"desert_rocks_tiny_03"}
{"ctxid":0,"pos":[-1043.96838,2062.19824,71.1147461],"rotationMatrix":[-0.0238761529,-0.999714851,0,0.999714851,-0.0238761529,0,0,0,0.999999881],"scale":0.742869377,"type":"desert_rocks_tiny_03"}
{"ctxid":0,"pos":[-1043.14795,2062.26929,71.158638],"rotationMatrix":[0.0483902283,-0.998828411,0,0.998828411,0.0483902283,0,0,0,0.999999881],"scale":0.645835161,"type":"desert_rocks_tiny_03"}
{"ctxid":0,"pos":[-1045.31323,2064.86353,70.3203125],"rotationMatrix":[0.547094882,-0.837070525,0,0.837070525,0.547094882,0,0,0,0.999999881],"scale":0.82299459,"type":"desert_rocks_tiny_03"}
{"ctxid":0,"pos":[-1049.33337,2060.823,71.1106567],"rotationMatrix":[0.951174319,-0.30865407,0,0.30865407,0.951174319,0,0,0,0.999999881],"scale":0.673002601,"type":"desert_rocks_tiny_03"}
{"ctxid":0,"pos":[-1050.88208,2060.68604,71.0181274],"rotationMatrix":[-0.501724422,0.865027368,0,-0.865027368,-0.501724422,0,0,0,0.999999881],"scale":0.63109225,"type":"desert_rocks_tiny_03"}
{"ctxid":0,"pos":[-1045.94348,2062.06641,70.9975891],"rotationMatrix":[0.0859910771,0.996295869,0,-0.996295869,0.0859910771,0,0,0,0.999999881],"scale":0.230097145,"type":"desert_rocks_tiny_03"}
{"ctxid":0,"pos":[-1046.52087,2064.05029,70.4680634],"rotationMatrix":[0.671265185,0.741217315,0,-0.741217315,0.671265185,0,0,0,0.999999881],"scale":0.329023421,"type":"desert_rocks_tiny_03"}
{"ctxid":0,"pos":[-1047.49756,2061.06616,71.1676941],"rotationMatrix":[0.249941081,-0.968260944,0,0.968260944,0.249941081,0,0,0,0.999999881],"scale":0.199607641,"type":"desert_rocks_tiny_03"}
{"ctxid":0,"pos":[-1048.58008,2062.63867,70.7646408],"rotationMatrix":[-0.874575078,-0.484890223,0,0.484890223,-0.874575078,0,0,0,0.999999881],"scale":0.260816544,"type":"desert_rocks_tiny_03"}
{"ctxid":0,"pos":[-1051.75696,2060.08984,71.0919952],"rotationMatrix":[-0.799184263,0.601085782,0,-0.601085782,-0.799184263,0,0,0,0.999999881],"scale":0.265402764,"type":"desert_rocks_tiny_03"}
{"ctxid":0,"pos":[-1017.69202,2063.40845,71.4827271],"rotationMatrix":[-0.539093554,0.842245758,0,-0.842245758,-0.539093554,0,0,0,0.999999881],"scale":0.246072978,"type":"desert_rocks_tiny_03"}
{"ctxid":0,"pos":[-1019.14392,2063.33887,71.2964783],"rotationMatrix":[-0.935246229,0.353997529,0,-0.353997529,-0.935246229,0,0,0,0.999999881],"scale":0.392478675,"type":"desert_rocks_tiny_03"}
{"ctxid":0,"pos":[-1018.53693,2062.39404,71.7172089],"rotationMatrix":[0.965517759,-0.260336727,0,0.260336727,0.965517759,0,0,0,0.999999881],"scale":0.239446893,"type":"desert_rocks_tiny_03"}
{"ctxid":0,"pos":[-1020.79626,2061.22607,71.8004456],"rotationMatrix":[0.0937871262,0.995592237,0,-0.995592237,0.0937871262,0,0,0,0.999999881],"scale":0.383738458,"type":"desert_rocks_tiny_03"}
{"ctxid":0,"pos":[-1022.59314,2061.87524,71.3110809],"rotationMatrix":[-0.755860329,-0.654732704,0,0.654732704,-0.755860329,0,0,0,0.999999881],"scale":0.235449612,"type":"desert_rocks_tiny_03"}
{"ctxid":0,"pos":[-1024.41003,2060.35205,71.5856781],"rotationMatrix":[0.992825389,-0.119572289,0,0.119572289,0.992825389,0,0,0,0.999999881],"scale":0.24243167,"type":"desert_rocks_tiny_03"}
{"ctxid":0,"pos":[-1024.4043,2060.79004,71.4317017],"rotationMatrix":[0.506769419,-0.862081528,0,0.862081528,0.506769419,0,0,0,0.999999881],"scale":0.283854604,"type":"desert_rocks_tiny_03"}
{"ctxid":0,"pos":[-1025.73352,2061.39966,71.0283966],"rotationMatrix":[-0.217773199,-0.975999296,0,0.975999296,-0.217773199,0,0,0,0.999999881],"scale":0.212016985,"type":"desert_rocks_tiny_03"}
{"ctxid":0,"pos":[-1024.21973,2061.18262,71.3194122],"rotationMatrix":[0.431947172,-0.901898861,0,0.901898861,0.431947172,0,0,0,0.999999881],"scale":0.33666271,"type":"desert_rocks_tiny_03"}
{"ctxid":0,"pos":[-1026.1416,2061.42065,70.9644547],"rotationMatrix":[0.914364159,-0.404892594,0,0.404892594,0.914364159,0,0,0,0.999999881],"scale":0.310219705,"type":"desert_rocks_tiny_03"}
{"ctxid":0,"pos":[-1024.70288,2060.66504,71.4333649],"rotationMatrix":[0.959429204,0.28194958,0,-0.28194958,0.959429204,0,0,0,0.999999881],"scale":0.226977453,"type":"desert_rocks_tiny_03"}
{"ctxid":0,"pos":[-1027.97827,2059.87305,71.531456],"rotationMatrix":[0.381169945,0.924504995,0,-0.924504995,0.381169945,0,0,0,0.999999881],"scale":0.253383815,"type":"desert_rocks_tiny_03"}
{"ctxid":0,"pos":[-1028.72217,2060.73926,71.223053],"rotationMatrix":[0.963425696,-0.267975092,0,0.267975092,0.963425696,0,0,0,0.999999881],"scale":0.366645575,"type":"desert_rocks_tiny_03"}
{"ctxid":0,"pos":[-1027.89429,2061.12573,71.0501251],"rotationMatrix":[0.49033758,0.871532619,0,-0.871532619,0.49033758,0,0,0,0.999999881],"scale":0.280670404,"type":"desert_rocks_tiny_03"}
{"ctxid":0,"pos":[-1029.43604,2060.46899,71.3480835],"rotationMatrix":[-0.807092547,-0.590424955,0,0.590424955,-0.807092547,0,0,0,0.999999881],"scale":0.418951809,"type":"desert_rocks_tiny_03"}
{"ctxid":0,"pos":[-1033.81287,2061.9856,71.7443237],"rotationMatrix":[-0.561056376,0.827777386,0,-0.827777386,-0.561056376,0,0,0,0.999999881],"scale":0.246295303,"type":"desert_rocks_tiny_03"}
{"ctxid":0,"pos":[-1034.43274,2061.99658,71.8761597],"rotationMatrix":[-0.457814336,-0.889047801,0,0.889047801,-0.457814336,0,0,0,0.999999881],"scale":0.404689699,"type":"desert_rocks_tiny_03"}
{"ctxid":0,"pos":[-1033.3103,2062.87866,71.400177],"rotationMatrix":[0.280645341,0.959811509,0,-0.959811509,0.280645341,0,0,0,0.999999881],"scale":0.322440088,"type":"desert_rocks_tiny_03"}
{"ctxid":0,"pos":[-1033.35071,2062.35571,71.5465164],"rotationMatrix":[0.629116416,-0.777311027,0,0.777311027,0.629116416,0,0,0,0.999999881],"scale":0.251163691,"type":"desert_rocks_tiny_03"}
{"ctxid":0,"pos":[-1036.73962,2062.52734,71.6518326],"rotationMatrix":[0.717176855,-0.696891129,0,0.696891129,0.717176855,0,0,0,0.999999881],"scale":0.419317007,"type":"desert_rocks_tiny_03"}
{"ctxid":0,"pos":[-1035.87683,2063.69434,71.7349319],"rotationMatrix":[0.261360675,-0.965241134,0,0.965241134,0.261360675,0,0,0,0.999999881],"scale":0.41873163,"type":"desert_rocks_tiny_03"}
{"ctxid":0,"pos":[-1035.90784,2064.45459,71.5353851],"rotationMatrix":[0.28414923,-0.958779991,0,0.958779991,0.28414923,0,0,0,0.999999881],"scale":0.426032275,"type":"desert_rocks_tiny_03"}
{"ctxid":0,"pos":[-1039.28491,2062.49097,71.3421173],"rotationMatrix":[0.0724207014,-0.997374058,0,0.997374058,0.0724207014,0,0,0,0.999999881],"scale":0.231782407,"type":"desert_rocks_tiny_03"}
{"ctxid":0,"pos":[-1038.20508,2061.95923,71.5303192],"rotationMatrix":[-0.260932297,-0.965357006,0,0.965357006,-0.260932297,0,0,0,0.999999881],"scale":0.252526641,"type":"desert_rocks_tiny_03"}
{"ctxid":0,"pos":[-1040.73828,2062.54956,71.2666168],"rotationMatrix":[0.696901023,0.717167318,0,-0.717167318,0.696901023,0,0,0,0.999999881],"scale":0.34351334,"type":"desert_rocks_tiny_03"}
{"ctxid":0,"pos":[-1040.70776,2061.97412,71.4373779],"rotationMatrix":[0.696280241,-0.717769861,0,0.717769861,0.696280241,0,0,0,0.999999881],"scale":0.35799706,"type":"desert_rocks_tiny_03"}
{"ctxid":0,"pos":[-1041.40869,2061.45581,71.5337524],"rotationMatrix":[0.979703844,0.200450093,0,-0.200450093,0.979703844,0,0,0,0.999999881],"scale":0.203230187,"type":"desert_rocks_tiny_03"}
{"ctxid":0,"pos":[-1042.55933,2062.2771,71.2027588],"rotationMatrix":[0.058825992,-0.998268127,0,0.998268127,0.058825992,0,0,0,0.999999881],"scale":0.386851728,"type":"desert_rocks_tiny_03"}
{"ctxid":0,"pos":[-1042.04761,2061.70093,71.4116669],"rotationMatrix":[0.944039524,-0.329832196,0,0.329832196,0.944039524,0,0,0,0.999999881],"scale":0.256976575,"type":"desert_rocks_tiny_03"}
{"ctxid":0,"pos":[-1042.05945,2062.75977,71.1009598],"rotationMatrix":[-0.546545029,0.837429464,0,-0.837429464,-0.546545029,0,0,0,0.999999881],"scale":0.372926533,"type":"desert_rocks_tiny_03"}
{"ctxid":0,"pos":[-1040.61584,2061.58813,71.5516815],"rotationMatrix":[-0.0938385502,-0.995587349,0,0.995587349,-0.0938385502,0,0,0,0.999999881],"scale":0.218162209,"type":"desert_rocks_tiny_03"}
{"ctxid":0,"pos":[-1041.53137,2061.94556,71.3807983],"rotationMatrix":[0.455088735,0.890446126,0,-0.890446126,0.455088735,0,0,0,0.999999881],"scale":0.187863827,"type":"desert_rocks_tiny_03"}
{"ctxid":0,"pos":[-1044.72522,2060.75586,71.4770584],"rotationMatrix":[0.659023523,-0.752122104,0,0.752122104,0.659023523,0,0,0,0.999999881],"scale":0.197487772,"type":"desert_rocks_tiny_03"}
{"ctxid":0,"pos":[-1045.06006,2061.23926,71.3092346],"rotationMatrix":[-0.849299431,0.527911365,0,-0.527911365,-0.849299431,0,0,0,0.999999881],"scale":0.248171479,"type":"desert_rocks_tiny_03"}
{"ctxid":0,"pos":[-1043.70459,2061.15332,71.4412384],"rotationMatrix":[0.983657181,-0.180051073,0,0.180051073,0.983657181,0,0,0,0.999999881],"scale":0.283072501,"type":"desert_rocks_tiny_03"}
{"ctxid":0,"pos":[-1043.55896,2060.58691,71.6184311],"rotationMatrix":[0.504232943,0.86356765,0,-0.86356765,0.504232943,0,0,0,0.999999881],"scale":0.377515227,"type":"desert_rocks_tiny_03"}
{"ctxid":0,"pos":[-1043.88989,2060.52515,71.6104126],"rotationMatrix":[-0.815622747,-0.578584075,0,0.578584075,-0.815622747,0,0,0,0.999999881],"scale":0.270191878,"type":"desert_rocks_tiny_03"}
{"ctxid":0,"pos":[-1042.401,2061.49438,71.4442368],"rotationMatrix":[0.183416978,0.983035147,0,-0.983035147,0.183416978,0,0,0,0.999999881],"scale":0.285131097,"type":"desert_rocks_tiny_03"}
{"ctxid":0,"pos":[-1043.11096,2060.70264,71.6198959],"rotationMatrix":[-0.375080526,-0.926992238,0,0.926992238,-0.375080526,0,0,0,0.999999881],"scale":0.219836414,"type":"desert_rocks_tiny_03"}
{"ctxid":0,"pos":[-1045.56165,2060.1814,71.5791779],"rotationMatrix":[0.990504742,-0.137477815,0,0.137477815,0.990504742,0,0,0,0.999999881],"scale":0.305116206,"type":"desert_rocks_tiny_03"}
{"ctxid":0,"pos":[-1044.10925,2061.64478,71.2655487],"rotationMatrix":[-0.963501871,0.267701477,0,-0.267701477,-0.963501871,0,0,0,0.999999881],"scale":0.338309675,"type":"desert_rocks_tiny_03"}
{"ctxid":0,"pos":[-1048.08386,2059.64429,71.5358734],"rotationMatrix":[0.394084573,-0.919074059,0,0.919074059,0.394084573,0,0,0,0.999999881],"scale":0.206946984,"type":"desert_rocks_tiny_03"}
{"ctxid":0,"pos":[-1047.10242,2060.68164,71.3113403],"rotationMatrix":[-0.698146522,0.715954602,0,-0.715954602,-0.698146522,0,0,0,0.999999881],"scale":0.201184675,"type":"desert_rocks_tiny_03"}
{"ctxid":0,"pos":[-1052.59155,2059.71484,71.1153717],"rotationMatrix":[-0.988005579,0.154417366,0,-0.154417366,-0.988005579,0,0,0,0.999999881],"scale":0.326273233,"type":"desert_rocks_tiny_03"}
{"ctxid":0,"pos":[-1053.42896,2059.05127,71.2086563],"rotationMatrix":[0.99700433,0.0773451179,0,-0.0773451179,0.99700433,0,0,0,0.999999881],"scale":0.217600405,"type":"desert_rocks_tiny_03"}
{"ctxid":0,"pos":[-1051.81323,2058.64429,71.4388809],"rotationMatrix":[-0.691040933,-0.722815394,0,0.722815394,-0.691040933,0,0,0,0.999999881],"scale":0.244153902,"type":"desert_rocks_tiny_03"}
{"ctxid":0,"pos":[-1052.8606,2059.39917,71.1702499],"rotationMatrix":[0.935183823,-0.354162365,0,0.354162365,0.935183823,0,0,0,0.999999881],"scale":0.23247081,"type":"desert_rocks_tiny_03"}
{"ctxid":0,"pos":[-1054.85388,2058.84668,71.1426239],"rotationMatrix":[-0.960506439,-0.278257698,0,0.278257698,-0.960506439,0,0,0,0.999999881],"scale":0.303889871,"type":"desert_rocks_tiny_03"}
{"ctxid":0,"pos":[-1054.79028,2060.13208,70.8352814],"rotationMatrix":[0.838370323,0.545101106,0,-0.545101106,0.838370323,0,0,0,0.999999881],"scale":0.231297195,"type":"desert_rocks_tiny_03"}
{"ctxid":0,"pos":[-1055.76172,2059.07251,71.0139618],"rotationMatrix":[0.808165491,-0.588955224,0,0.588955224,0.808165491,0,0,0,0.999999881],"scale":0.376605868,"type":"desert_rocks_tiny_03"}
{"ctxid":0,"pos":[-1055.11926,2057.72168,71.3945923],"rotationMatrix":[0.392731965,0.919652998,0,-0.919652998,0.392731965,0,0,0,0.999999881],"scale":0.427328825,"type":"desert_rocks_tiny_03"}
{"ctxid":0,"pos":[-1057.27319,2056.98193,71.4294739],"rotationMatrix":[0.895047009,0.445971668,0,-0.445971668,0.895047009,0,0,0,0.999999881],"scale":0.32657662,"type":"desert_rocks_tiny_03"}
{"ctxid":0,"pos":[-1058.4823,2057.63184,71.1904984],"rotationMatrix":[0.193229795,0.981153548,0,-0.981153548,0.193229795,0,0,0,0.999999881],"scale":0.422326833,"type":"desert_rocks_tiny_03"}
{"ctxid":0,"pos":[-1057.19763,2059.00513,70.9293671],"rotationMatrix":[0.989868581,-0.141986072,0,0.141986072,0.989868581,0,0,0,0.999999881],"scale":0.275694072,"type":"desert_rocks_tiny_03"}
