{"ctxid":0,"pos":[-349.693237,-235.979294,116.716263],"rotationMatrix":[-1,0,0,0,-1,0,0,0,1],"scale":1.30379999,"type":"eucalyptus_double"}
{"ctxid":0,"pos":[-380.082581,-166.40657,104.474358],"rotationMatrix":[-0.422647119,-0.906294346,0,0.906294346,-0.422647119,0,0,0,1],"scale":1.00979996,"type":"eucalyptus_double"}
{"ctxid":0,"pos":[-356.354004,-265.958008,106.549004],"rotationMatrix":[0.73413372,0.679004908,0,-0.679004908,0.73413372,0,0,0,1],"scale":1.37759995,"type":"eucalyptus_double"}
{"ctxid":0,"pos":[-360.556976,-236.061462,116.204361],"rotationMatrix":[-0.868124425,-0.496346444,0,0.496346444,-0.868124425,0,0,0,0.999999762],"scale":1.37849998,"type":"eucalyptus_double"}
{"ctxid":0,"pos":[-363.722992,-253.936005,108.900246],"rotationMatrix":[-0.450785756,0.892632186,0,-0.892632186,-0.450785756,0,0,0,1],"scale":1.32000005,"type":"eucalyptus_double"}
{"ctxid":0,"pos":[-354.451996,-303.692993,105.258003],"rotationMatrix":[0.576063633,-0.817404866,0,0.817404866,0.576063633,0,0,0,1],"scale":1.38199997,"type":"eucalyptus_double"}
{"ctxid":0,"pos":[-365.822998,-279.088989,103.196999],"rotationMatrix":[0.94462204,-0.328160316,0,0.328160316,0.94462204,0,0,0,1],"scale":1.38769996,"type":"eucalyptus_double"}
{"ctxid":0,"pos":[-370.315002,-263.591003,101.360001],"rotationMatrix":[-0.438207984,-0.898873627,0,0.898873627,-0.438207984,0,0,0,1],"scale":1.06910002,"type":"eucalyptus_double"}
{"ctxid":0,"pos":[-346.035004,-314.498993,112.891998],"rotationMatrix":[-0.988017917,0.154339224,0,-0.154339224,-0.988017917,0,0,0,1],"scale":1.06459999,"type":"eucalyptus_double"}
{"ctxid":0,"pos":[-331.871002,-320.01001,117.936996],"rotationMatrix":[-0.704596519,-0.709608138,0,0.709608138,-0.704596519,0,0,0,1],"scale":1.01279998,"type":"eucalyptus_double"}
{"ctxid":0,"pos":[-348.867004,-319.515015,106.679001],"rotationMatrix":[-0.0293256044,0.999569893,0,-0.999569893,-0.0293256044,0,0,0,1],"scale":1.35650003,"type":"eucalyptus_double"}
{"ctxid":0,"pos":[-336.269012,-320.596985,115.442001],"rotationMatrix":[-0.0617159605,-0.998093724,0,0.998093724,-0.0617159605,0,0,0,1],"scale":1.24389994,"type":"eucalyptus_double"}
{"ctxid":0,"pos":[-327.983002,-368.563995,114.806999],"rotationMatrix":[0.436502695,-0.899702966,0,0.899702966,0.436502695,0,0,0,1],"scale":1.31990004,"type":"eucalyptus_double"}
{"ctxid":0,"pos":[-250.039001,-496.303986,124.313004],"rotationMatrix":[-0.164643288,0.986353159,0,-0.986353159,-0.164643288,0,0,0,1],"scale":1.01999998,"type":"eucalyptus_double"}
{"ctxid":0,"pos":[-276.852997,-458.69101,121.494003],"rotationMatrix":[0.244779587,-0.969578743,0,0.969578743,0.244779587,0,0,0,1],"scale":1.06830001,"type":"eucalyptus_double"}
{"ctxid":0,"pos":[-316.519012,-382.498993,117.642998],"rotationMatrix":[-0.990012527,0.140979424,0,-0.140979424,-0.990012527,0,0,0,1],"scale":1.0704,"type":"eucalyptus_double"}
{"ctxid":0,"pos":[-437.466003,-459.229004,106.414001],"rotationMatrix":[-0.0660918951,0.997813523,0,-0.997813523,-0.0660918951,0,0,0,1],"scale":1.3987,"type":"eucalyptus_double"}
{"ctxid":0,"pos":[-447.027008,-462.316986,107.825996],"rotationMatrix":[-0.823286176,0.567626536,0,-0.567626536,-0.823286176,0,0,0,1],"scale":1.05120003,"type":"eucalyptus_double"}
{"ctxid":0,"pos":[-124.869003,-508.04953,126.158264],"rotationMatrix":[0.955836058,-0.293900371,0,0.293900371,0.955836058,0,0,0,1],"scale":1.31019998,"type":"eucalyptus_double"}
{"ctxid":0,"pos":[-93.5998993,-548.119995,129.42955],"rotationMatrix":[-0.977662802,0.210179552,0,-0.210179552,-0.977662802,0,0,0,1],"scale":1.03050005,"type":"eucalyptus_double"}
{"ctxid":0,"pos":[-121.982002,-661.073975,132.037003],"rotationMatrix":[-0.924329638,0.381594956,0,-0.381594956,-0.924329638,0,0,0,1],"scale":1.22029996,"type":"eucalyptus_double"}
{"ctxid":0,"pos":[-109.592003,-716.383972,127.954002],"rotationMatrix":[-0.083392024,-0.996516824,0,0.996516824,-0.083392024,0,0,0,1],"scale":1.16040003,"type":"eucalyptus_double"}
{"ctxid":0,"pos":[-116.156998,-688.448975,131.095001],"rotationMatrix":[-0.60384047,-0.797105193,0,0.797105193,-0.60384047,0,0,0,1],"scale":1.06449997,"type":"eucalyptus_double"}
{"ctxid":0,"pos":[-109.763,-705.620972,130.432999],"rotationMatrix":[0.0513845682,-0.998678923,0,0.998678923,0.0513845682,0,0,0,1],"scale":1.28680003,"type":"eucalyptus_double"}
{"ctxid":0,"pos":[-100.658997,-724.898987,129.199997],"rotationMatrix":[0.911800027,-0.410634518,0,0.410634518,0.911800027,0,0,0,1],"scale":1.24160004,"type":"eucalyptus_double"}
{"ctxid":0,"pos":[-126.918999,-695.283997,125.418999],"rotationMatrix":[-0.944391966,0.328821868,0,-0.328821868,-0.944391966,0,0,0,1],"scale":1.39339995,"type":"eucalyptus_double"}
{"ctxid":0,"pos":[-78.4969025,-751.085022,130.365997],"rotationMatrix":[-0.450445056,-0.892804146,0,0.892804146,-0.450445056,0,0,0,1],"scale":1.10780001,"type":"eucalyptus_double"}
{"ctxid":0,"pos":[-505.069,-299.480988,100.941002],"rotationMatrix":[-0.82290411,0.568180263,0,-0.568180263,-0.82290411,0,0,0,1],"scale":1.24049997,"type":"eucalyptus_double"}
{"ctxid":0,"pos":[-505.46701,-310.863007,100.264999],"rotationMatrix":[0.586495876,0.809952199,0,-0.809952199,0.586495876,0,0,0,1],"scale":1.35549998,"type":"eucalyptus_double"}
{"ctxid":0,"pos":[-929.836975,-576.317017,105.686996],"rotationMatrix":[0.869950056,0.493139833,0,-0.493139833,0.869950056,0,0,0,1],"scale":0.913500011,"type":"eucalyptus_double"}
{"ctxid":0,"pos":[-206.264999,333.322998,98.3834],"rotationMatrix":[0.347461104,0.937694371,0,-0.937694371,0.347461104,0,0,0,1],"scale":1.07120001,"type":"eucalyptus_double"}
{"ctxid":0,"pos":[-231.25,315.110992,98.4641037],"rotationMatrix":[-0.907495141,-0.420062572,0,0.420062572,-0.907495141,0,0,0,1],"scale":1.27629995,"type":"eucalyptus_double"}
{"ctxid":0,"pos":[-258.852997,295.134003,98.4952011],"rotationMatrix":[0.941654682,-0.336580545,0,0.336580545,0.941654682,0,0,0,1],"scale":1.05809999,"type":"eucalyptus_double"}
{"ctxid":0,"pos":[-873.700989,380.973083,152.669785],"rotationMatrix":[0.0084862709,-0.999963999,0,0.999963999,0.0084862709,0,0,0,1],"scale":1.18949997,"type":"eucalyptus_double"}
{"ctxid":0,"pos":[1005.02002,-158.302002,152.456131],"rotationMatrix":[0.87609756,-0.482133865,0,0.482133865,0.87609756,0,0,0,1],"scale":1.29809999,"type":"eucalyptus_double"}
{"ctxid":0,"pos":[1015.35999,-574.112976,174.059311],"rotationMatrix":[0.135913372,-0.990720749,0,0.990720749,0.135913372,0,0,0,1],"scale":1.3096,"type":"eucalyptus_double"}
{"ctxid":0,"pos":[1016.27002,-562.885986,175.174347],"rotationMatrix":[0.853117943,0.521718085,0,-0.521718085,0.853117943,0,0,0,1],"scale":1.28840005,"type":"eucalyptus_double"}
{"ctxid":0,"pos":[1017.71002,-552.771973,177.375198],"rotationMatrix":[-0.321938038,0.946760714,0,-0.946760714,-0.321938038,0,0,0,1],"scale":1.19210005,"type":"eucalyptus_double"}
{"ctxid":0,"pos":[1017.96997,-544.981018,177.447464],"rotationMatrix":[0.751346469,0.659907937,0,-0.659907937,0.751346469,0,0,0,1],"scale":1.21990001,"type":"eucalyptus_double"}
{"ctxid":0,"pos":[1015.72998,-567.473022,174.960342],"rotationMatrix":[-0.477480412,0.87864238,0,-0.87864238,-0.477480412,0,0,0,1],"scale":1.01139998,"type":"eucalyptus_double"}
{"ctxid":0,"pos":[999.169983,-184.373001,152.933289],"rotationMatrix":[0.991208553,0.132308751,0,-0.132308751,0.991208553,0,0,0,1],"scale":1.18330002,"type":"eucalyptus_double"}
{"ctxid":0,"pos":[997.570007,-176.287003,152.554489],"rotationMatrix":[-0.962180376,-0.272413135,0,0.272413135,-0.962180376,0,0,0,1],"scale":1.1947,"type":"eucalyptus_double"}
{"ctxid":0,"pos":[136.391006,-1020.34003,132.779007],"rotationMatrix":[-0.992407203,0.122995704,0,-0.122995704,-0.992407203,0,0,0,1],"scale":1.32379997,"type":"eucalyptus_double"}
{"ctxid":0,"pos":[124.476997,-1019.90997,131.104004],"rotationMatrix":[-0.23873806,-0.971083999,0,0.971083999,-0.23873806,0,0,0,1],"scale":1.05439997,"type":"eucalyptus_double"}
{"ctxid":0,"pos":[159.771194,-1019.46448,134.393646],"rotationMatrix":[-0.994803429,-0.101814233,0,0.101814233,-0.994803429,0,0,0,1],"scale":1.32860005,"type":"eucalyptus_double"}
{"ctxid":0,"pos":[117.061996,-1022.39001,129.440994],"rotationMatrix":[0.411821365,0.911264598,0,-0.911264598,0.411821365,0,0,0,1],"scale":1.2155,"type":"eucalyptus_double"}
{"ctxid":0,"pos":[106.688004,-1022.65997,129.432007],"rotationMatrix":[-0.103206515,-0.99465996,0,0.99465996,-0.103206515,0,0,0,1],"scale":1.15240002,"type":"eucalyptus_double"}
{"ctxid":0,"pos":[55.8208008,-1023.13,131.723007],"rotationMatrix":[-0.4548769,-0.890554309,0,0.890554309,-0.4548769,0,0,0,1],"scale":1.27629995,"type":"eucalyptus_double"}
{"ctxid":0,"pos":[1018.62,596.25,157.008957],"rotationMatrix":[0.746955037,-0.664874554,0,0.664874554,0.746955037,0,0,0,1],"scale":1.19130003,"type":"eucalyptus_double"}
{"ctxid":0,"pos":[1012.83002,569.810974,157.025085],"rotationMatrix":[-0.990012527,-0.140979424,0,0.140979424,-0.990012527,0,0,0,1],"scale":1.18299997,"type":"eucalyptus_double"}
{"ctxid":0,"pos":[1012.07001,547.518982,158.011139],"rotationMatrix":[0.809285164,-0.587415993,0,0.587415993,0.809285164,0,0,0,1],"scale":1.10119998,"type":"eucalyptus_double"}
{"ctxid":0,"pos":[1004.28003,527.088989,156.665833],"rotationMatrix":[0.987039566,-0.160477087,0,0.160477087,0.987039566,0,0,0,1],"scale":1.11849999,"type":"eucalyptus_double"}
{"ctxid":0,"pos":[1010.35999,433.015991,163.992996],"rotationMatrix":[-0.999200225,0.0399863794,0,-0.0399863794,-0.999200225,0,0,0,1],"scale":1.2902,"type":"eucalyptus_double"}
{"ctxid":0,"pos":[1008.87,499.013,159.908997],"rotationMatrix":[-0.863608241,-0.504163444,0,0.504163444,-0.863608241,0,0,0,1],"scale":1.06519997,"type":"eucalyptus_double"}
{"ctxid":0,"pos":[1007.62,484.294006,159.218002],"rotationMatrix":[-0.972892523,-0.231257737,0,0.231257737,-0.972892523,0,0,0,1],"scale":1.12300003,"type":"eucalyptus_double"}
{"ctxid":0,"pos":[1012.39001,427.734985,166.104996],"rotationMatrix":[-0.838211417,0.545345426,0,-0.545345426,-0.838211417,0,0,0,1],"scale":1.00890005,"type":"eucalyptus_double"}
{"ctxid":0,"pos":[1017.98999,386.479004,159.326782],"rotationMatrix":[0.776353359,-0.630297899,0,0.630297899,0.776353359,0,0,0,1],"scale":1.07679999,"type":"eucalyptus_double"}
{"ctxid":0,"pos":[1019.75,371.195007,160.565002],"rotationMatrix":[0.423262,0.906007349,0,-0.906007349,0.423262,0,0,0,1],"scale":1.04980004,"type":"eucalyptus_double"}
{"ctxid":0,"pos":[1017.40997,356.553986,159.511398],"rotationMatrix":[-0.959803939,0.280671328,0,-0.280671328,-0.959803939,0,0,0,1],"scale":1.29830003,"type":"eucalyptus_double"}
{"ctxid":0,"pos":[793.961975,724.401001,141.765244],"rotationMatrix":[-0.647838593,0.761777639,0,-0.761777639,-0.647838593,0,0,0,1],"scale":1.26719999,"type":"eucalyptus_double"}
{"ctxid":0,"pos":[828.52002,696.033997,144.472565],"rotationMatrix":[-0.670060873,-0.742306173,0,0.742306173,-0.670060873,0,0,0,1],"scale":1.00419998,"type":"eucalyptus_double"}
{"ctxid":0,"pos":[813.713989,689.447998,143.194],"rotationMatrix":[0.20821476,-0.978083134,0,0.978083134,0.20821476,0,0,0,1],"scale":1.18169999,"type":"eucalyptus_double"}
{"ctxid":0,"pos":[757.098022,719.169006,137.393005],"rotationMatrix":[-0.0235942602,-0.999721646,0,0.999721646,-0.0235942602,0,0,0,1],"scale":1.1868,"type":"eucalyptus_double"}
{"ctxid":0,"pos":[756.583008,725.336975,137.746002],"rotationMatrix":[0.932287931,-0.361717045,0,0.361717045,0.932287931,0,0,0,1],"scale":1.25450003,"type":"eucalyptus_double"}
{"ctxid":0,"pos":[827.166992,680.606995,143.45784],"rotationMatrix":[0.288136959,-0.957589209,0,0.957589209,0.288136959,0,0,0,1],"scale":1.15079999,"type":"eucalyptus_double"}
{"ctxid":0,"pos":[834.817017,631.424988,143.980804],"rotationMatrix":[-0.856664538,0.515873909,0,-0.515873909,-0.856664538,0,0,0,1],"scale":1.1063,"type":"eucalyptus_double"}
{"ctxid":0,"pos":[824.437988,662.182007,143.101273],"rotationMatrix":[-0.381121874,0.924524784,0,-0.924524784,-0.381121874,0,0,0,1],"scale":1.24240005,"type":"eucalyptus_double"}
{"ctxid":0,"pos":[838.036011,614.234009,145.495529],"rotationMatrix":[-0.990810513,-0.135257259,0,0.135257259,-0.990810513,0,0,0,1],"scale":1.33969998,"type":"eucalyptus_double"}
{"ctxid":0,"pos":[748.724976,749.120972,132.419449],"rotationMatrix":[-0.662393808,-0.749155819,0,0.749155819,-0.662393808,0,0,0,1],"scale":1.06780005,"type":"eucalyptus_double"}
{"ctxid":0,"pos":[736.47699,741.666992,133.679169],"rotationMatrix":[-0.923937201,-0.38254419,0,0.38254419,-0.923937201,0,0,0,1],"scale":1.05630004,"type":"eucalyptus_double"}
{"ctxid":0,"pos":[710.950989,731.283997,135.320892],"rotationMatrix":[0.959273338,-0.282479495,0,0.282479495,0.959273338,0,0,0,1],"scale":1.27190006,"type":"eucalyptus_double"}
{"ctxid":0,"pos":[491.048004,483.876007,127.20195],"rotationMatrix":[-0.860520482,0.509415865,0,-0.509415865,-0.860520482,0,0,0,1],"scale":0.909799993,"type":"eucalyptus_double"}
{"ctxid":0,"pos":[-536.765686,99.1250381,100.122948],"rotationMatrix":[-0.227226257,0.973841965,0,-0.973841965,-0.227226257,0,0,0,1],"scale":1.25507593,"type":"eucalyptus_double"}
{"ctxid":0,"pos":[-199.978485,385.847198,100.545242],"rotationMatrix":[0.347461104,0.937694371,0,-0.937694371,0.347461104,0,0,0,1],"scale":1.07120001,"type":"eucalyptus_double"}
{"ctxid":0,"pos":[-1273.94348,-572.610413,106.793068],"rotationMatrix":[0.541956961,0.838730395,0.0530450083,-0.833239734,0.528038859,0.163970768,0.10951747,-0.1330643,0.985037982],"scale":0.914173424,"type":"eucalyptus_double"}
{"ctxid":0,"pos":[-1287.94348,-573.146973,108.837936],"rotationMatrix":[0.268201232,0.961008191,0.0673151389,-0.94915235,0.251641691,0.189172328,0.164856881,-0.114628576,0.979633868],"scale":0.962281406,"type":"eucalyptus_double"}
{"ctxid":0,"pos":[-1250.89966,-550.167358,106.447342],"rotationMatrix":[-0.153653145,0.983843505,0.0918824598,-0.981463492,-0.162734985,0.101225242,0.114542313,-0.0746257007,0.990611434],"scale":0.973512173,"type":"eucalyptus_double"}
{"ctxid":0,"pos":[-1252.92688,-516.477905,108.857368],"rotationMatrix":[0.426638365,0.904411554,-0.00438101217,-0.895544887,0.423122764,0.137718275,0.126407728,-0.0548324995,0.990461767],"scale":0.952315092,"type":"eucalyptus_double"}
{"ctxid":0,"pos":[-1247.1167,-499.268097,109.541603],"rotationMatrix":[-0.133011937,0.990500987,-0.0348639898,-0.991011918,-0.132410049,0.0190476887,0.0142504098,0.0370842032,0.999210536],"scale":0.848387241,"type":"eucalyptus_double"}
{"ctxid":0,"pos":[-1247.26965,-486.102142,109.271011],"rotationMatrix":[-0.635899901,-0.770646989,0.0416375026,0.769414485,-0.637247801,-0.0437707081,0.0602651983,0.00420269743,0.998173535],"scale":0.834411681,"type":"eucalyptus_double"}
{"ctxid":0,"pos":[-1238.16919,-490.622803,109.09314],"rotationMatrix":[0.782509148,0.621697307,-0.0342332497,-0.622475982,0.78237921,-0.0201592818,0.0142504107,0.0370841995,0.999210536],"scale":0.844967663,"type":"eucalyptus_double"}
{"ctxid":0,"pos":[-1246.08167,-459.503967,108.499489],"rotationMatrix":[0.0976583958,-0.995127439,0.0135620032,0.993966222,0.0982100964,0.048843246,-0.0499371886,0.00871022418,0.998714387],"scale":0.808333814,"type":"eucalyptus_double"}
{"ctxid":0,"pos":[-1281.49927,-582.860474,106.616882],"rotationMatrix":[-0.101583123,0.985968471,0.132464647,-0.981072307,-0.121351957,0.150899336,0.164856881,-0.114628561,0.979633868],"scale":0.876147151,"type":"eucalyptus_double"}
{"ctxid":0,"pos":[-1286.60181,-575.579102,108.327568],"rotationMatrix":[-0.0600202084,-0.992548645,-0.106039263,0.984489381,-0.0413165092,-0.170508534,0.164856836,-0.114628553,0.979633868],"scale":0.8300246,"type":"eucalyptus_double"}
{"ctxid":0,"pos":[-1303.94958,-602.647461,108.91272],"rotationMatrix":[-0.567980647,-0.818396032,0.0873288065,0.776215255,-0.567921042,-0.273781002,0.273657084,-0.0877163261,0.957819223],"scale":0.924631476,"type":"eucalyptus_double"}
{"ctxid":0,"pos":[-1296.44812,-591.418701,109.180328],"rotationMatrix":[0.0417382717,0.998925209,0.0201521143,-0.978460312,0.0367853045,0.203130573,0.202170968,-0.0281963497,0.978944242],"scale":0.933917522,"type":"eucalyptus_double"}
{"ctxid":0,"pos":[-1295.79456,-587.884888,109.147141],"rotationMatrix":[0.0355035067,0.999139369,0.0214458779,-0.978706419,0.0304202437,0.202998072,0.202170968,-0.0281963572,0.978944242],"scale":0.806021392,"type":"eucalyptus_double"}
{"ctxid":0,"pos":[-1312.25757,-598.466187,111.669296],"rotationMatrix":[0.0175335407,-0.995212257,-0.0961501375,0.961667359,0.0431061387,-0.270808876,0.273656994,-0.0877162665,0.957819223],"scale":0.951677561,"type":"eucalyptus_double"}
{"ctxid":0,"pos":[-1317.21521,-605.678345,112.361237],"rotationMatrix":[0.867943525,-0.422254294,-0.261486828,0.431606919,0.9017542,-0.0235544592,0.245742813,-0.0924155787,0.964919567],"scale":0.954979777,"type":"eucalyptus_double"}
{"ctxid":0,"pos":[-1326.23816,-615.978394,113.436722],"rotationMatrix":[-0.968363166,0.112135381,0.222930357,-0.137961715,-0.984980345,-0.103825673,0.20793955,-0.131296843,0.969289601],"scale":0.818042397,"type":"eucalyptus_double"}
{"ctxid":0,"pos":[-1349.14368,-624.126709,115.716133],"rotationMatrix":[0.606480539,-0.789171219,-0.0969028696,0.768877268,0.613148808,-0.181318253,0.202507019,0.035459578,0.978638589],"scale":0.955509603,"type":"eucalyptus_double"}
{"ctxid":0,"pos":[-1348.93018,-626.935669,115.773727],"rotationMatrix":[0.360060632,-0.932039142,-0.0407352448,0.910685062,0.360618412,-0.201512069,0.202507019,0.0354595706,0.978638589],"scale":0.803592384,"type":"eucalyptus_double"}
{"ctxid":0,"pos":[-1355.44824,-623.169495,116.261948],"rotationMatrix":[-0.883203626,-0.468857318,-0.0111093279,0.468928844,-0.882463694,-0.036915008,0.00750428997,-0.0378129669,0.99925667],"scale":0.838110626,"type":"eucalyptus_double"}
{"ctxid":0,"pos":[-1365.41174,-614.020508,116.682976],"rotationMatrix":[-0.935009599,-0.354563922,-0.00639528362,0.354542166,-0.934266567,-0.0380162485,0.0075042895,-0.0378129669,0.99925667],"scale":0.98397553,"type":"eucalyptus_double"}
{"ctxid":0,"pos":[-1392.56299,-638.647766,119.996284],"rotationMatrix":[-0.99075079,-0.113617957,0.0741844028,0.11432372,-0.993429065,0.00532375509,0.0730920881,0.0137555543,0.997230351],"scale":0.916842699,"type":"eucalyptus_double"}
{"ctxid":0,"pos":[-1391.21533,-636.734619,119.870117],"rotationMatrix":[0.944244802,0.320871443,-0.073778823,-0.321129411,0.946995676,0.00866237469,0.0726477355,0.01551315,0.997237027],"scale":0.820912182,"type":"eucalyptus_double"}
{"ctxid":0,"pos":[-1418.02222,-642.767578,122.018036],"rotationMatrix":[-0.0999428034,0.994968951,0.00692533702,-0.99144882,-0.100171328,0.0836344957,0.0839074552,0.00149255618,0.996472418],"scale":0.93221426,"type":"eucalyptus_double"}
{"ctxid":0,"pos":[-1429.19434,-648.176392,122.966888],"rotationMatrix":[0.468340456,-0.882725596,-0.0381141901,0.879554868,0.469886422,-0.0747662932,0.0839074627,0.00149255618,0.996472418],"scale":0.996777356,"type":"eucalyptus_double"}
{"ctxid":0,"pos":[-1447.47034,-651.086731,124.444489],"rotationMatrix":[-0.339570045,0.939054191,0.0535701364,-0.938120782,-0.342248678,0.0528731681,0.0679850653,-0.0323011167,0.997163296],"scale":0.977770984,"type":"eucalyptus_double"}
{"ctxid":0,"pos":[-1453.60559,-699.751892,122.570671],"rotationMatrix":[0.365159333,-0.901052475,-0.234014899,0.89770627,0.407385707,-0.167810053,0.24653998,-0.14879927,0.957641244],"scale":0.818838596,"type":"eucalyptus_double"}
{"ctxid":0,"pos":[-1454.39258,-703.545654,122.183792],"rotationMatrix":[-0.575021744,-0.817869961,0.0209549963,0.780107915,-0.555830836,-0.287200481,0.24654004,-0.1487993,0.957641244],"scale":0.937274337,"type":"eucalyptus_double"}
{"ctxid":0,"pos":[-1484.35657,-696.020935,125.586746],"rotationMatrix":[0.667779088,0.744332194,-0.00637427345,-0.743443966,0.667357862,0.0438684821,0.0369066484,-0.0245555341,0.999017],"scale":0.86268115,"type":"eucalyptus_double"}
{"ctxid":0,"pos":[-1483.82812,-688.945374,125.618439],"rotationMatrix":[0.843581319,0.535372317,-0.0417972282,-0.531670511,0.843613267,0.0751204938,0.0754781291,-0.0411478914,0.996298075],"scale":0.811835885,"type":"eucalyptus_double"}
{"ctxid":0,"pos":[-1438.61987,-677.857971,123.475266],"rotationMatrix":[0.991904438,0.106928416,-0.068497315,-0.105871119,0.994200349,0.018894624,0.070120424,-0.0114897732,0.997472346],"scale":0.879255176,"type":"eucalyptus_double"}
{"ctxid":0,"pos":[-1606.69397,-802.713562,132.569946],"rotationMatrix":[-0.74721694,-0.663688183,0.0344127715,0.660015225,-0.747147799,-0.0784178972,0.0777564719,-0.0358822495,0.996326447],"scale":0.897026241,"type":"eucalyptus_double"}
{"ctxid":0,"pos":[-1592.73877,-785.150085,131.961746],"rotationMatrix":[0.385237157,0.922682643,0.0157767199,-0.918410182,0.381672382,0.104157239,0.090082556,-0.0546147265,0.994435728],"scale":0.920556962,"type":"eucalyptus_double"}
{"ctxid":0,"pos":[-1597.88623,-803.954651,131.672409],"rotationMatrix":[-0.859827638,0.499644548,0.105124943,-0.501149833,-0.865255237,0.0134843383,0.0976972952,-0.0410891473,0.994367599],"scale":0.987987399,"type":"eucalyptus_double"}
{"ctxid":0,"pos":[-1600.10132,-783.100586,132.751785],"rotationMatrix":[0.558227181,0.829432964,-0.0205724575,-0.823915958,0.557092905,0.103970453,0.0976973027,-0.0410891473,0.994367599],"scale":0.882505655,"type":"eucalyptus_double"}
{"ctxid":0,"pos":[-1601.93176,-797.055298,132.35498],"rotationMatrix":[0.990308404,0.103117719,-0.0930374712,-0.0987140834,0.993820131,0.0507652573,0.0976973027,-0.0410891511,0.994367599],"scale":0.874888062,"type":"eucalyptus_double"}
{"ctxid":0,"pos":[-1610.40283,-802.654053,132.859344],"rotationMatrix":[0.439235091,0.897898197,0.0291756541,-0.897706389,0.437428117,0.0527224839,0.0345771834,-0.0493487343,0.998182893],"scale":0.83992976,"type":"eucalyptus_double"}
{"ctxid":0,"pos":[-1599.32593,-807.825378,131.653915],"rotationMatrix":[0.3733325,0.927696109,0.00165398791,-0.922538877,0.37106812,0.105973333,0.0976973176,-0.0410891585,0.994367599],"scale":0.898742974,"type":"eucalyptus_double"}
{"ctxid":0,"pos":[-1591.8595,-807.341553,130.853363],"rotationMatrix":[-0.992419243,-0.0607896298,0.10680899,0.0512869433,-0.994658947,-0.0895692632,0.111683428,-0.0834123716,0.990236938],"scale":0.921493053,"type":"eucalyptus_double"}
{"ctxid":0,"pos":[-1585.36389,-819.644287,128.683975],"rotationMatrix":[-0.740258455,-0.672296584,0.00586609542,0.667352259,-0.735817313,-0.114950389,0.0815971345,-0.0811782628,0.993353903],"scale":0.903457999,"type":"eucalyptus_double"}
{"ctxid":0,"pos":[-1592.49341,-804.85907,131.105194],"rotationMatrix":[0.980579317,0.174703121,-0.0891235322,-0.170057118,0.983763456,0.0573591925,0.0976973027,-0.0410891436,0.994367599],"scale":0.873911023,"type":"eucalyptus_double"}
{"ctxid":0,"pos":[-1571.70483,-818.201111,127.567116],"rotationMatrix":[0.671186805,-0.692627907,-0.264149189,0.723800778,0.689276993,0.0317737907,0.160064548,-0.21251756,0.963958323],"scale":0.945448399,"type":"eucalyptus_double"}
{"ctxid":0,"pos":[-1566.39075,-817.995239,126.730103],"rotationMatrix":[-0.6207335,0.73762989,0.265692711,-0.767508864,-0.640889168,-0.013848342,0.160064563,-0.212517619,0.963958323],"scale":0.938719153,"type":"eucalyptus_double"}
{"ctxid":0,"pos":[-1599.09497,-859.86322,128.338043],"rotationMatrix":[0.207208514,0.975925624,0.0680704489,-0.963312924,0.191408992,0.188123971,0.170565754,-0.10455402,0.979783535],"scale":0.920559585,"type":"eucalyptus_double"}
{"ctxid":0,"pos":[-1598.00281,-840.036011,128.049637],"rotationMatrix":[0.994456053,0.0784007087,-0.0700751096,-0.0718334839,0.993185341,0.0917758122,0.076792866,-0.0862332657,0.993310988],"scale":0.826758742,"type":"eucalyptus_double"}
{"ctxid":0,"pos":[-1620.61475,-847.798035,130.03891],"rotationMatrix":[-0.694819093,0.718289852,0.0358574763,-0.713000417,-0.694512248,0.0963476002,0.0941089764,0.0413777679,0.994701624],"scale":0.83760035,"type":"eucalyptus_double"}
{"ctxid":0,"pos":[-1785.85828,-955.143066,166.941071],"rotationMatrix":[-0.315553904,-0.939228117,0.135188818,0.872045219,-0.343204975,-0.348922968,0.374115765,0.00778672099,0.927349329],"scale":0.872597337,"type":"eucalyptus_double"}
{"ctxid":0,"pos":[-1770.57117,-951.626038,160.722198],"rotationMatrix":[-0.00288796425,0.997447252,-0.0713483766,-0.96047771,0.0170925856,0.277831405,0.278341711,0.0693309233,0.95797658],"scale":0.927137852,"type":"eucalyptus_double"}
{"ctxid":0,"pos":[-1783.52185,-951.115662,165.754486],"rotationMatrix":[0.702878594,-0.659346104,-0.266878754,0.57083106,0.746714532,-0.341422379,0.424397796,0.0876358002,0.901224971],"scale":0.935708046,"type":"eucalyptus_double"}
{"ctxid":0,"pos":[-1748.47522,-935.046021,155.044418],"rotationMatrix":[0.235905766,0.971535325,-0.0216216817,-0.941838145,0.234061718,0.241155505,0.239351928,-0.0365258455,0.9702456],"scale":0.895457864,"type":"eucalyptus_double"}
{"ctxid":0,"pos":[-1748.69934,-958.523682,155.87001],"rotationMatrix":[0.598038197,-0.800311744,-0.0430266485,0.772422493,0.589855731,-0.235443398,0.213807642,0.107569382,0.970935166],"scale":0.842863679,"type":"eucalyptus_double"}
{"ctxid":0,"pos":[-1750.6488,-953.993713,155.834137],"rotationMatrix":[-0.966964006,0.18290998,0.177550197,-0.16295971,-0.979158282,0.1212143,0.19602108,0.0882763565,0.976618171],"scale":0.953747451,"type":"eucalyptus_double"}
{"ctxid":0,"pos":[-1749.54077,-955.576599,155.754837],"rotationMatrix":[-0.975403905,0.119938657,0.184936181,-0.100808769,-0.988848448,0.109615631,0.196021065,0.088276349,0.976618171],"scale":0.800503314,"type":"eucalyptus_double"}
{"ctxid":0,"pos":[-1742.9325,-961.651733,154.9776],"rotationMatrix":[-0.819811225,0.561207831,0.11382024,-0.538038075,-0.822953701,0.182378531,0.196021065,0.0882763565,0.976618171],"scale":0.837106168,"type":"eucalyptus_double"}
{"ctxid":0,"pos":[-1736.64099,-948.226074,152.501251],"rotationMatrix":[-0.361913323,-0.919113576,0.155719697,0.911369383,-0.383975506,-0.148217246,0.19602108,0.0882763565,0.976618171],"scale":0.821836293,"type":"eucalyptus_double"}
{"ctxid":0,"pos":[-1755.51807,-937.15625,156.702393],"rotationMatrix":[0.956953049,0.177838787,-0.229377806,-0.164169088,0.98338151,0.0775195733,0.239351898,-0.0365258381,0.9702456],"scale":0.896457076,"type":"eucalyptus_double"}
{"ctxid":0,"pos":[-1741.44189,-931.315063,152.667923],"rotationMatrix":[0.755369782,0.586806238,-0.291675985,-0.585531056,0.804252088,0.101646058,0.29422754,0.0940049961,0.951101065],"scale":0.94799757,"type":"eucalyptus_double"}
{"ctxid":0,"pos":[-1745.31274,-933.355164,154.067032],"rotationMatrix":[-0.910583258,-0.274687946,0.308842927,0.290288746,-0.956926823,0.00477863848,0.29422757,0.0940049961,0.951101065],"scale":0.838326931,"type":"eucalyptus_double"}
{"ctxid":0,"pos":[-1756.98755,-926.684143,157.376053],"rotationMatrix":[0.82798934,0.480123997,-0.289680004,-0.457103968,0.877137959,0.147258103,0.324791491,0.010485746,0.945727527],"scale":0.831642866,"type":"eucalyptus_double"}
{"ctxid":0,"pos":[-1733.62256,-935.218506,150.701401],"rotationMatrix":[0.917562068,-0.379499197,-0.118575782,0.361335099,0.92036736,-0.149535567,0.165881902,0.0943625644,0.98162055],"scale":0.891810179,"type":"eucalyptus_double"}
{"ctxid":0,"pos":[-1750.09802,-943.071899,155.142624],"rotationMatrix":[-0.839841723,0.49365437,0.22576648,-0.4872123,-0.868890405,0.0874811783,0.239351869,-0.0365258455,0.9702456],"scale":0.89571929,"type":"eucalyptus_double"}
{"ctxid":0,"pos":[-1728.49316,-934.14624,149.731522],"rotationMatrix":[-0.568695664,0.822371662,0.0170485377,-0.805648148,-0.561071396,0.190080136,0.165881932,0.0943625793,0.98162055],"scale":0.939364851,"type":"eucalyptus_double"}
{"ctxid":0,"pos":[-1729.08167,-937.575012,150.119232],"rotationMatrix":[-0.0490779877,-0.997100174,0.0581590161,0.978336155,-0.0597163439,-0.198222429,0.201120675,0.0471706763,0.978430092],"scale":0.914824963,"type":"eucalyptus_double"}
{"ctxid":0,"pos":[-1740.41235,-940.539001,152.848587],"rotationMatrix":[0.58022964,-0.795845866,-0.173098475,0.778488517,0.604396701,-0.169293851,0.239351928,-0.0365258455,0.9702456],"scale":0.96296221,"type":"eucalyptus_double"}
{"ctxid":0,"pos":[-1740.7334,-921.680237,151.738403],"rotationMatrix":[-0.938933372,-0.116571546,0.323750764,0.113639683,-0.993126631,-0.0280160271,0.324791461,0.010485745,0.945727527],"scale":0.802300334,"type":"eucalyptus_double"}
{"ctxid":0,"pos":[-1698.02966,-906.69812,142.737152],"rotationMatrix":[0.789988577,0.586276829,-0.179436475,-0.584041297,0.808633685,0.0707617626,0.186584353,0.0488973558,0.981221318],"scale":0.882533133,"type":"eucalyptus_double"}
{"ctxid":0,"pos":[-1681.77576,-912.608948,140.344604],"rotationMatrix":[0.975807548,0.155130759,-0.154058516,-0.159132436,0.987159133,-0.0139160091,0.149921477,0.038095057,0.987963736],"scale":0.91014719,"type":"eucalyptus_double"}
{"ctxid":0,"pos":[-1704.5387,-897.463501,143.75824],"rotationMatrix":[-0.963767052,0.139048502,0.227636307,-0.14448081,-0.989480495,-0.00729260966,0.224227726,-0.0399174616,0.973718941],"scale":0.853632987,"type":"eucalyptus_double"}
{"ctxid":0,"pos":[-1680.90369,-899.748474,139.679855],"rotationMatrix":[0.310560524,-0.950518489,0.00815380365,0.937695265,0.304942131,-0.166545913,0.155818552,0.0593683459,0.986000001],"scale":0.804293692,"type":"eucalyptus_double"}
{"ctxid":0,"pos":[-1696.01526,-896.083435,141.866364],"rotationMatrix":[0.944655776,0.261639655,-0.19791463,-0.244581461,0.963745058,0.106655218,0.2186445,-0.0523462072,0.974399507],"scale":0.997383058,"type":"eucalyptus_double"}
{"ctxid":0,"pos":[-1688.28088,-886.917297,140.62326],"rotationMatrix":[-0.6324085,0.752866328,0.182350591,-0.743138015,-0.656088471,0.131505921,0.218644515,-0.0523462035,0.974399507],"scale":0.896327078,"type":"eucalyptus_double"}
{"ctxid":0,"pos":[-1679.62915,-886.936279,138.707001],"rotationMatrix":[0.961886168,-0.236199111,-0.137785986,0.224712193,0.969889343,-0.0939098075,0.155818567,0.0593683496,0.986000001],"scale":0.943547606,"type":"eucalyptus_double"}
{"ctxid":0,"pos":[-1673.28113,-873.317871,137.191422],"rotationMatrix":[-0.456887364,0.888751507,0.0370777063,-0.878775001,-0.457434297,0.136045367,0.137871131,0.0295744464,0.990008533],"scale":0.835407138,"type":"eucalyptus_double"}
{"ctxid":0,"pos":[-1691.50427,-877.097351,140.342194],"rotationMatrix":[-0.973446488,-0.148134097,0.174522266,0.153556392,-0.987977505,0.0179104991,0.169770911,0.0442339256,0.984490335],"scale":0.844935954,"type":"eucalyptus_double"}
{"ctxid":0,"pos":[-1676.78162,-859.201294,137.327469],"rotationMatrix":[0.99068892,0.0507209897,-0.126343921,-0.0520608053,0.998617053,-0.00732302293,0.125797763,0.0138324052,0.991959453],"scale":0.876963198,"type":"eucalyptus_double"}
{"ctxid":0,"pos":[-1667.67383,-872.200928,136.377167],"rotationMatrix":[0.57269907,0.813135982,-0.10404627,-0.80808866,0.581321955,0.0951707214,0.137871116,0.0295744501,0.990008533],"scale":0.801905394,"type":"eucalyptus_double"}
{"ctxid":0,"pos":[-1628.44189,-878.707642,131.173401],"rotationMatrix":[0.0221382976,0.999440551,-0.0250618979,-0.966132045,0.0278335214,0.256541967,0.257096052,0.0185337439,0.9662081],"scale":0.911991835,"type":"eucalyptus_double"}
{"ctxid":0,"pos":[-1633.6261,-874.608032,132.450592],"rotationMatrix":[-0.955428123,-0.271783829,0.115284026,0.274852216,-0.961419821,0.0113040414,0.10776411,0.0424862728,0.993268251],"scale":0.834550023,"type":"eucalyptus_double"}
{"ctxid":0,"pos":[-1643.63538,-876.28595,133.608307],"rotationMatrix":[-0.613705277,-0.783165812,0.100082964,0.782145858,-0.620359302,-0.0583231077,0.107764095,0.0424862728,0.993268251],"scale":0.923906565,"type":"eucalyptus_double"}
{"ctxid":0,"pos":[-1634.86987,-881.669983,132.887604],"rotationMatrix":[0.0617723465,0.996869862,-0.0493422896,-0.992255509,0.0666738749,0.10480231,0.10776411,0.0424862765,0.993268251],"scale":0.838734984,"type":"eucalyptus_double"}
{"ctxid":0,"pos":[-1643.54431,-880.847107,133.793533],"rotationMatrix":[0.994090736,0.00851859991,-0.108217716,-0.0130590228,0.99906075,-0.0413172096,0.10776411,0.0424862728,0.993268251],"scale":0.885304928,"type":"eucalyptus_double"}
{"ctxid":0,"pos":[-1633.65088,-860.43689,131.847107],"rotationMatrix":[-0.821747065,-0.558526576,0.113045566,0.559569657,-0.828397512,-0.0252761506,0.107764103,0.042486269,0.993268251],"scale":0.98891741,"type":"eucalyptus_double"}
{"ctxid":0,"pos":[-1628.18713,-870.007141,130.938721],"rotationMatrix":[-0.177824259,0.983650982,0.0284485072,-0.949884236,-0.179129243,0.256188571,0.257096112,0.0185337439,0.9662081],"scale":0.845384061,"type":"eucalyptus_double"}
{"ctxid":0,"pos":[-1615.25305,-862.950439,130.032074],"rotationMatrix":[-0.140050411,0.990144312,-7.94641674e-05,-0.986231625,-0.13948977,0.0888235271,0.0879370272,0.0125181489,0.996047378],"scale":0.942247868,"type":"eucalyptus_double"}
{"ctxid":0,"pos":[-1600.85962,-881.165466,124.115723],"rotationMatrix":[0.895935178,-0.313783169,-0.314388871,0.3366099,0.94143945,0.019634299,0.289817154,-0.123417459,0.949091196],"scale":0.829355836,"type":"eucalyptus_double"}
{"ctxid":0,"pos":[-1613.00281,-875.540955,128.555206],"rotationMatrix":[-0.794902205,-0.583336592,0.16687797,0.533043981,-0.802798867,-0.26716578,0.289817095,-0.123417452,0.949091256],"scale":0.910923541,"type":"eucalyptus_double"}
{"ctxid":0,"pos":[-1593.26428,-873.235413,123.895416],"rotationMatrix":[-0.220247507,-0.931260705,-0.290248632,0.952888608,-0.141791105,-0.268138587,0.208552286,-0.335631549,0.918617129],"scale":0.939852118,"type":"eucalyptus_double"}
{"ctxid":0,"pos":[-1608.24304,-878.010498,126.780609],"rotationMatrix":[-0.839187503,0.444037139,0.313998163,-0.460184634,-0.887467504,0.0251191705,0.289817095,-0.123417437,0.949091256],"scale":0.97672224,"type":"eucalyptus_double"}
{"ctxid":0,"pos":[-1604.77148,-868.308472,128.308014],"rotationMatrix":[0.781290233,-0.507817507,-0.362914532,0.58829546,0.793393254,0.156319126,0.208552331,-0.335631549,0.918617129],"scale":0.881304204,"type":"eucalyptus_double"}
{"ctxid":0,"pos":[-1595.94031,-857.501953,128.040848],"rotationMatrix":[0.647061825,-0.738022625,-0.191399246,0.743113935,0.666626692,-0.0582284704,0.170565754,-0.104554035,0.979783535],"scale":0.887875319,"type":"eucalyptus_double"}
{"ctxid":0,"pos":[-1739.82715,-960.701294,154.268387],"rotationMatrix":[0.167601824,0.978268564,-0.122065574,-0.966170371,0.187610388,0.176966012,0.19602105,0.0882763565,0.976618171],"scale":0.862625062,"type":"eucalyptus_double"}
{"ctxid":0,"pos":[-1723.4552,-949.369202,149.664444],"rotationMatrix":[-0.564488769,0.823776126,0.0523946136,-0.793700099,-0.559120655,0.239633173,0.22669901,0.0936846361,0.969448686],"scale":0.976439357,"type":"eucalyptus_double"}
{"ctxid":0,"pos":[-1737.01624,-957.179504,153.385864],"rotationMatrix":[-0.2328161,-0.963272631,0.133799568,0.952560842,-0.253599882,-0.168269575,0.196021065,0.0882763565,0.976618171],"scale":0.912186265,"type":"eucalyptus_double"}
{"ctxid":0,"pos":[-1740.04089,-957.006104,153.97728],"rotationMatrix":[0.36533457,0.917664647,-0.156275362,-0.910003424,0.387425601,0.147631243,0.19602105,0.0882763565,0.976618171],"scale":0.836716056,"type":"eucalyptus_double"}
{"ctxid":0,"pos":[-1688.70349,-961.664795,142.121506],"rotationMatrix":[0.961877286,-0.0433522351,-0.270023406,0.0413674228,0.999058902,-0.0130397901,0.270334601,0.00137250545,0.962765455],"scale":0.803489625,"type":"eucalyptus_double"}
{"ctxid":0,"pos":[-1693.67944,-955.980042,143.51059],"rotationMatrix":[-0.46664691,0.874869704,0.129782438,-0.842116237,-0.484356165,0.237148017,0.270334572,0.0013725087,0.962765455],"scale":0.824490488,"type":"eucalyptus_double"}
{"ctxid":0,"pos":[-1679.53381,-974.155457,139.278091],"rotationMatrix":[-0.636560559,0.739516318,0.218874186,-0.713142097,-0.672468066,0.198026776,0.293629974,-0.0300323442,0.955447257],"scale":0.984271586,"type":"eucalyptus_double"}
{"ctxid":0,"pos":[-1681.83691,-966.927246,140.24234],"rotationMatrix":[-0.543898821,-0.829754531,0.125223637,0.806894243,-0.558112383,-0.193472922,0.230423957,-0.00418750197,0.97308135],"scale":0.829610944,"type":"eucalyptus_double"}
{"ctxid":0,"pos":[-1666.73889,-964.489746,135.717682],"rotationMatrix":[0.951483965,-0.0482167304,-0.303897113,0.0708001554,0.995452464,0.0637312606,0.299442202,-0.0821552351,0.950570822],"scale":0.874907851,"type":"eucalyptus_double"}
{"ctxid":0,"pos":[-1676.60583,-976.185486,138.314453],"rotationMatrix":[-0.753528595,0.607745171,0.250679106,-0.588196993,-0.793563724,0.155821979,0.293629974,-0.0300323516,0.955447257],"scale":0.837817729,"type":"eucalyptus_double"}
{"ctxid":0,"pos":[-1670.73364,-969.456299,136.721313],"rotationMatrix":[0.652111053,-0.724528015,-0.223181993,0.698950946,0.688590646,-0.193158746,0.293629974,-0.0300323516,0.955447257],"scale":0.96532619,"type":"eucalyptus_double"}
{"ctxid":0,"pos":[-1653.22827,-964.534485,128.259949],"rotationMatrix":[0.73476541,0.581457376,-0.349323779,-0.402899444,0.788402736,0.464858234,0.545703053,-0.200819388,0.81355989],"scale":0.851776004,"type":"eucalyptus_double"}
{"ctxid":0,"pos":[-1669.81995,-956.567688,137.372925],"rotationMatrix":[-0.814543128,0.49679181,0.299528122,-0.496843606,-0.863972306,0.0818414614,0.299442232,-0.0821552351,0.950570822],"scale":0.981058657,"type":"eucalyptus_double"}
{"ctxid":0,"pos":[-1671.71472,-960.019104,137.671509],"rotationMatrix":[0.677456319,0.719856799,-0.151192337,-0.671853602,0.689243555,0.271212101,0.299442232,-0.0821552426,0.950570822],"scale":0.901257277,"type":"eucalyptus_double"}
{"ctxid":0,"pos":[-1654.59094,-956.595886,130.837982],"rotationMatrix":[0.523389101,-0.721978188,-0.452560842,0.670464516,0.676718891,-0.304185569,0.525871813,-0.144218594,0.838248074],"scale":0.803391933,"type":"eucalyptus_double"}
{"ctxid":0,"pos":[-1660.0564,-972.42749,131.326263],"rotationMatrix":[0.588088095,0.763965428,-0.265535653,-0.583267152,0.628038764,0.515137553,0.56031394,-0.148067966,0.814938068],"scale":0.946378648,"type":"eucalyptus_double"}
{"ctxid":0,"pos":[-1660.85938,-958.767761,134.360092],"rotationMatrix":[-0.0706689507,-0.997499704,0,0.997499704,-0.0706689507,0,0,0,0.999999881],"scale":0.812820077,"type":"eucalyptus_double"}
{"ctxid":0,"pos":[-1640.73755,-971.029968,118.297432],"rotationMatrix":[-0.0369767882,0.999316037,0,-0.999316037,-0.0369767882,0,0,0,0.999999881],"scale":0.895682395,"type":"eucalyptus_double"}
{"ctxid":0,"pos":[-1642.83496,-956.404358,123.29538],"rotationMatrix":[0.984972179,0.172712445,0,-0.172712445,0.984972179,0,0,0,0.999999881],"scale":0.892985463,"type":"eucalyptus_double"}
{"ctxid":0,"pos":[-1648.01526,-964.704956,124.721191],"rotationMatrix":[-0.759228885,-0.650823474,0,0.650823474,-0.759228885,0,0,0,0.999999881],"scale":0.856838048,"type":"eucalyptus_double"}
{"ctxid":0,"pos":[-1650.10681,-970.398499,124.854042],"rotationMatrix":[-0.882301271,0.470685065,0,-0.470685065,-0.882301271,0,0,0,0.999999881],"scale":0.865101397,"type":"eucalyptus_double"}
{"ctxid":0,"pos":[-1645.6604,-971.138611,121.662415],"rotationMatrix":[0.958690107,0.284452468,0,-0.284452468,0.958690107,0,0,0,0.999999881],"scale":0.991068363,"type":"eucalyptus_double"}
{"ctxid":0,"pos":[-1668.38184,-1012.91437,134.399948],"rotationMatrix":[0.0637094378,-0.987690926,-0.142855331,0.962146401,0.0987983942,-0.253994316,0.264981747,-0.121265925,0.956597745],"scale":0.859121561,"type":"eucalyptus_double"}
{"ctxid":0,"pos":[-1664.71838,-1008.63293,133.927902],"rotationMatrix":[-0.195878863,-0.978144944,-0.0697380453,0.944148123,-0.168897986,-0.282944024,0.264981687,-0.121265903,0.956597745],"scale":0.945592761,"type":"eucalyptus_double"}
{"ctxid":0,"pos":[-1635.0011,-1020.15228,122.571976],"rotationMatrix":[0.460129201,-0.875845432,0.145519271,0.705862403,0.261447608,-0.658333659,0.53855294,0.405635118,0.738526106],"scale":0.907426357,"type":"eucalyptus_double"}
{"ctxid":0,"pos":[-1630.01978,-1022.58679,120.276611],"rotationMatrix":[0.786432028,-0.556621671,-0.267762989,0.302465558,0.72500515,-0.618774652,0.538552999,0.405635089,0.738526106],"scale":0.800546646,"type":"eucalyptus_double"}
{"ctxid":0,"pos":[-1631.7843,-1012.23157,116.850388],"rotationMatrix":[-0.433582306,-0.823531151,0.365791023,0.726738453,-0.559580088,-0.398398817,0.532783151,0.0930957347,0.841115534],"scale":0.857678354,"type":"eucalyptus_double"}
