{"ctxid":0,"pos":[-372.838165,-223.007874,108.853424],"rotationMatrix":[0.401743412,-0.915752172,0,0.915752172,0.401743412,0,0,0,0.999999762],"scale":1.2543,"type":"eucalyptus_tall"}
{"ctxid":0,"pos":[-376.849365,-238.90155,102.71833],"rotationMatrix":[-0.0934247971,0.99562633,0,-0.99562633,-0.0934247971,0,0,0,1],"scale":1.19790006,"type":"eucalyptus_tall"}
{"ctxid":0,"pos":[-379.073151,-194.331787,102.266724],"rotationMatrix":[-0.170144081,-0.985419214,0,0.985419214,-0.170144081,0,0,0,1],"scale":1.15750003,"type":"eucalyptus_tall"}
{"ctxid":0,"pos":[-378.229706,-210.610001,101.540001],"rotationMatrix":[0.993433475,0.114411227,0,-0.114411227,0.993433475,0,0,0,1],"scale":1.32850003,"type":"eucalyptus_tall"}
{"ctxid":0,"pos":[-344.848999,-282.134003,112.792],"rotationMatrix":[-0.577443361,0.816430748,0,-0.816430748,-0.577443361,0,0,0,1],"scale":1.16009998,"type":"eucalyptus_tall"}
{"ctxid":0,"pos":[-304.584015,-432.733002,115.158997],"rotationMatrix":[-0.945969939,-0.324254334,0,0.324254334,-0.945969939,0,0,0,1],"scale":1.30400002,"type":"eucalyptus_tall"}
{"ctxid":0,"pos":[-312.162994,-402.278992,116.925003],"rotationMatrix":[-0.209634542,-0.977779806,0,0.977779806,-0.209634542,0,0,0,1],"scale":1.15069997,"type":"eucalyptus_tall"}
{"ctxid":0,"pos":[-262.677002,-488.138,121.378998],"rotationMatrix":[0.724124074,0.689669728,0,-0.689669728,0.724124074,0,0,0,1],"scale":1.38530004,"type":"eucalyptus_tall"}
{"ctxid":0,"pos":[-270.261993,-474.675995,120.426003],"rotationMatrix":[-0.945180774,-0.326547563,0,0.326547563,-0.945180774,0,0,0,1],"scale":1.05809999,"type":"eucalyptus_tall"}
{"ctxid":0,"pos":[-318.398987,-376.802002,118.177002],"rotationMatrix":[0.78338635,0.621535063,0,-0.621535063,0.78338635,0,0,0,1],"scale":1.11590004,"type":"eucalyptus_tall"}
{"ctxid":0,"pos":[-99.8651962,-541.255005,128.891953],"rotationMatrix":[0.358608723,0.933487952,0,-0.933487952,0.358608723,0,0,0,1],"scale":1.09630001,"type":"eucalyptus_tall"}
{"ctxid":0,"pos":[-32.6239929,-726.122925,138.198914],"rotationMatrix":[-0.215864062,-0.976423442,0,0.976423442,-0.215864062,0,0,0,1],"scale":1.39119995,"type":"eucalyptus_tall"}
{"ctxid":0,"pos":[-100.936996,-648.484985,138.380081],"rotationMatrix":[0.557447672,0.830212057,0,-0.830212057,0.557447672,0,0,0,1],"scale":1.06110001,"type":"eucalyptus_tall"}
{"ctxid":0,"pos":[-116.532997,-683.515015,131.246002],"rotationMatrix":[-0.960200071,-0.279313117,0,0.279313117,-0.960200071,0,0,0,1],"scale":1.12049997,"type":"eucalyptus_tall"}
{"ctxid":0,"pos":[-115.278,-712.807983,126.130997],"rotationMatrix":[0.971630335,-0.236504734,0,0.236504734,0.971630335,0,0,0,1],"scale":1.35249996,"type":"eucalyptus_tall"}
{"ctxid":0,"pos":[-86.6740036,-746.682983,129.044998],"rotationMatrix":[0.947187424,-0.320680499,0,0.320680499,0.947187424,0,0,0,1],"scale":1.20630002,"type":"eucalyptus_tall"}
{"ctxid":0,"pos":[-409.062988,-599.273987,127.042],"rotationMatrix":[-0.612089753,-0.790788293,0,0.790788293,-0.612089753,0,0,0,1],"scale":1.00510001,"type":"eucalyptus_tall"}
{"ctxid":0,"pos":[-430.378998,-899.336975,156.173996],"rotationMatrix":[0.653222084,-0.757166386,0,0.757166386,0.653222084,0,0,0,1],"scale":1.06120002,"type":"eucalyptus_tall"}
{"ctxid":0,"pos":[-416.912994,-890.892029,145.964996],"rotationMatrix":[0.832726717,-0.553684235,0,0.553684235,0.832726717,0,0,0,1],"scale":1.08239996,"type":"eucalyptus_tall"}
{"ctxid":0,"pos":[-461.518005,-879.021973,166.423996],"rotationMatrix":[-0.976072073,-0.217447251,0,0.217447251,-0.976072073,0,0,0,1],"scale":1.08800006,"type":"eucalyptus_tall"}
{"ctxid":0,"pos":[-442.950989,-887.882019,158.522995],"rotationMatrix":[-0.542821765,-0.839847922,0,0.839847922,-0.542821765,0,0,0,1],"scale":1.12800002,"type":"eucalyptus_tall"}
{"ctxid":0,"pos":[-505.040985,-271.625,101.256134],"rotationMatrix":[-0.522512555,0.852631569,0,-0.852631569,-0.522512555,0,0,0,1],"scale":1.01129997,"type":"eucalyptus_tall"}
{"ctxid":0,"pos":[-504.078003,-286.636993,100.761002],"rotationMatrix":[-0.697955966,-0.716140687,0,0.716140687,-0.697955966,0,0,0,1],"scale":1.1789,"type":"eucalyptus_tall"}
{"ctxid":0,"pos":[-502.44101,-303.769989,100.108002],"rotationMatrix":[0.789269686,-0.614046693,0,0.614046693,0.789269686,0,0,0,1],"scale":1.10329998,"type":"eucalyptus_tall"}
{"ctxid":0,"pos":[-558.573975,-307.98999,102.745003],"rotationMatrix":[-0.997200966,-0.0747678652,0,0.0747678652,-0.997200966,0,0,0,1],"scale":1.21930003,"type":"eucalyptus_tall"}
{"ctxid":0,"pos":[-630.26001,-847.471008,141.819],"rotationMatrix":[-0.0227359533,0.999741495,0,-0.999741495,-0.0227359533,0,0,0,1],"scale":1.05050004,"type":"eucalyptus_tall"}
{"ctxid":0,"pos":[-77.3434982,398.846985,94.2134018],"rotationMatrix":[0.633803129,0.773494422,0,-0.773494422,0.633803129,0,0,0,1],"scale":1.00559998,"type":"eucalyptus_tall"}
{"ctxid":0,"pos":[-125.242996,346.191986,99.6540985],"rotationMatrix":[-0.998400331,-0.0565400757,0,0.0565400757,-0.998400331,0,0,0,1],"scale":0.907100022,"type":"eucalyptus_tall"}
{"ctxid":0,"pos":[-216.238998,327.450989,98.3667984],"rotationMatrix":[0.619459152,0.785028875,0,-0.785028875,0.619459152,0,0,0,1],"scale":1.02509999,"type":"eucalyptus_tall"}
{"ctxid":0,"pos":[-276.78299,264.531006,98.2422256],"rotationMatrix":[-0.994803429,-0.101814233,0,0.101814233,-0.994803429,0,0,0,1],"scale":1.02349997,"type":"eucalyptus_tall"}
{"ctxid":0,"pos":[-266.630005,289.230011,97.9832993],"rotationMatrix":[0.556506395,0.830843329,0,-0.830843329,0.556506395,0,0,0,1],"scale":0.829900026,"type":"eucalyptus_tall"}
{"ctxid":0,"pos":[-325.716003,214.360992,98.8202286],"rotationMatrix":[0.966872692,-0.255259067,0,0.255259067,0.966872692,0,0,0,1],"scale":1.20459998,"type":"eucalyptus_tall"}
{"ctxid":0,"pos":[-633.310974,624.903015,98.2919006],"rotationMatrix":[-0.246936321,0.969031692,0,-0.969031692,-0.246936321,0,0,0,1],"scale":1.00769997,"type":"eucalyptus_tall"}
{"ctxid":0,"pos":[-875.925964,570.567688,128.317993],"rotationMatrix":[-0.715692759,-0.698415279,0,0.698415279,-0.715692759,0,0,0,1],"scale":0.825200021,"type":"eucalyptus_tall"}
{"ctxid":0,"pos":[-817.674988,389.182007,144.977005],"rotationMatrix":[-0.998400331,0.0565400757,0,-0.0565400757,-0.998400331,0,0,0,1],"scale":1.31340003,"type":"eucalyptus_tall"}
{"ctxid":0,"pos":[1001.94,-194.412994,153.113831],"rotationMatrix":[-0.94084394,0.338840187,0,-0.338840187,-0.94084394,0,0,0,1],"scale":1.38090003,"type":"eucalyptus_tall"}
{"ctxid":0,"pos":[1001.98999,-163.264999,152.291885],"rotationMatrix":[0.27495122,-0.961458206,0,0.961458206,0.27495122,0,0,0,1],"scale":1.22710001,"type":"eucalyptus_tall"}
{"ctxid":0,"pos":[1016.26001,-571.29303,174.497131],"rotationMatrix":[0.10300374,0.994680941,0,-0.994680941,0.10300374,0,0,0,1],"scale":1.28779995,"type":"eucalyptus_tall"}
{"ctxid":0,"pos":[1017.51001,-538.715027,177.272842],"rotationMatrix":[0.481837988,-0.87626034,0,0.87626034,0.481837988,0,0,0,1],"scale":1.14390004,"type":"eucalyptus_tall"}
{"ctxid":0,"pos":[998.950989,-178.438004,152.709915],"rotationMatrix":[-0.568928957,0.822386682,0,-0.822386682,-0.568928957,0,0,0,1],"scale":1.04840004,"type":"eucalyptus_tall"}
{"ctxid":0,"pos":[922.523987,-199.419006,149.194],"rotationMatrix":[-0.471984863,0.881606638,0,-0.881606638,-0.471984863,0,0,0,1],"scale":0.88193047,"type":"eucalyptus_tall"}
{"ctxid":0,"pos":[825.007996,-218.184006,146.242996],"rotationMatrix":[-0.998000383,-0.0632078722,0,0.0632078722,-0.998000383,0,0,0,1],"scale":0.596899986,"type":"eucalyptus_tall"}
{"ctxid":0,"pos":[923.458008,-253.285995,150.645996],"rotationMatrix":[0.920239806,0.391354948,0,-0.391354948,0.920239806,0,0,0,1],"scale":0.877799988,"type":"eucalyptus_tall"}
{"ctxid":0,"pos":[145.729996,-1019.03998,134.792007],"rotationMatrix":[0.850504875,-0.525967181,0,0.525967181,0.850504875,0,0,0,1],"scale":1.04299998,"type":"eucalyptus_tall"}
{"ctxid":0,"pos":[130.190002,-1019.37,132.358994],"rotationMatrix":[0.775951862,0.630792141,0,-0.630792141,0.775951862,0,0,0,1],"scale":1.05359995,"type":"eucalyptus_tall"}
{"ctxid":0,"pos":[109.376999,-1015.33002,131.419006],"rotationMatrix":[0.999996066,0.00280495943,0,-0.00280495943,0.999996066,0,0,0,1],"scale":1.09909999,"type":"eucalyptus_tall"}
{"ctxid":0,"pos":[174.249802,-1020.17743,135.654648],"rotationMatrix":[-0.72273922,-0.691120863,0,0.691120863,-0.72273922,0,0,0,1],"scale":1.19309998,"type":"eucalyptus_tall"}
{"ctxid":0,"pos":[63.5671005,-1022.10999,132.041],"rotationMatrix":[-0.234963179,0.972004294,0,-0.972004294,-0.234963179,0,0,0,1],"scale":1.19500005,"type":"eucalyptus_tall"}
{"ctxid":0,"pos":[76.1557007,-1021.33002,131.313004],"rotationMatrix":[0.179775715,-0.983707607,0,0.983707607,0.179775715,0,0,0,1],"scale":1.26610005,"type":"eucalyptus_tall"}
{"ctxid":0,"pos":[1019.51001,593.484009,157.254578],"rotationMatrix":[0.839595556,-0.543211997,0,0.543211997,0.839595556,0,0,0,1],"scale":1.07420003,"type":"eucalyptus_tall"}
{"ctxid":0,"pos":[1019.48999,588.505005,157.00528],"rotationMatrix":[0.839255571,-0.543737173,0,0.543737173,0.839255571,0,0,0,1],"scale":1.35669994,"type":"eucalyptus_tall"}
{"ctxid":0,"pos":[1013.19,566.030029,157.517746],"rotationMatrix":[0.982215047,0.187759429,0,-0.187759429,0.982215047,0,0,0,1],"scale":1.0668,"type":"eucalyptus_tall"}
{"ctxid":0,"pos":[790.163025,788.87439,128.440002],"rotationMatrix":[-0.743591428,0.668634295,0,-0.668634295,-0.743591428,0,0,0,1],"scale":1.05599999,"type":"eucalyptus_tall"}
{"ctxid":0,"pos":[776.369019,735.080017,141.035995],"rotationMatrix":[0.865630746,-0.50068295,0,0.50068295,0.865630746,0,0,0,1],"scale":1.1444,"type":"eucalyptus_tall"}
{"ctxid":0,"pos":[784.294983,739.697021,140.748886],"rotationMatrix":[-0.714951992,0.69917357,0,-0.69917357,-0.714951992,0,0,0,1],"scale":1.33039999,"type":"eucalyptus_tall"}
{"ctxid":0,"pos":[793.122009,712.007019,141.337997],"rotationMatrix":[-0.776989579,-0.629513443,0,0.629513443,-0.776989579,0,0,0,1],"scale":1.39189994,"type":"eucalyptus_tall"}
{"ctxid":0,"pos":[754.356018,743.390015,134.822433],"rotationMatrix":[-0.953473926,-0.301475495,0,0.301475495,-0.953473926,0,0,0,1],"scale":1.08580005,"type":"eucalyptus_tall"}
{"ctxid":0,"pos":[816.278992,698.593994,142.40947],"rotationMatrix":[-0.729056001,-0.684454024,0,0.684454024,-0.729056001,0,0,0,1],"scale":1.17050004,"type":"eucalyptus_tall"}
{"ctxid":0,"pos":[836.736023,624.718994,144.743774],"rotationMatrix":[0.0458669662,-0.998947561,0,0.998947561,0.0458669662,0,0,0,1],"scale":1.04429996,"type":"eucalyptus_tall"}
{"ctxid":0,"pos":[841.210022,598.021973,145.626831],"rotationMatrix":[-0.701643467,0.712528229,0,-0.712528229,-0.701643467,0,0,0,1],"scale":1.02569997,"type":"eucalyptus_tall"}
{"ctxid":0,"pos":[729.340027,739.29303,133.806137],"rotationMatrix":[0.228718042,0.973492682,0,-0.973492682,0.228718042,0,0,0,1],"scale":1.28110003,"type":"eucalyptus_tall"}
{"ctxid":0,"pos":[-570.74054,66.9155426,101.067795],"rotationMatrix":[0.0134425163,-0.999909639,0,0.999909639,0.0134425163,0,0,0,1],"scale":1.05973864,"type":"eucalyptus_tall"}
{"ctxid":0,"pos":[-94.5541534,-895.115112,130.36351],"rotationMatrix":[-0.347925723,0.937521935,0,-0.937521935,-0.347925723,0,0,0,0.999999762],"scale":1.24121141,"type":"eucalyptus_tall"}
{"ctxid":0,"pos":[-147.568253,-912.435059,130.685516],"rotationMatrix":[-0.851856828,0.523774683,0,-0.523774683,-0.851856828,0,0,0,1],"scale":1.18510175,"type":"eucalyptus_tall"}
{"ctxid":0,"pos":[-1246.36804,-540.29303,106.667221],"rotationMatrix":[-0.967288136,-0.23558104,0.0940985009,0.226347119,-0.968984962,-0.0991685838,0.114542313,-0.0746257007,0.990611434],"scale":0.817170024,"type":"eucalyptus_tall"}
{"ctxid":0,"pos":[-1244.83289,-520.241089,107.67244],"rotationMatrix":[0.741087198,-0.659614444,-0.125293493,0.66243577,0.748745859,-0.02363199,0.109400988,-0.0654855296,0.991838217],"scale":0.824927449,"type":"eucalyptus_tall"}
{"ctxid":0,"pos":[-1236.43164,-510.998169,107.973022],"rotationMatrix":[0.752626657,-0.64253664,-0.143874198,0.655929923,0.750721216,0.0785718411,0.0575241297,-0.153506652,0.986471832],"scale":0.845822155,"type":"eucalyptus_tall"}
{"ctxid":0,"pos":[-1249.03833,-504.762421,109.678513],"rotationMatrix":[0.525482237,0.84480989,0.100819945,-0.848857641,0.512573838,0.129261985,0.0575241484,-0.153506652,0.986471832],"scale":0.877997994,"type":"eucalyptus_tall"}
{"ctxid":0,"pos":[-1249.0437,-499.885498,109.592003],"rotationMatrix":[0.365866601,-0.930205762,0.029305324,0.930558145,0.365160108,-0.0268236846,0.0142504089,0.0370841995,0.999210536],"scale":0.945865571,"type":"eucalyptus_tall"}
{"ctxid":0,"pos":[-1237.17065,-505.272064,108.907166],"rotationMatrix":[-0.347792864,-0.929291248,-0.124327824,0.935804844,-0.335936069,-0.10684523,0.0575241297,-0.153506637,0.986471832],"scale":0.987160444,"type":"eucalyptus_tall"}
{"ctxid":0,"pos":[-1244.32202,-496.627197,109.403732],"rotationMatrix":[-0.998196006,0.0588160232,0.0120530743,-0.0583226085,-0.997579694,0.0378554538,0.0142504107,0.0370841995,0.999210536],"scale":0.851811945,"type":"eucalyptus_tall"}
{"ctxid":0,"pos":[-1240.40381,-486.149933,108.959],"rotationMatrix":[0.955479562,-0.295045167,-0.00267657312,0.294712991,0.954763353,-0.0396377072,0.0142504107,0.0370841995,0.999210536],"scale":0.913961291,"type":"eucalyptus_tall"}
{"ctxid":0,"pos":[-1293.2218,-575.272705,109.477455],"rotationMatrix":[0.494063199,0.869227707,0.0185667351,-0.853653133,0.480940223,0.19993192,0.164856881,-0.114628553,0.979633868],"scale":0.880625844,"type":"eucalyptus_tall"}
{"ctxid":0,"pos":[-1299.65906,-580.334534,110.162704],"rotationMatrix":[0.546371579,0.83281678,-0.0888488293,-0.812776029,0.552829981,0.183777094,0.202170968,-0.0281963572,0.978944242],"scale":0.880684137,"type":"eucalyptus_tall"}
{"ctxid":0,"pos":[-1307.10071,-592.394287,111.352196],"rotationMatrix":[-0.56606555,0.812332988,0.140301049,-0.79918468,-0.582511425,0.148269176,0.202170968,-0.0281963609,0.978944242],"scale":0.933036804,"type":"eucalyptus_tall"}
{"ctxid":0,"pos":[-1300.17371,-600.806213,108.289017],"rotationMatrix":[0.14978075,-0.961292565,-0.231262028,0.964585483,0.193434894,-0.179325402,0.217118323,-0.19621256,0.956221879],"scale":0.809884012,"type":"eucalyptus_tall"}
{"ctxid":0,"pos":[-1312.38818,-608.818848,110.758522],"rotationMatrix":[-0.932571411,0.219544396,0.28654927,-0.235418871,-0.971651077,-0.0217218511,0.273657024,-0.0877162963,0.957819223],"scale":0.907908678,"type":"eucalyptus_tall"}
{"ctxid":0,"pos":[-1319.22754,-608.388245,112.614182],"rotationMatrix":[-0.737846851,-0.663410008,0.124374263,0.628643215,-0.742527008,-0.231216803,0.245742798,-0.0924155861,0.964919567],"scale":0.819322646,"type":"eucalyptus_tall"}
{"ctxid":0,"pos":[-1345.23743,-616.767334,114.686081],"rotationMatrix":[-0.673066139,-0.736962378,0.0621951818,0.739350736,-0.672575951,0.0316544063,0.018502878,0.067289561,0.997561932],"scale":0.912567735,"type":"eucalyptus_tall"}
{"ctxid":0,"pos":[-1348.75195,-614.282776,115.278381],"rotationMatrix":[0.0723254085,-0.997156382,0.021164462,0.97660625,0.0664944649,-0.204495817,0.202507019,0.035459578,0.978638589],"scale":0.951180458,"type":"eucalyptus_tall"}
{"ctxid":0,"pos":[-1361.45776,-620.744324,116.398849],"rotationMatrix":[0.789949656,0.612928689,0.0172614753,-0.613125741,0.78923291,0.0344699398,0.0075042909,-0.0378129706,0.99925667],"scale":0.931385994,"type":"eucalyptus_tall"}
{"ctxid":0,"pos":[-1360.90417,-627.671509,116.730469],"rotationMatrix":[0.831792235,0.526313901,-0.176395357,-0.540925503,0.839877784,-0.0447760262,0.124584287,0.132661104,0.983300447],"scale":0.851711988,"type":"eucalyptus_tall"}
{"ctxid":0,"pos":[-1368.62622,-634.663757,117.80777],"rotationMatrix":[-0.97435379,0.207389176,0.0873140618,-0.204407662,-0.977988243,0.0419036448,0.094082512,0.0229813233,0.995299101],"scale":0.973649621,"type":"eucalyptus_tall"}
{"ctxid":0,"pos":[-1373.21362,-632.834778,118.180573],"rotationMatrix":[0.866082668,0.490423977,-0.0968764722,-0.491100967,0.870908737,0.0183787663,0.093383953,0.0316586085,0.995126724],"scale":0.933894336,"type":"eucalyptus_tall"}
{"ctxid":0,"pos":[-1392.69592,-631.936035,119.90332],"rotationMatrix":[-0.830457211,0.554662287,0.051869601,-0.55232507,-0.831930876,0.0531779751,0.0726477429,0.0155131537,0.997237027],"scale":0.832872748,"type":"eucalyptus_tall"}
{"ctxid":0,"pos":[-1386.10022,-642.890015,119.581116],"rotationMatrix":[0.996038198,0.0497745313,-0.0736912936,-0.0506503396,0.99866575,-0.0100629339,0.0730920881,0.0137555553,0.997230351],"scale":0.822486877,"type":"eucalyptus_tall"}
{"ctxid":0,"pos":[-1385.09106,-629.234863,119.180634],"rotationMatrix":[0.934963286,-0.34634918,-0.0767195299,0.342232466,0.937571347,-0.0619431026,0.0933839753,0.0316586159,0.995126724],"scale":0.914775252,"type":"eucalyptus_tall"}
{"ctxid":0,"pos":[-1406.81677,-639.333984,121.047096],"rotationMatrix":[-0.857721448,0.511214197,0.0545316599,-0.508955777,-0.85931313,0.050444521,0.0726477355,0.01551315,0.997237027],"scale":0.933341146,"type":"eucalyptus_tall"}
{"ctxid":0,"pos":[-1407.18567,-645.592529,121.168884],"rotationMatrix":[-0.0185030699,0.999735296,-0.013665149,-0.997104466,-0.017442584,0.0740147009,0.0737567618,0.0149950851,0.997163534],"scale":0.926396012,"type":"eucalyptus_tall"}
{"ctxid":0,"pos":[-1444.21692,-652.553345,124.175171],"rotationMatrix":[-0.99539113,-0.0699485615,0.0655984059,0.0676312372,-0.997027159,-0.0369077064,0.0679850504,-0.0323011093,0.997163296],"scale":0.94000268,"type":"eucalyptus_tall"}
{"ctxid":0,"pos":[-1459.91663,-692.355469,123.762497],"rotationMatrix":[0.822085977,-0.56658864,-0.056141302,0.563946843,0.823865891,-0.0566471964,0.0783485621,0.0149081517,0.996814549],"scale":0.824381173,"type":"eucalyptus_tall"}
{"ctxid":0,"pos":[-1461.77307,-696.769226,123.974411],"rotationMatrix":[-0.756035805,-0.650866151,0.0691578463,0.649823904,-0.759045959,-0.039723333,0.0783485696,0.0149081545,0.996814549],"scale":0.892008424,"type":"eucalyptus_tall"}
{"ctxid":0,"pos":[-1476.7002,-703.508606,125.119843],"rotationMatrix":[0.629027486,-0.776230395,-0.0423176512,0.776506484,0.629970908,-0.0132019576,0.0369066522,-0.024555536,0.999017],"scale":0.840444326,"type":"eucalyptus_tall"}
{"ctxid":0,"pos":[-1479.4137,-690.584961,125.268448],"rotationMatrix":[-0.995682955,0.0510814078,0.0774956793,-0.0497633703,-0.998582959,0.0188459512,0.0783485621,0.0149081517,0.996814549],"scale":0.80145967,"type":"eucalyptus_tall"}
{"ctxid":0,"pos":[-1439.9198,-671.930237,123.634926],"rotationMatrix":[-0.982388616,0.172810957,0.0710506737,-0.173190519,-0.9848876,0.000830152538,0.0701204091,-0.0114897732,0.997472346],"scale":0.858562827,"type":"eucalyptus_tall"}
{"ctxid":0,"pos":[-1472.76758,-676.229187,125.305695],"rotationMatrix":[-0.290523291,-0.956707776,-0.0175031442,0.95388633,-0.288126707,-0.0841649473,0.0754781365,-0.0411478914,0.996298075],"scale":0.979376554,"type":"eucalyptus_tall"}
{"ctxid":0,"pos":[-1461.17041,-672.981995,124.868607],"rotationMatrix":[-0.684851646,0.724497259,0.0779859424,-0.728642642,-0.681999326,-0.0629021898,0.00761390105,-0.0999025628,0.994968116],"scale":0.898468077,"type":"eucalyptus_tall"}
{"ctxid":0,"pos":[-1594.45776,-781.669128,132.304184],"rotationMatrix":[0.852664113,0.518008351,-0.0680528879,-0.515107036,0.855278134,0.0562492535,0.0873417258,-0.012907194,0.996094763],"scale":0.950864196,"type":"eucalyptus_tall"}
{"ctxid":0,"pos":[-1602.90576,-781.363647,133.06456],"rotationMatrix":[0.211180449,0.976933539,0.031679146,-0.974042833,0.207631886,0.0901634544,0.0815061107,-0.0498976074,0.995423019],"scale":0.896945298,"type":"eucalyptus_tall"}
{"ctxid":0,"pos":[-1605.68982,-789.160767,132.979675],"rotationMatrix":[0.971274436,-0.222710207,-0.0838221461,0.224899784,0.974224091,0.0175343491,0.0777564794,-0.0358822532,0.996326447],"scale":0.938538074,"type":"eucalyptus_tall"}
{"ctxid":0,"pos":[-1583.81409,-818.202332,128.693176],"rotationMatrix":[-0.593273163,0.776664257,0.211707368,-0.800239921,-0.597565413,-0.0503207073,0.0874266475,-0.199270576,0.976036787],"scale":0.891635418,"type":"eucalyptus_tall"}
{"ctxid":0,"pos":[-1575.55701,-825.620911,127.189575],"rotationMatrix":[-0.0168999434,-0.990349531,-0.137557,0.987046719,0.00542730093,-0.160340235,0.159539431,-0.13848497,0.977429807],"scale":0.946317315,"type":"eucalyptus_tall"}
{"ctxid":0,"pos":[-1614.00342,-835.029114,129.721313],"rotationMatrix":[-0.0944718122,0.99114114,0.0933485329,-0.992561162,-0.101008415,0.0679659396,0.0767928511,-0.0862332582,0.993310988],"scale":0.986451089,"type":"eucalyptus_tall"}
{"ctxid":0,"pos":[-1616.70532,-837.866516,129.683868],"rotationMatrix":[-0.344752669,-0.937098205,-0.0547003821,0.935546935,-0.338245988,-0.101691619,0.0767928585,-0.0862332582,0.993310988],"scale":0.852911353,"type":"eucalyptus_tall"}
{"ctxid":0,"pos":[-1595.56189,-839.442749,127.903702],"rotationMatrix":[0.682193995,-0.722063541,-0.115045555,0.726603866,0.687047482,-0.00353899226,0.0815971419,-0.0811782628,0.993353903],"scale":0.958514333,"type":"eucalyptus_tall"}
{"ctxid":0,"pos":[-1612.74011,-849.979126,129.384598],"rotationMatrix":[0.582680285,0.80784291,-0.0887323171,-0.807234228,0.587943554,0.0519152731,0.0941089839,0.0413777679,0.994701624],"scale":0.898045063,"type":"eucalyptus_tall"}
{"ctxid":0,"pos":[-1767.93445,-957.940125,160.704468],"rotationMatrix":[0.945352852,0.213794321,-0.246170714,-0.24982357,0.960119128,-0.125536487,0.209514216,0.180175528,0.961062193],"scale":0.921176136,"type":"eucalyptus_tall"}
{"ctxid":0,"pos":[-1781.55286,-946.244934,164.353622],"rotationMatrix":[-0.673543096,0.695756495,0.249523833,-0.605165899,-0.712911129,0.354304075,0.424397826,0.0876358002,0.901224971],"scale":0.814453602,"type":"eucalyptus_tall"}
{"ctxid":0,"pos":[-1781.59497,-949.616211,164.701294],"rotationMatrix":[0.163435221,0.971544206,-0.171437353,-0.89060396,0.2200495,0.397998512,0.424397856,0.0876358151,0.901224971],"scale":0.987820864,"type":"eucalyptus_tall"}
{"ctxid":0,"pos":[-1765.72034,-960.375549,160.678375],"rotationMatrix":[0.81264627,-0.578697562,-0.0686675534,0.543792129,0.795390427,-0.267664313,0.209514201,0.180175528,0.961062193],"scale":0.83591938,"type":"eucalyptus_tall"}
{"ctxid":0,"pos":[-1788.30334,-960.333618,167.971069],"rotationMatrix":[-0.290328026,-0.948715627,0.125091761,0.880764782,-0.316034317,-0.352668792,0.374115765,0.00778672099,0.927349329],"scale":0.97926259,"type":"eucalyptus_tall"}
{"ctxid":0,"pos":[-1767.2655,-946.614868,159.399078],"rotationMatrix":[0.313217402,-0.949419618,-0.0222941637,0.907976031,0.306260347,-0.285978764,0.278341711,0.0693309307,0.95797658],"scale":0.844744205,"type":"eucalyptus_tall"}
{"ctxid":0,"pos":[-1786.26807,-961.374268,167.158722],"rotationMatrix":[0.869943559,0.343503445,-0.353841215,-0.321302921,0.93911916,0.121736057,0.374115795,0.00778672844,0.927349329],"scale":0.847392917,"type":"eucalyptus_tall"}
{"ctxid":0,"pos":[-1788.08179,-949.088074,167.704651],"rotationMatrix":[-0.134742379,-0.978111207,0.158564135,0.895394146,-0.188727379,-0.403300047,0.424397767,0.0876357853,0.901224971],"scale":0.818083107,"type":"eucalyptus_tall"}
{"ctxid":0,"pos":[-1741.95715,-952.949463,153.995224],"rotationMatrix":[0.956181526,0.203663811,-0.210328281,-0.217468783,0.975053012,-0.0444858223,0.19602108,0.0882763565,0.976618171],"scale":0.92192173,"type":"eucalyptus_tall"}
{"ctxid":0,"pos":[-1739.15015,-945.297302,152.740143],"rotationMatrix":[-0.941887736,-0.260123521,0.21256274,0.272805601,-0.961531401,0.0321567431,0.19602108,0.0882763639,0.976618171],"scale":0.991900921,"type":"eucalyptus_tall"}
{"ctxid":0,"pos":[-1736.80029,-939.084839,151.999969],"rotationMatrix":[0.419817805,-0.906715214,-0.0402545929,0.858593643,0.41113317,-0.306245625,0.29422757,0.0940050036,0.951101065],"scale":0.939284563,"type":"eucalyptus_tall"}
{"ctxid":0,"pos":[-1737.99158,-925.335938,151.009583],"rotationMatrix":[0.71565485,-0.681252003,-0.154057533,0.633457303,0.72598809,-0.267718256,0.29422757,0.0940050036,0.951101065],"scale":0.94380343,"type":"eucalyptus_tall"}
{"ctxid":0,"pos":[-1738.50769,-928.656372,151.497437],"rotationMatrix":[-0.946499825,0.166669831,0.276330918,-0.13254337,-0.98152113,0.138014615,0.29422757,0.0940050036,0.951101065],"scale":0.869675338,"type":"eucalyptus_tall"}
{"ctxid":0,"pos":[-1746.17322,-931.057007,154.106079],"rotationMatrix":[-0.555882454,-0.79267776,0.250311702,0.777447224,-0.602349043,-0.180971935,0.29422757,0.0940050036,0.951101065],"scale":0.80530107,"type":"eucalyptus_tall"}
{"ctxid":0,"pos":[-1745.92712,-922.965881,153.536346],"rotationMatrix":[0.695999026,0.674404025,-0.246504605,-0.640387177,0.738288045,0.21174261,0.324791491,0.010485746,0.945727527],"scale":0.911587596,"type":"eucalyptus_tall"}
{"ctxid":0,"pos":[-1751.7373,-904.121277,156.125946],"rotationMatrix":[0.882774949,-0.352403581,-0.310676813,0.346227467,0.935002446,-0.0767912567,0.317545116,-0.039775461,0.947408557],"scale":0.965863645,"type":"eucalyptus_tall"}
{"ctxid":0,"pos":[-1728.14185,-911.18811,148.672302],"rotationMatrix":[0.946980476,-0.211488113,-0.241869286,0.218880698,0.975744247,0.00379308872,0.23520036,-0.0565325096,0.970301449],"scale":0.975204825,"type":"eucalyptus_tall"}
{"ctxid":0,"pos":[-1729.58325,-913.848389,148.866699],"rotationMatrix":[-0.870523691,-0.456260204,0.184431344,0.43228358,-0.888048649,-0.156525493,0.235200405,-0.0565325096,0.97030139],"scale":0.878137827,"type":"eucalyptus_tall"}
{"ctxid":0,"pos":[-1689.39478,-900.212891,141.022797],"rotationMatrix":[-0.882733226,-0.444913,0.151108488,0.445314378,-0.894762874,-0.0330742374,0.149921462,0.038095057,0.987963736],"scale":0.998849332,"type":"eucalyptus_tall"}
{"ctxid":0,"pos":[-1684.65381,-899.016846,140.228439],"rotationMatrix":[-0.614079356,0.78768295,0.0496161804,-0.773709714,-0.613213301,0.159192532,0.155818582,0.0593683533,0.986000001],"scale":0.959951282,"type":"eucalyptus_tall"}
{"ctxid":0,"pos":[-1689.14856,-890.848999,140.60675],"rotationMatrix":[0.293894887,-0.94866091,-0.116910227,0.930494606,0.311932802,-0.192035258,0.2186445,-0.0523461923,0.974399567],"scale":0.903580189,"type":"eucalyptus_tall"}
{"ctxid":0,"pos":[-1681.55103,-910.532227,140.230423],"rotationMatrix":[-0.450068235,0.892350733,0.0338886492,-0.880319178,-0.449731708,0.150927931,0.149921462,0.0380950607,0.987963736],"scale":0.86329627,"type":"eucalyptus_tall"}
{"ctxid":0,"pos":[-1704.91235,-904.087708,143.915848],"rotationMatrix":[-0.950678468,0.260885447,0.167775795,-0.247782558,-0.964130402,0.0951628312,0.186584368,0.0488973632,0.981221318],"scale":0.810157597,"type":"eucalyptus_tall"}
{"ctxid":0,"pos":[-1681.26294,-888.850464,139.080444],"rotationMatrix":[-0.30044353,-0.948050797,0.104562789,0.940985739,-0.31253016,-0.129887089,0.155818582,0.0593683533,0.986000001],"scale":0.914853692,"type":"eucalyptus_tall"}
{"ctxid":0,"pos":[-1684.8252,-887.796936,139.800583],"rotationMatrix":[0.327088237,0.944722414,-0.0226430446,-0.919351816,0.32366538,0.223680198,0.2186445,-0.0523461998,0.974399507],"scale":0.988210738,"type":"eucalyptus_tall"}
{"ctxid":0,"pos":[-1689.96057,-894.803528,140.813385],"rotationMatrix":[-0.0733709335,-0.994739175,0.0714894533,0.985056996,-0.0834830999,-0.150642931,0.155818596,0.0593683645,0.986000001],"scale":0.945151091,"type":"eucalyptus_tall"}
{"ctxid":0,"pos":[-1684.0387,-876.270813,139.017654],"rotationMatrix":[-0.956680298,-0.232361078,0.175415412,0.236516535,-0.971622944,0.00286957622,0.169770911,0.0442339219,0.984490335],"scale":0.954669893,"type":"eucalyptus_tall"}
{"ctxid":0,"pos":[-1674.47241,-864.459045,137.107941],"rotationMatrix":[0.0991514325,-0.995071411,0.00130167976,0.987088561,0.0981904864,-0.126549274,0.125797763,0.0138324089,0.991959453],"scale":0.803386688,"type":"eucalyptus_tall"}
{"ctxid":0,"pos":[-1674.08069,-870.928711,137.2314],"rotationMatrix":[0.817145765,0.561448336,-0.130569905,-0.559700131,0.826983094,0.0532408878,0.137871116,0.0295744482,0.990008533],"scale":0.925835133,"type":"eucalyptus_tall"}
{"ctxid":0,"pos":[-1690.00879,-864.272461,139.508072],"rotationMatrix":[-0.966079831,0.204732493,0.157397345,-0.194594845,-0.977817774,0.0774911344,0.169770911,0.0442339182,0.984490335],"scale":0.949353099,"type":"eucalyptus_tall"}
{"ctxid":0,"pos":[-1669.15015,-884.751221,137.026825],"rotationMatrix":[-0.121669888,-0.990347147,0.0663983598,0.984050989,-0.129101276,-0.122377858,0.129768699,0.0504496731,0.990260005],"scale":0.83556813,"type":"eucalyptus_tall"}
{"ctxid":0,"pos":[-1641.04858,-855.461609,132.566666],"rotationMatrix":[-0.93342948,-0.337308466,0.122196555,0.337939084,-0.941028953,-0.0161604118,0.120441571,0.0262103882,0.992374361],"scale":0.974905074,"type":"eucalyptus_tall"}
{"ctxid":0,"pos":[-1639.36475,-876.281067,133.14476],"rotationMatrix":[-0.335957766,-0.938756824,0.0766041428,0.935691953,-0.34195137,-0.0868907124,0.107764125,0.0424862802,0.993268251],"scale":0.970739067,"type":"eucalyptus_tall"}
{"ctxid":0,"pos":[-1650.48914,-867.037476,134.018188],"rotationMatrix":[0.730597496,0.674454153,-0.106484011,-0.672102034,0.737851262,0.0620830879,0.120441556,0.0262103882,0.992374361],"scale":0.952143013,"type":"eucalyptus_tall"}
{"ctxid":0,"pos":[-1644.73547,-869.508362,133.437759],"rotationMatrix":[-0.741840005,0.668566346,0.0518881381,-0.661861181,-0.74243772,0.103565484,0.10776411,0.0424862802,0.993268251],"scale":0.865386546,"type":"eucalyptus_tall"}
{"ctxid":0,"pos":[-1620.75061,-877.631958,129.918533],"rotationMatrix":[0.786191702,0.617818892,0.0142273121,-0.617588818,0.784660578,0.0537746549,0.0220593885,-0.0510638133,0.99845171],"scale":0.932420373,"type":"eucalyptus_tall"}
{"ctxid":0,"pos":[-1605.02917,-871.241943,127.294724],"rotationMatrix":[0.961582065,0.241807371,-0.129958317,-0.178510278,0.910428822,0.37316674,0.208552286,-0.335631549,0.918617129],"scale":0.940511286,"type":"eucalyptus_tall"}
{"ctxid":0,"pos":[-1611.78967,-862.491394,129.720535],"rotationMatrix":[0.446522713,-0.894328296,-0.0281819273,0.890440524,0.447236061,-0.0842342228,0.0879370272,0.0125181563,0.996047378],"scale":0.899052262,"type":"eucalyptus_tall"}
{"ctxid":0,"pos":[-1607.89807,-865.090698,129.312714],"rotationMatrix":[-0.656668305,-0.753416061,0.0339181796,0.734638333,-0.649178147,-0.197164312,0.170565724,-0.104554012,0.979783535],"scale":0.816286087,"type":"eucalyptus_tall"}
{"ctxid":0,"pos":[-1629.55408,-867.74408,131.259033],"rotationMatrix":[0.901726186,-0.364174336,-0.232952684,0.34755072,0.931146383,-0.110340171,0.257096112,0.0185337439,0.9662081],"scale":0.82244122,"type":"eucalyptus_tall"}
{"ctxid":0,"pos":[-1605.39819,-864.030457,128.990662],"rotationMatrix":[0.751576304,0.656843185,-0.0607456304,-0.637212992,0.746743202,0.190615296,0.170565754,-0.104554027,0.979783535],"scale":0.925839365,"type":"eucalyptus_tall"}
{"ctxid":0,"pos":[-1623.39429,-861.420593,130.731613],"rotationMatrix":[-0.954930782,0.285642743,0.0807171166,-0.283503294,-0.958254218,0.0370725468,0.0879370421,0.0125181517,0.996047378],"scale":0.935616255,"type":"eucalyptus_tall"}
{"ctxid":0,"pos":[-1592.3855,-855.819763,127.601517],"rotationMatrix":[0.308015883,-0.93886584,-0.153808624,0.935966551,0.328023374,-0.127934068,0.170565754,-0.10455402,0.979783535],"scale":0.937483549,"type":"eucalyptus_tall"}
{"ctxid":0,"pos":[-1601.20251,-883.964539,123.856453],"rotationMatrix":[-0.798480749,-0.577906728,0.168676794,0.527668595,-0.806716442,-0.266033769,0.289817095,-0.123417445,0.949091256],"scale":0.812569857,"type":"eucalyptus_tall"}
{"ctxid":0,"pos":[-1734.82764,-945.71936,151.910706],"rotationMatrix":[0.505124867,-0.862728834,-0.0234037638,0.840490699,0.497901738,-0.213703632,0.19602108,0.0882763565,0.976618171],"scale":0.851728916,"type":"eucalyptus_tall"}
{"ctxid":0,"pos":[-1722.90735,-962.459534,150.801331],"rotationMatrix":[-0.906623006,-0.343388349,0.245191723,0.355868071,-0.934509277,0.00709085166,0.226699024,0.0936846361,0.969448686],"scale":0.823423028,"type":"eucalyptus_tall"}
{"ctxid":0,"pos":[-1741.96191,-965.440857,155.15271],"rotationMatrix":[-0.94420588,-0.232136264,0.233639956,0.250521779,-0.966716766,0.0519351512,0.213807672,0.107569382,0.970935166],"scale":0.950545073,"type":"eucalyptus_tall"}
{"ctxid":0,"pos":[-1703.48328,-951.697083,145.538208],"rotationMatrix":[-0.382460475,0.923342466,0.0341015756,-0.901817441,-0.381069303,0.203744203,0.201120719,0.0471706763,0.978430033],"scale":0.83883363,"type":"eucalyptus_tall"}
{"ctxid":0,"pos":[-1707.9491,-956.143372,146.693085],"rotationMatrix":[-0.236765146,0.970805883,-0.0384498835,-0.94474864,-0.220815063,0.242262006,0.226699054,0.0936846361,0.969448686],"scale":0.968414009,"type":"eucalyptus_tall"}
{"ctxid":0,"pos":[-1702.15784,-947.653809,145.137299],"rotationMatrix":[-0.102307081,0.994571865,-0.0189690739,-0.979235113,-0.0973377228,0.177830353,0.175018668,0.0367685258,0.983878314],"scale":0.821913481,"type":"eucalyptus_tall"}
{"ctxid":0,"pos":[-1700.18103,-957.143555,145.140305],"rotationMatrix":[-0.807263255,-0.566721618,0.164780214,0.563643873,-0.823088408,-0.0695049912,0.175018683,0.0367685258,0.983878314],"scale":0.927585959,"type":"eucalyptus_tall"}
{"ctxid":0,"pos":[-1663.08667,-974.821472,132.759018],"rotationMatrix":[0.895932019,0.15228942,-0.417269379,-0.0635744631,0.973683178,0.218859211,0.43961814,-0.169555292,0.882035613],"scale":0.966890574,"type":"eucalyptus_tall"}
{"ctxid":0,"pos":[-1666.02759,-958.819153,135.983704],"rotationMatrix":[0.942810476,-0.127427444,-0.308010817,0.146433517,0.98843956,0.039299652,0.299442232,-0.0821552351,0.950570822],"scale":0.882524133,"type":"eucalyptus_tall"}
{"ctxid":0,"pos":[-1655.65149,-972.600647,128.26619],"rotationMatrix":[0.445782661,0.883148074,-0.146038398,-0.698087335,0.445112646,0.560846388,0.56031394,-0.148067966,0.814938068],"scale":0.882112622,"type":"eucalyptus_tall"}
{"ctxid":0,"pos":[-1657.66858,-976.027039,129.030502],"rotationMatrix":[-0.684388757,0.471426964,0.556208968,-0.466540515,-0.869386077,0.1628111,0.56031394,-0.148067951,0.814938068],"scale":0.978434145,"type":"eucalyptus_tall"}
{"ctxid":0,"pos":[-1650.26855,-955.350952,128.340546],"rotationMatrix":[-0.318556786,-0.947185636,0.0368844718,0.788657069,-0.286426067,-0.544040143,0.525871754,-0.144218579,0.838248074],"scale":0.829743505,"type":"eucalyptus_tall"}
{"ctxid":0,"pos":[-1654.2345,-974.507812,126.945419],"rotationMatrix":[0.62300384,-0.782218754,0,0.782218754,0.62300384,0,0,0,0.999999881],"scale":0.816772699,"type":"eucalyptus_tall"}
{"ctxid":0,"pos":[-1644.80225,-961.714966,123.304085],"rotationMatrix":[0.563441336,-0.826155961,0,0.826155961,0.563441336,0,0,0,0.999999881],"scale":0.837485611,"type":"eucalyptus_tall"}
{"ctxid":0,"pos":[-1658.11072,-960.931152,132.300232],"rotationMatrix":[-0.666790187,-0.745245278,0,0.745245278,-0.666790187,0,0,0,0.999999881],"scale":0.967369795,"type":"eucalyptus_tall"}
{"ctxid":0,"pos":[-1659.10071,-1015.57861,131.491302],"rotationMatrix":[0.823149025,-0.488240093,-0.289909065,0.502205491,0.86424315,-0.029554788,0.264981747,-0.121265933,0.956597745],"scale":0.998824,"type":"eucalyptus_tall"}
{"ctxid":0,"pos":[-1657.00171,-1002.72131,130.437683],"rotationMatrix":[-0.40615654,0.91224438,-0.0533584505,-0.865221679,-0.365121603,0.343624413,0.293987095,0.185732186,0.937590063],"scale":0.894634724,"type":"eucalyptus_tall"}
{"ctxid":0,"pos":[-1649.23682,-996.898193,125.304054],"rotationMatrix":[-0.740212202,0.644354701,0.192073613,-0.524901748,-0.73230648,0.433825672,0.420194477,0.220303416,0.88028574],"scale":0.960826993,"type":"eucalyptus_tall"}
{"ctxid":0,"pos":[-1653.45776,-1005.37579,129.440506],"rotationMatrix":[-0.200714469,-0.923490047,0.326924682,0.88495779,-0.314058065,-0.343827397,0.420194507,0.220303446,0.88028574],"scale":0.958404183,"type":"eucalyptus_tall"}
{"ctxid":0,"pos":[-1646.96716,-1015.0835,127.920555],"rotationMatrix":[0.941956282,-0.134419784,-0.307651877,0.166333243,0.982831061,0.0798522383,0.291636109,-0.126390055,0.94814235],"scale":0.848617613,"type":"eucalyptus_tall"}
{"ctxid":0,"pos":[-1622.2395,-1020.99365,115.681908],"rotationMatrix":[0.805059135,0.488799423,-0.336087644,-0.564697981,0.805005908,-0.181883723,0.181647837,0.336215168,0.924101412],"scale":0.951387942,"type":"eucalyptus_tall"}
{"ctxid":0,"pos":[-1616.05054,-1024.87964,115.879196],"rotationMatrix":[0.930582941,-0.362506807,-0.0510312915,0.317835569,0.869222701,-0.378724694,0.181647852,0.336215198,0.924101412],"scale":0.985209525,"type":"eucalyptus_tall"}
{"ctxid":0,"pos":[-1604.98547,-1032.69214,116.423813],"rotationMatrix":[-0.617689729,0.773302674,-0.143045619,-0.764316678,-0.547489643,0.340697438,0.185146257,0.319777519,0.929227173],"scale":0.962091327,"type":"eucalyptus_tall"}
{"ctxid":0,"pos":[-1611.14282,-1018.41833,112.850891],"rotationMatrix":[-0.914565921,-0.351940334,0.199264959,0.378535688,-0.91837132,0.115343541,0.142405257,0.180918217,0.973133802],"scale":0.853264689,"type":"eucalyptus_tall"}
{"ctxid":0,"pos":[-1619.45654,-1026.91064,117.287643],"rotationMatrix":[0.136454523,-0.939261675,0.314908534,0.973850012,0.06889534,-0.216492891,0.181647837,0.336215138,0.924101412],"scale":0.828667164,"type":"eucalyptus_tall"}
{"ctxid":0,"pos":[-1610.78503,-1038.86951,119.750275],"rotationMatrix":[-0.15699935,-0.916696906,0.367447585,0.9680866,-0.216441631,-0.12633723,0.195343941,0.33588624,0.921423435],"scale":0.8252424,"type":"eucalyptus_tall"}
{"ctxid":0,"pos":[-1573.46948,-1037.7179,108.046143],"rotationMatrix":[-0.285152912,0.957657456,0.0397491753,-0.94792366,-0.28790772,0.136198282,0.141875401,0.0011581406,0.98988384],"scale":0.980970681,"type":"eucalyptus_tall"}
{"ctxid":0,"pos":[-1578.6283,-1031.26416,108.597],"rotationMatrix":[0.879372239,-0.47480166,-0.0356063582,0.466138184,0.873742223,-0.138887256,0.0970546901,0.105536118,0.989667892],"scale":0.825251102,"type":"eucalyptus_tall"}
{"ctxid":0,"pos":[-1593.74414,-1044.42493,115.735428],"rotationMatrix":[0.608366132,-0.791255951,-0.0616833717,0.675147176,0.556815505,-0.483872831,0.41721344,0.252726495,0.87296176],"scale":0.917734623,"type":"eucalyptus_tall"}
{"ctxid":0,"pos":[-1569.30847,-1052.6731,107.46727],"rotationMatrix":[0.149860501,0.988447964,-0.022635255,-0.978474915,0.151555836,0.140062898,0.141875401,0.0011581406,0.98988384],"scale":0.838329732,"type":"eucalyptus_tall"}
{"ctxid":0,"pos":[-1569.54724,-1062.8418,109.613129],"rotationMatrix":[0.844933152,-0.468275636,-0.25846824,0.345242649,0.846561074,-0.405144244,0.408528358,0.253085524,0.876956224],"scale":0.908044696,"type":"eucalyptus_tall"}
{"ctxid":0,"pos":[-1568.33325,-1045.4978,107.319099],"rotationMatrix":[0.544836998,0.834806085,-0.0790656134,-0.826452613,0.550542831,0.117807463,0.141875386,0.00115813687,0.98988384],"scale":0.815197587,"type":"eucalyptus_tall"}
{"ctxid":0,"pos":[-1599.2998,-1084.78296,117.153778],"rotationMatrix":[0.0124284625,-0.995109022,-0.0979981422,0.999921024,0.0121845603,0.00308718905,-0.00187802687,-0.0980287641,0.995181799],"scale":0.998042643,"type":"eucalyptus_tall"}
{"ctxid":0,"pos":[-1614.11963,-1079.57922,120.552803],"rotationMatrix":[-0.484112859,-0.870335996,-0.0902768746,0.856588781,-0.450338006,-0.251895219,0.178578377,-0.199275881,0.963534594],"scale":0.862700582,"type":"eucalyptus_tall"}
{"ctxid":0,"pos":[-1597.28796,-1084.26111,117.208984],"rotationMatrix":[0.30647856,0.94723618,0.0938843191,-0.951875567,0.305178225,0.028264761,-0.00187802687,-0.0980287492,0.995181799],"scale":0.863870919,"type":"eucalyptus_tall"}
{"ctxid":0,"pos":[-1619.15747,-1116.59937,116.75563],"rotationMatrix":[-0.0995030403,-0.993733406,-0.0509187728,0.963614106,-0.0834759474,-0.253927916,0.248086199,-0.0743326768,0.965881944],"scale":0.979876637,"type":"eucalyptus_tall"}
{"ctxid":0,"pos":[-1599.91443,-1108.08228,113.383026],"rotationMatrix":[-0.979415536,0.142050624,0.143408686,-0.155395001,-0.984053969,-0.0865414515,0.128828675,-0.107045077,0.985872447],"scale":0.857654154,"type":"eucalyptus_tall"}
{"ctxid":0,"pos":[-1614.35693,-1112.62524,115.800713],"rotationMatrix":[0.8192873,-0.517050683,-0.247844219,0.515470445,0.853480577,-0.076557368,0.251114279,-0.0650339276,0.965770245],"scale":0.829180956,"type":"eucalyptus_tall"}
