{"ctxid":0,"pos":[-408.971985,-151.932999,101.633003],"rotationMatrix":[0.975313663,-0.220824048,0,0.220824048,0.975313663,0,0,0,1],"scale":1.15980005,"type":"fanpalm_skirt"}
{"ctxid":0,"pos":[-471.294006,-200.278,97.6259003],"rotationMatrix":[0.953670263,0.300853819,0,-0.300853819,0.953670263,0,0,0,1],"scale":1.20019996,"type":"fanpalm_skirt"}
{"ctxid":0,"pos":[-332.484009,-492.17099,108.381493],"rotationMatrix":[-0.970112562,-0.242655352,0,0.242655352,-0.970112562,0,0,0,1],"scale":1.01129997,"type":"fanpalm_skirt"}
{"ctxid":0,"pos":[-477.429993,-287.131989,98.1780014],"rotationMatrix":[0.963927031,-0.266166627,0,0.266166627,0.963927031,0,0,0,1],"scale":1.15840006,"type":"fanpalm_skirt"}
{"ctxid":0,"pos":[-343.072815,-642.887329,125.084061],"rotationMatrix":[-0.656200051,0.754586995,0,-0.754586995,-0.656200051,0,0,0,1],"scale":0.855199993,"type":"fanpalm_skirt"}
{"ctxid":0,"pos":[-382.229218,-564.458801,126.355415],"rotationMatrix":[0.926271915,0.37685585,0,-0.37685585,0.926271915,0,0,0,1],"scale":0.743200004,"type":"fanpalm_skirt"}
{"ctxid":0,"pos":[-570.984009,-206.970993,105.355003],"rotationMatrix":[-0.935331345,0.353772908,0,-0.353772908,-0.935331345,0,0,0,1],"scale":1.1595,"type":"fanpalm_skirt"}
{"ctxid":0,"pos":[-704.85614,-54.4376831,101.908997],"rotationMatrix":[-0.145795226,0.989314795,0,-0.989314795,-0.145795226,0,0,0,1],"scale":1.09389997,"type":"fanpalm_skirt"}
{"ctxid":0,"pos":[-559.630005,-349.136993,104.053001],"rotationMatrix":[0.693925142,0.720047176,0,-0.720047176,0.693925142,0,0,0,1],"scale":1.06260002,"type":"fanpalm_skirt"}
{"ctxid":0,"pos":[-535.183533,-476.807251,118.169998],"rotationMatrix":[0.809285164,0.587415993,0,-0.587415993,0.809285164,0,0,0,1],"scale":1.08159995,"type":"fanpalm_skirt"}
{"ctxid":0,"pos":[-654.073975,-371.574005,108.913002],"rotationMatrix":[-0.156720519,-0.987643003,0,0.987643003,-0.156720519,0,0,0,1],"scale":0.909200013,"type":"fanpalm_skirt"}
{"ctxid":0,"pos":[-764.013,-467.773987,103.324997],"rotationMatrix":[-0.65547204,-0.75521946,0,0.75521946,-0.65547204,0,0,0,1],"scale":0.921599984,"type":"fanpalm_skirt"}
{"ctxid":0,"pos":[-947.469971,-595.705017,105.627998],"rotationMatrix":[0.0516600609,-0.998664737,0,0.998664737,0.0516600609,0,0,0,1],"scale":0.761399984,"type":"fanpalm_skirt"}
{"ctxid":0,"pos":[-78.8932037,701.171997,74.5289001],"rotationMatrix":[-0.0634652376,0.997984052,0,-0.997984052,-0.0634652376,0,0,0,1],"scale":1.23640001,"type":"fanpalm_skirt"}
{"ctxid":0,"pos":[-232.998993,679.176025,75.2153168],"rotationMatrix":[-0.862064123,-0.506799221,0,0.506799221,-0.862064123,0,0,0,1],"scale":1.27209997,"type":"fanpalm_skirt"}
{"ctxid":0,"pos":[-186.820999,679.599976,74.5999985],"rotationMatrix":[-0.818705916,0.574213028,0,-0.574213028,-0.818705916,0,0,0,1],"scale":1.05120003,"type":"fanpalm_skirt"}
{"ctxid":0,"pos":[-178.804001,605.120972,74.5670013],"rotationMatrix":[-0.117811561,-0.993035972,0,0.993035972,-0.117811561,0,0,0,1],"scale":1.02020001,"type":"fanpalm_skirt"}
{"ctxid":0,"pos":[-227.061005,620.552002,74.5615005],"rotationMatrix":[-0.499219418,0.866475582,0,-0.866475582,-0.499219418,0,0,0,1],"scale":1.09000003,"type":"fanpalm_skirt"}
{"ctxid":0,"pos":[-278.977997,684.017029,74.3454971],"rotationMatrix":[0.407039523,-0.913410544,0,0.913410544,0.407039523,0,0,0,1],"scale":1.05929995,"type":"fanpalm_skirt"}
{"ctxid":0,"pos":[-252.065918,562.444092,75.2048721],"rotationMatrix":[-0.402812362,-0.915282607,0,0.915282607,-0.402812362,0,0,0,1],"scale":1.09010005,"type":"fanpalm_skirt"}
{"ctxid":0,"pos":[-446.299011,742.325989,74.5186005],"rotationMatrix":[-0.070477128,-0.997513413,0,0.997513413,-0.070477128,0,0,0,1],"scale":1.29340005,"type":"fanpalm_skirt"}
{"ctxid":0,"pos":[-479.367188,721.145081,74.8166962],"rotationMatrix":[-0.988416791,-0.151763782,0,0.151763782,-0.988416791,0,0,0,1],"scale":0.480346859,"type":"fanpalm_skirt"}
{"ctxid":0,"pos":[-176.391006,438.415985,77.6628036],"rotationMatrix":[0.731062174,0.682310879,0,-0.682310879,0.731062174,0,0,0,1],"scale":1.1681,"type":"fanpalm_skirt"}
{"ctxid":0,"pos":[-196.848007,465.282013,75.0586014],"rotationMatrix":[0.197608829,0.980280936,0,-0.980280936,0.197608829,0,0,0,1],"scale":1.12300003,"type":"fanpalm_skirt"}
{"ctxid":0,"pos":[-189.240005,427.028015,78.4139023],"rotationMatrix":[-0.974879503,-0.222732916,0,0.222732916,-0.974879503,0,0,0,1],"scale":1.03799999,"type":"fanpalm_skirt"}
{"ctxid":0,"pos":[-146.269608,299.941986,91.6152115],"rotationMatrix":[0.667235136,0.744847119,0,-0.744847119,0.667235136,0,0,0,1],"scale":1.21449995,"type":"fanpalm_skirt"}
{"ctxid":0,"pos":[-6.81820011,187.746994,125.905998],"rotationMatrix":[-0.971303701,0.237842634,0,-0.237842634,-0.971303701,0,0,0,1],"scale":1.29050004,"type":"fanpalm_skirt"}
{"ctxid":0,"pos":[-13.3752003,191.544006,125.713997],"rotationMatrix":[0.936204076,0.351456881,0,-0.351456881,0.936204076,0,0,0,1],"scale":1.00510001,"type":"fanpalm_skirt"}
{"ctxid":0,"pos":[-363.29599,391.203003,97.7878036],"rotationMatrix":[0.430989265,0.901803672,-0.0315969102,-0.901924014,0.431602955,0.0158741325,0.0279526711,0.0216564294,0.999374628],"scale":0.950399995,"type":"fanpalm_skirt"}
{"ctxid":0,"pos":[-383.171997,44.3951988,105.658997],"rotationMatrix":[0.611919522,-0.790920019,0,0.790920019,0.611919522,0,0,0,1],"scale":1.17780006,"type":"fanpalm_skirt"}
{"ctxid":0,"pos":[-563.658997,745.414001,76.4522018],"rotationMatrix":[0.0527615547,-0.998607159,0,0.998607159,0.0527615547,0,0,0,1],"scale":1.20840001,"type":"fanpalm_skirt"}
{"ctxid":0,"pos":[-621.143982,688.643982,91.9561081],"rotationMatrix":[-0.321938038,0.946760714,0,-0.946760714,-0.321938038,0,0,0,1],"scale":0.915099978,"type":"fanpalm_skirt"}
{"ctxid":0,"pos":[-667.969971,681.731995,93.0682983],"rotationMatrix":[0.938679934,0.344789773,0,-0.344789773,0.938679934,0,0,0,1],"scale":1.26680005,"type":"fanpalm_skirt"}
{"ctxid":0,"pos":[-785.726868,901.172974,74.3003006],"rotationMatrix":[-0.761564493,-0.648089111,0,0.648089111,-0.761564493,0,0,0,1],"scale":1.04750001,"type":"fanpalm_skirt"}
{"ctxid":0,"pos":[-983.245972,864.796021,74.5273972],"rotationMatrix":[0.626406312,-0.779496729,0,0.779496729,0.626406312,0,0,0,1],"scale":0.918099999,"type":"fanpalm_skirt"}
{"ctxid":0,"pos":[-896.411987,590.83197,125.740997],"rotationMatrix":[0.173873425,0.984768033,0,-0.984768033,0.173873425,0,0,0,1],"scale":1.00929999,"type":"fanpalm_skirt"}
{"ctxid":0,"pos":[-906.086975,585.260986,127.149002],"rotationMatrix":[0.852575541,0.522603989,0,-0.522603989,0.852575541,0,0,0,1],"scale":0.991299987,"type":"fanpalm_skirt"}
{"ctxid":0,"pos":[-817.840027,79.1148987,132.503967],"rotationMatrix":[-0.999599934,-0.0282837879,0,0.0282837879,-0.999599934,0,0,0,1],"scale":1.17770004,"type":"fanpalm_skirt"}
{"ctxid":0,"pos":[-1115.89001,850.448975,95.8602982],"rotationMatrix":[0.781142712,0.624352515,0,-0.624352515,0.781142712,0,0,0,1],"scale":1.17509997,"type":"fanpalm_skirt"}
{"ctxid":0,"pos":[974.086975,874.630005,129.269104],"rotationMatrix":[0.108620524,-0.994083285,0,0.994083285,0.108620524,0,0,0,1],"scale":0.987699986,"type":"fanpalm_skirt"}
{"ctxid":0,"pos":[874.955994,934.893982,123.633003],"rotationMatrix":[0.436502695,0.899702966,0,-0.899702966,0.436502695,0,0,0,1],"scale":1.21609998,"type":"fanpalm_skirt"}
{"ctxid":0,"pos":[977.20697,508.902008,149.856003],"rotationMatrix":[0.831683993,0.555249274,0,-0.555249274,0.831683993,0,0,0,1],"scale":0.918299973,"type":"fanpalm_skirt"}
{"ctxid":0,"pos":[981.054016,507.420013,150.283005],"rotationMatrix":[-0.073405385,-0.997302175,0,0.997302175,-0.073405385,0,0,0,1],"scale":0.985099971,"type":"fanpalm_skirt"}
{"ctxid":0,"pos":[567.429016,970.502014,117.247002],"rotationMatrix":[0.912303209,-0.409515381,0,0.409515381,0.912303209,0,0,0,1],"scale":1.17519999,"type":"fanpalm_skirt"}
{"ctxid":0,"pos":[950.106262,255.972107,157.94722],"rotationMatrix":[0.366962433,-0.930235744,0,0.930235744,0.366962433,0,0,0,1],"scale":0.963800013,"type":"fanpalm_skirt"}
{"ctxid":0,"pos":[106.823997,806.156982,99.2160034],"rotationMatrix":[0.960687876,0.277630687,0,-0.277630687,0.960687876,0,0,0,1],"scale":1.26929998,"type":"fanpalm_skirt"}
{"ctxid":0,"pos":[185.667007,562.77301,102.13681],"rotationMatrix":[-0.951892853,0.306431055,0,-0.306431055,-0.951892853,0,0,0,1],"scale":0.901799977,"type":"fanpalm_skirt"}
{"ctxid":0,"pos":[42.5517998,535.770996,74.235199],"rotationMatrix":[0.956664324,0.291193008,0,-0.291193008,0.956664324,0,0,0,1],"scale":0.974399984,"type":"fanpalm_skirt"}
{"ctxid":0,"pos":[31.2649002,439.050995,107.830002],"rotationMatrix":[-0.638049841,0.769995093,0,-0.769995093,-0.638049841,0,0,0,1],"scale":1.01499999,"type":"fanpalm_skirt"}
{"ctxid":0,"pos":[-594.916138,558.848511,102.376488],"rotationMatrix":[-0.530578792,0.847635627,0,-0.847635627,-0.530578792,0,0,0,1],"scale":1.00547922,"type":"fanpalm_skirt"}
{"ctxid":0,"pos":[300.951202,165.26712,123.454826],"rotationMatrix":[0.512837529,-0.858485699,0,0.858485699,0.512837529,0,0,0,1],"scale":0.96404475,"type":"fanpalm_skirt"}
{"ctxid":0,"pos":[168.391022,682.097656,95.9096527],"rotationMatrix":[-0.0014533872,0.999998927,0,-0.999998927,-0.0014533872,0,0,0,1],"scale":1.07975328,"type":"fanpalm_skirt"}
{"ctxid":0,"pos":[1038.60938,913.004517,119.574982],"rotationMatrix":[-0.968291461,-0.249823123,0,0.249823123,-0.968291461,0,0,0,1],"scale":1.28659379,"type":"fanpalm_skirt"}
{"ctxid":0,"pos":[-1078.6991,-784.930176,107.763474],"rotationMatrix":[0.992096484,-0.125477418,0,0.125477418,0.992096484,0,0,0,1],"scale":0.952139199,"type":"fanpalm_skirt"}
{"ctxid":0,"pos":[-1033.04333,-758.830688,116.298279],"rotationMatrix":[0.37523362,0.926930249,0,-0.926930249,0.37523362,0,0,0,1],"scale":0.962368965,"type":"fanpalm_skirt"}
{"ctxid":0,"pos":[-1134.22437,-666.902771,109.412766],"rotationMatrix":[-0.0479499809,0.99884975,0,-0.99884975,-0.0479499809,0,0,0,1],"scale":1.07288909,"type":"fanpalm_skirt"}
{"ctxid":0,"pos":[-278.05838,-848.292114,136.061859],"rotationMatrix":[-0.918976784,-0.394311607,0,0.394311607,-0.918976784,0,0,0,1],"scale":0.791972935,"type":"fanpalm_skirt"}
{"ctxid":0,"pos":[-307.32486,-807.301025,137.010147],"rotationMatrix":[-0.601931989,-0.798547328,0,0.798547328,-0.601931989,0,0,0,1],"scale":1.0534507,"type":"fanpalm_skirt"}
{"ctxid":0,"pos":[-1202.40784,-857.909729,102.263199],"rotationMatrix":[0.0134486994,-0.99990952,0,0.99990952,0.0134486994,0,0,0,1],"scale":1.1733216,"type":"fanpalm_skirt"}
{"ctxid":0,"pos":[-791.421875,-549.470398,101.550941],"rotationMatrix":[0.950212002,-0.311603814,0,0.311603814,0.950212002,0,0,0,0.999999881],"scale":0.905726016,"type":"fanpalm_skirt"}
{"ctxid":0,"pos":[-223.208755,638.936035,73.6812134],"rotationMatrix":[-0.499219418,0.866475582,0,-0.866475582,-0.499219418,0,0,0,1],"scale":1.09000003,"type":"fanpalm_skirt"}
{"ctxid":0,"pos":[61.0667191,1831.47424,103.658371],"rotationMatrix":[0.978999376,-0.203862831,0,0.203862831,0.978999376,0,0,0,0.999999881],"scale":1.19452059,"type":"fanpalm_skirt"}
{"ctxid":0,"pos":[-1010.97711,1921.73938,92.8295441],"rotationMatrix":[-0.302590638,0.95312053,0,-0.95312053,-0.302590638,0,0,0,0.999999881],"scale":1.07816839,"type":"fanpalm_skirt"}
{"ctxid":0,"pos":[242.241608,1931.3772,73.7615967],"rotationMatrix":[-0.227353781,0.973812163,0,-0.973812163,-0.227353781,0,0,0,0.999999881],"scale":1.06839848,"type":"fanpalm_skirt"}
{"ctxid":0,"pos":[-397.741272,2017.5415,73.6663208],"rotationMatrix":[-0.314098507,-0.949390352,0,0.949390352,-0.314098507,0,0,0,0.999999881],"scale":1.29097593,"type":"fanpalm_skirt"}
{"ctxid":0,"pos":[-983.05957,1837.91602,75.8162689],"rotationMatrix":[0.0649059042,-0.997891247,0,0.997891247,0.0649059042,0,0,0,0.999999881],"scale":1.01530159,"type":"fanpalm_skirt"}
{"ctxid":0,"pos":[-499.938629,1895.83118,82.9170151],"rotationMatrix":[0.945613384,-0.325292379,0,0.325292379,0.945613384,0,0,0,0.999999881],"scale":1.20973825,"type":"fanpalm_skirt"}
{"ctxid":0,"pos":[-487.036255,1897.57922,83.2305298],"rotationMatrix":[-0.413707852,-0.910409689,0,0.910409689,-0.413707852,0,0,0,0.999999881],"scale":1.08182704,"type":"fanpalm_skirt"}
{"ctxid":0,"pos":[550.003479,1914.54431,74.7918472],"rotationMatrix":[-0.888836026,0.458225071,0,-0.458225071,-0.888836026,0,0,0,0.999999881],"scale":0.93047601,"type":"fanpalm_skirt"}
{"ctxid":0,"pos":[-1161.92957,1898.83582,94.4223633],"rotationMatrix":[0.289136887,0.957287729,0,-0.957287729,0.289136887,0,0,0,0.999999881],"scale":1.10521197,"type":"fanpalm_skirt"}
{"ctxid":0,"pos":[-1199.63831,-644.515747,104.696907],"rotationMatrix":[-0.763732731,0.645532429,0,-0.645532429,-0.763732731,0,0,0,0.999999881],"scale":0.668300509,"type":"fanpalm_skirt"}
{"ctxid":0,"pos":[-1180.73682,-616.214233,104.347923],"rotationMatrix":[-0.963440597,0.267921776,0,-0.267921776,-0.963440597,0,0,0,0.999999881],"scale":0.658262789,"type":"fanpalm_skirt"}
{"ctxid":0,"pos":[-1166.39136,-596.295044,104.524757],"rotationMatrix":[-0.880268037,0.474476784,0,-0.474476784,-0.880268037,0,0,0,0.999999881],"scale":0.553058684,"type":"fanpalm_skirt"}
{"ctxid":0,"pos":[204.071075,856.574524,105.899391],"rotationMatrix":[0.692735076,-0.721192122,0,0.721192122,0.692735076,0,0,0,0.999999881],"scale":1.29346454,"type":"fanpalm_skirt"}
{"ctxid":0,"pos":[319.330627,919.301636,102.296417],"rotationMatrix":[-0.249303579,-0.968425333,0,0.968425333,-0.249303579,0,0,0,0.999999881],"scale":1.27814388,"type":"fanpalm_skirt"}
{"ctxid":0,"pos":[256.998047,859.738037,100.784996],"rotationMatrix":[-0.983495831,-0.180930361,0,0.180930361,-0.983495831,0,0,0,0.999999881],"scale":1.09375083,"type":"fanpalm_skirt"}
{"ctxid":0,"pos":[278.369446,878.120605,104.658478],"rotationMatrix":[-0.785589993,0.618747354,0,-0.618747354,-0.785589993,0,0,0,0.999999881],"scale":1.01544619,"type":"fanpalm_skirt"}
{"ctxid":0,"pos":[215.729828,863.168152,103.865707],"rotationMatrix":[-0.490271211,0.871569812,0,-0.871569812,-0.490271211,0,0,0,0.999999881],"scale":0.952727258,"type":"fanpalm_skirt"}
{"ctxid":0,"pos":[203.937744,1755.03821,99.7428894],"rotationMatrix":[-0.999476314,0.032355465,0,-0.032355465,-0.999476314,0,0,0,0.999999881],"scale":1.06650651,"type":"fanpalm_skirt"}
{"ctxid":0,"pos":[-542.810486,1852.6084,90.3078156],"rotationMatrix":[0.780811548,-0.624766469,0,0.624766469,0.780811548,0,0,0,0.999999881],"scale":1.23106444,"type":"fanpalm_skirt"}
{"ctxid":0,"pos":[-208.891998,1646.03613,74.2567062],"rotationMatrix":[-0.744348228,0.667791367,0,-0.667791367,-0.744348228,0,0,0,0.999999881],"scale":0.901482761,"type":"fanpalm_skirt"}
{"ctxid":0,"pos":[-808.455444,1761.63477,72.9231796],"rotationMatrix":[0.522147536,0.852855206,0,-0.852855206,0.522147536,0,0,0,0.999999881],"scale":1.15158987,"type":"fanpalm_skirt"}
{"ctxid":0,"pos":[256.276184,1502.96838,72.5537186],"rotationMatrix":[-0.917357326,-0.398064762,0,0.398064762,-0.917357326,0,0,0,0.999999881],"scale":1.10530376,"type":"fanpalm_skirt"}
{"ctxid":0,"pos":[5.59689522,1608.40405,100.276749],"rotationMatrix":[0.174845144,-0.984595835,0,0.984595835,0.174845144,0,0,0,0.999999881],"scale":1.20983827,"type":"fanpalm_skirt"}
{"ctxid":0,"pos":[-937.489563,1812.32385,73.0830078],"rotationMatrix":[0.170293942,0.985393226,0,-0.985393226,0.170293942,0,0,0,0.999999881],"scale":0.939704418,"type":"fanpalm_skirt"}
{"ctxid":0,"pos":[-633.350647,744.702209,76.1395264],"rotationMatrix":[0.0644854307,-0.997918606,0,0.997918606,0.0644854307,0,0,0,0.999999762],"scale":1.03972006,"type":"fanpalm_skirt"}
{"ctxid":0,"pos":[-652.847717,743.442261,76.1395264],"rotationMatrix":[-0.928183258,-0.372122884,0,0.372122884,-0.928183258,0,0,0,0.999999642],"scale":0.969358683,"type":"fanpalm_skirt"}
{"ctxid":0,"pos":[-652.427246,718.953125,82.9259949],"rotationMatrix":[0.871518016,0.490363449,0,-0.490363449,0.871518016,0,0,0,0.999999881],"scale":1.06161714,"type":"fanpalm_skirt"}
{"ctxid":0,"pos":[-672.032654,717.615051,86.092804],"rotationMatrix":[-0.569075227,-0.822285354,0,0.822285354,-0.569075227,0,0,0,0.999999881],"scale":1.03754306,"type":"fanpalm_skirt"}
{"ctxid":0,"pos":[94.0442886,894.94281,71.746582],"rotationMatrix":[0.960102737,-0.279647142,0,0.279647142,0.960102737,0,0,0,0.999999881],"scale":1.04285419,"type":"fanpalm_skirt"}
{"ctxid":0,"pos":[242.064438,933.402649,71.5264053],"rotationMatrix":[-0.464347333,0.885653019,0,-0.885653019,-0.464347333,0,0,0,0.999999881],"scale":0.983027816,"type":"fanpalm_skirt"}
{"ctxid":0,"pos":[148.88327,853.276062,99.7357635],"rotationMatrix":[-0.705816269,0.708394647,0,-0.708394647,-0.705816269,0,0,0,0.999999881],"scale":1.16698802,"type":"fanpalm_skirt"}
{"ctxid":0,"pos":[127.496033,827.306519,100.352654],"rotationMatrix":[0.990500927,0.137505546,0,-0.137505546,0.990500927,0,0,0,0.999999881],"scale":1.01519704,"type":"fanpalm_skirt"}
{"ctxid":0,"pos":[362.593964,1596.98828,74.5195389],"rotationMatrix":[0.976025164,0.217657283,0,-0.217657283,0.976025164,0,0,0,0.999999881],"scale":1.23811781,"type":"fanpalm_skirt"}
{"ctxid":0,"pos":[563.928406,1911.34692,74.8048782],"rotationMatrix":[0.511686563,0.859172225,0,-0.859172225,0.511686563,0,0,0,0.999999881],"scale":1.20364261,"type":"fanpalm_skirt"}
{"ctxid":0,"pos":[275.660858,-189.487167,144.145554],"rotationMatrix":[-0.0904517248,0.99590075,0,-0.99590075,-0.0904517248,0,0,0,0.999999881],"scale":0.932891905,"type":"fanpalm_skirt"}
{"ctxid":0,"pos":[-1144.66492,1892.55664,94.173027],"rotationMatrix":[-0.998185635,0.0602101088,0,-0.0602101088,-0.998185635,0,0,0,0.999999881],"scale":1.10909986,"type":"fanpalm_skirt"}
{"ctxid":0,"pos":[-571.895447,-432.625549,114.912552],"rotationMatrix":[0.55804956,0.82980758,0,-0.82980758,0.55804956,0,0,0,0.999999881],"scale":1.23112559,"type":"fanpalm_skirt"}
{"ctxid":0,"pos":[-620.072754,-434.420502,112.108078],"rotationMatrix":[-0.153423667,0.988160372,0,-0.988160372,-0.153423667,0,0,0,0.999999881],"scale":1.01388776,"type":"fanpalm_skirt"}
{"ctxid":0,"pos":[-456.105103,-492.269379,122.091797],"rotationMatrix":[0.832427323,0.55413419,0,-0.55413419,0.832427323,0,0,0,0.999999881],"scale":0.963856697,"type":"fanpalm_skirt"}
{"ctxid":0,"pos":[-432.408539,-497.834747,123.054832],"rotationMatrix":[-0.53544426,0.844570398,0,-0.844570398,-0.53544426,0,0,0,0.999999881],"scale":1.1359663,"type":"fanpalm_skirt"}
{"ctxid":0,"pos":[-311.579346,-625.693909,124.85981],"rotationMatrix":[-0.873188138,-0.487383336,0,0.487383336,-0.873188138,0,0,0,0.999999881],"scale":1.07298541,"type":"fanpalm_skirt"}
{"ctxid":0,"pos":[-521.258789,-500.503387,118.787125],"rotationMatrix":[0.572715998,-0.819753706,0,0.819753706,0.572715998,0,0,0,0.999999881],"scale":1.22921002,"type":"fanpalm_skirt"}
{"ctxid":0,"pos":[-566.297546,-463.810181,114.401207],"rotationMatrix":[-0.276238799,0.961088955,0,-0.961088955,-0.276238799,0,0,0,0.999999881],"scale":1.21517003,"type":"fanpalm_skirt"}
{"ctxid":0,"pos":[-429.189545,-571.955444,126.902077],"rotationMatrix":[0.760878921,0.648893833,0,-0.648893833,0.760878921,0,0,0,0.999999881],"scale":1.26718116,"type":"fanpalm_skirt"}
{"ctxid":0,"pos":[-559.876099,-494.629547,118.253807],"rotationMatrix":[0.351369292,0.936236918,0,-0.936236918,0.351369292,0,0,0,0.999999881],"scale":1.00005662,"type":"fanpalm_skirt"}
{"ctxid":0,"pos":[-570.355347,-491.566925,116.660309],"rotationMatrix":[-0.79571414,0.60567224,0,-0.60567224,-0.79571414,0,0,0,0.999999881],"scale":0.984407306,"type":"fanpalm_skirt"}
{"ctxid":0,"pos":[-642.114502,-475.792145,112.204422],"rotationMatrix":[0.558035314,0.829817176,0,-0.829817176,0.558035314,0,0,0,0.999999881],"scale":1.09620595,"type":"fanpalm_skirt"}
{"ctxid":0,"pos":[-624.81073,-505.820801,114.289726],"rotationMatrix":[0.991066694,0.133366942,0,-0.133366942,0.991066694,0,0,0,0.999999881],"scale":1.16569519,"type":"fanpalm_skirt"}
{"ctxid":0,"pos":[-456.830109,-545.693848,123.274239],"rotationMatrix":[-0.801780701,0.597618282,0,-0.597618282,-0.801780701,0,0,0,0.999999881],"scale":0.910835981,"type":"fanpalm_skirt"}
{"ctxid":0,"pos":[-228.764389,-773.131226,134.125549],"rotationMatrix":[0.302689612,0.953089178,0,-0.953089178,0.302689612,0,0,0,0.999999881],"scale":0.996037722,"type":"fanpalm_skirt"}
{"ctxid":0,"pos":[-231.80542,-855.731445,136.073135],"rotationMatrix":[0.375637263,0.926766753,0,-0.926766753,0.375637263,0,0,0,0.999999881],"scale":1.08563352,"type":"fanpalm_skirt"}
{"ctxid":0,"pos":[-175.673248,-887.50592,131.33252],"rotationMatrix":[0.632839203,0.77428323,0,-0.77428323,0.632839203,0,0,0,0.999999881],"scale":0.90936625,"type":"fanpalm_skirt"}
{"ctxid":0,"pos":[-445.463654,-579.021118,127.38018],"rotationMatrix":[-0.717455387,-0.69660449,0,0.69660449,-0.717455387,0,0,0,0.999999881],"scale":1.05357647,"type":"fanpalm_skirt"}
{"ctxid":0,"pos":[-591.167847,-511.65097,118.90934],"rotationMatrix":[0.91428256,-0.405076772,0,0.405076772,0.91428256,0,0,0,0.999999881],"scale":1.08913732,"type":"fanpalm_skirt"}
{"ctxid":0,"pos":[-635.780151,122.720741,117.393837],"rotationMatrix":[0.898124397,-0.439740956,0,0.439740956,0.898124397,0,0,0,0.999999762],"scale":0.365115702,"type":"fanpalm_skirt"}
{"ctxid":0,"pos":[715.480164,-72.9129486,151.132431],"rotationMatrix":[-0.491874158,-0.870666146,0,0.870666146,-0.491874158,0,0,0,0.999999881],"scale":0.817361832,"type":"fanpalm_skirt"}
{"ctxid":0,"pos":[626.683044,-128.946442,146.90451],"rotationMatrix":[0.84875685,0.528783202,0,-0.528783202,0.84875685,0,0,0,0.999999881],"scale":0.777511239,"type":"fanpalm_skirt"}
{"ctxid":0,"pos":[559.783997,-113.196571,146.594986],"rotationMatrix":[-0.877511203,-0.479556233,0,0.479556233,-0.877511203,0,0,0,0.999999881],"scale":0.866490245,"type":"fanpalm_skirt"}
{"ctxid":0,"pos":[-249.943909,-136.673737,119.592361],"rotationMatrix":[-0.141614407,0.989921629,0,-0.989921629,-0.141614407,0,0,0,0.999999642],"scale":0.723396659,"type":"fanpalm_skirt"}
{"ctxid":0,"pos":[-1036.56616,807.960449,94.2850723],"rotationMatrix":[0.735764384,-0.677237451,0,0.677237451,0.735764384,0,0,0,0.999999881],"scale":0.749689519,"type":"fanpalm_skirt"}
{"ctxid":0,"pos":[-1039.21521,827.485535,87.3408051],"rotationMatrix":[-0.563243091,0.826291025,0,-0.826291025,-0.563243091,0,0,0,0.999999881],"scale":0.711779296,"type":"fanpalm_skirt"}
{"ctxid":0,"pos":[-1095.89038,805.176208,97.9778671],"rotationMatrix":[-0.843570411,-0.537018657,0,0.537018657,-0.843570411,0,0,0,0.999999881],"scale":0.805108726,"type":"fanpalm_skirt"}
{"ctxid":0,"pos":[-111.211166,-154.20723,119.611359],"rotationMatrix":[-0.247474551,-0.968894243,0,0.968894243,-0.247474551,0,0,0,0.999999642],"scale":0.76992172,"type":"fanpalm_skirt"}
{"ctxid":0,"pos":[-86.0211868,-136.178497,119.672478],"rotationMatrix":[-0.960624695,-0.277847618,0,0.277847618,-0.960624695,0,0,0,0.999999523],"scale":0.794518709,"type":"fanpalm_skirt"}
{"ctxid":1,"pos":[-354.749908,-85.6636658,114.314384],"rotationMatrix":[-0.946086645,-0.323913604,0,0.323913604,-0.946086645,0,0,0,0.999999881],"scale":0.846122026,"type":"fanpalm_skirt"}
{"ctxid":1,"pos":[138.92218,55.5934143,119.457115],"rotationMatrix":[0.985442638,0.170007899,0,-0.170007899,0.985442638,0,0,0,0.999999881],"scale":0.85260725,"type":"fanpalm_skirt"}
{"ctxid":1,"pos":[-94.6473007,-832.025818,122.629051],"rotationMatrix":[0.921350181,0.388733417,0,-0.388733417,0.921350181,0,0,0,0.999999881],"scale":0.888569355,"type":"fanpalm_skirt"}
{"ctxid":1,"pos":[-890.361877,-582.762268,105.279312],"rotationMatrix":[0.999597669,0.0283597242,0,-0.0283597242,0.999597669,0,0,0,0.999999881],"scale":0.816077232,"type":"fanpalm_skirt"}
{"ctxid":1,"pos":[107.737389,-309.195129,135.939133],"rotationMatrix":[0.621307492,-0.783566713,0,0.783566713,0.621307492,0,0,0,0.999999881],"scale":0.861618578,"type":"fanpalm_skirt"}
{"ctxid":1,"pos":[-71.2475967,-295.853943,126.674629],"rotationMatrix":[0.744450986,0.667677045,0,-0.667677045,0.744450986,0,0,0,0.999999881],"scale":0.856882691,"type":"fanpalm_skirt"}
{"ctxid":1,"pos":[-72.4007492,-319.825226,128.772842],"rotationMatrix":[0.123903677,0.992294192,0,-0.992294192,0.123903677,0,0,0,0.999999881],"scale":0.802529216,"type":"fanpalm_skirt"}
{"ctxid":1,"pos":[-45.5716286,-364.620605,131.931793],"rotationMatrix":[-0.268275023,-0.963342309,0,0.963342309,-0.268275023,0,0,0,0.999999881],"scale":0.767630219,"type":"fanpalm_skirt"}
{"ctxid":1,"pos":[-26.4267273,-386.903107,132.705963],"rotationMatrix":[0.954018056,-0.299748749,0,0.299748749,0.954018056,0,0,0,0.999999881],"scale":0.846795917,"type":"fanpalm_skirt"}
{"ctxid":1,"pos":[-8.57943153,-78.9820557,119.699425],"rotationMatrix":[-0.950362384,0.311145127,0,-0.311145127,-0.950362384,0,0,0,0.999999881],"scale":0.777614355,"type":"fanpalm_skirt"}
{"ctxid":1,"pos":[54.6661644,-105.205154,126.899963],"rotationMatrix":[0.311758697,-0.950161159,0,0.950161159,0.311758697,0,0,0,0.999999881],"scale":0.847288013,"type":"fanpalm_skirt"}
{"ctxid":1,"pos":[-153.82251,-200.416916,120.101334],"rotationMatrix":[-0.0570191294,-0.998372972,0,0.998372972,-0.0570191294,0,0,0,0.999999881],"scale":0.859792292,"type":"fanpalm_skirt"}
