{"ctxid":0,"pos":[-349.833008,-467.053009,105.097],"rotationMatrix":[-0.971700907,0.236214623,0,-0.236214623,-0.971700907,0,0,0,1],"scale":1.05669999,"type":"fanpalm_short"}
{"ctxid":0,"pos":[-391.433014,-492.919006,108.459],"rotationMatrix":[0.412688851,0.910872042,0,-0.910872042,0.412688851,0,0,0,1],"scale":1.22749996,"type":"fanpalm_short"}
{"ctxid":0,"pos":[-196.104996,-765.289978,131.017944],"rotationMatrix":[-0.432785988,0.901496708,0,-0.901496708,-0.432785988,0,0,0,1],"scale":1.14059997,"type":"fanpalm_short"}
{"ctxid":0,"pos":[-214.869003,-794.080017,134.642242],"rotationMatrix":[-0.598829627,0.800876439,0,-0.800876439,-0.598829627,0,0,0,1],"scale":1.04429996,"type":"fanpalm_short"}
{"ctxid":0,"pos":[-247.847931,-817.044556,137.276993],"rotationMatrix":[0.812483072,0.582984805,0,-0.582984805,0.812483072,0,0,0,1],"scale":0.818799973,"type":"fanpalm_short"}
{"ctxid":0,"pos":[-365.077393,-580.878296,126.94632],"rotationMatrix":[0.514493465,0.857494295,0,-0.857494295,0.514493465,0,0,0,1],"scale":0.968599975,"type":"fanpalm_short"}
{"ctxid":0,"pos":[-298.283997,-641.781006,124.200462],"rotationMatrix":[0.789659023,-0.613545954,0,0.613545954,0.789659023,0,0,0,1],"scale":0.651000023,"type":"fanpalm_short"}
{"ctxid":0,"pos":[-427.377319,-538.205078,123.557999],"rotationMatrix":[-0.0678449869,-0.997695863,0,0.997695863,-0.0678449869,0,0,0,1],"scale":0.915400028,"type":"fanpalm_short"}
{"ctxid":0,"pos":[-521.362976,-206.942993,104.5],"rotationMatrix":[-0.2040416,0.978962243,0,-0.978962243,-0.2040416,0,0,0,1],"scale":1.1049,"type":"fanpalm_short"}
{"ctxid":0,"pos":[-686.099976,-32.7999992,101.599998],"rotationMatrix":[0.941654682,-0.336580545,0,0.336580545,0.941654682,0,0,0,1],"scale":1.10640001,"type":"fanpalm_short"}
{"ctxid":0,"pos":[-705.936646,-61.8382988,102.264],"rotationMatrix":[0.939726114,-0.341928095,0,0.341928095,0.939726114,0,0,0,1],"scale":1.13339996,"type":"fanpalm_short"}
{"ctxid":0,"pos":[-570.541992,-341.175995,103.806],"rotationMatrix":[0.996455193,0.0841251984,0,-0.0841251984,0.996455193,0,0,0,1],"scale":1.16270006,"type":"fanpalm_short"}
{"ctxid":0,"pos":[-623.974182,-494.192017,113.310997],"rotationMatrix":[-0.843968153,0.536393285,0,-0.536393285,-0.843968153,0,0,0,1],"scale":1.03059995,"type":"fanpalm_short"}
{"ctxid":0,"pos":[-645.388,-432.252014,105.501999],"rotationMatrix":[-0.800063372,-0.599915504,0,0.599915504,-0.800063372,0,0,0,1],"scale":1.21609998,"type":"fanpalm_short"}
{"ctxid":0,"pos":[-920.327026,-617.53302,103.633003],"rotationMatrix":[-0.82137692,-0.570385814,0,0.570385814,-0.82137692,0,0,0,1],"scale":1.19410002,"type":"fanpalm_short"}
{"ctxid":0,"pos":[-27.2178993,528.028992,74.9172974],"rotationMatrix":[-0.976867199,0.213846847,0,-0.213846847,-0.976867199,0,0,0,1],"scale":0.909799993,"type":"fanpalm_short"}
{"ctxid":0,"pos":[-247.084,681.80603,74.2457962],"rotationMatrix":[-0.786806226,-0.617200077,0,0.617200077,-0.786806226,0,0,0,1],"scale":1.04320002,"type":"fanpalm_short"}
{"ctxid":0,"pos":[-171.056,684.531982,74.9869156],"rotationMatrix":[0.488332748,-0.872657537,0,0.872657537,0.488332748,0,0,0,1],"scale":1.02880001,"type":"fanpalm_short"}
{"ctxid":0,"pos":[-179.078308,611.106018,74.603302],"rotationMatrix":[-0.986024618,0.166599676,0,-0.166599676,-0.986024618,0,0,0,1],"scale":1.1602,"type":"fanpalm_short"}
{"ctxid":0,"pos":[-178.738998,624.604004,74.2083969],"rotationMatrix":[-0.0307607651,-0.999526799,0,0.999526799,-0.0307607651,0,0,0,1],"scale":0.981400013,"type":"fanpalm_short"}
{"ctxid":0,"pos":[-181.897003,552.517029,74.6418991],"rotationMatrix":[0.995656967,-0.0930978209,0,0.0930978209,0.995656967,0,0,0,1],"scale":0.925400019,"type":"fanpalm_short"}
{"ctxid":0,"pos":[-222.710999,620.231018,74.6619034],"rotationMatrix":[-0.181491852,-0.983392477,0,0.983392477,-0.181491852,0,0,0,1],"scale":0.995100021,"type":"fanpalm_short"}
{"ctxid":0,"pos":[-460.563995,756.260986,74.842598],"rotationMatrix":[0.365611553,-0.930767536,0,0.930767536,0.365611553,0,0,0,1],"scale":1.12390006,"type":"fanpalm_short"}
{"ctxid":0,"pos":[-340.720001,667.987976,74.1227036],"rotationMatrix":[0.23169601,0.972788215,0,-0.972788215,0.23169601,0,0,0,1],"scale":1.19949996,"type":"fanpalm_short"}
{"ctxid":0,"pos":[-304.479004,674.815979,74.4024963],"rotationMatrix":[0.82203424,-0.56943804,0,0.56943804,0.82203424,0,0,0,1],"scale":0.96359998,"type":"fanpalm_short"}
{"ctxid":0,"pos":[-286.027008,676.070984,74.4082031],"rotationMatrix":[0.489141703,-0.872204304,0,0.872204304,0.489141703,0,0,0,1],"scale":1.26370001,"type":"fanpalm_short"}
{"ctxid":0,"pos":[-253.058868,554.850769,74.9962006],"rotationMatrix":[0.0760157108,-0.997106612,0,0.997106612,0.0760157108,0,0,0,1],"scale":1.00269997,"type":"fanpalm_short"}
{"ctxid":0,"pos":[-394.890991,684.559021,74.254097],"rotationMatrix":[-0.599187374,-0.800608814,0,0.800608814,-0.599187374,0,0,0,1],"scale":1.08389997,"type":"fanpalm_short"}
{"ctxid":0,"pos":[-405.260529,661.995544,74.9759979],"rotationMatrix":[-0.25769794,0.966225505,0,-0.966225505,-0.25769794,0,0,0,1],"scale":0.817900002,"type":"fanpalm_short"}
{"ctxid":0,"pos":[-390.100006,647.177002,74.8769989],"rotationMatrix":[0.44958961,0.893235207,0,-0.893235207,0.44958961,0,0,0,1],"scale":0.718400002,"type":"fanpalm_short"}
{"ctxid":0,"pos":[-477.125,734.218018,74.8432999],"rotationMatrix":[-0.475762129,0.879574001,0,-0.879574001,-0.475762129,0,0,0,1],"scale":1.00090003,"type":"fanpalm_short"}
{"ctxid":0,"pos":[-438.226715,672.385986,86.6657028],"rotationMatrix":[-0.724967241,0.688783348,0,-0.688783348,-0.724967241,0,0,0,1],"scale":0.844200015,"type":"fanpalm_short"}
{"ctxid":0,"pos":[-83.802803,324.502991,113.397003],"rotationMatrix":[0.979517102,0.201360986,0,-0.201360986,0.979517102,0,0,0,1],"scale":0.902899981,"type":"fanpalm_short"}
{"ctxid":0,"pos":[-99.1737976,342.824005,107.491997],"rotationMatrix":[-0.251362085,-0.967893124,0,0.967893124,-0.251362085,0,0,0,1],"scale":1.22640002,"type":"fanpalm_short"}
{"ctxid":0,"pos":[-182.770004,429.601013,78.3945999],"rotationMatrix":[0.993225574,-0.116202228,0,0.116202228,0.993225574,0,0,0,1],"scale":1.11389995,"type":"fanpalm_short"}
{"ctxid":0,"pos":[-99.3026962,109.837364,126.008331],"rotationMatrix":[0.744673371,0.66742909,0,-0.66742909,0.744673371,0,0,0,1],"scale":0.970899999,"type":"fanpalm_short"}
{"ctxid":0,"pos":[-272.281006,433.544006,83.5861969],"rotationMatrix":[0.218499899,0.975836992,0,-0.975836992,0.218499899,0,0,0,1],"scale":1.07299995,"type":"fanpalm_short"}
{"ctxid":0,"pos":[-286.473999,352.049011,101.813004],"rotationMatrix":[-0.422309756,-0.906451583,0,0.906451583,-0.422309756,0,0,0,1],"scale":1.00450003,"type":"fanpalm_short"}
{"ctxid":0,"pos":[-300.108002,310.065002,101.242996],"rotationMatrix":[0.670490384,0.741918206,0,-0.741918206,0.670490384,0,0,0,1],"scale":0.785099983,"type":"fanpalm_short"}
{"ctxid":0,"pos":[-435.338989,326.75,101.575996],"rotationMatrix":[0.869643807,0.493679702,0,-0.493679702,0.869643807,0,0,0,1],"scale":0.910899997,"type":"fanpalm_short"}
{"ctxid":0,"pos":[-319.187988,99.8917999,109.413002],"rotationMatrix":[-0.517979026,-0.855393291,0,0.855393291,-0.517979026,0,0,0,1],"scale":0.906700015,"type":"fanpalm_short"}
{"ctxid":0,"pos":[-742.778015,895.028015,74.6008987],"rotationMatrix":[0.987518072,0.157505736,0,-0.157505736,0.987518072,0,0,0,1],"scale":0.914200008,"type":"fanpalm_short"}
{"ctxid":0,"pos":[-583.710022,774.103027,74.8139038],"rotationMatrix":[0.504788518,0.863243043,0,-0.863243043,0.504788518,0,0,0,1],"scale":0.869099975,"type":"fanpalm_short"}
{"ctxid":0,"pos":[-578.471985,793.127014,74.5766983],"rotationMatrix":[0.947900057,-0.318567872,0,0.318567872,0.947900057,0,0,0,1],"scale":1.01740003,"type":"fanpalm_short"}
{"ctxid":0,"pos":[-736.440979,775.309021,84.3815002],"rotationMatrix":[-0.822522283,-0.568732858,0,0.568732858,-0.822522283,0,0,0,1],"scale":0.688499987,"type":"fanpalm_short"}
{"ctxid":0,"pos":[-726.377991,775.268005,82.808197],"rotationMatrix":[0.516265512,0.856428564,0,-0.856428564,0.516265512,0,0,0,1],"scale":0.859000027,"type":"fanpalm_short"}
{"ctxid":0,"pos":[-523.203003,736.427002,74.8551025],"rotationMatrix":[-0.0506700277,-0.99871546,0,0.99871546,-0.0506700277,0,0,0,1],"scale":1.01069999,"type":"fanpalm_short"}
{"ctxid":0,"pos":[-534.905029,723.638,76.8266983],"rotationMatrix":[0.184890747,-0.982759058,0,0.982759058,0.184890747,0,0,0,1],"scale":0.909699976,"type":"fanpalm_short"}
{"ctxid":0,"pos":[-585.590027,655.366028,90.7474976],"rotationMatrix":[-0.998000383,-0.0632078722,0,0.0632078722,-0.998000383,0,0,0,1],"scale":1.21650004,"type":"fanpalm_short"}
{"ctxid":0,"pos":[-568.580017,740.008972,77.968399],"rotationMatrix":[0.398514986,-0.917161822,0,0.917161822,0.398514986,0,0,0,1],"scale":0.904900014,"type":"fanpalm_short"}
{"ctxid":0,"pos":[-584.716003,722.161011,82.4815979],"rotationMatrix":[0.432674527,-0.901550174,0,0.901550174,0.432674527,0,0,0,1],"scale":0.99059999,"type":"fanpalm_short"}
{"ctxid":0,"pos":[-625.789001,694.725708,91.3527298],"rotationMatrix":[0.0308895111,0.999522805,0,-0.999522805,0.0308895111,0,0,0,1],"scale":0.9921,"type":"fanpalm_short"}
{"ctxid":0,"pos":[-870.446838,894.733459,74.2445984],"rotationMatrix":[0.486915469,-0.873449087,0,0.873449087,0.486915469,0,0,0,1],"scale":1.22800004,"type":"fanpalm_short"}
{"ctxid":0,"pos":[-871.987,903.497803,74.5493011],"rotationMatrix":[-0.44024384,-0.89787823,0,0.89787823,-0.44024384,0,0,0,1],"scale":1.24240005,"type":"fanpalm_short"}
{"ctxid":0,"pos":[-781.731995,852.177979,77.1433029],"rotationMatrix":[-0.862064123,-0.506799221,0,0.506799221,-0.862064123,0,0,0,1],"scale":0.906799972,"type":"fanpalm_short"}
{"ctxid":0,"pos":[-927.455994,819.109009,83.3788986],"rotationMatrix":[0.178750753,-0.983894408,0,0.983894408,0.178750753,0,0,0,1],"scale":0.915199995,"type":"fanpalm_short"}
{"ctxid":0,"pos":[-883.167664,591.394775,125.791237],"rotationMatrix":[-0.884905219,-0.465771139,0,0.465771139,-0.884905219,0,0,0,1],"scale":1.26890004,"type":"fanpalm_short"}
{"ctxid":0,"pos":[-607.633972,70.3583984,101.962997],"rotationMatrix":[-0.66385293,0.747863173,0,-0.747863173,-0.66385293,0,0,0,1],"scale":1.00619996,"type":"fanpalm_short"}
{"ctxid":0,"pos":[-633.651001,130.595993,109.560997],"rotationMatrix":[-0.935331345,0.353772908,0,-0.353772908,-0.935331345,0,0,0,1],"scale":1.16980004,"type":"fanpalm_short"}
{"ctxid":0,"pos":[-625.61499,138.431,108.739998],"rotationMatrix":[-0.806900501,-0.590687394,0,0.590687394,-0.806900501,0,0,0,1],"scale":0.954299986,"type":"fanpalm_short"}
{"ctxid":0,"pos":[-683.109009,41.3964005,102.386002],"rotationMatrix":[0.100054741,-0.994981945,0,0.994981945,0.100054741,0,0,0,1],"scale":1.18879998,"type":"fanpalm_short"}
{"ctxid":0,"pos":[-809.719971,70.7519989,126.249001],"rotationMatrix":[-0.62756896,-0.778560996,0,0.778560996,-0.62756896,0,0,0,1],"scale":1.21420002,"type":"fanpalm_short"}
{"ctxid":0,"pos":[-1165.70996,885.228027,97.917099],"rotationMatrix":[0.120066285,0.992765903,0,-0.992765903,0.120066285,0,0,0,1],"scale":1.05519998,"type":"fanpalm_short"}
{"ctxid":0,"pos":[34.2557755,-739.113281,133.084198],"rotationMatrix":[-0.927077055,0.374870837,0,-0.374870837,-0.927077055,0,0,0,1],"scale":0.989499986,"type":"fanpalm_short"}
{"ctxid":0,"pos":[1010.84998,879.036011,130.692963],"rotationMatrix":[0.757931232,0.652334452,0,-0.652334452,0.757931232,0,0,0,1],"scale":1.29760003,"type":"fanpalm_short"}
{"ctxid":0,"pos":[875.041016,943.16803,124.327003],"rotationMatrix":[-0.993205786,0.116371244,0,-0.116371244,-0.993205786,0,0,0,1],"scale":1.08500004,"type":"fanpalm_short"}
{"ctxid":0,"pos":[966.723999,536.276978,146.376007],"rotationMatrix":[0.957601309,0.288096756,0,-0.288096756,0.957601309,0,0,0,1],"scale":1.08220005,"type":"fanpalm_short"}
{"ctxid":0,"pos":[983.159973,518.06897,150.462997],"rotationMatrix":[0.854200006,0.519944549,0,-0.519944549,0.854200006,0,0,0,1],"scale":1.25880003,"type":"fanpalm_short"}
{"ctxid":0,"pos":[562.340027,974.942017,116.458],"rotationMatrix":[-0.940450072,-0.339931846,0,0.339931846,-0.940450072,0,0,0,1],"scale":0.985400021,"type":"fanpalm_short"}
{"ctxid":0,"pos":[113.611,820.317993,100.338997],"rotationMatrix":[-0.848195434,0.529683411,0,-0.529683411,-0.848195434,0,0,0,1],"scale":1.29830003,"type":"fanpalm_short"}
{"ctxid":0,"pos":[104.974998,566.151978,91.6314011],"rotationMatrix":[0.17464447,-0.984631538,0,0.984631538,0.17464447,0,0,0,1],"scale":0.975700021,"type":"fanpalm_short"}
{"ctxid":0,"pos":[-620.704895,581.71759,102.749176],"rotationMatrix":[-0.972800314,-0.231645301,0,0.231645301,-0.972800314,0,0,0,1],"scale":1.26049697,"type":"fanpalm_short"}
{"ctxid":0,"pos":[-647.646606,589.445862,105.835846],"rotationMatrix":[0.934274435,0.356554747,0,-0.356554747,0.934274435,0,0,0,1],"scale":1.00421083,"type":"fanpalm_short"}
{"ctxid":0,"pos":[-644.191223,596.17334,105.591599],"rotationMatrix":[-0.992073655,0.125657722,0,-0.125657722,-0.992073655,0,0,0,1],"scale":0.971681237,"type":"fanpalm_short"}
{"ctxid":0,"pos":[-139.80954,-778.731995,122.359344],"rotationMatrix":[0.831264436,-0.555877149,0,0.555877149,0.831264436,0,0,0,1],"scale":1.2112329,"type":"fanpalm_short"}
{"ctxid":0,"pos":[-149.111145,-807.099487,126.234604],"rotationMatrix":[-0.573736429,-0.81904,0,0.81904,-0.573736429,0,0,0,1],"scale":1.22867954,"type":"fanpalm_short"}
{"ctxid":0,"pos":[170.520813,670.080688,97.6077194],"rotationMatrix":[0.58249402,-0.812834978,0,0.812834978,0.58249402,0,0,0,1],"scale":0.931879282,"type":"fanpalm_short"}
{"ctxid":0,"pos":[1013.28424,912.699341,119.076973],"rotationMatrix":[0.991235197,0.132108852,0,-0.132108852,0.991235197,0,0,0,1],"scale":0.92191869,"type":"fanpalm_short"}
{"ctxid":0,"pos":[-1247.02747,-523.724182,107.703308],"rotationMatrix":[-0.163621545,-0.986523211,0,0.986523211,-0.163621545,0,0,0,1],"scale":0.984866858,"type":"fanpalm_short"}
{"ctxid":0,"pos":[-1125.04395,-684.737122,105.973999],"rotationMatrix":[-0.996160924,-0.0875408724,0,0.0875408724,-0.996160924,0,0,0,1],"scale":1.0577904,"type":"fanpalm_short"}
{"ctxid":0,"pos":[-256.879242,-776.41925,137.849915],"rotationMatrix":[-0.0921532586,0.995744824,0,-0.995744824,-0.0921532586,0,0,0,1],"scale":0.969573557,"type":"fanpalm_short"}
{"ctxid":0,"pos":[-279.79834,-700.279175,127.174423],"rotationMatrix":[0.300270557,-0.953854084,0,0.953854084,0.300270557,0,0,0,1],"scale":1.1705631,"type":"fanpalm_short"}
{"ctxid":0,"pos":[-295.87735,-712.953064,129.990097],"rotationMatrix":[-0.492118835,0.870528042,0,-0.870528042,-0.492118835,0,0,0,1],"scale":1.18994021,"type":"fanpalm_short"}
{"ctxid":0,"pos":[-471.494812,-550.282104,125.743866],"rotationMatrix":[0.730335772,0.683088362,0,-0.683088362,0.730335772,0,0,0,1],"scale":1.21598971,"type":"fanpalm_short"}
{"ctxid":0,"pos":[-167.637177,-760.011169,131.580292],"rotationMatrix":[-0.971457422,-0.23721388,0,0.23721388,-0.971457422,0,0,0,1],"scale":1.07375038,"type":"fanpalm_short"}
{"ctxid":0,"pos":[-259.185974,-116.678398,119.362122],"rotationMatrix":[0.543922246,0.839135587,0,-0.839135587,0.543922246,0,0,0,1],"scale":1.03918183,"type":"fanpalm_short"}
{"ctxid":0,"pos":[-174.747849,-78.9394684,118.805725],"rotationMatrix":[-0.533049047,-0.846084356,0,0.846084356,-0.533049047,0,0,0,1],"scale":1.0929811,"type":"fanpalm_short"}
{"ctxid":0,"pos":[-146.751312,-65.3724594,119.469734],"rotationMatrix":[-0.541361272,0.840790093,0,-0.840790093,-0.541361272,0,0,0,1],"scale":0.953489423,"type":"fanpalm_short"}
{"ctxid":0,"pos":[-361.548523,481.585083,90.8054047],"rotationMatrix":[-0.52138406,-0.853322148,0,0.853322148,-0.52138406,0,0,0,1],"scale":1.0067271,"type":"fanpalm_short"}
{"ctxid":0,"pos":[-1212.10901,-867.492615,103.598099],"rotationMatrix":[-0.127805993,-0.991799176,0,0.991799176,-0.127805993,0,0,0,1],"scale":1.17524755,"type":"fanpalm_short"}
{"ctxid":0,"pos":[-795.99408,-588.541687,101.587105],"rotationMatrix":[0.112756647,-0.993622541,0,0.993622541,0.112756647,0,0,0,0.999999881],"scale":1.11368334,"type":"fanpalm_short"}
{"ctxid":0,"pos":[-757.106689,-604.270935,101.735214],"rotationMatrix":[0.84116739,0.540774822,0,-0.540774822,0.84116739,0,0,0,0.999999881],"scale":1.15404761,"type":"fanpalm_short"}
{"ctxid":0,"pos":[-778.852783,-534.323059,100.944328],"rotationMatrix":[-0.0082609579,-0.999965787,0,0.999965787,-0.0082609579,0,0,0,0.999999881],"scale":1.0020622,"type":"fanpalm_short"}
{"ctxid":0,"pos":[-784.136536,-529.118835,100.589684],"rotationMatrix":[-0.684418142,0.729089618,0,-0.729089618,-0.684418142,0,0,0,0.999999881],"scale":1.28835487,"type":"fanpalm_short"}
{"ctxid":0,"pos":[-222.710999,633.661926,74.6619034],"rotationMatrix":[0.138890803,-0.990307629,0,0.990307629,0.138890803,0,0,0,0.999999881],"scale":0.995100021,"type":"fanpalm_short"}
{"ctxid":0,"pos":[-223.613342,646.116821,75.5120697],"rotationMatrix":[-0.909693539,-0.415280282,0,0.415280282,-0.909693539,0,0,0,0.999999881],"scale":1.18814206,"type":"fanpalm_short"}
{"ctxid":0,"pos":[-423.436127,2025.05933,73.4021759],"rotationMatrix":[0.942345679,-0.334640682,0,0.334640682,0.942345679,0,0,0,0.999999881],"scale":1.0653826,"type":"fanpalm_short"}
{"ctxid":0,"pos":[-1017.00873,2031.21313,77.9176712],"rotationMatrix":[0.406916678,0.913465321,0,-0.913465321,0.406916678,0,0,0,0.999999881],"scale":1.20028603,"type":"fanpalm_short"}
{"ctxid":0,"pos":[-433.613037,1875.62061,89.5586929],"rotationMatrix":[0.458277076,0.888809383,0,-0.888809383,0.458277076,0,0,0,0.999999881],"scale":1.01709807,"type":"fanpalm_short"}
{"ctxid":0,"pos":[-413.009827,1887.36121,90.4139099],"rotationMatrix":[0.976844132,-0.213951871,0,0.213951871,0.976844132,0,0,0,0.999999881],"scale":1.27876854,"type":"fanpalm_short"}
{"ctxid":0,"pos":[-402.698456,1891.50623,90.528862],"rotationMatrix":[0.841619611,0.540070355,0,-0.540070355,0.841619611,0,0,0,0.999999762],"scale":0.970648408,"type":"fanpalm_short"}
{"ctxid":0,"pos":[553.960205,1920.37695,74.9215088],"rotationMatrix":[0.7987414,-0.601674259,0,0.601674259,0.7987414,0,0,0,0.999999881],"scale":1.01586175,"type":"fanpalm_short"}
{"ctxid":0,"pos":[-1128.04871,1932.26147,94.2016068],"rotationMatrix":[-0.800248921,-0.599667728,0,0.599667728,-0.800248921,0,0,0,0.999999881],"scale":1.0117197,"type":"fanpalm_short"}
{"ctxid":0,"pos":[-1130.84998,1885.46716,94.5116959],"rotationMatrix":[0.231757998,0.972773433,0,-0.972773433,0.231757998,0,0,0,0.999999881],"scale":1.0956136,"type":"fanpalm_short"}
{"ctxid":0,"pos":[-1192.55493,-634.610291,104.85804],"rotationMatrix":[0.979259193,0.202611148,0,-0.202611148,0.979259193,0,0,0,0.999999881],"scale":0.831586659,"type":"fanpalm_short"}
{"ctxid":0,"pos":[-1173.46948,-606.690857,104.440338],"rotationMatrix":[0.353693873,-0.935361147,0,0.935361147,0.353693873,0,0,0,0.999999881],"scale":0.700653076,"type":"fanpalm_short"}
{"ctxid":0,"pos":[198.058167,852.215149,103.50676],"rotationMatrix":[0.680330455,0.732905507,0,-0.732905507,0.680330455,0,0,0,0.999999881],"scale":0.942739785,"type":"fanpalm_short"}
{"ctxid":0,"pos":[249.187698,855.942749,101.863617],"rotationMatrix":[-0.199072242,0.979984701,0,-0.979984701,-0.199072242,0,0,0,0.999999881],"scale":0.968095779,"type":"fanpalm_short"}
{"ctxid":0,"pos":[76.2748489,782.362732,74.6130295],"rotationMatrix":[0.302821368,-0.953047216,0,0.953047216,0.302821368,0,0,0,0.999999881],"scale":1.24680829,"type":"fanpalm_short"}
{"ctxid":0,"pos":[185.117554,1785.46399,100.145004],"rotationMatrix":[0.622903883,0.782298386,0,-0.782298386,0.622903883,0,0,0,0.999999881],"scale":1.28939748,"type":"fanpalm_short"}
{"ctxid":0,"pos":[177.263977,1801.25256,99.5791397],"rotationMatrix":[0.654244006,0.756283522,0,-0.756283522,0.654244006,0,0,0,0.999999881],"scale":1.20211208,"type":"fanpalm_short"}
{"ctxid":0,"pos":[228.515717,940.691345,72.3935165],"rotationMatrix":[-0.949822545,0.312788963,0,-0.312788963,-0.949822545,0,0,0,0.999999881],"scale":1.19609523,"type":"fanpalm_short"}
{"ctxid":0,"pos":[286.312012,947.039185,72.4898148],"rotationMatrix":[-0.957272232,-0.289188206,0,0.289188206,-0.957272232,0,0,0,0.999999881],"scale":0.972096145,"type":"fanpalm_short"}
{"ctxid":0,"pos":[66.6676025,1640.45776,99.4206467],"rotationMatrix":[0.994285524,-0.106752709,0,0.106752709,0.994285524,0,0,0,0.999999881],"scale":1.21461535,"type":"fanpalm_short"}
{"ctxid":0,"pos":[233.048798,1755.89441,96.3047409],"rotationMatrix":[0.976928294,0.213567272,0,-0.213567272,0.976928294,0,0,0,0.999999881],"scale":1.15570283,"type":"fanpalm_short"}
{"ctxid":0,"pos":[-679.578613,1759.67236,72.8862534],"rotationMatrix":[-0.895065248,0.44593519,0,-0.44593519,-0.895065248,0,0,0,0.999999881],"scale":1.15059972,"type":"fanpalm_short"}
{"ctxid":0,"pos":[-669.334595,1765.51086,75.9715118],"rotationMatrix":[-0.149533272,0.988756597,0,-0.988756597,-0.149533272,0,0,0,0.999999881],"scale":1.22127438,"type":"fanpalm_short"}
{"ctxid":0,"pos":[-664.330566,1765.01599,75.6984558],"rotationMatrix":[-0.360174745,0.932884753,0,-0.932884753,-0.360174745,0,0,0,0.999999881],"scale":1.0127244,"type":"fanpalm_short"}
{"ctxid":0,"pos":[-814.614014,1763.85803,73.212532],"rotationMatrix":[0.992958486,0.118462026,0,-0.118462026,0.992958486,0,0,0,0.999999881],"scale":1.18403256,"type":"fanpalm_short"}
{"ctxid":0,"pos":[-966.384094,2017.12231,80.1757278],"rotationMatrix":[-0.94462508,-0.328151166,0,0.328151166,-0.94462508,0,0,0,0.999999881],"scale":1.03463769,"type":"fanpalm_short"}
{"ctxid":0,"pos":[-1227.03662,2050.57544,73.0420532],"rotationMatrix":[0.464175522,-0.885743141,0,0.885743141,0.464175522,0,0,0,0.999999881],"scale":1.01860583,"type":"fanpalm_short"}
{"ctxid":0,"pos":[-159.851578,1976.58533,85.8430939],"rotationMatrix":[0.97786808,-0.209222019,0,0.209222019,0.97786808,0,0,0,0.999999881],"scale":0.900088787,"type":"fanpalm_short"}
{"ctxid":0,"pos":[-267.263428,1934.85046,103.793938],"rotationMatrix":[0.804540753,0.593897402,0,-0.593897402,0.804540753,0,0,0,0.999999881],"scale":1.19870305,"type":"fanpalm_short"}
{"ctxid":0,"pos":[-338.052246,1929.8186,101.909996],"rotationMatrix":[-0.572662532,0.819790959,0,-0.819790959,-0.572662532,0,0,0,0.999999881],"scale":0.966215849,"type":"fanpalm_short"}
{"ctxid":0,"pos":[374.155243,1918.16772,72.674881],"rotationMatrix":[-0.838148832,-0.545441568,0,0.545441568,-0.838148832,0,0,0,0.999999881],"scale":1.28048491,"type":"fanpalm_short"}
{"ctxid":0,"pos":[-939.374634,1816.16443,74.2866211],"rotationMatrix":[-0.351571202,-0.936160982,0,0.936160982,-0.351571202,0,0,0,0.999999881],"scale":0.993368983,"type":"fanpalm_short"}
{"ctxid":0,"pos":[-661.753967,720.870789,83.9481277],"rotationMatrix":[0.160218894,-0.987081409,0,0.987081409,0.160218894,0,0,0,0.999999881],"scale":1.17962933,"type":"fanpalm_short"}
{"ctxid":0,"pos":[-683.83252,716.198669,85.7516861],"rotationMatrix":[-0.175884649,0.984410703,0,-0.984410703,-0.175884649,0,0,0,0.999999881],"scale":1.18648505,"type":"fanpalm_short"}
{"ctxid":0,"pos":[-643.227356,744.648254,76.5085526],"rotationMatrix":[0.0374355353,0.99929899,0,-0.99929899,0.0374355353,0,0,0,0.999999881],"scale":1.10355783,"type":"fanpalm_short"}
{"ctxid":0,"pos":[86.4395218,947.170715,77.8304062],"rotationMatrix":[-0.81296289,-0.582315326,0,0.582315326,-0.81296289,0,0,0,0.999999881],"scale":0.90525496,"type":"fanpalm_short"}
{"ctxid":0,"pos":[97.2728958,900.976685,71.3321838],"rotationMatrix":[-0.657862961,0.75313741,0,-0.75313741,-0.657862961,0,0,0,0.999999881],"scale":1.2206955,"type":"fanpalm_short"}
{"ctxid":0,"pos":[93.8336945,866.691711,71.3450165],"rotationMatrix":[0.99924171,0.0389327928,0,-0.0389327928,0.99924171,0,0,0,0.999999881],"scale":1.25110638,"type":"fanpalm_short"}
{"ctxid":0,"pos":[105.344681,878.76886,71.7532425],"rotationMatrix":[-0.834179819,0.551492393,0,-0.551492393,-0.834179819,0,0,0,0.999999881],"scale":1.25629103,"type":"fanpalm_short"}
{"ctxid":0,"pos":[300.660858,961.08374,71.3060608],"rotationMatrix":[0.822173893,0.569236338,0,-0.569236338,0.822173893,0,0,0,0.999999881],"scale":0.977680087,"type":"fanpalm_short"}
{"ctxid":0,"pos":[395.629852,1631.2085,74.8942642],"rotationMatrix":[-0.992586493,0.121539801,0,-0.121539801,-0.992586493,0,0,0,0.999999881],"scale":0.921017468,"type":"fanpalm_short"}
{"ctxid":0,"pos":[379.661316,1605.56641,74.942627],"rotationMatrix":[-0.846371472,0.532592952,0,-0.532592952,-0.846371472,0,0,0,0.999999881],"scale":1.1989491,"type":"fanpalm_short"}
{"ctxid":0,"pos":[-112.855667,383.104858,97.7858505],"rotationMatrix":[0.97982949,-0.199834689,0,0.199834689,0.97982949,0,0,0,0.999999881],"scale":1.17466688,"type":"fanpalm_short"}
{"ctxid":0,"pos":[272.953918,-148.322449,143.29776],"rotationMatrix":[-0.164058343,-0.986450553,0,0.986450553,-0.164058343,0,0,0,0.999999881],"scale":1.05809307,"type":"fanpalm_short"}
{"ctxid":0,"pos":[269.636322,-186.97995,143.439896],"rotationMatrix":[0.97808063,0.2082261,0,-0.2082261,0.97808063,0,0,0,0.999999881],"scale":0.996171832,"type":"fanpalm_short"}
{"ctxid":0,"pos":[-506.106262,101.257317,98.9468307],"rotationMatrix":[-0.914312541,0.40500921,0,-0.40500921,-0.914312541,0,0,0,0.999999881],"scale":1.29823875,"type":"fanpalm_short"}
{"ctxid":0,"pos":[-423.21286,123.766655,99.2996521],"rotationMatrix":[-0.671173334,-0.741300285,0,0.741300285,-0.671173334,0,0,0,0.999999881],"scale":0.951868653,"type":"fanpalm_short"}
{"ctxid":0,"pos":[-1041.54138,2052.28101,74.0265045],"rotationMatrix":[0.283005625,0.959118187,0,-0.959118187,0.283005625,0,0,0,0.999999881],"scale":1.22103679,"type":"fanpalm_short"}
{"ctxid":0,"pos":[-1055.08167,2051.47095,72.860878],"rotationMatrix":[-0.142274246,0.989827156,0,-0.989827156,-0.142274246,0,0,0,0.999999881],"scale":0.906667352,"type":"fanpalm_short"}
{"ctxid":0,"pos":[-498.352356,-483.736206,120.279755],"rotationMatrix":[-0.0177472476,0.999842405,0,-0.999842405,-0.0177472476,0,0,0,0.999999881],"scale":1.07488537,"type":"fanpalm_short"}
{"ctxid":0,"pos":[-503.614655,-473.806519,118.232147],"rotationMatrix":[0.660360575,-0.750948548,0,0.750948548,0.660360575,0,0,0,0.999999881],"scale":1.09192729,"type":"fanpalm_short"}
{"ctxid":0,"pos":[-526.860596,-441.828674,116.847656],"rotationMatrix":[0.284117252,0.958789527,0,-0.958789527,0.284117252,0,0,0,0.999999881],"scale":1.01332104,"type":"fanpalm_short"}
{"ctxid":0,"pos":[-533.894226,-438.019501,115.977966],"rotationMatrix":[-0.528122544,0.849168003,0,-0.849168003,-0.528122544,0,0,0,0.999999881],"scale":0.931023002,"type":"fanpalm_short"}
{"ctxid":0,"pos":[-552.302917,-437.613373,115.288063],"rotationMatrix":[-0.571941078,0.82029444,0,-0.82029444,-0.571941078,0,0,0,0.999999881],"scale":1.03029704,"type":"fanpalm_short"}
{"ctxid":0,"pos":[-578.118103,-431.466461,113.8965],"rotationMatrix":[0.901143193,0.433521509,0,-0.433521509,0.901143193,0,0,0,0.999999881],"scale":1.04840529,"type":"fanpalm_short"}
{"ctxid":0,"pos":[-651.635681,-435.493042,108.671448],"rotationMatrix":[-0.820626497,0.571464598,0,-0.571464598,-0.820626497,0,0,0,0.999999881],"scale":1.20446193,"type":"fanpalm_short"}
{"ctxid":0,"pos":[-449.275604,-491.941986,122.110825],"rotationMatrix":[-0.42822966,0.903669775,0,-0.903669775,-0.42822966,0,0,0,0.999999881],"scale":1.27252853,"type":"fanpalm_short"}
{"ctxid":0,"pos":[-414.901184,-503.207855,123.055283],"rotationMatrix":[-0.991419077,0.130721256,0,-0.130721256,-0.991419077,0,0,0,0.999999881],"scale":1.02747464,"type":"fanpalm_short"}
{"ctxid":0,"pos":[-330.053223,-609.192688,125.785141],"rotationMatrix":[-0.670612156,-0.741808116,0,0.741808116,-0.670612156,0,0,0,0.999999881],"scale":1.11113656,"type":"fanpalm_short"}
{"ctxid":0,"pos":[-481.699646,-520.612183,121.265129],"rotationMatrix":[0.514360785,-0.857573807,0,0.857573807,0.514360785,0,0,0,0.999999881],"scale":0.9137429,"type":"fanpalm_short"}
{"ctxid":0,"pos":[-394.942413,-584.328735,126.822166],"rotationMatrix":[-0.991188467,0.132458866,0,-0.132458866,-0.991188467,0,0,0,0.999999881],"scale":1.28270137,"type":"fanpalm_short"}
{"ctxid":0,"pos":[-376.486267,-602.781433,127.000511],"rotationMatrix":[-0.961981654,-0.273113996,0,0.273113996,-0.961981654,0,0,0,0.999999881],"scale":1.10027945,"type":"fanpalm_short"}
{"ctxid":0,"pos":[-339.876556,-635.267395,125.5065],"rotationMatrix":[-0.981117487,0.193412408,0,-0.193412408,-0.981117487,0,0,0,0.999999881],"scale":1.01956058,"type":"fanpalm_short"}
{"ctxid":0,"pos":[-177.360428,-799.811157,133.697296],"rotationMatrix":[-0.377760679,0.925903141,0,-0.925903141,-0.377760679,0,0,0,0.999999881],"scale":1.21646631,"type":"fanpalm_short"}
{"ctxid":0,"pos":[-267.172272,-834.423035,137.225052],"rotationMatrix":[-0.0936505571,-0.995605052,0,0.995605052,-0.0936505571,0,0,0,0.999999881],"scale":1.09087884,"type":"fanpalm_short"}
{"ctxid":0,"pos":[-580.510254,-491.703583,115.18129],"rotationMatrix":[0.217425391,0.976076901,0,-0.976076901,0.217425391,0,0,0,0.999999881],"scale":1.27726173,"type":"fanpalm_short"}
{"ctxid":0,"pos":[-665.804565,-479.902283,109.04789],"rotationMatrix":[-0.996882141,-0.0789034888,0,0.0789034888,-0.996882141,0,0,0,0.999999881],"scale":1.0059495,"type":"fanpalm_short"}
{"ctxid":0,"pos":[-737.905762,-502.295776,100.441521],"rotationMatrix":[0.434377998,-0.900730669,0,0.900730669,0.434377998,0,0,0,0.999999881],"scale":0.974546552,"type":"fanpalm_short"}
{"ctxid":0,"pos":[-714.14801,-534.862488,105.374329],"rotationMatrix":[0.899294019,0.437344491,0,-0.437344491,0.899294019,0,0,0,0.999999881],"scale":1.19943035,"type":"fanpalm_short"}
{"ctxid":0,"pos":[-647.768188,-509.799347,112.840324],"rotationMatrix":[0.0763156787,0.997083604,0,-0.997083604,0.0763156787,0,0,0,0.999999881],"scale":0.919455826,"type":"fanpalm_short"}
{"ctxid":0,"pos":[-512.971313,-533.71167,121.797562],"rotationMatrix":[-0.5412063,-0.840889692,0,0.840889692,-0.5412063,0,0,0,0.999999881],"scale":1.22786975,"type":"fanpalm_short"}
{"ctxid":0,"pos":[-448.631256,-550.97644,125.189453],"rotationMatrix":[-0.965406954,0.260747492,0,-0.260747492,-0.965406954,0,0,0,0.999999881],"scale":1.14247501,"type":"fanpalm_short"}
{"ctxid":0,"pos":[-237.519547,-724.158569,129.500275],"rotationMatrix":[0.994948804,0.100383021,0,-0.100383021,0.994948804,0,0,0,0.999999881],"scale":1.10644174,"type":"fanpalm_short"}
{"ctxid":0,"pos":[-207.246948,-851.231445,135.713135],"rotationMatrix":[0.145017698,0.989428937,0,-0.989428937,0.145017698,0,0,0,0.999999881],"scale":0.99619931,"type":"fanpalm_short"}
{"ctxid":0,"pos":[-721.411194,-556.391602,104.989914],"rotationMatrix":[0.978378713,0.206821129,0,-0.206821129,0.978378713,0,0,0,0.999999881],"scale":1.11337161,"type":"fanpalm_short"}
{"ctxid":0,"pos":[-206.705841,-759.296509,130.181549],"rotationMatrix":[-0.751265705,-0.659999728,0,0.659999728,-0.751265705,0,0,0,0.999999881],"scale":1.00266135,"type":"fanpalm_short"}
{"ctxid":0,"pos":[-402.045074,-521.431641,123.372246],"rotationMatrix":[-0.133212209,-0.991087437,0,0.991087437,-0.133212209,0,0,0,0.999999881],"scale":1.17248893,"type":"fanpalm_short"}
{"ctxid":0,"pos":[-571.044495,-515.790222,118.189934],"rotationMatrix":[-0.764618278,-0.644483447,0,0.644483447,-0.764618278,0,0,0,0.999999881],"scale":0.918456733,"type":"fanpalm_short"}
{"ctxid":0,"pos":[-596.745361,-510.693695,116.810234],"rotationMatrix":[-0.18897301,0.981982172,0,-0.981982172,-0.18897301,0,0,0,0.999999881],"scale":1.10867655,"type":"fanpalm_short"}
{"ctxid":0,"pos":[658.672791,-117.423676,146.212204],"rotationMatrix":[-0.0589775369,-0.998259246,0,0.998259246,-0.0589775369,0,0,0,0.999999881],"scale":0.768444777,"type":"fanpalm_short"}
{"ctxid":0,"pos":[602.681519,-113.3871,146.342575],"rotationMatrix":[-0.906095862,-0.423072219,0,0.423072219,-0.906095862,0,0,0,0.999999881],"scale":0.777308226,"type":"fanpalm_short"}
{"ctxid":0,"pos":[-277.56488,-56.7254715,119.153725],"rotationMatrix":[0.306497872,-0.951871336,0,0.951871336,0.306497872,0,0,0,0.999999881],"scale":0.878219247,"type":"fanpalm_short"}
{"ctxid":0,"pos":[-277.734955,-51.1987152,119.215034],"rotationMatrix":[-0.9720276,-0.234866232,0,0.234866232,-0.9720276,0,0,0,0.999999881],"scale":0.732067585,"type":"fanpalm_short"}
{"ctxid":0,"pos":[-284.324249,-25.5411873,119.848854],"rotationMatrix":[-0.492090851,-0.870543778,0,0.870543778,-0.492090851,0,0,0,0.999999881],"scale":0.752233088,"type":"fanpalm_short"}
{"ctxid":0,"pos":[-369.091095,-198.554092,112.315407],"rotationMatrix":[0.672799051,-0.73982513,0,0.73982513,0.672799051,0,0,0,0.999999881],"scale":0.822984219,"type":"fanpalm_short"}
{"ctxid":0,"pos":[-136.270676,-156.571991,124.288788],"rotationMatrix":[-0.955294907,0.295654386,0,-0.295654386,-0.955294907,0,0,0,0.999999881],"scale":0.872415245,"type":"fanpalm_short"}
