{"ctxid":0,"pos":[-399.916992,-93.2292023,103.661003],"rotationMatrix":[-0.120803952,-0.992676377,0,0.992676377,-0.120803952,0,0,0,1],"scale":1.14129996,"type":"fanpalm_tall"}
{"ctxid":0,"pos":[-283.924011,-449.997009,119.870003],"rotationMatrix":[0.996438265,-0.08432547,0,0.08432547,0.996438265,0,0,0,1],"scale":1.24590003,"type":"fanpalm_tall"}
{"ctxid":0,"pos":[-424.657013,-344.917999,101.653061],"rotationMatrix":[0.873897552,-0.486110151,0,0.486110151,0.873897552,0,0,0,1],"scale":1.20700002,"type":"fanpalm_tall"}
{"ctxid":0,"pos":[-386.492004,-357.945007,100.837761],"rotationMatrix":[0.831568003,0.555422962,0,-0.555422962,0.831568003,0,0,0,1],"scale":1.12590003,"type":"fanpalm_tall"}
{"ctxid":0,"pos":[-479.579987,-493.785004,120.21093],"rotationMatrix":[-0.986821771,-0.161810979,0,0.161810979,-0.986821771,0,0,0,1],"scale":0.698199987,"type":"fanpalm_tall"}
{"ctxid":0,"pos":[-595.038025,-230.225998,106.318001],"rotationMatrix":[0.40289402,0.915246665,0,-0.915246665,0.40289402,0,0,0,1],"scale":1.00090003,"type":"fanpalm_tall"}
{"ctxid":0,"pos":[-731.854004,-443.571991,104.225998],"rotationMatrix":[0.947187424,-0.320680499,0,0.320680499,0.947187424,0,0,0,1],"scale":1.07749999,"type":"fanpalm_tall"}
{"ctxid":0,"pos":[-157.720001,684.685974,74.9966736],"rotationMatrix":[0.00199818611,-0.999998033,0,0.999998033,0.00199818611,0,0,0,1],"scale":1.07790005,"type":"fanpalm_tall"}
{"ctxid":0,"pos":[-217.561005,651.635986,74.2296982],"rotationMatrix":[0.706315517,0.707897186,0,-0.707897186,0.706315517,0,0,0,1],"scale":1.09609997,"type":"fanpalm_tall"}
{"ctxid":0,"pos":[-180.587006,570.320007,74.3253021],"rotationMatrix":[0.896123171,-0.443805426,0,0.443805426,0.896123171,0,0,0,1],"scale":1.25059998,"type":"fanpalm_tall"}
{"ctxid":0,"pos":[-151.815002,507.019012,74.098999],"rotationMatrix":[0.930435419,0.366455913,0,-0.366455913,0.930435419,0,0,0,1],"scale":1.22860003,"type":"fanpalm_tall"}
{"ctxid":0,"pos":[-218.417999,621.939026,74.0401993],"rotationMatrix":[-0.312847972,0.949803233,0,-0.949803233,-0.312847972,0,0,0,1],"scale":1.28890002,"type":"fanpalm_tall"}
{"ctxid":0,"pos":[-207.022903,551.178528,74.4070969],"rotationMatrix":[-0.368850589,0.929488719,0,-0.929488719,-0.368850589,0,0,0,1],"scale":1.04589999,"type":"fanpalm_tall"}
{"ctxid":0,"pos":[-368.23999,662.632996,74.2442017],"rotationMatrix":[0.699067116,0.715056062,0,-0.715056062,0.699067116,0,0,0,1],"scale":1.28330004,"type":"fanpalm_tall"}
{"ctxid":0,"pos":[-359.578003,649.367004,74.0628967],"rotationMatrix":[0.458367705,0.888762653,0,-0.888762653,0.458367705,0,0,0,1],"scale":1.24199998,"type":"fanpalm_tall"}
{"ctxid":0,"pos":[-380.595001,672.140015,74.5037003],"rotationMatrix":[-0.912185669,0.409777135,0,-0.409777135,-0.912185669,0,0,0,1],"scale":1.16489995,"type":"fanpalm_tall"}
{"ctxid":0,"pos":[-113.325996,324.052002,104.468002],"rotationMatrix":[-0.886847377,-0.462062478,0,0.462062478,-0.886847377,0,0,0,1],"scale":1.29390001,"type":"fanpalm_tall"}
{"ctxid":0,"pos":[-175.983994,454.794006,76.5252762],"rotationMatrix":[-0.996002078,-0.0893300623,0,0.0893300623,-0.996002078,0,0,0,1],"scale":1.15250003,"type":"fanpalm_tall"}
{"ctxid":0,"pos":[-86.376297,109.845001,125.795998],"rotationMatrix":[0.40921545,-0.912437797,0,0.912437797,0.40921545,0,0,0,1],"scale":1.29289997,"type":"fanpalm_tall"}
{"ctxid":0,"pos":[-112.45636,124.064285,123.760284],"rotationMatrix":[-0.999599934,-0.0282837879,0,0.0282837879,-0.999599934,0,0,0,1],"scale":1.08539999,"type":"fanpalm_tall"}
{"ctxid":0,"pos":[-294.966003,360.522003,101.309998],"rotationMatrix":[-0.230880499,-0.972982109,0,0.972982109,-0.230880499,0,0,0,1],"scale":1.03059995,"type":"fanpalm_tall"}
{"ctxid":0,"pos":[-378.546997,407.20401,97.3575974],"rotationMatrix":[0.977272868,0.211985245,0,-0.211985245,0.977272868,0,0,0,1],"scale":0.8046,"type":"fanpalm_tall"}
{"ctxid":0,"pos":[-470.55899,288.575012,97.5086975],"rotationMatrix":[0.458575964,0.888655186,0,-0.888655186,0.458575964,0,0,0,1],"scale":0.967899978,"type":"fanpalm_tall"}
{"ctxid":0,"pos":[-390.617004,281.804993,101.227997],"rotationMatrix":[0.553865433,-0.832606196,0,0.832606196,0.553865433,0,0,0,1],"scale":1.05149996,"type":"fanpalm_tall"}
{"ctxid":0,"pos":[-356.661438,67.2043991,106.093002],"rotationMatrix":[0.612095714,0.790783703,0,-0.790783703,0.612095714,0,0,0,1],"scale":1.19860005,"type":"fanpalm_tall"}
{"ctxid":0,"pos":[-492.539001,235.835007,101.502998],"rotationMatrix":[0.336448073,0.941702008,0,-0.941702008,0.336448073,0,0,0,1],"scale":1.07560003,"type":"fanpalm_tall"}
{"ctxid":0,"pos":[-489.204987,172.367996,99.8962021],"rotationMatrix":[-0.942026377,0.335538834,0,-0.335538834,-0.942026377,0,0,0,1],"scale":0.914399981,"type":"fanpalm_tall"}
{"ctxid":0,"pos":[-412.448608,120.844482,98.92659],"rotationMatrix":[0.291949987,-0.956433594,0,0.956433594,0.291949987,0,0,0,1],"scale":0.924600005,"type":"fanpalm_tall"}
{"ctxid":0,"pos":[-722.786987,890.823975,74.4386978],"rotationMatrix":[0.242565632,0.970134974,0,-0.970134974,0.242565632,0,0,0,1],"scale":1.26129997,"type":"fanpalm_tall"}
{"ctxid":0,"pos":[-716.598999,886.372986,74.5780029],"rotationMatrix":[-0.0713551044,0.997450948,0,-0.997450948,-0.0713551044,0,0,0,1],"scale":0.971099973,"type":"fanpalm_tall"}
{"ctxid":0,"pos":[-704.304993,874.737,74.4950027],"rotationMatrix":[-0.470955372,-0.882157028,0,0.882157028,-0.470955372,0,0,0,1],"scale":1.14629996,"type":"fanpalm_tall"}
{"ctxid":0,"pos":[-688.731018,867.140015,74.2138977],"rotationMatrix":[0.384837627,-0.922984302,0,0.922984302,0.384837627,0,0,0,1],"scale":0.915300012,"type":"fanpalm_tall"}
{"ctxid":0,"pos":[-489.017609,783.987061,74.4776993],"rotationMatrix":[0.190499067,0.981687367,0,-0.981687367,0.190499067,0,0,0,1],"scale":0.965600014,"type":"fanpalm_tall"}
{"ctxid":0,"pos":[-492.981873,780.821716,74.8449249],"rotationMatrix":[0.137490153,-0.990503132,0,0.990503132,0.137490153,0,0,0,1],"scale":1.15709996,"type":"fanpalm_tall"}
{"ctxid":0,"pos":[-654.979004,762.627991,74.5531006],"rotationMatrix":[-0.128602982,-0.991696179,0,0.991696179,-0.128602982,0,0,0,1],"scale":1.18599999,"type":"fanpalm_tall"}
{"ctxid":0,"pos":[-502.653015,744.517029,74.959198],"rotationMatrix":[0.867696285,0.497094721,0,-0.497094721,0.867696285,0,0,0,1],"scale":0.614300013,"type":"fanpalm_tall"}
{"ctxid":0,"pos":[-560.570007,702.200989,82.6083984],"rotationMatrix":[-0.461708069,-0.887031913,0,0.887031913,-0.461708069,0,0,0,1],"scale":0.975000024,"type":"fanpalm_tall"}
{"ctxid":0,"pos":[-527.007019,731.370972,75.5462036],"rotationMatrix":[0.229214668,0.973375916,0,-0.973375916,0.229214668,0,0,0,1],"scale":0.946399987,"type":"fanpalm_tall"}
{"ctxid":0,"pos":[-562.299988,541.445007,96.5660019],"rotationMatrix":[0.788619995,-0.61488086,0,0.61488086,0.788619995,0,0,0,1],"scale":1.00059998,"type":"fanpalm_tall"}
{"ctxid":0,"pos":[-555.405029,527.98999,98.3643265],"rotationMatrix":[-0.92040801,0.390959203,0,-0.390959203,-0.92040801,0,0,0,1],"scale":1.21130002,"type":"fanpalm_tall"}
{"ctxid":0,"pos":[-792.745239,900.997986,74.4188004],"rotationMatrix":[0.130910635,-0.991394162,0,0.991394162,0.130910635,0,0,0,1],"scale":0.954699993,"type":"fanpalm_tall"}
{"ctxid":0,"pos":[-833.31897,862.346985,74.7782974],"rotationMatrix":[0.105727553,-0.993903756,0.0312565714,0.994395137,0.105674267,-0.00335648074,3.30037874e-05,0.0314362533,0.999505758],"scale":1.03349996,"type":"fanpalm_tall"}
{"ctxid":0,"pos":[-781.612,848.80603,77.2550964],"rotationMatrix":[0.925810456,0.3779881,0,-0.3779881,0.925810456,0,0,0,1],"scale":0.886699975,"type":"fanpalm_tall"}
{"ctxid":0,"pos":[-937.026978,904.85199,74.5446014],"rotationMatrix":[-0.0972729921,-0.995257735,0,0.995257735,-0.0972729921,0,0,0,1],"scale":1.29139996,"type":"fanpalm_tall"}
{"ctxid":0,"pos":[-877.848022,900.645996,74.4300995],"rotationMatrix":[0.982887506,0.184206814,0,-0.184206814,0.982887506,0,0,0,1],"scale":1.28690004,"type":"fanpalm_tall"}
{"ctxid":0,"pos":[-871.679993,647.596985,110.878998],"rotationMatrix":[0.171815634,0.985129118,0,-0.985129118,0.171815634,0,0,0,1],"scale":0.92900002,"type":"fanpalm_tall"}
{"ctxid":0,"pos":[-873,632.28418,117.022202],"rotationMatrix":[0.85656631,-0.516036987,0,0.516036987,0.85656631,0,0,0,1],"scale":1.17680001,"type":"fanpalm_tall"}
{"ctxid":0,"pos":[-907.59668,642.717163,112.125999],"rotationMatrix":[-0.457607269,-0.889154434,0,0.889154434,-0.457607269,0,0,0,1],"scale":1.1286,"type":"fanpalm_tall"}
{"ctxid":0,"pos":[-906.502014,632.046997,115.956001],"rotationMatrix":[0.675665379,0.737208426,0,-0.737208426,0.675665379,0,0,0,1],"scale":1.08529997,"type":"fanpalm_tall"}
{"ctxid":0,"pos":[-619.132019,143.729004,107.667],"rotationMatrix":[-0.950707674,0.310088575,0,-0.310088575,-0.950707674,0,0,0,1],"scale":1.03289998,"type":"fanpalm_tall"}
{"ctxid":0,"pos":[-594.285767,56.8270874,101.750999],"rotationMatrix":[0.999994874,-0.00320187025,0,0.00320187025,0.999994874,0,0,0,1],"scale":1.023,"type":"fanpalm_tall"}
{"ctxid":0,"pos":[-1116.39001,977.953979,78.4145966],"rotationMatrix":[-0.603482246,-0.797376454,0,0.797376454,-0.603482246,0,0,0,1],"scale":1.05429995,"type":"fanpalm_tall"}
{"ctxid":0,"pos":[-1040.81006,932.263,73.2683029],"rotationMatrix":[-0.823668122,-0.567072153,0,0.567072153,-0.823668122,0,0,0,1],"scale":0.998700023,"type":"fanpalm_tall"}
{"ctxid":0,"pos":[-1101.19995,867.60498,84.6969986],"rotationMatrix":[0.336448073,0.941702008,0,-0.941702008,0.336448073,0,0,0,1],"scale":1.07539999,"type":"fanpalm_tall"}
{"ctxid":0,"pos":[-1098.40002,853.504028,82.1289978],"rotationMatrix":[0.569593549,-0.821926534,0,0.821926534,0.569593549,0,0,0,1],"scale":1.03869998,"type":"fanpalm_tall"}
{"ctxid":0,"pos":[1010.90002,863.130981,133.973007],"rotationMatrix":[0.927190781,0.374589443,0,-0.374589443,0.927190781,0,0,0,1],"scale":0.971800029,"type":"fanpalm_tall"}
{"ctxid":0,"pos":[1006.28003,878.551025,131.376923],"rotationMatrix":[0.983292103,0.182034716,0,-0.182034716,0.983292103,0,0,0,1],"scale":0.976100028,"type":"fanpalm_tall"}
{"ctxid":0,"pos":[1019.13959,206.170792,155.407532],"rotationMatrix":[-0.0866328478,-0.996240318,0,0.996240318,-0.0866328478,0,0,0,1],"scale":0.937900007,"type":"fanpalm_tall"}
{"ctxid":0,"pos":[114.765999,801.517029,99.7258987],"rotationMatrix":[0.999992847,0.00378220342,0,-0.00378220342,0.999992847,0,0,0,1],"scale":1.00759995,"type":"fanpalm_tall"}
{"ctxid":0,"pos":[193.283005,568.663025,102.377815],"rotationMatrix":[-0.443980098,0.896036625,0,-0.896036625,-0.443980098,0,0,0,1],"scale":0.950200021,"type":"fanpalm_tall"}
{"ctxid":0,"pos":[-651.822693,586.507019,105.988525],"rotationMatrix":[0.111743689,0.993737042,0,-0.993737042,0.111743689,0,0,0,1],"scale":0.917833686,"type":"fanpalm_tall"}
{"ctxid":0,"pos":[-752.312073,835.474548,74.466217],"rotationMatrix":[0.972139478,0.234403104,0,-0.234403104,0.972139478,0,0,0,1],"scale":1.02118194,"type":"fanpalm_tall"}
{"ctxid":0,"pos":[978.806824,910.123047,118.40802],"rotationMatrix":[0.556646824,0.830749273,0,-0.830749273,0.556646824,0,0,0,1],"scale":1.0317471,"type":"fanpalm_tall"}
{"ctxid":0,"pos":[-241.668045,-784.430969,137.020493],"rotationMatrix":[-0.00500294287,0.999987483,0,-0.999987483,-0.00500294287,0,0,0,1],"scale":1.2140311,"type":"fanpalm_tall"}
{"ctxid":0,"pos":[-381.300751,-629.803894,129.459381],"rotationMatrix":[-0.0773392767,-0.997004807,0,0.997004807,-0.0773392767,0,0,0,1],"scale":1.29935861,"type":"fanpalm_tall"}
{"ctxid":0,"pos":[-171.907043,-76.996109,118.972435],"rotationMatrix":[0.491527408,-0.870862126,0,0.870862126,0.491527408,0,0,0,1],"scale":0.900961339,"type":"fanpalm_tall"}
{"ctxid":0,"pos":[-1321.32849,-981.084595,104.433327],"rotationMatrix":[0.80678612,0.590843737,0,-0.590843737,0.80678612,0,0,0,1],"scale":0.954841733,"type":"fanpalm_tall"}
{"ctxid":0,"pos":[-1256.06226,-910.937134,104.02626],"rotationMatrix":[-0.240112767,0.970744967,0,-0.970744967,-0.240112767,0,0,0,1],"scale":1.04839981,"type":"fanpalm_tall"}
{"ctxid":0,"pos":[-798.852966,-585.149414,101.329048],"rotationMatrix":[0.880852759,0.473390311,0,-0.473390311,0.880852759,0,0,0,0.999999881],"scale":1.15491641,"type":"fanpalm_tall"}
{"ctxid":0,"pos":[-767.791626,-612.73645,101.315269],"rotationMatrix":[-0.114643022,0.993406653,0,-0.993406653,-0.114643022,0,0,0,0.999999881],"scale":0.936601579,"type":"fanpalm_tall"}
{"ctxid":0,"pos":[-760.67804,-608.5271,101.270744],"rotationMatrix":[-0.985870063,-0.167511597,0,0.167511597,-0.985870063,0,0,0,0.999999881],"scale":1.04534054,"type":"fanpalm_tall"}
{"ctxid":0,"pos":[-753.489746,-600.697327,101.731544],"rotationMatrix":[-0.991708457,-0.128507122,0,0.128507122,-0.991708457,0,0,0,0.999999881],"scale":1.04884386,"type":"fanpalm_tall"}
{"ctxid":0,"pos":[-776.301208,-605.709534,101.449844],"rotationMatrix":[0.623581409,0.781758368,0,-0.781758368,0.623581409,0,0,0,0.999999881],"scale":1.00877953,"type":"fanpalm_tall"}
{"ctxid":0,"pos":[-780.342834,-600.912354,101.393921],"rotationMatrix":[-0.913423955,0.407009155,0,-0.407009155,-0.913423955,0,0,0,0.999999881],"scale":0.928080678,"type":"fanpalm_tall"}
{"ctxid":0,"pos":[-789.161743,-593.419739,101.950668],"rotationMatrix":[-0.934408963,-0.356201887,0,0.356201887,-0.934408963,0,0,0,0.999999881],"scale":0.94400537,"type":"fanpalm_tall"}
{"ctxid":0,"pos":[-1112.25098,1955.63916,93.7141113],"rotationMatrix":[-0.976675749,-0.214719221,0,0.214719221,-0.976675749,0,0,0,0.999999881],"scale":0.970958889,"type":"fanpalm_tall"}
{"ctxid":0,"pos":[-995.089966,1911.6532,91.9832916],"rotationMatrix":[-0.240931302,-0.970542073,0,0.970542073,-0.240931302,0,0,0,0.999999881],"scale":0.932233453,"type":"fanpalm_tall"}
{"ctxid":0,"pos":[103.762825,1963.19421,72.7592697],"rotationMatrix":[0.541811943,-0.84049958,0,0.84049958,0.541811943,0,0,0,0.999999881],"scale":1.23310196,"type":"fanpalm_tall"}
{"ctxid":0,"pos":[-373.860596,2016.72192,73.5912628],"rotationMatrix":[0.433968663,0.900927961,0,-0.900927961,0.433968663,0,0,0,0.999999881],"scale":0.905654848,"type":"fanpalm_tall"}
{"ctxid":0,"pos":[-438.222107,1798.97095,83.3067932],"rotationMatrix":[-0.567724466,-0.823218524,0,0.823218524,-0.567724466,0,0,0,0.999999881],"scale":1.08652687,"type":"fanpalm_tall"}
{"ctxid":0,"pos":[-379.83017,1780.33484,79.1516724],"rotationMatrix":[-0.999951482,0.00984113105,0,-0.00984113105,-0.999951482,0,0,0,0.999999881],"scale":1.11888051,"type":"fanpalm_tall"}
{"ctxid":0,"pos":[-1165.06238,1788.34192,78.0694046],"rotationMatrix":[-0.317954272,0.948105931,0,-0.948105931,-0.317954272,0,0,0,0.999999881],"scale":1.01350093,"type":"fanpalm_tall"}
{"ctxid":0,"pos":[-1008.57587,1847.29358,76.4964066],"rotationMatrix":[0.907408714,0.420249164,0,-0.420249164,0.907408714,0,0,0,0.999999881],"scale":0.977932274,"type":"fanpalm_tall"}
{"ctxid":0,"pos":[-546.305786,1880.83215,84.8493195],"rotationMatrix":[-0.425227791,0.905086219,0,-0.905086219,-0.425227791,0,0,0,0.999999881],"scale":1.10144007,"type":"fanpalm_tall"}
{"ctxid":0,"pos":[552.82019,1880.57275,74.9270325],"rotationMatrix":[-0.338768393,-0.940869689,0,0.940869689,-0.338768393,0,0,0,0.999999881],"scale":1.17322052,"type":"fanpalm_tall"}
{"ctxid":0,"pos":[-72.6860352,1521.77332,73.9812164],"rotationMatrix":[-0.672932148,-0.739704192,0,0.739704192,-0.672932148,0,0,0,0.999999881],"scale":1.28435361,"type":"fanpalm_tall"}
{"ctxid":0,"pos":[-1165.40869,1903.54541,94.5062637],"rotationMatrix":[0.928669035,0.370909303,0,-0.370909303,0.928669035,0,0,0,0.999999881],"scale":0.931900084,"type":"fanpalm_tall"}
{"ctxid":0,"pos":[-1223.74231,-664.581604,104.435242],"rotationMatrix":[0.683503211,0.729947507,0,-0.729947507,0.683503211,0,0,0,0.999999881],"scale":0.597287238,"type":"fanpalm_tall"}
{"ctxid":0,"pos":[212.217773,852.917419,104.583809],"rotationMatrix":[0.940544307,-0.339670777,0,0.339670777,0.940544307,0,0,0,0.999999881],"scale":0.950092793,"type":"fanpalm_tall"}
{"ctxid":0,"pos":[328.501862,926.44397,103.049217],"rotationMatrix":[0.981317639,0.192394271,0,-0.192394271,0.981317639,0,0,0,0.999999881],"scale":0.91247654,"type":"fanpalm_tall"}
{"ctxid":0,"pos":[209.883606,893.184021,75.9988708],"rotationMatrix":[0.915491939,-0.402336091,0,0.402336091,0.915491939,0,0,0,0.999999881],"scale":0.96931529,"type":"fanpalm_tall"}
{"ctxid":0,"pos":[-745.262451,829.827087,74.2484131],"rotationMatrix":[0.777100682,-0.629376054,0,0.629376054,0.777100682,0,0,0,0.999999881],"scale":0.964248359,"type":"fanpalm_tall"}
{"ctxid":0,"pos":[107.520119,1756.71667,103.702675],"rotationMatrix":[-0.974091947,-0.226151958,0,0.226151958,-0.974091947,0,0,0,0.999999881],"scale":1.01490474,"type":"fanpalm_tall"}
{"ctxid":0,"pos":[259.420105,1771.46753,93.2410355],"rotationMatrix":[0.812826455,-0.582505822,0,0.582505822,0.812826455,0,0,0,0.999999881],"scale":0.985464215,"type":"fanpalm_tall"}
{"ctxid":0,"pos":[-55.9041328,1516.6731,73.1485062],"rotationMatrix":[0.999438345,0.0335075706,0,-0.0335075706,0.999438345,0,0,0,0.999999881],"scale":1.08498144,"type":"fanpalm_tall"}
{"ctxid":0,"pos":[-80.3294754,1525.38159,73.6486969],"rotationMatrix":[-0.247018889,0.969010592,0,-0.969010592,-0.247018889,0,0,0,0.999999881],"scale":1.29491818,"type":"fanpalm_tall"}
{"ctxid":0,"pos":[-199.392319,1649.19373,74.9468613],"rotationMatrix":[0.951438606,-0.307838202,0,0.307838202,0.951438606,0,0,0,0.999999881],"scale":1.17600262,"type":"fanpalm_tall"}
{"ctxid":0,"pos":[-1218.27258,2058.80078,73.1070786],"rotationMatrix":[0.00444735773,-0.999989986,0,0.999989986,0.00444735773,0,0,0,0.999999881],"scale":0.990738511,"type":"fanpalm_tall"}
{"ctxid":0,"pos":[-976.104858,2016.91138,80.2372208],"rotationMatrix":[-0.996733367,-0.0807612613,0,0.0807612613,-0.996733367,0,0,0,0.999999881],"scale":1.04645479,"type":"fanpalm_tall"}
{"ctxid":0,"pos":[-94.6142426,1870.03833,102.813751],"rotationMatrix":[-0.648923635,0.76085335,0,-0.76085335,-0.648923635,0,0,0,0.999999881],"scale":0.914019883,"type":"fanpalm_tall"}
{"ctxid":0,"pos":[393.653107,1910.31604,73.7217102],"rotationMatrix":[-0.480496675,-0.876996517,0,0.876996517,-0.480496675,0,0,0,0.999999881],"scale":1.24570048,"type":"fanpalm_tall"}
{"ctxid":0,"pos":[184.736572,913.644958,71.9882202],"rotationMatrix":[0.911847413,0.410529315,0,-0.410529315,0.911847413,0,0,0,0.999999881],"scale":1.11229908,"type":"fanpalm_tall"}
{"ctxid":0,"pos":[135.156998,840.844116,99.9994507],"rotationMatrix":[0.205647081,0.978626192,0,-0.978626192,0.205647081,0,0,0,0.999999881],"scale":1.16960394,"type":"fanpalm_tall"}
{"ctxid":0,"pos":[138.389526,844.459961,100.053276],"rotationMatrix":[-0.998923302,0.0463899337,0,-0.0463899337,-0.998923302,0,0,0,0.999999881],"scale":1.10937166,"type":"fanpalm_tall"}
{"ctxid":0,"pos":[391.649811,1616.71387,74.9116516],"rotationMatrix":[-0.465195596,-0.885207772,0,0.885207772,-0.465195596,0,0,0,0.999999881],"scale":1.06636131,"type":"fanpalm_tall"}
{"ctxid":0,"pos":[-215.666534,524.409729,75.4410095],"rotationMatrix":[0.347648919,0.937624812,0,-0.937624812,0.347648919,0,0,0,0.999999881],"scale":1.04589999,"type":"fanpalm_tall"}
{"ctxid":0,"pos":[556.261414,1885.21948,74.4768524],"rotationMatrix":[0.612157643,0.790735722,0,-0.790735722,0.612157643,0,0,0,0.999999881],"scale":1.22136426,"type":"fanpalm_tall"}
{"ctxid":0,"pos":[-518.169434,101.199532,99.4047012],"rotationMatrix":[-0.732242048,-0.681044459,0,0.681044459,-0.732242048,0,0,0,0.999999881],"scale":1.16528225,"type":"fanpalm_tall"}
{"ctxid":0,"pos":[-1065.69019,2046.28955,72.5872498],"rotationMatrix":[-0.992174327,0.124859802,0,-0.124859802,-0.992174327,0,0,0,0.999999881],"scale":0.929363132,"type":"fanpalm_tall"}
{"ctxid":0,"pos":[-1040.771,1997.72461,84.9352036],"rotationMatrix":[-0.904630899,-0.426195651,0,0.426195651,-0.904630899,0,0,0,0.999999881],"scale":0.986861348,"type":"fanpalm_tall"}
{"ctxid":0,"pos":[-1086.35754,2017.17517,76.1346893],"rotationMatrix":[-0.12766552,-0.991817176,0,0.991817176,-0.12766552,0,0,0,0.999999881],"scale":1.11662197,"type":"fanpalm_tall"}
{"ctxid":0,"pos":[-1014.56177,1991.52917,84.8375397],"rotationMatrix":[-0.934431732,0.356142104,0,-0.356142104,-0.934431732,0,0,0,0.999999881],"scale":1.02945316,"type":"fanpalm_tall"}
{"ctxid":0,"pos":[-984.98175,1961.28455,91.9539719],"rotationMatrix":[-0.896303952,0.443440109,0,-0.443440109,-0.896303952,0,0,0,0.999999881],"scale":1.16577911,"type":"fanpalm_tall"}
{"ctxid":0,"pos":[-968.974731,1975.34656,89.3400803],"rotationMatrix":[-0.829094589,0.559108078,0,-0.559108078,-0.829094589,0,0,0,0.999999881],"scale":0.996203244,"type":"fanpalm_tall"}
{"ctxid":0,"pos":[-1129.45081,1903.50842,94.3449936],"rotationMatrix":[-0.868452251,0.495772809,0,-0.495772809,-0.868452251,0,0,0,0.999999881],"scale":0.934023798,"type":"fanpalm_tall"}
{"ctxid":0,"pos":[-692.18634,-427.146851,105.289818],"rotationMatrix":[0.698337257,-0.715768814,0,0.715768814,0.698337257,0,0,0,0.999999881],"scale":1.12395716,"type":"fanpalm_tall"}
{"ctxid":0,"pos":[-705.101196,-432.758759,103.875305],"rotationMatrix":[-0.979935884,-0.199312508,0,0.199312508,-0.979935884,0,0,0,0.999999881],"scale":1.136801,"type":"fanpalm_tall"}
{"ctxid":0,"pos":[-512.894409,-458.985413,117.372772],"rotationMatrix":[0.0994709954,0.995040357,0,-0.995040357,0.0994709954,0,0,0,0.999999881],"scale":0.996715665,"type":"fanpalm_tall"}
{"ctxid":0,"pos":[-347.360779,-594.808777,126.964081],"rotationMatrix":[0.995462358,-0.0951555669,0,0.0951555669,0.995462358,0,0,0,0.999999881],"scale":1.01845503,"type":"fanpalm_tall"}
{"ctxid":0,"pos":[-505.99469,-519.0625,120.625595],"rotationMatrix":[0.122259244,-0.9924981,0,0.9924981,0.122259244,0,0,0,0.999999881],"scale":1.14839768,"type":"fanpalm_tall"}
{"ctxid":0,"pos":[-300.313629,-683.87262,125.604172],"rotationMatrix":[0.428083867,-0.903738916,0,0.903738916,0.428083867,0,0,0,0.999999881],"scale":1.04987526,"type":"fanpalm_tall"}
{"ctxid":0,"pos":[-278.038513,-686.993103,125.852119],"rotationMatrix":[-0.533695281,-0.84567678,0,0.84567678,-0.533695281,0,0,0,0.999999881],"scale":0.998442948,"type":"fanpalm_tall"}
{"ctxid":0,"pos":[-225.959869,-716.206482,128.687607],"rotationMatrix":[-0.168021813,-0.985783219,0,0.985783219,-0.168021813,0,0,0,0.999999881],"scale":0.967040122,"type":"fanpalm_tall"}
{"ctxid":0,"pos":[-229.204285,-713.906555,128.176163],"rotationMatrix":[-0.912902296,0.408178091,0,-0.408178091,-0.912902296,0,0,0,0.999999881],"scale":1.19658113,"type":"fanpalm_tall"}
{"ctxid":0,"pos":[-251.933289,-842.666809,137.01683],"rotationMatrix":[0.780023277,-0.625750422,0,0.625750422,0.780023277,0,0,0,0.999999881],"scale":1.01053607,"type":"fanpalm_tall"}
{"ctxid":0,"pos":[-286.655273,-825.326843,136.816528],"rotationMatrix":[0.932530105,-0.361091822,0,0.361091822,0.932530105,0,0,0,0.999999881],"scale":1.10183871,"type":"fanpalm_tall"}
{"ctxid":0,"pos":[-152.719101,-838.575745,132.324661],"rotationMatrix":[0.966947436,0.254975438,0,-0.254975438,0.966947436,0,0,0,0.999999881],"scale":0.964208424,"type":"fanpalm_tall"}
{"ctxid":0,"pos":[-282.784637,-659.554565,124.762993],"rotationMatrix":[-0.602644444,0.798009574,0,-0.798009574,-0.602644444,0,0,0,0.999999881],"scale":1.27463806,"type":"fanpalm_tall"}
{"ctxid":0,"pos":[-276.906433,-651.721436,118.997032],"rotationMatrix":[0.104032457,0.994573891,0,-0.994573891,0.104032457,0,0,0,0.999999881],"scale":1.1273272,"type":"fanpalm_tall"}
{"ctxid":0,"pos":[-318.482849,-659.940369,124.512016],"rotationMatrix":[0.744362831,-0.667775333,0,0.667775333,0.744362831,0,0,0,0.999999881],"scale":0.900989115,"type":"fanpalm_tall"}
{"ctxid":0,"pos":[-549.973206,-507.088806,119.719032],"rotationMatrix":[-0.851103365,-0.524998009,0,0.524998009,-0.851103365,0,0,0,0.999999881],"scale":0.974367678,"type":"fanpalm_tall"}
{"ctxid":0,"pos":[-483.163788,-542.510559,121.804176],"rotationMatrix":[0.948466539,0.316877186,0,-0.316877186,0.948466539,0,0,0,0.999999881],"scale":1.25146103,"type":"fanpalm_tall"}
{"ctxid":0,"pos":[-307.922638,-694.016724,125.564972],"rotationMatrix":[-0.932327509,-0.361615002,0,0.361615002,-0.932327509,0,0,0,0.999999881],"scale":1.25549424,"type":"fanpalm_tall"}
{"ctxid":0,"pos":[-764.534241,-511.720734,99.8673248],"rotationMatrix":[-0.0453462601,0.998971224,0,-0.998971224,-0.0453462601,0,0,0,0.999999881],"scale":1.0935353,"type":"fanpalm_tall"}
{"ctxid":0,"pos":[-109.730637,-912.298462,130.906738],"rotationMatrix":[0.782419026,-0.62275213,0,0.62275213,0.782419026,0,0,0,0.999999881],"scale":1.2749697,"type":"fanpalm_tall"}
{"ctxid":0,"pos":[-739.828308,-535.887817,101.831345],"rotationMatrix":[-0.989409268,0.145151362,0,-0.145151362,-0.989409268,0,0,0,0.999999881],"scale":1.23597777,"type":"fanpalm_tall"}
{"ctxid":0,"pos":[-679.359192,-419.5383,104.277351],"rotationMatrix":[-0.957887471,-0.287143528,0,0.287143528,-0.957887471,0,0,0,0.999999881],"scale":1.23263419,"type":"fanpalm_tall"}
{"ctxid":0,"pos":[-470.463867,-564.475525,126.685791],"rotationMatrix":[0.990626633,0.136596769,0,-0.136596769,0.990626633,0,0,0,0.999999881],"scale":1.01765096,"type":"fanpalm_tall"}
{"ctxid":0,"pos":[-456.474945,-572.20459,127.317993],"rotationMatrix":[0.608569205,-0.793500662,0,0.793500662,0.608569205,0,0,0,0.999999881],"scale":1.113325,"type":"fanpalm_tall"}
{"ctxid":0,"pos":[-539.429932,-530.956482,119.348869],"rotationMatrix":[-0.027471723,0.999622464,0,-0.999622464,-0.027471723,0,0,0,0.999999881],"scale":1.06218719,"type":"fanpalm_tall"}
{"ctxid":0,"pos":[-670.312988,126.499901,117.466629],"rotationMatrix":[-0.948613703,-0.316436499,0,0.316436499,-0.948613703,0,0,0,0.999999881],"scale":0.353751123,"type":"fanpalm_tall"}
{"ctxid":0,"pos":[-680.238281,112.416519,117.466629],"rotationMatrix":[-0.646523952,-0.762893498,0,0.762893498,-0.646523952,0,0,0,0.999999642],"scale":0.33172971,"type":"fanpalm_tall"}
{"ctxid":0,"pos":[-672.988892,123.778893,117.466629],"rotationMatrix":[0.0474708378,-0.998872519,0,0.998872519,0.0474708378,0,0,0,0.999999762],"scale":0.393839061,"type":"fanpalm_tall"}
{"ctxid":0,"pos":[700.172913,-57.2597656,151.237885],"rotationMatrix":[-0.713606298,0.700546861,0,-0.700546861,-0.713606298,0,0,0,0.999999881],"scale":0.789371729,"type":"fanpalm_tall"}
{"ctxid":0,"pos":[674.626587,-76.6999969,150.057526],"rotationMatrix":[0.972338617,-0.233575135,0,0.233575135,0.972338617,0,0,0,0.999999881],"scale":0.80107373,"type":"fanpalm_tall"}
{"ctxid":0,"pos":[701.711426,-83.278244,150.172592],"rotationMatrix":[-0.999128759,0.041732192,0,-0.041732192,-0.999128759,0,0,0,0.999999881],"scale":0.887641013,"type":"fanpalm_tall"}
{"ctxid":0,"pos":[689.953735,-93.1961212,149.412918],"rotationMatrix":[0.962250829,0.272164017,0,-0.272164017,0.962250829,0,0,0,0.999999881],"scale":0.766094685,"type":"fanpalm_tall"}
{"ctxid":0,"pos":[678.443115,-102.374367,148.485947],"rotationMatrix":[0.995086312,0.0990104079,0,-0.0990104079,0.995086312,0,0,0,0.999999881],"scale":0.725932837,"type":"fanpalm_tall"}
{"ctxid":0,"pos":[711.39209,-48.1437302,152.533203],"rotationMatrix":[0.987631321,0.156793669,0,-0.156793669,0.987631321,0,0,0,0.999999881],"scale":0.883292556,"type":"fanpalm_tall"}
{"ctxid":0,"pos":[725.060913,-65.1726303,152.107025],"rotationMatrix":[-0.905230343,-0.424921215,0,0.424921215,-0.905230343,0,0,0,0.999999881],"scale":0.775001526,"type":"fanpalm_tall"}
{"ctxid":0,"pos":[734.70874,-57.5674706,152.659317],"rotationMatrix":[-0.874818385,0.484450936,0,-0.484450936,-0.874818385,0,0,0,0.999999881],"scale":0.71808511,"type":"fanpalm_tall"}
{"ctxid":0,"pos":[567.760437,-112.975006,146.586517],"rotationMatrix":[-0.148041829,0.988980949,0,-0.988980949,-0.148041829,0,0,0,0.999999881],"scale":0.837967753,"type":"fanpalm_tall"}
{"ctxid":0,"pos":[585.557617,-113.378082,146.289383],"rotationMatrix":[-0.0472196527,0.998884439,0,-0.998884439,-0.0472196527,0,0,0,0.999999881],"scale":0.898365855,"type":"fanpalm_tall"}
{"ctxid":0,"pos":[576.712097,-113.123772,146.423523],"rotationMatrix":[0.971364558,-0.237593532,0,0.237593532,0.971364558,0,0,0,0.999999881],"scale":0.83547169,"type":"fanpalm_tall"}
{"ctxid":0,"pos":[550.693054,-112.909508,146.550598],"rotationMatrix":[-0.939485788,0.34258756,0,-0.34258756,-0.939485788,0,0,0,0.999999881],"scale":0.893753886,"type":"fanpalm_tall"}
{"ctxid":0,"pos":[-255.580093,-128.795792,119.173882],"rotationMatrix":[0.96493119,-0.262502789,0,0.262502789,0.96493119,0,0,0,0.999999881],"scale":0.747689605,"type":"fanpalm_tall"}
{"ctxid":0,"pos":[-283.810089,-22.0591698,120.041779],"rotationMatrix":[0.598401427,-0.801196277,0,0.801196277,0.598401427,0,0,0,0.999999881],"scale":0.718593359,"type":"fanpalm_tall"}
{"ctxid":0,"pos":[-501.828979,-480.047668,119.303131],"rotationMatrix":[0.926931679,-0.375230014,0,0.375230014,0.926931679,0,0,0,0.999999881],"scale":0.772189379,"type":"fanpalm_tall"}
{"ctxid":0,"pos":[-887.576477,-432.579071,97.4041214],"rotationMatrix":[0.391816586,0.920043349,0,-0.920043349,0.391816586,0,0,0,0.999999881],"scale":0.859531045,"type":"fanpalm_tall"}
{"ctxid":0,"pos":[-76.959671,-124.089371,120.251556],"rotationMatrix":[-0.820082247,-0.572245479,0,0.572245479,-0.820082247,0,0,0,0.999999881],"scale":0.805260956,"type":"fanpalm_tall"}
{"ctxid":1,"pos":[-312.584198,-33.3156433,119.152924],"rotationMatrix":[0.602417886,0.798180819,0,-0.798180819,0.602417886,0,0,0,0.999999881],"scale":0.821125031,"type":"fanpalm_tall"}
{"ctxid":1,"pos":[-353.096191,-79.0694275,113.784851],"rotationMatrix":[0.858677566,0.512516081,0,-0.512516081,0.858677566,0,0,0,0.999999881],"scale":0.748171091,"type":"fanpalm_tall"}
{"ctxid":1,"pos":[-367.820557,-142.168289,114.092903],"rotationMatrix":[0.0660894886,-0.997813523,0,0.997813523,0.0660894886,0,0,0,0.999999881],"scale":0.733221292,"type":"fanpalm_tall"}
{"ctxid":1,"pos":[-351.392517,-68.5454636,111.756744],"rotationMatrix":[-0.724478245,0.689297378,0,-0.689297378,-0.724478245,0,0,0,0.999999881],"scale":0.792924643,"type":"fanpalm_tall"}
{"ctxid":1,"pos":[133.861221,52.7724304,119.605637],"rotationMatrix":[0.923402727,0.383832455,0,-0.383832455,0.923402727,0,0,0,0.999999881],"scale":0.799878359,"type":"fanpalm_tall"}
{"ctxid":1,"pos":[101.447182,110.381508,117.3125],"rotationMatrix":[-0.99465245,-0.103278115,0,0.103278115,-0.99465245,0,0,0,0.999999881],"scale":0.751552165,"type":"fanpalm_tall"}
{"ctxid":1,"pos":[-908.246887,-603.00415,104.677536],"rotationMatrix":[0.999552667,0.0299054515,0,-0.0299054515,0.999552667,0,0,0,0.999999881],"scale":0.714049399,"type":"fanpalm_tall"}
{"ctxid":1,"pos":[-872.178345,-678.076965,105.331589],"rotationMatrix":[-0.552760422,-0.833340228,0,0.833340228,-0.552760422,0,0,0,0.999999881],"scale":0.586169481,"type":"fanpalm_tall"}
{"ctxid":1,"pos":[274.331085,-126.12796,142.48201],"rotationMatrix":[0.915007055,-0.403437614,0,0.403437614,0.915007055,0,0,0,0.999999881],"scale":0.758669853,"type":"fanpalm_tall"}
{"ctxid":1,"pos":[272.823822,-195.453812,143.553223],"rotationMatrix":[0.951029122,0.309101254,0,-0.309101254,0.951029122,0,0,0,0.999999881],"scale":0.799521625,"type":"fanpalm_tall"}
{"ctxid":1,"pos":[139.762802,172.421677,119.372894],"rotationMatrix":[0.394628376,-0.918840706,0,0.918840706,0.394628376,0,0,0,0.999999881],"scale":0.812276363,"type":"fanpalm_tall"}
{"ctxid":1,"pos":[173.38266,-315.675446,140.559494],"rotationMatrix":[0.91693002,-0.399047911,0,0.399047911,0.91693002,0,0,0,0.999999881],"scale":0.767807126,"type":"fanpalm_tall"}
{"ctxid":1,"pos":[79.4234238,-304.681335,134.077957],"rotationMatrix":[-0.865836024,-0.500327647,0,0.500327647,-0.865836024,0,0,0,0.999999881],"scale":0.781690955,"type":"fanpalm_tall"}
{"ctxid":1,"pos":[-64.0972824,-345.530365,130.26416],"rotationMatrix":[-0.999518514,-0.0310243946,0,0.0310243946,-0.999518514,0,0,0,0.999999881],"scale":0.843969584,"type":"fanpalm_tall"}
{"ctxid":1,"pos":[-1.18582165,-421.738861,134.2603],"rotationMatrix":[-0.282086819,0.959388793,0,-0.959388793,-0.282086819,0,0,0,0.999999881],"scale":0.762753785,"type":"fanpalm_tall"}
{"ctxid":1,"pos":[-46.5166016,-104.097404,119.938011],"rotationMatrix":[0.102204502,-0.994763315,0,0.994763315,0.102204502,0,0,0,0.999999881],"scale":0.751834929,"type":"fanpalm_tall"}
{"ctxid":1,"pos":[13.6434669,-63.0778885,119.759529],"rotationMatrix":[0.763215005,-0.646144509,0,0.646144509,0.763215005,0,0,0,0.999999881],"scale":0.793965101,"type":"fanpalm_tall"}
{"ctxid":1,"pos":[37.3140602,-45.3745193,119.649048],"rotationMatrix":[-0.914009869,0.405691832,0,-0.405691832,-0.914009869,0,0,0,0.999999881],"scale":0.894912302,"type":"fanpalm_tall"}
{"ctxid":1,"pos":[493.710114,-327.762848,152.266724],"rotationMatrix":[0.295950532,0.955203235,0,-0.955203235,0.295950532,0,0,0,0.999999881],"scale":0.766808569,"type":"fanpalm_tall"}
{"ctxid":1,"pos":[532.944763,-328.279175,152.478195],"rotationMatrix":[0.0200564824,-0.999798775,0,0.999798775,0.0200564824,0,0,0,0.999999881],"scale":0.890818059,"type":"fanpalm_tall"}
{"ctxid":1,"pos":[608.308533,-328.017883,151.818359],"rotationMatrix":[-0.230563521,0.973057151,0,-0.973057151,-0.230563521,0,0,0,0.999999881],"scale":0.784250259,"type":"fanpalm_tall"}
{"ctxid":1,"pos":[626.921997,-327.534973,151.947052],"rotationMatrix":[-0.716731846,0.697348773,0,-0.697348773,-0.716731846,0,0,0,0.999999881],"scale":0.877786279,"type":"fanpalm_tall"}
{"ctxid":1,"pos":[435.479248,-327.781464,152.508392],"rotationMatrix":[-0.651223361,0.75888586,0,-0.75888586,-0.651223361,0,0,0,0.999999881],"scale":0.74304378,"type":"fanpalm_tall"}
{"ctxid":1,"pos":[388.988068,-316.279968,150.04631],"rotationMatrix":[0.0645419061,0.99791491,0,-0.99791491,0.0645419061,0,0,0,0.999999881],"scale":0.714744449,"type":"fanpalm_tall"}
{"ctxid":1,"pos":[45.3566818,-113.317627,126.36908],"rotationMatrix":[-0.999530375,-0.0306392927,0,0.0306392927,-0.999530375,0,0,0,0.999999881],"scale":0.762836277,"type":"fanpalm_tall"}
