{"ctxid":0,"pos":[-16.7567005,692.755005,75.905098],"rotationMatrix":[-1.93119049e-05,0.99999994,0,-0.99999994,-1.93119049e-05,0,0,0,1],"scale":1,"type":"fence_metal1"}
{"ctxid":0,"pos":[-13.4370003,692.755005,75.905098],"rotationMatrix":[-1.93119049e-05,0.99999994,0,-0.99999994,-1.93119049e-05,0,0,0,1],"scale":1,"type":"fence_metal1"}
{"ctxid":0,"pos":[-23.3959007,692.755005,75.905098],"rotationMatrix":[-1.93119049e-05,0.99999994,0,-0.99999994,-1.93119049e-05,0,0,0,1],"scale":1,"type":"fence_metal1"}
{"ctxid":0,"pos":[-20.0762997,692.755005,75.905098],"rotationMatrix":[-1.93119049e-05,0.99999994,0,-0.99999994,-1.93119049e-05,0,0,0,1],"scale":1,"type":"fence_metal1"}
{"ctxid":0,"pos":[-11.8352003,697.789978,75.905098],"rotationMatrix":[-1,-2.38418579e-07,0,2.38418579e-07,-1,0,0,0,1],"scale":1,"type":"fence_metal1"}
{"ctxid":0,"pos":[-11.8352003,694.469971,75.905098],"rotationMatrix":[-1,-2.38418579e-07,0,2.38418579e-07,-1,0,0,0,1],"scale":1,"type":"fence_metal1"}
{"ctxid":0,"pos":[-11.8352003,704.429016,75.905098],"rotationMatrix":[-1,-2.38418579e-07,0,2.38418579e-07,-1,0,0,0,1],"scale":1,"type":"fence_metal1"}
{"ctxid":0,"pos":[-11.8352003,701.109009,75.905098],"rotationMatrix":[-1,-2.38418579e-07,0,2.38418579e-07,-1,0,0,0,1],"scale":1,"type":"fence_metal1"}
{"ctxid":0,"pos":[-43.3339958,650.421082,76.0475998],"rotationMatrix":[-1,-2.38418579e-07,0,2.38418579e-07,-1,0,0,0,1],"scale":1,"type":"fence_metal1"}
{"ctxid":0,"pos":[-43.3339958,647.102112,76.0475998],"rotationMatrix":[-1,-2.38418579e-07,0,2.38418579e-07,-1,0,0,0,1],"scale":1,"type":"fence_metal1"}
{"ctxid":0,"pos":[-43.3339958,640.460083,76.0475998],"rotationMatrix":[-1,-2.38418579e-07,0,2.38418579e-07,-1,0,0,0,1],"scale":1,"type":"fence_metal1"}
{"ctxid":0,"pos":[-43.3339958,643.78009,76.0475998],"rotationMatrix":[-1,-2.38418579e-07,0,2.38418579e-07,-1,0,0,0,1],"scale":1,"type":"fence_metal1"}
{"ctxid":0,"pos":[-43.3339958,630.499084,76.0475998],"rotationMatrix":[-1,-2.38418579e-07,0,2.38418579e-07,-1,0,0,0,1],"scale":1,"type":"fence_metal1"}
{"ctxid":0,"pos":[-43.3339958,627.180115,76.0475998],"rotationMatrix":[-1,-2.38418579e-07,0,2.38418579e-07,-1,0,0,0,1],"scale":1,"type":"fence_metal1"}
{"ctxid":0,"pos":[-43.3339958,633.821106,76.0475998],"rotationMatrix":[-1,-2.38418579e-07,0,2.38418579e-07,-1,0,0,0,1],"scale":1,"type":"fence_metal1"}
{"ctxid":0,"pos":[-43.3339958,637.141113,76.0475998],"rotationMatrix":[-1,-2.38418579e-07,0,2.38418579e-07,-1,0,0,0,1],"scale":1,"type":"fence_metal1"}
{"ctxid":0,"pos":[-5.20510006,652.101013,76.0475998],"rotationMatrix":[-1.93119049e-05,0.99999994,0,-0.99999994,-1.93119049e-05,0,0,0,1],"scale":1,"type":"fence_metal1"}
{"ctxid":0,"pos":[-1.88549995,652.101013,76.0475998],"rotationMatrix":[-1.93119049e-05,0.99999994,0,-0.99999994,-1.93119049e-05,0,0,0,1],"scale":1,"type":"fence_metal1"}
{"ctxid":0,"pos":[-15.1660004,652.101013,76.0475998],"rotationMatrix":[-1.93119049e-05,0.99999994,0,-0.99999994,-1.93119049e-05,0,0,0,1],"scale":1,"type":"fence_metal1"}
{"ctxid":0,"pos":[-18.4857006,652.101013,76.0475998],"rotationMatrix":[-1.93119049e-05,0.99999994,0,-0.99999994,-1.93119049e-05,0,0,0,1],"scale":1,"type":"fence_metal1"}
{"ctxid":0,"pos":[-11.8443003,652.101013,76.0475998],"rotationMatrix":[-1.93119049e-05,0.99999994,0,-0.99999994,-1.93119049e-05,0,0,0,1],"scale":1,"type":"fence_metal1"}
{"ctxid":0,"pos":[-8.52470016,652.101013,76.0475998],"rotationMatrix":[-1.93119049e-05,0.99999994,0,-0.99999994,-1.93119049e-05,0,0,0,1],"scale":1,"type":"fence_metal1"}
{"ctxid":0,"pos":[-35.092701,652.101013,76.0475998],"rotationMatrix":[-1.93119049e-05,0.99999994,0,-0.99999994,-1.93119049e-05,0,0,0,1],"scale":1,"type":"fence_metal1"}
{"ctxid":0,"pos":[-38.4123001,652.101013,76.0475998],"rotationMatrix":[-1.93119049e-05,0.99999994,0,-0.99999994,-1.93119049e-05,0,0,0,1],"scale":1,"type":"fence_metal1"}
{"ctxid":0,"pos":[-41.7340012,652.101013,76.0475998],"rotationMatrix":[-1.93119049e-05,0.99999994,0,-0.99999994,-1.93119049e-05,0,0,0,1],"scale":1,"type":"fence_metal1"}
{"ctxid":0,"pos":[-28.4535007,652.101013,76.0475998],"rotationMatrix":[-1.93119049e-05,0.99999994,0,-0.99999994,-1.93119049e-05,0,0,0,1],"scale":1,"type":"fence_metal1"}
{"ctxid":0,"pos":[-31.7730999,652.101013,76.0475998],"rotationMatrix":[-1.93119049e-05,0.99999994,0,-0.99999994,-1.93119049e-05,0,0,0,1],"scale":1,"type":"fence_metal1"}
{"ctxid":0,"pos":[-25.1317005,652.101013,76.0475998],"rotationMatrix":[-1.93119049e-05,0.99999994,0,-0.99999994,-1.93119049e-05,0,0,0,1],"scale":1,"type":"fence_metal1"}
{"ctxid":0,"pos":[-21.8120995,652.101013,76.0475998],"rotationMatrix":[-1.93119049e-05,0.99999994,0,-0.99999994,-1.93119049e-05,0,0,0,1],"scale":1,"type":"fence_metal1"}
{"ctxid":0,"pos":[-43.3339958,610.57312,76.0475998],"rotationMatrix":[-1,-2.38418579e-07,0,2.38418579e-07,-1,0,0,0,1],"scale":1,"type":"fence_metal1"}
{"ctxid":0,"pos":[-43.3339958,607.253113,76.0475998],"rotationMatrix":[-1,-2.38418579e-07,0,2.38418579e-07,-1,0,0,0,1],"scale":1,"type":"fence_metal1"}
{"ctxid":0,"pos":[-43.3339958,600.612122,76.0475998],"rotationMatrix":[-1,-2.38418579e-07,0,2.38418579e-07,-1,0,0,0,1],"scale":1,"type":"fence_metal1"}
{"ctxid":0,"pos":[-43.3339958,603.931091,76.0475998],"rotationMatrix":[-1,-2.38418579e-07,0,2.38418579e-07,-1,0,0,0,1],"scale":1,"type":"fence_metal1"}
{"ctxid":0,"pos":[-43.3339958,617.212097,76.0475998],"rotationMatrix":[-1,-2.38418579e-07,0,2.38418579e-07,-1,0,0,0,1],"scale":1,"type":"fence_metal1"}
{"ctxid":0,"pos":[-43.3339958,613.89209,76.0475998],"rotationMatrix":[-1,-2.38418579e-07,0,2.38418579e-07,-1,0,0,0,1],"scale":1,"type":"fence_metal1"}
{"ctxid":0,"pos":[-43.3339958,620.534119,76.0475998],"rotationMatrix":[-1,-2.38418579e-07,0,2.38418579e-07,-1,0,0,0,1],"scale":1,"type":"fence_metal1"}
{"ctxid":0,"pos":[-43.3339958,623.853088,76.0475998],"rotationMatrix":[-1,-2.38418579e-07,0,2.38418579e-07,-1,0,0,0,1],"scale":1,"type":"fence_metal1"}
{"ctxid":0,"pos":[-43.3273277,566.861755,76.0475998],"rotationMatrix":[0.999999881,-8.74227908e-08,0,8.74227908e-08,0.999999881,0,0,0,0.999999881],"scale":1,"type":"fence_metal1"}
{"ctxid":0,"pos":[-43.3273277,570.181763,76.0475998],"rotationMatrix":[0.999999881,-8.74227908e-08,0,8.74227908e-08,0.999999881,0,0,0,0.999999881],"scale":1,"type":"fence_metal1"}
{"ctxid":0,"pos":[-43.3273239,576.822754,76.0475998],"rotationMatrix":[0.999999881,-8.74227908e-08,0,8.74227908e-08,0.999999881,0,0,0,0.999999881],"scale":1,"type":"fence_metal1"}
{"ctxid":0,"pos":[-43.3273239,573.502808,76.0475998],"rotationMatrix":[0.999999881,-8.74227908e-08,0,8.74227908e-08,0.999999881,0,0,0,0.999999881],"scale":1,"type":"fence_metal1"}
{"ctxid":0,"pos":[-43.3273201,586.783813,76.0475998],"rotationMatrix":[0.999999881,-8.74227908e-08,0,8.74227908e-08,0.999999881,0,0,0,0.999999881],"scale":1,"type":"fence_metal1"}
{"ctxid":0,"pos":[-43.3273201,590.102783,76.0475998],"rotationMatrix":[0.999999881,-8.74227908e-08,0,8.74227908e-08,0.999999881,0,0,0,0.999999881],"scale":1,"type":"fence_metal1"}
{"ctxid":0,"pos":[-43.3273239,583.461792,76.0475998],"rotationMatrix":[0.999999881,-8.74227908e-08,0,8.74227908e-08,0.999999881,0,0,0,0.999999881],"scale":1,"type":"fence_metal1"}
{"ctxid":0,"pos":[-43.3273239,580.141785,76.0475998],"rotationMatrix":[0.999999881,-8.74227908e-08,0,8.74227908e-08,0.999999881,0,0,0,0.999999881],"scale":1,"type":"fence_metal1"}
{"ctxid":0,"pos":[-21.8120995,565.124023,76.0475998],"rotationMatrix":[-1.93119049e-05,0.99999994,0,-0.99999994,-1.93119049e-05,0,0,0,1],"scale":1,"type":"fence_metal1"}
{"ctxid":0,"pos":[-25.1317005,565.124023,76.0475998],"rotationMatrix":[-1.93119049e-05,0.99999994,0,-0.99999994,-1.93119049e-05,0,0,0,1],"scale":1,"type":"fence_metal1"}
{"ctxid":0,"pos":[-31.7730999,565.124023,76.0475998],"rotationMatrix":[-1.93119049e-05,0.99999994,0,-0.99999994,-1.93119049e-05,0,0,0,1],"scale":1,"type":"fence_metal1"}
{"ctxid":0,"pos":[-28.4535007,565.124023,76.0475998],"rotationMatrix":[-1.93119049e-05,0.99999994,0,-0.99999994,-1.93119049e-05,0,0,0,1],"scale":1,"type":"fence_metal1"}
{"ctxid":0,"pos":[-41.7340012,565.124023,76.0475998],"rotationMatrix":[-1.93119049e-05,0.99999994,0,-0.99999994,-1.93119049e-05,0,0,0,1],"scale":1,"type":"fence_metal1"}
{"ctxid":0,"pos":[-38.4123001,565.124023,76.0475998],"rotationMatrix":[-1.93119049e-05,0.99999994,0,-0.99999994,-1.93119049e-05,0,0,0,1],"scale":1,"type":"fence_metal1"}
{"ctxid":0,"pos":[-35.092701,565.124023,76.0475998],"rotationMatrix":[-1.93119049e-05,0.99999994,0,-0.99999994,-1.93119049e-05,0,0,0,1],"scale":1,"type":"fence_metal1"}
{"ctxid":0,"pos":[-8.52470016,565.124023,76.0475998],"rotationMatrix":[-1.93119049e-05,0.99999994,0,-0.99999994,-1.93119049e-05,0,0,0,1],"scale":1,"type":"fence_metal1"}
{"ctxid":0,"pos":[-11.8443003,565.124023,76.0475998],"rotationMatrix":[-1.93119049e-05,0.99999994,0,-0.99999994,-1.93119049e-05,0,0,0,1],"scale":1,"type":"fence_metal1"}
{"ctxid":0,"pos":[-18.4857006,565.124023,76.0475998],"rotationMatrix":[-1.93119049e-05,0.99999994,0,-0.99999994,-1.93119049e-05,0,0,0,1],"scale":1,"type":"fence_metal1"}
{"ctxid":0,"pos":[-15.1660004,565.124023,76.0475998],"rotationMatrix":[-1.93119049e-05,0.99999994,0,-0.99999994,-1.93119049e-05,0,0,0,1],"scale":1,"type":"fence_metal1"}
{"ctxid":0,"pos":[-1.88549995,565.124023,76.0475998],"rotationMatrix":[-1.93119049e-05,0.99999994,0,-0.99999994,-1.93119049e-05,0,0,0,1],"scale":1,"type":"fence_metal1"}
{"ctxid":0,"pos":[-5.20510006,565.124023,76.0475998],"rotationMatrix":[-1.93119049e-05,0.99999994,0,-0.99999994,-1.93119049e-05,0,0,0,1],"scale":1,"type":"fence_metal1"}
{"ctxid":0,"pos":[-0.759899974,449.863007,103.140999],"rotationMatrix":[0.667141557,-0.744930267,0.00105405739,0.744926929,0.667141914,0.00235895626,-0.00246046367,-0.000788562058,0.999996662],"scale":1,"type":"fence_metal1"}
{"ctxid":0,"pos":[-3.23300004,447.626007,103.141998],"rotationMatrix":[0.670430541,-0.741971433,0.00113863824,0.741967499,0.670431018,0.00256345561,-0.0026653891,-0.000873786572,0.999996066],"scale":1,"type":"fence_metal1"}
{"ctxid":0,"pos":[-5.69729996,445.377991,103.142998],"rotationMatrix":[0.672625184,-0.739982307,0.00121778226,0.739977777,0.672625661,0.00275261584,-0.0028559987,-0.000950346875,0.99999547],"scale":1,"type":"fence_metal1"}
{"ctxid":0,"pos":[-8.15639973,443.125,103.142998],"rotationMatrix":[0.674089372,-0.738648653,0.00129251112,0.738643527,0.674089849,0.00292940112,-0.00303506688,-0.00101997331,0.999994874],"scale":1,"type":"fence_metal1"}
{"ctxid":0,"pos":[-10.6136999,440.869995,103.141998],"rotationMatrix":[0.67372334,-0.738982558,0.00129323686,0.738977432,0.673723817,0.00292908074,-0.00303582381,-0.00101771764,0.999994874],"scale":1,"type":"fence_metal1"}
{"ctxid":0,"pos":[-373.451996,288.035004,103.042],"rotationMatrix":[0.679226041,-0.73392272,0.00305472873,0.73390913,0.679232359,0.00455073174,-0.00541475601,-0.000849082251,0.99998498],"scale":1,"type":"fence_metal1"}
{"ctxid":0,"pos":[-371.022003,290.231995,103.057999],"rotationMatrix":[0.674097776,-0.738636553,0.00286901719,0.738623917,0.67410326,0.00440739188,-0.00518947467,-0.000851888442,0.999986172],"scale":1,"type":"fence_metal1"}
{"ctxid":0,"pos":[-368.591003,292.428986,103.073997],"rotationMatrix":[0.668977201,-0.743277609,0.00280810799,0.743265927,0.668982685,0.00422653183,-0.00502006244,-0.000740282238,0.999987125],"scale":1,"type":"fence_metal1"}
{"ctxid":0,"pos":[-366.136993,294.598999,103.088997],"rotationMatrix":[0.66422832,-0.747525811,0.00242763991,0.747515798,0.664232254,0.00394514017,-0.00456161052,-0.000805774471,0.999989271],"scale":1,"type":"fence_metal1"}
{"ctxid":0,"pos":[-363.67099,296.755005,103.102997],"rotationMatrix":[0.659487486,-0.751711845,0.00235240906,0.751702905,0.659491301,0.00374384923,-0.00436568912,-0.000700709294,0.999990225],"scale":1,"type":"fence_metal1"}
{"ctxid":0,"pos":[-361.20401,298.911987,103.116997],"rotationMatrix":[0.654753327,-0.755839825,0.00205331109,0.755831361,0.654756069,0.0036642612,-0.0041140127,-0.000847230083,0.999991179],"scale":1,"type":"fence_metal1"}
{"ctxid":0,"pos":[-358.713989,301.040009,103.128998],"rotationMatrix":[0.650388956,-0.759598672,0.00199089712,0.759591043,0.650391579,0.0034998185,-0.00395332044,-0.000763975899,0.999991894],"scale":1,"type":"fence_metal1"}
{"ctxid":0,"pos":[-356.217987,303.162994,103.140999],"rotationMatrix":[0.646031082,-0.763309479,0.00159777515,0.763302326,0.646032274,0.00344548794,-0.00366218761,-0.00100630673,0.999992788],"scale":1,"type":"fence_metal1"}
{"ctxid":0,"pos":[-343.487,312.984985,103.233002],"rotationMatrix":[0.583853006,-0.81185025,0.00385922915,0.811847031,0.583863735,0.00274181971,-0.00447921082,0.00153228408,0.999988794],"scale":1,"type":"fence_metal1"}
{"ctxid":0,"pos":[-340.791992,314.915985,103.246002],"rotationMatrix":[0.582425833,-0.812878072,0.00305032288,0.812876642,0.582432389,0.00201169751,-0.00341187161,0.00130787189,0.999993324],"scale":1,"type":"fence_metal1"}
{"ctxid":0,"pos":[-338.088013,316.834015,103.254997],"rotationMatrix":[0.578511715,-0.815671444,0.00206501177,0.815670729,0.578514755,0.00139089907,-0.00232915627,0.000879718165,0.999996901],"scale":1,"type":"fence_metal1"}
{"ctxid":0,"pos":[-335.372009,318.734985,103.260002],"rotationMatrix":[0.572474599,-0.819921494,0.00121400889,0.819921494,0.572475553,0.000658429868,-0.0012348512,0.00061845762,0.999999046],"scale":1,"type":"fence_metal1"}
{"ctxid":0,"pos":[-332.636993,320.609009,103.262001],"rotationMatrix":[0.56538856,-0.824824452,0.000584231224,0.824824452,0.565388799,0.000368118461,-0.000633950927,0.000273758196,0.999999762],"scale":1,"type":"fence_metal1"}
{"ctxid":0,"pos":[-329.888,322.459991,103.263],"rotationMatrix":[0.557965517,-0.829864144,0,0.829864144,0.557965517,0,0,0,1],"scale":1,"type":"fence_metal1"}
{"ctxid":0,"pos":[-327.122986,324.286987,103.263],"rotationMatrix":[0.551265121,-0.834330142,0,0.834330142,0.551265121,0,0,0,1],"scale":1,"type":"fence_metal1"}
{"ctxid":0,"pos":[-409.48999,250.044998,102.681999],"rotationMatrix":[0.779654503,-0.626194537,0.00438600173,0.626169622,0.779664636,0.00588598847,-0.00710538449,-0.00184265641,0.999973059],"scale":1,"type":"fence_metal1"}
{"ctxid":0,"pos":[-407.432007,252.593002,102.707001],"rotationMatrix":[0.773247302,-0.634088576,0.00450638263,0.634062469,0.773258328,0.0060361689,-0.00731206359,-0.00181012391,0.999971628],"scale":1,"type":"fence_metal1"}
{"ctxid":0,"pos":[-405.322998,255.098999,102.732002],"rotationMatrix":[0.766851544,-0.641808212,0.00458074873,0.641780674,0.766863048,0.00621453952,-0.00750134932,-0.00182579271,0.999970198],"scale":1,"type":"fence_metal1"}
{"ctxid":0,"pos":[-403.187012,257.583008,102.757004],"rotationMatrix":[0.760090768,-0.649800599,0.0046132151,0.6497733,0.760102868,0.00619047647,-0.00752909295,-0.00170777971,0.999970198],"scale":1,"type":"fence_metal1"}
{"ctxid":0,"pos":[-401.052002,260.066986,102.782997],"rotationMatrix":[0.753342986,-0.65761143,0.00464510359,0.657584488,0.753355622,0.00616658479,-0.00755463168,-0.00159100536,0.999970198],"scale":1,"type":"fence_metal1"}
{"ctxid":0,"pos":[-398.858002,262.5,102.806999],"rotationMatrix":[0.74660629,-0.665250063,0.00462917006,0.66522491,0.746619403,0.00594252441,-0.00740949297,-0.00135728694,0.999971628],"scale":1,"type":"fence_metal1"}
{"ctxid":0,"pos":[-396.653015,264.921997,102.832001],"rotationMatrix":[0.739884555,-0.672719002,0.00447172485,0.672693849,0.739896715,0.00598271377,-0.00733329915,-0.00141841569,0.999972105],"scale":1,"type":"fence_metal1"}
{"ctxid":0,"pos":[-394.447998,267.345001,102.857002],"rotationMatrix":[0.733174205,-0.680026531,0.00440301606,0.680003047,0.733186364,0.00579151604,-0.00716661615,-0.00125212572,0.999973536],"scale":1,"type":"fence_metal1"}
{"ctxid":0,"pos":[-392.178986,269.708008,102.879997],"rotationMatrix":[0.726849914,-0.686783195,0.0042538261,0.686759591,0.726861179,0.00584105775,-0.0071034804,-0.0013242166,0.999973893],"scale":1,"type":"fence_metal1"}
{"ctxid":0,"pos":[-389.911011,272.071014,102.903],"rotationMatrix":[0.720164776,-0.693790138,0.00423827721,0.693768203,0.720176458,0.00562382862,-0.00695406413,-0.00110970158,0.999975204],"scale":1,"type":"fence_metal1"}
{"ctxid":0,"pos":[-387.631989,274.424988,102.925003],"rotationMatrix":[0.713862896,-0.70027411,0.00399754941,0.700253367,0.713873208,0.00550202373,-0.00670666806,-0.00112839299,0.999976873],"scale":1,"type":"fence_metal1"}
{"ctxid":0,"pos":[-385.304993,276.730988,102.946999],"rotationMatrix":[0.707942128,-0.706259608,0.00390567048,0.706240416,0.707952201,0.00530447485,-0.00651136413,-0.000996918883,0.999978304],"scale":1,"type":"fence_metal1"}
{"ctxid":0,"pos":[-382.979004,279.037994,102.968002],"rotationMatrix":[0.701662898,-0.71249944,0.0037096974,0.71248132,0.701671958,0.00517386757,-0.0062893685,-0.000987220323,0.999979734],"scale":1,"type":"fence_metal1"}
{"ctxid":0,"pos":[-380.631989,281.324005,102.987999],"rotationMatrix":[0.695763409,-0.718261957,0.00361186475,0.718245149,0.695772231,0.00498624425,-0.00609446503,-0.00087504182,0.999981046],"scale":1,"type":"fence_metal1"}
{"ctxid":0,"pos":[-378.246002,283.569,103.005997],"rotationMatrix":[0.690241933,-0.723570764,0.00338131003,0.723555028,0.690249681,0.0048594214,-0.00585008319,-0.000907612965,0.999982476],"scale":1,"type":"fence_metal1"}
{"ctxid":0,"pos":[-375.859985,285.813995,103.025002],"rotationMatrix":[0.684729695,-0.728790402,0.00312361424,0.728775501,0.684736133,0.00476106163,-0.00560866762,-0.000983626698,0.999983788],"scale":1,"type":"fence_metal1"}
{"ctxid":0,"pos":[-436.237,212.837006,102.309998],"rotationMatrix":[0.840130448,-0.54238379,0.000858825399,0.542382717,0.840130687,0.00118666969,-0.00136515591,-0.000531145255,0.999998927],"scale":1,"type":"fence_metal1"}
{"ctxid":0,"pos":[-427.143005,226.449005,102.511002],"rotationMatrix":[0.817182899,-0.576376557,0.00146635179,0.576374054,0.817183971,0.00182576862,-0.00225060945,-0.00064681971,0.999997258],"scale":1,"type":"fence_metal1"}
{"ctxid":0,"pos":[-425.248993,229.119995,102.522003],"rotationMatrix":[0.815279305,-0.57906431,0.00205422053,0.579059541,0.815281451,0.0025041101,-0.00312480889,-0.000852033205,0.999994755],"scale":1,"type":"fence_metal1"}
{"ctxid":0,"pos":[-423.350006,231.787994,102.533997],"rotationMatrix":[0.813377082,-0.581731498,0.00247998792,0.581723869,0.813380003,0.00320943561,-0.00388420257,-0.00116781308,0.999991775],"scale":1,"type":"fence_metal1"}
{"ctxid":0,"pos":[-421.420013,234.434006,102.551003],"rotationMatrix":[0.80957365,-0.587010801,0.00296180369,0.586999595,0.809577882,0.00388193713,-0.0046765497,-0.00140413619,0.999988079],"scale":1,"type":"fence_metal1"}
{"ctxid":0,"pos":[-419.48999,237.080002,102.569],"rotationMatrix":[0.805773735,-0.592213988,0.00335350633,0.592199922,0.805779278,0.00436267443,-0.00528582279,-0.00152938231,0.99998486],"scale":1,"type":"fence_metal1"}
{"ctxid":0,"pos":[-417.541992,239.712006,102.588997],"rotationMatrix":[0.801978111,-0.597341776,0.00373535953,0.597324252,0.801985025,0.00486999657,-0.00590475462,-0.00167440926,0.999981165],"scale":1,"type":"fence_metal1"}
{"ctxid":0,"pos":[-415.554993,242.315994,102.611],"rotationMatrix":[0.796668828,-0.604403615,0.00388360303,0.604383707,0.796676219,0.00523026614,-0.00625516567,-0.00181960396,0.999978781],"scale":1,"type":"fence_metal1"}
{"ctxid":0,"pos":[-413.569,244.919998,102.633003],"rotationMatrix":[0.791367829,-0.61132586,0.00420000032,0.611303449,0.791376889,0.00554602407,-0.00671421085,-0.0018214708,0.999975801],"scale":1,"type":"fence_metal1"}
{"ctxid":0,"pos":[-411.546997,247.496002,102.656998],"rotationMatrix":[0.785696685,-0.618596554,0.0043573794,0.618571401,0.785706341,0.00590720959,-0.00707780058,-0.00194592425,0.999973059],"scale":1,"type":"fence_metal1"}
{"ctxid":0,"pos":[-449.645996,189.475006,102.181],"rotationMatrix":[0.880267739,-0.474464595,0.00346793234,0.474443376,0.880268753,0.00551466225,-0.00566922408,-0.0032090419,0.999978781],"scale":1,"type":"fence_metal1"}
{"ctxid":0,"pos":[-448.222992,192.108002,102.199997],"rotationMatrix":[0.879102945,-0.476619631,0.00342661934,0.476599663,0.879104316,0.00532092061,-0.00554841151,-0.00304451119,0.999979973],"scale":1,"type":"fence_metal1"}
{"ctxid":0,"pos":[-446.790985,194.737,102.219002],"rotationMatrix":[0.877163827,-0.480180711,0.00317243091,0.480162352,0.877164423,0.00516253896,-0.00526169501,-0.00300511066,0.999981642],"scale":1,"type":"fence_metal1"}
{"ctxid":0,"pos":[-445.346985,197.358994,102.236],"rotationMatrix":[0.874837339,-0.484406769,0.00311806309,0.484390616,0.874838829,0.00476469658,-0.00503585394,-0.00265797414,0.999983788],"scale":1,"type":"fence_metal1"}
{"ctxid":0,"pos":[-443.888,199.973007,102.252998],"rotationMatrix":[0.871738136,-0.489963859,0.00283371028,0.489950091,0.871739268,0.00443017529,-0.00464088237,-0.00247357599,0.999986172],"scale":1,"type":"fence_metal1"}
{"ctxid":0,"pos":[-442.412994,202.578003,102.267998],"rotationMatrix":[0.868255198,-0.496111512,0.00251706969,0.496099949,0.868255734,0.0040976624,-0.00421835762,-0.00230909837,0.999988437],"scale":1,"type":"fence_metal1"}
{"ctxid":0,"pos":[-440.911987,205.167999,102.281998],"rotationMatrix":[0.863230228,-0.504804611,0.00242309296,0.504795671,0.863231778,0.00349976448,-0.00385838817,-0.00179793581,0.99999094],"scale":1,"type":"fence_metal1"}
{"ctxid":0,"pos":[-439.385986,207.744003,102.293999],"rotationMatrix":[0.857055068,-0.515221775,0.00179701485,0.515216172,0.857055604,0.00282424851,-0.00299525587,-0.00149468542,0.999994397],"scale":1,"type":"fence_metal1"}
{"ctxid":0,"pos":[-437.829987,210.302002,102.303001],"rotationMatrix":[0.84973681,-0.52720505,0.00146900862,0.527201951,0.849737525,0.00206864765,-0.00233887322,-0.000983341713,0.999996781],"scale":1,"type":"fence_metal1"}
{"ctxid":0,"pos":[-455.368011,178.964005,102.103996],"rotationMatrix":[0.862459719,-0.50611937,0.00252971938,0.506108761,0.862460911,0.00388047332,-0.00414576707,-0.00206643855,0.999989271],"scale":1,"type":"fence_metal1"}
{"ctxid":0,"pos":[-453.910004,181.574005,102.122002],"rotationMatrix":[0.876777411,-0.480885655,0.00322475191,0.480866104,0.876777649,0.00535735348,-0.00540366489,-0.00314653246,0.99998045],"scale":1,"type":"fence_metal1"}
{"ctxid":0,"pos":[-452.483002,184.205002,102.140999],"rotationMatrix":[0.879879832,-0.475183666,0.00347018475,0.475162446,0.879880786,0.00551324524,-0.00567315286,-0.0032020919,0.999978781],"scale":1,"type":"fence_metal1"}
{"ctxid":0,"pos":[-451.063995,186.839996,102.161003],"rotationMatrix":[0.880655348,-0.47374481,0.00346567761,0.47372359,0.880656302,0.00551608112,-0.00566528551,-0.00321599306,0.999978781],"scale":1,"type":"fence_metal1"}
{"ctxid":0,"pos":[-455.372009,178.936005,15.5293999],"rotationMatrix":[0.81603688,-0.57799983,0,0.57799983,0.81603688,0,0,0,1],"scale":1,"type":"fence_metal1"}
{"ctxid":0,"pos":[-455.372009,178.936005,15.5293999],"rotationMatrix":[0.81603688,-0.57799983,0,0.57799983,0.81603688,0,0,0,1],"scale":1,"type":"fence_metal1"}
{"ctxid":0,"pos":[70.9293976,625.111023,76.0475998],"rotationMatrix":[0.379128575,-0.92534399,0,0.92534399,0.379128575,0,0,0,1],"scale":1,"type":"fence_metal1"}
{"ctxid":0,"pos":[37.1063004,689.859009,76.0475998],"rotationMatrix":[0.379128575,-0.92534399,0,0.92534399,0.379128575,0,0,0,1],"scale":1,"type":"fence_metal1"}
{"ctxid":0,"pos":[34.0346985,688.599976,76.0475998],"rotationMatrix":[0.379128575,-0.92534399,0,0.92534399,0.379128575,0,0,0,1],"scale":1,"type":"fence_metal1"}
{"ctxid":0,"pos":[46.323101,693.637024,76.0475998],"rotationMatrix":[0.379128575,-0.92534399,0,0.92534399,0.379128575,0,0,0,1],"scale":1,"type":"fence_metal1"}
{"ctxid":0,"pos":[49.3947983,694.895996,76.0475998],"rotationMatrix":[0.379128575,-0.92534399,0,0.92534399,0.379128575,0,0,0,1],"scale":1,"type":"fence_metal1"}
{"ctxid":0,"pos":[43.2495995,692.377014,76.0475998],"rotationMatrix":[0.379128575,-0.92534399,0,0.92534399,0.379128575,0,0,0,1],"scale":1,"type":"fence_metal1"}
{"ctxid":0,"pos":[40.1778984,691.117981,76.0475998],"rotationMatrix":[0.379128575,-0.92534399,0,0.92534399,0.379128575,0,0,0,1],"scale":1,"type":"fence_metal1"}
{"ctxid":0,"pos":[52.4726982,696.15802,76.0475998],"rotationMatrix":[0.379128575,-0.92534399,0,0.92534399,0.379128575,0,0,0,1],"scale":1,"type":"fence_metal1"}
{"ctxid":0,"pos":[26.4351997,670.507019,76.0475998],"rotationMatrix":[1,1.50995803e-07,0,-1.50995803e-07,1,0,0,0,1],"scale":1,"type":"fence_metal1"}
{"ctxid":0,"pos":[26.4351997,667.187012,76.0475998],"rotationMatrix":[1,1.50995803e-07,0,-1.50995803e-07,1,0,0,0,1],"scale":1,"type":"fence_metal1"}
{"ctxid":0,"pos":[26.4351997,680.468018,76.0475998],"rotationMatrix":[1,1.50995803e-07,0,-1.50995803e-07,1,0,0,0,1],"scale":1,"type":"fence_metal1"}
{"ctxid":0,"pos":[26.4351997,677.145996,76.0475998],"rotationMatrix":[1,1.50995803e-07,0,-1.50995803e-07,1,0,0,0,1],"scale":1,"type":"fence_metal1"}
{"ctxid":0,"pos":[26.4351997,673.825989,76.0475998],"rotationMatrix":[1,1.50995803e-07,0,-1.50995803e-07,1,0,0,0,1],"scale":1,"type":"fence_metal1"}
{"ctxid":0,"pos":[26.4351997,683.765991,76.0475998],"rotationMatrix":[1,1.50995803e-07,0,-1.50995803e-07,1,0,0,0,1],"scale":1,"type":"fence_metal1"}
{"ctxid":0,"pos":[27.8894997,686.08197,76.0475998],"rotationMatrix":[0.379128575,-0.92534399,0,0.92534399,0.379128575,0,0,0,1],"scale":1,"type":"fence_metal1"}
{"ctxid":0,"pos":[30.9610996,687.341003,76.0475998],"rotationMatrix":[0.379128575,-0.92534399,0,0.92534399,0.379128575,0,0,0,1],"scale":1,"type":"fence_metal1"}
{"ctxid":0,"pos":[6.49371624,637.117432,76.0475998],"rotationMatrix":[-1,-2.38418579e-07,0,2.38418579e-07,-1,0,0,0,1],"scale":1,"type":"fence_metal1"}
{"ctxid":0,"pos":[6.49371624,633.797424,76.0475998],"rotationMatrix":[-1,-2.38418579e-07,0,2.38418579e-07,-1,0,0,0,1],"scale":1,"type":"fence_metal1"}
{"ctxid":0,"pos":[6.49371624,627.156433,76.0475998],"rotationMatrix":[-1,-2.38418579e-07,0,2.38418579e-07,-1,0,0,0,1],"scale":1,"type":"fence_metal1"}
{"ctxid":0,"pos":[6.49371624,630.475403,76.0475998],"rotationMatrix":[-1,-2.38418579e-07,0,2.38418579e-07,-1,0,0,0,1],"scale":1,"type":"fence_metal1"}
{"ctxid":0,"pos":[6.49371624,643.756409,76.0475998],"rotationMatrix":[-1,-2.38418579e-07,0,2.38418579e-07,-1,0,0,0,1],"scale":1,"type":"fence_metal1"}
{"ctxid":0,"pos":[6.49371624,640.436401,76.0475998],"rotationMatrix":[-1,-2.38418579e-07,0,2.38418579e-07,-1,0,0,0,1],"scale":1,"type":"fence_metal1"}
{"ctxid":0,"pos":[6.49371624,647.07843,76.0475998],"rotationMatrix":[-1,-2.38418579e-07,0,2.38418579e-07,-1,0,0,0,1],"scale":1,"type":"fence_metal1"}
{"ctxid":0,"pos":[6.49371624,650.3974,76.0475998],"rotationMatrix":[-1,-2.38418579e-07,0,2.38418579e-07,-1,0,0,0,1],"scale":1,"type":"fence_metal1"}
{"ctxid":0,"pos":[4.75589991,652.101013,76.0475998],"rotationMatrix":[-1.93119049e-05,0.99999994,0,-0.99999994,-1.93119049e-05,0,0,0,1],"scale":1,"type":"fence_metal1"}
{"ctxid":0,"pos":[1.43630004,652.101013,76.0475998],"rotationMatrix":[-1.93119049e-05,0.99999994,0,-0.99999994,-1.93119049e-05,0,0,0,1],"scale":1,"type":"fence_metal1"}
{"ctxid":0,"pos":[26.4351997,628.382019,76.0475998],"rotationMatrix":[1,1.50995803e-07,0,-1.50995803e-07,1,0,0,0,1],"scale":1,"type":"fence_metal1"}
{"ctxid":0,"pos":[26.4351997,631.700989,76.0475998],"rotationMatrix":[1,1.50995803e-07,0,-1.50995803e-07,1,0,0,0,1],"scale":1,"type":"fence_metal1"}
{"ctxid":0,"pos":[26.4351997,625.059998,76.0475998],"rotationMatrix":[1,1.50995803e-07,0,-1.50995803e-07,1,0,0,0,1],"scale":1,"type":"fence_metal1"}
{"ctxid":0,"pos":[26.4351997,648.307983,76.0475998],"rotationMatrix":[1,1.50995803e-07,0,-1.50995803e-07,1,0,0,0,1],"scale":1,"type":"fence_metal1"}
{"ctxid":0,"pos":[26.4351997,651.627991,76.0475998],"rotationMatrix":[1,1.50995803e-07,0,-1.50995803e-07,1,0,0,0,1],"scale":1,"type":"fence_metal1"}
{"ctxid":0,"pos":[26.4351997,654.950012,76.0475998],"rotationMatrix":[1,1.50995803e-07,0,-1.50995803e-07,1,0,0,0,1],"scale":1,"type":"fence_metal1"}
{"ctxid":0,"pos":[26.4351997,641.669006,76.0475998],"rotationMatrix":[1,1.50995803e-07,0,-1.50995803e-07,1,0,0,0,1],"scale":1,"type":"fence_metal1"}
{"ctxid":0,"pos":[26.4351997,644.989014,76.0475998],"rotationMatrix":[1,1.50995803e-07,0,-1.50995803e-07,1,0,0,0,1],"scale":1,"type":"fence_metal1"}
{"ctxid":0,"pos":[26.4351997,638.346985,76.0475998],"rotationMatrix":[1,1.50995803e-07,0,-1.50995803e-07,1,0,0,0,1],"scale":1,"type":"fence_metal1"}
{"ctxid":0,"pos":[26.4351997,635.028015,76.0475998],"rotationMatrix":[1,1.50995803e-07,0,-1.50995803e-07,1,0,0,0,1],"scale":1,"type":"fence_metal1"}
{"ctxid":0,"pos":[67.8559036,623.851013,76.0475998],"rotationMatrix":[0.379128575,-0.92534399,0,0.92534399,0.379128575,0,0,0,1],"scale":1,"type":"fence_metal1"}
{"ctxid":0,"pos":[64.7842026,622.59198,76.0475998],"rotationMatrix":[0.379128575,-0.92534399,0,0.92534399,0.379128575,0,0,0,1],"scale":1,"type":"fence_metal1"}
{"ctxid":0,"pos":[70.5891037,519.875977,102.877998],"rotationMatrix":[0.739499092,-0.672900379,0.0186051242,0.672533691,0.739721179,0.0226057284,-0.0289740078,-0.00420434121,0.999571323],"scale":1,"type":"fence_metal1"}
{"ctxid":0,"pos":[68.3582993,517.432007,102.828003],"rotationMatrix":[0.733564496,-0.679599702,0.00523219211,0.679558098,0.733579874,0.00783032086,-0.00915971398,-0.00218846649,0.999955654],"scale":1,"type":"fence_metal1"}
{"ctxid":0,"pos":[66.0931015,514.992981,102.819],"rotationMatrix":[0.72757709,-0.686024964,0.00115967914,0.686017096,0.727575243,0.00385584566,-0.00348896021,-0.00200986513,0.999991894],"scale":1,"type":"fence_metal1"}
{"ctxid":0,"pos":[63.8035011,512.572021,102.82],"rotationMatrix":[0.721256375,-0.69266814,-0.00022389862,0.692667067,0.721254468,0.00205946597,-0.00126503874,-0.00164049002,0.999997854],"scale":1,"type":"fence_metal1"}
{"ctxid":0,"pos":[6.4752841,580.128601,76.0475998],"rotationMatrix":[0.999999821,-8.74227766e-08,0,8.74227766e-08,0.999999821,0,0,0,0.999999762],"scale":1,"type":"fence_metal1"}
{"ctxid":0,"pos":[6.47528553,583.448608,76.0475998],"rotationMatrix":[0.999999821,-8.74227766e-08,0,8.74227766e-08,0.999999821,0,0,0,0.999999762],"scale":1,"type":"fence_metal1"}
{"ctxid":0,"pos":[6.47528744,590.0896,76.0475998],"rotationMatrix":[0.999999821,-8.74227766e-08,0,8.74227766e-08,0.999999821,0,0,0,0.999999762],"scale":1,"type":"fence_metal1"}
{"ctxid":0,"pos":[6.47528648,586.77063,76.0475998],"rotationMatrix":[0.999999881,-8.74227908e-08,0,8.74227908e-08,0.999999881,0,0,0,0.999999881],"scale":1,"type":"fence_metal1"}
{"ctxid":0,"pos":[6.47528219,573.489624,76.0475998],"rotationMatrix":[0.999999821,-8.74227766e-08,0,8.74227766e-08,0.999999821,0,0,0,0.999999762],"scale":1,"type":"fence_metal1"}
{"ctxid":0,"pos":[6.47528315,576.80957,76.0475998],"rotationMatrix":[0.999999821,-8.74227766e-08,0,8.74227766e-08,0.999999821,0,0,0,0.999999762],"scale":1,"type":"fence_metal1"}
{"ctxid":0,"pos":[6.47528076,570.168579,76.0475998],"rotationMatrix":[0.999999821,-8.74227766e-08,0,8.74227766e-08,0.999999821,0,0,0,0.999999762],"scale":1,"type":"fence_metal1"}
{"ctxid":0,"pos":[6.47527981,566.848572,76.0475998],"rotationMatrix":[0.999999821,-8.74227766e-08,0,8.74227766e-08,0.999999821,0,0,0,0.999999762],"scale":1,"type":"fence_metal1"}
{"ctxid":0,"pos":[6.49371624,623.829407,76.0475998],"rotationMatrix":[-1,-2.38418579e-07,0,2.38418579e-07,-1,0,0,0,1],"scale":1,"type":"fence_metal1"}
{"ctxid":0,"pos":[6.49371624,620.510437,76.0475998],"rotationMatrix":[-1,-2.38418579e-07,0,2.38418579e-07,-1,0,0,0,1],"scale":1,"type":"fence_metal1"}
{"ctxid":0,"pos":[6.49371624,613.868408,76.0475998],"rotationMatrix":[-1,-2.38418579e-07,0,2.38418579e-07,-1,0,0,0,1],"scale":1,"type":"fence_metal1"}
{"ctxid":0,"pos":[6.49371624,617.188416,76.0475998],"rotationMatrix":[-1,-2.38418579e-07,0,2.38418579e-07,-1,0,0,0,1],"scale":1,"type":"fence_metal1"}
{"ctxid":0,"pos":[6.49371624,603.90741,76.0475998],"rotationMatrix":[-1,-2.38418579e-07,0,2.38418579e-07,-1,0,0,0,1],"scale":1,"type":"fence_metal1"}
{"ctxid":0,"pos":[6.49371624,600.58844,76.0475998],"rotationMatrix":[-1,-2.38418579e-07,0,2.38418579e-07,-1,0,0,0,1],"scale":1,"type":"fence_metal1"}
{"ctxid":0,"pos":[6.49371624,607.229431,76.0475998],"rotationMatrix":[-1,-2.38418579e-07,0,2.38418579e-07,-1,0,0,0,1],"scale":1,"type":"fence_metal1"}
{"ctxid":0,"pos":[6.49371624,610.549438,76.0475998],"rotationMatrix":[-1,-2.38418579e-07,0,2.38418579e-07,-1,0,0,0,1],"scale":1,"type":"fence_metal1"}
{"ctxid":0,"pos":[1.43630004,565.124023,76.0475998],"rotationMatrix":[-1.93119049e-05,0.99999994,0,-0.99999994,-1.93119049e-05,0,0,0,1],"scale":1,"type":"fence_metal1"}
{"ctxid":0,"pos":[4.75589991,565.124023,76.0475998],"rotationMatrix":[-1.93119049e-05,0.99999994,0,-0.99999994,-1.93119049e-05,0,0,0,1],"scale":1,"type":"fence_metal1"}
{"ctxid":0,"pos":[26.4351997,608.460022,76.0475998],"rotationMatrix":[1,1.50995803e-07,0,-1.50995803e-07,1,0,0,0,1],"scale":1,"type":"fence_metal1"}
{"ctxid":0,"pos":[26.4351997,611.778992,76.0475998],"rotationMatrix":[1,1.50995803e-07,0,-1.50995803e-07,1,0,0,0,1],"scale":1,"type":"fence_metal1"}
{"ctxid":0,"pos":[26.4351997,618.421021,76.0475998],"rotationMatrix":[1,1.50995803e-07,0,-1.50995803e-07,1,0,0,0,1],"scale":1,"type":"fence_metal1"}
{"ctxid":0,"pos":[26.4351997,615.101013,76.0475998],"rotationMatrix":[1,1.50995803e-07,0,-1.50995803e-07,1,0,0,0,1],"scale":1,"type":"fence_metal1"}
{"ctxid":0,"pos":[26.4351997,621.73999,76.0475998],"rotationMatrix":[1,1.50995803e-07,0,-1.50995803e-07,1,0,0,0,1],"scale":1,"type":"fence_metal1"}
{"ctxid":0,"pos":[52.4958,617.55603,76.0475998],"rotationMatrix":[0.379128575,-0.92534399,0,0.92534399,0.379128575,0,0,0,1],"scale":1,"type":"fence_metal1"}
{"ctxid":0,"pos":[55.5674019,618.814026,76.0475998],"rotationMatrix":[0.379128575,-0.92534399,0,0.92534399,0.379128575,0,0,0,1],"scale":1,"type":"fence_metal1"}
{"ctxid":0,"pos":[61.7126007,621.333008,76.0475998],"rotationMatrix":[0.379128575,-0.92534399,0,0.92534399,0.379128575,0,0,0,1],"scale":1,"type":"fence_metal1"}
{"ctxid":0,"pos":[58.6409988,620.073975,76.0475998],"rotationMatrix":[0.379128575,-0.92534399,0,0.92534399,0.379128575,0,0,0,1],"scale":1,"type":"fence_metal1"}
{"ctxid":0,"pos":[40.2010002,612.515991,76.0475998],"rotationMatrix":[0.379128575,-0.92534399,0,0.92534399,0.379128575,0,0,0,1],"scale":1,"type":"fence_metal1"}
{"ctxid":0,"pos":[43.2727013,613.775024,76.0475998],"rotationMatrix":[0.379128575,-0.92534399,0,0.92534399,0.379128575,0,0,0,1],"scale":1,"type":"fence_metal1"}
{"ctxid":0,"pos":[49.4179001,616.294006,76.0475998],"rotationMatrix":[0.379128575,-0.92534399,0,0.92534399,0.379128575,0,0,0,1],"scale":1,"type":"fence_metal1"}
{"ctxid":0,"pos":[46.346199,615.034973,76.0475998],"rotationMatrix":[0.379128575,-0.92534399,0,0.92534399,0.379128575,0,0,0,1],"scale":1,"type":"fence_metal1"}
{"ctxid":0,"pos":[34.0578003,609.997986,76.0475998],"rotationMatrix":[0.379128575,-0.92534399,0,0.92534399,0.379128575,0,0,0,1],"scale":1,"type":"fence_metal1"}
{"ctxid":0,"pos":[37.1293983,611.257019,76.0475998],"rotationMatrix":[0.379128575,-0.92534399,0,0.92534399,0.379128575,0,0,0,1],"scale":1,"type":"fence_metal1"}
{"ctxid":0,"pos":[30.9841003,608.739014,76.0475998],"rotationMatrix":[0.379128575,-0.92534399,0,0.92534399,0.379128575,0,0,0,1],"scale":1,"type":"fence_metal1"}
{"ctxid":0,"pos":[27.9125996,607.47998,76.0475998],"rotationMatrix":[0.379128575,-0.92534399,0,0.92534399,0.379128575,0,0,0,1],"scale":1,"type":"fence_metal1"}
{"ctxid":0,"pos":[61.4915009,510.173004,102.830002],"rotationMatrix":[0.715693116,-0.698412299,-0.00188713067,0.69841373,0.715694249,0.000122531201,0.00126503117,-0.00140569266,0.999998212],"scale":1,"type":"fence_metal1"}
{"ctxid":0,"pos":[59.1663017,507.78299,102.844002],"rotationMatrix":[0.714211702,-0.699927211,-0.0018869997,0.699928641,0.714212775,0.000124530343,0.00126055721,-0.00140970619,0.999998212],"scale":1,"type":"fence_metal1"}
{"ctxid":0,"pos":[56.8366013,505.395996,102.857002],"rotationMatrix":[0.71310091,-0.701058865,-0.0018869004,0.701060295,0.713101983,0.000126026687,0.00125720038,-0.00141270063,0.999998212],"scale":1,"type":"fence_metal1"}
{"ctxid":0,"pos":[54.5041008,503.013,102.871002],"rotationMatrix":[0.712360561,-0.701811135,-0.00188683358,0.701812565,0.712361634,0.000127022329,0.00125496218,-0.00141468924,0.999998212],"scale":1,"type":"fence_metal1"}
{"ctxid":0,"pos":[52.1696014,500.631012,102.885002],"rotationMatrix":[0.711620688,-0.702560484,-0.00218358543,0.702562153,0.711622357,-1.7912942e-05,0.00156647316,-0.00152135722,0.999997616],"scale":1,"type":"fence_metal1"}
{"ctxid":0,"pos":[49.832901,498.252014,102.900002],"rotationMatrix":[0.711250544,-0.702935219,-0.00218359008,0.702936888,0.711252272,-1.73380831e-05,0.00156527106,-0.00152259425,0.999997616],"scale":1,"type":"fence_metal1"}
{"ctxid":0,"pos":[47.4944992,495.873993,102.914001],"rotationMatrix":[0.710880578,-0.703309298,-0.00218359428,0.703310966,0.710882306,-1.67634571e-05,0.00156406849,-0.00152382907,0.999997616],"scale":1,"type":"fence_metal1"}
{"ctxid":0,"pos":[45.1545982,493.497986,102.929001],"rotationMatrix":[0.710140705,-0.704056382,-0.00218360266,0.704058051,0.710142434,-1.56157184e-05,0.00156166323,-0.00152629381,0.999997616],"scale":1,"type":"fence_metal1"}
{"ctxid":0,"pos":[42.8128014,491.122986,102.943001],"rotationMatrix":[0.709770799,-0.704429328,-0.00218360731,0.704430997,0.709772527,-1.50421984e-05,0.00156046078,-0.00152752409,0.999997616],"scale":1,"type":"fence_metal1"}
{"ctxid":0,"pos":[40.4693985,488.75,102.958],"rotationMatrix":[0.709031105,-0.70517385,-0.00218361453,0.705175519,0.709032774,-1.38963806e-05,0.00155805377,-0.00152997859,0.999997616],"scale":1,"type":"fence_metal1"}
{"ctxid":0,"pos":[38.1240997,486.378998,102.973],"rotationMatrix":[0.708661616,-0.705545127,-0.00218361826,0.705546796,0.708663344,-1.33243157e-05,0.00155685109,-0.00153120235,0.999997616],"scale":1,"type":"fence_metal1"}
{"ctxid":0,"pos":[35.7766991,484.01001,102.987],"rotationMatrix":[0.707922101,-0.706287146,-0.00218362478,0.706288815,0.70792377,-1.21805351e-05,0.0015544428,-0.00153364684,0.999997616],"scale":1,"type":"fence_metal1"}
{"ctxid":0,"pos":[33.4267998,481.644012,103.001999],"rotationMatrix":[0.707183003,-0.707027197,-0.0021836306,0.707028866,0.707184672,-1.1038559e-05,0.00155203475,-0.00153608364,0.999997616],"scale":1,"type":"fence_metal1"}
{"ctxid":0,"pos":[31.0737991,479.281006,103.016998],"rotationMatrix":[0.706074476,-0.708134294,-0.00218363898,0.708135962,0.706076145,-9.32824332e-06,0.0015484211,-0.00153972674,0.999997616],"scale":1,"type":"fence_metal1"}
{"ctxid":0,"pos":[28.7169991,476.92099,103.030998],"rotationMatrix":[0.704596996,-0.709604323,-0.00218364736,0.709605992,0.704598665,-7.05255661e-06,0.00154359965,-0.00154456007,0.999997616],"scale":1,"type":"fence_metal1"}
{"ctxid":0,"pos":[26.3546009,474.566986,103.045998],"rotationMatrix":[0.702751279,-0.711432099,-0.00223409361,0.711433649,0.702753246,-0.000124937156,0.00165890087,-0.00150160969,0.999997497],"scale":1,"type":"fence_metal1"}
{"ctxid":0,"pos":[23.9832993,472.221985,103.059998],"rotationMatrix":[0.699062407,-0.715057194,-0.00223440933,0.715058744,0.699064314,-0.000119159464,0.0016472016,-0.00151443412,0.999997497],"scale":1,"type":"fence_metal1"}
{"ctxid":0,"pos":[21.6061993,469.90799,103.077003],"rotationMatrix":[0.689955413,-0.723747075,-0.0123184975,0.723681509,0.690062344,-0.0099526532,0.015703734,-0.0020477823,0.999874592],"scale":1,"type":"fence_metal1"}
{"ctxid":0,"pos":[19.1742992,467.593994,103.128998],"rotationMatrix":[0.685083985,-0.728463471,0.000949201523,0.72846061,0.685084164,0.00219569006,-0.00224976288,-0.000812776154,0.999997139],"scale":1,"type":"fence_metal1"}
{"ctxid":0,"pos":[16.7397003,465.312012,103.115997],"rotationMatrix":[0.677752972,-0.735288084,0.00152450043,0.735280931,0.677753568,0.00347852986,-0.0035909568,-0.00123664795,0.999992788],"scale":1,"type":"fence_metal1"}
{"ctxid":0,"pos":[14.2799997,463.062988,103.119003],"rotationMatrix":[0.66640985,-0.745585561,0.000264162372,0.745583653,0.666408896,0.00205468992,-0.00170798716,-0.00117231032,0.999997854],"scale":1,"type":"fence_metal1"}
