{"ctxid":0,"pos":[950.010437,-1005.60718,166.624573],"rotationMatrix":[-0.495316982,-0.868712187,0.00048828125,0.868712306,-0.495317101,1.14669092e-08,0.000241844042,0.000424181606,0.999999881],"scale":1.00000012,"type":"guardrailpost"}
{"ctxid":0,"pos":[951.001038,-1003.86975,166.623444],"rotationMatrix":[-0.495236993,-0.868757725,0.000598020037,0.868757844,-0.495237112,-1.19325705e-09,0.000296162732,0.000519533991,0.999999821],"scale":0.99999994,"type":"guardrailpost"}
{"ctxid":0,"pos":[951.991577,-1002.13232,166.622147],"rotationMatrix":[-0.495302558,-0.868720293,0.000598019862,0.868720412,-0.495302677,4.24915925e-09,0.000296197191,0.0005195142,0.999999821],"scale":0.999999881,"type":"guardrailpost"}
{"ctxid":0,"pos":[952.982178,-1000.3949,166.620789],"rotationMatrix":[-0.495302677,-0.868720233,0.000772040454,0.868720472,-0.495302796,5.4424163e-09,0.000382389058,0.000670689973,0.999999702],"scale":0.99999994,"type":"guardrailpost"}
{"ctxid":0,"pos":[953.972717,-998.65741,166.619339],"rotationMatrix":[-0.49522233,-0.86876595,0.000598019862,0.868766069,-0.495222449,-4.80504241e-08,0.000296194688,0.000519515597,0.999999821],"scale":0.999999881,"type":"guardrailpost"}
{"ctxid":0,"pos":[954.963318,-996.919922,166.617828],"rotationMatrix":[-0.495317101,-0.868711948,0.000690533896,0.868712187,-0.495317101,1.30676199e-08,0.000342021929,0.000599881634,0.999999762],"scale":1,"type":"guardrailpost"}
{"ctxid":0,"pos":[955.953857,-995.182495,166.616302],"rotationMatrix":[-0.495288014,-0.86872828,0.000913490541,0.868728638,-0.495288253,-4.24915925e-09,0.000452444889,0.00079357333,0.999999583],"scale":0.99999994,"type":"guardrailpost"}
{"ctxid":0,"pos":[956.944458,-993.445068,166.614731],"rotationMatrix":[-0.495222092,-0.868765831,0.000976562267,0.868766189,-0.49522233,-8.76898412e-08,0.000483691692,0.000848360942,0.999999523],"scale":0.99999994,"type":"guardrailpost"}
{"ctxid":0,"pos":[957.935059,-991.707581,166.613159],"rotationMatrix":[-0.495288253,-0.86872828,0.000772040454,0.868728518,-0.495288372,-3.69618647e-09,0.000382385915,0.000670691836,0.999999702],"scale":1,"type":"guardrailpost"}
{"ctxid":0,"pos":[958.925598,-989.970093,166.611542],"rotationMatrix":[-0.495251536,-0.86874938,0.000772040337,0.868749619,-0.495251656,-1.79570634e-08,0.000382369821,0.000670700916,0.999999702],"scale":0.99999994,"type":"guardrailpost"}
{"ctxid":0,"pos":[959.916199,-988.232666,166.609924],"rotationMatrix":[-0.495222449,-0.868765891,0.000772040337,0.868766129,-0.495222569,-4.36557457e-08,0.000382369733,0.000670700858,0.999999702],"scale":0.99999994,"type":"guardrailpost"}
{"ctxid":0,"pos":[960.906738,-986.495239,166.608337],"rotationMatrix":[-0.495317101,-0.868711948,0.000772040454,0.868712187,-0.495317221,4.02214937e-08,0.000382369966,0.000670700858,0.999999702],"scale":1,"type":"guardrailpost"}
{"ctxid":0,"pos":[961.897278,-984.757751,166.60672],"rotationMatrix":[-0.495288014,-0.86872828,0.000913490483,0.868728638,-0.495288253,1.73749868e-08,0.000452426088,0.000793583924,0.999999583],"scale":0.99999994,"type":"guardrailpost"}
{"ctxid":0,"pos":[962.887878,-983.020264,166.605118],"rotationMatrix":[-0.495284081,-0.868730843,0.000690533954,0.868731081,-0.495284081,-6.46105036e-09,0.000342016167,0.000599885068,0.999999762],"scale":0.99999994,"type":"guardrailpost"}
{"ctxid":0,"pos":[963.878418,-981.282837,166.603531],"rotationMatrix":[-0.495259285,-0.86874491,0.00059801992,0.868745029,-0.495259404,-2.26136763e-08,0.000296194688,0.000519515714,0.999999821],"scale":0.999999881,"type":"guardrailpost"}
{"ctxid":0,"pos":[964.869019,-979.545349,166.601974],"rotationMatrix":[-0.495251298,-0.868749619,0.000598019804,0.868749738,-0.495251417,-2.81434041e-08,0.000296194601,0.000519515597,0.999999821],"scale":0.999999881,"type":"guardrailpost"}
{"ctxid":0,"pos":[965.859558,-977.807861,166.600433],"rotationMatrix":[-0.49525547,-0.868747115,0.000772040221,0.868747354,-0.495255589,-1.46683306e-08,0.000382369937,0.000670700683,0.999999702],"scale":1,"type":"guardrailpost"}
{"ctxid":0,"pos":[966.850159,-976.070435,166.598938],"rotationMatrix":[-0.495317101,-0.868711948,0.000772040454,0.868712187,-0.495317221,2.1973392e-08,0.000382385828,0.000670691836,0.999999702],"scale":1,"type":"guardrailpost"}
{"ctxid":0,"pos":[967.840698,-974.332947,166.597519],"rotationMatrix":[-0.495255351,-0.868747175,0.00059801992,0.868747294,-0.49525547,-5.55883162e-09,0.000296177517,0.000519525493,0.999999821],"scale":0.99999994,"type":"guardrailpost"}
{"ctxid":0,"pos":[968.831299,-972.595459,166.596161],"rotationMatrix":[-0.495288372,-0.868728399,0.000598019687,0.868728518,-0.495288491,-8.411007e-09,0.000296199578,0.00051951257,0.999999821],"scale":0.99999994,"type":"guardrailpost"}
{"ctxid":0,"pos":[969.821838,-970.858032,166.594894],"rotationMatrix":[-0.495259285,-0.86874491,0.00059801992,0.868745029,-0.495259404,-2.26136763e-08,0.000296194688,0.000519515714,0.999999821],"scale":0.999999881,"type":"guardrailpost"}
{"ctxid":0,"pos":[970.812439,-969.120544,166.593781],"rotationMatrix":[-0.495317221,-0.868712127,0.000345266948,0.868712127,-0.495317221,8.20728019e-09,0.000171009568,0.000299941661,0.99999994],"scale":1,"type":"guardrailpost"}
{"ctxid":0,"pos":[971.802979,-967.383057,166.592865],"rotationMatrix":[-0.4952842,-0.868730843,0.000488281308,0.868730962,-0.495284319,1.10594556e-09,0.000241837115,0.000424185622,0.999999881],"scale":1,"type":"guardrailpost"}
{"ctxid":0,"pos":[972.793579,-965.645569,166.592285],"rotationMatrix":[-0.495317221,-0.868712127,0,0.868712127,-0.495317221,0,0,0,1],"scale":1,"type":"guardrailpost"}
{"ctxid":0,"pos":[-708.656128,-382.974701,10.4645824],"rotationMatrix":[1,1.50995803e-07,0,-1.50995803e-07,1,0,0,0,1],"scale":1,"type":"guardrailpost"}
{"ctxid":0,"pos":[340.977905,127.816742,126.129456],"rotationMatrix":[0.413848996,-0.910345554,0,0.910345554,0.413848996,0,0,0,1],"scale":1,"type":"guardrailpost"}
{"ctxid":0,"pos":[340.142761,129.632965,126.129456],"rotationMatrix":[0.407059491,-0.913401604,0.000315367419,0.913401604,0.407059431,-0.000140544289,7.27595761e-11,0.000345267006,0.99999994],"scale":1,"type":"guardrailpost"}
{"ctxid":0,"pos":[339.463715,131.487595,126.129471],"rotationMatrix":[0.244391799,-0.969676614,0,0.969676614,0.244391799,0,0,0,1],"scale":0.99999994,"type":"guardrailpost"}
{"ctxid":0,"pos":[339.240845,133.4366,126.129456],"rotationMatrix":[-0.00474429131,-0.999988794,0.000345263106,0.999988794,-0.00474429131,1.63800723e-06,0,0.000345267006,0.99999994],"scale":1,"type":"guardrailpost"}
{"ctxid":0,"pos":[339.416382,135.406036,126.129456],"rotationMatrix":[-0.161807895,-0.986822307,0,0.986822307,-0.161807895,0,0,0,1],"scale":0.99999994,"type":"guardrailpost"}
{"ctxid":0,"pos":[339.851685,137.342316,126.129456],"rotationMatrix":[-0.269904733,-0.96288693,0,0.96288693,-0.269904733,0,0,0,1],"scale":1,"type":"guardrailpost"}
{"ctxid":0,"pos":[340.470398,139.232315,126.129463],"rotationMatrix":[-0.348426223,-0.937336266,0,0.937336266,-0.348426223,0,0,0,1],"scale":1,"type":"guardrailpost"}
{"ctxid":0,"pos":[341.227142,141.073975,126.129463],"rotationMatrix":[-0.409154534,-0.912465036,0,0.912465036,-0.409154534,0,0,0,1],"scale":0.99999994,"type":"guardrailpost"}
{"ctxid":0,"pos":[342.093536,142.868347,126.129471],"rotationMatrix":[-0.458631277,-0.888626635,0,0.888626635,-0.458631277,0,0,0,1],"scale":0.99999994,"type":"guardrailpost"}
{"ctxid":0,"pos":[343.051178,144.616821,126.129471],"rotationMatrix":[-0.500738382,-0.865598738,0,0.865598738,-0.500738382,0,0,0,1],"scale":0.99999994,"type":"guardrailpost"}
{"ctxid":0,"pos":[344.087646,146.32048,126.129471],"rotationMatrix":[-0.537576914,-0.843214631,0,0.843214631,-0.537576914,0,0,0,1],"scale":1,"type":"guardrailpost"}
{"ctxid":0,"pos":[345.194672,147.97966,126.129456],"rotationMatrix":[-0.571657181,-0.820492566,0,0.820492566,-0.571657181,0,0,0,1],"scale":0.99999994,"type":"guardrailpost"}
{"ctxid":0,"pos":[346.366669,149.593872,126.129456],"rotationMatrix":[-0.603317857,-0.79750067,0,0.79750067,-0.603317857,0,0,0,1],"scale":1,"type":"guardrailpost"}
{"ctxid":0,"pos":[347.600098,151.16156,126.129089],"rotationMatrix":[-0.633474708,-0.773763239,0.00059801992,0.773763359,-0.633474827,6.36646291e-08,0.000378781231,0.000462766213,0.999999821],"scale":1,"type":"guardrailpost"}
{"ctxid":0,"pos":[348.893188,152.68042,126.126892],"rotationMatrix":[-0.663011551,-0.748608053,0.00124487747,0.748608649,-0.663012028,-2.94530764e-08,0.000825390918,0.000931906514,0.999999225],"scale":1,"type":"guardrailpost"}
{"ctxid":0,"pos":[350.245544,154.14682,126.125488],"rotationMatrix":[-0.692766905,-0.721161425,0,0.721161425,-0.692766905,0,0,0,1],"scale":1,"type":"guardrailpost"}
{"ctxid":0,"pos":[351.657837,155.555481,126.12841],"rotationMatrix":[-0.723248005,-0.690580904,-0.00320186955,0.690584481,-0.7232517,-2.77068466e-08,-0.00231573847,-0.00221118145,0.999994874],"scale":1.00000012,"type":"guardrailpost"}
{"ctxid":0,"pos":[353.126312,156.907318,126.136963],"rotationMatrix":[-0.745072484,-0.66696924,-0.00436730962,0.666975558,-0.745079637,-6.39236532e-07,-0.00325356703,-0.00291336514,0.999990463],"scale":1,"type":"guardrailpost"}
{"ctxid":0,"pos":[354.630859,158.219666,126.145004],"rotationMatrix":[-0.762088299,-0.647462368,-0.00373462704,0.647466898,-0.762093663,5.76372258e-07,-0.00284650852,-0.00241760816,0.999993026],"scale":1.00000012,"type":"guardrailpost"}
{"ctxid":0,"pos":[356.169983,159.490936,126.152466],"rotationMatrix":[-0.779805303,-0.626011491,-0.00365395611,0.626015663,-0.779810548,-8.38190317e-09,-0.00284938794,-0.00228744023,0.999993324],"scale":1,"type":"guardrailpost"}
{"ctxid":0,"pos":[357.744446,160.717773,126.159393],"rotationMatrix":[-0.79767251,-0.603082716,-0.0031265209,0.603085697,-0.797676444,7.21542165e-07,-0.0024943871,-0.00188498443,0.999995112],"scale":0.999999881,"type":"guardrailpost"}
{"ctxid":0,"pos":[359.355133,161.896179,126.165009],"rotationMatrix":[-0.81638968,-0.57749629,-0.00246569724,0.577498078,-0.816392183,-3.15136276e-07,-0.00201279367,-0.00142419245,0.99999696],"scale":0.99999994,"type":"guardrailpost"}
{"ctxid":0,"pos":[361.002991,163.021606,126.170074],"rotationMatrix":[-0.835110545,-0.550075591,-0.00267442479,0.550077498,-0.835113645,5.90574928e-07,-0.00223377324,-0.00147064775,0.999996424],"scale":1,"type":"guardrailpost"}
{"ctxid":0,"pos":[362.688843,164.088745,126.175583],"rotationMatrix":[-0.854660034,-0.519178808,-0.00306879636,0.519181311,-0.854664087,-1.28871761e-07,-0.00262272311,-0.00159337174,0.999995291],"scale":1,"type":"guardrailpost"}
{"ctxid":0,"pos":[364.412964,165.091522,126.17923],"rotationMatrix":[-0.874210954,-0.485545278,-0.000976562209,0.485545516,-0.874211431,-2.37341737e-08,-0.000853710284,-0.000474186148,0.999999523],"scale":1,"type":"guardrailpost"}
{"ctxid":0,"pos":[366.176086,166.023285,126.180176],"rotationMatrix":[-0.89387691,-0.448312551,0,0.448312551,-0.89387691,0,0,0,1],"scale":0.99999994,"type":"guardrailpost"}
{"ctxid":0,"pos":[367.978302,166.876404,126.180672],"rotationMatrix":[-0.913496137,-0.406846821,-0.000598019804,0.406846881,-0.913496256,9.8698365e-08,-0.000546329073,-0.000243212358,0.999999821],"scale":0.99999994,"type":"guardrailpost"}
{"ctxid":0,"pos":[369.818481,167.642029,126.18161],"rotationMatrix":[-0.932559609,-0.36101523,0.000690533721,0.36101529,-0.932559848,-1.90950232e-07,0.000644033018,0.000249115168,0.999999762],"scale":0.999999881,"type":"guardrailpost"}
{"ctxid":0,"pos":[371.695129,168.311035,126.177582],"rotationMatrix":[-0.950713396,-0.310056567,0.00299009588,0.310057938,-0.950717688,-4.29106876e-07,0.00284287008,0.000926695007,0.99999553],"scale":0.999999821,"type":"guardrailpost"}
{"ctxid":0,"pos":[373.606079,168.873505,126.170654],"rotationMatrix":[-0.967202663,-0.253980249,0.00358811324,0.253981858,-0.967208862,-6.33852324e-07,0.00347061618,0.000910702744,0.999993563],"scale":1,"type":"guardrailpost"}
{"ctxid":0,"pos":[375.547302,169.319031,126.164391],"rotationMatrix":[-0.981313944,-0.19239907,0.00236702967,0.192399606,-0.981316686,3.10770702e-07,0.00232274574,0.000455720496,0.999997199],"scale":0.999999881,"type":"guardrailpost"}
{"ctxid":0,"pos":[377.512634,169.663147,126.162079],"rotationMatrix":[-0.987967491,-0.154660866,0.00034526689,0.154660866,-0.987967491,6.45813998e-08,0.000341102539,5.34630854e-05,0.99999994],"scale":1,"type":"guardrailpost"}
{"ctxid":0,"pos":[379.488953,169.936981,126.161392],"rotationMatrix":[-0.992878795,-0.119126931,0.00059801992,0.119126946,-0.992878914,1.52329449e-07,0.000593743287,7.1391536e-05,0.999999821],"scale":1,"type":"guardrailpost"}
{"ctxid":0,"pos":[381.473389,170.138702,126.158005],"rotationMatrix":[-0.996589184,-0.0824690238,0.00299009704,0.0824693963,-0.996593595,2.45941919e-07,0.00297989114,0.000246836571,0.99999553],"scale":0.99999994,"type":"guardrailpost"}
{"ctxid":0,"pos":[383.464386,170.265228,126.152008],"rotationMatrix":[-0.999030948,-0.0439691991,0.0019531243,0.043969281,-0.999032855,-4.78503352e-08,0.00195123744,8.58296698e-05,0.999998093],"scale":1,"type":"guardrailpost"}
{"ctxid":0,"pos":[385.45874,170.3125,126.150681],"rotationMatrix":[-0.999995947,-0.00274800858,-0.000598019746,0.00274800905,-0.999996066,-2.04480557e-07,-0.000598016952,-1.84784358e-06,0.999999821],"scale":0.99999994,"type":"guardrailpost"}
{"ctxid":0,"pos":[387.453003,170.27594,126.154312],"rotationMatrix":[-0.99917686,0.0404470377,-0.00312652136,-0.0404472314,-0.999181747,-6.8108784e-07,-0.00312399049,0.000125778606,0.999995112],"scale":0.999999881,"type":"guardrailpost"}
{"ctxid":0,"pos":[389.442993,170.150238,126.162506],"rotationMatrix":[-0.996260285,0.0862994567,-0.00422863057,-0.0863002315,-0.996269226,-5.50062396e-08,-0.00421285862,0.000364876993,0.999991059],"scale":1,"type":"guardrailpost"}
{"ctxid":0,"pos":[391.423706,169.929901,126.167831],"rotationMatrix":[-0.990860224,0.134884089,-0.00158221158,-0.134884268,-0.990861416,5.78693289e-07,-0.00156767434,0.000213988853,0.999998748],"scale":1.00000012,"type":"guardrailpost"}
{"ctxid":0,"pos":[393.390442,169.608948,126.169624],"rotationMatrix":[-0.982260823,0.187517941,-0.000598019804,-0.187517971,-0.982260942,-1.11431291e-07,-0.000587432529,0.000112030015,0.999999821],"scale":0.999999881,"type":"guardrailpost"}
{"ctxid":0,"pos":[395.336517,169.181366,126.171288],"rotationMatrix":[-0.970132589,0.242571086,-0.00133721286,-0.242571294,-0.970133424,-3.58530087e-07,-0.00129736203,0.000324021647,0.999999106],"scale":1,"type":"guardrailpost"}
{"ctxid":0,"pos":[397.253693,168.641663,126.174179],"rotationMatrix":[-0.953983784,0.299858481,0,-0.299858481,-0.953983784,0,0,0,1],"scale":1.00000012,"type":"guardrailpost"}
{"ctxid":0,"pos":[399.13324,167.984924,126.171204],"rotationMatrix":[-0.932904959,0.360113561,0.0025371809,-0.360114694,-0.932907939,4.61586751e-07,0.0023671228,-0.000913245545,0.999996781],"scale":0.99999994,"type":"guardrailpost"}
{"ctxid":0,"pos":[400.965912,167.207245,126.165329],"rotationMatrix":[-0.90680325,0.42154479,0.00276213302,-0.4215464,-0.906806827,3.17173544e-07,0.0025048547,-0.00116407964,0.999996185],"scale":0.999999881,"type":"guardrailpost"}
{"ctxid":0,"pos":[402.741272,166.306305,126.161209],"rotationMatrix":[-0.875414729,0.483371615,0.000976562325,-0.483371854,-0.875415206,-1.64945959e-07,0.000854817743,-0.000472187181,0.999999523],"scale":1.00000012,"type":"guardrailpost"}
{"ctxid":0,"pos":[404.459656,165.295349,126.159424],"rotationMatrix":[-0.852655649,0.522467315,0.00251357979,-0.522468984,-0.852658391,2.33936589e-07,0.00214334694,-0.00131306797,0.999996841],"scale":0.99999994,"type":"guardrailpost"}
{"ctxid":0,"pos":[406.142456,164.223877,126.152008],"rotationMatrix":[-0.833473206,0.552544355,0.00412878441,-0.552549124,-0.833480358,-6.18281774e-07,0.00344091887,-0.00228187116,0.999991477],"scale":1,"type":"guardrailpost"}
{"ctxid":0,"pos":[407.781342,163.086792,126.146255],"rotationMatrix":[-0.808881521,0.587971509,0.000598020037,-0.587971628,-0.80888164,-1.31127308e-07,0.000483650278,-0.000351724855,0.999999821],"scale":0.99999994,"type":"guardrailpost"}
{"ctxid":0,"pos":[409.363892,161.876129,126.143082],"rotationMatrix":[-0.778585672,0.627511621,0.00580826495,-0.62752223,-0.778598785,1.1989614e-06,0.00452305935,-0.00364388153,0.999983132],"scale":1,"type":"guardrailpost"}
{"ctxid":0,"pos":[410.882599,160.585754,126.129349],"rotationMatrix":[-0.744654298,0.667425811,0.00573598268,-0.667436779,-0.744666457,7.75326043e-08,0.00427144533,-0.00382834813,0.999983549],"scale":1,"type":"guardrailpost"}
{"ctxid":0,"pos":[412.332825,159.215637,126.128784],"rotationMatrix":[-0.708916068,0.705255389,-0.00726698013,-0.705273986,-0.708934784,-9.86270607e-07,-0.00515251094,0.00512451259,0.999973595],"scale":0.999999881,"type":"guardrailpost"}
{"ctxid":0,"pos":[413.710724,157.776581,126.135712],"rotationMatrix":[-0.674540997,0.738237083,0.000488281192,-0.738237202,-0.674541116,-2.64844857e-09,0.000329363858,-0.00036046913,0.999999881],"scale":1.00000012,"type":"guardrailpost"}
{"ctxid":0,"pos":[415.024506,156.276337,126.131714],"rotationMatrix":[-0.643823504,0.765169501,0.002606706,-0.765172124,-0.64382565,-3.48780304e-07,0.00167799764,-0.00199480332,0.999996603],"scale":0.99999994,"type":"guardrailpost"}
{"ctxid":0,"pos":[416.282898,154.726837,126.129547],"rotationMatrix":[-0.618063927,0.786127448,-0.000598019804,-0.786127567,-0.618064046,8.72678356e-08,-0.000369546004,0.000470173836,0.999999821],"scale":0.99999994,"type":"guardrailpost"}
{"ctxid":0,"pos":[417.494965,153.140533,126.1297],"rotationMatrix":[-0.597163796,0.802119315,0,-0.802119315,-0.597163796,0,0,0,1],"scale":1,"type":"guardrailpost"}
{"ctxid":0,"pos":[418.671082,151.526123,126.128944],"rotationMatrix":[-0.581180573,0.813774645,0,-0.813774645,-0.581180573,0,0,0,1],"scale":1,"type":"guardrailpost"}
{"ctxid":0,"pos":[419.819855,149.891144,126.129005],"rotationMatrix":[-0.569333076,0.822106779,-0.000488281192,-0.822106898,-0.569333196,1.03784259e-07,-0.000277909392,0.000401478435,0.999999881],"scale":1,"type":"guardrailpost"}
{"ctxid":0,"pos":[420.932983,148.235413,126.130112],"rotationMatrix":[-0.538776278,0.842448771,0,-0.842448771,-0.538776278,0,0,0,1],"scale":0.99999994,"type":"guardrailpost"}
{"ctxid":0,"pos":[421.963745,146.529663,126.130066],"rotationMatrix":[-0.494987845,0.868899941,0,-0.868899941,-0.494987845,0,0,0,1],"scale":0.99999994,"type":"guardrailpost"}
{"ctxid":0,"pos":[422.905823,144.773254,126.129585],"rotationMatrix":[-0.450234175,0.8929106,0,-0.8929106,-0.450234175,0,0,0,1],"scale":1,"type":"guardrailpost"}
{"ctxid":0,"pos":[423.756927,142.970398,126.131073],"rotationMatrix":[-0.403897643,0.914798677,-0.00314552756,-0.914803207,-0.40389967,5.40399924e-07,-0.00126998359,0.00287775695,0.999995053],"scale":0.999999881,"type":"guardrailpost"}
{"ctxid":0,"pos":[424.515289,141.126831,126.139969],"rotationMatrix":[-0.357045054,0.934074342,-0.00489499047,-0.934085548,-0.357049346,6.82426617e-07,-0.00174711552,0.00457258336,0.999988019],"scale":1.00000012,"type":"guardrailpost"}
{"ctxid":0,"pos":[425.17981,139.24826,126.146576],"rotationMatrix":[-0.309711456,0.950830281,-0.000772040279,-0.950830519,-0.309711576,-2.07306584e-07,-0.000239306886,0.000734015368,0.999999702],"scale":1,"type":"guardrailpost"}
{"ctxid":0,"pos":[425.750732,137.339294,126.140778],"rotationMatrix":[-0.263249874,0.96471554,0.00483372342,-0.964726865,-0.263252974,-6.88480213e-07,0.00127182784,-0.00466340408,0.999988317],"scale":0.99999994,"type":"guardrailpost"}
{"ctxid":0,"pos":[426.229309,135.40332,126.135605],"rotationMatrix":[-0.216946602,0.976183116,0.000913490483,-0.976183474,-0.216946721,-7.17700459e-08,0.000198108668,-0.000891749864,0.999999583],"scale":1,"type":"guardrailpost"}
{"ctxid":0,"pos":[426.616394,133.447296,126.135475],"rotationMatrix":[-0.171450734,0.985192657,0,-0.985192657,-0.171450734,0,0,0,1],"scale":0.99999994,"type":"guardrailpost"}
{"ctxid":0,"pos":[426.914062,131.47583,126.135017],"rotationMatrix":[-0.127351165,0.991856933,0.00124487747,-0.991857648,-0.127351284,-6.78701326e-08,0.000158469426,-0.00123474991,0.999999225],"scale":1,"type":"guardrailpost"}
{"ctxid":0,"pos":[427.124878,129.493286,126.129486],"rotationMatrix":[-0.0842834711,0.99643302,0.00420034397,-0.996441841,-0.0842841864,5.68106771e-07,0.000354588265,-0.00418535015,0.999991179],"scale":1,"type":"guardrailpost"}
{"ctxid":0,"pos":[427.251953,127.502747,126.121155],"rotationMatrix":[-0.0433506966,0.999053419,0.00358811347,-0.999059856,-0.043350935,-6.80913217e-07,0.000154868001,-0.00358477002,0.999993563],"scale":0.99999994,"type":"guardrailpost"}
{"ctxid":0,"pos":[427.29837,125.507812,126.118393],"rotationMatrix":[-0.00381541252,0.999991834,-0.00129187037,-0.999992669,-0.00381553173,2.4761539e-07,-4.68146754e-06,0.00129186187,0.999999166],"scale":0.99999994,"type":"guardrailpost"}
{"ctxid":0,"pos":[427.267578,123.51181,126.128677],"rotationMatrix":[0.0341795683,0.999370158,-0.00954950601,-0.999415696,0.0341811776,-7.39935786e-07,0.000325673725,0.00954394974,0.999954402],"scale":1,"type":"guardrailpost"}
{"ctxid":0,"pos":[427.158081,121.521461,126.142609],"rotationMatrix":[0.0774374008,0.996988118,-0.00427070633,-0.996997178,0.0774380565,-9.89995897e-07,0.000329728238,0.00425795885,0.99999088],"scale":1,"type":"guardrailpost"}
{"ctxid":0,"pos":[426.954681,119.538864,126.149673],"rotationMatrix":[0.127950907,0.991773188,-0.00381359179,-0.991780341,0.12795186,5.67757525e-07,0.000488519203,0.00378217315,0.999992728],"scale":1,"type":"guardrailpost"}
{"ctxid":0,"pos":[426.643646,117.57061,126.16153],"rotationMatrix":[0.185155511,0.982685566,-0.00682717282,-0.982708454,0.185159862,-1.97440386e-06,0.00126217841,0.00670948578,0.999976695],"scale":1,"type":"guardrailpost"}
{"ctxid":0,"pos":[426.215393,115.626198,126.171112],"rotationMatrix":[0.245300353,0.969441235,-0.00338290678,-0.969446838,0.245301783,1.11828558e-06,0.00083091727,0.00327927363,0.999994278],"scale":1,"type":"guardrailpost"}
{"ctxid":0,"pos":[425.664398,113.712746,126.177231],"rotationMatrix":[0.307715237,0.951473594,-0.00304931216,-0.951478004,0.307716668,-1.42608769e-07,0.000938188401,0.00290139718,0.999995351],"scale":0.99999994,"type":"guardrailpost"}
{"ctxid":0,"pos":[424.990692,111.839195,126.18409],"rotationMatrix":[0.368569195,0.929598689,-0.00172633398,-0.92960012,0.368569732,-2.31084414e-08,0.00063625304,0.00160480873,0.99999851],"scale":1,"type":"guardrailpost"}
{"ctxid":0,"pos":[424.19873,110.012573,126.183525],"rotationMatrix":[0.426164091,0.90464437,0.00161944516,-0.904645562,0.426164687,-1.22876372e-07,-0.000690261368,-0.00146497157,0.999998689],"scale":1,"type":"guardrailpost"}
{"ctxid":0,"pos":[423.295776,108.236969,126.180069],"rotationMatrix":[0.479439855,0.877573729,0.00133721286,-0.877574563,0.479440272,7.78236426e-08,-0.00064104551,-0.00117354118,0.999999106],"scale":1,"type":"guardrailpost"}
{"ctxid":0,"pos":[422.292053,106.515717,126.179359],"rotationMatrix":[0.52696681,0.849884868,0.00129187026,-0.849885583,0.526967168,-2.20374204e-07,-0.000680960598,-0.00109782582,0.999999166],"scale":1,"type":"guardrailpost"}
{"ctxid":0,"pos":[421.198547,104.84996,126.172485],"rotationMatrix":[0.569266677,0.822138727,0.00483372435,-0.822148383,0.569273353,-1.24191865e-06,-0.00275273155,-0.0039733313,0.999988317],"scale":1,"type":"guardrailpost"}
{"ctxid":0,"pos":[420.025177,103.237762,126.163307],"rotationMatrix":[0.606484771,0.795085967,0.00381359179,-0.795091689,0.606489182,-3.35974619e-07,-0.00231316919,-0.00303195161,0.999992728],"scale":0.99999994,"type":"guardrailpost"}
{"ctxid":0,"pos":[418.781952,101.677307,126.159492],"rotationMatrix":[0.63866657,0.769483566,-0.000345266919,-0.769483566,0.63866663,8.29313649e-08,0.000220574293,0.000265624258,0.99999994],"scale":1,"type":"guardrailpost"}
{"ctxid":0,"pos":[417.480286,100.164993,126.161789],"rotationMatrix":[0.664790273,0.74703002,0,-0.74703002,0.664790273,0,0,0,1],"scale":0.99999994,"type":"guardrailpost"}
{"ctxid":0,"pos":[416.127014,98.6995773,126.159515],"rotationMatrix":[0.692412734,0.721498966,0.00195312395,-0.721500397,0.692414045,-2.07684934e-07,-0.00135252031,-0.00140903587,0.999998093],"scale":1,"type":"guardrailpost"}
{"ctxid":0,"pos":[414.715942,97.2903061,126.155533],"rotationMatrix":[0.722882748,0.690968513,0.00176052237,-0.690969586,0.722883821,-4.20259312e-08,-0.00127268233,-0.00121643697,0.99999845],"scale":1,"type":"guardrailpost"}
{"ctxid":0,"pos":[413.243713,95.947258,126.146812],"rotationMatrix":[0.754741192,0.655987918,0.00674814172,-0.65600282,0.754758418,4.2305328e-07,-0.00509293936,-0.00442711916,0.999977231],"scale":1,"type":"guardrailpost"}
{"ctxid":0,"pos":[411.707306,94.6770248,126.133514],"rotationMatrix":[0.786513329,0.617550075,0.00535996584,-0.617558897,0.786524653,2.6950147e-07,-0.00421557901,-0.00331030646,0.999985635],"scale":1,"type":"guardrailpost"}
{"ctxid":0,"pos":[410.107849,93.4855576,126.130295],"rotationMatrix":[0.816904843,0.576764584,-0.00300996471,-0.576767206,0.816908538,3.2573007e-07,0.00245905388,0.00173578283,0.99999547],"scale":1,"type":"guardrailpost"}
{"ctxid":0,"pos":[408.451294,92.3779907,126.133057],"rotationMatrix":[0.845042109,0.534699738,0,-0.534699738,0.845042109,0,0,0,1],"scale":0.99999994,"type":"guardrailpost"}
{"ctxid":0,"pos":[406.741089,91.354187,126.131378],"rotationMatrix":[0.870250642,0.492607802,0.00119603984,-0.49260816,0.870251238,-1.43772922e-08,-0.00104086217,-0.00058916636,0.999999285],"scale":1,"type":"guardrailpost"}
{"ctxid":0,"pos":[404.983215,90.4131699,126.129532],"rotationMatrix":[0.892402649,0.451239735,0.000488281192,-0.451239794,0.892402768,1.40214979e-07,-0.000435680209,-0.000220457034,0.999999881],"scale":1,"type":"guardrailpost"}
{"ctxid":0,"pos":[403.184387,89.552269,126.129456],"rotationMatrix":[0.911125541,0.412128866,0,-0.412128866,0.911125541,0,0,0,1],"scale":0.99999994,"type":"guardrailpost"}
{"ctxid":0,"pos":[401.350677,88.7674637,126.129456],"rotationMatrix":[0.927011251,0.375033528,0,-0.375033528,0.927011251,0,0,0,1],"scale":0.99999994,"type":"guardrailpost"}
{"ctxid":0,"pos":[399.487579,88.0539093,126.129471],"rotationMatrix":[0.940191627,0.340646029,0,-0.340646029,0.940191627,0,0,0,1],"scale":1,"type":"guardrailpost"}
{"ctxid":0,"pos":[397.600586,87.4080124,126.129456],"rotationMatrix":[0.953559577,0.301204503,0,-0.301204503,0.953559577,0,0,0,1],"scale":1,"type":"guardrailpost"}
{"ctxid":0,"pos":[395.682037,86.8769989,126.129456],"rotationMatrix":[0.971955895,0.235163108,0,-0.235163108,0.971955895,0,0,0,1],"scale":1,"type":"guardrailpost"}
{"ctxid":0,"pos":[393.732971,86.4604034,126.129456],"rotationMatrix":[0.982724071,0.185076773,0,-0.185076773,0.982724071,0,0,0,1],"scale":1,"type":"guardrailpost"}
{"ctxid":0,"pos":[391.765472,86.1323547,126.129471],"rotationMatrix":[0.989346743,0.145577684,-0.000345267035,-0.145577684,0.989346802,1.67219696e-08,0.00034159128,5.02466355e-05,0.99999994],"scale":1,"type":"guardrailpost"}
{"ctxid":0,"pos":[389.786438,85.8742752,126.129456],"rotationMatrix":[0.993452013,0.114250414,0,-0.114250414,0.993452013,0,0,0,1],"scale":1,"type":"guardrailpost"}
{"ctxid":0,"pos":[387.800049,85.672081,126.129456],"rotationMatrix":[0.996011853,0.089221321,0,-0.089221321,0.996011853,0,0,0,1],"scale":1,"type":"guardrailpost"}
{"ctxid":0,"pos":[385.808868,85.5144806,126.129463],"rotationMatrix":[0.997590601,0.0693759248,0,-0.0693759248,0.997590601,0,0,0,1],"scale":1,"type":"guardrailpost"}
{"ctxid":0,"pos":[383.814636,85.3917236,126.129456],"rotationMatrix":[0.998523116,0.0543290079,0,-0.0543290079,0.998523116,0,0,0,1],"scale":1,"type":"guardrailpost"}
{"ctxid":0,"pos":[381.818359,85.2942047,126.129471],"rotationMatrix":[0.999022067,0.0442138091,0,-0.0442138091,0.999022067,0,0,0,1],"scale":1,"type":"guardrailpost"}
{"ctxid":0,"pos":[379.820526,85.2105865,126.129471],"rotationMatrix":[0.999169827,0.040738903,0,-0.040738903,0.999169827,0,0,0,1],"scale":1,"type":"guardrailpost"}
{"ctxid":0,"pos":[377.847076,85.2407379,126.129456],"rotationMatrix":[0.990329564,-0.138734967,0,0.138734967,0.990329564,0,0,0,1],"scale":0.99999994,"type":"guardrailpost"}
{"ctxid":0,"pos":[376.031342,85.9105377,126.129471],"rotationMatrix":[0.865341723,-0.501182258,0,0.501182258,0.865341723,0,0,0,1],"scale":1,"type":"guardrailpost"}
{"ctxid":0,"pos":[374.303406,86.9241638,126.129463],"rotationMatrix":[0.878346324,-0.478024662,0.000345267006,0.478024662,0.878346384,3.04135028e-08,-0.000303278561,0.000165019432,0.99999994],"scale":1,"type":"guardrailpost"}
{"ctxid":0,"pos":[302.977112,29.7901592,126.161621],"rotationMatrix":[-0.416569471,0.90910387,0,-0.90910387,-0.416569471,0,0,0,1],"scale":0.99999994,"type":"guardrailpost"}
{"ctxid":0,"pos":[303.718323,27.9504166,126.161606],"rotationMatrix":[-0.306907177,0.951739371,0.000345266977,-0.951739371,-0.306907177,-2.82743713e-08,0.00010593803,-0.000328612863,0.99999994],"scale":1,"type":"guardrailpost"}
{"ctxid":0,"pos":[304.103424,26.0247269,126.161606],"rotationMatrix":[-0.071855545,0.997415006,0,-0.997415006,-0.071855545,0,0,0,1],"scale":1,"type":"guardrailpost"}
{"ctxid":0,"pos":[304.012695,24.0597801,126.161606],"rotationMatrix":[0.149551153,0.988753974,0,-0.988753974,0.149551153,0,0,0,1],"scale":1,"type":"guardrailpost"}
{"ctxid":0,"pos":[303.605652,22.1161728,126.161606],"rotationMatrix":[0.250267088,0.968176842,0,-0.968176842,0.250267088,0,0,0,1],"scale":1,"type":"guardrailpost"}
{"ctxid":0,"pos":[303.030121,20.2120304,126.161606],"rotationMatrix":[0.325628638,0.945497751,0,-0.945497751,0.325628638,0,0,0,1],"scale":1,"type":"guardrailpost"}
{"ctxid":0,"pos":[302.31778,18.3527946,126.161606],"rotationMatrix":[0.387877405,0.921710968,-0.0003182363,-0.921710968,0.387877345,-0.00013392132,-1.01863407e-10,0.000345266948,0.99999994],"scale":1,"type":"guardrailpost"}
{"ctxid":0,"pos":[301.491089,16.5402145,126.161606],"rotationMatrix":[0.440603316,0.897701919,0,-0.897701919,0.440603316,0,0,0,1],"scale":0.99999994,"type":"guardrailpost"}
{"ctxid":0,"pos":[300.566467,14.7745495,126.161606],"rotationMatrix":[0.486233354,0.873829007,0,-0.873829007,0.486233354,0,0,0,1],"scale":1,"type":"guardrailpost"}
{"ctxid":0,"pos":[299.555969,13.0558453,126.161606],"rotationMatrix":[0.526555598,0.850140691,0,-0.850140691,0.526555598,0,0,0,1],"scale":1,"type":"guardrailpost"}
{"ctxid":0,"pos":[298.468658,11.3842201,126.161606],"rotationMatrix":[0.56318903,0.826328039,0,-0.826328039,0.56318903,0,0,0,1],"scale":1,"type":"guardrailpost"}
{"ctxid":0,"pos":[297.311096,9.76003456,126.161606],"rotationMatrix":[0.597064853,0.802192986,0,-0.802192986,0.597064853,0,0,0,1],"scale":1,"type":"guardrailpost"}
{"ctxid":0,"pos":[296.088257,8.1841774,126.161606],"rotationMatrix":[0.62869072,0.777655482,0,-0.777655482,0.62869072,0,0,0,1],"scale":1,"type":"guardrailpost"}
{"ctxid":0,"pos":[294.80368,6.65815735,126.161591],"rotationMatrix":[0.658962607,0.752175689,0,-0.752175689,0.658962607,0,0,0,1],"scale":1,"type":"guardrailpost"}
{"ctxid":0,"pos":[293.4599,5.18427658,126.159927],"rotationMatrix":[0.688356638,0.725371242,0.00129187037,-0.725371838,0.688357234,9.36561264e-08,-0.000889200484,-0.000937150849,0.999999166],"scale":1,"type":"guardrailpost"}
{"ctxid":0,"pos":[292.057495,3.7647171,126.161087],"rotationMatrix":[0.717137337,0.696920514,-0.00398180494,-0.696925998,0.717143059,-2.12574378e-07,0.00285537541,0.00277517596,0.999992073],"scale":1,"type":"guardrailpost"}
{"ctxid":0,"pos":[290.598511,2.40486526,126.172409],"rotationMatrix":[0.745856643,0.666087985,-0.00496751117,-0.66609621,0.745865822,-2.64262781e-07,0.00370492088,0.00330903754,0.999987662],"scale":1,"type":"guardrailpost"}
{"ctxid":0,"pos":[289.083527,1.10932159,126.171616],"rotationMatrix":[0.770336509,0.637620568,0.00464507984,-0.637627482,0.770344853,4.59840521e-08,-0.00357828429,-0.00296186609,0.999989212],"scale":1,"type":"guardrailpost"}
{"ctxid":0,"pos":[287.544067,-0.169887543,126.170204],"rotationMatrix":[0.768452287,0.639900446,-0.00290926825,-0.639903188,0.768455505,2.50875019e-08,0.0022356594,0.00186163094,0.999995768],"scale":1,"type":"guardrailpost"}
{"ctxid":0,"pos":[286.005676,-1.44809723,126.180725],"rotationMatrix":[0.770640731,0.637234569,-0.00671272026,-0.637248874,0.770658076,-4.74741682e-07,0.0051729097,0.00427803956,0.999977469],"scale":1,"type":"guardrailpost"}
{"ctxid":0,"pos":[284.460571,-2.71231079,126.185532],"rotationMatrix":[0.778320312,0.627840519,0.00580826495,-0.627851129,0.778333426,8.55652615e-08,-0.00452071335,-0.00364679238,0.999983132],"scale":1,"type":"guardrailpost"}
{"ctxid":0,"pos":[282.891876,-3.95026398,126.18087],"rotationMatrix":[0.792849183,0.609408617,-0.00336524216,-0.609412074,0.792853653,-2.712477e-08,0.00266812812,0.00205084076,0.999994338],"scale":1,"type":"guardrailpost"}
{"ctxid":0,"pos":[281.290039,-5.13832092,126.187988],"rotationMatrix":[0.814616978,0.57999754,0.00142357184,-0.579998136,0.814617813,5.9051672e-08,-0.00115963269,-0.000825717114,0.999998987],"scale":1,"type":"guardrailpost"}
{"ctxid":0,"pos":[279.639221,-6.25580215,126.184845],"rotationMatrix":[0.842225313,0.539125264,0.000690533896,-0.539125383,0.842225552,-9.41508915e-09,-0.000581590342,-0.000372276409,0.999999762],"scale":1,"type":"guardrailpost"}
{"ctxid":0,"pos":[277.931,-7.28079987,126.177673],"rotationMatrix":[0.872618318,0.488402724,0,-0.488402724,0.872618318,0,0,0,1],"scale":1,"type":"guardrailpost"}
{"ctxid":0,"pos":[276.163879,-8.19751358,126.179504],"rotationMatrix":[0.901860952,0.432010174,0.00375055312,-0.432013214,0.90186727,-4.81377356e-07,-0.00338270911,-0.00161985436,0.999992967],"scale":1,"type":"guardrailpost"}
{"ctxid":0,"pos":[274.340759,-9.00089645,126.177795],"rotationMatrix":[0.927150726,0.374686956,-0.00109182985,-0.374687195,0.927151322,-1.22192432e-07,0.00101224578,0.000409207947,0.999999404],"scale":1,"type":"guardrailpost"}
{"ctxid":0,"pos":[272.473511,-9.69343185,126.175987],"rotationMatrix":[0.946911454,0.321475387,0.00350407255,-0.321477354,0.946917295,-3.18977982e-08,-0.00331807719,-0.00112644979,0.999993861],"scale":1,"type":"guardrailpost"}
{"ctxid":0,"pos":[270.569733,-10.2864075,126.173904],"rotationMatrix":[0.961622894,0.274373055,-0.000913490716,-0.274373174,0.961623311,-8.65838956e-09,0.000878431543,0.00025064568,0.999999583],"scale":1,"type":"guardrailpost"}
{"ctxid":0,"pos":[268.641785,-10.7917976,126.16803],"rotationMatrix":[0.972668946,0.232123747,0.00580826402,-0.232127652,0.972685337,-1.87661499e-07,-0.00564965699,-0.00134807627,0.999983132],"scale":1,"type":"guardrailpost"}
{"ctxid":0,"pos":[266.690948,-11.2050018,126.162994],"rotationMatrix":[0.983211637,0.182468608,-0.000345266948,-0.182468608,0.983211696,1.01063051e-08,0.000339472317,6.29904462e-05,0.99999994],"scale":1,"type":"guardrailpost"}
{"ctxid":0,"pos":[264.722687,-11.5200729,126.164734],"rotationMatrix":[0.991009593,0.13379094,0,-0.13379094,0.991009593,0,0,0,1],"scale":1,"type":"guardrailpost"}
{"ctxid":0,"pos":[262.741364,-11.7389565,126.16227],"rotationMatrix":[0.996301115,0.0859204456,0.00133721274,-0.0859205201,0.996302009,-3.73693183e-08,-0.00133227091,-0.000114856775,0.999999106],"scale":1,"type":"guardrailpost"}
{"ctxid":0,"pos":[260.751373,-11.8629532,126.161606],"rotationMatrix":[0.999253511,0.03863151,0,-0.03863151,0.999253511,0,0,0,1],"scale":0.99999994,"type":"guardrailpost"}
{"ctxid":0,"pos":[258.757904,-11.892807,126.161606],"rotationMatrix":[0.99996376,-0.0085127838,0,0.0085127838,0.99996376,0,0,0,1],"scale":1,"type":"guardrailpost"}
{"ctxid":0,"pos":[256.765015,-11.8288879,126.162735],"rotationMatrix":[0.998451293,-0.0556144677,-0.00142357184,0.0556145273,0.998452306,-6.45923137e-08,0.00142137229,-7.91067869e-05,0.999998987],"scale":1,"type":"guardrailpost"}
{"ctxid":0,"pos":[254.777557,-11.6711006,126.166405],"rotationMatrix":[0.994709969,-0.102704011,-0.00198340788,0.10270422,0.994711936,7.76926754e-08,0.00197291141,-0.000203781645,0.999998033],"scale":1,"type":"guardrailpost"}
{"ctxid":0,"pos":[252.800949,-11.419075,126.163101],"rotationMatrix":[0.988656819,-0.150142074,0.00387560553,0.150143206,0.988664269,-5.48374373e-07,-0.00383159029,0.000582438079,0.99999249],"scale":1,"type":"guardrailpost"}
{"ctxid":0,"pos":[250.836853,-11.0714226,126.162117],"rotationMatrix":[0.980116606,-0.198390901,-0.00353792869,0.198392153,0.980122745,-6.25441317e-08,0.00346761663,-0.000701835961,0.999993742],"scale":1,"type":"guardrailpost"}
{"ctxid":0,"pos":[248.894699,-10.6276321,126.158234],"rotationMatrix":[0.968950868,-0.247236282,0.00290926802,0.247237325,0.96895498,7.62811396e-08,-0.00281896838,0.000719205709,0.999995768],"scale":1,"type":"guardrailpost"}
{"ctxid":0,"pos":[246.975159,-10.0849762,126.166687],"rotationMatrix":[0.95483619,-0.297021598,-0.00812655501,0.297031373,0.954867721,-8.79983418e-07,0.00776004605,-0.00241300184,0.999966979],"scale":1,"type":"guardrailpost"}
{"ctxid":0,"pos":[245.089691,-9.44316483,126.175262],"rotationMatrix":[0.937624097,-0.347647578,-0.00150498352,0.347647995,0.93762511,-7.20028765e-08,0.00141113531,-0.000523136929,0.999998868],"scale":1,"type":"guardrailpost"}
{"ctxid":0,"pos":[243.241928,-8.69943237,126.175201],"rotationMatrix":[0.916849792,-0.399220735,0.00304931169,0.399222583,0.916854024,-1.24273356e-07,-0.0027957242,0.00121746794,0.999995351],"scale":1,"type":"guardrailpost"}
{"ctxid":0,"pos":[241.438477,-7.85140991,126.170616],"rotationMatrix":[0.892068624,-0.451897711,-0.00142357184,0.451898187,0.892069519,-9.50531103e-08,0.00126996811,-0.000643224688,0.999998987],"scale":1,"type":"guardrailpost"}
{"ctxid":0,"pos":[239.688599,-6.89957047,126.17804],"rotationMatrix":[0.864588559,-0.502480447,0,0.502480447,0.864588559,0,0,0,1],"scale":1,"type":"guardrailpost"}
{"ctxid":0,"pos":[237.992737,-5.85256958,126.176575],"rotationMatrix":[0.83703196,-0.547153711,-0.000598019862,0.547153831,0.83703208,-3.21742846e-08,0.000500579423,-0.000327181944,0.999999821],"scale":1,"type":"guardrailpost"}
{"ctxid":0,"pos":[236.352066,-4.72218323,126.171036],"rotationMatrix":[0.809788287,-0.586687863,0.00634762412,0.586699665,0.809804618,-7.34115019e-07,-0.00513990456,0.00372474361,0.999979854],"scale":1,"type":"guardrailpost"}
{"ctxid":0,"pos":[234.762863,-3.51467514,126.16655],"rotationMatrix":[0.782611072,-0.622483969,-0.00579799386,0.622494459,0.782624245,-2.20956281e-07,0.00453778775,-0.00360904611,0.999983191],"scale":1,"type":"guardrailpost"}
{"ctxid":0,"pos":[233.229309,-2.24066734,126.174927],"rotationMatrix":[0.755718112,-0.654894531,-0.00182698062,0.654895604,0.755719304,1.12631824e-07,0.00138061075,-0.00119656674,0.999998331],"scale":1,"type":"guardrailpost"}
{"ctxid":0,"pos":[231.749054,-0.90436554,126.175255],"rotationMatrix":[0.728774786,-0.684752643,0.00109183008,0.684753001,0.728775203,2.49710865e-08,-0.000795715838,0.000747615763,0.999999404],"scale":1,"type":"guardrailpost"}
{"ctxid":0,"pos":[230.322037,0.489675522,126.173904],"rotationMatrix":[0.701790929,-0.712382853,0.000345266948,0.712382853,0.701790988,-1.82481017e-08,-0.000242292226,0.000245975098,0.99999994],"scale":1,"type":"guardrailpost"}
{"ctxid":0,"pos":[228.949295,1.93703079,126.172791],"rotationMatrix":[0.674443483,-0.738325357,0.00129187037,0.738325953,0.67444396,-7.84639269e-08,-0.000871236261,0.000953874376,0.999999166],"scale":0.99999994,"type":"guardrailpost"}
{"ctxid":0,"pos":[227.63176,3.43452454,126.166122],"rotationMatrix":[0.646521091,-0.76288569,0.00399674661,0.762891769,0.646526217,-1.13621354e-07,-0.0025839149,0.00304915849,0.999992013],"scale":1,"type":"guardrailpost"}
{"ctxid":0,"pos":[226.36969,4.98106384,126.162399],"rotationMatrix":[0.617703795,-0.786405802,-0.00282612955,0.786408901,0.617706299,-1.59139745e-07,0.00174584321,-0.00222239504,0.999996006],"scale":1,"type":"guardrailpost"}
{"ctxid":0,"pos":[225.166626,6.57295609,126.174484],"rotationMatrix":[0.587768316,-0.809012115,-0.00527025294,0.809023321,0.587776542,-3.20607796e-07,0.00309799053,-0.0042635696,0.999986112],"scale":1,"type":"guardrailpost"}
