{"ctxid":0,"pos":[286.524292,-69.5291595,131.988464],"rotationMatrix":[0.9726035,0.222475469,0.0674319267,-0.222979486,0.974823117,-5.33447601e-05,-0.065746069,-0.0149840526,0.997723877],"scale":1,"type":"guardrail2"}
{"ctxid":0,"pos":[286.502777,-69.5340652,132.314957],"rotationMatrix":[0.972613156,0.222433016,0.0674327835,-0.222937152,0.974832833,-5.04753552e-05,-0.0657469109,-0.0149841793,0.997723818],"scale":1,"type":"guardrail2"}
{"ctxid":0,"pos":[286.546082,-69.5241928,131.657867],"rotationMatrix":[0.972593427,0.222519532,0.0674318895,-0.22302343,0.974813104,-5.65210357e-05,-0.0657460615,-0.0149839194,0.997723877],"scale":1,"type":"guardrail2"}
{"ctxid":0,"pos":[282.626465,-70.3841858,131.720154],"rotationMatrix":[0.976993144,0.20282723,0.0659200698,-0.203268424,0.979123056,-1.45509839e-05,-0.0645468086,-0.0133852521,0.997824907],"scale":1,"type":"guardrail2"}
{"ctxid":0,"pos":[282.605408,-70.3885574,132.046677],"rotationMatrix":[0.977025032,0.202674702,0.0659173653,-0.20311676,0.979154527,4.40562144e-06,-0.0645423904,-0.0133932233,0.997825086],"scale":1,"type":"guardrail2"}
{"ctxid":0,"pos":[282.647766,-70.3797607,131.389511],"rotationMatrix":[0.976961493,0.20298031,0.0659182519,-0.203421712,0.979091227,-1.60830095e-05,-0.0645432472,-0.0133934915,0.997825027],"scale":1,"type":"guardrail2"}
{"ctxid":0,"pos":[278.706421,-71.125618,131.468567],"rotationMatrix":[0.984299839,0.165838197,0.0604276285,-0.166141436,0.986101925,-6.40423968e-06,-0.0595888644,-0.0100332294,0.998172581],"scale":1,"type":"guardrail2"}
{"ctxid":0,"pos":[278.687256,-71.1288528,131.795227],"rotationMatrix":[0.984337389,0.16561453,0.0604295991,-0.165918037,0.986139536,4.5709312e-06,-0.0595912598,-0.0100308582,0.998172462],"scale":1,"type":"guardrail2"}
{"ctxid":0,"pos":[278.7258,-71.1223373,131.137802],"rotationMatrix":[0.984261751,0.166064665,0.0604266487,-0.166367158,0.986063898,-2.56593339e-05,-0.0595887937,-0.0100277551,0.998172641],"scale":1,"type":"guardrail2"}
{"ctxid":0,"pos":[274.761353,-71.6835556,131.287216],"rotationMatrix":[0.993391752,0.111940555,0.0253416039,-0.111976452,0.993710876,-2.3500761e-06,-0.0251824893,-0.00283532823,0.99967885],"scale":1,"type":"guardrail2"}
{"ctxid":0,"pos":[274.752197,-71.6846313,131.614304],"rotationMatrix":[0.993407905,0.111798234,0.0253345426,-0.111834161,0.993726909,1.29884575e-06,-0.0251754727,-0.00283455756,0.999679029],"scale":1,"type":"guardrail2"}
{"ctxid":0,"pos":[274.77063,-71.6824646,130.956009],"rotationMatrix":[0.993375361,0.1120831,0.0253533553,-0.112118967,0.993694782,-7.08550215e-06,-0.0251942929,-0.00283555337,0.999678552],"scale":1,"type":"guardrail2"}
{"ctxid":0,"pos":[270.783508,-72.0023804,131.225174],"rotationMatrix":[0.998873591,0.0471094325,0.00568379136,-0.0471101925,0.998889685,9.49657988e-08,-0.00567747606,-0.000267859374,0.999983847],"scale":1,"type":"guardrail2"}
{"ctxid":0,"pos":[270.781738,-72.0024948,131.552399],"rotationMatrix":[0.998874962,0.0470796637,0.00568379136,-0.0470804237,0.998891115,5.19590685e-07,-0.00567746395,-0.000268114294,0.999983847],"scale":1,"type":"guardrail2"}
{"ctxid":0,"pos":[270.785278,-72.0022659,130.893845],"rotationMatrix":[0.998872221,0.0471389666,0.00567329442,-0.0471397266,0.998888314,1.79279596e-07,-0.00566697912,-0.000267616619,0.999983907],"scale":1,"type":"guardrail2"}
{"ctxid":0,"pos":[266.789551,-72.0603104,131.237732],"rotationMatrix":[0.999820292,-0.0173699539,-0.00759581756,0.0173704457,0.999849141,-1.08917448e-06,0.00759469066,-0.000130853761,0.999971151],"scale":1,"type":"guardrail2"}
{"ctxid":0,"pos":[266.792114,-72.0603561,131.564957],"rotationMatrix":[0.999820888,-0.0173313357,-0.00760366069,0.0173318312,0.999849796,-8.01584974e-07,0.00760253286,-0.000130983914,0.999971092],"scale":1,"type":"guardrail2"}
{"ctxid":0,"pos":[266.786987,-72.060257,130.906403],"rotationMatrix":[0.999819577,-0.0174090471,-0.00759581942,0.0174095389,0.999848425,-1.38493488e-06,0.00759469252,-0.000130855042,0.999971151],"scale":1,"type":"guardrail2"}
{"ctxid":0,"pos":[262.796722,-71.8780899,131.279419],"rotationMatrix":[0.99731344,-0.071944952,-0.0137757706,0.0719515085,0.997408152,-1.96758483e-05,0.0137414811,-0.000971564441,0.999905109],"scale":1,"type":"guardrail2"}
{"ctxid":0,"pos":[262.801147,-71.8784103,131.606613],"rotationMatrix":[0.997316718,-0.0718997717,-0.0137757696,0.0719063431,0.99741137,-1.8441875e-05,0.0137414355,-0.000972172886,0.999905109],"scale":1,"type":"guardrail2"}
{"ctxid":0,"pos":[262.792267,-71.8777695,130.948105],"rotationMatrix":[0.997310162,-0.0719908401,-0.0137757687,0.0719974115,0.997404814,-1.9069761e-05,0.0137413917,-0.000972801237,0.999905109],"scale":1,"type":"guardrail2"}
{"ctxid":0,"pos":[258.811829,-71.5393524,131.337997],"rotationMatrix":[0.995456219,-0.0941825584,-0.0140202148,0.0941917673,0.99555409,-3.11643817e-06,0.0139581757,-0.00131748663,0.999901712],"scale":1,"type":"guardrail2"}
{"ctxid":0,"pos":[258.816345,-71.5397797,131.665207],"rotationMatrix":[0.99545753,-0.0941685587,-0.0140202148,0.0941777676,0.995555401,-2.91108154e-06,0.0139581738,-0.00131749467,0.999901712],"scale":1,"type":"guardrail2"}
{"ctxid":0,"pos":[258.807251,-71.5389252,131.006683],"rotationMatrix":[0.995454848,-0.0941968039,-0.0140202185,0.0942060128,0.995552719,-3.31865158e-06,0.0139581794,-0.00131748524,0.999901712],"scale":1,"type":"guardrail2"}
{"ctxid":0,"pos":[254.82901,-71.1441116,131.37999],"rotationMatrix":[0.994721472,-0.102421895,-0.00624348223,0.102423891,0.994740844,-6.96833013e-07,0.0062107183,-0.000638788566,0.999980509],"scale":1,"type":"guardrail2"}
{"ctxid":0,"pos":[254.830963,-71.1443176,131.707214],"rotationMatrix":[0.99472177,-0.102419049,-0.0062434799,0.102421045,0.994741142,-6.77566277e-07,0.00621071598,-0.00063878973,0.999980509],"scale":1,"type":"guardrail2"}
{"ctxid":0,"pos":[254.827057,-71.1439133,131.048645],"rotationMatrix":[0.994721234,-0.102424748,-0.00623392779,0.10242673,0.994740546,-9.92498826e-07,0.0062012421,-0.000637533609,0.999980569],"scale":1,"type":"guardrail2"}
{"ctxid":0,"pos":[250.847946,-70.7270813,131.384277],"rotationMatrix":[0.994417489,-0.105475016,0.00297009666,0.105475478,0.994421899,1.52373104e-07,-0.00295354519,0.000313120836,0.999995589],"scale":1,"type":"guardrail2"}
{"ctxid":0,"pos":[250.847046,-70.7269897,131.711502],"rotationMatrix":[0.994417489,-0.105475016,0.00297009689,0.105475478,0.994421899,1.55137968e-07,-0.00295354589,0.000313118158,0.999995589],"scale":1,"type":"guardrail2"}
{"ctxid":0,"pos":[250.848846,-70.7271805,131.052933],"rotationMatrix":[0.994417548,-0.105475254,0.0029499603,0.105475716,0.994421899,1.54570444e-07,-0.00293352152,0.00031099547,0.999995649],"scale":1,"type":"guardrail2"}
{"ctxid":0,"pos":[246.870361,-70.3047638,131.370514],"rotationMatrix":[0.994432807,-0.105336376,0.00276213465,0.105336778,0.994436622,2.57539796e-07,-0.00274679484,0.000290698255,0.999996185],"scale":1,"type":"guardrail2"}
{"ctxid":0,"pos":[246.869522,-70.3046722,131.697739],"rotationMatrix":[0.994432747,-0.105336607,0.00278363028,0.105337009,0.994436562,1.37020834e-07,-0.00276815821,0.000293083023,0.999996126],"scale":1,"type":"guardrail2"}
{"ctxid":0,"pos":[246.871246,-70.3048553,131.039154],"rotationMatrix":[0.994432628,-0.10533683,0.00280496036,0.105337247,0.994436562,1.10449037e-08,-0.00278935605,0.000295455859,0.999996066],"scale":1,"type":"guardrail2"}
{"ctxid":0,"pos":[242.892838,-69.8886566,131.367142],"rotationMatrix":[0.994744241,-0.102390207,0.000345268374,0.102390207,0.994744301,2.63062248e-08,-0.000343456428,3.53259347e-05,0.99999994],"scale":0.99999994,"type":"guardrail2"}
{"ctxid":0,"pos":[242.892731,-69.888649,131.694366],"rotationMatrix":[0.994744241,-0.102389961,0.000488282647,0.102389976,0.99474436,3.79423e-08,-0.000485720258,4.99575035e-05,0.999999881],"scale":0.99999994,"type":"guardrail2"}
{"ctxid":0,"pos":[242.89296,-69.8886719,131.035797],"rotationMatrix":[0.994744301,-0.102389969,0.000345268374,0.102389969,0.99474436,4.19240678e-08,-0.000343458058,3.53103205e-05,0.99999994],"scale":0.99999994,"type":"guardrail2"}
{"ctxid":0,"pos":[238.912155,-69.4907379,131.36232],"rotationMatrix":[0.995375514,-0.0960388109,0.00204262766,0.0960390046,0.9953776,1.72469299e-07,-0.00203320221,0.00019600027,0.999997914],"scale":1,"type":"guardrail2"}
{"ctxid":0,"pos":[238.911499,-69.4906769,131.689545],"rotationMatrix":[0.995375633,-0.0960373878,0.00204262719,0.0960375816,0.995377719,2.60079105e-07,-0.00203321059,0.000195910106,0.999997914],"scale":1,"type":"guardrail2"}
{"ctxid":0,"pos":[238.912827,-69.490799,131.03096],"rotationMatrix":[0.995375276,-0.0960402265,0.00207160227,0.0960404351,0.995377421,1.78763003e-07,-0.00206204318,0.000198779657,0.999997854],"scale":1,"type":"guardrail2"}
{"ctxid":0,"pos":[234.928101,-69.128418,131.350937],"rotationMatrix":[0.996445358,-0.0841610879,0.00368643692,0.0841616541,0.996452093,7.42686098e-07,-0.00367342029,0.000309516559,0.999993205],"scale":1,"type":"guardrail2"}
{"ctxid":0,"pos":[234.92688,-69.1283188,131.678162],"rotationMatrix":[0.996445775,-0.084156096,0.00368643785,0.0841566622,0.99645251,8.89660441e-07,-0.00367343519,0.000309351773,0.999993205],"scale":1,"type":"guardrail2"}
{"ctxid":0,"pos":[234.929321,-69.1285172,131.019577],"rotationMatrix":[0.996444941,-0.0841663107,0.00367023493,0.084166877,0.996451676,7.59828254e-07,-0.00365727558,0.000308155082,0.999993265],"scale":1,"type":"guardrail2"}
{"ctxid":0,"pos":[230.937927,-68.8355255,131.330307],"rotationMatrix":[0.998187423,-0.059772715,0.00700811157,0.0597741455,0.99821192,5.24200732e-06,-0.00699589355,0.000413671369,0.999975443],"scale":1,"type":"guardrail2"}
{"ctxid":0,"pos":[230.935608,-68.8353882,131.657532],"rotationMatrix":[0.998188794,-0.0597510599,0.00699960394,0.0597524904,0.998213232,5.0887611e-06,-0.00698740082,0.000413164205,0.999975502],"scale":1,"type":"guardrail2"}
{"ctxid":0,"pos":[230.940308,-68.8356628,130.998978],"rotationMatrix":[0.998186052,-0.0597946085,0.00701661129,0.059796039,0.998210609,5.71766577e-06,-0.00700439792,0.000413858274,0.999975383],"scale":1,"type":"guardrail2"}
{"ctxid":0,"pos":[226.939453,-68.6922455,131.289001],"rotationMatrix":[0.999823272,-0.0135770012,0.0130012156,0.013578156,0.999907792,-5.11216058e-07,-0.0130000105,0.000177043665,0.999915481],"scale":1,"type":"guardrail2"}
{"ctxid":0,"pos":[226.935211,-68.6921844,131.616211],"rotationMatrix":[0.999823451,-0.0135598378,0.0130058043,0.0135609871,0.99990803,-1.51580025e-07,-0.0130046066,0.000176523085,0.999915421],"scale":1,"type":"guardrail2"}
{"ctxid":0,"pos":[226.943756,-68.6922989,130.957687],"rotationMatrix":[0.999823093,-0.013594402,0.0130012156,0.013595555,0.999907553,-2.8606155e-07,-0.0130000105,0.000177044756,0.999915481],"scale":1,"type":"guardrail2"}
{"ctxid":0,"pos":[222.939606,-68.6724319,131.236282],"rotationMatrix":[0.999897838,0.00414513471,0.0136802718,-0.00414553145,0.999991417,6.58883437e-07,-0.0136801507,-5.73708166e-05,0.999906421],"scale":1,"type":"guardrail2"}
{"ctxid":0,"pos":[222.935074,-68.6724548,131.563477],"rotationMatrix":[0.999897659,0.00416730531,0.0136846304,-0.00416770019,0.999991298,3.50297341e-07,-0.0136845093,-5.73836987e-05,0.999906361],"scale":0.99999994,"type":"guardrail2"}
{"ctxid":0,"pos":[222.944214,-68.6724167,130.904968],"rotationMatrix":[0.999897838,0.00412248727,0.0136846285,-0.00412287842,0.999991477,3.46912202e-07,-0.0136845112,-5.6766934e-05,0.999906361],"scale":0.99999994,"type":"guardrail2"}
{"ctxid":0,"pos":[218.940155,-68.730423,131.176163],"rotationMatrix":[0.999561846,0.0251979101,0.0155288773,-0.0252009612,0.999682426,7.78585672e-07,-0.0155239264,-0.000392120884,0.99987942],"scale":1,"type":"guardrail2"}
{"ctxid":0,"pos":[218.93515,-68.7305527,131.503357],"rotationMatrix":[0.999561071,0.0252257921,0.0155327078,-0.0252288431,0.999681711,3.58006218e-07,-0.015527755,-0.000392230082,0.99987936],"scale":1,"type":"guardrail2"}
{"ctxid":0,"pos":[218.945221,-68.7303009,130.844849],"rotationMatrix":[0.999562502,0.0251695514,0.0155327106,-0.0251726061,0.999683142,1.2331293e-06,-0.0155277578,-0.000392231392,0.99987936],"scale":1,"type":"guardrail2"}
{"ctxid":0,"pos":[214.944672,-68.8769531,131.122055],"rotationMatrix":[0.998769641,0.0482346192,0.0115184886,-0.0482378155,0.998835862,-3.93629307e-07,-0.0115050981,-0.000555233564,0.99993366],"scale":1,"type":"guardrail2"}
{"ctxid":0,"pos":[214.940964,-68.8771286,131.449265],"rotationMatrix":[0.998768568,0.0482565276,0.0115184886,-0.0482597239,0.998834848,-6.48782589e-07,-0.0115050981,-0.000555231061,0.99993366],"scale":1,"type":"guardrail2"}
{"ctxid":0,"pos":[214.948441,-68.87677,130.790726],"rotationMatrix":[0.998770595,0.0482127145,0.0115236612,-0.0482159182,0.998836935,3.70229827e-07,-0.0115102408,-0.00055599364,0.9999336],"scale":1,"type":"guardrail2"}
{"ctxid":0,"pos":[210.953964,-69.1163635,131.088654],"rotationMatrix":[0.997429609,0.0714238733,0.00572558213,-0.0714250356,0.997445941,-3.81507562e-07,-0.00571098644,-0.000408569409,0.999983609],"scale":1,"type":"guardrail2"}
{"ctxid":0,"pos":[210.952026,-69.1165009,131.415878],"rotationMatrix":[0.997428894,0.0714350492,0.00571516389,-0.0714362115,0.997445166,-3.18876118e-07,-0.00570058497,-0.000407951593,0.999983668],"scale":1,"type":"guardrail2"}
{"ctxid":0,"pos":[210.955933,-69.1162262,130.757309],"rotationMatrix":[0.997430444,0.0714126974,0.0057255826,-0.0714138597,0.997446775,-1.90673745e-07,-0.0057109776,-0.000408695778,0.999983609],"scale":1,"type":"guardrail2"}
{"ctxid":0,"pos":[206.967346,-69.4462738,131.063126],"rotationMatrix":[0.995604098,0.0933883116,0.00715122418,-0.0933907852,0.995629549,1.16292504e-05,-0.00711888401,-0.000679436547,0.99997443],"scale":1,"type":"guardrail2"}
{"ctxid":0,"pos":[206.964966,-69.4465027,131.39035],"rotationMatrix":[0.995602489,0.0934056416,0.00714288512,-0.0934081003,0.99562788,1.14928407e-05,-0.0071105822,-0.00067864568,0.999974489],"scale":1,"type":"guardrail2"}
{"ctxid":0,"pos":[206.969757,-69.4460449,130.731781],"rotationMatrix":[0.995605707,0.0933707505,0.00715122558,-0.0933732241,0.995631158,1.17621385e-05,-0.00711888447,-0.000679443358,0.99997443],"scale":0.99999994,"type":"guardrail2"}
{"ctxid":0,"pos":[202.995316,-69.9185791,131.027695],"rotationMatrix":[0.989649177,0.143148348,0.0101544745,-0.143155679,0.989700198,-5.59218461e-06,-0.0100506861,-0.00144813652,0.999948442],"scale":1,"type":"guardrail2"}
{"ctxid":0,"pos":[202.992065,-69.9190521,131.354904],"rotationMatrix":[0.989643931,0.1431842,0.0101544745,-0.143191531,0.989695013,-5.51220728e-06,-0.0100506227,-0.00144857983,0.999948442],"scale":1,"type":"guardrail2"}
{"ctxid":0,"pos":[202.998596,-69.9181061,130.69635],"rotationMatrix":[0.989654422,0.143112242,0.0101486035,-0.143119574,0.989705384,-4.99212183e-06,-0.010044843,-0.00144752336,0.999948502],"scale":1,"type":"guardrail2"}
{"ctxid":0,"pos":[199.048706,-70.5642624,130.988861],"rotationMatrix":[0.98401916,0.17784065,0.00889011938,-0.177847654,0.984058022,-2.04774551e-06,-0.00874875765,-0.00157907186,0.999960482],"scale":1,"type":"guardrail2"}
{"ctxid":0,"pos":[199.045807,-70.5647888,131.316071],"rotationMatrix":[0.984015405,0.177861542,0.00888341013,-0.177868545,0.984054267,-2.25001713e-06,-0.0087421583,-0.0015778651,0.999960542],"scale":1,"type":"guardrail2"}
{"ctxid":0,"pos":[199.051636,-70.563736,130.657516],"rotationMatrix":[0.984022975,0.177819297,0.00889012031,-0.1778263,0.984061897,-1.48150139e-06,-0.00874869153,-0.00157943927,0.999960482],"scale":1,"type":"guardrail2"}
{"ctxid":0,"pos":[195.122101,-71.3259583,130.9534],"rotationMatrix":[0.979307055,0.202161252,0.00941119436,-0.202170193,0.979350388,-1.08603854e-06,-0.00921707693,-0.00190159935,0.999955714],"scale":1,"type":"guardrail2"}
{"ctxid":0,"pos":[195.119049,-71.3265915,131.280624],"rotationMatrix":[0.979303658,0.202177599,0.0094111925,-0.20218654,0.97934705,-1.22643542e-06,-0.00921707135,-0.00190161529,0.999955714],"scale":1,"type":"guardrail2"}
{"ctxid":0,"pos":[195.125183,-71.325325,130.62207],"rotationMatrix":[0.979310453,0.202144668,0.00941119157,-0.202153608,0.979353845,-9.27073415e-07,-0.00921707414,-0.00190159865,0.999955714],"scale":1,"type":"guardrail2"}
{"ctxid":0,"pos":[191.212418,-72.1748428,130.908493],"rotationMatrix":[0.975008368,0.221791521,0.0129322745,-0.221810058,0.975089908,-6.4400956e-07,-0.0126102734,-0.00286788074,0.999916375],"scale":1,"type":"guardrail2"}
{"ctxid":0,"pos":[191.208282,-72.1757812,131.235703],"rotationMatrix":[0.975003839,0.221811041,0.0129368771,-0.221829578,0.975085437,-1.17940363e-06,-0.012614822,-0.00286863232,0.999916315],"scale":1,"type":"guardrail2"}
{"ctxid":0,"pos":[191.216599,-72.1738892,130.577179],"rotationMatrix":[0.97501272,0.22177197,0.0129368789,-0.221790537,0.975094318,-3.89758497e-07,-0.0126147643,-0.00286889728,0.999916315],"scale":1,"type":"guardrail2"}
{"ctxid":0,"pos":[187.319977,-73.0982285,130.850891],"rotationMatrix":[0.970708668,0.239733532,0.0158892814,-0.239763811,0.970831275,1.8265564e-07,-0.0154257668,-0.00380985206,0.999873757],"scale":1,"type":"guardrail2"}
{"ctxid":0,"pos":[187.314926,-73.099472,131.17807],"rotationMatrix":[0.970702827,0.239756897,0.0158967227,-0.239786491,0.970825672,-4.52960376e-05,-0.0154438056,-0.00376785034,0.999873638],"scale":1,"type":"guardrail2"}
{"ctxid":0,"pos":[187.325104,-73.096962,130.519577],"rotationMatrix":[0.970714509,0.23970969,0.0158930384,-0.239739969,0.970837116,2.16066837e-07,-0.0154295005,-0.00381040643,0.999873698],"scale":1,"type":"guardrail2"}
{"ctxid":0,"pos":[183.445816,-74.0945206,130.781906],"rotationMatrix":[0.965800285,0.258621633,0.0185667351,-0.258666217,0.965966761,1.38487667e-06,-0.01793449,-0.00480392482,0.999827623],"scale":1,"type":"guardrail2"}
{"ctxid":0,"pos":[183.439896,-74.0961075,131.10907],"rotationMatrix":[0.965791881,0.258653194,0.018563522,-0.258697778,0.965958297,7.8137964e-07,-0.017931385,-0.00480309688,0.999827683],"scale":1,"type":"guardrail2"}
{"ctxid":0,"pos":[183.451813,-74.0929108,130.450607],"rotationMatrix":[0.965808868,0.258589625,0.018563522,-0.25863421,0.965975344,1.98394991e-06,-0.0179313924,-0.00480307825,0.999827683],"scale":1,"type":"guardrail2"}
{"ctxid":0,"pos":[179.593292,-75.1765671,130.691513],"rotationMatrix":[0.958623648,0.283308208,0.0278785378,-0.283418536,0.958996296,6.25289977e-06,-0.0267336443,-0.00790728815,0.999611318],"scale":1,"type":"guardrail2"}
{"ctxid":0,"pos":[179.584747,-75.1791077,131.018631],"rotationMatrix":[0.958603442,0.283377022,0.0278721228,-0.28348729,0.958975971,3.94741073e-06,-0.0267275795,-0.00790517591,0.999611497],"scale":1,"type":"guardrail2"}
{"ctxid":0,"pos":[179.601959,-75.1740036,130.360291],"rotationMatrix":[0.95864439,0.283238292,0.027874263,-0.28334862,0.959016979,8.29435885e-06,-0.0267295409,-0.00790608581,0.999611437],"scale":1,"type":"guardrail2"}
{"ctxid":0,"pos":[175.772934,-76.3581085,130.573425],"rotationMatrix":[0.952179432,0.304091215,0.0297117606,-0.304225206,0.952600121,-1.17416494e-05,-0.0283069983,-0.00902788714,0.999558508],"scale":1,"type":"guardrail2"}
{"ctxid":0,"pos":[175.763702,-76.3610535,130.900513],"rotationMatrix":[0.952172339,0.304113716,0.0297097433,-0.304247648,0.952592969,-1.2440607e-05,-0.0283050742,-0.00902727433,0.999558568],"scale":1,"type":"guardrail2"}
{"ctxid":0,"pos":[175.782288,-76.3551331,130.242218],"rotationMatrix":[0.952186823,0.304068565,0.0297077466,-0.304202497,0.952607393,-1.16764568e-05,-0.028303368,-0.00902605243,0.999558628],"scale":1,"type":"guardrail2"}
{"ctxid":0,"pos":[171.967392,-77.5820694,130.461121],"rotationMatrix":[0.951485157,0.30651626,0.0269040335,-0.306627125,0.951829731,-5.57256863e-06,-0.0256097671,-0.0082442034,0.999638021],"scale":1,"type":"guardrail2"}
{"ctxid":0,"pos":[171.959015,-77.5847626,130.788239],"rotationMatrix":[0.951487243,0.306509674,0.0269040354,-0.306620538,0.951831818,-5.06266952e-06,-0.0256096683,-0.0082445126,0.999638021],"scale":1,"type":"guardrail2"}
{"ctxid":0,"pos":[171.975891,-77.5793304,130.129898],"rotationMatrix":[0.951482892,0.306523055,0.0269062426,-0.306633919,0.951827526,-5.46639785e-06,-0.0256117787,-0.00824516639,0.999637961],"scale":1,"type":"guardrail2"}
{"ctxid":0,"pos":[168.157181,-78.7953644,130.352356],"rotationMatrix":[0.953843653,0.299033105,0.0275949854,-0.299146891,0.954207063,-4.34182584e-06,-0.0263326298,-0.008250813,0.999619186],"scale":1,"type":"guardrail2"}
{"ctxid":0,"pos":[168.148544,-78.7980652,130.679459],"rotationMatrix":[0.953851819,0.299006879,0.0275971442,-0.299120724,0.954215288,-3.72156501e-06,-0.026334729,-0.00825132802,0.999619126],"scale":1,"type":"guardrail2"}
{"ctxid":0,"pos":[168.165909,-78.7926254,130.021133],"rotationMatrix":[0.95383513,0.299060136,0.0275971498,-0.299173921,0.954198599,-5.26383519e-06,-0.0263347346,-0.00825132709,0.999619126],"scale":1,"type":"guardrail2"}
{"ctxid":0,"pos":[164.332184,-79.9616394,130.238754],"rotationMatrix":[0.958707869,0.282873124,0.0293607563,-0.282996267,0.959120989,3.97926196e-05,-0.0281492621,-0.00834713317,0.99956888],"scale":1,"type":"guardrail2"}
{"ctxid":0,"pos":[164.322998,-79.9643478,130.565842],"rotationMatrix":[0.958722889,0.282822639,0.0293567199,-0.282944471,0.959136307,-3.88501212e-06,-0.0281581935,-0.00830259733,0.999568999],"scale":1,"type":"guardrail2"}
{"ctxid":0,"pos":[164.341492,-79.9589005,129.907547],"rotationMatrix":[0.958692849,0.282923847,0.0293628015,-0.283045679,0.959106445,-6.98445365e-06,-0.0281640291,-0.00830431841,0.99956882],"scale":1,"type":"guardrail2"}
{"ctxid":0,"pos":[160.483124,-81.0417709,130.121796],"rotationMatrix":[0.966382623,0.255523324,0.0285041183,-0.255626976,0.966775477,-8.58842395e-06,-0.0275592767,-0.00727812201,0.999593675],"scale":1,"type":"guardrail2"}
{"ctxid":0,"pos":[160.474152,-81.0441437,130.448898],"rotationMatrix":[0.966403961,0.2554425,0.0285041165,-0.255546153,0.966796875,-6.16931356e-06,-0.0275592674,-0.00727815554,0.999593675],"scale":1,"type":"guardrail2"}
{"ctxid":0,"pos":[160.492203,-81.0393677,129.790588],"rotationMatrix":[0.966361046,0.255605161,0.0285020284,-0.255708754,0.96675384,-1.09912362e-05,-0.0275572538,-0.00727759674,0.999593735],"scale":1,"type":"guardrail2"}
{"ctxid":0,"pos":[156.597977,-81.9767685,130.019257],"rotationMatrix":[0.977685571,0.208886847,0.0222970862,-0.208938435,0.977928817,-1.60657801e-05,-0.0218083169,-0.00464301044,0.999751389],"scale":1,"type":"guardrail2"}
{"ctxid":0,"pos":[156.590759,-81.9783096,130.346405],"rotationMatrix":[0.977709949,0.208772853,0.0222970881,-0.208824471,0.977953136,-1.34573784e-05,-0.0218083151,-0.00464302022,0.999751389],"scale":1,"type":"guardrail2"}
{"ctxid":0,"pos":[156.605286,-81.9752045,129.688004],"rotationMatrix":[0.977660835,0.20900242,0.0222997572,-0.209054008,0.977904081,-1.87160913e-05,-0.0218109358,-0.00464355573,0.999751329],"scale":1,"type":"guardrail2"}
{"ctxid":0,"pos":[152.656952,-82.6473389,129.927368],"rotationMatrix":[0.992689788,0.117815092,0.0262038875,-0.117856964,0.993030608,5.38361492e-05,-0.0260149185,-0.00314175338,0.999656618],"scale":1,"type":"guardrail2"}
{"ctxid":0,"pos":[152.648346,-82.6483459,130.254486],"rotationMatrix":[0.992718995,0.117568709,0.0262038764,-0.117610671,0.993059754,6.03484223e-05,-0.0260149222,-0.00314176455,0.999656618],"scale":1,"type":"guardrail2"}
{"ctxid":0,"pos":[152.665649,-82.6463242,129.59613],"rotationMatrix":[0.992659986,0.118065007,0.0262061749,-0.118106805,0.993000925,4.72374959e-05,-0.0260171797,-0.00314201834,0.999656558],"scale":1,"type":"guardrail2"}
{"ctxid":0,"pos":[148.673996,-83.0413055,129.793808],"rotationMatrix":[0.995068312,0.0900406092,0.0416139103,-0.0901179016,0.995931089,-1.87256373e-05,-0.0414462723,-0.0037315248,0.999133766],"scale":1,"type":"guardrail2"}
{"ctxid":0,"pos":[148.660339,-83.0425262,130.120743],"rotationMatrix":[0.995072186,0.0899967104,0.0416167825,-0.0900740474,0.995935082,-1.69984996e-05,-0.0414491445,-0.00373167708,0.999133646],"scale":1,"type":"guardrail2"}
{"ctxid":0,"pos":[148.687836,-83.040062,129.462753],"rotationMatrix":[0.995064318,0.0900849774,0.0416139141,-0.0901622102,0.995927095,-2.0791078e-05,-0.0414462984,-0.00373131409,0.999133766],"scale":1,"type":"guardrail2"}
{"ctxid":0,"pos":[144.685593,-83.3614578,129.578079],"rotationMatrix":[0.99555254,0.0675195232,0.065698646,-0.0676649734,0.997708082,-1.13244168e-05,-0.0655488297,-0.00443422329,0.99783951],"scale":1,"type":"guardrail2"}
{"ctxid":0,"pos":[144.664673,-83.3628616,129.904633],"rotationMatrix":[0.995563328,0.0673581213,0.065700449,-0.067503944,0.99771899,-3.1827949e-07,-0.065550603,-0.00443472248,0.997839391],"scale":1,"type":"guardrail2"}
{"ctxid":0,"pos":[144.706787,-83.3600311,129.247421],"rotationMatrix":[0.995541155,0.0676830485,0.065702267,-0.0678281561,0.997696996,-2.21219379e-05,-0.0655524507,-0.00443444028,0.997839272],"scale":1,"type":"guardrail2"}
{"ctxid":0,"pos":[140.698318,-83.5578918,129.307632],"rotationMatrix":[0.997190773,0.0285994224,0.0692290142,-0.0286676101,0.999589026,-8.52672383e-06,-0.0692008063,-0.00197612774,0.997600794],"scale":1,"type":"guardrail2"}
{"ctxid":0,"pos":[140.675674,-83.5585327,129.634079],"rotationMatrix":[0.997198403,0.0283305254,0.069229871,-0.0283993352,0.999596655,9.73104034e-06,-0.069201678,-0.00197578641,0.997600734],"scale":1,"type":"guardrail2"}
{"ctxid":0,"pos":[140.721268,-83.5572433,128.977081],"rotationMatrix":[0.997182786,0.0288721155,0.0692307428,-0.0289396551,0.999581158,-2.73875194e-05,-0.0692025349,-0.00197620317,0.997600675],"scale":1,"type":"guardrail2"}
{"ctxid":0,"pos":[136.708069,-83.5611725,129.022278],"rotationMatrix":[0.99683398,-0.0298908036,0.0736787319,0.0299733449,0.9995507,-1.46046514e-05,-0.0736451894,0.00222295662,0.997282028],"scale":1,"type":"guardrail2"}
{"ctxid":0,"pos":[136.683975,-83.5604401,129.348618],"rotationMatrix":[0.996820927,-0.0303195436,0.0736803487,0.0304009262,0.999537766,1.69804553e-05,-0.0736468062,0.00222302414,0.997281909],"scale":1,"type":"guardrail2"}
{"ctxid":0,"pos":[136.732452,-83.5619202,128.691818],"rotationMatrix":[0.996847034,-0.0294563565,0.0736771077,0.029540075,0.999563575,-4.66099009e-05,-0.0736435801,0.00222289027,0.997282147],"scale":1,"type":"guardrail2"}
{"ctxid":0,"pos":[132.732727,-83.2721634,128.727127],"rotationMatrix":[0.990204453,-0.11986459,0.0716075003,0.120175861,0.992752612,-3.88817862e-05,-0.0710838735,0.00864399411,0.997432888],"scale":1,"type":"guardrail2"}
{"ctxid":0,"pos":[132.709641,-83.2693863,129.053528],"rotationMatrix":[0.990124345,-0.120522268,0.0716108382,0.120831929,0.99267298,7.74674118e-06,-0.0710870773,0.00864520576,0.997432649],"scale":1,"type":"guardrail2"}
{"ctxid":0,"pos":[132.756119,-83.2749786,128.396606],"rotationMatrix":[0.990284622,-0.119200237,0.0716074631,0.119513206,0.992832601,-8.68109055e-05,-0.071083881,0.00864400528,0.997432888],"scale":1,"type":"guardrail2"}
{"ctxid":0,"pos":[128.826477,-82.5147476,128.480728],"rotationMatrix":[0.961509287,-0.27000621,0.0509567223,0.270362288,0.96275866,-9.87416133e-05,-0.049032364,0.0138717173,0.998700857],"scale":1,"type":"guardrail2"}
{"ctxid":0,"pos":[128.810074,-82.5101547,128.80751],"rotationMatrix":[0.961272895,-0.270846009,0.0509591252,0.271201074,0.962522745,-5.48451208e-05,-0.0490344614,0.0138728898,0.998700738],"scale":1,"type":"guardrail2"}
{"ctxid":0,"pos":[128.843094,-82.5194016,128.149826],"rotationMatrix":[0.96174711,-0.269157171,0.0509601496,0.269514441,0.962996364,-0.000144186895,-0.0490356274,0.0138731673,0.998700678],"scale":1,"type":"guardrail2"}
{"ctxid":0,"pos":[125.197098,-80.9426193,128.336807],"rotationMatrix":[0.841534436,-0.540128112,0.00902304053,0.540150523,0.84156841,-5.54581638e-05,-0.00756355189,0.0049204696,0.99995929],"scale":1,"type":"guardrail2"}
{"ctxid":0,"pos":[125.195038,-80.9422913,128.663925],"rotationMatrix":[0.84145242,-0.540255308,0.00905601308,0.540277839,0.841486692,-5.42881899e-05,-0.00759118423,0.00493844459,0.999958992],"scale":1,"type":"guardrail2"}
{"ctxid":0,"pos":[125.199188,-80.9429474,128.005554],"rotationMatrix":[0.841616154,-0.540001214,0.00899657235,0.540023506,0.84164995,-5.67233656e-05,-0.00754133426,0.00490610022,0.999959528],"scale":1,"type":"guardrail2"}
{"ctxid":0,"pos":[122.350433,-78.2201996,128.483597],"rotationMatrix":[0.612970412,-0.787644863,-0.062311694,0.789187789,0.614151895,0.000243667513,0.0380769223,-0.0493249893,0.99805671],"scale":1,"type":"guardrail2"}
{"ctxid":0,"pos":[122.362671,-78.2361374,128.810211],"rotationMatrix":[0.613943875,-0.786886454,-0.0623103678,0.78843081,0.615123391,0.000320566818,0.0380763188,-0.0493242219,0.998056769],"scale":1,"type":"guardrail2"}
{"ctxid":0,"pos":[122.338036,-78.2040558,128.152878],"rotationMatrix":[0.611985445,-0.788410664,-0.062309064,0.789951921,0.613168836,0.000164588913,0.0380762145,-0.0493218899,0.998056889],"scale":1,"type":"guardrail2"}
{"ctxid":0,"pos":[120.390533,-74.77034,128.727112],"rotationMatrix":[0.350418329,-0.93484956,-0.0571262985,0.936381161,0.350984812,0.000125614926,0.0199330319,-0.0535360053,0.998366952],"scale":0.99999994,"type":"guardrail2"}
{"ctxid":0,"pos":[120.396942,-74.787384,129.053848],"rotationMatrix":[0.351885438,-0.934298337,-0.0571239442,0.935830772,0.352449417,0.000215543434,0.019931918,-0.0535341948,0.998367071],"scale":1,"type":"guardrail2"}
{"ctxid":0,"pos":[120.384033,-74.7530823,128.396286],"rotationMatrix":[0.348932326,-0.935405195,-0.0571264178,0.936935961,0.349501193,3.50549817e-05,0.0199329574,-0.0535360239,0.998366952],"scale":0.99999994,"type":"guardrail2"}
{"ctxid":0,"pos":[119.618561,-70.8702087,128.905807],"rotationMatrix":[0.0487903357,-0.998345613,-0.0304229334,0.998807788,0.0488159657,-0.000101547688,0.00158650521,-0.0303817075,0.99953711],"scale":1,"type":"guardrail2"}
{"ctxid":0,"pos":[119.619156,-70.8805084,129.232864],"rotationMatrix":[0.049347043,-0.998318195,-0.0304229856,0.99878037,0.0493724346,-8.45883042e-05,0.00158650056,-0.0303817093,0.99953711],"scale":0.99999994,"type":"guardrail2"}
{"ctxid":0,"pos":[119.61795,-70.8597717,128.574615],"rotationMatrix":[0.0482273102,-0.998373032,-0.0304228701,0.998835206,0.0482532978,-0.000118516386,0.00158632826,-0.0303817149,0.99953711],"scale":0.99999994,"type":"guardrail2"}
{"ctxid":0,"pos":[119.785347,-66.8786163,129.000015],"rotationMatrix":[-0.123818636,-0.992186308,-0.0153435366,0.992303133,-0.123832941,-1.89882703e-05,-0.00188119244,-0.0152277909,0.999882281],"scale":1,"type":"guardrail2"}
{"ctxid":0,"pos":[119.784729,-66.8839264,129.327209],"rotationMatrix":[-0.123633981,-0.992209375,-0.0153396539,0.9923262,-0.123648167,-1.61360949e-05,-0.00188070955,-0.0152239343,0.99988234],"scale":0.99999994,"type":"guardrail2"}
{"ctxid":0,"pos":[119.78598,-66.8732452,128.668716],"rotationMatrix":[-0.124007583,-0.992162764,-0.0153396446,0.992279589,-0.124021769,-2.20313668e-05,-0.00188058987,-0.0152239474,0.99988234],"scale":0.99999994,"type":"guardrail2"}
{"ctxid":0,"pos":[120.508896,-62.9454346,129.045746],"rotationMatrix":[-0.230235934,-0.973105609,-0.00754068792,0.973133266,-0.230242372,-6.88270666e-06,-0.00172948954,-0.0073396787,0.999971569],"scale":1,"type":"guardrail2"}
{"ctxid":0,"pos":[120.508347,-62.9478302,129.372971],"rotationMatrix":[-0.230187416,-0.973117113,-0.00754068885,0.97314477,-0.230193973,-6.5008644e-06,-0.00172949419,-0.00733967777,0.999971569],"scale":1,"type":"guardrail2"}
{"ctxid":0,"pos":[120.50946,-62.9430161,128.714401],"rotationMatrix":[-0.230284452,-0.973094106,-0.00754068745,0.973121762,-0.23029089,-7.33532943e-06,-0.00172941433,-0.0073396964,0.999971569],"scale":1,"type":"guardrail2"}
{"ctxid":0,"pos":[722.852905,190.02449,150.248413],"rotationMatrix":[0.727428317,-0.684936166,0.0413573906,0.685531378,0.72804302,-0.000289014541,-0.0299120024,0.028562028,0.999144375],"scale":0.99999994,"type":"guardrail2"}
{"ctxid":0,"pos":[722.843323,190.033615,150.575378],"rotationMatrix":[0.727590442,-0.684764028,0.041357331,0.685359359,0.728204966,-0.000298785977,-0.0299120173,0.0285620242,0.999144375],"scale":1,"type":"guardrail2"}
{"ctxid":0,"pos":[722.86261,190.015244,149.917343],"rotationMatrix":[0.727264881,-0.685110092,0.0413531512,0.685704947,0.727879524,-0.000278123654,-0.0299095679,0.0285583287,0.999144554],"scale":1,"type":"guardrail2"}
{"ctxid":0,"pos":[720.142273,192.928436,150.119171],"rotationMatrix":[0.575564742,-0.817654014,0.0129275778,0.817722678,0.575612366,-4.69153747e-05,-0.00740291271,0.0105981762,0.999916434],"scale":0.99999994,"type":"guardrail2"}
{"ctxid":0,"pos":[720.139465,192.931488,150.446335],"rotationMatrix":[0.575201333,-0.817909718,0.0129229845,0.817978382,0.575248957,-4.10722569e-05,-0.0074003404,0.0105943475,0.999916494],"scale":1,"type":"guardrail2"}
{"ctxid":0,"pos":[720.145142,192.925354,149.787888],"rotationMatrix":[0.575929284,-0.817397475,0.0129183307,0.817466021,0.575976789,-5.26392832e-05,-0.00739763118,0.0105906138,0.999916553],"scale":1,"type":"guardrail2"}
{"ctxid":0,"pos":[718.562195,196.545868,150.169037],"rotationMatrix":[0.251455486,-0.967434883,-0.028979918,0.967838287,0.251572907,-0.000418333337,0.0076952707,-0.0279426817,0.999579906],"scale":1,"type":"guardrail2"}
{"ctxid":0,"pos":[718.564514,196.537537,150.496155],"rotationMatrix":[0.251667738,-0.967380047,-0.02896972,0.967783093,0.25178498,-0.000412385911,0.00769307464,-0.0279326215,0.999580204],"scale":1,"type":"guardrail2"}
{"ctxid":0,"pos":[718.559875,196.554306,149.837799],"rotationMatrix":[0.251240015,-0.967491031,-0.0289757177,0.967894316,0.251357436,-0.000423998572,0.00769347697,-0.0279389061,0.999580026],"scale":1,"type":"guardrail2"}
{"ctxid":0,"pos":[717.592285,200.42746,150.260773],"rotationMatrix":[0.238471627,-0.970943511,-0.0200006533,0.971137702,0.23851943,-6.30225986e-06,0.00477666408,-0.0194218867,0.999799967],"scale":1,"type":"guardrail2"}
{"ctxid":0,"pos":[717.593872,200.421112,150.587921],"rotationMatrix":[0.238468409,-0.970944345,-0.0200006589,0.971138537,0.238516212,-6.42426312e-06,0.00477671903,-0.0194218773,0.999799967],"scale":0.99999994,"type":"guardrail2"}
{"ctxid":0,"pos":[717.590698,200.433884,149.929474],"rotationMatrix":[0.2384727,-0.970943272,-0.0200006571,0.971137464,0.238520503,-5.83287328e-06,0.00477622962,-0.0194219984,0.999799967],"scale":1,"type":"guardrail2"}
{"ctxid":0,"pos":[716.62561,204.308365,150.340057],"rotationMatrix":[0.246314168,-0.968998611,-0.0192599297,0.969178379,0.246359944,-4.38839197e-06,0.00474912766,-0.018665228,0.99981451],"scale":0.99999994,"type":"guardrail2"}
{"ctxid":0,"pos":[716.627136,204.302277,150.667206],"rotationMatrix":[0.2462942,-0.969003677,-0.0192630198,0.969183445,0.246340036,-5.28525561e-06,0.00475037284,-0.0186681002,0.999814451],"scale":1,"type":"guardrail2"}
{"ctxid":0,"pos":[716.624023,204.314514,150.008759],"rotationMatrix":[0.246335804,-0.968993187,-0.0192599259,0.969172955,0.246381581,-4.47686762e-06,0.00474962965,-0.0186650939,0.99981451],"scale":1,"type":"guardrail2"}
{"ctxid":0,"pos":[715.606018,208.176331,150.411346],"rotationMatrix":[0.264606774,-0.964218974,-0.0162820071,0.964346766,0.264641941,-4.31854278e-06,0.0043130652,-0.0157003589,0.999867439],"scale":1,"type":"guardrail2"}
{"ctxid":0,"pos":[715.607422,208.171204,150.738525],"rotationMatrix":[0.264574945,-0.964227617,-0.0162856691,0.964355528,0.264610052,-4.6659261e-06,0.00431385171,-0.0157039408,0.99986738],"scale":1,"type":"guardrail2"}
{"ctxid":0,"pos":[715.604553,208.181534,150.080032],"rotationMatrix":[0.264638543,-0.964210272,-0.0162820108,0.964338064,0.26467371,-3.99257988e-06,0.0043132701,-0.0157003067,0.999867439],"scale":1,"type":"guardrail2"}
{"ctxid":0,"pos":[714.492615,212.018738,150.470642],"rotationMatrix":[0.293350816,-0.955918133,-0.0128814746,0.955997407,0.293375254,-4.23518941e-06,0.00378315477,-0.0123134144,0.99991703],"scale":1,"type":"guardrail2"}
{"ctxid":0,"pos":[714.493835,212.014771,150.797836],"rotationMatrix":[0.293314695,-0.95592916,-0.0128814746,0.956008434,0.293339133,-4.91505489e-06,0.00378333824,-0.0123133566,0.99991703],"scale":0.99999994,"type":"guardrail2"}
{"ctxid":0,"pos":[714.491394,212.022736,150.139313],"rotationMatrix":[0.293387115,-0.955906987,-0.0128814764,0.955986261,0.293411553,-3.65357846e-06,0.00378306629,-0.0123134414,0.99991703],"scale":1,"type":"guardrail2"}
{"ctxid":0,"pos":[713.2677,215.827606,150.509827],"rotationMatrix":[0.310532749,-0.950523973,-0.00857617613,0.950558901,0.310544133,-1.55065209e-07,0.0026634289,-0.00815211236,0.999963224],"scale":1,"type":"guardrail2"}
{"ctxid":0,"pos":[713.268555,215.824951,150.837036],"rotationMatrix":[0.310537696,-0.950522125,-0.00859699957,0.950557292,0.31054914,1.95577741e-08,0.00266977213,-0.00817194674,0.999963045],"scale":1,"type":"guardrail2"}
{"ctxid":0,"pos":[713.266846,215.830292,150.178482],"rotationMatrix":[0.310527205,-0.950525761,-0.00859006587,0.950560808,0.310538709,-2.42143869e-08,0.00266757072,-0.0081653716,0.999963105],"scale":1,"type":"guardrail2"}
{"ctxid":0,"pos":[712.041931,219.635468,150.542664],"rotationMatrix":[0.302228749,-0.953209579,-0.00702510029,0.953233063,0.302236259,-7.59027898e-08,0.00212331209,-0.00669653481,0.999975324],"scale":1,"type":"guardrail2"}
{"ctxid":0,"pos":[712.042664,219.633194,150.869873],"rotationMatrix":[0.302232802,-0.953208208,-0.00703357905,0.953231812,0.302240252,2.58674845e-07,0.00212558452,-0.00670470949,0.999975264],"scale":1,"type":"guardrail2"}
{"ctxid":0,"pos":[712.041199,219.637756,150.211304],"rotationMatrix":[0.302223265,-0.953211248,-0.00702510122,0.953234732,0.302230775,-2.16532499e-08,0.00212322176,-0.00669656415,0.999975324],"scale":0.99999994,"type":"guardrail2"}
{"ctxid":0,"pos":[710.851196,223.453781,150.57254],"rotationMatrix":[0.292994738,-0.956077993,-0.00830788538,0.956111014,0.293004811,8.00937414e-08,0.00243417383,-0.00794328377,0.999965489],"scale":0.99999994,"type":"guardrail2"}
{"ctxid":0,"pos":[710.85199,223.451309,150.899765],"rotationMatrix":[0.292999327,-0.956076503,-0.00831505656,0.956109524,0.29300946,4.79631126e-07,0.0024359317,-0.0079502454,0.999965429],"scale":0.99999994,"type":"guardrail2"}
{"ctxid":0,"pos":[710.850464,223.456299,150.241211],"rotationMatrix":[0.292987525,-0.956080139,-0.00830788631,0.95611316,0.292997599,-3.95812094e-08,0.00243422831,-0.00794326887,0.999965489],"scale":1,"type":"guardrail2"}
{"ctxid":0,"pos":[709.700012,227.28598,150.597168],"rotationMatrix":[0.28210777,-0.959376633,-0.00343535794,0.959382236,0.28210938,2.33063474e-07,0.000968923327,-0.00329588703,0.999994099],"scale":0.99999994,"type":"guardrail2"}
{"ctxid":0,"pos":[709.700378,227.28479,150.924408],"rotationMatrix":[0.282109916,-0.959375978,-0.00341796363,0.95938158,0.282111585,2.17580236e-07,0.000964038423,-0.00327919284,0.999994159],"scale":1,"type":"guardrail2"}
{"ctxid":0,"pos":[709.699646,227.287186,150.265823],"rotationMatrix":[0.282103181,-0.959377885,-0.00345266494,0.959383607,0.28210485,2.51457095e-08,0.000973989489,-0.0033124371,0.99999404],"scale":1,"type":"guardrail2"}
{"ctxid":0,"pos":[708.598145,231.13205,150.606567],"rotationMatrix":[0.268242538,-0.963350594,-0.00124487735,0.963351309,0.268242717,1.56578608e-07,0.000333778473,-0.00119929621,0.999999225],"scale":1,"type":"guardrail2"}
{"ctxid":0,"pos":[708.598206,231.131683,150.933807],"rotationMatrix":[0.268243968,-0.963350177,-0.0012448777,0.963350892,0.268244147,1.11060217e-07,0.000333824137,-0.00119928387,0.999999225],"scale":1,"type":"guardrail2"}
{"ctxid":0,"pos":[708.598022,231.132416,150.275223],"rotationMatrix":[0.268240511,-0.96335113,-0.00124487747,0.963351846,0.26824069,1.62399374e-07,0.000333770295,-0.00119929865,0.999999225],"scale":1,"type":"guardrail2"}
{"ctxid":0,"pos":[707.604553,235.006485,150.611603],"rotationMatrix":[0.222419083,-0.974951029,-0.000488281192,0.974951148,0.222419083,-2.66925781e-07,0.000108863285,-0.000475990935,0.999999881],"scale":1.00000012,"type":"guardrail2"}
{"ctxid":0,"pos":[707.604553,235.006577,150.938843],"rotationMatrix":[0.222418606,-0.974951267,-0.00034526689,0.974951267,0.222418666,-2.04076059e-07,7.69927574e-05,-0.000336572994,0.99999994],"scale":1,"type":"guardrail2"}
