{"ctxid":0,"pos":[51.9042091,11.5501404,119.592529],"rotationMatrix":[-0.810885787,-0.585204542,0,0.585204542,-0.810885787,0,0,0,1],"scale":1,"type":"guardrail1_red"}
{"ctxid":0,"pos":[51.9042091,11.5501404,120.251114],"rotationMatrix":[-0.810885787,-0.585204542,0,0.585204542,-0.810885787,0,0,0,1],"scale":1,"type":"guardrail1_red"}
{"ctxid":0,"pos":[51.9042091,11.5501404,119.923882],"rotationMatrix":[-0.810885787,-0.585204542,0,0.585204542,-0.810885787,0,0,0,1],"scale":1,"type":"guardrail1_red"}
{"ctxid":0,"pos":[45.417099,6.86855316,119.592522],"rotationMatrix":[-0.810895324,-0.58519125,0,0.58519125,-0.810895324,0,0,0,1],"scale":1,"type":"guardrail1_red"}
{"ctxid":0,"pos":[45.4170952,6.86855316,120.251106],"rotationMatrix":[-0.810895085,-0.585191607,0,0.585191607,-0.810895085,0,0,0,1],"scale":1,"type":"guardrail1_red"}
{"ctxid":0,"pos":[45.4170952,6.86855316,119.923882],"rotationMatrix":[-0.81089437,-0.585192382,0,0.585192382,-0.81089437,0,0,0,1],"scale":0.99999994,"type":"guardrail1_red"}
{"ctxid":0,"pos":[38.9299393,2.18701172,119.592522],"rotationMatrix":[-0.810894847,-0.585192084,0,0.585192084,-0.810894847,0,0,0,1],"scale":0.99999994,"type":"guardrail1_red"}
{"ctxid":0,"pos":[38.9299393,2.18701172,120.251106],"rotationMatrix":[-0.810894847,-0.585192084,0,0.585192084,-0.810894847,0,0,0,1],"scale":0.99999994,"type":"guardrail1_red"}
{"ctxid":0,"pos":[38.9299393,2.18701172,119.923874],"rotationMatrix":[-0.810894847,-0.585192084,0,0.585192084,-0.810894847,0,0,0,1],"scale":0.99999994,"type":"guardrail1_red"}
{"ctxid":0,"pos":[32.442791,-2.49454498,119.592522],"rotationMatrix":[-0.810893059,-0.585194528,0,0.585194528,-0.810893059,0,0,0,1],"scale":0.99999994,"type":"guardrail1_red"}
{"ctxid":0,"pos":[32.442791,-2.49454498,120.251106],"rotationMatrix":[-0.810893059,-0.585194528,0,0.585194528,-0.810893059,0,0,0,1],"scale":0.99999994,"type":"guardrail1_red"}
{"ctxid":0,"pos":[32.442791,-2.49454498,119.923874],"rotationMatrix":[-0.810893059,-0.585194528,0,0.585194528,-0.810893059,0,0,0,1],"scale":0.99999994,"type":"guardrail1_red"}
{"ctxid":0,"pos":[25.9556389,-7.17610168,119.592522],"rotationMatrix":[-0.810892344,-0.585195482,0,0.585195482,-0.810892344,0,0,0,1],"scale":0.99999994,"type":"guardrail1_red"}
{"ctxid":0,"pos":[25.9556408,-7.17610168,120.251106],"rotationMatrix":[-0.810891628,-0.585196257,0,0.585196257,-0.810891628,0,0,0,1],"scale":1,"type":"guardrail1_red"}
{"ctxid":0,"pos":[25.9556389,-7.17610168,119.923874],"rotationMatrix":[-0.810892105,-0.585195839,0,0.585195839,-0.810892105,0,0,0,1],"scale":0.99999994,"type":"guardrail1_red"}
{"ctxid":0,"pos":[19.4684982,-11.8576488,119.592537],"rotationMatrix":[-0.810893655,-0.585193574,0,0.585193574,-0.810893655,0,0,0,1],"scale":1,"type":"guardrail1_red"}
{"ctxid":0,"pos":[19.4684982,-11.8576488,120.251122],"rotationMatrix":[-0.810893655,-0.585193574,0,0.585193574,-0.810893655,0,0,0,1],"scale":1,"type":"guardrail1_red"}
{"ctxid":0,"pos":[19.4684982,-11.8576488,119.923882],"rotationMatrix":[-0.810893655,-0.585193574,0,0.585193574,-0.810893655,0,0,0,1],"scale":1,"type":"guardrail1_red"}
{"ctxid":0,"pos":[12.9813519,-16.5391998,119.592529],"rotationMatrix":[-0.81089437,-0.585192382,0,0.585192382,-0.81089437,0,0,0,1],"scale":0.99999994,"type":"guardrail1_red"}
{"ctxid":0,"pos":[12.9813519,-16.5391998,120.251106],"rotationMatrix":[-0.81089437,-0.585192382,0,0.585192382,-0.81089437,0,0,0,1],"scale":0.99999994,"type":"guardrail1_red"}
{"ctxid":0,"pos":[12.9813519,-16.5391998,119.923882],"rotationMatrix":[-0.81089437,-0.585192382,0,0.585192382,-0.81089437,0,0,0,1],"scale":0.99999994,"type":"guardrail1_red"}
{"ctxid":0,"pos":[6.49420357,-21.2207565,119.592537],"rotationMatrix":[-0.810893059,-0.58519429,0,0.58519429,-0.810893059,0,0,0,1],"scale":1.00000012,"type":"guardrail1_red"}
{"ctxid":0,"pos":[6.49420357,-21.2207565,120.251114],"rotationMatrix":[-0.810893059,-0.58519429,0,0.58519429,-0.810893059,0,0,0,1],"scale":1.00000012,"type":"guardrail1_red"}
{"ctxid":0,"pos":[6.49420357,-21.2207565,119.923882],"rotationMatrix":[-0.810893059,-0.58519429,0,0.58519429,-0.810893059,0,0,0,1],"scale":1.00000012,"type":"guardrail1_red"}
{"ctxid":0,"pos":[0.00706005096,-25.9023113,119.592522],"rotationMatrix":[-0.810893416,-0.585193992,0,0.585193992,-0.810893416,0,0,0,1],"scale":0.99999994,"type":"guardrail1_red"}
{"ctxid":0,"pos":[0.00705981255,-25.9023113,120.251114],"rotationMatrix":[-0.810893297,-0.585193872,-0.000345267006,0.585193872,-0.810893297,-2.72120815e-09,-0.000279973145,-0.00020205036,0.99999994],"scale":1,"type":"guardrail1_red"}
{"ctxid":0,"pos":[0.00706005096,-25.9023113,119.923882],"rotationMatrix":[-0.810893416,-0.585193992,0,0.585193992,-0.810893416,0,0,0,1],"scale":0.99999994,"type":"guardrail1_red"}
{"ctxid":0,"pos":[-6.48008871,-30.583868,119.592529],"rotationMatrix":[-0.810893655,-0.585193574,0,0.585193574,-0.810893655,0,0,0,1],"scale":1,"type":"guardrail1_red"}
{"ctxid":0,"pos":[-6.48008871,-30.583868,120.251114],"rotationMatrix":[-0.810893655,-0.585193574,0,0.585193574,-0.810893655,0,0,0,1],"scale":1,"type":"guardrail1_red"}
{"ctxid":0,"pos":[-6.48008871,-30.583868,119.923882],"rotationMatrix":[-0.810893655,-0.585193574,0,0.585193574,-0.810893655,0,0,0,1],"scale":1,"type":"guardrail1_red"}
{"ctxid":0,"pos":[-12.9672298,-35.265419,119.592529],"rotationMatrix":[-0.810893059,-0.58519429,0,0.58519429,-0.810893059,0,0,0,1],"scale":1.00000012,"type":"guardrail1_red"}
{"ctxid":0,"pos":[-12.9672298,-35.265419,120.251106],"rotationMatrix":[-0.810893059,-0.58519429,0,0.58519429,-0.810893059,0,0,0,1],"scale":1.00000012,"type":"guardrail1_red"}
{"ctxid":0,"pos":[-12.9672298,-35.265419,119.923882],"rotationMatrix":[-0.810893059,-0.58519429,0,0.58519429,-0.810893059,0,0,0,1],"scale":1.00000012,"type":"guardrail1_red"}
{"ctxid":0,"pos":[-19.4543743,-39.9469757,119.592529],"rotationMatrix":[-0.81089282,-0.585194707,0,0.585194707,-0.81089282,0,0,0,1],"scale":1,"type":"guardrail1_red"}
{"ctxid":0,"pos":[-19.4543743,-39.9469757,120.251106],"rotationMatrix":[-0.81089282,-0.585194707,0,0.585194707,-0.81089282,0,0,0,1],"scale":0.99999994,"type":"guardrail1_red"}
{"ctxid":0,"pos":[-19.4543743,-39.9469757,119.923882],"rotationMatrix":[-0.81089282,-0.585194707,0,0.585194707,-0.81089282,0,0,0,1],"scale":0.99999994,"type":"guardrail1_red"}
{"ctxid":0,"pos":[-25.9415188,-44.6285362,119.592529],"rotationMatrix":[-0.81089282,-0.585194707,0,0.585194707,-0.81089282,0,0,0,1],"scale":0.99999994,"type":"guardrail1_red"}
{"ctxid":0,"pos":[-25.9415188,-44.6285362,120.251114],"rotationMatrix":[-0.810892582,-0.585194886,0.00020204857,0.585194886,-0.810892582,0.000279974425,9.4587449e-11,0.000345267006,0.99999994],"scale":1,"type":"guardrail1_red"}
{"ctxid":0,"pos":[-25.9415188,-44.6285362,119.923882],"rotationMatrix":[-0.810892582,-0.585194886,0.00020204857,0.585194886,-0.810892582,0.000279974425,9.4587449e-11,0.000345267006,0.99999994],"scale":1,"type":"guardrail1_red"}
{"ctxid":0,"pos":[-32.4286537,-49.3100891,119.592537],"rotationMatrix":[-0.810893059,-0.585194528,0,0.585194528,-0.810893059,0,0,0,1],"scale":1,"type":"guardrail1_red"}
{"ctxid":0,"pos":[-32.4286537,-49.3100891,120.251122],"rotationMatrix":[-0.810893059,-0.585194528,0,0.585194528,-0.810893059,0,0,0,1],"scale":1,"type":"guardrail1_red"}
{"ctxid":0,"pos":[-32.4286537,-49.3100891,119.923882],"rotationMatrix":[-0.810893059,-0.585194528,0,0.585194528,-0.810893059,0,0,0,1],"scale":1,"type":"guardrail1_red"}
{"ctxid":0,"pos":[-38.9158058,-53.9916573,119.592522],"rotationMatrix":[-0.810894847,-0.585192084,0,0.585192084,-0.810894847,0,0,0,1],"scale":0.99999994,"type":"guardrail1_red"}
{"ctxid":0,"pos":[-38.9158058,-53.9916573,120.251106],"rotationMatrix":[-0.810894847,-0.585192084,0,0.585192084,-0.810894847,0,0,0,1],"scale":0.99999994,"type":"guardrail1_red"}
{"ctxid":0,"pos":[-38.9158058,-53.9916573,119.923874],"rotationMatrix":[-0.810894847,-0.585192084,0,0.585192084,-0.810894847,0,0,0,1],"scale":0.99999994,"type":"guardrail1_red"}
{"ctxid":0,"pos":[-45.4029541,-58.6732063,119.592522],"rotationMatrix":[-0.810893655,-0.585193574,0,0.585193574,-0.810893655,0,0,0,1],"scale":0.99999994,"type":"guardrail1_red"}
{"ctxid":0,"pos":[-45.4029541,-58.6732063,120.251106],"rotationMatrix":[-0.810893655,-0.585193574,0,0.585193574,-0.810893655,0,0,0,1],"scale":0.99999994,"type":"guardrail1_red"}
{"ctxid":0,"pos":[-45.4029541,-58.6732063,119.923874],"rotationMatrix":[-0.810893655,-0.585193574,0,0.585193574,-0.810893655,0,0,0,1],"scale":0.99999994,"type":"guardrail1_red"}
{"ctxid":0,"pos":[-51.8900986,-63.3547592,119.592522],"rotationMatrix":[-0.810893416,-0.585193992,0,0.585193992,-0.810893416,0,0,0,1],"scale":0.99999994,"type":"guardrail1_red"}
{"ctxid":0,"pos":[-51.8900986,-63.3547592,120.251106],"rotationMatrix":[-0.810893416,-0.585193992,0,0.585193992,-0.810893416,0,0,0,1],"scale":0.99999994,"type":"guardrail1_red"}
{"ctxid":0,"pos":[-51.8900986,-63.3547592,119.923874],"rotationMatrix":[-0.810893416,-0.585193992,0,0.585193992,-0.810893416,0,0,0,1],"scale":0.99999994,"type":"guardrail1_red"}
{"ctxid":0,"pos":[-58.3772354,-68.0363007,119.592522],"rotationMatrix":[-0.810893893,-0.585193217,0,0.585193217,-0.810893893,0,0,0,1],"scale":1,"type":"guardrail1_red"}
{"ctxid":0,"pos":[-58.3772354,-68.0363007,120.251106],"rotationMatrix":[-0.810893893,-0.585193217,0,0.585193217,-0.810893893,0,0,0,1],"scale":1,"type":"guardrail1_red"}
{"ctxid":0,"pos":[-58.3772354,-68.0363007,119.923874],"rotationMatrix":[-0.810893893,-0.585193217,0,0.585193217,-0.810893893,0,0,0,1],"scale":1,"type":"guardrail1_red"}
{"ctxid":0,"pos":[-64.8643875,-72.7178574,119.592522],"rotationMatrix":[-0.810894847,-0.585192084,0,0.585192084,-0.810894847,0,0,0,1],"scale":0.99999994,"type":"guardrail1_red"}
{"ctxid":0,"pos":[-64.8643875,-72.7178574,120.251106],"rotationMatrix":[-0.810894847,-0.585192084,0,0.585192084,-0.810894847,0,0,0,1],"scale":0.99999994,"type":"guardrail1_red"}
{"ctxid":0,"pos":[-64.8643875,-72.7178574,119.923874],"rotationMatrix":[-0.810894847,-0.585192084,0,0.585192084,-0.810894847,0,0,0,1],"scale":0.99999994,"type":"guardrail1_red"}
{"ctxid":0,"pos":[-71.3515091,-77.3994141,119.592522],"rotationMatrix":[-0.810891628,-0.585196257,0,0.585196257,-0.810891628,0,0,0,1],"scale":1,"type":"guardrail1_red"}
{"ctxid":0,"pos":[-71.3515091,-77.3994141,120.251106],"rotationMatrix":[-0.810891628,-0.585196257,0,0.585196257,-0.810891628,0,0,0,1],"scale":1,"type":"guardrail1_red"}
{"ctxid":0,"pos":[-71.3515091,-77.3994141,119.923874],"rotationMatrix":[-0.810891628,-0.585196257,0,0.585196257,-0.810891628,0,0,0,1],"scale":1,"type":"guardrail1_red"}
{"ctxid":0,"pos":[-77.8386612,-82.0809402,119.592529],"rotationMatrix":[-0.810893893,-0.585193217,0.000202048017,0.585193217,-0.810893893,0.000279974862,1.23691279e-10,0.000345267035,0.99999994],"scale":1.00000012,"type":"guardrail1_red"}
{"ctxid":0,"pos":[-77.8386612,-82.0809402,120.251114],"rotationMatrix":[-0.810893655,-0.585193336,1.45914455e-05,0.585193336,-0.810893655,0.000344958476,-0.000190035295,0.000288263516,0.99999994],"scale":1.00000012,"type":"guardrail1_red"}
{"ctxid":0,"pos":[-77.8386612,-82.0809402,119.923882],"rotationMatrix":[-0.810893893,-0.585193217,0.000202048017,0.585193217,-0.810893893,0.000279974862,1.23691279e-10,0.000345267035,0.99999994],"scale":1.00000012,"type":"guardrail1_red"}
{"ctxid":0,"pos":[-84.3258133,-86.7625046,119.592529],"rotationMatrix":[-0.810891867,-0.585195839,0.000202048861,0.585195839,-0.810891867,0.000279974251,2.91038305e-11,0.000345267006,0.99999994],"scale":1.00000012,"type":"guardrail1_red"}
{"ctxid":0,"pos":[-84.3258133,-86.7625046,120.251114],"rotationMatrix":[-0.810891867,-0.585195839,0.000202048861,0.585195839,-0.810891867,0.000279974251,2.91038305e-11,0.000345267006,0.99999994],"scale":1.00000012,"type":"guardrail1_red"}
{"ctxid":0,"pos":[-84.3258133,-86.7625046,119.923882],"rotationMatrix":[-0.810891867,-0.585195839,0.000202048861,0.585195839,-0.810891867,0.000279974251,2.91038305e-11,0.000345267006,0.99999994],"scale":1.00000012,"type":"guardrail1_red"}
{"ctxid":0,"pos":[-90.8129501,-91.4440613,119.592537],"rotationMatrix":[-0.810893416,-0.585193992,0,0.585193992,-0.810893416,0,0,0,1],"scale":0.99999994,"type":"guardrail1_red"}
{"ctxid":0,"pos":[-90.8129501,-91.4440613,120.251114],"rotationMatrix":[-0.810893416,-0.585193992,0,0.585193992,-0.810893416,0,0,0,1],"scale":0.99999994,"type":"guardrail1_red"}
{"ctxid":0,"pos":[-90.8129501,-91.4440613,119.923882],"rotationMatrix":[-0.810893416,-0.585193992,0,0.585193992,-0.810893416,0,0,0,1],"scale":0.99999994,"type":"guardrail1_red"}
{"ctxid":0,"pos":[-97.3001099,-96.1256256,119.592522],"rotationMatrix":[-0.810890555,-0.585197806,0,0.585197806,-0.810890555,0,0,0,1],"scale":0.99999994,"type":"guardrail1_red"}
{"ctxid":0,"pos":[-97.3001099,-96.1256256,120.251106],"rotationMatrix":[-0.810890555,-0.585197806,0,0.585197806,-0.810890555,0,0,0,1],"scale":0.99999994,"type":"guardrail1_red"}
{"ctxid":0,"pos":[-97.3001099,-96.1256256,119.923882],"rotationMatrix":[-0.810890555,-0.585197806,0,0.585197806,-0.810890555,0,0,0,1],"scale":0.99999994,"type":"guardrail1_red"}
{"ctxid":0,"pos":[-103.78727,-100.807182,119.592537],"rotationMatrix":[-0.810896397,-0.5851897,0,0.5851897,-0.810896397,0,0,0,1],"scale":1,"type":"guardrail1_red"}
{"ctxid":0,"pos":[-103.78727,-100.807182,120.251114],"rotationMatrix":[-0.810896397,-0.5851897,0,0.5851897,-0.810896397,0,0,0,1],"scale":1,"type":"guardrail1_red"}
{"ctxid":0,"pos":[-103.78727,-100.807182,119.923882],"rotationMatrix":[-0.810896397,-0.5851897,0,0.5851897,-0.810896397,0,0,0,1],"scale":1,"type":"guardrail1_red"}
{"ctxid":0,"pos":[-110.274437,-105.488701,119.592522],"rotationMatrix":[-0.810898066,-0.585187376,0.000202045921,0.585187376,-0.810898066,0.000279976346,2.18278728e-11,0.000345267006,0.99999994],"scale":1.00000012,"type":"guardrail1_red"}
{"ctxid":0,"pos":[-110.274437,-105.488701,120.251106],"rotationMatrix":[-0.810897827,-0.585187912,0,0.585187912,-0.810897827,0,0,0,1],"scale":1,"type":"guardrail1_red"}
{"ctxid":0,"pos":[-110.274437,-105.488701,119.923874],"rotationMatrix":[-0.810897112,-0.585188627,0,0.585188627,-0.810897112,0,0,0,1],"scale":0.99999994,"type":"guardrail1_red"}
{"ctxid":0,"pos":[-116.76162,-110.170258,119.592522],"rotationMatrix":[-0.810895085,-0.585191607,0,0.585191607,-0.810895085,0,0,0,1],"scale":1,"type":"guardrail1_red"}
{"ctxid":0,"pos":[-116.761612,-110.170258,120.251106],"rotationMatrix":[-0.810895085,-0.585191607,0,0.585191607,-0.810895085,0,0,0,1],"scale":1,"type":"guardrail1_red"}
{"ctxid":0,"pos":[-116.761612,-110.170258,119.923874],"rotationMatrix":[-0.810895085,-0.585191607,0,0.585191607,-0.810895085,0,0,0,1],"scale":1,"type":"guardrail1_red"}
{"ctxid":0,"pos":[-123.248756,-114.851807,119.592522],"rotationMatrix":[-0.810891628,-0.585196257,0,0.585196257,-0.810891628,0,0,0,1],"scale":1,"type":"guardrail1_red"}
{"ctxid":0,"pos":[-123.248756,-114.851807,120.251106],"rotationMatrix":[-0.810891628,-0.585196257,0,0.585196257,-0.810891628,0,0,0,1],"scale":1,"type":"guardrail1_red"}
{"ctxid":0,"pos":[-123.248756,-114.851807,119.923874],"rotationMatrix":[-0.810891628,-0.585196257,0,0.585196257,-0.810891628,0,0,0,1],"scale":1,"type":"guardrail1_red"}
{"ctxid":0,"pos":[-129.735886,-119.533363,119.592522],"rotationMatrix":[-0.810893416,-0.585193992,0,0.585193992,-0.810893416,0,0,0,1],"scale":0.99999994,"type":"guardrail1_red"}
{"ctxid":0,"pos":[-129.735886,-119.533363,120.251106],"rotationMatrix":[-0.810893416,-0.585193992,0,0.585193992,-0.810893416,0,0,0,1],"scale":0.99999994,"type":"guardrail1_red"}
{"ctxid":0,"pos":[-129.735886,-119.533363,119.923874],"rotationMatrix":[-0.810893416,-0.585193992,0,0.585193992,-0.810893416,0,0,0,1],"scale":0.99999994,"type":"guardrail1_red"}
{"ctxid":0,"pos":[-136.223038,-124.214951,119.592522],"rotationMatrix":[-0.810888886,-0.585200131,0,0.585200131,-0.810888886,0,0,0,1],"scale":0.99999994,"type":"guardrail1_red"}
{"ctxid":0,"pos":[-136.223038,-124.214951,120.251106],"rotationMatrix":[-0.810888886,-0.585200131,0,0.585200131,-0.810888886,0,0,0,1],"scale":0.99999994,"type":"guardrail1_red"}
{"ctxid":0,"pos":[-136.223038,-124.214951,119.923874],"rotationMatrix":[-0.810888886,-0.585200131,0,0.585200131,-0.810888886,0,0,0,1],"scale":0.99999994,"type":"guardrail1_red"}
{"ctxid":0,"pos":[-142.710159,-128.896515,119.592522],"rotationMatrix":[-0.8108989,-0.585186362,0,0.585186362,-0.8108989,0,0,0,1],"scale":0.99999994,"type":"guardrail1_red"}
{"ctxid":0,"pos":[-142.710159,-128.896515,120.251106],"rotationMatrix":[-0.8108989,-0.585186362,0,0.585186362,-0.8108989,0,0,0,1],"scale":0.99999994,"type":"guardrail1_red"}
{"ctxid":0,"pos":[-142.710159,-128.896515,119.923874],"rotationMatrix":[-0.8108989,-0.585186362,0,0.585186362,-0.8108989,0,0,0,1],"scale":0.99999994,"type":"guardrail1_red"}
{"ctxid":0,"pos":[-149.197327,-133.578064,119.592522],"rotationMatrix":[-0.81089139,-0.585196495,0.000202049021,0.585196495,-0.81089139,0.000279974047,0,0.000345266977,0.99999994],"scale":1,"type":"guardrail1_red"}
{"ctxid":0,"pos":[-149.197327,-133.578064,120.251106],"rotationMatrix":[-0.81089139,-0.585196495,0.000202049021,0.585196495,-0.81089139,0.000279974047,0,0.000345266977,0.99999994],"scale":1,"type":"guardrail1_red"}
{"ctxid":0,"pos":[-149.197327,-133.578064,119.923874],"rotationMatrix":[-0.81089139,-0.585196495,0.000202049021,0.585196495,-0.81089139,0.000279974047,0,0.000345266977,0.99999994],"scale":1,"type":"guardrail1_red"}
{"ctxid":0,"pos":[-155.684479,-138.259628,119.592522],"rotationMatrix":[-0.810893416,-0.585193992,0,0.585193992,-0.810893416,0,0,0,1],"scale":0.99999994,"type":"guardrail1_red"}
{"ctxid":0,"pos":[-155.684479,-138.259628,120.251106],"rotationMatrix":[-0.810893416,-0.585193992,0,0.585193992,-0.810893416,0,0,0,1],"scale":0.99999994,"type":"guardrail1_red"}
{"ctxid":0,"pos":[-155.684479,-138.259628,119.923874],"rotationMatrix":[-0.810893416,-0.585193992,0,0.585193992,-0.810893416,0,0,0,1],"scale":0.99999994,"type":"guardrail1_red"}
{"ctxid":0,"pos":[-162.171585,-142.941162,119.592522],"rotationMatrix":[-0.81089592,-0.585190296,0.000202046969,0.585190296,-0.81089592,0.000279975648,4.36557457e-11,0.000345267064,0.99999994],"scale":1,"type":"guardrail1_red"}
{"ctxid":0,"pos":[-162.171585,-142.941162,120.251106],"rotationMatrix":[-0.81089592,-0.585190296,0.000202046969,0.585190296,-0.81089592,0.000279975648,4.36557457e-11,0.000345267064,0.99999994],"scale":1,"type":"guardrail1_red"}
{"ctxid":0,"pos":[-162.171585,-142.941162,119.923874],"rotationMatrix":[-0.81089592,-0.585190296,0.000202046969,0.585190296,-0.81089592,0.000279975648,4.36557457e-11,0.000345267064,0.99999994],"scale":1,"type":"guardrail1_red"}
{"ctxid":0,"pos":[-168.658768,-147.622726,119.592522],"rotationMatrix":[-0.810892582,-0.585194886,0.000202048483,0.585194886,-0.810892582,0.000279974454,1.45519152e-11,0.000345266977,0.99999994],"scale":0.99999994,"type":"guardrail1_red"}
{"ctxid":0,"pos":[-168.658768,-147.622726,120.251106],"rotationMatrix":[-0.810892582,-0.585194886,0.000202048483,0.585194886,-0.810892582,0.000279974454,1.45519152e-11,0.000345266977,0.99999994],"scale":0.99999994,"type":"guardrail1_red"}
{"ctxid":0,"pos":[-168.658768,-147.622726,119.923874],"rotationMatrix":[-0.810892582,-0.585194886,0.000202048483,0.585194886,-0.810892582,0.000279974454,1.45519152e-11,0.000345266977,0.99999994],"scale":0.99999994,"type":"guardrail1_red"}
{"ctxid":0,"pos":[-175.145859,-152.30426,119.592522],"rotationMatrix":[-0.810890555,-0.585197806,0,0.585197806,-0.810890555,0,0,0,1],"scale":0.99999994,"type":"guardrail1_red"}
{"ctxid":0,"pos":[-175.145859,-152.30426,120.251106],"rotationMatrix":[-0.810890555,-0.585197806,0,0.585197806,-0.810890555,0,0,0,1],"scale":0.99999994,"type":"guardrail1_red"}
{"ctxid":0,"pos":[-175.145859,-152.30426,119.923874],"rotationMatrix":[-0.810890555,-0.585197806,0,0.585197806,-0.810890555,0,0,0,1],"scale":0.99999994,"type":"guardrail1_red"}
{"ctxid":0,"pos":[-181.633026,-156.98584,119.592522],"rotationMatrix":[-0.810894847,-0.585191786,0.000202047464,0.585191786,-0.810894847,0.000279975182,7.27595761e-11,0.000345266948,0.99999994],"scale":1,"type":"guardrail1_red"}
{"ctxid":0,"pos":[-181.633026,-156.98584,120.251106],"rotationMatrix":[-0.810894847,-0.585191786,0.000202047464,0.585191786,-0.810894847,0.000279975182,7.27595761e-11,0.000345266948,0.99999994],"scale":1,"type":"guardrail1_red"}
{"ctxid":0,"pos":[-181.633026,-156.98584,119.923874],"rotationMatrix":[-0.810894847,-0.585191786,0.000202047464,0.585191786,-0.810894847,0.000279975182,7.27595761e-11,0.000345266948,0.99999994],"scale":1,"type":"guardrail1_red"}
{"ctxid":0,"pos":[-188.120117,-161.667374,119.592522],"rotationMatrix":[-0.81088984,-0.58519876,0,0.58519876,-0.81088984,0,0,0,1],"scale":1,"type":"guardrail1_red"}
{"ctxid":0,"pos":[-188.120117,-161.667374,120.251106],"rotationMatrix":[-0.81088984,-0.58519876,0,0.58519876,-0.81088984,0,0,0,1],"scale":1,"type":"guardrail1_red"}
{"ctxid":0,"pos":[-188.120117,-161.667374,119.923874],"rotationMatrix":[-0.81088984,-0.58519876,0,0.58519876,-0.81088984,0,0,0,1],"scale":1,"type":"guardrail1_red"}
{"ctxid":0,"pos":[-194.607285,-166.348923,119.592506],"rotationMatrix":[-0.810890555,-0.585198045,0,0.585198045,-0.810890555,0,0,0,1],"scale":1,"type":"guardrail1_red"}
{"ctxid":0,"pos":[-194.607285,-166.348923,120.251091],"rotationMatrix":[-0.810890555,-0.585198045,0,0.585198045,-0.810890555,0,0,0,1],"scale":1,"type":"guardrail1_red"}
{"ctxid":0,"pos":[-194.607285,-166.348923,119.923866],"rotationMatrix":[-0.810890555,-0.585198045,0,0.585198045,-0.810890555,0,0,0,1],"scale":1,"type":"guardrail1_red"}
{"ctxid":0,"pos":[-209.90097,-155.488586,119.597511],"rotationMatrix":[0.934010863,0.357244372,0.000345266977,-0.357244372,0.934010863,-1.03536868e-08,-0.000322486827,-0.000123335034,0.999999821],"scale":1,"type":"guardrail1_red"}
{"ctxid":0,"pos":[-209.90097,-155.488586,120.256104],"rotationMatrix":[0.934010863,0.357244372,0.000345266977,-0.357244372,0.934010863,-1.03536868e-08,-0.000322486827,-0.000123335034,0.999999821],"scale":1,"type":"guardrail1_red"}
{"ctxid":0,"pos":[-209.90097,-155.488586,119.928864],"rotationMatrix":[0.934010863,0.357244372,0.000345266977,-0.357244372,0.934010863,-1.03536868e-08,-0.000322486827,-0.000123335034,0.999999821],"scale":1,"type":"guardrail1_red"}
{"ctxid":0,"pos":[-203.26062,-151.000305,119.597504],"rotationMatrix":[0.809725642,0.586808622,0,-0.586808622,0.809725642,0,0,0,1],"scale":0.99999994,"type":"guardrail1_red"}
{"ctxid":0,"pos":[-203.26062,-151.000305,120.256088],"rotationMatrix":[0.809725642,0.586808622,0,-0.586808622,0.809725642,0,0,0,1],"scale":0.99999994,"type":"guardrail1_red"}
{"ctxid":0,"pos":[-203.26062,-151.000305,119.928856],"rotationMatrix":[0.809725642,0.586808622,0,-0.586808622,0.809725642,0,0,0,1],"scale":0.99999994,"type":"guardrail1_red"}
{"ctxid":0,"pos":[-196.782806,-146.305847,119.597481],"rotationMatrix":[0.80972749,0.586806059,0,-0.586806059,0.80972749,0,0,0,1],"scale":1,"type":"guardrail1_red"}
{"ctxid":0,"pos":[-196.782806,-146.305847,120.256058],"rotationMatrix":[0.80972749,0.586806059,0,-0.586806059,0.80972749,0,0,0,1],"scale":1,"type":"guardrail1_red"}
{"ctxid":0,"pos":[-196.782806,-146.305847,119.928833],"rotationMatrix":[0.80972749,0.586806059,0,-0.586806059,0.80972749,0,0,0,1],"scale":1,"type":"guardrail1_red"}
{"ctxid":0,"pos":[-190.305008,-141.611389,119.597488],"rotationMatrix":[0.809724689,0.586809933,0,-0.586809933,0.809724689,0,0,0,1],"scale":0.99999994,"type":"guardrail1_red"}
{"ctxid":0,"pos":[-190.305008,-141.611389,120.256073],"rotationMatrix":[0.809724689,0.586809933,0,-0.586809933,0.809724689,0,0,0,1],"scale":0.99999994,"type":"guardrail1_red"}
{"ctxid":0,"pos":[-190.305008,-141.611389,119.928833],"rotationMatrix":[0.809724689,0.586809933,0,-0.586809933,0.809724689,0,0,0,1],"scale":0.99999994,"type":"guardrail1_red"}
{"ctxid":0,"pos":[-183.827209,-136.916916,119.597481],"rotationMatrix":[0.809725404,0.58680898,0,-0.58680898,0.809725404,0,0,0,1],"scale":1,"type":"guardrail1_red"}
{"ctxid":0,"pos":[-183.827209,-136.916916,120.256058],"rotationMatrix":[0.809725404,0.58680898,0,-0.58680898,0.809725404,0,0,0,1],"scale":1,"type":"guardrail1_red"}
{"ctxid":0,"pos":[-183.827209,-136.916916,119.928833],"rotationMatrix":[0.809725404,0.58680898,0,-0.58680898,0.809725404,0,0,0,1],"scale":1,"type":"guardrail1_red"}
{"ctxid":0,"pos":[-177.349396,-132.222443,119.597481],"rotationMatrix":[0.809726536,0.58680743,0,-0.58680743,0.809726536,0,0,0,1],"scale":1,"type":"guardrail1_red"}
{"ctxid":0,"pos":[-177.349396,-132.222443,120.256065],"rotationMatrix":[0.809726536,0.58680743,0,-0.58680743,0.809726536,0,0,0,1],"scale":1,"type":"guardrail1_red"}
{"ctxid":0,"pos":[-177.349396,-132.222443,119.928833],"rotationMatrix":[0.809726536,0.58680743,0,-0.58680743,0.809726536,0,0,0,1],"scale":1,"type":"guardrail1_red"}
{"ctxid":0,"pos":[-170.871582,-127.528,119.597488],"rotationMatrix":[0.80972749,0.586806059,0,-0.586806059,0.80972749,0,0,0,1],"scale":1,"type":"guardrail1_red"}
{"ctxid":0,"pos":[-170.871582,-127.528,120.256073],"rotationMatrix":[0.80972749,0.586806059,0,-0.586806059,0.80972749,0,0,0,1],"scale":1,"type":"guardrail1_red"}
{"ctxid":0,"pos":[-170.871582,-127.528,119.928833],"rotationMatrix":[0.80972749,0.586806059,0,-0.586806059,0.80972749,0,0,0,1],"scale":1,"type":"guardrail1_red"}
{"ctxid":0,"pos":[-164.393768,-122.833527,119.597488],"rotationMatrix":[0.809724271,0.586810529,0,-0.586810529,0.809724271,0,0,0,1],"scale":1,"type":"guardrail1_red"}
{"ctxid":0,"pos":[-164.393768,-122.833527,120.256073],"rotationMatrix":[0.809724271,0.586810529,0,-0.586810529,0.809724271,0,0,0,1],"scale":1,"type":"guardrail1_red"}
{"ctxid":0,"pos":[-164.393768,-122.833527,119.928841],"rotationMatrix":[0.809724271,0.586810529,0,-0.586810529,0.809724271,0,0,0,1],"scale":1,"type":"guardrail1_red"}
{"ctxid":0,"pos":[-157.915955,-118.139076,119.597473],"rotationMatrix":[0.809726238,0.586807787,0,-0.586807787,0.809726238,0,0,0,1],"scale":1,"type":"guardrail1_red"}
{"ctxid":0,"pos":[-157.915955,-118.139076,120.256058],"rotationMatrix":[0.809726238,0.586807787,0,-0.586807787,0.809726238,0,0,0,1],"scale":1,"type":"guardrail1_red"}
{"ctxid":0,"pos":[-157.915955,-118.139076,119.928833],"rotationMatrix":[0.809726238,0.586807787,0,-0.586807787,0.809726238,0,0,0,1],"scale":1,"type":"guardrail1_red"}
{"ctxid":0,"pos":[-151.438156,-113.444603,119.597481],"rotationMatrix":[0.809726357,0.586807668,0,-0.586807668,0.809726357,0,0,0,1],"scale":1,"type":"guardrail1_red"}
{"ctxid":0,"pos":[-151.438156,-113.444603,120.256058],"rotationMatrix":[0.809726357,0.586807668,0,-0.586807668,0.809726357,0,0,0,1],"scale":1,"type":"guardrail1_red"}
{"ctxid":0,"pos":[-151.438156,-113.444603,119.928833],"rotationMatrix":[0.809726357,0.586807668,0,-0.586807668,0.809726357,0,0,0,1],"scale":1,"type":"guardrail1_red"}
{"ctxid":0,"pos":[-144.960358,-108.750153,119.597511],"rotationMatrix":[0.809726179,0.586807787,0.000345266977,-0.586807787,0.809726238,4.12546797e-09,-0.000279569329,-0.000202608702,0.99999994],"scale":1,"type":"guardrail1_red"}
{"ctxid":0,"pos":[-144.960358,-108.750153,120.256104],"rotationMatrix":[0.809726238,0.586807787,0,-0.586807787,0.809726238,0,0,0,1],"scale":1,"type":"guardrail1_red"}
{"ctxid":0,"pos":[-144.960358,-108.750153,119.928864],"rotationMatrix":[0.809726238,0.586807787,0,-0.586807787,0.809726238,0,0,0,1],"scale":1,"type":"guardrail1_red"}
{"ctxid":0,"pos":[-138.482544,-104.055695,119.597519],"rotationMatrix":[0.809726536,0.58680743,0,-0.58680743,0.809726536,0,0,0,1],"scale":1,"type":"guardrail1_red"}
{"ctxid":0,"pos":[-138.482544,-104.055695,120.256104],"rotationMatrix":[0.809726536,0.58680743,0,-0.58680743,0.809726536,0,0,0,1],"scale":1,"type":"guardrail1_red"}
{"ctxid":0,"pos":[-138.482544,-104.055695,119.928864],"rotationMatrix":[0.809726536,0.58680743,0,-0.58680743,0.809726536,0,0,0,1],"scale":1,"type":"guardrail1_red"}
{"ctxid":0,"pos":[-132.00473,-99.3612213,119.597511],"rotationMatrix":[0.809726834,0.586807013,0,-0.586807013,0.809726834,0,0,0,1],"scale":1,"type":"guardrail1_red"}
{"ctxid":0,"pos":[-132.00473,-99.3612213,120.256088],"rotationMatrix":[0.809726834,0.586807013,0,-0.586807013,0.809726834,0,0,0,1],"scale":1,"type":"guardrail1_red"}
{"ctxid":0,"pos":[-132.00473,-99.3612213,119.928864],"rotationMatrix":[0.809726834,0.586807013,0,-0.586807013,0.809726834,0,0,0,1],"scale":1,"type":"guardrail1_red"}
{"ctxid":0,"pos":[-125.526901,-94.6667557,119.597519],"rotationMatrix":[0.809726834,0.586807013,0,-0.586807013,0.809726834,0,0,0,1],"scale":1,"type":"guardrail1_red"}
{"ctxid":0,"pos":[-125.526901,-94.6667557,120.256104],"rotationMatrix":[0.809726834,0.586807013,0,-0.586807013,0.809726834,0,0,0,1],"scale":1,"type":"guardrail1_red"}
{"ctxid":0,"pos":[-125.526901,-94.6667557,119.928864],"rotationMatrix":[0.809726834,0.586807013,0,-0.586807013,0.809726834,0,0,0,1],"scale":1,"type":"guardrail1_red"}
{"ctxid":0,"pos":[-119.049095,-89.9723053,119.597504],"rotationMatrix":[0.809726238,0.586807787,0,-0.586807787,0.809726238,0,0,0,1],"scale":1,"type":"guardrail1_red"}
{"ctxid":0,"pos":[-119.049095,-89.9723053,120.256088],"rotationMatrix":[0.809726536,0.58680743,0,-0.58680743,0.809726536,0,0,0,1],"scale":1,"type":"guardrail1_red"}
{"ctxid":0,"pos":[-119.049095,-89.9723053,119.928864],"rotationMatrix":[0.809726536,0.58680743,0,-0.58680743,0.809726536,0,0,0,1],"scale":1,"type":"guardrail1_red"}
{"ctxid":0,"pos":[-112.571289,-85.2778473,119.597481],"rotationMatrix":[0.809726596,0.586807251,0.000345267035,-0.586807251,0.809726655,5.82076609e-11,-0.00027957189,-0.000202605239,0.99999994],"scale":1,"type":"guardrail1_red"}
{"ctxid":0,"pos":[-112.571289,-85.2778473,120.256058],"rotationMatrix":[0.809726655,0.586807251,0,-0.586807251,0.809726655,0,0,0,1],"scale":1,"type":"guardrail1_red"}
{"ctxid":0,"pos":[-112.571289,-85.2778473,119.928833],"rotationMatrix":[0.809726655,0.586807251,0,-0.586807251,0.809726655,0,0,0,1],"scale":1,"type":"guardrail1_red"}
{"ctxid":0,"pos":[-106.093475,-80.5833817,119.597481],"rotationMatrix":[0.809726119,0.586808026,0,-0.586808026,0.809726119,0,0,0,1],"scale":1,"type":"guardrail1_red"}
{"ctxid":0,"pos":[-106.093475,-80.5833817,120.256058],"rotationMatrix":[0.809726119,0.586808026,0,-0.586808026,0.809726119,0,0,0,1],"scale":1,"type":"guardrail1_red"}
{"ctxid":0,"pos":[-106.093475,-80.5833817,119.928833],"rotationMatrix":[0.809726119,0.586808026,0,-0.586808026,0.809726119,0,0,0,1],"scale":1,"type":"guardrail1_red"}
{"ctxid":0,"pos":[-99.6156693,-75.888916,119.597473],"rotationMatrix":[0.809726119,0.586808026,0,-0.586808026,0.809726119,0,0,0,1],"scale":1,"type":"guardrail1_red"}
{"ctxid":0,"pos":[-99.6156693,-75.888916,120.256058],"rotationMatrix":[0.809726119,0.586808026,0,-0.586808026,0.809726119,0,0,0,1],"scale":1,"type":"guardrail1_red"}
{"ctxid":0,"pos":[-99.6156693,-75.888916,119.928833],"rotationMatrix":[0.809726119,0.586808026,0,-0.586808026,0.809726119,0,0,0,1],"scale":1,"type":"guardrail1_red"}
{"ctxid":0,"pos":[-93.1378632,-71.1944504,119.597488],"rotationMatrix":[0.809726834,0.586807013,0,-0.586807013,0.809726834,0,0,0,1],"scale":1,"type":"guardrail1_red"}
{"ctxid":0,"pos":[-93.1378632,-71.1944504,120.256058],"rotationMatrix":[0.809726834,0.586807013,0,-0.586807013,0.809726834,0,0,0,1],"scale":1,"type":"guardrail1_red"}
{"ctxid":0,"pos":[-93.1378632,-71.1944504,119.928833],"rotationMatrix":[0.809726834,0.586807013,0,-0.586807013,0.809726834,0,0,0,1],"scale":1,"type":"guardrail1_red"}
{"ctxid":0,"pos":[-86.6600494,-66.4999847,119.597488],"rotationMatrix":[0.809727371,0.586806238,0,-0.586806238,0.809727371,0,0,0,1],"scale":0.99999994,"type":"guardrail1_red"}
{"ctxid":0,"pos":[-86.6600494,-66.4999847,120.256073],"rotationMatrix":[0.809727371,0.586806238,0,-0.586806238,0.809727371,0,0,0,1],"scale":0.99999994,"type":"guardrail1_red"}
{"ctxid":0,"pos":[-86.6600494,-66.4999847,119.928833],"rotationMatrix":[0.809727371,0.586806238,0,-0.586806238,0.809727371,0,0,0,1],"scale":0.99999994,"type":"guardrail1_red"}
{"ctxid":0,"pos":[-80.182251,-61.8055344,119.597488],"rotationMatrix":[0.809726,0.586808205,0,-0.586808205,0.809726,0,0,0,1],"scale":1,"type":"guardrail1_red"}
{"ctxid":0,"pos":[-80.182251,-61.8055344,120.256073],"rotationMatrix":[0.809726,0.586808205,0,-0.586808205,0.809726,0,0,0,1],"scale":1,"type":"guardrail1_red"}
{"ctxid":0,"pos":[-80.182251,-61.8055344,119.928841],"rotationMatrix":[0.809726,0.586808205,0,-0.586808205,0.809726,0,0,0,1],"scale":1,"type":"guardrail1_red"}
{"ctxid":0,"pos":[-73.7044296,-57.1110535,119.597481],"rotationMatrix":[0.809725642,0.586808622,0,-0.586808622,0.809725642,0,0,0,1],"scale":1,"type":"guardrail1_red"}
{"ctxid":0,"pos":[-73.7044296,-57.1110535,120.256065],"rotationMatrix":[0.809725642,0.586808622,0,-0.586808622,0.809725642,0,0,0,1],"scale":1,"type":"guardrail1_red"}
{"ctxid":0,"pos":[-73.7044296,-57.1110535,119.928833],"rotationMatrix":[0.809725642,0.586808622,0,-0.586808622,0.809725642,0,0,0,1],"scale":1,"type":"guardrail1_red"}
{"ctxid":0,"pos":[-67.2266235,-52.4165993,119.597481],"rotationMatrix":[0.809726238,0.586807787,0,-0.586807787,0.809726238,0,0,0,1],"scale":1,"type":"guardrail1_red"}
{"ctxid":0,"pos":[-67.2266235,-52.4165993,120.256065],"rotationMatrix":[0.809726238,0.586807787,0,-0.586807787,0.809726238,0,0,0,1],"scale":1,"type":"guardrail1_red"}
{"ctxid":0,"pos":[-67.2266235,-52.4165993,119.928833],"rotationMatrix":[0.809726238,0.586807787,0,-0.586807787,0.809726238,0,0,0,1],"scale":1,"type":"guardrail1_red"}
{"ctxid":0,"pos":[-60.7488174,-47.7221413,119.597488],"rotationMatrix":[0.809724689,0.586809933,0,-0.586809933,0.809724689,0,0,0,1],"scale":0.99999994,"type":"guardrail1_red"}
{"ctxid":0,"pos":[-60.7488174,-47.7221413,120.256065],"rotationMatrix":[0.809724689,0.586809933,0,-0.586809933,0.809724689,0,0,0,1],"scale":0.99999994,"type":"guardrail1_red"}
{"ctxid":0,"pos":[-60.7488174,-47.7221413,119.928833],"rotationMatrix":[0.809724689,0.586809933,0,-0.586809933,0.809724689,0,0,0,1],"scale":0.99999994,"type":"guardrail1_red"}
{"ctxid":0,"pos":[-54.2709885,-43.027668,119.597488],"rotationMatrix":[0.80972904,0.586803973,0,-0.586803973,0.80972904,0,0,0,1],"scale":1,"type":"guardrail1_red"}
{"ctxid":0,"pos":[-54.2709885,-43.027668,120.256073],"rotationMatrix":[0.80972904,0.586803973,0,-0.586803973,0.80972904,0,0,0,1],"scale":1,"type":"guardrail1_red"}
{"ctxid":0,"pos":[-54.2709885,-43.027668,119.928833],"rotationMatrix":[0.80972904,0.586803973,0,-0.586803973,0.80972904,0,0,0,1],"scale":1,"type":"guardrail1_red"}
{"ctxid":0,"pos":[-47.79319,-38.3332253,119.597488],"rotationMatrix":[0.809727073,0.586806595,0,-0.586806595,0.809727073,0,0,0,1],"scale":1,"type":"guardrail1_red"}
{"ctxid":0,"pos":[-47.79319,-38.3332253,120.256058],"rotationMatrix":[0.809727073,0.586806595,0,-0.586806595,0.809727073,0,0,0,1],"scale":1,"type":"guardrail1_red"}
{"ctxid":0,"pos":[-47.79319,-38.3332253,119.928833],"rotationMatrix":[0.809727073,0.586806595,0,-0.586806595,0.809727073,0,0,0,1],"scale":1,"type":"guardrail1_red"}
{"ctxid":0,"pos":[-41.3153839,-33.6387634,119.597481],"rotationMatrix":[0.809724987,0.586809576,0,-0.586809576,0.809724987,0,0,0,1],"scale":1,"type":"guardrail1_red"}
{"ctxid":0,"pos":[-41.3153839,-33.6387634,120.256065],"rotationMatrix":[0.809724987,0.586809576,0,-0.586809576,0.809724987,0,0,0,1],"scale":1,"type":"guardrail1_red"}
{"ctxid":0,"pos":[-41.3153839,-33.6387634,119.928833],"rotationMatrix":[0.809724987,0.586809576,0,-0.586809576,0.809724987,0,0,0,1],"scale":1,"type":"guardrail1_red"}
{"ctxid":0,"pos":[-34.8375702,-28.9443054,119.597488],"rotationMatrix":[0.809724271,0.586810529,0,-0.586810529,0.809724271,0,0,0,1],"scale":0.99999994,"type":"guardrail1_red"}
{"ctxid":0,"pos":[-34.8375702,-28.9443054,120.256058],"rotationMatrix":[0.809724271,0.586810529,0,-0.586810529,0.809724271,0,0,0,1],"scale":0.99999994,"type":"guardrail1_red"}
{"ctxid":0,"pos":[-34.8375702,-28.9443054,119.928833],"rotationMatrix":[0.809724271,0.586810529,0,-0.586810529,0.809724271,0,0,0,1],"scale":0.99999994,"type":"guardrail1_red"}
{"ctxid":0,"pos":[-28.3597794,-24.2498474,119.597473],"rotationMatrix":[0.809723854,0.586811125,0,-0.586811125,0.809723854,0,0,0,1],"scale":1,"type":"guardrail1_red"}
{"ctxid":0,"pos":[-28.3597794,-24.2498474,120.256065],"rotationMatrix":[0.809723854,0.586811125,0,-0.586811125,0.809723854,0,0,0,1],"scale":1,"type":"guardrail1_red"}
{"ctxid":0,"pos":[-28.3597794,-24.2498474,119.928833],"rotationMatrix":[0.809723854,0.586811125,0,-0.586811125,0.809723854,0,0,0,1],"scale":1,"type":"guardrail1_red"}
{"ctxid":0,"pos":[-21.8819656,-19.5553589,119.597481],"rotationMatrix":[0.809724689,0.586809933,0,-0.586809933,0.809724689,0,0,0,1],"scale":0.99999994,"type":"guardrail1_red"}
{"ctxid":0,"pos":[-21.8819656,-19.5553589,120.256065],"rotationMatrix":[0.809724689,0.586809933,0,-0.586809933,0.809724689,0,0,0,1],"scale":0.99999994,"type":"guardrail1_red"}
{"ctxid":0,"pos":[-21.8819656,-19.5553589,119.928833],"rotationMatrix":[0.809724689,0.586809933,0,-0.586809933,0.809724689,0,0,0,1],"scale":0.99999994,"type":"guardrail1_red"}
{"ctxid":0,"pos":[-15.4041443,-14.8608856,119.597481],"rotationMatrix":[0.809723318,0.586811841,0,-0.586811841,0.809723318,0,0,0,1],"scale":1,"type":"guardrail1_red"}
{"ctxid":0,"pos":[-15.4041443,-14.8608856,120.256065],"rotationMatrix":[0.809723318,0.586811841,0,-0.586811841,0.809723318,0,0,0,1],"scale":1,"type":"guardrail1_red"}
{"ctxid":0,"pos":[-15.4041443,-14.8608856,119.928833],"rotationMatrix":[0.809723318,0.586811841,0,-0.586811841,0.809723318,0,0,0,1],"scale":1,"type":"guardrail1_red"}
{"ctxid":0,"pos":[-8.92632294,-10.1664352,119.597511],"rotationMatrix":[0.809727907,0.586805522,0,-0.586805522,0.809727907,0,0,0,1],"scale":1,"type":"guardrail1_red"}
{"ctxid":0,"pos":[-8.92632294,-10.1664352,120.256088],"rotationMatrix":[0.809727907,0.586805522,0,-0.586805522,0.809727907,0,0,0,1],"scale":1,"type":"guardrail1_red"}
{"ctxid":0,"pos":[-8.92632294,-10.1664352,119.928864],"rotationMatrix":[0.809727907,0.586805522,0,-0.586805522,0.809727907,0,0,0,1],"scale":1,"type":"guardrail1_red"}
{"ctxid":0,"pos":[-2.4484787,-5.47193909,119.597511],"rotationMatrix":[0.809727371,0.586806238,0,-0.586806238,0.809727371,0,0,0,1],"scale":1,"type":"guardrail1_red"}
{"ctxid":0,"pos":[-2.4484787,-5.47193909,120.256104],"rotationMatrix":[0.809727371,0.586806238,0,-0.586806238,0.809727371,0,0,0,1],"scale":1,"type":"guardrail1_red"}
{"ctxid":0,"pos":[-2.4484787,-5.47193909,119.928864],"rotationMatrix":[0.809727371,0.586806238,0,-0.586806238,0.809727371,0,0,0,1],"scale":1,"type":"guardrail1_red"}
{"ctxid":0,"pos":[4.02929688,-0.777503967,119.597511],"rotationMatrix":[0.809726238,0.586807787,0,-0.586807787,0.809726238,0,0,0,1],"scale":1,"type":"guardrail1_red"}
{"ctxid":0,"pos":[4.02929688,-0.777503967,120.256088],"rotationMatrix":[0.809726238,0.586807787,0,-0.586807787,0.809726238,0,0,0,1],"scale":1,"type":"guardrail1_red"}
{"ctxid":0,"pos":[4.02929688,-0.777503967,119.928864],"rotationMatrix":[0.809726238,0.586807787,0,-0.586807787,0.809726238,0,0,0,1],"scale":1,"type":"guardrail1_red"}
{"ctxid":0,"pos":[10.5070953,3.91692352,119.597519],"rotationMatrix":[0.809728861,0.586804152,-0.000345267006,-0.586804152,0.80972892,-4.32410161e-08,0.000279547297,0.000202639116,0.99999994],"scale":1,"type":"guardrail1_red"}
{"ctxid":0,"pos":[10.5070953,3.91692352,120.256104],"rotationMatrix":[0.809728861,0.586804152,-0.000345267006,-0.586804152,0.80972892,-4.32410161e-08,0.000279547297,0.000202639116,0.99999994],"scale":1,"type":"guardrail1_red"}
{"ctxid":0,"pos":[10.5070953,3.91692352,119.928864],"rotationMatrix":[0.809728861,0.586804152,-0.000345267006,-0.586804152,0.80972892,-4.32410161e-08,0.000279547297,0.000202639116,0.99999994],"scale":1,"type":"guardrail1_red"}
{"ctxid":0,"pos":[16.9849396,8.61139679,119.597496],"rotationMatrix":[0.809716165,0.586821675,0,-0.586821675,0.809716165,0,0,0,1],"scale":1,"type":"guardrail1_red"}
{"ctxid":0,"pos":[16.9849396,8.61139679,120.256073],"rotationMatrix":[0.809716165,0.586821675,0,-0.586821675,0.809716165,0,0,0,1],"scale":1,"type":"guardrail1_red"}
