{"ctxid":0,"pos":[-309.229706,-282.451843,120.659592],"rotationMatrix":[-0.0155336857,0.998851657,-0.0453221612,-0.999879003,-0.0155549049,-0.000117726624,-0.0008225739,0.0453148484,0.998972416],"scale":1,"type":"guardrail1_white"}
{"ctxid":0,"pos":[-309.230255,-282.421936,121.31749],"rotationMatrix":[-0.0156909227,0.998849154,-0.0453234911,-0.999876618,-0.015712142,-0.000111121684,-0.000823121518,0.0453161523,0.998972356],"scale":1,"type":"guardrail1_white"}
{"ctxid":0,"pos":[-309.22998,-282.436768,120.990601],"rotationMatrix":[-0.0156127214,0.998850405,-0.0453208536,-0.999877751,-0.0156340599,-0.000115187839,-0.000823603943,0.0453135148,0.998972476],"scale":0.99999994,"type":"guardrail1_white"}
{"ctxid":0,"pos":[-310.556,-274.592712,120.441658],"rotationMatrix":[-0.232340932,0.972447455,-0.0190702491,-0.972624362,-0.232383251,-1.86264515e-09,-0.0044316072,0.0185481869,0.999818146],"scale":1,"type":"guardrail1_white"}
{"ctxid":0,"pos":[-310.55899,-274.580139,121.100105],"rotationMatrix":[-0.23234117,0.972447276,-0.019076502,-0.972624302,-0.23238349,9.31322575e-10,-0.00443306239,0.0185542665,0.999818027],"scale":1,"type":"guardrail1_white"}
{"ctxid":0,"pos":[-310.557495,-274.586365,120.772942],"rotationMatrix":[-0.232340813,0.972447455,-0.0190733764,-0.972624362,-0.232383013,-2.70083547e-08,-0.00443235599,0.018551223,0.999818087],"scale":1,"type":"guardrail1_white"}
{"ctxid":0,"pos":[-312.414246,-266.815063,120.208488],"rotationMatrix":[-0.232249498,0.972068191,-0.0338172317,-0.97262454,-0.232382298,1.02445483e-07,-0.0078584291,0.0328914896,0.999428034],"scale":1,"type":"guardrail1_white"}
{"ctxid":0,"pos":[-312.419403,-266.793457,120.866692],"rotationMatrix":[-0.232249737,0.97206825,-0.0338154659,-0.972624481,-0.232382655,1.13621354e-07,-0.00785801839,0.0328897759,0.999428093],"scale":1,"type":"guardrail1_white"}
{"ctxid":0,"pos":[-312.41684,-266.804199,120.53965],"rotationMatrix":[-0.232249379,0.972068071,-0.0338207558,-0.97262454,-0.232382298,-2.04890966e-08,-0.00785936415,0.0328948945,0.999427915],"scale":0.99999994,"type":"guardrail1_white"}
{"ctxid":0,"pos":[-314.275574,-259.039124,119.944801],"rotationMatrix":[-0.235271573,0.971502483,-0.0288138762,-0.971906006,-0.235369205,5.09340316e-06,-0.00677694846,0.0280055776,0.999584794],"scale":1,"type":"guardrail1_white"}
{"ctxid":0,"pos":[-314.28006,-259.020569,120.603111],"rotationMatrix":[-0.235304713,0.971494436,-0.0288138725,-0.97189796,-0.235402346,6.24638051e-06,-0.00677678268,0.0280056149,0.999584794],"scale":0.99999994,"type":"guardrail1_white"}
{"ctxid":0,"pos":[-314.277832,-259.029785,120.276009],"rotationMatrix":[-0.235288739,0.971498251,-0.0288159456,-0.971901894,-0.235386372,5.68758696e-06,-0.00677735545,0.0280076116,0.999584734],"scale":1,"type":"guardrail1_white"}
{"ctxid":0,"pos":[-316.17688,-251.270309,119.775291],"rotationMatrix":[-0.236560822,0.971496463,-0.0152812749,-0.97160995,-0.236588478,1.31921843e-06,-0.00361409225,0.0148477498,0.999883235],"scale":0.99999994,"type":"guardrail1_white"}
{"ctxid":0,"pos":[-316.17926,-251.260513,120.433784],"rotationMatrix":[-0.236550212,0.971499085,-0.0152812731,-0.971612573,-0.236577868,1.31176785e-06,-0.00361393532,0.0148477871,0.999883235],"scale":1,"type":"guardrail1_white"}
{"ctxid":0,"pos":[-316.17807,-251.265381,120.10659],"rotationMatrix":[-0.236555219,0.971497834,-0.0152851734,-0.971611321,-0.236582875,1.27172098e-06,-0.00361497467,0.0148515478,0.999883175],"scale":1,"type":"guardrail1_white"}
{"ctxid":0,"pos":[-318.009766,-243.483856,119.678673],"rotationMatrix":[-0.218978643,0.97568047,-0.00979597867,-0.97572732,-0.218989134,9.09902155e-07,-0.00214432576,0.00955840293,0.999952018],"scale":1,"type":"guardrail1_white"}
{"ctxid":0,"pos":[-318.011169,-243.477554,120.337219],"rotationMatrix":[-0.218957782,0.97568512,-0.00979597773,-0.975731969,-0.218968272,6.88247383e-07,-0.00214433693,0.00955839921,0.999952018],"scale":1,"type":"guardrail1_white"}
{"ctxid":0,"pos":[-318.010468,-243.480682,120.010002],"rotationMatrix":[-0.218968391,0.975682795,-0.00979597773,-0.975729644,-0.218978882,8.21892172e-07,-0.00214431062,0.00955840573,0.999952018],"scale":1,"type":"guardrail1_white"}
{"ctxid":0,"pos":[-319.628876,-235.650131,119.638344],"rotationMatrix":[-0.182342291,0.983235121,0,-0.983235121,-0.182342291,0,0,0,1],"scale":1,"type":"guardrail1_white"}
{"ctxid":0,"pos":[-319.628906,-235.649933,120.296913],"rotationMatrix":[-0.182341337,0.9832353,0,-0.9832353,-0.182341337,0,0,0,1],"scale":0.99999994,"type":"guardrail1_white"}
{"ctxid":0,"pos":[-319.628906,-235.65004,119.969688],"rotationMatrix":[-0.182342172,0.983235121,0,-0.983235121,-0.182342172,0,0,0,1],"scale":1,"type":"guardrail1_white"}
{"ctxid":0,"pos":[-320.845154,-227.74498,119.649109],"rotationMatrix":[-0.115312696,0.993328631,0.00109182985,-0.993329227,-0.115312815,-4.54077963e-07,0.000125450868,-0.00108459895,0.999999404],"scale":1,"type":"guardrail1_white"}
{"ctxid":0,"pos":[-320.845093,-227.745682,120.307686],"rotationMatrix":[-0.115320086,0.993327856,0.00109182997,-0.993328452,-0.115320206,-4.36499249e-07,0.000125476334,-0.00108459592,0.999999404],"scale":1,"type":"guardrail1_white"}
{"ctxid":0,"pos":[-320.845123,-227.745331,119.980461],"rotationMatrix":[-0.115316391,0.993328094,0.00119603937,-0.99332881,-0.115316391,-4.45637852e-07,0.000137480267,-0.00118811184,0.999999285],"scale":1,"type":"guardrail1_white"}
{"ctxid":0,"pos":[-321.342773,-219.765213,119.639061],"rotationMatrix":[-0.00736904144,0.999972463,-0.000913490308,-0.99997282,-0.00736904144,1.81607902e-07,-6.54987525e-06,0.000913466851,0.999999583],"scale":1,"type":"guardrail1_white"}
{"ctxid":0,"pos":[-321.342773,-219.764572,120.297638],"rotationMatrix":[-0.00736069679,0.999972522,-0.000913490308,-0.99997288,-0.00736069679,1.73808075e-07,-6.55013719e-06,0.000913466851,0.999999583],"scale":1,"type":"guardrail1_white"}
{"ctxid":0,"pos":[-321.342773,-219.764877,119.970413],"rotationMatrix":[-0.00736534595,0.999972463,-0.000913490541,-0.99997282,-0.00736534595,1.98720954e-07,-6.52941526e-06,0.000913467258,0.999999583],"scale":1,"type":"guardrail1_white"}
{"ctxid":0,"pos":[-320.898071,-211.784393,119.635185],"rotationMatrix":[0.123250186,0.992375135,-0.000976562267,-0.992375612,0.123250186,2.28872523e-07,0.000120588666,0.000969088404,0.999999523],"scale":1,"type":"guardrail1_white"}
{"ctxid":0,"pos":[-320.89798,-211.783707,120.29377],"rotationMatrix":[0.123262942,0.992373586,-0.00103477936,-0.992374063,0.123263001,4.59937728e-05,0.000173193082,0.00102121872,0.999999464],"scale":1.00000012,"type":"guardrail1_white"}
{"ctxid":0,"pos":[-320.898041,-211.784042,119.966537],"rotationMatrix":[0.123256803,0.992374301,-0.0010358009,-0.992374778,0.123256862,2.60886736e-07,0.000127928448,0.00102787057,0.999999464],"scale":1,"type":"guardrail1_white"}
{"ctxid":0,"pos":[-319.294678,-203.95726,119.615532],"rotationMatrix":[0.280854106,0.959748149,-0.00210017595,-0.959750295,0.280854762,2.91503966e-07,0.000590124168,0.00201556273,0.999997795],"scale":1,"type":"guardrail1_white"}
{"ctxid":0,"pos":[-319.294281,-203.955933,120.274109],"rotationMatrix":[0.280883133,0.959739625,-0.00210017618,-0.959741771,0.280883789,3.25031579e-07,0.000590217474,0.00201553549,0.999997795],"scale":1,"type":"guardrail1_white"}
{"ctxid":0,"pos":[-319.294464,-203.956589,119.946877],"rotationMatrix":[0.280869126,0.959743798,-0.00210017595,-0.959745944,0.280869782,2.59489752e-07,0.000590125041,0.00201556226,0.999997795],"scale":1,"type":"guardrail1_white"}
{"ctxid":0,"pos":[-316.373566,-196.523621,119.610695],"rotationMatrix":[0.449180543,0.893440664,0.000772040337,-0.893440902,0.449180722,2.49419827e-08,-0.000346763321,-0.000689783599,0.999999702],"scale":0.99999994,"type":"guardrail1_white"}
{"ctxid":0,"pos":[-316.373779,-196.524063,120.269279],"rotationMatrix":[0.449171007,0.893445551,0.000690533896,-0.89344579,0.449171126,-1.29221007e-08,-0.000310179428,-0.000616948761,0.999999762],"scale":1,"type":"guardrail1_white"}
{"ctxid":0,"pos":[-316.373688,-196.523849,119.942047],"rotationMatrix":[0.449175239,0.893443406,0.000690533896,-0.893443644,0.449175358,-1.31549314e-08,-0.000310182571,-0.000616947189,0.999999762],"scale":1,"type":"guardrail1_white"}
{"ctxid":0,"pos":[-312.177704,-189.72493,119.620811],"rotationMatrix":[0.589797437,0.807551086,0.000488281192,-0.807551205,0.589797497,-1.21828634e-07,-0.00028808543,-0.000394240196,0.999999881],"scale":1,"type":"guardrail1_white"}
{"ctxid":0,"pos":[-312.177917,-189.725235,120.279396],"rotationMatrix":[0.589791417,0.807555377,0.000598020037,-0.807555497,0.589791536,-1.49899279e-07,-0.000352828152,-0.000482845993,0.999999821],"scale":1,"type":"guardrail1_white"}
{"ctxid":0,"pos":[-312.177795,-189.725082,119.952156],"rotationMatrix":[0.589796066,0.80755204,0.000598019862,-0.807552159,0.589796185,-1.24520739e-07,-0.00035281037,-0.000482858799,0.999999821],"scale":1,"type":"guardrail1_white"}
{"ctxid":0,"pos":[-306.935852,-183.697403,119.617783],"rotationMatrix":[0.719989479,0.693984628,-0.000690533896,-0.693984747,0.719989657,-2.54673068e-07,0.000497000525,0.000479403418,0.999999762],"scale":1,"type":"guardrail1_white"}
{"ctxid":0,"pos":[-306.935547,-183.697128,120.27636],"rotationMatrix":[0.719997406,0.693976402,-0.000690534012,-0.693976521,0.719997585,-2.62793037e-07,0.000497000408,0.000479403592,0.999999762],"scale":1,"type":"guardrail1_white"}
{"ctxid":0,"pos":[-306.935699,-183.697266,119.949135],"rotationMatrix":[0.719995379,0.693978429,-0.000772040337,-0.693978667,0.719995618,-2.92056939e-07,0.000555662904,0.000535989762,0.999999702],"scale":1,"type":"guardrail1_white"}
{"ctxid":0,"pos":[-300.810272,-178.561127,119.609489],"rotationMatrix":[0.798308134,0.602245808,-0.00201323372,-0.602247,0.798309803,-1.40379416e-06,0.00160633877,0.00121358479,0.999997973],"scale":1,"type":"guardrail1_white"}
{"ctxid":0,"pos":[-300.809235,-178.560349,120.268066],"rotationMatrix":[0.798314214,0.60223788,-0.00201323419,-0.602239072,0.798315763,-1.42754288e-06,0.00160633691,0.00121358782,0.999997973],"scale":0.99999994,"type":"guardrail1_white"}
{"ctxid":0,"pos":[-300.809753,-178.560745,119.940842],"rotationMatrix":[0.798310161,0.602243185,-0.00201323372,-0.602244377,0.79831177,-1.35559822e-06,0.00160637184,0.00121354102,0.999997973],"scale":0.99999994,"type":"guardrail1_white"}
{"ctxid":0,"pos":[-294.363373,-173.824478,119.601143],"rotationMatrix":[0.805670798,0.592363179,0.000690533896,-0.592363298,0.805670977,7.22502591e-08,-0.000556300278,-0.000409105152,0.999999762],"scale":1,"type":"guardrail1_white"}
{"ctxid":0,"pos":[-294.363708,-173.824722,120.259727],"rotationMatrix":[0.805670321,0.592363715,0.000772040396,-0.592363834,0.805670559,5.94591256e-08,-0.000621974992,-0.000457376736,0.999999702],"scale":1,"type":"guardrail1_white"}
{"ctxid":0,"pos":[-294.363556,-173.8246,119.932503],"rotationMatrix":[0.805668354,0.592366695,0.000488281483,-0.592366815,0.805668414,4.86907084e-08,-0.000393364113,-0.000289280928,0.999999881],"scale":1,"type":"guardrail1_white"}
{"ctxid":0,"pos":[-287.914734,-169.090149,119.594322],"rotationMatrix":[0.807508647,0.589851379,-0.00226406567,-0.589852929,0.807510674,-5.89061528e-08,0.00182822254,0.00133551343,0.999997437],"scale":1,"type":"guardrail1_white"}
{"ctxid":0,"pos":[-287.913574,-169.089279,120.252907],"rotationMatrix":[0.807509422,0.589850545,-0.0022107861,-0.589851975,0.807511389,3.89991328e-09,0.00178523734,0.00130403321,0.999997556],"scale":1,"type":"guardrail1_white"}
{"ctxid":0,"pos":[-287.914154,-169.089706,119.925682],"rotationMatrix":[0.807509065,0.589850903,-0.00223758491,-0.589852333,0.807511091,-5.38420863e-08,0.00180684298,0.00131988828,0.999997497],"scale":1,"type":"guardrail1_white"}
{"ctxid":0,"pos":[-281.449432,-164.378494,119.577812],"rotationMatrix":[0.808637023,0.588307679,-0.000488281483,-0.588307798,0.808637083,9.26957e-09,0.000394847972,0.000287252304,0.999999881],"scale":1,"type":"guardrail1_white"}
{"ctxid":0,"pos":[-281.449188,-164.378342,120.236397],"rotationMatrix":[0.808636844,0.588307917,-0.000488281221,-0.588308036,0.808636963,-3.69618647e-09,0.000394840055,0.000287262723,0.999999881],"scale":1,"type":"guardrail1_white"}
{"ctxid":0,"pos":[-281.44931,-164.378418,119.909164],"rotationMatrix":[0.808636546,0.588308334,-0.000488281221,-0.588308454,0.808636665,-1.62253855e-08,0.000394832547,0.000287273026,0.999999881],"scale":1,"type":"guardrail1_white"}
{"ctxid":0,"pos":[-274.978424,-159.674652,119.583679],"rotationMatrix":[0.809041977,0.587750256,0.000845727976,-0.587750494,0.809042275,1.89174898e-09,-0.000684228609,-0.000497078523,0.999999642],"scale":0.99999994,"type":"guardrail1_white"}
{"ctxid":0,"pos":[-274.978851,-159.674973,120.242256],"rotationMatrix":[0.809039295,0.587753892,0.000845727976,-0.58775413,0.809039593,5.58793545e-09,-0.000684224186,-0.000497084635,0.999999642],"scale":0.99999994,"type":"guardrail1_white"}
{"ctxid":0,"pos":[-274.978638,-159.674805,119.915031],"rotationMatrix":[0.809039056,0.587754369,0.000772040337,-0.587754488,0.809039295,4.74392436e-09,-0.000624608248,-0.000453774031,0.999999702],"scale":1,"type":"guardrail1_white"}
{"ctxid":0,"pos":[-268.505646,-154.973251,119.580208],"rotationMatrix":[0.809110761,0.58765614,0,-0.58765614,0.809110761,0,0,0,1],"scale":1,"type":"guardrail1_white"}
{"ctxid":0,"pos":[-268.505676,-154.973282,120.238792],"rotationMatrix":[0.809111476,0.587655187,0,-0.587655187,0.809111476,0,0,0,1],"scale":1,"type":"guardrail1_white"}
{"ctxid":0,"pos":[-268.505646,-154.973267,119.911568],"rotationMatrix":[0.809111357,0.587655365,0,-0.587655365,0.809111357,0,0,0,1],"scale":1,"type":"guardrail1_white"}
{"ctxid":0,"pos":[-262.033417,-150.271072,119.595467],"rotationMatrix":[0.808888257,0.58795923,0.00192236493,-0.587960303,0.808889747,2.51457095e-08,-0.00155496655,-0.00113029464,0.999998152],"scale":1,"type":"guardrail1_white"}
{"ctxid":0,"pos":[-262.034393,-150.271774,120.254036],"rotationMatrix":[0.808888435,0.587959051,0.00192236435,-0.587960124,0.808889925,9.02218744e-09,-0.00155497575,-0.00113028078,0.999998152],"scale":1,"type":"guardrail1_white"}
{"ctxid":0,"pos":[-262.033905,-150.271439,119.926811],"rotationMatrix":[0.808889806,0.587957084,0.00192236458,-0.587958157,0.808891296,-2.20024958e-08,-0.00155499694,-0.00113025215,0.999998152],"scale":1,"type":"guardrail1_white"}
{"ctxid":0,"pos":[-255.564667,-145.564224,119.578758],"rotationMatrix":[0.808197498,0.588897526,-0.00405595964,-0.588902414,0.808204174,6.21657819e-08,0.00327808014,0.00238851411,0.999991775],"scale":1,"type":"guardrail1_white"}
{"ctxid":0,"pos":[-255.562469,-145.562607,120.237335],"rotationMatrix":[0.808199704,0.588894665,-0.00404123822,-0.588899434,0.80820626,-2.53785402e-08,0.00326613919,0.0023799038,0.999991834],"scale":1,"type":"guardrail1_white"}
{"ctxid":0,"pos":[-255.563538,-145.563416,119.91011],"rotationMatrix":[0.808198273,0.588896632,-0.00404123915,-0.588901401,0.808204889,-1.2293458e-07,0.00326607656,0.00237999065,0.999991834],"scale":1,"type":"guardrail1_white"}
{"ctxid":0,"pos":[-249.105804,-140.843735,119.585014],"rotationMatrix":[0.806053162,0.591843128,0,-0.591843128,0.806053162,0,0,0,1],"scale":1,"type":"guardrail1_white"}
{"ctxid":0,"pos":[-249.105621,-140.843597,120.243599],"rotationMatrix":[0.806054413,0.591841459,0,-0.591841459,0.806054413,0,0,0,1],"scale":0.99999994,"type":"guardrail1_white"}
{"ctxid":0,"pos":[-249.105713,-140.843674,119.916374],"rotationMatrix":[0.80605185,0.591844976,0,-0.591844976,0.80605185,0,0,0,1],"scale":1,"type":"guardrail1_white"}
{"ctxid":0,"pos":[-294.797882,-196.08049,119.360184],"rotationMatrix":[0.664806724,0.747013271,0.00179405906,-0.747014463,0.664807796,1.26601662e-07,-0.00119260978,-0.00134027237,0.999998391],"scale":1,"type":"guardrail1_white"}
{"ctxid":0,"pos":[-294.798645,-196.081345,120.018753],"rotationMatrix":[0.664800882,0.747018516,0.00176052214,-0.747019708,0.664801836,8.70204531e-08,-0.00117033347,-0.00131520256,0.99999845],"scale":1,"type":"guardrail1_white"}
{"ctxid":0,"pos":[-294.798279,-196.080917,119.691536],"rotationMatrix":[0.664803267,0.747016311,0.00179405976,-0.747017503,0.664804339,9.31322575e-08,-0.0011926291,-0.00134025596,0.999998391],"scale":1,"type":"guardrail1_white"}
{"ctxid":0,"pos":[-289.331085,-190.241043,119.375488],"rotationMatrix":[0.69994545,0.714194179,0.0017605226,-0.714195251,0.699946523,1.58441253e-07,-0.00123215863,-0.00125746778,0.99999845],"scale":1,"type":"guardrail1_white"}
{"ctxid":0,"pos":[-289.331909,-190.241898,120.034065],"rotationMatrix":[0.699941576,0.714197755,0.00182698038,-0.714198947,0.699942768,1.56753231e-07,-0.00127866981,-0.00130493729,0.999998331],"scale":1,"type":"guardrail1_white"}
{"ctxid":0,"pos":[-289.331512,-190.24147,119.706841],"rotationMatrix":[0.699943423,0.714196146,0.00176052214,-0.714197218,0.699944496,1.53318979e-07,-0.00123215816,-0.00125746743,0.99999845],"scale":1,"type":"guardrail1_white"}
{"ctxid":0,"pos":[-283.635864,-184.623383,119.390564],"rotationMatrix":[0.721697211,0.692206383,0.00185931858,-0.692207575,0.721698463,1.79454219e-07,-0.00134174305,-0.00128716393,0.999998271],"scale":1,"type":"guardrail1_white"}
{"ctxid":0,"pos":[-283.63678,-184.624237,120.049133],"rotationMatrix":[0.721695065,0.692208648,0.00185931916,-0.69220984,0.721696317,1.72411092e-07,-0.00134174456,-0.00128716347,0.999998271],"scale":1,"type":"guardrail1_white"}
{"ctxid":0,"pos":[-283.636322,-184.623825,119.721909],"rotationMatrix":[0.721696019,0.692207575,0.0018593187,-0.692208767,0.72169733,1.7619459e-07,-0.00134174339,-0.00128716393,0.999998271],"scale":1,"type":"guardrail1_white"}
{"ctxid":0,"pos":[-277.740967,-179.2173,119.403732],"rotationMatrix":[0.758737862,0.651394486,0.00142357196,-0.651395202,0.758738637,4.56464477e-07,-0.00107982173,-0.000927654211,0.999998987],"scale":1,"type":"guardrail1_white"}
{"ctxid":0,"pos":[-277.741699,-179.217941,120.062309],"rotationMatrix":[0.758733511,0.651399553,0.00146484328,-0.651400268,0.758734286,4.5428169e-07,-0.00111113093,-0.000954543939,0.999998927],"scale":0.99999994,"type":"guardrail1_white"}
{"ctxid":0,"pos":[-277.741333,-179.217621,119.735092],"rotationMatrix":[0.758735836,0.651396811,0.0014648434,-0.651397526,0.75873661,4.57745045e-07,-0.00111113221,-0.0009545426,0.999998927],"scale":0.99999994,"type":"guardrail1_white"}
{"ctxid":0,"pos":[-271.567963,-174.129501,119.41806],"rotationMatrix":[0.781709194,0.623638928,0.00229024119,-0.623640597,0.781711221,1.62806828e-07,-0.00179020572,-0.0014284146,0.999997377],"scale":1,"type":"guardrail1_white"}
{"ctxid":0,"pos":[-271.569153,-174.130447,120.076645],"rotationMatrix":[0.781706393,0.623642385,0.00229024049,-0.623644054,0.781708419,1.3038516e-07,-0.00179021899,-0.00142839691,0.999997377],"scale":1,"type":"guardrail1_white"}
{"ctxid":0,"pos":[-271.568542,-174.129974,119.749413],"rotationMatrix":[0.781707823,0.623640537,0.00231611985,-0.623642206,0.781709909,1.76660251e-07,-0.0018104238,-0.00144456816,0.999997318],"scale":1,"type":"guardrail1_white"}
{"ctxid":0,"pos":[-265.258911,-169.210953,119.442184],"rotationMatrix":[0.794900656,0.606728971,0.00358811463,-0.606732905,0.794905782,4.3422915e-08,-0.00285218679,-0.00217706151,0.999993563],"scale":1,"type":"guardrail1_white"}
{"ctxid":0,"pos":[-265.260773,-169.212372,120.100769],"rotationMatrix":[0.79489702,0.606733739,0.0035881144,-0.606737673,0.794902146,1.46683306e-08,-0.00285219122,-0.00217705569,0.999993563],"scale":1,"type":"guardrail1_white"}
{"ctxid":0,"pos":[-265.259857,-169.21167,119.773529],"rotationMatrix":[0.794898629,0.606731653,0.00358811393,-0.606735587,0.794903755,1.02445483e-08,-0.00285219913,-0.00217704428,0.999993563],"scale":1,"type":"guardrail1_white"}
{"ctxid":0,"pos":[-258.853088,-164.419052,119.470383],"rotationMatrix":[0.806855023,0.590741575,0.00306879682,-0.590744317,0.806858778,-2.65950803e-07,-0.00247624284,-0.00181265967,0.999995291],"scale":1,"type":"guardrail1_white"}
{"ctxid":0,"pos":[-258.854736,-164.420242,120.128952],"rotationMatrix":[0.806851447,0.590746284,0.00308815762,-0.590749145,0.806855321,-2.52446625e-07,-0.00249184528,-0.00182412262,0.999995232],"scale":1,"type":"guardrail1_white"}
{"ctxid":0,"pos":[-258.853912,-164.419647,119.801727],"rotationMatrix":[0.806853294,0.59074378,0.00308815879,-0.590746641,0.806857109,-2.62865797e-07,-0.00249185809,-0.00182410737,0.999995232],"scale":1,"type":"guardrail1_white"}
{"ctxid":0,"pos":[-252.345596,-159.766113,119.483521],"rotationMatrix":[0.816647589,0.577135682,0.00103580114,-0.57713604,0.816648006,-1.13504939e-09,-0.000845885603,-0.000597797218,0.999999464],"scale":1,"type":"guardrail1_white"}
{"ctxid":0,"pos":[-252.346161,-159.76651,120.14209],"rotationMatrix":[0.816648841,0.577134073,0.0009765625,-0.577134311,0.816649258,9.66247171e-09,-0.000797503511,-0.000563615584,0.999999523],"scale":1,"type":"guardrail1_white"}
{"ctxid":0,"pos":[-252.345886,-159.766312,119.814865],"rotationMatrix":[0.816648662,0.577134192,0.0010358009,-0.57713455,0.816649079,7.56699592e-10,-0.000845885486,-0.000597797043,0.999999464],"scale":1,"type":"guardrail1_white"}
{"ctxid":0,"pos":[-245.811111,-155.150879,119.499115],"rotationMatrix":[0.81691134,0.576758027,0.0024656977,-0.576759815,0.816913784,-4.6857167e-08,-0.00201428938,-0.00142207695,0.99999696],"scale":1,"type":"guardrail1_white"}
{"ctxid":0,"pos":[-245.812439,-155.151825,120.1577],"rotationMatrix":[0.816910267,0.576759398,0.0024897533,-0.576761186,0.81691277,-6.57746568e-09,-0.00203391514,-0.00143598765,0.999996901],"scale":1,"type":"guardrail1_white"}
{"ctxid":0,"pos":[-245.811783,-155.151352,119.830467],"rotationMatrix":[0.816910148,0.576759577,0.00248975353,-0.576761365,0.816912651,-5.82076609e-09,-0.00203391444,-0.00143598905,0.999996901],"scale":1,"type":"guardrail1_white"}
{"ctxid":0,"pos":[-239.275467,-150.537277,119.508247],"rotationMatrix":[0.816986501,0.576656759,0,-0.576656759,0.816986501,0,0,0,1],"scale":1,"type":"guardrail1_white"}
{"ctxid":0,"pos":[-239.275558,-150.537354,120.166824],"rotationMatrix":[0.816986918,0.576656222,0,-0.576656222,0.816986918,0,0,0,1],"scale":1,"type":"guardrail1_white"}
{"ctxid":0,"pos":[-239.275513,-150.537323,119.8396],"rotationMatrix":[0.816987336,0.576655567,0,-0.576655567,0.816987336,0,0,0,1],"scale":1,"type":"guardrail1_white"}
{"ctxid":0,"pos":[-232.739456,-145.924164,119.506668],"rotationMatrix":[0.81701529,0.576616049,0,-0.576616049,0.81701529,0,0,0,1],"scale":1,"type":"guardrail1_white"}
{"ctxid":0,"pos":[-232.739426,-145.924149,120.165237],"rotationMatrix":[0.817014515,0.576617002,-0.000313266733,-0.576617002,0.817014575,0.000145166385,0.00033964889,6.20318751e-05,0.99999994],"scale":1,"type":"guardrail1_white"}
{"ctxid":0,"pos":[-232.739441,-145.924164,119.83802],"rotationMatrix":[0.817014694,0.576616824,0,-0.576616824,0.817014694,0,0,0,1],"scale":1,"type":"guardrail1_white"}
{"ctxid":0,"pos":[-226.203156,-141.311523,119.514511],"rotationMatrix":[0.817045271,0.576571882,0.00138106768,-0.576572478,0.817046046,-4.57512215e-08,-0.00112842221,-0.000796248147,0.999999046],"scale":1,"type":"guardrail1_white"}
{"ctxid":0,"pos":[-226.203918,-141.312057,120.173096],"rotationMatrix":[0.817044973,0.57657218,0.00142357172,-0.576572776,0.817045808,3.75439413e-09,-0.00116312108,-0.000820795889,0.999998987],"scale":1,"type":"guardrail1_white"}
{"ctxid":0,"pos":[-226.203537,-141.311798,119.845871],"rotationMatrix":[0.817045629,0.576571226,0.00142357184,-0.576571822,0.817046463,-1.92085281e-09,-0.00116312539,-0.000820789894,0.999998987],"scale":1,"type":"guardrail1_white"}
{"ctxid":0,"pos":[-219.667206,-136.698364,119.515579],"rotationMatrix":[0.816899657,0.576779008,-0.000976562325,-0.576779246,0.816900015,2.40106601e-08,0.0007977676,0.000563241309,0.999999523],"scale":1,"type":"guardrail1_white"}
{"ctxid":0,"pos":[-219.666687,-136.697998,120.174156],"rotationMatrix":[0.816900074,0.576778471,-0.000913490425,-0.57677871,0.816900432,-1.86264515e-09,0.000746229663,0.000526883407,0.999999583],"scale":1,"type":"guardrail1_white"}
{"ctxid":0,"pos":[-219.666931,-136.698181,119.846939],"rotationMatrix":[0.816900492,0.576777875,-0.000976562384,-0.576778114,0.816900849,-2.10129656e-08,0.000797742512,0.000563276932,0.999999523],"scale":1,"type":"guardrail1_white"}
{"ctxid":0,"pos":[-213.13382,-132.081528,119.512878],"rotationMatrix":[0.816343129,0.57756722,0,-0.57756722,0.816343129,0,0,0,1],"scale":1,"type":"guardrail1_white"}
{"ctxid":0,"pos":[-213.133698,-132.081436,120.171463],"rotationMatrix":[0.816343665,0.577566445,0,-0.577566445,0.816343665,0,0,0,1],"scale":1,"type":"guardrail1_white"}
{"ctxid":0,"pos":[-213.133759,-132.081482,119.844238],"rotationMatrix":[0.816343307,0.577567041,0,-0.577567041,0.816343307,0,0,0,1],"scale":1,"type":"guardrail1_white"}
{"ctxid":0,"pos":[-206.606369,-127.45639,119.525162],"rotationMatrix":[0.815684676,0.578486919,0.00338290818,-0.578490257,0.815689325,-6.06523827e-08,-0.00275943708,-0.00195692945,0.999994278],"scale":1,"type":"guardrail1_white"}
{"ctxid":0,"pos":[-206.60817,-127.457664,120.183739],"rotationMatrix":[0.815686464,0.578484356,0.00338290678,-0.578487694,0.815691113,9.89530236e-09,-0.00275940122,-0.00195697788,0.999994278],"scale":1,"type":"guardrail1_white"}
{"ctxid":0,"pos":[-206.607269,-127.457031,119.856506],"rotationMatrix":[0.815684676,0.578486919,0.00338290655,-0.578490257,0.815689325,2.46800482e-08,-0.00275938655,-0.00195699837,0.999994278],"scale":1,"type":"guardrail1_white"}
{"ctxid":0,"pos":[-200.081482,-122.827652,119.550781],"rotationMatrix":[0.81555891,0.578668356,0.00258373935,-0.578670263,0.815561593,-1.97556801e-07,-0.0021073129,-0.00149497204,0.999996662],"scale":1,"type":"guardrail1_white"}
{"ctxid":0,"pos":[-200.08287,-122.828644,120.209351],"rotationMatrix":[0.815559268,0.578667819,0.00258373911,-0.578669727,0.81556201,-1.96567271e-07,-0.00210731314,-0.0014949711,0.999996662],"scale":1,"type":"guardrail1_white"}
{"ctxid":0,"pos":[-200.082184,-122.828156,119.882126],"rotationMatrix":[0.81555903,0.578667879,0.00262947287,-0.578669906,0.815561891,-2.00292561e-07,-0.00214461377,-0.00152143324,0.999996543],"scale":1,"type":"guardrail1_white"}
{"ctxid":0,"pos":[-193.557159,-118.198074,119.560196],"rotationMatrix":[0.815525174,0.578721583,-0.000345267064,-0.578721583,0.815525174,-2.06709956e-08,0.000281562039,0.000199830363,0.99999994],"scale":1,"type":"guardrail1_white"}
{"ctxid":0,"pos":[-193.557129,-118.198059,120.218781],"rotationMatrix":[0.815526843,0.578719258,0,-0.578719258,0.815526843,0,0,0,1],"scale":1,"type":"guardrail1_white"}
{"ctxid":0,"pos":[-193.557144,-118.198059,119.891541],"rotationMatrix":[0.815526962,0.578719079,0,-0.578719079,0.815526962,0,0,0,1],"scale":1,"type":"guardrail1_white"}
{"ctxid":0,"pos":[-187.032959,-113.568253,119.556221],"rotationMatrix":[0.815520108,0.578728199,-0.000772040337,-0.578728318,0.815520346,-7.99773261e-08,0.000629568356,0.000446866907,0.999999702],"scale":1,"type":"guardrail1_white"}
{"ctxid":0,"pos":[-187.032623,-113.568008,120.214813],"rotationMatrix":[0.815520644,0.578727722,-0.00059801992,-0.578727841,0.815520763,1.29221007e-08,0.00048770514,0.000346080196,0.999999821],"scale":1,"type":"guardrail1_white"}
{"ctxid":0,"pos":[-187.032806,-113.568123,119.887573],"rotationMatrix":[0.815519512,0.578729272,-0.000598020037,-0.578729391,0.815519631,1.39698386e-08,0.000487705198,0.0003460804,0.999999821],"scale":1,"type":"guardrail1_white"}
{"ctxid":0,"pos":[-180.508759,-108.938469,119.553757],"rotationMatrix":[0.815530717,0.578713775,0,-0.578713775,0.815530717,0,0,0,1],"scale":1,"type":"guardrail1_white"}
{"ctxid":0,"pos":[-180.508881,-108.93856,120.212341],"rotationMatrix":[0.815532923,0.578710675,0,-0.578710675,0.815532923,0,0,0,1],"scale":1,"type":"guardrail1_white"}
{"ctxid":0,"pos":[-180.50882,-108.938507,119.885109],"rotationMatrix":[0.815531492,0.578712642,0.000345266977,-0.578712642,0.815531552,-9.89530236e-10,-0.000281576678,-0.000199809554,0.99999994],"scale":1,"type":"guardrail1_white"}
{"ctxid":0,"pos":[-173.984482,-104.308823,119.561859],"rotationMatrix":[0.815536857,0.578702688,0.00169145549,-0.578703523,0.815538049,-1.98371708e-07,-0.00137956114,-0.000978689408,0.999998569],"scale":1,"type":"guardrail1_white"}
{"ctxid":0,"pos":[-173.985367,-104.309456,120.220428],"rotationMatrix":[0.815537333,0.578702092,0.00165584206,-0.578702927,0.815538406,1.50757842e-08,-0.0013503941,-0.000958252931,0.999998629],"scale":1,"type":"guardrail1_white"}
{"ctxid":0,"pos":[-173.984924,-104.309143,119.893204],"rotationMatrix":[0.815538108,0.5787009,0.00169145514,-0.578701735,0.815539241,-2.61352398e-08,-0.00137946324,-0.000978826778,0.999998569],"scale":1,"type":"guardrail1_white"}
{"ctxid":0,"pos":[-167.460144,-99.6792755,119.578049],"rotationMatrix":[0.815547943,0.578685164,0.00223758398,-0.578686595,0.815550029,-2.16590706e-07,-0.001824987,-0.0012946832,0.999997497],"scale":1,"type":"guardrail1_white"}
{"ctxid":0,"pos":[-167.461334,-99.6801147,120.236626],"rotationMatrix":[0.815547943,0.578685164,0.00223758444,-0.578686595,0.815550029,6.3853804e-08,-0.00182482507,-0.00129491207,0.999997497],"scale":1,"type":"guardrail1_white"}
{"ctxid":0,"pos":[-167.460754,-99.6797028,119.909401],"rotationMatrix":[0.815547943,0.578685164,0.00223758444,-0.578686595,0.815550029,6.3853804e-08,-0.00182482507,-0.00129491207,0.999997497],"scale":1,"type":"guardrail1_white"}
{"ctxid":0,"pos":[-160.935699,-95.0499115,119.593887],"rotationMatrix":[0.815569878,0.578656793,0.00142357184,-0.578657389,0.815570712,-8.69913492e-08,-0.00116107392,-0.000823689508,0.999998987],"scale":1,"type":"guardrail1_white"}
{"ctxid":0,"pos":[-160.936478,-95.0504684,120.252472],"rotationMatrix":[0.815567911,0.578659594,0.00146484352,-0.57866019,0.815568745,-9.31322575e-10,-0.00119468127,-0.000847645802,0.999998927],"scale":1,"type":"guardrail1_white"}
{"ctxid":0,"pos":[-160.936096,-95.0501938,119.925247],"rotationMatrix":[0.815569162,0.578657806,0.0014648434,-0.578658402,0.815569997,-3.65544111e-08,-0.00119470351,-0.000847614079,0.999998927],"scale":1,"type":"guardrail1_white"}
{"ctxid":0,"pos":[-154.410873,-90.4209824,119.596886],"rotationMatrix":[0.815638244,0.578561842,-0.000690533896,-0.578561962,0.815638423,-3.88681656e-08,0.000563203474,0.000399548328,0.999999762],"scale":1,"type":"guardrail1_white"}
{"ctxid":0,"pos":[-154.410507,-90.4207153,120.255463],"rotationMatrix":[0.815638006,0.57856226,-0.000598019862,-0.578562379,0.815638185,2.65281415e-08,0.000487783167,0.000345970155,0.999999821],"scale":1,"type":"guardrail1_white"}
{"ctxid":0,"pos":[-154.41069,-90.4208527,119.928238],"rotationMatrix":[0.815638423,0.578561604,-0.000690533896,-0.578561723,0.815638602,4.49654181e-09,0.000563228736,0.000399512879,0.999999762],"scale":1,"type":"guardrail1_white"}
{"ctxid":0,"pos":[-147.883698,-85.7932129,119.587318],"rotationMatrix":[0.8159374,0.578139663,-0.000845727918,-0.578139901,0.815937638,1.26892701e-07,0.00069013465,0.000488845515,0.999999642],"scale":1,"type":"guardrail1_white"}
{"ctxid":0,"pos":[-147.883347,-85.7929688,120.245895],"rotationMatrix":[0.815937757,0.578139126,-0.000845727802,-0.578139365,0.815938056,2.0180596e-07,0.000690178189,0.000488783873,0.999999642],"scale":1,"type":"guardrail1_white"}
{"ctxid":0,"pos":[-147.883514,-85.7930908,119.918671],"rotationMatrix":[0.815939724,0.578136384,-0.000845728093,-0.578136623,0.815940022,1.67725375e-07,0.000690160436,0.000488809426,0.999999642],"scale":1,"type":"guardrail1_white"}
{"ctxid":0,"pos":[844.427002,243.489105,161.4617],"rotationMatrix":[0.236426592,-0.971646488,0.00236702967,0.97164923,0.236427248,9.67178494e-07,-0.000560570101,0.00229969365,0.999997199],"scale":1,"type":"guardrail1_white"}
{"ctxid":0,"pos":[844.426636,243.49054,162.1203],"rotationMatrix":[0.236437261,-0.971643686,0.00241686683,0.971646547,0.236437917,1.06438529e-06,-0.000572473102,0.00234808866,0.999997079],"scale":1,"type":"guardrail1_white"}
{"ctxid":0,"pos":[844.426819,243.489807,161.79306],"rotationMatrix":[0.236430824,-0.971645296,0.00241686706,0.971648157,0.236431479,1.1054799e-06,-0.000572497491,0.00234808307,0.999997079],"scale":1.00000012,"type":"guardrail1_white"}
{"ctxid":0,"pos":[846.707336,235.853592,161.351898],"rotationMatrix":[0.467253387,-0.884016156,-0.0137757594,0.884100199,0.467297375,2.60756351e-05,0.00641432498,-0.0121913366,0.999905109],"scale":1,"type":"guardrail1_white"}
{"ctxid":0,"pos":[846.710693,235.845978,162.010406],"rotationMatrix":[0.467918515,-0.883664131,-0.0137843881,0.883748293,0.467962503,3.59141268e-05,0.00641884143,-0.0121987332,0.99990499],"scale":0.99999994,"type":"guardrail1_white"}
{"ctxid":0,"pos":[846.709045,235.849762,161.683197],"rotationMatrix":[0.4675892,-0.883838475,-0.0137800761,0.883922637,0.467633247,3.16174701e-05,0.00641607679,-0.012195304,0.99990505],"scale":1,"type":"guardrail1_white"}
{"ctxid":0,"pos":[851.078735,229.161331,161.296631],"rotationMatrix":[0.558129072,-0.829667211,-0.0120099112,0.829727054,0.558169365,-9.20146704e-07,0.00670432718,-0.00996443443,0.999927878],"scale":0.99999994,"type":"guardrail1_white"}
{"ctxid":0,"pos":[851.08313,229.154785,161.95517],"rotationMatrix":[0.558128893,-0.829667389,-0.0120049492,0.829727232,0.558169127,2.73808837e-07,0.00670056557,-0.00996098574,0.999927938],"scale":1,"type":"guardrail1_white"}
{"ctxid":0,"pos":[851.080933,229.158035,161.62796],"rotationMatrix":[0.55813086,-0.829666078,-0.0120049538,0.829725921,0.558171093,-1.45751983e-07,0.0067009395,-0.00996073894,0.999927938],"scale":1,"type":"guardrail1_white"}
{"ctxid":0,"pos":[855.543457,222.524521,161.159729],"rotationMatrix":[0.558050692,-0.829557121,-0.0203579944,0.829729021,0.558166385,-8.84756446e-07,0.0113638807,-0.0168911256,0.999792755],"scale":1,"type":"guardrail1_white"}
{"ctxid":0,"pos":[855.550903,222.513397,161.818176],"rotationMatrix":[0.558051348,-0.829556763,-0.0203521326,0.829728663,0.558166981,-7.36676157e-07,0.0113605,-0.0168863386,0.999792874],"scale":1,"type":"guardrail1_white"}
{"ctxid":0,"pos":[855.54718,222.518921,161.491028],"rotationMatrix":[0.55805099,-0.829557002,-0.0203521326,0.829728901,0.558166623,3.91155481e-08,0.0113598472,-0.0168867763,0.999792874],"scale":1,"type":"guardrail1_white"}
{"ctxid":0,"pos":[860.007812,215.888153,160.992096],"rotationMatrix":[0.558054686,-0.829559565,-0.0201461185,0.829728007,0.558167934,-8.00937414e-08,0.0112449843,-0.0167157557,0.999797046],"scale":1,"type":"guardrail1_white"}
{"ctxid":0,"pos":[860.015198,215.877167,161.650543],"rotationMatrix":[0.558054209,-0.829559922,-0.0201459266,0.829729319,0.558166027,8.93194228e-05,0.0111706769,-0.0167655107,0.999797046],"scale":1,"type":"guardrail1_white"}
{"ctxid":0,"pos":[860.011536,215.882629,161.323364],"rotationMatrix":[0.55805552,-0.829559088,-0.020143168,0.829727411,0.558168769,-4.31202352e-07,0.0112436432,-0.0167130977,0.999797106],"scale":1,"type":"guardrail1_white"}
{"ctxid":0,"pos":[864.472778,209.250854,160.907104],"rotationMatrix":[0.558173656,-0.829724014,0.000488281221,0.829724133,0.558173656,-1.51339918e-09,-0.000272544479,0.000405139552,0.999999881],"scale":1,"type":"guardrail1_white"}
{"ctxid":0,"pos":[864.472656,209.251038,161.565704],"rotationMatrix":[0.558175564,-0.829722703,0.000488281221,0.829722822,0.558175683,3.2450771e-09,-0.000272549369,0.000405136263,0.999999881],"scale":1,"type":"guardrail1_white"}
{"ctxid":0,"pos":[864.472656,209.250946,161.238464],"rotationMatrix":[0.55817306,-0.829724491,0.000345267006,0.829724491,0.55817312,5.5442797e-09,-0.000192723353,0.000286473427,0.99999994],"scale":1,"type":"guardrail1_white"}
{"ctxid":0,"pos":[868.93866,202.613678,160.958405],"rotationMatrix":[0.558773875,-0.829219818,0.0128953513,0.829288721,0.558820367,8.66129994e-07,-0.00720690377,0.0106934849,0.999916852],"scale":1,"type":"guardrail1_white"}
{"ctxid":0,"pos":[868.933777,202.620941,161.616943],"rotationMatrix":[0.558768988,-0.829223096,0.0128953494,0.829291999,0.558815479,8.55419785e-07,-0.00720682926,0.0106935333,0.999916852],"scale":1,"type":"guardrail1_white"}
{"ctxid":0,"pos":[868.936218,202.617325,161.289734],"rotationMatrix":[0.55877018,-0.829222322,0.0128953485,0.829291224,0.558816671,1.40815973e-06,-0.00720730331,0.010693213,0.999916852],"scale":1,"type":"guardrail1_white"}
{"ctxid":0,"pos":[873.430176,195.997345,161.174286],"rotationMatrix":[0.563571334,-0.825333774,0.0348068178,0.825834215,0.563912988,-2.47731805e-06,-0.0196259711,0.0287460554,0.999394059],"scale":0.99999994,"type":"guardrail1_white"}
{"ctxid":0,"pos":[873.417419,196.016083,161.832489],"rotationMatrix":[0.563565731,-0.825337708,0.0348051041,0.825838029,0.563907385,-6.99423254e-07,-0.0196262766,0.0287437774,0.999394119],"scale":1,"type":"guardrail1_white"}
{"ctxid":0,"pos":[873.423767,196.006775,161.505463],"rotationMatrix":[0.563566566,-0.825336933,0.0348085314,0.825837374,0.563908339,-1.38487667e-06,-0.0196276791,0.0287469663,0.999394],"scale":1,"type":"guardrail1_white"}
{"ctxid":0,"pos":[877.938232,189.392029,161.386536],"rotationMatrix":[0.561651647,-0.826967835,0.0259158518,0.827245712,0.561840296,-1.50874257e-06,-0.014559323,0.021439625,0.999664128],"scale":1,"type":"guardrail1_white"}
{"ctxid":0,"pos":[877.928711,189.406067,162.044891],"rotationMatrix":[0.561667621,-0.826956987,0.0259135589,0.827234864,0.56185627,-2.6607886e-06,-0.0145574948,0.0214380957,0.999664187],"scale":1,"type":"guardrail1_white"}
{"ctxid":0,"pos":[877.933472,189.399094,161.717773],"rotationMatrix":[0.561658859,-0.826962709,0.0259227492,0.827240705,0.561847627,-2.15973705e-06,-0.014562849,0.0214455687,0.999663949],"scale":0.99999994,"type":"guardrail1_white"}
{"ctxid":0,"pos":[882.383484,182.745453,161.633026],"rotationMatrix":[0.548152685,-0.835820198,0.0305481739,0.836210489,0.548408628,-1.5553087e-07,-0.0167527534,0.0255447887,0.999533296],"scale":0.99999994,"type":"guardrail1_white"}
{"ctxid":0,"pos":[882.372498,182.762161,162.29129],"rotationMatrix":[0.548197269,-0.835790932,0.0305501204,0.836181223,0.548453212,-2.84425914e-06,-0.0167529341,0.0255469959,0.999533236],"scale":0.99999994,"type":"guardrail1_white"}
{"ctxid":0,"pos":[882.377991,182.75386,161.964203],"rotationMatrix":[0.548174083,-0.835806251,0.0305462182,0.836196542,0.548429906,-2.74274498e-06,-0.0167501681,0.0255441442,0.999533355],"scale":1,"type":"guardrail1_white"}
{"ctxid":0,"pos":[886.695984,176.009186,161.763885],"rotationMatrix":[0.529892564,-0.848042071,0.00619556289,0.848058403,0.529902756,1.41793862e-07,-0.00328316609,0.00525412429,0.999980807],"scale":0.99999994,"type":"guardrail1_white"}
{"ctxid":0,"pos":[886.693726,176.012756,162.422455],"rotationMatrix":[0.529902935,-0.848035574,0.00620517833,0.848051906,0.529913068,6.19329512e-08,-0.0032882574,0.00526228081,0.999980748],"scale":0.99999994,"type":"guardrail1_white"}
{"ctxid":0,"pos":[886.694824,176.010986,162.095245],"rotationMatrix":[0.529898047,-0.848038673,0.00619556522,0.848055005,0.529908299,8.49831849e-08,-0.00328315282,0.00525413454,0.999980807],"scale":0.99999994,"type":"guardrail1_white"}
{"ctxid":0,"pos":[890.866882,169.18306,161.828613],"rotationMatrix":[0.511572659,-0.85921526,0.00652359333,0.859233499,0.511583567,-9.983778e-07,-0.00333650503,0.00560580101,0.999978721],"scale":1,"type":"guardrail1_white"}
{"ctxid":0,"pos":[890.864746,169.186554,162.487152],"rotationMatrix":[0.511589468,-0.859205306,0.00652359379,0.859223545,0.511600375,-1.09453686e-06,-0.00333653251,0.00560578518,0.999978721],"scale":1,"type":"guardrail1_white"}
{"ctxid":0,"pos":[890.865845,169.184814,162.159943],"rotationMatrix":[0.511580467,-0.85921067,0.00651444914,0.859228909,0.511591315,-1.02235936e-06,-0.00333185727,0.00559792574,0.999978781],"scale":1,"type":"guardrail1_white"}
{"ctxid":0,"pos":[894.827393,162.234497,161.706787],"rotationMatrix":[0.479735911,-0.876910329,-0.0296937078,0.877297163,0.479947627,-1.41188502e-06,0.0142526636,-0.0260495264,0.999559045],"scale":1,"type":"guardrail1_white"}
{"ctxid":0,"pos":[894.836731,162.217422,162.365082],"rotationMatrix":[0.479667783,-0.876947522,-0.029695712,0.877334356,0.479879558,-3.72435898e-06,0.0142536312,-0.0260512829,0.999558985],"scale":1,"type":"guardrail1_white"}
