{"ctxid":0,"pos":[-309.200043,-284.449646,120.748589],"rotationMatrix":[-0.0141297579,0.998945773,-0.0436764359,-0.999899924,-0.0141437054,-1.14887953e-05,-0.000629223883,0.043671906,0.99904573],"scale":1.00000012,"type":"guardrail2_blue"}
{"ctxid":0,"pos":[-309.20047,-284.420837,121.40654],"rotationMatrix":[-0.014087677,0.998946309,-0.0436777845,-0.999900579,-0.0141017437,-1.43516809e-05,-0.000630268827,0.0436732396,0.99904567],"scale":1,"type":"guardrail2_blue"}
{"ctxid":0,"pos":[-309.200256,-284.43512,121.07962],"rotationMatrix":[-0.0141088963,0.998945951,-0.0436777845,-0.999900222,-0.014122963,-1.29118562e-05,-0.000629754737,0.0436732434,0.99904567],"scale":1.00000012,"type":"guardrail2_blue"}
{"ctxid":0,"pos":[-310.091278,-276.537659,120.474648],"rotationMatrix":[-0.232357264,0.972531021,-0.0139092524,-0.972625077,-0.232379794,4.65661287e-10,-0.00323222904,0.0135284886,0.999903262],"scale":0.999999881,"type":"guardrail2_blue"}
{"ctxid":0,"pos":[-310.093506,-276.528442,121.133156],"rotationMatrix":[-0.232357144,0.972530961,-0.013922099,-0.972625256,-0.232379675,-8.38190317e-09,-0.00323522044,0.0135409823,0.999903083],"scale":0.99999994,"type":"guardrail2_blue"}
{"ctxid":0,"pos":[-310.092407,-276.53302,120.805962],"rotationMatrix":[-0.232357621,0.972530842,-0.0139178205,-0.972625017,-0.232380152,1.16415322e-08,-0.00323421275,0.0135368239,0.999903142],"scale":1,"type":"guardrail2_blue"}
{"ctxid":0,"pos":[-311.949738,-268.759277,120.27504],"rotationMatrix":[-0.232257128,0.972103596,-0.03273049,-0.97262466,-0.232381582,-2.23517418e-08,-0.00760598667,0.0318344794,0.999464214],"scale":1,"type":"guardrail2_blue"}
{"ctxid":0,"pos":[-311.954742,-268.738342,120.933273],"rotationMatrix":[-0.232257485,0.972103298,-0.0327341259,-0.972624481,-0.232382059,-1.67638063e-08,-0.00760684162,0.0318380073,0.999464095],"scale":0.99999994,"type":"guardrail2_blue"}
{"ctxid":0,"pos":[-311.95224,-268.748718,120.606209],"rotationMatrix":[-0.232256889,0.972103596,-0.0327323154,-0.972624779,-0.232381463,-5.21540642e-08,-0.0076064337,0.0318362489,0.999464154],"scale":0.99999994,"type":"guardrail2_blue"}
{"ctxid":0,"pos":[-313.807892,-260.982666,120.006447],"rotationMatrix":[-0.232400417,0.972065866,-0.0328322574,-0.972590148,-0.232526183,-1.37258321e-05,-0.00764770247,0.0319291428,0.999460876],"scale":1,"type":"guardrail2_blue"}
{"ctxid":0,"pos":[-313.812866,-260.961914,120.66468],"rotationMatrix":[-0.232411504,0.972063303,-0.0328286253,-0.972587466,-0.23253727,-1.35190785e-05,-0.00764702167,0.0319255702,0.999460995],"scale":1,"type":"guardrail2_blue"}
{"ctxid":0,"pos":[-313.810394,-260.972229,120.337624],"rotationMatrix":[-0.232405901,0.972064674,-0.0328286216,-0.972588837,-0.232531667,-1.37332827e-05,-0.00764704403,0.031925559,0.999460995],"scale":0.999999881,"type":"guardrail2_blue"}
{"ctxid":0,"pos":[-315.702087,-253.21286,119.808258],"rotationMatrix":[-0.238237381,0.971045673,-0.0176957101,-0.971197784,-0.238274693,1.86730176e-06,-0.00421462813,0.0171864778,0.999843419],"scale":0.99999994,"type":"guardrail2_blue"}
{"ctxid":0,"pos":[-315.704865,-253.201508,120.466743],"rotationMatrix":[-0.238230824,0.971047282,-0.0176957119,-0.971199393,-0.238268137,1.53388828e-06,-0.00421483582,0.0171864294,0.999843419],"scale":1,"type":"guardrail2_blue"}
{"ctxid":0,"pos":[-315.703491,-253.207138,120.139565],"rotationMatrix":[-0.238233805,0.971046686,-0.0176923461,-0.971198678,-0.238271117,1.59814954e-06,-0.00421402371,0.0171831641,0.999843478],"scale":1,"type":"guardrail2_blue"}
{"ctxid":0,"pos":[-317.565796,-245.433838,119.699104],"rotationMatrix":[-0.224989414,0.974303186,-0.0106360903,-0.974358261,-0.22500217,1.17812306e-06,-0.00239199493,0.0103636282,0.999943435],"scale":1,"type":"guardrail2_blue"}
{"ctxid":0,"pos":[-317.567352,-245.426987,120.357643],"rotationMatrix":[-0.224970579,0.974307477,-0.0106360912,-0.974362552,-0.224983335,8.54488462e-07,-0.00239211041,0.0103636011,0.999943435],"scale":1,"type":"guardrail2_blue"}
{"ctxid":0,"pos":[-317.566589,-245.430389,120.030434],"rotationMatrix":[-0.224979639,0.974305511,-0.0106304828,-0.974360585,-0.224992275,8.34930688e-07,-0.00239096349,0.0103581101,0.999943495],"scale":1,"type":"guardrail2_blue"}
{"ctxid":0,"pos":[-319.252869,-237.614426,119.640831],"rotationMatrix":[-0.193658113,0.981066585,-0.00221078587,-0.981068969,-0.19365859,2.86498107e-07,-0.000427856809,0.00216898881,0.999997556],"scale":1,"type":"guardrail2_blue"}
{"ctxid":0,"pos":[-319.253174,-237.61293,120.299408],"rotationMatrix":[-0.193650723,0.981067955,-0.00226406567,-0.981070459,-0.193651199,3.20491381e-07,-0.000438124523,0.00222127,0.999997437],"scale":0.99999994,"type":"guardrail2_blue"}
{"ctxid":0,"pos":[-319.253021,-237.613678,119.972176],"rotationMatrix":[-0.19365406,0.98106724,-0.00223758444,-0.981069744,-0.193654656,3.2200478e-07,-0.000433002715,0.00219528866,0.999997497],"scale":0.99999994,"type":"guardrail2_blue"}
{"ctxid":0,"pos":[-320.593689,-229.728958,119.646065],"rotationMatrix":[-0.136167645,0.990684032,0.00192236435,-0.990685821,-0.136167884,-4.98548616e-07,0.000261270208,-0.00190452696,0.999998152],"scale":1,"type":"guardrail2_blue"}
{"ctxid":0,"pos":[-320.593536,-229.730164,120.304634],"rotationMatrix":[-0.136179686,0.990682364,0.00189110427,-0.990684152,-0.136180043,-5.51459379e-07,0.000256984262,-0.00187356211,0.999998212],"scale":1,"type":"guardrail2_blue"}
{"ctxid":0,"pos":[-320.593597,-229.729568,119.977409],"rotationMatrix":[-0.136173606,0.990683138,0.001922364,-0.990684927,-0.136173844,-4.63565812e-07,0.000261316425,-0.00190452021,0.999998152],"scale":0.99999994,"type":"guardrail2_blue"}
{"ctxid":0,"pos":[-321.300201,-221.764481,119.641869],"rotationMatrix":[-0.0351965427,0.999378681,-0.00185931893,-0.99938035,-0.0351966619,2.93191988e-07,-6.51487499e-05,0.00185817713,0.999998271],"scale":1,"type":"guardrail2_blue"}
{"ctxid":0,"pos":[-321.300262,-221.763229,120.300453],"rotationMatrix":[-0.0351797342,0.999379218,-0.00189110404,-0.999381006,-0.0351798534,2.66591087e-07,-6.62622042e-05,0.0018899428,0.999998212],"scale":0.999999881,"type":"guardrail2_blue"}
{"ctxid":0,"pos":[-321.300232,-221.763855,119.973228],"rotationMatrix":[-0.0351879597,0.999378979,-0.0018593187,-0.999380648,-0.0351880789,2.76661012e-07,-6.51492155e-05,0.0018581769,0.999998271],"scale":1,"type":"guardrail2_blue"}
{"ctxid":0,"pos":[-321.1091,-213.772797,119.636597],"rotationMatrix":[0.0877779126,0.996140003,-0.000345266948,-0.996140003,0.0877779722,7.2264811e-08,3.03788111e-05,0.00034392791,0.99999994],"scale":1,"type":"guardrail2_blue"}
{"ctxid":0,"pos":[-321.10907,-213.772507,120.295189],"rotationMatrix":[0.0877833962,0.996139526,-0.000343027292,-0.996139526,0.0877834558,3.92628572e-05,6.9223388e-05,0.000338256417,0.99999994],"scale":1,"type":"guardrail2_blue"}
{"ctxid":0,"pos":[-321.10907,-213.772659,119.967949],"rotationMatrix":[0.0877805352,0.996139765,-0.00048828125,-0.996139884,0.0877805352,1.11482223e-07,4.29726351e-05,0.000486386591,0.999999881],"scale":1,"type":"guardrail2_blue"}
{"ctxid":0,"pos":[-319.815063,-205.887726,119.620552],"rotationMatrix":[0.239577413,0.970872819,-0.00294995983,-0.970876992,0.239578426,5.50178811e-07,0.000707281055,0.00286391634,0.999995649],"scale":1,"type":"guardrail2_blue"}
{"ctxid":0,"pos":[-319.814606,-205.885849,120.279129],"rotationMatrix":[0.23961699,0.970863044,-0.00292968494,-0.970867217,0.239618063,5.63100912e-07,0.000702552032,0.0028442,0.999995708],"scale":1,"type":"guardrail2_blue"}
{"ctxid":0,"pos":[-319.814819,-205.886795,119.951897],"rotationMatrix":[0.239597023,0.970867932,-0.00292968401,-0.970872104,0.239598095,4.87547368e-07,0.000702419784,0.0028442319,0.999995708],"scale":1,"type":"guardrail2_blue"}
{"ctxid":0,"pos":[-317.230072,-198.330124,119.609825],"rotationMatrix":[0.40742451,0.913238883,0,-0.913238883,0.40742451,0,0,0,1],"scale":1,"type":"guardrail2_blue"}
{"ctxid":0,"pos":[-317.230133,-198.3302,120.26841],"rotationMatrix":[0.407423079,0.913239539,0,-0.913239539,0.407423079,0,0,0,1],"scale":0.99999994,"type":"guardrail2_blue"}
{"ctxid":0,"pos":[-317.230103,-198.33017,119.941177],"rotationMatrix":[0.407423973,0.913239121,0,-0.913239121,0.407423973,0,0,0,1],"scale":1,"type":"guardrail2_blue"}
{"ctxid":0,"pos":[-313.327057,-191.36113,119.618935],"rotationMatrix":[0.559632063,0.82874012,0.00133721286,-0.828740835,0.55963254,-6.2037725e-07,-0.00074886193,-0.00110785582,0.999999106],"scale":0.99999994,"type":"guardrail2_blue"}
{"ctxid":0,"pos":[-313.327545,-191.361847,120.277519],"rotationMatrix":[0.559621215,0.828747511,0.00133721274,-0.828748226,0.559621692,-5.9674494e-07,-0.000748827821,-0.00110787863,0.999999106],"scale":0.99999994,"type":"guardrail2_blue"}
{"ctxid":0,"pos":[-313.327301,-191.361496,119.950294],"rotationMatrix":[0.559624791,0.828745067,0.00133721251,-0.828745782,0.559625268,-5.8254227e-07,-0.000748820603,-0.00110788329,0.999999106],"scale":0.99999994,"type":"guardrail2_blue"}
{"ctxid":0,"pos":[-308.344452,-185.116318,119.61924],"rotationMatrix":[0.688713074,0.725033641,-0.000690533896,-0.72503376,0.688713312,6.37373887e-09,0.0004755845,0.000500656082,0.999999762],"scale":1,"type":"guardrail2_blue"}
{"ctxid":0,"pos":[-308.344116,-185.115952,120.277824],"rotationMatrix":[0.688719988,0.725026965,-0.000772040337,-0.725027204,0.688720167,-2.99769454e-09,0.000531717553,0.000559752341,0.999999702],"scale":1,"type":"guardrail2_blue"}
{"ctxid":0,"pos":[-308.344269,-185.116135,119.9506],"rotationMatrix":[0.688715339,0.725031435,-0.00077204057,-0.725031674,0.688715518,7.27595761e-10,0.000531716854,0.000559753389,0.999999702],"scale":1,"type":"guardrail2_blue"}
{"ctxid":0,"pos":[-302.395233,-179.780716,119.613251],"rotationMatrix":[0.786673427,0.61736685,-0.00172633422,-0.617367804,0.786674619,-1.15152216e-06,0.00135735236,0.00106668915,0.99999851],"scale":1,"type":"guardrail2_blue"}
{"ctxid":0,"pos":[-302.394348,-179.780045,120.271828],"rotationMatrix":[0.786682785,0.617355049,-0.00172633375,-0.617356002,0.786683917,-1.23336213e-06,0.00135731767,0.00106673269,0.99999851],"scale":1,"type":"guardrail2_blue"}
{"ctxid":0,"pos":[-302.394775,-179.780396,119.944603],"rotationMatrix":[0.786679208,0.617359519,-0.00172633422,-0.617360473,0.7866804,-1.16671436e-06,0.00135735306,0.00106668833,0.99999851],"scale":1,"type":"guardrail2_blue"}
{"ctxid":0,"pos":[-295.977142,-175.00589,119.600861],"rotationMatrix":[0.808098614,0.589047015,-0.00048828125,-0.589047134,0.808098674,-1.7916318e-07,0.0003944739,0.000287765433,0.999999881],"scale":1,"type":"guardrail2_blue"}
{"ctxid":0,"pos":[-295.976959,-175.005753,120.259438],"rotationMatrix":[0.808099627,0.589045703,-0.000345266948,-0.589045703,0.808099687,-1.18256139e-07,0.000278940424,0.000203473581,0.99999994],"scale":1,"type":"guardrail2_blue"}
{"ctxid":0,"pos":[-295.977051,-175.005814,119.932213],"rotationMatrix":[0.808099747,0.589045465,-0.00048828125,-0.589045584,0.808099806,-1.67055987e-07,0.000394481583,0.000287754898,0.999999881],"scale":1,"type":"guardrail2_blue"}
{"ctxid":0,"pos":[-289.529175,-170.270615,119.598396],"rotationMatrix":[0.806948006,0.590619683,-0.00182698038,-0.590620637,0.806949317,-4.81377356e-08,0.0014742522,0.0010790911,0.999998331],"scale":1,"type":"guardrail2_blue"}
{"ctxid":0,"pos":[-289.528229,-170.269913,120.256966],"rotationMatrix":[0.806947827,0.590619743,-0.00185931881,-0.590620816,0.806949258,-4.3772161e-08,0.00150035007,0.00109818776,0.999998271],"scale":1,"type":"guardrail2_blue"}
{"ctxid":0,"pos":[-289.528717,-170.270248,119.929741],"rotationMatrix":[0.806948066,0.590619683,-0.00179405883,-0.590620637,0.806949377,-4.40049917e-08,0.00144768856,0.00105964369,0.999998391],"scale":1,"type":"guardrail2_blue"}
{"ctxid":0,"pos":[-283.066528,-165.555374,119.580086],"rotationMatrix":[0.808450639,0.588560998,-0.00185931905,-0.588562071,0.80845207,4.94765118e-08,0.00150319946,0.0010942847,0.999998271],"scale":1,"type":"guardrail2_blue"}
{"ctxid":0,"pos":[-283.065552,-165.554657,120.238663],"rotationMatrix":[0.808451593,0.588559687,-0.00185931881,-0.58856076,0.808453023,-1.990702e-08,0.00150316011,0.00109433813,0.999998271],"scale":1,"type":"guardrail2_blue"}
{"ctxid":0,"pos":[-283.06601,-165.555008,119.91143],"rotationMatrix":[0.808450818,0.58856082,-0.00185931893,-0.588561893,0.808452189,-5.84404916e-08,0.00150313601,0.00109437143,0.999998271],"scale":1,"type":"guardrail2_blue"}
{"ctxid":0,"pos":[-276.596466,-160.850235,119.581749],"rotationMatrix":[0.808983088,0.587830961,0.00109182997,-0.587831318,0.808983564,3.07918526e-08,-0.000883254397,-0.000641836727,0.999999404],"scale":1,"type":"guardrail2_blue"}
{"ctxid":0,"pos":[-276.597046,-160.850662,120.240318],"rotationMatrix":[0.808984816,0.587828398,0.00114512083,-0.587828755,0.808985353,1.53377187e-08,-0.000926376902,-0.000673147384,0.999999344],"scale":1,"type":"guardrail2_blue"}
{"ctxid":0,"pos":[-276.596741,-160.850449,119.913101],"rotationMatrix":[0.808984995,0.587828219,0.00114512071,-0.587828577,0.808985472,5.90807758e-09,-0.000926382607,-0.000673139468,0.999999344],"scale":1,"type":"guardrail2_blue"}
{"ctxid":0,"pos":[-270.123871,-156.14856,119.58165],"rotationMatrix":[0.809118092,0.587644041,-0.00154408044,-0.587644756,0.809119046,1.79279596e-08,0.0012493555,0.000907356327,0.999998808],"scale":1,"type":"guardrail2_blue"}
{"ctxid":0,"pos":[-270.12326,-156.148117,120.240227],"rotationMatrix":[0.80911833,0.587643623,-0.00158221193,-0.587644339,0.809119344,-1.15833245e-08,0.00128019147,0.000929787289,0.999998748],"scale":1,"type":"guardrail2_blue"}
{"ctxid":0,"pos":[-270.123566,-156.148346,119.913002],"rotationMatrix":[0.809117198,0.587645233,-0.00158221158,-0.587645948,0.809118211,-8.46921466e-09,0.00128019112,0.000929787057,0.999998748],"scale":1,"type":"guardrail2_blue"}
{"ctxid":0,"pos":[-263.651306,-151.446884,119.591011],"rotationMatrix":[0.808974743,0.587837875,0.00256056665,-0.587839782,0.808977365,9.26083885e-08,-0.0020713862,-0.00150527805,0.999996722],"scale":1,"type":"guardrail2_blue"}
{"ctxid":0,"pos":[-263.652618,-151.447845,120.24958],"rotationMatrix":[0.808974862,0.587837636,0.00256056571,-0.587839544,0.808977485,5.82076609e-10,-0.00207143975,-0.0015052025,0.999996722],"scale":1,"type":"guardrail2_blue"}
{"ctxid":0,"pos":[-263.651978,-151.447357,119.922356],"rotationMatrix":[0.808973908,0.587839007,0.00256016734,-0.587841034,0.808976471,4.51986562e-05,-0.00204454572,-0.00154153584,0.999996722],"scale":1,"type":"guardrail2_blue"}
{"ctxid":0,"pos":[-257.181274,-146.741684,119.588402],"rotationMatrix":[0.808431089,0.588564217,-0.00559926778,-0.588573396,0.808443785,1.28173269e-07,0.00452676881,0.00329547655,0.999984324],"scale":1,"type":"guardrail2_blue"}
{"ctxid":0,"pos":[-257.178589,-146.739731,120.246979],"rotationMatrix":[0.808430552,0.588564992,-0.00559926685,-0.588574171,0.808443189,-6.44940883e-08,0.00452665146,0.0032956365,0.999984324],"scale":1,"type":"guardrail2_blue"}
{"ctxid":0,"pos":[-257.179932,-146.740707,119.919746],"rotationMatrix":[0.808430731,0.588564813,-0.00558861159,-0.588573992,0.808443367,-1.46683306e-08,0.00451806746,0.00328932377,0.999984384],"scale":0.99999994,"type":"guardrail2_blue"}
{"ctxid":0,"pos":[-250.718765,-142.026245,119.581932],"rotationMatrix":[0.806908369,0.590669513,0.00288870791,-0.590672016,0.806911767,-1.57160684e-08,-0.00233094161,-0.00170626619,0.999995828],"scale":1,"type":"guardrail2_blue"}
{"ctxid":0,"pos":[-250.720169,-142.027267,120.240501],"rotationMatrix":[0.806909561,0.590667784,0.00290926872,-0.590670288,0.806913018,3.53495125e-07,-0.00234731799,-0.00171870389,0.999995768],"scale":1,"type":"guardrail2_blue"}
{"ctxid":0,"pos":[-250.719467,-142.026764,119.913277],"rotationMatrix":[0.806910872,0.590666056,0.00290926825,-0.590668559,0.80691427,1.51339918e-07,-0.00234744092,-0.00171853544,0.999995768],"scale":1,"type":"guardrail2_blue"}
{"ctxid":0,"pos":[-298.69165,-200.645721,119.354355],"rotationMatrix":[0.634098351,0.773252428,0,-0.773252428,0.634098351,0,0,0,1],"scale":1,"type":"guardrail2_blue"}
{"ctxid":0,"pos":[-298.691742,-200.645813,120.012939],"rotationMatrix":[0.634097457,0.773253202,0,-0.773253202,0.634097457,0,0,0,1],"scale":1,"type":"guardrail2_blue"}
{"ctxid":0,"pos":[-298.691711,-200.645767,119.685715],"rotationMatrix":[0.634097815,0.773252845,0,-0.773252845,0.634097815,0,0,0,1],"scale":1,"type":"guardrail2_blue"}
{"ctxid":0,"pos":[-293.458344,-194.595444,119.363983],"rotationMatrix":[0.674740195,0.738052726,0.00198340672,-0.738054156,0.674741507,1.2468081e-07,-0.00133819482,-0.00146394584,0.999998033],"scale":1,"type":"guardrail2_blue"}
{"ctxid":0,"pos":[-293.459229,-194.596405,120.022568],"rotationMatrix":[0.674734354,0.738058031,0.00195312395,-0.738059461,0.674735665,1.04948413e-07,-0.00131776498,-0.00144159258,0.999998093],"scale":1,"type":"guardrail2_blue"}
{"ctxid":0,"pos":[-293.458801,-194.595917,119.695343],"rotationMatrix":[0.674737573,0.738054931,0.00201323396,-0.738056481,0.674739003,1.17812306e-07,-0.00135832059,-0.00148595986,0.999997973],"scale":1,"type":"guardrail2_blue"}
{"ctxid":0,"pos":[-287.924469,-188.819336,119.379211],"rotationMatrix":[0.706686497,0.707524359,0.00185931881,-0.707525551,0.706687689,1.990702e-07,-0.00131381687,-0.00131565635,0.999998271],"scale":1,"type":"guardrail2_blue"}
{"ctxid":0,"pos":[-287.925323,-188.820206,120.037788],"rotationMatrix":[0.706681967,0.707528889,0.00185931881,-0.707530081,0.706683159,1.90746505e-07,-0.00131381431,-0.00131565891,0.999998271],"scale":1,"type":"guardrail2_blue"}
{"ctxid":0,"pos":[-287.924896,-188.819778,119.710564],"rotationMatrix":[0.706684291,0.707526505,0.00189110462,-0.707527816,0.706685543,1.85507815e-07,-0.00133628503,-0.00133814011,0.999998212],"scale":1,"type":"guardrail2_blue"}
{"ctxid":0,"pos":[-282.189178,-183.242432,119.394295],"rotationMatrix":[0.725004673,0.688741565,0.00179405906,-0.688742638,0.725005865,1.68394763e-07,-0.00130058732,-0.00123576703,0.999998391],"scale":1,"type":"guardrail2_blue"}
{"ctxid":0,"pos":[-282.190033,-183.243256,120.052872],"rotationMatrix":[0.725002885,0.688743412,0.00182698038,-0.688744605,0.725004077,1.82713848e-07,-0.00132444245,-0.00125845545,0.999998331],"scale":1,"type":"guardrail2_blue"}
{"ctxid":0,"pos":[-282.189606,-183.242859,119.725647],"rotationMatrix":[0.725004196,0.688742101,0.00179405895,-0.688743174,0.725005388,1.82481017e-07,-0.00130057673,-0.00123577821,0.999998391],"scale":1,"type":"guardrail2_blue"}
{"ctxid":0,"pos":[-276.21582,-177.923553,119.406815],"rotationMatrix":[0.766399801,0.642361879,0.00158221158,-0.642362714,0.766400754,3.49071342e-07,-0.00121238409,-0.00101662125,0.999998748],"scale":1,"type":"guardrail2_blue"}
{"ctxid":0,"pos":[-276.216614,-177.924225,120.065399],"rotationMatrix":[0.766396344,0.642366171,0.00154408033,-0.642366886,0.766397238,3.29921022e-07,-0.00118316698,-0.000992118963,0.999998808],"scale":0.99999994,"type":"guardrail2_blue"}
{"ctxid":0,"pos":[-276.216248,-177.923889,119.738174],"rotationMatrix":[0.766398311,0.642363787,0.00154408021,-0.642364502,0.766399264,3.27301677e-07,-0.00118317176,-0.000992113259,0.999998808],"scale":1,"type":"guardrail2_blue"}
{"ctxid":0,"pos":[-270.000793,-172.886963,119.423065],"rotationMatrix":[0.785454869,0.618913293,0.00265204394,-0.618915439,0.785457611,1.2642704e-07,-0.00208299002,-0.00164149026,0.999996483],"scale":1,"type":"guardrail2_blue"}
{"ctxid":0,"pos":[-270.002197,-172.888046,120.08165],"rotationMatrix":[0.785451174,0.618918002,0.00265204371,-0.618920147,0.785453916,1.08790118e-07,-0.00208299072,-0.00164148887,0.999996483],"scale":1,"type":"guardrail2_blue"}
{"ctxid":0,"pos":[-270.001495,-172.887512,119.754425],"rotationMatrix":[0.785453498,0.618914902,0.00267442432,-0.618917167,0.7854563,1.20548066e-07,-0.00210056896,-0.00165534182,0.999996424],"scale":1,"type":"guardrail2_blue"}
{"ctxid":0,"pos":[-263.666229,-168.001266,119.449478],"rotationMatrix":[0.797770917,0.602949381,0.00368643668,-0.602953434,0.797776341,-6.4028427e-09,-0.0029409558,-0.00222274475,0.999993205],"scale":1,"type":"guardrail2_blue"}
{"ctxid":0,"pos":[-263.668152,-168.002716,120.108063],"rotationMatrix":[0.797767401,0.602954209,0.00365395611,-0.602958262,0.797772765,-3.49245965e-10,-0.00291502662,-0.00220318278,0.999993324],"scale":1,"type":"guardrail2_blue"}
{"ctxid":0,"pos":[-263.667206,-168.001999,119.78083],"rotationMatrix":[0.797769427,0.602951527,0.00365395588,-0.60295558,0.797774792,-7.56699592e-09,-0.00291503849,-0.00220316695,0.999993324],"scale":1,"type":"guardrail2_blue"}
{"ctxid":0,"pos":[-257.235657,-163.242706,119.475922],"rotationMatrix":[0.810587883,0.585612059,0.0024168673,-0.585613728,0.810590267,-3.65253072e-07,-0.00195930293,-0.00141505455,0.999997079],"scale":1,"type":"guardrail2_blue"}
{"ctxid":0,"pos":[-257.236938,-163.243622,120.134499],"rotationMatrix":[0.810584843,0.585616231,0.00241686683,-0.5856179,0.810587168,-3.50584742e-07,-0.00195928663,-0.00141507643,0.999997079],"scale":1,"type":"guardrail2_blue"}
{"ctxid":0,"pos":[-257.236298,-163.243164,119.807266],"rotationMatrix":[0.810586095,0.585614562,0.00241686706,-0.585616231,0.810588479,-3.60480044e-07,-0.00195929571,-0.00141506433,0.999997079],"scale":1,"type":"guardrail2_blue"}
{"ctxid":0,"pos":[-250.712189,-158.612,119.486046],"rotationMatrix":[0.816758752,0.576977551,0.00142357207,-0.576978147,0.816759586,2.90456228e-08,-0.00116269931,-0.000821393682,0.999998987],"scale":1,"type":"guardrail2_blue"}
{"ctxid":0,"pos":[-250.712982,-158.612549,120.144623],"rotationMatrix":[0.816757739,0.576978922,0.00146484352,-0.576979518,0.816758633,8.17817636e-09,-0.00119641889,-0.000845191302,0.999998927],"scale":1,"type":"guardrail2_blue"}
{"ctxid":0,"pos":[-250.712585,-158.612274,119.817398],"rotationMatrix":[0.816758037,0.576978505,0.0014648434,-0.576979101,0.816758871,-4.33647074e-09,-0.00119642646,-0.000845180475,0.999998927],"scale":1,"type":"guardrail2_blue"}
{"ctxid":0,"pos":[-244.177277,-153.997406,119.503296],"rotationMatrix":[0.816937923,0.576723158,0.00165584194,-0.576723993,0.816939116,-8.14907253e-10,-0.00135272252,-0.000954963092,0.999998629],"scale":1,"type":"guardrail2_blue"}
{"ctxid":0,"pos":[-244.178177,-153.998047,120.16188],"rotationMatrix":[0.816938698,0.576722264,0.00161944504,-0.57672298,0.816939771,-8.61473382e-09,-0.00132299413,-0.000933964155,0.999998689],"scale":1,"type":"guardrail2_blue"}
{"ctxid":0,"pos":[-244.177719,-153.997711,119.834656],"rotationMatrix":[0.816938579,0.576722205,0.00169145525,-0.576723039,0.816939771,6.72298484e-09,-0.00138181308,-0.000975506613,0.999998569],"scale":1,"type":"guardrail2_blue"}
{"ctxid":0,"pos":[-237.641479,-149.383972,119.508362],"rotationMatrix":[0.816996813,0.576642156,0,-0.576642156,0.816996813,0,0,0,1],"scale":1,"type":"guardrail2_blue"}
{"ctxid":0,"pos":[-237.641418,-149.383942,120.166939],"rotationMatrix":[0.816996813,0.576642156,0,-0.576642156,0.816996813,0,0,0,1],"scale":1,"type":"guardrail2_blue"}
{"ctxid":0,"pos":[-237.641449,-149.383972,119.839706],"rotationMatrix":[0.816996574,0.576642573,0,-0.576642573,0.816996574,0,0,0,1],"scale":1,"type":"guardrail2_blue"}
{"ctxid":0,"pos":[-231.105408,-144.770966,119.507256],"rotationMatrix":[0.817030907,0.576593518,0.000598019978,-0.576593637,0.817031085,8.48376658e-09,-0.000488595979,-0.000344821427,0.999999821],"scale":1,"type":"guardrail2_blue"}
{"ctxid":0,"pos":[-231.105743,-144.771194,120.165833],"rotationMatrix":[0.817030311,0.576594353,0.000598019978,-0.576594472,0.817030489,1.2529199e-08,-0.000488593301,-0.00034482521,0.999999821],"scale":1,"type":"guardrail2_blue"}
{"ctxid":0,"pos":[-231.105576,-144.771088,119.838608],"rotationMatrix":[0.817031145,0.576593161,0.000690533954,-0.57659328,0.817031324,-6.41739462e-09,-0.000564191549,-0.000398151984,0.999999762],"scale":1,"type":"guardrail2_blue"}
{"ctxid":0,"pos":[-224.569077,-140.158356,119.517044],"rotationMatrix":[0.817034662,0.576587737,0.000976562325,-0.576587975,0.817035019,-1.51630957e-08,-0.000797894376,-0.000563061796,0.999999523],"scale":1,"type":"guardrail2_blue"}
{"ctxid":0,"pos":[-224.569611,-140.158752,120.175629],"rotationMatrix":[0.817034185,0.576588213,0.0010358009,-0.576588571,0.817034662,-1.67055987e-08,-0.000846294803,-0.000597217353,0.999999464],"scale":1,"type":"guardrail2_blue"}
{"ctxid":0,"pos":[-224.569336,-140.158554,119.848404],"rotationMatrix":[0.817033648,0.576589048,0.0010358009,-0.576589406,0.817034066,8.55652615e-09,-0.000846279669,-0.000597238832,0.999999464],"scale":1,"type":"guardrail2_blue"}
{"ctxid":0,"pos":[-218.033478,-135.544693,119.514183],"rotationMatrix":[0.816817164,0.576896429,-0.000488281192,-0.576896548,0.816817224,2.61934474e-09,0.000398838019,0.000281685585,0.999999881],"scale":1,"type":"guardrail2_blue"}
{"ctxid":0,"pos":[-218.033203,-135.544495,120.17276],"rotationMatrix":[0.816816986,0.576896667,-0.00048828125,-0.576896787,0.816817105,-9.95351002e-09,0.000398830744,0.000281695975,0.999999881],"scale":1,"type":"guardrail2_blue"}
{"ctxid":0,"pos":[-218.03334,-135.544586,119.845535],"rotationMatrix":[0.81681639,0.576897383,-0.000598020037,-0.576897502,0.816816568,-2.26282282e-08,0.000488459598,0.000345014734,0.999999821],"scale":1,"type":"guardrail2_blue"}
{"ctxid":0,"pos":[-211.501404,-130.926025,119.51255],"rotationMatrix":[0.81607908,0.577940285,0,-0.577940285,0.81607908,0,0,0,1],"scale":1,"type":"guardrail2_blue"}
{"ctxid":0,"pos":[-211.501526,-130.926117,120.171135],"rotationMatrix":[0.816079319,0.577939868,0,-0.577939868,0.816079319,0,0,0,1],"scale":1,"type":"guardrail2_blue"}
{"ctxid":0,"pos":[-211.501465,-130.926056,119.843903],"rotationMatrix":[0.816078782,0.577940702,0,-0.577940702,0.816078782,0,0,0,1],"scale":1,"type":"guardrail2_blue"}
{"ctxid":0,"pos":[-204.975037,-126.299347,119.532059],"rotationMatrix":[0.815637946,0.578552306,0.00345266471,-0.578555763,0.815642834,9.4412826e-08,-0.00281608663,-0.00199763617,0.99999404],"scale":1,"type":"guardrail2_blue"}
{"ctxid":0,"pos":[-204.976898,-126.300659,120.190636],"rotationMatrix":[0.815636992,0.578553617,0.00346988533,-0.578557074,0.81564188,-8.14907253e-10,-0.00283018453,-0.00200752588,0.99999398],"scale":1,"type":"guardrail2_blue"}
{"ctxid":0,"pos":[-204.975967,-126.300003,119.863403],"rotationMatrix":[0.815636873,0.578553796,0.00345266424,-0.578557253,0.815641761,-3.84170562e-09,-0.00281613925,-0.00199756073,0.99999404],"scale":1,"type":"guardrail2_blue"}
{"ctxid":0,"pos":[-198.450378,-121.670303,119.555367],"rotationMatrix":[0.815550327,0.578682959,0.001922364,-0.578684032,0.815551817,-1.80152711e-07,-0.00156789168,-0.00111229438,0.999998152],"scale":1,"type":"guardrail2_blue"}
{"ctxid":0,"pos":[-198.451401,-121.671036,120.213943],"rotationMatrix":[0.815550864,0.578682184,0.00192236411,-0.578683257,0.815552354,1.27474777e-08,-0.0015677812,-0.00111245038,0.999998152],"scale":1,"type":"guardrail2_blue"}
{"ctxid":0,"pos":[-198.450897,-121.67067,119.886719],"rotationMatrix":[0.815550089,0.578683138,0.00198340695,-0.57868433,0.815551639,-6.12344593e-08,-0.00161760638,-0.00114771654,0.999998033],"scale":0.99999994,"type":"guardrail2_blue"}
{"ctxid":0,"pos":[-191.926086,-117.040627,119.559799],"rotationMatrix":[0.815520167,0.578728497,-0.000488281366,-0.578728616,0.815520227,-5.05242497e-08,0.000398174074,0.000282623572,0.999999881],"scale":1,"type":"guardrail2_blue"}
{"ctxid":0,"pos":[-191.925903,-117.040482,120.218384],"rotationMatrix":[0.81551981,0.578728855,-0.000485067139,-0.578728974,0.815519929,-5.59332548e-05,0.00036321173,0.000326337118,0.999999881],"scale":1,"type":"guardrail2_blue"}
{"ctxid":0,"pos":[-191.925995,-117.040543,119.891151],"rotationMatrix":[0.815522194,0.578725576,-0.000488281366,-0.578725696,0.815522313,-8.7893568e-09,0.000398199249,0.000282588124,0.999999881],"scale":1,"type":"guardrail2_blue"}
{"ctxid":0,"pos":[-185.401932,-112.410789,119.555069],"rotationMatrix":[0.815519392,0.57872951,-0.00048828125,-0.57872963,0.815519512,-4.98985173e-08,0.000398173986,0.000282623514,0.999999881],"scale":1,"type":"guardrail2_blue"}
{"ctxid":0,"pos":[-185.401627,-112.410583,120.213646],"rotationMatrix":[0.815519333,0.57872963,-0.000488281308,-0.578729749,0.815519392,1.16415322e-08,0.00039820961,0.000282573426,0.999999881],"scale":1,"type":"guardrail2_blue"}
{"ctxid":0,"pos":[-185.401779,-112.41069,119.886414],"rotationMatrix":[0.815520346,0.578728139,-0.00059801992,-0.578728259,0.815520465,1.26892701e-08,0.000487704849,0.000346080662,0.999999821],"scale":1,"type":"guardrail2_blue"}
{"ctxid":0,"pos":[-178.877686,-107.781052,119.554695],"rotationMatrix":[0.815534949,0.578707516,0.000598019978,-0.578707635,0.815535069,1.46101229e-08,-0.000487697835,-0.000346090645,0.999999821],"scale":1,"type":"guardrail2_blue"}
{"ctxid":0,"pos":[-178.878021,-107.781296,120.213272],"rotationMatrix":[0.81553489,0.578707755,0.000488281308,-0.578707874,0.815534949,-1.10012479e-08,-0.000398216856,-0.00028256324,0.999999881],"scale":1,"type":"guardrail2_blue"}
{"ctxid":0,"pos":[-178.877853,-107.781166,119.886047],"rotationMatrix":[0.815534234,0.57870847,0.000690533954,-0.578708589,0.815534413,8.00355338e-10,-0.000563153706,-0.000399618584,0.999999762],"scale":1,"type":"guardrail2_blue"}
{"ctxid":0,"pos":[-172.353394,-103.151413,119.565475],"rotationMatrix":[0.815539002,0.578698933,0.00192236411,-0.578700006,0.815540493,-7.60774128e-08,-0.00156780984,-0.0011124101,0.999998152],"scale":1,"type":"guardrail2_blue"}
{"ctxid":0,"pos":[-172.354416,-103.152138,120.224045],"rotationMatrix":[0.815540314,0.578697026,0.001922364,-0.578698099,0.815541863,2.83471309e-08,-0.00156775198,-0.00111249159,0.999998152],"scale":1,"type":"guardrail2_blue"}
{"ctxid":0,"pos":[-172.353912,-103.151787,119.896828],"rotationMatrix":[0.815540314,0.578697026,0.00192236423,-0.578698099,0.815541863,-2.17114575e-08,-0.00156778109,-0.00111245085,0.999998152],"scale":1,"type":"guardrail2_blue"}
{"ctxid":0,"pos":[-165.829056,-98.5219116,119.582489],"rotationMatrix":[0.815554738,0.578675926,0.00215619034,-0.578677237,0.815556645,-1.84110831e-07,-0.00175860187,-0.00124758808,0.999997675],"scale":1,"type":"guardrail2_blue"}
{"ctxid":0,"pos":[-165.830231,-98.5227432,120.241066],"rotationMatrix":[0.815553725,0.578677237,0.00218365947,-0.578678668,0.815555692,8.53324309e-08,-0.00178084662,-0.0012637066,0.999997616],"scale":1,"type":"guardrail2_blue"}
{"ctxid":0,"pos":[-165.829636,-98.5223389,119.913841],"rotationMatrix":[0.815554976,0.578675449,0.002183659,-0.578676879,0.815556884,8.87666829e-08,-0.00178084674,-0.00126370532,0.999997616],"scale":1,"type":"guardrail2_blue"}
{"ctxid":0,"pos":[-159.304535,-93.8926086,119.596359],"rotationMatrix":[0.815583587,0.578638554,0.0009765625,-0.578638792,0.815583944,-3.71073838e-08,-0.000796490116,-0.000565046677,0.999999523],"scale":1,"type":"guardrail2_blue"}
{"ctxid":0,"pos":[-159.305038,-93.8929749,120.254936],"rotationMatrix":[0.815583885,0.578638077,0.000913490308,-0.578638315,0.815584242,-1.05064828e-08,-0.000745034427,-0.000528572011,0.999999583],"scale":1,"type":"guardrail2_blue"}
{"ctxid":0,"pos":[-159.304779,-93.8927917,119.927711],"rotationMatrix":[0.815583587,0.578638554,0.000913490425,-0.578638792,0.815583944,-3.49537004e-08,-0.000745048397,-0.000528552453,0.999999583],"scale":1,"type":"guardrail2_blue"}
{"ctxid":0,"pos":[-152.779572,-89.263916,119.595078],"rotationMatrix":[0.815673351,0.578511596,-0.00114512071,-0.578511953,0.815673888,-5.03205229e-08,0.00093401596,0.000662507024,0.999999344],"scale":1,"type":"guardrail2_blue"}
{"ctxid":0,"pos":[-152.778961,-89.2634811,120.253647],"rotationMatrix":[0.815675557,0.578508556,-0.00114512071,-0.578508914,0.815676093,-2.45345291e-08,0.000934033422,0.000662482576,0.999999344],"scale":1,"type":"guardrail2_blue"}
{"ctxid":0,"pos":[-152.779266,-89.2637024,119.926422],"rotationMatrix":[0.815672636,0.578512549,-0.00119603972,-0.578512907,0.815673232,5.51517587e-08,0.000975609466,0.000691879424,0.999999285],"scale":1,"type":"guardrail2_blue"}
{"ctxid":0,"pos":[844.891541,241.543869,161.45697],"rotationMatrix":[0.228116155,-0.973607838,-0.0071261744,0.973632514,0.228121996,-1.21574849e-05,0.00163747324,-0.0069355024,0.999974608],"scale":0.99999994,"type":"guardrail2_blue"}
{"ctxid":0,"pos":[844.892639,241.5392,162.11554],"rotationMatrix":[0.2281183,-0.973607242,-0.00713453442,0.973632038,0.228124201,-1.24748331e-05,0.00163970538,-0.00694356486,0.999974549],"scale":1,"type":"guardrail2_blue"}
{"ctxid":0,"pos":[844.89209,241.541519,161.78833],"rotationMatrix":[0.228118658,-0.973607242,-0.007117806,0.973631918,0.228124559,-1.2131175e-05,0.00163555681,-0.00692735612,0.999974668],"scale":1,"type":"guardrail2_blue"}
{"ctxid":0,"pos":[847.730957,234.14032,161.336731],"rotationMatrix":[0.557028413,-0.830492318,-0.00138101913,0.830493152,0.55702889,1.15719158e-05,0.00075965724,-0.00115337281,0.999999046],"scale":0.99999994,"type":"guardrail2_blue"}
{"ctxid":0,"pos":[847.732056,234.138672,161.9953],"rotationMatrix":[0.557045221,-0.830480993,-0.00138101866,0.830481827,0.557045758,1.16519514e-05,0.000759613933,-0.00115340156,0.999999046],"scale":1,"type":"guardrail2_blue"}
{"ctxid":0,"pos":[847.731506,234.139496,161.66806],"rotationMatrix":[0.557035327,-0.830487609,-0.00138101832,0.830488443,0.557035923,1.16702286e-05,0.000759584713,-0.00115342042,0.999999046],"scale":0.99999994,"type":"guardrail2_blue"}
{"ctxid":0,"pos":[852.195007,227.502045,161.26944],"rotationMatrix":[0.558109403,-0.829628646,-0.0151756136,0.829724133,0.558173656,-1.08825043e-06,0.00847153086,-0.0125909653,0.999884844],"scale":1,"type":"guardrail2_blue"}
{"ctxid":0,"pos":[852.200562,227.493774,161.927948],"rotationMatrix":[0.558108807,-0.829629004,-0.0151756108,0.82972461,0.55817306,8.03731382e-07,0.00846995041,-0.012592026,0.999884844],"scale":1,"type":"guardrail2_blue"}
{"ctxid":0,"pos":[852.197754,227.497879,161.600739],"rotationMatrix":[0.558108807,-0.829629004,-0.0151756089,0.829724491,0.55817312,-5.280599e-07,0.00847105496,-0.01259128,0.999884844],"scale":1,"type":"guardrail2_blue"}
{"ctxid":0,"pos":[856.659546,220.865417,161.118256],"rotationMatrix":[0.55804491,-0.829541266,-0.0211448353,0.829726756,0.558169723,-3.25962901e-08,0.0118024331,-0.0175444186,0.999776423],"scale":1,"type":"guardrail2_blue"}
{"ctxid":0,"pos":[856.667297,220.853882,161.776672],"rotationMatrix":[0.558043897,-0.829542279,-0.0211335607,0.82972765,0.55816853,7.26431608e-08,0.0117960284,-0.0175351389,0.999776661],"scale":1,"type":"guardrail2_blue"}
{"ctxid":0,"pos":[856.663452,220.859619,161.449524],"rotationMatrix":[0.558045447,-0.829540789,-0.0211504735,0.829726398,0.558170319,-4.11644578e-07,0.0118059069,-0.0175488759,0.999776304],"scale":1,"type":"guardrail2_blue"}
{"ctxid":0,"pos":[861.123901,214.228989,160.954254],"rotationMatrix":[0.558074355,-0.82960254,-0.0176822394,0.829732239,0.558161616,-1.93249434e-07,0.00986970682,-0.0146714151,0.999843657],"scale":1,"type":"guardrail2_blue"}
{"ctxid":0,"pos":[861.130127,214.219757,161.612732],"rotationMatrix":[0.558074296,-0.82960242,-0.0176889766,0.829732239,0.558161616,-5.28991222e-07,0.00987374596,-0.0146768186,0.999843538],"scale":1,"type":"guardrail2_blue"}
{"ctxid":0,"pos":[861.127075,214.224335,161.285553],"rotationMatrix":[0.558073163,-0.829603314,-0.0176822357,0.829733014,0.558160424,-5.57396561e-07,0.00986998715,-0.0146712251,0.999843657],"scale":1,"type":"guardrail2_blue"}
{"ctxid":0,"pos":[865.589111,207.591415,160.911591],"rotationMatrix":[0.558167219,-0.829718769,0.00402646232,0.829725444,0.558171749,-4.19095159e-09,-0.0022474539,0.0033408606,0.999991894],"scale":1,"type":"guardrail2_blue"}
{"ctxid":0,"pos":[865.587646,207.593567,161.57016],"rotationMatrix":[0.558166146,-0.829719424,0.00402646232,0.8297261,0.558170676,-2.49128789e-08,-0.00224743248,0.0033408748,0.999991894],"scale":1,"type":"guardrail2_blue"}
{"ctxid":0,"pos":[865.588379,207.592499,161.24295],"rotationMatrix":[0.558168173,-0.829718113,0.00402646139,0.829724789,0.558172703,6.68223947e-08,-0.0022475163,0.00334081776,0.999991894],"scale":0.99999994,"type":"guardrail2_blue"}
{"ctxid":0,"pos":[870.057739,200.956436,160.993042],"rotationMatrix":[0.560264826,-0.828028381,0.0217340831,0.828224003,0.560397148,-1.01234764e-06,-0.0121788811,0.0180012584,0.999763787],"scale":1,"type":"guardrail2_blue"}
{"ctxid":0,"pos":[870.049744,200.968201,161.651459],"rotationMatrix":[0.560252666,-0.828036427,0.0217423104,0.828232169,0.560385108,-8.58679414e-07,-0.0121833561,0.0180081632,0.999763608],"scale":1,"type":"guardrail2_blue"}
{"ctxid":0,"pos":[870.053711,200.962357,161.32431],"rotationMatrix":[0.560260057,-0.8280316,0.0217340924,0.828227222,0.56039238,-4.71249223e-07,-0.0121792294,0.0180010311,0.999763787],"scale":1,"type":"guardrail2_blue"}
{"ctxid":0,"pos":[874.5578,194.346893,161.240997],"rotationMatrix":[0.56406194,-0.82511586,0.0319065303,0.825536191,0.564349174,-3.55392694e-06,-0.0180034917,0.0263419989,0.999490857],"scale":0.99999994,"type":"guardrail2_blue"}
{"ctxid":0,"pos":[874.546143,194.363998,161.899261],"rotationMatrix":[0.564058304,-0.825118482,0.0319027901,0.825538695,0.564345479,-2.02469528e-06,-0.0180025268,0.0263381321,0.999490976],"scale":1,"type":"guardrail2_blue"}
{"ctxid":0,"pos":[874.551941,194.355499,161.572205],"rotationMatrix":[0.564060688,-0.825116873,0.0319009311,0.825537086,0.564347863,-2.68127769e-06,-0.0180010088,0.0263369158,0.999491036],"scale":1,"type":"guardrail2_blue"}
{"ctxid":0,"pos":[879.059143,187.736603,161.442596],"rotationMatrix":[0.5592435,-0.82845521,0.0301437378,0.828831911,0.559497714,-2.41398811e-06,-0.0168633536,0.0249854419,0.999545574],"scale":1,"type":"guardrail2_blue"}
{"ctxid":0,"pos":[879.048096,187.752975,162.100861],"rotationMatrix":[0.559272766,-0.828435481,0.0301437415,0.828812182,0.55952692,-3.47010791e-06,-0.016863361,0.0249854401,0.999545574],"scale":1,"type":"guardrail2_blue"}
{"ctxid":0,"pos":[879.053589,187.744843,161.773773],"rotationMatrix":[0.559258401,-0.828445315,0.0301378053,0.828821898,0.559512496,-2.97371298e-06,-0.0168600138,0.0249805376,0.999545753],"scale":1,"type":"guardrail2_blue"}
{"ctxid":0,"pos":[883.475342,181.070694,161.687347],"rotationMatrix":[0.543699026,-0.838943064,0.0237891972,0.839180529,0.543852925,-1.62981451e-07,-0.0129376883,0.0199635178,0.999716997],"scale":1,"type":"guardrail2_blue"}
{"ctxid":0,"pos":[883.466858,181.083786,162.345734],"rotationMatrix":[0.543736577,-0.838918865,0.0237841755,0.83915621,0.543890357,-1.23679638e-06,-0.0129349455,0.0199593138,0.999717116],"scale":0.99999994,"type":"guardrail2_blue"}
{"ctxid":0,"pos":[883.471069,181.077286,162.018616],"rotationMatrix":[0.543718815,-0.83893013,0.0237942021,0.839167714,0.543872774,-1.33179128e-06,-0.012939902,0.0199680496,0.999716878],"scale":0.99999994,"type":"guardrail2_blue"}
{"ctxid":0,"pos":[887.751404,174.31041,161.776276],"rotationMatrix":[0.525550961,-0.850739598,0.00618593721,0.85075593,0.525561094,2.39349902e-07,-0.00325129135,0.00526259653,0.999980867],"scale":1,"type":"guardrail2_blue"}
{"ctxid":0,"pos":[887.749207,174.313965,162.434845],"rotationMatrix":[0.525559664,-0.850734234,0.0061859386,0.850750566,0.525569797,1.91386789e-07,-0.00325130578,0.00526258955,0.999980867],"scale":1,"type":"guardrail2_blue"}
{"ctxid":0,"pos":[887.750305,174.312195,162.107635],"rotationMatrix":[0.525555491,-0.850736797,0.00618593767,0.850753129,0.525565505,1.78813934e-07,-0.0032512676,0.0052626119,0.999980867],"scale":1,"type":"guardrail2_blue"}
{"ctxid":0,"pos":[891.881287,167.459534,161.828033],"rotationMatrix":[0.502880573,-0.864326715,-0.00710104872,0.864348531,0.502893329,-3.40864062e-07,0.0035713641,-0.00613760948,0.999974787],"scale":1,"type":"guardrail2_blue"}
{"ctxid":0,"pos":[891.883545,167.455643,162.486572],"rotationMatrix":[0.502861857,-0.864337623,-0.0071094376,0.864359438,0.502874494,-5.27361408e-07,0.00357561139,-0.006144844,0.999974728],"scale":1,"type":"guardrail2_blue"}
{"ctxid":0,"pos":[891.882446,167.457581,162.159363],"rotationMatrix":[0.502872109,-0.864331663,-0.00710104965,0.864353478,0.502884865,-4.04193997e-07,0.00357135967,-0.00613761274,0.999974787],"scale":1,"type":"guardrail2_blue"}
