{"ctxid":0,"pos":[-309.312195,-280.457092,120.566521],"rotationMatrix":[-0.0670571327,0.996606529,-0.0477365479,-0.997740805,-0.0671750307,-0.000868165866,-0.00407191925,0.0475704819,0.998859584],"scale":1,"type":"guardrail2_white"}
{"ctxid":0,"pos":[-309.31485,-280.42627,121.224373],"rotationMatrix":[-0.0689716339,0.996475756,-0.04773812,-0.997610271,-0.0690873861,-0.000776750967,-0.00407210924,0.047570467,0.998859584],"scale":0.99999994,"type":"guardrail2_white"}
{"ctxid":0,"pos":[-309.313538,-280.441589,120.897507],"rotationMatrix":[-0.0680202246,0.996541262,-0.0477360785,-0.997675657,-0.0681370497,-0.000822847709,-0.00407259725,0.0475691557,0.998859644],"scale":0.99999994,"type":"guardrail2_white"}
{"ctxid":0,"pos":[-311.02063,-272.647949,120.39563],"rotationMatrix":[-0.232300758,0.972271562,-0.0269173235,-0.972623944,-0.23238492,-1.21071935e-08,-0.00625519082,0.0261804312,0.999637663],"scale":1,"type":"guardrail2_white"}
{"ctxid":0,"pos":[-311.024658,-272.631104,121.053978],"rotationMatrix":[-0.232299924,0.972271681,-0.0269151032,-0.972624063,-0.232384205,2.14204192e-08,-0.00625462458,0.0261782818,0.999637723],"scale":0.99999994,"type":"guardrail2_white"}
{"ctxid":0,"pos":[-311.022675,-272.639465,120.72686],"rotationMatrix":[-0.232300282,0.972271621,-0.0269150976,-0.972624004,-0.232384562,0,-0.00625465252,0.0261782706,0.999637723],"scale":0.99999994,"type":"guardrail2_white"}
{"ctxid":0,"pos":[-312.878754,-264.870972,120.14061],"rotationMatrix":[-0.232250452,0.97206074,-0.0340262093,-0.972624004,-0.232385039,2.08616257e-07,-0.00790697709,0.0330947526,0.999420941],"scale":0.999999881,"type":"guardrail2_white"}
{"ctxid":0,"pos":[-312.883942,-264.849182,120.798813],"rotationMatrix":[-0.232250214,0.97206068,-0.0340279564,-0.972623944,-0.232384682,1.95577741e-07,-0.0079073878,0.0330964476,0.999420881],"scale":1,"type":"guardrail2_white"}
{"ctxid":0,"pos":[-312.881348,-264.859985,120.471764],"rotationMatrix":[-0.23225069,0.97206068,-0.0340244547,-0.972623825,-0.232385278,-3.91155481e-08,-0.00790681876,0.0330929831,0.999421],"scale":0.999999881,"type":"guardrail2_white"}
{"ctxid":0,"pos":[-314.748627,-257.096619,119.891617],"rotationMatrix":[-0.237794399,0.971010625,-0.0243364554,-0.971298277,-0.237864733,3.57814133e-06,-0.00578530878,0.0236388091,0.999703825],"scale":1,"type":"guardrail2_white"}
{"ctxid":0,"pos":[-314.752472,-257.080994,120.550003],"rotationMatrix":[-0.237807631,0.971007347,-0.0243340097,-0.971294999,-0.237877965,3.79513949e-06,-0.00578484312,0.0236364044,0.999703884],"scale":1,"type":"guardrail2_white"}
{"ctxid":0,"pos":[-314.750549,-257.088745,120.222862],"rotationMatrix":[-0.237800717,0.971009195,-0.0243315641,-0.971296728,-0.237871051,3.54275107e-06,-0.00578433461,0.0236340109,0.999703944],"scale":0.99999994,"type":"guardrail2_white"}
{"ctxid":0,"pos":[-316.647217,-249.326614,119.746628],"rotationMatrix":[-0.233772159,0.972199976,-0.0133361276,-0.972286403,-0.233792901,1.15903094e-06,-0.00311676553,0.0129668079,0.99991107],"scale":0.99999994,"type":"guardrail2_white"}
{"ctxid":0,"pos":[-316.649261,-249.318054,120.405151],"rotationMatrix":[-0.233757138,0.972203612,-0.0133361313,-0.972290039,-0.233777881,1.09244138e-06,-0.00311663048,0.0129668424,0.99991107],"scale":0.99999994,"type":"guardrail2_white"}
{"ctxid":0,"pos":[-316.648254,-249.322311,120.077942],"rotationMatrix":[-0.233765602,0.972201526,-0.0133361295,-0.972287953,-0.233786345,1.09011307e-06,-0.00311674597,0.0129668135,0.99991107],"scale":1,"type":"guardrail2_white"}
{"ctxid":0,"pos":[-318.440552,-241.530899,119.660789],"rotationMatrix":[-0.21182251,0.977274895,-0.00805287529,-0.977306604,-0.211829424,6.3655898e-07,-0.00170521415,0.00787026435,0.999967575],"scale":0.99999994,"type":"guardrail2_white"}
{"ctxid":0,"pos":[-318.44165,-241.525818,120.319351],"rotationMatrix":[-0.211802006,0.977279425,-0.00805287622,-0.977311134,-0.21180892,5.75557351e-07,-0.00170510774,0.0078702867,0.999967575],"scale":1,"type":"guardrail2_white"}
{"ctxid":0,"pos":[-318.441101,-241.528336,119.992126],"rotationMatrix":[-0.211812854,0.97727704,-0.00805287529,-0.97730875,-0.211819768,8.40052962e-07,-0.00170493708,0.00787032302,0.999967575],"scale":0.99999994,"type":"guardrail2_white"}
{"ctxid":0,"pos":[-319.980438,-233.681335,119.639191],"rotationMatrix":[-0.169222474,0.985577226,0.00109182985,-0.985577822,-0.169222593,-1.89640559e-07,0.000184575358,-0.00107611541,0.999999404],"scale":0.99999994,"type":"guardrail2_white"}
{"ctxid":0,"pos":[-319.980316,-233.682037,120.297775],"rotationMatrix":[-0.169227242,0.985576451,0.00109182997,-0.985577047,-0.169227362,-2.18162313e-07,0.000184552511,-0.00107611949,0.999999404],"scale":0.99999994,"type":"guardrail2_white"}
{"ctxid":0,"pos":[-319.980377,-233.681686,119.970551],"rotationMatrix":[-0.169223905,0.985577047,0.0010918302,-0.985577643,-0.169224024,-2.15601176e-07,0.000184551405,-0.00107611984,0.999999404],"scale":1,"type":"guardrail2_white"}
{"ctxid":0,"pos":[-321.050873,-225.755798,119.649628],"rotationMatrix":[-0.0904135704,0.995904148,-0.000488281192,-0.995904267,-0.0904136896,1.97251211e-07,-4.3950844e-05,0.000486299163,0.999999881],"scale":1,"type":"guardrail2_white"}
{"ctxid":0,"pos":[-321.050903,-225.755356,120.308212],"rotationMatrix":[-0.0904065371,0.995904744,-0.000598019804,-0.995904863,-0.0904065371,2.23983079e-07,-5.38418244e-05,0.000595591147,0.999999821],"scale":0.999999881,"type":"guardrail2_white"}
{"ctxid":0,"pos":[-321.050903,-225.755569,119.98098],"rotationMatrix":[-0.0904105902,0.995904386,-0.00059801992,-0.995904505,-0.0904105902,2.26369593e-07,-5.38418826e-05,0.000595591206,0.999999821],"scale":0.99999994,"type":"guardrail2_white"}
{"ctxid":0,"pos":[-321.327667,-217.765564,119.637703],"rotationMatrix":[0.0224589109,0.999747634,-0.000488281308,-0.999747753,0.0224589109,6.557093e-08,1.10318215e-05,0.000488156657,0.999999881],"scale":1.00000012,"type":"guardrail2_white"}
{"ctxid":0,"pos":[-321.327667,-217.765305,120.29628],"rotationMatrix":[0.0224637389,0.999747574,-0.000488281308,-0.999747694,0.0224637389,8.53469828e-08,1.10539841e-05,0.000488156162,0.999999881],"scale":1.00000012,"type":"guardrail2_white"}
{"ctxid":0,"pos":[-321.327667,-217.765427,119.969055],"rotationMatrix":[0.0224624276,0.999747634,-0.000345266977,-0.999747634,0.0224624872,6.07833499e-08,7.81629933e-06,0.000345178472,0.99999994],"scale":0.99999994,"type":"guardrail2_white"}
{"ctxid":0,"pos":[-320.614166,-209.80513,119.632095],"rotationMatrix":[0.160672605,0.987005651,-0.00204262557,-0.987007678,0.160672903,2.25263648e-07,0.000328417053,0.00201605121,0.999997914],"scale":0.99999994,"type":"guardrail2_white"}
{"ctxid":0,"pos":[-320.613922,-209.803772,120.290665],"rotationMatrix":[0.160697699,0.987001479,-0.00207160041,-0.987003624,0.160698056,8.20728019e-08,0.000332983211,0.00204466376,0.999997854],"scale":1,"type":"guardrail2_white"}
{"ctxid":0,"pos":[-320.614044,-209.804443,119.96344],"rotationMatrix":[0.160686374,0.987003386,-0.00204262557,-0.987005413,0.160686672,1.94879249e-07,0.000328414957,0.00201605144,0.999997914],"scale":0.99999994,"type":"guardrail2_white"}
{"ctxid":0,"pos":[-318.690857,-202.05127,119.612091],"rotationMatrix":[0.322994649,0.946399927,-0.00133721321,-0.946400762,0.322994947,-7.11297616e-08,0.000431845838,0.00126556237,0.999999106],"scale":1,"type":"guardrail2_white"}
{"ctxid":0,"pos":[-318.690582,-202.050446,120.270676],"rotationMatrix":[0.323013783,0.946393311,-0.00133721309,-0.946394145,0.323014081,-4.54019755e-08,0.000431895693,0.00126554538,0.999999106],"scale":1,"type":"guardrail2_white"}
{"ctxid":0,"pos":[-318.690735,-202.050858,119.943451],"rotationMatrix":[0.323004901,0.946396351,-0.00133721309,-0.946397185,0.323005199,-3.4167897e-08,0.000431894412,0.00126554584,0.999999106],"scale":1,"type":"guardrail2_white"}
{"ctxid":0,"pos":[-315.434479,-194.758621,119.612724],"rotationMatrix":[0.489995718,0.871723831,0.00133721274,-0.871724665,0.489996135,1.1845259e-07,-0.000655125827,-0.00116573926,0.999999106],"scale":1,"type":"guardrail2_white"}
{"ctxid":0,"pos":[-315.434906,-194.759369,120.271301],"rotationMatrix":[0.489976823,0.87173444,0.00133721298,-0.871735275,0.489977241,2.97441147e-08,-0.000655177981,-0.00116571016,0.999999106],"scale":1,"type":"guardrail2_white"}
{"ctxid":0,"pos":[-315.434692,-194.758987,119.944077],"rotationMatrix":[0.489986777,0.871728778,0.00133721298,-0.871729612,0.489987195,9.8196324e-08,-0.000655131647,-0.00116573623,0.999999106],"scale":1,"type":"guardrail2_white"}
{"ctxid":0,"pos":[-310.965973,-188.134491,119.621231],"rotationMatrix":[0.622014165,0.783005893,-0.000345266948,-0.783005893,0.622014225,8.93342076e-08,0.000214830899,0.000270290533,0.99999994],"scale":1,"type":"guardrail2_white"}
{"ctxid":0,"pos":[-310.965912,-188.134445,120.279816],"rotationMatrix":[0.622014582,0.783005655,0,-0.783005655,0.622014582,0,0,0,1],"scale":1,"type":"guardrail2_white"}
{"ctxid":0,"pos":[-310.965942,-188.134476,119.952583],"rotationMatrix":[0.622013569,0.78300643,-0.000345267006,-0.78300643,0.622013688,7.50733307e-08,0.000214819564,0.000270299555,0.99999994],"scale":1,"type":"guardrail2_white"}
{"ctxid":0,"pos":[-305.468628,-182.339096,119.616852],"rotationMatrix":[0.747359455,0.664419949,0,-0.664419949,0.747359455,0,0,0,1],"scale":1,"type":"guardrail2_white"}
{"ctxid":0,"pos":[-305.468445,-182.338959,120.275429],"rotationMatrix":[0.747362554,0.664416373,-0.000345266948,-0.664416373,0.747362614,-1.78755727e-07,0.000257920823,0.000229534606,0.99999994],"scale":1,"type":"guardrail2_white"}
{"ctxid":0,"pos":[-305.468536,-182.339035,119.948196],"rotationMatrix":[0.747359872,0.664419353,-0.000345267006,-0.664419353,0.747359991,-1.78995833e-07,0.000257919775,0.000229535857,0.99999994],"scale":1,"type":"guardrail2_white"}
{"ctxid":0,"pos":[-299.206787,-177.36586,119.605576],"rotationMatrix":[0.805180192,0.593027234,-0.00189110404,-0.593028307,0.805181623,-1.00483885e-06,0.00152208633,0.00112228724,0.999998212],"scale":1,"type":"guardrail2_white"}
{"ctxid":0,"pos":[-299.205811,-177.365158,120.264145],"rotationMatrix":[0.805182576,0.593023956,-0.00189110392,-0.593025029,0.805184007,-1.06875086e-06,0.00152205292,0.00112233241,0.999998212],"scale":1,"type":"guardrail2_white"}
{"ctxid":0,"pos":[-299.206299,-177.365494,119.93692],"rotationMatrix":[0.805181265,0.593025863,-0.00185931893,-0.593026936,0.805182636,-9.92091373e-07,0.0014965029,0.00110342493,0.999998271],"scale":1,"type":"guardrail2_white"}
{"ctxid":0,"pos":[-292.753021,-172.638443,119.602066],"rotationMatrix":[0.804701865,0.59367907,0.000345266977,-0.59367907,0.804701924,-4.49144864e-08,-0.00027786367,-0.000204941636,0.99999994],"scale":1,"type":"guardrail2_white"}
{"ctxid":0,"pos":[-292.753174,-172.638565,120.260643],"rotationMatrix":[0.80470258,0.593678117,0.000345267006,-0.593678117,0.80470264,-4.45070327e-08,-0.000277863699,-0.000204941665,0.99999994],"scale":1,"type":"guardrail2_white"}
{"ctxid":0,"pos":[-292.753113,-172.638504,119.933418],"rotationMatrix":[0.804703712,0.593676567,0,-0.593676567,0.804703712,0,0,0,1],"scale":1,"type":"guardrail2_white"}
{"ctxid":0,"pos":[-286.299316,-167.910995,119.589584],"rotationMatrix":[0.807910383,0.589300156,-0.002489754,-0.589301944,0.807912886,-9.90112312e-08,0.00201144582,0.00146729685,0.999996901],"scale":1,"type":"guardrail2_white"}
{"ctxid":0,"pos":[-286.298004,-167.910034,120.248154],"rotationMatrix":[0.807909966,0.589300752,-0.00248975353,-0.58930254,0.807912469,-3.30037437e-08,0.00201148354,0.0014672447,0.999996901],"scale":1,"type":"guardrail2_white"}
{"ctxid":0,"pos":[-286.298676,-167.910507,119.920929],"rotationMatrix":[0.807910979,0.589299381,-0.0024656977,-0.589301169,0.807913423,-3.48081812e-08,0.00199204986,0.00145306671,0.99999696],"scale":1,"type":"guardrail2_white"}
{"ctxid":0,"pos":[-279.832001,-163.202087,119.577957],"rotationMatrix":[0.808779657,0.588111401,0.000690533954,-0.58811152,0.808779836,1.07975211e-08,-0.000558483589,-0.000406119711,0.999999762],"scale":1,"type":"guardrail2_white"}
{"ctxid":0,"pos":[-279.832275,-163.202286,120.236534],"rotationMatrix":[0.808780551,0.588110268,0.00059801992,-0.588110387,0.80878067,4.42378223e-09,-0.000483664335,-0.000351705297,0.999999821],"scale":1,"type":"guardrail2_white"}
{"ctxid":0,"pos":[-279.832153,-163.202194,119.909302],"rotationMatrix":[0.808782518,0.588107526,0.000598020095,-0.588107646,0.808782637,6.91215973e-09,-0.000483664189,-0.000351705821,0.999999821],"scale":1,"type":"guardrail2_white"}
{"ctxid":0,"pos":[-273.360291,-158.499207,119.584625],"rotationMatrix":[0.80908525,0.587691247,0,-0.587691247,0.80908525,0,0,0,1],"scale":1,"type":"guardrail2_white"}
{"ctxid":0,"pos":[-273.360382,-158.499268,120.243202],"rotationMatrix":[0.809086442,0.587689698,0,-0.587689698,0.809086442,0,0,0,1],"scale":1,"type":"guardrail2_white"}
{"ctxid":0,"pos":[-273.360352,-158.499222,119.91597],"rotationMatrix":[0.809086263,0.587689877,0,-0.587689877,0.809086263,0,0,0,1],"scale":1,"type":"guardrail2_white"}
{"ctxid":0,"pos":[-266.887451,-153.797913,119.581924],"rotationMatrix":[0.809086323,0.587687612,0.00161944528,-0.587688327,0.809087396,-1.73167791e-08,-0.00131028297,-0.000951715047,0.999998689],"scale":0.99999994,"type":"guardrail2_white"}
{"ctxid":0,"pos":[-266.888275,-153.798508,120.240501],"rotationMatrix":[0.809085608,0.587688565,0.00161944516,-0.587689281,0.80908668,-1.92085281e-08,-0.00131028285,-0.000951715047,0.999998689],"scale":0.99999994,"type":"guardrail2_white"}
{"ctxid":0,"pos":[-266.887848,-153.798218,119.913269],"rotationMatrix":[0.80908674,0.587687075,0.00161944481,-0.58768779,0.809087813,-1.61526259e-08,-0.0013102825,-0.000951714814,0.999998689],"scale":1,"type":"guardrail2_white"}
{"ctxid":0,"pos":[-260.415771,-149.094986,119.597733],"rotationMatrix":[0.808774233,0.588119209,0.000345267123,-0.588119209,0.808774233,-7.29778549e-09,-0.00027924747,-0.000203052332,0.99999994],"scale":1,"type":"guardrail2_white"}
{"ctxid":0,"pos":[-260.415924,-149.095123,120.25631],"rotationMatrix":[0.808773041,0.588120759,0.000345267035,-0.588120759,0.8087731,4.59112925e-09,-0.00027923999,-0.000203062431,0.99999994],"scale":1,"type":"guardrail2_white"}
{"ctxid":0,"pos":[-260.415863,-149.095062,119.929077],"rotationMatrix":[0.808773279,0.588120282,0.000488281308,-0.588120401,0.808773398,-5.90807758e-09,-0.000394912378,-0.000287163421,0.999999881],"scale":1,"type":"guardrail2_white"}
{"ctxid":0,"pos":[-253.948547,-144.386002,119.574493],"rotationMatrix":[0.80790019,0.589319348,0,-0.589319348,0.80790019,0,0,0,1],"scale":1,"type":"guardrail2_white"}
{"ctxid":0,"pos":[-253.948395,-144.385895,120.233078],"rotationMatrix":[0.807898521,0.589321613,0,-0.589321613,0.807898521,0,0,0,1],"scale":1,"type":"guardrail2_white"}
{"ctxid":0,"pos":[-253.948456,-144.385941,119.905853],"rotationMatrix":[0.807899237,0.5893206,0,-0.5893206,0.807899237,0,0,0,1],"scale":1,"type":"guardrail2_white"}
{"ctxid":0,"pos":[-247.495102,-139.658035,119.576035],"rotationMatrix":[0.80456841,0.593789697,-0.00913480949,-0.593814492,0.804601967,-2.3865141e-07,0.00734974397,0.00542457402,0.999958277],"scale":1,"type":"guardrail2_white"}
{"ctxid":0,"pos":[-247.48999,-139.654266,120.234573],"rotationMatrix":[0.804564357,0.593795061,-0.00914785266,-0.593819857,0.804598033,-1.23400241e-08,0.00736033684,0.00543218665,0.999958158],"scale":1,"type":"guardrail2_white"}
{"ctxid":0,"pos":[-247.492523,-139.656143,119.907364],"rotationMatrix":[0.804565012,0.593794346,-0.00913481042,-0.593819141,0.80459857,-5.13391569e-07,0.00734955072,0.00542483758,0.999958277],"scale":1,"type":"guardrail2_white"}
{"ctxid":0,"pos":[-296.116882,-197.583817,119.35714],"rotationMatrix":[0.654200912,0.756319702,0.00129187049,-0.756320298,0.654201508,7.84639269e-08,-0.000845084258,-0.000977119198,0.999999166],"scale":0.99999994,"type":"guardrail2_white"}
{"ctxid":0,"pos":[-296.117432,-197.584457,120.015717],"rotationMatrix":[0.654195547,0.756324351,0.00129187049,-0.756324947,0.654196084,7.11879693e-08,-0.000845082744,-0.000977120362,0.999999166],"scale":1,"type":"guardrail2_white"}
{"ctxid":0,"pos":[-296.117157,-197.584137,119.688499],"rotationMatrix":[0.654197872,0.756322384,0.00129187037,-0.75632298,0.654198408,7.1071554e-08,-0.000845085829,-0.000977117801,0.999999166],"scale":1,"type":"guardrail2_white"}
{"ctxid":0,"pos":[-290.723389,-191.676788,119.37188],"rotationMatrix":[0.692355394,0.721554279,0.00185931893,-0.721555471,0.692356586,1.5005935e-07,-0.00128720328,-0.00134170579,0.999998271],"scale":1,"type":"guardrail2_white"}
{"ctxid":0,"pos":[-290.724243,-191.677673,120.030457],"rotationMatrix":[0.692350388,0.721559107,0.00182698085,-0.721560299,0.69235158,1.20722689e-07,-0.00126482593,-0.00131836045,0.999998331],"scale":1,"type":"guardrail2_white"}
{"ctxid":0,"pos":[-290.723816,-191.677231,119.703232],"rotationMatrix":[0.692353189,0.721556485,0.00182698038,-0.721557677,0.692354321,1.40396878e-07,-0.00126481638,-0.00131836894,0.999998331],"scale":1,"type":"guardrail2_white"}
{"ctxid":0,"pos":[-285.075134,-186.012085,119.386803],"rotationMatrix":[0.717554986,0.696499288,0.0018911045,-0.69650048,0.717556298,1.93656888e-07,-0.00135683897,-0.00131729408,0.999998212],"scale":1,"type":"guardrail2_white"}
{"ctxid":0,"pos":[-285.076019,-186.01297,120.045372],"rotationMatrix":[0.717551768,0.696502447,0.00195312453,-0.696503758,0.717553139,1.74797606e-07,-0.00140134874,-0.00136048393,0.999998093],"scale":1,"type":"guardrail2_white"}
{"ctxid":0,"pos":[-285.075592,-186.012527,119.718147],"rotationMatrix":[0.717552781,0.696501434,0.00192236446,-0.696502745,0.717554092,1.99303031e-07,-0.00137926184,-0.00133907516,0.999998152],"scale":1,"type":"guardrail2_white"}
{"ctxid":0,"pos":[-279.248138,-180.53186,119.400841],"rotationMatrix":[0.748459995,0.663178325,0.00146484317,-0.66317904,0.74846077,7.36501534e-07,-0.00109588925,-0.000972004549,0.999998927],"scale":1,"type":"guardrail2_white"}
{"ctxid":0,"pos":[-279.248871,-180.532516,120.059418],"rotationMatrix":[0.748453975,0.66318506,0.0014648434,-0.663185775,0.748454809,7.17118382e-07,-0.00109589344,-0.000972000125,0.999998927],"scale":1,"type":"guardrail2_white"}
{"ctxid":0,"pos":[-279.248505,-180.532181,119.732193],"rotationMatrix":[0.748457015,0.663181722,0.0014648434,-0.663182437,0.748457789,7.22851837e-07,-0.00109589414,-0.000971999369,0.999998927],"scale":0.99999994,"type":"guardrail2_white"}
{"ctxid":0,"pos":[-273.127106,-175.382095,119.413826],"rotationMatrix":[0.777442455,0.628951073,0.00195312419,-0.628952265,0.777443886,1.85566023e-07,-0.00151832786,-0.00122856617,0.999998093],"scale":1,"type":"guardrail2_white"}
{"ctxid":0,"pos":[-273.128143,-175.382919,120.072411],"rotationMatrix":[0.777439296,0.628954947,0.00195312384,-0.628956139,0.777440786,1.75728928e-07,-0.00151832751,-0.00122856582,0.999998093],"scale":1,"type":"guardrail2_white"}
{"ctxid":0,"pos":[-273.127625,-175.382507,119.745186],"rotationMatrix":[0.777440667,0.628953278,0.00195312395,-0.62895447,0.777442098,1.93424057e-07,-0.00151831924,-0.00122857653,0.999998093],"scale":1,"type":"guardrail2_white"}
{"ctxid":0,"pos":[-266.845764,-170.428253,119.435265],"rotationMatrix":[0.791945934,0.610581875,0.00338290748,-0.610585332,0.791950464,9.90694389e-08,-0.00267903483,-0.00206563203,0.999994278],"scale":1,"type":"guardrail2_white"}
{"ctxid":0,"pos":[-266.847504,-170.429611,120.093834],"rotationMatrix":[0.791942596,0.610586226,0.00338290702,-0.610589683,0.791947126,2.80560926e-08,-0.0026790665,-0.00206559012,0.999994278],"scale":1,"type":"guardrail2_white"}
{"ctxid":0,"pos":[-266.846649,-170.42894,119.766609],"rotationMatrix":[0.791944683,0.610583544,0.00336524192,-0.610587001,0.791949153,6.15837052e-08,-0.0026650629,-0.0020548217,0.999994338],"scale":1,"type":"guardrail2_white"}
{"ctxid":0,"pos":[-260.463562,-165.604935,119.463875],"rotationMatrix":[0.803616345,0.595137537,0.00346988533,-0.595141113,0.803621173,-1.58208422e-07,-0.00278856745,-0.00206494471,0.99999398],"scale":1,"type":"guardrail2_white"}
{"ctxid":0,"pos":[-260.465393,-165.606277,120.122452],"rotationMatrix":[0.803612947,0.595142245,0.00345266471,-0.595145822,0.803617775,-1.7718412e-07,-0.002774728,-0.00205469644,0.99999404],"scale":1,"type":"guardrail2_white"}
{"ctxid":0,"pos":[-260.464478,-165.605606,119.795219],"rotationMatrix":[0.803614378,0.595140338,0.00345266447,-0.595143914,0.803619146,-1.93016604e-07,-0.0027747422,-0.00205467688,0.99999404],"scale":1,"type":"guardrail2_white"}
{"ctxid":0,"pos":[-253.978699,-160.92067,119.481758],"rotationMatrix":[0.816444337,0.577423632,0.000772040279,-0.577423751,0.816444576,1.65164238e-08,-0.000630318595,-0.000445807935,0.999999702],"scale":1,"type":"guardrail2_white"}
{"ctxid":0,"pos":[-253.979141,-160.920975,120.140335],"rotationMatrix":[0.816444039,0.57742393,0.00084572786,-0.577424169,0.816444337,3.42552084e-08,-0.000690469868,-0.000488371705,0.999999642],"scale":1,"type":"guardrail2_white"}
{"ctxid":0,"pos":[-253.978912,-160.920822,119.81311],"rotationMatrix":[0.816443801,0.577424407,0.000772040396,-0.577424526,0.816444039,3.08500603e-08,-0.00063030998,-0.000445820275,0.999999702],"scale":1,"type":"guardrail2_white"}
{"ctxid":0,"pos":[-247.444901,-156.304443,119.494087],"rotationMatrix":[0.816873908,0.576810479,0.00258373935,-0.576812387,0.81687665,-4.54019755e-09,-0.00211059907,-0.00149032916,0.999996662],"scale":1,"type":"guardrail2_white"}
{"ctxid":0,"pos":[-247.446289,-156.305435,120.152657],"rotationMatrix":[0.816874683,0.576809287,0.00260670646,-0.576811194,0.816877484,-3.48663889e-08,-0.00212937989,-0.00150354905,0.999996603],"scale":1,"type":"guardrail2_white"}
{"ctxid":0,"pos":[-247.445602,-156.304947,119.825432],"rotationMatrix":[0.816874683,0.576809287,0.00260670646,-0.576811194,0.816877484,-3.64379957e-08,-0.00212938082,-0.00150354789,0.999996603],"scale":1,"type":"guardrail2_white"}
{"ctxid":0,"pos":[-240.909424,-151.690613,119.507561],"rotationMatrix":[0.816974819,0.576673031,0.000598020095,-0.57667315,0.816974938,3.39059625e-09,-0.000488565478,-0.000344864908,0.999999821],"scale":1,"type":"guardrail2_white"}
{"ctxid":0,"pos":[-240.909729,-151.690826,120.166153],"rotationMatrix":[0.816974461,0.576673627,0.000488281308,-0.576673746,0.81697458,-3.69618647e-09,-0.000398915523,-0.000281575951,0.999999881],"scale":1,"type":"guardrail2_white"}
{"ctxid":0,"pos":[-240.909576,-151.69072,119.838921],"rotationMatrix":[0.816974401,0.576673567,0.000598020153,-0.576673687,0.81697458,8.55652615e-09,-0.000488562277,-0.000344869477,0.999999821],"scale":1,"type":"guardrail2_white"}
{"ctxid":0,"pos":[-234.373474,-147.077423,119.50721],"rotationMatrix":[0.817000747,0.576636374,-0.000488281221,-0.576636493,0.817000806,-6.62112143e-09,0.000398922333,0.000281566172,0.999999881],"scale":1,"type":"guardrail2_white"}
{"ctxid":0,"pos":[-234.37326,-147.077271,120.165802],"rotationMatrix":[0.817000628,0.576636672,-0.000343310094,-0.576636672,0.817000687,3.67082393e-05,0.000301651919,0.000167974547,0.99999994],"scale":1,"type":"guardrail2_white"}
{"ctxid":0,"pos":[-234.373367,-147.077362,119.83857],"rotationMatrix":[0.817000628,0.576636672,-0.000345267006,-0.576636672,0.817000687,-2.40106601e-10,0.000282083231,0.000199093804,0.99999994],"scale":1,"type":"guardrail2_white"}
{"ctxid":0,"pos":[-227.83725,-142.464661,119.511673],"rotationMatrix":[0.817049146,0.57656616,0.00146484328,-0.576566756,0.81704998,-3.9144652e-08,-0.00119687291,-0.000844548107,0.999998927],"scale":1,"type":"guardrail2_white"}
{"ctxid":0,"pos":[-227.838013,-142.46521,120.17025],"rotationMatrix":[0.817049563,0.576565564,0.00146484328,-0.57656616,0.817050457,3.54775693e-08,-0.00119683053,-0.000844608061,0.999998927],"scale":1,"type":"guardrail2_white"}
{"ctxid":0,"pos":[-227.837631,-142.464935,119.843025],"rotationMatrix":[0.81704849,0.576567173,0.00142357161,-0.576567769,0.817049325,-3.97267286e-08,-0.00116315123,-0.000820753048,0.999998987],"scale":1,"type":"guardrail2_white"}
{"ctxid":0,"pos":[-221.301056,-137.851822,119.517555],"rotationMatrix":[0.816967785,0.576682329,-0.00103580102,-0.576682687,0.816968203,6.1118044e-09,0.000846220006,0.000597323524,0.999999464],"scale":1,"type":"guardrail2_white"}
{"ctxid":0,"pos":[-221.300644,-137.851532,120.176125],"rotationMatrix":[0.816966832,0.5766837,-0.0010358009,-0.576684058,0.816967249,-2.4883775e-08,0.000846201146,0.000597350183,0.999999464],"scale":1,"type":"guardrail2_white"}
{"ctxid":0,"pos":[-221.300842,-137.851669,119.8489],"rotationMatrix":[0.816966295,0.576684535,-0.0010358009,-0.576684892,0.816966712,8.70204531e-09,0.000846219889,0.000597323524,0.999999464],"scale":1,"type":"guardrail2_white"}
{"ctxid":0,"pos":[-214.766724,-133.236374,119.513191],"rotationMatrix":[0.816546202,0.577280104,0,-0.577280104,0.816546202,0,0,0,1],"scale":1,"type":"guardrail2_white"}
{"ctxid":0,"pos":[-214.766663,-133.236343,120.171776],"rotationMatrix":[0.816545784,0.5772807,0,-0.5772807,0.816545784,0,0,0,1],"scale":1,"type":"guardrail2_white"}
{"ctxid":0,"pos":[-214.766693,-133.236359,119.844551],"rotationMatrix":[0.816546381,0.577279747,-0.000345266948,-0.577279747,0.81654644,-2.56841304e-09,0.000281925022,0.000199317699,0.99999994],"scale":1,"type":"guardrail2_white"}
{"ctxid":0,"pos":[-208.237823,-128.613251,119.518883],"rotationMatrix":[0.815762877,0.578378975,0.00294995913,-0.578381479,0.815766454,-3.0559022e-08,-0.00240649516,-0.00170617667,0.999995649],"scale":1,"type":"guardrail2_white"}
{"ctxid":0,"pos":[-208.239365,-128.614349,120.177467],"rotationMatrix":[0.815761566,0.578380942,0.00292968447,-0.578383446,0.815765023,1.46683306e-08,-0.00238992576,-0.00169449288,0.999995708],"scale":1,"type":"guardrail2_white"}
{"ctxid":0,"pos":[-208.238586,-128.6138,119.850235],"rotationMatrix":[0.815762758,0.578379214,0.00292968424,-0.578381717,0.815766275,4.3772161e-08,-0.00238991249,-0.00169451151,0.999995708],"scale":1,"type":"guardrail2_white"}
{"ctxid":0,"pos":[-201.712616,-123.984955,119.545189],"rotationMatrix":[0.815582514,0.578632832,0.00302970246,-0.578635454,0.815586269,-1.02678314e-07,-0.00247104303,-0.00175300951,0.99999541],"scale":1,"type":"guardrail2_white"}
{"ctxid":0,"pos":[-201.714233,-123.986099,120.203766],"rotationMatrix":[0.815583348,0.578631639,0.00302970177,-0.578634262,0.815587103,-1.96159817e-08,-0.00247099716,-0.00175307342,0.99999541],"scale":1,"type":"guardrail2_white"}
{"ctxid":0,"pos":[-201.713425,-123.985527,119.876534],"rotationMatrix":[0.815583169,0.578631997,0.00300996448,-0.57863462,0.815586865,-9.95351002e-08,-0.00245494512,-0.00174158858,0.99999547],"scale":1,"type":"guardrail2_white"}
{"ctxid":0,"pos":[-195.188202,-119.355499,119.559868],"rotationMatrix":[0.815532446,0.578711271,0.000345267094,-0.578711271,0.815532506,7.04312697e-09,-0.000281572487,-0.000199815695,0.99999994],"scale":1,"type":"guardrail2_white"}
{"ctxid":0,"pos":[-195.188446,-119.355667,120.218437],"rotationMatrix":[0.815533161,0.578710258,0.000345267064,-0.578710258,0.815533221,1.2703822e-08,-0.000281569373,-0.000199819959,0.99999994],"scale":1,"type":"guardrail2_white"}
{"ctxid":0,"pos":[-195.188324,-119.355583,119.891212],"rotationMatrix":[0.815532565,0.578711092,0.000345267064,-0.578711092,0.815532625,-2.18278728e-11,-0.000281576533,-0.000199809874,0.99999994],"scale":1,"type":"guardrail2_white"}
{"ctxid":0,"pos":[-188.664017,-114.725716,119.557579],"rotationMatrix":[0.815517604,0.578731775,-0.000772040396,-0.578731894,0.815517843,-7.6557626e-08,0.000629568414,0.000446866849,0.999999702],"scale":1,"type":"guardrail2_white"}
{"ctxid":0,"pos":[-188.663666,-114.725464,120.216156],"rotationMatrix":[0.815517902,0.578731358,-0.000772040221,-0.578731477,0.815518141,2.05182005e-08,0.000629624701,0.000446787279,0.999999702],"scale":1,"type":"guardrail2_white"}
{"ctxid":0,"pos":[-188.663849,-114.725586,119.888939],"rotationMatrix":[0.815517128,0.57873255,-0.000690533896,-0.578732669,0.815517306,1.83936208e-08,0.000563152949,0.000399619516,0.999999762],"scale":1,"type":"guardrail2_white"}
{"ctxid":0,"pos":[-182.139832,-110.095909,119.553658],"rotationMatrix":[0.815526009,0.57872045,0,-0.57872045,0.815526009,0,0,0,1],"scale":1,"type":"guardrail2_white"}
{"ctxid":0,"pos":[-182.139771,-110.095871,120.212242],"rotationMatrix":[0.815526128,0.578720212,0,-0.578720212,0.815526128,0,0,0,1],"scale":1,"type":"guardrail2_white"}
{"ctxid":0,"pos":[-182.139801,-110.095886,119.885017],"rotationMatrix":[0.815527678,0.578718126,0,-0.578718126,0.815527678,0,0,0,1],"scale":1,"type":"guardrail2_white"}
{"ctxid":0,"pos":[-175.615555,-105.466232,119.55883],"rotationMatrix":[0.815536499,0.57870388,0.00142357196,-0.578704476,0.815537333,-6.31262083e-08,-0.00116101257,-0.000823776005,0.999998987],"scale":1,"type":"guardrail2_white"}
{"ctxid":0,"pos":[-175.616302,-105.466759,120.217407],"rotationMatrix":[0.815536678,0.578703701,0.00138106768,-0.578704298,0.815537453,9.22591425e-09,-0.00112630718,-0.000799237285,0.999999046],"scale":1,"type":"guardrail2_white"}
{"ctxid":0,"pos":[-175.615936,-105.466492,119.890182],"rotationMatrix":[0.815538168,0.578701556,0.00142357207,-0.578702152,0.815539002,1.41735654e-08,-0.00116097031,-0.000823835726,0.999998987],"scale":1,"type":"guardrail2_white"}
{"ctxid":0,"pos":[-169.091217,-100.836647,119.573692],"rotationMatrix":[0.815541089,0.578695178,0.00215619034,-0.578696489,0.815542996,-2.34693289e-07,-0.00175860175,-0.00124758843,0.999997675],"scale":1,"type":"guardrail2_white"}
{"ctxid":0,"pos":[-169.092407,-100.837479,120.232277],"rotationMatrix":[0.815541863,0.578693926,0.0021836583,-0.578695357,0.815543771,4.06289473e-08,-0.00178084546,-0.00126370613,0.999997616],"scale":1,"type":"guardrail2_white"}
{"ctxid":0,"pos":[-169.091812,-100.837067,119.905052],"rotationMatrix":[0.81554091,0.578695297,0.002183659,-0.578696728,0.815542817,3.44007276e-08,-0.00178084755,-0.00126370438,0.999997616],"scale":1,"type":"guardrail2_white"}
{"ctxid":0,"pos":[-162.566833,-96.2072296,119.590622],"rotationMatrix":[0.815567136,0.578659594,0.00182698038,-0.578660548,0.815568507,-1.18627213e-07,-0.00149009633,-0.00105710479,0.999998331],"scale":1,"type":"guardrail2_white"}
{"ctxid":0,"pos":[-162.56781,-96.2079239,120.249199],"rotationMatrix":[0.815567315,0.578659415,0.00179405976,-0.578660369,0.815568626,1.62981451e-08,-0.00146316946,-0.00103816448,0.999998391],"scale":1,"type":"guardrail2_white"}
{"ctxid":0,"pos":[-162.567322,-96.2075806,119.921974],"rotationMatrix":[0.815567255,0.578659415,0.00182698038,-0.578660369,0.815568626,6.41448423e-08,-0.00148999086,-0.00105725345,0.999998331],"scale":1,"type":"guardrail2_white"}
{"ctxid":0,"pos":[-156.042145,-91.5781403,119.597816],"rotationMatrix":[0.815615416,0.578594446,0,-0.578594446,0.815615416,0,0,0,1],"scale":1,"type":"guardrail2_white"}
{"ctxid":0,"pos":[-156.042038,-91.5780716,120.256401],"rotationMatrix":[0.815614343,0.578595817,-0.000345267064,-0.578595817,0.815614462,1.66182872e-08,0.000281614426,0.000199756527,0.99999994],"scale":1,"type":"guardrail2_white"}
{"ctxid":0,"pos":[-156.042084,-91.5781097,119.929176],"rotationMatrix":[0.81561625,0.578593254,0,-0.578593254,0.81561625,0,0,0,1],"scale":1,"type":"guardrail2_white"}
{"ctxid":0,"pos":[-149.516571,-86.9503326,119.589554],"rotationMatrix":[0.815868556,0.578235865,-0.00133721274,-0.578236341,0.815869272,-5.93718141e-09,0.00109098735,0.000773229927,0.999999106],"scale":1,"type":"guardrail2_white"}
{"ctxid":0,"pos":[-149.515961,-86.9499054,120.248131],"rotationMatrix":[0.815869272,0.578234911,-0.00133721263,-0.578235388,0.815869987,1.26863597e-07,0.001091065,0.000773120206,0.999999106],"scale":1,"type":"guardrail2_white"}
{"ctxid":0,"pos":[-149.516266,-86.950119,119.920906],"rotationMatrix":[0.815870345,0.578233361,-0.00133721274,-0.578233838,0.81587106,1.24127837e-07,0.00109106489,0.000773120439,0.999999106],"scale":1,"type":"guardrail2_white"}
{"ctxid":0,"pos":[843.943359,245.430664,161.450974],"rotationMatrix":[0.247003198,-0.968978822,0.00833652914,0.969012558,0.247011721,-9.31927934e-06,-0.00205019047,0.00808050297,0.99996525],"scale":0.99999994,"type":"guardrail2_white"}
{"ctxid":0,"pos":[843.942078,245.435669,162.109528],"rotationMatrix":[0.247017264,-0.968975186,0.00833652914,0.969008923,0.247025788,-8.71019438e-06,-0.00205089781,0.0080803223,0.99996525],"scale":1,"type":"guardrail2_white"}
{"ctxid":0,"pos":[843.942688,245.433182,161.782318],"rotationMatrix":[0.247011364,-0.968976557,0.00835081656,0.969010413,0.247019887,-8.57934356e-06,-0.00205450435,0.00809414685,0.999965131],"scale":1,"type":"guardrail2_white"}
{"ctxid":0,"pos":[845.922668,237.683395,161.389832],"rotationMatrix":[0.318329692,-0.947671413,-0.0241881832,0.947947145,0.318427742,-0.000210786238,0.00790194422,-0.022862019,0.999707401],"scale":1,"type":"guardrail2_white"}
{"ctxid":0,"pos":[845.92749,237.669373,162.048248],"rotationMatrix":[0.319216609,-0.947373033,-0.0241908394,0.947648883,0.319314361,-0.000187788159,0.00790238846,-0.022864474,0.999707341],"scale":1,"type":"guardrail2_white"}
{"ctxid":0,"pos":[845.925049,237.676331,161.7211],"rotationMatrix":[0.318774819,-0.947521746,-0.024188295,0.947797477,0.318872631,-0.000197649002,0.00790026132,-0.0228626002,0.999707401],"scale":1,"type":"guardrail2_white"}
{"ctxid":0,"pos":[849.962463,230.820694,161.317139],"rotationMatrix":[0.558148265,-0.829697788,-0.00848534796,0.829727709,0.558168352,-6.63567334e-07,0.00473680254,-0.00704015791,0.999963999],"scale":1,"type":"guardrail2_white"}
{"ctxid":0,"pos":[849.965576,230.816055,161.975677],"rotationMatrix":[0.558149457,-0.829697013,-0.0084853489,0.829726934,0.558169484,-3.31085175e-07,0.00473653758,-0.00704033719,0.999963999],"scale":1,"type":"guardrail2_white"}
{"ctxid":0,"pos":[849.96405,230.818359,161.648468],"rotationMatrix":[0.558147013,-0.829698563,-0.0084923692,0.829728484,0.55816716,-4.62401658e-07,0.00474054553,-0.00704610301,0.999963939],"scale":1,"type":"guardrail2_white"}
{"ctxid":0,"pos":[854.427307,224.183655,161.199463],"rotationMatrix":[0.558064401,-0.829571962,-0.0193525311,0.829727292,0.558168948,-1.48825347e-06,0.0108032171,-0.0160564929,0.999812722],"scale":0.99999994,"type":"guardrail2_white"}
{"ctxid":0,"pos":[854.434387,224.173126,161.85791],"rotationMatrix":[0.558062196,-0.829573393,-0.0193556137,0.829728842,0.558166742,-3.45520675e-07,0.0108039472,-0.016059719,0.999812663],"scale":1,"type":"guardrail2_white"}
{"ctxid":0,"pos":[854.430908,224.178345,161.530746],"rotationMatrix":[0.558062673,-0.829572856,-0.0193617716,0.829728425,0.558167338,-3.30619514e-07,0.0108073819,-0.0160648264,0.999812543],"scale":1,"type":"guardrail2_white"}
{"ctxid":0,"pos":[858.891724,217.547256,161.033279],"rotationMatrix":[0.558040977,-0.829546511,-0.0210431386,0.829730213,0.558164597,-1.73225999e-07,0.0117456783,-0.0174600314,0.999778569],"scale":1,"type":"guardrail2_white"}
{"ctxid":0,"pos":[858.899414,217.535782,161.691711],"rotationMatrix":[0.558041811,-0.829546154,-0.0210374705,0.829729736,0.558165312,-1.67638063e-08,0.0117424019,-0.0174554065,0.999778688],"scale":1,"type":"guardrail2_white"}
{"ctxid":0,"pos":[858.895569,217.541489,161.364563],"rotationMatrix":[0.55804038,-0.829546928,-0.0210403018,0.82973063,0.558164001,-9.61124897e-07,0.0117447367,-0.0174572468,0.999778628],"scale":1,"type":"guardrail2_white"}
{"ctxid":0,"pos":[863.356445,210.910309,160.911041],"rotationMatrix":[0.558159232,-0.829722345,-0.00436731102,0.829730213,0.558164537,-3.09664756e-08,0.00243770378,-0.00362367299,0.999990463],"scale":1,"type":"guardrail2_white"}
{"ctxid":0,"pos":[863.358032,210.907867,161.569611],"rotationMatrix":[0.558158696,-0.829722762,-0.00436731055,0.82973063,0.558164001,1.95577741e-08,0.00243765931,-0.0036237021,0.999990463],"scale":1,"type":"guardrail2_white"}
{"ctxid":0,"pos":[863.357239,210.909073,161.242371],"rotationMatrix":[0.558159113,-0.829722464,-0.00436730962,0.829730332,0.558164358,-1.15833245e-07,0.00243777269,-0.0036236248,0.999990463],"scale":1,"type":"guardrail2_white"}
{"ctxid":0,"pos":[867.821716,204.272583,160.93718],"rotationMatrix":[0.558156729,-0.829693437,0.00835795514,0.829722404,0.558176279,-5.12227416e-08,-0.0046651694,0.0069348109,0.999965072],"scale":0.99999994,"type":"guardrail2_white"}
{"ctxid":0,"pos":[867.818665,204.27713,161.595734],"rotationMatrix":[0.55815506,-0.829694748,0.00833653379,0.829723597,0.558174431,6.4028427e-08,-0.00465329364,0.00691698305,0.99996525],"scale":1,"type":"guardrail2_white"}
{"ctxid":0,"pos":[867.82019,204.274872,161.268524],"rotationMatrix":[0.55815661,-0.829693735,0.00833653379,0.829722583,0.558176041,2.57743523e-07,-0.00465346733,0.00691686571,0.99996525],"scale":0.99999994,"type":"guardrail2_white"}
{"ctxid":0,"pos":[872.303894,197.648636,161.105988],"rotationMatrix":[0.562723756,-0.82596606,0.0334986523,0.826429904,0.56303966,-8.88481736e-07,-0.0188603383,0.0276847873,0.999438763],"scale":1,"type":"guardrail2_white"}
{"ctxid":0,"pos":[872.291565,197.666718,161.764221],"rotationMatrix":[0.562712908,-0.825973034,0.0335057601,0.826437116,0.563029051,-1.29733235e-06,-0.0188636445,0.0276911333,0.999438524],"scale":1,"type":"guardrail2_white"}
{"ctxid":0,"pos":[872.297729,197.657745,161.437164],"rotationMatrix":[0.56272006,-0.825968266,0.0335039869,0.826432228,0.563036084,-2.22958624e-06,-0.0188621115,0.0276900306,0.999438584],"scale":0.99999994,"type":"guardrail2_white"}
{"ctxid":0,"pos":[876.813293,191.044998,161.340637],"rotationMatrix":[0.56330359,-0.826008499,0.0199738294,0.826173365,0.563416004,-6.31436706e-07,-0.0112530533,0.0165022016,0.999800503],"scale":1,"type":"guardrail2_white"}
{"ctxid":0,"pos":[876.805664,191.056244,161.999084],"rotationMatrix":[0.563313484,-0.826001883,0.0199678559,0.82616663,0.563425779,-1.18650496e-06,-0.0112494249,0.0164974462,0.999800622],"scale":1,"type":"guardrail2_white"}
{"ctxid":0,"pos":[876.809448,191.050659,161.671906],"rotationMatrix":[0.563307643,-0.826005936,0.019967854,0.826170683,0.563419938,-8.99657607e-07,-0.0112495422,0.0164973624,0.999800622],"scale":1,"type":"guardrail2_white"}
{"ctxid":0,"pos":[881.282959,184.414246,161.569977],"rotationMatrix":[0.55236876,-0.832966328,0.0324930176,0.833406448,0.552660584,-6.93835318e-07,-0.0179570336,0.0270802751,0.999471962],"scale":1,"type":"guardrail2_white"}
{"ctxid":0,"pos":[881.271179,184.431976,162.228226],"rotationMatrix":[0.552411735,-0.832937896,0.0324930251,0.833378017,0.55270344,-4.28780913e-06,-0.0179554354,0.0270813424,0.999471962],"scale":1,"type":"guardrail2_white"}
{"ctxid":0,"pos":[881.277039,184.423172,161.901154],"rotationMatrix":[0.552390337,-0.832952201,0.0324875228,0.833392203,0.552682042,-3.43751162e-06,-0.0179524049,0.0270767473,0.999472141],"scale":1,"type":"guardrail2_white"}
{"ctxid":0,"pos":[885.631653,177.702362,161.748901],"rotationMatrix":[0.534436345,-0.845163167,0.008782194,0.845195711,0.534456968,9.96515155e-08,-0.00469378848,0.00742261903,0.999961436],"scale":1,"type":"guardrail2_white"}
{"ctxid":0,"pos":[885.628479,177.707397,162.407471],"rotationMatrix":[0.534449816,-0.845154583,0.00878219493,0.845187128,0.534470439,-4.44706529e-08,-0.00469378615,0.00742262229,0.999961436],"scale":1,"type":"guardrail2_white"}
{"ctxid":0,"pos":[885.630005,177.704895,162.080246],"rotationMatrix":[0.534440577,-0.845160425,0.00878219306,0.845192969,0.5344612,1.56695023e-07,-0.00469387416,0.00742256455,0.999961436],"scale":1,"type":"guardrail2_white"}
{"ctxid":0,"pos":[889.837585,170.897751,161.81044],"rotationMatrix":[0.517694116,-0.855486631,0.0116368905,0.855544567,0.517729163,-6.95232302e-07,-0.00602416322,0.00995623879,0.999932289],"scale":1,"type":"guardrail2_white"}
{"ctxid":0,"pos":[889.833679,170.904221,162.468979],"rotationMatrix":[0.517709255,-0.855477333,0.0116471266,0.855535388,0.517744303,-1.03237107e-06,-0.00602934975,0.009965064,0.99993217],"scale":1,"type":"guardrail2_white"}
{"ctxid":0,"pos":[889.835632,170.901001,162.141754],"rotationMatrix":[0.517701864,-0.855481863,0.011642009,0.855539799,0.517736971,-7.93952495e-07,-0.00602681935,0.00996061414,0.99993223],"scale":1,"type":"guardrail2_white"}
