{"ctxid":0,"pos":[53.5267715,12.7211151,119.592537],"rotationMatrix":[-0.81088984,-0.58519876,0,0.58519876,-0.81088984,0,0,0,1],"scale":1,"type":"guardrail2_red"}
{"ctxid":0,"pos":[53.5267715,12.7211151,120.251114],"rotationMatrix":[-0.81088984,-0.58519876,0,0.58519876,-0.81088984,0,0,0,1],"scale":1,"type":"guardrail2_red"}
{"ctxid":0,"pos":[53.5267715,12.7211151,119.923889],"rotationMatrix":[-0.81088984,-0.58519876,0,0.58519876,-0.81088984,0,0,0,1],"scale":1,"type":"guardrail2_red"}
{"ctxid":0,"pos":[47.0388794,8.03893661,119.592529],"rotationMatrix":[-0.810891032,-0.585197389,0,0.585197389,-0.810891032,0,0,0,1],"scale":1.00000012,"type":"guardrail2_red"}
{"ctxid":0,"pos":[47.0388794,8.03893661,120.251114],"rotationMatrix":[-0.810891032,-0.585197389,0,0.585197389,-0.810891032,0,0,0,1],"scale":1.00000012,"type":"guardrail2_red"}
{"ctxid":0,"pos":[47.0388794,8.03893661,119.923889],"rotationMatrix":[-0.810891032,-0.585197389,0,0.585197389,-0.810891032,0,0,0,1],"scale":1.00000012,"type":"guardrail2_red"}
{"ctxid":0,"pos":[40.5517311,3.35739899,119.592529],"rotationMatrix":[-0.81089437,-0.585192382,0,0.585192382,-0.81089437,0,0,0,1],"scale":0.99999994,"type":"guardrail2_red"}
{"ctxid":0,"pos":[40.5517311,3.35739899,120.251114],"rotationMatrix":[-0.81089437,-0.585192382,0,0.585192382,-0.81089437,0,0,0,1],"scale":0.99999994,"type":"guardrail2_red"}
{"ctxid":0,"pos":[40.5517311,3.35739899,119.923882],"rotationMatrix":[-0.81089437,-0.585192382,0,0.585192382,-0.81089437,0,0,0,1],"scale":0.99999994,"type":"guardrail2_red"}
{"ctxid":0,"pos":[34.064579,-1.32415771,119.592529],"rotationMatrix":[-0.810894132,-0.585192978,0,0.585192978,-0.810894132,0,0,0,1],"scale":1,"type":"guardrail2_red"}
{"ctxid":0,"pos":[34.064579,-1.32415771,120.251114],"rotationMatrix":[-0.810894132,-0.585192978,0,0.585192978,-0.810894132,0,0,0,1],"scale":1,"type":"guardrail2_red"}
{"ctxid":0,"pos":[34.064579,-1.32415771,119.923882],"rotationMatrix":[-0.810894132,-0.585192978,0,0.585192978,-0.810894132,0,0,0,1],"scale":1,"type":"guardrail2_red"}
{"ctxid":0,"pos":[27.5774269,-6.00570679,119.592529],"rotationMatrix":[-0.810893416,-0.585193753,0,0.585193753,-0.810893416,0,0,0,1],"scale":1,"type":"guardrail2_red"}
{"ctxid":0,"pos":[27.5774269,-6.00570679,120.251114],"rotationMatrix":[-0.810893416,-0.585193753,0,0.585193753,-0.810893416,0,0,0,1],"scale":1,"type":"guardrail2_red"}
{"ctxid":0,"pos":[27.5774269,-6.00570679,119.923882],"rotationMatrix":[-0.810893416,-0.585193753,0,0.585193753,-0.810893416,0,0,0,1],"scale":1,"type":"guardrail2_red"}
{"ctxid":0,"pos":[21.0902824,-10.6872635,119.592529],"rotationMatrix":[-0.810892105,-0.585195601,0,0.585195601,-0.810892105,0,0,0,1],"scale":1,"type":"guardrail2_red"}
{"ctxid":0,"pos":[21.0902824,-10.6872635,120.251114],"rotationMatrix":[-0.810892105,-0.585195601,0,0.585195601,-0.810892105,0,0,0,1],"scale":1,"type":"guardrail2_red"}
{"ctxid":0,"pos":[21.0902824,-10.6872635,119.923889],"rotationMatrix":[-0.810892105,-0.585195601,0,0.585195601,-0.810892105,0,0,0,1],"scale":1,"type":"guardrail2_red"}
{"ctxid":0,"pos":[14.6031418,-15.3688087,119.592537],"rotationMatrix":[-0.810892582,-0.585194886,0.000202048483,0.585194886,-0.810892582,0.000279974454,1.45519152e-11,0.000345266977,0.99999994],"scale":0.99999994,"type":"guardrail2_red"}
{"ctxid":0,"pos":[14.6031418,-15.3688087,120.251122],"rotationMatrix":[-0.810892582,-0.585194886,-0.00034526689,0.585194886,-0.810892582,-3.08500603e-09,-0.000279972563,-0.000202050927,0.99999994],"scale":0.99999994,"type":"guardrail2_red"}
{"ctxid":0,"pos":[14.6031418,-15.3688087,119.923889],"rotationMatrix":[-0.810892582,-0.585194886,0.000202048483,0.585194886,-0.810892582,0.000279974454,1.45519152e-11,0.000345266977,0.99999994],"scale":0.99999994,"type":"guardrail2_red"}
{"ctxid":0,"pos":[8.11598969,-20.0503674,119.592545],"rotationMatrix":[-0.81089282,-0.585194707,0,0.585194707,-0.81089282,0,0,0,1],"scale":0.99999994,"type":"guardrail2_red"}
{"ctxid":0,"pos":[8.11598969,-20.0503674,120.251129],"rotationMatrix":[-0.81089282,-0.585194707,0,0.585194707,-0.81089282,0,0,0,1],"scale":0.99999994,"type":"guardrail2_red"}
{"ctxid":0,"pos":[8.11598969,-20.0503674,119.923889],"rotationMatrix":[-0.81089282,-0.585194707,0,0.585194707,-0.81089282,0,0,0,1],"scale":0.99999994,"type":"guardrail2_red"}
{"ctxid":0,"pos":[1.62884867,-24.7319221,119.592537],"rotationMatrix":[-0.810893416,-0.585193753,0,0.585193753,-0.810893416,0,0,0,1],"scale":1,"type":"guardrail2_red"}
{"ctxid":0,"pos":[1.62884855,-24.7319221,120.251114],"rotationMatrix":[-0.810893416,-0.585193753,0,0.585193753,-0.810893416,0,0,0,1],"scale":1,"type":"guardrail2_red"}
{"ctxid":0,"pos":[1.62884867,-24.7319221,119.923889],"rotationMatrix":[-0.810893416,-0.585193753,0,0.585193753,-0.810893416,0,0,0,1],"scale":1,"type":"guardrail2_red"}
{"ctxid":0,"pos":[-4.85830164,-29.4134808,119.592537],"rotationMatrix":[-0.810893655,-0.585193574,0,0.585193574,-0.810893655,0,0,0,1],"scale":0.99999994,"type":"guardrail2_red"}
{"ctxid":0,"pos":[-4.85830164,-29.4134808,120.251114],"rotationMatrix":[-0.810893655,-0.585193574,0,0.585193574,-0.810893655,0,0,0,1],"scale":0.99999994,"type":"guardrail2_red"}
{"ctxid":0,"pos":[-4.85830164,-29.4134808,119.923889],"rotationMatrix":[-0.810893655,-0.585193574,0,0.585193574,-0.810893655,0,0,0,1],"scale":0.99999994,"type":"guardrail2_red"}
{"ctxid":0,"pos":[-11.3454456,-34.0950317,119.592545],"rotationMatrix":[-0.810893416,-0.585193992,0,0.585193992,-0.810893416,0,0,0,1],"scale":0.99999994,"type":"guardrail2_red"}
{"ctxid":0,"pos":[-11.3454456,-34.0950317,120.251122],"rotationMatrix":[-0.810893416,-0.585193992,0,0.585193992,-0.810893416,0,0,0,1],"scale":0.99999994,"type":"guardrail2_red"}
{"ctxid":0,"pos":[-11.3454456,-34.0950317,119.923889],"rotationMatrix":[-0.810893416,-0.585193992,0,0.585193992,-0.810893416,0,0,0,1],"scale":0.99999994,"type":"guardrail2_red"}
{"ctxid":0,"pos":[-17.8325882,-38.7765808,119.592537],"rotationMatrix":[-0.810892582,-0.585195124,0,0.585195124,-0.810892582,0,0,0,1],"scale":0.99999994,"type":"guardrail2_red"}
{"ctxid":0,"pos":[-17.8325882,-38.7765808,120.251122],"rotationMatrix":[-0.810892582,-0.585195124,0,0.585195124,-0.810892582,0,0,0,1],"scale":0.99999994,"type":"guardrail2_red"}
{"ctxid":0,"pos":[-17.8325882,-38.7765808,119.923889],"rotationMatrix":[-0.810892582,-0.585195124,0,0.585195124,-0.810892582,0,0,0,1],"scale":0.99999994,"type":"guardrail2_red"}
{"ctxid":0,"pos":[-25.139761,-44.0586166,119.592743],"rotationMatrix":[-0.810892582,-0.585194886,0.00020204857,0.585194886,-0.810892582,0.000279974425,9.4587449e-11,0.000345267006,0.99999994],"scale":1,"type":"guardrail2_red"}
{"ctxid":0,"pos":[-24.3197308,-43.4581413,120.251114],"rotationMatrix":[-0.810892582,-0.585195065,1.45915474e-05,0.585195065,-0.810892582,-0.000344958564,0.000213700201,-0.000271185418,0.99999994],"scale":1,"type":"guardrail2_red"}
{"ctxid":0,"pos":[-24.3197308,-43.4581413,119.923889],"rotationMatrix":[-0.810892582,-0.585194886,0.00020204857,0.585194886,-0.810892582,0.000279974425,9.4587449e-11,0.000345267006,0.99999994],"scale":1,"type":"guardrail2_red"}
{"ctxid":0,"pos":[-30.8068695,-48.1397018,119.592537],"rotationMatrix":[-0.810893416,-0.585193992,0,0.585193992,-0.810893416,0,0,0,1],"scale":0.99999994,"type":"guardrail2_red"}
{"ctxid":0,"pos":[-30.8068695,-48.1397018,120.251122],"rotationMatrix":[-0.810893416,-0.585193992,0,0.585193992,-0.810893416,0,0,0,1],"scale":0.99999994,"type":"guardrail2_red"}
{"ctxid":0,"pos":[-30.8068695,-48.1397018,119.923889],"rotationMatrix":[-0.810893416,-0.585193992,0,0.585193992,-0.810893416,0,0,0,1],"scale":0.99999994,"type":"guardrail2_red"}
{"ctxid":0,"pos":[-37.2940178,-52.82127,119.592529],"rotationMatrix":[-0.81089282,-0.585194707,0,0.585194707,-0.81089282,0,0,0,1],"scale":0.99999994,"type":"guardrail2_red"}
{"ctxid":0,"pos":[-37.2940216,-52.82127,120.251114],"rotationMatrix":[-0.810892582,-0.585195065,-1.45917002e-05,0.585195065,-0.810892582,0.000344958506,-0.000213700318,0.000271185301,0.99999994],"scale":1,"type":"guardrail2_red"}
{"ctxid":0,"pos":[-37.2940178,-52.82127,119.923882],"rotationMatrix":[-0.810893059,-0.585194528,0,0.585194528,-0.810893059,0,0,0,1],"scale":0.99999994,"type":"guardrail2_red"}
{"ctxid":0,"pos":[-43.7811699,-57.5028229,119.592529],"rotationMatrix":[-0.810893893,-0.585192978,0.000202047813,0.585192978,-0.810893893,0.000279974949,-2.18278728e-11,0.000345267006,0.99999994],"scale":1,"type":"guardrail2_red"}
{"ctxid":0,"pos":[-43.7811699,-57.5028229,120.251114],"rotationMatrix":[-0.810893893,-0.585192978,0.000202047813,0.585192978,-0.810893893,0.000279974949,-2.18278728e-11,0.000345267006,0.99999994],"scale":1,"type":"guardrail2_red"}
{"ctxid":0,"pos":[-43.7811699,-57.5028229,119.923882],"rotationMatrix":[-0.810893893,-0.585192978,0.000202047813,0.585192978,-0.810893893,0.000279974949,-2.18278728e-11,0.000345267006,0.99999994],"scale":1,"type":"guardrail2_red"}
{"ctxid":0,"pos":[-50.2683144,-62.1843719,119.592529],"rotationMatrix":[-0.810893416,-0.585193992,0,0.585193992,-0.810893416,0,0,0,1],"scale":0.99999994,"type":"guardrail2_red"}
{"ctxid":0,"pos":[-50.2683144,-62.1843719,120.251114],"rotationMatrix":[-0.810893416,-0.585193992,0,0.585193992,-0.810893416,0,0,0,1],"scale":0.99999994,"type":"guardrail2_red"}
{"ctxid":0,"pos":[-50.2683144,-62.1843719,119.923882],"rotationMatrix":[-0.810893416,-0.585193992,0,0.585193992,-0.810893416,0,0,0,1],"scale":0.99999994,"type":"guardrail2_red"}
{"ctxid":0,"pos":[-56.7554474,-66.8659134,119.592529],"rotationMatrix":[-0.810893059,-0.58519429,0,0.58519429,-0.810893059,0,0,0,1],"scale":1.00000012,"type":"guardrail2_red"}
{"ctxid":0,"pos":[-56.7554474,-66.8659134,120.251114],"rotationMatrix":[-0.810893059,-0.58519429,0,0.58519429,-0.810893059,0,0,0,1],"scale":1.00000012,"type":"guardrail2_red"}
{"ctxid":0,"pos":[-56.7554474,-66.8659134,119.923882],"rotationMatrix":[-0.810893059,-0.58519429,0,0.58519429,-0.810893059,0,0,0,1],"scale":1.00000012,"type":"guardrail2_red"}
{"ctxid":0,"pos":[-63.2425995,-71.5474701,119.592529],"rotationMatrix":[-0.810892582,-0.585195124,0,0.585195124,-0.810892582,0,0,0,1],"scale":0.99999994,"type":"guardrail2_red"}
{"ctxid":0,"pos":[-63.2425995,-71.5474701,120.251114],"rotationMatrix":[-0.810892582,-0.585195124,0,0.585195124,-0.810892582,0,0,0,1],"scale":0.99999994,"type":"guardrail2_red"}
{"ctxid":0,"pos":[-63.2425995,-71.5474701,119.923882],"rotationMatrix":[-0.810892582,-0.585195124,0,0.585195124,-0.810892582,0,0,0,1],"scale":0.99999994,"type":"guardrail2_red"}
{"ctxid":0,"pos":[-69.729744,-76.2290344,119.592529],"rotationMatrix":[-0.81088984,-0.58519876,0,0.58519876,-0.81088984,0,0,0,1],"scale":1,"type":"guardrail2_red"}
{"ctxid":0,"pos":[-69.729744,-76.2290344,120.251114],"rotationMatrix":[-0.81088984,-0.58519876,0,0.58519876,-0.81088984,0,0,0,1],"scale":1,"type":"guardrail2_red"}
{"ctxid":0,"pos":[-69.729744,-76.2290344,119.923882],"rotationMatrix":[-0.81088984,-0.58519876,0,0.58519876,-0.81088984,0,0,0,1],"scale":1,"type":"guardrail2_red"}
{"ctxid":0,"pos":[-76.2168732,-80.910553,119.592537],"rotationMatrix":[-0.810895085,-0.585191607,0,0.585191607,-0.810895085,0,0,0,1],"scale":1,"type":"guardrail2_red"}
{"ctxid":0,"pos":[-76.2168732,-80.910553,120.251122],"rotationMatrix":[-0.810895085,-0.585191607,0,0.585191607,-0.810895085,0,0,0,1],"scale":1,"type":"guardrail2_red"}
{"ctxid":0,"pos":[-76.2168732,-80.910553,119.923889],"rotationMatrix":[-0.810895085,-0.585191607,0,0.585191607,-0.810895085,0,0,0,1],"scale":1,"type":"guardrail2_red"}
{"ctxid":0,"pos":[-82.7040329,-85.5921173,119.592537],"rotationMatrix":[-0.810891628,-0.585196257,0,0.585196257,-0.810891628,0,0,0,1],"scale":0.99999994,"type":"guardrail2_red"}
{"ctxid":0,"pos":[-82.7040329,-85.5921173,120.251114],"rotationMatrix":[-0.810891628,-0.585196257,0,0.585196257,-0.810891628,0,0,0,1],"scale":0.99999994,"type":"guardrail2_red"}
{"ctxid":0,"pos":[-82.7040329,-85.5921173,119.923889],"rotationMatrix":[-0.810891628,-0.585196257,0,0.585196257,-0.810891628,0,0,0,1],"scale":0.99999994,"type":"guardrail2_red"}
{"ctxid":0,"pos":[-89.1911697,-90.2736816,119.592537],"rotationMatrix":[-0.810892344,-0.585195482,0,0.585195482,-0.810892344,0,0,0,1],"scale":0.99999994,"type":"guardrail2_red"}
{"ctxid":0,"pos":[-89.1911697,-90.2736816,120.251114],"rotationMatrix":[-0.810892344,-0.585195482,0,0.585195482,-0.810892344,0,0,0,1],"scale":0.99999994,"type":"guardrail2_red"}
{"ctxid":0,"pos":[-89.1911697,-90.2736816,119.923889],"rotationMatrix":[-0.810892344,-0.585195482,0,0.585195482,-0.810892344,0,0,0,1],"scale":0.99999994,"type":"guardrail2_red"}
{"ctxid":0,"pos":[-95.6783218,-94.9552307,119.592529],"rotationMatrix":[-0.810894132,-0.58519274,0.000202047755,0.58519274,-0.810894132,0.000279975007,7.27595761e-12,0.000345267006,0.99999994],"scale":1,"type":"guardrail2_red"}
{"ctxid":0,"pos":[-95.6783218,-94.9552307,120.251114],"rotationMatrix":[-0.810894132,-0.58519274,0.000202047755,0.58519274,-0.810894132,0.000279975007,7.27595761e-12,0.000345267006,0.99999994],"scale":1,"type":"guardrail2_red"}
{"ctxid":0,"pos":[-95.6783218,-94.9552307,119.923882],"rotationMatrix":[-0.810894132,-0.58519274,0.000202047755,0.58519274,-0.810894132,0.000279975007,7.27595761e-12,0.000345267006,0.99999994],"scale":1,"type":"guardrail2_red"}
{"ctxid":0,"pos":[-102.165474,-99.6367874,119.592545],"rotationMatrix":[-0.81089139,-0.585196435,0.000345266919,0.585196435,-0.81089139,-3.1934178e-08,0.000279992732,0.000202023075,0.99999994],"scale":1,"type":"guardrail2_red"}
{"ctxid":0,"pos":[-102.165474,-99.6367874,120.251122],"rotationMatrix":[-0.81089139,-0.585196435,4.34644135e-05,0.585196435,-0.81089139,0.000342520303,-0.000165196732,0.000303182052,0.99999994],"scale":1,"type":"guardrail2_red"}
{"ctxid":0,"pos":[-102.165474,-99.6367874,119.923889],"rotationMatrix":[-0.81089139,-0.585196435,0.000345266919,0.585196435,-0.81089139,-3.1934178e-08,0.000279992732,0.000202023075,0.99999994],"scale":1,"type":"guardrail2_red"}
{"ctxid":0,"pos":[-108.652657,-104.318329,119.592529],"rotationMatrix":[-0.810896158,-0.585190117,0,0.585190117,-0.810896158,0,0,0,1],"scale":1,"type":"guardrail2_red"}
{"ctxid":0,"pos":[-108.652657,-104.318329,120.251114],"rotationMatrix":[-0.810896397,-0.585189521,0.00020204662,0.585189521,-0.810896397,0.000279975793,-7.27595761e-12,0.000345266977,0.99999994],"scale":1,"type":"guardrail2_red"}
{"ctxid":0,"pos":[-108.652657,-104.318329,119.923882],"rotationMatrix":[-0.810897589,-0.58518815,0,0.58518815,-0.810897589,0,0,0,1],"scale":1,"type":"guardrail2_red"}
{"ctxid":0,"pos":[-115.139824,-108.999863,119.592529],"rotationMatrix":[-0.81089282,-0.585194707,0,0.585194707,-0.81089282,0,0,0,1],"scale":1,"type":"guardrail2_red"}
{"ctxid":0,"pos":[-115.139816,-108.999863,120.251114],"rotationMatrix":[-0.81089282,-0.585194707,0,0.585194707,-0.81089282,0,0,0,1],"scale":1,"type":"guardrail2_red"}
{"ctxid":0,"pos":[-115.139816,-108.999863,119.923882],"rotationMatrix":[-0.81089282,-0.585194707,0,0.585194707,-0.81089282,0,0,0,1],"scale":1,"type":"guardrail2_red"}
{"ctxid":0,"pos":[-121.626976,-113.681419,119.592529],"rotationMatrix":[-0.810893416,-0.585193992,0,0.585193992,-0.810893416,0,0,0,1],"scale":0.99999994,"type":"guardrail2_red"}
{"ctxid":0,"pos":[-121.626976,-113.681419,120.251114],"rotationMatrix":[-0.810893416,-0.585193992,0,0.585193992,-0.810893416,0,0,0,1],"scale":0.99999994,"type":"guardrail2_red"}
{"ctxid":0,"pos":[-121.626976,-113.681419,119.923882],"rotationMatrix":[-0.810893416,-0.585193992,0,0.585193992,-0.810893416,0,0,0,1],"scale":0.99999994,"type":"guardrail2_red"}
{"ctxid":0,"pos":[-128.114105,-118.362976,119.592529],"rotationMatrix":[-0.81088984,-0.58519876,0,0.58519876,-0.81088984,0,0,0,1],"scale":1,"type":"guardrail2_red"}
{"ctxid":0,"pos":[-128.114105,-118.362976,120.251114],"rotationMatrix":[-0.81088984,-0.58519876,0,0.58519876,-0.81088984,0,0,0,1],"scale":1,"type":"guardrail2_red"}
{"ctxid":0,"pos":[-128.114105,-118.362976,119.923882],"rotationMatrix":[-0.81088984,-0.58519876,0,0.58519876,-0.81088984,0,0,0,1],"scale":1,"type":"guardrail2_red"}
{"ctxid":0,"pos":[-134.601242,-123.044556,119.592529],"rotationMatrix":[-0.810896873,-0.585189104,0.00020204646,0.585189104,-0.810896873,0.000279975939,-2.91038305e-11,0.000345267006,0.99999994],"scale":1,"type":"guardrail2_red"}
{"ctxid":0,"pos":[-134.601242,-123.044556,120.251114],"rotationMatrix":[-0.810896873,-0.585189104,0.00020204646,0.585189104,-0.810896873,0.000279975939,-2.91038305e-11,0.000345267006,0.99999994],"scale":1,"type":"guardrail2_red"}
{"ctxid":0,"pos":[-134.601242,-123.044556,119.923882],"rotationMatrix":[-0.810896873,-0.585189104,0.00020204646,0.585189104,-0.810896873,0.000279975939,-2.91038305e-11,0.000345267006,0.99999994],"scale":1,"type":"guardrail2_red"}
{"ctxid":0,"pos":[-141.088364,-127.726135,119.592529],"rotationMatrix":[-0.810888886,-0.585200131,0,0.585200131,-0.810888886,0,0,0,1],"scale":0.99999994,"type":"guardrail2_red"}
{"ctxid":0,"pos":[-141.088364,-127.726135,120.251114],"rotationMatrix":[-0.810888886,-0.585200131,0,0.585200131,-0.810888886,0,0,0,1],"scale":0.99999994,"type":"guardrail2_red"}
{"ctxid":0,"pos":[-141.088364,-127.726135,119.923882],"rotationMatrix":[-0.810888886,-0.585200131,0,0.585200131,-0.810888886,0,0,0,1],"scale":0.99999994,"type":"guardrail2_red"}
{"ctxid":0,"pos":[-147.575546,-132.407669,119.592529],"rotationMatrix":[-0.810896158,-0.585190117,0,0.585190117,-0.810896158,0,0,0,1],"scale":0.99999994,"type":"guardrail2_red"}
{"ctxid":0,"pos":[-147.575546,-132.407669,120.251114],"rotationMatrix":[-0.810896158,-0.585190117,0,0.585190117,-0.810896158,0,0,0,1],"scale":0.99999994,"type":"guardrail2_red"}
{"ctxid":0,"pos":[-147.575546,-132.407669,119.923882],"rotationMatrix":[-0.810896158,-0.585190117,0,0.585190117,-0.810896158,0,0,0,1],"scale":0.99999994,"type":"guardrail2_red"}
{"ctxid":0,"pos":[-154.062668,-137.089233,119.592529],"rotationMatrix":[-0.810894132,-0.58519274,0.000202047755,0.58519274,-0.810894132,0.000279975007,7.27595761e-12,0.000345267006,0.99999994],"scale":1,"type":"guardrail2_red"}
{"ctxid":0,"pos":[-154.062668,-137.089233,120.251114],"rotationMatrix":[-0.810894132,-0.58519274,0.000202047755,0.58519274,-0.810894132,0.000279975007,7.27595761e-12,0.000345267006,0.99999994],"scale":1,"type":"guardrail2_red"}
{"ctxid":0,"pos":[-154.062668,-137.089233,119.923882],"rotationMatrix":[-0.810894132,-0.58519274,0.000202047755,0.58519274,-0.810894132,0.000279975007,7.27595761e-12,0.000345267006,0.99999994],"scale":1,"type":"guardrail2_red"}
{"ctxid":0,"pos":[-160.549805,-141.770782,119.592529],"rotationMatrix":[-0.810891628,-0.585196257,0,0.585196257,-0.810891628,0,0,0,1],"scale":1,"type":"guardrail2_red"}
{"ctxid":0,"pos":[-160.549805,-141.770782,120.251114],"rotationMatrix":[-0.810891628,-0.585196257,0,0.585196257,-0.810891628,0,0,0,1],"scale":1,"type":"guardrail2_red"}
{"ctxid":0,"pos":[-160.549805,-141.770782,119.923882],"rotationMatrix":[-0.810891628,-0.585196257,0,0.585196257,-0.810891628,0,0,0,1],"scale":1,"type":"guardrail2_red"}
{"ctxid":0,"pos":[-167.036957,-146.452332,119.592529],"rotationMatrix":[-0.810896635,-0.585189462,0,0.585189462,-0.810896635,0,0,0,1],"scale":1,"type":"guardrail2_red"}
{"ctxid":0,"pos":[-167.036957,-146.452332,120.251114],"rotationMatrix":[-0.810896635,-0.585189462,0,0.585189462,-0.810896635,0,0,0,1],"scale":1,"type":"guardrail2_red"}
{"ctxid":0,"pos":[-167.036957,-146.452332,119.923882],"rotationMatrix":[-0.810896635,-0.585189462,0,0.585189462,-0.810896635,0,0,0,1],"scale":1,"type":"guardrail2_red"}
{"ctxid":0,"pos":[-173.524094,-151.133881,119.592529],"rotationMatrix":[-0.810889125,-0.585199714,0.000202050243,0.585199714,-0.810889125,0.000279973232,8.73114914e-11,0.000345267035,0.99999994],"scale":1,"type":"guardrail2_red"}
{"ctxid":0,"pos":[-173.524094,-151.133881,120.251114],"rotationMatrix":[-0.810889125,-0.585199714,0.000202050243,0.585199714,-0.810889125,0.000279973232,8.73114914e-11,0.000345267035,0.99999994],"scale":1,"type":"guardrail2_red"}
{"ctxid":0,"pos":[-173.524094,-151.133881,119.923882],"rotationMatrix":[-0.810889125,-0.585199714,0.000202050243,0.585199714,-0.810889125,0.000279973232,8.73114914e-11,0.000345267035,0.99999994],"scale":1,"type":"guardrail2_red"}
{"ctxid":0,"pos":[-180.01123,-155.81546,119.592529],"rotationMatrix":[-0.810895324,-0.58519125,0,0.58519125,-0.810895324,0,0,0,1],"scale":1,"type":"guardrail2_red"}
{"ctxid":0,"pos":[-180.01123,-155.81546,120.251114],"rotationMatrix":[-0.810895324,-0.58519125,0,0.58519125,-0.810895324,0,0,0,1],"scale":1,"type":"guardrail2_red"}
{"ctxid":0,"pos":[-180.01123,-155.81546,119.923882],"rotationMatrix":[-0.810895324,-0.58519125,0,0.58519125,-0.810895324,0,0,0,1],"scale":1,"type":"guardrail2_red"}
{"ctxid":0,"pos":[-192.985504,-165.178528,119.592522],"rotationMatrix":[-0.810888052,-0.585201263,0,0.585201263,-0.810888052,0,0,0,1],"scale":1,"type":"guardrail2_red"}
{"ctxid":0,"pos":[-192.985504,-165.178528,120.251099],"rotationMatrix":[-0.810888052,-0.585201263,0,0.585201263,-0.810888052,0,0,0,1],"scale":1,"type":"guardrail2_red"}
{"ctxid":0,"pos":[-192.985504,-165.178528,119.923874],"rotationMatrix":[-0.810888052,-0.585201263,0,0.585201263,-0.810888052,0,0,0,1],"scale":1,"type":"guardrail2_red"}
{"ctxid":0,"pos":[-208.118973,-154.521149,119.597511],"rotationMatrix":[0.809728503,0.586804688,0,-0.586804688,0.809728503,0,0,0,1],"scale":1,"type":"guardrail2_red"}
{"ctxid":0,"pos":[-208.118973,-154.521149,120.256088],"rotationMatrix":[0.809728503,0.586804688,0,-0.586804688,0.809728503,0,0,0,1],"scale":1,"type":"guardrail2_red"}
{"ctxid":0,"pos":[-208.118973,-154.521149,119.928856],"rotationMatrix":[0.809728503,0.586804688,0,-0.586804688,0.809728503,0,0,0,1],"scale":1,"type":"guardrail2_red"}
{"ctxid":0,"pos":[-201.641174,-149.826691,119.597496],"rotationMatrix":[0.809730709,0.586801648,0,-0.586801648,0.809730709,0,0,0,1],"scale":1,"type":"guardrail2_red"}
{"ctxid":0,"pos":[-201.641174,-149.826691,120.256081],"rotationMatrix":[0.809730709,0.586801648,0,-0.586801648,0.809730709,0,0,0,1],"scale":1,"type":"guardrail2_red"}
{"ctxid":0,"pos":[-201.641174,-149.826691,119.928856],"rotationMatrix":[0.809730709,0.586801648,0,-0.586801648,0.809730709,0,0,0,1],"scale":1,"type":"guardrail2_red"}
{"ctxid":0,"pos":[-195.163361,-145.132233,119.597466],"rotationMatrix":[0.809727848,0.586805463,-0.000345266977,-0.586805463,0.809727907,2.60479283e-08,0.000279587606,0.000202583484,0.99999994],"scale":1,"type":"guardrail2_red"}
{"ctxid":0,"pos":[-195.163361,-145.132233,120.256058],"rotationMatrix":[0.809727848,0.586805463,-0.000345266977,-0.586805463,0.809727907,2.60479283e-08,0.000279587606,0.000202583484,0.99999994],"scale":1,"type":"guardrail2_red"}
{"ctxid":0,"pos":[-195.163361,-145.132233,119.928825],"rotationMatrix":[0.809727848,0.586805463,-0.000345266977,-0.586805463,0.809727907,2.60479283e-08,0.000279587606,0.000202583484,0.99999994],"scale":1,"type":"guardrail2_red"}
{"ctxid":0,"pos":[-188.685547,-140.437759,119.597466],"rotationMatrix":[0.809725642,0.586808622,0,-0.586808622,0.809725642,0,0,0,1],"scale":0.99999994,"type":"guardrail2_red"}
{"ctxid":0,"pos":[-188.685547,-140.437759,120.256058],"rotationMatrix":[0.809725642,0.586808622,0,-0.586808622,0.809725642,0,0,0,1],"scale":0.99999994,"type":"guardrail2_red"}
{"ctxid":0,"pos":[-188.685547,-140.437759,119.928825],"rotationMatrix":[0.809725642,0.586808622,0,-0.586808622,0.809725642,0,0,0,1],"scale":0.99999994,"type":"guardrail2_red"}
{"ctxid":0,"pos":[-181.709213,-135.367828,119.597466],"rotationMatrix":[0.809727192,0.586806476,0,-0.586806476,0.809727192,0,0,0,1],"scale":0.99999994,"type":"guardrail2_red"}
{"ctxid":0,"pos":[-182.207748,-135.743286,120.25605],"rotationMatrix":[0.809727192,0.586806476,0,-0.586806476,0.809727192,0,0,0,1],"scale":0.99999994,"type":"guardrail2_red"}
{"ctxid":0,"pos":[-182.207748,-135.743286,119.928825],"rotationMatrix":[0.809727192,0.586806476,0,-0.586806476,0.809727192,0,0,0,1],"scale":0.99999994,"type":"guardrail2_red"}
{"ctxid":0,"pos":[-175.729935,-131.048843,119.597481],"rotationMatrix":[0.809728503,0.586804688,0,-0.586804688,0.809728503,0,0,0,1],"scale":1,"type":"guardrail2_red"}
{"ctxid":0,"pos":[-175.729935,-131.048843,120.25605],"rotationMatrix":[0.809728503,0.586804688,0,-0.586804688,0.809728503,0,0,0,1],"scale":1,"type":"guardrail2_red"}
{"ctxid":0,"pos":[-175.729935,-131.048843,119.928825],"rotationMatrix":[0.809728503,0.586804688,0,-0.586804688,0.809728503,0,0,0,1],"scale":1,"type":"guardrail2_red"}
{"ctxid":0,"pos":[-169.252121,-126.354385,119.597473],"rotationMatrix":[0.809727073,0.586806595,0,-0.586806595,0.809727073,0,0,0,1],"scale":1,"type":"guardrail2_red"}
{"ctxid":0,"pos":[-169.252121,-126.354385,120.256058],"rotationMatrix":[0.809727073,0.586806595,0,-0.586806595,0.809727073,0,0,0,1],"scale":1,"type":"guardrail2_red"}
{"ctxid":0,"pos":[-169.252121,-126.354385,119.928825],"rotationMatrix":[0.809727073,0.586806595,0,-0.586806595,0.809727073,0,0,0,1],"scale":1,"type":"guardrail2_red"}
{"ctxid":0,"pos":[-162.774323,-121.65992,119.597466],"rotationMatrix":[0.809727073,0.586806595,0,-0.586806595,0.809727073,0,0,0,1],"scale":1,"type":"guardrail2_red"}
{"ctxid":0,"pos":[-162.774323,-121.65992,120.256058],"rotationMatrix":[0.809727073,0.586806595,0,-0.586806595,0.809727073,0,0,0,1],"scale":1,"type":"guardrail2_red"}
{"ctxid":0,"pos":[-162.774323,-121.65992,119.928825],"rotationMatrix":[0.809727073,0.586806595,0,-0.586806595,0.809727073,0,0,0,1],"scale":1,"type":"guardrail2_red"}
{"ctxid":0,"pos":[-156.296509,-116.965462,119.597473],"rotationMatrix":[0.809725583,0.586808741,0,-0.586808741,0.809725583,0,0,0,1],"scale":1,"type":"guardrail2_red"}
{"ctxid":0,"pos":[-156.296509,-116.965462,120.256058],"rotationMatrix":[0.809725583,0.586808741,0,-0.586808741,0.809725583,0,0,0,1],"scale":1,"type":"guardrail2_red"}
{"ctxid":0,"pos":[-156.296509,-116.965462,119.928825],"rotationMatrix":[0.809725583,0.586808741,0,-0.586808741,0.809725583,0,0,0,1],"scale":1,"type":"guardrail2_red"}
{"ctxid":0,"pos":[-149.818695,-112.270988,119.597481],"rotationMatrix":[0.809725523,0.586808741,0.000345267094,-0.586808741,0.809725583,6.93398761e-09,-0.000279567525,-0.000202611351,0.99999994],"scale":1,"type":"guardrail2_red"}
{"ctxid":0,"pos":[-149.81871,-112.270996,120.256065],"rotationMatrix":[0.809725583,0.586808741,0,-0.586808741,0.809725583,0,0,0,1],"scale":1,"type":"guardrail2_red"}
{"ctxid":0,"pos":[-149.81871,-112.270996,119.928841],"rotationMatrix":[0.809725642,0.586808622,0,-0.586808622,0.809725642,0,0,0,1],"scale":1,"type":"guardrail2_red"}
{"ctxid":0,"pos":[-143.340897,-107.57653,119.597511],"rotationMatrix":[0.809725821,0.586808383,0,-0.586808383,0.809725821,0,0,0,1],"scale":1,"type":"guardrail2_red"}
{"ctxid":0,"pos":[-143.340897,-107.57653,120.256088],"rotationMatrix":[0.809725583,0.586808741,0,-0.586808741,0.809725583,0,0,0,1],"scale":1,"type":"guardrail2_red"}
{"ctxid":0,"pos":[-143.340897,-107.57653,119.928856],"rotationMatrix":[0.809725821,0.586808383,0,-0.586808383,0.809725821,0,0,0,1],"scale":1,"type":"guardrail2_red"}
{"ctxid":0,"pos":[-136.863098,-102.882072,119.597504],"rotationMatrix":[0.809726238,0.586807787,0,-0.586807787,0.809726238,0,0,0,1],"scale":1,"type":"guardrail2_red"}
{"ctxid":0,"pos":[-136.863098,-102.882072,120.256081],"rotationMatrix":[0.809726119,0.586808026,0,-0.586808026,0.809726119,0,0,0,1],"scale":1,"type":"guardrail2_red"}
{"ctxid":0,"pos":[-136.863098,-102.882072,119.928856],"rotationMatrix":[0.809726119,0.586808026,0,-0.586808026,0.809726119,0,0,0,1],"scale":1,"type":"guardrail2_red"}
{"ctxid":0,"pos":[-130.385269,-98.1876068,119.597504],"rotationMatrix":[0.809726357,0.586807668,0,-0.586807668,0.809726357,0,0,0,1],"scale":1,"type":"guardrail2_red"}
{"ctxid":0,"pos":[-130.385269,-98.1876068,120.256081],"rotationMatrix":[0.809726357,0.586807668,0,-0.586807668,0.809726357,0,0,0,1],"scale":1,"type":"guardrail2_red"}
{"ctxid":0,"pos":[-130.385269,-98.1876068,119.928856],"rotationMatrix":[0.809726357,0.586807668,0,-0.586807668,0.809726357,0,0,0,1],"scale":1,"type":"guardrail2_red"}
{"ctxid":0,"pos":[-123.907448,-93.4931412,119.597504],"rotationMatrix":[0.809726536,0.58680743,0,-0.58680743,0.809726536,0,0,0,1],"scale":1,"type":"guardrail2_red"}
{"ctxid":0,"pos":[-123.907448,-93.4931412,120.256081],"rotationMatrix":[0.809726536,0.58680743,0,-0.58680743,0.809726536,0,0,0,1],"scale":1,"type":"guardrail2_red"}
{"ctxid":0,"pos":[-123.907448,-93.4931412,119.928856],"rotationMatrix":[0.809726536,0.58680743,0,-0.58680743,0.809726536,0,0,0,1],"scale":1,"type":"guardrail2_red"}
{"ctxid":0,"pos":[-117.429642,-88.7986908,119.597504],"rotationMatrix":[0.809726536,0.58680743,0,-0.58680743,0.809726536,0,0,0,1],"scale":1,"type":"guardrail2_red"}
{"ctxid":0,"pos":[-117.429642,-88.7986832,120.256081],"rotationMatrix":[0.809726357,0.586807668,0,-0.586807668,0.809726357,0,0,0,1],"scale":1,"type":"guardrail2_red"}
{"ctxid":0,"pos":[-117.429642,-88.7986832,119.928856],"rotationMatrix":[0.809726238,0.586807787,0,-0.586807787,0.809726238,0,0,0,1],"scale":1,"type":"guardrail2_red"}
{"ctxid":0,"pos":[-110.951836,-84.1042252,119.597466],"rotationMatrix":[0.809726,0.586808205,0,-0.586808205,0.809726,0,0,0,1],"scale":1,"type":"guardrail2_red"}
{"ctxid":0,"pos":[-110.951836,-84.1042252,120.256058],"rotationMatrix":[0.809726,0.586808205,0,-0.586808205,0.809726,0,0,0,1],"scale":1,"type":"guardrail2_red"}
{"ctxid":0,"pos":[-110.951836,-84.1042252,119.928825],"rotationMatrix":[0.809726,0.586808205,0,-0.586808205,0.809726,0,0,0,1],"scale":1,"type":"guardrail2_red"}
{"ctxid":0,"pos":[-104.47403,-79.4097595,119.597466],"rotationMatrix":[0.809725642,0.586808622,0,-0.586808622,0.809725642,0,0,0,1],"scale":1,"type":"guardrail2_red"}
{"ctxid":0,"pos":[-104.47403,-79.4097595,120.256058],"rotationMatrix":[0.809725642,0.586808622,0,-0.586808622,0.809725642,0,0,0,1],"scale":1,"type":"guardrail2_red"}
{"ctxid":0,"pos":[-104.47403,-79.4097595,119.928825],"rotationMatrix":[0.809725642,0.586808622,0,-0.586808622,0.809725642,0,0,0,1],"scale":1,"type":"guardrail2_red"}
{"ctxid":0,"pos":[-97.9962158,-74.7152939,119.597481],"rotationMatrix":[0.809726119,0.586808026,0,-0.586808026,0.809726119,0,0,0,1],"scale":1,"type":"guardrail2_red"}
{"ctxid":0,"pos":[-97.9962158,-74.7152939,120.25605],"rotationMatrix":[0.809726119,0.586808026,0,-0.586808026,0.809726119,0,0,0,1],"scale":1,"type":"guardrail2_red"}
{"ctxid":0,"pos":[-97.9962158,-74.7152939,119.928825],"rotationMatrix":[0.809726119,0.586808026,0,-0.586808026,0.809726119,0,0,0,1],"scale":1,"type":"guardrail2_red"}
{"ctxid":0,"pos":[-91.5184021,-70.0208282,119.597481],"rotationMatrix":[0.809725642,0.586808622,0,-0.586808622,0.809725642,0,0,0,1],"scale":1,"type":"guardrail2_red"}
{"ctxid":0,"pos":[-91.5184021,-70.0208282,120.256058],"rotationMatrix":[0.809725642,0.586808622,0,-0.586808622,0.809725642,0,0,0,1],"scale":1,"type":"guardrail2_red"}
{"ctxid":0,"pos":[-91.5184021,-70.0208282,119.928825],"rotationMatrix":[0.809725642,0.586808622,0,-0.586808622,0.809725642,0,0,0,1],"scale":1,"type":"guardrail2_red"}
{"ctxid":0,"pos":[-85.0406036,-65.3263702,119.597473],"rotationMatrix":[0.809725523,0.586808801,-0.00020260569,-0.586808801,0.809725463,-0.000279571483,-1.45519152e-11,0.000345266977,0.99999994],"scale":1,"type":"guardrail2_red"}
{"ctxid":0,"pos":[-85.0406036,-65.3263702,120.256058],"rotationMatrix":[0.809725523,0.586808801,-0.00020260569,-0.586808801,0.809725463,-0.000279571483,-1.45519152e-11,0.000345266977,0.99999994],"scale":1,"type":"guardrail2_red"}
{"ctxid":0,"pos":[-85.0406036,-65.3263702,119.928825],"rotationMatrix":[0.809725523,0.586808801,-0.00020260569,-0.586808801,0.809725463,-0.000279571483,-1.45519152e-11,0.000345266977,0.99999994],"scale":1,"type":"guardrail2_red"}
{"ctxid":0,"pos":[-78.5627975,-60.6319199,119.597481],"rotationMatrix":[0.809726834,0.586807013,0,-0.586807013,0.809726834,0,0,0,1],"scale":1,"type":"guardrail2_red"}
{"ctxid":0,"pos":[-78.5627975,-60.6319199,120.256065],"rotationMatrix":[0.809726834,0.586807013,0,-0.586807013,0.809726834,0,0,0,1],"scale":1,"type":"guardrail2_red"}
{"ctxid":0,"pos":[-78.5627975,-60.6319199,119.928825],"rotationMatrix":[0.809726834,0.586807013,0,-0.586807013,0.809726834,0,0,0,1],"scale":1,"type":"guardrail2_red"}
{"ctxid":0,"pos":[-72.0849762,-55.937439,119.597473],"rotationMatrix":[0.809724808,0.586809754,-0.000202605996,-0.586809754,0.809724748,-0.000279571279,-5.82076609e-11,0.000345267006,0.99999994],"scale":1,"type":"guardrail2_red"}
{"ctxid":0,"pos":[-72.0849762,-55.937439,120.25605],"rotationMatrix":[0.809724808,0.586809695,0.000345267064,-0.586809695,0.809724867,1.9572326e-09,-0.000279570173,-0.000202607655,0.99999994],"scale":1,"type":"guardrail2_red"}
{"ctxid":0,"pos":[-72.0849762,-55.937439,119.928825],"rotationMatrix":[0.809724808,0.586809754,-0.000202605996,-0.586809754,0.809724748,-0.000279571279,-5.82076609e-11,0.000345267006,0.99999994],"scale":1,"type":"guardrail2_red"}
{"ctxid":0,"pos":[-65.6071701,-51.242981,119.597473],"rotationMatrix":[0.809725404,0.58680898,0,-0.58680898,0.809725404,0,0,0,1],"scale":1,"type":"guardrail2_red"}
{"ctxid":0,"pos":[-65.6071701,-51.242981,120.256058],"rotationMatrix":[0.809725404,0.58680898,0,-0.58680898,0.809725404,0,0,0,1],"scale":1,"type":"guardrail2_red"}
{"ctxid":0,"pos":[-65.6071701,-51.242981,119.928825],"rotationMatrix":[0.809725404,0.58680898,0,-0.58680898,0.809725404,0,0,0,1],"scale":1,"type":"guardrail2_red"}
{"ctxid":0,"pos":[-59.1293716,-46.5485229,119.597473],"rotationMatrix":[0.809726536,0.58680743,0,-0.58680743,0.809726536,0,0,0,1],"scale":1,"type":"guardrail2_red"}
{"ctxid":0,"pos":[-59.1293716,-46.5485229,120.25605],"rotationMatrix":[0.809726536,0.58680743,0,-0.58680743,0.809726536,0,0,0,1],"scale":1,"type":"guardrail2_red"}
{"ctxid":0,"pos":[-59.1293716,-46.5485229,119.928825],"rotationMatrix":[0.809726536,0.58680743,0,-0.58680743,0.809726536,0,0,0,1],"scale":1,"type":"guardrail2_red"}
{"ctxid":0,"pos":[-52.6515274,-41.8540497,119.597473],"rotationMatrix":[0.80972445,0.58681035,0,-0.58681035,0.80972445,0,0,0,1],"scale":0.99999994,"type":"guardrail2_red"}
{"ctxid":0,"pos":[-52.6515274,-41.8540497,120.256058],"rotationMatrix":[0.80972445,0.58681035,0,-0.58681035,0.80972445,0,0,0,1],"scale":0.99999994,"type":"guardrail2_red"}
{"ctxid":0,"pos":[-52.6515274,-41.8540497,119.928825],"rotationMatrix":[0.80972445,0.58681035,0,-0.58681035,0.80972445,0,0,0,1],"scale":0.99999994,"type":"guardrail2_red"}
{"ctxid":0,"pos":[-46.1737366,-37.1596069,119.597481],"rotationMatrix":[0.809725285,0.586809158,0,-0.586809158,0.809725285,0,0,0,1],"scale":1,"type":"guardrail2_red"}
{"ctxid":0,"pos":[-46.1737366,-37.1596069,120.256065],"rotationMatrix":[0.809725285,0.586809158,0,-0.586809158,0.809725285,0,0,0,1],"scale":1,"type":"guardrail2_red"}
{"ctxid":0,"pos":[-46.1737366,-37.1596069,119.928825],"rotationMatrix":[0.809725285,0.586809158,0,-0.586809158,0.809725285,0,0,0,1],"scale":1,"type":"guardrail2_red"}
{"ctxid":0,"pos":[-39.6959381,-32.4651566,119.597473],"rotationMatrix":[0.80972749,0.586806059,0,-0.586806059,0.80972749,0,0,0,1],"scale":1,"type":"guardrail2_red"}
{"ctxid":0,"pos":[-39.6959381,-32.4651566,120.25605],"rotationMatrix":[0.80972749,0.586806059,0,-0.586806059,0.80972749,0,0,0,1],"scale":1,"type":"guardrail2_red"}
{"ctxid":0,"pos":[-39.6959381,-32.4651566,119.928825],"rotationMatrix":[0.80972749,0.586806059,0,-0.586806059,0.80972749,0,0,0,1],"scale":1,"type":"guardrail2_red"}
{"ctxid":0,"pos":[-33.2181168,-27.7706795,119.597481],"rotationMatrix":[0.809725642,0.586808622,0,-0.586808622,0.809725642,0,0,0,1],"scale":0.99999994,"type":"guardrail2_red"}
{"ctxid":0,"pos":[-33.2181168,-27.7706795,120.256058],"rotationMatrix":[0.809725642,0.586808622,0,-0.586808622,0.809725642,0,0,0,1],"scale":0.99999994,"type":"guardrail2_red"}
{"ctxid":0,"pos":[-33.2181168,-27.7706795,119.928825],"rotationMatrix":[0.809725642,0.586808622,0,-0.586808622,0.809725642,0,0,0,1],"scale":0.99999994,"type":"guardrail2_red"}
{"ctxid":0,"pos":[-26.7403259,-23.0762177,119.597466],"rotationMatrix":[0.809721649,0.586814165,0,-0.586814165,0.809721649,0,0,0,1],"scale":1,"type":"guardrail2_red"}
{"ctxid":0,"pos":[-26.7403259,-23.0762177,120.25605],"rotationMatrix":[0.809721649,0.586814165,0,-0.586814165,0.809721649,0,0,0,1],"scale":1,"type":"guardrail2_red"}
{"ctxid":0,"pos":[-26.7403259,-23.0762177,119.928825],"rotationMatrix":[0.809721649,0.586814165,0,-0.586814165,0.809721649,0,0,0,1],"scale":1,"type":"guardrail2_red"}
{"ctxid":0,"pos":[-20.2625198,-18.3817444,119.597481],"rotationMatrix":[0.809725821,0.586808383,0,-0.586808383,0.809725821,0,0,0,1],"scale":1,"type":"guardrail2_red"}
{"ctxid":0,"pos":[-20.2625198,-18.3817444,120.25605],"rotationMatrix":[0.809725821,0.586808383,0,-0.586808383,0.809725821,0,0,0,1],"scale":1,"type":"guardrail2_red"}
{"ctxid":0,"pos":[-20.2625198,-18.3817444,119.928825],"rotationMatrix":[0.809725821,0.586808383,0,-0.586808383,0.809725821,0,0,0,1],"scale":1,"type":"guardrail2_red"}
{"ctxid":0,"pos":[-13.7846832,-13.6872559,119.597481],"rotationMatrix":[0.809724033,0.586810887,0,-0.586810887,0.809724033,0,0,0,1],"scale":1,"type":"guardrail2_red"}
{"ctxid":0,"pos":[-13.7846832,-13.6872559,120.256065],"rotationMatrix":[0.809724033,0.586810887,0,-0.586810887,0.809724033,0,0,0,1],"scale":1,"type":"guardrail2_red"}
{"ctxid":0,"pos":[-13.7846832,-13.6872559,119.928825],"rotationMatrix":[0.809724033,0.586810887,0,-0.586810887,0.809724033,0,0,0,1],"scale":1,"type":"guardrail2_red"}
{"ctxid":0,"pos":[-7.30686188,-8.99281311,119.597504],"rotationMatrix":[0.809721231,0.586814761,0,-0.586814761,0.809721231,0,0,0,1],"scale":1,"type":"guardrail2_red"}
{"ctxid":0,"pos":[-7.30686188,-8.99281311,120.256081],"rotationMatrix":[0.809721231,0.586814761,0,-0.586814761,0.809721231,0,0,0,1],"scale":1,"type":"guardrail2_red"}
{"ctxid":0,"pos":[-7.30686188,-8.99281311,119.928856],"rotationMatrix":[0.809721231,0.586814761,0,-0.586814761,0.809721231,0,0,0,1],"scale":1,"type":"guardrail2_red"}
{"ctxid":0,"pos":[-0.829048157,-4.29833984,119.597511],"rotationMatrix":[0.809726,0.586808205,0,-0.586808205,0.809726,0,0,0,1],"scale":1,"type":"guardrail2_red"}
{"ctxid":0,"pos":[-0.829048157,-4.29833984,120.256088],"rotationMatrix":[0.809726,0.586808205,0,-0.586808205,0.809726,0,0,0,1],"scale":1,"type":"guardrail2_red"}
{"ctxid":0,"pos":[-0.829048157,-4.29833984,119.928856],"rotationMatrix":[0.809726,0.586808205,0,-0.586808205,0.809726,0,0,0,1],"scale":1,"type":"guardrail2_red"}
{"ctxid":0,"pos":[5.64875793,0.396110535,119.597504],"rotationMatrix":[0.809724987,0.586809576,0,-0.586809576,0.809724987,0,0,0,1],"scale":1,"type":"guardrail2_red"}
{"ctxid":0,"pos":[5.64875793,0.396110535,120.256081],"rotationMatrix":[0.809724987,0.586809576,0,-0.586809576,0.809724987,0,0,0,1],"scale":1,"type":"guardrail2_red"}
{"ctxid":0,"pos":[5.64875793,0.396110535,119.928856],"rotationMatrix":[0.809724987,0.586809576,0,-0.586809576,0.809724987,0,0,0,1],"scale":1,"type":"guardrail2_red"}
{"ctxid":0,"pos":[12.1265411,5.09052277,119.597504],"rotationMatrix":[0.809727073,0.586806595,0,-0.586806595,0.809727073,0,0,0,1],"scale":1,"type":"guardrail2_red"}
{"ctxid":0,"pos":[12.1265411,5.09052277,120.256081],"rotationMatrix":[0.809727073,0.586806595,0,-0.586806595,0.809727073,0,0,0,1],"scale":1,"type":"guardrail2_red"}
{"ctxid":0,"pos":[12.1265411,5.09052277,119.928856],"rotationMatrix":[0.809727073,0.586806595,0,-0.586806595,0.809727073,0,0,0,1],"scale":1,"type":"guardrail2_red"}
{"ctxid":0,"pos":[18.6043854,9.78501892,119.597473],"rotationMatrix":[0.80972904,0.586803973,-0.000202604046,-0.586803973,0.80972898,-0.000279572618,4.36557457e-11,0.000345266948,0.99999994],"scale":1,"type":"guardrail2_red"}
{"ctxid":0,"pos":[18.6043854,9.78501892,120.25605],"rotationMatrix":[0.80972892,0.586804152,0,-0.586804152,0.80972892,0,0,0,1],"scale":1,"type":"guardrail2_red"}
{"ctxid":0,"pos":[18.6043854,9.78501892,119.928825],"rotationMatrix":[0.80972892,0.586804152,0,-0.586804152,0.80972892,0,0,0,1],"scale":1,"type":"guardrail2_red"}
