{"ctxid":0,"pos":[-163.911926,-407.747314,123.770195],"rotationMatrix":[-0.938925028,-0.341722518,-0.0405602381,0.338057548,-0.937980056,0.0768777579,-0.0643155649,0.0584707707,0.996215165],"scale":1.16525137,"type":"hr_tirestack_white"}
{"ctxid":0,"pos":[-164.457626,-408.210724,123.762169],"rotationMatrix":[-0.478856564,-0.877651572,0.0205969997,0.875534177,-0.475719452,0.0844457746,-0.0643155724,0.0584707819,0.996215165],"scale":1.16525149,"type":"hr_tirestack_white"}
{"ctxid":0,"pos":[-164.988449,-408.672852,123.752159],"rotationMatrix":[0.260582626,-0.962545931,0.0748460516,0.962901056,0.264743447,0.0522731841,-0.0701303408,0.0584478527,0.995824099],"scale":1.16525137,"type":"hr_tirestack_white"}
{"ctxid":0,"pos":[-163.368683,-407.30072,123.780235],"rotationMatrix":[-0.810699701,0.579555988,-0.0829493999,-0.581916213,-0.813230872,0.00538264029,-0.0643374771,0.0526333079,0.996539235],"scale":1.16525137,"type":"hr_tirestack_white"}
{"ctxid":0,"pos":[-163.212845,-407.993286,123.79023],"rotationMatrix":[-0.939271688,-0.342866689,-0.0145250829,0.342722327,-0.939365625,0.0115533071,-0.0176056083,0.00587362517,0.999827743],"scale":1.16525137,"type":"hr_tirestack_white"}
{"ctxid":0,"pos":[-163.758545,-408.456696,123.784866],"rotationMatrix":[-0.476055503,-0.879415154,-0.00042343,0.879336834,-0.476019382,0.0131213022,-0.0117406324,0.00587412994,0.999913812],"scale":1.16525149,"type":"hr_tirestack_white"}
{"ctxid":0,"pos":[-164.289368,-408.918823,123.778893],"rotationMatrix":[0.265966713,-0.963977158,0.00312288944,0.963910758,0.265985072,0.0113178901,-0.0117408289,4.19095159e-09,0.999931097],"scale":1.16525137,"type":"hr_tirestack_white"}
{"ctxid":0,"pos":[-162.669586,-407.546692,123.797173],"rotationMatrix":[-0.814543962,0.57983017,-0.017749304,-0.57983458,-0.81471622,-0.00542392675,-0.0176056009,0.00587363169,0.999827743],"scale":1.16525137,"type":"hr_tirestack_white"}
{"ctxid":0,"pos":[-159.617813,-403.985107,123.824135],"rotationMatrix":[-0.941587687,-0.336450994,-0.0146035524,0.336307287,-0.941682696,0.0114539517,-0.0176056065,0.00587361958,0.999827743],"scale":1.16525137,"type":"hr_tirestack_white"}
{"ctxid":0,"pos":[-160.166656,-404.444763,123.817177],"rotationMatrix":[-0.48212409,-0.876096606,-0.00334280822,0.875926018,-0.482099891,0.0182560161,-0.017605599,0.00587361166,0.999827743],"scale":1.16525149,"type":"hr_tirestack_white"}
{"ctxid":0,"pos":[-160.700623,-404.903259,123.811638],"rotationMatrix":[0.259203076,-0.965783596,0.00870775152,0.965751529,0.259282947,0.0098109208,-0.0117329983,0.00586650334,0.999913931],"scale":1.16525137,"type":"hr_tirestack_white"}
{"ctxid":0,"pos":[-159.071533,-403.542236,123.828644],"rotationMatrix":[-0.810727954,0.585279763,-0.0129575757,-0.585305393,-0.810810208,-0.00210922817,-0.0117406221,0.00587412855,0.999913812],"scale":1.16525137,"type":"hr_tirestack_white"}
{"ctxid":0,"pos":[-158.920425,-404.23584,123.834496],"rotationMatrix":[-0.941617846,-0.336561501,-0.00907433592,0.336479306,-0.941643357,0.00947287586,-0.0117329918,0.00586650241,0.999913931],"scale":1.16525137,"type":"hr_tirestack_white"}
{"ctxid":0,"pos":[-159.469269,-404.695496,123.82959],"rotationMatrix":[-0.481883168,-0.876217186,-0.00565458648,0.876156867,-0.481916308,0.010280747,-0.011733206,-1.85798854e-07,0.999931157],"scale":1.16525149,"type":"hr_tirestack_white"}
{"ctxid":0,"pos":[-160.003235,-405.154022,123.823334],"rotationMatrix":[0.259385288,-0.965769053,0.00304538617,0.965702534,0.259403169,0.0113388132,-0.0117406584,-1.83470547e-07,0.999931097],"scale":1.16525137,"type":"hr_tirestack_white"}
{"ctxid":0,"pos":[-158.374146,-403.792969,123.839035],"rotationMatrix":[-0.810569525,0.585374713,-0.0177075006,-0.585377812,-0.810741663,-0.00555112166,-0.0176056959,0.00586600741,0.999827802],"scale":1.16525137,"type":"hr_tirestack_white"}
{"ctxid":0,"pos":[-155.294647,-400.284027,123.866806],"rotationMatrix":[-0.950158834,-0.311410218,-0.0149039561,0.311269194,-0.950257659,0.0110561894,-0.0176056065,0.00586599205,0.999827802],"scale":1.16525137,"type":"hr_tirestack_white"}
{"ctxid":0,"pos":[-155.855469,-400.729004,123.861626],"rotationMatrix":[-0.505064249,-0.863081217,-0.000862731133,0.863001943,-0.50503087,0.0130894836,-0.0117329936,0.00586649217,0.999913931],"scale":1.16525149,"type":"hr_tirestack_white"}
{"ctxid":0,"pos":[-156.401382,-401.173187,123.857811],"rotationMatrix":[0.233548522,-0.972308457,0.00844499376,0.972274363,0.233627498,0.0100379828,-0.0117329983,0.0058664945,0.999913931],"scale":1.16525137,"type":"hr_tirestack_white"}
{"ctxid":0,"pos":[-154.736832,-399.855774,123.874107],"rotationMatrix":[-0.794792175,0.606627762,-0.017554177,-0.606626332,-0.794964314,-0.00601780834,-0.0176055152,0.00586591987,0.999827802],"scale":1.16525137,"type":"hr_tirestack_white"}
{"ctxid":0,"pos":[-154.604141,-400.553131,123.880531],"rotationMatrix":[-0.950158596,-0.311410218,-0.0149014974,0.311269075,-0.950257301,0.0110634062,-0.0176055171,0.00587361678,0.999827743],"scale":1.16525137,"type":"hr_tirestack_white"}
{"ctxid":0,"pos":[-155.164963,-400.998108,123.873268],"rotationMatrix":[-0.50513792,-0.863030076,-0.0038247644,0.862859011,-0.505118251,0.0181610826,-0.0176055189,0.00587361911,0.999827743],"scale":1.16525149,"type":"hr_tirestack_white"}
{"ctxid":0,"pos":[-155.710876,-401.442352,123.867508],"rotationMatrix":[0.233548045,-0.972308517,0.00845418777,0.972274423,0.2336272,0.0100436285,-0.0117406333,0.00587412016,0.999913812],"scale":1.16525137,"type":"hr_tirestack_white"}
{"ctxid":0,"pos":[-154.046326,-400.124878,123.885178],"rotationMatrix":[-0.794949889,0.606538117,-0.0128924642,-0.606561482,-0.79503274,-0.00245770765,-0.0117406249,0.00586631848,0.999913871],"scale":1.16525137,"type":"hr_tirestack_white"}
{"ctxid":0,"pos":[-150.956955,-396.651459,123.912796],"rotationMatrix":[-0.946503043,-0.32256344,-0.00921855867,0.322481483,-0.946529627,0.00934697874,-0.0117406324,0.00587412808,0.999913812],"scale":1.16525137,"type":"hr_tirestack_white"}
{"ctxid":0,"pos":[-151.512558,-397.102936,123.908859],"rotationMatrix":[-0.495055676,-0.868853688,-0.00361310085,0.868682861,-0.495034099,0.0182043426,-0.0176055189,0.00587352505,0.999827743],"scale":1.16525149,"type":"hr_tirestack_white"}
{"ctxid":0,"pos":[-152.053253,-397.553467,123.901978],"rotationMatrix":[0.244691551,-0.969549417,0.00999711081,0.969441056,0.244825363,0.0156340487,-0.0176055282,0.00586609077,0.999827802],"scale":1.16525137,"type":"hr_tirestack_white"}
{"ctxid":0,"pos":[-150.40416,-396.216766,123.917297],"rotationMatrix":[-0.801802039,0.597329795,-0.0176173542,-0.597330391,-0.801974058,-0.0058086412,-0.0175983403,0.0058659995,0.999827921],"scale":1.16525137,"type":"hr_tirestack_white"}
{"ctxid":0,"pos":[-150.263351,-396.912506,123.923866],"rotationMatrix":[-0.946469426,-0.322455049,-0.0147741716,0.322312832,-0.946566582,0.0112290801,-0.0176056121,0.00586607587,0.999827802],"scale":1.16525137,"type":"hr_tirestack_white"}
{"ctxid":0,"pos":[-150.818954,-397.363983,123.918587],"rotationMatrix":[-0.494978905,-0.86890471,-0.000710154418,0.868825793,-0.494944572,0.0130988909,-0.0117331762,0.00586667378,0.999913931],"scale":1.16525149,"type":"hr_tirestack_white"}
{"ctxid":0,"pos":[-151.359665,-397.814545,123.914902],"rotationMatrix":[0.244856656,-0.969521523,0.00856138393,0.969488382,0.244936049,0.00993912015,-0.0117331818,0.00586650055,0.999913931],"scale":1.16525137,"type":"hr_tirestack_white"}
{"ctxid":0,"pos":[-149.710556,-396.477783,123.931053],"rotationMatrix":[-0.80180192,0.597330093,-0.0176275242,-0.597330689,-0.801974177,-0.00580714736,-0.0176056009,0.00587327965,0.999827743],"scale":1.16525137,"type":"hr_tirestack_white"}
{"ctxid":0,"pos":[-146.656708,-392.963684,123.95652],"rotationMatrix":[-0.939191103,-0.343218148,-0.0110276407,0.343194485,-0.939255834,0.00402966514,-0.0117408289,-4.65661287e-10,0.999931097],"scale":1.16525137,"type":"hr_tirestack_white"}
{"ctxid":0,"pos":[-147.202332,-393.427155,123.950111],"rotationMatrix":[-0.475778818,-0.879547358,-0.00558642251,0.87948668,-0.475811601,0.0103266193,-0.0117408335,9.31322575e-10,0.999931097],"scale":1.16525149,"type":"hr_tirestack_white"}
{"ctxid":0,"pos":[-147.733078,-393.889343,123.946175],"rotationMatrix":[0.265913844,-0.963956714,0.00878511183,0.963925242,0.265994072,0.00975526497,-0.0117404405,0.00587413134,0.999913812],"scale":1.16525137,"type":"hr_tirestack_white"}
{"ctxid":0,"pos":[-146.113495,-392.517029,123.962891],"rotationMatrix":[-0.814885497,0.579542994,-0.00956172869,-0.579503059,-0.814941645,-0.00679978635,-0.0117330197,3.95812094e-09,0.999931157],"scale":1.16525137,"type":"hr_tirestack_white"}
{"ctxid":0,"pos":[-145.957565,-393.209564,123.963249],"rotationMatrix":[-0.939135194,-0.34346506,-0.00752486754,0.343497366,-0.939146996,-0.00349425268,-0.00586680416,-0.00586634874,0.999965608],"scale":1.16525137,"type":"hr_tirestack_white"}
{"ctxid":0,"pos":[-146.503204,-393.673035,123.958336],"rotationMatrix":[-0.475694776,-0.879606009,-0.00279090134,0.879590869,-0.475703001,0.00516056176,-0.00586690055,6.98491931e-10,0.999982774],"scale":1.16525149,"type":"hr_tirestack_white"}
{"ctxid":0,"pos":[-147.033981,-394.135254,123.955223],"rotationMatrix":[0.266238749,-0.963905871,0.00156202563,0.963889301,0.266243339,0.00565514993,-0.00586691126,-2.32830644e-10,0.999982774],"scale":1.16525137,"type":"hr_tirestack_white"}
{"ctxid":0,"pos":[-145.414383,-392.762878,123.968552],"rotationMatrix":[-0.815185785,0.579189539,0.00339760398,-0.579199553,-0.815171719,-0.00478253141,-3.61236744e-07,-0.00586654246,0.999982774],"scale":1.16525137,"type":"hr_tirestack_white"}
{"ctxid":0,"pos":[-142.40625,-389.197906,123.989471],"rotationMatrix":[-0.939110756,-0.343608469,-0.00201870152,0.34361437,-0.939094543,-0.0055171689,-5.82076609e-09,-0.00587488804,0.999982715],"scale":1.16525137,"type":"hr_tirestack_white"}
{"ctxid":0,"pos":[-142.951874,-389.661438,123.986755],"rotationMatrix":[-0.475465059,-0.879719496,-0.00516107399,0.879734635,-0.475456834,-0.00278958213,1.82306394e-07,-0.00586672407,0.999982774],"scale":1.16525149,"type":"hr_tirestack_white"}
{"ctxid":0,"pos":[-143.48262,-390.123596,123.984047],"rotationMatrix":[0.266521156,-0.96381253,-0.00565457018,0.9638291,0.266516566,0.00156343053,1.83004886e-07,-0.00586672593,0.999982774],"scale":1.16525137,"type":"hr_tirestack_white"}
{"ctxid":0,"pos":[-141.863037,-388.751282,123.992096],"rotationMatrix":[-0.815186024,0.57918936,0.00340273185,-0.579199374,-0.815171957,-0.0047891289,-1.16415322e-09,-0.00587489083,0.999982715],"scale":1.16525137,"type":"hr_tirestack_white"}
{"ctxid":0,"pos":[-141.707108,-389.443817,123.988037],"rotationMatrix":[-0.939110756,-0.343608439,-0.00201891386,0.343614399,-0.939094543,-0.00551671162,-3.62284482e-07,-0.00587453134,0.999982774],"scale":1.16525137,"type":"hr_tirestack_white"}
{"ctxid":0,"pos":[-142.252747,-389.907288,123.985313],"rotationMatrix":[-0.47546494,-0.879719496,-0.00516148657,0.879734635,-0.475456834,-0.00278918864,-3.60189006e-07,-0.00586690055,0.999982774],"scale":1.16525149,"type":"hr_tirestack_white"}
{"ctxid":0,"pos":[-142.783524,-390.369537,123.982597],"rotationMatrix":[0.266521156,-0.96381253,-0.00565479137,0.9638291,0.266516566,0.00156331132,3.56929377e-07,-0.00586690754,0.999982774],"scale":1.16525137,"type":"hr_tirestack_white"}
{"ctxid":0,"pos":[-141.163925,-388.997131,123.988686],"rotationMatrix":[-0.815240145,0.579064965,0.00819103047,-0.579093099,-0.815260172,-0.00138739566,0.00587442843,-0.00587442983,0.999965489],"scale":1.16525137,"type":"hr_tirestack_white"}
{"ctxid":0,"pos":[-138.1185,-385.413513,124.001854],"rotationMatrix":[-0.938925028,-0.344051003,0.00698033487,0.343921781,-0.938877702,-0.0150516499,0.0117322151,-0.0117316805,0.999862373],"scale":1.16525137,"type":"hr_tirestack_white"}
{"ctxid":0,"pos":[-138.664124,-385.877014,124.001854],"rotationMatrix":[-0.47524929,-0.879818857,-0.00753551861,0.879831612,-0.475164175,-0.0107375551,0.0058664945,-0.011733003,0.999913931],"scale":1.16525149,"type":"hr_tirestack_white"}
{"ctxid":0,"pos":[-139.19487,-386.339203,123.999542],"rotationMatrix":[0.266761005,-0.963676751,-0.0128728747,0.963744819,0.266813576,-0.00252349535,0.00586649217,-0.0117329974,0.999913931],"scale":1.16525137,"type":"hr_tirestack_white"}
{"ctxid":0,"pos":[-137.575287,-384.966888,124.000717],"rotationMatrix":[-0.815333843,0.578760028,0.0163577478,-0.578872323,-0.815413594,-0.00277510472,0.0117322085,-0.0117316823,0.999862373],"scale":1.16525137,"type":"hr_tirestack_white"}
{"ctxid":0,"pos":[-137.419342,-385.659424,123.990753],"rotationMatrix":[-0.93892467,-0.344051421,0.00698535005,0.343921959,-0.938877225,-0.015062754,0.0117407497,-0.0117403781,0.999862134],"scale":1.16525137,"type":"hr_tirestack_white"}
{"ctxid":0,"pos":[-137.964996,-386.122925,123.991722],"rotationMatrix":[-0.475146294,-0.879893959,-0.00475262944,0.879828513,-0.475024939,-0.0159085225,0.0117401956,-0.0117403734,0.999862134],"scale":1.16525149,"type":"hr_tirestack_white"}
{"ctxid":0,"pos":[-138.495758,-386.585144,123.993027],"rotationMatrix":[0.266729534,-0.963731289,-0.00879340898,0.963699937,0.266809762,-0.00974800251,0.0117406221,-0.00587412762,0.999913812],"scale":1.16525137,"type":"hr_tirestack_white"}
{"ctxid":0,"pos":[-136.876175,-385.212769,123.987938],"rotationMatrix":[-0.81526649,0.578940868,0.0129696,-0.578967094,-0.815348506,0.00201442698,0.0117409769,-0.00586667703,0.999913871],"scale":1.16525137,"type":"hr_tirestack_white"}
{"ctxid":0,"pos":[-133.868042,-381.591827,124.081398],"rotationMatrix":[-0.938400984,-0.342462838,-0.0460763574,0.342350006,-0.939513206,0.0105645591,-0.0469073132,-0.00586044881,0.998882055],"scale":1.16525137,"type":"hr_tirestack_white"}
{"ctxid":0,"pos":[-134.413666,-382.055359,124.053055],"rotationMatrix":[-0.475685716,-0.879185438,-0.0274962913,0.878363729,-0.476443648,0.0384524949,-0.0469073057,-0.00586044416,0.998882055],"scale":1.16525149,"type":"hr_tirestack_white"}
{"ctxid":0,"pos":[-134.944412,-382.517517,124.038467],"rotationMatrix":[0.266140103,-0.963933825,-0.000969419256,0.963773489,0.26607722,0.0185314473,-0.0176051483,-0.00586626166,0.999827802],"scale":1.16525137,"type":"hr_tirestack_white"}
{"ctxid":0,"pos":[-133.1689,-381.837738,124.106873],"rotationMatrix":[-0.938416719,-0.34261623,-0.0445875898,0.343058854,-0.93931067,-0.00244675158,-0.0410433039,-0.0175922401,0.999002457],"scale":1.16525137,"type":"hr_tirestack_white"}
{"ctxid":0,"pos":[-133.714539,-382.301208,124.077553],"rotationMatrix":[-0.475288272,-0.879239857,-0.0322215334,0.879126012,-0.476054192,0.0225772597,-0.0351900235,-0.0175960809,0.999225736],"scale":1.16525149,"type":"hr_tirestack_white"}
{"ctxid":0,"pos":[-134.245316,-382.763458,124.053818],"rotationMatrix":[0.265676916,-0.964055002,0.00370116904,0.963419497,0.265637994,0.0354872756,-0.0351948589,-0.00586237013,0.999363303],"scale":1.16525137,"type":"hr_tirestack_white"}
{"ctxid":0,"pos":[-131.509705,-380.648102,124.201805],"rotationMatrix":[-0.944900751,0.325068712,-0.0386387147,-0.323981225,-0.945526838,-0.0318615437,-0.0468911342,-0.0175877754,0.998745143],"scale":1.16525137,"type":"hr_tirestack_white"}
{"ctxid":0,"pos":[-132.225433,-380.664062,124.167915],"rotationMatrix":[-0.922265172,-0.383303374,-0.0500551052,0.383702189,-0.923455238,0.00176449027,-0.0468999855,-0.0175789259,0.998744905],"scale":1.16525149,"type":"hr_tirestack_white"}
{"ctxid":0,"pos":[-130.806473,-380.643646,124.230827],"rotationMatrix":[-0.268372536,0.963296831,0.00593757257,-0.962440431,-0.267861128,-0.0442581549,-0.0410433002,-0.0175922345,0.999002457],"scale":1.16525137,"type":"hr_tirestack_white"}
{"ctxid":0,"pos":[-131.121872,-381.279663,124.207596],"rotationMatrix":[-0.944790244,0.325157911,-0.0405422635,-0.324302286,-0.94558692,-0.0263294894,-0.0468974821,-0.0117278975,0.998830855],"scale":1.16525137,"type":"hr_tirestack_white"}
{"ctxid":0,"pos":[-131.837616,-381.295624,124.175003],"rotationMatrix":[-0.92226553,-0.383303463,-0.0500503294,0.383702755,-0.923455119,0.00175291207,-0.0468911268,-0.0175877996,0.998745143],"scale":1.16525149,"type":"hr_tirestack_white"}
{"ctxid":0,"pos":[-132.540985,-381.319946,124.141792],"rotationMatrix":[-0.399480462,-0.9161641,-0.0325377844,0.915822446,-0.400417447,0.0305781662,-0.0410433151,-0.0175834522,0.999002635],"scale":1.16525137,"type":"hr_tirestack_white"}
{"ctxid":0,"pos":[-130.41864,-381.275177,124.240669],"rotationMatrix":[-0.268016577,0.963413477,-0.00127176195,-0.962272286,-0.267762899,-0.0483242422,-0.0468967557,-0.0117279124,0.998830914],"scale":1.16525137,"type":"hr_tirestack_white"}
{"ctxid":0,"pos":[-125.801125,-380.493652,124.4608],"rotationMatrix":[-0.939986348,0.338837385,-0.0401868336,-0.33796984,-0.940771937,-0.0269160904,-0.0469268225,-0.0117188198,0.998829603],"scale":1.16525137,"type":"hr_tirestack_white"}
{"ctxid":0,"pos":[-126.517014,-380.499207,124.427124],"rotationMatrix":[-0.927245855,-0.369817287,-0.0587370805,0.371509105,-0.928198099,-0.0207116045,-0.0468601473,-0.0410261154,0.998058617],"scale":1.16525149,"type":"hr_tirestack_white"}
{"ctxid":0,"pos":[-127.220695,-380.513336,124.39389],"rotationMatrix":[-0.412883401,-0.910287261,-0.0300746448,0.90957582,-0.413811088,0.0378464945,-0.0468964018,-0.0117289834,0.998830914],"scale":1.16525137,"type":"hr_tirestack_white"}
{"ctxid":0,"pos":[-125.097908,-380.49942,124.491386],"rotationMatrix":[-0.25438416,0.967080832,0.00658038072,-0.9662323,-0.253860474,-0.0441593528,-0.0410351679,-0.0175916124,0.999002814],"scale":1.16525137,"type":"hr_tirestack_white"}
{"ctxid":0,"pos":[-125.422508,-381.130768,124.466949],"rotationMatrix":[-0.940330267,0.338691622,-0.0326610431,-0.337779313,-0.940732837,-0.0304401834,-0.041035153,-0.017591605,0.999002814],"scale":1.16525137,"type":"hr_tirestack_white"}
{"ctxid":0,"pos":[-126.138405,-381.136322,124.43367],"rotationMatrix":[-0.927731872,-0.369869798,-0.0501001067,0.370286316,-0.92891717,0.00103808846,-0.0469228067,-0.0175883174,0.998743653],"scale":1.16525149,"type":"hr_tirestack_white"}
{"ctxid":0,"pos":[-126.842049,-381.150452,124.402382],"rotationMatrix":[-0.412721395,-0.910259843,-0.0329862274,0.909932137,-0.413663626,0.0300988648,-0.0410429873,-0.0175927822,0.999002457],"scale":1.16525137,"type":"hr_tirestack_white"}
{"ctxid":0,"pos":[-124.719284,-381.136505,124.498177],"rotationMatrix":[-0.254032612,0.967195451,-0.000578084961,-0.966058075,-0.253762722,-0.0483353212,-0.0468963981,-0.011720283,0.998830974],"scale":1.16525137,"type":"hr_tirestack_white"}
{"ctxid":0,"pos":[-120.084457,-380.312073,124.719612],"rotationMatrix":[-0.939987779,0.338837117,-0.0401552767,-0.337970048,-0.940772057,-0.0269139837,-0.046896413,-0.0117275361,0.998830914],"scale":1.16525137,"type":"hr_tirestack_white"}
{"ctxid":0,"pos":[-120.800354,-380.317627,124.687004],"rotationMatrix":[-0.927733302,-0.369870156,-0.0500709936,0.370286554,-0.92891705,0.00102895591,-0.0468923748,-0.0175860189,0.998745143],"scale":1.16525149,"type":"hr_tirestack_white"}
{"ctxid":0,"pos":[-121.504028,-380.331757,124.653748],"rotationMatrix":[-0.412721634,-0.910259843,-0.0329834893,0.909932017,-0.413663745,0.0301010422,-0.0410438403,-0.0175893828,0.999002516],"scale":1.16525137,"type":"hr_tirestack_white"}
{"ctxid":0,"pos":[-119.381248,-380.317871,124.752556],"rotationMatrix":[-0.254033208,0.967195332,-0.00057107769,-0.966057956,-0.25376296,-0.0483371839,-0.046896413,-0.0117275547,0.998830914],"scale":1.16525137,"type":"hr_tirestack_white"}
{"ctxid":0,"pos":[-119.705849,-380.949219,124.727272],"rotationMatrix":[-0.94010222,0.338747233,-0.0381825864,-0.337650806,-0.940713048,-0.0324142426,-0.0468990952,-0.0175803211,0.998744905],"scale":1.16525137,"type":"hr_tirestack_white"}
{"ctxid":0,"pos":[-120.421753,-380.954742,124.693558],"rotationMatrix":[-0.927733302,-0.369870126,-0.0500713885,0.370286584,-0.92891705,0.00102795754,-0.0468923748,-0.0175870918,0.998745084],"scale":1.16525149,"type":"hr_tirestack_white"}
{"ctxid":0,"pos":[-121.125397,-380.968872,124.663025],"rotationMatrix":[-0.412883401,-0.910287142,-0.0300740004,0.909575701,-0.413810968,0.0378467925,-0.0468964055,-0.0117282644,0.998830914],"scale":1.16525137,"type":"hr_tirestack_white"}
{"ctxid":0,"pos":[-119.002625,-380.954926,124.757263],"rotationMatrix":[-0.254383206,0.967081189,0.00657176785,-0.966232181,-0.253859758,-0.044165507,-0.0410433263,-0.0175848156,0.999002635],"scale":1.16525137,"type":"hr_tirestack_white"}
{"ctxid":0,"pos":[-114.349648,-380.206146,124.907875],"rotationMatrix":[-0.940910339,0.338360041,-0.0141433384,-0.337841898,-0.940724015,-0.0300152339,-0.0234609377,-0.0234634317,0.999449372],"scale":1.16525137,"type":"hr_tirestack_white"}
{"ctxid":0,"pos":[-115.065536,-380.211731,124.890938],"rotationMatrix":[-0.928479075,-0.370131344,-0.0304859839,0.370642811,-0.928683043,-0.0131010124,-0.0234627239,-0.023463428,0.999449313],"scale":1.16525149,"type":"hr_tirestack_white"}
{"ctxid":0,"pos":[-115.769218,-380.22583,124.870895],"rotationMatrix":[-0.412976861,-0.910306573,-0.0281433072,0.910269022,-0.413560748,0.0194375608,-0.0293331053,-0.0175907183,0.999414921],"scale":1.16525137,"type":"hr_tirestack_white"}
{"ctxid":0,"pos":[-113.646431,-380.211914,124.927567],"rotationMatrix":[-0.254402995,0.967051029,0.00956198666,-0.966653585,-0.253973722,-0.0328364447,-0.0293260254,-0.0175968185,0.99941498],"scale":1.16525137,"type":"hr_tirestack_white"}
{"ctxid":0,"pos":[-113.971031,-380.843262,124.904915],"rotationMatrix":[-0.940785646,0.338431716,-0.0196609236,-0.337731779,-0.940698624,-0.0319936909,-0.0293226801,-0.0234590843,0.999294698],"scale":1.16525137,"type":"hr_tirestack_white"}
{"ctxid":0,"pos":[-114.686935,-380.848816,124.884857],"rotationMatrix":[-0.928479075,-0.370131224,-0.0304938015,0.370642811,-0.928683281,-0.0130971391,-0.0234714206,-0.0234627258,0.999449134],"scale":1.16525149,"type":"hr_tirestack_white"}
{"ctxid":0,"pos":[-115.390579,-380.862946,124.868019],"rotationMatrix":[-0.412834406,-0.910276055,-0.0310687926,0.910503864,-0.413335919,0.0116677396,-0.0234627146,-0.0234714113,0.999449134],"scale":1.16525137,"type":"hr_tirestack_white"}
{"ctxid":0,"pos":[-113.267807,-380.848999,124.924049],"rotationMatrix":[-0.25466156,0.966885626,0.0167206116,-0.966745555,-0.254129052,-0.0286609996,-0.0234627165,-0.0234634336,0.999449313],"scale":1.16525137,"type":"hr_tirestack_white"}
{"ctxid":0,"pos":[-108.591492,-380.049255,125.063805],"rotationMatrix":[-0.940785527,0.338431895,-0.0196593218,-0.337732017,-0.940698385,-0.031993892,-0.0293212458,-0.023459807,0.999294698],"scale":1.16525137,"type":"hr_tirestack_white"}
{"ctxid":0,"pos":[-109.307388,-380.05481,125.042671],"rotationMatrix":[-0.928309917,-0.370067447,-0.035927698,0.370649189,-0.928708673,-0.0109237693,-0.0293238331,-0.0234572142,0.999294698],"scale":1.16525149,"type":"hr_tirestack_white"}
{"ctxid":0,"pos":[-110.011063,-380.068939,125.024681],"rotationMatrix":[-0.412834764,-0.910276175,-0.0310592577,0.910503626,-0.413336277,0.0116720647,-0.0234627202,-0.0234609321,0.999449372],"scale":1.16525137,"type":"hr_tirestack_white"}
{"ctxid":0,"pos":[-107.888275,-380.055023,125.080719],"rotationMatrix":[-0.25466156,0.966885626,0.0167199224,-0.966745555,-0.254129052,-0.0286608338,-0.0234627314,-0.0234627239,0.999449372],"scale":1.16525137,"type":"hr_tirestack_white"}
{"ctxid":0,"pos":[-108.212875,-380.686371,125.058273],"rotationMatrix":[-0.940910101,0.338360727,-0.0141452532,-0.337842524,-0.940723896,-0.0300151687,-0.0234627333,-0.0234627072,0.999449372],"scale":1.16525137,"type":"hr_tirestack_white"}
{"ctxid":0,"pos":[-108.92878,-380.691925,125.039948],"rotationMatrix":[-0.928412795,-0.370013565,-0.0337572321,0.37039122,-0.928859591,-0.00548839523,-0.0293249488,-0.0175988786,0.99941498],"scale":1.16525149,"type":"hr_tirestack_white"}
{"ctxid":0,"pos":[-109.632423,-380.706055,125.019051],"rotationMatrix":[-0.412976623,-0.910306633,-0.0281479973,0.910269439,-0.41356051,0.0194281489,-0.0293264706,-0.0175988898,0.999414921],"scale":1.16525137,"type":"hr_tirestack_white"}
{"ctxid":0,"pos":[-107.509651,-380.692108,125.075722],"rotationMatrix":[-0.254402041,0.967051327,0.00955548976,-0.966653645,-0.253972888,-0.0328410417,-0.0293321386,-0.0175916776,0.999414921],"scale":1.16525137,"type":"hr_tirestack_white"}
{"ctxid":0,"pos":[-102.902069,-379.897949,125.213234],"rotationMatrix":[-0.940909982,0.338360995,-0.0141428988,-0.337842673,-0.940723538,-0.0300216749,-0.0234627221,-0.0234696232,0.999449193],"scale":1.16525137,"type":"hr_tirestack_white"}
{"ctxid":0,"pos":[-103.617958,-379.903503,125.196289],"rotationMatrix":[-0.92847836,-0.370131016,-0.0305095091,0.37064302,-0.928683043,-0.013098279,-0.023485586,-0.0234696064,0.999448657],"scale":1.16525149,"type":"hr_tirestack_white"}
{"ctxid":0,"pos":[-104.32164,-379.917633,125.177048],"rotationMatrix":[-0.412976027,-0.910306454,-0.0281591918,0.910268664,-0.413560748,0.0194554571,-0.0293559637,-0.0175977889,0.999414086],"scale":1.16525137,"type":"hr_tirestack_white"}
{"ctxid":0,"pos":[-102.198853,-379.903717,125.235504],"rotationMatrix":[-0.254397869,0.96706593,0.00807120837,-0.966459513,-0.253916979,-0.0384986624,-0.0351813287,-0.0175944753,0.999226034],"scale":1.16525137,"type":"hr_tirestack_white"}
{"ctxid":0,"pos":[-102.523453,-380.535065,125.213028],"rotationMatrix":[-0.940909505,0.338361293,-0.0141659901,-0.337842375,-0.940723538,-0.0300245173,-0.0234854184,-0.023464486,0.999448776],"scale":1.16525137,"type":"hr_tirestack_white"}
{"ctxid":0,"pos":[-103.239357,-380.540619,125.191994],"rotationMatrix":[-0.928412437,-0.370013654,-0.0337707177,0.370391846,-0.928859472,-0.00550022814,-0.0293330848,-0.0176148787,0.999414444],"scale":1.16525149,"type":"hr_tirestack_white"}
{"ctxid":0,"pos":[-103.943001,-380.554749,125.173355],"rotationMatrix":[-0.412834287,-0.910275996,-0.0310709663,0.910503328,-0.413336396,0.0116918534,-0.0234855749,-0.0234634206,0.999448776],"scale":1.16525137,"type":"hr_tirestack_white"}
{"ctxid":0,"pos":[-101.820229,-380.540802,125.229408],"rotationMatrix":[-0.254661679,0.966885626,0.0167216957,-0.966745555,-0.254129052,-0.0286611151,-0.0234625526,-0.0234645102,0.999449313],"scale":1.16525137,"type":"hr_tirestack_white"}
{"ctxid":0,"pos":[-98.9063263,-385.297302,125.203751],"rotationMatrix":[-0.0317960978,-0.999201238,-0.0242026839,0.999218762,-0.0323466063,0.0227056053,-0.0234703477,-0.0234618243,0.999449193],"scale":1.16525137,"type":"hr_tirestack_white"}
{"ctxid":0,"pos":[-98.6794281,-385.976318,125.194878],"rotationMatrix":[0.638317466,-0.769755721,0.00519504678,0.769213319,0.638095975,0.0338302404,-0.0293559581,-0.0175983347,0.999414086],"scale":1.16525149,"type":"hr_tirestack_white"}
{"ctxid":0,"pos":[-98.4481506,-386.641083,125.188828],"rotationMatrix":[0.993372142,-0.113070324,0.0206621829,0.112522736,0.993309379,0.0259827599,-0.0234618206,-0.0234855823,0.999448836],"scale":1.16525137,"type":"hr_tirestack_white"}
{"ctxid":0,"pos":[-99.1185303,-384.626862,125.214508],"rotationMatrix":[-0.84140873,-0.53942579,-0.0324193574,0.539889514,-0.841705918,-0.00709224306,-0.0234618261,-0.0234703477,0.999449193],"scale":1.16525137,"type":"hr_tirestack_white"}
{"ctxid":0,"pos":[-98.4177094,-384.740051,125.22831],"rotationMatrix":[-0.0317959785,-0.999201298,-0.0242024679,0.999218941,-0.0323463678,0.0226988867,-0.0234636199,-0.0234618299,0.999449372],"scale":1.16525137,"type":"hr_tirestack_white"}
{"ctxid":0,"pos":[-98.1908112,-385.419098,125.219032],"rotationMatrix":[0.638318658,-0.769754887,0.00517529622,0.769213438,0.638096929,0.0338067599,-0.029325258,-0.0175985768,0.99941498],"scale":1.16525149,"type":"hr_tirestack_white"}
{"ctxid":0,"pos":[-97.9595642,-386.083832,125.213387],"rotationMatrix":[0.993372142,-0.11306984,0.0206646826,0.112522714,0.993309975,0.0259607434,-0.0234618131,-0.0234634317,0.999449372],"scale":1.16525137,"type":"hr_tirestack_white"}
{"ctxid":0,"pos":[-98.6299438,-384.06958,125.239067],"rotationMatrix":[-0.841408849,-0.539425969,-0.0324156284,0.539889574,-0.841706038,-0.00708642881,-0.023461828,-0.0234634429,0.999449372],"scale":1.16525137,"type":"hr_tirestack_white"}
{"ctxid":0,"pos":[-97.0316391,-390.725861,125.136108],"rotationMatrix":[-0.0425957441,-0.998914719,-0.018838644,0.998661876,-0.0431232452,0.0285440851,-0.0293254927,-0.0175975803,0.99941498],"scale":1.16525137,"type":"hr_tirestack_white"}
{"ctxid":0,"pos":[-96.8120041,-391.407257,125.12706],"rotationMatrix":[0.630277038,-0.776362777,-0.00342876185,0.776015759,0.629849553,0.0330030322,-0.0234627202,-0.0234618261,0.999449372],"scale":1.16525149,"type":"hr_tirestack_white"}
{"ctxid":0,"pos":[-96.5878448,-392.074432,125.119514],"rotationMatrix":[0.991942823,-0.123791568,0.0269277859,0.123245277,0.992152214,0.021086432,-0.0293267835,-0.0175978132,0.99941498],"scale":1.16525137,"type":"hr_tirestack_white"}
{"ctxid":0,"pos":[-97.2366791,-390.053192,125.144554],"rotationMatrix":[-0.847058415,-0.530189335,-0.0373023525,0.530690491,-0.847554684,-0.00432642177,-0.0293219611,-0.0234607346,0.999294639],"scale":1.16525137,"type":"hr_tirestack_white"}
{"ctxid":0,"pos":[-96.5370941,-390.173859,125.162239],"rotationMatrix":[-0.0425769091,-0.99878788,-0.0246981736,0.998662829,-0.0432710648,0.0282875206,-0.0293219481,-0.0234607551,0.999294639],"scale":1.16525137,"type":"hr_tirestack_white"}
{"ctxid":0,"pos":[-96.3174667,-390.855286,125.151627],"rotationMatrix":[0.630277038,-0.776362836,-0.00342774484,0.776015699,0.629849494,0.0330042839,-0.0234643333,-0.0234618261,0.999449313],"scale":1.16525149,"type":"hr_tirestack_white"}
{"ctxid":0,"pos":[-96.0933304,-391.5224,125.143738],"rotationMatrix":[0.991942823,-0.123791575,0.0269264914,0.123245314,0.992152214,0.021086283,-0.0293254815,-0.0175978243,0.99941498],"scale":1.16525137,"type":"hr_tirestack_white"}
{"ctxid":0,"pos":[-96.742157,-389.50116,125.172035],"rotationMatrix":[-0.847058415,-0.530189335,-0.0373023488,0.530690491,-0.847554684,-0.00432642177,-0.0293219574,-0.0234607328,0.999294639],"scale":1.16525137,"type":"hr_tirestack_white"}
{"ctxid":0,"pos":[-95.1795502,-396.082397,125.067375],"rotationMatrix":[-0.0424613953,-0.998799086,-0.0244434159,0.99882257,-0.0430115461,0.0224392153,-0.0234636161,-0.0234618336,0.999449372],"scale":1.16525137,"type":"hr_tirestack_white"}
{"ctxid":0,"pos":[-94.9599152,-396.763794,125.061241],"rotationMatrix":[0.630068541,-0.776524663,0.00481374841,0.775985599,0.629841089,0.0338606052,-0.029325489,-0.0175991021,0.99941498],"scale":1.16525149,"type":"hr_tirestack_white"}
{"ctxid":0,"pos":[-94.7357635,-397.430969,125.051994],"rotationMatrix":[0.992114305,-0.123667397,0.0203864388,0.123120941,0.992046297,0.026180787,-0.0234620012,-0.0234643351,0.999449313],"scale":1.16525137,"type":"hr_tirestack_white"}
{"ctxid":0,"pos":[-95.3845901,-395.409729,125.078354],"rotationMatrix":[-0.847124219,-0.530409753,-0.0323384106,0.530876338,-0.847416639,-0.00742914993,-0.0234636161,-0.0234611146,0.999449372],"scale":1.16525137,"type":"hr_tirestack_white"}
{"ctxid":0,"pos":[-94.6850128,-395.530396,125.091942],"rotationMatrix":[-0.0424613953,-0.998799086,-0.0244434159,0.99882257,-0.0430115461,0.0224392153,-0.0234636161,-0.0234618336,0.999449372],"scale":1.16525137,"type":"hr_tirestack_white"}
{"ctxid":0,"pos":[-94.4653778,-396.211823,125.08548],"rotationMatrix":[0.630068302,-0.776524782,0.00481831376,0.775985599,0.62984091,0.0338650309,-0.029331807,-0.0175983422,0.999414802],"scale":1.16525149,"type":"hr_tirestack_white"}
{"ctxid":0,"pos":[-94.2412491,-396.878937,125.076569],"rotationMatrix":[0.992114305,-0.123667389,0.0203871578,0.123120919,0.992046297,0.0261808857,-0.0234627239,-0.0234643444,0.999449313],"scale":1.16525137,"type":"hr_tirestack_white"}
{"ctxid":0,"pos":[-94.8900604,-394.857697,125.102913],"rotationMatrix":[-0.847124338,-0.530409694,-0.03233812,0.530876398,-0.84741652,-0.00743038859,-0.0234627128,-0.0234620087,0.999449372],"scale":1.16525137,"type":"hr_tirestack_white"}
{"ctxid":0,"pos":[-93.303421,-401.413483,124.972076],"rotationMatrix":[-0.0418723822,-0.998495281,-0.035410054,0.999105752,-0.0420534611,0.00438294373,-0.00586546492,-0.0351948664,0.999363244],"scale":1.16525137,"type":"hr_tirestack_white"}
{"ctxid":0,"pos":[-93.0835648,-402.094788,124.952858],"rotationMatrix":[0.630933404,-0.775602877,-0.0190566629,0.775814831,0.630539298,0.0230546985,-0.00586531544,-0.0293304194,0.999552548],"scale":1.16525149,"type":"hr_tirestack_white"}
{"ctxid":0,"pos":[-92.8591919,-402.761932,124.93306],"rotationMatrix":[0.99244523,-0.122679129,0.00150336651,0.122548103,0.991822124,0.0356484093,-0.00586438831,-0.0351948626,0.999363244],"scale":1.16525137,"type":"hr_tirestack_white"}
{"ctxid":0,"pos":[-93.5086899,-400.740875,124.990051],"rotationMatrix":[-0.847009778,-0.530964196,-0.025524592,0.531447828,-0.846886516,-0.0186124276,-0.0117338989,-0.0293298978,0.99950093],"scale":1.16525137,"type":"hr_tirestack_white"}
{"ctxid":0,"pos":[-92.8090668,-400.861298,124.994423],"rotationMatrix":[-0.0418723822,-0.998495281,-0.035410054,0.999105752,-0.0420534611,0.00438294373,-0.00586546492,-0.0351948664,0.999363244],"scale":1.16525137,"type":"hr_tirestack_white"}
{"ctxid":0,"pos":[-92.5892105,-401.542664,124.971962],"rotationMatrix":[0.630933404,-0.775602937,-0.0190554056,0.775814772,0.630539298,0.0230548289,-0.00586620951,-0.029329529,0.999552608],"scale":1.16525149,"type":"hr_tirestack_white"}
{"ctxid":0,"pos":[-92.3648529,-402.209717,124.954498],"rotationMatrix":[0.992386758,-0.12289723,0.00804600865,0.122599907,0.991985917,0.0305479076,-0.0117357802,-0.0293288995,0.99950093],"scale":1.16525137,"type":"hr_tirestack_white"}
{"ctxid":0,"pos":[-93.0143433,-400.18869,125.012062],"rotationMatrix":[-0.847009778,-0.530964196,-0.0255251788,0.531447828,-0.846886635,-0.018609833,-0.0117357755,-0.029328011,0.99950093],"scale":1.16525137,"type":"hr_tirestack_white"}
{"ctxid":0,"pos":[-91.4422684,-406.711914,124.839752],"rotationMatrix":[-0.0421266556,-0.998652995,-0.0302901082,0.998836815,-0.042807579,0.0221923348,-0.0234590881,-0.0293199848,0.999294758],"scale":1.16525137,"type":"hr_tirestack_white"}
{"ctxid":0,"pos":[-91.2223969,-407.393219,124.824928],"rotationMatrix":[0.630544603,-0.77611208,-0.00796920899,0.77579844,0.629912972,0.0366944447,-0.0234590955,-0.0293199848,0.999294758],"scale":1.16525149,"type":"hr_tirestack_white"}
{"ctxid":0,"pos":[-90.9980164,-408.060364,124.813911],"rotationMatrix":[0.992155313,-0.123336457,0.0203960817,0.122789986,0.992087483,0.0261724815,-0.0234627184,-0.0234627314,0.999449372],"scale":1.16525137,"type":"hr_tirestack_white"}
{"ctxid":0,"pos":[-91.6475296,-406.039307,124.855537],"rotationMatrix":[-0.84699285,-0.530729175,-0.0304914452,0.531312943,-0.847033739,-0.0155049823,-0.0175983347,-0.0293331072,0.999414742],"scale":1.16525137,"type":"hr_tirestack_white"}
{"ctxid":0,"pos":[-90.9478989,-406.159729,124.86557],"rotationMatrix":[-0.0421283245,-0.998813331,-0.0244383961,0.998836696,-0.0426784754,0.022446366,-0.0234627239,-0.0234643389,0.999449313],"scale":1.16525137,"type":"hr_tirestack_white"}
{"ctxid":0,"pos":[-90.7280426,-406.841125,124.85273],"rotationMatrix":[0.630544603,-0.77611208,-0.00796920806,0.77579844,0.629912972,0.036694441,-0.0234590918,-0.029319983,0.999294758],"scale":1.16525149,"type":"hr_tirestack_white"}
{"ctxid":0,"pos":[-90.5036774,-407.508148,124.838478],"rotationMatrix":[0.992155313,-0.123336457,0.0203960799,0.122789986,0.992087483,0.0261724815,-0.0234627165,-0.0234627314,0.999449372],"scale":1.16525137,"type":"hr_tirestack_white"}
{"ctxid":0,"pos":[-91.153183,-405.487122,124.880447],"rotationMatrix":[-0.84699285,-0.530729473,-0.0304866303,0.531313241,-0.84703362,-0.0155080017,-0.0175926443,-0.0293331128,0.999414861],"scale":1.16525137,"type":"hr_tirestack_white"}
{"ctxid":0,"pos":[-89.5787811,-412.050812,124.739037],"rotationMatrix":[-0.0472756624,-0.998427391,-0.0301270448,0.998726845,-0.0477781296,0.0161843747,-0.0175983384,-0.0293235593,0.99941504],"scale":1.16525137,"type":"hr_tirestack_white"}
{"ctxid":0,"pos":[-89.3624954,-412.733276,124.724998],"rotationMatrix":[0.626448989,-0.779454112,-0.0035978388,0.77910924,0.626019478,0.032991074,-0.0234627109,-0.0234703328,0.999449193],"scale":1.16525149,"type":"hr_tirestack_white"}
{"ctxid":0,"pos":[-89.1416168,-413.40155,124.712959],"rotationMatrix":[0.991629839,-0.128385156,0.0136931185,0.127908349,0.99129051,0.031346947,-0.0175983403,-0.0293331034,0.999414742],"scale":1.16525137,"type":"hr_tirestack_white"}
{"ctxid":0,"pos":[-89.7804947,-411.377136,124.752876],"rotationMatrix":[-0.849727869,-0.526231289,-0.0323004797,0.526699424,-0.850017667,-0.00759180635,-0.0234609339,-0.0234636106,0.999449372],"scale":1.16525137,"type":"hr_tirestack_white"}
{"ctxid":0,"pos":[-89.0815125,-411.501282,124.763908],"rotationMatrix":[-0.0472757816,-0.998427451,-0.0301271323,0.998726785,-0.047778368,0.0161862969,-0.01760027,-0.0293235555,0.99941498],"scale":1.16525137,"type":"hr_tirestack_white"}
{"ctxid":0,"pos":[-88.8652496,-412.183746,124.749565],"rotationMatrix":[0.626449108,-0.779453993,-0.00359188486,0.77910912,0.626019895,0.0329863206,-0.0234627277,-0.0234627221,0.999449372],"scale":1.16525149,"type":"hr_tirestack_white"}
{"ctxid":0,"pos":[-88.6443939,-412.85199,124.737846],"rotationMatrix":[0.991629839,-0.128385156,0.0136931166,0.127908349,0.99129051,0.031346947,-0.0175983384,-0.0293331034,0.999414742],"scale":1.16525137,"type":"hr_tirestack_white"}
{"ctxid":0,"pos":[-89.2832489,-410.827576,124.777458],"rotationMatrix":[-0.84972775,-0.526231289,-0.0323018432,0.526699424,-0.850017786,-0.00759096164,-0.0234625395,-0.0234636143,0.999449313],"scale":1.16525137,"type":"hr_tirestack_white"}
{"ctxid":0,"pos":[-87.6903687,-417.38916,124.637337],"rotationMatrix":[-0.0473777056,-0.998575151,-0.0245551933,0.998601377,-0.0479277372,0.022318542,-0.0234636199,-0.0234634466,0.999449313],"scale":1.16525137,"type":"hr_tirestack_white"}
{"ctxid":0,"pos":[-87.4740906,-418.071655,124.622887],"rotationMatrix":[0.62661016,-0.779243052,-0.011831549,0.779134095,0.626035333,0.0320903733,-0.0175992325,-0.0293265171,0.999414921],"scale":1.16525149,"type":"hr_tirestack_white"}
{"ctxid":0,"pos":[-87.2909164,-418.735046,124.609253],"rotationMatrix":[0.991496146,-0.128549561,0.0202583279,0.128003463,0.991425514,0.026278615,-0.0234627258,-0.0234620087,0.999449372],"scale":1.16525137,"type":"hr_tirestack_white"}
{"ctxid":0,"pos":[-87.8920898,-416.715515,124.649445],"rotationMatrix":[-0.849773407,-0.526270807,-0.030404089,0.526854813,-0.849810958,-0.0156706441,-0.0175907221,-0.029335035,0.999414861],"scale":1.16525137,"type":"hr_tirestack_white"}
{"ctxid":0,"pos":[-87.1931076,-416.83963,124.661911],"rotationMatrix":[-0.047377944,-0.998575151,-0.0245554764,0.998601258,-0.0479280949,0.0223245304,-0.0234696213,-0.0234634411,0.999449193],"scale":1.16525137,"type":"hr_tirestack_white"}
{"ctxid":0,"pos":[-86.9768372,-417.522125,124.647766],"rotationMatrix":[0.62661016,-0.779243052,-0.0118315537,0.779134095,0.626035333,0.0320903733,-0.0175992288,-0.0293265209,0.999414921],"scale":1.16525149,"type":"hr_tirestack_white"}
{"ctxid":0,"pos":[-86.7559814,-418.190369,124.634598],"rotationMatrix":[0.991496146,-0.128549546,0.0202580299,0.128003418,0.991425455,0.026280921,-0.0234627258,-0.023464337,0.999449313],"scale":1.16525137,"type":"hr_tirestack_white"}
{"ctxid":0,"pos":[-87.3948517,-416.165955,124.674942],"rotationMatrix":[-0.849726439,-0.52603507,-0.0353874341,0.526701808,-0.849957108,-0.0125805773,-0.0234599747,-0.0293286741,0.99929446],"scale":1.16525137,"type":"hr_tirestack_white"}
{"ctxid":0,"pos":[-85.7838058,-422.691254,124.540009],"rotationMatrix":[-0.047377944,-0.99857527,-0.0245528221,0.998601496,-0.0479278564,0.0223177597,-0.0234627277,-0.0234611146,0.999449372],"scale":1.16525137,"type":"hr_tirestack_white"}
{"ctxid":0,"pos":[-85.5675201,-423.373718,124.52906],"rotationMatrix":[0.626449287,-0.779453874,-0.00359290186,0.779109001,0.626020074,0.032985054,-0.0234610997,-0.0234627277,0.999449372],"scale":1.16525149,"type":"hr_tirestack_white"}
