{"ctxid":0,"pos":[-161.777557,-405.855225,123.802505],"rotationMatrix":[-0.936675668,-0.350025266,-0.0109981075,0.350001127,-0.936740279,0.00410958286,-0.0117408279,-3.95812094e-09,0.999931097],"scale":1.16525137,"type":"hr_tirestack_blue"}
{"ctxid":0,"pos":[-162.319824,-406.322632,123.796143],"rotationMatrix":[-0.469383717,-0.882977128,-0.00551133044,0.882916212,-0.469416142,0.0103668841,-0.0117408279,3.7252903e-09,0.999931097],"scale":1.16525149,"type":"hr_tirestack_blue"}
{"ctxid":0,"pos":[-162.847214,-406.788666,123.786858],"rotationMatrix":[0.268415987,-0.960894346,0.0680798441,0.961152196,0.271867156,0.0476939343,-0.0643375069,0.0526332743,0.996539235],"scale":1.16525137,"type":"hr_tirestack_blue"}
{"ctxid":0,"pos":[-161.23764,-405.404602,123.808281],"rotationMatrix":[-0.818965197,0.573696554,-0.0129756238,-0.573723257,-0.819046974,-0.00192671875,-0.0117329974,0.00586650241,0.999913931],"scale":1.16525137,"type":"hr_tirestack_blue"}
{"ctxid":0,"pos":[-161.078476,-406.101166,123.810837],"rotationMatrix":[-0.936713338,-0.349799633,-0.0144345462,0.349654794,-0.936806202,0.0116505101,-0.0175977163,0.00586608052,0.999827921],"scale":1.16525137,"type":"hr_tirestack_blue"}
{"ctxid":0,"pos":[-161.620743,-406.568604,123.804741],"rotationMatrix":[-0.469543219,-0.882909417,-0.000333497766,0.882831454,-0.469506741,0.0131203253,-0.0117406379,0.00586613826,0.999913871],"scale":1.16525149,"type":"hr_tirestack_blue"}
{"ctxid":0,"pos":[-162.148132,-407.034668,123.801285],"rotationMatrix":[0.272903204,-0.962000787,0.00884804875,0.961969793,0.272983611,0.00969360769,-0.0117406305,0.00586613966,0.999913871],"scale":1.16525137,"type":"hr_tirestack_blue"}
{"ctxid":0,"pos":[-160.538544,-405.650604,123.817696],"rotationMatrix":[-0.81880641,0.573794365,-0.017778106,-0.573799968,-0.818978429,-0.00529426895,-0.0175977051,0.00586609449,0.999827921],"scale":1.16525137,"type":"hr_tirestack_blue"}
{"ctxid":0,"pos":[-157.470581,-402.107574,123.845062],"rotationMatrix":[-0.9390769,-0.343400538,-0.0145184258,0.343256116,-0.939170718,0.0115615223,-0.0176055133,0.00587362004,0.999827743],"scale":1.16525137,"type":"hr_tirestack_blue"}
{"ctxid":0,"pos":[-158.016022,-402.57135,123.84079],"rotationMatrix":[-0.475395799,-0.879754424,-0.00558176264,0.879693747,-0.475428581,0.010329131,-0.0117408279,1.83936208e-07,0.999931097],"scale":1.16525149,"type":"hr_tirestack_blue"}
{"ctxid":0,"pos":[-158.54657,-403.033722,123.834564],"rotationMatrix":[0.266514897,-0.963825703,0.00312948879,0.963759303,0.266533256,0.0113160778,-0.0117408391,1.71829015e-07,0.999931097],"scale":1.16525137,"type":"hr_tirestack_blue"}
{"ctxid":0,"pos":[-156.927597,-401.660706,123.851997],"rotationMatrix":[-0.814872622,0.579368174,-0.0177522991,-0.579372704,-0.81504488,-0.00541381957,-0.0176055152,0.00587362377,0.999827743],"scale":1.16525137,"type":"hr_tirestack_blue"}
{"ctxid":0,"pos":[-156.773193,-402.358307,123.85537],"rotationMatrix":[-0.939041495,-0.343627244,-0.0110188862,0.343603581,-0.939106107,0.00403190684,-0.0117333764,-1.16415322e-09,0.999931157],"scale":1.16525137,"type":"hr_tirestack_blue"}
{"ctxid":0,"pos":[-157.318634,-402.822083,123.850853],"rotationMatrix":[-0.475555658,-0.87968564,-0.000419045798,0.879607439,-0.475519657,0.0131111955,-0.0117329936,0.00586650614,0.999913931],"scale":1.16525149,"type":"hr_tirestack_blue"}
{"ctxid":0,"pos":[-157.849182,-403.284454,123.845299],"rotationMatrix":[0.26616478,-0.963872015,0.0103418641,0.963766754,0.266300976,0.0154083259,-0.0176057033,0.00586599251,0.999827802],"scale":1.16525137,"type":"hr_tirestack_blue"}
{"ctxid":0,"pos":[-156.230194,-401.911438,123.861755],"rotationMatrix":[-0.815138578,0.579186976,-0.00957106519,-0.579147041,-0.815194845,-0.00680013979,-0.0117408345,-1.39698386e-09,0.999931097],"scale":1.16525137,"type":"hr_tirestack_blue"}
{"ctxid":0,"pos":[-153.09845,-398.463989,123.892426],"rotationMatrix":[-0.947867036,-0.318532109,-0.00925339013,0.318450391,-0.947893977,0.00929816999,-0.0117329974,0.00586668216,0.999913931],"scale":1.16525137,"type":"hr_tirestack_blue"}
{"ctxid":0,"pos":[-153.655975,-398.913147,123.886101],"rotationMatrix":[-0.498512387,-0.866862893,-0.00585319381,0.866803169,-0.49854672,0.0101777762,-0.011740827,1.80210918e-07,0.999931097],"scale":1.16525149,"type":"hr_tirestack_blue"}
{"ctxid":0,"pos":[-154.198593,-399.361328,123.879723],"rotationMatrix":[0.240913749,-0.970542371,0.0028289007,0.970475495,0.240930378,0.0113949236,-0.0117408242,1.85333192e-07,0.999931097],"scale":1.16525137,"type":"hr_tirestack_blue"}
{"ctxid":0,"pos":[-152.543823,-398.031677,123.8964],"rotationMatrix":[-0.79941082,0.600646019,-0.0129043963,-0.600670099,-0.799493432,-0.00235748151,-0.0117329936,0.00586668914,0.999913931],"scale":1.16525137,"type":"hr_tirestack_blue"}
{"ctxid":0,"pos":[-152.407944,-398.733124,123.902649],"rotationMatrix":[-0.947832584,-0.318424016,-0.0148218265,0.318282217,-0.947930336,0.0111658266,-0.0176055245,0.00586580951,0.999827802],"scale":1.16525137,"type":"hr_tirestack_blue"}
{"ctxid":0,"pos":[-152.965469,-399.182251,123.895477],"rotationMatrix":[-0.498747826,-0.866739392,-0.00369331846,0.866568565,-0.498726964,0.0181781817,-0.0175977033,0.0058658123,0.999827921],"scale":1.16525149,"type":"hr_tirestack_blue"}
{"ctxid":0,"pos":[-153.508087,-399.630463,123.888603],"rotationMatrix":[0.240728259,-0.970555186,0.00852062181,0.970521569,0.240807593,0.00998274237,-0.0117406324,0.00586631754,0.999913871],"scale":1.16525137,"type":"hr_tirestack_blue"}
{"ctxid":0,"pos":[-151.853317,-398.300781,123.909882],"rotationMatrix":[-0.799252629,0.600737631,-0.0175982695,-0.600737393,-0.799424767,-0.00588781014,-0.0176055226,0.00586609077,0.999827802],"scale":1.16525137,"type":"hr_tirestack_blue"}
{"ctxid":0,"pos":[-148.782104,-394.805969,123.937431],"rotationMatrix":[-0.944031954,-0.329667926,-0.0110844886,0.329645216,-0.944097042,0.00387057336,-0.0117408363,-3.84170562e-09,0.999931097],"scale":1.16525137,"type":"hr_tirestack_blue"}
{"ctxid":0,"pos":[-149.334351,-395.261566,123.930527],"rotationMatrix":[-0.488622665,-0.872488201,-0.00348489918,0.872317493,-0.488599896,0.0182271563,-0.0176057015,0.00586626399,0.999827802],"scale":1.16525149,"type":"hr_tirestack_blue"}
{"ctxid":0,"pos":[-149.871704,-395.716064,123.923737],"rotationMatrix":[0.251849174,-0.967713654,0.0101104761,0.967606485,0.251983762,0.0155528039,-0.0175983366,0.00586600183,0.999827921],"scale":1.16525137,"type":"hr_tirestack_blue"}
{"ctxid":0,"pos":[-148.232529,-394.367249,123.943115],"rotationMatrix":[-0.806351781,0.591294765,-0.0129413875,-0.591319799,-0.806434155,-0.0022054445,-0.0117404452,0.0058741346,0.999913812],"scale":1.16525137,"type":"hr_tirestack_blue"}
{"ctxid":0,"pos":[-148.088501,-395.067017,123.945572],"rotationMatrix":[-0.944031954,-0.329667926,-0.0110844886,0.329645216,-0.944097042,0.00387057336,-0.0117408363,-3.84170562e-09,0.999931097],"scale":1.16525137,"type":"hr_tirestack_blue"}
{"ctxid":0,"pos":[-148.640762,-395.522614,123.939224],"rotationMatrix":[-0.488544345,-0.872538865,-0.000610614195,0.872460067,-0.488509417,0.0131134335,-0.0117402719,0.00587375788,0.999913812],"scale":1.16525149,"type":"hr_tirestack_blue"}
{"ctxid":0,"pos":[-149.178116,-395.977142,123.935585],"rotationMatrix":[0.252015173,-0.967684746,0.00864342414,0.967652082,0.252094924,0.0098806005,-0.0117402691,0.0058737658,0.999913812],"scale":1.16525137,"type":"hr_tirestack_blue"}
{"ctxid":0,"pos":[-147.53894,-394.628265,123.952034],"rotationMatrix":[-0.806462407,0.591209531,-0.0094691962,-0.591168761,-0.806517959,-0.00694128731,-0.0117408317,5.58793545e-09,0.999931097],"scale":1.16525137,"type":"hr_tirestack_blue"}
{"ctxid":0,"pos":[-144.522568,-391.071259,123.97583],"rotationMatrix":[-0.936629772,-0.350277662,-0.00550232083,0.350271642,-0.936645865,0.00205780123,-0.00587452855,9.0803951e-08,0.999982774],"scale":1.16525137,"type":"hr_tirestack_blue"}
{"ctxid":0,"pos":[-145.064758,-391.538757,123.972641],"rotationMatrix":[-0.469180822,-0.883097827,-0.00275635254,0.883082569,-0.469188929,0.00518774055,-0.00587453227,-9.84873623e-08,0.999982774],"scale":1.16525149,"type":"hr_tirestack_blue"}
{"ctxid":0,"pos":[-145.592072,-392.004883,123.969009],"rotationMatrix":[0.273211122,-0.961948752,0.00320564443,0.961882591,0.273229897,0.0112866107,-0.0117330197,-1.74622983e-07,0.999931157],"scale":1.16525137,"type":"hr_tirestack_blue"}
{"ctxid":0,"pos":[-143.982681,-390.620667,123.978996],"rotationMatrix":[-0.819265604,0.573393941,-0.00480675837,-0.573384047,-0.819279671,-0.00336402608,-0.00586699182,8.74279067e-08,0.999982774],"scale":1.16525137,"type":"hr_tirestack_blue"}
{"ctxid":0,"pos":[-143.823441,-391.317139,123.977043],"rotationMatrix":[-0.936545491,-0.350539923,-0.00205668481,0.350545943,-0.936529398,-0.00549479248,-1.51339918e-09,-0.00586708589,0.999982774],"scale":1.16525137,"type":"hr_tirestack_blue"}
{"ctxid":0,"pos":[-144.365646,-391.784668,123.974289],"rotationMatrix":[-0.468949437,-0.883209705,-0.00518838735,0.883224964,-0.468941331,-0.00275477348,-6.98491931e-09,-0.00587436324,0.999982774],"scale":1.16525149,"type":"hr_tirestack_blue"}
{"ctxid":0,"pos":[-144.892975,-392.250763,123.971558],"rotationMatrix":[0.273638129,-0.961816132,-0.00565005373,0.961832702,0.27363342,0.00160779105,-3.55998054e-07,-0.00587435905,0.999982774],"scale":1.16525137,"type":"hr_tirestack_blue"}
{"ctxid":0,"pos":[-143.283585,-390.866486,123.979675],"rotationMatrix":[-0.819443822,0.573149562,0.00336306635,-0.573159456,-0.819429755,-0.00480754394,3.54950316e-07,-0.00586708542,0.999982774],"scale":1.16525137,"type":"hr_tirestack_blue"}
{"ctxid":0,"pos":[-140.27211,-387.305542,123.999245],"rotationMatrix":[-0.936487436,-0.350683957,0.00343691511,0.350651711,-0.936475396,-0.00755158765,0.00586680742,-0.00586680742,0.999965608],"scale":1.16525137,"type":"hr_tirestack_blue"}
{"ctxid":0,"pos":[-140.814301,-387.773041,123.997849],"rotationMatrix":[-0.468949795,-0.883209646,-0.00518164411,0.883224905,-0.468941689,-0.00275079394,-3.62051651e-07,-0.00586654106,0.999982774],"scale":1.16525149,"type":"hr_tirestack_blue"}
{"ctxid":0,"pos":[-141.341614,-388.239136,123.995102],"rotationMatrix":[0.27363795,-0.961816192,-0.0056425333,0.961832762,0.273633242,0.00160565297,-3.58326361e-07,-0.00586654153,0.999982774],"scale":1.16525137,"type":"hr_tirestack_blue"}
{"ctxid":0,"pos":[-139.732224,-386.854919,123.998726],"rotationMatrix":[-0.819498181,0.573023677,0.00816993508,-0.573051929,-0.819517851,-0.00144602451,0.0058668009,-0.00586681161,0.999965608],"scale":1.16525137,"type":"hr_tirestack_blue"}
{"ctxid":0,"pos":[-139.572983,-387.551361,123.993408],"rotationMatrix":[-0.936440945,-0.350822568,0.00137487659,0.350776196,-0.936368346,-0.0130525092,0.00586650567,-0.0117406296,0.999913871],"scale":1.16525137,"type":"hr_tirestack_blue"}
{"ctxid":0,"pos":[-140.115189,-388.01889,123.991096],"rotationMatrix":[-0.468732834,-0.883307099,-0.00762142427,0.883320451,-0.468647718,-0.0106851393,0.00586649589,-0.011740637,0.999913871],"scale":1.16525149,"type":"hr_tirestack_blue"}
{"ctxid":0,"pos":[-140.642517,-388.485016,123.988716],"rotationMatrix":[0.273877621,-0.961678028,-0.0129006039,0.961746573,0.273929834,-0.00243351562,0.00587411784,-0.0117406268,0.999913812],"scale":1.16525137,"type":"hr_tirestack_blue"}
{"ctxid":0,"pos":[-139.033127,-387.100769,123.993179],"rotationMatrix":[-0.819498181,0.573023498,0.00818055216,-0.573051751,-0.81951797,-0.00144790974,0.00587442331,-0.00587443914,0.999965489],"scale":1.16525137,"type":"hr_tirestack_blue"}
{"ctxid":0,"pos":[-135.984344,-383.521149,124.014023],"rotationMatrix":[-0.936384439,-0.350244164,-0.0226554964,0.350534439,-0.936493039,-0.010317184,-0.0176031794,-0.0176023804,0.999690115],"scale":1.16525137,"type":"hr_tirestack_blue"}
{"ctxid":0,"pos":[-136.52655,-383.988647,123.997177],"rotationMatrix":[-0.468425989,-0.883472621,-0.00730854506,0.883327425,-0.468152165,-0.0237968862,0.017602386,-0.0176029168,0.999690115],"scale":1.16525149,"type":"hr_tirestack_blue"}
{"ctxid":0,"pos":[-137.053848,-384.454742,123.998245],"rotationMatrix":[0.274131835,-0.961445987,-0.0217563659,0.961530983,0.274429858,-0.0120982118,0.0176023729,-0.0176029149,0.999690115],"scale":1.16525137,"type":"hr_tirestack_blue"}
{"ctxid":0,"pos":[-135.444473,-383.070526,124.026421],"rotationMatrix":[-0.819111586,0.573527455,-0.0110580437,-0.573363781,-0.81916523,-0.014902154,-0.0176051594,-0.00586624676,0.999827802],"scale":1.16525137,"type":"hr_tirestack_blue"}
{"ctxid":0,"pos":[-135.285233,-383.766968,124.025131],"rotationMatrix":[-0.936525702,-0.350108176,-0.0185452998,0.350156695,-0.936690927,0.000670788577,-0.017606061,-0.00586554967,0.999827802],"scale":1.16525137,"type":"hr_tirestack_blue"}
{"ctxid":0,"pos":[-135.827438,-384.234497,124.009003],"rotationMatrix":[-0.469220281,-0.882877767,-0.0189510398,0.882593691,-0.469566107,0.0231497157,-0.0293371379,-0.00586375408,0.999552369],"scale":1.16525149,"type":"hr_tirestack_blue"}
{"ctxid":0,"pos":[-136.354767,-384.700653,123.990791],"rotationMatrix":[0.272949755,-0.962025404,0.00236617681,0.961580873,0.272896945,0.0298239775,-0.0293371454,-0.00586517528,0.999552369],"scale":1.16525137,"type":"hr_tirestack_blue"}
{"ctxid":0,"pos":[-134.745377,-383.316376,124.037292],"rotationMatrix":[-0.819111586,0.573527634,-0.0110592823,-0.57336396,-0.81916523,-0.014901951,-0.0176060591,-0.00586536853,0.999827802],"scale":1.16525137,"type":"hr_tirestack_blue"}
{"ctxid":0,"pos":[-128.660126,-380.523834,124.331909],"rotationMatrix":[-0.947265983,0.318081856,-0.0388742201,-0.316999018,-0.947900176,-0.031575229,-0.0468923859,-0.0175870508,0.998745084],"scale":1.16525137,"type":"hr_tirestack_blue"}
{"ctxid":0,"pos":[-129.375717,-380.545074,124.297943],"rotationMatrix":[-0.919408321,-0.390108764,-0.0500369035,0.390499234,-0.920600891,0.00212341174,-0.0468923785,-0.017587088,0.998745084],"scale":1.16525149,"type":"hr_tirestack_blue"}
{"ctxid":0,"pos":[-130.078888,-380.574646,124.264839],"rotationMatrix":[-0.392882466,-0.919123709,-0.0292385109,0.918392003,-0.393794298,0.038496241,-0.0468967743,-0.0117279124,0.998830914],"scale":1.16525137,"type":"hr_tirestack_blue"}
{"ctxid":0,"pos":[-127.95694,-380.514221,124.361916],"rotationMatrix":[-0.275467515,0.961293995,0.00561017916,-0.960433781,-0.274962544,-0.0443006121,-0.0410433225,-0.0175915845,0.999002516],"scale":1.16525137,"type":"hr_tirestack_blue"}
{"ctxid":0,"pos":[-128.272278,-381.155396,124.337662],"rotationMatrix":[-0.947497368,0.318022043,-0.0333271585,-0.317118555,-0.947920084,-0.0297206715,-0.0410433151,-0.0175915956,0.999002516],"scale":1.16525137,"type":"hr_tirestack_blue"}
{"ctxid":0,"pos":[-128.987885,-381.176636,124.305038],"rotationMatrix":[-0.919408321,-0.390108764,-0.0500369035,0.390499234,-0.920600891,0.00212341361,-0.0468923785,-0.0175870862,0.998745084],"scale":1.16525149,"type":"hr_tirestack_blue"}
{"ctxid":0,"pos":[-129.691071,-381.206177,124.272614],"rotationMatrix":[-0.392708898,-0.919094682,-0.0323186703,0.918746471,-0.393643618,0.0308143124,-0.0410433151,-0.0175916106,0.999002516],"scale":1.16525137,"type":"hr_tirestack_blue"}
{"ctxid":0,"pos":[-127.569122,-381.145691,124.370117],"rotationMatrix":[-0.275109291,0.961411655,-0.00162697397,-0.960268557,-0.274863958,-0.0483128279,-0.0468957126,-0.0117289778,0.998830914],"scale":1.16525137,"type":"hr_tirestack_blue"}
{"ctxid":0,"pos":[-122.950043,-380.410797,124.589775],"rotationMatrix":[-0.942456484,0.331884623,-0.0403525755,-0.331023335,-0.943246961,-0.0266175587,-0.0468964055,-0.0117282476,0.998830914],"scale":1.16525137,"type":"hr_tirestack_blue"}
{"ctxid":0,"pos":[-123.665871,-380.421631,124.556496],"rotationMatrix":[-0.92497468,-0.376715988,-0.0500692762,0.377123684,-0.926161885,0.00140086748,-0.0468999855,-0.0175865423,0.998744786],"scale":1.16525149,"type":"hr_tirestack_blue"}
{"ctxid":0,"pos":[-124.369392,-380.440979,124.523125],"rotationMatrix":[-0.405847669,-0.91326493,-0.0351395272,0.912736595,-0.406986356,0.0356946625,-0.046899993,-0.0175865367,0.998744786],"scale":1.16525137,"type":"hr_tirestack_blue"}
{"ctxid":0,"pos":[-122.246803,-380.411377,124.621811],"rotationMatrix":[-0.261507869,0.965181053,0.00624986365,-0.964328229,-0.2609905,-0.0442144983,-0.0410438441,-0.0175893605,0.999002516],"scale":1.16525137,"type":"hr_tirestack_blue"}
{"ctxid":0,"pos":[-122.571411,-381.047913,124.596855],"rotationMatrix":[-0.942568898,0.331794918,-0.0384135619,-0.33070296,-0.943187475,-0.0321355835,-0.046893619,-0.0175865255,0.998745084],"scale":1.16525137,"type":"hr_tirestack_blue"}
{"ctxid":0,"pos":[-123.287247,-381.058746,124.563057],"rotationMatrix":[-0.924975038,-0.376716137,-0.0500627048,0.377123892,-0.926161766,0.00139683578,-0.046892371,-0.0175878033,0.998745084],"scale":1.16525149,"type":"hr_tirestack_blue"}
{"ctxid":0,"pos":[-123.990784,-381.078064,124.532562],"rotationMatrix":[-0.405993342,-0.913288534,-0.0327623151,0.912953913,-0.406933069,0.0303409863,-0.0410421453,-0.017592242,0.999002516],"scale":1.16525137,"type":"hr_tirestack_blue"}
{"ctxid":0,"pos":[-121.868187,-381.048431,124.627213],"rotationMatrix":[-0.26115489,0.965296566,-0.000927042216,-0.964157164,-0.260892987,-0.0483318344,-0.046896413,-0.0117282737,0.998830914],"scale":1.16525137,"type":"hr_tirestack_blue"}
{"ctxid":0,"pos":[-117.233376,-380.229218,124.842346],"rotationMatrix":[-0.943389535,0.331511766,-0.010778578,-0.331219405,-0.943287015,-0.0224343073,-0.0176045299,-0.0175942164,0.999690235],"scale":1.16525137,"type":"hr_tirestack_blue"}
{"ctxid":0,"pos":[-117.949211,-380.240051,124.81636],"rotationMatrix":[-0.924974918,-0.376716048,-0.0500657335,0.377123266,-0.926162124,0.00140956976,-0.0468999892,-0.0175771359,0.998744905],"scale":1.16525149,"type":"hr_tirestack_blue"}
{"ctxid":0,"pos":[-118.652733,-380.259399,124.78389],"rotationMatrix":[-0.405993462,-0.913288593,-0.0327612311,0.912953854,-0.406933069,0.0303427465,-0.0410433114,-0.0175905339,0.999002516],"scale":1.16525137,"type":"hr_tirestack_blue"}
{"ctxid":0,"pos":[-116.530144,-380.229797,124.850601],"rotationMatrix":[-0.261731505,0.964942038,0.0195823554,-0.965069473,-0.261411786,-0.0174604524,-0.0117292646,-0.0234682839,0.999655783],"scale":1.16525137,"type":"hr_tirestack_blue"}
{"ctxid":0,"pos":[-116.854752,-380.866333,124.834007],"rotationMatrix":[-0.94345665,0.331454724,-0.00523406034,-0.331288427,-0.943306923,-0.0204976965,-0.0117313825,-0.0176047031,0.999776185],"scale":1.16525137,"type":"hr_tirestack_blue"}
{"ctxid":0,"pos":[-117.570587,-380.877197,124.823349],"rotationMatrix":[-0.925232172,-0.376765043,-0.044648096,0.377174646,-0.926141739,-0.000812212005,-0.0410444513,-0.0175916143,0.999002457],"scale":1.16525149,"type":"hr_tirestack_blue"}
{"ctxid":0,"pos":[-118.274124,-380.896515,124.791893],"rotationMatrix":[-0.40615952,-0.913316429,-0.0297909826,0.912597597,-0.407081842,0.0380773172,-0.0469040126,-0.0117217135,0.998830616],"scale":1.16525137,"type":"hr_tirestack_blue"}
{"ctxid":0,"pos":[-116.151527,-380.866852,124.848389],"rotationMatrix":[-0.261532903,0.965149581,0.00931890216,-0.964748681,-0.261106491,-0.0329133794,-0.0293331072,-0.0175983328,0.999414742],"scale":1.16525137,"type":"hr_tirestack_blue"}
{"ctxid":0,"pos":[-111.498566,-380.123291,124.986282],"rotationMatrix":[-0.94315815,0.331625491,-0.021845486,-0.331047207,-0.94324708,-0.0263177939,-0.0293333419,-0.0175899528,0.999414921],"scale":1.16525137,"type":"hr_tirestack_blue"}
{"ctxid":0,"pos":[-112.214394,-380.134125,124.965569],"rotationMatrix":[-0.925716162,-0.376980901,-0.0305812247,0.377490819,-0.925923944,-0.0128742196,-0.0234625489,-0.0234620012,0.999449372],"scale":1.16525149,"type":"hr_tirestack_blue"}
{"ctxid":0,"pos":[-112.917908,-380.153473,124.948586],"rotationMatrix":[-0.406098366,-0.913304269,-0.0309731737,0.913528025,-0.406601548,0.0119007267,-0.0234627239,-0.0234619975,0.999449372],"scale":1.16525137,"type":"hr_tirestack_blue"}
{"ctxid":0,"pos":[-110.795326,-380.123901,125.004982],"rotationMatrix":[-0.261793494,0.964982748,0.0165071227,-0.964838743,-0.26126194,-0.0287833251,-0.0234627277,-0.0234619975,0.999449372],"scale":1.16525137,"type":"hr_tirestack_blue"}
{"ctxid":0,"pos":[-111.119934,-380.760437,124.98243],"rotationMatrix":[-0.943380356,0.331402361,-0.0143635236,-0.330882668,-0.943197608,-0.0299185719,-0.0234627239,-0.0234719459,0.999449134],"scale":1.16525137,"type":"hr_tirestack_blue"}
{"ctxid":0,"pos":[-111.83577,-380.77124,124.963394],"rotationMatrix":[-0.925547361,-0.376915693,-0.036013674,0.377494633,-0.925950646,-0.0106583731,-0.02932957,-0.0234597959,0.99929446],"scale":1.16525149,"type":"hr_tirestack_blue"}
{"ctxid":0,"pos":[-112.539314,-380.790558,124.94252],"rotationMatrix":[-0.406098127,-0.913304269,-0.0309744831,0.913528144,-0.40660131,0.01190014,-0.0234627184,-0.0234634373,0.999449313],"scale":1.16525137,"type":"hr_tirestack_blue"}
{"ctxid":0,"pos":[-110.416702,-380.760925,124.998924],"rotationMatrix":[-0.261793852,0.964982629,0.0165095273,-0.964838624,-0.261262298,-0.0287839938,-0.0234627333,-0.0234645028,0.999449313],"scale":1.16525137,"type":"hr_tirestack_blue"}
{"ctxid":0,"pos":[-105.74041,-379.9664,125.139099],"rotationMatrix":[-0.94337976,0.331403226,-0.0143678337,-0.330883652,-0.943197489,-0.0299084187,-0.0234634504,-0.0234609172,0.999449372],"scale":1.16525137,"type":"hr_tirestack_blue"}
{"ctxid":0,"pos":[-106.456238,-379.977234,125.122032],"rotationMatrix":[-0.925716162,-0.376980901,-0.0305802599,0.377490819,-0.925923944,-0.0128761642,-0.0234609246,-0.0234634392,0.999449372],"scale":1.16525149,"type":"hr_tirestack_blue"}
{"ctxid":0,"pos":[-107.15976,-379.996582,125.101189],"rotationMatrix":[-0.405978441,-0.913273633,-0.0333555713,0.913411796,-0.406670332,0.0172627047,-0.0293302983,-0.0234590843,0.99929446],"scale":1.16525137,"type":"hr_tirestack_blue"}
{"ctxid":0,"pos":[-105.037163,-379.96698,125.155594],"rotationMatrix":[-0.261793137,0.964982927,0.0165058095,-0.964838803,-0.261261702,-0.0287840869,-0.0234638173,-0.023460919,0.999449372],"scale":1.16525137,"type":"hr_tirestack_blue"}
{"ctxid":0,"pos":[-105.361778,-380.603516,125.134445],"rotationMatrix":[-0.943158269,0.33162576,-0.0218351204,-0.331047475,-0.943246841,-0.0263236091,-0.0293254945,-0.0175988711,0.99941498],"scale":1.16525137,"type":"hr_tirestack_blue"}
{"ctxid":0,"pos":[-106.077621,-380.61438,125.115967],"rotationMatrix":[-0.925716162,-0.376980871,-0.0305823199,0.377490848,-0.925923944,-0.0128745437,-0.0234634429,-0.0234627165,0.999449313],"scale":1.16525149,"type":"hr_tirestack_blue"}
{"ctxid":0,"pos":[-106.781151,-380.633698,125.098129],"rotationMatrix":[-0.406243443,-0.913335741,-0.0279998947,0.913293898,-0.406827092,0.0196444616,-0.0293331053,-0.0175917,0.999414861],"scale":1.16525137,"type":"hr_tirestack_blue"}
{"ctxid":0,"pos":[-104.658554,-380.604065,125.155067],"rotationMatrix":[-0.261532784,0.965149522,0.00932141487,-0.964748979,-0.261106372,-0.0329061709,-0.0293254964,-0.0175988711,0.99941498],"scale":1.16525137,"type":"hr_tirestack_blue"}
{"ctxid":0,"pos":[-100.766815,-379.825928,125.283134],"rotationMatrix":[-0.925337672,-0.376982152,-0.0404276736,0.378009021,-0.925552011,-0.0215047542,-0.0293110106,-0.0351811871,0.998951018],"scale":1.16525149,"type":"hr_tirestack_blue"}
{"ctxid":0,"pos":[-101.470337,-379.845276,125.258141],"rotationMatrix":[-0.405564785,-0.91314292,-0.0410758741,0.913388968,-0.406584501,0.0202395357,-0.0351824053,-0.0293098092,0.998951018],"scale":1.16525137,"type":"hr_tirestack_blue"}
{"ctxid":0,"pos":[-100.388199,-380.463043,125.271576],"rotationMatrix":[-0.925322533,-0.377125204,-0.039431762,0.378455698,-0.924974322,-0.0345513746,-0.0234431736,-0.0468943417,0.998624742],"scale":1.16525149,"type":"hr_tirestack_blue"}
{"ctxid":0,"pos":[-101.091728,-380.482361,125.250488],"rotationMatrix":[-0.405449152,-0.91305548,-0.0440527163,0.913647592,-0.406315088,0.0124984048,-0.0293110199,-0.0351811871,0.998951018],"scale":1.16525137,"type":"hr_tirestack_blue"}
{"ctxid":0,"pos":[-99.867691,-382.611938,125.236847],"rotationMatrix":[-0.0245447159,-0.999530852,-0.0183192883,0.999268472,-0.0250675678,0.0288798176,-0.0293254908,-0.017597042,0.99941498],"scale":1.16525137,"type":"hr_tirestack_blue"}
{"ctxid":0,"pos":[-99.6358032,-383.289276,125.22789],"rotationMatrix":[0.644191623,-0.764858961,-0.00283126999,0.764504194,0.643770456,0.0330591314,-0.0234628841,-0.0234609321,0.999449372],"scale":1.16525149,"type":"hr_tirestack_blue"}
{"ctxid":0,"pos":[-99.3996124,-383.95224,125.221123],"rotationMatrix":[0.994007468,-0.105845183,0.0273111872,0.105302826,0.994226992,0.0205900464,-0.0293328762,-0.0175907146,0.999414921],"scale":1.16525137,"type":"hr_tirestack_blue"}
{"ctxid":0,"pos":[-100.084854,-381.943115,125.245529],"rotationMatrix":[-0.837333918,-0.545412242,-0.0373795442,0.545904338,-0.837839365,-0.0036479868,-0.0293284021,-0.0234602429,0.99929446],"scale":1.16525137,"type":"hr_tirestack_blue"}
{"ctxid":0,"pos":[-99.3790894,-382.054688,125.262909],"rotationMatrix":[-0.0244122744,-0.999412835,-0.0240425989,0.999426544,-0.0249629021,0.0228768662,-0.0234636068,-0.0234703384,0.999449134],"scale":1.16525137,"type":"hr_tirestack_blue"}
{"ctxid":0,"pos":[-99.1471863,-382.732025,125.252449],"rotationMatrix":[0.644191206,-0.764859319,-0.00282646716,0.764504313,0.643770099,0.0330648236,-0.0234703403,-0.0234609153,0.999449193],"scale":1.16525149,"type":"hr_tirestack_blue"}
{"ctxid":0,"pos":[-98.911026,-383.39502,125.24527],"rotationMatrix":[0.994007468,-0.105845422,0.0273105204,0.1053029,0.994226873,0.0205963552,-0.0293328837,-0.0175970532,0.999414802],"scale":1.16525137,"type":"hr_tirestack_blue"}
{"ctxid":0,"pos":[-99.596283,-381.385834,125.27227],"rotationMatrix":[-0.837342381,-0.545609295,-0.0341791026,0.545891345,-0.837854981,0.00127379224,-0.0293321256,-0.0175914764,0.999414921],"scale":1.16525137,"type":"hr_tirestack_blue"}
{"ctxid":0,"pos":[-97.9642715,-388.030334,125.167953],"rotationMatrix":[-0.0352139473,-0.999205709,-0.0186495557,0.99894917,-0.0357403755,0.0286895595,-0.0293333158,-0.0176196843,0.999414384],"scale":1.16525137,"type":"hr_tirestack_blue"}
{"ctxid":0,"pos":[-97.7396317,-388.710144,125.16256],"rotationMatrix":[0.635785639,-0.771848977,0.00507530943,0.771308124,0.635562539,0.0338248126,-0.0293333232,-0.0175907016,0.999414861],"scale":1.16525149,"type":"hr_tirestack_blue"}
{"ctxid":0,"pos":[-97.5105286,-389.37558,125.152496],"rotationMatrix":[0.992996931,-0.116334014,0.0205802098,0.115787081,0.992932975,0.0260281079,-0.0234627239,-0.0234629102,0.999449372],"scale":1.16525137,"type":"hr_tirestack_blue"}
{"ctxid":0,"pos":[-98.1742706,-387.359222,125.178383],"rotationMatrix":[-0.843179464,-0.536654413,-0.032410752,0.537119091,-0.843475819,-0.00718134455,-0.0234837867,-0.0234635975,0.999448836],"scale":1.16525137,"type":"hr_tirestack_blue"}
{"ctxid":0,"pos":[-97.4697495,-387.478363,125.192322],"rotationMatrix":[-0.0351964235,-0.99908042,-0.0244861562,0.998950124,-0.0358896255,0.028470993,-0.0293236095,-0.0234583728,0.999294639],"scale":1.16525137,"type":"hr_tirestack_blue"}
{"ctxid":0,"pos":[-97.2450943,-388.158112,125.186806],"rotationMatrix":[0.635786116,-0.771848798,0.00504877046,0.771307945,0.635561943,0.0338381827,-0.0293267667,-0.0176196881,0.999414563],"scale":1.16525149,"type":"hr_tirestack_blue"}
{"ctxid":0,"pos":[-97.0160141,-388.823578,125.177071],"rotationMatrix":[0.992996335,-0.116335146,0.0206027143,0.115787618,0.992932856,0.0260307416,-0.0234853998,-0.0234628916,0.999448836],"scale":1.16525137,"type":"hr_tirestack_blue"}
{"ctxid":0,"pos":[-97.6797791,-386.80722,125.202972],"rotationMatrix":[-0.843179464,-0.536654413,-0.032410752,0.537119091,-0.843475819,-0.00718134455,-0.0234837867,-0.0234635975,0.999448836],"scale":1.16525137,"type":"hr_tirestack_blue"}
{"ctxid":0,"pos":[-96.1121826,-393.386871,125.10289],"rotationMatrix":[-0.0350801945,-0.999089539,-0.0242785513,0.99910897,-0.0356305838,0.022619145,-0.0234636106,-0.0234634336,0.999449313],"scale":1.16525137,"type":"hr_tirestack_blue"}
{"ctxid":0,"pos":[-95.8875427,-394.066681,125.093254],"rotationMatrix":[0.635785997,-0.771848738,0.00506336056,0.771308124,0.635562539,0.0338235162,-0.0293247197,-0.0175991058,0.99941498],"scale":1.16525149,"type":"hr_tirestack_blue"}
{"ctxid":0,"pos":[-95.6584396,-394.732117,125.086899],"rotationMatrix":[0.992828906,-0.116593644,0.0263942722,0.115892246,0.992902637,0.0267087985,-0.0293210167,-0.0234583747,0.999294758],"scale":1.16525137,"type":"hr_tirestack_blue"}
{"ctxid":0,"pos":[-96.3221741,-392.715759,125.113708],"rotationMatrix":[-0.843179464,-0.536655128,-0.0323933885,0.537119687,-0.843475223,-0.00719325617,-0.0234627277,-0.0234643351,0.999449313],"scale":1.16525137,"type":"hr_tirestack_blue"}
{"ctxid":0,"pos":[-95.6176605,-392.8349,125.127457],"rotationMatrix":[-0.0350801945,-0.999089539,-0.0242785513,0.99910897,-0.0356305838,0.022619145,-0.0234636106,-0.0234634336,0.999449313],"scale":1.16525137,"type":"hr_tirestack_blue"}
{"ctxid":0,"pos":[-95.3930054,-393.514648,125.117485],"rotationMatrix":[0.635786057,-0.771848738,0.0050641885,0.771308005,0.635562599,0.0338245109,-0.0293260142,-0.0175991021,0.99941498],"scale":1.16525149,"type":"hr_tirestack_blue"}
{"ctxid":0,"pos":[-95.1639404,-394.180115,125.112396],"rotationMatrix":[0.992996931,-0.116334014,0.020580044,0.115787052,0.992932916,0.0260295272,-0.0234627221,-0.023464337,0.999449313],"scale":1.16525137,"type":"hr_tirestack_blue"}
{"ctxid":0,"pos":[-95.8276901,-392.163757,125.138283],"rotationMatrix":[-0.843179464,-0.536655366,-0.0323921293,0.537119806,-0.843475223,-0.00719128735,-0.0234627184,-0.0234620031,0.999449372],"scale":1.16525137,"type":"hr_tirestack_blue"}
{"ctxid":0,"pos":[-94.2369537,-398.718262,125.031944],"rotationMatrix":[-0.0346295834,-0.99911052,-0.0240629837,0.999245226,-0.0350382328,0.0167728644,-0.0176010691,-0.023463985,0.999569714],"scale":1.16525137,"type":"hr_tirestack_blue"}
{"ctxid":0,"pos":[-94.0120926,-399.398041,125.019936],"rotationMatrix":[0.636414945,-0.771315992,-0.00690174149,0.771146119,0.636019647,0.0285086036,-0.0175994989,-0.0234655514,0.999569714],"scale":1.16525149,"type":"hr_tirestack_blue"}
{"ctxid":0,"pos":[-93.7827759,-400.063354,125.005058],"rotationMatrix":[0.993167698,-0.115843251,0.0140818348,0.115362436,0.99283433,0.0311686564,-0.0175916068,-0.0293311868,0.999414921],"scale":1.16525137,"type":"hr_tirestack_blue"}
{"ctxid":0,"pos":[-94.4471741,-398.047241,125.044296],"rotationMatrix":[-0.843000531,-0.536936224,-0.0323962681,0.537400663,-0.843296409,-0.00718022697,-0.0234643333,-0.0234627128,0.999449313],"scale":1.16525137,"type":"hr_tirestack_blue"}
{"ctxid":0,"pos":[-93.7426147,-398.166138,125.055573],"rotationMatrix":[-0.0346466303,-0.998951614,-0.0299238898,0.99924475,-0.0351530313,0.0165637974,-0.0175983422,-0.0293274093,0.999414921],"scale":1.16525137,"type":"hr_tirestack_blue"}
{"ctxid":0,"pos":[-93.5177307,-398.845825,125.041611],"rotationMatrix":[0.636414945,-0.771315992,-0.00690173684,0.771146119,0.636019647,0.028508598,-0.0175994951,-0.0234655458,0.999569714],"scale":1.16525149,"type":"hr_tirestack_blue"}
{"ctxid":0,"pos":[-93.2884521,-399.5112,125.028717],"rotationMatrix":[0.993265331,-0.115566604,0.00826516096,0.115266465,0.992866516,0.0304917935,-0.0117300348,-0.0293337461,0.999500871],"scale":1.16525137,"type":"hr_tirestack_blue"}
{"ctxid":0,"pos":[-93.9528732,-397.495087,125.068878],"rotationMatrix":[-0.843000531,-0.536936224,-0.0323962681,0.537400663,-0.843296409,-0.00718022697,-0.0234643333,-0.0234627128,0.999449313],"scale":1.16525137,"type":"hr_tirestack_blue"}
{"ctxid":0,"pos":[-92.3757935,-404.016724,124.901352],"rotationMatrix":[-0.0345449448,-0.998960972,-0.0297251418,0.999334335,-0.0348763466,0.0107025709,-0.0117281536,-0.0293356348,0.999500811],"scale":1.16525137,"type":"hr_tirestack_blue"}
{"ctxid":0,"pos":[-92.1509171,-404.696442,124.884041],"rotationMatrix":[0.636538744,-0.771095872,-0.015152053,0.771155477,0.636043191,0.027717758,-0.011735688,-0.0293280147,0.99950093],"scale":1.16525149,"type":"hr_tirestack_blue"}
{"ctxid":0,"pos":[-91.921608,-405.361816,124.869789],"rotationMatrix":[0.993169367,-0.115743354,0.0147694871,0.115346953,0.993001878,0.0253437031,-0.0175994933,-0.0234669726,0.999569714],"scale":1.16525137,"type":"hr_tirestack_blue"}
{"ctxid":0,"pos":[-92.5860138,-403.345642,124.918579],"rotationMatrix":[-0.843061924,-0.53720367,-0.0256630126,0.537688255,-0.842942476,-0.0184190534,-0.0117376614,-0.0293271057,0.99950093],"scale":1.16525137,"type":"hr_tirestack_blue"}
{"ctxid":0,"pos":[-91.8814545,-403.4646,124.923347],"rotationMatrix":[-0.0345448256,-0.99896127,-0.0297176018,0.999334395,-0.0348761082,0.0107028401,-0.0117281554,-0.0293280929,0.99950105],"scale":1.16525137,"type":"hr_tirestack_blue"}
{"ctxid":0,"pos":[-91.6565704,-404.144226,124.906059],"rotationMatrix":[0.636538744,-0.771095872,-0.0151521228,0.771155477,0.636043191,0.0277178064,-0.0117356814,-0.0293281004,0.99950093],"scale":1.16525149,"type":"hr_tirestack_blue"}
{"ctxid":0,"pos":[-91.4272842,-404.809662,124.891884],"rotationMatrix":[0.993035436,-0.116003007,0.0205889195,0.11545603,0.992971659,0.0260224994,-0.0234629028,-0.0234641489,0.999449313],"scale":1.16525137,"type":"hr_tirestack_blue"}
{"ctxid":0,"pos":[-92.0917053,-402.793488,124.940582],"rotationMatrix":[-0.843062043,-0.537204087,-0.0256558433,0.537688434,-0.842942357,-0.0184236411,-0.0117291398,-0.0293271225,0.99950105],"scale":1.16525137,"type":"hr_tirestack_blue"}
{"ctxid":0,"pos":[-90.4981155,-409.350769,124.790344],"rotationMatrix":[-0.0398968458,-0.998752773,-0.0300161261,0.999048769,-0.0404016972,0.0164041668,-0.0175964143,-0.0293330997,0.999414802],"scale":1.16525137,"type":"hr_tirestack_blue"}
{"ctxid":0,"pos":[-90.276825,-410.031647,124.778687],"rotationMatrix":[0.632188439,-0.774807394,-0.00334794167,0.774459302,0.631761789,0.0330118388,-0.0234627165,-0.023462547,0.999449372],"scale":1.16525149,"type":"hr_tirestack_blue"}
{"ctxid":0,"pos":[-90.0510101,-410.698212,124.764542],"rotationMatrix":[0.992547631,-0.121059068,0.0139242029,0.120579921,0.992212057,0.0312372558,-0.017597314,-0.0293254852,0.99941498],"scale":1.16525137,"type":"hr_tirestack_blue"}
{"ctxid":0,"pos":[-90.7048035,-408.678589,124.805229],"rotationMatrix":[-0.845813274,-0.532298148,-0.0354791209,0.532963216,-0.846048832,-0.0123201115,-0.0234590918,-0.0293295756,0.99929446],"scale":1.16525137,"type":"hr_tirestack_blue"}
{"ctxid":0,"pos":[-90.000885,-408.801208,124.815224],"rotationMatrix":[-0.0398968458,-0.998752773,-0.0300161261,0.999048769,-0.0404016972,0.0164041668,-0.0175964143,-0.0293330997,0.999414802],"scale":1.16525137,"type":"hr_tirestack_blue"}
{"ctxid":0,"pos":[-89.7795792,-409.482056,124.803253],"rotationMatrix":[0.632188439,-0.774807394,-0.00335273612,0.774459302,0.631761551,0.0330157541,-0.0234627202,-0.0234687347,0.999449193],"scale":1.16525149,"type":"hr_tirestack_blue"}
{"ctxid":0,"pos":[-89.5537872,-410.148651,124.789429],"rotationMatrix":[0.992547631,-0.121059075,0.0139240948,0.120579913,0.992211998,0.0312381499,-0.0175973158,-0.0293263867,0.99941498],"scale":1.16525137,"type":"hr_tirestack_blue"}
{"ctxid":0,"pos":[-90.2076111,-408.129059,124.830849],"rotationMatrix":[-0.845813632,-0.532496154,-0.0323561057,0.532962143,-0.846107006,-0.00735167321,-0.0234619956,-0.0234627277,0.999449372],"scale":1.16525137,"type":"hr_tirestack_blue"}
{"ctxid":0,"pos":[-88.6097107,-414.689117,124.690407],"rotationMatrix":[-0.0398970842,-0.998753071,-0.0300075561,0.999048829,-0.0404018164,0.016406443,-0.0175983422,-0.0293244459,0.99941504],"scale":1.16525137,"type":"hr_tirestack_blue"}
{"ctxid":0,"pos":[-88.3884125,-415.370026,124.674332],"rotationMatrix":[0.632348061,-0.774597704,-0.0115919411,0.774484456,0.631774127,0.032176394,-0.01760027,-0.0293244589,0.99941498],"scale":1.16525149,"type":"hr_tirestack_blue"}
{"ctxid":0,"pos":[-88.1625977,-416.03656,124.663872],"rotationMatrix":[0.992414892,-0.121220581,0.0204519313,0.120673992,0.992348254,0.0261282194,-0.0234627184,-0.023462018,0.999449372],"scale":1.16525137,"type":"hr_tirestack_blue"}
{"ctxid":0,"pos":[-88.816391,-414.016968,124.701805],"rotationMatrix":[-0.845813632,-0.532496214,-0.032357581,0.532962203,-0.846107006,-0.00735264551,-0.0234627221,-0.0234643333,0.999449313],"scale":1.16525137,"type":"hr_tirestack_blue"}
{"ctxid":0,"pos":[-88.1124802,-414.139587,124.715286],"rotationMatrix":[-0.0398970842,-0.99875313,-0.030007638,0.999048769,-0.0404019356,0.0164083671,-0.0176002719,-0.0293244477,0.99941498],"scale":1.16525137,"type":"hr_tirestack_blue"}
{"ctxid":0,"pos":[-87.8911743,-414.820465,124.699211],"rotationMatrix":[0.632348061,-0.774597704,-0.0115919411,0.774484456,0.631774127,0.032176394,-0.01760027,-0.0293244589,0.99941498],"scale":1.16525149,"type":"hr_tirestack_blue"}
{"ctxid":0,"pos":[-87.66539,-415.48703,124.688438],"rotationMatrix":[0.992414832,-0.12122082,0.0204517562,0.1206742,0.992348194,0.0261296295,-0.0234627184,-0.0234634317,0.999449313],"scale":1.16525137,"type":"hr_tirestack_blue"}
{"ctxid":0,"pos":[-88.3192062,-413.467407,124.726578],"rotationMatrix":[-0.845813036,-0.532298088,-0.0354787707,0.532963157,-0.846048594,-0.0123215998,-0.0234580059,-0.0293306522,0.99929446],"scale":1.16525137,"type":"hr_tirestack_blue"}
{"ctxid":0,"pos":[-86.7031403,-419.991211,124.590675],"rotationMatrix":[-0.0399971008,-0.998741865,-0.0302450005,0.998924136,-0.0406787395,0.0222643912,-0.0234667081,-0.0293219499,0.999294519],"scale":1.16525137,"type":"hr_tirestack_blue"}
{"ctxid":0,"pos":[-86.4818573,-420.672089,124.57589],"rotationMatrix":[0.632197022,-0.774767399,-0.0078999307,0.774452448,0.631565571,0.0367186368,-0.0234590787,-0.0293315332,0.9992944],"scale":1.16525149,"type":"hr_tirestack_blue"}
{"ctxid":0,"pos":[-86.2560349,-421.338623,124.56163],"rotationMatrix":[0.99241519,-0.121336132,0.0197382979,0.1206716,0.992178082,0.0319537856,-0.023461055,-0.0293295719,0.9992944],"scale":1.16525137,"type":"hr_tirestack_blue"}
{"ctxid":0,"pos":[-86.9098358,-419.319061,124.604477],"rotationMatrix":[-0.845813632,-0.532496452,-0.0323566198,0.532962322,-0.846107006,-0.0073494399,-0.0234636124,-0.0234611146,0.999449372],"scale":1.16525137,"type":"hr_tirestack_blue"}
{"ctxid":0,"pos":[-86.2059174,-419.44165,124.616753],"rotationMatrix":[-0.0398970842,-0.998753071,-0.0300085135,0.999048829,-0.0404016972,0.0164044928,-0.0175964348,-0.0293254796,0.99941504],"scale":1.16525137,"type":"hr_tirestack_blue"}
{"ctxid":0,"pos":[-85.9846039,-420.122498,124.601479],"rotationMatrix":[0.632188439,-0.774807453,-0.00334681477,0.774459362,0.631761849,0.0330109298,-0.0234627239,-0.0234611034,0.999449372],"scale":1.16525149,"type":"hr_tirestack_blue"}
{"ctxid":0,"pos":[-85.7588272,-420.789093,124.589432],"rotationMatrix":[0.99241519,-0.121336132,0.0197382979,0.1206716,0.992178082,0.0319537856,-0.023461055,-0.0293295719,0.9992944],"scale":1.16525137,"type":"hr_tirestack_blue"}
{"ctxid":0,"pos":[-86.4126434,-418.76947,124.629059],"rotationMatrix":[-0.845813632,-0.532496452,-0.0323558673,0.532962322,-0.846107006,-0.00734992232,-0.0234627202,-0.0234611221,0.999449372],"scale":1.16525137,"type":"hr_tirestack_blue"}
{"ctxid":0,"pos":[-10.0488558,-140.801025,127.03466],"rotationMatrix":[-0.78221786,0.622087598,0.0337970741,-0.622977376,-0.781541824,-0.033039391,0.00586042833,-0.0468988195,0.998882473],"scale":1.16525137,"type":"hr_tirestack_blue"}
{"ctxid":0,"pos":[-10.7282915,-140.575455,127.050102],"rotationMatrix":[-0.99857986,-0.0525161661,0.00895071682,0.0519672893,-0.997225881,-0.0532903597,0.0117244916,-0.0527495444,0.998538971],"scale":1.16525149,"type":"hr_tirestack_blue"}
{"ctxid":0,"pos":[-11.3989153,-140.361938,127.069298],"rotationMatrix":[-0.68438828,-0.72848177,-0.0304468796,0.729023457,-0.68303144,-0.0446417034,0.0117244897,-0.0527487472,0.998538971],"scale":1.16525137,"type":"hr_tirestack_blue"}
{"ctxid":0,"pos":[-9.38506126,-141.033295,127.016014],"rotationMatrix":[0.0703488588,0.996177018,0.051790908,-0.99745363,0.0696392655,0.015382342,0.0117168557,-0.0527411625,0.998539448],"scale":1.16525137,"type":"hr_tirestack_blue"}
