{"ctxid":0,"pos":[-758.838684,561.696838,132.793182],"rotationMatrix":[-0.707107067,0.70710659,0,-0.70710659,-0.707107067,0,0,0,1],"scale":1,"type":"light_city"}
{"ctxid":0,"pos":[-775.383606,565.221191,132.793182],"rotationMatrix":[-0.707106709,-0.707106948,0,0.707106948,-0.707106709,0,0,0,1],"scale":1,"type":"light_city"}
{"ctxid":0,"pos":[-762.458984,545.295837,132.935379],"rotationMatrix":[0.707106829,0.707106769,0,-0.707106769,0.707106829,0,0,0,1],"scale":1,"type":"light_city"}
{"ctxid":0,"pos":[-778.185486,548.591187,132.93869],"rotationMatrix":[0.707106829,-0.707106769,0,0.707106769,0.707106829,0,0,0,1],"scale":1,"type":"light_city"}
{"ctxid":0,"pos":[-778.950989,656.630737,115.611938],"rotationMatrix":[0.707106829,-0.707106769,0,0.707106769,0.707106829,0,0,0,1],"scale":1,"type":"light_city"}
{"ctxid":0,"pos":[-762.48291,652.617737,115.608635],"rotationMatrix":[0.707106829,0.707106769,0,-0.707106769,0.707106829,0,0,0,1],"scale":1,"type":"light_city"}
{"ctxid":0,"pos":[-775.1922,670.629272,115.466431],"rotationMatrix":[-0.707106709,-0.707106948,0,0.707106948,-0.707106709,0,0,0,1],"scale":1,"type":"light_city"}
{"ctxid":0,"pos":[-758.455933,666.43512,115.466431],"rotationMatrix":[-0.707107067,0.70710659,0,-0.70710659,-0.707107067,0,0,0,1],"scale":1,"type":"light_city"}
{"ctxid":0,"pos":[-637.195557,477.246399,126.097839],"rotationMatrix":[-1.1920929e-07,0.99999994,0,-0.99999994,-1.1920929e-07,0,0,0,1],"scale":1,"type":"light_city"}
{"ctxid":0,"pos":[-648.934753,494.817444,126.097839],"rotationMatrix":[-1,-4.13264161e-07,0,4.13264161e-07,-1,0,0,0,1],"scale":1,"type":"light_city"}
{"ctxid":0,"pos":[-651.931519,468.330048,126.240036],"rotationMatrix":[1,-8.74227766e-08,0,8.74227766e-08,1,0,0,0,1],"scale":1,"type":"light_city"}
{"ctxid":0,"pos":[-663.604187,485.885712,126.243347],"rotationMatrix":[5.96046448e-08,-0.99999994,0,0.99999994,5.96046448e-08,0,0,0,1],"scale":1,"type":"light_city"}
{"ctxid":0,"pos":[-558.560242,585.138489,99.2807617],"rotationMatrix":[5.96046448e-08,-0.99999994,0,0.99999994,5.96046448e-08,0,0,0,1],"scale":1,"type":"light_city"}
{"ctxid":0,"pos":[-540.932373,573.55426,99.2478638],"rotationMatrix":[1,-8.74227766e-08,0,8.74227766e-08,1,0,0,0,1],"scale":1,"type":"light_city"}
{"ctxid":0,"pos":[-546.805908,602.829102,99.1352539],"rotationMatrix":[-1,-4.13264161e-07,0,4.13264161e-07,-1,0,0,0,1],"scale":1,"type":"light_city"}
{"ctxid":0,"pos":[-529.218689,591.124878,99.1352539],"rotationMatrix":[-1.1920929e-07,0.99999994,0,-0.99999994,-1.1920929e-07,0,0,0,1],"scale":1,"type":"light_city"}
{"ctxid":0,"pos":[-561.115662,401.16745,118.021965],"rotationMatrix":[-1.1920929e-07,0.99999994,0,-0.99999994,-1.1920929e-07,0,0,0,1],"scale":1,"type":"light_city"}
{"ctxid":0,"pos":[-570.016907,415.877441,118.021965],"rotationMatrix":[-1,-4.13264161e-07,0,4.13264161e-07,-1,0,0,0,1],"scale":1,"type":"light_city"}
{"ctxid":0,"pos":[-575.869141,392.235321,118.164162],"rotationMatrix":[1,-8.74227766e-08,0,8.74227766e-08,1,0,0,0,1],"scale":1,"type":"light_city"}
{"ctxid":0,"pos":[-584.724609,407.011292,118.167473],"rotationMatrix":[5.96046448e-08,-0.99999994,0,0.99999994,5.96046448e-08,0,0,0,1],"scale":1,"type":"light_city"}
{"ctxid":0,"pos":[-690.417725,301.282654,138.578903],"rotationMatrix":[5.96046448e-08,-0.99999994,0,0.99999994,5.96046448e-08,0,0,0,1],"scale":1,"type":"light_city"}
{"ctxid":0,"pos":[-681.557617,286.55304,138.457153],"rotationMatrix":[1,-8.74227766e-08,0,8.74227766e-08,1,0,0,0,1],"scale":1,"type":"light_city"}
{"ctxid":0,"pos":[-675.704468,310.165497,138.453674],"rotationMatrix":[-1,-4.13264161e-07,0,4.13264161e-07,-1,0,0,0,1],"scale":1,"type":"light_city"}
{"ctxid":0,"pos":[-666.803223,295.418427,138.453674],"rotationMatrix":[-1.1920929e-07,0.99999994,0,-0.99999994,-1.1920929e-07,0,0,0,1],"scale":1,"type":"light_city"}
{"ctxid":0,"pos":[-692.515076,117.19693,127.611458],"rotationMatrix":[-1.1920929e-07,0.99999994,0,-0.99999994,-1.1920929e-07,0,0,0,1],"scale":1,"type":"light_city"}
{"ctxid":0,"pos":[-710.329468,128.917755,127.593872],"rotationMatrix":[-1,-4.13264161e-07,0,4.13264161e-07,-1,0,0,0,1],"scale":1,"type":"light_city"}
{"ctxid":0,"pos":[-707.508301,102.452126,127.488083],"rotationMatrix":[1,-8.74227766e-08,0,8.74227766e-08,1,0,0,0,1],"scale":1,"type":"light_city"}
{"ctxid":0,"pos":[-719.34082,113.997467,127.609833],"rotationMatrix":[5.96046448e-08,-0.99999994,0,0.99999994,5.96046448e-08,0,0,0,1],"scale":1,"type":"light_city"}
{"ctxid":0,"pos":[-403.235718,429.966034,105.257858],"rotationMatrix":[5.96046448e-08,-0.99999994,0,0.99999994,5.96046448e-08,0,0,0,1],"scale":1,"type":"light_city"}
{"ctxid":0,"pos":[-385.552887,418.185089,105.252159],"rotationMatrix":[1,-8.74227766e-08,0,8.74227766e-08,1,0,0,0,1],"scale":1,"type":"light_city"}
{"ctxid":0,"pos":[-391.628693,447.666748,105.211052],"rotationMatrix":[-1,-4.13264161e-07,0,4.13264161e-07,-1,0,0,0,1],"scale":1,"type":"light_city"}
{"ctxid":0,"pos":[-373.977417,435.858978,105.263611],"rotationMatrix":[-1.1920929e-07,0.99999994,0,-0.99999994,-1.1920929e-07,0,0,0,1],"scale":1,"type":"light_city"}
{"ctxid":0,"pos":[-645.080139,341.248962,132.092697],"rotationMatrix":[-0.707106948,-0.707106709,0,0.707106709,-0.707106948,0,0,0,1],"scale":1,"type":"light_city"}
{"ctxid":0,"pos":[-615.770996,370.558044,125.096703],"rotationMatrix":[-0.707106948,-0.707106709,0,0.707106709,-0.707106948,0,0,0,1],"scale":1,"type":"light_city"}
{"ctxid":0,"pos":[-515.352661,470.976379,110.527069],"rotationMatrix":[-0.707106948,-0.707106709,0,0.707106709,-0.707106948,0,0,0,1],"scale":1,"type":"light_city"}
{"ctxid":0,"pos":[-450.983002,513.00708,105.638008],"rotationMatrix":[-1.1920929e-07,0.99999994,0,-0.99999994,-1.1920929e-07,0,0,0,1],"scale":1,"type":"light_city"}
{"ctxid":0,"pos":[-469.903656,525.907959,105.561913],"rotationMatrix":[-1,-4.13264161e-07,0,4.13264161e-07,-1,0,0,0,1],"scale":1,"type":"light_city"}
{"ctxid":0,"pos":[-464.829163,497.294922,105.668053],"rotationMatrix":[1,-8.74227766e-08,0,8.74227766e-08,1,0,0,0,1],"scale":1,"type":"light_city"}
{"ctxid":0,"pos":[-479.651611,506.163818,105.757507],"rotationMatrix":[5.96046448e-08,-0.99999994,0,0.99999994,5.96046448e-08,0,0,0,1],"scale":1,"type":"light_city"}
{"ctxid":0,"pos":[-677.09436,157.307907,127.484612],"rotationMatrix":[-0.707106471,-0.707107127,0,0.707107127,-0.707106471,0,0,0,1],"scale":1,"type":"light_city"}
{"ctxid":0,"pos":[-637.377014,196.543961,125.506844],"rotationMatrix":[-0.707106471,-0.707107127,0,0.707107127,-0.707106471,0,0,0,1],"scale":1,"type":"light_city"}
{"ctxid":0,"pos":[-671.353027,135.006561,126.340355],"rotationMatrix":[0.707106829,0.707106769,0,-0.707106769,0.707106829,0,0,0,1],"scale":1,"type":"light_city"}
{"ctxid":0,"pos":[-631.379395,175.068451,123.564468],"rotationMatrix":[0.707106829,0.707106769,0,-0.707106769,0.707106829,0,0,0,1],"scale":1,"type":"light_city"}
{"ctxid":0,"pos":[-617.699585,88.9637909,113.334663],"rotationMatrix":[-0.707106948,-0.707106709,0,0.707106709,-0.707106948,0,0,0,1],"scale":1,"type":"light_city"}
{"ctxid":0,"pos":[-596.050964,110.6129,112.674362],"rotationMatrix":[-0.707106948,-0.707106709,0,0.707106709,-0.707106948,0,0,0,1],"scale":1,"type":"light_city"}
{"ctxid":0,"pos":[-576.410889,130.253387,113.072655],"rotationMatrix":[-0.707106948,-0.707106709,0,0.707106709,-0.707106948,0,0,0,1],"scale":1,"type":"light_city"}
{"ctxid":0,"pos":[-554.408508,152.25618,111.726837],"rotationMatrix":[-0.707106948,-0.707106709,0,0.707106709,-0.707106948,0,0,0,1],"scale":1,"type":"light_city"}
{"ctxid":0,"pos":[-639.895325,66.7675552,113.978806],"rotationMatrix":[-0.707106948,-0.707106709,0,0.707106709,-0.707106948,0,0,0,1],"scale":1,"type":"light_city"}
{"ctxid":0,"pos":[-652.108215,70.7653351,113.749832],"rotationMatrix":[-0.707106948,0.707106709,0,-0.707106709,-0.707106948,0,0,0,1],"scale":1,"type":"light_city"}
{"ctxid":0,"pos":[-618.453003,64.7364426,111.897743],"rotationMatrix":[0.707106829,0.707106769,0,-0.707106769,0.707106829,0,0,0,1],"scale":1,"type":"light_city"}
{"ctxid":0,"pos":[-595.539917,87.6495132,111.130493],"rotationMatrix":[0.707106829,0.707106769,0,-0.707106769,0.707106829,0,0,0,1],"scale":1,"type":"light_city"}
{"ctxid":0,"pos":[-571.799988,111.38945,110.439125],"rotationMatrix":[0.707106829,0.707106769,0,-0.707106769,0.707106829,0,0,0,1],"scale":1,"type":"light_city"}
{"ctxid":0,"pos":[-550.441223,132.748199,109.801811],"rotationMatrix":[0.707106829,0.707106769,0,-0.707106769,0.707106829,0,0,0,1],"scale":1,"type":"light_city"}
{"ctxid":0,"pos":[-645.902527,468.261322,126.080872],"rotationMatrix":[0.707106829,-0.707106769,0,0.707106769,0.707106829,0,0,0,1],"scale":1,"type":"light_city"}
{"ctxid":0,"pos":[-627.170959,449.529755,123.674698],"rotationMatrix":[0.707106829,-0.707106769,0,0.707106769,0.707106829,0,0,0,1],"scale":1,"type":"light_city"}
{"ctxid":0,"pos":[-603.508545,425.86734,120.495758],"rotationMatrix":[0.707106829,-0.707106769,0,0.707106769,0.707106829,0,0,0,1],"scale":1,"type":"light_city"}
{"ctxid":0,"pos":[-567.670227,390.029022,117.728195],"rotationMatrix":[0.707106829,-0.707106769,0,0.707106769,0.707106829,0,0,0,1],"scale":1,"type":"light_city"}
{"ctxid":0,"pos":[-546.457031,368.815826,113.339188],"rotationMatrix":[0.707106829,-0.707106769,0,0.707106769,0.707106829,0,0,0,1],"scale":1,"type":"light_city"}
{"ctxid":0,"pos":[-527.879395,350.23819,109.54007],"rotationMatrix":[0.707106829,-0.707106769,0,0.707106769,0.707106829,0,0,0,1],"scale":1,"type":"light_city"}
{"ctxid":0,"pos":[-490.728882,313.120239,106.139473],"rotationMatrix":[1,3.89414367e-07,0,-3.89414367e-07,1,0,0,0,1],"scale":1,"type":"light_city"}
{"ctxid":0,"pos":[-926.425415,449.090088,162.444855],"rotationMatrix":[-0.707106948,-0.707106709,0,0.707106709,-0.707106948,0,0,0,1],"scale":1,"type":"light_city"}
{"ctxid":0,"pos":[-926.451294,479.364197,156.14595],"rotationMatrix":[-1.1920929e-07,-1,0,1,-1.1920929e-07,0,0,0,1],"scale":1,"type":"light_city"}
{"ctxid":0,"pos":[-926.451294,509.364197,149.236801],"rotationMatrix":[-1.1920929e-07,-1,0,1,-1.1920929e-07,0,0,0,1],"scale":1,"type":"light_city"}
{"ctxid":0,"pos":[-926.451294,544.570251,141.370926],"rotationMatrix":[-1.1920929e-07,-1,0,1,-1.1920929e-07,0,0,0,1],"scale":1,"type":"light_city"}
{"ctxid":0,"pos":[-926.451294,652.575806,121.350822],"rotationMatrix":[-1.1920929e-07,-1,0,1,-1.1920929e-07,0,0,0,1],"scale":1,"type":"light_city"}
{"ctxid":0,"pos":[-926.451294,620.530945,128.556427],"rotationMatrix":[-1.1920929e-07,-1,0,1,-1.1920929e-07,0,0,0,1],"scale":1,"type":"light_city"}
{"ctxid":0,"pos":[-926.451294,593.224731,135.045563],"rotationMatrix":[-1.1920929e-07,-1,0,1,-1.1920929e-07,0,0,0,1],"scale":1,"type":"light_city"}
{"ctxid":0,"pos":[-926.451294,565.918457,141.092148],"rotationMatrix":[-1.1920929e-07,-1,0,1,-1.1920929e-07,0,0,0,1],"scale":1,"type":"light_city"}
{"ctxid":0,"pos":[-926.451294,670.451904,121.247131],"rotationMatrix":[-1.1920929e-07,-1,0,1,-1.1920929e-07,0,0,0,1],"scale":1,"type":"light_city"}
{"ctxid":0,"pos":[-926.451294,698.803162,115.200531],"rotationMatrix":[-1.1920929e-07,-1,0,1,-1.1920929e-07,0,0,0,1],"scale":1,"type":"light_city"}
{"ctxid":0,"pos":[-926.451294,727.154358,108.670769],"rotationMatrix":[-1.1920929e-07,-1,0,1,-1.1920929e-07,0,0,0,1],"scale":1,"type":"light_city"}
{"ctxid":0,"pos":[-926.451294,760.425598,101.447838],"rotationMatrix":[-1.1920929e-07,-1,0,1,-1.1920929e-07,0,0,0,1],"scale":1,"type":"light_city"}
{"ctxid":0,"pos":[-926.451294,863.090576,83.9192963],"rotationMatrix":[-1.1920929e-07,-1,0,1,-1.1920929e-07,0,0,0,1],"scale":1,"type":"light_city"}
{"ctxid":0,"pos":[-926.451294,831.775513,90.1979752],"rotationMatrix":[-1.1920929e-07,-1,0,1,-1.1920929e-07,0,0,0,1],"scale":1,"type":"light_city"}
{"ctxid":0,"pos":[-926.451294,804.289307,96.1674881],"rotationMatrix":[-1.1920929e-07,-1,0,1,-1.1920929e-07,0,0,0,1],"scale":1,"type":"light_city"}
{"ctxid":0,"pos":[-926.451294,778.406799,101.356583],"rotationMatrix":[-1.1920929e-07,-1,0,1,-1.1920929e-07,0,0,0,1],"scale":1,"type":"light_city"}
{"ctxid":0,"pos":[-930.683716,548.78302,141.267014],"rotationMatrix":[0.707106829,-0.707106769,0,0.707106769,0.707106829,0,0,0,1],"scale":1,"type":"light_city"}
{"ctxid":0,"pos":[-909.48468,561.565491,141.267014],"rotationMatrix":[-0.707106709,0.707106829,0,-0.707106829,-0.707106709,0,0,0,1],"scale":1,"type":"light_city"}
{"ctxid":0,"pos":[-913.828003,544.537781,141.267014],"rotationMatrix":[0.707106948,0.70710659,0,-0.70710659,0.707106948,0,0,0,1],"scale":1,"type":"light_city"}
{"ctxid":0,"pos":[-930.568665,436.05246,162.452209],"rotationMatrix":[0.707106829,-0.707106769,0,0.707106769,0.707106829,0,0,0,1],"scale":1,"type":"light_city"}
{"ctxid":0,"pos":[-909.468994,445.540833,162.372177],"rotationMatrix":[-0.707106709,0.707106829,0,-0.707106829,-0.707106709,0,0,0,1],"scale":1,"type":"light_city"}
{"ctxid":0,"pos":[-913.888733,431.836365,162.372177],"rotationMatrix":[0.707106948,0.70710659,0,-0.70710659,0.707106948,0,0,0,1],"scale":1,"type":"light_city"}
{"ctxid":0,"pos":[-438.411926,711.644165,84.8303604],"rotationMatrix":[-0.707106709,0.707106829,0,-0.707106829,-0.707106709,0,0,0,1],"scale":1,"type":"light_city"}
{"ctxid":0,"pos":[-436.311157,678.034424,84.8507919],"rotationMatrix":[0.707106411,-0.707107127,0,0.707107127,0.707106411,0,0,0,1],"scale":1,"type":"light_city"}
{"ctxid":0,"pos":[-453.611176,696.259705,84.110878],"rotationMatrix":[0.707107067,-0.707106471,0,0.707106471,0.707107067,0,0,0,1],"scale":1,"type":"light_city"}
{"ctxid":0,"pos":[-420.241425,699.998413,83.9054108],"rotationMatrix":[0.707106948,0.70710659,0,-0.70710659,0.707106948,0,0,0,1],"scale":1,"type":"light_city"}
{"ctxid":0,"pos":[-453.681427,689.897583,84.2112503],"rotationMatrix":[-0.707107067,-0.707106352,0,0.707106352,-0.707107067,0,0,0,1],"scale":1,"type":"light_city"}
{"ctxid":0,"pos":[-359.50705,602.175293,84.9304657],"rotationMatrix":[0.707106411,-0.707107127,0,0.707107127,0.707106411,0,0,0,1],"scale":1,"type":"light_city"}
{"ctxid":0,"pos":[-356.534821,635.179932,84.9099808],"rotationMatrix":[-0.707106709,0.707106829,0,-0.707106829,-0.707106709,0,0,0,1],"scale":1,"type":"light_city"}
{"ctxid":0,"pos":[-374.545685,617.286743,84.110878],"rotationMatrix":[0.707107067,-0.707106471,0,0.707106471,0.707107067,0,0,0,1],"scale":1,"type":"light_city"}
{"ctxid":0,"pos":[-374.549652,611.18335,84.1764374],"rotationMatrix":[-0.707107067,-0.707106352,0,0.707106352,-0.707107067,0,0,0,1],"scale":1,"type":"light_city"}
{"ctxid":0,"pos":[-337.880432,623.809875,84.0441742],"rotationMatrix":[0.707106948,0.70710659,0,-0.70710659,0.707106948,0,0,0,1],"scale":1,"type":"light_city"}
{"ctxid":0,"pos":[-758.329102,774.258545,96.7837372],"rotationMatrix":[-0.999959469,-0.00900440756,0,0.00900440756,-0.999959469,0,0,0,1],"scale":1,"type":"light_city"}
{"ctxid":0,"pos":[-775.17572,778.329102,96.8535767],"rotationMatrix":[0.00900447369,-0.999959469,0,0.999959469,0.00900447369,0,0,0,1],"scale":1,"type":"light_city"}
{"ctxid":0,"pos":[-779.377441,764.692078,96.9311295],"rotationMatrix":[0.999959469,0.00900462177,0,-0.00900462177,0.999959469,0,0,0,1],"scale":1,"type":"light_city"}
{"ctxid":0,"pos":[-762.703796,760.425598,96.9276199],"rotationMatrix":[-0.00900483131,0.999959469,0,-0.999959469,-0.00900483131,0,0,0,1],"scale":1,"type":"light_city"}
{"ctxid":0,"pos":[-909.332458,887.755859,84.0459595],"rotationMatrix":[-0.999959469,-0.00900440756,0,0.00900440756,-0.999959469,0,0,0,1],"scale":1,"type":"light_city"}
{"ctxid":0,"pos":[-930.605713,867.319641,83.9771805],"rotationMatrix":[0.999959469,0.00900462177,0,-0.00900462177,0.999959469,0,0,0,1],"scale":1,"type":"light_city"}
{"ctxid":0,"pos":[-913.912659,862.979736,83.9532318],"rotationMatrix":[-0.00900483131,0.999959469,0,-0.999959469,-0.00900483131,0,0,0,1],"scale":1,"type":"light_city"}
{"ctxid":0,"pos":[-847.91095,266.311737,168.481644],"rotationMatrix":[-0.713445783,0.700710475,0,-0.700710475,-0.713445783,0,0,0,1],"scale":1,"type":"light_city"}
{"ctxid":0,"pos":[-862.78418,257.600464,168.678772],"rotationMatrix":[0.700710297,0.713445902,0,-0.713445902,0.700710297,0,0,0,1],"scale":1,"type":"light_city"}
{"ctxid":0,"pos":[-874.368896,275.144775,168.723068],"rotationMatrix":[0.713446259,-0.700709939,0,0.700709939,0.713446259,0,0,0,1],"scale":1,"type":"light_city"}
{"ctxid":0,"pos":[-859.416504,284.238831,168.608994],"rotationMatrix":[-0.70070982,-0.7134462,0,0.7134462,-0.70070982,0,0,0,1],"scale":1,"type":"light_city"}
{"ctxid":0,"pos":[-743.006226,377.286072,152.39624],"rotationMatrix":[-1.1920929e-07,1,0,-1,-1.1920929e-07,0,0,0,1],"scale":1,"type":"light_city"}
{"ctxid":0,"pos":[-778.185547,365.517914,152.568283],"rotationMatrix":[1.78813934e-07,-0.99999994,0,0.99999994,1.78813934e-07,0,0,0,1],"scale":1,"type":"light_city"}
{"ctxid":0,"pos":[-751.753784,362.486755,152.287415],"rotationMatrix":[1,-8.74227766e-08,0,8.74227766e-08,1,0,0,0,1],"scale":1,"type":"light_city"}
{"ctxid":0,"pos":[-758.259583,388.05246,152.363388],"rotationMatrix":[-1,2.38418579e-07,0,-2.38418579e-07,-1,0,0,0,1],"scale":1,"type":"light_city"}
{"ctxid":0,"pos":[-779.44928,435.976898,149.143982],"rotationMatrix":[0.707106411,-0.707107127,0,0.707107127,0.707106411,0,0,0,1],"scale":1,"type":"light_city"}
{"ctxid":0,"pos":[-780.571533,205.267319,147.890228],"rotationMatrix":[-1,8.90101319e-07,0,-8.90101319e-07,-1,0,0,0,1],"scale":1,"type":"light_city"}
{"ctxid":0,"pos":[-587.67157,222.161697,121.579132],"rotationMatrix":[-1.1920929e-07,1,0,-1,-1.1920929e-07,0,0,0,1],"scale":1,"type":"light_city"}
{"ctxid":0,"pos":[-614.107727,219.122574,121.555748],"rotationMatrix":[-1.1920929e-07,-0.99999994,0,0.99999994,-1.1920929e-07,0,0,0,1],"scale":1,"type":"light_city"}
{"ctxid":0,"pos":[-605.233887,233.843597,121.588379],"rotationMatrix":[-1,-4.13264161e-07,0,4.13264161e-07,-1,0,0,0,1],"scale":1,"type":"light_city"}
{"ctxid":0,"pos":[-596.522583,207.499847,121.414093],"rotationMatrix":[1,3.89414367e-07,0,-3.89414367e-07,1,0,0,0,1],"scale":1,"type":"light_city"}
{"ctxid":0,"pos":[-550.440308,161.338028,110.210876],"rotationMatrix":[-1.1920929e-06,-0.99999994,0,0.99999994,-1.1920929e-06,0,0,0,1],"scale":1,"type":"light_city"}
{"ctxid":0,"pos":[-482.029358,327.941986,106.168205],"rotationMatrix":[-1.1920929e-07,1,0,-1,-1.1920929e-07,0,0,0,1],"scale":1,"type":"light_city"}
{"ctxid":0,"pos":[-508.423889,324.880524,106.192429],"rotationMatrix":[-1.1920929e-07,-0.99999994,0,0.99999994,-1.1920929e-07,0,0,0,1],"scale":1,"type":"light_city"}
{"ctxid":0,"pos":[-499.590729,339.548798,106.139473],"rotationMatrix":[-1,-4.13264161e-07,0,4.13264161e-07,-1,0,0,0,1],"scale":1,"type":"light_city"}
{"ctxid":0,"pos":[-464.605438,345.219574,105.954834],"rotationMatrix":[0.707106829,0.707106769,0,-0.707106769,0.707106829,0,0,0,1],"scale":1,"type":"light_city"}
{"ctxid":0,"pos":[-438.622345,371.202667,105.717125],"rotationMatrix":[0.707106829,0.707106769,0,-0.707106769,0.707106829,0,0,0,1],"scale":1,"type":"light_city"}
{"ctxid":0,"pos":[-414.803589,395.021423,105.454742],"rotationMatrix":[0.707106829,0.707106769,0,-0.707106769,0.707106829,0,0,0,1],"scale":1,"type":"light_city"}
{"ctxid":0,"pos":[-483.512299,350.14917,106.043503],"rotationMatrix":[-0.707106948,-0.707106709,0,0.707106709,-0.707106948,0,0,0,1],"scale":1,"type":"light_city"}
{"ctxid":0,"pos":[-459.440735,373.715118,105.81366],"rotationMatrix":[-0.707106948,-0.707106709,0,0.707106709,-0.707106948,0,0,0,1],"scale":1,"type":"light_city"}
{"ctxid":0,"pos":[-433.47226,399.71283,105.543152],"rotationMatrix":[-0.707106948,-0.707106709,0,0.707106709,-0.707106948,0,0,0,1],"scale":1,"type":"light_city"}
{"ctxid":0,"pos":[-545.730774,440.142273,114.830956],"rotationMatrix":[-0.707106948,-0.707106709,0,0.707106709,-0.707106948,0,0,0,1],"scale":1,"type":"light_city"}
{"ctxid":0,"pos":[-521.113892,447.100708,112.606598],"rotationMatrix":[0.707106948,0.70710659,0,-0.70710659,0.707106948,0,0,0,1],"scale":1,"type":"light_city"}
{"ctxid":0,"pos":[-623.295532,344.878967,129.011749],"rotationMatrix":[0.707106948,0.70710659,0,-0.70710659,0.707106948,0,0,0,1],"scale":1,"type":"light_city"}
{"ctxid":0,"pos":[-590.275879,377.814514,121.316833],"rotationMatrix":[0.707106948,0.70710659,0,-0.70710659,0.707106948,0,0,0,1],"scale":1,"type":"light_city"}
{"ctxid":0,"pos":[-651.30249,316.861023,135.635468],"rotationMatrix":[0.707106948,0.70710659,0,-0.70710659,0.707106948,0,0,0,1],"scale":1,"type":"light_city"}
{"ctxid":0,"pos":[-766.792908,43.1262207,127.035217],"rotationMatrix":[0.707106948,0.70710659,0,-0.70710659,0.707106948,0,0,0,1],"scale":1,"type":"light_city"}
{"ctxid":0,"pos":[-425.150146,165.592743,109.323761],"rotationMatrix":[0.403735459,0.914875805,0,-0.914875805,0.403735459,0,0,0,1],"scale":1,"type":"light_city"}
{"ctxid":0,"pos":[-413.908691,191.762405,109.608994],"rotationMatrix":[0.465952337,0.884809792,0,-0.884809792,0.465952337,0,0,0,1],"scale":1,"type":"light_city"}
{"ctxid":0,"pos":[-398.259125,221.320007,109.77404],"rotationMatrix":[0.537004232,0.84357959,0,-0.84357959,0.537004232,0,0,0,1],"scale":1,"type":"light_city"}
{"ctxid":0,"pos":[-181.647781,507.814148,83.9046631],"rotationMatrix":[-1,2.38418579e-07,0,-2.38418579e-07,-1,0,0,0,1],"scale":1,"type":"light_city"}
{"ctxid":0,"pos":[-212.832214,507.814148,83.9046631],"rotationMatrix":[-1,2.38418579e-07,0,-2.38418579e-07,-1,0,0,0,1],"scale":1,"type":"light_city"}
{"ctxid":0,"pos":[-264.055389,535.989868,83.9046631],"rotationMatrix":[-0.707106471,0.707107008,0,-0.707107008,-0.707106471,0,0,0,1],"scale":1,"type":"light_city"}
{"ctxid":0,"pos":[-248.345612,520.28009,83.9046631],"rotationMatrix":[-0.707106471,0.707107008,0,-0.707107008,-0.707106471,0,0,0,1],"scale":1,"type":"light_city"}
{"ctxid":0,"pos":[-173.795441,522.559143,83.9046631],"rotationMatrix":[-1.1920929e-07,-0.99999994,0,0.99999994,-1.1920929e-07,0,0,0,1],"scale":1,"type":"light_city"}
{"ctxid":0,"pos":[-173.795441,542.995239,83.9046631],"rotationMatrix":[-1.1920929e-07,-0.99999994,0,0.99999994,-1.1920929e-07,0,0,0,1],"scale":1,"type":"light_city"}
{"ctxid":0,"pos":[-775.428711,675.070435,114.262733],"rotationMatrix":[5.96046448e-08,-0.99999994,0,0.99999994,5.96046448e-08,0,0,0,1],"scale":1,"type":"light_city"}
{"ctxid":0,"pos":[-775.078003,705.547363,107.837196],"rotationMatrix":[5.96046448e-08,-0.99999994,0,0.99999994,5.96046448e-08,0,0,0,1],"scale":1,"type":"light_city"}
{"ctxid":0,"pos":[-775.21814,733.898682,101.80188],"rotationMatrix":[5.96046448e-08,-0.99999994,0,0.99999994,5.96046448e-08,0,0,0,1],"scale":1,"type":"light_city"}
{"ctxid":0,"pos":[-775.21814,760.150818,95.9048843],"rotationMatrix":[5.96046448e-08,-0.99999994,0,0.99999994,5.96046448e-08,0,0,0,1],"scale":1,"type":"light_city"}
{"ctxid":0,"pos":[-762.703796,719.536072,105.372322],"rotationMatrix":[-0.00900483131,0.999959469,0,-0.999959469,-0.00900483131,0,0,0,1],"scale":1,"type":"light_city"}
{"ctxid":0,"pos":[-762.703796,690.938965,111.560013],"rotationMatrix":[-0.00900483131,0.999959469,0,-0.999959469,-0.00900483131,0,0,0,1],"scale":1,"type":"light_city"}
{"ctxid":0,"pos":[-775.398621,819.561951,90.0095139],"rotationMatrix":[0.00900447369,-0.999959469,0,0.999959469,0.00900447369,0,0,0,1],"scale":1,"type":"light_city"}
{"ctxid":0,"pos":[-775.078003,862.791382,83.6193848],"rotationMatrix":[5.96046448e-08,-0.99999994,0,0.99999994,5.96046448e-08,0,0,0,1],"scale":1,"type":"light_city"}
{"ctxid":0,"pos":[-729.225098,569.14679,129.292313],"rotationMatrix":[-0.700710535,-0.713445604,0,0.713445604,-0.700710535,0,0,0,1],"scale":1,"type":"light_city"}
{"ctxid":0,"pos":[-712.461914,586.214661,125.335464],"rotationMatrix":[-0.700710535,-0.713445604,0,0.713445604,-0.700710535,0,0,0,1],"scale":1,"type":"light_city"}
{"ctxid":0,"pos":[-700.392517,598.503418,121.21373],"rotationMatrix":[-0.700710535,-0.713445604,0,0.713445604,-0.700710535,0,0,0,1],"scale":1,"type":"light_city"}
{"ctxid":0,"pos":[-695.795044,579.218079,123.718636],"rotationMatrix":[0.700710654,0.713445604,0,-0.713445604,0.700710654,0,0,0,1],"scale":1,"type":"light_city"}
{"ctxid":0,"pos":[-666.366516,588.340637,118.531898],"rotationMatrix":[-0.713445544,0.700710535,0,-0.700710535,-0.713445544,0,0,0,1],"scale":1,"type":"light_city"}
{"ctxid":0,"pos":[-623.681763,496.724091,122.221672],"rotationMatrix":[0.707106948,0.70710659,-3.08613446e-09,-0.70710659,0.707106948,7.45057971e-09,7.4505806e-09,-3.08613068e-09,1],"scale":0.99999994,"type":"light_city"}
{"ctxid":0,"pos":[-602.36261,518.015869,115.69059],"rotationMatrix":[0.707106948,0.70710659,-3.08613446e-09,-0.70710659,0.707106948,7.45057971e-09,7.4505806e-09,-3.08613068e-09,1],"scale":0.99999994,"type":"light_city"}
{"ctxid":0,"pos":[-580.062988,540.191406,108.974945],"rotationMatrix":[0.707106948,0.70710659,-3.08613446e-09,-0.70710659,0.707106948,7.45057971e-09,7.4505806e-09,-3.08613068e-09,1],"scale":0.99999994,"type":"light_city"}
{"ctxid":0,"pos":[-560.82489,559.557129,103.146416],"rotationMatrix":[0.707106948,0.70710659,-3.08613446e-09,-0.70710659,0.707106948,7.45057971e-09,7.4505806e-09,-3.08613068e-09,1],"scale":0.99999994,"type":"light_city"}
{"ctxid":0,"pos":[-624.342407,519.247131,118.88559],"rotationMatrix":[-0.707107306,-0.707106352,-1.79872988e-08,0.707106352,-0.707107306,-7.45059925e-09,-7.45058415e-09,-1.79873041e-08,1],"scale":1,"type":"light_city"}
{"ctxid":0,"pos":[-603.101685,540.570862,112.398682],"rotationMatrix":[-0.707107306,-0.707106352,-1.79872988e-08,0.707106352,-0.707107306,-7.45059925e-09,-7.45058415e-09,-1.79873041e-08,1],"scale":1,"type":"light_city"}
{"ctxid":0,"pos":[-579.660156,564.069397,105.319405],"rotationMatrix":[-0.707107306,-0.707106352,-1.79872988e-08,0.707106352,-0.707107306,-7.45059925e-09,-7.45058415e-09,-1.79873041e-08,1],"scale":1,"type":"light_city"}
{"ctxid":0,"pos":[-671.830994,448.57486,132.01944],"rotationMatrix":[0.707106948,0.70710659,-3.08613446e-09,-0.70710659,0.707106948,7.45057971e-09,7.4505806e-09,-3.08613068e-09,1],"scale":0.99999994,"type":"light_city"}
{"ctxid":0,"pos":[-691.936157,428.469696,138.195236],"rotationMatrix":[0.707106948,0.70710659,-3.08613446e-09,-0.70710659,0.707106948,7.45057971e-09,7.4505806e-09,-3.08613068e-09,1],"scale":0.99999994,"type":"light_city"}
{"ctxid":0,"pos":[-713.258484,407.147369,144.763168],"rotationMatrix":[0.707106948,0.70710659,-3.08613446e-09,-0.70710659,0.707106948,7.45057971e-09,7.4505806e-09,-3.08613068e-09,1],"scale":0.99999994,"type":"light_city"}
{"ctxid":0,"pos":[-108.195282,-953.557129,142.30957],"rotationMatrix":[-0.929707527,0.368298709,0,-0.368298709,-0.929707527,0,0,0,1],"scale":1,"type":"light_city"}
{"ctxid":0,"pos":[-95.0963669,-981.917542,142.094147],"rotationMatrix":[0.953518927,-0.301333159,0,0.301333159,0.953518927,0,0,0,1],"scale":1,"type":"light_city"}
{"ctxid":0,"pos":[-14.1795483,407.510864,111.204384],"rotationMatrix":[0.747253001,0.664539635,0,-0.664539635,0.747253001,0,0,0,1],"scale":1,"type":"light_city"}
{"ctxid":0,"pos":[-42.4733887,405.889099,111.297844],"rotationMatrix":[-0.74725318,-0.664539397,0,0.664539397,-0.74725318,0,0,0,1],"scale":1,"type":"light_city"}
{"ctxid":0,"pos":[-464.546906,144.090988,110.189575],"rotationMatrix":[-0.36192584,-0.932206929,0,0.932206929,-0.36192584,0,0,0,1],"scale":1,"type":"light_city"}
{"ctxid":0,"pos":[-428.131622,156.961456,109.9963],"rotationMatrix":[0.33835721,0.941017687,0,-0.941017687,0.33835721,0,0,0,1],"scale":1,"type":"light_city"}
{"ctxid":0,"pos":[-435.460327,136.210297,109.018616],"rotationMatrix":[0.879916906,0.475127548,0,-0.475127548,0.879916906,0,0,0,1],"scale":1,"type":"light_city"}
{"ctxid":0,"pos":[-458.575317,159.128021,109.518188],"rotationMatrix":[-0.90903604,-0.416717231,0,0.416717231,-0.90903604,0,0,0,1],"scale":1,"type":"light_city"}
{"ctxid":0,"pos":[-283.46521,322.547913,111.485397],"rotationMatrix":[0.89349556,0.449072063,0,-0.449072063,0.89349556,0,0,0,1],"scale":1,"type":"light_city"}
{"ctxid":0,"pos":[-306.006622,330.371246,111.76693],"rotationMatrix":[-0.843636632,-0.536914706,0,0.536914706,-0.843636632,0,0,0,1],"scale":1,"type":"light_city"}
{"ctxid":0,"pos":[172.153107,638.160889,110.131294],"rotationMatrix":[-0.161669612,-0.986844897,0,0.986844897,-0.161669612,0,0,0,1],"scale":1,"type":"light_city"}
{"ctxid":0,"pos":[44.6511383,-751.11145,142.885529],"rotationMatrix":[-0.979105234,-0.203353733,0,0.203353733,-0.979105234,0,0,0,1],"scale":1,"type":"light_city"}
{"ctxid":0,"pos":[26.9469109,-768.522888,142.735947],"rotationMatrix":[-0.00298333168,-0.99999553,0,0.99999553,-0.00298333168,0,0,0,1],"scale":1,"type":"light_city"}
{"ctxid":0,"pos":[64.0955353,-767.903381,143.56575],"rotationMatrix":[0.00298333168,0.99999553,0,-0.99999553,0.00298333168,0,0,0,1],"scale":1,"type":"light_city"}
{"ctxid":0,"pos":[472.19696,-434.746246,161.264053],"rotationMatrix":[0.750761271,-0.660573661,0,0.660573661,0.750761271,0,0,0,1],"scale":1,"type":"light_city"}
{"ctxid":0,"pos":[482.59259,-369.147949,161.362122],"rotationMatrix":[-0.775871515,0.630891025,0,-0.630891025,-0.775871515,0,0,0,1],"scale":1,"type":"light_city"}
{"ctxid":0,"pos":[941.806763,860.572021,142.205322],"rotationMatrix":[0.970686615,-0.240348682,0,0.240348682,0.970686615,0,0,0,1],"scale":1,"type":"light_city"}
{"ctxid":0,"pos":[880.481079,984.483704,135.689224],"rotationMatrix":[-0.993994236,-0.109432027,0,0.109432027,-0.993994236,0,0,0,1],"scale":1,"type":"light_city"}
{"ctxid":0,"pos":[989.43573,-808.850403,176.678711],"rotationMatrix":[0.86599797,-0.500047505,0,0.500047505,0.86599797,0,0,0,1],"scale":1,"type":"light_city"}
{"ctxid":0,"pos":[990.402771,-736.656616,176.201752],"rotationMatrix":[-0.941571355,0.33681348,0,-0.33681348,-0.941571355,0,0,0,1],"scale":1,"type":"light_city"}
{"ctxid":0,"pos":[-637.41626,576.03302,113.661835],"rotationMatrix":[0.707106948,0.70710659,-3.08613446e-09,-0.70710659,0.707106948,7.45057971e-09,7.4505806e-09,-3.08613068e-09,1],"scale":0.99999994,"type":"light_city"}
{"ctxid":0,"pos":[-603.824951,608.767151,102.099319],"rotationMatrix":[0.707106948,0.70710659,-3.08613446e-09,-0.70710659,0.707106948,7.45057971e-09,7.4505806e-09,-3.08613068e-09,1],"scale":0.99999994,"type":"light_city"}
{"ctxid":0,"pos":[-625.438293,597.66748,107.798058],"rotationMatrix":[-0.707107067,-0.707106352,-3.08613446e-09,0.707106352,-0.707107067,7.45057971e-09,-7.45058015e-09,3.08613313e-09,1],"scale":0.99999994,"type":"light_city"}
{"ctxid":0,"pos":[-700.392517,598.503418,121.21373],"rotationMatrix":[-0.700710535,-0.713445604,0,0.713445604,-0.700710535,0,0,0,1],"scale":1,"type":"light_city"}
{"ctxid":0,"pos":[-716.983643,635.553406,123.573875],"rotationMatrix":[-0.911554575,-0.411178827,0,0.411178827,-0.911554575,0,0,0,0.999999881],"scale":1,"type":"light_city"}
{"ctxid":0,"pos":[-718.657654,758.611084,88.0329132],"rotationMatrix":[0.99995935,0.00900408067,0,-0.00900408067,0.99995935,0,0,0,0.999999881],"scale":0.610790968,"type":"light_city"}
{"ctxid":0,"pos":[-711.295288,758.677429,88.0329132],"rotationMatrix":[0.99995935,0.00900408067,0,-0.00900408067,0.99995935,0,0,0,0.999999881],"scale":0.610790968,"type":"light_city"}
{"ctxid":0,"pos":[-704.119812,758.742004,88.0329132],"rotationMatrix":[0.99995935,0.00900408067,0,-0.00900408067,0.99995935,0,0,0,0.999999881],"scale":0.610790968,"type":"light_city"}
{"ctxid":0,"pos":[-696.788696,758.808044,88.0329132],"rotationMatrix":[0.99995935,0.00900408067,0,-0.00900408067,0.99995935,0,0,0,0.999999881],"scale":0.610790968,"type":"light_city"}
