{"ctxid":0,"pos":[-337.992004,-241.367004,117.047356],"rotationMatrix":[-0.0553139448,0.998468995,0,-0.998468995,-0.0553139448,0,0,0,1],"scale":1.23459995,"type":"oak_dry_d"}
{"ctxid":0,"pos":[-322.227997,-662.208984,124.471001],"rotationMatrix":[-0.262142658,0.96502912,0,-0.96502912,-0.262142658,0,0,0,1],"scale":0.987699986,"type":"oak_dry_d"}
{"ctxid":0,"pos":[-347.51001,-646.328003,126.844002],"rotationMatrix":[0.675665379,0.737208426,0,-0.737208426,0.675665379,0,0,0,1],"scale":1.29159999,"type":"oak_dry_d"}
{"ctxid":0,"pos":[-450.411987,-558.189026,127.807999],"rotationMatrix":[-0.977662802,-0.210179552,0,0.210179552,-0.977662802,0,0,0,1],"scale":1.23210001,"type":"oak_dry_d"}
{"ctxid":0,"pos":[-459.644012,-554.882019,127.264999],"rotationMatrix":[-0.748450041,0.663191199,0,-0.663191199,-0.748450041,0,0,0,1],"scale":1.28310001,"type":"oak_dry_d"}
{"ctxid":0,"pos":[-616.955505,-484.163422,114.00679],"rotationMatrix":[0.305215359,-0.952283382,0,0.952283382,0.305215359,0,0,0,1],"scale":1.03939998,"type":"oak_dry_d"}
{"ctxid":0,"pos":[-747.294006,-491.343994,99.7081985],"rotationMatrix":[0.930211544,-0.367023826,0,0.367023826,0.930211544,0,0,0,1],"scale":1.09529996,"type":"oak_dry_d"}
{"ctxid":0,"pos":[-669.940979,-469.102997,107.374001],"rotationMatrix":[0.657207966,-0.753709316,0,0.753709316,0.657207966,0,0,0,1],"scale":0.981400013,"type":"oak_dry_d"}
{"ctxid":0,"pos":[-644.385986,-457.39801,109.176003],"rotationMatrix":[-0.812608123,-0.582810462,0,0.582810462,-0.812608123,0,0,0,1],"scale":1.16489995,"type":"oak_dry_d"}
{"ctxid":0,"pos":[-670.129456,-458.773895,106.740997],"rotationMatrix":[0.0411645174,0.999152362,0,-0.999152362,0.0411645174,0,0,0,1],"scale":1.12779999,"type":"oak_dry_d"}
{"ctxid":0,"pos":[-698.616028,-458.688995,103.714912],"rotationMatrix":[-0.91570735,-0.401845813,0,0.401845813,-0.91570735,0,0,0,1],"scale":0.952700019,"type":"oak_dry_d"}
{"ctxid":0,"pos":[-723.734985,-469.270996,100.247002],"rotationMatrix":[0.976715207,0.21453999,0,-0.21453999,0.976715207,0,0,0,1],"scale":1.11010003,"type":"oak_dry_d"}
{"ctxid":0,"pos":[-692.132019,-489.742004,104.686996],"rotationMatrix":[-0.980049968,0.198751256,0,-0.198751256,-0.980049968,0,0,0,1],"scale":1.23650002,"type":"oak_dry_d"}
{"ctxid":0,"pos":[-617.379944,-501.822083,115.134636],"rotationMatrix":[0.0483517647,-0.998830378,0,0.998830378,0.0483517647,0,0,0,1],"scale":1.14040005,"type":"oak_dry_d"}
{"ctxid":0,"pos":[-724.880005,-557.721985,104.432701],"rotationMatrix":[-0.791724563,0.610878229,0,-0.610878229,-0.791724563,0,0,0,1],"scale":1.17470002,"type":"oak_dry_d"}
{"ctxid":0,"pos":[-685.179626,-536.790649,109.487411],"rotationMatrix":[0.826657295,-0.562705696,0,0.562705696,0.826657295,0,0,0,1],"scale":0.903900027,"type":"oak_dry_d"}
{"ctxid":0,"pos":[-674.980713,-531.004456,110.544487],"rotationMatrix":[-0.92158401,-0.388178974,0,0.388178974,-0.92158401,0,0,0,1],"scale":0.995100021,"type":"oak_dry_d"}
{"ctxid":0,"pos":[-765.208984,-514.48999,99.8471985],"rotationMatrix":[-0.867084861,0.498160452,0,-0.498160452,-0.867084861,0,0,0,1],"scale":1.27690005,"type":"oak_dry_d"}
{"ctxid":0,"pos":[-908.192993,-606.283997,103.473999],"rotationMatrix":[0.00425720215,-0.99999094,0,0.99999094,0.00425720215,0,0,0,1],"scale":1.22759998,"type":"oak_dry_d"}
{"ctxid":0,"pos":[-932.911987,-635.333984,104.264999],"rotationMatrix":[0.884319544,0.466882139,0,-0.466882139,0.884319544,0,0,0,1],"scale":1.24440002,"type":"oak_dry_d"}
{"ctxid":0,"pos":[-991.791992,-792.495972,120.334999],"rotationMatrix":[-0.804240108,-0.594304502,0,0.594304502,-0.804240108,0,0,0,1],"scale":0.950600028,"type":"oak_dry_d"}
{"ctxid":0,"pos":[-1046.34998,-12.9782,174.908005],"rotationMatrix":[0.889173746,-0.457569718,0,0.457569718,0.889173746,0,0,0,1],"scale":1.24090004,"type":"oak_dry_d"}
{"ctxid":0,"pos":[-1137.73999,-135.557999,165.796997],"rotationMatrix":[0.565688014,0.824619353,0,-0.824619353,0.565688014,0,0,0,1],"scale":0.997200012,"type":"oak_dry_d"}
{"ctxid":0,"pos":[-1012.14001,-763.789001,116.035004],"rotationMatrix":[0.0516600609,-0.998664737,0,0.998664737,0.0516600609,0,0,0,1],"scale":1.28750002,"type":"oak_dry_d"}
{"ctxid":0,"pos":[-1014.19,-761.646973,116.319],"rotationMatrix":[0.745815516,0.666152537,0,-0.666152537,0.745815516,0,0,0,1],"scale":0.979300022,"type":"oak_dry_d"}
{"ctxid":0,"pos":[-86.5187988,625.747986,74.5046005],"rotationMatrix":[0.637218356,-0.770683289,0,0.770683289,0.637218356,0,0,0,1],"scale":0.955500007,"type":"oak_dry_d"}
{"ctxid":0,"pos":[-86.4449997,629.888,74.2696991],"rotationMatrix":[0.460654974,-0.887579262,0,0.887579262,0.460654974,0,0,0,1],"scale":1.03999996,"type":"oak_dry_d"}
{"ctxid":0,"pos":[-86.9975967,640.96698,74.1708984],"rotationMatrix":[-0.0324845314,-0.99947226,0,0.99947226,-0.0324845314,0,0,0,1],"scale":1.20580006,"type":"oak_dry_d"}
{"ctxid":0,"pos":[-84.1727982,675.840027,74.2244034],"rotationMatrix":[0.293852687,-0.95585072,0,0.95585072,0.293852687,0,0,0,1],"scale":1.03499997,"type":"oak_dry_d"}
{"ctxid":0,"pos":[-85.9592972,582.065979,74.2282028],"rotationMatrix":[-0.789831877,-0.61332339,0,0.61332339,-0.789831877,0,0,0,1],"scale":0.904299974,"type":"oak_dry_d"}
{"ctxid":0,"pos":[-86.9046021,604.505005,74.5449982],"rotationMatrix":[-0.905542493,-0.42425558,0,0.42425558,-0.905542493,0,0,0,1],"scale":1.13180006,"type":"oak_dry_d"}
{"ctxid":0,"pos":[-87.2037964,616.935974,74.367897],"rotationMatrix":[-0.923937201,-0.38254419,0,0.38254419,-0.923937201,0,0,0,1],"scale":1.11189997,"type":"oak_dry_d"}
{"ctxid":0,"pos":[-86.6666031,538.325012,74.5417023],"rotationMatrix":[-0.858977675,0.512013018,0,-0.512013018,-0.858977675,0,0,0,1],"scale":0.931400001,"type":"oak_dry_d"}
{"ctxid":0,"pos":[-86.135498,521.072998,74.2735977],"rotationMatrix":[-0.157328963,0.987546265,0,-0.987546265,-0.157328963,0,0,0,1],"scale":1.00399995,"type":"oak_dry_d"}
{"ctxid":0,"pos":[-12.2187004,548.653992,74.3142014],"rotationMatrix":[-0.107667208,-0.994186997,0,0.994186997,-0.107667208,0,0,0,1],"scale":0.946699977,"type":"oak_dry_d"}
{"ctxid":0,"pos":[-33.7382011,520.921997,74.6984024],"rotationMatrix":[-0.0573488474,-0.998354197,0,0.998354197,-0.0573488474,0,0,0,1],"scale":1.14569998,"type":"oak_dry_d"}
{"ctxid":0,"pos":[-60.3626175,577.865173,74.1429977],"rotationMatrix":[0.864383698,-0.50283277,0,0.50283277,0.864383698,0,0,0,1],"scale":1.24609995,"type":"oak_dry_d"}
{"ctxid":0,"pos":[-229.268005,656.093994,74.8078003],"rotationMatrix":[-0.974084496,-0.226184428,0,0.226184428,-0.974084496,0,0,0,1],"scale":0.95630002,"type":"oak_dry_d"}
{"ctxid":0,"pos":[-152.804001,648.835022,74.314003],"rotationMatrix":[-0.0193065405,0.999813616,0,-0.999813616,-0.0193065405,0,0,0,1],"scale":1.26419997,"type":"oak_dry_d"}
{"ctxid":0,"pos":[-174.128632,552.234436,74.4049988],"rotationMatrix":[-0.78756237,-0.616234958,0,0.616234958,-0.78756237,0,0,0,1],"scale":1.15439999,"type":"oak_dry_d"}
{"ctxid":0,"pos":[-174.133484,526.208252,74.7492981],"rotationMatrix":[0.841628075,0.5400576,0,-0.5400576,0.841628075,0,0,0,1],"scale":1.29190004,"type":"oak_dry_d"}
{"ctxid":0,"pos":[-305.459991,652.549988,74.5779037],"rotationMatrix":[-0.124100208,0.992269695,0,-0.992269695,-0.124100208,0,0,0,1],"scale":0.953299999,"type":"oak_dry_d"}
{"ctxid":0,"pos":[-273.752991,601.551025,74.5378036],"rotationMatrix":[0.991653681,-0.128930122,0,0.128930122,0.991653681,0,0,0,1],"scale":1.06990004,"type":"oak_dry_d"}
{"ctxid":0,"pos":[-254.550003,539.067993,74.6960983],"rotationMatrix":[0.180287838,0.983613908,0,-0.983613908,0.180287838,0,0,0,1],"scale":1.26610005,"type":"oak_dry_d"}
{"ctxid":0,"pos":[-499.253998,555.827026,93.1548996],"rotationMatrix":[0.703857899,-0.710340798,0,0.710340798,0.703857899,0,0,0,1],"scale":1.95510006,"type":"oak_dry_d"}
{"ctxid":0,"pos":[-42.2564011,438.871002,99.618103],"rotationMatrix":[0.485901952,0.874013305,0,-0.874013305,0.485901952,0,0,0,1],"scale":2.16210008,"type":"oak_dry_d"}
{"ctxid":0,"pos":[-32.9380493,494.100647,74.4661026],"rotationMatrix":[-0.395118117,0.918630302,0,-0.918630302,-0.395118117,0,0,0,1],"scale":0.978799999,"type":"oak_dry_d"}
{"ctxid":0,"pos":[-36.9005013,432.213013,99.7833023],"rotationMatrix":[0.389487505,0.921031773,0,-0.921031773,0.389487505,0,0,0,1],"scale":2.18479991,"type":"oak_dry_d"}
{"ctxid":0,"pos":[-61.6206017,405.312012,96.6389999],"rotationMatrix":[0.676631212,0.736322105,0,-0.736322105,0.676631212,0,0,0,1],"scale":2.33290005,"type":"oak_dry_d"}
{"ctxid":0,"pos":[-342.105988,398.699005,98.7931976],"rotationMatrix":[0.214494228,-0.97672528,0,0.97672528,0.214494228,0,0,0,1],"scale":1.62820005,"type":"oak_dry_d"}
{"ctxid":0,"pos":[-370.091003,287.93399,101.501999],"rotationMatrix":[-0.816418052,0.577461302,0,-0.577461302,-0.816418052,0,0,0,1],"scale":0.949500024,"type":"oak_dry_d"}
{"ctxid":0,"pos":[-341.795013,310.791992,101.007004],"rotationMatrix":[-0.911403418,0.411514044,0,-0.411514044,-0.911403418,0,0,0,1],"scale":1.0381,"type":"oak_dry_d"}
{"ctxid":0,"pos":[-333.083008,316.665009,101.747002],"rotationMatrix":[0.622245669,-0.782822013,0,0.782822013,0.622245669,0,0,0,1],"scale":0.956499994,"type":"oak_dry_d"}
{"ctxid":0,"pos":[-380.858002,277.173004,101.434998],"rotationMatrix":[0.412255168,-0.911068439,0,0.911068439,0.412255168,0,0,0,1],"scale":0.938499987,"type":"oak_dry_d"}
{"ctxid":0,"pos":[-469.190002,340.087006,96.4218979],"rotationMatrix":[-0.99520278,0.0978336707,0,-0.0978336707,-0.99520278,0,0,0,1],"scale":1.20809996,"type":"oak_dry_d"}
{"ctxid":0,"pos":[-667.421021,792.354004,74.478302],"rotationMatrix":[0.0261503458,-0.999658048,0,0.999658048,0.0261503458,0,0,0,1],"scale":1.00750005,"type":"oak_dry_d"}
{"ctxid":0,"pos":[-606.171021,789.296997,74.2406998],"rotationMatrix":[-0.943209052,-0.332199752,0,0.332199752,-0.943209052,0,0,0,1],"scale":1.00440001,"type":"oak_dry_d"}
{"ctxid":0,"pos":[-647.259033,827.125427,74.8557968],"rotationMatrix":[0.990200043,0.139656276,0,-0.139656276,0.990200043,0,0,0,1],"scale":0.970700026,"type":"oak_dry_d"}
{"ctxid":0,"pos":[-653.511597,814.137756,74.6107025],"rotationMatrix":[0.980713606,-0.195450306,0,0.195450306,0.980713606,0,0,0,1],"scale":0.986100018,"type":"oak_dry_d"}
{"ctxid":0,"pos":[-654.537231,818.063721,74.2320023],"rotationMatrix":[-0.988416791,-0.151763782,0,0.151763782,-0.988416791,0,0,0,1],"scale":1.0201,"type":"oak_dry_d"}
{"ctxid":0,"pos":[-630.383972,796.963989,74.2907028],"rotationMatrix":[-0.897351861,-0.4413158,0,0.4413158,-0.897351861,0,0,0,1],"scale":1.04460001,"type":"oak_dry_d"}
{"ctxid":0,"pos":[-747.849976,894.932007,74.4849014],"rotationMatrix":[0.965362906,0.260910839,0,-0.260910839,0.965362906,0,0,0,1],"scale":1.08150005,"type":"oak_dry_d"}
{"ctxid":0,"pos":[-549.333984,749.640015,75.6499023],"rotationMatrix":[-0.403482556,-0.914987326,0,0.914987326,-0.403482556,0,0,0,1],"scale":1.05190003,"type":"oak_dry_d"}
{"ctxid":0,"pos":[-561.75,737.208984,78.7901993],"rotationMatrix":[-0.624322891,-0.781166375,0,0.781166375,-0.624322891,0,0,0,1],"scale":1.03170002,"type":"oak_dry_d"}
{"ctxid":0,"pos":[-562.969971,595.080994,90.1364975],"rotationMatrix":[-0.92158401,0.388178974,0,-0.388178974,-0.92158401,0,0,0,1],"scale":1.92659998,"type":"oak_dry_d"}
{"ctxid":0,"pos":[-607.56897,566.54303,102.271378],"rotationMatrix":[-0.994803429,0.101814233,0,-0.101814233,-0.994803429,0,0,0,1],"scale":1.17799997,"type":"oak_dry_d"}
{"ctxid":0,"pos":[-513.210999,538.979004,95.5792007],"rotationMatrix":[0.99818182,0.0597711541,0.00777582964,-0.058858186,0.994381428,-0.0879845992,-0.0129910819,0.0873669609,0.996091485],"scale":1.03100002,"type":"oak_dry_d"}
{"ctxid":0,"pos":[-659.197998,628.900024,105.994003],"rotationMatrix":[-0.998800278,-0.0489694327,0,0.0489694327,-0.998800278,0,0,0,1],"scale":2.41919994,"type":"oak_dry_d"}
{"ctxid":0,"pos":[-691.85498,630.72998,105.962997],"rotationMatrix":[-0.854737997,0.519059658,0,-0.519059658,-0.854737997,0,0,0,1],"scale":2.02460003,"type":"oak_dry_d"}
{"ctxid":0,"pos":[-741.445984,676.539001,102.940002],"rotationMatrix":[-0.972495198,-0.232922927,0,0.232922927,-0.972495198,0,0,0,1],"scale":1.16750002,"type":"oak_dry_d"}
{"ctxid":0,"pos":[-727.215027,571.763977,120.221001],"rotationMatrix":[-0.329754353,-0.944066763,0,0.944066763,-0.329754353,0,0,0,1],"scale":0.781000018,"type":"oak_dry_d"}
{"ctxid":0,"pos":[-643.578979,500.502991,115.320999],"rotationMatrix":[0.255067825,0.966923177,0,-0.966923177,0.255067825,0,0,0,1],"scale":1.07710004,"type":"oak_dry_d"}
{"ctxid":0,"pos":[-858.180603,774.48999,90.4179993],"rotationMatrix":[0.990860462,-0.134890854,0,0.134890854,0.990860462,0,0,0,1],"scale":1.21459997,"type":"oak_dry_d"}
{"ctxid":0,"pos":[-846.637451,774.552002,89.8676987],"rotationMatrix":[-0.676280499,-0.736644208,0,0.736644208,-0.676280499,0,0,0,1],"scale":1.20420003,"type":"oak_dry_d"}
{"ctxid":0,"pos":[-837.471008,774.577026,89.6882019],"rotationMatrix":[-0.417591214,0.90863502,0,-0.90863502,-0.417591214,0,0,0,1],"scale":1.06949997,"type":"oak_dry_d"}
{"ctxid":0,"pos":[-819.528992,774.48999,89.0020981],"rotationMatrix":[0.705241561,0.70896709,0,-0.70896709,0.705241561,0,0,0,1],"scale":1.1839,"type":"oak_dry_d"}
{"ctxid":0,"pos":[-853.375977,862.489014,74.8904037],"rotationMatrix":[-0.0913553238,0.995818377,0,-0.995818377,-0.0913553238,0,0,0,1],"scale":1.11300004,"type":"oak_dry_d"}
{"ctxid":0,"pos":[-900.153992,862.593994,75.1343994],"rotationMatrix":[0.790566087,0.61237675,0,-0.61237675,0.790566087,0,0,0,1],"scale":1.19640005,"type":"oak_dry_d"}
{"ctxid":0,"pos":[-905.356018,862.250977,74.9671021],"rotationMatrix":[0.102735996,-0.994708657,0,0.994708657,0.102735996,0,0,0,1],"scale":1.0582,"type":"oak_dry_d"}
{"ctxid":0,"pos":[-913.541992,824.474976,82.5624008],"rotationMatrix":[-0.320962548,-0.947091877,0,0.947091877,-0.320962548,0,0,0,1],"scale":1.27610004,"type":"oak_dry_d"}
{"ctxid":0,"pos":[-931.687988,845.843018,78.5558014],"rotationMatrix":[0.822987556,0.568059385,0,-0.568059385,0.822987556,0,0,0,1],"scale":1.10409999,"type":"oak_dry_d"}
{"ctxid":0,"pos":[-941.21698,867.046021,74.7202988],"rotationMatrix":[0.817954302,0.575283229,0,-0.575283229,0.817954302,0,0,0,1],"scale":0.99940002,"type":"oak_dry_d"}
{"ctxid":0,"pos":[-775.547974,692.075012,101.996002],"rotationMatrix":[0.505981922,0.86254406,0,-0.86254406,0.505981922,0,0,0,1],"scale":0.952400029,"type":"oak_dry_d"}
{"ctxid":0,"pos":[-762.288025,687.505981,102.556999],"rotationMatrix":[0.416368008,-0.909196198,0,0.909196198,0.416368008,0,0,0,1],"scale":0.984300017,"type":"oak_dry_d"}
{"ctxid":0,"pos":[-762.270996,641.565979,108.142998],"rotationMatrix":[0.998341084,0.0575767383,0,-0.0575767383,0.998341084,0,0,0,1],"scale":1.0819,"type":"oak_dry_d"}
{"ctxid":0,"pos":[-797.632019,666.737976,106.808998],"rotationMatrix":[-0.405158401,-0.9142465,0,0.9142465,-0.405158401,0,0,0,1],"scale":1.28960001,"type":"oak_dry_d"}
{"ctxid":0,"pos":[-775.583008,521.40802,127.624001],"rotationMatrix":[0.389708519,-0.920938253,0,0.920938253,0.389708519,0,0,0,1],"scale":1.1085,"type":"oak_dry_d"}
{"ctxid":0,"pos":[-873.838989,576.596985,127.931999],"rotationMatrix":[-0.909448862,0.415815771,0,-0.415815771,-0.909448862,0,0,0,1],"scale":2.05229998,"type":"oak_dry_d"}
{"ctxid":0,"pos":[-762.306274,522.512878,126.898003],"rotationMatrix":[0.933606386,0.358300328,0,-0.358300328,0.933606386,0,0,0,1],"scale":1.14890003,"type":"oak_dry_d"}
{"ctxid":0,"pos":[-931.651001,649.534973,112.661003],"rotationMatrix":[0.966614723,-0.256234229,0,0.256234229,0.966614723,0,0,0,1],"scale":1.39699996,"type":"oak_dry_d"}
{"ctxid":0,"pos":[-932.732971,629.049011,118.762001],"rotationMatrix":[0.802089691,-0.591353297,-0.0833868831,0.588184953,0.806412578,-0.0611326471,0.103395231,-1.30465623e-05,0.99464035],"scale":1.08299994,"type":"oak_dry_d"}
{"ctxid":0,"pos":[-926.849976,643.875,113.957001],"rotationMatrix":[0.999858856,0.0168008246,0,-0.0168008246,0.999858856,0,0,0,1],"scale":0.998700023,"type":"oak_dry_d"}
{"ctxid":0,"pos":[-900.098022,643.867004,112.882004],"rotationMatrix":[-0.265322447,-0.964159727,0,0.964159727,-0.265322447,0,0,0,1],"scale":2.33870006,"type":"oak_dry_d"}
{"ctxid":0,"pos":[-891.736389,644.522217,112.729256],"rotationMatrix":[-0.699430585,-0.71470052,0,0.71470052,-0.699430585,0,0,0,1],"scale":2.44050002,"type":"oak_dry_d"}
{"ctxid":0,"pos":[-926.778015,738.626465,96.797905],"rotationMatrix":[0.90160954,-0.432550848,0,0.432550848,0.90160954,0,0,0,1],"scale":0.958999991,"type":"oak_dry_d"}
{"ctxid":0,"pos":[-970.971985,656.239014,112.035004],"rotationMatrix":[-0.513800025,0.857909977,0,-0.857909977,-0.513800025,0,0,0,1],"scale":0.979799986,"type":"oak_dry_d"}
{"ctxid":0,"pos":[-926.841003,608.476013,122.343002],"rotationMatrix":[0.445806026,0.895129621,0,-0.895129621,0.445806026,0,0,0,1],"scale":1.14929998,"type":"oak_dry_d"}
{"ctxid":0,"pos":[-905.737976,574.388,130.319],"rotationMatrix":[-0.891512632,0.452995837,0,-0.452995837,-0.891512632,0,0,0,1],"scale":2.56579995,"type":"oak_dry_d"}
{"ctxid":0,"pos":[-902.622986,582.39502,128.255005],"rotationMatrix":[-0.506153703,0.862443268,0,-0.862443268,-0.506153703,0,0,0,1],"scale":2.34109998,"type":"oak_dry_d"}
{"ctxid":0,"pos":[-926.822998,523.442993,136.837997],"rotationMatrix":[0.200393438,0.979715526,0,-0.979715526,0.200393438,0,0,0,1],"scale":1.87390006,"type":"oak_dry_d"}
{"ctxid":0,"pos":[-524.46698,443.04599,103.933998],"rotationMatrix":[-0.947943091,-0.318439782,0,0.318439782,-0.947943091,0,0,0,1],"scale":1.44029999,"type":"oak_dry_d"}
{"ctxid":0,"pos":[-543.619995,423.933014,106.702003],"rotationMatrix":[0.794943929,-0.606682897,0,0.606682897,0.794943929,0,0,0,1],"scale":1.45089996,"type":"oak_dry_d"}
{"ctxid":0,"pos":[-546.502991,387.101013,106.101997],"rotationMatrix":[0.266254902,-0.963902652,0,0.963902652,0.266254902,0,0,0,1],"scale":1.45169997,"type":"oak_dry_d"}
{"ctxid":0,"pos":[-552.107971,392.679993,107.209],"rotationMatrix":[-0.738739491,-0.673991084,0,0.673991084,-0.738739491,0,0,0,1],"scale":1.17850006,"type":"oak_dry_d"}
{"ctxid":0,"pos":[-597.939026,438.867004,112.001999],"rotationMatrix":[-0.991608858,0.129274413,0,-0.129274413,-0.991608858,0,0,0,1],"scale":1.12670004,"type":"oak_dry_d"}
{"ctxid":0,"pos":[-591.122986,431.604004,111.023003],"rotationMatrix":[-0.199080944,0.979983032,0,-0.979983032,-0.199080944,0,0,0,1],"scale":1.05910003,"type":"oak_dry_d"}
{"ctxid":0,"pos":[-527.786011,471.394012,102.494385],"rotationMatrix":[0.0593566895,0.998236835,0,-0.998236835,0.0593566895,0,0,0,1],"scale":1.05719995,"type":"oak_dry_d"}
{"ctxid":0,"pos":[-534.932983,477.30899,103.153374],"rotationMatrix":[-0.823286176,-0.567626536,0,0.567626536,-0.823286176,0,0,0,1],"scale":1.23539996,"type":"oak_dry_d"}
{"ctxid":0,"pos":[-515.572998,318.204987,97.8366013],"rotationMatrix":[-0.956637502,0.291281134,0,-0.291281134,-0.956637502,0,0,0,1],"scale":0.852599978,"type":"oak_dry_d"}
{"ctxid":0,"pos":[-524.320984,309.453003,99.5631027],"rotationMatrix":[0.934260607,0.356590956,0,-0.356590956,0.934260607,0,0,0,1],"scale":0.903400004,"type":"oak_dry_d"}
{"ctxid":0,"pos":[-593.080994,374.369995,112.546997],"rotationMatrix":[0.999997973,-0.00201323419,0,0.00201323419,0.999997973,0,0,0,1],"scale":1.84070003,"type":"oak_dry_d"}
{"ctxid":0,"pos":[-715.375977,404.399994,135.660004],"rotationMatrix":[-0.916098833,-0.400952518,0,0.400952518,-0.916098833,0,0,0,1],"scale":2.1789999,"type":"oak_dry_d"}
{"ctxid":0,"pos":[-658.945984,308.640991,128.304993],"rotationMatrix":[0.917338252,-0.398108691,0,0.398108691,0.917338252,0,0,0,1],"scale":1.42990005,"type":"oak_dry_d"}
{"ctxid":0,"pos":[-646.52002,321.019012,125.246002],"rotationMatrix":[0.753597975,0.657335579,0,-0.657335579,0.753597975,0,0,0,1],"scale":1.34689999,"type":"oak_dry_d"}
{"ctxid":0,"pos":[-659.97699,289.154999,128.102005],"rotationMatrix":[-0.870177984,-0.492737532,0,0.492737532,-0.870177984,0,0,0,1],"scale":1.33060002,"type":"oak_dry_d"}
{"ctxid":0,"pos":[-618.427002,150.718994,109.167999],"rotationMatrix":[0.933824778,-0.357730746,0,0.357730746,0.933824778,0,0,0,1],"scale":2.02940011,"type":"oak_dry_d"}
{"ctxid":0,"pos":[-540.776001,221.714005,104.677002],"rotationMatrix":[0.613327742,-0.789828539,0,0.789828539,0.613327742,0,0,0,1],"scale":1.01849997,"type":"oak_dry_d"}
{"ctxid":0,"pos":[-542.544006,220.979004,104.568001],"rotationMatrix":[0.0261503458,-0.999658048,0,0.999658048,0.0261503458,0,0,0,1],"scale":0.907899976,"type":"oak_dry_d"}
{"ctxid":0,"pos":[-532.473999,231.742996,103.199997],"rotationMatrix":[-0.889567971,0.456802815,0,-0.456802815,-0.889567971,0,0,0,1],"scale":1.14409995,"type":"oak_dry_d"}
{"ctxid":0,"pos":[-526.078003,236.901001,102.281998],"rotationMatrix":[0.106215477,-0.994343162,0,0.994343162,0.106215477,0,0,0,1],"scale":1.2148,"type":"oak_dry_d"}
{"ctxid":0,"pos":[-537.739014,174.738998,101.306999],"rotationMatrix":[0.690000653,-0.723808765,0,0.723808765,0.690000653,0,0,0,1],"scale":1.15849996,"type":"oak_dry_d"}
{"ctxid":0,"pos":[-539.820984,176.981995,101.514999],"rotationMatrix":[-0.229939342,-0.97320497,0,0.97320497,-0.229939342,0,0,0,1],"scale":0.990100026,"type":"oak_dry_d"}
{"ctxid":0,"pos":[-635.676025,136.604004,110.760002],"rotationMatrix":[0.879263043,-0.476336539,0,0.476336539,0.879263043,0,0,0,1],"scale":2.04970002,"type":"oak_dry_d"}
{"ctxid":0,"pos":[-854.510986,254.779007,158.516006],"rotationMatrix":[-0.828254342,0.560352325,0,-0.560352325,-0.828254342,0,0,0,1],"scale":1.52110004,"type":"oak_dry_d"}
{"ctxid":0,"pos":[-800.240723,344.20578,147.740997],"rotationMatrix":[0.622419477,-0.782683849,0,0.782683849,0.622419477,0,0,0,1],"scale":2.41989994,"type":"oak_dry_d"}
{"ctxid":0,"pos":[-952.778992,445.947998,153.345001],"rotationMatrix":[0.170527935,-0.985352814,0,0.985352814,0.170527935,0,0,0,1],"scale":1.81780005,"type":"oak_dry_d"}
{"ctxid":0,"pos":[-882.80603,261.417999,159.367996],"rotationMatrix":[0.77888751,-0.627163649,0,0.627163649,0.77888751,0,0,0,1],"scale":1.37829995,"type":"oak_dry_d"}
{"ctxid":0,"pos":[-810.005981,228.940002,146.570999],"rotationMatrix":[-0.235592008,-0.971852064,0,0.971852064,-0.235592008,0,0,0,1],"scale":1.51540005,"type":"oak_dry_d"}
{"ctxid":0,"pos":[-824.682007,88.3544998,134.496994],"rotationMatrix":[-0.746580362,0.665295243,0,-0.665295243,-0.746580362,0,0,0,1],"scale":2.19869995,"type":"oak_dry_d"}
{"ctxid":0,"pos":[-791.374023,71.8675995,120.717003],"rotationMatrix":[0.794559479,-0.607186317,0,0.607186317,0.794559479,0,0,0,1],"scale":2.19889998,"type":"oak_dry_d"}
{"ctxid":0,"pos":[-1142.42004,1038.20996,84.1091995],"rotationMatrix":[-0.946364641,-0.323100537,0,0.323100537,-0.946364641,0,0,0,1],"scale":0.958999991,"type":"oak_dry_d"}
{"ctxid":0,"pos":[-1081.60999,858.215027,74.2795029],"rotationMatrix":[-0.853197455,-0.521588087,0,0.521588087,-0.853197455,0,0,0,1],"scale":1.23169994,"type":"oak_dry_d"}
{"ctxid":0,"pos":[-1101.82996,906.89801,75.8511963],"rotationMatrix":[0.459200025,-0.888332903,0,0.888332903,0.459200025,0,0,0,1],"scale":1.29859996,"type":"oak_dry_d"}
{"ctxid":0,"pos":[-1075.90002,907.469971,74.7451019],"rotationMatrix":[-0.976867199,0.213846847,0,-0.213846847,-0.976867199,0,0,0,1],"scale":1.17649996,"type":"oak_dry_d"}
{"ctxid":0,"pos":[-1135.90002,966.018005,87.0205002],"rotationMatrix":[0.999969602,-0.00779716717,0,0.00779716717,0.999969602,0,0,0,1],"scale":1.2881,"type":"oak_dry_d"}
{"ctxid":0,"pos":[-1135.67004,968.117981,87.1573029],"rotationMatrix":[0.693455458,-0.720499516,0,0.720499516,0.693455458,0,0,0,1],"scale":1.11070001,"type":"oak_dry_d"}
{"ctxid":0,"pos":[-1108.59998,857.786987,90.4290009],"rotationMatrix":[-0.999599934,-0.0282837879,0,0.0282837879,-0.999599934,0,0,0,1],"scale":1.14699996,"type":"oak_dry_d"}
{"ctxid":0,"pos":[-1079.48999,878.73999,74.8719025],"rotationMatrix":[-0.989613414,-0.143754274,0,0.143754274,-0.989613414,0,0,0,1],"scale":1.06169999,"type":"oak_dry_d"}
{"ctxid":0,"pos":[-1048.48999,669.351013,111.942001],"rotationMatrix":[-0.998800278,-0.0489694327,0,0.0489694327,-0.998800278,0,0,0,1],"scale":1.21510005,"type":"oak_dry_d"}
{"ctxid":0,"pos":[-1028.84998,777.750977,92.6140976],"rotationMatrix":[-0.96693778,0.255012423,0,-0.255012423,-0.96693778,0,0,0,1],"scale":1.05139995,"type":"oak_dry_d"}
{"ctxid":0,"pos":[-1111.79004,884.000977,85.6420975],"rotationMatrix":[0.992361546,0.12336354,0,-0.12336354,0.992361546,0,0,0,1],"scale":1.08739996,"type":"oak_dry_d"}
{"ctxid":0,"pos":[-1109.52002,903.39801,79.3041],"rotationMatrix":[-0.0515400171,-0.998670936,0,0.998670936,-0.0515400171,0,0,0,1],"scale":1.02479994,"type":"oak_dry_d"}
{"ctxid":0,"pos":[-1030.90002,180.410004,172.602417],"rotationMatrix":[-0.975674391,-0.219224736,0,0.219224736,-0.975674391,0,0,0,1],"scale":1.13170004,"type":"oak_dry_d"}
{"ctxid":0,"pos":[-1039.79004,193.794998,175.098999],"rotationMatrix":[0.0244748592,-0.999700427,0,0.999700427,0.0244748592,0,0,0,1],"scale":1.22979999,"type":"oak_dry_d"}
{"ctxid":0,"pos":[-1040.47998,213.020996,175.720001],"rotationMatrix":[-0.850118399,-0.526591599,0,0.526591599,-0.850118399,0,0,0,1],"scale":1.04680002,"type":"oak_dry_d"}
{"ctxid":0,"pos":[-1093.77002,130.046005,203.871994],"rotationMatrix":[-0.993205786,-0.116371244,0,0.116371244,-0.993205786,0,0,0,1],"scale":1.27880001,"type":"oak_dry_d"}
{"ctxid":0,"pos":[-1072.75,125.876999,195.606003],"rotationMatrix":[-0.525655031,0.850697815,0,-0.850697815,-0.525655031,0,0,0,1],"scale":1.04890001,"type":"oak_dry_d"}
{"ctxid":0,"pos":[-1062.31995,129.225006,190.334],"rotationMatrix":[-0.426698446,0.904393971,0,-0.904393971,-0.426698446,0,0,0,1],"scale":0.975700021,"type":"oak_dry_d"}
{"ctxid":0,"pos":[1058.41003,-710.976013,166.746994],"rotationMatrix":[0.969148636,0.246477023,0,-0.246477023,0.969148636,0,0,0,1],"scale":1.13590002,"type":"oak_dry_d"}
{"ctxid":0,"pos":[941.882019,-82.7710037,149.289993],"rotationMatrix":[0.806558013,-0.591154933,0,0.591154933,0.806558013,0,0,0,1],"scale":1.15110004,"type":"oak_dry_d"}
{"ctxid":0,"pos":[937.739014,-88.7182007,150.294006],"rotationMatrix":[-0.986423016,-0.164224342,0,0.164224342,-0.986423016,0,0,0,1],"scale":1.23090005,"type":"oak_dry_d"}
{"ctxid":0,"pos":[269.855011,-367.178986,145.647995],"rotationMatrix":[-0.196295142,-0.980544865,0,0.980544865,-0.196295142,0,0,0,1],"scale":0.949000001,"type":"oak_dry_d"}
{"ctxid":0,"pos":[294.346985,-328.071991,146.007004],"rotationMatrix":[0.899019837,-0.437907904,0,0.437907904,0.899019837,0,0,0,1],"scale":0.965699971,"type":"oak_dry_d"}
{"ctxid":0,"pos":[276.02301,-347.334015,145.727005],"rotationMatrix":[0.86974597,0.493499696,0,-0.493499696,0.86974597,0,0,0,1],"scale":1.16659999,"type":"oak_dry_d"}
{"ctxid":0,"pos":[262.748993,-346.807007,145.731003],"rotationMatrix":[-0.107369542,-0.994219184,0,0.994219184,-0.107369542,0,0,0,1],"scale":1.12559998,"type":"oak_dry_d"}
{"ctxid":0,"pos":[317.587006,-343.178009,147.050003],"rotationMatrix":[-0.647838593,-0.761777639,0,0.761777639,-0.647838593,0,0,0,1],"scale":1.15310001,"type":"oak_dry_d"}
{"ctxid":0,"pos":[313.51001,-367.658997,146.921997],"rotationMatrix":[0.0792754889,-0.996852756,0,0.996852756,0.0792754889,0,0,0,1],"scale":0.974600017,"type":"oak_dry_d"}
{"ctxid":0,"pos":[277.083008,-388.675995,145.707001],"rotationMatrix":[0.777955532,0.628319323,0,-0.628319323,0.777955532,0,0,0,1],"scale":0.967499971,"type":"oak_dry_d"}
{"ctxid":0,"pos":[287.841003,-389.944,146.149994],"rotationMatrix":[-1,0,0,0,-1,0,0,0,1],"scale":0.984499991,"type":"oak_dry_d"}
{"ctxid":0,"pos":[280.708008,-410.161987,146.044006],"rotationMatrix":[0.00228047371,0.999997377,0,-0.999997377,0.00228047371,0,0,0,1],"scale":1.02349997,"type":"oak_dry_d"}
{"ctxid":0,"pos":[232.423004,-321.494995,143.906006],"rotationMatrix":[0.393459082,0.919342101,0,-0.919342101,0.393459082,0,0,0,1],"scale":1.00950003,"type":"oak_dry_d"}
{"ctxid":0,"pos":[221.315994,-319.721985,143.171005],"rotationMatrix":[0.969495535,0.245108977,0,-0.245108977,0.969495535,0,0,0,1],"scale":1.03540003,"type":"oak_dry_d"}
{"ctxid":0,"pos":[214.302994,-339.778992,144.003998],"rotationMatrix":[0.695487976,-0.718537748,0,0.718537748,0.695487976,0,0,0,1],"scale":0.917800009,"type":"oak_dry_d"}
{"ctxid":0,"pos":[248.761002,-364.13501,144.972],"rotationMatrix":[-0.0678449869,-0.997695863,0,0.997695863,-0.0678449869,0,0,0,1],"scale":1.23609996,"type":"oak_dry_d"}
{"ctxid":0,"pos":[210.078003,-379.277008,143.766998],"rotationMatrix":[-0.409184694,-0.912451565,0,0.912451565,-0.409184694,0,0,0,1],"scale":1.07700002,"type":"oak_dry_d"}
{"ctxid":0,"pos":[227.537994,-381.768005,144.576996],"rotationMatrix":[0.497797489,-0.867293298,0,0.867293298,0.497797489,0,0,0,1],"scale":0.905399978,"type":"oak_dry_d"}
{"ctxid":0,"pos":[243.440994,-383.894989,145.098007],"rotationMatrix":[-0.106179476,0.994346976,0,-0.994346976,-0.106179476,0,0,0,1],"scale":1.14810002,"type":"oak_dry_d"}
{"ctxid":0,"pos":[134.042999,-553.536011,141.546005],"rotationMatrix":[0.557635784,-0.830085754,0,0.830085754,0.557635784,0,0,0,1],"scale":0.987699986,"type":"oak_dry_d"}
{"ctxid":0,"pos":[144.455002,-540.39801,141.330002],"rotationMatrix":[-0.985227346,-0.171251506,0,0.171251506,-0.985227346,0,0,0,1],"scale":1.00310004,"type":"oak_dry_d"}
{"ctxid":0,"pos":[264.75,-1053.04004,158.830994],"rotationMatrix":[0.151616573,0.988439381,0,-0.988439381,0.151616573,0,0,0,1],"scale":1.10899997,"type":"oak_dry_d"}
{"ctxid":0,"pos":[284.589996,-1031.98999,153.386993],"rotationMatrix":[-0.778120875,-0.628114581,0,0.628114581,-0.778120875,0,0,0,1],"scale":1.07920003,"type":"oak_dry_d"}
{"ctxid":0,"pos":[295.463013,-1055.65002,160.878006],"rotationMatrix":[-0.0999410152,0.994993389,0,-0.994993389,-0.0999410152,0,0,0,1],"scale":1.09109998,"type":"oak_dry_d"}
{"ctxid":0,"pos":[390.885986,-1125.72998,190.378006],"rotationMatrix":[0.988448024,-0.151560232,0,0.151560232,0.988448024,0,0,0,1],"scale":1.04690003,"type":"oak_dry_d"}
{"ctxid":0,"pos":[390.72699,-1116.03003,188.365005],"rotationMatrix":[-0.784916162,0.619601965,0,-0.619601965,-0.784916162,0,0,0,1],"scale":0.969799995,"type":"oak_dry_d"}
{"ctxid":0,"pos":[393.752991,-1047.66003,168.003998],"rotationMatrix":[0.574404716,0.818571448,0,-0.818571448,0.574404716,0,0,0,1],"scale":1.08290005,"type":"oak_dry_d"}
{"ctxid":0,"pos":[364.40799,-1081.25,173.373993],"rotationMatrix":[-0.897351861,-0.4413158,0,0.4413158,-0.897351861,0,0,0,1],"scale":1.03170002,"type":"oak_dry_d"}
{"ctxid":0,"pos":[399.901001,-1076.12,179.742004],"rotationMatrix":[-0.996002078,-0.0893300623,0,0.0893300623,-0.996002078,0,0,0,1],"scale":1.17130005,"type":"oak_dry_d"}
{"ctxid":0,"pos":[480.324005,-1083.06006,188.977997],"rotationMatrix":[-0.993605018,0.112911776,0,-0.112911776,-0.993605018,0,0,0,1],"scale":1.21220005,"type":"oak_dry_d"}
{"ctxid":0,"pos":[481.354004,-1068.87,184.373993],"rotationMatrix":[0.673891068,0.738830745,0,-0.738830745,0.673891068,0,0,0,1],"scale":1.14199996,"type":"oak_dry_d"}
{"ctxid":0,"pos":[240.003998,-1085.27002,160.895996],"rotationMatrix":[0.536122918,-0.844139934,0,0.844139934,0.536122918,0,0,0,1],"scale":1.10780001,"type":"oak_dry_d"}
{"ctxid":0,"pos":[219.190994,-1075.39001,157.197998],"rotationMatrix":[-0.969715476,0.244237378,0,-0.244237378,-0.969715476,0,0,0,1],"scale":1.12909997,"type":"oak_dry_d"}
{"ctxid":0,"pos":[232.895996,-1081.26001,159.399002],"rotationMatrix":[0.0486278534,0.998816967,0,-0.998816967,0.0486278534,0,0,0,1],"scale":1.15970004,"type":"oak_dry_d"}
{"ctxid":0,"pos":[163.108002,-1074.63,150.009003],"rotationMatrix":[0.468106985,-0.88367182,0,0.88367182,0.468106985,0,0,0,1],"scale":0.991699994,"type":"oak_dry_d"}
{"ctxid":0,"pos":[163.395004,-1070.46997,148.940002],"rotationMatrix":[-0.457948923,-0.888978481,0,0.888978481,-0.457948923,0,0,0,1],"scale":1.02190006,"type":"oak_dry_d"}
{"ctxid":0,"pos":[16.7854004,-1027.10999,139.871994],"rotationMatrix":[-0.853197455,0.521588087,0,-0.521588087,-0.853197455,0,0,0,1],"scale":0.9375,"type":"oak_dry_d"}
{"ctxid":0,"pos":[16.8127995,-1021.83002,136.332993],"rotationMatrix":[0.519799948,-0.854288042,0,0.854288042,0.519799948,0,0,0,1],"scale":0.934700012,"type":"oak_dry_d"}
{"ctxid":0,"pos":[783.70697,518.044006,148.662994],"rotationMatrix":[-0.166475415,0.986045599,0,-0.986045599,-0.166475415,0,0,0,1],"scale":0.917699993,"type":"oak_dry_d"}
{"ctxid":0,"pos":[783.68103,533.609985,145.432007],"rotationMatrix":[0.982850552,-0.184403881,0,0.184403881,0.982850552,0,0,0,1],"scale":1.2845,"type":"oak_dry_d"}
{"ctxid":0,"pos":[778.317993,546.419006,144.369003],"rotationMatrix":[0.983365059,-0.181640193,0,0.181640193,0.983365059,0,0,0,1],"scale":1.19529998,"type":"oak_dry_d"}
{"ctxid":0,"pos":[642.921997,521.237976,127.641998],"rotationMatrix":[-0.398460865,0.917185307,0,-0.917185307,-0.398460865,0,0,0,1],"scale":1.0948,"type":"oak_dry_d"}
{"ctxid":0,"pos":[687.596008,515.372986,137.115997],"rotationMatrix":[0.958239555,-0.285966694,0,0.285966694,0.958239555,0,0,0,1],"scale":1.18190002,"type":"oak_dry_d"}
{"ctxid":0,"pos":[678.497009,523.619019,132.880005],"rotationMatrix":[0.99911797,-0.0419914424,0,0.0419914424,0.99911797,0,0,0,1],"scale":1.24109995,"type":"oak_dry_d"}
{"ctxid":0,"pos":[867.338013,475.459991,150.925995],"rotationMatrix":[0.285509348,0.958375931,0,-0.958375931,0.285509348,0,0,0,1],"scale":0.933300018,"type":"oak_dry_d"}
{"ctxid":0,"pos":[806.580994,472.32901,149.436615],"rotationMatrix":[0.978409529,-0.206675574,0,0.206675574,0.978409529,0,0,0,1],"scale":1.00139999,"type":"oak_dry_d"}
{"ctxid":0,"pos":[801.244995,483.730988,149.170135],"rotationMatrix":[0.56270051,-0.826660812,0,0.826660812,0.56270051,0,0,0,1],"scale":1.24730003,"type":"oak_dry_d"}
{"ctxid":0,"pos":[943.356995,184.570999,161.654999],"rotationMatrix":[-0.116316795,-0.993212163,0,0.993212163,-0.116316795,0,0,0,1],"scale":0.904799998,"type":"oak_dry_d"}
{"ctxid":0,"pos":[942.744019,191.983002,161.052994],"rotationMatrix":[0.22448945,0.974476516,0,-0.974476516,0.22448945,0,0,0,1],"scale":1.17939997,"type":"oak_dry_d"}
{"ctxid":0,"pos":[639.815002,498.670013,131.824997],"rotationMatrix":[-0.916881919,0.399158537,0,-0.399158537,-0.916881919,0,0,0,1],"scale":0.944899976,"type":"oak_dry_d"}
{"ctxid":0,"pos":[631.85199,481.894989,129.421005],"rotationMatrix":[0.861661911,0.507482767,0,-0.507482767,0.861661911,0,0,0,1],"scale":1.05299997,"type":"oak_dry_d"}
{"ctxid":0,"pos":[5.25330448,548.742004,74.3659973],"rotationMatrix":[-0.052990675,-0.998594999,0,0.998594999,-0.052990675,0,0,0,1],"scale":1.27499998,"type":"oak_dry_d"}
{"ctxid":0,"pos":[-657.510498,565.234253,107.247864],"rotationMatrix":[0.791378498,-0.611326516,0,0.611326516,0.791378498,0,0,0,1],"scale":1.00223339,"type":"oak_dry_d"}
{"ctxid":0,"pos":[-580.302551,56.9752617,101.057053],"rotationMatrix":[0.999086738,-0.0427281,0,0.0427281,0.999086738,0,0,0,1],"scale":1.1604985,"type":"oak_dry_d"}
{"ctxid":0,"pos":[-589.949707,90.0694046,101.03331],"rotationMatrix":[0.155866027,0.987778187,0,-0.987778187,0.155866027,0,0,0,1],"scale":1.24847341,"type":"oak_dry_d"}
{"ctxid":0,"pos":[393.303314,216.287949,126.249588],"rotationMatrix":[0.920602202,-0.390501708,0,0.390501708,0.920602202,0,0,0,1],"scale":1.22100878,"type":"oak_dry_d"}
{"ctxid":0,"pos":[515.092468,163.763336,142.140686],"rotationMatrix":[0.441194892,0.897411287,0,-0.897411287,0.441194892,0,0,0,1],"scale":1.24769509,"type":"oak_dry_d"}
{"ctxid":0,"pos":[334.445709,191.388229,125.463562],"rotationMatrix":[-0.137828827,-0.990456045,0,0.990456045,-0.137828827,0,0,0,1],"scale":1.09455657,"type":"oak_dry_d"}
{"ctxid":0,"pos":[-625.026123,687.665466,91.0180359],"rotationMatrix":[-0.238285646,-0.971195102,0,0.971195102,-0.238285646,0,0,0,1],"scale":0.981389284,"type":"oak_dry_d"}
{"ctxid":0,"pos":[-634.868958,678.40979,91.1323853],"rotationMatrix":[0.957591593,0.288129002,0,-0.288129002,0.957591593,0,0,0,1],"scale":1.01427555,"type":"oak_dry_d"}
{"ctxid":0,"pos":[-674.115051,667.110962,94.9043427],"rotationMatrix":[-0.583845973,0.811864436,0,-0.811864436,-0.583845973,0,0,0,1],"scale":1.16881871,"type":"oak_dry_d"}
{"ctxid":0,"pos":[-145.947235,518.687561,74.8250427],"rotationMatrix":[-0.0854089186,0.996345997,0,-0.996345997,-0.0854089186,0,0,0,1],"scale":1.15962076,"type":"oak_dry_d"}
{"ctxid":0,"pos":[-145.187775,507.118164,75.0398102],"rotationMatrix":[-0.614409864,0.788987041,0,-0.788987041,-0.614409864,0,0,0,1],"scale":1.26049805,"type":"oak_dry_d"}
{"ctxid":0,"pos":[-415.610107,237.308182,100.45826],"rotationMatrix":[-0.838296711,0.545214295,0,-0.545214295,-0.838296711,0,0,0,1],"scale":1.07951987,"type":"oak_dry_d"}
{"ctxid":0,"pos":[1047.39453,740.129028,149.539902],"rotationMatrix":[0.913324177,-0.407233208,0,0.407233208,0.913324177,0,0,0,1],"scale":1.27598011,"type":"oak_dry_d"}
{"ctxid":0,"pos":[1044.47461,737.717285,147.710236],"rotationMatrix":[-0.821718693,0.569893301,0,-0.569893301,-0.821718693,0,0,0,1],"scale":1.16529751,"type":"oak_dry_d"}
{"ctxid":0,"pos":[1048.93909,679.812622,150.292389],"rotationMatrix":[-0.887708962,-0.460405022,0,0.460405022,-0.887708962,0,0,0,1],"scale":1.08765757,"type":"oak_dry_d"}
{"ctxid":0,"pos":[1042.57629,672.528259,149.726059],"rotationMatrix":[-0.980942369,-0.194298953,0,0.194298953,-0.980942369,0,0,0,1],"scale":0.97643733,"type":"oak_dry_d"}
{"ctxid":0,"pos":[1056.63025,657.900208,160.583969],"rotationMatrix":[0.969286859,0.245932922,0,-0.245932922,0.969286859,0,0,0,1],"scale":1.01179647,"type":"oak_dry_d"}
{"ctxid":0,"pos":[1061.84485,658.414062,162.518631],"rotationMatrix":[-0.978390813,-0.206764087,0,0.206764087,-0.978390813,0,0,0,1],"scale":0.970408082,"type":"oak_dry_d"}
{"ctxid":0,"pos":[75.05056,271.319397,136.136353],"rotationMatrix":[0.938338935,-0.345716685,0,0.345716685,0.938338935,0,0,0,1],"scale":1.11191177,"type":"oak_dry_d"}
{"ctxid":0,"pos":[105.01075,293.258453,138.092743],"rotationMatrix":[-0.928088427,-0.372359872,0,0.372359872,-0.928088427,0,0,0,1],"scale":0.948935866,"type":"oak_dry_d"}
{"ctxid":0,"pos":[-1122.88342,-651.775757,109.245819],"rotationMatrix":[0.496076345,-0.868278921,0,0.868278921,0.496076345,0,0,0,1],"scale":1.11805987,"type":"oak_dry_d"}
{"ctxid":0,"pos":[-286.400055,510.781036,77.2842178],"rotationMatrix":[0.277737528,-0.960657001,0,0.960657001,0.277737528,0,0,0,1],"scale":1.16521418,"type":"oak_dry_d"}
{"ctxid":0,"pos":[-270.022217,498.840851,77.2674255],"rotationMatrix":[0.768711984,0.639595151,0,-0.639595151,0.768711984,0,0,0,1],"scale":1.04908657,"type":"oak_dry_d"}
{"ctxid":0,"pos":[-305.085083,-813.935852,136.586746],"rotationMatrix":[0.87747997,0.479613274,0,-0.479613274,0.87747997,0,0,0,1],"scale":0.983665586,"type":"oak_dry_d"}
{"ctxid":0,"pos":[-316.130646,-829.541565,135.406647],"rotationMatrix":[0.999641836,-0.0267626438,0,0.0267626438,0.999641836,0,0,0,1],"scale":1.21594346,"type":"oak_dry_d"}
{"ctxid":0,"pos":[-316.022186,-827.161438,135.176865],"rotationMatrix":[-0.64936012,0.76048106,0,-0.76048106,-0.64936012,0,0,0,1],"scale":1.02539539,"type":"oak_dry_d"}
{"ctxid":0,"pos":[-303.585907,-834.595337,135.051025],"rotationMatrix":[-0.785894215,-0.618360996,0,0.618360996,-0.785894215,0,0,0,1],"scale":0.958665311,"type":"oak_dry_d"}
{"ctxid":0,"pos":[-258.960815,-46.1068802,121.627563],"rotationMatrix":[-0.0288233608,-0.999584496,0,0.999584496,-0.0288233608,0,0,0,1],"scale":0.94313103,"type":"oak_dry_d"}
{"ctxid":0,"pos":[-134.257629,34.7852249,123.395706],"rotationMatrix":[0.874777675,-0.484524488,0,0.484524488,0.874777675,0,0,0,1],"scale":1.20194757,"type":"oak_dry_d"}
{"ctxid":0,"pos":[-80.2016373,35.9122276,121.83535],"rotationMatrix":[0.537285268,0.843400598,0,-0.843400598,0.537285268,0,0,0,1],"scale":1.09423554,"type":"oak_dry_d"}
{"ctxid":0,"pos":[-79.5908813,-27.7763042,119.519867],"rotationMatrix":[0.45630312,-0.88982439,0,0.88982439,0.45630312,0,0,0,1],"scale":0.925071657,"type":"oak_dry_d"}
{"ctxid":0,"pos":[-117.329201,128.341003,123.213066],"rotationMatrix":[-0.932204068,-0.361933142,0,0.361933142,-0.932204068,0,0,0,1],"scale":1.09358048,"type":"oak_dry_d"}
{"ctxid":0,"pos":[-390.042297,208.356628,101.412178],"rotationMatrix":[0.0283418018,0.999598265,0,-0.999598265,0.0283418018,0,0,0,1],"scale":1.06907344,"type":"oak_dry_d"}
{"ctxid":0,"pos":[-497.383606,611.225525,86.1406403],"rotationMatrix":[0.80001694,-0.599977434,0,0.599977434,0.80001694,0,0,0,1],"scale":0.90476948,"type":"oak_dry_d"}
