{"ctxid":0,"pos":[-337.695007,-258.492004,117.716339],"rotationMatrix":[-0.868631124,-0.495459348,0,0.495459348,-0.868631124,0,0,0,1],"scale":1.03750002,"type":"oak_dry_b"}
{"ctxid":0,"pos":[-476.183014,-549.838013,125.547997],"rotationMatrix":[0.993225574,0.116202228,0,-0.116202228,0.993225574,0,0,0,1],"scale":1.07089996,"type":"oak_dry_b"}
{"ctxid":0,"pos":[-481.651001,-549.85498,125.458],"rotationMatrix":[-0.251994848,-0.967728555,0,0.967728555,-0.251994848,0,0,0,1],"scale":0.940299988,"type":"oak_dry_b"}
{"ctxid":0,"pos":[-468.139008,-554.226013,126.320999],"rotationMatrix":[0.126950979,0.991908967,0,-0.991908967,0.126950979,0,0,0,1],"scale":0.997200012,"type":"oak_dry_b"}
{"ctxid":0,"pos":[-496.046997,-548.617004,124.472],"rotationMatrix":[0.692828774,-0.721102118,0,0.721102118,0.692828774,0,0,0,1],"scale":1.1566,"type":"oak_dry_b"}
{"ctxid":0,"pos":[-297.013,-782.763977,136.897995],"rotationMatrix":[-0.746580362,-0.665295243,0,0.665295243,-0.746580362,0,0,0,1],"scale":1.04439998,"type":"oak_dry_b"}
{"ctxid":0,"pos":[-607.847839,-497.215424,114.706001],"rotationMatrix":[-0.960596085,0.277948141,0,-0.277948141,-0.960596085,0,0,0,1],"scale":1.1516,"type":"oak_dry_b"}
{"ctxid":0,"pos":[-606.926514,-479.951477,113.674004],"rotationMatrix":[0.278078794,0.960558295,0,-0.960558295,0.278078794,0,0,0,1],"scale":1.0517,"type":"oak_dry_b"}
{"ctxid":0,"pos":[-721.765015,-477.299988,100.884003],"rotationMatrix":[0.999918103,-0.0127979238,0,0.0127979238,0.999918103,0,0,0,1],"scale":1.1415,"type":"oak_dry_b"}
{"ctxid":0,"pos":[-750.934998,-29.3743,103.255997],"rotationMatrix":[-0.579575419,-0.814918578,0,0.814918578,-0.579575419,0,0,0,1],"scale":1.36269999,"type":"oak_dry_b"}
{"ctxid":0,"pos":[-626.694214,-517.807373,114.639969],"rotationMatrix":[0.601096869,-0.799176157,0,0.799176157,0.601096869,0,0,0,1],"scale":0.91079998,"type":"oak_dry_b"}
{"ctxid":0,"pos":[-608.304993,-505.241821,115.503998],"rotationMatrix":[0.745672941,-0.666312158,0,0.666312158,0.745672941,0,0,0,1],"scale":1.00150001,"type":"oak_dry_b"}
{"ctxid":0,"pos":[-694.734985,-543.815857,107.769997],"rotationMatrix":[-0.326820374,0.945086479,0,-0.945086479,-0.326820374,0,0,0,1],"scale":1.05910003,"type":"oak_dry_b"}
{"ctxid":0,"pos":[-645.650635,-520.071411,112.82],"rotationMatrix":[0.991102219,-0.133102939,0,0.133102939,0.991102219,0,0,0,1],"scale":0.9102,"type":"oak_dry_b"}
{"ctxid":0,"pos":[-717.251892,-519.716187,103.995003],"rotationMatrix":[-0.148521662,0.988909125,0,-0.988909125,-0.148521662,0,0,0,1],"scale":1.08469999,"type":"oak_dry_b"}
{"ctxid":0,"pos":[-745.287354,-530.143005,102.484001],"rotationMatrix":[-0.855893731,0.517151713,0,-0.517151713,-0.855893731,0,0,0,1],"scale":1.04820001,"type":"oak_dry_b"}
{"ctxid":0,"pos":[-933.190979,-637.499023,103.167],"rotationMatrix":[-0.992806435,0.119730458,0,-0.119730458,-0.992806435,0,0,0,1],"scale":1.17949998,"type":"oak_dry_b"}
{"ctxid":0,"pos":[-72.3716965,-1036.87,144.128006],"rotationMatrix":[0.280959606,0.959719598,0,-0.959719598,0.280959606,0,0,0,1],"scale":1.19990003,"type":"oak_dry_b"}
{"ctxid":0,"pos":[-1134.13,-141.778,161.580002],"rotationMatrix":[0.760429621,-0.649420321,0,0.649420321,0.760429621,0,0,0,1],"scale":1.22510004,"type":"oak_dry_b"}
{"ctxid":0,"pos":[-1148.79004,-170.764008,148.852997],"rotationMatrix":[0.519799948,0.854288042,0,-0.854288042,0.519799948,0,0,0,1],"scale":0.927299976,"type":"oak_dry_b"}
{"ctxid":0,"pos":[-1093.56995,-95.1007996,169.397995],"rotationMatrix":[0.0771030188,-0.997023106,0,0.997023106,0.0771030188,0,0,0,1],"scale":1.14199996,"type":"oak_dry_b"}
{"ctxid":0,"pos":[-1130.39001,-189.535004,133.904999],"rotationMatrix":[0.927190781,-0.374589443,0,0.374589443,0.927190781,0,0,0,1],"scale":1.18719995,"type":"oak_dry_b"}
{"ctxid":0,"pos":[-86.3182983,634.992004,74.1755981],"rotationMatrix":[-0.502337813,-0.864671469,0,0.864671469,-0.502337813,0,0,0,1],"scale":1.27849996,"type":"oak_dry_b"}
{"ctxid":0,"pos":[-87.2997971,645.518982,74.389801],"rotationMatrix":[0.650050163,-0.759891272,0,0.759891272,0.650050163,0,0,0,1],"scale":1.07690001,"type":"oak_dry_b"}
{"ctxid":0,"pos":[-87.1680984,611.059021,74.0964966],"rotationMatrix":[0.140115023,-0.990135252,0,0.990135252,0.140115023,0,0,0,1],"scale":1.16569996,"type":"oak_dry_b"}
{"ctxid":0,"pos":[-49.6761017,516.900024,74.0059967],"rotationMatrix":[0.25164628,0.967819273,0,-0.967819273,0.25164628,0,0,0,1],"scale":1.21829998,"type":"oak_dry_b"}
{"ctxid":0,"pos":[-27.3592701,548.710999,74.2959976],"rotationMatrix":[-0.631540418,-0.775342941,0,0.775342941,-0.631540418,0,0,0,1],"scale":1.03320003,"type":"oak_dry_b"}
{"ctxid":0,"pos":[-40.8050003,532.924011,74.7018967],"rotationMatrix":[0.96196723,-0.273164868,0,0.273164868,0.96196723,0,0,0,1],"scale":0.980700016,"type":"oak_dry_b"}
{"ctxid":0,"pos":[-43.3498993,543.78302,74.8590012],"rotationMatrix":[-0.964558482,-0.263869166,0,0.263869166,-0.964558482,0,0,0,1],"scale":1.1961,"type":"oak_dry_b"}
{"ctxid":0,"pos":[-152.332001,594.205017,74.6137009],"rotationMatrix":[-1,0,0,0,-1,0,0,0,1],"scale":1.11650002,"type":"oak_dry_b"}
{"ctxid":0,"pos":[-145.615997,602.820007,74.3620987],"rotationMatrix":[0.865423203,-0.501041591,0,0.501041591,0.865423203,0,0,0,1],"scale":1.06009996,"type":"oak_dry_b"}
{"ctxid":0,"pos":[-256.431702,646.577393,74.5038986],"rotationMatrix":[0.205947876,0.978562951,0,-0.978562951,0.205947876,0,0,0,1],"scale":0.902700007,"type":"oak_dry_b"}
{"ctxid":0,"pos":[-486.68399,506.071991,97.2124023],"rotationMatrix":[-0.449423432,-0.893318832,0,0.893318832,-0.449423432,0,0,0,1],"scale":0.883400023,"type":"oak_dry_b"}
{"ctxid":0,"pos":[-45.6621017,482.97699,75.2763824],"rotationMatrix":[0.495188475,0.86878556,0,-0.86878556,0.495188475,0,0,0,1],"scale":1.28069997,"type":"oak_dry_b"}
{"ctxid":0,"pos":[-255.78981,355.437927,102.022003],"rotationMatrix":[-0.99200809,0.126174286,0,-0.126174286,-0.99200809,0,0,0,1],"scale":1.15400004,"type":"oak_dry_b"}
{"ctxid":0,"pos":[-229.387329,362.31424,102.156998],"rotationMatrix":[-0.0987547636,0.995111823,0,-0.995111823,-0.0987547636,0,0,0,1],"scale":1.41400003,"type":"oak_dry_b"}
{"ctxid":0,"pos":[-370.338013,426.786011,95.3750992],"rotationMatrix":[-0.168614745,0.985682011,0,-0.985682011,-0.168614745,0,0,0,1],"scale":1.28900003,"type":"oak_dry_b"}
{"ctxid":0,"pos":[-327.339996,383.81601,99.9686966],"rotationMatrix":[-0.538608789,0.842556,0,-0.842556,-0.538608789,0,0,0,1],"scale":1.04489994,"type":"oak_dry_b"}
{"ctxid":0,"pos":[-374.214996,402.953003,95.001503],"rotationMatrix":[-0.870177984,-0.492737532,0,0.492737532,-0.870177984,0,0,0,1],"scale":1.35409999,"type":"oak_dry_b"}
{"ctxid":0,"pos":[-332.908997,450.559998,86.8963013],"rotationMatrix":[-0.787940502,0.615751386,0,-0.615751386,-0.787940502,0,0,0,1],"scale":1.20299995,"type":"oak_dry_b"}
{"ctxid":0,"pos":[-340.688995,448.662994,88.0916977],"rotationMatrix":[-0.996002078,-0.0893300623,0,0.0893300623,-0.996002078,0,0,0,1],"scale":1.10839999,"type":"oak_dry_b"}
{"ctxid":0,"pos":[-327.744995,290.519989,102.226997],"rotationMatrix":[-0.742097855,0.670291543,0,-0.670291543,-0.742097855,0,0,0,1],"scale":1.01639998,"type":"oak_dry_b"}
{"ctxid":0,"pos":[-434.128998,466.096008,96.2601013],"rotationMatrix":[0.61156702,0.791192651,0,-0.791192651,0.61156702,0,0,0,1],"scale":0.94630003,"type":"oak_dry_b"}
{"ctxid":0,"pos":[-398.231995,454.718994,95.542099],"rotationMatrix":[-0.262142658,0.96502912,0,-0.96502912,-0.262142658,0,0,0,1],"scale":0.992999971,"type":"oak_dry_b"}
{"ctxid":0,"pos":[-438.222992,494.800995,95.3258972],"rotationMatrix":[0.999953985,-0.00959309377,0,0.00959309377,0.999953985,0,0,0,1],"scale":1.09720004,"type":"oak_dry_b"}
{"ctxid":0,"pos":[-419.618011,389.653015,96.2711029],"rotationMatrix":[-0.924329638,0.381594956,0,-0.381594956,-0.924329638,0,0,0,1],"scale":1.10280001,"type":"oak_dry_b"}
{"ctxid":0,"pos":[-430.71701,378.610992,96.1404037],"rotationMatrix":[-0.919232368,0.393715441,0,-0.393715441,-0.919232368,0,0,0,1],"scale":0.955900013,"type":"oak_dry_b"}
{"ctxid":0,"pos":[-435.807007,398.020996,96.1271973],"rotationMatrix":[-0.22429955,0.974520266,0,-0.974520266,-0.22429955,0,0,0,1],"scale":1.02760005,"type":"oak_dry_b"}
{"ctxid":0,"pos":[-481.5,484.984985,98.0009995],"rotationMatrix":[0.436290383,0.899805903,0,-0.899805903,0.436290383,0,0,0,1],"scale":0.911499977,"type":"oak_dry_b"}
{"ctxid":0,"pos":[-475.707001,358.123993,96.5080032],"rotationMatrix":[0.0779179335,0.996959805,0,-0.996959805,0.0779179335,0,0,0,1],"scale":1.17159998,"type":"oak_dry_b"}
{"ctxid":0,"pos":[-702.606995,774.588989,79.9992981],"rotationMatrix":[-0.991608858,0.129274413,0,-0.129274413,-0.991608858,0,0,0,1],"scale":1.09969997,"type":"oak_dry_b"}
{"ctxid":0,"pos":[-624.804993,790.992981,74.5451965],"rotationMatrix":[0.151355982,-0.988479316,0,0.988479316,0.151355982,0,0,0,1],"scale":0.964600027,"type":"oak_dry_b"}
{"ctxid":0,"pos":[-649.21698,809.747009,74.6228027],"rotationMatrix":[-0.282881618,-0.959154844,0,0.959154844,-0.282881618,0,0,0,1],"scale":0.925800025,"type":"oak_dry_b"}
{"ctxid":0,"pos":[-626.333984,801.228027,74.4996033],"rotationMatrix":[0.643831968,-0.765166879,0,0.765166879,0.643831968,0,0,0,1],"scale":1.02020001,"type":"oak_dry_b"}
{"ctxid":0,"pos":[-690.914978,762.685974,78.0074997],"rotationMatrix":[-0.993205786,-0.116371244,0,0.116371244,-0.993205786,0,0,0,1],"scale":1.24979997,"type":"oak_dry_b"}
{"ctxid":0,"pos":[-576.164001,722.73999,82.0558014],"rotationMatrix":[0.627270222,0.77880168,0,-0.77880168,0.627270222,0,0,0,1],"scale":1.05359995,"type":"oak_dry_b"}
{"ctxid":0,"pos":[-560.570984,583.580994,89.8410034],"rotationMatrix":[-0.190733194,-0.981641889,0,0.981641889,-0.190733194,0,0,0,1],"scale":1.04970002,"type":"oak_dry_b"}
{"ctxid":0,"pos":[-550.73999,607.278992,89.6894989],"rotationMatrix":[0.274710417,0.96152699,0,-0.96152699,0.274710417,0,0,0,1],"scale":0.918600023,"type":"oak_dry_b"}
{"ctxid":0,"pos":[-605.655029,569.950989,101.009125],"rotationMatrix":[0.358382106,0.933574975,0,-0.933574975,0.358382106,0,0,0,1],"scale":1.20850003,"type":"oak_dry_b"}
{"ctxid":0,"pos":[-600.359985,557.367004,102.125694],"rotationMatrix":[0.939169288,0.34345457,0,-0.34345457,0.939169288,0,0,0,1],"scale":0.953800023,"type":"oak_dry_b"}
{"ctxid":0,"pos":[-575.884949,607.967651,90.0963974],"rotationMatrix":[0.754999995,-0.655724823,0,0.655724823,0.754999995,0,0,0,1],"scale":0.992999971,"type":"oak_dry_b"}
{"ctxid":0,"pos":[-703.252014,525.29303,118.978996],"rotationMatrix":[-0.991088748,-0.122109361,0.0532202758,0.116390578,-0.988175392,-0.0998129621,0.0647790655,-0.0927291662,0.993581891],"scale":0.718900025,"type":"oak_dry_b"}
{"ctxid":0,"pos":[-736.29303,548.53302,119.933998],"rotationMatrix":[-0.614604592,-0.788835347,0,0.788835347,-0.614604592,0,0,0,1],"scale":0.973100007,"type":"oak_dry_b"}
{"ctxid":0,"pos":[-680.30603,502.11499,117.941002],"rotationMatrix":[-0.332956672,0.938455522,-0.0918754861,-0.942379296,-0.327808738,0.0668030679,0.0325741246,0.108824082,0.993527174],"scale":0.7676,"type":"oak_dry_b"}
{"ctxid":0,"pos":[-688.763,529.153015,119.170998],"rotationMatrix":[-0.651834846,0.758360982,0,-0.758360982,-0.651834846,0,0,0,1],"scale":0.607299984,"type":"oak_dry_b"}
{"ctxid":0,"pos":[-694.073975,534.619019,119.559998],"rotationMatrix":[0.993924141,-0.00967702083,0.109641038,0.0046830629,0.998943567,0.0457145311,-0.109967589,-0.0449233204,0.992919445],"scale":0.452199996,"type":"oak_dry_b"}
{"ctxid":0,"pos":[-700.47998,540.981018,120.112],"rotationMatrix":[0.673729658,-0.738977909,0,0.738977909,0.673729658,0,0,0,1],"scale":0.544499993,"type":"oak_dry_b"}
{"ctxid":0,"pos":[-692.22699,514,119.306999],"rotationMatrix":[0.997291565,0.0735495389,0,-0.0735495389,0.997291565,0,0,0,1],"scale":0.3389,"type":"oak_dry_b"}
{"ctxid":0,"pos":[-660.283997,512.203979,117.473999],"rotationMatrix":[0.617712259,0.786404192,0,-0.786404192,0.617712259,0,0,0,1],"scale":1.30620003,"type":"oak_dry_b"}
{"ctxid":0,"pos":[-678.234985,606.085022,110.921997],"rotationMatrix":[0.226978302,-0.973899841,0,0.973899841,0.226978302,0,0,0,1],"scale":1.19599998,"type":"oak_dry_b"}
{"ctxid":0,"pos":[-668.29303,614.616028,111.551003],"rotationMatrix":[0.941381097,0.337344974,0,-0.337344974,0.941381097,0,0,0,1],"scale":1.02909994,"type":"oak_dry_b"}
{"ctxid":0,"pos":[-642.205994,606.719971,105.831001],"rotationMatrix":[-0.429740429,-0.902952492,0,0.902952492,-0.429740429,0,0,0,1],"scale":1.39769995,"type":"oak_dry_b"}
{"ctxid":0,"pos":[-631.478027,512.536987,111.473999],"rotationMatrix":[-0.886070371,-0.463550746,0,0.463550746,-0.886070371,0,0,0,1],"scale":1.14040005,"type":"oak_dry_b"}
{"ctxid":0,"pos":[-792.241028,888.099976,74.7984009],"rotationMatrix":[-0.26723206,0.963632226,0,-0.963632226,-0.26723206,0,0,0,1],"scale":1.02470005,"type":"oak_dry_b"}
{"ctxid":0,"pos":[-791.093994,896.031982,74.6521988],"rotationMatrix":[-0.659842014,-0.751404345,0,0.751404345,-0.659842014,0,0,0,1],"scale":0.945100009,"type":"oak_dry_b"}
{"ctxid":0,"pos":[-786.552979,896.005005,74.4487991],"rotationMatrix":[-0.993605018,-0.112911776,0,0.112911776,-0.993605018,0,0,0,1],"scale":1.26979995,"type":"oak_dry_b"}
{"ctxid":0,"pos":[-794.442017,774.518982,88.0402985],"rotationMatrix":[0.983799934,-0.17926988,0,0.17926988,0.983799934,0,0,0,1],"scale":0.965499997,"type":"oak_dry_b"}
{"ctxid":0,"pos":[-871.210999,862.573975,74.5257034],"rotationMatrix":[-0.932577968,0.36096862,0,-0.36096862,-0.932577968,0,0,0,1],"scale":1.25539994,"type":"oak_dry_b"}
{"ctxid":0,"pos":[-899.002014,774.565979,91.2277985],"rotationMatrix":[-0.755937934,0.654643297,0,-0.654643297,-0.755937934,0,0,0,1],"scale":1.25109994,"type":"oak_dry_b"}
{"ctxid":0,"pos":[-880.552002,774.567993,91.0494003],"rotationMatrix":[0.894108057,0.4478513,0,-0.4478513,0.894108057,0,0,0,1],"scale":1.09010005,"type":"oak_dry_b"}
{"ctxid":0,"pos":[-906.612,815.80603,84.2475967],"rotationMatrix":[0.132676721,0.991140962,0.0060392716,-0.990076065,0.13281405,-0.0459326729,-0.0463278554,0.000114858187,0.998926282],"scale":1.125,"type":"oak_dry_b"}
{"ctxid":0,"pos":[-933.570984,824.231995,82.3281021],"rotationMatrix":[0.291473866,-0.956578791,0,0.956578791,0.291473866,0,0,0,1],"scale":1.23230004,"type":"oak_dry_b"}
{"ctxid":0,"pos":[-775.531006,703.323975,99.2244034],"rotationMatrix":[0.944155216,0.329501033,0,-0.329501033,0.944155216,0,0,0,1],"scale":1.05519998,"type":"oak_dry_b"}
{"ctxid":0,"pos":[-775.510986,737.541016,91.7950974],"rotationMatrix":[0.33575654,-0.941948831,0,0.941948831,0.33575654,0,0,0,1],"scale":1.12269998,"type":"oak_dry_b"}
{"ctxid":0,"pos":[-762.232971,710.590027,97.9676971],"rotationMatrix":[0.156299472,-0.987709701,0,0.987709701,0.156299472,0,0,0,1],"scale":1.20220006,"type":"oak_dry_b"}
{"ctxid":0,"pos":[-847.194519,656.47998,109.819962],"rotationMatrix":[0.159154892,0.987253606,0,-0.987253606,0.159154892,0,0,0,1],"scale":0.91930002,"type":"oak_dry_b"}
{"ctxid":0,"pos":[-750.484009,548.487,122.779999],"rotationMatrix":[0.982440591,-0.186575681,0,0.186575681,0.982440591,0,0,0,1],"scale":1.35409999,"type":"oak_dry_b"}
{"ctxid":0,"pos":[-786.283997,561.786011,124.408997],"rotationMatrix":[0.813217282,-0.581960201,0,0.581960201,0.813217282,0,0,0,1],"scale":0.881600022,"type":"oak_dry_b"}
{"ctxid":0,"pos":[-805.640991,561.718018,125.651001],"rotationMatrix":[-0.109454036,0.993991852,0,-0.993991852,-0.109454036,0,0,0,1],"scale":1.03789997,"type":"oak_dry_b"}
{"ctxid":0,"pos":[-775.505005,605.234009,116.265999],"rotationMatrix":[-0.811846495,-0.583870947,0,0.583870947,-0.811846495,0,0,0,1],"scale":0.745899975,"type":"oak_dry_b"}
{"ctxid":0,"pos":[-775.469971,528.669006,126.739998],"rotationMatrix":[0.32789588,-0.944713891,0,0.944713891,0.32789588,0,0,0,1],"scale":0.977500021,"type":"oak_dry_b"}
{"ctxid":0,"pos":[-935.531006,697.538025,108.791],"rotationMatrix":[-0.592398643,0.805644989,0,-0.805644989,-0.592398643,0,0,0,1],"scale":0.9727,"type":"oak_dry_b"}
{"ctxid":0,"pos":[-913.580017,747.703979,94.3087997],"rotationMatrix":[0.346089602,-0.938201487,0,0.938201487,0.346089602,0,0,0,1],"scale":1.15450001,"type":"oak_dry_b"}
{"ctxid":0,"pos":[-913.59198,728.40802,98.7185974],"rotationMatrix":[0.827480555,0.56149435,0,-0.56149435,0.827480555,0,0,0,1],"scale":1.08389997,"type":"oak_dry_b"}
{"ctxid":0,"pos":[-932.591003,619.541992,118.841003],"rotationMatrix":[-0.744640946,0.6671772,0.019608004,-0.6664294,-0.744800448,0.0338254087,0.0371715911,0.0121204341,0.999235392],"scale":0.60650003,"type":"oak_dry_b"}
{"ctxid":0,"pos":[-908.361206,578.293701,129.306686],"rotationMatrix":[-0.253894567,0.967231929,0,-0.967231929,-0.253894567,0,0,0,1],"scale":0.984499991,"type":"oak_dry_b"}
{"ctxid":0,"pos":[-907.035522,623.167969,118.320999],"rotationMatrix":[0.802933574,-0.596068501,0,0.596068501,0.802933574,0,0,0,1],"scale":1.3003,"type":"oak_dry_b"}
{"ctxid":0,"pos":[-926.812012,537.91803,132.884003],"rotationMatrix":[0.977059126,0.21296823,0,-0.21296823,0.977059126,0,0,0,1],"scale":1.47080004,"type":"oak_dry_b"}
{"ctxid":0,"pos":[-936.435974,562.028015,131.850006],"rotationMatrix":[-0.120205045,-0.992749095,0,0.992749095,-0.120205045,0,0,0,1],"scale":1.29719996,"type":"oak_dry_b"}
{"ctxid":0,"pos":[-952.184021,561.348022,131.520004],"rotationMatrix":[-0.6192801,-0.785170138,0,0.785170138,-0.6192801,0,0,0,1],"scale":1.17180002,"type":"oak_dry_b"}
{"ctxid":0,"pos":[-958.763977,548.622986,131.932007],"rotationMatrix":[0.999791861,-0.0204018503,0,0.0204018503,0.999791861,0,0,0,1],"scale":1.49179995,"type":"oak_dry_b"}
{"ctxid":0,"pos":[-533.984009,433.519012,104.246002],"rotationMatrix":[-0.446700454,-0.894683599,0,0.894683599,-0.446700454,0,0,0,1],"scale":1.1882,"type":"oak_dry_b"}
{"ctxid":0,"pos":[-557.117004,397.776001,108.388],"rotationMatrix":[0.342654228,-0.939461589,0,0.939461589,0.342654228,0,0,0,1],"scale":0.985700011,"type":"oak_dry_b"}
{"ctxid":0,"pos":[-615.013,455.515991,114.371002],"rotationMatrix":[0.011300683,0.999936163,0,-0.999936163,0.011300683,0,0,0,1],"scale":0.923300028,"type":"oak_dry_b"}
{"ctxid":0,"pos":[-580.580994,421.118988,108.778999],"rotationMatrix":[0.51901567,-0.8547647,0,0.8547647,0.51901567,0,0,0,1],"scale":1.04519999,"type":"oak_dry_b"}
{"ctxid":0,"pos":[-620.283997,442.041992,113.556999],"rotationMatrix":[0.489949942,-0.871750593,0,0.871750593,0.489949942,0,0,0,1],"scale":1.39789999,"type":"oak_dry_b"}
{"ctxid":0,"pos":[-601.723022,423.342987,110.311996],"rotationMatrix":[0.892259121,-0.451523721,0,0.451523721,0.892259121,0,0,0,1],"scale":1.0869,"type":"oak_dry_b"}
{"ctxid":0,"pos":[-557.677979,428.681,107.02253],"rotationMatrix":[0.821317554,-0.570471287,0,0.570471287,0.821317554,0,0,0,1],"scale":0.901499987,"type":"oak_dry_b"}
{"ctxid":0,"pos":[-603.02301,383.259003,112.346001],"rotationMatrix":[-0.563619256,0.826034725,0,-0.826034725,-0.563619256,0,0,0,1],"scale":0.958400011,"type":"oak_dry_b"}
{"ctxid":0,"pos":[-511.265015,322.600006,95.9065018],"rotationMatrix":[0.77525723,-0.629311681,-0.0542498454,0.627785087,0.777153015,-0.0438070819,0.0697287396,-9.54873612e-05,0.997565985],"scale":0.866400003,"type":"oak_dry_b"}
{"ctxid":0,"pos":[-528.79303,305.029999,100.082001],"rotationMatrix":[-0.648927927,0.760849893,0,-0.760849893,-0.648927927,0,0,0,1],"scale":0.507200003,"type":"oak_dry_b"}
{"ctxid":0,"pos":[-621.245972,365.078003,116.655998],"rotationMatrix":[0.200140476,-0.979767203,0,0.979767203,0.200140476,0,0,0,1],"scale":1.153,"type":"oak_dry_b"}
{"ctxid":0,"pos":[-604.54303,362.983002,115.291],"rotationMatrix":[-0.403147459,-0.915135026,0,0.915135026,-0.403147459,0,0,0,1],"scale":1.20449996,"type":"oak_dry_b"}
{"ctxid":0,"pos":[-698.015991,446.286011,125.837997],"rotationMatrix":[0.729446292,0.684038103,0,-0.684038103,0.729446292,0,0,0,1],"scale":1.222,"type":"oak_dry_b"}
{"ctxid":0,"pos":[-722.754028,421.498993,134.854004],"rotationMatrix":[0.206955791,0.978350282,0,-0.978350282,0.206955791,0,0,0,1],"scale":1.28320003,"type":"oak_dry_b"}
{"ctxid":0,"pos":[-666.794006,452.880005,120.845001],"rotationMatrix":[-0.923937201,-0.38254419,0,0.38254419,-0.923937201,0,0,0,1],"scale":1.31040001,"type":"oak_dry_b"}
{"ctxid":0,"pos":[-732.697021,387.048004,141.233994],"rotationMatrix":[-0.969318509,0.24580811,0,-0.24580811,-0.969318509,0,0,0,1],"scale":1.12699997,"type":"oak_dry_b"}
{"ctxid":0,"pos":[-648.927979,259.234985,121.804001],"rotationMatrix":[0.134598255,0.990900278,0,-0.990900278,0.134598255,0,0,0,1],"scale":0.918200016,"type":"oak_dry_b"}
{"ctxid":0,"pos":[-684.479004,283.105988,129.080994],"rotationMatrix":[0.985000849,0.172549501,0,-0.172549501,0.985000849,0,0,0,1],"scale":1.00220001,"type":"oak_dry_b"}
{"ctxid":0,"pos":[-685.638,314.830994,129.985992],"rotationMatrix":[0.990115881,-0.140251711,0,0.140251711,0.990115881,0,0,0,1],"scale":1.00139999,"type":"oak_dry_b"}
{"ctxid":0,"pos":[-744.205994,354.609009,141.932999],"rotationMatrix":[0.518230677,-0.855240881,0,0.855240881,0.518230677,0,0,0,1],"scale":0.947000027,"type":"oak_dry_b"}
{"ctxid":0,"pos":[-739.526001,368.720001,141.574997],"rotationMatrix":[-0.980846047,-0.194784582,0,0.194784582,-0.980846047,0,0,0,1],"scale":1.3398,"type":"oak_dry_b"}
{"ctxid":0,"pos":[-696.252014,271.420013,130.315002],"rotationMatrix":[-0.438886523,-0.898542523,0,0.898542523,-0.438886523,0,0,0,1],"scale":1.35350001,"type":"oak_dry_b"}
{"ctxid":0,"pos":[-629.432983,356.908997,119.624001],"rotationMatrix":[-0.968921781,-0.247367308,0,0.247367308,-0.968921781,0,0,0,1],"scale":1.22080004,"type":"oak_dry_b"}
{"ctxid":0,"pos":[-619.458984,214.268997,112.500999],"rotationMatrix":[-0.131308794,-0.991341531,0,0.991341531,-0.131308794,0,0,0,1],"scale":1.18299997,"type":"oak_dry_b"}
{"ctxid":0,"pos":[-536.245972,227.912994,103.208],"rotationMatrix":[0.536315441,-0.844017625,0,0.844017625,0.536315441,0,0,0,1],"scale":0.903400004,"type":"oak_dry_b"}
{"ctxid":0,"pos":[-543.424988,180.214996,101.554001],"rotationMatrix":[-0.970906496,0.239458919,0,-0.239458919,-0.970906496,0,0,0,1],"scale":1.00300002,"type":"oak_dry_b"}
{"ctxid":0,"pos":[-634.289001,244.658005,116.769997],"rotationMatrix":[0.407039523,-0.913410544,0,0.913410544,0.407039523,0,0,0,1],"scale":1.38829994,"type":"oak_dry_b"}
{"ctxid":0,"pos":[-731.718018,236.134995,133.496002],"rotationMatrix":[-0.011326313,-0.999935865,0,0.999935865,-0.011326313,0,0,0,1],"scale":1.44990003,"type":"oak_dry_b"}
{"ctxid":0,"pos":[-738.849976,229.022995,134.022003],"rotationMatrix":[0.969987512,-0.243154734,0,0.243154734,0.969987512,0,0,0,1],"scale":1.44400001,"type":"oak_dry_b"}
{"ctxid":0,"pos":[-745.78302,45.3193016,116.308998],"rotationMatrix":[-0.993205786,-0.116371244,0,0.116371244,-0.993205786,0,0,0,1],"scale":1.3398,"type":"oak_dry_b"}
{"ctxid":0,"pos":[-741.588623,34.8811111,113.848],"rotationMatrix":[-0.264367938,-0.964421868,0,0.964421868,-0.264367938,0,0,0,1],"scale":1.11699998,"type":"oak_dry_b"}
{"ctxid":0,"pos":[-775.520996,481.980988,135.085999],"rotationMatrix":[0.875898361,-0.482495666,0,0.482495666,0.875898361,0,0,0,1],"scale":0.966400027,"type":"oak_dry_b"}
{"ctxid":0,"pos":[-786.026001,435.596985,139.309998],"rotationMatrix":[-0.79702878,0.603941321,0,-0.603941321,-0.79702878,0,0,0,1],"scale":1.32659996,"type":"oak_dry_b"}
{"ctxid":0,"pos":[-775.55603,418.891998,139.686005],"rotationMatrix":[-0.0722337961,0.997387707,0,-0.997387707,-0.0722337961,0,0,0,1],"scale":1.30980003,"type":"oak_dry_b"}
{"ctxid":0,"pos":[-799.705017,435.622009,141.550995],"rotationMatrix":[0.0852366686,0.996360719,0,-0.996360719,0.0852366686,0,0,0,1],"scale":1.37119997,"type":"oak_dry_b"}
{"ctxid":0,"pos":[-775.541992,377.96701,142.298004],"rotationMatrix":[0.616312027,0.78750205,0,-0.78750205,0.616312027,0,0,0,1],"scale":1.2766,"type":"oak_dry_b"}
{"ctxid":0,"pos":[-865.562012,254.188995,158.677994],"rotationMatrix":[0.615435481,-0.788187265,0,0.788187265,0.615435481,0,0,0,1],"scale":1.32079995,"type":"oak_dry_b"}
{"ctxid":0,"pos":[-840.617981,279.160004,158.410004],"rotationMatrix":[-0.91570735,-0.401845813,0,0.401845813,-0.91570735,0,0,0,1],"scale":1.33640003,"type":"oak_dry_b"}
{"ctxid":0,"pos":[-834.020996,285.803009,157.186996],"rotationMatrix":[0.998077989,-0.0619703867,0,0.0619703867,0.998077989,0,0,0,1],"scale":0.984600008,"type":"oak_dry_b"}
{"ctxid":0,"pos":[-791.067993,353.127991,144.830994],"rotationMatrix":[0.230951905,-0.972965181,0,0.972965181,0.230951905,0,0,0,1],"scale":1.04289997,"type":"oak_dry_b"}
{"ctxid":0,"pos":[-783.10498,361.175995,143.880997],"rotationMatrix":[0.957659483,0.287903309,0,-0.287903309,0.957659483,0,0,0,1],"scale":1.48459995,"type":"oak_dry_b"}
{"ctxid":0,"pos":[-891.411011,445.766998,150.746994],"rotationMatrix":[0.867696285,-0.497094721,0,0.497094721,0.867696285,0,0,0,1],"scale":1.15330005,"type":"oak_dry_b"}
{"ctxid":0,"pos":[-926.870056,489.957184,144.546005],"rotationMatrix":[-0.997600794,-0.0692290142,0,0.0692290142,-0.997600794,0,0,0,1],"scale":1.04110003,"type":"oak_dry_b"}
{"ctxid":0,"pos":[-926.882019,379.723999,155.447998],"rotationMatrix":[-0.0359361172,-0.999354064,0,0.999354064,-0.0359361172,0,0,0,1],"scale":1.20889997,"type":"oak_dry_b"}
{"ctxid":0,"pos":[-879.617004,264.502991,159.778],"rotationMatrix":[-0.998800278,0.0489694327,0,-0.0489694327,-0.998800278,0,0,0,1],"scale":1.30190003,"type":"oak_dry_b"}
{"ctxid":0,"pos":[-886.362732,286.529999,158.988007],"rotationMatrix":[0.193295956,-0.981140494,0,0.981140494,0.193295956,0,0,0,1],"scale":1.00090003,"type":"oak_dry_b"}
{"ctxid":0,"pos":[-925.921997,334.885986,156.309006],"rotationMatrix":[0.84742713,0.530911744,0,-0.530911744,0.84742713,0,0,0,1],"scale":1.00020003,"type":"oak_dry_b"}
{"ctxid":0,"pos":[-926.786438,350.260284,156.149994],"rotationMatrix":[-0.998400331,-0.0565400757,0,0.0565400757,-0.998400331,0,0,0,1],"scale":1.22090006,"type":"oak_dry_b"}
{"ctxid":0,"pos":[-790.869995,209.787994,138.966995],"rotationMatrix":[-0.480576396,0.876952887,0,-0.876952887,-0.480576396,0,0,0,1],"scale":1.26800001,"type":"oak_dry_b"}
{"ctxid":0,"pos":[-768.377014,218.048996,137.727997],"rotationMatrix":[-0.890734553,-0.454523891,0,0.454523891,-0.890734553,0,0,0,1],"scale":1.49189997,"type":"oak_dry_b"}
{"ctxid":0,"pos":[-832.172974,82.0630035,133.557999],"rotationMatrix":[-0.903590679,0.428396881,0,-0.428396881,-0.903590679,0,0,0,1],"scale":1.2234,"type":"oak_dry_b"}
{"ctxid":0,"pos":[-1144.32996,1034.69995,85.9598007],"rotationMatrix":[-0.966144562,0.258001328,0,-0.258001328,-0.966144562,0,0,0,1],"scale":1.14320004,"type":"oak_dry_b"}
{"ctxid":0,"pos":[-1134.18005,1017.06,84.8815002],"rotationMatrix":[-0.157937646,-0.98744911,0,0.98744911,-0.157937646,0,0,0,1],"scale":0.927200019,"type":"oak_dry_b"}
{"ctxid":0,"pos":[-1107.93005,911.166992,77.4722977],"rotationMatrix":[-0.882187963,-0.470897436,0,0.470897436,-0.882187963,0,0,0,1],"scale":1.12880003,"type":"oak_dry_b"}
{"ctxid":0,"pos":[-1088.52002,920.492004,74.3214035],"rotationMatrix":[-0.998400331,-0.0565400757,0,0.0565400757,-0.998400331,0,0,0,1],"scale":1.08710003,"type":"oak_dry_b"}
{"ctxid":0,"pos":[-1136.32996,904.265015,89.9082031],"rotationMatrix":[-0.971303701,-0.237842634,0,0.237842634,-0.971303701,0,0,0,1],"scale":1.11930001,"type":"oak_dry_b"}
{"ctxid":0,"pos":[-1081.30005,865.026978,74.542099],"rotationMatrix":[0.316251874,-0.948675275,0,0.948675275,0.316251874,0,0,0,1],"scale":1.10979998,"type":"oak_dry_b"}
{"ctxid":0,"pos":[-1086.06995,871.968994,77.3094025],"rotationMatrix":[-0.81603682,0.577999949,0,-0.577999949,-0.81603682,0,0,0,1],"scale":1.02260005,"type":"oak_dry_b"}
{"ctxid":0,"pos":[-1030.40002,762.11499,92.6757965],"rotationMatrix":[-0.924329638,-0.381594956,0,0.381594956,-0.924329638,0,0,0,1],"scale":0.934300005,"type":"oak_dry_b"}
{"ctxid":0,"pos":[-1079.45996,770.408997,92.629303],"rotationMatrix":[-0.255478501,0.966814756,0,-0.966814756,-0.255478501,0,0,0,1],"scale":0.960699975,"type":"oak_dry_b"}
{"ctxid":0,"pos":[-1022.25,762.315002,93.0345993],"rotationMatrix":[-0.770209312,-0.637791216,0,0.637791216,-0.770209312,0,0,0,1],"scale":1.00020003,"type":"oak_dry_b"}
{"ctxid":0,"pos":[-1115.14001,887.593994,86.463501],"rotationMatrix":[-0.112435341,0.993659019,0,-0.993659019,-0.112435341,0,0,0,1],"scale":1.23539996,"type":"oak_dry_b"}
{"ctxid":0,"pos":[-1108.98999,892.622009,82.0342026],"rotationMatrix":[0.720696688,0.693250537,0,-0.693250537,0.720696688,0,0,0,1],"scale":0.908599973,"type":"oak_dry_b"}
{"ctxid":0,"pos":[-1155.93994,953.252991,93.2071991],"rotationMatrix":[-0.905152082,0.425087869,0,-0.425087869,-0.905152082,0,0,0,1],"scale":1.02049994,"type":"oak_dry_b"}
{"ctxid":0,"pos":[-1162.51001,944.926025,94.9132996],"rotationMatrix":[-0.261507273,0.965201497,0,-0.965201497,-0.261507273,0,0,0,1],"scale":1.20570004,"type":"oak_dry_b"}
{"ctxid":0,"pos":[-1017.47998,172.110992,167.540375],"rotationMatrix":[0.191262245,0.981538951,0,-0.981538951,0.191262245,0,0,0,1],"scale":1.18470001,"type":"oak_dry_b"}
{"ctxid":0,"pos":[-1009.21997,168.414993,166.802979],"rotationMatrix":[0.263102055,-0.964767992,0,0.964767992,0.263102055,0,0,0,1],"scale":1.21060002,"type":"oak_dry_b"}
{"ctxid":0,"pos":[-1044.93005,207.065994,176.639008],"rotationMatrix":[-0.997600794,0.0692290142,0,-0.0692290142,-0.997600794,0,0,0,1],"scale":1.01750004,"type":"oak_dry_b"}
{"ctxid":0,"pos":[-1113.03003,232.580002,200.908997],"rotationMatrix":[-0.567866325,0.823120773,0,-0.823120773,-0.567866325,0,0,0,1],"scale":1.04630005,"type":"oak_dry_b"}
{"ctxid":0,"pos":[-1060.97998,174.106995,185.410004],"rotationMatrix":[-0.999200225,0.0399863794,0,-0.0399863794,-0.999200225,0,0,0,1],"scale":1.15859997,"type":"oak_dry_b"}
{"ctxid":0,"pos":[-1053.28003,176.233994,181.529007],"rotationMatrix":[0.387053967,0.922057092,0,-0.922057092,0.387053967,0,0,0,1],"scale":1.05320001,"type":"oak_dry_b"}
{"ctxid":0,"pos":[-1078.19995,157.488998,192.729004],"rotationMatrix":[0.998259544,-0.0589735694,0,0.0589735694,0.998259544,0,0,0,1],"scale":0.956099987,"type":"oak_dry_b"}
{"ctxid":0,"pos":[-1074.96997,127.176003,196.395004],"rotationMatrix":[-0.582064748,0.813142419,0,-0.813142419,-0.582064748,0,0,0,1],"scale":1.29620004,"type":"oak_dry_b"}
{"ctxid":0,"pos":[1015.46997,-743.726013,166.251007],"rotationMatrix":[0.590125442,0.807311594,0,-0.807311594,0.590125442,0,0,0,1],"scale":1.18700004,"type":"oak_dry_b"}
{"ctxid":0,"pos":[1120.37,-698.348022,174.483627],"rotationMatrix":[0.107552052,0.994199455,0,-0.994199455,0.107552052,0,0,0,1],"scale":1.05209994,"type":"oak_dry_b"}
{"ctxid":0,"pos":[1038.91003,-719.916992,164.143005],"rotationMatrix":[0.583945632,-0.811792791,0,0.811792791,0.583945632,0,0,0,1],"scale":1.19239998,"type":"oak_dry_b"}
{"ctxid":0,"pos":[1047.40002,-785.185974,168.582993],"rotationMatrix":[0.437988043,0.898980796,0,-0.898980796,0.437988043,0,0,0,1],"scale":0.995599985,"type":"oak_dry_b"}
{"ctxid":0,"pos":[944.976013,-59.8418999,150.238007],"rotationMatrix":[-0.985227346,-0.171251506,0,0.171251506,-0.985227346,0,0,0,1],"scale":1.19529998,"type":"oak_dry_b"}
{"ctxid":0,"pos":[284.790009,-368.630005,145.834],"rotationMatrix":[-0.370505571,-0.928830266,0,0.928830266,-0.370505571,0,0,0,1],"scale":0.901600003,"type":"oak_dry_b"}
{"ctxid":0,"pos":[307.119995,-328.88501,146.315994],"rotationMatrix":[-0.100534558,-0.994933546,0,0.994933546,-0.100534558,0,0,0,1],"scale":0.951200008,"type":"oak_dry_b"}
{"ctxid":0,"pos":[269.77301,-324.630005,144.867004],"rotationMatrix":[-0.791345835,0.611368775,0,-0.611368775,-0.791345835,0,0,0,1],"scale":1.27859998,"type":"oak_dry_b"}
{"ctxid":0,"pos":[267.244995,-387.046997,145.487],"rotationMatrix":[-0.332364917,-0.943150878,0,0.943150878,-0.332364917,0,0,0,1],"scale":1.25189996,"type":"oak_dry_b"}
{"ctxid":0,"pos":[298.144012,-412.811005,146.725998],"rotationMatrix":[-0.536504507,0.843897462,0,-0.843897462,-0.536504507,0,0,0,1],"scale":1.12800002,"type":"oak_dry_b"}
{"ctxid":0,"pos":[312.519989,-381.787994,146.539993],"rotationMatrix":[0.552352786,0.833610475,0,-0.833610475,0.552352786,0,0,0,1],"scale":1.12259996,"type":"oak_dry_b"}
{"ctxid":0,"pos":[310.112,-396.651001,146.511002],"rotationMatrix":[-0.377136111,0.926157832,0,-0.926157832,-0.377136111,0,0,0,1],"scale":1.22370005,"type":"oak_dry_b"}
{"ctxid":0,"pos":[310.255005,-405.755005,146.718002],"rotationMatrix":[0.878080845,-0.478512317,0,0.478512317,0.878080845,0,0,0,1],"scale":1.07509995,"type":"oak_dry_b"}
{"ctxid":0,"pos":[181.292709,-107.235023,134.462921],"rotationMatrix":[0.773670077,-0.633588672,0,0.633588672,0.773670077,0,0,0,1],"scale":1.04299998,"type":"oak_dry_b"}
{"ctxid":0,"pos":[170.638855,-108.408035,131.260696],"rotationMatrix":[0.432748854,0.901514411,0,-0.901514411,0.432748854,0,0,0,0.999999881],"scale":1.10549998,"type":"oak_dry_b"}
{"ctxid":0,"pos":[153.584747,-110.734528,131.399887],"rotationMatrix":[0.967283249,0.253698856,0,-0.253698856,0.967283249,0,0,0,1],"scale":1.10000002,"type":"oak_dry_b"}
{"ctxid":0,"pos":[249.977005,-322.182007,144.231995],"rotationMatrix":[-0.767576098,0.640957832,0,-0.640957832,-0.767576098,0,0,0,1],"scale":1.28390002,"type":"oak_dry_b"}
{"ctxid":0,"pos":[225.195999,-340.968994,144.324997],"rotationMatrix":[-0.948732853,0.31607905,0,-0.31607905,-0.948732853,0,0,0,1],"scale":1.05260003,"type":"oak_dry_b"}
{"ctxid":0,"pos":[239.119995,-363.725006,144.938004],"rotationMatrix":[-0.703119755,-0.711071432,0,0.711071432,-0.703119755,0,0,0,1],"scale":1.15250003,"type":"oak_dry_b"}
{"ctxid":0,"pos":[215.406006,-360.365997,144.134995],"rotationMatrix":[0.382839561,0.923814833,0,-0.923814833,0.382839561,0,0,0,1],"scale":0.927200019,"type":"oak_dry_b"}
{"ctxid":0,"pos":[199.899002,-326.382996,143.143005],"rotationMatrix":[-0.82404995,-0.566517174,0,0.566517174,-0.82404995,0,0,0,1],"scale":0.991699994,"type":"oak_dry_b"}
{"ctxid":0,"pos":[195.600006,-354.440002,144.084],"rotationMatrix":[0.79430306,0.607521713,0,-0.607521713,0.79430306,0,0,0,1],"scale":0.993099988,"type":"oak_dry_b"}
{"ctxid":0,"pos":[194.783005,-368.472992,143.815002],"rotationMatrix":[-0.881024003,0.473071575,0,-0.473071575,-0.881024003,0,0,0,1],"scale":1.17830002,"type":"oak_dry_b"}
{"ctxid":0,"pos":[140.145004,-547.070984,141.520996],"rotationMatrix":[-0.997200966,-0.0747678652,0,0.0747678652,-0.997200966,0,0,0,1],"scale":0.933700025,"type":"oak_dry_b"}
{"ctxid":0,"pos":[262.553009,-1031.81006,150.384995],"rotationMatrix":[-0.960200071,0.279313117,0,-0.279313117,-0.960200071,0,0,0,1],"scale":1.148,"type":"oak_dry_b"}
{"ctxid":0,"pos":[260.234985,-1029.13,148.602997],"rotationMatrix":[0.0347838402,0.999394834,0,-0.999394834,0.0347838402,0,0,0,1],"scale":1.20749998,"type":"oak_dry_b"}
{"ctxid":0,"pos":[335.274994,-1084.37,168.998993],"rotationMatrix":[0.704780698,0.709425211,0,-0.709425211,0.704780698,0,0,0,1],"scale":1.10979998,"type":"oak_dry_b"}
{"ctxid":0,"pos":[346.069,-1095.09998,173.143997],"rotationMatrix":[0.590125442,0.807311594,0,-0.807311594,0.590125442,0,0,0,1],"scale":1.01830006,"type":"oak_dry_b"}
{"ctxid":0,"pos":[399.079987,-1143.63,196.613007],"rotationMatrix":[-0.0590945482,-0.998252392,0,0.998252392,-0.0590945482,0,0,0,1],"scale":0.999800026,"type":"oak_dry_b"}
{"ctxid":0,"pos":[385.089996,-1096.08997,181.850006],"rotationMatrix":[-0.90203011,0.43167311,0,-0.43167311,-0.90203011,0,0,0,1],"scale":1.24720001,"type":"oak_dry_b"}
{"ctxid":0,"pos":[392.419006,-1056.03003,170.957993],"rotationMatrix":[0.418742418,-0.908105075,0,0.908105075,0.418742418,0,0,0,1],"scale":1.23699999,"type":"oak_dry_b"}
{"ctxid":0,"pos":[392.104004,-1034.43994,161.423004],"rotationMatrix":[-0.955450892,-0.295150131,0,0.295150131,-0.955450892,0,0,0,1],"scale":1.19620001,"type":"oak_dry_b"}
{"ctxid":0,"pos":[384.845001,-1051.71997,166.669998],"rotationMatrix":[0.4795959,-0.877489448,0,0.877489448,0.4795959,0,0,0,1],"scale":1.15059996,"type":"oak_dry_b"}
{"ctxid":0,"pos":[375.796997,-1066.85999,170.248993],"rotationMatrix":[0.787578344,0.616214514,0,-0.616214514,0.787578344,0,0,0,1],"scale":1.29840004,"type":"oak_dry_b"}
{"ctxid":0,"pos":[384.941986,-1083.93005,177.778],"rotationMatrix":[0.344487548,0.938790858,0,-0.938790858,0.344487548,0,0,0,1],"scale":1.08710003,"type":"oak_dry_b"}
{"ctxid":0,"pos":[477.94101,-1116.81006,197.615005],"rotationMatrix":[0.857421994,-0.514613926,0,0.514613926,0.857421994,0,0,0,1],"scale":1.16770005,"type":"oak_dry_b"}
{"ctxid":0,"pos":[454.100006,-1054.63,179.884003],"rotationMatrix":[-0.492646456,0.870229542,0,-0.870229542,-0.492646456,0,0,0,1],"scale":1.10609996,"type":"oak_dry_b"}
{"ctxid":0,"pos":[452.618988,-1049.54004,177.608994],"rotationMatrix":[0.129591942,-0.991567433,0,0.991567433,0.129591942,0,0,0,1],"scale":0.906400025,"type":"oak_dry_b"}
{"ctxid":0,"pos":[247.639008,-1067.92004,160.417007],"rotationMatrix":[0.486712813,-0.873562038,0,0.873562038,0.486712813,0,0,0,1],"scale":1.13090003,"type":"oak_dry_b"}
{"ctxid":0,"pos":[221.524994,-1082.21997,159.533005],"rotationMatrix":[-0.92001605,0.391880691,0,-0.391880691,-0.92001605,0,0,0,1],"scale":0.912400007,"type":"oak_dry_b"}
{"ctxid":0,"pos":[232.604004,-1098.09998,165.026993],"rotationMatrix":[-0.988017917,-0.154339224,0,0.154339224,-0.988017917,0,0,0,1],"scale":0.935199976,"type":"oak_dry_b"}
{"ctxid":0,"pos":[234.479004,-1095.80005,164.479004],"rotationMatrix":[0.747097254,-0.664714754,0,0.664714754,0.747097254,0,0,0,1],"scale":1.16219997,"type":"oak_dry_b"}
{"ctxid":0,"pos":[163.309006,-1086.94995,154.412003],"rotationMatrix":[0.12800777,0.991773188,0,-0.991773188,0.12800777,0,0,0,1],"scale":1.21280003,"type":"oak_dry_b"}
{"ctxid":0,"pos":[161.339005,-1077.82996,151.225998],"rotationMatrix":[0.997066259,0.0765432864,0,-0.0765432864,0.997066259,0,0,0,1],"scale":1.21169996,"type":"oak_dry_b"}
{"ctxid":0,"pos":[21.5953007,-1016.14001,135.065002],"rotationMatrix":[-0.956242085,-0.292576611,0,0.292576611,-0.956242085,0,0,0,1],"scale":1.29929996,"type":"oak_dry_b"}
{"ctxid":0,"pos":[785.497986,517.247986,145.759308],"rotationMatrix":[-0.183029652,-0.983107388,0,0.983107388,-0.183029652,0,0,0,1],"scale":0.927699983,"type":"oak_dry_b"}
{"ctxid":0,"pos":[551.906006,603.177979,130.916],"rotationMatrix":[0.963819504,-0.266555756,0,0.266555756,0.963819504,0,0,0,1],"scale":1.29770005,"type":"oak_dry_b"}
{"ctxid":0,"pos":[565.59198,607.549988,131.664993],"rotationMatrix":[0.925733447,-0.378176659,0,0.378176659,0.925733447,0,0,0,1],"scale":1.27530003,"type":"oak_dry_b"}
{"ctxid":0,"pos":[580.551025,618.185974,129.724564],"rotationMatrix":[0.946273565,0.323367178,0,-0.323367178,0.946273565,0,0,0,1],"scale":1.29960001,"type":"oak_dry_b"}
{"ctxid":0,"pos":[587.736267,620.622131,130.630447],"rotationMatrix":[0.993456364,0.114212319,0,-0.114212319,0.993456364,0,0,0,1],"scale":1.28770006,"type":"oak_dry_b"}
{"ctxid":0,"pos":[583.286987,574.112976,121.417999],"rotationMatrix":[0.245762348,-0.969330132,0,0.969330132,0.245762348,0,0,0,1],"scale":0.929400027,"type":"oak_dry_b"}
{"ctxid":0,"pos":[949.27301,131.869003,157.401993],"rotationMatrix":[-0.757062674,0.653342247,0,-0.653342247,-0.757062674,0,0,0,1],"scale":1.04369998,"type":"oak_dry_b"}
{"ctxid":0,"pos":[948.138977,140.880997,158.677002],"rotationMatrix":[0.906601548,0.421987712,0,-0.421987712,0.906601548,0,0,0,1],"scale":1.08490002,"type":"oak_dry_b"}
{"ctxid":0,"pos":[936.947998,96.3940964,156.542007],"rotationMatrix":[-0.884517074,0.466507822,0,-0.466507822,-0.884517074,0,0,0,1],"scale":1.04159999,"type":"oak_dry_b"}
{"ctxid":0,"pos":[-651.085083,558.453552,107.831734],"rotationMatrix":[-0.983898044,-0.178730637,0,0.178730637,-0.983898044,0,0,0,1],"scale":0.953198791,"type":"oak_dry_b"}
{"ctxid":0,"pos":[-618.771057,583.057495,102.747688],"rotationMatrix":[0.128386855,0.991724133,0,-0.991724133,0.128386855,0,0,0,1],"scale":0.998750091,"type":"oak_dry_b"}
{"ctxid":0,"pos":[-564.105103,82.2720871,100.813019],"rotationMatrix":[0.997796297,0.0663517118,0,-0.0663517118,0.997796297,0,0,0,1],"scale":1.20508921,"type":"oak_dry_b"}
{"ctxid":0,"pos":[-546.154175,95.5994492,100.175148],"rotationMatrix":[-0.851879716,0.52373749,0,-0.52373749,-0.851879716,0,0,0,1],"scale":1.23393607,"type":"oak_dry_b"}
{"ctxid":0,"pos":[416.501282,212.259567,129.729507],"rotationMatrix":[0.334255457,0.942482531,0,-0.942482531,0.334255457,0,0,0,1],"scale":1.08331788,"type":"oak_dry_b"}
