{"ctxid":0,"pos":[-337.940002,-263.588013,117.420998],"rotationMatrix":[0.496192694,0.868212402,0,-0.868212402,0.496192694,0,0,0,1],"scale":1.2464,"type":"oak_dry_c"}
{"ctxid":0,"pos":[-487.667999,-549.53302,125.003998],"rotationMatrix":[0.702625275,-0.711560071,0,0.711560071,0.702625275,0,0,0,1],"scale":1.18289995,"type":"oak_dry_c"}
{"ctxid":0,"pos":[-464.872986,-554.713013,126.707001],"rotationMatrix":[0.949183226,-0.314723998,0,0.314723998,0.949183226,0,0,0,1],"scale":1.1099,"type":"oak_dry_c"}
{"ctxid":0,"pos":[-473.097992,-552.232971,126.478996],"rotationMatrix":[-0.237479091,-0.971392632,0,0.971392632,-0.237479091,0,0,0,1],"scale":1.05639994,"type":"oak_dry_c"}
{"ctxid":0,"pos":[-607.386719,-487.946381,114.375999],"rotationMatrix":[0.00482177734,0.999988377,0,-0.999988377,0.00482177734,0,0,0,1],"scale":1.17439997,"type":"oak_dry_c"}
{"ctxid":0,"pos":[-606.417725,-471.537933,113.348],"rotationMatrix":[-0.985227346,0.171251506,0,-0.171251506,-0.985227346,0,0,0,1],"scale":0.976700008,"type":"oak_dry_c"}
{"ctxid":0,"pos":[-653.362976,-495.365997,109.001999],"rotationMatrix":[-0.65438056,0.756165385,0,-0.756165385,-0.65438056,0,0,0,1],"scale":1.02530003,"type":"oak_dry_c"}
{"ctxid":0,"pos":[-658.521606,-484.774323,109.055],"rotationMatrix":[0.996438265,-0.08432547,0,0.08432547,0.996438265,0,0,0,1],"scale":1.05929995,"type":"oak_dry_c"}
{"ctxid":0,"pos":[-762,-16.5214005,107.860001],"rotationMatrix":[-0.72273922,0.691120863,0,-0.691120863,-0.72273922,0,0,0,1],"scale":1.07299995,"type":"oak_dry_c"}
{"ctxid":0,"pos":[-728.941223,-553.79187,103.922035],"rotationMatrix":[-0.937299252,-0.348525614,0,0.348525614,-0.937299252,0,0,0,1],"scale":1.12839997,"type":"oak_dry_c"}
{"ctxid":0,"pos":[-731.956116,-518.468262,103.124001],"rotationMatrix":[0.882581472,0.470159501,0,-0.470159501,0.882581472,0,0,0,1],"scale":1.27359998,"type":"oak_dry_c"}
{"ctxid":0,"pos":[-767.629211,-506.73233,100.131386],"rotationMatrix":[0.54303205,-0.839711964,0,0.839711964,0.54303205,0,0,0,1],"scale":1.11549997,"type":"oak_dry_c"}
{"ctxid":0,"pos":[-912.362,-613.012024,102.061996],"rotationMatrix":[0.936987519,-0.34936282,0,0.34936282,0.936987519,0,0,0,1],"scale":1.15649998,"type":"oak_dry_c"}
{"ctxid":0,"pos":[-1138.70996,-127.043999,169.744003],"rotationMatrix":[0.275914192,0.961182296,0,-0.961182296,0.275914192,0,0,0,1],"scale":0.904299974,"type":"oak_dry_c"}
{"ctxid":0,"pos":[-1106.41003,-106.027,165.585007],"rotationMatrix":[0.298835039,0.954304755,0,-0.954304755,0.298835039,0,0,0,1],"scale":1.28030002,"type":"oak_dry_c"}
{"ctxid":0,"pos":[-84.5296021,692.63501,74.2799988],"rotationMatrix":[-0.228998542,0.973426759,0,-0.973426759,-0.228998542,0,0,0,1],"scale":1.12390006,"type":"oak_dry_c"}
{"ctxid":0,"pos":[-87.1503983,571.036011,74.2044983],"rotationMatrix":[0.885662317,-0.464329898,0,0.464329898,0.885662317,0,0,0,1],"scale":0.908100009,"type":"oak_dry_c"}
{"ctxid":0,"pos":[-86.4031982,574.077026,74.1160965],"rotationMatrix":[-0.986821771,-0.161810979,0,0.161810979,-0.986821771,0,0,0,1],"scale":0.985300004,"type":"oak_dry_c"}
{"ctxid":0,"pos":[-86.7497025,578.817017,74.3798981],"rotationMatrix":[-0.685080886,0.728466988,0,-0.728466988,-0.685080886,0,0,0,1],"scale":1.04789996,"type":"oak_dry_c"}
{"ctxid":0,"pos":[-86.9748001,598.109985,74.2182007],"rotationMatrix":[0.574957967,0.818182945,0,-0.818182945,0.574957967,0,0,0,1],"scale":0.994199991,"type":"oak_dry_c"}
{"ctxid":0,"pos":[-87.5914993,620.737976,74.3399963],"rotationMatrix":[-0.89969039,0.436528593,0,-0.436528593,-0.89969039,0,0,0,1],"scale":1.17139995,"type":"oak_dry_c"}
{"ctxid":0,"pos":[-87.3113022,567.409973,74.5570984],"rotationMatrix":[-0.996002078,0.0893300623,0,-0.0893300623,-0.996002078,0,0,0,1],"scale":1.07000005,"type":"oak_dry_c"}
{"ctxid":0,"pos":[-86.8621979,563.390991,74.207901],"rotationMatrix":[-0.441941619,0.897043824,0,-0.897043824,-0.441941619,0,0,0,1],"scale":1.00349998,"type":"oak_dry_c"}
{"ctxid":0,"pos":[-86.4589996,557.874023,74.3900986],"rotationMatrix":[-0.888013124,-0.459818095,0,0.459818095,-0.888013124,0,0,0,1],"scale":1.01100004,"type":"oak_dry_c"}
{"ctxid":0,"pos":[-87.1828995,554.754028,74.1046982],"rotationMatrix":[-0.522512555,-0.852631569,0,0.852631569,-0.522512555,0,0,0,1],"scale":1.22500002,"type":"oak_dry_c"}
{"ctxid":0,"pos":[-86.9722977,546.171997,74.3169022],"rotationMatrix":[0.102200031,0.994763851,0,-0.994763851,0.102200031,0,0,0,1],"scale":1.02849996,"type":"oak_dry_c"}
{"ctxid":0,"pos":[-64.9284973,551.53302,74.4548035],"rotationMatrix":[0.263344765,-0.964701772,0,0.964701772,0.263344765,0,0,0,1],"scale":0.972299993,"type":"oak_dry_c"}
{"ctxid":0,"pos":[-37.6858673,548.64502,74.3774033],"rotationMatrix":[-0.530550122,-0.847653568,0,0.847653568,-0.530550122,0,0,0,1],"scale":0.945800006,"type":"oak_dry_c"}
{"ctxid":0,"pos":[-27.8822002,513.437012,74.6171036],"rotationMatrix":[-0.0617159605,-0.998093724,0,0.998093724,-0.0617159605,0,0,0,1],"scale":1.27409995,"type":"oak_dry_c"}
{"ctxid":0,"pos":[-43.7694016,540.994995,74.9600983],"rotationMatrix":[-0.817561746,-0.57584095,0,0.57584095,-0.817561746,0,0,0,1],"scale":1.17139995,"type":"oak_dry_c"}
{"ctxid":0,"pos":[-60.3222351,607.576294,74.542099],"rotationMatrix":[0.852792621,-0.522249699,0,0.522249699,0.852792621,0,0,0,1],"scale":1.08010006,"type":"oak_dry_c"}
{"ctxid":0,"pos":[-207.281998,655.788025,74.7575989],"rotationMatrix":[0.775416017,-0.631450713,0,0.631450713,0.775416017,0,0,0,1],"scale":1.1997,"type":"oak_dry_c"}
{"ctxid":0,"pos":[-146.113998,648.515991,74.6425018],"rotationMatrix":[0.588675499,0.808369458,0,-0.808369458,0.588675499,0,0,0,1],"scale":1.29209995,"type":"oak_dry_c"}
{"ctxid":0,"pos":[-174.102158,577.479553,74.4197006],"rotationMatrix":[0.482041597,-0.876148343,0,0.876148343,0.482041597,0,0,0,1],"scale":1.23189998,"type":"oak_dry_c"}
{"ctxid":0,"pos":[-143.996002,593.895996,74.4105988],"rotationMatrix":[-0.949127793,-0.31489113,0,0.31489113,-0.949127793,0,0,0,1],"scale":1.04130006,"type":"oak_dry_c"}
{"ctxid":0,"pos":[-146.597,598.653015,74.3498993],"rotationMatrix":[-0.896572948,0.442896098,0,-0.442896098,-0.896572948,0,0,0,1],"scale":1.10619998,"type":"oak_dry_c"}
{"ctxid":0,"pos":[-278.346008,649.640015,74.716301],"rotationMatrix":[0.950890303,-0.309528083,0,0.309528083,0.950890303,0,0,0,1],"scale":0.929799974,"type":"oak_dry_c"}
{"ctxid":0,"pos":[-309.184998,651.525024,74.6072998],"rotationMatrix":[-0.772091269,0.635511637,0,-0.635511637,-0.772091269,0,0,0,1],"scale":1.22930002,"type":"oak_dry_c"}
{"ctxid":0,"pos":[-273.712006,615.364014,74.5698013],"rotationMatrix":[-0.563265681,0.826275826,0,-0.826275826,-0.563265681,0,0,0,1],"scale":0.914699972,"type":"oak_dry_c"}
{"ctxid":0,"pos":[-478.355988,534.879028,95.1660995],"rotationMatrix":[-0.520767927,0.853698313,0,-0.853698313,-0.520767927,0,0,0,1],"scale":1.16760004,"type":"oak_dry_c"}
{"ctxid":0,"pos":[-492.196991,517.963013,97.2003021],"rotationMatrix":[0.785487533,0.61887747,0,-0.61887747,0.785487533,0,0,0,1],"scale":0.809199989,"type":"oak_dry_c"}
{"ctxid":0,"pos":[-78.6334,476.485992,75.07621],"rotationMatrix":[-0.782649755,0.622462332,0,-0.622462332,-0.782649755,0,0,0,1],"scale":1.26740003,"type":"oak_dry_c"}
{"ctxid":0,"pos":[-174.942001,441.061005,77.043602],"rotationMatrix":[-0.448061585,-0.894002676,0,0.894002676,-0.448061585,0,0,0,1],"scale":1.08809996,"type":"oak_dry_c"}
{"ctxid":0,"pos":[-360.279999,416.817993,96.8349991],"rotationMatrix":[-0.294118762,-0.955768883,0,0.955768883,-0.294118762,0,0,0,1],"scale":1.42130005,"type":"oak_dry_c"}
{"ctxid":0,"pos":[-338.205994,284.084015,100.68],"rotationMatrix":[-0.979254007,-0.2026366,0,0.2026366,-0.979254007,0,0,0,1],"scale":1.4569,"type":"oak_dry_c"}
{"ctxid":0,"pos":[-338.98999,312.845001,100.957001],"rotationMatrix":[0.293615103,-0.955923736,0,0.955923736,0.293615103,0,0,0,1],"scale":0.850000024,"type":"oak_dry_c"}
{"ctxid":0,"pos":[-412.016357,468.509918,95.902832],"rotationMatrix":[0.416368008,0.909196198,0,-0.909196198,0.416368008,0,0,0,1],"scale":0.971099973,"type":"oak_dry_c"}
{"ctxid":0,"pos":[-442.623993,499.140991,95.6457977],"rotationMatrix":[-0.629734635,-0.776810348,0,0.776810348,-0.629734635,0,0,0,1],"scale":1.07509995,"type":"oak_dry_c"}
{"ctxid":0,"pos":[-411.475006,422.317993,94.4744034],"rotationMatrix":[-0.986821771,0.161810979,0,-0.161810979,-0.986821771,0,0,0,1],"scale":1.09329998,"type":"oak_dry_c"}
{"ctxid":0,"pos":[-491.682007,475.528015,98.9232025],"rotationMatrix":[0.641464829,0.767152429,0,-0.767152429,0.641464829,0,0,0,1],"scale":1.16219997,"type":"oak_dry_c"}
{"ctxid":0,"pos":[-497.983002,494.609009,95.7101974],"rotationMatrix":[0.613679528,0.789555192,0,-0.789555192,0.613679528,0,0,0,1],"scale":1.01470006,"type":"oak_dry_c"}
{"ctxid":0,"pos":[-375.296997,282.960999,100.945],"rotationMatrix":[-0.984828949,0.173527926,0,-0.173527926,-0.984828949,0,0,0,1],"scale":1.00929999,"type":"oak_dry_c"}
{"ctxid":0,"pos":[-449.325012,360.019012,96.6699982],"rotationMatrix":[0.453151226,-0.891433656,0,0.891433656,0.453151226,0,0,0,1],"scale":1.11290002,"type":"oak_dry_c"}
{"ctxid":0,"pos":[-420.855988,229.981995,100.030998],"rotationMatrix":[0.749367952,0.66215384,0,-0.66215384,0.749367952,0,0,0,1],"scale":1.08870006,"type":"oak_dry_c"}
{"ctxid":0,"pos":[-449.548004,184.727005,100.509003],"rotationMatrix":[0.982101679,0.188351512,0,-0.188351512,0.982101679,0,0,0,1],"scale":1.03260005,"type":"oak_dry_c"}
{"ctxid":0,"pos":[-673.802979,798.890991,74.5719986],"rotationMatrix":[-0.968524814,-0.248917028,0,0.248917028,-0.968524814,0,0,0,1],"scale":0.985300004,"type":"oak_dry_c"}
{"ctxid":0,"pos":[-677.721008,774.572998,75.7584],"rotationMatrix":[-0.205904484,0.978572071,0,-0.978572071,-0.205904484,0,0,0,1],"scale":0.93870002,"type":"oak_dry_c"}
{"ctxid":0,"pos":[-620.88501,789.919983,74.2826004],"rotationMatrix":[0.500199914,0.865909934,0,-0.865909934,0.500199914,0,0,0,1],"scale":1.1825,"type":"oak_dry_c"}
{"ctxid":0,"pos":[-602.875,789.299988,74.7345963],"rotationMatrix":[-0.788639784,0.612548888,0.0532083176,-0.614855528,-0.785691738,-0.0681264028,7.45820143e-05,-0.0864426196,0.996256828],"scale":0.825699985,"type":"oak_dry_c"}
{"ctxid":0,"pos":[-592.530029,784.919983,74.8190994],"rotationMatrix":[-0.984031916,-0.177992105,0,0.177992105,-0.984031916,0,0,0,1],"scale":1.26030004,"type":"oak_dry_c"}
{"ctxid":0,"pos":[-643.870972,804.906982,74.2525024],"rotationMatrix":[0.593919277,0.80452466,0,-0.80452466,0.593919277,0,0,0,1],"scale":1.12290001,"type":"oak_dry_c"}
{"ctxid":0,"pos":[-639.448975,801.315002,74.1582031],"rotationMatrix":[0.914880633,-0.403724432,0,0.403724432,0.914880633,0,0,0,1],"scale":1.12609994,"type":"oak_dry_c"}
{"ctxid":0,"pos":[-611.273987,687.627014,90.410202],"rotationMatrix":[0.845098257,-0.534610987,0,0.534610987,0.845098257,0,0,0,1],"scale":1.26989996,"type":"oak_dry_c"}
{"ctxid":0,"pos":[-587.033997,711.848022,84.7422028],"rotationMatrix":[-0.632263184,-0.77475369,0,0.77475369,-0.632263184,0,0,0,1],"scale":0.967800021,"type":"oak_dry_c"}
{"ctxid":0,"pos":[-599.914856,631.996948,90.7694016],"rotationMatrix":[0.0286435187,-0.999589682,0,0.999589682,0.0286435187,0,0,0,0.999999881],"scale":0.96359998,"type":"oak_dry_c"}
{"ctxid":0,"pos":[-612.487793,644.606628,91.0587006],"rotationMatrix":[0.480819464,0.876819611,0,-0.876819611,0.480819464,0,0,0,1],"scale":1.12559998,"type":"oak_dry_c"}
{"ctxid":0,"pos":[-525.252014,581.796997,89.4779968],"rotationMatrix":[0.999475121,-0.0323957019,0,0.0323957019,0.999475121,0,0,0,1],"scale":1.0424,"type":"oak_dry_c"}
{"ctxid":0,"pos":[-535.491028,608.804993,89.2274017],"rotationMatrix":[0.627615452,0.778523505,0,-0.778523505,0.627615452,0,0,0,1],"scale":0.907299995,"type":"oak_dry_c"}
{"ctxid":0,"pos":[-510.951996,567.403992,91.1314011],"rotationMatrix":[-0.573538065,-0.819178939,0,0.819178939,-0.573538065,0,0,0,1],"scale":1.11530006,"type":"oak_dry_c"}
{"ctxid":0,"pos":[-597.737,559.646973,100.671532],"rotationMatrix":[0.99906683,-0.0431910865,0,0.0431910865,0.99906683,0,0,0,1],"scale":0.926900029,"type":"oak_dry_c"}
{"ctxid":0,"pos":[-503.442993,529.192017,94.177803],"rotationMatrix":[-0.814893484,0.579610765,0,-0.579610765,-0.814893484,0,0,0,1],"scale":1.01769996,"type":"oak_dry_c"}
{"ctxid":0,"pos":[-741.625,671.603027,103.025002],"rotationMatrix":[-0.206836462,-0.978375554,0,0.978375554,-0.206836462,0,0,0,1],"scale":0.908299983,"type":"oak_dry_c"}
{"ctxid":0,"pos":[-717.200012,539.116028,119.894997],"rotationMatrix":[0.996989131,-0.0775414258,0,0.0775414258,0.996989131,0,0,0,1],"scale":0.759299994,"type":"oak_dry_c"}
{"ctxid":0,"pos":[-701.773987,542.189026,119.614998],"rotationMatrix":[0.189471722,-0.980913043,-0.0437045246,0.977448225,0.184201241,0.103270806,-0.0932492465,-0.062285807,0.993692636],"scale":0.645600021,"type":"oak_dry_c"}
{"ctxid":0,"pos":[-681.140991,521.607971,118.028],"rotationMatrix":[0.998786211,-0.0173956826,0.046081394,0.0133707849,0.996183395,0.0862546489,-0.0474059768,-0.0855338126,0.995206833],"scale":0.655600011,"type":"oak_dry_c"}
{"ctxid":0,"pos":[-691.546021,513.30603,118.436996],"rotationMatrix":[-0.209527493,0.975856066,-0.0616702214,-0.977128446,-0.211308002,-0.0238512661,-0.0363068134,0.0552622341,0.997811556],"scale":0.620400012,"type":"oak_dry_c"}
{"ctxid":0,"pos":[-689.684998,530.109009,119.558998],"rotationMatrix":[-0.257380843,-0.966310024,0,0.966310024,-0.257380843,0,0,0,1],"scale":0.427100003,"type":"oak_dry_c"}
{"ctxid":0,"pos":[-775.56488,752.409973,88.9722977],"rotationMatrix":[0.0911784172,0.995834589,0,-0.995834589,0.0911784172,0,0,0,1],"scale":1.10780001,"type":"oak_dry_c"}
{"ctxid":0,"pos":[-783.629028,774.494995,87.5330963],"rotationMatrix":[0.416800022,0.908998191,0,-0.908998191,0.416800022,0,0,0,1],"scale":1.12360001,"type":"oak_dry_c"}
{"ctxid":0,"pos":[-903.916992,774.588989,91.9674988],"rotationMatrix":[0.736171484,0.676795065,0,-0.676795065,0.736171484,0,0,0,1],"scale":0.974099994,"type":"oak_dry_c"}
{"ctxid":0,"pos":[-886.86499,862.65802,74.9421997],"rotationMatrix":[-0.266913533,0.9637205,0,-0.9637205,-0.266913533,0,0,0,1],"scale":1.11549997,"type":"oak_dry_c"}
{"ctxid":0,"pos":[-876.822021,862.304016,74.9060974],"rotationMatrix":[-0.590971231,-0.80669266,0,0.80669266,-0.590971231,0,0,0,1],"scale":1.27939999,"type":"oak_dry_c"}
{"ctxid":0,"pos":[-906.776978,836.973999,80.331398],"rotationMatrix":[0.0518729687,-0.99838841,-0.0230170954,0.996807694,0.050362587,0.0619518384,-0.0606927946,-0.026157245,0.997813702],"scale":0.987800002,"type":"oak_dry_c"}
{"ctxid":0,"pos":[-913.594971,847.487,77.5046005],"rotationMatrix":[-0.986024618,-0.166599676,0,0.166599676,-0.986024618,0,0,0,1],"scale":1.04460001,"type":"oak_dry_c"}
{"ctxid":0,"pos":[-931.125977,837.299988,80.6020966],"rotationMatrix":[-0.458290458,-0.888802469,0,0.888802469,-0.458290458,0,0,0,1],"scale":1.06200004,"type":"oak_dry_c"}
{"ctxid":0,"pos":[-998.208008,762.575989,92.9746017],"rotationMatrix":[0.887567163,-0.460678339,0,0.460678339,0.887567163,0,0,0,1],"scale":0.948300004,"type":"oak_dry_c"}
{"ctxid":0,"pos":[-978.70697,775.538025,92.3292007],"rotationMatrix":[-0.971303701,0.237842634,0,-0.237842634,-0.971303701,0,0,0,1],"scale":1.19719994,"type":"oak_dry_c"}
{"ctxid":0,"pos":[-996.125977,867.085022,74.7792969],"rotationMatrix":[0.818918347,-0.573910058,0,0.573910058,0.818918347,0,0,0,1],"scale":1.05159998,"type":"oak_dry_c"}
{"ctxid":0,"pos":[-962.531006,867.044006,74.8016968],"rotationMatrix":[-0.438207984,0.898873627,0,-0.898873627,-0.438207984,0,0,0,1],"scale":0.922599971,"type":"oak_dry_c"}
{"ctxid":0,"pos":[-950.629028,763.062012,92.3892975],"rotationMatrix":[-0.070477128,0.997513413,0,-0.997513413,-0.070477128,0,0,0,1],"scale":1.04320002,"type":"oak_dry_c"}
{"ctxid":0,"pos":[-949.406982,774.827026,92.1259995],"rotationMatrix":[0.370333552,0.928898871,0,-0.928898871,0.370333552,0,0,0,1],"scale":1.09140003,"type":"oak_dry_c"}
{"ctxid":0,"pos":[-775.580994,627.107971,110.755997],"rotationMatrix":[-0.31641531,0.948620737,0,-0.948620737,-0.31641531,0,0,0,1],"scale":0.890699983,"type":"oak_dry_c"}
{"ctxid":0,"pos":[-775.577026,680.932983,104.130997],"rotationMatrix":[0.221247911,-0.975217581,0,0.975217581,0.221247911,0,0,0,1],"scale":0.914799988,"type":"oak_dry_c"}
{"ctxid":0,"pos":[-762.169983,735.065979,92.5386963],"rotationMatrix":[0.0331158638,-0.999451518,0,0.999451518,0.0331158638,0,0,0,1],"scale":1.22920001,"type":"oak_dry_c"}
{"ctxid":0,"pos":[-836.973022,666.744995,108.932999],"rotationMatrix":[-0.560791254,-0.827957213,0,0.827957213,-0.560791254,0,0,0,1],"scale":0.993700027,"type":"oak_dry_c"}
{"ctxid":0,"pos":[-775.546021,501.664001,130.570999],"rotationMatrix":[0.536893129,0.843650281,0,-0.843650281,0.536893129,0,0,0,1],"scale":0.992200017,"type":"oak_dry_c"}
{"ctxid":0,"pos":[-775.552002,592.663025,118.652],"rotationMatrix":[0.692515135,0.72140336,0,-0.72140336,0.692515135,0,0,0,1],"scale":0.747799993,"type":"oak_dry_c"}
{"ctxid":0,"pos":[-926.794983,626.375977,117.773003],"rotationMatrix":[-0.219609618,0.975587845,0,-0.975587845,-0.219609618,0,0,0,1],"scale":0.832400024,"type":"oak_dry_c"}
{"ctxid":0,"pos":[-884.352783,643.887451,110.93541],"rotationMatrix":[-0.951497674,0.307655931,0,-0.307655931,-0.951497674,0,0,0,1],"scale":1.40100002,"type":"oak_dry_c"}
{"ctxid":0,"pos":[-926.848999,681.146973,109.695999],"rotationMatrix":[-0.960200071,-0.279313117,0,0.279313117,-0.960200071,0,0,0,1],"scale":0.944299996,"type":"oak_dry_c"}
{"ctxid":0,"pos":[-913.53302,688.844971,107.810997],"rotationMatrix":[-0.991209626,-0.132300705,0,0.132300705,-0.991209626,0,0,0,1],"scale":1.08870006,"type":"oak_dry_c"}
{"ctxid":0,"pos":[-913.55603,677.862976,110.757004],"rotationMatrix":[-0.998000383,-0.0632078722,0,0.0632078722,-0.998000383,0,0,0,1],"scale":1.02639997,"type":"oak_dry_c"}
{"ctxid":0,"pos":[-973.513,666.88501,112.228996],"rotationMatrix":[0.805311918,-0.592851341,0,0.592851341,0.805311918,0,0,0,1],"scale":1.18780005,"type":"oak_dry_c"}
{"ctxid":0,"pos":[-930.60498,619.533997,119.207001],"rotationMatrix":[-0.990411639,-0.138147697,0,0.138147697,-0.990411639,0,0,0,1],"scale":0.733699977,"type":"oak_dry_c"}
{"ctxid":0,"pos":[-900.149353,566.375549,130.192993],"rotationMatrix":[0.091987133,0.995760202,0,-0.995760202,0.091987133,0,0,0,1],"scale":1.34510005,"type":"oak_dry_c"}
{"ctxid":0,"pos":[-904.905029,597.093994,124.412003],"rotationMatrix":[-0.358611226,-0.933486998,0,0.933486998,-0.358611226,0,0,0,1],"scale":1.25890005,"type":"oak_dry_c"}
{"ctxid":0,"pos":[-926.877014,511.839417,138.718994],"rotationMatrix":[0.346775532,0.937948167,0,-0.937948167,0.346775532,0,0,0,1],"scale":1.40760005,"type":"oak_dry_c"}
{"ctxid":0,"pos":[-926.840027,582.312012,127.836998],"rotationMatrix":[0.711655855,-0.702528238,0,0.702528238,0.711655855,0,0,0,1],"scale":1.18130004,"type":"oak_dry_c"}
{"ctxid":0,"pos":[-606.315002,428.114014,111.584999],"rotationMatrix":[0.844986916,-0.534786999,0,0.534786999,0.844986916,0,0,0,1],"scale":1.05649996,"type":"oak_dry_c"}
{"ctxid":0,"pos":[-595.124023,391.311005,111.071999],"rotationMatrix":[0.158895493,-0.987295389,0,0.987295389,0.158895493,0,0,0,1],"scale":1.11450005,"type":"oak_dry_c"}
{"ctxid":0,"pos":[-519.851013,313.865997,97.4770966],"rotationMatrix":[-0.357951999,-0.93373996,0,0.93373996,-0.357951999,0,0,0,1],"scale":0.773999989,"type":"oak_dry_c"}
{"ctxid":0,"pos":[-684.692017,459.626007,122.324997],"rotationMatrix":[0.209472656,0.977814496,0,-0.977814496,0.209472656,0,0,0,1],"scale":1.4806,"type":"oak_dry_c"}
{"ctxid":0,"pos":[-703.663025,440.56601,128.811005],"rotationMatrix":[0.618935466,-0.785441816,0,0.785441816,0.618935466,0,0,0,1],"scale":1.34039998,"type":"oak_dry_c"}
{"ctxid":0,"pos":[-625.051025,465.476013,114.789001],"rotationMatrix":[0.272299528,0.962212563,0,-0.962212563,0.272299528,0,0,0,1],"scale":1.04849994,"type":"oak_dry_c"}
{"ctxid":0,"pos":[-629.265015,451.035004,113.860001],"rotationMatrix":[0.391254187,-0.920282662,0,0.920282662,0.391254187,0,0,0,1],"scale":1.03849995,"type":"oak_dry_c"}
{"ctxid":0,"pos":[-746.797974,397.407013,141.279999],"rotationMatrix":[-0.934544563,-0.355846107,0,0.355846107,-0.934544563,0,0,0,1],"scale":1.33369994,"type":"oak_dry_c"}
{"ctxid":0,"pos":[-627.836975,490.951996,114.136002],"rotationMatrix":[0.632604122,0.774475336,0,-0.774475336,0.632604122,0,0,0,1],"scale":1.04200006,"type":"oak_dry_c"}
{"ctxid":0,"pos":[-634.877014,484.278015,116.276001],"rotationMatrix":[-0.446020246,0.895022869,0,-0.895022869,-0.446020246,0,0,0,1],"scale":1.29130006,"type":"oak_dry_c"}
{"ctxid":0,"pos":[-692.169006,275.364014,130.317993],"rotationMatrix":[-0.799683928,0.60042119,0,-0.60042119,-0.799683928,0,0,0,1],"scale":0.856700003,"type":"oak_dry_c"}
{"ctxid":0,"pos":[-700.942993,311.350006,130.171997],"rotationMatrix":[0.036450386,-0.999335468,0,0.999335468,0.036450386,0,0,0,1],"scale":1.14100003,"type":"oak_dry_c"}
{"ctxid":0,"pos":[-694.448975,323.572998,131.759003],"rotationMatrix":[-0.975276828,0.220986679,0,-0.220986679,-0.975276828,0,0,0,1],"scale":1.04030001,"type":"oak_dry_c"}
{"ctxid":0,"pos":[-712.411987,273.950012,130.630005],"rotationMatrix":[-0.789453745,-0.613810062,0,0.613810062,-0.789453745,0,0,0,1],"scale":1.42859995,"type":"oak_dry_c"}
{"ctxid":0,"pos":[-669.130005,317.235992,127.656998],"rotationMatrix":[0.944688559,-0.327968776,0,0.327968776,0.944688559,0,0,0,1],"scale":1.05400002,"type":"oak_dry_c"}
{"ctxid":0,"pos":[-528.231018,148.279007,98.6973038],"rotationMatrix":[-0.783027172,-0.621987522,0,0.621987522,-0.783027172,0,0,0,1],"scale":1.10730004,"type":"oak_dry_c"}
{"ctxid":0,"pos":[-619.927979,230.25,113.276001],"rotationMatrix":[0.126422405,-0.9919765,0,0.9919765,0.126422405,0,0,0,1],"scale":0.964299977,"type":"oak_dry_c"}
{"ctxid":0,"pos":[-547.309021,215.983994,105.947998],"rotationMatrix":[-0.824432015,0.565961003,0,-0.565961003,-0.824432015,0,0,0,1],"scale":0.949100018,"type":"oak_dry_c"}
{"ctxid":0,"pos":[-548.179993,185.156006,102.035004],"rotationMatrix":[0.104342699,0.994541407,0,-0.994541407,0.104342699,0,0,0,1],"scale":1.24689996,"type":"oak_dry_c"}
{"ctxid":0,"pos":[-552.72699,190.141006,102.102997],"rotationMatrix":[-0.295084238,0.955471218,0,-0.955471218,-0.295084238,0,0,0,1],"scale":1.22029996,"type":"oak_dry_c"}
{"ctxid":0,"pos":[-747.844299,219.732269,136.276993],"rotationMatrix":[0.958528042,0.284998238,0,-0.284998238,0.958528042,0,0,0,1],"scale":1.02600002,"type":"oak_dry_c"}
{"ctxid":0,"pos":[-868.507751,445.92099,148.468994],"rotationMatrix":[0.988689899,-0.149974272,0,0.149974272,0.988689899,0,0,0,1],"scale":1.23049998,"type":"oak_dry_c"}
{"ctxid":0,"pos":[-762.231995,401.692993,142.216003],"rotationMatrix":[-0.513103962,-0.858326495,0,0.858326495,-0.513103962,0,0,0,1],"scale":1.00610006,"type":"oak_dry_c"}
{"ctxid":0,"pos":[-775.536011,405.355988,140.953003],"rotationMatrix":[0.706622005,0.707591236,0,-0.707591236,0.706622005,0,0,0,1],"scale":1.39830005,"type":"oak_dry_c"}
{"ctxid":0,"pos":[-813.228027,435.584991,143.145996],"rotationMatrix":[0.817350388,-0.576140881,0,0.576140881,0.817350388,0,0,0,1],"scale":0.960300028,"type":"oak_dry_c"}
{"ctxid":0,"pos":[-768.531006,351.221985,142.990005],"rotationMatrix":[-1,0,0,0,-1,0,0,0,1],"scale":1.04760003,"type":"oak_dry_c"}
{"ctxid":0,"pos":[-842.054993,261.037994,157.621994],"rotationMatrix":[-0.576022625,-0.817433774,0,0.817433774,-0.576022625,0,0,0,1],"scale":1.20969999,"type":"oak_dry_c"}
{"ctxid":0,"pos":[-926.922241,499.508148,142.410065],"rotationMatrix":[-0.675914407,0.73698014,0,-0.73698014,-0.675914407,0,0,0,1],"scale":1.18889999,"type":"oak_dry_c"}
{"ctxid":0,"pos":[-926.796997,468.078003,148.574005],"rotationMatrix":[-0.667503238,-0.744606912,0,0.744606912,-0.667503238,0,0,0,1],"scale":1.49339998,"type":"oak_dry_c"}
{"ctxid":0,"pos":[-926.767944,345.687531,156.606995],"rotationMatrix":[-0.632263184,-0.77475369,0,0.77475369,-0.632263184,0,0,0,1],"scale":1.45159996,"type":"oak_dry_c"}
{"ctxid":0,"pos":[-926.856689,363.746002,154.852997],"rotationMatrix":[-0.319337726,0.947640955,0,-0.947640955,-0.319337726,0,0,0,1],"scale":1.49580002,"type":"oak_dry_c"}
{"ctxid":0,"pos":[-797.825989,216.776993,141.104004],"rotationMatrix":[-0.343160629,0.939276755,0,-0.939276755,-0.343160629,0,0,0,1],"scale":1.12880003,"type":"oak_dry_c"}
{"ctxid":0,"pos":[-874.588989,245.223999,158.319],"rotationMatrix":[0.390150309,0.920751154,0,-0.920751154,0.390150309,0,0,0,1],"scale":1.22520006,"type":"oak_dry_c"}
{"ctxid":0,"pos":[-759.833008,226.572006,136.139999],"rotationMatrix":[-0.514844179,-0.857283771,0,0.857283771,-0.514844179,0,0,0,1],"scale":1.17120004,"type":"oak_dry_c"}
{"ctxid":0,"pos":[-770.784973,196.895996,138.557999],"rotationMatrix":[0.416368008,0.909196198,0,-0.909196198,0.416368008,0,0,0,1],"scale":1.18219995,"type":"oak_dry_c"}
{"ctxid":0,"pos":[-790.453003,8.38459969,116.732002],"rotationMatrix":[-0.994403958,0.105644532,0,-0.105644532,-0.994403958,0,0,0,1],"scale":0.980199993,"type":"oak_dry_c"}
{"ctxid":0,"pos":[-841.781982,71.2116013,134.268005],"rotationMatrix":[-0.603482246,0.797376454,0,-0.797376454,-0.603482246,0,0,0,1],"scale":1.48160005,"type":"oak_dry_c"}
{"ctxid":0,"pos":[-837.198975,76.5618973,134.104004],"rotationMatrix":[0.59048748,-0.807046771,0,0.807046771,0.59048748,0,0,0,1],"scale":1.30420005,"type":"oak_dry_c"}
{"ctxid":0,"pos":[-900.021973,244.207001,158.255997],"rotationMatrix":[-0.475074887,0.879945397,0,-0.879945397,-0.475074887,0,0,0,1],"scale":1.21319997,"type":"oak_dry_c"}
{"ctxid":0,"pos":[-1138.46997,1034.57996,83.8398972],"rotationMatrix":[-0.915315986,-0.402736455,0,0.402736455,-0.915315986,0,0,0,1],"scale":1.07089996,"type":"oak_dry_c"}
{"ctxid":0,"pos":[-1072.56995,121.702003,195.550003],"rotationMatrix":[0.852031946,0.523489773,0,-0.523489773,0.852031946,0,0,0,1],"scale":1.1135,"type":"oak_dry_c"}
{"ctxid":0,"pos":[-1076.29004,848.132019,75.415802],"rotationMatrix":[-0.837444663,0.546522141,0,-0.546522141,-0.837444663,0,0,0,1],"scale":1.09549999,"type":"oak_dry_c"}
{"ctxid":0,"pos":[-1114,927.122986,78.7666016],"rotationMatrix":[-0.611012459,-0.79162097,0,0.79162097,-0.611012459,0,0,0,1],"scale":0.931699991,"type":"oak_dry_c"}
{"ctxid":0,"pos":[-1128.63,910.008972,86.2881012],"rotationMatrix":[-0.945180774,0.326547563,0,-0.326547563,-0.945180774,0,0,0,1],"scale":1.18410003,"type":"oak_dry_c"}
{"ctxid":0,"pos":[-1135.22998,909.187988,88.7881012],"rotationMatrix":[0.156819105,0.987627327,0,-0.987627327,0.156819105,0,0,0,1],"scale":1.1868,"type":"oak_dry_c"}
{"ctxid":0,"pos":[-1138.41003,901.392029,90.9990005],"rotationMatrix":[-0.922368407,-0.386311442,0,0.386311442,-0.922368407,0,0,0,1],"scale":1.04200006,"type":"oak_dry_c"}
{"ctxid":0,"pos":[-1141.19995,907.213013,90.5991974],"rotationMatrix":[-0.355316401,-0.934746087,0,0.934746087,-0.355316401,0,0,0,1],"scale":1.16729999,"type":"oak_dry_c"}
{"ctxid":0,"pos":[-1130.17004,969.908997,84.8139038],"rotationMatrix":[-0.789453745,0.613810062,0,-0.613810062,-0.789453745,0,0,0,1],"scale":1.04610002,"type":"oak_dry_c"}
{"ctxid":0,"pos":[-1120.03003,872.041016,92.2018967],"rotationMatrix":[-0.831315279,-0.555801153,0,0.555801153,-0.831315279,0,0,0,1],"scale":1.25010002,"type":"oak_dry_c"}
{"ctxid":0,"pos":[-1112.87,870.406982,90.5924988],"rotationMatrix":[-0.613526344,-0.789674282,0,0.789674282,-0.613526344,0,0,0,1],"scale":0.962800026,"type":"oak_dry_c"}
{"ctxid":0,"pos":[-1083.08997,868.791992,74.7198029],"rotationMatrix":[0.235904813,-0.971776187,0,0.971776187,0.235904813,0,0,0,1],"scale":0.95569998,"type":"oak_dry_c"}
{"ctxid":0,"pos":[-1064.66003,762.679016,92.9003983],"rotationMatrix":[0.912721634,0.408581972,0,-0.408581972,0.912721634,0,0,0,1],"scale":1.2385,"type":"oak_dry_c"}
{"ctxid":0,"pos":[-1103.41003,904.687012,76.876297],"rotationMatrix":[-0.992407203,0.122995704,0,-0.122995704,-0.992407203,0,0,0,1],"scale":1.10739994,"type":"oak_dry_c"}
{"ctxid":0,"pos":[-1022.21997,667.562988,112.171997],"rotationMatrix":[0.869643807,0.493679702,0,-0.493679702,0.869643807,0,0,0,1],"scale":0.925199986,"type":"oak_dry_c"}
{"ctxid":0,"pos":[-1063.31006,214.352997,185.358994],"rotationMatrix":[-0.795891523,0.605439246,0,-0.605439246,-0.795891523,0,0,0,1],"scale":1.07720006,"type":"oak_dry_c"}
{"ctxid":0,"pos":[-1067.98999,214.011993,187.330994],"rotationMatrix":[-0.228057861,-0.973647594,0,0.973647594,-0.228057861,0,0,0,1],"scale":1.10189998,"type":"oak_dry_c"}
{"ctxid":0,"pos":[-1072.12,175.779007,191.001007],"rotationMatrix":[0.913222194,-0.407461941,0,0.407461941,0.913222194,0,0,0,1],"scale":1.21019995,"type":"oak_dry_c"}
{"ctxid":0,"pos":[-1110.88,158.772003,204.835007],"rotationMatrix":[0.692828774,-0.721102118,0,0.721102118,0.692828774,0,0,0,1],"scale":0.930599988,"type":"oak_dry_c"}
{"ctxid":0,"pos":[-1102.40002,158.403,201.537003],"rotationMatrix":[-0.996002078,0.0893300623,0,-0.0893300623,-0.996002078,0,0,0,1],"scale":0.970899999,"type":"oak_dry_c"}
{"ctxid":0,"pos":[-1014.78003,142.220993,173.769791],"rotationMatrix":[0.770022392,0.63801688,0,-0.63801688,0.770022392,0,0,0,1],"scale":1.00510001,"type":"oak_dry_c"}
{"ctxid":0,"pos":[1062.19995,-701.828979,172.332993],"rotationMatrix":[0.973870993,0.227101937,0,-0.227101937,0.973870993,0,0,0,1],"scale":0.921000004,"type":"oak_dry_c"}
{"ctxid":0,"pos":[1047.12,-722.232971,164.035004],"rotationMatrix":[-0.945575356,0.325403214,0,-0.325403214,-0.945575356,0,0,0,1],"scale":1.22010005,"type":"oak_dry_c"}
{"ctxid":0,"pos":[941.052002,-68.4113998,151.237],"rotationMatrix":[-0.845504761,0.533967912,0,-0.533967912,-0.845504761,0,0,0,1],"scale":0.909200013,"type":"oak_dry_c"}
{"ctxid":0,"pos":[295.415009,-371.006989,146.046997],"rotationMatrix":[-0.827871919,0.560917199,0,-0.560917199,-0.827871919,0,0,0,1],"scale":1.05680001,"type":"oak_dry_c"}
{"ctxid":0,"pos":[260.800995,-365.808014,145.498993],"rotationMatrix":[-0.977662802,-0.210179552,0,0.210179552,-0.977662802,0,0,0,1],"scale":1.15820003,"type":"oak_dry_c"}
{"ctxid":0,"pos":[281.221008,-326.872986,145.470993],"rotationMatrix":[-1,0,0,0,-1,0,0,0,1],"scale":1.06659997,"type":"oak_dry_c"}
{"ctxid":0,"pos":[297.221008,-350.179993,146.143997],"rotationMatrix":[-0.28448391,0.958680809,0,-0.958680809,-0.28448391,0,0,0,1],"scale":1.16600001,"type":"oak_dry_c"}
{"ctxid":0,"pos":[286.630005,-349.44101,145.848999],"rotationMatrix":[0.55026865,0.8349877,0,-0.8349877,0.55026865,0,0,0,1],"scale":0.953299999,"type":"oak_dry_c"}
{"ctxid":0,"pos":[251.113007,-345.130005,145.488007],"rotationMatrix":[-0.292832017,-0.956163883,0,0.956163883,-0.292832017,0,0,0,1],"scale":1.12109995,"type":"oak_dry_c"}
{"ctxid":0,"pos":[257.729004,-385.673004,145.427002],"rotationMatrix":[0.582302094,-0.812972486,0,0.812972486,0.582302094,0,0,0,1],"scale":1.00100005,"type":"oak_dry_c"}
{"ctxid":0,"pos":[295.152008,-390.269989,146.078003],"rotationMatrix":[0.955538392,-0.294866711,0,0.294866711,0.955538392,0,0,0,1],"scale":0.932500005,"type":"oak_dry_c"}
{"ctxid":0,"pos":[263.131012,-407.384003,145.513],"rotationMatrix":[-0.954264522,0.298963577,0,-0.298963577,-0.954264522,0,0,0,1],"scale":1.11189997,"type":"oak_dry_c"}
{"ctxid":0,"pos":[188.462997,-114.198997,136.414993],"rotationMatrix":[-0.692800045,0.721129715,0,-0.721129715,-0.692800045,0,0,0,1],"scale":1.20510006,"type":"oak_dry_c"}
{"ctxid":0,"pos":[240.903,-321.505005,144.300995],"rotationMatrix":[-1,0,0,0,-1,0,0,0,1],"scale":1.01020002,"type":"oak_dry_c"}
{"ctxid":0,"pos":[236.438995,-342.303009,144.511002],"rotationMatrix":[0.105680704,0.994400144,0,-0.994400144,0.105680704,0,0,0,1],"scale":1.08570004,"type":"oak_dry_c"}
{"ctxid":0,"pos":[242.056,-343.760986,145.166],"rotationMatrix":[0.726495981,0.687170684,0,-0.687170684,0.726495981,0,0,0,1],"scale":1.23469996,"type":"oak_dry_c"}
{"ctxid":0,"pos":[229.550003,-361.934998,144.628998],"rotationMatrix":[-0.903590679,-0.428396881,0,0.428396881,-0.903590679,0,0,0,1],"scale":0.922500014,"type":"oak_dry_c"}
{"ctxid":0,"pos":[197.897995,-339.264008,143.966003],"rotationMatrix":[-0.932577968,-0.36096862,0,0.36096862,-0.932577968,0,0,0,1],"scale":0.903400004,"type":"oak_dry_c"}
{"ctxid":0,"pos":[249.341995,-405.033997,145.222],"rotationMatrix":[0.994339466,0.106249832,0,-0.106249832,0.994339466,0,0,0,1],"scale":1.27509999,"type":"oak_dry_c"}
{"ctxid":0,"pos":[192.479004,-385.686005,143.906006],"rotationMatrix":[-0.999599934,-0.0282837879,0,0.0282837879,-0.999599934,0,0,0,1],"scale":1.00639999,"type":"oak_dry_c"}
{"ctxid":0,"pos":[258.839996,-1055.41003,159.891006],"rotationMatrix":[0.116879463,-0.993146122,0,0.993146122,0.116879463,0,0,0,1],"scale":1.17680001,"type":"oak_dry_c"}
{"ctxid":0,"pos":[252.431,-1069.18994,161.940994],"rotationMatrix":[0.23169601,-0.972788215,0,0.972788215,0.23169601,0,0,0,1],"scale":1.03649998,"type":"oak_dry_c"}
{"ctxid":0,"pos":[256.919006,-1031.90002,149.095993],"rotationMatrix":[0.972246408,0.233959228,0,-0.233959228,0.972246408,0,0,0,1],"scale":1.29400003,"type":"oak_dry_c"}
{"ctxid":0,"pos":[283.125,-1034.39001,151.679001],"rotationMatrix":[0.385503054,0.922706544,0,-0.922706544,0.385503054,0,0,0,1],"scale":0.987500012,"type":"oak_dry_c"}
{"ctxid":0,"pos":[285.40799,-1029.73999,152.669998],"rotationMatrix":[-0.99520278,-0.0978336707,0,0.0978336707,-0.99520278,0,0,0,1],"scale":1.25310004,"type":"oak_dry_c"}
{"ctxid":0,"pos":[329.514008,-1042.91003,155.701004],"rotationMatrix":[-0.884128809,-0.467243254,0,0.467243254,-0.884128809,0,0,0,1],"scale":0.996399999,"type":"oak_dry_c"}
{"ctxid":0,"pos":[394.134003,-1132.39001,192.621994],"rotationMatrix":[0.638409972,0.769696474,0,-0.769696474,0.638409972,0,0,0,1],"scale":1.08490002,"type":"oak_dry_c"}
{"ctxid":0,"pos":[389.825989,-1036.13,161.554001],"rotationMatrix":[-0.676280499,0.736644208,0,-0.736644208,-0.676280499,0,0,0,1],"scale":1.17659998,"type":"oak_dry_c"}
{"ctxid":0,"pos":[384.946014,-1056.56006,167.942001],"rotationMatrix":[0.951328039,-0.308180094,0,0.308180094,0.951328039,0,0,0,1],"scale":1.1415,"type":"oak_dry_c"}
{"ctxid":0,"pos":[486.82901,-1118.12,200.171005],"rotationMatrix":[0.355433345,-0.934701622,0,0.934701622,0.355433345,0,0,0,1],"scale":1.15550005,"type":"oak_dry_c"}
{"ctxid":0,"pos":[488.311005,-1110.91003,198.365997],"rotationMatrix":[-0.76832819,0.640056074,0,-0.640056074,-0.76832819,0,0,0,1],"scale":1.11870003,"type":"oak_dry_c"}
{"ctxid":0,"pos":[485.049988,-1104.16003,195.606995],"rotationMatrix":[0.30285573,-0.953036427,0,0.953036427,0.30285573,0,0,0,1],"scale":1.11240005,"type":"oak_dry_c"}
{"ctxid":0,"pos":[479.705994,-1080.66003,188.065002],"rotationMatrix":[-0.549152017,0.835722506,0,-0.835722506,-0.549152017,0,0,0,1],"scale":1.14479995,"type":"oak_dry_c"}
{"ctxid":0,"pos":[478.601013,-1074.26001,186.294006],"rotationMatrix":[-0.230566621,0.973056555,0,-0.973056555,-0.230566621,0,0,0,1],"scale":1.28620005,"type":"oak_dry_c"}
{"ctxid":0,"pos":[247.867996,-1031.17004,147.716995],"rotationMatrix":[-0.0816264153,0.996662974,0,-0.996662974,-0.0816264153,0,0,0,1],"scale":0.967700005,"type":"oak_dry_c"}
{"ctxid":0,"pos":[162.309006,-1079.91003,151.923004],"rotationMatrix":[0.912303209,0.409515381,0,-0.409515381,0.912303209,0,0,0,1],"scale":0.977100015,"type":"oak_dry_c"}
{"ctxid":0,"pos":[17.5900002,-1019.46997,135.460007],"rotationMatrix":[-0.43380177,0.901008308,0,-0.901008308,-0.43380177,0,0,0,1],"scale":1.29359996,"type":"oak_dry_c"}
{"ctxid":0,"pos":[26.8857002,-1020.73999,139.309006],"rotationMatrix":[-0.905932784,-0.423421532,0,0.423421532,-0.905932784,0,0,0,1],"scale":0.979700029,"type":"oak_dry_c"}
{"ctxid":0,"pos":[774.955994,546.211975,145.251007],"rotationMatrix":[-0.152465701,0.988308787,0,-0.988308787,-0.152465701,0,0,0,1],"scale":1.00689995,"type":"oak_dry_c"}
{"ctxid":0,"pos":[684.127014,509.440002,137.585999],"rotationMatrix":[-0.711620092,0.702564478,0,-0.702564478,-0.711620092,0,0,0,1],"scale":1.22449994,"type":"oak_dry_c"}
{"ctxid":0,"pos":[683.224976,518.13501,135.494003],"rotationMatrix":[-0.523210526,0.852203488,0,-0.852203488,-0.523210526,0,0,0,1],"scale":1.03939998,"type":"oak_dry_c"}
{"ctxid":0,"pos":[737.762024,596.280029,133.524002],"rotationMatrix":[0.904952049,0.425513566,0,-0.425513566,0.904952049,0,0,0,1],"scale":1.09969997,"type":"oak_dry_c"}
{"ctxid":0,"pos":[554.783997,604.197021,131.270996],"rotationMatrix":[-0.984031916,0.177992105,0,-0.177992105,-0.984031916,0,0,0,1],"scale":0.934899986,"type":"oak_dry_c"}
{"ctxid":0,"pos":[562.559021,605.364014,131.145004],"rotationMatrix":[0.491363049,-0.870954871,0,0.870954871,0.491363049,0,0,0,1],"scale":1.13370001,"type":"oak_dry_c"}
{"ctxid":0,"pos":[950.578979,144.830002,157.623001],"rotationMatrix":[-0.103800893,-0.994598091,0,0.994598091,-0.103800893,0,0,0,1],"scale":1.06959999,"type":"oak_dry_c"}
{"ctxid":0,"pos":[934.934998,109.725998,159.528],"rotationMatrix":[0.266497254,-0.963835657,0,0.963835657,0.266497254,0,0,0,1],"scale":1.00460005,"type":"oak_dry_c"}
{"ctxid":0,"pos":[643.627014,494.518005,133.501999],"rotationMatrix":[0.977187514,0.212378353,0,-0.212378353,0.977187514,0,0,0,1],"scale":0.985700011,"type":"oak_dry_c"}
{"ctxid":0,"pos":[-619.638489,575.828979,102.457413],"rotationMatrix":[0.946993709,0.321252108,0,-0.321252108,0.946993709,0,0,0,1],"scale":1.14539087,"type":"oak_dry_c"}
{"ctxid":0,"pos":[-565.018005,69.8982239,100.467087],"rotationMatrix":[0.998307228,-0.0581607968,0,0.0581607968,0.998307228,0,0,0,1],"scale":0.991766572,"type":"oak_dry_c"}
{"ctxid":0,"pos":[398.906708,212.089905,129.018478],"rotationMatrix":[0.918356538,0.395754039,0,-0.395754039,0.918356538,0,0,0,1],"scale":1.03020954,"type":"oak_dry_c"}
{"ctxid":0,"pos":[520.368652,169.815277,143.452576],"rotationMatrix":[-0.771940827,0.635694385,0,-0.635694385,-0.771940827,0,0,0,1],"scale":1.21377742,"type":"oak_dry_c"}
{"ctxid":0,"pos":[-662.694946,667.10553,93.1650467],"rotationMatrix":[-0.989508152,0.144477159,0,-0.144477159,-0.989508152,0,0,0,1],"scale":1.03688014,"type":"oak_dry_c"}
{"ctxid":0,"pos":[-704.072815,667.09668,98.830101],"rotationMatrix":[0.124041691,0.992277026,0,-0.992277026,0.124041691,0,0,0,1],"scale":1.19081831,"type":"oak_dry_c"}
{"ctxid":0,"pos":[-152.845398,513.551208,74.8657761],"rotationMatrix":[-0.14314948,-0.989701092,0,0.989701092,-0.14314948,0,0,0,1],"scale":1.07629764,"type":"oak_dry_c"}
{"ctxid":0,"pos":[1047.57739,733.356506,148.805283],"rotationMatrix":[-0.75410074,0.656758785,0,-0.656758785,-0.75410074,0,0,0,1],"scale":1.26046264,"type":"oak_dry_c"}
{"ctxid":0,"pos":[1052.87878,734.893921,153.112656],"rotationMatrix":[-0.989880443,0.141903996,0,-0.141903996,-0.989880443,0,0,0,1],"scale":1.11847651,"type":"oak_dry_c"}
{"ctxid":0,"pos":[84.3020859,276.94754,136.822495],"rotationMatrix":[0.939901948,0.341444522,0,-0.341444522,0.939901948,0,0,0,1],"scale":1.01116312,"type":"oak_dry_c"}
{"ctxid":0,"pos":[59.0945015,266.00827,134.508911],"rotationMatrix":[-0.940799713,-0.338962942,0,0.338962942,-0.940799713,0,0,0,1],"scale":1.13151264,"type":"oak_dry_c"}
{"ctxid":0,"pos":[93.9776077,281.814362,137.415695],"rotationMatrix":[-0.991653621,0.128930524,0,-0.128930524,-0.991653621,0,0,0,1],"scale":1.16425884,"type":"oak_dry_c"}
{"ctxid":0,"pos":[103.02916,291.607025,137.955231],"rotationMatrix":[-0.373598248,-0.927590609,0,0.927590609,-0.373598248,0,0,0,1],"scale":1.07267809,"type":"oak_dry_c"}
{"ctxid":0,"pos":[-285.774597,513.399597,77.2005692],"rotationMatrix":[-0.4182809,-0.908317745,0,0.908317745,-0.4182809,0,0,0,1],"scale":1.11362743,"type":"oak_dry_c"}
{"ctxid":0,"pos":[-257.137146,-44.8360786,121.744179],"rotationMatrix":[-0.998421431,0.0561664887,0,-0.0561664887,-0.998421431,0,0,0,1],"scale":0.928854644,"type":"oak_dry_c"}
{"ctxid":0,"pos":[-205.967865,-64.1158752,121.539558],"rotationMatrix":[0.951503336,0.307638437,0,-0.307638437,0.951503336,0,0,0,1],"scale":1.19528174,"type":"oak_dry_c"}
{"ctxid":0,"pos":[-175.218994,-16.1678295,122.012787],"rotationMatrix":[0.999997914,-0.00204179646,0,0.00204179646,0.999997914,0,0,0,1],"scale":0.78547436,"type":"oak_dry_c"}
{"ctxid":0,"pos":[-55.7210503,79.942482,123.21859],"rotationMatrix":[-0.52758646,-0.849087,-0.0265284628,0.846025169,-0.522349119,-0.10673745,0.0767722726,-0.0787569806,0.99393332],"scale":1.07093859,"type":"oak_dry_c"}
