{"ctxid":0,"pos":[-6.8045001,-267.753998,129.564438],"rotationMatrix":[0.139852762,-0.990172327,0,0.990172327,0.139852762,0,0,0,1],"scale":1.06309998,"type":"oak_dry_a"}
{"ctxid":0,"pos":[-13.0309,-268.273987,129.959198],"rotationMatrix":[0.820599556,-0.57150358,0,0.57150358,0.820599556,0,0,0,1],"scale":0.922900021,"type":"oak_dry_a"}
{"ctxid":0,"pos":[-19.8687,-268.059998,129.772842],"rotationMatrix":[0.822153568,0.569265783,0,-0.569265783,0.822153568,0,0,0,1],"scale":1.04460001,"type":"oak_dry_a"}
{"ctxid":0,"pos":[-56.9380989,-484.154999,125.690002],"rotationMatrix":[0.19710207,0.980382979,0,-0.980382979,0.19710207,0,0,0,1],"scale":1.1523,"type":"oak_dry_a"}
{"ctxid":0,"pos":[-118.01281,-495.550995,125.717079],"rotationMatrix":[0.613327742,0.789828539,0,-0.789828539,0.613327742,0,0,0,1],"scale":0.959599972,"type":"oak_dry_a"}
{"ctxid":0,"pos":[-123.372002,-489.352997,125.761986],"rotationMatrix":[-0.999200225,-0.0399863794,0,0.0399863794,-0.999200225,0,0,0,1],"scale":1.03100002,"type":"oak_dry_a"}
{"ctxid":0,"pos":[-127.874001,-481.625,125.104401],"rotationMatrix":[0.976973414,0.21336107,0,-0.21336107,0.976973414,0,0,0,1],"scale":1.19659996,"type":"oak_dry_a"}
{"ctxid":0,"pos":[-247.977997,-499.087006,123.503998],"rotationMatrix":[-0.970509648,-0.241062284,0,0.241062284,-0.970509648,0,0,0,1],"scale":1.0632,"type":"oak_dry_a"}
{"ctxid":0,"pos":[-359.663086,-81.5701599,108.906311],"rotationMatrix":[0.998476505,0.0551785156,0,-0.0551785156,0.998476505,0,0,0,1],"scale":1.14769995,"type":"oak_dry_a"}
{"ctxid":0,"pos":[-362.672028,-89.745697,108.103157],"rotationMatrix":[-0.888013124,0.459818095,0,-0.459818095,-0.888013124,0,0,0,1],"scale":1.02409995,"type":"oak_dry_a"}
{"ctxid":0,"pos":[-366.104309,-99.7222977,108.090797],"rotationMatrix":[-0.294118762,0.955768883,0,-0.955768883,-0.294118762,0,0,0,1],"scale":1.18439996,"type":"oak_dry_a"}
{"ctxid":0,"pos":[-371.077972,-114.797272,107.153473],"rotationMatrix":[-0.55443716,0.832225621,0,-0.832225621,-0.55443716,0,0,0,1],"scale":1.07120001,"type":"oak_dry_a"}
{"ctxid":0,"pos":[-376.888947,-137.394897,105.85154],"rotationMatrix":[-0.0419863313,0.999118149,0,-0.999118149,-0.0419863313,0,0,0,0.999999881],"scale":0.977699995,"type":"oak_dry_a"}
{"ctxid":0,"pos":[-379.389709,-152.731339,105.424324],"rotationMatrix":[-0.328449965,0.944521368,0,-0.944521368,-0.328449965,0,0,0,1],"scale":1.01189995,"type":"oak_dry_a"}
{"ctxid":0,"pos":[-424.872986,-247.990997,100.91526],"rotationMatrix":[0.360193253,-0.932877719,0,0.932877719,0.360193253,0,0,0,1],"scale":1.0402,"type":"oak_dry_a"}
{"ctxid":0,"pos":[-447.412994,-135.503006,102.050621],"rotationMatrix":[-0.995940983,0.0900065526,0,-0.0900065526,-0.995940983,0,0,0,0.999999762],"scale":1.046,"type":"oak_dry_a"}
{"ctxid":0,"pos":[-293.046448,-374.119995,123.175003],"rotationMatrix":[-0.928255081,0.371944219,0,-0.371944219,-0.928255081,0,0,0,1],"scale":1.08089995,"type":"oak_dry_a"}
{"ctxid":0,"pos":[-300.980835,-362.656006,123.083],"rotationMatrix":[-0.235947639,0.971765637,0,-0.971765637,-0.235947639,0,0,0,0.999999881],"scale":1.25139999,"type":"oak_dry_a"}
{"ctxid":0,"pos":[-308.062744,-351.627014,122.404999],"rotationMatrix":[0.724259377,0.689527392,0,-0.689527392,0.724259377,0,0,0,0.999999881],"scale":1.17540002,"type":"oak_dry_a"}
{"ctxid":0,"pos":[-314.110046,-337.417999,122.433998],"rotationMatrix":[0.999278069,0.0379913375,0,-0.0379913375,0.999278069,0,0,0,1],"scale":1.07889998,"type":"oak_dry_a"}
{"ctxid":0,"pos":[-336.528015,-251.910004,117.118317],"rotationMatrix":[0.683828473,0.729642808,0,-0.729642808,0.683828473,0,0,0,1],"scale":0.995899975,"type":"oak_dry_a"}
{"ctxid":0,"pos":[-335.789001,-264.583008,117.83168],"rotationMatrix":[0.992509127,0.122170508,0,-0.122170508,0.992509127,0,0,0,1],"scale":1.13129997,"type":"oak_dry_a"}
{"ctxid":0,"pos":[-331.735992,-296.815002,119.999001],"rotationMatrix":[0.912721634,0.408581972,0,-0.408581972,0.912721634,0,0,0,1],"scale":0.925599992,"type":"oak_dry_a"}
{"ctxid":0,"pos":[-318.536072,-325.886993,121.907997],"rotationMatrix":[-0.302497983,-0.953150034,0,0.953150034,-0.302497983,0,0,0,1],"scale":1.23150003,"type":"oak_dry_a"}
{"ctxid":0,"pos":[-319.236359,-316.614014,122.196999],"rotationMatrix":[0.910535574,-0.413430721,0,0.413430721,0.910535574,0,0,0,1],"scale":0.913200021,"type":"oak_dry_a"}
{"ctxid":0,"pos":[-257.70105,-405.998474,123.672997],"rotationMatrix":[-0.106774449,-0.994283259,0,0.994283259,-0.106774449,0,0,0,1],"scale":1.16199994,"type":"oak_dry_a"}
{"ctxid":0,"pos":[-292.285797,-388.161987,123.730003],"rotationMatrix":[0.88496387,-0.465659678,0,0.465659678,0.88496387,0,0,0,0.999999881],"scale":1.16569996,"type":"oak_dry_a"}
{"ctxid":0,"pos":[-287.120453,-381.78299,123.750999],"rotationMatrix":[-0.0281779766,0.999602914,0,-0.999602914,-0.0281779766,0,0,0,1],"scale":1.11600006,"type":"oak_dry_a"}
{"ctxid":0,"pos":[-274.984985,-476.903015,117.751999],"rotationMatrix":[-0.865152836,0.501508296,0,-0.501508296,-0.865152836,0,0,0,1],"scale":1.14020002,"type":"oak_dry_a"}
{"ctxid":0,"pos":[-264.761993,-496.848999,118.685997],"rotationMatrix":[0.940072775,0.340973854,0,-0.340973854,0.940072775,0,0,0,1],"scale":0.957400024,"type":"oak_dry_a"}
{"ctxid":0,"pos":[-379.102997,-364.920013,100.415001],"rotationMatrix":[-0.535803318,-0.844342828,0,0.844342828,-0.535803318,0,0,0,1],"scale":1.02740002,"type":"oak_dry_a"}
{"ctxid":0,"pos":[-395.970001,-337.484985,99.0089111],"rotationMatrix":[0.988749981,0.149577662,0,-0.149577662,0.988749981,0,0,0,1],"scale":0.975099981,"type":"oak_dry_a"}
{"ctxid":0,"pos":[-47.8680992,-513.796997,127.650177],"rotationMatrix":[0.621201873,0.783650577,0,-0.783650577,0.621201873,0,0,0,1],"scale":1.19669998,"type":"oak_dry_a"}
{"ctxid":0,"pos":[-42.6383018,-527.228027,129.831848],"rotationMatrix":[0.524023235,-0.851703882,0,0.851703882,0.524023235,0,0,0,0.999999881],"scale":0.957700014,"type":"oak_dry_a"}
{"ctxid":0,"pos":[-37.3162994,-541.190979,130.216827],"rotationMatrix":[0.803310156,-0.595560908,0,0.595560908,0.803310156,0,0,0,1],"scale":0.947600007,"type":"oak_dry_a"}
{"ctxid":0,"pos":[-33.8625984,-551.127014,130.626236],"rotationMatrix":[-0.391437292,0.920204699,0,-0.920204699,-0.391437292,0,0,0,0.999999881],"scale":1.03550005,"type":"oak_dry_a"}
{"ctxid":0,"pos":[-30.3115997,-559.650024,131.865448],"rotationMatrix":[-0.145189762,0.989403844,0,-0.989403844,-0.145189762,0,0,0,1],"scale":1.13619995,"type":"oak_dry_a"}
{"ctxid":0,"pos":[-61.2164993,-613.495972,134.990997],"rotationMatrix":[0.50419116,0.863592088,0,-0.863592088,0.50419116,0,0,0,1],"scale":1.28120005,"type":"oak_dry_a"}
{"ctxid":0,"pos":[-60.1199989,-618.362,134.764008],"rotationMatrix":[-0.681777954,0.731559157,0,-0.731559157,-0.681777954,0,0,0,1],"scale":1.14769995,"type":"oak_dry_a"}
{"ctxid":0,"pos":[-27.4487,-570.544006,131.937485],"rotationMatrix":[0.509355783,0.860556006,0,-0.860556006,0.509355783,0,0,0,1],"scale":1.12639999,"type":"oak_dry_a"}
{"ctxid":0,"pos":[-24.7658005,-581.28302,131.715363],"rotationMatrix":[0.541309595,-0.840823352,0,0.840823352,0.541309595,0,0,0,1],"scale":1.11679995,"type":"oak_dry_a"}
{"ctxid":0,"pos":[-15.2851372,-595.463074,133.924026],"rotationMatrix":[0.170744076,-0.985315323,0,0.985315323,0.170744076,0,0,0,0.999999881],"scale":0.993099988,"type":"oak_dry_a"}
{"ctxid":0,"pos":[-10.1277571,-604.526001,134.354141],"rotationMatrix":[0.544178486,-0.838969469,0,0.838969469,0.544178486,0,0,0,1],"scale":0.914499998,"type":"oak_dry_a"}
{"ctxid":0,"pos":[-3.61990786,-609.305725,135.308197],"rotationMatrix":[-0.17688477,0.984231591,0,-0.984231591,-0.17688477,0,0,0,1],"scale":1.09920001,"type":"oak_dry_a"}
{"ctxid":0,"pos":[-67.8215027,-594.099976,134.582993],"rotationMatrix":[-0.847810864,-0.53029871,0,0.53029871,-0.847810864,0,0,0,1],"scale":1.1868,"type":"oak_dry_a"}
{"ctxid":0,"pos":[-66.6243973,-602.427979,135.078995],"rotationMatrix":[0.0809030533,0.996721983,0,-0.996721983,0.0809030533,0,0,0,1],"scale":1.16830003,"type":"oak_dry_a"}
{"ctxid":0,"pos":[-65.8584976,-607.664001,135.917007],"rotationMatrix":[0.711655855,-0.702528238,0,0.702528238,0.711655855,0,0,0,1],"scale":0.96329999,"type":"oak_dry_a"}
{"ctxid":0,"pos":[-68.9944,-587.906982,133.638],"rotationMatrix":[0.221247911,0.975217581,0,-0.975217581,0.221247911,0,0,0,1],"scale":0.979499996,"type":"oak_dry_a"}
{"ctxid":0,"pos":[-3.32389998,-723.846985,139.169006],"rotationMatrix":[-0.891512632,-0.452995837,0,0.452995837,-0.891512632,0,0,0,1],"scale":1.17649996,"type":"oak_dry_a"}
{"ctxid":0,"pos":[-10.6480999,-726.502014,139.166],"rotationMatrix":[-0.986024618,-0.166599676,0,0.166599676,-0.986024618,0,0,0,1],"scale":1.23819995,"type":"oak_dry_a"}
{"ctxid":0,"pos":[-18.1613007,-730.762024,140.205002],"rotationMatrix":[-0.231822014,-0.972758234,0,0.972758234,-0.231822014,0,0,0,1],"scale":0.932399988,"type":"oak_dry_a"}
{"ctxid":0,"pos":[-116.639999,-646.064026,136.050003],"rotationMatrix":[-0.852427602,-0.522845268,0,0.522845268,-0.852427602,0,0,0,1],"scale":0.950200021,"type":"oak_dry_a"}
{"ctxid":0,"pos":[-114.990997,-649.11499,136.171997],"rotationMatrix":[0.766072035,-0.642754734,0,0.642754734,0.766072035,0,0,0,1],"scale":1.16610003,"type":"oak_dry_a"}
{"ctxid":0,"pos":[-115.425003,-717.370972,124.383003],"rotationMatrix":[-0.979651928,0.200704008,0,-0.200704008,-0.979651928,0,0,0,1],"scale":1.03659999,"type":"oak_dry_a"}
{"ctxid":0,"pos":[-104.086998,-728.630005,126.190002],"rotationMatrix":[0.751910329,0.659265399,0,-0.659265399,0.751910329,0,0,0,1],"scale":1.0654,"type":"oak_dry_a"}
{"ctxid":0,"pos":[-91.6816025,-748.109985,126.160233],"rotationMatrix":[-0.938874364,0.344259977,0,-0.344259977,-0.938874364,0,0,0,1],"scale":1.22860003,"type":"oak_dry_a"}
{"ctxid":0,"pos":[-106.273003,-692.330017,133.828003],"rotationMatrix":[-0.288333654,-0.957530022,0,0.957530022,-0.288333654,0,0,0,1],"scale":1.24290001,"type":"oak_dry_a"}
{"ctxid":0,"pos":[-170.139999,-593.661987,125.426613],"rotationMatrix":[-0.976469517,-0.215655476,0,0.215655476,-0.976469517,0,0,0,1],"scale":1.28680003,"type":"oak_dry_a"}
{"ctxid":0,"pos":[-150.410995,-603.320984,130.272003],"rotationMatrix":[0.875599265,0.483038217,0,-0.483038217,0.875599265,0,0,0,1],"scale":1.15129995,"type":"oak_dry_a"}
{"ctxid":0,"pos":[-138.546997,-615.575989,131.108994],"rotationMatrix":[0.517052054,0.855953932,0,-0.855953932,0.517052054,0,0,0,1],"scale":1.28359997,"type":"oak_dry_a"}
{"ctxid":0,"pos":[-125.148003,-623.325989,135.136002],"rotationMatrix":[0.923167944,0.384396851,0,-0.384396851,0.923167944,0,0,0,1],"scale":1.03849995,"type":"oak_dry_a"}
{"ctxid":0,"pos":[-125.203003,-632.765015,133.695007],"rotationMatrix":[0.195580721,-0.980687618,0,0.980687618,0.195580721,0,0,0,1],"scale":0.92809999,"type":"oak_dry_a"}
{"ctxid":0,"pos":[-127.295998,-660.794983,128.876999],"rotationMatrix":[0.276395559,-0.961043954,0,0.961043954,0.276395559,0,0,0,1],"scale":1.0388,"type":"oak_dry_a"}
{"ctxid":0,"pos":[-125.321999,-701.705017,124.639],"rotationMatrix":[-0.984828949,0.173527926,0,-0.173527926,-0.984828949,0,0,0,1],"scale":1.06799996,"type":"oak_dry_a"}
{"ctxid":0,"pos":[-170.676544,-750.983582,129.017273],"rotationMatrix":[-0.939321995,-0.343036026,0,0.343036026,-0.939321995,0,0,0,0.999999642],"scale":1.0575,"type":"oak_dry_a"}
{"ctxid":0,"pos":[-175.682007,-742.200989,126.677788],"rotationMatrix":[-0.818474412,0.57454282,0,-0.57454282,-0.818474412,0,0,0,0.999999762],"scale":1.28629994,"type":"oak_dry_a"}
{"ctxid":0,"pos":[-181.0289,-735.387268,127.248779],"rotationMatrix":[0.897576571,-0.440858603,0,0.440858603,0.897576571,0,0,0,1],"scale":1.03760004,"type":"oak_dry_a"}
{"ctxid":0,"pos":[-186.134415,-729.505432,127.860916],"rotationMatrix":[0.508113384,-0.861290157,0,0.861290157,0.508113384,0,0,0,0.999999881],"scale":1.20369995,"type":"oak_dry_a"}
{"ctxid":0,"pos":[-226.3069,-683.655884,125.676163],"rotationMatrix":[0.991634727,-0.129075557,0,0.129075557,0.991634727,0,0,0,0.999999881],"scale":0.92900002,"type":"oak_dry_a"}
{"ctxid":0,"pos":[-233.895203,-675.554504,124.176506],"rotationMatrix":[0.668213367,0.743969679,0,-0.743969679,0.668213367,0,0,0,1],"scale":0.968299985,"type":"oak_dry_a"}
{"ctxid":0,"pos":[-240.210251,-672.521545,124.672661],"rotationMatrix":[-0.810843408,0.585262477,0,-0.585262477,-0.810843408,0,0,0,0.999999523],"scale":1.00049996,"type":"oak_dry_a"}
{"ctxid":0,"pos":[-189.777313,-724.601196,127.837875],"rotationMatrix":[0.951140642,0.308757961,0,-0.308757961,0.951140642,0,0,0,1],"scale":1.16589999,"type":"oak_dry_a"}
{"ctxid":0,"pos":[-195.831528,-717.754639,127.297882],"rotationMatrix":[0.458333284,-0.888780296,0,0.888780296,0.458333284,0,0,0,0.999999881],"scale":1.26110005,"type":"oak_dry_a"}
{"ctxid":0,"pos":[-201.647446,-710.808167,127.370071],"rotationMatrix":[-0.39417237,0.919036448,0,-0.919036448,-0.39417237,0,0,0,0.999999881],"scale":0.971899986,"type":"oak_dry_a"}
{"ctxid":0,"pos":[-207.036301,-704.080505,127.178749],"rotationMatrix":[0.185656786,-0.982614636,0,0.982614636,0.185656786,0,0,0,1],"scale":1.01349998,"type":"oak_dry_a"}
{"ctxid":0,"pos":[-214.544342,-695.716492,126.548393],"rotationMatrix":[0.89766717,-0.440674096,0,0.440674096,0.89766717,0,0,0,1],"scale":0.984099984,"type":"oak_dry_a"}
{"ctxid":0,"pos":[-220.460327,-688.884827,125.562912],"rotationMatrix":[-0.477698624,0.878523648,0,-0.878523648,-0.477698624,0,0,0,0.999999881],"scale":1.29530001,"type":"oak_dry_a"}
{"ctxid":0,"pos":[-20.6173992,-803.901978,132.386368],"rotationMatrix":[0.149791956,0.988717556,0,-0.988717556,0.149791956,0,0,0,1],"scale":1.11989999,"type":"oak_dry_a"}
{"ctxid":0,"pos":[-22.3883991,-800.153015,132.952942],"rotationMatrix":[-0.379460573,-0.925207913,0,0.925207913,-0.379460573,0,0,0,1],"scale":1.26750004,"type":"oak_dry_a"}
{"ctxid":0,"pos":[-35.1056023,-799.755432,133.180893],"rotationMatrix":[-0.119008064,0.992893279,0,-0.992893279,-0.119008064,0,0,0,1],"scale":0.903900027,"type":"oak_dry_a"}
{"ctxid":0,"pos":[-47.1469002,-797.289673,132.198532],"rotationMatrix":[0.0439320803,0.999034524,0,-0.999034524,0.0439320803,0,0,0,1],"scale":1.15192497,"type":"oak_dry_a"}
{"ctxid":0,"pos":[-0.735154867,-838.571777,130.779419],"rotationMatrix":[0.891794443,0.452440798,0,-0.452440798,0.891794443,0,0,0,1],"scale":1.16610003,"type":"oak_dry_a"}
{"ctxid":0,"pos":[-28.3635006,-813.440002,133.042892],"rotationMatrix":[-0.872886539,0.487923235,0,-0.487923235,-0.872886539,0,0,0,1],"scale":1.03910005,"type":"oak_dry_a"}
{"ctxid":0,"pos":[-83.4704971,-754.877991,127.204002],"rotationMatrix":[-0.739485621,-0.673172355,0,0.673172355,-0.739485621,0,0,0,1],"scale":1.00220001,"type":"oak_dry_a"}
{"ctxid":0,"pos":[-72.1960602,-874.393372,131.14296],"rotationMatrix":[-0.606927097,-0.794757426,0,0.794757426,-0.606927097,0,0,0,0.999999881],"scale":1.06799996,"type":"oak_dry_a"}
{"ctxid":0,"pos":[-90.0510025,-873.101013,128.947998],"rotationMatrix":[0.797721148,-0.60302633,0,0.60302633,0.797721148,0,0,0,0.999999881],"scale":1.20710003,"type":"oak_dry_a"}
{"ctxid":0,"pos":[-107.619431,-876.706177,131.506378],"rotationMatrix":[0.757476449,-0.65286237,0,0.65286237,0.757476449,0,0,0,0.999999881],"scale":1.29799998,"type":"oak_dry_a"}
{"ctxid":0,"pos":[-83.7971649,-870.756775,129.073669],"rotationMatrix":[0.631613374,0.775283158,0,-0.775283158,0.631613374,0,0,0,0.999999642],"scale":1.1415,"type":"oak_dry_a"}
{"ctxid":0,"pos":[-78.9872665,-860.147827,124.348999],"rotationMatrix":[-0.671889067,0.740651786,0,-0.740651786,-0.671889067,0,0,0,1],"scale":1.26740003,"type":"oak_dry_a"}
{"ctxid":0,"pos":[-43.6176262,-905.816772,129.77565],"rotationMatrix":[0.956781983,0.290806174,0,-0.290806174,0.956781983,0,0,0,1],"scale":1.21169996,"type":"oak_dry_a"}
{"ctxid":0,"pos":[-48.6569405,-897.947083,130.955994],"rotationMatrix":[-0.554762721,-0.832008481,0,0.832008481,-0.554762721,0,0,0,0.999999881],"scale":1.22660005,"type":"oak_dry_a"}
{"ctxid":0,"pos":[-111.690002,-993.807007,137.408005],"rotationMatrix":[-0.276482463,-0.96101898,0,0.96101898,-0.276482463,0,0,0,1],"scale":1.1437,"type":"oak_dry_a"}
{"ctxid":0,"pos":[-121.834,-990.961975,137.703995],"rotationMatrix":[0.552731156,0.833359599,0,-0.833359599,0.552731156,0,0,0,1],"scale":1.15020001,"type":"oak_dry_a"}
{"ctxid":0,"pos":[-123.975998,-984.79303,135.516998],"rotationMatrix":[-0.868631124,-0.495459348,0,0.495459348,-0.868631124,0,0,0,1],"scale":1.10119998,"type":"oak_dry_a"}
{"ctxid":0,"pos":[-168.260315,-756.045837,130.036621],"rotationMatrix":[0.396666378,-0.91796267,0,0.91796267,0.396666378,0,0,0,0.999999642],"scale":1.05850005,"type":"oak_dry_a"}
{"ctxid":0,"pos":[-213.755005,-941.189026,136.128006],"rotationMatrix":[-0.934151053,0.356877863,0,-0.356877863,-0.934151053,0,0,0,1],"scale":1.04449999,"type":"oak_dry_a"}
{"ctxid":0,"pos":[-258.423004,-506.601013,118.580002],"rotationMatrix":[-0.0278911591,-0.99961096,0,0.99961096,-0.0278911591,0,0,0,1],"scale":0.967499971,"type":"oak_dry_a"}
{"ctxid":0,"pos":[-279.914001,-565.333984,111.074997],"rotationMatrix":[0.0300540924,-0.999548256,0,0.999548256,0.0300540924,0,0,0,1],"scale":0.923699975,"type":"oak_dry_a"}
{"ctxid":0,"pos":[-306.947998,-684.155029,124.987999],"rotationMatrix":[0.122452497,0.992474377,0,-0.992474377,0.122452497,0,0,0,1],"scale":1.01470006,"type":"oak_dry_a"}
{"ctxid":0,"pos":[-411.592102,-564.198608,126.095329],"rotationMatrix":[0.885279417,-0.465059519,0,0.465059519,0.885279417,0,0,0,1],"scale":0.930800021,"type":"oak_dry_a"}
{"ctxid":0,"pos":[-427.65799,-528.335999,123.150833],"rotationMatrix":[0.313207865,0.94968462,0,-0.94968462,0.313207865,0,0,0,1],"scale":1.09060001,"type":"oak_dry_a"}
{"ctxid":0,"pos":[-360.720001,-767.096008,146.746002],"rotationMatrix":[-0.0213063955,0.999772966,0,-0.999772966,-0.0213063955,0,0,0,1],"scale":1.10399997,"type":"oak_dry_a"}
{"ctxid":0,"pos":[-288.278992,-907.01001,144.681],"rotationMatrix":[-0.668599129,-0.743623018,0,0.743623018,-0.668599129,0,0,0,1],"scale":1.06389999,"type":"oak_dry_a"}
{"ctxid":0,"pos":[-288.431,-899.458008,138.479004],"rotationMatrix":[-0.0875174999,-0.996163011,0,0.996163011,-0.0875174999,0,0,0,1],"scale":0.942600012,"type":"oak_dry_a"}
{"ctxid":0,"pos":[-305.911987,-889.677979,139.481995],"rotationMatrix":[-0.0178791285,-0.99984014,0,0.99984014,-0.0178791285,0,0,0,1],"scale":1.25339997,"type":"oak_dry_a"}
{"ctxid":0,"pos":[-380.536987,-762.429016,147.957993],"rotationMatrix":[0.0239161253,0.999713957,0,-0.999713957,0.0239161253,0,0,0,1],"scale":1.21800005,"type":"oak_dry_a"}
{"ctxid":0,"pos":[-400.251007,-754.359985,147.662994],"rotationMatrix":[0.835835457,-0.548980057,0,0.548980057,0.835835457,0,0,0,1],"scale":1.24989998,"type":"oak_dry_a"}
{"ctxid":0,"pos":[-397.955994,-845.539001,144.393005],"rotationMatrix":[-0.465129614,-0.885242581,0,0.885242581,-0.465129614,0,0,0,1],"scale":0.90990001,"type":"oak_dry_a"}
{"ctxid":0,"pos":[-398.313995,-840.390015,145.632996],"rotationMatrix":[0.930584669,0.366076738,0,-0.366076738,0.930584669,0,0,0,1],"scale":1.27059996,"type":"oak_dry_a"}
{"ctxid":0,"pos":[-397.381989,-834.622009,145.419006],"rotationMatrix":[-0.109454036,0.993991852,0,-0.993991852,-0.109454036,0,0,0,1],"scale":1.12279999,"type":"oak_dry_a"}
{"ctxid":0,"pos":[-393.70401,-823.901978,143.057007],"rotationMatrix":[-0.917273521,0.398257822,0,-0.398257822,-0.917273521,0,0,0,1],"scale":1.20959997,"type":"oak_dry_a"}
{"ctxid":0,"pos":[-484.631989,-759.883972,143.740997],"rotationMatrix":[-0.514148116,0.857701421,0,-0.857701421,-0.514148116,0,0,0,1],"scale":1.18920004,"type":"oak_dry_a"}
{"ctxid":0,"pos":[-474.68399,-768.112,146.649002],"rotationMatrix":[-0.908276558,0.418370277,0,-0.418370277,-0.908276558,0,0,0,1],"scale":1.20829999,"type":"oak_dry_a"}
{"ctxid":0,"pos":[-495.726013,-910.544983,155.184998],"rotationMatrix":[-0.979651928,-0.200704008,0,0.200704008,-0.979651928,0,0,0,1],"scale":1.23510003,"type":"oak_dry_a"}
{"ctxid":0,"pos":[-487.735992,-921.838013,154.584],"rotationMatrix":[0.126422405,0.9919765,0,-0.9919765,0.126422405,0,0,0,1],"scale":0.916299999,"type":"oak_dry_a"}
{"ctxid":0,"pos":[-475.052002,-961.562988,153.395996],"rotationMatrix":[0.377271891,-0.926102519,0,0.926102519,0.377271891,0,0,0,1],"scale":0.922900021,"type":"oak_dry_a"}
{"ctxid":0,"pos":[-482.286987,-959.52301,156.684998],"rotationMatrix":[-0.112733603,0.993625224,0,-0.993625224,-0.112733603,0,0,0,1],"scale":0.942499995,"type":"oak_dry_a"}
{"ctxid":0,"pos":[-491.580994,-950.859009,156.604004],"rotationMatrix":[-0.201249957,0.979539931,0,-0.979539931,-0.201249957,0,0,0,1],"scale":1.14209998,"type":"oak_dry_a"}
{"ctxid":0,"pos":[-600.804993,-240.070007,105.417],"rotationMatrix":[0.855385542,0.517991841,0,-0.517991841,0.855385542,0,0,0,1],"scale":1.01670003,"type":"oak_dry_a"}
{"ctxid":0,"pos":[-642.223022,-215.710373,96.8751984],"rotationMatrix":[-0.828239679,-0.560373843,0,0.560373843,-0.828239679,0,0,0,0.999999762],"scale":1.25199997,"type":"oak_dry_a"}
{"ctxid":0,"pos":[-695.109985,-196.612,97.1827164],"rotationMatrix":[-0.0725265741,0.997366488,0,-0.997366488,-0.0725265741,0,0,0,1],"scale":1.14769995,"type":"oak_dry_a"}
{"ctxid":0,"pos":[-684.825012,-192.615997,97.1738739],"rotationMatrix":[-0.997600794,-0.0692290142,0,0.0692290142,-0.997600794,0,0,0,1],"scale":1.08850002,"type":"oak_dry_a"}
{"ctxid":0,"pos":[-675.333008,-191.212997,96.6672592],"rotationMatrix":[0.810764551,-0.585372388,0,0.585372388,0.810764551,0,0,0,1],"scale":1.16390002,"type":"oak_dry_a"}
{"ctxid":0,"pos":[-672.601013,-189.300995,96.8718185],"rotationMatrix":[0.908151031,-0.4186427,0,0.4186427,0.908151031,0,0,0,1],"scale":0.974799991,"type":"oak_dry_a"}
{"ctxid":0,"pos":[-513.28302,-253.171005,102.575996],"rotationMatrix":[-0.998800278,-0.0489694327,0,0.0489694327,-0.998800278,0,0,0,1],"scale":0.935299993,"type":"oak_dry_a"}
{"ctxid":0,"pos":[-508.515991,-276.947998,101.910004],"rotationMatrix":[0.956899524,-0.290419191,0,0.290419191,0.956899524,0,0,0,1],"scale":1.04750001,"type":"oak_dry_a"}
{"ctxid":0,"pos":[-534.007019,-354.359985,102.695],"rotationMatrix":[0.977102041,0.212771237,0,-0.212771237,0.977102041,0,0,0,1],"scale":0.999199986,"type":"oak_dry_a"}
{"ctxid":0,"pos":[-522.267029,-356.358002,104.453003],"rotationMatrix":[0.894659519,-0.446748644,0,0.446748644,0.894659519,0,0,0,1],"scale":1.18099999,"type":"oak_dry_a"}
{"ctxid":0,"pos":[-542.577026,-350.459015,102.404999],"rotationMatrix":[-0.999599934,0.0282837879,0,-0.0282837879,-0.999599934,0,0,0,1],"scale":0.912599981,"type":"oak_dry_a"}
{"ctxid":0,"pos":[-554.862976,-315.826996,101.634003],"rotationMatrix":[0.952321291,0.305096954,0,-0.305096954,0.952321291,0,0,0,1],"scale":1.23070002,"type":"oak_dry_a"}
{"ctxid":0,"pos":[-530.570007,-327.803009,101.745003],"rotationMatrix":[-0.994803429,0.101814233,0,-0.101814233,-0.994803429,0,0,0,1],"scale":1.25929999,"type":"oak_dry_a"}
{"ctxid":0,"pos":[-567.84198,-346.173004,104.912003],"rotationMatrix":[0.350199938,0.936674953,0,-0.936674953,0.350199938,0,0,0,1],"scale":1.05669999,"type":"oak_dry_a"}
{"ctxid":0,"pos":[-574.888977,-335.457001,104.319],"rotationMatrix":[-0.656563997,0.754270315,0,-0.754270315,-0.656563997,0,0,0,1],"scale":0.913900018,"type":"oak_dry_a"}
{"ctxid":0,"pos":[-541.091125,-481.06662,118.002609],"rotationMatrix":[-0.964558482,0.263869166,0,-0.263869166,-0.964558482,0,0,0,1],"scale":0.999499977,"type":"oak_dry_a"}
{"ctxid":0,"pos":[-588.554077,-489.445251,115.377144],"rotationMatrix":[0.906099677,-0.423064053,0,0.423064053,0.906099677,0,0,0,0.999999762],"scale":1.07609999,"type":"oak_dry_a"}
{"ctxid":0,"pos":[-694.473022,-468.286011,103.598],"rotationMatrix":[0.0992496014,-0.99506259,0,0.99506259,0.0992496014,0,0,0,1],"scale":0.98269999,"type":"oak_dry_a"}
{"ctxid":0,"pos":[-683.241577,-501.753784,106.003998],"rotationMatrix":[-0.983235359,0.182340965,0,-0.182340965,-0.983235359,0,0,0,1],"scale":1.05560005,"type":"oak_dry_a"}
{"ctxid":0,"pos":[-647.2677,-484.234863,110.992996],"rotationMatrix":[-0.540714502,0.841206193,0,-0.841206193,-0.540714502,0,0,0,1],"scale":1.27240002,"type":"oak_dry_a"}
{"ctxid":0,"pos":[-798.874023,-57.9905014,110.705002],"rotationMatrix":[-0.652198553,0.758048177,0,-0.758048177,-0.652198553,0,0,0,1],"scale":1.06270003,"type":"oak_dry_a"}
{"ctxid":0,"pos":[-804.335022,-49.6311989,109.992996],"rotationMatrix":[0.241088033,-0.970503271,0,0.970503271,0.241088033,0,0,0,1],"scale":1.27900004,"type":"oak_dry_a"}
{"ctxid":0,"pos":[-818,-50.7232018,113.870003],"rotationMatrix":[-0.0181645155,-0.999835014,0,0.999835014,-0.0181645155,0,0,0,1],"scale":0.974399984,"type":"oak_dry_a"}
{"ctxid":0,"pos":[-779.955017,-81.0050964,107.672997],"rotationMatrix":[0.0946803093,0.995507717,0,-0.995507717,0.0946803093,0,0,0,1],"scale":1.27600002,"type":"oak_dry_a"}
{"ctxid":0,"pos":[-772.419983,-83.6421967,107.132004],"rotationMatrix":[0.558387995,0.829579949,0,-0.829579949,0.558387995,0,0,0,1],"scale":1.13859999,"type":"oak_dry_a"}
{"ctxid":0,"pos":[-765.760986,-80.7268982,104.606003],"rotationMatrix":[0.325110435,0.945676029,0,-0.945676029,0.325110435,0,0,0,1],"scale":1.15880001,"type":"oak_dry_a"}
{"ctxid":0,"pos":[-766.041016,-89.0302963,106.358002],"rotationMatrix":[0.999428749,0.0337960869,0,-0.0337960869,0.999428749,0,0,0,1],"scale":1.2845,"type":"oak_dry_a"}
{"ctxid":0,"pos":[-759.838989,-90.5572968,105.151001],"rotationMatrix":[-0.950312495,-0.311297536,0,0.311297536,-0.950312495,0,0,0,1],"scale":0.974799991,"type":"oak_dry_a"}
{"ctxid":0,"pos":[-754.921997,-94.1508026,104.426003],"rotationMatrix":[-0.680311084,-0.732923508,0,0.732923508,-0.680311084,0,0,0,1],"scale":0.966899991,"type":"oak_dry_a"}
{"ctxid":0,"pos":[-925.320984,-111.982002,111.630997],"rotationMatrix":[0.52819097,-0.849125624,0,0.849125624,0.52819097,0,0,0,1],"scale":1.04929996,"type":"oak_dry_a"}
{"ctxid":0,"pos":[-923.564026,-107.099998,110.557999],"rotationMatrix":[0.668050528,-0.744115889,0,0.744115889,0.668050528,0,0,0,1],"scale":1.1925,"type":"oak_dry_a"}
{"ctxid":0,"pos":[-919.504028,-94.4496994,111.785004],"rotationMatrix":[-0.931791663,-0.362993509,0,0.362993509,-0.931791663,0,0,0,1],"scale":1.00100005,"type":"oak_dry_a"}
{"ctxid":0,"pos":[-918.565979,-82.4876022,115.194],"rotationMatrix":[0.0705702305,0.997506797,0,-0.997506797,0.0705702305,0,0,0,1],"scale":1.12940001,"type":"oak_dry_a"}
{"ctxid":0,"pos":[-929.518982,-76.1213989,123.695],"rotationMatrix":[-0.997600794,-0.0692290142,0,0.0692290142,-0.997600794,0,0,0,1],"scale":0.963400006,"type":"oak_dry_a"}
{"ctxid":0,"pos":[-930.992981,-80.3622971,124.218002],"rotationMatrix":[0.548939943,-0.835861802,0,0.835861802,0.548939943,0,0,0,1],"scale":0.950200021,"type":"oak_dry_a"}
{"ctxid":0,"pos":[-934.507019,-96.6429977,122.036003],"rotationMatrix":[-0.887235999,-0.461315811,0,0.461315811,-0.887235999,0,0,0,1],"scale":1.15939999,"type":"oak_dry_a"}
{"ctxid":0,"pos":[-959.221985,-46.8260002,130.380997],"rotationMatrix":[-0.359930277,0.932979226,0,-0.932979226,-0.359930277,0,0,0,1],"scale":0.982900023,"type":"oak_dry_a"}
{"ctxid":0,"pos":[-956.187012,-39.1953011,130.964005],"rotationMatrix":[0.908664703,-0.417526603,0,0.417526603,0.908664703,0,0,0,1],"scale":1.22950006,"type":"oak_dry_a"}
{"ctxid":0,"pos":[-960.953979,-34.0126991,135.171997],"rotationMatrix":[0.813705921,0.581276774,0,-0.581276774,0.813705921,0,0,0,1],"scale":1.10679996,"type":"oak_dry_a"}
{"ctxid":0,"pos":[-966.348022,-27.3476009,139.007004],"rotationMatrix":[0.725162983,-0.688577235,0,0.688577235,0.725162983,0,0,0,1],"scale":1.23399997,"type":"oak_dry_a"}
{"ctxid":0,"pos":[-979.674988,-12.5195999,144.354004],"rotationMatrix":[0.0292181969,0.999573052,0,-0.999573052,0.0292181969,0,0,0,1],"scale":1.03240001,"type":"oak_dry_a"}
{"ctxid":0,"pos":[-950.012024,-103.556999,120.754997],"rotationMatrix":[-0.325843215,0.945423841,0,-0.945423841,-0.325843215,0,0,0,1],"scale":1.28390002,"type":"oak_dry_a"}
{"ctxid":0,"pos":[-941.650024,-111.797997,118.535004],"rotationMatrix":[-0.999599934,0.0282837879,0,-0.0282837879,-0.999599934,0,0,0,1],"scale":1.04299998,"type":"oak_dry_a"}
{"ctxid":0,"pos":[-970.315979,-99.8759003,123.824196],"rotationMatrix":[-0.824432015,-0.565961003,0,0.565961003,-0.824432015,0,0,0,1],"scale":0.970899999,"type":"oak_dry_a"}
{"ctxid":0,"pos":[-886.155029,-184.173004,107.209],"rotationMatrix":[-0.956637502,-0.291281134,0,0.291281134,-0.956637502,0,0,0,1],"scale":1.16719997,"type":"oak_dry_a"}
{"ctxid":0,"pos":[-999.762024,-180.766998,111.559311],"rotationMatrix":[0.829822183,0.558027923,0,-0.558027923,0.829822183,0,0,0,1],"scale":0.994099975,"type":"oak_dry_a"}
{"ctxid":0,"pos":[-998.203003,-167.949997,113.316948],"rotationMatrix":[0.77353549,0.633753002,0,-0.633753002,0.77353549,0,0,0,1],"scale":1.21589994,"type":"oak_dry_a"}
{"ctxid":0,"pos":[-974.276001,-147.544998,110.135002],"rotationMatrix":[0.934260607,-0.356590956,0,0.356590956,0.934260607,0,0,0,1],"scale":0.984600008,"type":"oak_dry_a"}
{"ctxid":0,"pos":[-975.757996,-135.664001,115.796051],"rotationMatrix":[0.896487474,0.443069071,0,-0.443069071,0.896487474,0,0,0,1],"scale":1.10450006,"type":"oak_dry_a"}
{"ctxid":0,"pos":[-981.536987,-126.986,122.096092],"rotationMatrix":[-0.845504761,-0.533967912,0,0.533967912,-0.845504761,0,0,0,1],"scale":1.23609996,"type":"oak_dry_a"}
{"ctxid":0,"pos":[-869.010986,-461.179993,96.7725983],"rotationMatrix":[-0.971303701,-0.237842634,0,0.237842634,-0.971303701,0,0,0,1],"scale":1.16240001,"type":"oak_dry_a"}
{"ctxid":0,"pos":[-840.697998,-427.187988,98.271225],"rotationMatrix":[0.78338635,0.621535063,0,-0.621535063,0.78338635,0,0,0,1],"scale":1.09580004,"type":"oak_dry_a"}
{"ctxid":0,"pos":[-888.520996,-384.875,101.345795],"rotationMatrix":[-0.870564938,0.492053539,0,-0.492053539,-0.870564938,0,0,0,1],"scale":0.968800008,"type":"oak_dry_a"}
{"ctxid":0,"pos":[-875.65979,-468.005157,99.4240952],"rotationMatrix":[-0.66804713,-0.74411881,0,0.74411881,-0.66804713,0,0,0,0.999999881],"scale":1.19169998,"type":"oak_dry_a"}
{"ctxid":0,"pos":[-621.659973,-514.286011,114.292229],"rotationMatrix":[0.570335507,-0.821411848,0,0.821411848,0.570335507,0,0,0,1],"scale":0.9199,"type":"oak_dry_a"}
{"ctxid":0,"pos":[-736.46698,-545.591003,102.670998],"rotationMatrix":[-0.562204957,0.826997936,0,-0.826997936,-0.562204957,0,0,0,1],"scale":1.05879998,"type":"oak_dry_a"}
{"ctxid":0,"pos":[-672.277893,-527.109619,110.615738],"rotationMatrix":[-0.546624303,-0.837377787,0,0.837377787,-0.546624303,0,0,0,0.999999881],"scale":0.959900022,"type":"oak_dry_a"}
{"ctxid":0,"pos":[-714.173584,-503.370148,103.214996],"rotationMatrix":[-0.451467156,0.892287731,0,-0.892287731,-0.451467156,0,0,0,1],"scale":0.959200025,"type":"oak_dry_a"}
{"ctxid":0,"pos":[-699.219971,-720.71698,165.332993],"rotationMatrix":[-0.91101253,-0.412378669,0,0.412378669,-0.91101253,0,0,0,1],"scale":1.06900001,"type":"oak_dry_a"}
{"ctxid":0,"pos":[-706.411011,-728.591003,160.813995],"rotationMatrix":[0.352705598,-0.935734332,0,0.935734332,0.352705598,0,0,0,1],"scale":1.07589996,"type":"oak_dry_a"}
{"ctxid":0,"pos":[-730.731018,-728.257996,162.634995],"rotationMatrix":[0.685099483,0.728449523,0,-0.728449523,0.685099483,0,0,0,1],"scale":1.03620005,"type":"oak_dry_a"}
{"ctxid":0,"pos":[-624.554016,-786.297974,136.526001],"rotationMatrix":[-0.607783198,0.794103026,0,-0.794103026,-0.607783198,0,0,0,1],"scale":0.928499997,"type":"oak_dry_a"}
{"ctxid":0,"pos":[-568.491028,-764.026978,140.817001],"rotationMatrix":[0.84230268,0.539004803,0,-0.539004803,0.84230268,0,0,0,1],"scale":1.13639998,"type":"oak_dry_a"}
{"ctxid":0,"pos":[-585.734009,-773.137024,141.356995],"rotationMatrix":[0.975135565,0.22160919,0,-0.22160919,0.975135565,0,0,0,1],"scale":1.24670005,"type":"oak_dry_a"}
{"ctxid":0,"pos":[-684.111023,-758.343994,139.854996],"rotationMatrix":[0.872992039,0.487734467,0,-0.487734467,0.872992039,0,0,0,1],"scale":1.1006,"type":"oak_dry_a"}
{"ctxid":0,"pos":[-630.924011,-791.950012,136.188004],"rotationMatrix":[0.949628592,-0.313377619,0,0.313377619,0.949628592,0,0,0,1],"scale":1.02380002,"type":"oak_dry_a"}
{"ctxid":0,"pos":[-754.653992,-526.84198,101.296997],"rotationMatrix":[-0.99426198,0.106972128,0,-0.106972128,-0.99426198,0,0,0,0.999999881],"scale":0.991299987,"type":"oak_dry_a"}
{"ctxid":0,"pos":[-900.973022,-597.583984,103.182999],"rotationMatrix":[0.549664497,0.835385382,0,-0.835385382,0.549664497,0,0,0,0.999999881],"scale":1.03830004,"type":"oak_dry_a"}
{"ctxid":0,"pos":[-984.080017,-719.625977,109.267998],"rotationMatrix":[-0.858977675,-0.512013018,0,0.512013018,-0.858977675,0,0,0,1],"scale":1.22130001,"type":"oak_dry_a"}
{"ctxid":0,"pos":[-862.223999,-872.080017,131.363007],"rotationMatrix":[0.0208398104,0.999782801,0,-0.999782801,0.0208398104,0,0,0,1],"scale":0.918900013,"type":"oak_dry_a"}
{"ctxid":0,"pos":[-869.497986,-910.646973,134.026001],"rotationMatrix":[0.533228755,0.845971107,0,-0.845971107,0.533228755,0,0,0,1],"scale":0.971099973,"type":"oak_dry_a"}
{"ctxid":0,"pos":[-865.875977,-904.307983,133.988998],"rotationMatrix":[0.371231079,-0.928540528,0,0.928540528,0.371231079,0,0,0,1],"scale":0.951099992,"type":"oak_dry_a"}
{"ctxid":0,"pos":[-865.232971,-899.218994,133.897003],"rotationMatrix":[0.681597948,-0.731726885,0,0.731726885,0.681597948,0,0,0,1],"scale":0.970399976,"type":"oak_dry_a"}
{"ctxid":0,"pos":[-864.742004,-886.625977,132.201004],"rotationMatrix":[0.493780851,-0.869586408,0,0.869586408,0.493780851,0,0,0,1],"scale":1.26989996,"type":"oak_dry_a"}
{"ctxid":0,"pos":[-942.142029,-869.171997,130.199005],"rotationMatrix":[0.0494551659,-0.998776317,0,0.998776317,0.0494551659,0,0,0,1],"scale":1.12150002,"type":"oak_dry_a"}
{"ctxid":0,"pos":[-992.19397,-836.452026,125.964996],"rotationMatrix":[-0.999599934,0.0282837879,0,-0.0282837879,-0.999599934,0,0,0,1],"scale":1.29849994,"type":"oak_dry_a"}
{"ctxid":0,"pos":[-999.682007,-814.442993,125.454002],"rotationMatrix":[-0.76644814,-0.642306209,0,0.642306209,-0.76644814,0,0,0,1],"scale":1.14880002,"type":"oak_dry_a"}
{"ctxid":0,"pos":[-929.374023,-842.377014,121.653999],"rotationMatrix":[-0.76832819,-0.640056074,0,0.640056074,-0.76832819,0,0,0,1],"scale":1.17219996,"type":"oak_dry_a"}
{"ctxid":0,"pos":[-947.885986,-880.21698,133.757996],"rotationMatrix":[0.971152067,-0.238461033,0,0.238461033,0.971152067,0,0,0,1],"scale":0.969500005,"type":"oak_dry_a"}
{"ctxid":0,"pos":[-73.0811005,-1030.06995,142.274994],"rotationMatrix":[-0.635878682,0.771789014,0,-0.771789014,-0.635878682,0,0,0,1],"scale":1.29089999,"type":"oak_dry_a"}
{"ctxid":0,"pos":[-71.8845978,-1034.05005,143.330994],"rotationMatrix":[0.991445661,0.13052012,0,-0.13052012,0.991445661,0,0,0,1],"scale":0.91079998,"type":"oak_dry_a"}
{"ctxid":0,"pos":[-1020.75,-267.973999,110.037384],"rotationMatrix":[0.600918174,-0.799310565,0,0.799310565,0.600918174,0,0,0,1],"scale":1.17379999,"type":"oak_dry_a"}
{"ctxid":0,"pos":[-1025.32996,-258.398987,112.31015],"rotationMatrix":[0.998443127,-0.0557792336,0,0.0557792336,0.998443127,0,0,0,1],"scale":1.18840003,"type":"oak_dry_a"}
{"ctxid":0,"pos":[-1027.28003,-253.108002,112.662193],"rotationMatrix":[-1,0,0,0,-1,0,0,0,1],"scale":1.10430002,"type":"oak_dry_a"}
{"ctxid":0,"pos":[-1030.94995,-242.653,112.986481],"rotationMatrix":[0.507769585,0.861492932,0,-0.861492932,0.507769585,0,0,0,1],"scale":1.11889994,"type":"oak_dry_a"}
{"ctxid":0,"pos":[-1030.22998,-234.654999,112.723969],"rotationMatrix":[-0.973289847,0.229579777,0,-0.229579777,-0.973289847,0,0,0,1],"scale":0.980300009,"type":"oak_dry_a"}
{"ctxid":0,"pos":[-1001.12,-161.285995,114.908585],"rotationMatrix":[-0.979254007,0.2026366,0,-0.2026366,-0.979254007,0,0,0,1],"scale":1.22800004,"type":"oak_dry_a"}
{"ctxid":0,"pos":[-1011.58002,-269.359985,107.639359],"rotationMatrix":[-0.817561746,-0.57584095,0,0.57584095,-0.817561746,0,0,0,1],"scale":0.953800023,"type":"oak_dry_a"}
{"ctxid":0,"pos":[-1031.43005,-146.699997,125.350662],"rotationMatrix":[-0.730916142,0.682467282,0,-0.682467282,-0.730916142,0,0,0,1],"scale":1.15910006,"type":"oak_dry_a"}
{"ctxid":0,"pos":[-1025.88,-150.981995,122.309074],"rotationMatrix":[-0.740978122,-0.671529174,0,0.671529174,-0.740978122,0,0,0,1],"scale":0.975099981,"type":"oak_dry_a"}
{"ctxid":0,"pos":[-1026.06995,-131.201004,128.347321],"rotationMatrix":[-0.461708069,-0.887031913,0,0.887031913,-0.461708069,0,0,0,1],"scale":1.23020005,"type":"oak_dry_a"}
{"ctxid":0,"pos":[-1021.78003,-122.716003,126.819717],"rotationMatrix":[0.236399174,-0.971656024,0,0.971656024,0.236399174,0,0,0,1],"scale":1.0905,"type":"oak_dry_a"}
{"ctxid":0,"pos":[-1017.35999,-116.681,128.834686],"rotationMatrix":[0.706162214,0.708050072,0,-0.708050072,0.706162214,0,0,0,1],"scale":1.00539994,"type":"oak_dry_a"}
{"ctxid":0,"pos":[-1041.46997,-118.900002,140.82193],"rotationMatrix":[-0.305081606,0.952326238,0,-0.952326238,-0.305081606,0,0,0,1],"scale":0.944899976,"type":"oak_dry_a"}
{"ctxid":0,"pos":[-1034.80005,-108.406998,142.167969],"rotationMatrix":[-0.210879207,0.977512121,0,-0.977512121,-0.210879207,0,0,0,1],"scale":1.07609999,"type":"oak_dry_a"}
{"ctxid":0,"pos":[-1020.26001,-96.9412994,137.647263],"rotationMatrix":[0.999987483,-0.00500337826,0,0.00500337826,0.999987483,0,0,0,1],"scale":1.04639995,"type":"oak_dry_a"}
{"ctxid":0,"pos":[-1016.46997,-96.9957962,136.410568],"rotationMatrix":[0.59139204,-0.806384206,0,0.806384206,0.59139204,0,0,0,1],"scale":1.26170003,"type":"oak_dry_a"}
{"ctxid":0,"pos":[-1011.37,-79.4716034,140.424088],"rotationMatrix":[-0.523908854,-0.851774335,0,0.851774335,-0.523908854,0,0,0,1],"scale":1.14779997,"type":"oak_dry_a"}
{"ctxid":0,"pos":[-1004.38,-75.8451996,138.674896],"rotationMatrix":[-0.995602369,-0.09367989,0,0.09367989,-0.995602369,0,0,0,1],"scale":1.15250003,"type":"oak_dry_a"}
{"ctxid":0,"pos":[-1029.21997,-284.630005,113.08326],"rotationMatrix":[-0.763817668,0.645432055,0,-0.645432055,-0.763817668,0,0,0,1],"scale":1.19879997,"type":"oak_dry_a"}
{"ctxid":0,"pos":[-1032.33997,-289.993011,111.701347],"rotationMatrix":[0.829238296,0.55889523,0,-0.55889523,0.829238296,0,0,0,1],"scale":1.26789999,"type":"oak_dry_a"}
{"ctxid":0,"pos":[-1028.31995,-305.821991,108.075745],"rotationMatrix":[0.425407887,0.9050017,0,-0.9050017,0.425407887,0,0,0,1],"scale":1.27460003,"type":"oak_dry_a"}
{"ctxid":0,"pos":[-1050.75,-204.604004,120.825996],"rotationMatrix":[0.755559683,-0.655079842,0,0.655079842,0.755559683,0,0,0,1],"scale":0.916800022,"type":"oak_dry_a"}
{"ctxid":0,"pos":[-1052.17004,-191.074997,124.041382],"rotationMatrix":[-0.914141655,0.405394912,0,-0.405394912,-0.914141655,0,0,0,1],"scale":0.902100027,"type":"oak_dry_a"}
{"ctxid":0,"pos":[-1047.83997,-184.354996,124.115051],"rotationMatrix":[-0.943209052,-0.332199752,0,0.332199752,-0.943209052,0,0,0,1],"scale":1.19879997,"type":"oak_dry_a"}
{"ctxid":0,"pos":[-1043.66003,-38.6731987,168.710007],"rotationMatrix":[0.887472391,-0.460860878,0,0.460860878,0.887472391,0,0,0,1],"scale":1.13300002,"type":"oak_dry_a"}
{"ctxid":0,"pos":[-1142.66003,-147.304993,161.147995],"rotationMatrix":[0.625541449,0.780190945,0,-0.780190945,0.625541449,0,0,0,1],"scale":1.05250001,"type":"oak_dry_a"}
{"ctxid":0,"pos":[-1113.02002,-172.953003,138.636002],"rotationMatrix":[0.125629187,0.992077291,0,-0.992077291,0.125629187,0,0,0,1],"scale":1.25119996,"type":"oak_dry_a"}
{"ctxid":0,"pos":[-1148.32996,-208.128006,133.283997],"rotationMatrix":[-0.255795479,0.966730893,0,-0.966730893,-0.255795479,0,0,0,1],"scale":1.19889998,"type":"oak_dry_a"}
{"ctxid":0,"pos":[-1011.83002,-771.489014,118.200996],"rotationMatrix":[0.321387529,-0.946947753,0,0.946947753,0.321387529,0,0,0,1],"scale":1.05190003,"type":"oak_dry_a"}
{"ctxid":0,"pos":[-84.9253998,680.742981,74.4674988],"rotationMatrix":[0.455866814,-0.890048027,0,0.890048027,0.455866814,0,0,0,1],"scale":1.16750002,"type":"oak_dry_a"}
{"ctxid":0,"pos":[-86.2229004,586.473022,74.4615021],"rotationMatrix":[0.293139458,0.956069708,0,-0.956069708,0.293139458,0,0,0,1],"scale":0.943700016,"type":"oak_dry_a"}
{"ctxid":0,"pos":[-86.3494034,590.664001,74.101799],"rotationMatrix":[-0.777366638,-0.629047751,0,0.629047751,-0.777366638,0,0,0,1],"scale":1.11930001,"type":"oak_dry_a"}
{"ctxid":0,"pos":[-87.1904984,551.388,74.4935989],"rotationMatrix":[0.0225183964,-0.999746442,0,0.999746442,0.0225183964,0,0,0,1],"scale":1.11020005,"type":"oak_dry_a"}
