{"ctxid":0,"pos":[46.3148155,680.242249,74.8497925],"rotationMatrix":[-0.514307022,0.857606113,0,-0.857606113,-0.514307022,0,0,0,1],"scale":1,"type":"pallet"}
{"ctxid":0,"pos":[46.3148155,680.242249,74.9978638],"rotationMatrix":[-0.448571205,0.893747032,0,-0.893747032,-0.448571205,0,0,0,1],"scale":1,"type":"pallet"}
{"ctxid":0,"pos":[46.3148155,680.242249,75.1428146],"rotationMatrix":[-0.517187476,0.855872095,0,-0.855872095,-0.517187476,0,0,0,1],"scale":1,"type":"pallet"}
{"ctxid":0,"pos":[46.3148155,680.242249,75.2924042],"rotationMatrix":[0.517188549,-0.855871499,0,0.855871499,0.517188549,0,0,0,1],"scale":1,"type":"pallet"}
{"ctxid":0,"pos":[46.3148155,680.242249,75.3407059],"rotationMatrix":[0.367311925,-0.930097818,-1.81992584e-06,-0.930097699,-0.367311954,-8.66251412e-07,1.3721808e-07,2.0108937e-06,-0.999999881],"scale":1,"type":"pallet"}
{"ctxid":0,"pos":[46.3148155,680.242249,75.4909515],"rotationMatrix":[0.413841456,-0.910348892,-2.05834431e-06,-0.910348892,-0.413841456,-8.66251526e-07,-6.32371666e-08,2.23230245e-06,-0.999999881],"scale":1,"type":"pallet"}
{"ctxid":0,"pos":[46.3148155,680.242249,75.6354752],"rotationMatrix":[0.313616067,-0.949549794,-2.05834453e-06,-0.949549794,-0.313616067,-1.34308868e-06,6.29799558e-07,2.37571498e-06,-0.999999881],"scale":1,"type":"pallet"}
{"ctxid":0,"pos":[46.3148155,680.242249,75.887001],"rotationMatrix":[0.394826472,-0.91875571,0,0.91875571,0.394826472,0,0,0,1],"scale":1,"type":"pallet"}
{"ctxid":0,"pos":[46.3148155,680.242249,76.0190506],"rotationMatrix":[0.459679008,-0.888085127,0,0.888085127,0.459679008,0,0,0,1],"scale":1,"type":"pallet"}
{"ctxid":0,"pos":[46.3148155,680.242249,76.1750336],"rotationMatrix":[0.512913108,-0.858440578,0,0.858440578,0.512913108,0,0,0,1],"scale":1,"type":"pallet"}
{"ctxid":0,"pos":[46.3148155,680.242249,76.3284225],"rotationMatrix":[0.451959491,-0.892038405,0,0.892038405,0.451959491,0,0,0,1],"scale":1,"type":"pallet"}
{"ctxid":0,"pos":[46.3148155,680.242249,76.4755783],"rotationMatrix":[0.47800982,-0.87835449,0,0.87835449,0.47800982,0,0,0,1],"scale":1,"type":"pallet"}
{"ctxid":0,"pos":[46.3148155,680.242249,76.62117],"rotationMatrix":[0.47800982,-0.87835449,0,0.87835449,0.47800982,0,0,0,1],"scale":1,"type":"pallet"}
{"ctxid":0,"pos":[46.3148155,680.242249,76.647789],"rotationMatrix":[0.330844194,-0.943685293,-2.05834431e-06,-0.943685293,-0.330844194,-8.66251526e-07,1.36477638e-07,2.22902395e-06,-0.999999881],"scale":1,"type":"pallet"}
{"ctxid":0,"pos":[46.3148155,680.242249,76.9028244],"rotationMatrix":[-0.514307022,0.857606113,0,-0.857606113,-0.514307022,0,0,0,1],"scale":1,"type":"pallet"}
{"ctxid":0,"pos":[46.5204659,680.36554,77.0411224],"rotationMatrix":[-0.642163038,0.766568065,0,-0.766568065,-0.642163038,0,0,0,1],"scale":1,"type":"pallet"}
{"ctxid":0,"pos":[-8.43101311,672.553833,75.2576447],"rotationMatrix":[-0.980662107,-0.195708632,0,0.195708632,-0.980662107,0,0,0,1],"scale":1,"type":"pallet"}
{"ctxid":0,"pos":[-8.43101311,672.553833,75.1193466],"rotationMatrix":[-0.999205709,-0.0398525558,0,0.0398525558,-0.999205709,0,0,0,1],"scale":1,"type":"pallet"}
{"ctxid":0,"pos":[-8.43101311,672.553833,74.8643112],"rotationMatrix":[-0.999973059,-0.00732579827,-1.50995902e-07,-0.00732579827,0.999973178,-1.1046701e-06,1.59084436e-07,-1.10353437e-06,-0.999999881],"scale":1,"type":"pallet"}
{"ctxid":0,"pos":[-8.43101311,672.553833,74.8376923],"rotationMatrix":[0.999998093,-0.00194993685,0,0.00194993685,0.999998093,0,0,0,1],"scale":1,"type":"pallet"}
{"ctxid":0,"pos":[47.3005791,678.59845,77.0411224],"rotationMatrix":[-0.642163038,0.766568065,0,-0.766568065,-0.642163038,0,0,0,1],"scale":1,"type":"pallet"}
{"ctxid":0,"pos":[47.3005791,678.59845,76.9028244],"rotationMatrix":[-0.514307022,0.857606113,0,-0.857606113,-0.514307022,0,0,0,1],"scale":1,"type":"pallet"}
{"ctxid":0,"pos":[47.3005791,678.59845,76.647789],"rotationMatrix":[-0.473280787,-0.880911589,-2.05834453e-06,-0.880911589,0.473280787,-8.66251639e-07,1.73726607e-06,1.40323937e-06,-1],"scale":1,"type":"pallet"}
{"ctxid":0,"pos":[47.3005791,678.59845,76.62117],"rotationMatrix":[0.47800982,-0.87835449,0,0.87835449,0.47800982,0,0,0,1],"scale":1,"type":"pallet"}
{"ctxid":0,"pos":[47.3005791,678.59845,76.4755783],"rotationMatrix":[0.47800982,-0.87835449,0,0.87835449,0.47800982,0,0,0,1],"scale":1,"type":"pallet"}
{"ctxid":0,"pos":[47.3005791,678.59845,76.3284225],"rotationMatrix":[0.451959491,-0.892038405,0,0.892038405,0.451959491,0,0,0,1],"scale":1,"type":"pallet"}
{"ctxid":0,"pos":[47.3005791,678.59845,76.1750336],"rotationMatrix":[0.512913108,-0.858440578,0,0.858440578,0.512913108,0,0,0,1],"scale":1,"type":"pallet"}
{"ctxid":0,"pos":[47.3005791,678.59845,76.0190506],"rotationMatrix":[0.459679008,-0.888085127,0,0.888085127,0.459679008,0,0,0,1],"scale":1,"type":"pallet"}
{"ctxid":0,"pos":[47.3005791,678.59845,75.887001],"rotationMatrix":[0.394826472,-0.91875571,0,0.91875571,0.394826472,0,0,0,1],"scale":1,"type":"pallet"}
{"ctxid":0,"pos":[47.3005791,678.59845,75.6354752],"rotationMatrix":[-0.565205574,-0.824950099,-2.05834476e-06,-0.824950099,0.565205574,-1.3430888e-06,2.27136888e-06,9.38910489e-07,-1],"scale":1,"type":"pallet"}
{"ctxid":0,"pos":[47.3005791,678.59845,75.4909515],"rotationMatrix":[-0.473280787,-0.880911589,-2.05834453e-06,-0.880911589,0.473280787,-8.66251639e-07,1.73726607e-06,1.40323937e-06,-1],"scale":1,"type":"pallet"}
{"ctxid":0,"pos":[47.3005791,678.59845,75.3407059],"rotationMatrix":[-0.517189622,-0.855870903,-1.81992607e-06,-0.855870903,0.517189562,-8.66251526e-07,1.68264626e-06,1.10960548e-06,-1],"scale":1,"type":"pallet"}
{"ctxid":0,"pos":[47.3005791,678.59845,75.2924042],"rotationMatrix":[0.517188549,-0.855871499,0,0.855871499,0.517188549,0,0,0,1],"scale":1,"type":"pallet"}
{"ctxid":0,"pos":[47.3005791,678.59845,75.1428146],"rotationMatrix":[-0.517187476,0.855872095,0,-0.855872095,-0.517187476,0,0,0,1],"scale":1,"type":"pallet"}
{"ctxid":0,"pos":[47.3005791,678.59845,74.9978638],"rotationMatrix":[-0.448571205,0.893747032,0,-0.893747032,-0.448571205,0,0,0,1],"scale":1,"type":"pallet"}
{"ctxid":0,"pos":[47.3005791,678.59845,74.8497925],"rotationMatrix":[-0.514307022,0.857606113,0,-0.857606113,-0.514307022,0,0,0,1],"scale":1,"type":"pallet"}
{"ctxid":0,"pos":[47.2986755,678.602234,77.191452],"rotationMatrix":[-0.691052079,0.722805023,0,-0.722805023,-0.691052079,0,0,0,1],"scale":1,"type":"pallet"}
{"ctxid":0,"pos":[47.2986755,678.602234,77.3395233],"rotationMatrix":[-0.634923816,0.772574782,0,-0.772574782,-0.634923816,0,0,0,1],"scale":1,"type":"pallet"}
{"ctxid":0,"pos":[47.2986755,678.602234,77.4844742],"rotationMatrix":[-0.693478346,0.720477521,0,-0.720477521,-0.693478346,0,0,0,1],"scale":1,"type":"pallet"}
{"ctxid":0,"pos":[47.2986755,678.602234,77.6340637],"rotationMatrix":[0.6934793,-0.720476568,0,0.720476568,0.6934793,0,0,0,1],"scale":1,"type":"pallet"}
{"ctxid":0,"pos":[47.2986755,678.602234,77.6823654],"rotationMatrix":[-0.296920061,-0.954902291,-1.81992573e-06,-0.954902291,0.296920061,-1.58150704e-06,2.05055744e-06,1.26827013e-06,-0.999999881],"scale":1,"type":"pallet"}
{"ctxid":0,"pos":[47.2986755,678.602234,77.8326111],"rotationMatrix":[-0.656187773,-0.754597723,-2.05834476e-06,-0.754597723,0.656187713,-1.81992584e-06,2.72397256e-06,3.59009277e-07,-1],"scale":1,"type":"pallet"}
{"ctxid":0,"pos":[47.2986755,678.602234,77.9771347],"rotationMatrix":[-0.733479142,-0.679711998,-2.05834499e-06,-0.679711998,0.733479142,-2.05834431e-06,2.9088344e-06,-1.1067084e-07,-1],"scale":1,"type":"pallet"}
{"ctxid":0,"pos":[47.2986755,678.602234,78.2286606],"rotationMatrix":[0.363740742,-0.931500256,0,0.931500256,0.363740742,0,0,0,1],"scale":1,"type":"pallet"}
{"ctxid":0,"pos":[47.2986755,678.602234,78.3607101],"rotationMatrix":[0.429587483,-0.90302527,0,0.90302527,0.429587483,0,0,0,1],"scale":1,"type":"pallet"}
{"ctxid":0,"pos":[46.1910172,677.916748,75.2297058],"rotationMatrix":[0.495137513,0.361782014,0.789906383,-0.58912921,0.808038175,-0.000802153721,-0.638564765,-0.46495989,0.613226414],"scale":1,"type":"pallet"}
{"ctxid":0,"pos":[44.8020401,682.764832,76.1750336],"rotationMatrix":[-0.707336187,-0.70687741,0,0.70687741,-0.707336187,0,0,0,1],"scale":1,"type":"pallet"}
{"ctxid":0,"pos":[44.8020401,682.764832,76.0190506],"rotationMatrix":[0.459679008,-0.888085127,0,0.888085127,0.459679008,0,0,0,1],"scale":1,"type":"pallet"}
{"ctxid":0,"pos":[44.8020401,682.764832,75.887001],"rotationMatrix":[-0.794643521,-0.607076347,0,0.607076347,-0.794643521,0,0,0,1],"scale":1,"type":"pallet"}
{"ctxid":0,"pos":[44.8020401,682.764832,75.6354752],"rotationMatrix":[-0.565205574,-0.824950099,-2.05834476e-06,-0.824950099,0.565205574,-1.3430888e-06,2.27136888e-06,9.38910489e-07,-1],"scale":1,"type":"pallet"}
{"ctxid":0,"pos":[44.8020401,682.764832,75.4909515],"rotationMatrix":[-0.473280787,-0.880911589,-2.05834453e-06,-0.880911589,0.473280787,-8.66251639e-07,1.73726607e-06,1.40323937e-06,-1],"scale":1,"type":"pallet"}
{"ctxid":0,"pos":[44.8020401,682.764832,75.3407059],"rotationMatrix":[-0.517189622,-0.855870903,-1.81992607e-06,-0.855870903,0.517189562,-8.66251526e-07,1.68264626e-06,1.10960548e-06,-1],"scale":1,"type":"pallet"}
{"ctxid":0,"pos":[44.8020401,682.764832,75.2924042],"rotationMatrix":[-0.912462473,-0.409160495,0,0.409160495,-0.912462473,0,0,0,1],"scale":1,"type":"pallet"}
{"ctxid":0,"pos":[44.8020401,682.764832,75.1428146],"rotationMatrix":[0.82271117,0.56845957,0,-0.56845957,0.82271117,0,0,0,1],"scale":1,"type":"pallet"}
{"ctxid":0,"pos":[44.8020401,682.764832,74.9978638],"rotationMatrix":[-0.448571205,0.893747032,0,-0.893747032,-0.448571205,0,0,0,1],"scale":1,"type":"pallet"}
{"ctxid":0,"pos":[44.8020401,682.764832,74.8497925],"rotationMatrix":[-0.514307022,0.857606113,0,-0.857606113,-0.514307022,0,0,0,1],"scale":1,"type":"pallet"}
{"ctxid":0,"pos":[29.5594692,651.087097,75.6159515],"rotationMatrix":[0.998841166,0.00146877579,0.0481057093,0.0475657061,0.122233689,-0.991360903,-0.0073362235,0.992500305,0.122022212],"scale":1,"type":"pallet"}
{"ctxid":0,"pos":[29.5596142,650.29187,77.0411224],"rotationMatrix":[-0.235147715,0.971959651,0,-0.971959651,-0.235147715,0,0,0,1],"scale":1,"type":"pallet"}
{"ctxid":0,"pos":[29.3206081,650.272705,76.9028244],"rotationMatrix":[-0.0801671743,0.996781409,0,-0.996781409,-0.0801671743,0,0,0,1],"scale":1,"type":"pallet"}
{"ctxid":0,"pos":[29.3206081,650.272705,76.647789],"rotationMatrix":[-0.0330593586,-0.999453425,-2.53518192e-06,-0.999453425,0.0330593586,-1.50995788e-07,2.3472478e-07,2.52880409e-06,-1],"scale":1,"type":"pallet"}
{"ctxid":0,"pos":[29.3206081,650.272705,76.62117],"rotationMatrix":[0.0384316444,-0.99926126,0,0.99926126,0.0384316444,0,0,0,1],"scale":1,"type":"pallet"}
{"ctxid":0,"pos":[29.3206081,650.272705,76.4755783],"rotationMatrix":[0.0384316444,-0.99926126,0,0.99926126,0.0384316444,0,0,0,1],"scale":1,"type":"pallet"}
{"ctxid":0,"pos":[29.3206081,650.272705,76.3284225],"rotationMatrix":[0.00901424885,-0.99995935,0,0.99995935,0.00901424885,0,0,0,1],"scale":1,"type":"pallet"}
{"ctxid":0,"pos":[29.3206081,650.272705,76.1750336],"rotationMatrix":[0.0785475969,-0.996910393,0,0.996910393,0.0785475969,0,0,0,1],"scale":1,"type":"pallet"}
{"ctxid":0,"pos":[29.3206081,650.272705,76.0190506],"rotationMatrix":[0.0176861882,-0.999843597,0,0.999843597,0.0176861882,0,0,0,1],"scale":1,"type":"pallet"}
{"ctxid":0,"pos":[29.3206081,650.272705,75.887001],"rotationMatrix":[-0.054041028,-0.998538733,0,0.998538733,-0.054041028,0,0,0,1],"scale":1,"type":"pallet"}
{"ctxid":0,"pos":[29.3206081,650.272705,75.6354752],"rotationMatrix":[-0.140272617,-0.990112901,-2.7736005e-06,-0.990112901,0.140272677,-3.89414367e-07,7.74624482e-07,2.69155316e-06,-1],"scale":1,"type":"pallet"}
{"ctxid":0,"pos":[29.3206081,650.272705,75.4909515],"rotationMatrix":[-0.0330593586,-0.999453425,-2.53518192e-06,-0.999453425,0.0330593586,-1.50995788e-07,2.3472478e-07,2.52880409e-06,-1],"scale":1,"type":"pallet"}
{"ctxid":0,"pos":[29.3206081,650.272705,75.3407059],"rotationMatrix":[-0.0835204124,-0.996506035,-2.29676289e-06,-0.996506035,0.0835205317,-1.50995788e-07,3.42295039e-07,2.27612691e-06,-0.999999881],"scale":1,"type":"pallet"}
{"ctxid":0,"pos":[29.3206081,650.272705,75.2924042],"rotationMatrix":[0.0835193992,-0.996506155,0,0.996506155,0.0835193992,0,0,0,1],"scale":1,"type":"pallet"}
{"ctxid":0,"pos":[29.3206081,650.272705,75.1428146],"rotationMatrix":[-0.0835181475,0.996506214,0,-0.996506214,-0.0835181475,0,0,0,1],"scale":1,"type":"pallet"}
{"ctxid":0,"pos":[29.3206081,650.272705,74.9978638],"rotationMatrix":[-0.00522017479,0.99998641,0,-0.99998641,-0.00522017479,0,0,0,1],"scale":1,"type":"pallet"}
{"ctxid":0,"pos":[29.3206081,650.272705,74.8497925],"rotationMatrix":[-0.0801671743,0.996781409,0,-0.996781409,-0.0801671743,0,0,0,1],"scale":1,"type":"pallet"}
{"ctxid":0,"pos":[29.1443768,651.917542,74.8820572],"rotationMatrix":[0.142633796,-0.989775538,0,0.989775538,0.142633796,0,0,0,1],"scale":1,"type":"pallet"}
{"ctxid":0,"pos":[29.1443768,651.917542,74.9086761],"rotationMatrix":[-0.137310624,-0.990527987,-1.34308857e-06,-0.990527987,0.137310743,-1.50995788e-07,3.33986065e-07,1.3096336e-06,-0.999999881],"scale":1,"type":"pallet"}
{"ctxid":0,"pos":[29.1443768,651.917542,75.1637115],"rotationMatrix":[-0.183882594,0.982948124,0,-0.982948124,-0.183882594,0,0,0,1],"scale":1,"type":"pallet"}
{"ctxid":0,"pos":[29.1443768,651.917542,75.3020096],"rotationMatrix":[-0.335420847,0.942068279,0,-0.942068279,-0.335420847,0,0,0,1],"scale":1,"type":"pallet"}
{"ctxid":0,"pos":[27.7913227,684.807312,78.3607101],"rotationMatrix":[-0.22090137,0.97529608,0,-0.97529608,-0.22090137,0,0,0,1],"scale":1,"type":"pallet"}
{"ctxid":0,"pos":[27.7913227,684.807312,78.2286606],"rotationMatrix":[-0.150410652,0.988623559,0,-0.988623559,-0.150410652,0,0,0,1],"scale":1,"type":"pallet"}
{"ctxid":0,"pos":[27.7913227,684.807312,77.9771347],"rotationMatrix":[0.566397786,0.824132025,2.77360027e-06,0.824132025,-0.566397905,2.05834453e-06,3.26730856e-06,1.11997088e-06,-1],"scale":1,"type":"pallet"}
{"ctxid":0,"pos":[27.7913227,684.807312,77.8326111],"rotationMatrix":[0.474555194,0.880225778,2.77360027e-06,0.880225778,-0.474555254,1.58150726e-06,2.70830992e-06,1.69088173e-06,-1],"scale":1,"type":"pallet"}
{"ctxid":0,"pos":[27.7913227,684.807312,77.6823654],"rotationMatrix":[0.51842773,0.855121434,2.53518147e-06,0.855121434,-0.51842761,1.58150704e-06,2.66668894e-06,1.34799109e-06,-0.999999881],"scale":1,"type":"pallet"}
{"ctxid":0,"pos":[27.7913227,684.807312,77.6340637],"rotationMatrix":[-0.51842618,0.855122387,0,-0.855122387,-0.51842618,0,0,0,1],"scale":1,"type":"pallet"}
{"ctxid":0,"pos":[27.7913227,684.807312,77.4844742],"rotationMatrix":[0.518424869,-0.855123162,0,0.855123162,0.518424869,0,0,0,1],"scale":1,"type":"pallet"}
{"ctxid":0,"pos":[27.7913227,684.807312,77.3395233],"rotationMatrix":[0.449863732,-0.893097162,0,0.893097162,0.449863732,0,0,0,1],"scale":1,"type":"pallet"}
{"ctxid":0,"pos":[27.7913227,684.807312,77.191452],"rotationMatrix":[0.515546799,-0.856861413,0,0.856861413,0.515546799,0,0,0,1],"scale":1,"type":"pallet"}
{"ctxid":0,"pos":[27.7902966,684.811401,74.8497925],"rotationMatrix":[0.313524187,-0.949580252,0,0.949580252,0.313524187,0,0,0,1],"scale":1,"type":"pallet"}
{"ctxid":0,"pos":[27.7902966,684.811401,74.9978638],"rotationMatrix":[0.241458774,-0.970411122,0,0.970411122,0.241458774,0,0,0,1],"scale":1,"type":"pallet"}
{"ctxid":0,"pos":[27.7902966,684.811401,75.1428146],"rotationMatrix":[0.3167153,-0.94852066,0,0.94852066,0.3167153,0,0,0,1],"scale":1,"type":"pallet"}
{"ctxid":0,"pos":[27.7902966,684.811401,75.2924042],"rotationMatrix":[-0.316716075,0.948520303,0,-0.948520303,-0.316716075,0,0,0,1],"scale":1,"type":"pallet"}
{"ctxid":0,"pos":[27.7902966,684.811401,75.3407059],"rotationMatrix":[0.316717625,0.948519886,2.29676311e-06,0.948519886,-0.316717625,8.66251298e-07,1.54908207e-06,1.90416824e-06,-1],"scale":1,"type":"pallet"}
{"ctxid":0,"pos":[27.7902966,684.811401,75.4909515],"rotationMatrix":[0.268383503,0.963312149,2.77360027e-06,0.963312149,-0.268383503,6.27832719e-07,1.34918741e-06,2.50334278e-06,-1],"scale":1,"type":"pallet"}
{"ctxid":0,"pos":[27.7902966,684.811401,75.6354752],"rotationMatrix":[0.370349765,0.928892374,2.77360004e-06,0.928892374,-0.370349646,1.10466999e-06,2.05332162e-06,2.16726175e-06,-0.999999881],"scale":1,"type":"pallet"}
{"ctxid":0,"pos":[27.7902966,684.811401,75.887001],"rotationMatrix":[-0.183535099,0.983013093,0,-0.983013093,-0.183535099,0,0,0,1],"scale":1,"type":"pallet"}
{"ctxid":0,"pos":[27.7902966,684.811401,76.0190506],"rotationMatrix":[-0.253538013,0.967325389,0,-0.967325389,-0.253538013,0,0,0,1],"scale":1,"type":"pallet"}
{"ctxid":0,"pos":[27.7902966,684.811401,76.1750336],"rotationMatrix":[-0.31198144,0.950088322,0,-0.950088322,-0.31198144,0,0,0,1],"scale":1,"type":"pallet"}
{"ctxid":0,"pos":[27.7902966,684.811401,76.3284225],"rotationMatrix":[-0.245139122,0.969487786,0,-0.969487786,-0.245139122,0,0,0,1],"scale":1,"type":"pallet"}
{"ctxid":0,"pos":[27.7902966,684.811401,76.4755783],"rotationMatrix":[-0.273557544,0.96185571,0,-0.96185571,-0.273557544,0,0,0,1],"scale":1,"type":"pallet"}
{"ctxid":0,"pos":[27.7902966,684.811401,76.62117],"rotationMatrix":[-0.273557544,0.96185571,0,-0.96185571,-0.273557544,0,0,0,1],"scale":1,"type":"pallet"}
{"ctxid":0,"pos":[27.7902966,684.811401,76.647789],"rotationMatrix":[0.268383503,0.963312149,2.77360027e-06,0.963312149,-0.268383503,6.27832719e-07,1.34918741e-06,2.50334278e-06,-1],"scale":1,"type":"pallet"}
{"ctxid":0,"pos":[27.7902966,684.811401,76.9028244],"rotationMatrix":[0.313524187,-0.949580252,0,0.949580252,0.313524187,0,0,0,1],"scale":1,"type":"pallet"}
{"ctxid":0,"pos":[27.7902966,684.811401,77.0411224],"rotationMatrix":[0.45824486,-0.888826013,0,0.888826013,0.45824486,0,0,0,1],"scale":1,"type":"pallet"}
{"ctxid":0,"pos":[27.3911076,682.723755,77.0411224],"rotationMatrix":[-0.997048259,-0.0767757446,0,0.0767757446,-0.997048259,0,0,0,1],"scale":1,"type":"pallet"}
{"ctxid":0,"pos":[27.3717842,682.484802,76.9028244],"rotationMatrix":[-0.996780515,0.0801794231,0,-0.0801794231,-0.996780515,0,0,0,1],"scale":1,"type":"pallet"}
{"ctxid":0,"pos":[27.3717842,682.484802,76.647789],"rotationMatrix":[-0.991888881,-0.127108276,-3.89414652e-07,-0.127108276,0.991888821,-3.01201885e-06,7.69108567e-07,-2.93809012e-06,-1],"scale":1,"type":"pallet"}
{"ctxid":0,"pos":[27.3717842,682.484802,76.62117],"rotationMatrix":[0.992557704,-0.121775098,0,0.121775098,0.992557704,0,0,0,1],"scale":1,"type":"pallet"}
{"ctxid":0,"pos":[27.3717842,682.484802,76.4755783],"rotationMatrix":[0.992557704,-0.121775098,0,0.121775098,0.992557704,0,0,0,1],"scale":1,"type":"pallet"}
{"ctxid":0,"pos":[27.3717842,682.484802,76.3284225],"rotationMatrix":[0.98854512,-0.150925741,0,0.150925741,0.98854512,0,0,0,1],"scale":1,"type":"pallet"}
{"ctxid":0,"pos":[27.3717842,682.484802,76.1750336],"rotationMatrix":[0.996648908,-0.0817985237,0,0.0817985237,0.996648908,0,0,0,1],"scale":1,"type":"pallet"}
{"ctxid":0,"pos":[27.3717842,682.484802,76.0190506],"rotationMatrix":[0.989816904,-0.142346546,0,0.142346546,0.989816904,0,0,0,1],"scale":1,"type":"pallet"}
{"ctxid":0,"pos":[27.3717842,682.484802,75.887001],"rotationMatrix":[0.97706455,-0.21294333,0,0.21294333,0.97706455,0,0,0,1],"scale":1,"type":"pallet"}
{"ctxid":0,"pos":[27.3717842,682.484802,75.6354752],"rotationMatrix":[-0.999804258,-0.0197809897,-1.50996073e-07,-0.0197809897,0.999804318,-3.25043743e-06,2.15263412e-07,-3.24681446e-06,-0.999999881],"scale":1,"type":"pallet"}
{"ctxid":0,"pos":[27.3717842,682.484802,75.4909515],"rotationMatrix":[-0.991888881,-0.127108276,-3.89414652e-07,-0.127108276,0.991888821,-3.01201885e-06,7.69108567e-07,-2.93809012e-06,-1],"scale":1,"type":"pallet"}
{"ctxid":0,"pos":[27.3717842,682.484802,75.3407059],"rotationMatrix":[-0.997044683,-0.0768249184,-3.89414623e-07,-0.0768249184,0.997044623,-2.77360004e-06,6.01345334e-07,-2.73548631e-06,-1],"scale":1,"type":"pallet"}
{"ctxid":0,"pos":[27.3717842,682.484802,75.2924042],"rotationMatrix":[0.997044504,-0.0768265277,0,0.0768265277,0.997044504,0,0,0,1],"scale":1,"type":"pallet"}
{"ctxid":0,"pos":[27.3717842,682.484802,75.1428146],"rotationMatrix":[-0.997044444,0.076827623,0,-0.076827623,-0.997044444,0,0,0,1],"scale":1,"type":"pallet"}
{"ctxid":0,"pos":[27.3717842,682.484802,74.9978638],"rotationMatrix":[-0.987965345,0.154675752,0,-0.154675752,-0.987965345,0,0,0,1],"scale":1,"type":"pallet"}
{"ctxid":0,"pos":[27.3717842,682.484802,74.8497925],"rotationMatrix":[-0.996780515,0.0801794231,0,-0.0801794231,-0.996780515,0,0,0,1],"scale":1,"type":"pallet"}
{"ctxid":0,"pos":[31.6804276,650.631836,77.0411224],"rotationMatrix":[0.999677122,0.0254106913,0,-0.0254106913,0.999677122,0,0,0,1],"scale":1,"type":"pallet"}
{"ctxid":0,"pos":[31.6804276,650.631836,76.9028244],"rotationMatrix":[0.991339564,-0.131323591,0,0.131323591,0.991339564,0,0,0,1],"scale":1,"type":"pallet"}
{"ctxid":0,"pos":[31.6804276,650.631836,76.647789],"rotationMatrix":[0.984041631,0.177938432,6.27832947e-07,0.177938432,-0.984041691,3.25043743e-06,1.19619153e-06,-3.08685026e-06,-1],"scale":1,"type":"pallet"}
{"ctxid":0,"pos":[31.6804276,650.631836,76.62117],"rotationMatrix":[-0.984983802,0.172646478,0,-0.172646478,-0.984983802,0,0,0,1],"scale":1,"type":"pallet"}
{"ctxid":0,"pos":[31.6804276,650.631836,76.4755783],"rotationMatrix":[-0.984983802,0.172646478,0,-0.172646478,-0.984983802,0,0,0,1],"scale":1,"type":"pallet"}
{"ctxid":0,"pos":[31.6804276,650.631836,76.3284225],"rotationMatrix":[-0.979477882,0.201552242,0,-0.201552242,-0.979477882,0,0,0,1],"scale":1,"type":"pallet"}
{"ctxid":0,"pos":[31.6804276,650.631836,76.1750336],"rotationMatrix":[-0.991124988,0.132933348,0,-0.132933348,-0.991124988,0,0,0,1],"scale":1,"type":"pallet"}
{"ctxid":0,"pos":[31.6804276,650.631836,76.0190506],"rotationMatrix":[-0.981188893,0.193050042,0,-0.193050042,-0.981188893,0,0,0,1],"scale":1,"type":"pallet"}
{"ctxid":0,"pos":[31.6804276,650.631836,75.887001],"rotationMatrix":[-0.964823842,0.262897551,0,-0.262897551,-0.964823842,0,0,0,1],"scale":1,"type":"pallet"}
{"ctxid":0,"pos":[31.6804276,650.631836,75.6354752],"rotationMatrix":[0.997464895,0.0711600855,1.50995803e-07,0.0711600855,-0.997465014,3.48885624e-06,3.98880331e-07,-3.46926663e-06,-1],"scale":1,"type":"pallet"}
{"ctxid":0,"pos":[31.6804276,650.631836,75.4909515],"rotationMatrix":[0.984041631,0.177938432,6.27832947e-07,0.177938432,-0.984041691,3.25043743e-06,1.19619153e-06,-3.08685026e-06,-1],"scale":1,"type":"pallet"}
{"ctxid":0,"pos":[31.6804276,650.631836,75.3407059],"rotationMatrix":[0.99177587,0.127986684,3.89414367e-07,0.127986684,-0.99177587,3.01201885e-06,7.7171012e-07,-2.937408e-06,-1],"scale":1,"type":"pallet"}
{"ctxid":0,"pos":[31.6804276,650.631836,75.2924042],"rotationMatrix":[-0.991775632,0.127988264,0,-0.127988264,-0.991775632,0,0,0,1],"scale":1,"type":"pallet"}
{"ctxid":0,"pos":[31.6804276,650.631836,75.1428146],"rotationMatrix":[0.991775513,-0.127989784,0,0.127989784,0.991775513,0,0,0,1],"scale":1,"type":"pallet"}
{"ctxid":0,"pos":[31.6804276,650.631836,74.9978638],"rotationMatrix":[0.978705823,-0.205267906,0,0.205267906,0.978705823,0,0,0,1],"scale":1,"type":"pallet"}
{"ctxid":0,"pos":[31.6804276,650.631836,74.8497925],"rotationMatrix":[0.991339564,-0.131323591,0,0.131323591,0.991339564,0,0,0,1],"scale":1,"type":"pallet"}
{"ctxid":0,"pos":[31.6845589,650.63092,77.191452],"rotationMatrix":[0.995858669,0.0909145772,0,-0.0909145772,0.995858669,0,0,0,1],"scale":1,"type":"pallet"}
{"ctxid":0,"pos":[31.6845589,650.63092,77.3395233],"rotationMatrix":[0.99987191,0.016005937,0,-0.016005937,0.99987191,0,0,0,1],"scale":1,"type":"pallet"}
{"ctxid":0,"pos":[31.6845589,650.63092,77.4844742],"rotationMatrix":[0.995547414,0.0942623094,0,-0.0942623094,0.995547414,0,0,0,1],"scale":1,"type":"pallet"}
{"ctxid":0,"pos":[31.6845589,650.63092,77.6340637],"rotationMatrix":[-0.995547414,-0.0942633525,0,0.0942633525,-0.995547414,0,0,0,1],"scale":1,"type":"pallet"}
{"ctxid":0,"pos":[31.6845589,650.63092,77.6823654],"rotationMatrix":[0.995547116,-0.0942651108,-3.89414367e-07,-0.0942651108,-0.995547175,3.48885601e-06,-7.16557793e-07,-3.43661236e-06,-1],"scale":1,"type":"pallet"}
{"ctxid":0,"pos":[31.6845589,650.63092,77.8326111],"rotationMatrix":[0.999038637,-0.0438388512,-1.50995788e-07,-0.0438388512,-0.999038577,3.72727459e-06,-3.14250087e-07,-3.71707188e-06,-1],"scale":1,"type":"pallet"}
{"ctxid":0,"pos":[31.6845589,650.63092,77.9771347],"rotationMatrix":[0.988542378,-0.150943592,-6.27832947e-07,-0.150943592,-0.988542318,3.96569294e-06,-1.2192354e-06,-3.82548797e-06,-1],"scale":1,"type":"pallet"}
{"ctxid":0,"pos":[31.6845589,650.63092,78.2286606],"rotationMatrix":[-0.955448031,0.295159191,0,-0.295159191,-0.955448031,0,0,0,1],"scale":1,"type":"pallet"}
{"ctxid":0,"pos":[31.6845589,650.63092,78.3607101],"rotationMatrix":[-0.9741503,0.225900352,0,-0.225900352,-0.9741503,0,0,0,1],"scale":1,"type":"pallet"}
{"ctxid":0,"pos":[-72.0679932,652.029663,74.8497696],"rotationMatrix":[0.0703387856,0.997523129,0,-0.997523129,0.0703387856,0,0,0,1],"scale":1,"type":"pallet"}
{"ctxid":0,"pos":[-72.0679932,652.029663,74.9978409],"rotationMatrix":[0.144918203,0.98944366,0,-0.98944366,0.144918203,0,0,0,1],"scale":1,"type":"pallet"}
{"ctxid":0,"pos":[-72.0679932,652.029663,75.1427917],"rotationMatrix":[0.0669846535,0.997754097,0,-0.997754097,0.0669846535,0,0,0,1],"scale":1,"type":"pallet"}
{"ctxid":0,"pos":[-72.0679932,652.029663,75.2923813],"rotationMatrix":[-0.066983223,-0.997754097,0,0.997754097,-0.066983223,0,0,0,1],"scale":1,"type":"pallet"}
{"ctxid":0,"pos":[-72.0679932,652.029663,75.340683],"rotationMatrix":[0.0669804215,-0.997754276,-3.72727459e-06,-0.997754276,-0.0669803619,1.50996357e-07,-4.00311592e-07,3.70879047e-06,-1],"scale":1,"type":"pallet"}
{"ctxid":0,"pos":[-72.0679932,652.029663,75.4909286],"rotationMatrix":[0.117312253,-0.9930951,-3.9656934e-06,-0.9930951,-0.117312431,3.89414822e-07,-8.51950745e-07,3.89262732e-06,-1.00000024],"scale":1,"type":"pallet"}
{"ctxid":0,"pos":[-72.0679932,652.029663,75.6354523],"rotationMatrix":[0.00991225243,-0.999950886,-4.20411152e-06,-0.999950886,-0.00991225243,1.50995902e-07,-1.92660536e-07,4.20240849e-06,-1],"scale":1,"type":"pallet"}
{"ctxid":0,"pos":[-72.0679932,652.029663,75.8869781],"rotationMatrix":[-0.203290343,-0.979118526,0,0.979118526,-0.203290343,0,0,0,1],"scale":1,"type":"pallet"}
{"ctxid":0,"pos":[-72.0679932,652.029663,76.0190277],"rotationMatrix":[-0.13257134,-0.991173506,0,0.991173506,-0.13257134,0,0,0,1],"scale":1,"type":"pallet"}
{"ctxid":0,"pos":[-72.0679932,652.029663,76.1750107],"rotationMatrix":[-0.0719586611,-0.997407615,0,0.997407615,-0.0719586611,0,0,0,1],"scale":1,"type":"pallet"}
{"ctxid":0,"pos":[-72.0679932,652.029663,76.3283997],"rotationMatrix":[-0.141162753,-0.98998636,0,0.98998636,-0.141162753,0,0,0,1],"scale":1,"type":"pallet"}
{"ctxid":0,"pos":[-72.0679932,652.029663,76.4755554],"rotationMatrix":[-0.11197412,-0.993711174,0,0.993711174,-0.11197412,0,0,0,1],"scale":1,"type":"pallet"}
{"ctxid":0,"pos":[-72.0679932,652.029663,76.6211472],"rotationMatrix":[-0.11197412,-0.993711174,0,0.993711174,-0.11197412,0,0,0,1],"scale":1,"type":"pallet"}
{"ctxid":0,"pos":[-72.0679932,652.029663,76.6477661],"rotationMatrix":[0.117312253,-0.9930951,-3.9656934e-06,-0.9930951,-0.117312431,3.89414822e-07,-8.51950745e-07,3.89262732e-06,-1.00000024],"scale":1,"type":"pallet"}
{"ctxid":0,"pos":[-72.0679932,652.029663,76.9028015],"rotationMatrix":[0.0703387856,0.997523129,0,-0.997523129,0.0703387856,0,0,0,1],"scale":1,"type":"pallet"}
{"ctxid":0,"pos":[-71.8288574,652.012695,77.0410995],"rotationMatrix":[-0.0866116285,0.996242106,0,-0.996242106,-0.0866116285,0,0,0,1],"scale":1,"type":"pallet"}
{"ctxid":0,"pos":[-69.7373581,651.634216,77.0410995],"rotationMatrix":[-0.884260416,-0.466994196,0,0.466994196,-0.884260416,0,0,0,1],"scale":1,"type":"pallet"}
{"ctxid":0,"pos":[-69.7373581,651.634216,76.9028015],"rotationMatrix":[-0.946439862,-0.322880447,0,0.322880447,-0.946439862,0,0,0,1],"scale":1,"type":"pallet"}
{"ctxid":0,"pos":[-69.7373581,651.634216,76.6477661],"rotationMatrix":[-0.960616469,0.277878135,8.66251298e-07,0.277878135,0.96061635,-3.48885578e-06,-1.8016118e-06,-3.11073973e-06,-1.00000024],"scale":1,"type":"pallet"}
{"ctxid":0,"pos":[-69.7373581,651.634216,76.6211472],"rotationMatrix":[0.959108949,0.283037186,0,-0.283037186,0.959108949,0,0,0,1],"scale":1,"type":"pallet"}
{"ctxid":0,"pos":[-69.7373581,651.634216,76.4755554],"rotationMatrix":[0.959108949,0.283037186,0,-0.283037186,0.959108949,0,0,0,1],"scale":1,"type":"pallet"}
{"ctxid":0,"pos":[-69.7373581,651.634216,76.3283997],"rotationMatrix":[0.967021346,0.254695445,0,-0.254695445,0.967021346,0,0,0,1],"scale":1,"type":"pallet"}
{"ctxid":0,"pos":[-69.7373581,651.634216,76.1750107],"rotationMatrix":[0.946962953,0.321342826,0,-0.321342826,0.946962953,0,0,0,1],"scale":1,"type":"pallet"}
{"ctxid":0,"pos":[-69.7373581,651.634216,76.0190277],"rotationMatrix":[0.964776099,0.263072461,0,-0.263072461,0.964776099,0,0,0,1],"scale":1,"type":"pallet"}
{"ctxid":0,"pos":[-69.7373581,651.634216,75.8869781],"rotationMatrix":[0.981153905,0.193227917,0,-0.193227917,0.981153905,0,0,0,1],"scale":1,"type":"pallet"}
{"ctxid":0,"pos":[-69.7373581,651.634216,75.6354523],"rotationMatrix":[-0.925191879,0.379499584,1.34308834e-06,0.379499584,0.925191879,-3.72727459e-06,-2.65711355e-06,-2.93874268e-06,-1],"scale":1,"type":"pallet"}
{"ctxid":0,"pos":[-69.7373581,651.634216,75.4909286],"rotationMatrix":[-0.960616469,0.277878135,8.66251298e-07,0.277878135,0.96061635,-3.48885578e-06,-1.8016118e-06,-3.11073973e-06,-1.00000024],"scale":1,"type":"pallet"}
{"ctxid":0,"pos":[-69.7373581,651.634216,75.340683],"rotationMatrix":[-0.945347667,0.326063871,1.10466999e-06,0.326063871,0.945347726,-3.25043743e-06,-2.10414737e-06,-2.71260092e-06,-0.999999881],"scale":1,"type":"pallet"}
{"ctxid":0,"pos":[-69.7373581,651.634216,75.2923813],"rotationMatrix":[0.945348501,0.326061755,0,-0.326061755,0.945348501,0,0,0,1],"scale":1,"type":"pallet"}
{"ctxid":0,"pos":[-69.7373581,651.634216,75.1427917],"rotationMatrix":[-0.945348859,-0.326060712,0,0.326060712,-0.945348859,0,0,0,1],"scale":1,"type":"pallet"}
{"ctxid":0,"pos":[-69.7373581,651.634216,74.9978409],"rotationMatrix":[-0.967980862,-0.251023918,0,0.251023918,-0.967980862,0,0,0,1],"scale":1,"type":"pallet"}
{"ctxid":0,"pos":[-69.7373581,651.634216,74.8497696],"rotationMatrix":[-0.946439862,-0.322880447,0,0.322880447,-0.946439862,0,0,0,1],"scale":1,"type":"pallet"}
{"ctxid":0,"pos":[-69.7414551,651.633118,77.1914291],"rotationMatrix":[-0.851731777,-0.523978353,0,0.523978353,-0.851731777,0,0,0,1],"scale":1,"type":"pallet"}
{"ctxid":0,"pos":[-69.7414551,651.633118,77.3395004],"rotationMatrix":[-0.888614058,-0.458655596,0,0.458655596,-0.888614058,0,0,0,1],"scale":1,"type":"pallet"}
{"ctxid":0,"pos":[-69.7414551,651.633118,77.4844513],"rotationMatrix":[-0.849965215,-0.526838958,0,0.526838958,-0.849965215,0,0,0,1],"scale":1,"type":"pallet"}
{"ctxid":0,"pos":[-69.7414551,651.633118,77.6340408],"rotationMatrix":[0.849964261,0.526840329,0,-0.526840329,0.849964261,0,0,0,1],"scale":1,"type":"pallet"}
{"ctxid":0,"pos":[-69.7414551,651.633118,77.6823425],"rotationMatrix":[-0.849963188,0.526842058,2.05834431e-06,0.526842058,0.849963188,-3.2504372e-06,-3.46198385e-06,-1.67832968e-06,-1],"scale":1,"type":"pallet"}
{"ctxid":0,"pos":[-69.7414551,651.633118,77.8325882],"rotationMatrix":[-0.875499249,0.483219683,1.81992561e-06,0.483219683,0.875499129,-3.72727482e-06,-3.39443568e-06,-2.38380198e-06,-1],"scale":1,"type":"pallet"}
{"ctxid":0,"pos":[-69.7414551,651.633118,77.9771118],"rotationMatrix":[-0.818501711,0.574504256,2.53518147e-06,0.574504256,0.818501592,-3.72727482e-06,-4.21638515e-06,-1.59430795e-06,-1],"scale":1,"type":"pallet"}
{"ctxid":0,"pos":[-69.7414551,651.633118,78.2286377],"rotationMatrix":[0.987091005,0.160160303,0,-0.160160303,0.987091005,0,0,0,1],"scale":1,"type":"pallet"}
{"ctxid":0,"pos":[-69.7414551,651.633118,78.3606873],"rotationMatrix":[0.973068535,0.230516061,0,-0.230516061,0.973068535,0,0,0,1],"scale":1,"type":"pallet"}
{"ctxid":0,"pos":[-69.3136826,650.430237,75.2859955],"rotationMatrix":[-0.0718775988,0.949496746,-0.305433214,-0.253645867,0.278757334,0.926260233,0.964622915,0.144049257,0.220799565],"scale":1,"type":"pallet"}
{"ctxid":0,"pos":[-69.3699646,650.581543,75.275444],"rotationMatrix":[-0.0445798635,0.937818885,-0.344250411,-0.258595496,0.322015345,0.910732925,0.964956403,0.129622042,0.228160381],"scale":1,"type":"pallet"}
{"ctxid":0,"pos":[-23.8664932,699.066101,78.3606873],"rotationMatrix":[-0.384102583,0.923290431,0,-0.923290431,-0.384102583,0,0,0,1],"scale":1,"type":"pallet"}
{"ctxid":0,"pos":[-23.8664932,699.066101,78.2286377],"rotationMatrix":[-0.316920161,0.948452234,0,-0.948452234,-0.316920161,0,0,0,1],"scale":1,"type":"pallet"}
{"ctxid":0,"pos":[-23.8664932,699.066101,77.9771118],"rotationMatrix":[0.698733568,0.71538198,3.2504372e-06,0.71538198,-0.698733687,3.2504372e-06,4.59649391e-06,5.41143663e-08,-1],"scale":1,"type":"pallet"}
{"ctxid":0,"pos":[-23.8664932,699.066101,77.8325882],"rotationMatrix":[0.617810965,0.786326647,3.48885601e-06,0.786326647,-0.617811084,2.77360004e-06,4.33640935e-06,1.0298196e-06,-1],"scale":1,"type":"pallet"}
{"ctxid":0,"pos":[-23.8664932,699.066101,77.6823425],"rotationMatrix":[0.656755626,0.754103482,3.2504372e-06,0.754103482,-0.656755567,2.77360004e-06,4.22632411e-06,6.29588726e-07,-1],"scale":1,"type":"pallet"}
{"ctxid":0,"pos":[-23.8664932,699.066101,77.6340408],"rotationMatrix":[-0.656754017,0.754104853,0,-0.754104853,-0.656754017,0,0,0,1],"scale":1,"type":"pallet"}
{"ctxid":0,"pos":[-23.8664932,699.066101,77.4844513],"rotationMatrix":[0.656752944,-0.754105866,0,0.754105866,0.656752944,0,0,0,1],"scale":1,"type":"pallet"}
{"ctxid":0,"pos":[-23.8664932,699.066101,77.3395004],"rotationMatrix":[0.595677733,-0.80322361,0,0.80322361,0.595677733,0,0,0,1],"scale":1,"type":"pallet"}
{"ctxid":0,"pos":[-23.8664932,699.066101,77.1914291],"rotationMatrix":[0.654213548,-0.756309867,0,0.756309867,0.654213548,0,0,0,1],"scale":1,"type":"pallet"}
{"ctxid":0,"pos":[-23.8682365,699.069946,74.8497696],"rotationMatrix":[0.470977902,-0.882144988,0,0.882144988,0.470977902,0,0,0,1],"scale":1,"type":"pallet"}
{"ctxid":0,"pos":[-23.8682365,699.069946,74.9978409],"rotationMatrix":[0.403524399,-0.914968848,0,0.914968848,0.403524399,0,0,0,1],"scale":1,"type":"pallet"}
{"ctxid":0,"pos":[-23.8682365,699.069946,75.1427917],"rotationMatrix":[0.473941147,-0.880556524,0,0.880556524,0.473941147,0,0,0,1],"scale":1,"type":"pallet"}
{"ctxid":0,"pos":[-23.8682365,699.069946,75.2923813],"rotationMatrix":[-0.473942399,0.880555868,0,-0.880555868,-0.473942399,0,0,0,1],"scale":1,"type":"pallet"}
{"ctxid":0,"pos":[-23.8682365,699.069946,75.340683],"rotationMatrix":[0.473944008,0.880555034,3.25043743e-06,0.880555034,-0.473944068,1.81992561e-06,3.14306976e-06,1.9996462e-06,-1],"scale":1,"type":"pallet"}
{"ctxid":0,"pos":[-23.8682365,699.069946,75.4909286],"rotationMatrix":[0.428843379,0.903378844,3.48885624e-06,0.903378844,-0.428843379,1.58150681e-06,2.92487266e-06,2.47354001e-06,-1],"scale":1,"type":"pallet"}
{"ctxid":0,"pos":[-23.8682365,699.069946,75.6354523],"rotationMatrix":[0.523439646,0.852062762,3.48885578e-06,0.852062762,-0.523439646,2.29676289e-06,3.78319146e-06,1.77050731e-06,-1],"scale":1,"type":"pallet"}
{"ctxid":0,"pos":[-23.8682365,699.069946,75.8869781],"rotationMatrix":[-0.348601341,0.937270999,0,-0.937270999,-0.348601341,0,0,0,1],"scale":1,"type":"pallet"}
{"ctxid":0,"pos":[-23.8682365,699.069946,76.0190277],"rotationMatrix":[-0.414900184,0.909866929,0,-0.909866929,-0.414900184,0,0,0,1],"scale":1,"type":"pallet"}
{"ctxid":0,"pos":[-23.8682365,699.069946,76.1750107],"rotationMatrix":[-0.46954453,0.882908821,0,-0.882908821,-0.46954453,0,0,0,1],"scale":1,"type":"pallet"}
{"ctxid":0,"pos":[-23.8682365,699.069946,76.3283997],"rotationMatrix":[-0.406993508,0.913431048,0,-0.913431048,-0.406993508,0,0,0,1],"scale":1,"type":"pallet"}
{"ctxid":0,"pos":[-23.8682365,699.069946,76.4755554],"rotationMatrix":[-0.433692575,0.90106082,0,-0.90106082,-0.433692575,0,0,0,1],"scale":1,"type":"pallet"}
{"ctxid":0,"pos":[-23.8682365,699.069946,76.6211472],"rotationMatrix":[-0.433692575,0.90106082,0,-0.90106082,-0.433692575,0,0,0,1],"scale":1,"type":"pallet"}
{"ctxid":0,"pos":[-23.8682365,699.069946,76.6477661],"rotationMatrix":[0.428843379,0.903378844,3.48885624e-06,0.903378844,-0.428843379,1.58150681e-06,2.92487266e-06,2.47354001e-06,-1],"scale":1,"type":"pallet"}
{"ctxid":0,"pos":[-23.8682365,699.069946,76.9028015],"rotationMatrix":[0.470977902,-0.882144988,0,0.882144988,0.470977902,0,0,0,1],"scale":1,"type":"pallet"}
{"ctxid":0,"pos":[-23.8682365,699.069946,77.0410995],"rotationMatrix":[0.603207052,-0.797584653,0,0.797584653,0.603207052,0,0,0,1],"scale":1,"type":"pallet"}
{"ctxid":0,"pos":[-23.9052086,696.944824,77.0410995],"rotationMatrix":[-0.96931994,-0.245802507,0,0.245802507,-0.96931994,0,0,0,1],"scale":1,"type":"pallet"}
{"ctxid":0,"pos":[-23.8834724,696.706055,76.9028015],"rotationMatrix":[-0.995841265,-0.0911038965,0,0.0911038965,-0.995841265,0,0,0,1],"scale":1,"type":"pallet"}
{"ctxid":0,"pos":[-23.8834724,696.706055,76.6477661],"rotationMatrix":[-0.999030232,0.0440300331,1.50995419e-07,0.0440300331,0.999030232,-4.20411197e-06,-3.35956173e-07,-4.1933863e-06,-1],"scale":1,"type":"pallet"}
{"ctxid":0,"pos":[-23.8834724,696.706055,76.6211472],"rotationMatrix":[0.998779178,0.0493980125,0,-0.0493980125,0.998779178,0,0,0,1],"scale":1,"type":"pallet"}
{"ctxid":0,"pos":[-23.8834724,696.706055,76.4755554],"rotationMatrix":[0.998779178,0.0493980125,0,-0.0493980125,0.998779178,0,0,0,1],"scale":1,"type":"pallet"}
{"ctxid":0,"pos":[-23.8834724,696.706055,76.3283997],"rotationMatrix":[0.999800205,0.0199902169,0,-0.0199902169,0.999800205,0,0,0,1],"scale":1,"type":"pallet"}
{"ctxid":0,"pos":[-23.8834724,696.706055,76.1750107],"rotationMatrix":[0.995988011,0.0894865692,0,-0.0894865692,0.995988011,0,0,0,1],"scale":1,"type":"pallet"}
{"ctxid":0,"pos":[-23.8834724,696.706055,76.0190277],"rotationMatrix":[0.999589205,0.0286610536,0,-0.0286610536,0.999589205,0,0,0,1],"scale":1,"type":"pallet"}
{"ctxid":0,"pos":[-23.8834724,696.706055,75.8869781],"rotationMatrix":[0.999071777,-0.0430764481,0,0.0430764481,0.999071777,0,0,0,1],"scale":1,"type":"pallet"}
{"ctxid":0,"pos":[-23.8834724,696.706055,75.6354523],"rotationMatrix":[-0.98851335,0.151133686,6.27832605e-07,0.151133686,0.98851335,-4.4425301e-06,-1.29203681e-06,-4.2966135e-06,-1],"scale":1,"type":"pallet"}
{"ctxid":0,"pos":[-23.8834724,696.706055,75.4909286],"rotationMatrix":[-0.999030232,0.0440300331,1.50995419e-07,0.0440300331,0.999030232,-4.20411197e-06,-3.35956173e-07,-4.1933863e-06,-1],"scale":1,"type":"pallet"}
{"ctxid":0,"pos":[-23.8834724,696.706055,75.340683],"rotationMatrix":[-0.995529056,0.0944556445,3.8941397e-07,0.0944556445,0.995529056,-3.96569294e-06,-7.6225507e-07,-3.91118056e-06,-1],"scale":1,"type":"pallet"}
{"ctxid":0,"pos":[-23.8834724,696.706055,75.2923813],"rotationMatrix":[0.995529294,0.0944531411,0,-0.0944531411,0.995529294,0,0,0,1],"scale":1,"type":"pallet"}
{"ctxid":0,"pos":[-23.8834724,696.706055,75.1427917],"rotationMatrix":[-0.995529532,-0.094451569,0,0.094451569,-0.995529532,0,0,0,1],"scale":1,"type":"pallet"}
{"ctxid":0,"pos":[-23.8834724,696.706055,74.9978409],"rotationMatrix":[-0.99986887,-0.0161962584,0,0.0161962584,-0.99986887,0,0,0,1],"scale":1,"type":"pallet"}
{"ctxid":0,"pos":[-23.8834724,696.706055,74.8497696],"rotationMatrix":[-0.995841265,-0.0911038965,0,0.0911038965,-0.995841265,0,0,0,1],"scale":1,"type":"pallet"}
{"ctxid":0,"pos":[5.86282349,680.865417,74.8498077],"rotationMatrix":[-0.993607879,0.112887569,0,-0.112887569,-0.993607879,0,0,0,1],"scale":1,"type":"pallet"}
{"ctxid":0,"pos":[5.86282349,680.865417,74.997879],"rotationMatrix":[-0.982349634,0.187053561,0,-0.187053561,-0.982349634,0,0,0,1],"scale":1,"type":"pallet"}
{"ctxid":0,"pos":[5.86282349,680.865417,75.1428299],"rotationMatrix":[0.048676312,0.998814583,0,-0.998814583,0.048676312,0,0,0,1],"scale":1,"type":"pallet"}
