{"ctxid":0,"pos":[-499.447998,525.403015,97.5258026],"rotationMatrix":[0.707081437,0.707132101,0,-0.707132101,0.707081437,0,0,0,1],"scale":1,"type":"planterbox"}
{"ctxid":0,"pos":[-497.747986,523.702026,97.5258026],"rotationMatrix":[0.707081437,0.707132101,0,-0.707132101,0.707081437,0,0,0,1],"scale":1,"type":"planterbox"}
{"ctxid":0,"pos":[-496.114014,522.067993,97.5258026],"rotationMatrix":[0.707081437,0.707132101,0,-0.707132101,0.707081437,0,0,0,1],"scale":1,"type":"planterbox"}
{"ctxid":0,"pos":[-490.424988,516.379028,97.5258026],"rotationMatrix":[0.707081437,0.707132101,0,-0.707132101,0.707081437,0,0,0,1],"scale":1,"type":"planterbox"}
{"ctxid":0,"pos":[-492.05899,518.013,97.5258026],"rotationMatrix":[0.707081437,0.707132101,0,-0.707132101,0.707081437,0,0,0,1],"scale":1,"type":"planterbox"}
{"ctxid":0,"pos":[-493.759003,519.713013,97.5258026],"rotationMatrix":[0.707081437,0.707132101,0,-0.707132101,0.707081437,0,0,0,1],"scale":1,"type":"planterbox"}
{"ctxid":0,"pos":[-488.167999,514.122009,97.5258026],"rotationMatrix":[0.707081437,0.707132101,0,-0.707132101,0.707081437,0,0,0,1],"scale":1,"type":"planterbox"}
{"ctxid":0,"pos":[-486.467987,512.421997,97.5258026],"rotationMatrix":[0.707081437,0.707132101,0,-0.707132101,0.707081437,0,0,0,1],"scale":1,"type":"planterbox"}
{"ctxid":0,"pos":[-484.833008,510.786987,97.5258026],"rotationMatrix":[0.707081437,0.707132101,0,-0.707132101,0.707081437,0,0,0,1],"scale":1,"type":"planterbox"}
{"ctxid":0,"pos":[-488.403015,504.376007,97.5258026],"rotationMatrix":[0.707081437,-0.707132101,0,0.707132101,0.707081437,0,0,0,1],"scale":1,"type":"planterbox"}
{"ctxid":0,"pos":[-486.769012,506.01001,97.5258026],"rotationMatrix":[0.707081437,-0.707132101,0,0.707132101,0.707081437,0,0,0,1],"scale":1,"type":"planterbox"}
{"ctxid":0,"pos":[-485.067993,507.709991,97.5258026],"rotationMatrix":[0.707081437,-0.707132101,0,0.707132101,0.707081437,0,0,0,1],"scale":1,"type":"planterbox"}
{"ctxid":0,"pos":[-490.785004,501.993011,97.5258026],"rotationMatrix":[0.707081437,-0.707132101,0,0.707132101,0.707081437,0,0,0,1],"scale":1,"type":"planterbox"}
{"ctxid":0,"pos":[-492.484985,500.292999,97.5258026],"rotationMatrix":[0.707081437,-0.707132101,0,0.707132101,0.707081437,0,0,0,1],"scale":1,"type":"planterbox"}
{"ctxid":0,"pos":[-494.119995,498.658997,97.5258026],"rotationMatrix":[0.707081437,-0.707132101,0,0.707132101,0.707081437,0,0,0,1],"scale":1,"type":"planterbox"}
{"ctxid":0,"pos":[-499.751007,493.028015,97.5258026],"rotationMatrix":[0.707081437,-0.707132101,0,0.707132101,0.707081437,0,0,0,1],"scale":1,"type":"planterbox"}
{"ctxid":0,"pos":[-498.115997,494.661987,97.5258026],"rotationMatrix":[0.707081437,-0.707132101,0,0.707132101,0.707081437,0,0,0,1],"scale":1,"type":"planterbox"}
{"ctxid":0,"pos":[-496.415985,496.362,97.5258026],"rotationMatrix":[0.707081437,-0.707132101,0,0.707132101,0.707081437,0,0,0,1],"scale":1,"type":"planterbox"}
{"ctxid":0,"pos":[-394.119995,415.248993,96.1835022],"rotationMatrix":[0.707081437,-0.707132101,0,0.707132101,0.707081437,0,0,0,1],"scale":1,"type":"planterbox"}
{"ctxid":0,"pos":[-399.183014,410.186005,96.2263031],"rotationMatrix":[0.707081437,-0.707132101,0,0.707132101,0.707081437,0,0,0,1],"scale":1,"type":"planterbox"}
{"ctxid":0,"pos":[-404.158997,405.209015,96.2731018],"rotationMatrix":[0.707081437,-0.707132101,0,0.707132101,0.707081437,0,0,0,1],"scale":1,"type":"planterbox"}
{"ctxid":0,"pos":[-409.527008,399.84201,96.3235016],"rotationMatrix":[0.707081437,-0.707132101,0,0.707132101,0.707081437,0,0,0,1],"scale":1,"type":"planterbox"}
{"ctxid":0,"pos":[-421.785004,412.100006,96.3434982],"rotationMatrix":[0.707081437,-0.707132101,0,0.707132101,0.707081437,0,0,0,1],"scale":1,"type":"planterbox"}
{"ctxid":0,"pos":[-416.416992,417.467987,96.2930984],"rotationMatrix":[0.707081437,-0.707132101,0,0.707132101,0.707081437,0,0,0,1],"scale":1,"type":"planterbox"}
{"ctxid":0,"pos":[-411.44101,422.442993,96.2462997],"rotationMatrix":[0.707081437,-0.707132101,0,0.707132101,0.707081437,0,0,0,1],"scale":1,"type":"planterbox"}
{"ctxid":0,"pos":[-406.377991,427.506989,96.2034988],"rotationMatrix":[0.707081437,-0.707132101,0,0.707132101,0.707081437,0,0,0,1],"scale":1,"type":"planterbox"}
{"ctxid":0,"pos":[-661.112976,780.914978,74.838501],"rotationMatrix":[0.707081437,-0.707132101,0,0.707132101,0.707081437,0,0,0,1],"scale":1,"type":"planterbox"}
{"ctxid":0,"pos":[-662.755981,782.557983,74.838501],"rotationMatrix":[0.707081437,-0.707132101,0,0.707132101,0.707081437,0,0,0,1],"scale":1,"type":"planterbox"}
{"ctxid":0,"pos":[-660.299988,777.625,74.8114014],"rotationMatrix":[0.999819517,0,0.0189982411,0,1,0,-0.0189982411,0,0.999819517],"scale":1,"type":"planterbox"}
{"ctxid":0,"pos":[-663.991028,777.625,74.8403015],"rotationMatrix":[0.999215841,0,-0.0395942219,0,1,0,0.0395942219,0,0.999215841],"scale":1,"type":"planterbox"}
{"ctxid":0,"pos":[-667.710999,777.625,75.0998001],"rotationMatrix":[0.995217562,0,-0.0976831838,0,1,0,0.0976831838,0,0.995217562],"scale":1,"type":"planterbox"}
{"ctxid":0,"pos":[-513.164978,539.119019,95.5754013],"rotationMatrix":[0.707081437,0.707132101,0,-0.707132101,0.707081437,0,0,0,1],"scale":1,"type":"planterbox"}
{"ctxid":0,"pos":[-514.799988,540.754028,95.5754013],"rotationMatrix":[0.707081437,0.707132101,0,-0.707132101,0.707081437,0,0,0,1],"scale":1,"type":"planterbox"}
{"ctxid":0,"pos":[-516.5,542.453979,95.5754013],"rotationMatrix":[0.707081437,0.707132101,0,-0.707132101,0.707081437,0,0,0,1],"scale":1,"type":"planterbox"}
{"ctxid":0,"pos":[-510.714996,536.669006,95.5754013],"rotationMatrix":[0.707081437,0.707132101,0,-0.707132101,0.707081437,0,0,0,1],"scale":1,"type":"planterbox"}
{"ctxid":0,"pos":[-509.015015,534.968994,95.5754013],"rotationMatrix":[0.707081437,0.707132101,0,-0.707132101,0.707081437,0,0,0,1],"scale":1,"type":"planterbox"}
{"ctxid":0,"pos":[-507.381012,533.335022,95.5754013],"rotationMatrix":[0.707081437,0.707132101,0,-0.707132101,0.707081437,0,0,0,1],"scale":1,"type":"planterbox"}
{"ctxid":0,"pos":[-501.757996,527.711975,95.5754013],"rotationMatrix":[0.707081437,0.707132101,0,-0.707132101,0.707081437,0,0,0,1],"scale":1,"type":"planterbox"}
{"ctxid":0,"pos":[-503.393005,529.346985,95.5754013],"rotationMatrix":[0.707081437,0.707132101,0,-0.707132101,0.707081437,0,0,0,1],"scale":1,"type":"planterbox"}
{"ctxid":0,"pos":[-505.092987,531.046997,95.5754013],"rotationMatrix":[0.707081437,0.707132101,0,-0.707132101,0.707081437,0,0,0,1],"scale":1,"type":"planterbox"}
{"ctxid":0,"pos":[-684.685974,506.515991,118.176003],"rotationMatrix":[0.707081437,-0.707132101,0,0.707132101,0.707081437,0,0,0,1],"scale":1,"type":"planterbox"}
{"ctxid":0,"pos":[-680.265015,502.091003,117.932999],"rotationMatrix":[0.707081437,-0.707132101,0,0.707132101,0.707081437,0,0,0,1],"scale":1,"type":"planterbox"}
{"ctxid":0,"pos":[-691.48999,513.325989,118.550003],"rotationMatrix":[0.707081437,-0.707132101,0,0.707132101,0.707081437,0,0,0,1],"scale":1,"type":"planterbox"}
{"ctxid":0,"pos":[-692.18103,514.018005,118.587997],"rotationMatrix":[0.707081437,-0.707132101,0,0.707132101,0.707081437,0,0,0,1],"scale":1,"type":"planterbox"}
{"ctxid":0,"pos":[-703.47699,525.325012,119.209],"rotationMatrix":[0.707081437,-0.707132101,0,0.707132101,0.707081437,0,0,0,1],"scale":1,"type":"planterbox"}
{"ctxid":0,"pos":[-704.203979,526.054016,119.249001],"rotationMatrix":[0.707081437,-0.707132101,0,0.707132101,0.707081437,0,0,0,1],"scale":1,"type":"planterbox"}
{"ctxid":0,"pos":[-710.442993,532.297974,119.593002],"rotationMatrix":[0.707081437,-0.707132101,0,0.707132101,0.707081437,0,0,0,1],"scale":1,"type":"planterbox"}
{"ctxid":0,"pos":[-717.297974,539.142029,119.969002],"rotationMatrix":[0.707081437,-0.707132101,0,0.707132101,0.707081437,0,0,0,1],"scale":1,"type":"planterbox"}
{"ctxid":0,"pos":[-674.302979,514.830994,118.061996],"rotationMatrix":[0.707081437,-0.707132101,0,0.707132101,0.707081437,0,0,0,1],"scale":1,"type":"planterbox"}
{"ctxid":0,"pos":[-681.125,521.658997,118.438004],"rotationMatrix":[0.707081437,-0.707132101,0,0.707132101,0.707081437,0,0,0,1],"scale":1,"type":"planterbox"}
{"ctxid":0,"pos":[-688.721008,529.260986,118.856003],"rotationMatrix":[0.707081437,-0.707132101,0,0.707132101,0.707081437,0,0,0,1],"scale":1,"type":"planterbox"}
{"ctxid":0,"pos":[-689.599976,530.140991,118.903999],"rotationMatrix":[0.707081437,-0.707132101,0,0.707132101,0.707081437,0,0,0,1],"scale":1,"type":"planterbox"}
{"ctxid":0,"pos":[-694.05603,534.60199,119.150002],"rotationMatrix":[0.707081437,-0.707132101,0,0.707132101,0.707081437,0,0,0,1],"scale":1,"type":"planterbox"}
{"ctxid":0,"pos":[-700.468018,541.018982,119.502998],"rotationMatrix":[0.707081437,-0.707132101,0,0.707132101,0.707081437,0,0,0,1],"scale":1,"type":"planterbox"}
{"ctxid":0,"pos":[-701.63501,542.187012,119.567001],"rotationMatrix":[0.707081437,-0.707132101,0,0.707132101,0.707081437,0,0,0,1],"scale":1,"type":"planterbox"}
{"ctxid":0,"pos":[-707.97998,548.521973,119.916],"rotationMatrix":[0.707081437,-0.707132101,0,0.707132101,0.707081437,0,0,0,1],"scale":1,"type":"planterbox"}
{"ctxid":0,"pos":[-708.734985,549.276978,119.958],"rotationMatrix":[0.707081437,-0.707132101,0,0.707132101,0.707081437,0,0,0,1],"scale":1,"type":"planterbox"}
{"ctxid":0,"pos":[-855.168945,891.360229,74.8152084],"rotationMatrix":[1,0,0,0,1,0,0,0,1],"scale":1,"type":"planterbox"}
{"ctxid":0,"pos":[-825.667114,895.597168,74.8697968],"rotationMatrix":[1,0,0,0,1,0,0,0,1],"scale":1,"type":"planterbox"}
{"ctxid":0,"pos":[-753.072998,888.435974,74.8697968],"rotationMatrix":[1,0,0,0,1,0,0,0,1],"scale":1,"type":"planterbox"}
{"ctxid":0,"pos":[-761.252991,888.435974,74.8697968],"rotationMatrix":[1,0,0,0,1,0,0,0,1],"scale":1,"type":"planterbox"}
{"ctxid":0,"pos":[-771.333984,888.435974,74.8697968],"rotationMatrix":[1,0,0,0,1,0,0,0,1],"scale":1,"type":"planterbox"}
{"ctxid":0,"pos":[-781.518982,888.435974,74.8697968],"rotationMatrix":[1,0,0,0,1,0,0,0,1],"scale":1,"type":"planterbox"}
{"ctxid":0,"pos":[-786.314026,888.435974,74.8697968],"rotationMatrix":[1,0,0,0,1,0,0,0,1],"scale":1,"type":"planterbox"}
{"ctxid":0,"pos":[-502.075012,490.703003,99.3597031],"rotationMatrix":[0.707081437,-0.707132101,0,0.707132101,0.707081437,0,0,0,1],"scale":1,"type":"planterbox"}
{"ctxid":0,"pos":[-503.774994,489.002991,99.3597031],"rotationMatrix":[0.707081437,-0.707132101,0,0.707132101,0.707081437,0,0,0,1],"scale":1,"type":"planterbox"}
{"ctxid":0,"pos":[-505.410004,487.368988,99.3597031],"rotationMatrix":[0.707081437,-0.707132101,0,0.707132101,0.707081437,0,0,0,1],"scale":1,"type":"planterbox"}
{"ctxid":0,"pos":[-592.893982,414.54599,109.959999],"rotationMatrix":[0.707081437,-0.707132101,0,0.707132101,0.707081437,0,0,0,1],"scale":1,"type":"planterbox"}
{"ctxid":0,"pos":[-597.788025,419.451996,110.621002],"rotationMatrix":[0.707081437,-0.707132101,0,0.707132101,0.707081437,0,0,0,1],"scale":1,"type":"planterbox"}
{"ctxid":0,"pos":[-601.713989,423.389008,111.124603],"rotationMatrix":[0.707081437,-0.707132101,0,0.707132101,0.707081437,0,0,0,1],"scale":1,"type":"planterbox"}
{"ctxid":0,"pos":[-606.353027,428.039001,111.722855],"rotationMatrix":[0.707081437,-0.707132101,0,0.707132101,0.707081437,0,0,0,1],"scale":1,"type":"planterbox"}
{"ctxid":0,"pos":[-616.093018,437.799988,113.010002],"rotationMatrix":[0.707081437,-0.707132101,0,0.707132101,0.707081437,0,0,0,1],"scale":1,"type":"planterbox"}
{"ctxid":0,"pos":[-620.327026,442.045013,113.663002],"rotationMatrix":[0.707081437,-0.707132101,0,0.707132101,0.707081437,0,0,0,1],"scale":1,"type":"planterbox"}
{"ctxid":0,"pos":[-580.58197,421.122986,109.507004],"rotationMatrix":[0.707081437,-0.707132101,0,0.707132101,0.707081437,0,0,0,1],"scale":1,"type":"planterbox"}
{"ctxid":0,"pos":[-591.174011,431.739014,110.956001],"rotationMatrix":[0.707081437,-0.707132101,0,0.707132101,0.707081437,0,0,0,1],"scale":1,"type":"planterbox"}
{"ctxid":0,"pos":[-594.710022,435.28299,111.433998],"rotationMatrix":[0.707081437,-0.707132101,0,0.707132101,0.707081437,0,0,0,1],"scale":1,"type":"planterbox"}
{"ctxid":0,"pos":[-598.132996,438.713013,111.896004],"rotationMatrix":[0.707081437,-0.707132101,0,0.707132101,0.707081437,0,0,0,1],"scale":1,"type":"planterbox"}
{"ctxid":0,"pos":[-603.078003,443.669006,112.575996],"rotationMatrix":[0.707081437,-0.707132101,0,0.707132101,0.707081437,0,0,0,1],"scale":1,"type":"planterbox"}
{"ctxid":0,"pos":[-613.835999,454.449005,114.005997],"rotationMatrix":[0.707081437,-0.707132101,0,0.707132101,0.707081437,0,0,0,1],"scale":1,"type":"planterbox"}
{"ctxid":0,"pos":[-614.981018,455.596985,114.155998],"rotationMatrix":[0.707081437,-0.707132101,0,0.707132101,0.707081437,0,0,0,1],"scale":1,"type":"planterbox"}
{"ctxid":0,"pos":[-629.291016,451.031006,114.874001],"rotationMatrix":[0.707081437,-0.707132101,0,0.707132101,0.707081437,0,0,0,1],"scale":1,"type":"planterbox"}
{"ctxid":0,"pos":[-625.02002,465.65799,115.525002],"rotationMatrix":[0.707081437,-0.707132101,0,0.707132101,0.707081437,0,0,0,1],"scale":1,"type":"planterbox"}
{"ctxid":0,"pos":[-259.104889,-46.0875053,120.765495],"rotationMatrix":[1,0,0,0,1,0,0,0,1],"scale":1,"type":"planterbox"}
{"ctxid":0,"pos":[-257.126556,-44.7601395,120.858917],"rotationMatrix":[1,0,0,0,1,0,0,0,1],"scale":1,"type":"planterbox"}
{"ctxid":0,"pos":[-258.968628,-28.6629524,120.814644],"rotationMatrix":[1,0,0,0,1,0,0,0,1],"scale":1,"type":"planterbox"}
{"ctxid":0,"pos":[-175.183899,-16.1513863,121.21859],"rotationMatrix":[0.838467658,0.544951379,0,-0.544951379,0.838467658,0,0,0,1],"scale":1,"type":"planterbox"}
{"ctxid":0,"pos":[-182.717041,-44.4349518,120.941528],"rotationMatrix":[-0.771625817,-0.63607657,0,0.63607657,-0.771625817,0,0,0,0.999999881],"scale":1,"type":"planterbox"}
{"ctxid":0,"pos":[-205.931793,-64.0911331,120.626251],"rotationMatrix":[0.815637469,0.578563273,0,-0.578563273,0.815637469,0,0,0,1],"scale":1,"type":"planterbox"}
{"ctxid":0,"pos":[-134.266602,34.9022331,123.364929],"rotationMatrix":[0.70026809,0.713879943,0,-0.713879943,0.70026809,0,0,0,1],"scale":1,"type":"planterbox"}
{"ctxid":0,"pos":[-136.545975,34.2973251,123.20166],"rotationMatrix":[0.737555444,-0.674538732,-0.0317725278,0.672855556,0.730097711,0.119258776,-0.0572476126,-0.109338291,0.992354691],"scale":1,"type":"planterbox"}
{"ctxid":0,"pos":[-149.845367,15.7790012,122.132095],"rotationMatrix":[0.750941694,-0.660368562,0,0.660368562,0.750941694,0,0,0,1],"scale":1,"type":"planterbox"}
{"ctxid":0,"pos":[-80.2515259,35.9272156,122.119995],"rotationMatrix":[0.738206983,0.674574256,0,-0.674574256,0.738206983,0,0,0,1],"scale":1,"type":"planterbox"}
{"ctxid":0,"pos":[-77.9304047,37.8084679,122.130898],"rotationMatrix":[0.652619243,-0.757686079,0,0.757686079,0.652619243,0,0,0,1],"scale":1,"type":"planterbox"}
{"ctxid":0,"pos":[-266.317139,-109.237297,119.369987],"rotationMatrix":[0.776755571,0.629802167,0,-0.629802167,0.776755571,0,0,0,1],"scale":1,"type":"planterbox"}
{"ctxid":0,"pos":[-268.713562,-105.115936,119.372467],"rotationMatrix":[0.829525054,0.558469474,0,-0.558469474,0.829525054,0,0,0,1],"scale":1,"type":"planterbox"}
{"ctxid":0,"pos":[-270.497437,-102.55545,119.433784],"rotationMatrix":[0.793271482,0.608868122,0,-0.608868122,0.793271482,0,0,0,1],"scale":1,"type":"planterbox"}
{"ctxid":0,"pos":[-119.554604,130.39035,123.688202],"rotationMatrix":[0.791793406,-0.610789001,0,0.610789001,0.791793406,0,0,0,1],"scale":1,"type":"planterbox"}
{"ctxid":0,"pos":[-117.41674,128.435394,123.688202],"rotationMatrix":[0.687969863,-0.7257393,0,0.7257393,0.687969863,0,0,0,1],"scale":1,"type":"planterbox"}
{"ctxid":0,"pos":[-115.220154,126.006798,123.688202],"rotationMatrix":[0.741350412,-0.67111814,0,0.67111814,0.741350412,0,0,0,1],"scale":1,"type":"planterbox"}
{"ctxid":0,"pos":[-368.924072,197.972321,103.181068],"rotationMatrix":[0.854314804,-0.51975596,0,0.51975596,0.854314804,0,0,0,1],"scale":1,"type":"planterbox"}
{"ctxid":0,"pos":[-389.995392,208.351669,100.752769],"rotationMatrix":[0.883221447,-0.468956113,0,0.468956113,0.883221447,0,0,0,1],"scale":1,"type":"planterbox"}
{"ctxid":0,"pos":[-820.417908,890.989624,74.8418579],"rotationMatrix":[1,0,0,0,1,0,0,0,1],"scale":1,"type":"planterbox"}
{"ctxid":0,"pos":[-815.050232,891.027527,74.8418579],"rotationMatrix":[1,0,0,0,1,0,0,0,1],"scale":1,"type":"planterbox"}
{"ctxid":0,"pos":[-809.46344,891.097595,74.8418579],"rotationMatrix":[1,0,0,0,1,0,0,0,1],"scale":1,"type":"planterbox"}
{"ctxid":0,"pos":[-703.708435,827.997314,74.8778229],"rotationMatrix":[0.729617238,0.683855772,0,-0.683855772,0.729617238,0,0,0,1],"scale":1,"type":"planterbox"}
{"ctxid":0,"pos":[-710.903748,835.374268,74.8721619],"rotationMatrix":[0.688755691,0.724993348,0,-0.724993348,0.688755691,0,0,0,0.999999881],"scale":1,"type":"planterbox"}
{"ctxid":0,"pos":[-716.595703,840.972656,74.8737183],"rotationMatrix":[0.668000579,0.744160712,0,-0.744160712,0.668000579,0,0,0,1],"scale":1,"type":"planterbox"}
{"ctxid":0,"pos":[92.1279984,464.710846,116.160004],"rotationMatrix":[0.791417241,0.611276269,0,-0.611276269,0.791417241,0,0,0,1],"scale":1,"type":"planterbox"}
{"ctxid":0,"pos":[78.0645523,481.077637,116.160004],"rotationMatrix":[0.644385815,-0.764700413,0,0.764700413,0.644385815,0,0,0,1],"scale":1,"type":"planterbox"}
{"ctxid":0,"pos":[79.5151825,481.948425,116.160004],"rotationMatrix":[0.796630681,0.6044662,0,-0.6044662,0.796630681,0,0,0,1],"scale":1,"type":"planterbox"}
{"ctxid":0,"pos":[920.279358,-514.586731,163.160553],"rotationMatrix":[0.986815393,-0.161728337,0.00626907218,0.161849797,0.986074865,-0.0382231958,0,0.0387338884,0.999249578],"scale":1,"type":"planterbox"}
{"ctxid":0,"pos":[914.747192,-513.785828,163.160553],"rotationMatrix":[0.986815393,-0.161728337,0.00626907218,0.161849797,0.986074865,-0.0382231958,0,0.0387338884,0.999249578],"scale":1,"type":"planterbox"}
{"ctxid":0,"pos":[907.61853,-512.669556,163.47261],"rotationMatrix":[0.986815393,-0.161728337,0.00626907218,0.161849797,0.986074865,-0.0382231958,0,0.0387338884,0.999249578],"scale":1,"type":"planterbox"}
{"ctxid":0,"pos":[-704.087646,628.031494,113.027344],"rotationMatrix":[0.68122673,0.732072175,0,-0.727472782,0.676946759,0.111919612,0.0819332674,-0.076242663,0.993716896],"scale":1,"type":"planterbox"}
{"ctxid":0,"pos":[-700.910217,624.682312,112.651199],"rotationMatrix":[0.721993148,0.691899717,0,-0.68898654,0.718953252,0.0916694775,0.0634261146,-0.0661847591,0.99578917],"scale":1,"type":"planterbox"}
{"ctxid":0,"pos":[-703.205444,615.236694,112.230705],"rotationMatrix":[0.574630678,0.818412483,0,-0.817558706,0.574031234,0.0456657261,0.0373734161,-0.0262409393,0.998956442],"scale":1,"type":"planterbox"}
{"ctxid":0,"pos":[-706.924011,619.101318,112.701912],"rotationMatrix":[0.679382503,0.73378402,0,-0.732955456,0.678615391,0.0475091264,0.0348614529,-0.0322768837,0.998870492],"scale":1,"type":"planterbox"}
{"ctxid":0,"pos":[-822.569763,600.729858,117.1437],"rotationMatrix":[0.99999994,0,0,0,0.99999994,0,0,0,0.999999881],"scale":1,"type":"planterbox"}
{"ctxid":0,"pos":[-781.581726,599.577026,117.163002],"rotationMatrix":[0.99999994,0,0,0,0.99999994,0,0,0,0.999999881],"scale":1,"type":"planterbox"}
{"ctxid":0,"pos":[-814.050781,625.521729,117.163002],"rotationMatrix":[0.99999994,0,0,0,0.99999994,0,0,0,0.999999881],"scale":1,"type":"planterbox"}
{"ctxid":0,"pos":[-814.223633,617.977112,117.163002],"rotationMatrix":[0.99999994,0,0,0,0.99999994,0,0,0,0.999999881],"scale":1,"type":"planterbox"}
{"ctxid":0,"pos":[-752.282043,835.499207,73.4561081],"rotationMatrix":[0.697202563,0.716873884,0,-0.716873884,0.697202563,0,0,0,0.999999762],"scale":2.01358652,"type":"planterbox"}
{"ctxid":0,"pos":[-745.26062,829.812622,73.4561081],"rotationMatrix":[0.697202563,0.716873884,0,-0.716873884,0.697202563,0,0,0,0.999999762],"scale":2.01358652,"type":"planterbox"}
{"ctxid":0,"pos":[819.794617,-531.433167,165.667099],"rotationMatrix":[0.9999035,0.0137488991,-0.00191125995,-0.0137257427,0.999837756,0.0116531579,0.00207116944,-0.0116258049,0.999930084],"scale":0.538037121,"type":"planterbox"}
{"ctxid":0,"pos":[-385.870453,171.782608,100.870842],"rotationMatrix":[0.907778263,-0.417022854,0.045057863,0.416510105,0.90889585,0.0206736103,-0.0495742708,0,0.998770177],"scale":1,"type":"planterbox"}
{"ctxid":0,"pos":[-818.590942,915.846436,74.9043274],"rotationMatrix":[1,0,0,0,1,0,0,0,1],"scale":1,"type":"planterbox"}
{"ctxid":0,"pos":[-412.956329,183.889328,100.365196],"rotationMatrix":[0.903274417,-0.42906332,0,0.42906332,0.903274417,0,0,0,1],"scale":1,"type":"planterbox"}
{"ctxid":0,"pos":[-384.605865,174.225052,100.894386],"rotationMatrix":[0.907101572,-0.417022854,0.0570830144,0.416199595,0.90889585,0.0261910334,-0.0628047734,0,0.998025596],"scale":1,"type":"planterbox"}
{"ctxid":0,"pos":[893.956177,-499.940887,163.558792],"rotationMatrix":[0.986815393,-0.161728337,0.00626907218,0.161849797,0.986074865,-0.0382231958,0,0.0387338884,0.999249578],"scale":1,"type":"planterbox"}
{"ctxid":0,"pos":[890.800598,-499.538177,163.558792],"rotationMatrix":[-0.986815214,0.16172865,0.00626907125,-0.16185011,-0.986074686,-0.0382231921,-1.26211024e-08,-0.0387338847,0.999249458],"scale":1,"type":"planterbox"}
