{"ctxid":0,"pos":[280.020813,-580.142029,140.01152],"rotationMatrix":[0.728803158,-0.684723258,0,0.684723258,0.728803158,0,0,0,1],"scale":1,"type":"pole_light_double"}
{"ctxid":0,"pos":[302.769592,-550.448669,140.712555],"rotationMatrix":[0.859728932,-0.510750592,0,0.510750592,0.859728932,0,0,0,1],"scale":1,"type":"pole_light_double"}
{"ctxid":0,"pos":[318.861328,-520.276184,141.370544],"rotationMatrix":[0.889136851,-0.457641453,0,0.457641453,0.889136851,0,0,0,1],"scale":1,"type":"pole_light_double"}
{"ctxid":0,"pos":[337.682922,-485.075134,142.143158],"rotationMatrix":[0.836627483,-0.547772288,0,0.547772288,0.836627483,0,0,0,1],"scale":1,"type":"pole_light_double"}
{"ctxid":0,"pos":[362.946045,-452.987213,142.95018],"rotationMatrix":[0.702202559,-0.711977184,0,0.711977184,0.702202559,0,0,0,1],"scale":1,"type":"pole_light_double"}
{"ctxid":0,"pos":[391.322266,-429.998901,143.642029],"rotationMatrix":[0.502722621,-0.864447773,0,0.864447773,0.502722621,0,0,0,1],"scale":1,"type":"pole_light_double"}
{"ctxid":0,"pos":[427.241577,-412.278748,144.320709],"rotationMatrix":[0.30077076,-0.953696489,0,0.953696489,0.30077076,0,0,0,1],"scale":1,"type":"pole_light_double"}
{"ctxid":0,"pos":[518.18573,-399.181488,145.409668],"rotationMatrix":[-0.0025447607,-0.999996722,0,0.999996722,-0.0025447607,0,0,0,1],"scale":1,"type":"pole_light_double"}
{"ctxid":0,"pos":[561.588013,-397.086212,146.483688],"rotationMatrix":[0.0976226926,-0.995223522,0,0.995223522,0.0976226926,0,0,0,1],"scale":1,"type":"pole_light_double"}
{"ctxid":0,"pos":[601.530029,-390.620758,148.426758],"rotationMatrix":[0.204191864,-0.978930891,0,0.978930891,0.204191864,0,0,0,1],"scale":1,"type":"pole_light_double"}
{"ctxid":0,"pos":[640.610046,-379.41394,150.152725],"rotationMatrix":[0.36591351,-0.930648863,0,0.930648863,0.36591351,0,0,0,1],"scale":1,"type":"pole_light_double"}
{"ctxid":0,"pos":[677.104004,-362.747467,150.836899],"rotationMatrix":[0.399718225,-0.916638017,0,0.916638017,0.399718225,0,0,0,1],"scale":1,"type":"pole_light_double"}
{"ctxid":0,"pos":[713.885315,-346.080963,151.85675],"rotationMatrix":[0.399718225,-0.916638017,0,0.916638017,0.399718225,0,0,0,1],"scale":1,"type":"pole_light_double"}
{"ctxid":0,"pos":[750.379211,-328.983429,152.903076],"rotationMatrix":[0.399718225,-0.916638017,0,0.916638017,0.399718225,0,0,0,1],"scale":1,"type":"pole_light_double"}
{"ctxid":0,"pos":[158.529785,-670.595032,136.656799],"rotationMatrix":[0.589295864,-0.807917356,0,0.807917356,0.589295864,0,0,0,1],"scale":1,"type":"pole_light_double"}
{"ctxid":0,"pos":[125.915039,-695.451416,135.541367],"rotationMatrix":[0.641561627,-0.767071486,0,0.767071486,0.641561627,0,0,0,1],"scale":1,"type":"pole_light_double"}
{"ctxid":0,"pos":[8.31779194,-899.260132,125.359291],"rotationMatrix":[-0.555992365,-0.831187487,0,0.831187487,-0.555992365,0,0,0,1],"scale":1,"type":"pole_light_double"}
{"ctxid":0,"pos":[50.1403694,-927.197083,125.826096],"rotationMatrix":[-0.530225277,-0.847856939,0,0.847856939,-0.530225277,0,0,0,1],"scale":1,"type":"pole_light_double"}
{"ctxid":0,"pos":[95.3886261,-948.973267,125.93988],"rotationMatrix":[-0.37151587,-0.928426623,0,0.928426623,-0.37151587,0,0,0,1],"scale":1,"type":"pole_light_double"}
{"ctxid":0,"pos":[142.861938,-964.737854,126.026642],"rotationMatrix":[-0.26772964,-0.963494062,0,0.963494062,-0.26772964,0,0,0,1],"scale":1,"type":"pole_light_double"}
{"ctxid":0,"pos":[191.793625,-975.472168,127.604858],"rotationMatrix":[-0.199192762,-0.979960322,0,0.979960322,-0.199192762,0,0,0,1],"scale":1,"type":"pole_light_double"}
{"ctxid":0,"pos":[241.511047,-982.208557,129.90123],"rotationMatrix":[-0.121870041,-0.992546082,0,0.992546082,-0.121870041,0,0,0,1],"scale":1,"type":"pole_light_double"}
{"ctxid":0,"pos":[291.897736,-985.950134,132.753174],"rotationMatrix":[-0.0684416294,-0.997655153,0,0.997655153,-0.0684416294,0,0,0,1],"scale":1,"type":"pole_light_double"}
{"ctxid":0,"pos":[341.940552,-986.864319,135.743439],"rotationMatrix":[0.0107771158,-0.999941945,0,0.999941945,0.0107771158,0,0,0,1],"scale":1,"type":"pole_light_double"}
{"ctxid":0,"pos":[392.027954,-984.203674,138.126236],"rotationMatrix":[0.103975892,-0.994579792,0,0.994579792,0.103975892,0,0,0,1],"scale":1,"type":"pole_light_double"}
{"ctxid":0,"pos":[441.495636,-976.584656,139.953354],"rotationMatrix":[0.17579639,-0.984426558,0,0.984426558,0.17579639,0,0,0,1],"scale":1,"type":"pole_light_double"}
{"ctxid":0,"pos":[490.538361,-964.950317,141.727631],"rotationMatrix":[0.255882442,-0.966707885,0,0.966707885,0.255882442,0,0,0,1],"scale":1,"type":"pole_light_double"}
{"ctxid":0,"pos":[614.223633,-922.200012,146.013336],"rotationMatrix":[0.364078522,-0.931368291,0,0.931368291,0.364078522,0,0,0,1],"scale":1,"type":"pole_light_double"}
{"ctxid":0,"pos":[661.351562,-904.100708,147.500732],"rotationMatrix":[0.360110521,-0.932909667,0,0.932909667,0.360110521,0,0,0,1],"scale":1,"type":"pole_light_double"}
{"ctxid":0,"pos":[708.5755,-885.494568,148.911331],"rotationMatrix":[0.369637489,-0.929176033,0,0.929176033,0.369637489,0,0,0,1],"scale":1,"type":"pole_light_double"}
{"ctxid":0,"pos":[754.876526,-867.073059,150.337906],"rotationMatrix":[0.369637489,-0.929176033,0,0.929176033,0.369637489,0,0,0,1],"scale":1,"type":"pole_light_double"}
{"ctxid":0,"pos":[801.518982,-848.362305,151.726074],"rotationMatrix":[0.375037551,-0.927009642,0,0.927009642,0.375037551,0,0,0,1],"scale":1,"type":"pole_light_double"}
{"ctxid":0,"pos":[847.900574,-829.806213,153.062393],"rotationMatrix":[0.375037551,-0.927009642,0,0.927009642,0.375037551,0,0,0,1],"scale":1,"type":"pole_light_double"}
{"ctxid":0,"pos":[894.329041,-811.080505,154.375031],"rotationMatrix":[0.375037551,-0.927009642,0,0.927009642,0.375037551,0,0,0,1],"scale":1,"type":"pole_light_double"}
{"ctxid":0,"pos":[941.080811,-792.264526,155.666962],"rotationMatrix":[0.365447938,-0.93083173,0,0.93083173,0.365447938,0,0,0,1],"scale":1,"type":"pole_light_double"}
{"ctxid":0,"pos":[-80.8514099,-809.48468,121.625107],"rotationMatrix":[-0.734992862,-0.678074956,0,0.678074956,-0.734992862,0,0,0,1],"scale":1,"type":"pole_light_double"}
{"ctxid":0,"pos":[-113.178741,-770.971191,119.954857],"rotationMatrix":[-0.754332662,-0.656492352,0,0.656492352,-0.754332662,0,0,0,1],"scale":1,"type":"pole_light_double"}
{"ctxid":0,"pos":[-144.931366,-732.178345,118.367813],"rotationMatrix":[-0.754332662,-0.656492352,0,0.656492352,-0.754332662,0,0,0,1],"scale":1,"type":"pole_light_double"}
{"ctxid":0,"pos":[-176.443848,-693.182678,116.765656],"rotationMatrix":[-0.754332662,-0.656492352,0,0.656492352,-0.754332662,0,0,0,1],"scale":1,"type":"pole_light_double"}
{"ctxid":0,"pos":[-207.93309,-654.270081,115.168625],"rotationMatrix":[-0.781901836,-0.623401642,0,0.623401642,-0.781901836,0,0,0,1],"scale":1,"type":"pole_light_double"}
{"ctxid":0,"pos":[-239.422302,-614.998291,113.532043],"rotationMatrix":[-0.798452139,-0.602058291,0,0.602058291,-0.798452139,0,0,0,1],"scale":1,"type":"pole_light_double"}
{"ctxid":0,"pos":[-270.352783,-575.487122,111.793839],"rotationMatrix":[-0.815336943,-0.578986824,0,0.578986824,-0.815336943,0,0,0,1],"scale":1,"type":"pole_light_double"}
{"ctxid":0,"pos":[-300.122711,-535.185791,109.949394],"rotationMatrix":[-0.815336943,-0.578986824,0,0.578986824,-0.815336943,0,0,0,1],"scale":1,"type":"pole_light_double"}
{"ctxid":0,"pos":[-329.756073,-494.776581,108.068443],"rotationMatrix":[-0.837524414,-0.54640013,0,0.54640013,-0.837524414,0,0,0,1],"scale":1,"type":"pole_light_double"}
{"ctxid":0,"pos":[-358.591248,-453.868561,106.179962],"rotationMatrix":[-0.837524414,-0.54640013,0,0.54640013,-0.837524414,0,0,0,1],"scale":1,"type":"pole_light_double"}
{"ctxid":0,"pos":[-386.328888,-412.262054,104.275307],"rotationMatrix":[-0.837524414,-0.54640013,0,0.54640013,-0.837524414,0,0,0,1],"scale":1,"type":"pole_light_double"}
{"ctxid":0,"pos":[-413.068848,-369.657898,102.391975],"rotationMatrix":[-0.881129026,-0.472876102,0,0.472876102,-0.881129026,0,0,0,1],"scale":1,"type":"pole_light_double"}
{"ctxid":0,"pos":[-434.819946,-324.559265,100.827438],"rotationMatrix":[-0.927504897,-0.373810858,0,0.373810858,-0.927504897,0,0,0,1],"scale":1,"type":"pole_light_double"}
{"ctxid":0,"pos":[-452.081177,-277.265564,99.8083649],"rotationMatrix":[-0.927504897,-0.373810858,0,0.373810858,-0.927504897,0,0,0,1],"scale":1,"type":"pole_light_double"}
{"ctxid":0,"pos":[-465.131836,-228.894226,98.9163589],"rotationMatrix":[-0.973383904,-0.229180545,0,0.229180545,-0.973383904,0,0,0,1],"scale":1,"type":"pole_light_double"}
{"ctxid":0,"pos":[-242.384827,132.375275,112.742081],"rotationMatrix":[-0.716377616,0.697712898,0,-0.697712898,-0.716377616,0,0,0,1],"scale":1,"type":"pole_light_double"}
{"ctxid":0,"pos":[-137.61322,232.926239,115.038956],"rotationMatrix":[-0.630424619,0.776250303,0,-0.776250303,-0.630424619,0,0,0,1],"scale":1,"type":"pole_light_double"}
{"ctxid":0,"pos":[-80.7171021,283.201691,116.322792],"rotationMatrix":[-0.630424619,0.776250303,0,-0.776250303,-0.630424619,0,0,0,1],"scale":1,"type":"pole_light_double"}
{"ctxid":0,"pos":[-23.6141357,332.0289,116.974472],"rotationMatrix":[-0.630424619,0.776250303,0,-0.776250303,-0.630424619,0,0,0,1],"scale":1,"type":"pole_light_double"}
{"ctxid":0,"pos":[35.3509521,380.235504,116.864494],"rotationMatrix":[-0.630424619,0.776250303,0,-0.776250303,-0.630424619,0,0,0,1],"scale":1,"type":"pole_light_double"}
{"ctxid":0,"pos":[128.660583,453.683258,116.861992],"rotationMatrix":[-0.630424619,0.776250303,0,-0.776250303,-0.630424619,0,0,0,1],"scale":1,"type":"pole_light_double"}
{"ctxid":0,"pos":[188.453186,500.02771,116.768005],"rotationMatrix":[-0.630424619,0.776250303,0,-0.776250303,-0.630424619,0,0,0,1],"scale":1,"type":"pole_light_double"}
{"ctxid":0,"pos":[248.245789,546.165283,116.974998],"rotationMatrix":[-0.615916967,0.787811041,0,-0.787811041,-0.615916967,0,0,0,1],"scale":1,"type":"pole_light_double"}
{"ctxid":0,"pos":[308.452209,591.68219,117.357193],"rotationMatrix":[-0.609935403,0.792451024,0,-0.792451024,-0.609935403,0,0,0,1],"scale":1,"type":"pole_light_double"}
{"ctxid":0,"pos":[367.141357,637.268066,117.1381],"rotationMatrix":[-0.609935403,0.792451024,0,-0.792451024,-0.609935403,0,0,0,1],"scale":1,"type":"pole_light_double"}
{"ctxid":0,"pos":[427.365967,682.406616,116.852707],"rotationMatrix":[-0.578522921,0.81566608,0,-0.81566608,-0.578522921,0,0,0,1],"scale":1,"type":"pole_light_double"}
{"ctxid":0,"pos":[487.949951,724.791565,117.358429],"rotationMatrix":[-0.554811835,0.831975877,0,-0.831975877,-0.554811835,0,0,0,1],"scale":1,"type":"pole_light_double"}
{"ctxid":0,"pos":[552.005981,768.373718,116.80529],"rotationMatrix":[-0.530051708,0.84796536,0,-0.84796536,-0.530051708,0,0,0,1],"scale":1,"type":"pole_light_double"}
{"ctxid":0,"pos":[616.541016,806.807312,116.864708],"rotationMatrix":[-0.468728781,0.883342028,0,-0.883342028,-0.468728781,0,0,0,1],"scale":1,"type":"pole_light_double"}
{"ctxid":0,"pos":[684.548096,839.972778,116.763802],"rotationMatrix":[-0.357398987,0.933951795,0,-0.933951795,-0.357398987,0,0,0,1],"scale":1,"type":"pole_light_double"}
{"ctxid":0,"pos":[755.668213,864.278015,117.015808],"rotationMatrix":[-0.281573653,0.959539533,0,-0.959539533,-0.281573653,0,0,0,1],"scale":1,"type":"pole_light_double"}
{"ctxid":0,"pos":[829.063416,882.836487,117.194603],"rotationMatrix":[-0.249346852,0.968414307,0,-0.968414307,-0.249346852,0,0,0,1],"scale":1,"type":"pole_light_double"}
{"ctxid":0,"pos":[981.710022,908.638184,119.085709],"rotationMatrix":[-0.160310864,0.987066627,0,-0.987066627,-0.160310864,0,0,0,1],"scale":1,"type":"pole_light_double"}
{"ctxid":0,"pos":[938.367432,888.283936,131.359833],"rotationMatrix":[0.873831451,0.486228973,0,-0.486228973,0.873831451,0,0,0,1],"scale":1,"type":"pole_light_double"}
{"ctxid":0,"pos":[915.139404,928.752991,128.703781],"rotationMatrix":[0.832951665,0.55334568,0,-0.55334568,0.832951665,0,0,0,1],"scale":1,"type":"pole_light_double"}
{"ctxid":0,"pos":[972.671875,-356.977844,156.822754],"rotationMatrix":[0.997855186,-0.0654600039,0,0.0654600039,0.997855186,0,0,0,1],"scale":1,"type":"pole_light_double"}
{"ctxid":0,"pos":[972.552124,-306.451416,154.698792],"rotationMatrix":[0.981763065,0.190108716,0,-0.190108716,0.981763065,0,0,0,1],"scale":1,"type":"pole_light_double"}
{"ctxid":0,"pos":[957.106689,-258.798462,153.452469],"rotationMatrix":[0.917807162,0.397026539,0,-0.397026539,0.917807162,0,0,0,1],"scale":1,"type":"pole_light_double"}
{"ctxid":0,"pos":[941.677734,-159.493759,149.033401],"rotationMatrix":[0.988586724,-0.150653049,0,0.150653049,0.988586724,0,0,0,1],"scale":1,"type":"pole_light_double"}
{"ctxid":0,"pos":[954.321045,-111.074554,148.085541],"rotationMatrix":[0.936513305,-0.350632131,0,0.350632131,0.936513305,0,0,0,1],"scale":1,"type":"pole_light_double"}
{"ctxid":0,"pos":[-474.886536,-402.391449,104.28508],"rotationMatrix":[-0.621990681,-0.783024549,0,0.783024549,-0.621990681,0,0,0,1],"scale":1,"type":"pole_light_double"}
{"ctxid":0,"pos":[-78.5865479,-915.014404,132.436127],"rotationMatrix":[-0.875735879,0.482790411,0,-0.482790411,-0.875735879,0,0,0,1],"scale":1,"type":"pole_light_double"}
{"ctxid":0,"pos":[-51.4265137,-872.31604,132.436127],"rotationMatrix":[-0.757986426,0.652270317,0,-0.652270317,-0.757986426,0,0,0,1],"scale":1,"type":"pole_light_double"}
{"ctxid":0,"pos":[-19.4661865,-833.533936,132.454269],"rotationMatrix":[-0.719628572,0.694359362,0,-0.694359362,-0.719628572,0,0,0,1],"scale":1,"type":"pole_light_double"}
{"ctxid":0,"pos":[14.7681885,-796.646851,132.745361],"rotationMatrix":[-0.714235425,0.699905515,0,-0.699905515,-0.714235425,0,0,0,1],"scale":1,"type":"pole_light_double"}
{"ctxid":0,"pos":[988.284363,-759.851868,166.639938],"rotationMatrix":[0.94992739,0.312470645,0,-0.312470645,0.94992739,0,0,0,1],"scale":1,"type":"pole_light_double"}
{"ctxid":0,"pos":[993.828857,-780.285889,166.71402],"rotationMatrix":[0.975538313,0.219829366,0,-0.219829366,0.975538313,0,0,0,1],"scale":1,"type":"pole_light_double"}
{"ctxid":0,"pos":[972.282166,-713.168518,166.546341],"rotationMatrix":[0.934633553,0.355612367,0,-0.355612367,0.934633553,0,0,0,1],"scale":1,"type":"pole_light_double"}
{"ctxid":0,"pos":[938.594788,-618.953979,166.312317],"rotationMatrix":[0.980887175,0.194577247,0,-0.194577247,0.980887175,0,0,0,1],"scale":1,"type":"pole_light_double"}
{"ctxid":0,"pos":[980.555603,-11.9188986,148.966003],"rotationMatrix":[0.990032077,-0.140841961,0,0.140841961,0.990032077,0,0,0,1],"scale":1,"type":"pole_light_double"}
{"ctxid":0,"pos":[985.061462,38.8062286,150.046753],"rotationMatrix":[0.997764528,-0.0668274388,0,0.0668274388,0.997764528,0,0,0,1],"scale":1,"type":"pole_light_double"}
{"ctxid":0,"pos":[987.01178,88.7575378,151.22287],"rotationMatrix":[0.999999285,0.00118866726,0,-0.00118866726,0.999999285,0,0,0,1],"scale":1,"type":"pole_light_double"}
{"ctxid":0,"pos":[987.09137,138.848145,152.421234],"rotationMatrix":[0.99999994,0.00024524529,0,-0.00024524529,0.99999994,0,0,0,1],"scale":1,"type":"pole_light_double"}
{"ctxid":0,"pos":[986.613831,188.859161,153.523087],"rotationMatrix":[0.999003828,0.0446251519,0,-0.0446251519,0.999003828,0,0,0,1],"scale":1,"type":"pole_light_double"}
{"ctxid":0,"pos":[984.822693,238.949783,154.070251],"rotationMatrix":[0.995489478,0.0948723033,0,-0.0948723033,0.995489478,0,0,0,1],"scale":1,"type":"pole_light_double"}
{"ctxid":0,"pos":[979.349976,288.861237,153.586838],"rotationMatrix":[0.982573509,0.185874492,0,-0.185874492,0.982573509,0,0,0,1],"scale":1,"type":"pole_light_double"}
{"ctxid":0,"pos":[968.643188,337.797607,152.316208],"rotationMatrix":[0.951362431,0.308073848,0,-0.308073848,0.951362431,0,0,0,1],"scale":1,"type":"pole_light_double"}
{"ctxid":0,"pos":[954.51355,386.15683,150.233551],"rotationMatrix":[0.951362431,0.308073848,0,-0.308073848,0.951362431,0,0,0,1],"scale":1,"type":"pole_light_double"}
{"ctxid":0,"pos":[938.791809,433.919037,147.672989],"rotationMatrix":[0.963474214,0.267801017,0,-0.267801017,0.963474214,0,0,0,1],"scale":1,"type":"pole_light_double"}
{"ctxid":0,"pos":[928.045349,482.875305,145.413956],"rotationMatrix":[0.995636463,0.0933171064,0,-0.0933171064,0.995636463,0,0,0,1],"scale":1,"type":"pole_light_double"}
{"ctxid":0,"pos":[929.438416,533.025635,144.443893],"rotationMatrix":[0.96742487,-0.253158242,0,0.253158242,0.96742487,0,0,0,1],"scale":1,"type":"pole_light_double"}
{"ctxid":0,"pos":[943.2099,581.305237,144.230438],"rotationMatrix":[0.898976803,-0.437996298,0,0.437996298,0.898976803,0,0,0,1],"scale":1,"type":"pole_light_double"}
{"ctxid":0,"pos":[-126.954979,364.645111,101.992569],"rotationMatrix":[-0.077159524,0.997018754,0,-0.997018754,-0.077159524,0,0,0,1],"scale":1,"type":"pole_light_double"}
{"ctxid":0,"pos":[-188.10524,358.507019,102.104881],"rotationMatrix":[-0.158732057,0.987321734,0,-0.987321734,-0.158732057,0,0,0,1],"scale":1,"type":"pole_light_double"}
{"ctxid":0,"pos":[1000.86169,-853.220764,166.947388],"rotationMatrix":[0.996730089,-0.0808030888,0,0.0808030888,0.996730089,0,0,0,1],"scale":1,"type":"pole_light_double"}
{"ctxid":0,"pos":[984.301514,-922.005066,167.114288],"rotationMatrix":[0.948291063,-0.317402095,0,0.317402095,0.948291063,0,0,0,1],"scale":1,"type":"pole_light_double"}
{"ctxid":0,"pos":[-408.005676,347.944183,101.973473],"rotationMatrix":[0.711271882,0.702917039,0,-0.702917039,0.711271882,0,0,0,1],"scale":1,"type":"pole_light_double"}
{"ctxid":0,"pos":[-369.253265,309.287476,101.883408],"rotationMatrix":[0.711271882,0.702917039,0,-0.702917039,0.711271882,0,0,0,1],"scale":1,"type":"pole_light_double"}
{"ctxid":0,"pos":[-388.5896,328.557343,101.978294],"rotationMatrix":[0.66733247,0.744759977,0,-0.744759977,0.66733247,0,0,0,1],"scale":1,"type":"pole_light_double"}
{"ctxid":0,"pos":[-383.938263,352.810822,101.978294],"rotationMatrix":[0.692533731,0.721385479,0,-0.721385479,0.692533731,0,0,0,1],"scale":1,"type":"pole_light_double"}
{"ctxid":0,"pos":[-366.130249,334.869904,101.978294],"rotationMatrix":[0.6798895,0.733314574,0,-0.733314574,0.6798895,0,0,0,1],"scale":1,"type":"pole_light_double"}
{"ctxid":0,"pos":[-504.865082,218.179077,101.671936],"rotationMatrix":[0.669736564,-0.742598772,0,0.742598772,0.669736564,0,0,0,1],"scale":1,"type":"pole_light_double"}
{"ctxid":0,"pos":[-527.669983,195.055206,101.877899],"rotationMatrix":[0.669736564,-0.742598772,0,0.742598772,0.669736564,0,0,0,1],"scale":1,"type":"pole_light_double"}
{"ctxid":0,"pos":[-13.9513292,1829.53687,104.884735],"rotationMatrix":[0.175943628,-0.984400153,0,0.984400153,0.175943628,0,0,0,0.999999762],"scale":1,"type":"pole_light_double"}
{"ctxid":0,"pos":[-95.4147263,1828.57837,103.310425],"rotationMatrix":[0.101390734,0.994846582,0,-0.994846582,0.101390734,0,0,0,0.999999762],"scale":1,"type":"pole_light_double"}
{"ctxid":0,"pos":[-168.873428,1843.82751,99.8454285],"rotationMatrix":[-0.207415,-0.978252947,0,0.978252947,-0.207415,0,0,0,0.999999762],"scale":1,"type":"pole_light_double"}
{"ctxid":0,"pos":[-241.215775,1861.60876,94.9318695],"rotationMatrix":[-0.249266863,-0.968434691,0,0.968434691,-0.249266863,0,0,0,0.999999762],"scale":1,"type":"pole_light_double"}
{"ctxid":0,"pos":[-313.923828,1874.81665,91.4611435],"rotationMatrix":[-0.0766612366,-0.997057021,0,0.997057021,-0.0766612366,0,0,0,0.999999762],"scale":1,"type":"pole_light_double"}
{"ctxid":0,"pos":[-386.490234,1869.20032,88.5580063],"rotationMatrix":[0.326376766,-0.945239604,0,0.945239604,0.326376766,0,0,0,0.999999762],"scale":1,"type":"pole_light_double"}
{"ctxid":0,"pos":[-457.053772,1846.651,86.5635605],"rotationMatrix":[0.396200895,-0.918163657,0,0.918163657,0.396200895,0,0,0,0.999999762],"scale":1,"type":"pole_light_double"}
{"ctxid":0,"pos":[-527.773743,1822.96716,85.7910614],"rotationMatrix":[0.299695849,-0.954034686,0,0.954034686,0.299695849,0,0,0,0.999999762],"scale":1,"type":"pole_light_double"}
{"ctxid":0,"pos":[-600.164124,1802.0979,86.0215683],"rotationMatrix":[0.220294237,-0.97543335,0,0.97543335,0.220294237,0,0,0,0.999999762],"scale":1,"type":"pole_light_double"}
{"ctxid":0,"pos":[-675.021606,1796.50183,86.7619247],"rotationMatrix":[-0.00707033044,-0.999974847,0,0.999974847,-0.00707033044,0,0,0,0.999999762],"scale":1,"type":"pole_light_double"}
{"ctxid":0,"pos":[403.526001,1605.95166,74.9427795],"rotationMatrix":[0.773803234,-0.633425713,0,0.633425713,0.773803234,0,0,0,0.999999762],"scale":1,"type":"pole_light_double"}
{"ctxid":0,"pos":[391.862213,1867.55798,74.9148636],"rotationMatrix":[0.911042035,0.412313044,0,-0.412313044,0.911042035,0,0,0,0.999999762],"scale":1,"type":"pole_light_double"}
{"ctxid":0,"pos":[402.383057,1813.06909,74.9560242],"rotationMatrix":[0.99999994,0,0,0,0.99999994,0,0,0,0.999999881],"scale":1,"type":"pole_light_double"}
{"ctxid":0,"pos":[408.525787,1679.14685,74.9481964],"rotationMatrix":[0.99999994,0,0,0,0.99999994,0,0,0,0.999999881],"scale":1,"type":"pole_light_double"}
{"ctxid":0,"pos":[309.09494,1903.92554,74.8952408],"rotationMatrix":[0.208622813,0.977996051,0,-0.977996051,0.208622813,0,0,0,0.999999762],"scale":1,"type":"pole_light_double"}
{"ctxid":0,"pos":[-1083.76904,1922.10388,93.0630722],"rotationMatrix":[-0.205870494,-0.978578985,0,0.978578985,-0.205870494,0,0,0,0.999999523],"scale":1,"type":"pole_light_double"}
{"ctxid":0,"pos":[-1016.65363,1900.84863,91.2438049],"rotationMatrix":[0.320529163,0.947238445,0,-0.947238445,0.320529163,0,0,0,0.999999762],"scale":1,"type":"pole_light_double"}
{"ctxid":0,"pos":[-955.575378,1870.10437,88.6454468],"rotationMatrix":[0.562874675,0.826542079,0,-0.826542079,0.562874675,0,0,0,0.999999762],"scale":1,"type":"pole_light_double"}
{"ctxid":0,"pos":[-897.380615,1829.19043,86.9314804],"rotationMatrix":[0.580652773,0.814151108,0,-0.814151108,0.580652773,0,0,0,0.999999762],"scale":1,"type":"pole_light_double"}
{"ctxid":0,"pos":[-834.457886,1800.19763,86.7930908],"rotationMatrix":[0.199435398,0.979910851,0,-0.979910851,0.199435398,0,0,0,0.999999762],"scale":1,"type":"pole_light_double"}
{"ctxid":0,"pos":[-1128.21362,1948.6604,93.8323059],"rotationMatrix":[-0.205870494,-0.978578985,0,0.978578985,-0.205870494,0,0,0,0.999999523],"scale":1,"type":"pole_light_double"}
{"ctxid":0,"pos":[-1067.58118,1953.05029,92.8009033],"rotationMatrix":[-0.324304909,-0.945952058,0,0.945952058,-0.324304909,0,0,0,0.999999285],"scale":1,"type":"pole_light_double"}
{"ctxid":0,"pos":[-1045.34241,1959.35352,91.9955139],"rotationMatrix":[0.951908469,-0.306380451,0,0.306380451,0.951908469,0,0,0,0.999999046],"scale":1,"type":"pole_light_double"}
{"ctxid":0,"pos":[-1051.25989,1941.22546,92.9140396],"rotationMatrix":[0.949592233,-0.313485354,0,0.313485354,0.949592233,0,0,0,0.999999046],"scale":1,"type":"pole_light_double"}
{"ctxid":0,"pos":[-1032.43188,1935.63464,92.6213074],"rotationMatrix":[0.949592233,-0.313485354,0,0.313485354,0.949592233,0,0,0,0.999999046],"scale":1,"type":"pole_light_double"}
{"ctxid":0,"pos":[-1026.51892,1953.5459,91.8059464],"rotationMatrix":[0.949592233,-0.313485354,0,0.313485354,0.949592233,0,0,0,0.999999046],"scale":1,"type":"pole_light_double"}
{"ctxid":1,"pos":[-584.443909,2015.73328,79.3888397],"rotationMatrix":[-0.210126102,-0.977673709,0,0.977673709,-0.210126102,0,0,0,0.999999166],"scale":1,"type":"pole_light_double"}
{"ctxid":1,"pos":[-563.434509,2010.6687,79.3888397],"rotationMatrix":[-0.234344631,-0.972152889,0,0.972152889,-0.234344631,0,0,0,0.999999046],"scale":1,"type":"pole_light_double"}
{"ctxid":1,"pos":[-543.181519,2005.65601,79.3888397],"rotationMatrix":[-0.251568675,-0.967838705,0,0.967838705,-0.251568675,0,0,0,0.999998927],"scale":1,"type":"pole_light_double"}
