{"ctxid":0,"pos":[147.215393,812.025391,102.111938],"rotationMatrix":[0.308904171,-0.951093137,-1.43967455e-07,0.951093137,0.308904171,-1.06949173e-07,1.46190771e-07,-1.03889406e-07,1],"scale":1,"type":"pole_fence1"}
{"ctxid":0,"pos":[143.824768,810.928223,102.125717],"rotationMatrix":[0.340936482,-0.940086365,7.08755294e-08,0.940086365,0.340936482,-1.00473962e-07,7.02901417e-08,1.00884357e-07,1],"scale":0.99999994,"type":"pole_fence1"}
{"ctxid":0,"pos":[140.458923,809.703979,102.136192],"rotationMatrix":[0.376262963,-0.926512897,7.09134724e-08,0.926512897,0.376262963,-1.0056111e-07,6.64890507e-08,1.03539662e-07,1],"scale":1,"type":"pole_fence1"}
{"ctxid":0,"pos":[137.125793,808.337646,102.140152],"rotationMatrix":[0.415366888,-0.909653962,7.09550534e-08,0.909653962,0.415366888,-1.00656564e-07,6.20902654e-08,1.06353951e-07,1],"scale":0.999999762,"type":"pole_fence1"}
{"ctxid":0,"pos":[133.835999,806.810852,102.140236],"rotationMatrix":[0.458655775,-0.888613999,7.10006702e-08,0.888613999,0.458655775,-1.00761405e-07,5.69731355e-08,1.09306988e-07,1],"scale":0.99999994,"type":"pole_fence1"}
{"ctxid":0,"pos":[130.604797,805.099304,102.131165],"rotationMatrix":[0.50680232,-0.862062275,-8.50269402e-08,0.862062275,0.50680232,-1.88138998e-07,2.05279392e-07,2.20507559e-08,1],"scale":0.99999994,"type":"pole_fence1"}
{"ctxid":0,"pos":[127.450378,803.181641,102.116386],"rotationMatrix":[0.559984207,-0.828503251,2.99512095e-08,0.828503251,0.559984207,-2.16327294e-08,1.15058363e-09,3.6928661e-08,1],"scale":0.99999994,"type":"pole_fence1"}
{"ctxid":0,"pos":[124.399231,801.032776,102.089386],"rotationMatrix":[0.6182338,-0.785994291,7.11688557e-08,0.785994291,0.6182338,-1.01147791e-07,3.55025946e-08,1.18471291e-07,1],"scale":1,"type":"pole_fence1"}
{"ctxid":0,"pos":[121.488708,798.623108,102.053978],"rotationMatrix":[0.681134224,-0.732158601,7.12372241e-08,0.732158601,0.681134224,-1.01304849e-07,2.5649106e-08,1.21159147e-07,1],"scale":0.99999994,"type":"pole_fence1"}
{"ctxid":0,"pos":[118.764954,795.929138,102.003044],"rotationMatrix":[0.747326016,-0.6644575,-5.24135224e-09,0.6644575,0.747326016,-6.61939623e-08,4.79000803e-08,4.59858178e-08,1],"scale":1.00000012,"type":"pole_fence1"}
{"ctxid":0,"pos":[116.30011,792.923645,101.937675],"rotationMatrix":[0.814302683,-0.580440462,-1.19535963e-08,0.580440462,0.814302683,-3.38477228e-08,2.93804341e-08,2.06239399e-08,1],"scale":1,"type":"pole_fence1"}
{"ctxid":0,"pos":[114.163025,789.616577,101.854813],"rotationMatrix":[0.877550602,-0.479484051,5.02159416e-08,0.479484051,0.877550602,-1.50276218e-08,-3.68615254e-08,3.7265238e-08,1],"scale":0.99999994,"type":"pole_fence1"}
{"ctxid":0,"pos":[112.434509,786.034485,101.751144],"rotationMatrix":[0.931716442,-0.363186508,7.1574334e-08,0.363186508,0.931716442,-1.02079284e-07,-2.96131688e-08,1.21103781e-07,1],"scale":1.00000012,"type":"pole_fence1"}
{"ctxid":0,"pos":[111.181458,782.236328,101.624695],"rotationMatrix":[0.971741021,-0.236049637,6.35414708e-08,0.236049637,0.971741021,-2.82316286e-08,-5.5081788e-08,4.24327702e-08,1],"scale":0.99999994,"type":"pole_fence1"}
{"ctxid":0,"pos":[110.442688,778.309082,101.41848],"rotationMatrix":[0.994413674,-0.105553247,-4.86220557e-08,0.105553247,0.994413674,-7.78524765e-08,5.65680196e-08,7.22853457e-08,1],"scale":0.99999994,"type":"pole_fence1"}
{"ctxid":0,"pos":[110.228333,774.344238,101.17955],"rotationMatrix":[0.999780715,0.0209422614,1.33667342e-07,-0.0209422614,0.999780715,5.72795678e-09,-1.33518071e-07,-8.52599769e-09,1],"scale":1,"type":"pole_fence1"}
{"ctxid":0,"pos":[110.492737,770.423584,100.924522],"rotationMatrix":[0.990460515,0.137796819,8.60338503e-08,-0.137796819,0.990460515,7.53722915e-08,-7.48270708e-08,-8.65084715e-08,1],"scale":0.99999994,"type":"pole_fence1"}
{"ctxid":0,"pos":[111.179626,766.604431,100.657349],"rotationMatrix":[0.970286071,0.241960719,1.9801756e-07,-0.241960719,0.970286071,-5.96633285e-08,-2.06569851e-07,9.97802374e-09,1],"scale":1.00000012,"type":"pole_fence1"}
{"ctxid":0,"pos":[112.229919,762.919434,100.37915],"rotationMatrix":[0.942981124,0.332846254,1.28049592e-07,-0.332846254,0.942981124,-1.28508589e-07,-1.6352196e-07,7.85603333e-08,1],"scale":0.999999881,"type":"pole_fence1"}
{"ctxid":0,"pos":[113.585876,759.384155,100.091805],"rotationMatrix":[0.911507726,0.411282986,1.30268006e-07,-0.411282986,0.911507726,-1.16452895e-07,-1.66635374e-07,5.2570698e-08,1],"scale":0.999999881,"type":"pole_fence1"}
{"ctxid":0,"pos":[115.205505,756.006592,99.796463],"rotationMatrix":[0.877989531,0.478679806,2.40918411e-07,-0.478679806,0.877989531,6.75894682e-08,-1.79170144e-07,-1.74665615e-07,1],"scale":1.00000012,"type":"pole_fence1"}
{"ctxid":0,"pos":[117.04303,752.781494,99.4934082],"rotationMatrix":[0.843658268,0.536880553,1.69120483e-07,-0.536880553,0.843658268,-1.95098153e-07,-2.47424282e-07,7.37986809e-08,1],"scale":0.99999994,"type":"pole_fence1"}
{"ctxid":0,"pos":[119.066223,749.702637,99.1834793],"rotationMatrix":[0.809260666,0.587449729,1.95160681e-07,-0.587449729,0.809260666,7.51270051e-08,-1.13802514e-07,-1.75444413e-07,1],"scale":0.99999994,"type":"pole_fence1"}
{"ctxid":0,"pos":[121.250549,746.764893,98.8666916],"rotationMatrix":[0.77517128,0.63175112,-3.95949868e-08,-0.63175112,0.77517128,-6.27057517e-08,-8.92153729e-09,7.36218766e-08,1],"scale":0.99999994,"type":"pole_fence1"}
{"ctxid":0,"pos":[123.575989,743.961792,98.5423889],"rotationMatrix":[0.741535187,0.670913935,7.23551281e-08,-0.670913935,0.741535187,-1.03873013e-07,-1.23343739e-07,2.84814305e-08,1],"scale":0.99999994,"type":"pole_fence1"}
{"ctxid":0,"pos":[125.949646,741.344116,98.2312622],"rotationMatrix":[0.723152161,0.690688729,-3.78319989e-08,-0.690688729,0.723152161,-5.84797952e-08,-1.30330475e-08,6.84199222e-08,1],"scale":1.00000012,"type":"pole_fence1"}
{"ctxid":0,"pos":[128.239929,738.840698,97.9774399],"rotationMatrix":[0.72657007,0.687092364,4.97882304e-08,-0.687092364,0.72657007,-1.59073181e-07,-1.45472612e-07,8.13686896e-08,1],"scale":1,"type":"pole_fence1"}
{"ctxid":0,"pos":[130.476379,736.344727,97.7740021],"rotationMatrix":[0.736370146,0.676578879,1.38922886e-07,-0.676578879,0.736370146,6.2077163e-08,-6.02985608e-08,-1.39704071e-07,1],"scale":1,"type":"pole_fence1"}
{"ctxid":0,"pos":[132.64325,733.832397,97.607872],"rotationMatrix":[0.751043558,0.660252631,8.3133358e-08,-0.660252631,0.751043558,-7.60666197e-08,-1.12659961e-07,2.24032703e-09,1],"scale":1.00000012,"type":"pole_fence1"}
{"ctxid":0,"pos":[134.730164,731.286621,97.4680481],"rotationMatrix":[0.769190311,0.639019728,8.27227211e-08,-0.639019728,0.769190311,-7.58690533e-08,-1.12111337e-07,5.4963003e-09,1],"scale":1.00000012,"type":"pole_fence1"}
{"ctxid":0,"pos":[136.721985,728.694214,97.3453369],"rotationMatrix":[0.789813161,0.61334753,8.22362765e-08,-0.61334753,0.789813161,-7.56436052e-08,-1.11347113e-07,9.30489819e-09,1],"scale":0.99999994,"type":"pole_fence1"}
{"ctxid":0,"pos":[138.612,726.048096,97.2338257],"rotationMatrix":[0.811915278,0.583775282,2.23044381e-07,-0.583775282,0.811915278,-2.82509305e-08,-1.97585322e-07,-1.07270445e-07,1],"scale":1.00000012,"type":"pole_fence1"}
{"ctxid":0,"pos":[140.389709,723.342529,97.1259384],"rotationMatrix":[0.83470583,0.550696135,1.2533323e-07,-0.550696135,0.83470583,6.71441711e-08,-6.76403431e-08,-1.25066151e-07,1],"scale":1.00000012,"type":"pole_fence1"}
{"ctxid":0,"pos":[142.047913,720.574829,97.0185089],"rotationMatrix":[0.857421756,0.514614284,1.86770293e-07,-0.514614284,0.857421756,-1.36495629e-07,-2.3038352e-07,2.09196607e-08,1],"scale":0.999999821,"type":"pole_fence1"}
{"ctxid":0,"pos":[143.580261,717.744263,96.9063263],"rotationMatrix":[0.879429042,0.476030052,1.06384931e-07,-0.476030052,0.879429042,2.62138187e-08,-8.10794347e-08,-7.36956167e-08,1],"scale":0.999999762,"type":"pole_fence1"}
{"ctxid":0,"pos":[144.978943,714.851562,96.7863083],"rotationMatrix":[0.900208056,0.435460061,8.25576976e-08,-0.435460061,0.900208056,-5.99111019e-08,-1.00407995e-07,1.79818755e-08,1],"scale":1,"type":"pole_fence1"}
{"ctxid":0,"pos":[146.245422,711.900513,96.657135],"rotationMatrix":[0.91930908,0.393536299,1.16027628e-07,-0.393536299,0.91930908,1.00633677e-07,-6.70622526e-08,-1.38174542e-07,1],"scale":0.99999994,"type":"pole_fence1"}
{"ctxid":0,"pos":[147.371643,708.893188,96.5138626],"rotationMatrix":[0.936439455,0.350829273,7.20771709e-08,-0.350829273,0.936439455,-1.0323447e-07,-1.03713575e-07,7.13860544e-08,1],"scale":0.99999994,"type":"pole_fence1"}
{"ctxid":0,"pos":[148.36261,705.835815,96.3595428],"rotationMatrix":[0.951419294,0.307898283,8.43830463e-08,-0.307898283,0.951419294,-2.96836937e-08,-8.94232102e-08,2.26024621e-09,1],"scale":1.00000012,"type":"pole_fence1"}
{"ctxid":0,"pos":[149.215637,702.733154,96.1876984],"rotationMatrix":[0.964179575,0.265250325,7.20143518e-08,-0.265250325,0.964179575,-1.03090116e-07,-9.6779452e-08,8.02955498e-08,1],"scale":0.999999821,"type":"pole_fence1"}
{"ctxid":0,"pos":[149.933289,699.589478,96.0035553],"rotationMatrix":[0.974735498,0.223362282,6.92532254e-08,-0.223362282,0.974735498,-1.2520583e-07,-9.54698365e-08,1.06574007e-07,1],"scale":1.00000012,"type":"pole_fence1"}
{"ctxid":0,"pos":[150.514954,696.411133,95.8003998],"rotationMatrix":[0.983178794,0.182645828,7.19558599e-08,-0.182645828,0.983178794,-1.02955745e-07,-8.9549907e-08,8.8081471e-08,1],"scale":0.99999994,"type":"pole_fence1"}
{"ctxid":0,"pos":[150.971252,693.205078,95.584816],"rotationMatrix":[0.989682198,0.143280074,7.19284969e-08,-0.143280074,0.989682198,-1.02892891e-07,-8.59288463e-08,9.15253437e-08,1],"scale":1.00000012,"type":"pole_fence1"}
{"ctxid":0,"pos":[151.305115,689.975586,95.3516235],"rotationMatrix":[0.994418383,0.10550867,8.1008956e-08,-0.10550867,0.994418383,4.21680326e-08,-7.61077033e-08,-5.04798123e-08,1],"scale":1.00000012,"type":"pole_fence1"}
{"ctxid":0,"pos":[151.520081,686.727661,95.1052094],"rotationMatrix":[0.997583568,0.06947653,1.96370522e-07,-0.06947653,0.997583568,1.28559492e-08,-1.95002812e-07,-2.6468026e-08,1],"scale":0.999999881,"type":"pole_fence1"}
{"ctxid":0,"pos":[151.617371,683.46521,94.8432922],"rotationMatrix":[0.999374866,0.0353540741,7.37528438e-08,-0.0353540741,0.999374866,-3.38309718e-08,-7.49028004e-08,3.12023616e-08,1],"scale":1,"type":"pole_fence1"}
{"ctxid":0,"pos":[151.607361,680.193237,94.5676422],"rotationMatrix":[0.999995351,0.00305524166,7.21508755e-08,-0.00305524166,0.999995351,-7.47343805e-08,-7.23788744e-08,7.45135864e-08,1],"scale":0.99999994,"type":"pole_fence1"}
{"ctxid":0,"pos":[151.495911,676.914917,94.2796936],"rotationMatrix":[0.999622822,-0.0274639502,7.17757018e-08,0.0274639502,0.999622822,-9.33113995e-08,-6.91859299e-08,9.52474437e-08,1],"scale":1,"type":"pole_fence1"}
{"ctxid":0,"pos":[151.286926,673.633423,93.977478],"rotationMatrix":[0.998420537,-0.0561825,7.22676958e-08,0.0561825,0.998420537,-1.28652388e-07,-6.49255441e-08,1.32509356e-07,1],"scale":0.999999821,"type":"pole_fence1"}
{"ctxid":0,"pos":[150.985413,670.352173,93.6657181],"rotationMatrix":[0.996534407,-0.0831816345,7.0826971e-08,0.0831816345,0.996534407,-7.27499128e-08,-6.4530056e-08,7.83892915e-08,1],"scale":1,"type":"pole_fence1"}
{"ctxid":0,"pos":[150.598328,667.072876,93.3403854],"rotationMatrix":[0.994090438,-0.10855522,7.07615726e-08,0.10855522,0.994090438,-8.0167581e-08,-6.16407902e-08,8.7375355e-08,1],"scale":0.99999994,"type":"pole_fence1"}
{"ctxid":0,"pos":[150.129822,663.797363,93.0068359],"rotationMatrix":[0.991194487,-0.132414266,7.13188584e-08,0.132414266,0.991194487,-9.50208232e-08,-5.81087463e-08,1.03627741e-07,1],"scale":1.00000012,"type":"pole_fence1"}
{"ctxid":0,"pos":[149.58429,660.528076,92.66082],"rotationMatrix":[0.98794353,-0.154814586,5.7580138e-08,0.154814586,0.98794353,1.05712729e-07,-7.32517975e-08,-9.55239585e-08,1],"scale":1,"type":"pole_fence1"}
{"ctxid":0,"pos":[148.964661,657.265137,92.307312],"rotationMatrix":[0.98442179,-0.175823018,-4.77168491e-08,0.175823018,0.98442179,-1.04311376e-07,6.53138486e-08,9.42966736e-08,1],"scale":0.999999881,"type":"pole_fence1"}
{"ctxid":0,"pos":[148.281433,654.010376,91.9432068],"rotationMatrix":[0.980672657,-0.195655704,6.97181903e-08,0.195655704,0.980672657,-8.00943809e-08,-5.26997965e-08,9.21871361e-08,1],"scale":1,"type":"pole_fence1"}
{"ctxid":0,"pos":[147.527283,650.765503,91.5715179],"rotationMatrix":[0.976790428,-0.214197367,7.53302629e-08,0.214197367,0.976790428,-1.39402502e-07,-4.37222241e-08,1.52302576e-07,1],"scale":1.00000012,"type":"pole_fence1"}
{"ctxid":0,"pos":[146.715271,647.530396,91.1911697],"rotationMatrix":[0.972786427,-0.231703714,7.00783716e-08,0.231703714,0.972786427,-8.74841817e-08,-4.79008797e-08,1.01340845e-07,1],"scale":0.99999994,"type":"pole_fence1"}
{"ctxid":0,"pos":[145.846619,644.306396,90.8036499],"rotationMatrix":[0.968675852,-0.248328716,7.85341427e-08,0.248328716,0.968675852,-1.61479704e-07,-3.59740753e-08,1.75923759e-07,1],"scale":0.99999994,"type":"pole_fence1"}
{"ctxid":0,"pos":[144.927795,641.108398,90.4104919],"rotationMatrix":[0.963560164,-0.267491609,7.5376029e-08,0.267491609,0.963560164,-1.3180923e-07,-3.73714784e-08,1.47168578e-07,1],"scale":1.00000012,"type":"pole_fence1"}
{"ctxid":0,"pos":[143.936157,637.996826,90.2516861],"rotationMatrix":[0.953965664,-0.29991585,7.37366221e-08,0.29991585,0.953965664,-1.16937557e-07,-3.52707801e-08,1.33669189e-07,1],"scale":1,"type":"pole_fence1"}
{"ctxid":0,"pos":[142.835144,634.943115,89.5877228],"rotationMatrix":[0.941834152,-0.336077958,5.24250652e-08,0.336077958,0.941834152,1.55323789e-08,-5.45958088e-08,2.98998293e-09,1],"scale":0.99999994,"type":"pole_fence1"}
{"ctxid":0,"pos":[141.619202,631.944824,89.3848877],"rotationMatrix":[0.927428007,-0.374001801,6.88720831e-08,0.374001801,0.927428007,-8.74047004e-08,-3.11843777e-08,1.0681984e-07,1],"scale":1.00000012,"type":"pole_fence1"}
{"ctxid":0,"pos":[140.283875,629.008667,88.666954],"rotationMatrix":[0.910570979,-0.413352787,7.75499842e-08,0.413352787,0.910570979,-1.31179974e-07,-1.63911515e-08,1.51504167e-07,1],"scale":1,"type":"pole_fence1"}
{"ctxid":0,"pos":[138.824585,626.141602,88.3948135],"rotationMatrix":[0.891168356,-0.453672767,9.15010006e-08,0.453672767,0.891168356,-1.89059364e-07,4.2282835e-09,2.09995221e-07,1],"scale":1,"type":"pole_fence1"}
{"ctxid":0,"pos":[137.240417,623.349121,87.889328],"rotationMatrix":[0.869251728,-0.494369686,-8.07482508e-08,0.494369686,0.869251728,1.32462894e-08,6.36419912e-08,-5.14338474e-08,1],"scale":1,"type":"pole_fence1"}
{"ctxid":0,"pos":[135.527771,620.638672,87.1184082],"rotationMatrix":[0.844975948,-0.534804285,7.14356005e-08,0.534804285,0.844975948,-1.01760591e-07,-5.93936278e-09,1.24189313e-07,1],"scale":0.99999994,"type":"pole_fence1"}
{"ctxid":0,"pos":[133.689636,618.012451,86.8086319],"rotationMatrix":[0.818693399,-0.574230909,1.92466061e-08,0.574230909,0.818693399,6.93611852e-08,-5.55864048e-08,-4.57335467e-08,1],"scale":1.00000012,"type":"pole_fence1"}
{"ctxid":0,"pos":[131.729431,615.474121,86.00457],"rotationMatrix":[0.790885568,-0.611964047,7.13649939e-08,0.611964047,0.790885568,-1.0159836e-07,5.73300341e-09,1.2402549e-07,1],"scale":1,"type":"pole_fence1"}
{"ctxid":0,"pos":[129.649353,613.024414,85.645546],"rotationMatrix":[0.762153864,-0.647395909,7.13300068e-08,0.647395909,0.762153864,-1.01518019e-07,1.13579119e-08,1.23551104e-07,1],"scale":1,"type":"pole_fence1"}
{"ctxid":0,"pos":[127.456726,610.66394,84.8571167],"rotationMatrix":[0.733156204,-0.680060267,1.61469188e-07,0.680060267,0.733156204,-3.2952201e-09,-1.16141187e-07,1.12224697e-07,1],"scale":0.99999994,"type":"pole_fence1"}
{"ctxid":0,"pos":[125.155823,608.392456,84.2801132],"rotationMatrix":[0.704604745,-0.709599972,4.17467305e-09,0.709599972,0.704604745,6.43871587e-08,-4.86306213e-08,-4.24051478e-08,1],"scale":1,"type":"pole_fence1"}
{"ctxid":0,"pos":[122.75824,606.203491,83.7066422],"rotationMatrix":[0.677073658,-0.735915303,7.12327477e-08,0.735915303,0.677073658,-1.01294553e-07,2.63143924e-08,1.21005144e-07,1],"scale":1,"type":"pole_fence1"}
{"ctxid":0,"pos":[120.2724,604.092529,83.1389008],"rotationMatrix":[0.651065886,-0.759021223,7.12042478e-08,0.759021223,0.651065886,-1.01229105e-07,3.04763859e-08,1.19952347e-07,1],"scale":1.00000012,"type":"pole_fence1"}
{"ctxid":0,"pos":[117.707336,602.054321,82.581955],"rotationMatrix":[0.626949966,-0.779059529,7.11782349e-08,0.779059529,0.626949966,-1.01169256e-07,3.41916859e-08,1.18880145e-07,1],"scale":0.999999821,"type":"pole_fence1"}
{"ctxid":0,"pos":[115.071228,600.082764,82.0361862],"rotationMatrix":[0.605011582,-0.796216667,7.11547514e-08,0.796216667,0.605011582,-1.01115333e-07,3.74602607e-08,1.17830552e-07,1],"scale":0.999999881,"type":"pole_fence1"}
{"ctxid":0,"pos":[112.370911,598.172119,81.5056229],"rotationMatrix":[0.585510492,-0.810664833,3.1219713e-08,0.810664833,0.585510492,-2.10647606e-08,-1.20300925e-09,3.76423621e-08,1],"scale":0.99999994,"type":"pole_fence1"}
{"ctxid":0,"pos":[109.617249,596.314209,80.990387],"rotationMatrix":[0.568398178,-0.822753608,7.11159132e-08,0.822753608,0.568398178,-1.01026139e-07,4.26974651e-08,1.1593395e-07,1],"scale":1,"type":"pole_fence1"}
{"ctxid":0,"pos":[106.816711,594.500854,80.4932404],"rotationMatrix":[0.553651094,-0.832748771,7.11003807e-08,0.832748771,0.553651094,-1.00990441e-07,4.4734854e-08,1.15122226e-07,1],"scale":0.99999994,"type":"pole_fence1"}
{"ctxid":0,"pos":[103.975769,592.72644,80.0145874],"rotationMatrix":[0.541243553,-0.84086585,7.10873067e-08,0.84086585,0.541243553,-1.00960456e-07,4.64186591e-08,1.14419088e-07,1],"scale":1.00000012,"type":"pole_fence1"}
{"ctxid":0,"pos":[101.101135,590.983765,79.5549011],"rotationMatrix":[0.531053782,-0.84733808,7.10766059e-08,0.84733808,0.531053782,-1.00935885e-07,4.77813202e-08,1.138283e-07,1],"scale":1.00000012,"type":"pole_fence1"}
{"ctxid":0,"pos":[98.1986694,589.265991,79.1164398],"rotationMatrix":[0.522972226,-0.852349699,7.10681505e-08,0.852349699,0.522972226,-1.00916374e-07,4.88493797e-08,1.13351383e-07,1],"scale":0.99999994,"type":"pole_fence1"}
{"ctxid":0,"pos":[95.2734985,587.567017,78.6963043],"rotationMatrix":[0.516801596,-0.856105208,1.23255688e-07,0.856105208,0.516801596,-7.21178566e-08,-1.9582771e-09,1.42790469e-07,1],"scale":0.999999881,"type":"pole_fence1"}
{"ctxid":0,"pos":[92.3300171,585.880737,78.3005676],"rotationMatrix":[0.512380064,-0.858758807,-6.2100348e-08,0.858758807,0.512380064,-1.06607565e-07,1.23369176e-07,1.29437439e-09,1],"scale":0.999999881,"type":"pole_fence1"}
{"ctxid":0,"pos":[89.3721924,584.202515,77.9225998],"rotationMatrix":[0.509588599,-0.8604182,-8.51636273e-08,0.8604182,0.509588599,-1.87892368e-07,2.05064424e-07,2.24714753e-08,1],"scale":0.999999821,"type":"pole_fence1"}
{"ctxid":0,"pos":[86.4046631,582.527344,77.568924],"rotationMatrix":[0.508197069,-0.861240804,-1.6081863e-08,0.861240804,0.508197069,5.52666073e-08,-3.94250996e-08,-4.19366835e-08,1],"scale":0.99999994,"type":"pole_fence1"}
{"ctxid":0,"pos":[83.4295654,580.85083,77.2334976],"rotationMatrix":[0.50825268,-0.861208022,7.10526962e-08,0.861208022,0.50825268,-1.0088096e-07,5.07667686e-08,1.12464171e-07,1],"scale":0.99999994,"type":"pole_fence1"}
{"ctxid":0,"pos":[80.4506836,579.168823,76.9215088],"rotationMatrix":[0.509441674,-0.860505164,1.30395597e-08,0.860505164,0.509441674,3.25643179e-09,-9.44507139e-09,9.56164659e-09,1],"scale":1,"type":"pole_fence1"}
{"ctxid":0,"pos":[77.4705811,577.478271,76.6289978],"rotationMatrix":[0.511665761,-0.859184563,7.10562773e-08,0.859184563,0.511665761,-1.00889181e-07,5.03253688e-08,1.12671998e-07,1],"scale":0.999999881,"type":"pole_fence1"}
{"ctxid":0,"pos":[74.4916992,575.775635,76.3582001],"rotationMatrix":[0.514828563,-0.857293189,4.22158379e-08,0.857293189,0.514828563,-4.87359451e-08,2.00470751e-08,6.12820088e-08,1],"scale":0.99999994,"type":"pole_fence1"}
{"ctxid":0,"pos":[71.5166016,574.057739,76.1074753],"rotationMatrix":[0.518856764,-0.8548612,-2.42461464e-08,0.8548612,0.518856764,-5.12846263e-08,5.64215128e-08,5.88228488e-09,1],"scale":0.999999821,"type":"pole_fence1"}
{"ctxid":0,"pos":[68.5465088,572.32373,75.8767319],"rotationMatrix":[0.523564339,-0.85198611,-8.58539124e-08,0.85198611,0.523564339,-1.86648265e-07,2.0397178e-07,2.45760248e-08,1],"scale":0.99999994,"type":"pole_fence1"}
{"ctxid":0,"pos":[65.5846558,570.568726,75.66716],"rotationMatrix":[0.528960645,-0.848646343,7.10744175e-08,0.848646343,0.528960645,-1.00930819e-07,4.80590003e-08,1.13705482e-07,1],"scale":0.99999994,"type":"pole_fence1"}
{"ctxid":0,"pos":[62.6321411,568.792969,75.4759216],"rotationMatrix":[0.53487885,-0.844928801,2.87395157e-08,0.844928801,0.53487885,-2.21997052e-08,3.38500961e-09,3.61569974e-08,1],"scale":1,"type":"pole_fence1"}
{"ctxid":0,"pos":[59.6896362,566.994751,75.3059006],"rotationMatrix":[0.541250587,-0.84086138,7.10873209e-08,0.84086138,0.541250587,-1.0096047e-07,4.64177035e-08,1.144195e-07,1],"scale":0.99999994,"type":"pole_fence1"}
{"ctxid":0,"pos":[56.7602539,565.171021,75.15271],"rotationMatrix":[0.548051476,-0.836444557,1.23810935e-07,0.836444557,0.548051476,-7.31616083e-08,-6.65912836e-09,1.43657303e-07,1],"scale":1,"type":"pole_fence1"}
{"ctxid":0,"pos":[53.8443604,563.32251,75.020752],"rotationMatrix":[0.555179417,-0.831730664,2.9717329e-08,0.831730664,0.555179417,-2.17418936e-08,1.58494906e-09,3.67874655e-08,1],"scale":0.99999994,"type":"pole_fence1"}
{"ctxid":0,"pos":[50.9432373,561.447754,74.9049683],"rotationMatrix":[0.562579513,-0.826743126,7.11097812e-08,0.826743126,0.562579513,-1.01012041e-07,4.35061089e-08,1.15616835e-07,1],"scale":0.999999881,"type":"pole_fence1"}
{"ctxid":0,"pos":[48.0582275,559.546143,74.8098984],"rotationMatrix":[0.570187569,-0.821514487,7.1117789e-08,0.821514487,0.570187569,-1.01030494e-07,4.24475388e-08,1.16030634e-07,1],"scale":1.00000012,"type":"pole_fence1"}
{"ctxid":0,"pos":[45.1906128,557.615601,74.7306213],"rotationMatrix":[0.577985168,-0.816047251,7.11260455e-08,0.816047251,0.577985168,-1.01049466e-07,4.13513348e-08,1.1644731e-07,1],"scale":1.00000012,"type":"pole_fence1"}
{"ctxid":0,"pos":[42.3405762,555.657959,74.6698303],"rotationMatrix":[0.585903406,-0.810380936,-8.88906015e-08,0.810380936,0.585903406,-1.80858407e-07,1.98645495e-07,3.39303057e-08,1],"scale":0.999999821,"type":"pole_fence1"}
{"ctxid":0,"pos":[876.236145,-519.778076,163.650482],"rotationMatrix":[-0.989262938,0.145182982,-0.0167514812,-0.144905731,-0.989304066,-0.0167281702,-0.0190009531,-0.0141211739,0.999719739],"scale":1.00000012,"type":"pole_fence1"}
{"ctxid":0,"pos":[876.677673,-516.811035,163.648132],"rotationMatrix":[-0.989340186,0.145194337,0.0111503005,-0.145192012,-0.98940289,0.00102172035,0.0111804884,-0.00060810562,0.999937296],"scale":1,"type":"pole_fence1"}
{"ctxid":0,"pos":[877.118958,-513.843872,163.515411],"rotationMatrix":[-0.989285231,0.145185262,-0.0153641878,-0.145247459,-0.98939085,0.00300670043,-0.0147646582,0.00520609319,0.999877453],"scale":1,"type":"pole_fence1"}
{"ctxid":0,"pos":[877.560425,-510.87674,163.384094],"rotationMatrix":[-0.989391804,0.145200923,-0.004528719,-0.145243034,-0.989334345,0.0110426797,-0.00287701027,0.0115833012,0.999928772],"scale":1,"type":"pole_fence1"}
{"ctxid":0,"pos":[878.001892,-507.909607,163.314056],"rotationMatrix":[-0.989090681,0.145157695,0.02507714,-0.145613462,-0.989188433,-0.0174115878,0.0222785901,-0.0208732095,0.999533892],"scale":1,"type":"pole_fence1"}
{"ctxid":0,"pos":[878.443359,-504.942566,163.139816],"rotationMatrix":[-0.989254475,0.145180777,-0.0172626786,-0.145361647,-0.989330769,0.00972399116,-0.0156667642,0.0121288337,0.999803722],"scale":1.00000012,"type":"pole_fence1"}
{"ctxid":0,"pos":[-12.5264301,58.9406662,119.386024],"rotationMatrix":[-0.689759851,0.723953605,-0.0110699283,-0.723840237,-0.689848185,-0.0128384884,-0.0169310383,-0.000842614099,0.999856293],"scale":1.00000012,"type":"pole_fence1"}
{"ctxid":0,"pos":[878.884827,-501.975311,163.07074],"rotationMatrix":[-0.989035368,0.145148605,0.0272200275,-0.145514101,-0.989284039,-0.0119542144,0.0251931977,-0.0157840382,0.999557972],"scale":1.00000012,"type":"pole_fence1"}
{"ctxid":0,"pos":[879.326233,-499.008179,162.950134],"rotationMatrix":[-0.989287257,0.145186558,-0.0152129782,-0.145439938,-0.989218593,0.0171309952,-0.0125617729,0.0191600528,0.999737501],"scale":1,"type":"pole_fence1"}
{"ctxid":0,"pos":[879.767578,-496.041077,162.76825],"rotationMatrix":[-0.989251137,0.145181239,-0.0174560845,-0.145400673,-0.989299774,0.0120316334,-0.0155225322,0.0144404322,0.999775231],"scale":1,"type":"pole_fence1"}
{"ctxid":0,"pos":[876.14917,-521.995972,163.706818],"rotationMatrix":[-0.605527997,-0.79564774,-0.0167514831,0.795817733,-0.605305195,-0.0167281702,0.00316997152,-0.0234604999,0.999719739],"scale":1.00000012,"type":"pole_fence1"}
{"ctxid":0,"pos":[877.659119,-522.068359,163.57814],"rotationMatrix":[0.0111231208,-0.999931097,0.00374693773,0.999934196,0.011133492,0.00275743497,-0.00279896171,0.00371601968,0.999989152],"scale":1.00000012,"type":"pole_fence1"}
{"ctxid":0,"pos":[879.471008,-522.08728,163.519684],"rotationMatrix":[-0.0131771564,-0.999906123,0.00374693726,0.999909461,-0.0131667852,0.00275743473,-0.00270784064,0.00378293311,0.999989152],"scale":1.00000012,"type":"pole_fence1"}
{"ctxid":0,"pos":[159.199646,638.846436,91.8715973],"rotationMatrix":[-0.966367245,0.257166326,-6.99401497e-08,-0.257166326,-0.966367245,8.6513154e-08,-4.5339597e-08,1.0158972e-07,1],"scale":1.00000012,"type":"pole_fence1"}
{"ctxid":0,"pos":[158.253845,635.678467,91.5136337],"rotationMatrix":[-0.960067391,0.279768705,-5.89215219e-08,-0.279768705,-0.960067391,1.06949081e-08,-5.35765352e-08,2.67522324e-08,1],"scale":0.99999994,"type":"pole_fence1"}
{"ctxid":0,"pos":[157.187561,632.457153,91.124176],"rotationMatrix":[-0.950542569,0.310594261,-6.945411e-08,-0.310594261,-0.950542569,9.70873728e-08,-3.58643106e-08,1.1385773e-07,1],"scale":0.99999994,"type":"pole_fence1"}
{"ctxid":0,"pos":[-600.36145,-655.196533,186.772964],"rotationMatrix":[0.455530763,-0.889371932,-0.0388496816,0.888000548,0.450882375,0.0903335214,-0.0628234595,-0.0756482333,0.995153546],"scale":1.00000012,"type":"pole_fence1"}
{"ctxid":0,"pos":[-597.246338,-653.600952,186.772964],"rotationMatrix":[0.454835832,-0.888015032,-0.0674810261,0.889891505,0.456148744,-0.00463006832,0.0348929539,-0.0579448715,0.997709811],"scale":1.00000012,"type":"pole_fence1"}
{"ctxid":0,"pos":[-591.01593,-650.409912,186.772964],"rotationMatrix":[0.455864906,-0.890024424,0.0066136159,0.885819197,0.452962458,-0.100744136,0.0866690129,0.051784195,0.994890392],"scale":1.00000012,"type":"pole_fence1"}
{"ctxid":0,"pos":[-594.131226,-652.005432,186.772964],"rotationMatrix":[0.455105305,-0.88854146,0.0580806658,0.887624741,0.447520852,-0.108846322,0.0707221404,0.101090372,0.992360353],"scale":1.00000012,"type":"pole_fence1"}
{"ctxid":0,"pos":[-581.670654,-645.623108,186.772964],"rotationMatrix":[0.45585525,-0.890005291,-0.00930381007,0.889643371,0.455937564,-0.0256056897,0.0270311553,0.00339541584,0.999628842],"scale":1.00000012,"type":"pole_fence1"}
{"ctxid":0,"pos":[-578.55542,-644.027588,186.772964],"rotationMatrix":[0.455433309,-0.889181495,-0.0440094806,0.882785797,0.4574489,-0.106909968,0.115194455,0.00983941555,0.993294239],"scale":1.00000012,"type":"pole_fence1"}
{"ctxid":0,"pos":[-584.785706,-647.21875,186.772964],"rotationMatrix":[0.455493987,-0.889299989,0.0408749953,0.886254191,0.457316339,0.0735891908,-0.0841356739,0.00270620361,0.996450663],"scale":1.00000012,"type":"pole_fence1"}
{"ctxid":0,"pos":[-587.900879,-648.81427,186.772964],"rotationMatrix":[0.455838621,-0.889973044,-0.0126113845,0.889723539,0.456010282,-0.0211331733,0.0245588757,-0.00158732943,0.999697149],"scale":1.00000012,"type":"pole_fence1"}
{"ctxid":0,"pos":[-572.325134,-640.836487,186.772964],"rotationMatrix":[0.455425978,-0.88916713,0.0443735421,0.889617503,0.452611327,-0.0610224158,0.0341751575,0.0672666728,0.997149587],"scale":1.00000012,"type":"pole_fence1"}
{"ctxid":0,"pos":[-575.440247,-642.432068,186.772964],"rotationMatrix":[0.455874205,-0.890042484,0.00173895806,0.886552393,0.454257786,0.0876047015,-0.0787618458,-0.0383950472,0.996153772],"scale":1.00000012,"type":"pole_fence1"}
{"ctxid":0,"pos":[156.002869,629.250244,90.7114487],"rotationMatrix":[-0.939139366,0.343536168,-7.07867187e-08,-0.343536168,-0.939139366,1.09837465e-07,-2.8745454e-08,1.274705e-07,1],"scale":1,"type":"pole_fence1"}
{"ctxid":0,"pos":[-606.819763,-634.909973,186.772964],"rotationMatrix":[-0.454079986,0.886540353,-0.0886438489,-0.890597045,-0.454485774,0.0167214163,-0.0254631564,0.0865388066,0.995923042],"scale":1.00000012,"type":"pole_fence1"}
{"ctxid":0,"pos":[-609.934875,-636.505554,186.772964],"rotationMatrix":[-0.455379725,0.889078438,0.0465699844,-0.889680684,-0.456387758,0.0133558782,0.0331283994,-0.0353504196,0.998825729],"scale":1.00000012,"type":"pole_fence1"}
{"ctxid":0,"pos":[-594.359131,-628.527771,186.772964],"rotationMatrix":[-0.455669999,0.889644861,-0.0299480986,-0.889980197,-0.454670906,0.0347814485,0.0173266064,0.0425020754,0.99894613],"scale":1.00000012,"type":"pole_fence1"}
{"ctxid":0,"pos":[-597.474304,-630.123291,186.772964],"rotationMatrix":[-0.455260396,0.888845503,0.0518791452,-0.890340388,-0.454108953,-0.0328462645,-0.00563646294,-0.0611437038,0.998113036],"scale":1.00000012,"type":"pole_fence1"}
{"ctxid":0,"pos":[-603.70459,-633.314453,186.772964],"rotationMatrix":[-0.455631614,0.889570177,-0.032628689,-0.886752546,-0.456786275,-0.0708253309,-0.0779084414,-0.00333669037,0.996954918],"scale":1.00000012,"type":"pole_fence1"}
{"ctxid":0,"pos":[-600.589355,-631.718933,186.772964],"rotationMatrix":[-0.455511928,0.889336526,-0.0398659147,-0.887702763,-0.457134962,-0.054875806,-0.0670271739,0.0103924926,0.997696996],"scale":1.00000012,"type":"pole_fence1"}
{"ctxid":0,"pos":[-588.128784,-625.336609,186.772964],"rotationMatrix":[-0.455858469,0.890013039,0.00836013909,-0.889931858,-0.455622196,-0.020731654,-0.0146423774,-0.0168906525,0.999750137],"scale":1.00000012,"type":"pole_fence1"}
{"ctxid":0,"pos":[-591.24408,-626.932129,186.772964],"rotationMatrix":[-0.454177856,0.886731803,-0.0861932486,-0.890788496,-0.450380325,0.0604437068,0.0147776119,0.10423214,0.994443178],"scale":1.00000012,"type":"pole_fence1"}
{"ctxid":0,"pos":[-585.013672,-623.741089,186.772964],"rotationMatrix":[-0.455016971,0.888370216,0.0613008142,-0.890204966,-0.452076793,-0.0562274307,-0.0222380888,-0.0801547319,0.996534348],"scale":1.00000012,"type":"pole_fence1"}
{"ctxid":0,"pos":[-581.89856,-622.145508,186.772964],"rotationMatrix":[-0.454930902,0.888202071,-0.0643028915,-0.884059191,-0.459134698,-0.0873758346,-0.107131094,0.0170975886,0.994097888],"scale":1.00000012,"type":"pole_fence1"}
{"ctxid":0,"pos":[154.697571,626.06897,90.2781982],"rotationMatrix":[-0.925859332,0.377868205,4.9073634e-09,-0.377868205,-0.925859332,3.11212247e-08,1.63032503e-08,2.69595404e-08,1],"scale":0.99999994,"type":"pole_fence1"}
{"ctxid":0,"pos":[-572.315125,-640.814636,186.772964],"rotationMatrix":[0.889902294,0.455801606,0.0178541299,-0.456115246,0.889641643,0.0222868416,-0.00572539726,-0.0279766526,0.999592185],"scale":1.00000012,"type":"pole_fence1"}
{"ctxid":0,"pos":[-573.910706,-637.699524,186.772964],"rotationMatrix":[0.889006853,0.455342919,0.0482664555,-0.456524104,0.889556766,0.0165673569,-0.0353919268,-0.0367632918,0.998697102],"scale":1.00000012,"type":"pole_fence1"}
{"ctxid":0,"pos":[-577.101746,-631.469116,186.772964],"rotationMatrix":[0.889975905,0.455839306,0.0123879742,-0.455278188,0.889760315,-0.0323786251,-0.0257817786,0.0231762212,0.999398887],"scale":1.00000012,"type":"pole_fence1"}
{"ctxid":0,"pos":[-575.506226,-634.584412,186.772964],"rotationMatrix":[0.888613284,0.455141366,-0.0566807352,-0.453454196,0.890359998,0.0404765867,0.0688888282,-0.0102659157,0.997571528],"scale":1.00000012,"type":"pole_fence1"}
{"ctxid":0,"pos":[-581.88855,-622.12384,186.772964],"rotationMatrix":[0.887079418,0.454355747,0.0815535411,-0.46025303,0.884116709,0.0806523114,-0.0354580134,-0.10908027,0.993400335],"scale":1.00000012,"type":"pole_fence1"}
{"ctxid":0,"pos":[-580.292908,-625.238892,186.772964],"rotationMatrix":[0.887515604,0.454579145,-0.0753251165,-0.459119588,0.88628155,-0.0609448142,0.0390550196,0.0886727124,0.995294869],"scale":1.00000012,"type":"pole_fence1"}
{"ctxid":0,"pos":[-578.697388,-628.354065,186.772964],"rotationMatrix":[0.890041113,0.455872715,-0.00261575449,-0.455082357,0.888808131,0.0540385284,0.0269595943,-0.0469061323,0.998535454],"scale":1.00000012,"type":"pole_fence1"}
{"ctxid":0,"pos":[-603.548096,-648.994019,186.772964],"rotationMatrix":[-0.890031815,-0.455868155,0.00523287384,0.455532879,-0.889719486,-0.0298151653,0.0182475746,-0.0241527017,0.999541759],"scale":1.00000012,"type":"pole_fence1"}
{"ctxid":0,"pos":[-601.952576,-652.109192,186.772964],"rotationMatrix":[-0.889924645,-0.455813199,-0.0163831674,0.456094652,-0.889055133,-0.0394773483,0.00342875626,-0.0426041409,0.999086142],"scale":1.00000012,"type":"pole_fence1"}
{"ctxid":0,"pos":[-600.356934,-655.224243,186.772964],"rotationMatrix":[-0.88936007,-0.455524057,0.039198447,0.457156152,-0.88727057,0.0613128617,0.00685014203,0.072449021,0.997348607],"scale":1.00000012,"type":"pole_fence1"}
{"ctxid":0,"pos":[153.263733,622.923828,89.8269119],"rotationMatrix":[-0.910570979,0.413352877,-7.54082592e-08,-0.413352877,-0.910570979,1.3582742e-07,-1.25199122e-08,1.54850724e-07,1],"scale":1,"type":"pole_fence1"}
{"ctxid":0,"pos":[-606.739258,-642.763672,186.772964],"rotationMatrix":[-0.888042808,-0.454849303,-0.0670242086,0.455322981,-0.890281796,0.00891868584,-0.0637270883,-0.0225974899,0.99771148],"scale":1.00000012,"type":"pole_fence1"}
{"ctxid":0,"pos":[-605.143738,-645.878967,186.772964],"rotationMatrix":[-0.89002502,-0.455864668,-0.00654210197,0.4556216,-0.889878988,0.0228964798,-0.016259376,0.0173977166,0.999716461],"scale":1.00000012,"type":"pole_fence1"}
{"ctxid":0,"pos":[-608.334778,-639.64856,186.772964],"rotationMatrix":[-0.890011668,-0.455857813,0.00853518117,0.455904782,-0.890016437,0.00463991379,0.00548131019,0.00802080706,0.999952793],"scale":1.00000012,"type":"pole_fence1"}
{"ctxid":0,"pos":[-609.930359,-636.533447,186.772964],"rotationMatrix":[-0.890019417,-0.455861807,0.00744871981,0.454452932,-0.888342738,-0.0657253936,0.0365787148,-0.0551117845,0.997809947],"scale":1.00000012,"type":"pole_fence1"}
{"ctxid":0,"pos":[151.702576,619.822876,89.3537674],"rotationMatrix":[-0.893227577,0.44960466,-6.22342355e-08,-0.44960466,-0.893227577,7.62887851e-08,-2.12895461e-08,9.61240545e-08,1],"scale":0.99999994,"type":"pole_fence1"}
{"ctxid":0,"pos":[150.008118,616.77832,88.8625031],"rotationMatrix":[-0.873830795,0.486229926,1.4837299e-07,-0.486229926,-0.873830795,-2.60818069e-08,1.16971151e-07,-9.49344781e-08,1],"scale":0.999999821,"type":"pole_fence1"}
{"ctxid":0,"pos":[148.186096,613.797974,88.3579865],"rotationMatrix":[-0.852491617,0.522740901,-6.79252281e-08,-0.522740901,-0.852491617,1.03264014e-07,-3.92536492e-09,1.23538996e-07,1],"scale":0.99999994,"type":"pole_fence1"}
{"ctxid":0,"pos":[-239.163452,-174.164352,119.39315],"rotationMatrix":[-0.572262883,0.818544626,-0.049997855,-0.819974601,-0.570201516,0.0501144342,0.0125120543,0.0696755946,0.997491002],"scale":1.00000012,"type":"pole_fence1"}
{"ctxid":0,"pos":[146.231628,610.89917,87.8363037],"rotationMatrix":[-0.829419374,0.558626294,-5.07148989e-08,-0.558626294,-0.829419374,4.5246793e-08,-1.6787876e-08,6.58592469e-08,1],"scale":0.99999994,"type":"pole_fence1"}
{"ctxid":0,"pos":[144.159485,608.085205,87.3030701],"rotationMatrix":[-0.804942369,0.593352973,-4.91870047e-08,-0.593352973,-0.804942369,4.4889255e-08,-1.29575319e-08,6.53185239e-08,1],"scale":0.99999994,"type":"pole_fence1"}
{"ctxid":0,"pos":[-234.15686,-370.820129,121.90757],"rotationMatrix":[-0.48954761,-0.871850431,0.0148225725,0.871820629,-0.489710808,-0.0105783679,0.0164815299,0.00774400914,0.99983418],"scale":0.99999994,"type":"pole_fence1"}
{"ctxid":0,"pos":[-230.725708,-372.689941,121.896637],"rotationMatrix":[-0.488067865,-0.869212508,-0.0791168064,0.87277782,-0.486767769,-0.0362774879,-0.00697866455,-0.0867572725,0.996205032],"scale":1.00000012,"type":"pole_fence1"}
{"ctxid":0,"pos":[-227.294556,-374.559692,121.898453],"rotationMatrix":[-0.488749743,-0.87042582,-0.0590123944,0.872295856,-0.488718152,-0.0159543715,-0.0149533264,-0.0592739619,0.998129725],"scale":1,"type":"pole_fence1"}
{"ctxid":0,"pos":[-223.863281,-376.429443,121.908195],"rotationMatrix":[-0.48953402,-0.871818423,-0.0170060508,0.871711373,-0.48879981,-0.0345586389,0.0218163058,-0.0317419916,0.999257982],"scale":1,"type":"pole_fence1"}
{"ctxid":0,"pos":[-220.432129,-378.299255,121.920341],"rotationMatrix":[-0.488296151,-0.869612038,-0.0730869994,0.867498815,-0.492803693,0.0677517578,-0.0949352905,-0.0303199608,0.995021582],"scale":0.999999881,"type":"pole_fence1"}
{"ctxid":0,"pos":[-217.000854,-380.169067,121.937119],"rotationMatrix":[-0.488845468,-0.870593429,0.0556527525,0.871347308,-0.49036634,-0.0171701089,0.0422384217,0.0400993451,0.998302519],"scale":0.999999821,"type":"pole_fence1"}
{"ctxid":0,"pos":[141.972229,605.368896,86.7620697],"rotationMatrix":[-0.779485703,0.626420021,-6.69676723e-08,-0.626420021,-0.779485703,1.01063996e-07,1.11081686e-08,1.20727833e-07,1],"scale":1.00000012,"type":"pole_fence1"}
{"ctxid":0,"pos":[-213.569702,-382.038818,121.959084],"rotationMatrix":[-0.488927245,-0.870738566,-0.0525791273,0.872260988,-0.487275004,-0.0415190347,0.0105317309,-0.0661625117,0.997753263],"scale":0.99999994,"type":"pole_fence1"}
{"ctxid":0,"pos":[-210.138428,-383.908569,122.058342],"rotationMatrix":[-0.489518285,-0.87178874,0.0188731961,0.871934533,-0.489120126,0.0221702792,-0.0100965369,0.0273089483,0.999576032],"scale":1,"type":"pole_fence1"}
{"ctxid":0,"pos":[-206.707397,-385.778381,122.194275],"rotationMatrix":[-0.488068342,-0.869206905,0.0791757256,0.872804999,-0.486147881,0.0432641655,0.000885602087,0.0902208388,0.995921373],"scale":0.99999994,"type":"pole_fence1"}
{"ctxid":0,"pos":[-203.276123,-387.648132,122.315628],"rotationMatrix":[-0.489204049,-0.871228158,-0.0405045524,0.87209326,-0.488020658,-0.035903424,0.011513018,-0.0528878495,0.998534083],"scale":1.00000012,"type":"pole_fence1"}
{"ctxid":0,"pos":[-199.844971,-389.517944,122.347382],"rotationMatrix":[-0.487765908,-0.868666768,-0.0866175368,0.869788051,-0.492057323,0.036722824,-0.0745206848,-0.0574267507,0.99556458],"scale":1.00000012,"type":"pole_fence1"}
{"ctxid":0,"pos":[-196.413696,-391.387695,122.376106],"rotationMatrix":[-0.48923254,-0.87127924,0.0390365571,0.871926427,-0.487594366,0.0446746536,-0.0198900923,0.0558933057,0.998238623],"scale":0.99999994,"type":"pole_fence1"}
{"ctxid":0,"pos":[-192.982544,-393.257446,122.410339],"rotationMatrix":[-0.489108682,-0.871058285,-0.0450577848,0.871612728,-0.486181974,-0.0625967383,0.0326191224,-0.0698895454,0.997021258],"scale":0.999999881,"type":"pole_fence1"}
{"ctxid":0,"pos":[-189.551392,-395.127197,122.463295],"rotationMatrix":[-0.48950839,-0.871769667,0.019974729,0.871907234,-0.488997221,0.0256770551,-0.0126168896,0.0299852453,0.999470711],"scale":0.999999881,"type":"pole_fence1"}
{"ctxid":0,"pos":[-186.120239,-396.99707,122.52784],"rotationMatrix":[-0.489285469,-0.871373832,-0.0361561701,0.871490061,-0.490089655,0.0178061612,-0.0332355872,-0.0227974467,0.999187529],"scale":1.00000012,"type":"pole_fence1"}
{"ctxid":0,"pos":[-182.688965,-398.86676,122.655975],"rotationMatrix":[-0.487971783,-0.869034708,-0.0816227198,0.872823775,-0.48665905,-0.0366281644,-0.00789128989,-0.0891157612,0.995990038],"scale":1,"type":"pole_fence1"}
{"ctxid":0,"pos":[139.687805,602.750122,86.2160187],"rotationMatrix":[-0.753453732,0.657501042,-6.67308484e-08,-0.657501042,-0.753453732,1.00519948e-07,1.58133648e-08,1.19612722e-07,1],"scale":1.00000012,"type":"pole_fence1"}
{"ctxid":0,"pos":[-179.257812,-400.736633,122.82283],"rotationMatrix":[-0.487755895,-0.868649602,0.0868451744,0.872931719,-0.486356735,0.0380444974,0.00919040665,0.0943663269,0.995495141],"scale":1,"type":"pole_fence1"}
