{"ctxid":0,"pos":[986.705688,-77.8491669,148.674393],"rotationMatrix":[0.997074425,0.00262388401,0.0763919279,-0.00185973395,0.999947548,-0.010072439,-0.0764143541,0.0099009024,0.99702698],"scale":0.99999994,"type":"pole_fence2"}
{"ctxid":0,"pos":[987.317505,-74.3000641,149.05748],"rotationMatrix":[0.997400761,0.0239701364,0.0679494068,-0.0184667204,0.996583998,-0.0804941803,-0.0696467534,0.0790301561,0.994436324],"scale":1,"type":"pole_fence2"}
{"ctxid":0,"pos":[988.758667,-71.5240326,149.148392],"rotationMatrix":[0.998112142,0.0325741209,0.0520685017,-0.0350387655,0.998273373,0.0471443795,-0.0504429117,-0.0488797911,0.997530103],"scale":1,"type":"pole_fence2"}
{"ctxid":0,"pos":[989.426147,-68.4080505,149.045227],"rotationMatrix":[0.997377217,0.0504479036,0.0519010238,-0.0536809862,0.996574461,0.06291008,-0.0485495515,-0.0655311793,0.996668756],"scale":1,"type":"pole_fence2"}
{"ctxid":0,"pos":[990.32019,-65.4795532,149.162613],"rotationMatrix":[0.98701489,0.0637780726,0.14742437,-0.0740030557,0.995141268,0.0649412796,-0.142566234,-0.0750078633,0.986939073],"scale":1,"type":"pole_fence2"}
{"ctxid":0,"pos":[991.069763,-62.3192291,149.19603],"rotationMatrix":[0.987567663,0.0762976259,0.137436494,-0.0748382509,0.997071087,-0.0157623738,-0.138236597,0.00528090401,0.990385175],"scale":1,"type":"pole_fence2"}
{"ctxid":0,"pos":[992.119934,-59.5393066,149.43541],"rotationMatrix":[0.987193286,0.0901840106,0.131591395,-0.0785913542,0.992764473,-0.0907858312,-0.138826683,0.0792812109,0.987138093],"scale":1,"type":"pole_fence2"}
{"ctxid":0,"pos":[992.552429,-55.9918213,149.44101],"rotationMatrix":[0.919419289,0.103434026,0.379433244,-0.110782892,0.993841529,-0.00248028152,-0.377353042,-0.0397542939,0.925215781],"scale":0.99999994,"type":"pole_fence2"}
{"ctxid":0,"pos":[993.405701,-52.9994507,149.645386],"rotationMatrix":[0.974788964,0.126656622,0.183697045,-0.106870808,0.987725854,-0.113913305,-0.195870191,0.0914095864,0.976360142],"scale":1,"type":"pole_fence2"}
{"ctxid":0,"pos":[994.313904,-49.9989319,149.872223],"rotationMatrix":[0.992398262,0.113143548,0.0484171771,-0.123023853,0.922558665,0.365719259,-0.00328890979,-0.36889565,0.929464996],"scale":1,"type":"pole_fence2"}
{"ctxid":0,"pos":[994.914246,-46.9265289,150.068512],"rotationMatrix":[0.98781848,0.130567893,-0.0846563876,-0.126587734,0.990653038,0.0508144274,0.0904998332,-0.0394789726,0.995113671],"scale":1,"type":"pole_fence2"}
{"ctxid":0,"pos":[995.403809,-43.8591385,150.098114],"rotationMatrix":[0.985017836,0.133570328,0.109081969,-0.144087687,0.984994173,0.0950014219,-0.0947557241,-0.109295465,0.989482641],"scale":1,"type":"pole_fence2"}
{"ctxid":0,"pos":[996.059265,-40.6471024,150.238678],"rotationMatrix":[0.982516527,0.153207511,0.105776668,-0.142108381,0.984207988,-0.10554526,-0.12027657,0.0886682197,0.98877275],"scale":1,"type":"pole_fence2"}
{"ctxid":0,"pos":[996.810974,-37.8942261,150.490036],"rotationMatrix":[0.962429345,0.146907285,0.228359446,-0.162749633,0.985293031,0.0520596057,-0.217353031,-0.0872691125,0.972184002],"scale":1,"type":"pole_fence2"}
{"ctxid":0,"pos":[997.065674,-34.7625656,150.524643],"rotationMatrix":[0.979240775,0.162593991,0.121040195,-0.167370677,0.98542726,0.0303341337,-0.114344165,-0.0499630012,0.992183983],"scale":1,"type":"pole_fence2"}
{"ctxid":0,"pos":[997.913696,-31.5312271,150.836761],"rotationMatrix":[0.978692234,0.174351156,0.108458057,-0.158454418,0.977232277,-0.141100243,-0.130589709,0.120908059,0.984036386],"scale":1,"type":"pole_fence2"}
{"ctxid":0,"pos":[998.313477,-28.4178238,150.754242],"rotationMatrix":[0.961042404,0.173225552,0.215384409,-0.162308753,0.984427333,-0.0675182343,-0.223726168,0.0299291108,0.974192381],"scale":1,"type":"pole_fence2"}
{"ctxid":0,"pos":[998.978455,-25.1801605,150.889618],"rotationMatrix":[0.977767706,0.183149725,0.102110445,-0.186751366,0.982040942,0.0268230177,-0.0953640044,-0.0452959426,0.994411349],"scale":0.99999994,"type":"pole_fence2"}
{"ctxid":0,"pos":[999.132507,-22.2003632,150.715057],"rotationMatrix":[0.962881327,0.193177894,0.188525438,-0.178210363,0.979538739,-0.093514204,-0.202732861,0.0564458929,0.977605879],"scale":1,"type":"pole_fence2"}
{"ctxid":0,"pos":[999.536499,-19.1156921,150.729797],"rotationMatrix":[0.960581362,0.18798691,0.204803288,-0.186479002,0.982092857,-0.0268176235,-0.206177205,-0.0124310041,0.978435695],"scale":1,"type":"pole_fence2"}
{"ctxid":0,"pos":[1000.17841,-15.7946091,150.870346],"rotationMatrix":[0.976664066,0.201404214,0.0745899975,-0.203072399,0.979042292,0.0154214324,-0.069920823,-0.0302087292,0.997095048],"scale":1,"type":"pole_fence2"}
{"ctxid":0,"pos":[1000.86987,-12.6901398,150.948761],"rotationMatrix":[0.971012235,0.21494022,0.104575276,-0.198559403,0.968889832,-0.147738427,-0.133076862,0.122691415,0.983482242],"scale":1,"type":"pole_fence2"}
{"ctxid":0,"pos":[1000.81769,-9.95104218,150.624527],"rotationMatrix":[0.97114116,0.2042422,0.123166412,-0.210077405,0.977011561,0.0362746343,-0.1129262,-0.0611022711,0.991722822],"scale":1,"type":"pole_fence2"}
{"ctxid":0,"pos":[1001.50153,-6.61320496,150.863922],"rotationMatrix":[0.962627947,0.209773436,0.171296611,-0.224650607,0.971742868,0.0724421591,-0.151259825,-0.108216733,0.982552588],"scale":1,"type":"pole_fence2"}
{"ctxid":0,"pos":[1001.92291,-3.80343628,151.040314],"rotationMatrix":[0.955658913,0.211703479,0.204689384,-0.243484765,0.959018946,0.144906074,-0.165623873,-0.188319534,0.968041599],"scale":1,"type":"pole_fence2"}
{"ctxid":0,"pos":[1001.99841,-0.757598877,150.908768],"rotationMatrix":[0.95166564,0.2107234,0.223446175,-0.248569071,0.955750763,0.157333612,-0.180404976,-0.205270797,0.961934447],"scale":1,"type":"pole_fence2"}
{"ctxid":0,"pos":[1002.55438,2.39715576,151.15033],"rotationMatrix":[0.963376999,0.236476287,0.126426861,-0.220310286,0.966786802,-0.129563406,-0.152866498,0.0969652608,0.983478308],"scale":1.00000012,"type":"pole_fence2"}
{"ctxid":0,"pos":[1002.77295,5.7048645,151.051865],"rotationMatrix":[0.95562464,0.234005034,0.17895022,-0.220168322,0.970931292,-0.0939061195,-0.195722878,0.0503398329,0.979366362],"scale":1,"type":"pole_fence2"}
{"ctxid":0,"pos":[1003.4245,8.50253296,151.410004],"rotationMatrix":[0.948864341,0.227240473,0.219130561,-0.260032237,0.956203282,0.134382188,-0.17899628,-0.184491485,0.966397047],"scale":1,"type":"pole_fence2"}
{"ctxid":0,"pos":[1003.80469,11.7041931,151.506287],"rotationMatrix":[0.944050133,0.246086955,0.219568983,-0.23888579,0.969241679,-0.0591958165,-0.227382734,0.0034319032,0.973799407],"scale":1,"type":"pole_fence2"}
{"ctxid":0,"pos":[1003.88153,14.8477936,151.340027],"rotationMatrix":[0.943114638,0.241859511,0.228120118,-0.254190564,0.966808379,0.0258593354,-0.214294106,-0.0823742971,0.973289549],"scale":1,"type":"pole_fence2"}
{"ctxid":0,"pos":[1004.02551,18.245697,151.254898],"rotationMatrix":[0.953883708,0.249564201,0.166803986,-0.247609377,0.968306065,-0.032756757,-0.169692218,-0.0100560961,0.985445797],"scale":1,"type":"pole_fence2"}
{"ctxid":0,"pos":[1004.58997,21.0657616,151.589569],"rotationMatrix":[0.941917181,0.252846062,0.221044928,-0.249285832,0.967414498,-0.0443364121,-0.225052357,-0.0133421384,0.974255323],"scale":1,"type":"pole_fence2"}
{"ctxid":0,"pos":[1004.43109,24.0904236,151.209167],"rotationMatrix":[0.929019749,0.253347039,0.269699067,-0.242896453,0.967374444,-0.0720278472,-0.279148012,0.00140634924,0.96024704],"scale":0.99999994,"type":"pole_fence2"}
{"ctxid":0,"pos":[1004.90265,27.1161499,151.40863],"rotationMatrix":[0.951445222,0.259326309,0.165836737,-0.249717444,0.965272307,-0.0767503008,-0.179980978,0.031611383,0.983162045],"scale":1,"type":"pole_fence2"}
{"ctxid":0,"pos":[1005.06427,30.5108986,151.344727],"rotationMatrix":[0.952565551,0.268930584,0.14246121,-0.240912899,0.952367842,-0.186966643,-0.185956508,0.143777236,0.971981645],"scale":1,"type":"pole_fence2"}
{"ctxid":0,"pos":[1005.4032,33.2002144,151.484528],"rotationMatrix":[0.935409427,0.263976723,0.235213727,-0.267093271,0.963481188,-0.0191104375,-0.231668711,-0.044947926,0.971755803],"scale":1,"type":"pole_fence2"}
{"ctxid":0,"pos":[1005.56866,36.6542854,151.444672],"rotationMatrix":[0.952566981,0.281284422,0.116168872,-0.267429322,0.955872297,-0.121612921,-0.145250425,0.0847774893,0.985756099],"scale":1,"type":"pole_fence2"}
{"ctxid":0,"pos":[1005.61066,39.6774101,151.33725],"rotationMatrix":[0.949626625,0.269687325,0.159618348,-0.274296373,0.961618543,0.007159587,-0.151561111,-0.0505816676,0.987152815],"scale":1,"type":"pole_fence2"}
{"ctxid":0,"pos":[1005.74554,42.5075912,151.337128],"rotationMatrix":[0.953989625,0.284065425,0.095972091,-0.275589108,0.956805766,-0.0925923139,-0.118128926,0.0618832409,0.991068125],"scale":1,"type":"pole_fence2"}
{"ctxid":0,"pos":[1006.01678,45.9272346,151.415771],"rotationMatrix":[0.938040078,0.280266225,0.203793272,-0.286602318,0.958048224,0.00164832175,-0.194781825,-0.0599538237,0.979012549],"scale":1,"type":"pole_fence2"}
{"ctxid":0,"pos":[1006.52728,48.6641006,151.658417],"rotationMatrix":[0.952415705,0.287970901,0.0998852402,-0.273241282,0.951868653,-0.138871312,-0.135068536,0.104970455,0.985260248],"scale":0.99999994,"type":"pole_fence2"}
{"ctxid":0,"pos":[1006.42401,52.0681152,151.426605],"rotationMatrix":[0.951746166,0.289242148,0.102558114,-0.28566426,0.957110226,-0.0483313538,-0.11213889,0.0167019926,0.993552148],"scale":1,"type":"pole_fence2"}
{"ctxid":0,"pos":[1006.60138,55.2914124,151.462906],"rotationMatrix":[0.943969071,0.284423947,0.16740787,-0.293091357,0.955643356,0.0290387068,-0.151722908,-0.0764774382,0.985459983],"scale":1,"type":"pole_fence2"}
{"ctxid":0,"pos":[1007.04248,58.196167,151.715744],"rotationMatrix":[0.954306304,0.291666329,0.0650406182,-0.294145703,0.955214441,0.0323061012,-0.0527051352,-0.0499613322,0.997359514],"scale":1,"type":"pole_fence2"}
{"ctxid":0,"pos":[1007.23895,61.4114838,151.830475],"rotationMatrix":[0.95223242,0.300605804,0.0537547916,-0.293790907,0.949829817,-0.107285552,-0.0833085626,0.0863681063,0.99277401],"scale":1,"type":"pole_fence2"}
{"ctxid":0,"pos":[1006.9328,64.5431366,151.641998],"rotationMatrix":[0.942238331,0.290897369,0.166029051,-0.305016041,0.950023651,0.0664849281,-0.138391241,-0.113286182,0.983877063],"scale":1,"type":"pole_fence2"}
{"ctxid":0,"pos":[1007.60071,67.6930008,152.097351],"rotationMatrix":[0.939149022,0.29619956,0.173968241,-0.288193822,0.954995573,-0.0701983869,-0.186931625,0.0157901719,0.982246041],"scale":1,"type":"pole_fence2"}
{"ctxid":0,"pos":[1007.62708,70.4696426,152.138245],"rotationMatrix":[0.938526571,0.297419935,0.175240695,-0.296091408,0.954543591,-0.0342992246,-0.177476138,-0.0196965318,0.983927965],"scale":1,"type":"pole_fence2"}
{"ctxid":0,"pos":[1007.78101,73.4323807,152.266876],"rotationMatrix":[0.94544524,0.305668384,0.112695061,-0.302762717,0.952118874,-0.0424782261,-0.120283343,0.00604097359,0.9927212],"scale":0.99999994,"type":"pole_fence2"}
{"ctxid":0,"pos":[1007.47546,76.9182816,152.083252],"rotationMatrix":[0.93973583,0.303085476,0.158226967,-0.306339055,0.951914072,-0.00400401652,-0.151832044,-0.0447083786,0.987394631],"scale":1,"type":"pole_fence2"}
{"ctxid":0,"pos":[1007.90082,79.6995239,152.415039],"rotationMatrix":[0.937922657,0.310091972,0.155383721,-0.304109275,0.950649261,-0.0615103617,-0.166789278,0.0104383305,0.985937297],"scale":1,"type":"pole_fence2"}
{"ctxid":0,"pos":[1008.00708,82.9463882,152.559509],"rotationMatrix":[0.942706108,0.307151169,0.130243614,-0.30429998,0.951660693,-0.0417543165,-0.136772618,-0.000271078199,0.990602434],"scale":1,"type":"pole_fence2"}
{"ctxid":0,"pos":[1008.17407,85.9129028,152.770264],"rotationMatrix":[0.940174103,0.312973499,0.134611621,-0.316494703,0.948580861,0.00504756905,-0.126110241,-0.047349453,0.990885556],"scale":1,"type":"pole_fence2"}
{"ctxid":0,"pos":[1007.89172,88.7416611,152.669495],"rotationMatrix":[0.925979733,0.306620359,0.220330566,-0.327604115,0.942569554,0.06510102,-0.18771559,-0.132463425,0.973250389],"scale":0.99999994,"type":"pole_fence2"}
{"ctxid":0,"pos":[1007.99048,91.8561249,152.830124],"rotationMatrix":[0.930061638,0.313814342,0.191065341,-0.300863087,0.949007452,-0.0941610709,-0.210871518,0.030091092,0.977050543],"scale":1,"type":"pole_fence2"}
{"ctxid":0,"pos":[1008.51056,95.2641144,153.28627],"rotationMatrix":[0.928891242,0.316553473,0.192236781,-0.303951442,0.948172331,-0.09264303,-0.211600065,0.0276246592,0.976965845],"scale":1,"type":"pole_fence2"}
{"ctxid":0,"pos":[1008.28339,98.2996979,153.113464],"rotationMatrix":[0.920086145,0.318723679,0.227720708,-0.317462564,0.947287738,-0.0431675166,-0.229475558,-0.0325749665,0.972769141],"scale":1,"type":"pole_fence2"}
{"ctxid":0,"pos":[1008.10376,101.32663,152.823303],"rotationMatrix":[0.939154446,0.322284907,0.118833162,-0.323586375,0.946158528,-0.00870994106,-0.115242101,-0.0302728117,0.992876053],"scale":1,"type":"pole_fence2"}
{"ctxid":0,"pos":[1008.60791,104.472534,152.946915],"rotationMatrix":[0.923812151,0.31997025,0.210214585,-0.321823776,0.946434557,-0.0262882859,-0.207365811,-0.0433666185,0.977301776],"scale":1,"type":"pole_fence2"}
{"ctxid":0,"pos":[1008.41492,107.666672,152.517548],"rotationMatrix":[0.923755646,0.326544225,0.200110838,-0.331811786,0.94331497,-0.00760110095,-0.191249654,-0.0593775772,0.979743779],"scale":1,"type":"pole_fence2"}
{"ctxid":0,"pos":[1008.61554,110.649673,152.424896],"rotationMatrix":[0.924875677,0.323098242,0.200530663,-0.325224459,0.945352554,-0.0231862627,-0.19706361,-0.0437730663,0.979413033],"scale":0.99999994,"type":"pole_fence2"}
{"ctxid":0,"pos":[1008.40649,113.495369,152.156754],"rotationMatrix":[0.927062273,0.332356781,0.173477829,-0.315116853,0.941469848,-0.119732596,-0.203118086,0.0563337877,0.977532387],"scale":1,"type":"pole_fence2"}
{"ctxid":0,"pos":[1008.28601,116.539604,152],"rotationMatrix":[0.923961997,0.328154445,0.196491569,-0.339947522,0.940007687,0.0286569633,-0.175299674,-0.0932747573,0.980086625],"scale":1,"type":"pole_fence2"}
{"ctxid":0,"pos":[1008.76477,119.958961,152.096436],"rotationMatrix":[0.93338722,0.333964199,0.131363019,-0.333688408,0.942358017,-0.0247662701,-0.132062033,-0.0207177922,0.991024911],"scale":1,"type":"pole_fence2"}
{"ctxid":0,"pos":[1008.3277,122.795929,151.91156],"rotationMatrix":[0.935643494,0.339012861,0.0981911942,-0.329202652,0.938563228,-0.103560038,-0.127266824,0.0645704791,0.989764512],"scale":1,"type":"pole_fence2"}
{"ctxid":0,"pos":[1008.76868,125.884537,152.067444],"rotationMatrix":[0.928101659,0.337326169,0.157601908,-0.324562371,0.940403163,-0.101494402,-0.182446048,0.0430454649,0.982273161],"scale":1,"type":"pole_fence2"}
{"ctxid":0,"pos":[1008.33429,129.385147,152.045593],"rotationMatrix":[0.928771377,0.342590094,0.141477183,-0.336268485,0.939368367,-0.067160897,-0.155907854,0.0148028005,0.987660706],"scale":1,"type":"pole_fence2"}
{"ctxid":0,"pos":[1008.60986,132.521698,152.150024],"rotationMatrix":[0.929017067,0.339863718,0.14635545,-0.331891775,0.940203786,-0.0765808448,-0.163630992,0.022570746,0.986263394],"scale":1,"type":"pole_fence2"}
{"ctxid":0,"pos":[1008.57312,135.423538,152.20665],"rotationMatrix":[0.925792456,0.34031567,0.16460143,-0.346910745,0.937818408,0.0122299679,-0.150204197,-0.0684244186,0.986284316],"scale":1,"type":"pole_fence2"}
{"ctxid":0,"pos":[1008.58508,138.641205,152.28537],"rotationMatrix":[0.935855567,0.348350823,0.0531606376,-0.348316133,0.937321424,-0.010216617,-0.0533875749,-0.00895543117,0.998533726],"scale":0.99999994,"type":"pole_fence2"}
{"ctxid":0,"pos":[1008.71912,141.519485,152.388428],"rotationMatrix":[0.930458665,0.346873492,0.118006259,-0.344571263,0.937905729,-0.0400431268,-0.124568641,-0.00340308994,0.992205143],"scale":1,"type":"pole_fence2"}
{"ctxid":0,"pos":[1008.59149,144.906189,152.434662],"rotationMatrix":[0.931087971,0.344205648,0.120820798,-0.353078395,0.933586061,0.061259523,-0.0917107388,-0.0996972173,0.99078232],"scale":1,"type":"pole_fence2"}
{"ctxid":0,"pos":[1008.26886,147.40593,152.468674],"rotationMatrix":[0.933788359,0.35001561,0.0743533596,-0.352376193,0.935622513,0.0210120827,-0.0622121207,-0.0458211899,0.997010589],"scale":1,"type":"pole_fence2"}
{"ctxid":0,"pos":[1008.67065,151.08432,152.602081],"rotationMatrix":[0.92765528,0.350935727,0.12767078,-0.357663363,0.933249295,0.0335062854,-0.107390113,-0.0767454505,0.991250455],"scale":1,"type":"pole_fence2"}
{"ctxid":0,"pos":[1008.64178,153.779694,152.652344],"rotationMatrix":[0.929972589,0.352239788,0.105252832,-0.350875199,0.935881078,-0.0318306349,-0.109716147,-0.00732898619,0.993935943],"scale":1,"type":"pole_fence2"}
{"ctxid":0,"pos":[1008.58636,157.10112,152.714203],"rotationMatrix":[0.916539669,0.349461854,0.19450295,-0.348673105,0.936414778,-0.0394260772,-0.195913345,-0.0316823907,0.980109274],"scale":1,"type":"pole_fence2"}
{"ctxid":0,"pos":[1008.47375,160.071777,152.756805],"rotationMatrix":[0.920812607,0.354992598,0.161506638,-0.343062371,0.934236169,-0.0975240022,-0.185505643,0.0343944728,0.982041061],"scale":1,"type":"pole_fence2"}
{"ctxid":0,"pos":[1008.16138,162.909225,152.820892],"rotationMatrix":[0.924991012,0.359230042,0.123876467,-0.346025169,0.931017101,-0.116076335,-0.157029226,0.0645051897,0.985485137],"scale":1,"type":"pole_fence2"}
{"ctxid":0,"pos":[1007.99896,166.265076,152.893799],"rotationMatrix":[0.924256027,0.359602332,0.128206551,-0.357639313,0.933052421,-0.0388243198,-0.133584738,-0.00996808801,0.990987241],"scale":0.99999994,"type":"pole_fence2"}
{"ctxid":0,"pos":[1008.13013,169.559769,152.964935],"rotationMatrix":[0.922276974,0.366289496,0.123439156,-0.356855929,0.929597676,-0.0922062173,-0.148522913,0.0409896746,0.988059103],"scale":1,"type":"pole_fence2"}
{"ctxid":0,"pos":[1008.31354,172.51239,153.028656],"rotationMatrix":[0.853611887,0.351459146,0.384477794,-0.318331063,0.936190784,-0.14903757,-0.412325203,0.00482901931,0.911023915],"scale":1,"type":"pole_fence2"}
{"ctxid":0,"pos":[1008.26373,175.233093,153.082443],"rotationMatrix":[0.931346953,0.364064962,0.00703958329,-0.36408183,0.931366146,0.00124215835,-0.00610420294,-0.00371986488,0.99997443],"scale":1,"type":"pole_fence2"}
{"ctxid":0,"pos":[1008.13806,178.47673,153.1474],"rotationMatrix":[0.926847816,0.365623236,0.0852805674,-0.366307139,0.930459142,-0.00804999284,-0.0822933465,-0.0237777662,0.99632448],"scale":1,"type":"pole_fence2"}
{"ctxid":0,"pos":[1007.7843,181.620743,153.212509],"rotationMatrix":[0.928790033,0.366278857,0.0564704388,-0.367273718,0.930078447,0.00800621603,-0.0495894328,-0.0281762034,0.998372197],"scale":1.00000012,"type":"pole_fence2"}
{"ctxid":0,"pos":[1007.58289,184.50528,153.26918],"rotationMatrix":[0.91798991,0.361868203,0.162314415,-0.374046683,0.926006258,0.0510051325,-0.131847024,-0.10753537,0.985419989],"scale":1,"type":"pole_fence2"}
{"ctxid":0,"pos":[1007.4082,187.87384,153.330688],"rotationMatrix":[0.918086052,0.369755894,0.142823815,-0.368486255,0.928927064,-0.0362274386,-0.146068215,-0.0193687119,0.989084899],"scale":0.99999994,"type":"pole_fence2"}
{"ctxid":0,"pos":[1007.24683,190.825272,153.386322],"rotationMatrix":[0.904938996,0.362142116,0.223469302,-0.384735137,0.920663834,0.0660077557,-0.181835905,-0.145709485,0.972473383],"scale":1,"type":"pole_fence2"}
{"ctxid":0,"pos":[1007.28375,193.811279,153.438904],"rotationMatrix":[0.925350785,0.375089288,0.05508155,-0.372121811,0.926422715,-0.0571517833,-0.0724658221,0.0323884003,0.996844888],"scale":1,"type":"pole_fence2"}
{"ctxid":0,"pos":[1007.40778,197.327576,153.500809],"rotationMatrix":[0.923115492,0.378545374,0.0675370321,-0.37486282,0.925056994,-0.0612163544,-0.0856487677,0.0311926454,0.995836973],"scale":1,"type":"pole_fence2"}
{"ctxid":0,"pos":[1007.1463,199.938919,153.546783],"rotationMatrix":[0.920675755,0.37276879,0.115756676,-0.373515457,0.927486062,-0.0159927011,-0.113324285,-0.0285128132,0.993148863],"scale":0.99999994,"type":"pole_fence2"}
{"ctxid":0,"pos":[1007.29968,203.12973,153.597107],"rotationMatrix":[0.909932971,0.372632325,0.182118639,-0.373261213,0.927169859,-0.0321261175,-0.180826142,-0.0387452133,0.982751608],"scale":1,"type":"pole_fence2"}
{"ctxid":0,"pos":[1006.98004,206.062637,153.639572],"rotationMatrix":[0.921414554,0.380709499,0.0778170526,-0.381485015,0.924360216,-0.00522900093,-0.0739217252,-0.0248679593,0.996953964],"scale":0.99999994,"type":"pole_fence2"}
{"ctxid":0,"pos":[1006.62921,209.310043,153.683563],"rotationMatrix":[0.918954551,0.379674375,0.106629856,-0.380833089,0.924588919,-0.0100760022,-0.102414377,-0.031348791,0.994247735],"scale":1,"type":"pole_fence2"}
{"ctxid":0,"pos":[1006.82721,212.522873,153.721283],"rotationMatrix":[0.908101141,0.377481282,0.181273907,-0.375047624,0.925716341,-0.0488730147,-0.186256856,-0.0236047134,0.982217491],"scale":1,"type":"pole_fence2"}
{"ctxid":0,"pos":[1006.74805,215.69812,153.770782],"rotationMatrix":[0.909802198,0.378093272,0.171188235,-0.389744848,0.920087934,0.0392064564,-0.142684519,-0.102389842,0.98445797],"scale":1,"type":"pole_fence2"}
{"ctxid":0,"pos":[1006.58698,218.369537,153.792191],"rotationMatrix":[0.91818583,0.382959425,0.101375051,-0.380795598,0.923764288,-0.0406722501,-0.109222479,-0.00125848874,0.994016528],"scale":0.99999994,"type":"pole_fence2"}
{"ctxid":0,"pos":[1006.2124,221.716415,153.810318],"rotationMatrix":[0.920886397,0.387293607,0.0444060043,-0.386683851,0.921951473,-0.0219338536,-0.0494350195,0.00302750245,0.99877274],"scale":1,"type":"pole_fence2"}
{"ctxid":0,"pos":[1006.24182,224.820297,153.834412],"rotationMatrix":[0.919565022,0.387683332,0.0640456006,-0.388355553,0.92150718,-0.00210446212,-0.0598343462,-0.0229372755,0.997944772],"scale":0.99999994,"type":"pole_fence2"}
{"ctxid":0,"pos":[432.785004,654.20813,117.738586],"rotationMatrix":[-0.803582788,-0.595017195,-0.0144714396,0.595120072,-0.80362761,-0.00387134589,-0.00932612829,-0.0117231905,0.999887764],"scale":0.99999994,"type":"pole_fence2"}
{"ctxid":0,"pos":[974.317993,702.879333,141.181],"rotationMatrix":[-0.136386156,0.98884064,-0.0599403791,-0.982570589,-0.142739654,-0.119080558,-0.126307577,0.0426546969,0.991073668],"scale":0.999999762,"type":"pole_fence2"}
{"ctxid":0,"pos":[975.345215,705.597595,140.994644],"rotationMatrix":[-0.16165781,0.983868003,-0.0766188428,-0.985117435,-0.165481925,-0.0464681759,-0.0583975837,0.0679666102,0.995977044],"scale":0.999999762,"type":"pole_fence2"}
{"ctxid":0,"pos":[975.581177,708.693054,140.860428],"rotationMatrix":[-0.188576102,0.980063021,0.0625742972,-0.974606574,-0.178930283,-0.134632498,-0.120751888,-0.0863737911,0.988917887],"scale":0.999999762,"type":"pole_fence2"}
{"ctxid":0,"pos":[976.136841,711.588501,140.776535],"rotationMatrix":[-0.216994405,0.976164818,-0.00396057591,-0.973141074,-0.215999126,0.0796286166,0.07687518,0.0211331602,0.996816754],"scale":0.999999762,"type":"pole_fence2"}
{"ctxid":0,"pos":[976.848389,714.823608,140.604813],"rotationMatrix":[-0.244246364,0.961496472,-0.125969291,-0.969445467,-0.23905766,0.055017475,0.022785183,0.135558188,0.990507364],"scale":0.999999762,"type":"pole_fence2"}
{"ctxid":0,"pos":[977.121582,718.236633,140.432938],"rotationMatrix":[-0.276420474,0.960885584,0.0170511324,-0.958557904,-0.276937604,0.0668760538,0.0689823329,0.00214140862,0.997615576],"scale":0.999999762,"type":"pole_fence2"}
{"ctxid":0,"pos":[976.952393,721.095581,140.30928],"rotationMatrix":[-0.30390358,0.940273106,-0.1533916,-0.949469268,-0.312174559,-0.0324800722,-0.0784251019,0.135769814,0.987631559],"scale":0.999999762,"type":"pole_fence2"}
{"ctxid":0,"pos":[977.009277,724.287903,140.06636],"rotationMatrix":[-0.338754773,0.939263165,0.0550452806,-0.937610567,-0.33213222,-0.102833167,-0.0783050954,-0.0864462554,0.993174374],"scale":0.999999702,"type":"pole_fence2"}
{"ctxid":0,"pos":[976.971436,726.921265,139.78949],"rotationMatrix":[-0.367689252,0.919127166,-0.141456455,-0.929657757,-0.367101431,0.0311913267,-0.0232600793,0.142974824,0.989452958],"scale":0.999999702,"type":"pole_fence2"}
{"ctxid":0,"pos":[977.13562,730.29834,139.605682],"rotationMatrix":[-0.403762817,0.914815605,0.00938800164,-0.914827526,-0.403634191,-0.0130402418,-0.00814009644,-0.0138535658,0.999870896],"scale":0.999999762,"type":"pole_fence2"}
{"ctxid":0,"pos":[429.972168,652.125427,117.745895],"rotationMatrix":[-0.802948475,-0.594547272,0.0422788523,0.595128179,-0.803629637,0.0014541531,0.0331119709,0.0263289474,0.999104798],"scale":0.99999994,"type":"pole_fence2"}
{"ctxid":0,"pos":[977.204346,733.043274,139.436432],"rotationMatrix":[-0.431025982,0.889447629,-0.151985168,-0.900041997,-0.435798049,0.00211790204,-0.0643510818,0.137705907,0.988380492],"scale":0.999999702,"type":"pole_fence2"}
{"ctxid":0,"pos":[976.309326,736.571167,139.319687],"rotationMatrix":[-0.468076468,0.883598089,0.0126113482,-0.876954436,-0.462704062,-0.129830614,-0.108882755,-0.0718302131,0.991455972],"scale":0.999999762,"type":"pole_fence2"}
{"ctxid":0,"pos":[975.883179,739.554932,139.210648],"rotationMatrix":[-0.49898839,0.865156054,-0.0501549132,-0.866363764,-0.496635556,0.0526004657,0.0205988921,0.069699429,0.997355342],"scale":0.999999762,"type":"pole_fence2"}
{"ctxid":0,"pos":[975.647461,742.461304,139.108047],"rotationMatrix":[-0.521606088,0.833748937,-0.181079447,-0.837385416,-0.540940166,-0.0785456449,-0.163440496,0.110663384,0.980326891],"scale":0.999999702,"type":"pole_fence2"}
{"ctxid":0,"pos":[974.680664,745.100037,139.081757],"rotationMatrix":[-0.555456519,0.829587042,0.0570374094,-0.825673521,-0.542098045,-0.156182349,-0.0986469984,-0.13384679,0.986079991],"scale":0.999999762,"type":"pole_fence2"}
{"ctxid":0,"pos":[974.163086,748.207581,138.937592],"rotationMatrix":[-0.562289119,0.81043756,-0.164383054,-0.825017095,-0.563336611,0.0447067134,-0.056370981,0.160756916,0.985382915],"scale":0.999999762,"type":"pole_fence2"}
{"ctxid":0,"pos":[973.397705,751.057312,138.881882],"rotationMatrix":[-0.567138076,0.810965657,-0.143836334,-0.813335657,-0.578963399,-0.057327304,-0.129766449,0.0844747275,0.987939596],"scale":0.999999762,"type":"pole_fence2"}
{"ctxid":0,"pos":[972.565063,754.255554,138.843552],"rotationMatrix":[-0.573424578,0.819037676,0.0190146454,-0.810138345,-0.563434958,-0.161916494,-0.121902198,-0.108251393,0.986621261],"scale":0.999999702,"type":"pole_fence2"}
{"ctxid":0,"pos":[972.058105,757.142639,138.72641],"rotationMatrix":[-0.573891878,0.818557084,0.0247438215,-0.810008347,-0.562931895,-0.1642984,-0.120558515,-0.114332244,0.986100316],"scale":0.999999762,"type":"pole_fence2"}
{"ctxid":0,"pos":[971.246704,760.133728,138.638702],"rotationMatrix":[-0.573042274,0.815938711,-0.0765929893,-0.806449533,-0.578059673,-0.124443635,-0.145813704,-0.00954308733,0.989266038],"scale":0.999999762,"type":"pole_fence2"}
{"ctxid":0,"pos":[424.346527,647.9599,117.750702],"rotationMatrix":[-0.803654313,-0.595070064,-0.00558766164,0.594987452,-0.803651452,0.0115828067,-0.0113831144,0.00598398549,0.999917328],"scale":0.99999994,"type":"pole_fence2"}
{"ctxid":0,"pos":[970.663574,763.443359,138.477432],"rotationMatrix":[-0.571800828,0.812452018,-0.113865852,-0.795607269,-0.58301723,-0.164620519,-0.200132042,-0.00353763998,0.979762554],"scale":0.999999762,"type":"pole_fence2"}
{"ctxid":0,"pos":[969.637817,766.240112,138.420197],"rotationMatrix":[-0.576542974,0.81706053,0.00319830514,-0.81648618,-0.576276422,0.0354357213,0.0307962354,0.0178188439,0.99936682],"scale":0.999999762,"type":"pole_fence2"}
{"ctxid":0,"pos":[968.610229,769.33075,138.262192],"rotationMatrix":[-0.577761531,0.816179276,0.00656544045,-0.806546569,-0.569671988,-0.157976538,-0.125197023,-0.0965681002,0.987421036],"scale":0.999999762,"type":"pole_fence2"}
{"ctxid":0,"pos":[967.771484,772.279541,138.04451],"rotationMatrix":[-0.578606129,0.81423682,0.0472579971,-0.809539735,-0.566282511,-0.15482083,-0.0992994532,-0.127837509,0.986811638],"scale":0.999999762,"type":"pole_fence2"}
{"ctxid":0,"pos":[967.364258,774.802551,137.888992],"rotationMatrix":[-0.580922127,0.813736796,-0.0190214515,-0.813061476,-0.579025865,0.0604974404,0.0382150784,0.0506099164,0.997987092],"scale":0.999999762,"type":"pole_fence2"}
{"ctxid":0,"pos":[966.721313,778.013916,137.697464],"rotationMatrix":[-0.57930398,0.806928098,-0.115213163,-0.805937707,-0.588180065,-0.067146115,-0.121948175,0.0539566167,0.99106878],"scale":0.999999762,"type":"pole_fence2"}
{"ctxid":0,"pos":[965.786011,780.708008,137.560257],"rotationMatrix":[-0.585143924,0.809568226,0.0469645746,-0.807953417,-0.577060938,-0.119213186,-0.0694097877,-0.107702069,0.991757274],"scale":0.999999762,"type":"pole_fence2"}
{"ctxid":0,"pos":[964.719482,784.022278,137.330399],"rotationMatrix":[-0.588222027,0.807168841,-0.0497298837,-0.808681607,-0.587503672,0.0295542367,-0.00536122359,0.0576000996,0.998325348],"scale":0.999999762,"type":"pole_fence2"}
{"ctxid":0,"pos":[964.130737,786.969421,137.247086],"rotationMatrix":[-0.592731118,0.805357218,-0.00834484026,-0.801607609,-0.590912461,-0.0908170044,-0.0780712068,-0.0471407734,0.995832622],"scale":0.999999762,"type":"pole_fence2"}
{"ctxid":0,"pos":[963.110352,789.576782,137.026962],"rotationMatrix":[-0.591900945,0.794556856,-0.13539885,-0.784937859,-0.606395721,-0.127109274,-0.183100834,0.0310435891,0.982603908],"scale":0.999999821,"type":"pole_fence2"}
{"ctxid":0,"pos":[427.159393,650.042542,117.826263],"rotationMatrix":[-0.803616643,-0.595042348,-0.0111791696,0.595146894,-0.803450227,-0.0163721144,0.000760195311,-0.0198101513,0.999803483],"scale":0.99999994,"type":"pole_fence2"}
{"ctxid":0,"pos":[962.389893,792.80188,136.908844],"rotationMatrix":[-0.599851608,0.793462217,-0.102936275,-0.787270486,-0.608276248,-0.101021677,-0.142770573,0.020440679,0.98954469],"scale":0.999999762,"type":"pole_fence2"}
{"ctxid":0,"pos":[961.570801,795.944824,136.693695],"rotationMatrix":[-0.609434009,0.791854739,-0.0394463055,-0.782721639,-0.608835816,-0.129095227,-0.126240999,-0.0477995612,0.990847349],"scale":0.999999821,"type":"pole_fence2"}
{"ctxid":0,"pos":[960.373657,798.5849,136.530075],"rotationMatrix":[-0.614320397,0.78096664,-0.112702027,-0.786760092,-0.617141843,0.0120271817,-0.0601603091,0.0960579887,0.993556023],"scale":0.999999762,"type":"pole_fence2"}
{"ctxid":0,"pos":[959.462036,801.423035,136.42366],"rotationMatrix":[-0.626868963,0.775721073,0.0727483183,-0.77813375,-0.618628263,-0.108660519,-0.0392860919,-0.124723822,0.991413414],"scale":0.999999762,"type":"pole_fence2"}
{"ctxid":0,"pos":[958.892334,804.307434,136.291412],"rotationMatrix":[-0.63926363,0.765495121,-0.0732073858,-0.752660692,-0.642362237,-0.144474044,-0.157619834,-0.0372566618,0.986796796],"scale":0.999999762,"type":"pole_fence2"}
{"ctxid":0,"pos":[957.290405,807.465271,136.167999],"rotationMatrix":[-0.655587077,0.754432201,0.0322117098,-0.754776478,-0.653406858,-0.058068037,-0.0227610469,-0.0623812973,0.99779284],"scale":0.999999762,"type":"pole_fence2"}
{"ctxid":0,"pos":[956.65979,810.008423,136.078079],"rotationMatrix":[-0.668610215,0.733632267,0.121424846,-0.741237104,-0.670571327,-0.0300262496,0.0593957976,-0.110080458,0.992146373],"scale":0.999999702,"type":"pole_fence2"}
{"ctxid":0,"pos":[955.285522,813.159973,136.000916],"rotationMatrix":[-0.693215966,0.719509363,-0.0419284478,-0.708665252,-0.691057324,-0.142244473,-0.131321192,-0.0688928962,0.98894316],"scale":0.999999702,"type":"pole_fence2"}
{"ctxid":0,"pos":[954.302856,815.92572,135.924026],"rotationMatrix":[-0.71232903,0.694089234,-0.104055904,-0.694152176,-0.718626738,-0.0415767357,-0.103635304,0.0426143184,0.993702054],"scale":0.999999762,"type":"pole_fence2"}
{"ctxid":0,"pos":[952.935547,818.654236,135.838409],"rotationMatrix":[-0.737703085,0.671285629,0.0719019324,-0.674348354,-0.737771392,-0.0307849571,0.0323816873,-0.0711971,0.9969365],"scale":0.999999821,"type":"pole_fence2"}
{"ctxid":0,"pos":[438.410614,658.373596,117.806877],"rotationMatrix":[-0.803624034,-0.595047176,0.01036816,0.595074594,-0.803670406,-0.000532137696,0.00864922907,0.00574218994,0.999946117],"scale":0.99999994,"type":"pole_fence2"}
{"ctxid":0,"pos":[951.304565,821.426086,135.802826],"rotationMatrix":[-0.761640549,0.646189928,-0.0483956486,-0.629845262,-0.75578928,-0.179101408,-0.152310446,-0.105929136,0.982639551],"scale":0.999999762,"type":"pole_fence2"}
{"ctxid":0,"pos":[949.763794,824.03595,135.808731],"rotationMatrix":[-0.782849073,0.621097207,0.0372216962,-0.622193456,-0.780968189,-0.0544412918,-0.00474436954,-0.0657784119,0.997823],"scale":0.999999762,"type":"pole_fence2"}
{"ctxid":0,"pos":[948.090942,826.845154,135.752808],"rotationMatrix":[-0.799976945,0.598011851,-0.0491794944,-0.595102072,-0.801220059,-0.0624486059,-0.0767486095,-0.0206906274,0.996835768],"scale":0.999999702,"type":"pole_fence2"}
{"ctxid":0,"pos":[946.625122,828.958923,135.603394],"rotationMatrix":[-0.808566451,0.575587332,-0.122145072,-0.561190903,-0.816772342,-0.1339688,-0.176875457,-0.0397759713,0.983429193],"scale":0.999999762,"type":"pole_fence2"}
{"ctxid":0,"pos":[944.800659,831.608093,135.478195],"rotationMatrix":[-0.820252061,0.562610984,0.10322573,-0.567694306,-0.822815418,-0.02642221,0.0700702891,-0.0802735239,0.994306982],"scale":0.999999762,"type":"pole_fence2"}
{"ctxid":0,"pos":[942.964722,834.415649,135.366486],"rotationMatrix":[-0.825619936,0.551789522,-0.117813744,-0.547532678,-0.833948135,-0.0688371882,-0.136234194,0.00767351873,0.990646958],"scale":0.999999821,"type":"pole_fence2"}
{"ctxid":0,"pos":[941.289429,836.891113,135.144119],"rotationMatrix":[-0.827804446,0.544345379,-0.135749742,-0.548987865,-0.835821509,-0.0038375631,-0.115551516,0.0713482052,0.99073571],"scale":0.999999762,"type":"pole_fence2"}
{"ctxid":0,"pos":[939.344971,839.366638,134.717667],"rotationMatrix":[-0.832638741,0.542750478,-0.110158153,-0.532660007,-0.839281321,-0.108997539,-0.151612133,-0.0320787281,0.98791939],"scale":0.999999762,"type":"pole_fence2"}
{"ctxid":0,"pos":[937.687378,841.743713,134.28685],"rotationMatrix":[-0.837055445,0.54393667,-0.0589183196,-0.535909235,-0.836824894,-0.111918457,-0.110180862,-0.0621070638,0.991969228],"scale":0.999999762,"type":"pole_fence2"}
{"ctxid":0,"pos":[435.597778,656.290955,117.725906],"rotationMatrix":[-0.803597212,-0.595027566,-0.0131802149,0.594872236,-0.803697944,0.0140218511,-0.0189362988,0.00342737557,0.999814808],"scale":0.99999994,"type":"pole_fence2"}
{"ctxid":0,"pos":[441.223511,660.45636,117.736046],"rotationMatrix":[-0.803493738,-0.594951391,-0.0207565334,0.595278621,-0.803334713,-0.0172261931,-0.00642569736,-0.0261970572,0.999636173],"scale":0.99999994,"type":"pole_fence2"}
{"ctxid":0,"pos":[449.716248,666.664307,117.679604],"rotationMatrix":[-0.803231835,-0.594757199,0.0329012349,0.593311548,-0.803741574,-0.044507321,0.052915141,-0.0162290148,0.998467147],"scale":0.99999994,"type":"pole_fence2"}
{"ctxid":0,"pos":[444.090576,662.498657,117.726547],"rotationMatrix":[-0.803666592,-0.595079362,0.000820012763,0.594636142,-0.803013325,0.0397176109,-0.0229766481,0.0324073248,0.999210596],"scale":0.99999994,"type":"pole_fence2"}
{"ctxid":0,"pos":[446.903442,664.581543,117.752243],"rotationMatrix":[-0.803322196,-0.594824195,-0.029286569,0.595531583,-0.802659512,-0.0328615159,-0.003960317,-0.0438394621,0.999030709],"scale":0.99999994,"type":"pole_fence2"}
{"ctxid":0,"pos":[418.53064,643.764465,117.800026],"rotationMatrix":[-0.803616643,-0.595042348,-0.0111791696,0.595146894,-0.803450227,-0.0163721144,0.000760195311,-0.0198101513,0.999803483],"scale":0.99999994,"type":"pole_fence2"}
{"ctxid":0,"pos":[415.717773,641.682007,117.858841],"rotationMatrix":[-0.803654313,-0.595070064,-0.00558766164,0.594987452,-0.803651452,0.0115828067,-0.0113831144,0.00598398549,0.999917328],"scale":0.99999994,"type":"pole_fence2"}
{"ctxid":0,"pos":[421.343414,645.847229,117.724167],"rotationMatrix":[-0.802948475,-0.594547272,0.0422788523,0.595128179,-0.803629637,0.0014541531,0.0331119709,0.0263289474,0.999104798],"scale":0.99999994,"type":"pole_fence2"}
{"ctxid":0,"pos":[415.31366,617.104309,126.360779],"rotationMatrix":[-0.00764656067,-0.999866068,-0.0144714359,0.999963701,-0.00759124756,-0.00387134496,0.00376097159,-0.0145005127,0.999887764],"scale":0.99999994,"type":"pole_fence2"}
{"ctxid":0,"pos":[287.880615,544.626221,117.984146],"rotationMatrix":[-0.790208459,-0.612667322,-0.0144714396,0.612771153,-0.790251017,-0.00387134682,-0.00906421989,-0.0119268512,0.999887764],"scale":0.99999994,"type":"pole_fence2"}
{"ctxid":0,"pos":[285.114624,542.48175,117.917221],"rotationMatrix":[-0.789584637,-0.612183392,0.0422788486,0.6127792,-0.790252686,0.00145415496,0.032520771,0.0270557813,0.999104798],"scale":0.99999994,"type":"pole_fence2"}
{"ctxid":0,"pos":[279.582611,538.192688,117.845901],"rotationMatrix":[-0.790278912,-0.612721741,-0.00558766071,0.61263901,-0.790277958,0.0115828086,-0.011512843,0.00573043153,0.999917328],"scale":0.99999994,"type":"pole_fence2"}
{"ctxid":0,"pos":[415.367188,624.104004,123.274117],"rotationMatrix":[-0.00764727592,-0.99991703,0.0103681572,0.999970555,-0.00765323639,-0.000532137696,0.000611443538,0.0103637818,0.999946117],"scale":0.99999994,"type":"pole_fence2"}
{"ctxid":0,"pos":[415.340363,620.604187,124.820564],"rotationMatrix":[-0.0076469183,-0.99988389,-0.0131802158,0.999871016,-0.0078316927,0.0140218502,-0.0141234444,-0.0130712921,0.999814808],"scale":0.99999994,"type":"pole_fence2"}
{"ctxid":0,"pos":[415.394043,627.603943,121.729126],"rotationMatrix":[-0.0076457262,-0.999755323,-0.020756539,0.99982506,-0.00728857517,-0.0172261856,0.0170706846,-0.0208846144,0.999636173],"scale":0.99999994,"type":"pole_fence2"}
{"ctxid":0,"pos":[415.539215,638.122681,118.662712],"rotationMatrix":[-0.00764334202,-0.999429405,0.0329012312,0.998967588,-0.00910496712,-0.0445073172,0.0447814874,0.0325270817,0.998467147],"scale":0.99999994,"type":"pole_fence2"}
{"ctxid":0,"pos":[415.485748,631.122864,120.569107],"rotationMatrix":[-0.00764727592,-0.999970436,0.000820014626,0.999181986,-0.00760865211,0.0397176072,-0.0397101901,0.00112307258,0.999210596],"scale":0.99999994,"type":"pole_fence2"}
{"ctxid":0,"pos":[415.512451,634.622864,119.599174],"rotationMatrix":[-0.00764393806,-0.999541819,-0.0292865708,0.99943763,-0.00668036938,-0.0328615233,0.0326508246,-0.0295212921,0.999030709],"scale":0.99999994,"type":"pole_fence2"}
{"ctxid":0,"pos":[282.348663,540.337097,118.041313],"rotationMatrix":[-0.790241718,-0.612693131,-0.0111791706,0.612793982,-0.790073037,-0.0163721126,0.00119872112,-0.0197884571,0.999803483],"scale":0.99999994,"type":"pole_fence2"}
{"ctxid":0,"pos":[293.412598,548.915283,117.953094],"rotationMatrix":[-0.79024899,-0.612698138,0.010368159,0.612726629,-0.790294766,-0.000532138161,0.00851994194,0.00593232596,0.999946117],"scale":0.99999994,"type":"pole_fence2"}
{"ctxid":0,"pos":[290.646637,546.770813,118.034821],"rotationMatrix":[-0.790222764,-0.612678051,-0.0131802177,0.612524986,-0.790326953,0.0140218511,-0.0190075617,0.00300717354,0.999814808],"scale":0.99999994,"type":"pole_fence2"}
{"ctxid":0,"pos":[468.640228,657.255066,122.960182],"rotationMatrix":[0.89870286,-0.438319206,-0.014471435,0.438311458,0.898814797,-0.0038713445,0.0147040254,-0.0028638076,0.999887764],"scale":0.99999994,"type":"pole_fence2"}
{"ctxid":0,"pos":[471.785919,655.720703,124.314064],"rotationMatrix":[0.897993207,-0.43797335,0.0422788523,0.43830952,0.898822904,0.0014541531,-0.0386380814,0.0172254071,0.999104798],"scale":0.99999994,"type":"pole_fence2"}
{"ctxid":0,"pos":[296.178741,551.059814,117.855286],"rotationMatrix":[-0.79012084,-0.612599492,-0.0207565315,0.612923145,-0.789954662,-0.0172261875,-0.00584396627,-0.0263329316,0.999636173],"scale":0.99999994,"type":"pole_fence2"}
{"ctxid":0,"pos":[251.495056,516.70813,117.886627],"rotationMatrix":[-0.790208459,-0.612667322,-0.0144714396,0.612771153,-0.790251017,-0.00387134682,-0.00906421989,-0.0119268512,0.999887764],"scale":0.99999994,"type":"pole_fence2"}
{"ctxid":0,"pos":[462.348755,660.323547,121.102676],"rotationMatrix":[0.898748457,-0.438342005,0.0103681572,0.438370436,0.898794234,-0.000532137696,-0.00908558071,0.0050233514,0.999946117],"scale":0.99999994,"type":"pole_fence2"}
