{"ctxid":0,"pos":[-330.963989,615.454651,-11.1427231],"rotationMatrix":[0.70992434,-0.704277933,-8.19872614e-09,0.704277933,0.70992434,9.23307208e-10,5.17021004e-09,-6.42966036e-09,1],"scale":1,"type":"railing_support1"}
{"ctxid":0,"pos":[-337.009338,608.939758,-11.0698528],"rotationMatrix":[-0.709923744,0.704278529,-7.02835656e-09,-0.704278529,-0.709923744,-5.20221421e-09,-8.6534051e-09,1.25674493e-09,1],"scale":1,"type":"railing_support1"}
{"ctxid":0,"pos":[-453.076508,536.546204,10.35567],"rotationMatrix":[0.708683014,0.705527067,-6.63548594e-09,-0.705527067,0.708683014,-5.63590152e-09,7.26175342e-10,8.67558292e-09,1],"scale":1,"type":"railing_support1"}
{"ctxid":0,"pos":[-440.490845,523.90448,10.35567],"rotationMatrix":[-0.708683252,-0.705526888,-6.59736177e-09,0.705526888,-0.708683252,-4.81177809e-09,-1.28060074e-09,-8.06464229e-09,1],"scale":1,"type":"railing_support1"}
{"ctxid":0,"pos":[-453.076508,536.546204,10.35567],"rotationMatrix":[0.708683014,0.705527067,-6.63548594e-09,-0.705527067,0.708683014,-5.63590152e-09,7.26175342e-10,8.67558292e-09,1],"scale":1,"type":"railing_support1"}
{"ctxid":0,"pos":[-337.009338,608.939758,-11.0698528],"rotationMatrix":[-0.709923744,0.704278529,-7.02835656e-09,-0.704278529,-0.709923744,-5.20221421e-09,-8.6534051e-09,1.25674493e-09,1],"scale":1,"type":"railing_support1"}
{"ctxid":0,"pos":[-330.963989,615.454651,-11.1427231],"rotationMatrix":[0.70992434,-0.704277933,-8.19872614e-09,0.704277933,0.70992434,9.23307208e-10,5.17021004e-09,-6.42966036e-09,1],"scale":1,"type":"railing_support1"}
{"ctxid":0,"pos":[-453.076508,536.546204,10.35567],"rotationMatrix":[0.708683014,0.705527067,-6.63548594e-09,-0.705527067,0.708683014,-5.63590152e-09,7.26175342e-10,8.67558292e-09,1],"scale":1,"type":"railing_support1"}
{"ctxid":0,"pos":[-440.490845,523.90448,10.35567],"rotationMatrix":[-0.708683252,-0.705526888,-6.59736177e-09,0.705526888,-0.708683252,-4.81177809e-09,-1.28060074e-09,-8.06464229e-09,1],"scale":1,"type":"railing_support1"}
{"ctxid":0,"pos":[-453.076508,536.546204,10.35567],"rotationMatrix":[0.708683014,0.705527067,-6.63548594e-09,-0.705527067,0.708683014,-5.63590152e-09,7.26175342e-10,8.67558292e-09,1],"scale":1,"type":"railing_support1"}
{"ctxid":0,"pos":[-490.134796,50.4297028,100.147377],"rotationMatrix":[0.205835402,0.978586078,-0.00103736296,-0.977981329,0.20574522,0.0349497199,0.0344147384,-0.00617936812,0.999388516],"scale":0.999999881,"type":"railing_support1"}
{"ctxid":0,"pos":[197.052246,720.346497,101.758499],"rotationMatrix":[0.122120678,-0.992325902,0.0193871539,0.992447019,0.121859848,-0.0141137298,0.011642905,0.0209643003,0.999712408],"scale":1.00000024,"type":"railing_support1"}
{"ctxid":0,"pos":[197.300064,715.994446,101.812927],"rotationMatrix":[0.124620438,-0.991897762,0.0246686321,0.99209851,0.124205291,-0.0177084021,0.0145009514,0.0266805403,0.999538839],"scale":1.00000012,"type":"railing_support1"}
{"ctxid":0,"pos":[197.56662,711.645508,101.892845],"rotationMatrix":[0.129078329,-0.991174102,0.0302104354,0.991483927,0.128468096,-0.0213455632,0.0172760934,0.0327084102,0.999315619],"scale":1.00000024,"type":"railing_support1"}
{"ctxid":0,"pos":[197.86055,707.299927,101.998848],"rotationMatrix":[0.135608196,-0.990106404,0.0360529274,0.990562141,0.134759068,-0.0250332672,0.0199271366,0.0391073786,0.999036312],"scale":1,"type":"railing_support1"}
{"ctxid":0,"pos":[198.191498,702.959717,102.132698],"rotationMatrix":[0.144363344,-0.988622129,0.042254895,0.989271104,0.143227935,-0.0287811588,0.0224016085,0.0459564924,0.998692214],"scale":1.00000024,"type":"railing_support1"}
{"ctxid":0,"pos":[198.570496,698.626099,102.296417],"rotationMatrix":[0.155614913,-0.986607492,0.048883345,0.987510741,0.154142141,-0.0325995907,0.0246280171,0.0533458069,0.998272359],"scale":1,"type":"railing_support1"}
{"ctxid":0,"pos":[199.009216,694.301636,102.49192],"rotationMatrix":[0.169604301,-0.983919263,0.0560115352,0.985155463,0.167739511,-0.0365003645,0.0265180618,0.0613706857,0.99776274],"scale":1.00000012,"type":"railing_support1"}
{"ctxid":0,"pos":[199.521423,689.989258,102.722023],"rotationMatrix":[0.186711967,-0.980345249,0.0637313798,0.98201704,0.184397817,-0.0404957011,0.0279478505,0.0701463372,0.997145116],"scale":1.00000036,"type":"railing_support1"}
{"ctxid":0,"pos":[200.121979,685.693298,102.98951],"rotationMatrix":[0.207318544,-0.97560972,0.0721431598,0.977850616,0.204496741,-0.0445996635,0.0287588332,0.0797915757,0.996396601],"scale":1.00000036,"type":"railing_support1"}
{"ctxid":0,"pos":[200.828186,681.419312,103.297867],"rotationMatrix":[0.231944561,-0.969320059,0.081365712,0.972304583,0.22856009,-0.0488273203,0.0287323371,0.0904374868,0.995487571],"scale":1,"type":"railing_support1"}
{"ctxid":0,"pos":[201.660019,677.175354,103.651161],"rotationMatrix":[0.261219263,-0.96092993,0.0915324166,0.964885652,0.25722754,-0.0531954989,0.0275724903,0.102214001,0.994380236],"scale":1.00000012,"type":"railing_support1"}
{"ctxid":0,"pos":[202.64032,672.972229,104.05394],"rotationMatrix":[0.295894802,-0.94967401,0.102788784,0.954896569,0.291274428,-0.0577218235,0.0248771682,0.115232244,0.993027031],"scale":1.00000024,"type":"railing_support1"}
{"ctxid":0,"pos":[203.798233,668.825806,104.512306],"rotationMatrix":[0.33678484,-0.934495032,0.115304053,0.94136709,0.331560016,-0.0624177344,0.020098839,0.129564792,0.991367221],"scale":1.00000024,"type":"railing_support1"}
{"ctxid":0,"pos":[205.163727,664.756897,105.031929],"rotationMatrix":[0.384827495,-0.913902104,0.129193246,0.922903597,0.379104674,-0.0672952682,0.0125235096,0.145129979,0.989333332],"scale":1.00000036,"type":"railing_support1"}
{"ctxid":0,"pos":[206.769165,660.794006,105.618668],"rotationMatrix":[0.440548122,-0.886021018,0.144513637,0.897728086,0.434566557,-0.0723621845,0.00131361932,0.161612973,0.986853361],"scale":1.00000024,"type":"railing_support1"}
{"ctxid":0,"pos":[208.649994,656.974792,106.277985],"rotationMatrix":[0.504142284,-0.848498881,0.160904258,0.86350137,0.498342812,-0.0775878131,-0.0143523142,0.178056329,0.983915627],"scale":0.99999994,"type":"railing_support1"}
{"ctxid":0,"pos":[210.814697,653.304565,106.964783],"rotationMatrix":[0.566895425,-0.807486892,0.163077831,0.823156476,0.563009977,-0.0737099349,-0.0322946236,0.176024407,0.983855903],"scale":1,"type":"railing_support1"}
{"ctxid":0,"pos":[213.298569,649.84906,107.637253],"rotationMatrix":[0.639821649,-0.751548469,0.160633504,0.766782343,0.638333261,-0.0676420555,-0.0517014265,0.166449785,0.984693587],"scale":1.00000012,"type":"railing_support1"}
{"ctxid":0,"pos":[216.145996,646.696106,108.288918],"rotationMatrix":[0.720889807,-0.675269067,0.155979246,0.689375222,0.721815944,-0.0611849241,-0.0712720305,0.151635811,0.985863507],"scale":1.00000012,"type":"railing_support1"}
{"ctxid":0,"pos":[219.362885,643.922974,108.908379],"rotationMatrix":[0.801032305,-0.579863548,0.148679063,0.592119932,0.804010332,-0.0544187799,-0.0879840329,0.131627023,0.987387002],"scale":1.00000012,"type":"railing_support1"}
{"ctxid":0,"pos":[222.917877,641.586365,109.484406],"rotationMatrix":[0.869841933,-0.473324209,0.139065534,0.483280927,0.874173999,-0.0475336388,-0.0990686491,0.108554475,0.989141703],"scale":1.00000012,"type":"railing_support1"}
{"ctxid":0,"pos":[226.739563,639.687317,110.011749],"rotationMatrix":[0.921058178,-0.367655516,0.128379524,0.375310421,0.926002502,-0.0407603979,-0.10389398,0.0857248753,0.990887105],"scale":1.00000024,"type":"railing_support1"}
{"ctxid":0,"pos":[230.753967,638.191956,110.490616],"rotationMatrix":[0.954769909,-0.272933036,0.117991373,0.27861008,0.959790766,-0.0343237221,-0.103878945,0.0656448454,0.992421269],"scale":0.999999881,"type":"railing_support1"}
{"ctxid":0,"pos":[234.894531,637.037109,110.926544],"rotationMatrix":[0.97510308,-0.193245009,0.108767189,0.19735913,0.979922056,-0.0283215754,-0.101110362,0.0490826555,0.993663728],"scale":1,"type":"railing_support1"}
{"ctxid":0,"pos":[239.116455,636.162537,111.325943],"rotationMatrix":[0.986527085,-0.128690064,0.101010971,0.131611943,0.991039336,-0.0227879882,-0.0971732661,0.0357752182,0.994624317],"scale":1,"type":"railing_support1"}
{"ctxid":0,"pos":[243.388794,635.512451,111.695404],"rotationMatrix":[0.9925192,-0.0770948678,0.094667986,0.0791081488,0.996708989,-0.0176957119,-0.0929921865,0.0250523444,0.995351613],"scale":1.00000012,"type":"railing_support1"}
{"ctxid":0,"pos":[247.692688,635.043396,112.040398],"rotationMatrix":[0.995330393,-0.0360378735,0.0895471573,0.0373484232,0.999217689,-0.0130025614,-0.089008525,0.0162862912,0.99589771],"scale":1,"type":"railing_support1"}
{"ctxid":0,"pos":[252.015808,634.718994,112.365608],"rotationMatrix":[0.996338904,-0.00323078339,0.085430555,0.0039849421,0.999954581,-0.00865868386,-0.0853986964,0.00896741915,0.996306479],"scale":1.00000012,"type":"railing_support1"}
{"ctxid":0,"pos":[256.35083,634.512939,112.674545],"rotationMatrix":[0.996354699,0.023083875,0.0821242407,-0.0227811057,0.999729812,-0.00462196348,-0.0822087452,0.00273423409,0.996611357],"scale":1,"type":"railing_support1"}
{"ctxid":0,"pos":[260.692871,634.401184,112.970459],"rotationMatrix":[0.995846391,0.0444603227,0.0794555768,-0.0445339791,0.999007523,-0.000845668837,-0.0794143155,-0.00269631669,0.996838033],"scale":1.00000012,"type":"railing_support1"}
{"ctxid":0,"pos":[265.03894,634.367004,113.255585],"rotationMatrix":[0.995084584,0.0619046427,0.0772946402,-0.0622992627,0.998053849,0.00270222384,-0.0769769326,-0.00750434026,0.997004628],"scale":1.00000012,"type":"railing_support1"}
{"ctxid":0,"pos":[269.387085,634.396973,113.531845],"rotationMatrix":[0.994221985,0.0762625858,0.075542286,-0.0769366845,0.997017622,0.00604965445,-0.0748556256,-0.0118266726,0.997124255],"scale":1,"type":"railing_support1"}
{"ctxid":0,"pos":[273.736511,634.479736,113.800781],"rotationMatrix":[0.993344009,0.0881716684,0.0741178915,-0.0890937671,0.995980561,0.00922170654,-0.0730068907,-0.0157637708,0.997206867],"scale":1,"type":"railing_support1"}
{"ctxid":0,"pos":[278.085999,634.607788,114.063477],"rotationMatrix":[0.992507339,0.0980071425,0.0729645491,-0.0991523862,0.994997025,0.0122340359,-0.0714004934,-0.0193769783,0.997259498],"scale":1.00000012,"type":"railing_support1"}
{"ctxid":0,"pos":[282.424561,634.809082,114.322159],"rotationMatrix":[0.989937007,0.121496692,0.0725486204,-0.12283583,0.992324352,0.014274626,-0.0702574477,-0.0230425484,0.997262716],"scale":1,"type":"railing_support1"}
{"ctxid":0,"pos":[286.718445,635.283142,114.583855],"rotationMatrix":[0.980400562,0.182812914,0.0734453201,-0.184318289,0.982763827,0.0142124118,-0.0695811957,-0.0274711736,0.997197986],"scale":1,"type":"railing_support1"}
{"ctxid":0,"pos":[290.972046,636.030518,114.848953],"rotationMatrix":[0.966617465,0.245240748,0.0742133856,-0.24691546,0.968933582,0.0141590554,-0.0684354603,-0.0320108235,0.997141838],"scale":1,"type":"railing_support1"}
{"ctxid":0,"pos":[295.167786,637.052856,115.116852],"rotationMatrix":[0.948727727,0.307109177,0.0748309046,-0.308949649,0.95097363,0.014116548,-0.0668268949,-0.0365117416,0.9970963],"scale":1,"type":"railing_support1"}
{"ctxid":0,"pos":[299.291382,638.338623,115.386902],"rotationMatrix":[0.927483499,0.366200358,0.0753102824,-0.368195981,0.929641545,0.0140832225,-0.0648542866,-0.0407908969,0.997060716],"scale":1.00000012,"type":"railing_support1"}
{"ctxid":0,"pos":[303.332458,639.869507,115.65863],"rotationMatrix":[0.904023767,0.420728534,0.075687319,-0.422864288,0.906084001,0.014057192,-0.0626648068,-0.0447134972,0.997032523],"scale":1,"type":"railing_support1"}
{"ctxid":0,"pos":[307.286133,641.621033,115.93177],"rotationMatrix":[0.879792511,0.469241142,0.0760126635,-0.471500039,0.881754339,0.0140345395,-0.0604389086,-0.048187457,0.997008085],"scale":1,"type":"railing_support1"}
{"ctxid":0,"pos":[190.405975,721.189514,101.856262],"rotationMatrix":[-0.0214540958,0.999454856,-0.0250971653,-0.99969852,-0.0211458206,0.0124833789,0.0119458735,0.0253574159,0.999607086],"scale":0.999999762,"type":"railing_support1"}
{"ctxid":0,"pos":[190.484818,717.556641,101.908852],"rotationMatrix":[-0.029094696,0.999080479,-0.0314897075,-0.999468029,-0.0286127329,0.0156490467,0.0147336451,0.0319282636,0.999381542],"scale":0.999999821,"type":"railing_support1"}
{"ctxid":0,"pos":[190.590988,713.925476,101.984871],"rotationMatrix":[-0.0378161669,0.998563468,-0.037959516,-0.99913317,-0.0371217728,0.0188353844,0.017399203,0.0386388972,0.999101758],"scale":1.00000012,"type":"railing_support1"}
{"ctxid":0,"pos":[190.728027,710.296326,102.084167],"rotationMatrix":[-0.0475969315,0.997873902,-0.0445207953,-0.998667955,-0.0466512442,0.0220449045,0.0199210867,0.0455107614,0.998765171],"scale":0.999999821,"type":"railing_support1"}
{"ctxid":0,"pos":[190.89975,706.669617,102.207062],"rotationMatrix":[-0.0585273504,0.99697262,-0.0511870123,-0.998037398,-0.0572919846,0.0252793394,0.0222702064,0.052566085,0.998369098],"scale":1,"type":"railing_support1"}
{"ctxid":0,"pos":[191.109833,703.046631,102.354034],"rotationMatrix":[-0.0706886053,0.995812118,-0.057976611,-0.997199595,-0.0691254139,0.0285398588,0.0244126786,0.0598316938,0.997909904],"scale":1.00000012,"type":"railing_support1"}
{"ctxid":0,"pos":[191.363632,699.428162,102.525726],"rotationMatrix":[-0.0842269659,0.994330525,-0.0649043769,-0.996099234,-0.0822992325,0.0318280831,0.0263060499,0.0673319846,0.997383773],"scale":0.999999821,"type":"railing_support1"}
{"ctxid":0,"pos":[191.666138,695.815308,102.72287],"rotationMatrix":[-0.0991809368,0.992461562,-0.0719935,-0.994677901,-0.0968530178,0.0351448581,0.0279071331,0.0750960484,0.9967857],"scale":1.00000012,"type":"railing_support1"}
{"ctxid":0,"pos":[192.021683,692.20929,102.945534],"rotationMatrix":[-0.115640521,0.990124583,-0.0792502612,-0.992862821,-0.112879276,0.0384928361,0.0291669983,0.0831359625,0.996111274],"scale":1,"type":"railing_support1"}
{"ctxid":0,"pos":[192.435333,688.612366,103.194313],"rotationMatrix":[-0.133750439,0.987215936,-0.0866913721,-0.990560114,-0.130526423,0.0418735929,0.0300227683,0.091473639,0.995354831],"scale":0.99999994,"type":"railing_support1"}
{"ctxid":0,"pos":[192.91304,685.026184,103.469879],"rotationMatrix":[-0.153618932,0.983617127,-0.0943327993,-0.987662256,-0.149907351,0.0452886224,0.0304054841,0.100126132,0.994510055],"scale":0.99999994,"type":"railing_support1"}
{"ctxid":0,"pos":[193.460846,681.453064,103.772942],"rotationMatrix":[-0.175403118,0.97917974,-0.102179274,-0.984032273,-0.171186328,0.0487393588,0.0302329026,0.109096751,0.993571281],"scale":1,"type":"railing_support1"}
{"ctxid":0,"pos":[194.087479,677.896667,104.104843],"rotationMatrix":[-0.19922626,0.973732054,-0.110249043,-0.979512155,-0.194495916,0.0522238575,0.0294090547,0.118394628,0.992531002],"scale":1.00000012,"type":"railing_support1"}
{"ctxid":0,"pos":[194.798859,674.360168,104.466064],"rotationMatrix":[-0.225207448,0.967073023,-0.118538022,-0.973913133,-0.219967723,0.0557431057,0.027833119,0.127999514,0.991383612],"scale":1.00000012,"type":"railing_support1"}
{"ctxid":0,"pos":[195.601883,670.8479,104.857071],"rotationMatrix":[-0.253486395,0.95896107,-0.127036944,-0.96700567,-0.247757196,0.0592998601,0.0253919475,0.137877151,0.990123808],"scale":0.999999881,"type":"railing_support1"}
{"ctxid":0,"pos":[196.504288,667.364441,105.278572],"rotationMatrix":[-0.28413558,0.949127972,-0.135731518,-0.958532393,-0.277956724,0.0628940165,0.0219669938,0.147973493,0.988747358],"scale":0.99999994,"type":"railing_support1"}
{"ctxid":0,"pos":[197.513916,663.915771,105.731216],"rotationMatrix":[-0.317198634,0.937272727,-0.144585282,-0.948198736,-0.310633898,0.0665260106,0.0174399242,0.158197537,0.987253428],"scale":1,"type":"railing_support1"}
{"ctxid":0,"pos":[198.64505,660.511108,106.217049],"rotationMatrix":[-0.352850795,0.922993004,-0.153558642,-0.935607135,-0.345996976,0.0701814145,0.0116461292,0.168434113,0.985644102],"scale":0.99999994,"type":"railing_support1"}
{"ctxid":0,"pos":[199.900726,657.156433,106.73497],"rotationMatrix":[-0.390850425,0.905981183,-0.162585557,-0.920443177,-0.383832812,0.0738705397,0.00451966375,0.178523093,0.983925343],"scale":1,"type":"railing_support1"}
{"ctxid":0,"pos":[201.277618,653.843384,107.301033],"rotationMatrix":[-0.442759752,0.881997645,-0.161380827,-0.896635473,-0.436112523,0.0764891952,-0.00291692466,0.178566113,0.983923614],"scale":0.999999821,"type":"railing_support1"}
{"ctxid":0,"pos":[202.843948,650.600098,107.862411],"rotationMatrix":[-0.511432171,0.846275687,-0.149179727,-0.859271884,-0.505541086,0.077974245,-0.00942878425,0.16806449,0.985730886],"scale":0.99999994,"type":"railing_support1"}
{"ctxid":0,"pos":[204.657898,647.482605,108.379295],"rotationMatrix":[-0.584421277,0.799879611,-0.136543706,-0.811302364,-0.579196215,0.0794986188,-0.0154962875,0.157238916,0.987438977],"scale":0.999999881,"type":"railing_support1"}
{"ctxid":0,"pos":[206.740692,644.532898,108.849052],"rotationMatrix":[-0.658486843,0.742319763,-0.123920247,-0.752303302,-0.653810859,0.0810616016,-0.0208467729,0.146603614,0.988975644],"scale":0.999999762,"type":"railing_support1"}
{"ctxid":0,"pos":[209.095276,641.790405,109.272026],"rotationMatrix":[-0.729367495,0.674908876,-0.111896232,-0.683651209,-0.725116611,0.082623966,-0.0253741778,0.136761248,0.990279019],"scale":0.999999821,"type":"railing_support1"}
{"ctxid":0,"pos":[211.711578,639.292786,109.65007],"rotationMatrix":[-0.793024898,0.600736797,-0.101128228,-0.608487189,-0.789088011,0.0841640159,-0.0292386487,0.128279388,0.991306961],"scale":0.999999762,"type":"railing_support1"}
{"ctxid":0,"pos":[214.564819,637.067444,109.987503],"rotationMatrix":[-0.846639395,0.524127483,-0.0921524614,-0.531156421,-0.842931986,0.0856636763,-0.0327795818,0.121473625,0.99205327],"scale":0.99999994,"type":"railing_support1"}
{"ctxid":0,"pos":[-208.425049,366.466827,102.500244],"rotationMatrix":[0.984920263,0.172964618,-0.00391312176,-0.172913954,0.984877229,0.0108460942,0.00572993467,-0.0100059053,0.999933541],"scale":0.999999881,"type":"railing_support1"}
{"ctxid":0,"pos":[-203.990753,367.17569,102.493866],"rotationMatrix":[0.986604333,0.163080722,-0.0040734862,-0.163028419,0.986560881,0.0109263752,0.00580062298,-0.0101159159,0.999931991],"scale":0.99999994,"type":"railing_support1"}
{"ctxid":0,"pos":[-199.557144,367.844635,102.48687],"rotationMatrix":[0.988086402,0.153841987,-0.00422545243,-0.153788075,0.988042533,0.0110066365,0.00586820953,-0.0102256835,0.999930501],"scale":0.999999821,"type":"railing_support1"}
{"ctxid":0,"pos":[-195.12529,368.469666,102.479172],"rotationMatrix":[0.989367425,0.145372033,-0.00436737575,-0.145316571,0.98932308,0.0110870535,0.00593249314,-0.0103345169,0.999929011],"scale":1,"type":"railing_support1"}
{"ctxid":0,"pos":[-190.695679,369.059082,102.470894],"rotationMatrix":[0.990479946,0.137583613,-0.0045006997,-0.137526631,0.990435123,0.0111676417,0.00599413505,-0.0104423594,0.999927521],"scale":0.99999994,"type":"railing_support1"}
{"ctxid":0,"pos":[-186.269379,369.613525,102.462051],"rotationMatrix":[0.991431773,0.130543828,-0.0046243025,-0.130485386,0.991386414,0.0112484088,0.00605288055,-0.0105486261,0.999926031],"scale":0.999999821,"type":"railing_support1"}
{"ctxid":0,"pos":[-181.846909,370.136627,102.452682],"rotationMatrix":[0.992240489,0.124242947,-0.00473873597,-0.124183089,0.992194653,0.0113294655,0.00610935409,-0.0106530832,0.9999246],"scale":0.999999821,"type":"railing_support1"}
{"ctxid":0,"pos":[-177.429245,370.631256,102.442802],"rotationMatrix":[0.992915988,0.118719943,-0.00484367879,-0.118658729,0.992869496,0.0114109898,0.00616385275,-0.0107554095,0.99992317],"scale":0.999999762,"type":"railing_support1"}
{"ctxid":0,"pos":[-173.017349,371.100006,102.432449],"rotationMatrix":[0.993465185,0.114028506,-0.00493856613,-0.113965981,0.993418157,0.0114925718,0.00621654186,-0.0108546419,0.999921739],"scale":0.999999821,"type":"railing_support1"}
{"ctxid":0,"pos":[-168.610855,371.55011,102.421738],"rotationMatrix":[0.993913174,0.110051371,-0.00502471812,-0.109987579,0.99386555,0.011574992,0.0062677376,-0.0109518813,0.999920368],"scale":0.999999881,"type":"railing_support1"}
{"ctxid":0,"pos":[-164.211899,371.981171,102.410622],"rotationMatrix":[0.99424684,0.106991813,-0.00510027772,-0.106926814,0.994198561,0.0116576338,0.00631795963,-0.0110452091,0.999919057],"scale":0.999999881,"type":"railing_support1"}
{"ctxid":0,"pos":[-159.819702,372.400177,102.399223],"rotationMatrix":[0.994489849,0.104705639,-0.00516683934,-0.104639493,0.994440913,0.011740664,0.00636743056,-0.0111353155,0.999917746],"scale":0.99999994,"type":"railing_support1"}
{"ctxid":0,"pos":[-155.436218,372.808868,102.387535],"rotationMatrix":[0.994630277,0.103360184,-0.00522220554,-0.103292949,0.994580686,0.0118245864,0.00641609589,-0.0112216743,0.999916434],"scale":0.99999994,"type":"railing_support1"}
{"ctxid":0,"pos":[-151.061462,373.211975,102.375618],"rotationMatrix":[0.994675756,0.102919541,-0.00526739424,-0.102851279,0.994625449,0.0119088441,0.006464737,-0.01130368,0.999915242],"scale":0.999999821,"type":"railing_support1"}
{"ctxid":0,"pos":[-146.696823,373.613434,102.363541],"rotationMatrix":[0.994617641,0.10347753,-0.00530133629,-0.103408299,0.994566679,0.0119940527,0.00651364727,-0.0113812946,0.99991399],"scale":0.999999762,"type":"railing_support1"}
{"ctxid":0,"pos":[-142.343552,374.017609,102.351326],"rotationMatrix":[0.994445145,0.105121195,-0.00532303425,-0.10505107,0.994393468,0.0120797576,0.00656302879,-0.0114534656,0.999912858],"scale":0.999999762,"type":"railing_support1"}
{"ctxid":0,"pos":[-138.001938,374.42868,102.33902],"rotationMatrix":[0.994153619,0.107843108,-0.00533267297,-0.107772149,0.994101167,0.0121666174,0.00661330204,-0.0115207732,0.999911785],"scale":0.999999821,"type":"railing_support1"}
{"ctxid":0,"pos":[-133.675385,374.853119,102.326698],"rotationMatrix":[0.993705094,0.111901008,-0.0053273607,-0.111829318,0.993651867,0.0122543173,0.00666481256,-0.0115814218,0.999910712],"scale":0.999999821,"type":"railing_support1"}
{"ctxid":0,"pos":[-129.362915,375.293549,102.31443],"rotationMatrix":[0.993097126,0.117174871,-0.00530857546,-0.117102526,0.993043125,0.0123431338,0.00671794964,-0.0116362823,0.999909759],"scale":0.999999762,"type":"railing_support1"}
{"ctxid":0,"pos":[-125.069962,375.759705,102.302292],"rotationMatrix":[0.992258608,0.124077015,-0.00527166761,-0.124004103,0.992203832,0.0124333203,0.00677325763,-0.0116833597,0.999908805],"scale":0.999999762,"type":"railing_support1"}
{"ctxid":0,"pos":[-489.596893,53.1538849,100.162354],"rotationMatrix":[0.204897106,0.978782475,-0.0014151521,-0.978122056,0.204811633,0.0364603922,0.0359766297,-0.00608643703,0.999334097],"scale":1,"type":"railing_support1"}
{"ctxid":0,"pos":[-490.233154,49.932991,100.144577],"rotationMatrix":[0.206027269,0.978545785,-0.00098172389,-0.977950454,0.20593673,0.0346841253,0.0341421738,-0.00618579984,0.999397814],"scale":0.999999881,"type":"railing_support1"}
{"ctxid":0,"pos":[-490.872955,46.7140694,100.126152],"rotationMatrix":[0.207402349,0.978255451,-0.000697407871,-0.97771734,0.207311809,0.0330223218,0.0324488468,-0.00616703928,0.999454379],"scale":0.99999994,"type":"railing_support1"}
{"ctxid":0,"pos":[-491.51712,43.4969673,100.107399],"rotationMatrix":[0.208958507,0.977924407,-0.000518706627,-0.977437317,0.208871126,0.031451948,0.0308659673,-0.00606515072,0.999505103],"scale":0.999999881,"type":"railing_support1"}
{"ctxid":0,"pos":[-492.166504,40.2815857,100.088524],"rotationMatrix":[0.210651517,0.977561176,-0.000418179668,-0.977119863,0.210569203,0.0299571194,0.0293729715,-0.00590190198,0.999551117],"scale":0.999999821,"type":"railing_support1"}
{"ctxid":0,"pos":[-492.821259,37.0678558,100.069725],"rotationMatrix":[0.212450087,0.977171898,-0.000375233591,-0.97677207,0.212374091,0.0285231695,0.0279517267,-0.00569323171,0.999593079],"scale":0.999999881,"type":"railing_support1"}
{"ctxid":0,"pos":[-494.148651,30.6454201,100.032806],"rotationMatrix":[0.216316879,0.976323128,-0.000419599004,-0.975995779,0.216255426,0.0258016419,0.0252814814,-0.00517180189,0.999666989],"scale":0.99999994,"type":"railing_support1"}
{"ctxid":0,"pos":[-494.821991,27.4367676,100.014877],"rotationMatrix":[0.218368649,0.975866258,-0.0004920559,-0.975570738,0.218314886,0.0245009623,0.0240170881,-0.00487020519,0.999699712],"scale":1.00000012,"type":"railing_support1"}
{"ctxid":0,"pos":[-495.501892,24.2299004,99.997406],"rotationMatrix":[0.22049731,0.975387394,-0.000591723248,-0.975121319,0.220451236,0.023232149,0.0227907915,-0.00454562344,0.999729931],"scale":0.999999881,"type":"railing_support1"}
{"ctxid":0,"pos":[-496.188751,21.0248299,99.9804688],"rotationMatrix":[0.222694695,0.974887967,-0.000715035945,-0.974648952,0.22265619,0.0219915882,0.0215985421,-0.00420050137,0.999757886],"scale":1,"type":"railing_support1"}
{"ctxid":0,"pos":[-496.882812,17.8216553,99.9641037],"rotationMatrix":[0.224963784,0.974366784,-0.000860090367,-0.974152803,0.22493273,0.0207761154,0.0204370208,-0.00383601431,0.999783754],"scale":1,"type":"railing_support1"}
{"ctxid":0,"pos":[-497.584442,14.6204758,99.9483948],"rotationMatrix":[0.227305532,0.973822951,-0.00102523901,-0.973632216,0.22728157,0.0195823126,0.0193027239,-0.0034529632,0.999807715],"scale":1,"type":"railing_support1"}
{"ctxid":0,"pos":[-498.29364,11.4213219,99.9333878],"rotationMatrix":[0.229721367,0.973255634,-0.00120910909,-0.973086357,0.229704261,0.018407423,0.018192865,-0.00305200974,0.999829829],"scale":0.999999821,"type":"railing_support1"}
{"ctxid":0,"pos":[-499.010681,8.2242775,99.9191055],"rotationMatrix":[0.232218266,0.972662687,-0.00141070876,-0.972513318,0.232207596,0.0172486808,0.0171047263,-0.00263352552,0.999850214],"scale":0.999999881,"type":"railing_support1"}
{"ctxid":0,"pos":[-499.735992,5.02947235,99.9056168],"rotationMatrix":[0.23479259,0.97204411,-0.00162965432,-0.971913218,0.234787941,0.0161050484,0.0160374418,-0.0021974626,0.999868989],"scale":1,"type":"railing_support1"}
{"ctxid":0,"pos":[-500.469757,1.83696747,99.8929749],"rotationMatrix":[0.237455666,0.971396565,-0.00186523004,-0.971282721,0.23745662,0.014973795,0.0149884038,-0.00174394622,0.999886155],"scale":1,"type":"railing_support1"}
{"ctxid":0,"pos":[-501.212341,-1.35308075,99.8812332],"rotationMatrix":[0.240203679,0.970720232,-0.00211797934,-0.970622241,0.240209639,0.0138539877,0.0139571046,-0.00127202226,0.999901772],"scale":1,"type":"railing_support1"}
{"ctxid":0,"pos":[-501.963928,-4.54061127,99.87043],"rotationMatrix":[0.243047655,0.970011473,-0.00238746451,-0.969928026,0.243058145,0.0127433268,0.0129414648,-0.000781567767,0.999915957],"scale":1,"type":"railing_support1"}
{"ctxid":0,"pos":[-502.724854,-7.72541046,99.8606033],"rotationMatrix":[0.245992005,0.969268143,-0.00267393515,-0.969198287,0.24600637,0.0116407387,0.0119408034,-0.000271955039,0.999928653],"scale":0.99999994,"type":"railing_support1"}
{"ctxid":0,"pos":[-503.495392,-10.9074478,99.8518219],"rotationMatrix":[0.249040127,0.968488574,-0.00297756633,-0.968431234,0.249057829,0.0105444081,0.0109537244,0.000257587526,0.999939978],"scale":1.00000012,"type":"railing_support1"}
{"ctxid":0,"pos":[-504.276062,-14.086525,99.8441162],"rotationMatrix":[0.25220108,0.967669189,-0.00329925749,-0.967623293,0.252221406,0.00945381727,0.00998031069,0.000808175653,0.999949872],"scale":1,"type":"railing_support1"}
{"ctxid":0,"pos":[-505.067108,-17.2624512,99.8375702],"rotationMatrix":[0.255483747,0.966806471,-0.00363909197,-0.966771305,0.255505919,0.00836688653,0.00901896972,0.00138056674,0.999958396],"scale":1,"type":"railing_support1"}
{"ctxid":0,"pos":[-505.868988,-20.4350891,99.8322296],"rotationMatrix":[0.258893609,0.96589756,-0.00399851799,-0.965872169,0.258916914,0.00728269853,0.00806962419,0.00197661319,0.999965489],"scale":0.999999821,"type":"railing_support1"}
{"ctxid":0,"pos":[-506.682098,-23.6042252,99.8281403],"rotationMatrix":[0.262441337,0.964938104,-0.00437828153,-0.964921653,0.262465,0.00620022742,0.00713198073,0.00259750197,0.999971211],"scale":1.00000012,"type":"railing_support1"}
{"ctxid":0,"pos":[-507.506622,-26.7697525,99.8253479],"rotationMatrix":[0.266131759,0.963924825,-0.0047784145,-0.963916719,0.266154885,0.00511781313,0.00620498555,0.00324398023,0.999975502],"scale":0.999999881,"type":"railing_support1"}
{"ctxid":0,"pos":[-508.343628,-29.9310989,99.8240051],"rotationMatrix":[0.270023048,0.962839782,-0.00520452252,-0.962839305,0.270044744,0.0040347334,0.00529025542,0.00392164756,0.999978304],"scale":0.999999821,"type":"railing_support1"}
{"ctxid":0,"pos":[-509.194824,-33.0856628,99.8204956],"rotationMatrix":[0.274583817,0.961546421,-0.00567576522,-0.961556792,0.274598777,0.00202680845,0.00350742834,0.00490104174,0.999981821],"scale":0.999999881,"type":"railing_support1"}
{"ctxid":0,"pos":[-510.061188,-36.2341766,99.8174896],"rotationMatrix":[0.279565811,0.960106552,-0.00619839877,-0.960125387,0.279569566,-0.00027766102,0.00146629941,0.00602886453,0.999980748],"scale":1,"type":"railing_support1"}
{"ctxid":0,"pos":[-510.944672,-39.3767319,99.8163986],"rotationMatrix":[0.284804046,0.958561838,-0.00677433796,-0.95858556,0.284792781,-0.00258964975,-0.000553056598,0.00723132584,0.999973714],"scale":0.999999762,"type":"railing_support1"}
{"ctxid":0,"pos":[-511.845093,-42.5131683,99.817337],"rotationMatrix":[0.290306985,0.956904888,-0.00740188174,-0.956930161,0.290276647,-0.00491161831,-0.00255135912,0.00850896072,0.999960542],"scale":0.999999881,"type":"railing_support1"}
{"ctxid":0,"pos":[-512.763062,-45.6431274,99.8203812],"rotationMatrix":[0.296089649,0.955125928,-0.00808321871,-0.955149412,0.296035588,-0.00724629918,-0.00452820864,0.00986623485,0.999941051],"scale":0.99999994,"type":"railing_support1"}
{"ctxid":0,"pos":[-513.700439,-48.7658005,99.8258514],"rotationMatrix":[0.30219388,0.953205585,-0.00882586092,-0.953224421,0.30211103,-0.00959699601,-0.00648152037,0.0113131795,0.999915004],"scale":1,"type":"railing_support1"}
{"ctxid":0,"pos":[-514.657959,-51.8806229,99.8338776],"rotationMatrix":[0.308642209,0.951129436,-0.00963290315,-0.951141,0.308524787,-0.0119671375,-0.00841030758,0.0128558129,0.999881983],"scale":0.99999994,"type":"railing_support1"}
{"ctxid":0,"pos":[-447.701721,88.8618622,99.9637909],"rotationMatrix":[-0.194359064,-0.980930209,-0.000688480213,0.980699778,-0.194298029,-0.0218229592,0.02127303,-0.00491668098,0.999761641],"scale":0.99999994,"type":"railing_support1"}
{"ctxid":0,"pos":[-448.282166,86.1634674,99.9426498],"rotationMatrix":[-0.189721942,-0.98183769,-0.000639722683,0.981607497,-0.189663172,-0.0217884462,0.0212713853,-0.00476169959,0.999762416],"scale":0.999999881,"type":"railing_support1"}
{"ctxid":0,"pos":[-448.850769,83.4622116,99.9216461],"rotationMatrix":[-0.185112476,-0.982717156,-0.000590872951,0.982487202,-0.18505609,-0.0217539109,0.021268595,-0.00460744556,0.999763191],"scale":0.999999881,"type":"railing_support1"}
{"ctxid":0,"pos":[-449.405121,80.7578125,99.9007797],"rotationMatrix":[-0.18053627,-0.983568132,-0.000541610643,0.983338416,-0.180482149,-0.0217197109,0.0212650653,-0.00445378385,0.999763966],"scale":0.999999702,"type":"railing_support1"}
{"ctxid":0,"pos":[-449.946136,78.050415,99.8800735],"rotationMatrix":[-0.175991654,-0.98439157,-0.000492293388,0.984162092,-0.175939798,-0.0216856189,0.021260526,-0.00430098549,0.99976474],"scale":0.999999881,"type":"railing_support1"}
{"ctxid":0,"pos":[-450.474548,75.3402786,99.8595047],"rotationMatrix":[-0.17147553,-0.985188305,-0.000442568213,0.984959066,-0.171425939,-0.0216518193,0.0212552529,-0.00414866861,0.999765456],"scale":0.99999994,"type":"railing_support1"}
{"ctxid":0,"pos":[-450.990417,72.6274567,99.8390656],"rotationMatrix":[-0.166988015,-0.985958815,-0.000392664224,0.985729933,-0.166940689,-0.0216179937,0.0212489013,-0.00399700832,0.999766231],"scale":0.999999762,"type":"railing_support1"}
{"ctxid":0,"pos":[-451.494476,69.9122314,99.8187637],"rotationMatrix":[-0.162527442,-0.986703932,-0.000342492014,0.986475289,-0.162482262,-0.0215845183,0.021241881,-0.00384593848,0.999766946],"scale":0.999999821,"type":"railing_support1"}
{"ctxid":0,"pos":[-451.985962,67.1944504,99.7985916],"rotationMatrix":[-0.158095956,-0.987423658,-0.000291997567,0.987195373,-0.158053041,-0.0215514824,0.0212342925,-0.0036954619,0.999767721],"scale":0.999999881,"type":"railing_support1"}
{"ctxid":0,"pos":[-452.466125,64.4745255,99.7785492],"rotationMatrix":[-0.153689384,-0.988119185,-0.000241367146,0.987891257,-0.153648734,-0.0215183571,0.0212256163,-0.00354558788,0.999768436],"scale":1,"type":"railing_support1"}
{"ctxid":0,"pos":[-452.933685,61.7521019,99.7586746],"rotationMatrix":[-0.149311543,-0.988790154,-0.000190664083,0.988562584,-0.149273038,-0.0214855559,0.0212162454,-0.00339652412,0.999769151],"scale":1,"type":"railing_support1"}
{"ctxid":0,"pos":[-453.390472,59.0276718,99.7388992],"rotationMatrix":[-0.144957304,-0.989437938,-0.000139787793,0.989210725,-0.144920945,-0.0214527939,0.0212059487,-0.00324801728,0.999769866],"scale":0.999999881,"type":"railing_support1"}
{"ctxid":0,"pos":[-453.834534,56.3008537,99.7192764],"rotationMatrix":[-0.140631557,-0.990061939,-8.86805356e-05,0.989835083,-0.140597343,-0.0214203782,0.0211950336,-0.00310015958,0.999770582],"scale":0.99999994,"type":"railing_support1"}
{"ctxid":0,"pos":[-454.268311,53.5722351,99.6997986],"rotationMatrix":[-0.136328459,-0.990663648,-3.74503434e-05,0.99043715,-0.136296391,-0.0213880073,0.0211832188,-0.00295288675,0.999771237],"scale":0.999999762,"type":"railing_support1"}
{"ctxid":0,"pos":[-454.689331,50.8413391,99.6804428],"rotationMatrix":[-0.132053852,-0.991242647,1.39381737e-05,0.991016507,-0.132023931,-0.021355968,0.0211707857,-0.00280632172,0.999771953],"scale":0.999999821,"type":"railing_support1"}
{"ctxid":0,"pos":[-455.100464,48.1088181,99.6612244],"rotationMatrix":[-0.127799869,-0.991799951,6.53360039e-05,0.991574287,-0.127772212,-0.0213239007,0.0211573932,-0.00266040768,0.999772608],"scale":0.999999762,"type":"railing_support1"}
{"ctxid":0,"pos":[-455.49881,45.3741608,99.6421509],"rotationMatrix":[-0.123575211,-0.99233526,0.000117017888,0.992109954,-0.1235497,-0.0212922432,0.0211434998,-0.00251510087,0.999773264],"scale":0.999999821,"type":"railing_support1"}
{"ctxid":0,"pos":[-455.887054,42.6378555,99.6232147],"rotationMatrix":[-0.119371891,-0.992849648,0.000168667175,0.992624819,-0.119348526,-0.0212607104,0.0211288184,-0.00237050839,0.999773979],"scale":0.99999994,"type":"railing_support1"}
{"ctxid":0,"pos":[-456.261108,39.8993111,99.6044388],"rotationMatrix":[-0.1152004,-0.993342221,0.000220401213,0.993117869,-0.115179062,-0.0212291162,0.0211131629,-0.00222671777,0.999774635],"scale":0.999999762,"type":"railing_support1"}
{"ctxid":0,"pos":[-456.624817,37.1592484,99.5857773],"rotationMatrix":[-0.111050963,-0.993814647,0.000272253528,0.993590772,-0.111031771,-0.0211980678,0.0210971795,-0.00208356045,0.999775231],"scale":0.999999702,"type":"railing_support1"}
{"ctxid":0,"pos":[-456.973145,34.4168625,99.567337],"rotationMatrix":[-0.106936216,-0.994265735,0.0003241878,0.994042337,-0.10691905,-0.0211669095,0.0210801959,-0.00194125343,0.999775887],"scale":0.999999821,"type":"railing_support1"}
{"ctxid":0,"pos":[-457.31311,31.6733532,99.5489883],"rotationMatrix":[-0.102838874,-0.994697928,0.000376145355,0.994475007,-0.102823853,-0.0211360753,0.021062687,-0.00179954339,0.999776542],"scale":1,"type":"railing_support1"}
{"ctxid":0,"pos":[-457.63974,28.927927,99.5308075],"rotationMatrix":[-0.09877038,-0.995110095,0.000428167172,0.99488765,-0.0987573862,-0.0211054012,0.0210444815,-0.00165861193,0.999777138],"scale":0.99999994,"type":"railing_support1"}
{"ctxid":0,"pos":[-457.958405,26.1815014,99.5127335],"rotationMatrix":[-0.0947189331,-0.995503962,0.000480219722,0.995281994,-0.0947079659,-0.0210746452,0.0210253727,-0.00151821319,0.999777794],"scale":1,"type":"railing_support1"}
{"ctxid":0,"pos":[-458.263824,23.4333229,99.4948349],"rotationMatrix":[-0.0906960964,-0.995878458,0.000532407314,0.995657086,-0.0906871557,-0.0210440941,0.0210056435,-0.00137852225,0.99977839],"scale":1,"type":"railing_support1"}
{"ctxid":0,"pos":[-458.561646,20.6841793,99.4770279],"rotationMatrix":[-0.0866887569,-0.996235251,0.000584655441,0.996014357,-0.0866818428,-0.0210139602,0.0209855288,-0.00123934913,0.999778986],"scale":0.999999881,"type":"railing_support1"}
{"ctxid":0,"pos":[-458.846161,17.9334259,99.4593964],"rotationMatrix":[-0.0827106237,-0.996573448,0.000636926852,0.996353149,-0.0827057362,-0.0209838133,0.020964589,-0.00110097788,0.999779642],"scale":0.999999881,"type":"railing_support1"}
{"ctxid":0,"pos":[-459.123413,15.181778,99.4418564],"rotationMatrix":[-0.0787471533,-0.996894419,0.000689294189,0.996674597,-0.0787442923,-0.0209537819,0.020942986,-0.000963049941,0.999780178],"scale":0.999999821,"type":"railing_support1"}
{"ctxid":0,"pos":[-459.386749,12.4285088,99.4244995],"rotationMatrix":[-0.0748138428,-0.997197211,0.000741411,0.996977985,-0.0748130083,-0.0209240932,0.0209209155,-0.000826241449,0.999780774],"scale":0.999999881,"type":"railing_support1"}
{"ctxid":0,"pos":[-459.641327,9.67430878,99.4072647],"rotationMatrix":[-0.0708992481,-0.997483134,0.000793617219,0.997264504,-0.0709004402,-0.0208944716,0.0208981521,-0.000689958222,0.99978137],"scale":1,"type":"railing_support1"}
{"ctxid":0,"pos":[-459.877869,6.91815662,99.3902588],"rotationMatrix":[-0.0670230389,-0.997751117,0.000845822506,0.997533083,-0.0670260191,-0.0208649598,0.0208747275,-0.000554694794,0.999781966],"scale":0.99999994,"type":"railing_support1"}
{"ctxid":0,"pos":[-460.108246,4.16144657,99.3733368],"rotationMatrix":[-0.0631600618,-0.998003066,0.000898027793,0.997785628,-0.0631650686,-0.0208354928,0.0208506081,-0.000419931486,0.999782503],"scale":1,"type":"railing_support1"}
{"ctxid":0,"pos":[-460.32489,1.40337372,99.3566132],"rotationMatrix":[-0.0593259335,-0.998238266,0.000950411893,0.998021424,-0.0593328476,-0.0208061375,0.0208258741,-0.000285810791,0.999783099],"scale":0.999999881,"type":"railing_support1"}
{"ctxid":0,"pos":[-460.535767,-1.35516071,99.3399582],"rotationMatrix":[-0.055503726,-0.998457968,0.00100280531,0.998241723,-0.0555126667,-0.020777192,0.0208008196,-0.000152171589,0.999783635],"scale":1,"type":"railing_support1"}
{"ctxid":0,"pos":[-460.733246,-4.11491203,99.3235016],"rotationMatrix":[-0.0517107248,-0.998661518,0.0010550851,0.998445988,-0.0517214537,-0.0207483657,0.0207751654,-1.94692984e-05,0.999784172],"scale":0.999999881,"type":"railing_support1"}
{"ctxid":0,"pos":[-460.925079,-6.87518883,99.3070984],"rotationMatrix":[-0.0479285717,-0.998850167,0.00110741984,0.998635232,-0.0479412079,-0.0207196828,0.0207489505,0.000112844631,0.999784708],"scale":1,"type":"railing_support1"}
{"ctxid":0,"pos":[-461.103546,-9.63665199,99.2908859],"rotationMatrix":[-0.0441746712,-0.999023139,0.00115967356,0.99880892,-0.0441892147,-0.0206908844,0.020721918,0.000244278461,0.999785244],"scale":0.999999821,"type":"railing_support1"}
{"ctxid":0,"pos":[-461.275146,-12.3985424,99.2747879],"rotationMatrix":[-0.0404355526,-0.999181509,0.00121195987,0.998967886,-0.0404518843,-0.0206624735,0.0206945855,0.000375213102,0.999785781],"scale":0.999999762,"type":"railing_support1"}
{"ctxid":0,"pos":[-461.428741,-15.1618423,99.2589188],"rotationMatrix":[-0.0367337465,-0.999324262,0.00126400683,0.999111354,-0.0367519855,-0.0206339713,0.0206664838,0.000504920259,0.999786317],"scale":0.99999994,"type":"railing_support1"}
{"ctxid":0,"pos":[-461.576904,-17.9255276,99.2431412],"rotationMatrix":[-0.0330437422,-0.999452949,0.00131604262,0.999240756,-0.0330638885,-0.0206057727,0.0206380151,0.000634152442,0.999786794],"scale":1,"type":"railing_support1"}
{"ctxid":0,"pos":[-461.709503,-20.6902084,99.2275696],"rotationMatrix":[-0.0293861628,-0.99956727,0.00136810075,0.999355674,-0.0294080973,-0.0205775164,0.0206088424,0.000762524083,0.999787331],"scale":0.99999994,"type":"railing_support1"}
