{"ctxid":0,"pos":[-931.016296,-455.890594,100.183731],"rotationMatrix":[0.844067037,0.536213458,-0.00509278383,-0.535699785,0.843607605,0.0367689207,0.0240123011,-0.0283072293,0.999310791],"scale":0.999999881,"type":"railing_support2"}
{"ctxid":0,"pos":[-928.646362,-454.30838,100.205673],"rotationMatrix":[0.842161477,0.539200485,-0.00518999714,-0.538674533,0.841697097,0.0370917208,0.0243682787,-0.0284414999,0.999298394],"scale":0.999999821,"type":"railing_support2"}
{"ctxid":0,"pos":[-926.279785,-452.71759,100.227341],"rotationMatrix":[0.840150118,0.54232806,-0.00529633556,-0.541789353,0.83968097,0.0374178365,0.0247399732,-0.0285670999,0.999285698],"scale":0.999999881,"type":"railing_support2"}
{"ctxid":0,"pos":[-923.917419,-451.115662,100.248665],"rotationMatrix":[0.837997377,0.545647383,-0.00541510712,-0.545095205,0.837523937,0.0377477147,0.025132224,-0.0286807381,0.999272645],"scale":1,"type":"railing_support2"}
{"ctxid":0,"pos":[-921.560181,-449.502625,100.269569],"rotationMatrix":[0.835692048,0.549170315,-0.00554655399,-0.548603833,0.835214674,0.0380815268,0.0255458094,-0.0287815686,0.999259233],"scale":0.999999881,"type":"railing_support2"}
{"ctxid":0,"pos":[-919.207397,-447.877655,100.290077],"rotationMatrix":[0.833219469,0.552913129,-0.00569197256,-0.552331626,0.832738638,0.0384195335,0.0259825923,-0.0288680457,0.999245465],"scale":1,"type":"railing_support2"}
{"ctxid":0,"pos":[-916.859192,-446.240906,100.310135],"rotationMatrix":[0.830570877,0.556882203,-0.0058517009,-0.556284845,0.830087185,0.0387620032,0.0264432915,-0.0289393794,0.999231339],"scale":0.999999881,"type":"railing_support2"}
{"ctxid":0,"pos":[-914.516602,-444.590576,100.329712],"rotationMatrix":[0.827713728,0.561118186,-0.00602831412,-0.5605039,0.827227831,0.03910942,0.0269317962,-0.0289925132,0.999216735],"scale":0.999999881,"type":"railing_support2"}
{"ctxid":0,"pos":[-912.180237,-442.922668,100.348579],"rotationMatrix":[0.824571073,0.565724075,-0.00622838922,-0.56509167,0.824083745,0.039463453,0.0274581406,-0.0290208086,0.999201596],"scale":0.999999881,"type":"railing_support2"}
{"ctxid":0,"pos":[-909.849792,-441.239227,100.366837],"rotationMatrix":[0.821152687,0.570672095,-0.00644960441,-0.570020378,0.820664883,0.0398231447,0.0280189235,-0.0290244743,0.99918592],"scale":0.999999762,"type":"railing_support2"}
{"ctxid":0,"pos":[-907.525452,-439.538605,100.384399],"rotationMatrix":[0.817412615,0.576013744,-0.0066951206,-0.575341284,0.816925466,0.0401895456,0.0286191441,-0.028999459,0.999169648],"scale":0.999999881,"type":"railing_support2"}
{"ctxid":0,"pos":[-905.207947,-437.818359,100.401154],"rotationMatrix":[0.813290358,0.581816375,-0.00696973689,-0.581121624,0.812805176,0.0405633636,0.0292654652,-0.0289395265,0.99915266],"scale":0.999999821,"type":"railing_support2"}
{"ctxid":0,"pos":[-902.897278,-436.078186,100.417091],"rotationMatrix":[0.808751583,0.588105381,-0.00727517158,-0.587386787,0.808269918,0.0409448519,0.029960189,-0.0288408771,0.999134898],"scale":0.999999762,"type":"railing_support2"}
{"ctxid":0,"pos":[-900.595215,-434.311371,100.431915],"rotationMatrix":[0.803626478,0.595085204,-0.00762387551,-0.594340622,0.803150415,0.0413358808,0.0307214912,-0.0286874305,0.999116242],"scale":0.999999881,"type":"railing_support2"}
{"ctxid":0,"pos":[-898.302246,-432.514526,100.445465],"rotationMatrix":[0.797784865,0.602888823,-0.00802527368,-0.602115631,0.797317266,0.0417377651,0.0315619223,-0.0284656137,0.999096394],"scale":0.999999821,"type":"railing_support2"}
{"ctxid":0,"pos":[-940.591125,-438.789398,101.343658],"rotationMatrix":[-0.831441522,-0.55499965,0.0260848049,0.555247247,-0.831680655,0.00280340109,0.0201383401,0.0168143809,0.999655783],"scale":0.999999821,"type":"railing_support2"}
{"ctxid":0,"pos":[-938.28186,-437.243347,101.37188],"rotationMatrix":[-0.829365969,-0.558091819,0.0261848625,0.558335364,-0.829611778,0.00247507216,0.0203419495,0.0166726746,0.999654055],"scale":0.999999881,"type":"railing_support2"}
{"ctxid":0,"pos":[-935.980347,-435.68927,101.399841],"rotationMatrix":[-0.8271451,-0.561372817,0.0262972992,0.561612427,-0.827397704,0.00214267336,0.0205554869,0.0165411904,0.999651849],"scale":1,"type":"railing_support2"}
{"ctxid":0,"pos":[-933.687561,-434.12735,101.42749],"rotationMatrix":[-0.82476747,-0.564854324,0.0264222566,0.56509012,-0.825027227,0.00180618046,0.0207788516,0.0164206345,0.999649227],"scale":0.999999881,"type":"railing_support2"}
{"ctxid":0,"pos":[-931.403137,-432.557159,101.454842],"rotationMatrix":[-0.822218299,-0.568551958,0.0265611541,0.568784058,-0.822485447,0.0014651469,0.0210131537,0.0163122322,0.999646127],"scale":0.99999994,"type":"railing_support2"}
{"ctxid":0,"pos":[-929.127563,-430.979034,101.481857],"rotationMatrix":[-0.819488883,-0.572472215,0.0267142393,0.572700739,-0.819763899,0.00111941015,0.021258533,0.0162166078,0.999642491],"scale":0.999999821,"type":"railing_support2"}
{"ctxid":0,"pos":[-926.862366,-429.391754,101.508507],"rotationMatrix":[-0.81654489,-0.576655567,0.0268840771,0.576880753,-0.816828012,0.000768364873,0.0215165857,0.0161363129,0.999638259],"scale":0.999999821,"type":"railing_support2"}
{"ctxid":0,"pos":[-924.610107,-427.793091,101.534637],"rotationMatrix":[-0.813307881,-0.581202865,0.0270773005,0.581425071,-0.813599706,0.000410250388,0.02179165,0.0160770826,0.999633253],"scale":0.999999881,"type":"railing_support2"}
{"ctxid":0,"pos":[-922.369873,-426.184875,101.560287],"rotationMatrix":[-0.809788942,-0.586086273,0.0272914767,0.586305737,-0.810089946,4.60548326e-05,0.0220815577,0.0160384439,0.999627531],"scale":0.999999702,"type":"railing_support2"}
{"ctxid":0,"pos":[-920.142944,-424.566376,101.585419],"rotationMatrix":[-0.805939913,-0.591356874,0.0275298636,0.591573834,-0.806250811,-0.000325354747,0.0223883744,0.0160237327,0.999620914],"scale":0.999999881,"type":"railing_support2"}
{"ctxid":0,"pos":[-917.931091,-422.936432,101.609932],"rotationMatrix":[-0.801699638,-0.59708041,0.0277971774,0.597295344,-0.802021027,-0.000704741571,0.022714708,0.0160381328,0.999613345],"scale":0.999999881,"type":"railing_support2"}
{"ctxid":0,"pos":[-915.734863,-421.295502,101.633835],"rotationMatrix":[-0.797033191,-0.603281856,0.0280950889,0.60349524,-0.797366023,-0.00109239761,0.0230610892,0.0160845742,0.999604642],"scale":0.999999702,"type":"railing_support2"}
{"ctxid":0,"pos":[-913.559692,-419.640503,101.656891],"rotationMatrix":[-0.791766524,-0.610161602,0.028436143,0.610374153,-0.792111874,-0.00149049517,0.0234340467,0.0161765628,0.99959451],"scale":0.999999881,"type":"railing_support2"}
{"ctxid":0,"pos":[-911.408325,-417.970825,101.67897],"rotationMatrix":[-0.785766602,-0.617851019,0.0288295541,0.618063688,-0.786125898,-0.00190044567,0.0238378476,0.0163251944,0.999582529],"scale":0.999999821,"type":"railing_support2"}
{"ctxid":0,"pos":[-51.4962158,-892.030396,133.054428],"rotationMatrix":[0.562584758,0.826667786,-0.0108988658,-0.825724363,0.562498212,0.0421310663,0.0409589857,-0.0147028361,0.999052644],"scale":1,"type":"railing_support2"}
{"ctxid":0,"pos":[-49.6178589,-889.296509,133.097122],"rotationMatrix":[0.571926236,0.82023263,-0.0108990176,-0.81929028,0.571828961,0.0421309583,0.0407895595,-0.0151663395,0.999052644],"scale":1,"type":"railing_support2"}
{"ctxid":0,"pos":[-47.7041016,-886.580627,133.05806],"rotationMatrix":[0.580840588,0.81394434,-0.0108990287,-0.813003063,0.580733061,0.0421310142,0.0406217277,-0.0156104593,0.999052644],"scale":0.999999821,"type":"railing_support2"}
{"ctxid":0,"pos":[-45.7587891,-883.880615,133.060867],"rotationMatrix":[0.589310169,0.807833374,-0.0108990679,-0.806893289,0.589192748,0.042131003,0.040456485,-0.0160338394,0.999052644],"scale":1.00000012,"type":"railing_support2"}
{"ctxid":0,"pos":[-43.7826538,-881.195435,133.059479],"rotationMatrix":[0.597300529,0.801943421,-0.0108990315,-0.801004529,0.59717387,0.0421310142,0.0402953103,-0.016434703,0.999052644],"scale":1,"type":"railing_support2"}
{"ctxid":0,"pos":[-41.7769775,-878.52417,133.060013],"rotationMatrix":[0.604790449,0.796310067,-0.0108990334,-0.795372486,0.604654908,0.0421310142,0.0401395075,-0.0168116428,0.999052644],"scale":0.99999994,"type":"railing_support2"}
{"ctxid":0,"pos":[-39.7428589,-875.865417,133.064438],"rotationMatrix":[0.611762524,0.790966332,-0.0108990353,-0.790029943,0.611618876,0.0421310104,0.0399902686,-0.0171636082,0.999052644],"scale":0.99999994,"type":"railing_support2"}
{"ctxid":0,"pos":[-37.6797485,-873.21875,133.055511],"rotationMatrix":[0.618154109,0.785981357,-0.0108990362,-0.78504616,0.618002832,0.0421310142,0.0398498252,-0.0174872112,0.999052644],"scale":0.99999994,"type":"railing_support2"}
{"ctxid":0,"pos":[-35.5903931,-870.582825,133.059952],"rotationMatrix":[0.623979568,0.781364679,-0.010899039,-0.780430675,0.623821259,0.0421310142,0.0397187397,-0.0177829452,0.999052644],"scale":1,"type":"railing_support2"}
{"ctxid":0,"pos":[-33.4771729,-867.955383,133.045685],"rotationMatrix":[0.629255891,0.777121782,-0.0108991172,-0.77618885,0.629091263,0.0421309806,0.0395974442,-0.0180513933,0.999052644],"scale":1,"type":"railing_support2"}
{"ctxid":0,"pos":[-31.34198,-865.335632,133.065552],"rotationMatrix":[0.633986354,0.773267388,-0.0108990921,-0.77233541,0.633816123,0.0421311781,0.0394866876,-0.0182928387,0.999052644],"scale":0.99999994,"type":"railing_support2"}
{"ctxid":0,"pos":[-29.1850586,-862.722717,133.054962],"rotationMatrix":[0.638138413,0.769844592,-0.0108990371,-0.768913567,0.637963176,0.0421310142,0.039387513,-0.0185049996,0.999052644],"scale":1,"type":"railing_support2"}
{"ctxid":0,"pos":[-27.0095825,-860.11499,133.060715],"rotationMatrix":[0.641763985,0.766824782,-0.0108990353,-0.765894592,0.641584337,0.0421310142,0.0392997563,-0.0186906569,0.999052644],"scale":0.99999994,"type":"railing_support2"}
{"ctxid":0,"pos":[-24.8173828,-857.511108,133.075089],"rotationMatrix":[0.644890308,0.764197528,-0.0108954711,-0.763268173,0.644706726,0.0421310514,0.0392208286,-0.0188537408,0.999052703],"scale":1,"type":"railing_support2"}
{"ctxid":0,"pos":[-22.6116943,-854.912781,133.07991],"rotationMatrix":[0.647707343,0.761812627,-0.0108004557,-0.760886252,0.647516847,0.0421194732,0.0390806273,-0.0190631766,0.999054193],"scale":1.00000012,"type":"railing_support2"}
{"ctxid":0,"pos":[-20.3939819,-852.31958,133.055893],"rotationMatrix":[0.650238395,0.7596578,-0.0104887225,-0.75874275,0.650035024,0.041999124,0.0387229994,-0.0193511993,0.999062598],"scale":0.999999881,"type":"railing_support2"}
{"ctxid":0,"pos":[-18.1633911,-849.724915,133.086609],"rotationMatrix":[0.6521644,0.75801003,-0.0101198927,-0.757112622,0.651949584,0.0417400897,0.0382370651,-0.0195595045,0.99907726],"scale":0.999999762,"type":"railing_support2"}
{"ctxid":0,"pos":[-15.927063,-847.138489,133.090225],"rotationMatrix":[0.654246688,0.756219149,-0.00968669821,-0.755340815,0.654018164,0.0414796248,0.0377029628,-0.0198211484,0.9990924],"scale":1.00000012,"type":"railing_support2"}
{"ctxid":0,"pos":[-13.6856079,-844.559509,133.068604],"rotationMatrix":[0.65645504,0.754309058,-0.00920167472,-0.753450871,0.656210959,0.041218359,0.037129622,-0.0201249868,0.999107778],"scale":1,"type":"railing_support2"}
{"ctxid":0,"pos":[-11.4353638,-841.988342,133.107529],"rotationMatrix":[0.658671021,0.75238055,-0.00871689711,-0.751542628,0.65841198,0.0409553498,0.0365533195,-0.0204249807,0.999122977],"scale":0.99999994,"type":"railing_support2"}
{"ctxid":0,"pos":[-9.17993164,-839.422119,133.093979],"rotationMatrix":[0.66088891,0.750438511,-0.00823198631,-0.749620974,0.660615325,0.0406919718,0.0359750018,-0.0207220074,0.999137819],"scale":1,"type":"railing_support2"}
{"ctxid":0,"pos":[-6.9140625,-836.865112,133.120926],"rotationMatrix":[0.663111091,0.748480856,-0.00774736237,-0.747683704,0.662823319,0.0404263772,0.0353935026,-0.021014601,0.999152482],"scale":0.999999821,"type":"railing_support2"}
{"ctxid":0,"pos":[-70.4268188,-879.129639,132.908142],"rotationMatrix":[-0.562585235,-0.826667547,0.0108988909,0.825724125,-0.562498569,-0.0421310812,0.040959008,-0.0147028435,0.999052644],"scale":1,"type":"railing_support2"}
{"ctxid":0,"pos":[-68.4009399,-876.181824,132.908127],"rotationMatrix":[-0.571926355,-0.820232391,0.0108990511,0.819290042,-0.5718292,-0.0421309695,0.0407895818,-0.0151663329,0.999052644],"scale":0.99999994,"type":"railing_support2"}
{"ctxid":0,"pos":[-66.3429565,-873.261841,132.908127],"rotationMatrix":[-0.580840826,-0.813944161,0.0108990809,0.813002884,-0.580733418,-0.0421310216,0.0406217538,-0.015610436,0.999052644],"scale":0.999999821,"type":"railing_support2"}
{"ctxid":0,"pos":[-64.2575684,-870.36792,132.908127],"rotationMatrix":[-0.589310527,-0.807833195,0.0108990707,0.80689311,-0.589193106,-0.0421310142,0.0404564887,-0.0160338636,0.999052644],"scale":1.00000012,"type":"railing_support2"}
{"ctxid":0,"pos":[-62.1463013,-867.499756,132.908127],"rotationMatrix":[-0.597300649,-0.801943362,0.0108990679,0.801004469,-0.597173929,-0.042131003,0.0402953178,-0.0164346732,0.999052644],"scale":0.99999994,"type":"railing_support2"}
{"ctxid":0,"pos":[-60.0114746,-864.656921,132.908127],"rotationMatrix":[-0.604790807,-0.796309769,0.0108990707,0.795372188,-0.604655266,-0.0421310142,0.0401395224,-0.0168116353,0.999052644],"scale":0.999999881,"type":"railing_support2"}
{"ctxid":0,"pos":[-57.8548584,-861.838501,132.908127],"rotationMatrix":[-0.611762881,-0.790966153,0.0108990688,0.790029764,-0.611619234,-0.0421310142,0.0399902835,-0.0171636026,0.999052644],"scale":0.99999994,"type":"railing_support2"}
{"ctxid":0,"pos":[-55.6774292,-859.045471,132.908127],"rotationMatrix":[-0.618154407,-0.785981119,0.0108990707,0.785045922,-0.61800313,-0.0421310216,0.0398498476,-0.0174872056,0.999052644],"scale":0.999999881,"type":"railing_support2"}
{"ctxid":0,"pos":[-53.4821777,-856.276184,132.908127],"rotationMatrix":[-0.623979807,-0.781364441,0.0108990613,0.780430436,-0.623821616,-0.0421310179,0.0397187471,-0.0177829452,0.999052644],"scale":1,"type":"railing_support2"}
{"ctxid":0,"pos":[-51.2717896,-853.527893,132.908127],"rotationMatrix":[-0.629256248,-0.777121544,0.010899148,0.776188612,-0.62909162,-0.0421309918,0.0395974629,-0.0180513933,0.999052644],"scale":1,"type":"railing_support2"}
{"ctxid":0,"pos":[-49.0480957,-850.799866,132.908127],"rotationMatrix":[-0.633987069,-0.77326709,0.010899133,0.772335112,-0.633816719,-0.042131193,0.0394867137,-0.0182928424,0.999052644],"scale":0.999999881,"type":"railing_support2"}
{"ctxid":0,"pos":[-46.8128052,-848.091858,132.908127],"rotationMatrix":[-0.638138771,-0.769844294,0.010899066,0.768913269,-0.637963414,-0.0421310216,0.0393875279,-0.0185049977,0.999052644],"scale":1,"type":"railing_support2"}
{"ctxid":0,"pos":[-44.5679932,-845.401062,132.908127],"rotationMatrix":[-0.641764283,-0.766824543,0.0108990707,0.765894353,-0.641584635,-0.0421310067,0.0392997675,-0.0186906382,0.999052644],"scale":0.99999994,"type":"railing_support2"}
{"ctxid":0,"pos":[-42.3156128,-842.725708,132.908127],"rotationMatrix":[-0.644890666,-0.76419723,0.0108954841,0.763267875,-0.644707084,-0.0421310589,0.0392208323,-0.0188537501,0.999052703],"scale":1,"type":"railing_support2"}
{"ctxid":0,"pos":[-40.0552979,-840.062866,132.907974],"rotationMatrix":[-0.647707582,-0.761812389,0.0108004669,0.760886014,-0.647517085,-0.0421194807,0.039080631,-0.0190631822,0.999054193],"scale":1,"type":"railing_support2"}
{"ctxid":0,"pos":[-37.7880249,-837.411743,132.907074],"rotationMatrix":[-0.650238633,-0.759657562,0.010488783,0.758742511,-0.650035262,-0.0419991203,0.0387230292,-0.0193511657,0.999062598],"scale":0.999999821,"type":"railing_support2"}
{"ctxid":0,"pos":[-35.5195923,-834.773071,132.905579],"rotationMatrix":[-0.652164936,-0.758009613,0.0101199625,0.757112205,-0.651950121,-0.0417400748,0.0382370874,-0.0195594653,0.99907726],"scale":0.999999762,"type":"railing_support2"}
{"ctxid":0,"pos":[-33.2422485,-832.139099,132.905685],"rotationMatrix":[-0.654247046,-0.75621891,0.00968673546,0.755340576,-0.654018402,-0.0414796248,0.0377029814,-0.0198211372,0.9990924],"scale":1.00000012,"type":"railing_support2"}
{"ctxid":0,"pos":[-30.9569702,-829.509644,132.907257],"rotationMatrix":[-0.656455398,-0.75430882,0.00920169707,0.753450632,-0.656211376,-0.0412183739,0.0371296369,-0.0201249942,0.999107778],"scale":1,"type":"railing_support2"}
{"ctxid":0,"pos":[-28.6625366,-826.887878,132.910736],"rotationMatrix":[-0.658671379,-0.752380133,0.00871693622,0.751542211,-0.658412337,-0.0409553461,0.036553327,-0.0204249732,0.999122977],"scale":1,"type":"railing_support2"}
{"ctxid":0,"pos":[-26.3624878,-824.270996,132.915451],"rotationMatrix":[-0.66088891,-0.750438452,0.00823201425,0.749620914,-0.660615206,-0.0406919718,0.0359750167,-0.0207219869,0.999137819],"scale":1,"type":"railing_support2"}
{"ctxid":0,"pos":[-24.0516357,-821.663208,132.922424],"rotationMatrix":[-0.663111687,-0.748480439,0.00774742197,0.747683287,-0.662823915,-0.0404263809,0.0353935286,-0.0210145842,0.999152482],"scale":0.999999821,"type":"railing_support2"}
{"ctxid":0,"pos":[484.330292,-421.359283,151.8759],"rotationMatrix":[-0.066298604,0.997794807,0.00316336984,-0.997632682,-0.066229105,-0.0185120143,-0.018261686,-0.00438320171,0.99982363],"scale":1.00000012,"type":"railing_support2"}
{"ctxid":0,"pos":[484.216888,-419.018494,151.8759],"rotationMatrix":[-0.0663027763,0.997794509,0.00316343782,-0.997632384,-0.0662332773,-0.0185120143,-0.0182616618,-0.004383347,0.99982363],"scale":1.00000012,"type":"railing_support2"}
{"ctxid":0,"pos":[484.103546,-416.677399,151.8759],"rotationMatrix":[-0.0663107634,0.997793972,0.00316341547,-0.997631848,-0.0662412643,-0.018511897,-0.0182615109,-0.00438346295,0.99982363],"scale":1.00000012,"type":"railing_support2"}
{"ctxid":0,"pos":[483.990082,-414.3367,151.8759],"rotationMatrix":[-0.0662966967,0.997794986,0.00316335866,-0.997632861,-0.0662271976,-0.0185120106,-0.0182616916,-0.00438315514,0.99982363],"scale":1.00000012,"type":"railing_support2"}
{"ctxid":0,"pos":[483.876587,-411.995911,151.8759],"rotationMatrix":[-0.0662903786,0.997795343,0.00316337589,-0.997633219,-0.0662208796,-0.018512072,-0.0182617791,-0.00438306155,0.99982363],"scale":1.00000024,"type":"railing_support2"}
{"ctxid":0,"pos":[483.763306,-409.655029,151.8759],"rotationMatrix":[-0.0662913322,0.997795343,0.00316339266,-0.997633219,-0.0662218332,-0.0185120702,-0.0182617716,-0.00438309461,0.99982363],"scale":1.00000024,"type":"railing_support2"}
{"ctxid":0,"pos":[483.650024,-407.313965,151.8759],"rotationMatrix":[-0.0663019419,0.997794628,0.00316347973,-0.997632504,-0.0662324429,-0.018512018,-0.0182616673,-0.00438337168,0.99982363],"scale":1,"type":"railing_support2"}
{"ctxid":0,"pos":[483.536499,-404.973175,151.8759],"rotationMatrix":[-0.0663225651,0.997793257,0.00316339219,-0.997631133,-0.0662530661,-0.0185120162,-0.0182615798,-0.00438366318,0.99982363],"scale":1,"type":"railing_support2"}
{"ctxid":0,"pos":[483.423096,-402.632385,151.8759],"rotationMatrix":[-0.0663055182,0.99779433,0.00316336052,-0.997632205,-0.0662360191,-0.0185120143,-0.0182616543,-0.00438332045,0.99982363],"scale":1.00000012,"type":"railing_support2"}
{"ctxid":0,"pos":[483.309662,-400.29129,151.8759],"rotationMatrix":[-0.0663384199,0.997792125,0.00316348812,-0.99763,-0.0662689209,-0.018512018,-0.0182615053,-0.00438405015,0.99982363],"scale":1,"type":"railing_support2"}
{"ctxid":0,"pos":[483.196106,-397.950562,151.8759],"rotationMatrix":[-0.0663212538,0.997793317,0.00316337589,-0.997631192,-0.0662517548,-0.0185120143,-0.0182615854,-0.0043836222,0.99982363],"scale":1.00000036,"type":"railing_support2"}
{"ctxid":0,"pos":[483.082794,-395.609711,151.8759],"rotationMatrix":[-0.0663197041,0.997793376,0.00316354493,-0.997631252,-0.066250205,-0.0185120218,-0.0182615872,-0.00438376376,0.99982363],"scale":1.00000024,"type":"railing_support2"}
{"ctxid":0,"pos":[482.969238,-393.269012,151.8759],"rotationMatrix":[-0.0662971735,0.997794867,0.00316341175,-0.997632742,-0.0662276745,-0.0185120143,-0.0182616878,-0.00438321894,0.99982363],"scale":1.00000012,"type":"railing_support2"}
{"ctxid":0,"pos":[482.855865,-390.928131,151.875916],"rotationMatrix":[-0.066321373,0.997793317,0.00316338614,-0.997631192,-0.066251874,-0.0185121298,-0.0182616971,-0.00438364316,0.99982363],"scale":1.00000012,"type":"railing_support2"}
{"ctxid":0,"pos":[482.741425,-388.59314,151.875305],"rotationMatrix":[-0.0654295683,0.997850835,0.00356035819,-0.99769038,-0.0653530359,-0.0185194276,-0.0182469469,-0.00476385234,0.99982214],"scale":1,"type":"railing_support2"}
{"ctxid":0,"pos":[482.627045,-386.292755,151.872772],"rotationMatrix":[-0.0595231056,0.998201668,0.00710286899,-0.998062313,-0.0593826771,-0.0185824651,-0.0181272607,-0.00819519348,0.999802113],"scale":1,"type":"railing_support2"}
{"ctxid":0,"pos":[472.597504,-420.252625,151.860901],"rotationMatrix":[0.0441550612,-0.999019623,0.0031634327,0.998856068,0.0440891981,-0.018512059,0.0183544364,0.00397721585,0.99982363],"scale":1.00000012,"type":"railing_support2"}
{"ctxid":0,"pos":[472.484131,-417.911896,151.860901],"rotationMatrix":[0.0441597104,-0.999019444,0.00316336378,0.998855889,0.0440938473,-0.0185120516,0.0183544159,0.00397723075,0.99982363],"scale":1.00000012,"type":"railing_support2"}
{"ctxid":0,"pos":[472.370789,-415.570892,151.860901],"rotationMatrix":[0.044167459,-0.999019086,0.00316338893,0.998855531,0.0441015959,-0.0185121689,0.0183545016,0.00397740444,0.99982363],"scale":1.00000012,"type":"railing_support2"}
{"ctxid":0,"pos":[472.257355,-413.230011,151.860901],"rotationMatrix":[0.0441534519,-0.999019742,0.00316344295,0.998856187,0.0440875888,-0.0185120553,0.018354442,0.00397719583,0.99982363],"scale":1.00000012,"type":"railing_support2"}
{"ctxid":0,"pos":[472.14386,-410.88916,151.860901],"rotationMatrix":[0.0441473126,-0.99901998,0.00316342385,0.998856425,0.0440814495,-0.0185119975,0.0183544084,0.00397706078,0.99982363],"scale":1.00000024,"type":"railing_support2"}
{"ctxid":0,"pos":[472.030548,-408.548279,151.860901],"rotationMatrix":[0.0441478491,-0.99901998,0.00316340895,0.998856425,0.044081986,-0.0185119975,0.0183544066,0.0039770552,0.99982363],"scale":1.00000024,"type":"railing_support2"}
{"ctxid":0,"pos":[471.917267,-406.207367,151.860901],"rotationMatrix":[0.0441585183,-0.999019563,0.00316332327,0.998856008,0.0440926552,-0.0185120553,0.0183544252,0.00397717068,0.99982363],"scale":1,"type":"railing_support2"}
{"ctxid":0,"pos":[471.803711,-403.866791,151.860901],"rotationMatrix":[0.0441794991,-0.99901849,0.00316340756,0.998854935,0.044113636,-0.0185120534,0.0183543377,0.00397763727,0.99982363],"scale":1.00000012,"type":"railing_support2"}
{"ctxid":0,"pos":[471.690338,-401.525787,151.860901],"rotationMatrix":[0.044162333,-0.999019325,0.00316344108,0.99885577,0.0440964699,-0.0185120571,0.0183544047,0.00397735694,0.99982363],"scale":1.00000024,"type":"railing_support2"}
{"ctxid":0,"pos":[471.576874,-399.185089,151.860901],"rotationMatrix":[0.0441954732,-0.999017835,0.0031633121,0.99885428,0.0441296101,-0.0185120516,0.0183542762,0.00397783611,0.99982363],"scale":1.00000012,"type":"railing_support2"}
{"ctxid":0,"pos":[471.463318,-396.844177,151.860901],"rotationMatrix":[0.0441781878,-0.99901861,0.00316342479,0.998855054,0.0441123247,-0.0185120553,0.0183543433,0.00397763122,0.99982363],"scale":1.00000036,"type":"railing_support2"}
{"ctxid":0,"pos":[471.350006,-394.503296,151.860901],"rotationMatrix":[0.0441765189,-0.999018669,0.00316325435,0.998855114,0.0441106558,-0.0185120553,0.0183543563,0.00397743005,0.99982363],"scale":1.00000024,"type":"railing_support2"}
{"ctxid":0,"pos":[471.236511,-392.162354,151.860901],"rotationMatrix":[0.0441537499,-0.999019742,0.0031633894,0.998856187,0.0440878868,-0.0185120553,0.0183544401,0.00397714833,0.99982363],"scale":1.00000012,"type":"railing_support2"}
{"ctxid":0,"pos":[471.123077,-389.821716,151.860916],"rotationMatrix":[0.0441781878,-0.999018729,0.00316341501,0.998855174,0.0441123247,-0.0185119361,0.0183542222,0.00397761771,0.99982363],"scale":1.00000012,"type":"railing_support2"}
{"ctxid":0,"pos":[471.009644,-387.476257,151.860977],"rotationMatrix":[0.0432851315,-0.999058962,0.00276637496,0.998893738,0.0432267189,-0.0185134374,0.0183764342,0.00356467208,0.999824762],"scale":1,"type":"railing_support2"}
{"ctxid":0,"pos":[470.902069,-385.106415,151.864365],"rotationMatrix":[0.0373730063,-0.999301136,-0.000776715577,0.999129355,0.0373809934,-0.0185286775,0.0185447615,-8.35647807e-05,0.999828041],"scale":1.00000012,"type":"railing_support2"}
{"ctxid":0,"pos":[-955.943481,-365.025818,102.249931],"rotationMatrix":[0.64577651,-0.763524175,0.00187688507,0.763267756,0.64549166,-0.0276201721,0.0198771562,0.019269025,0.999616742],"scale":0.999999881,"type":"railing_support2"}
{"ctxid":0,"pos":[-954.10675,-367.029053,102.238823],"rotationMatrix":[0.660305738,-0.750994623,0.0018307874,0.750769317,0.660043716,-0.026223572,0.0184853636,0.0186900739,0.999654412],"scale":0.999999762,"type":"railing_support2"}
{"ctxid":0,"pos":[-952.230713,-368.990448,102.227684],"rotationMatrix":[0.674228847,-0.738520324,0.00178112229,0.738323748,0.673989534,-0.0248201173,0.0171297025,0.0180494841,0.999690354],"scale":0.999999762,"type":"railing_support2"}
{"ctxid":0,"pos":[-950.324219,-370.917389,102.216499],"rotationMatrix":[0.687618136,-0.726070464,0.00173362391,0.725900471,0.687401235,-0.0234111212,0.0158064291,0.017356351,0.999724448],"scale":0.999999821,"type":"railing_support2"}
{"ctxid":0,"pos":[-948.383911,-372.804993,102.205254],"rotationMatrix":[0.700425029,-0.713723958,0.00168434391,0.713578284,0.700230122,-0.0219955966,0.0145193562,0.0166081786,0.999756634],"scale":0.999999821,"type":"railing_support2"}
{"ctxid":0,"pos":[-946.41449,-374.65686,102.193977],"rotationMatrix":[0.712685406,-0.701481879,0.00163581315,0.701358259,0.712511897,-0.0205742791,0.0132669481,0.015810281,0.999786973],"scale":0.999999821,"type":"railing_support2"}
{"ctxid":0,"pos":[-944.416382,-376.471893,102.182625],"rotationMatrix":[0.724395633,-0.689382613,0.00158716179,0.689279139,0.724242806,-0.0191466007,0.0120498426,0.0149637116,0.999815404],"scale":0.999999821,"type":"railing_support2"}
{"ctxid":0,"pos":[-942.390625,-378.250183,102.171211],"rotationMatrix":[0.735557795,-0.677460194,0.00153777469,0.677374721,0.735424876,-0.0177127253,0.0108687486,0.0140703833,0.999841928],"scale":0.999999821,"type":"railing_support2"}
{"ctxid":0,"pos":[-940.34082,-379.995056,102.159782],"rotationMatrix":[0.746206999,-0.665712357,0.00148927234,0.665642977,0.746092856,-0.0162729137,0.00972194318,0.0131342849,0.999866486],"scale":0.999999821,"type":"railing_support2"}
{"ctxid":0,"pos":[-938.265259,-381.70224,102.148247],"rotationMatrix":[0.756314695,-0.654206395,0.0014386957,0.65415132,0.756218374,-0.0148259969,0.00861129351,0.0121542448,0.999889076],"scale":0.999999762,"type":"railing_support2"}
{"ctxid":0,"pos":[-936.169128,-383.37851,102.136696],"rotationMatrix":[0.765949905,-0.642898738,0.00139021967,0.642856061,0.765870214,-0.0133726895,0.00753255747,0.0111365207,0.999909639],"scale":0.999999821,"type":"railing_support2"}
{"ctxid":0,"pos":[-934.05011,-385.018311,102.125069],"rotationMatrix":[0.77505368,-0.631893933,0.00133907818,0.631861985,0.774989307,-0.0119118392,0.00648924895,0.0100784283,0.999928176],"scale":0.999999762,"type":"railing_support2"}
{"ctxid":0,"pos":[-931.912903,-386.628052,102.11338],"rotationMatrix":[0.783703625,-0.621133626,0.00128940959,0.621110857,0.78365314,-0.010444005,0.00547667313,0.00898587052,0.999944627],"scale":0.999999821,"type":"railing_support2"}
{"ctxid":0,"pos":[-929.756531,-388.20459,102.101631],"rotationMatrix":[0.791863084,-0.610697329,0.00123877754,0.61068207,0.791825056,-0.00896818284,0.00449595135,0.00785807241,0.999958992],"scale":0.999999762,"type":"railing_support2"}
{"ctxid":0,"pos":[-927.583069,-389.750244,102.089806],"rotationMatrix":[0.799565315,-0.60057801,0.0011874811,0.600568712,0.799538136,-0.00748357316,0.00354503328,0.0066967695,0.999971271],"scale":0.999999762,"type":"railing_support2"}
{"ctxid":0,"pos":[-925.394226,-391.266815,102.077919],"rotationMatrix":[0.806828976,-0.590784013,0.00113634148,0.590779245,0.806811035,-0.00599032734,0.00262217643,0.0055044964,0.999981403],"scale":0.999999881,"type":"railing_support2"}
{"ctxid":0,"pos":[-923.190369,-392.753693,102.065941],"rotationMatrix":[0.813653469,-0.581349134,0.00108407403,0.581347585,0.813642979,-0.00448725792,0.00172661419,0.00428129686,0.999989331],"scale":0.999999881,"type":"railing_support2"}
{"ctxid":0,"pos":[-920.974243,-394.214966,102.053871],"rotationMatrix":[0.820081532,-0.572245836,0.00103294791,0.572246075,0.820076585,-0.00297476863,0.000855202437,0.00303065311,0.999995053],"scale":0.999999821,"type":"railing_support2"}
{"ctxid":0,"pos":[-918.74469,-395.647217,102.041725],"rotationMatrix":[0.826062918,-0.563577056,0.000979803037,0.56357789,0.826061666,-0.00145049952,8.09054472e-06,0.00175039913,0.99999845],"scale":0.999999881,"type":"railing_support2"}
{"ctxid":0,"pos":[-916.505554,-397.056335,102.029488],"rotationMatrix":[0.831674278,-0.555263042,0.000928050315,0.555263162,0.831674695,8.45579634e-05,-0.000818787899,0.000444987498,0.999999583],"scale":0.999999762,"type":"railing_support2"}
{"ctxid":0,"pos":[-914.255737,-398.439667,102.017113],"rotationMatrix":[0.836874127,-0.547394633,0.000874554738,0.547392964,0.836874127,0.0016330299,-0.001625804,-0.000887915492,0.999998271],"scale":0.999999762,"type":"railing_support2"}
{"ctxid":0,"pos":[-912.007874,-399.79425,102.005432],"rotationMatrix":[0.840796828,-0.541350782,6.68208813e-05,0.54134804,0.840792894,0.00308199716,-0.00172462431,-0.00255516008,0.999995232],"scale":0.999999821,"type":"railing_support2"}
{"ctxid":0,"pos":[-909.817078,-401.101746,101.997169],"rotationMatrix":[0.83900702,-0.544063866,-0.00785436947,0.544096529,0.839018285,0.00270542037,0.00511803851,-0.00654340163,0.999965489],"scale":0.999999821,"type":"railing_support2"}
{"ctxid":0,"pos":[-907.659424,-402.405518,101.968498],"rotationMatrix":[0.834900737,-0.550130486,-0.017239552,0.550239325,0.835004747,0.00195408147,0.013320107,-0.0111173429,0.999849498],"scale":0.999999881,"type":"railing_support2"}
{"ctxid":0,"pos":[-905.520325,-403.719971,101.917465],"rotationMatrix":[0.830009043,-0.55712384,-0.0264188144,0.55734235,0.830282092,0.00110671716,0.0213184897,-0.0156429093,0.999650359],"scale":0.999999881,"type":"railing_support2"}
{"ctxid":0,"pos":[-903.404358,-405.048401,101.842628],"rotationMatrix":[0.824214339,-0.565184116,-0.0351804644,0.565538406,0.824721932,0.000145878643,0.0289316531,-0.0200161394,0.999380946],"scale":0.999999821,"type":"railing_support2"}
{"ctxid":0,"pos":[-943.47229,-354.478516,101.995659],"rotationMatrix":[-0.645776391,0.763524354,-0.0018769037,-0.760876596,-0.643328428,0.0848255008,0.0635588616,0.056206394,0.996394038],"scale":0.999999881,"type":"railing_support2"}
{"ctxid":0,"pos":[-941.839966,-356.244202,102.007362],"rotationMatrix":[-0.660305738,0.750994742,-0.00183080137,-0.748478353,-0.657889843,0.0834333599,0.0614535436,0.0564618409,0.996511698],"scale":0.999999821,"type":"railing_support2"}
{"ctxid":0,"pos":[-940.167542,-357.977875,102.019157],"rotationMatrix":[-0.674229026,0.738520324,-0.00178110972,-0.736130774,-0.671849728,0.08203426,0.0593873225,0.0566210002,0.996627927],"scale":0.999999821,"type":"railing_support2"}
{"ctxid":0,"pos":[-938.464172,-359.685944,102.031013],"rotationMatrix":[-0.687618136,0.726070344,-0.00173362717,-0.72380358,-0.685278893,0.0806295127,0.0573546849,0.0566971265,0.996742606],"scale":0.999999821,"type":"railing_support2"}
{"ctxid":0,"pos":[-936.725464,-361.364136,102.042885],"rotationMatrix":[-0.70042491,0.713724017,-0.0016843453,-0.711575508,-0.698129416,0.079218179,0.0553640276,0.0566849262,0.996855855],"scale":0.999999821,"type":"railing_support2"}
{"ctxid":0,"pos":[-934.955811,-363.015503,102.054817],"rotationMatrix":[-0.712685227,0.701481998,-0.00163581781,-0.699447334,-0.710436702,0.0778009221,0.0534138009,0.0565917417,0.996967554],"scale":0.999999821,"type":"railing_support2"}
{"ctxid":0,"pos":[-933.155212,-364.639069,102.06678],"rotationMatrix":[-0.724395633,0.689382732,-0.00158717111,-0.68745774,-0.722196937,0.0763772056,0.0515068807,0.0564184226,0.997077703],"scale":0.999999762,"type":"railing_support2"}
{"ctxid":0,"pos":[-931.324158,-366.234985,102.078819],"rotationMatrix":[-0.735557675,0.677460313,-0.00153779425,-0.675640583,-0.733411789,0.0749472156,0.0496459305,0.056166999,0.997186303],"scale":0.999999881,"type":"railing_support2"}
{"ctxid":0,"pos":[-929.466248,-367.805664,102.090904],"rotationMatrix":[-0.74620688,0.665712476,-0.00148927048,-0.663993716,-0.744115829,0.0735111609,0.0478291065,0.0558434017,0.997293293],"scale":0.999999821,"type":"railing_support2"}
{"ctxid":0,"pos":[-927.578613,-369.347687,102.10302],"rotationMatrix":[-0.756314874,0.654206395,-0.00143869035,-0.652584314,-0.754281163,0.0720679238,0.0460621119,0.0554449037,0.997398674],"scale":0.999999762,"type":"railing_support2"}
{"ctxid":0,"pos":[-925.667175,-370.866547,102.115181],"rotationMatrix":[-0.765950203,0.6428985,-0.00139022246,-0.641369283,-0.763975501,0.070618175,0.0443382189,0.0549816452,0.997502446],"scale":0.999999821,"type":"railing_support2"}
{"ctxid":0,"pos":[-923.728027,-372.357544,102.127434],"rotationMatrix":[-0.77505374,0.631893933,-0.00133907981,-0.630453169,-0.773140073,0.0691607818,0.0426669791,0.0544475541,0.997604609],"scale":0.999999821,"type":"railing_support2"}
{"ctxid":0,"pos":[-921.766541,-373.82605,102.139732],"rotationMatrix":[-0.783703566,0.621133566,-0.00128943659,-0.61977756,-0.781852126,0.0676963106,0.0410403013,0.0538530089,0.997705162],"scale":0.999999821,"type":"railing_support2"}
{"ctxid":0,"pos":[-919.780762,-375.269287,102.152077],"rotationMatrix":[-0.791863084,0.610697329,-0.00123877637,-0.609422147,-0.790075302,0.0662237331,0.0394639298,0.0531950742,0.997804046],"scale":0.999999821,"type":"railing_support2"}
{"ctxid":0,"pos":[-917.772583,-376.68927,102.164497],"rotationMatrix":[-0.799565077,0.600578129,-0.00118748471,-0.599380076,-0.797841907,0.0647422671,0.037935365,0.0524774157,0.99790132],"scale":0.999999821,"type":"railing_support2"}
{"ctxid":0,"pos":[-915.743896,-378.087189,102.17701],"rotationMatrix":[-0.806829214,0.590783894,-0.00113635883,-0.589659274,-0.805171609,0.0632520467,0.0364533253,0.0517036505,0.997996926],"scale":0.999999881,"type":"railing_support2"}
{"ctxid":0,"pos":[-913.694336,-379.462738,102.189583],"rotationMatrix":[-0.813653469,0.581349075,-0.0010840781,-0.58029443,-0.812062263,0.0617518872,0.0350190625,0.0508737266,0.998090923],"scale":0.999999881,"type":"railing_support2"}
{"ctxid":0,"pos":[-911.627014,-380.819153,102.202232],"rotationMatrix":[-0.820081472,0.572245717,-0.00103294849,-0.57125771,-0.818556786,0.0602422133,0.033627823,0.0499936044,0.99818325],"scale":0.999999821,"type":"railing_support2"}
{"ctxid":0,"pos":[-909.539185,-382.153992,102.214973],"rotationMatrix":[-0.826062918,0.563576996,-0.00097980164,-0.56265229,-0.824605584,0.0587206259,0.0322856456,0.0490582213,0.998273969],"scale":0.99999994,"type":"railing_support2"}
{"ctxid":0,"pos":[-907.436035,-383.471619,102.227821],"rotationMatrix":[-0.831674099,0.555263102,-0.000928041525,-0.554398715,-0.83028388,0.0571881719,0.0309839435,0.0480764322,0.998362958],"scale":0.999999821,"type":"railing_support2"}
{"ctxid":0,"pos":[-905.314941,-384.770233,102.240746],"rotationMatrix":[-0.836874247,0.547394574,-0.000874579884,-0.546587527,-0.835551381,0.0556421801,0.0297274739,0.0470435396,0.998450398],"scale":0.999999762,"type":"railing_support2"}
{"ctxid":0,"pos":[-903.165771,-386.061096,102.252724],"rotationMatrix":[-0.840796709,0.541350663,-6.68214634e-05,-0.540558159,-0.839559078,0.0541954003,0.0292826183,0.0456034429,0.998530328],"scale":0.999999821,"type":"railing_support2"}
{"ctxid":0,"pos":[-900.928711,-387.398499,102.238312],"rotationMatrix":[-0.839007139,0.544063807,0.00785437971,-0.542910218,-0.838015914,0.0545696653,0.0362714753,0.041520115,0.998479068],"scale":0.999999881,"type":"railing_support2"}
{"ctxid":0,"pos":[-898.669128,-388.768677,102.197334],"rotationMatrix":[-0.834900856,0.550130427,0.017239552,-0.548573196,-0.834270835,0.0553131178,0.0448118821,0.0367238149,0.998320222],"scale":0.999999881,"type":"railing_support2"}
{"ctxid":0,"pos":[-896.412476,-390.161194,102.132431],"rotationMatrix":[-0.830008984,0.55712378,0.0264187939,-0.555206418,-0.82981503,0.0561476871,0.0532039292,0.0319352075,0.998072863],"scale":0.999999881,"type":"railing_support2"}
{"ctxid":0,"pos":[-894.161133,-391.58136,102.041832],"rotationMatrix":[-0.824214101,0.565184176,0.0351804383,-0.562953174,-0.824514389,0.0570915267,0.0612740107,0.0272507071,0.997748911],"scale":0.999999881,"type":"railing_support2"}
{"ctxid":0,"pos":[559.735291,-922.743286,153.400818],"rotationMatrix":[-0.324089766,0.946020961,0.00316342805,-0.945936203,-0.324103236,0.0127100116,0.013049216,0.00112678483,0.999914229],"scale":0.99999994,"type":"railing_support2"}
{"ctxid":0,"pos":[560.712891,-925.25769,153.400818],"rotationMatrix":[-0.321834683,0.946790457,0.00316336751,-0.946705818,-0.321848392,0.0127100227,0.0130518544,0.00109574944,0.999914229],"scale":1,"type":"railing_support2"}
{"ctxid":0,"pos":[561.683899,-927.770386,153.400818],"rotationMatrix":[-0.320214272,0.947339892,0.00316345785,-0.947255254,-0.3202281,0.0127100116,0.0130537292,0.00107332412,0.999914229],"scale":0.99999994,"type":"railing_support2"}
{"ctxid":0,"pos":[562.649841,-930.28186,153.400818],"rotationMatrix":[-0.319128633,0.947706103,0.00316345831,-0.947621465,-0.31914258,0.0127100125,0.0130549502,0.00105836801,0.999914229],"scale":0.99999994,"type":"railing_support2"}
{"ctxid":0,"pos":[563.612244,-932.791504,153.400818],"rotationMatrix":[-0.318531513,0.947906911,0.00316336798,-0.947822273,-0.318545461,0.0127100237,0.0130555965,0.00105023338,0.999914229],"scale":0.99999994,"type":"railing_support2"}
{"ctxid":0,"pos":[564.572693,-935.29895,153.400818],"rotationMatrix":[-0.318359852,0.947964728,0.00316354539,-0.947880089,-0.318373799,0.0127099985,0.0130558191,0.00104769133,0.999914229],"scale":1,"type":"railing_support2"}
{"ctxid":0,"pos":[565.532104,-937.804077,153.400818],"rotationMatrix":[-0.31859374,0.947886109,0.00316344155,-0.947801471,-0.318607688,0.0127098942,0.0130554289,0.00105097797,0.999914229],"scale":1,"type":"railing_support2"}
{"ctxid":0,"pos":[566.491699,-940.306641,153.400833],"rotationMatrix":[-0.319233775,0.947670698,0.00316333165,-0.94758606,-0.319247723,0.0127100889,0.0130548645,0.00105996151,0.999914229],"scale":0.99999994,"type":"railing_support2"}
{"ctxid":0,"pos":[567.452515,-942.806274,153.400818],"rotationMatrix":[-0.320244431,0.94732964,0.0031634192,-0.947245002,-0.32025826,0.0127098365,0.0130535159,0.00107372273,0.999914229],"scale":0.99999994,"type":"railing_support2"}
{"ctxid":0,"pos":[568.415466,-945.302246,153.400818],"rotationMatrix":[-0.321657538,0.946850777,0.00316345692,-0.946766138,-0.321671247,0.0127100116,0.013052078,0.0010932181,0.999914229],"scale":0.99999994,"type":"railing_support2"}
{"ctxid":0,"pos":[569.381653,-947.794678,153.400818],"rotationMatrix":[-0.323483467,0.946228623,0.00316340569,-0.946143866,-0.323497057,0.0127101988,0.0130501045,0.00111850118,0.999914229],"scale":1,"type":"railing_support2"}
{"ctxid":0,"pos":[570.352051,-950.282349,153.400818],"rotationMatrix":[-0.325720072,0.945461035,0.00316340989,-0.945376277,-0.325733423,0.0127100181,0.0130472537,0.00114929583,0.999914229],"scale":1,"type":"railing_support2"}
{"ctxid":0,"pos":[571.32782,-952.764771,153.400818],"rotationMatrix":[-0.32845211,0.944515288,0.00316330278,-0.94443053,-0.328465223,0.0127100945,0.013043914,0.00118713779,0.999914229],"scale":0.99999994,"type":"railing_support2"}
{"ctxid":0,"pos":[572.309937,-955.241577,153.400818],"rotationMatrix":[-0.3316679,0.943390846,0.00316335447,-0.943305969,-0.331680655,0.0127100237,0.0130397435,0.00123149622,0.999914229],"scale":1,"type":"railing_support2"}
