{"ctxid":0,"pos":[-247.942993,-971.005005,140.970001],"rotationMatrix":[-0.743591428,-0.668634295,0,0.668634295,-0.743591428,0,0,0,1],"scale":0.915499985,"type":"redwood_split"}
{"ctxid":0,"pos":[-244.332993,-996.015991,141.923996],"rotationMatrix":[0.918956637,0.394358605,0,-0.394358605,0.918956637,0,0,0,1],"scale":1.09370005,"type":"redwood_split"}
{"ctxid":0,"pos":[-145.442993,-998.771973,138.751999],"rotationMatrix":[-0.628290534,0.777978778,0,-0.777978778,-0.628290534,0,0,0,1],"scale":1.14690006,"type":"redwood_split"}
{"ctxid":0,"pos":[-154.350998,-995.364014,138.561005],"rotationMatrix":[-0.175657868,-0.984451294,0,0.984451294,-0.175657868,0,0,0,1],"scale":1.05920005,"type":"redwood_split"}
{"ctxid":0,"pos":[-167.789993,-991.268005,137.860001],"rotationMatrix":[0.292663813,0.956215382,0,-0.956215382,0.292663813,0,0,0,1],"scale":1.01670003,"type":"redwood_split"}
{"ctxid":0,"pos":[-293.096985,-992.729004,149.617996],"rotationMatrix":[-0.526353955,0.850265563,0,-0.850265563,-0.526353955,0,0,0,1],"scale":1.1142,"type":"redwood_split"}
{"ctxid":0,"pos":[-257.376007,-975.315979,142.332993],"rotationMatrix":[-0.983633518,-0.180180743,0,0.180180743,-0.983633518,0,0,0,1],"scale":1.23380005,"type":"redwood_split"}
{"ctxid":0,"pos":[-284.195007,-988.924988,147.223007],"rotationMatrix":[0.827715516,0.561147928,0,-0.561147928,0.827715516,0,0,0,1],"scale":1.00730002,"type":"redwood_split"}
{"ctxid":0,"pos":[-311.473999,-973.427979,149.826996],"rotationMatrix":[0.727087259,0.686545074,0,-0.686545074,0.727087259,0,0,0,1],"scale":1.01289999,"type":"redwood_split"}
{"ctxid":0,"pos":[-361.312988,-959.06897,146.384003],"rotationMatrix":[0.856780529,-0.515681207,0,0.515681207,0.856780529,0,0,0,1],"scale":0.974900007,"type":"redwood_split"}
{"ctxid":0,"pos":[-364.936005,-933.875,144.263],"rotationMatrix":[-0.926291943,0.376806617,0,-0.376806617,-0.926291943,0,0,0,1],"scale":0.928300023,"type":"redwood_split"}
{"ctxid":0,"pos":[-369.73999,-972.708984,151.110001],"rotationMatrix":[0.748375893,0.663274825,0,-0.663274825,0.748375893,0,0,0,1],"scale":0.958500028,"type":"redwood_split"}
{"ctxid":0,"pos":[-491.656006,-874.054993,167.587997],"rotationMatrix":[0.997535944,0.0701572523,0,-0.0701572523,0.997535944,0,0,0,1],"scale":1.14180005,"type":"redwood_split"}
{"ctxid":0,"pos":[-382.466003,-978.833984,150.770004],"rotationMatrix":[-0.994803429,0.101814233,0,-0.101814233,-0.994803429,0,0,0,1],"scale":1.20469999,"type":"redwood_split"}
{"ctxid":0,"pos":[-417.270996,-991.304993,150.302994],"rotationMatrix":[-0.877534509,0.479513496,0,-0.479513496,-0.877534509,0,0,0,1],"scale":1.10529995,"type":"redwood_split"}
{"ctxid":0,"pos":[-406.104004,-995.398987,153.166],"rotationMatrix":[0.91935873,0.393420279,0,-0.393420279,0.91935873,0,0,0,1],"scale":1.16830003,"type":"redwood_split"}
{"ctxid":0,"pos":[-399.882996,-990.299011,153.371002],"rotationMatrix":[0.184124589,-0.982902884,0,0.982902884,0.184124589,0,0,0,1],"scale":1.04879999,"type":"redwood_split"}
{"ctxid":0,"pos":[-457.572998,-923.98999,155.722],"rotationMatrix":[-1,0,0,0,-1,0,0,0,1],"scale":1.20019996,"type":"redwood_split"}
{"ctxid":0,"pos":[-482.545013,-924.06897,153.966995],"rotationMatrix":[0.975931883,-0.218075588,0,0.218075588,0.975931883,0,0,0,1],"scale":0.979700029,"type":"redwood_split"}
{"ctxid":0,"pos":[-490.378998,-895.892029,161.350998],"rotationMatrix":[0.685416937,-0.728150845,0,0.728150845,0.685416937,0,0,0,1],"scale":0.938399971,"type":"redwood_split"}
{"ctxid":0,"pos":[-457.614014,-940.325989,153.272995],"rotationMatrix":[-0.192894578,0.981219471,0,-0.981219471,-0.192894578,0,0,0,1],"scale":0.948599994,"type":"redwood_split"}
{"ctxid":0,"pos":[-565.091003,-848.950989,148.763],"rotationMatrix":[0.969987512,-0.243154734,0,0.243154734,0.969987512,0,0,0,1],"scale":0.935500026,"type":"redwood_split"}
{"ctxid":0,"pos":[-551.809021,-872.234009,157.197998],"rotationMatrix":[0.272540808,-0.962144196,0,0.962144196,0.272540808,0,0,0,1],"scale":0.905900002,"type":"redwood_split"}
{"ctxid":0,"pos":[-587.336975,-871.202026,160.132996],"rotationMatrix":[0.436714888,0.899599969,0,-0.899599969,0.436714888,0,0,0,1],"scale":0.979799986,"type":"redwood_split"}
{"ctxid":0,"pos":[-602.599365,-833.163269,149.990005],"rotationMatrix":[-0.952777565,-0.303669482,0,0.303669482,-0.952777565,0,0,0,1],"scale":1.171,"type":"redwood_split"}
{"ctxid":0,"pos":[-514.070984,-873.15802,163.421997],"rotationMatrix":[0.602703094,0.797965527,0,-0.797965527,0.602703094,0,0,0,1],"scale":1.09539998,"type":"redwood_split"}
{"ctxid":0,"pos":[-511.925995,-857.78302,168.516998],"rotationMatrix":[-0.679944396,0.733263671,0,-0.733263671,-0.679944396,0,0,0,1],"scale":0.913699985,"type":"redwood_split"}
{"ctxid":0,"pos":[-528.958984,-861.494019,162.929001],"rotationMatrix":[0.312739134,-0.949839056,0,0.949839056,0.312739134,0,0,0,1],"scale":1.13900006,"type":"redwood_split"}
{"ctxid":0,"pos":[-549.455017,-853.171997,161.906006],"rotationMatrix":[0.883741617,0.467975169,0,-0.467975169,0.883741617,0,0,0,1],"scale":1.11520004,"type":"redwood_split"}
{"ctxid":0,"pos":[-536.468018,-850.383972,167.589996],"rotationMatrix":[-0.593469501,0.804856479,0,-0.804856479,-0.593469501,0,0,0,1],"scale":0.917699993,"type":"redwood_split"}
{"ctxid":0,"pos":[-577.375977,-851.999023,152.169998],"rotationMatrix":[-0.724967241,-0.688783348,0,0.688783348,-0.724967241,0,0,0,1],"scale":1.2651,"type":"redwood_split"}
{"ctxid":0,"pos":[-570.44397,-817.200012,150.039001],"rotationMatrix":[0.098981142,-0.995089293,0,0.995089293,0.098981142,0,0,0,1],"scale":1.09730005,"type":"redwood_split"}
{"ctxid":0,"pos":[-591.007019,-846.05603,151.121002],"rotationMatrix":[0.881220579,0.472705275,0,-0.472705275,0.881220579,0,0,0,1],"scale":1.18309999,"type":"redwood_split"}
{"ctxid":0,"pos":[-601.481995,-845.593994,153.783997],"rotationMatrix":[0.762501717,0.646986187,0,-0.646986187,0.762501717,0,0,0,1],"scale":1.29939997,"type":"redwood_split"}
{"ctxid":0,"pos":[-561.351013,-900.757019,157.216003],"rotationMatrix":[-0.97448194,0.224465922,0,-0.224465922,-0.97448194,0,0,0,1],"scale":1.07210004,"type":"redwood_split"}
{"ctxid":0,"pos":[-545.713989,-902.669983,156.210007],"rotationMatrix":[-0.973687053,0.227889284,0,-0.227889284,-0.973687053,0,0,0,1],"scale":1.03419995,"type":"redwood_split"}
{"ctxid":0,"pos":[-506.519012,-902.39502,156.518997],"rotationMatrix":[-0.606707454,-0.794925213,0,0.794925213,-0.606707454,0,0,0,1],"scale":1.08430004,"type":"redwood_split"}
{"ctxid":0,"pos":[-517.817017,-931.684998,159.901993],"rotationMatrix":[0.993993998,-0.109434605,0,0.109434605,0.993993998,0,0,0,1],"scale":0.91960001,"type":"redwood_split"}
{"ctxid":0,"pos":[-505.751007,-936.906982,156.511993],"rotationMatrix":[0.970959425,-0.239244223,0,0.239244223,0.970959425,0,0,0,1],"scale":0.963999987,"type":"redwood_split"}
{"ctxid":0,"pos":[-561.567017,-942.994995,179.835007],"rotationMatrix":[0.926885128,-0.375345111,0,0.375345111,0.926885128,0,0,0,1],"scale":1.19439995,"type":"redwood_split"}
{"ctxid":0,"pos":[-526.012024,-985.666992,192.389999],"rotationMatrix":[-0.290581822,0.956850171,0,-0.956850171,-0.290581822,0,0,0,1],"scale":1.00580001,"type":"redwood_split"}
{"ctxid":0,"pos":[-508.002991,-958.455017,167.701996],"rotationMatrix":[0.191008091,0.981588483,0,-0.981588483,0.191008091,0,0,0,1],"scale":1.06330001,"type":"redwood_split"}
{"ctxid":0,"pos":[-501.299988,-961.265015,166.384995],"rotationMatrix":[-0.420960784,-0.907078862,0,0.907078862,-0.420960784,0,0,0,1],"scale":1.23169994,"type":"redwood_split"}
{"ctxid":0,"pos":[-581.263977,-929.35199,165.487],"rotationMatrix":[-0.688019276,0.725692391,0,-0.725692391,-0.688019276,0,0,0,1],"scale":1.21309996,"type":"redwood_split"}
{"ctxid":0,"pos":[-594.632996,-884.40802,160.231003],"rotationMatrix":[0.944555521,-0.328351736,0,0.328351736,0.944555521,0,0,0,1],"scale":1.13409996,"type":"redwood_split"}
{"ctxid":0,"pos":[-598.268005,-877.39502,163.518005],"rotationMatrix":[0.580655217,-0.814149559,0,0.814149559,0.580655217,0,0,0,1],"scale":1.11839998,"type":"redwood_split"}
{"ctxid":0,"pos":[-570.070007,-941.591003,176.272003],"rotationMatrix":[-0.0234569795,0.999724746,0,-0.999724746,-0.0234569795,0,0,0,1],"scale":1.21159995,"type":"redwood_split"}
{"ctxid":0,"pos":[-601.338989,-950.682007,167.231995],"rotationMatrix":[-0.678478479,0.734620273,0,-0.734620273,-0.678478479,0,0,0,1],"scale":1.25870001,"type":"redwood_split"}
{"ctxid":0,"pos":[-581.11499,-946.497986,175.085007],"rotationMatrix":[-0.805379987,-0.592758894,0,0.592758894,-0.805379987,0,0,0,1],"scale":1.16610003,"type":"redwood_split"}
{"ctxid":0,"pos":[-587.192017,-939.794983,168.837006],"rotationMatrix":[-0.927862525,0.372922421,0,-0.372922421,-0.927862525,0,0,0,1],"scale":0.987699986,"type":"redwood_split"}
{"ctxid":0,"pos":[-589.156006,-949.356995,172.061996],"rotationMatrix":[-0.785671949,0.618643343,0,-0.618643343,-0.785671949,0,0,0,1],"scale":0.92809999,"type":"redwood_split"}
{"ctxid":0,"pos":[-698.455994,-874.55603,157.951004],"rotationMatrix":[0.48427844,0.874913931,0,-0.874913931,0.48427844,0,0,0,1],"scale":1.2076,"type":"redwood_split"}
{"ctxid":0,"pos":[-673.072998,-929.013977,168.436996],"rotationMatrix":[0.933970213,-0.357350856,0,0.357350856,0.933970213,0,0,0,1],"scale":0.945800006,"type":"redwood_split"}
{"ctxid":0,"pos":[-668.892029,-929.208008,169.819],"rotationMatrix":[0.94080478,0.338949561,0,-0.338949561,0.94080478,0,0,0,1],"scale":1.27960002,"type":"redwood_split"}
{"ctxid":0,"pos":[-658.971985,-925.400024,173.248993],"rotationMatrix":[0.946535587,-0.322599411,0,0.322599411,0.946535587,0,0,0,1],"scale":1.21019995,"type":"redwood_split"}
{"ctxid":0,"pos":[-683.741028,-903.757996,170.677002],"rotationMatrix":[-0.798166394,-0.602437079,0,0.602437079,-0.798166394,0,0,0,1],"scale":0.981000006,"type":"redwood_split"}
{"ctxid":0,"pos":[-656.676025,-937.482971,165.914001],"rotationMatrix":[-0.1719805,0.985100329,0,-0.985100329,-0.1719805,0,0,0,1],"scale":1.15390003,"type":"redwood_split"}
{"ctxid":0,"pos":[-640.161987,-905.640991,167.856003],"rotationMatrix":[0.463144779,-0.886282623,0,0.886282623,0.463144779,0,0,0,1],"scale":1.25409997,"type":"redwood_split"}
{"ctxid":0,"pos":[-675.163025,-975.130005,170.569],"rotationMatrix":[-0.925114512,0.379688203,0,-0.379688203,-0.925114512,0,0,0,1],"scale":1.26300001,"type":"redwood_split"}
{"ctxid":0,"pos":[-632.057007,-988.755005,181.830994],"rotationMatrix":[0.395439982,0.91849184,0,-0.91849184,0.395439982,0,0,0,1],"scale":1.11199999,"type":"redwood_split"}
{"ctxid":0,"pos":[-694.888977,-927.171021,165.604004],"rotationMatrix":[-0.694272399,-0.719712317,0,0.719712317,-0.694272399,0,0,0,1],"scale":1.153,"type":"redwood_split"}
{"ctxid":0,"pos":[-740.289001,-937.155029,164.373993],"rotationMatrix":[-0.812608123,0.582810462,0,-0.582810462,-0.812608123,0,0,0,1],"scale":1.17089999,"type":"redwood_split"}
{"ctxid":0,"pos":[-736.814026,-906.469971,163.041],"rotationMatrix":[0.278078794,0.960558295,0,-0.960558295,0.278078794,0,0,0,1],"scale":1.00810003,"type":"redwood_split"}
{"ctxid":0,"pos":[-735.460022,-900.804016,161.901001],"rotationMatrix":[0.978159428,0.207856044,0,-0.207856044,0.978159428,0,0,0,1],"scale":1.19700003,"type":"redwood_split"}
{"ctxid":0,"pos":[-715.79303,-912.73999,165.139008],"rotationMatrix":[-0.832080722,0.554654539,0,-0.554654539,-0.832080722,0,0,0,1],"scale":1.09969997,"type":"redwood_split"}
{"ctxid":0,"pos":[-715.85498,-893.080017,157.735001],"rotationMatrix":[0.233182669,0.972432971,0,-0.972432971,0.233182669,0,0,0,1],"scale":1.04030001,"type":"redwood_split"}
{"ctxid":0,"pos":[-696.340027,-968.531006,169.292007],"rotationMatrix":[0.649715424,0.760177553,0,-0.760177553,0.649715424,0,0,0,1],"scale":0.942900002,"type":"redwood_split"}
{"ctxid":0,"pos":[-713.044006,-962.655029,170.031998],"rotationMatrix":[0.383283854,-0.923630595,0,0.923630595,0.383283854,0,0,0,1],"scale":0.982800007,"type":"redwood_split"}
{"ctxid":0,"pos":[-722.374023,-947.057983,165.651993],"rotationMatrix":[0.961469173,-0.274912775,0,0.274912775,0.961469173,0,0,0,1],"scale":1.12960005,"type":"redwood_split"}
{"ctxid":0,"pos":[-797.338989,-904.875,156.841003],"rotationMatrix":[0.998867035,0.0475883037,0,-0.0475883037,0.998867035,0,0,0,1],"scale":0.994199991,"type":"redwood_split"}
{"ctxid":0,"pos":[-781.45697,-903.336975,159.884995],"rotationMatrix":[-0.336612463,0.941643298,0,-0.941643298,-0.336612463,0,0,0,1],"scale":1.01090002,"type":"redwood_split"}
{"ctxid":0,"pos":[-785.374573,-885.376404,149.151001],"rotationMatrix":[-0.5155406,0.856865168,0,-0.856865168,-0.5155406,0,0,0,1],"scale":1.18210006,"type":"redwood_split"}
{"ctxid":0,"pos":[-807.046021,-901.630981,155.328003],"rotationMatrix":[0.810518265,-0.585713387,0,0.585713387,0.810518265,0,0,0,1],"scale":1.2342,"type":"redwood_split"}
{"ctxid":0,"pos":[-788.59198,-943.671021,161.382004],"rotationMatrix":[0.543223143,-0.839588344,0,0.839588344,0.543223143,0,0,0,1],"scale":1.11389995,"type":"redwood_split"}
{"ctxid":0,"pos":[-796.377014,-953.867981,164.214996],"rotationMatrix":[-0.586336851,-0.810067356,0,0.810067356,-0.586336851,0,0,0,1],"scale":1.24590003,"type":"redwood_split"}
{"ctxid":0,"pos":[-841.192993,-931.648987,152.326996],"rotationMatrix":[0.980477095,-0.196633324,0,0.196633324,0.980477095,0,0,0,1],"scale":1.08650005,"type":"redwood_split"}
{"ctxid":0,"pos":[-853.172974,-893.367981,139.570007],"rotationMatrix":[0.195073247,0.980788648,0,-0.980788648,0.195073247,0,0,0,1],"scale":0.967800021,"type":"redwood_split"}
{"ctxid":0,"pos":[-822.914001,-900.190002,153.393005],"rotationMatrix":[0.83284235,-0.553510249,0,0.553510249,0.83284235,0,0,0,1],"scale":1.16840005,"type":"redwood_split"}
{"ctxid":0,"pos":[-814.286987,-901.728027,154.070999],"rotationMatrix":[0.301201582,-0.953560472,0,0.953560472,0.301201582,0,0,0,1],"scale":1.12249994,"type":"redwood_split"}
{"ctxid":0,"pos":[-851.346008,-936.203003,146.410004],"rotationMatrix":[-0.650381088,-0.75960809,0,0.75960809,-0.650381088,0,0,0,1],"scale":1.02320004,"type":"redwood_split"}
{"ctxid":0,"pos":[-872.156006,-986.942993,150.684998],"rotationMatrix":[0.115820348,-0.993270338,0,0.993270338,0.115820348,0,0,0,1],"scale":1.12549996,"type":"redwood_split"}
{"ctxid":0,"pos":[-855.5,-984.286011,154.651993],"rotationMatrix":[-0.152769208,0.988261878,0,-0.988261878,-0.152769208,0,0,0,1],"scale":1.1947,"type":"redwood_split"}
{"ctxid":0,"pos":[-847.481018,-977.630981,154.574997],"rotationMatrix":[-0.887624383,0.46056807,0,-0.46056807,-0.887624383,0,0,0,1],"scale":1.22590005,"type":"redwood_split"}
{"ctxid":0,"pos":[-866.724976,-948.142029,146.479004],"rotationMatrix":[-0.00706422329,-0.999975026,0,0.999975026,-0.00706422329,0,0,0,1],"scale":1.05040002,"type":"redwood_split"}
{"ctxid":0,"pos":[-864.254028,-942.950012,143.832001],"rotationMatrix":[-0.793618083,0.608416259,0,-0.608416259,-0.793618083,0,0,0,1],"scale":1.03690004,"type":"redwood_split"}
{"ctxid":0,"pos":[-911.942017,-987.791992,145.479996],"rotationMatrix":[-0.132813573,0.991141021,0,-0.991141021,-0.132813573,0,0,0,1],"scale":1.18869996,"type":"redwood_split"}
{"ctxid":0,"pos":[-889.804993,-984.758972,147.136002],"rotationMatrix":[0.790436625,0.612543821,0,-0.612543821,0.790436625,0,0,0,1],"scale":1.22140002,"type":"redwood_split"}
{"ctxid":0,"pos":[-932.950989,-959.632996,139.807007],"rotationMatrix":[-0.354328752,-0.93512094,0,0.93512094,-0.354328752,0,0,0,1],"scale":1.1911,"type":"redwood_split"}
{"ctxid":0,"pos":[-899.252991,-958.612,141.457993],"rotationMatrix":[-0.853197455,-0.521588087,0,0.521588087,-0.853197455,0,0,0,1],"scale":0.975199997,"type":"redwood_split"}
{"ctxid":0,"pos":[-895.987,-959.710999,141.667999],"rotationMatrix":[-0.204972863,-0.978767633,0,0.978767633,-0.204972863,0,0,0,1],"scale":1.05830002,"type":"redwood_split"}
{"ctxid":0,"pos":[-881.265015,-945.484009,148.598007],"rotationMatrix":[-0.954264522,-0.298963577,0,0.298963577,-0.954264522,0,0,0,1],"scale":1.06099999,"type":"redwood_split"}
{"ctxid":0,"pos":[-944.130127,-905.622803,141.178406],"rotationMatrix":[0.812360525,0.583155513,0,-0.583155513,0.812360525,0,0,0,1],"scale":1.005,"type":"redwood_split"}
{"ctxid":0,"pos":[-952.74408,-912.370728,139.276459],"rotationMatrix":[-0.410888016,-0.911686122,0,0.911686122,-0.410888016,0,0,0,1],"scale":0.829920352,"type":"redwood_split"}
{"ctxid":0,"pos":[-968.995667,-903.522156,145.13649],"rotationMatrix":[-0.223673582,0.974664092,0,-0.974664092,-0.223673582,0,0,0,1],"scale":1.33497202,"type":"redwood_split"}
{"ctxid":0,"pos":[-977.89502,-911.84198,142.759995],"rotationMatrix":[0.826892734,-0.562359691,0,0.562359691,0.826892734,0,0,0,1],"scale":0.904299974,"type":"redwood_split"}
{"ctxid":0,"pos":[-985.711975,-939.755005,144.615005],"rotationMatrix":[-1,0,0,0,-1,0,0,0,1],"scale":0.91960001,"type":"redwood_split"}
{"ctxid":0,"pos":[-986.494995,-942.012024,143.843002],"rotationMatrix":[-0.980415046,0.196942747,0,-0.196942747,-0.980415046,0,0,0,1],"scale":1.11940002,"type":"redwood_split"}
{"ctxid":0,"pos":[-984.927979,-975.564026,147.070007],"rotationMatrix":[0.912721634,-0.408581972,0,0.408581972,0.912721634,0,0,0,1],"scale":1.05599999,"type":"redwood_split"}
{"ctxid":0,"pos":[-989.14502,-965.38501,147.065994],"rotationMatrix":[0.20744063,-0.978247523,0,0.978247523,0.20744063,0,0,0,1],"scale":1.03100002,"type":"redwood_split"}
{"ctxid":0,"pos":[-438.567383,-1007.51617,160.816986],"rotationMatrix":[-0.755924225,0.654348969,-0.0201336034,-0.652314663,-0.750261307,0.107670546,0.0553486533,0.0945242643,0.993982732],"scale":1.0036,"type":"redwood_split"}
{"ctxid":0,"pos":[-98.3534012,-1004.23999,137.897003],"rotationMatrix":[-0.364221692,0.931312263,0,-0.931312263,-0.364221692,0,0,0,1],"scale":1.14180005,"type":"redwood_split"}
{"ctxid":0,"pos":[-89.357399,-1004.29999,137.615997],"rotationMatrix":[0.900542021,-0.434768975,0,0.434768975,0.900542021,0,0,0,1],"scale":0.911300004,"type":"redwood_split"}
{"ctxid":0,"pos":[-106.580002,-1007.03998,138.753998],"rotationMatrix":[0.991048813,0.133499995,0,-0.133499995,0.991048813,0,0,0,1],"scale":1.21140003,"type":"redwood_split"}
{"ctxid":0,"pos":[-123.217003,-1000.10999,138.384995],"rotationMatrix":[0.935846329,-0.35240835,0,0.35240835,0.935846329,0,0,0,1],"scale":1.23389995,"type":"redwood_split"}
{"ctxid":0,"pos":[-477.019989,-1001.28003,176.425995],"rotationMatrix":[0.754859924,-0.655886054,0,0.655886054,0.754859924,0,0,0,1],"scale":0.940999985,"type":"redwood_split"}
{"ctxid":0,"pos":[-121.744003,-1099.68005,156.669998],"rotationMatrix":[-0.711250067,-0.702939093,0,0.702939093,-0.711250067,0,0,0,1],"scale":1.18130004,"type":"redwood_split"}
{"ctxid":0,"pos":[-128.779007,-1115.57996,161.082993],"rotationMatrix":[-0.252944469,-0.967480779,0,0.967480779,-0.252944469,0,0,0,1],"scale":1.28820002,"type":"redwood_split"}
{"ctxid":0,"pos":[-65.5158005,-1074.59998,151.654999],"rotationMatrix":[-0.472671151,-0.881238878,0,0.881238878,-0.472671151,0,0,0,1],"scale":1.2076,"type":"redwood_split"}
{"ctxid":0,"pos":[-64.861702,-1052.79004,147.759995],"rotationMatrix":[-0.844736218,-0.535182893,0,0.535182893,-0.844736218,0,0,0,1],"scale":1.14170003,"type":"redwood_split"}
{"ctxid":0,"pos":[-43.4402008,-1065.52002,151.063004],"rotationMatrix":[0.730622053,-0.682782114,0,0.682782114,0.730622053,0,0,0,1],"scale":1.25569999,"type":"redwood_split"}
{"ctxid":0,"pos":[-45.3801994,-1058.92004,148.373993],"rotationMatrix":[-0.267868757,-0.963455439,0,0.963455439,-0.267868757,0,0,0,1],"scale":1.00950003,"type":"redwood_split"}
{"ctxid":0,"pos":[-169.005997,-1120.76001,162.925995],"rotationMatrix":[0.969248056,0.246085763,0,-0.246085763,0.969248056,0,0,0,1],"scale":1.10810006,"type":"redwood_split"}
{"ctxid":0,"pos":[-168.748993,-1074.35999,154.612],"rotationMatrix":[0.999992013,-0.00399674615,0,0.00399674615,0.999992013,0,0,0,1],"scale":1.27160001,"type":"redwood_split"}
{"ctxid":0,"pos":[-216.860992,-1074.68005,159.207993],"rotationMatrix":[-0.00734817982,0.999972999,0,-0.999972999,-0.00734817982,0,0,0,1],"scale":0.959100008,"type":"redwood_split"}
{"ctxid":0,"pos":[-81.8470993,-1068.76001,153.429993],"rotationMatrix":[-0.999599934,-0.0282837879,0,0.0282837879,-0.999599934,0,0,0,1],"scale":1.14250004,"type":"redwood_split"}
{"ctxid":0,"pos":[-80.3159027,-1059.81006,151.953995],"rotationMatrix":[-0.60169208,-0.798728168,0,0.798728168,-0.60169208,0,0,0,1],"scale":1.051,"type":"redwood_split"}
{"ctxid":0,"pos":[-714.026978,-1005.84998,188.632996],"rotationMatrix":[0.0662021637,-0.997806251,0,0.997806251,0.0662021637,0,0,0,1],"scale":0.919200003,"type":"redwood_split"}
{"ctxid":0,"pos":[-752.190979,-1010.98999,191.166],"rotationMatrix":[0.777688861,-0.628649354,0,0.628649354,0.777688861,0,0,0,1],"scale":0.922500014,"type":"redwood_split"}
{"ctxid":0,"pos":[-791.484985,-1009.03003,184.414001],"rotationMatrix":[-0.732032657,-0.681269526,0,0.681269526,-0.732032657,0,0,0,1],"scale":1.09080005,"type":"redwood_split"}
{"ctxid":0,"pos":[-860.349976,-1006.40002,161.908997],"rotationMatrix":[0.34860301,0.937270463,0,-0.937270463,0.34860301,0,0,0,1],"scale":0.924099982,"type":"redwood_split"}
{"ctxid":0,"pos":[-602.53302,-1005.54999,186.315002],"rotationMatrix":[-0.949917555,0.312500626,0,-0.312500626,-0.949917555,0,0,0,1],"scale":1.24479997,"type":"redwood_split"}
{"ctxid":0,"pos":[-582.588684,-998.206726,190.24942],"rotationMatrix":[-0.812988758,0.582279384,0,-0.582279384,-0.812988758,0,0,0,1],"scale":1.0043,"type":"redwood_split"}
{"ctxid":0,"pos":[-705.133972,-1015.37,187.408997],"rotationMatrix":[-0.42163527,-0.906765521,0,0.906765521,-0.42163527,0,0,0,1],"scale":1.26689994,"type":"redwood_split"}
{"ctxid":0,"pos":[-874.557007,-1007.5,156.673996],"rotationMatrix":[0.946470022,-0.322791725,0,0.322791725,0.946470022,0,0,0,1],"scale":1.222,"type":"redwood_split"}
{"ctxid":0,"pos":[-940.528992,-1016.16998,152.895996],"rotationMatrix":[0.976715207,0.21453999,0,-0.21453999,0.976715207,0,0,0,1],"scale":1.11160004,"type":"redwood_split"}
{"ctxid":0,"pos":[-976.03302,-1002.5,154.425995],"rotationMatrix":[0.299782157,0.954007685,0,-0.954007685,0.299782157,0,0,0,1],"scale":1.04449999,"type":"redwood_split"}
{"ctxid":0,"pos":[-881.791016,-1008.09998,156.171005],"rotationMatrix":[-0.452148914,-0.891942441,0,0.891942441,-0.452148914,0,0,0,1],"scale":1.21130002,"type":"redwood_split"}
{"ctxid":0,"pos":[-843.830017,-1021.03998,174.169006],"rotationMatrix":[0.667398334,0.744700909,0,-0.744700909,0.667398334,0,0,0,1],"scale":0.945800006,"type":"redwood_split"}
{"ctxid":0,"pos":[-724.348999,-1092.70996,203.440994],"rotationMatrix":[0.910366297,0.413803339,0,-0.413803339,0.910366297,0,0,0,1],"scale":1.22449994,"type":"redwood_split"}
{"ctxid":0,"pos":[1039.89001,-704.937012,170.613007],"rotationMatrix":[0.971007705,-0.239048198,0,0.239048198,0.971007705,0,0,0,1],"scale":1.09399998,"type":"redwood_split"}
{"ctxid":0,"pos":[1038.78003,-661.307983,181.317993],"rotationMatrix":[-0.357951999,0.93373996,0,-0.93373996,-0.357951999,0,0,0,1],"scale":0.987600029,"type":"redwood_split"}
{"ctxid":0,"pos":[1029.30005,-659.520996,178.608002],"rotationMatrix":[-0.0966804028,0.995315492,0,-0.995315492,-0.0966804028,0,0,0,1],"scale":1.00639999,"type":"redwood_split"}
{"ctxid":0,"pos":[1028.67004,-681.952026,174.641998],"rotationMatrix":[-0.991209626,-0.132300705,0,0.132300705,-0.991209626,0,0,0,1],"scale":1.22889996,"type":"redwood_split"}
{"ctxid":0,"pos":[1031.64001,-697.197998,171.186005],"rotationMatrix":[-0.611012459,0.79162097,0,-0.79162097,-0.611012459,0,0,0,1],"scale":1.1142,"type":"redwood_split"}
{"ctxid":0,"pos":[1152.59998,-804.742981,190.983994],"rotationMatrix":[-0.703488946,-0.710706174,0,0.710706174,-0.703488946,0,0,0,1],"scale":1.24800003,"type":"redwood_split"}
{"ctxid":0,"pos":[1022.92999,-808.098022,165.211685],"rotationMatrix":[-0.445339918,-0.895361602,0,0.895361602,-0.445339918,0,0,0,1],"scale":0.948000014,"type":"redwood_split"}
{"ctxid":0,"pos":[1021.97998,-813.848022,164.646851],"rotationMatrix":[0.972575188,0.232588708,0,-0.232588708,0.972575188,0,0,0,1],"scale":1.12639999,"type":"redwood_split"}
{"ctxid":0,"pos":[1053.81995,-799.927979,173.563004],"rotationMatrix":[-0.0158826113,-0.999873877,0,0.999873877,-0.0158826113,0,0,0,1],"scale":0.998600006,"type":"redwood_split"}
{"ctxid":0,"pos":[1047.14001,-797.815979,170.985992],"rotationMatrix":[0.665928602,0.746015489,0,-0.746015489,0.665928602,0,0,0,1],"scale":1.01370001,"type":"redwood_split"}
{"ctxid":0,"pos":[1108.94995,-777.89502,180.369995],"rotationMatrix":[0.756816626,-0.653627276,0,0.653627276,0.756816626,0,0,0,1],"scale":0.96509999,"type":"redwood_split"}
{"ctxid":0,"pos":[1022.14001,-876.445007,170.032364],"rotationMatrix":[-1,0,0,0,-1,0,0,0,1],"scale":1.04299998,"type":"redwood_split"}
{"ctxid":0,"pos":[1006.37,-943.356018,171.440399],"rotationMatrix":[0.990505576,-0.137472555,0,0.137472555,0.990505576,0,0,0,1],"scale":1.05110002,"type":"redwood_split"}
{"ctxid":0,"pos":[1018.65997,-921.65802,172.094299],"rotationMatrix":[-0.497142076,-0.867669165,0,0.867669165,-0.497142076,0,0,0,1],"scale":1.18780005,"type":"redwood_split"}
{"ctxid":0,"pos":[1010.53998,-993.880981,175.561005],"rotationMatrix":[-0.132211447,0.991221547,0,-0.991221547,-0.132211447,0,0,0,1],"scale":1.02460003,"type":"redwood_split"}
{"ctxid":0,"pos":[1053.80005,-914.580994,179.487],"rotationMatrix":[-0.999200225,0.0399863794,0,-0.0399863794,-0.999200225,0,0,0,1],"scale":0.929499984,"type":"redwood_split"}
{"ctxid":0,"pos":[1071.15002,-994.749023,190.464005],"rotationMatrix":[0.533808351,0.845605493,0,-0.845605493,0.533808351,0,0,0,1],"scale":1.28760004,"type":"redwood_split"}
{"ctxid":0,"pos":[1048.70996,-939.25,185.020996],"rotationMatrix":[-0.637326121,-0.77059418,0,0.77059418,-0.637326121,0,0,0,1],"scale":1.06550002,"type":"redwood_split"}
{"ctxid":0,"pos":[1070.29004,-1013.42999,192.916],"rotationMatrix":[-0.972892523,-0.231257737,0,0.231257737,-0.972892523,0,0,0,1],"scale":0.986800015,"type":"redwood_split"}
{"ctxid":0,"pos":[1073.18994,-1007.48999,192.710007],"rotationMatrix":[-0.388111234,-0.921612561,0,0.921612561,-0.388111234,0,0,0,1],"scale":1.04410005,"type":"redwood_split"}
{"ctxid":0,"pos":[995.937988,-637.20697,175.946075],"rotationMatrix":[-0.194748759,0.98085314,0,-0.98085314,-0.194748759,0,0,0,1],"scale":1.0501281,"type":"redwood_split"}
{"ctxid":0,"pos":[993.052002,-646.28302,172.665924],"rotationMatrix":[-0.978060484,0.208321124,0,-0.208321124,-0.978060484,0,0,0,1],"scale":1.33472455,"type":"redwood_split"}
{"ctxid":0,"pos":[944.674988,-888.76001,172.760742],"rotationMatrix":[-0.72794044,-0.685640395,0,0.685640395,-0.72794044,0,0,0,1],"scale":1.10479999,"type":"redwood_split"}
{"ctxid":0,"pos":[939.18103,-876.466003,171.724136],"rotationMatrix":[0.478575349,-0.878046513,0,0.878046513,0.478575349,0,0,0,1],"scale":0.936800003,"type":"redwood_split"}
{"ctxid":0,"pos":[937.452026,-919.684998,170.134003],"rotationMatrix":[-0.692064047,0.72183609,0,-0.72183609,-0.692064047,0,0,0,1],"scale":1.14830005,"type":"redwood_split"}
{"ctxid":0,"pos":[910.830017,-912.643005,172.934006],"rotationMatrix":[-0.999599934,0.0282837879,0,-0.0282837879,-0.999599934,0,0,0,1],"scale":0.951699972,"type":"redwood_split"}
{"ctxid":0,"pos":[920.44397,-916.231995,172.399002],"rotationMatrix":[0.997563958,0.0697577894,0,-0.0697577894,0.997563958,0,0,0,1],"scale":0.975600004,"type":"redwood_split"}
{"ctxid":0,"pos":[903.088989,-926.314026,170.237],"rotationMatrix":[0.0898296833,0.995957136,0,-0.995957136,0.0898296833,0,0,0,1],"scale":1.18739998,"type":"redwood_split"}
{"ctxid":0,"pos":[905.435974,-921.580017,171.417999],"rotationMatrix":[0.0571608543,0.998364985,0,-0.998364985,0.0571608543,0,0,0,1],"scale":1.18789995,"type":"redwood_split"}
{"ctxid":0,"pos":[887.307983,-924.619019,172.059006],"rotationMatrix":[0.888419151,0.459033132,0,-0.459033132,0.888419151,0,0,0,1],"scale":0.961799979,"type":"redwood_split"}
{"ctxid":0,"pos":[925.737,-889.880981,171.005005],"rotationMatrix":[-0.990411639,-0.138147697,0,0.138147697,-0.990411639,0,0,0,1],"scale":1.07969999,"type":"redwood_split"}
{"ctxid":0,"pos":[913.266418,-969.78302,170.465698],"rotationMatrix":[-0.853967786,-0.520325899,0,0.520325899,-0.853967786,0,0,0,1],"scale":1.27600002,"type":"redwood_split"}
{"ctxid":0,"pos":[903.171997,-979.744995,173.218323],"rotationMatrix":[0.383727908,-0.923446178,0,0.923446178,0.383727908,0,0,0,1],"scale":1.0316,"type":"redwood_split"}
{"ctxid":0,"pos":[908.768005,-970.776611,170.74556],"rotationMatrix":[0.281918764,0.959438264,0,-0.959438264,0.281918764,0,0,0,1],"scale":1.27970004,"type":"redwood_split"}
{"ctxid":0,"pos":[898.236023,-969.463013,170.105545],"rotationMatrix":[-0.938086629,-0.346400738,0,0.346400738,-0.938086629,0,0,0,1],"scale":1.03279996,"type":"redwood_split"}
{"ctxid":0,"pos":[894.466003,-972.447021,170.615326],"rotationMatrix":[-0.75331533,0.657659471,0,-0.657659471,-0.75331533,0,0,0,1],"scale":0.948800027,"type":"redwood_split"}
{"ctxid":0,"pos":[908.174011,-975.202026,171.796402],"rotationMatrix":[-0.492300868,0.870425105,0,-0.870425105,-0.492300868,0,0,0,1],"scale":1.10450006,"type":"redwood_split"}
{"ctxid":0,"pos":[882.833008,-984.26001,173.001419],"rotationMatrix":[-0.485743165,-0.874101579,0,0.874101579,-0.485743165,0,0,0,1],"scale":1.0359,"type":"redwood_split"}
{"ctxid":0,"pos":[869.088013,-934.997986,172.028],"rotationMatrix":[-0.776601315,-0.629992783,0,0.629992783,-0.776601315,0,0,0,1],"scale":1.4845041,"type":"redwood_split"}
{"ctxid":0,"pos":[858.736023,-930.947998,173.123001],"rotationMatrix":[-0.537907243,0.843004048,0,-0.843004048,-0.537907243,0,0,0,1],"scale":1.18270004,"type":"redwood_split"}
{"ctxid":0,"pos":[856.921997,-999.554993,178.076996],"rotationMatrix":[0.80117178,0.598434448,0,-0.598434448,0.80117178,0,0,0,1],"scale":1.00650001,"type":"redwood_split"}
{"ctxid":0,"pos":[819.565979,-944.606018,171.594879],"rotationMatrix":[-0.60599041,0.795471966,0,-0.795471966,-0.60599041,0,0,0,1],"scale":1.03110003,"type":"redwood_split"}
{"ctxid":0,"pos":[818.070007,-992.940002,181.125412],"rotationMatrix":[-0.847042084,-0.53152585,0,0.53152585,-0.847042084,0,0,0,1],"scale":1.13349998,"type":"redwood_split"}
{"ctxid":0,"pos":[754.799988,-925.653992,168.248993],"rotationMatrix":[0.608918309,0.793232918,0,-0.793232918,0.608918309,0,0,0,1],"scale":1.26400006,"type":"redwood_split"}
{"ctxid":0,"pos":[800.812988,-969.432983,171.285004],"rotationMatrix":[-0.980448127,-0.196777716,0,0.196777716,-0.980448127,0,0,0,1],"scale":1.14289999,"type":"redwood_split"}
{"ctxid":0,"pos":[774.627991,-956.530029,168.748993],"rotationMatrix":[0.447068691,-0.8944996,0,0.8944996,0.447068691,0,0,0,1],"scale":1.01999998,"type":"redwood_split"}
{"ctxid":0,"pos":[799.875977,-981.330994,180.253189],"rotationMatrix":[-0.994250357,0.107080504,0,-0.107080504,-0.994250357,0,0,0,1],"scale":0.837661028,"type":"redwood_split"}
{"ctxid":0,"pos":[737.531006,-976.929993,168.151001],"rotationMatrix":[-0.230566621,-0.973056555,0,0.973056555,-0.230566621,0,0,0,1],"scale":0.940699995,"type":"redwood_split"}
{"ctxid":0,"pos":[706.575623,-983.165955,167.736938],"rotationMatrix":[0.0803608894,-0.996765852,0,0.996765852,0.0803608894,0,0,0,1],"scale":1.17289996,"type":"redwood_split"}
{"ctxid":0,"pos":[700.154724,-988.606018,168.045319],"rotationMatrix":[-0.0789804459,-0.99687618,0,0.99687618,-0.0789804459,0,0,0,1],"scale":1.26559997,"type":"redwood_split"}
{"ctxid":0,"pos":[669.232971,-988.977966,159.274368],"rotationMatrix":[0.844875574,0.534962833,0,-0.534962833,0.844875574,0,0,0,1],"scale":1.20570004,"type":"redwood_split"}
{"ctxid":0,"pos":[668.737,-996.942993,160.682999],"rotationMatrix":[-0.886847377,-0.462062478,0,0.462062478,-0.886847377,0,0,0,1],"scale":1.07350004,"type":"redwood_split"}
{"ctxid":0,"pos":[690.205017,-990.625977,165.722397],"rotationMatrix":[0.38439393,0.923169136,0,-0.923169136,0.38439393,0,0,0,1],"scale":0.930400014,"type":"redwood_split"}
{"ctxid":0,"pos":[742.671997,-973.26001,172.133179],"rotationMatrix":[-0.893847227,-0.448371649,0,0.448371649,-0.893847227,0,0,0,1],"scale":1.27339995,"type":"redwood_split"}
{"ctxid":0,"pos":[726.216003,-936.984985,162.507309],"rotationMatrix":[0.559514999,0.828820229,0,-0.828820229,0.559514999,0,0,0,1],"scale":1.12349999,"type":"redwood_split"}
{"ctxid":0,"pos":[663.838989,-967.510986,159.035004],"rotationMatrix":[0.481837988,0.87626034,0,-0.87626034,0.481837988,0,0,0,1],"scale":1.11899996,"type":"redwood_split"}
{"ctxid":0,"pos":[638.942993,-999.346008,157.675995],"rotationMatrix":[-0.804999948,-0.593274891,0,0.593274891,-0.804999948,0,0,0,1],"scale":1.23039997,"type":"redwood_split"}
{"ctxid":0,"pos":[610.994019,-980.301025,155.425003],"rotationMatrix":[0.936418295,0.350885689,0,-0.350885689,0.936418295,0,0,0,1],"scale":1.0438,"type":"redwood_split"}
{"ctxid":0,"pos":[570.51001,-989.049011,154.973007],"rotationMatrix":[0.568665385,0.822502553,-0.0104507478,-0.822568953,0.56861949,-0.00722489646,3.25962901e-09,0.0127050094,0.999919295],"scale":1.29630005,"type":"redwood_split"}
{"ctxid":0,"pos":[835.294006,-1001.51001,176.651489],"rotationMatrix":[0.835720897,-0.549154401,0,0.549154401,0.835720897,0,0,0,1],"scale":1.26979995,"type":"redwood_split"}
{"ctxid":0,"pos":[973.783142,-998.928467,169.871368],"rotationMatrix":[0.956805587,-0.290691763,-0.00462244591,0.290669352,0.956169128,0.03538334,-0.00586580718,-0.0351985805,0.999363124],"scale":0.959999979,"type":"redwood_split"}
{"ctxid":0,"pos":[959.072021,-1011.63,168.044006],"rotationMatrix":[0.247480869,0.968892753,0,-0.968892753,0.247480869,0,0,0,1],"scale":1.02199996,"type":"redwood_split"}
{"ctxid":0,"pos":[818.888977,-1013.5,180.832001],"rotationMatrix":[0.895209551,-0.445645452,0,0.445645452,0.895209551,0,0,0,1],"scale":1.11810005,"type":"redwood_split"}
{"ctxid":0,"pos":[893.411011,-1076.58997,189.098999],"rotationMatrix":[0.374143243,-0.927370906,0,0.927370906,0.374143243,0,0,0,1],"scale":0.981999993,"type":"redwood_split"}
{"ctxid":0,"pos":[905.263977,-1071.10999,186.612],"rotationMatrix":[0.307335377,-0.951601267,0,0.951601267,0.307335377,0,0,0,1],"scale":1.22309995,"type":"redwood_split"}
{"ctxid":0,"pos":[926.258972,-1083.75,182.235001],"rotationMatrix":[0.75261426,0.65846169,0,-0.65846169,0.75261426,0,0,0,1],"scale":1.17019999,"type":"redwood_split"}
{"ctxid":0,"pos":[934.427002,-1083.46997,180.746994],"rotationMatrix":[-0.172899246,0.984939516,0,-0.984939516,-0.172899246,0,0,0,1],"scale":1.01540005,"type":"redwood_split"}
{"ctxid":0,"pos":[940.405029,-1095.88,180.847],"rotationMatrix":[0.0439320803,0.999034524,0,-0.999034524,0.0439320803,0,0,0,1],"scale":1.00660002,"type":"redwood_split"}
{"ctxid":0,"pos":[988.83197,-1067.52002,181.279007],"rotationMatrix":[0.458783865,-0.888547897,0,0.888547897,0.458783865,0,0,0,1],"scale":1.03699994,"type":"redwood_split"}
{"ctxid":0,"pos":[994.28302,-1068.75,181.164001],"rotationMatrix":[0.699377418,-0.714752555,0,0.714752555,0.699377418,0,0,0,1],"scale":1.24450004,"type":"redwood_split"}
{"ctxid":0,"pos":[875.088013,-1057.73999,183.917999],"rotationMatrix":[-1,0,0,0,-1,0,0,0,1],"scale":1.2888,"type":"redwood_split"}
{"ctxid":0,"pos":[859.004028,-1033.66003,187.363998],"rotationMatrix":[0.999964714,0.00840063393,0,-0.00840063393,0.999964714,0,0,0,1],"scale":1.08510005,"type":"redwood_split"}
{"ctxid":0,"pos":[767.771973,-1078.84998,201.397003],"rotationMatrix":[0.948863983,0.315685183,0,-0.315685183,0.948863983,0,0,0,1],"scale":1.14330006,"type":"redwood_split"}
{"ctxid":0,"pos":[778.880005,-1069.75,196.699005],"rotationMatrix":[0.839708805,0.543036938,0,-0.543036938,0.839708805,0,0,0,1],"scale":1.13090003,"type":"redwood_split"}
{"ctxid":0,"pos":[821.080017,-1080.55005,197.763],"rotationMatrix":[0.974371433,-0.224945128,0,0.224945128,0.974371433,0,0,0,1],"scale":1.24890006,"type":"redwood_split"}
{"ctxid":0,"pos":[843.065002,-1119.79004,202.399002],"rotationMatrix":[-0.838211417,-0.545345426,0,0.545345426,-0.838211417,0,0,0,1],"scale":0.947899997,"type":"redwood_split"}
{"ctxid":0,"pos":[854.510986,-1122.15002,199.774002],"rotationMatrix":[0.81101048,-0.585031629,0,0.585031629,0.81101048,0,0,0,1],"scale":1.13329995,"type":"redwood_split"}
{"ctxid":0,"pos":[599.513977,-1006.52002,159.715179],"rotationMatrix":[-0.896572948,-0.442896098,0,0.442896098,-0.896572948,0,0,0,1],"scale":1.4696399,"type":"redwood_split"}
{"ctxid":0,"pos":[580.830994,-1018.23999,156.673004],"rotationMatrix":[-0.769456625,0.638699055,0,-0.638699055,-0.769456625,0,0,0,1],"scale":1.17499995,"type":"redwood_split"}
{"ctxid":0,"pos":[571.848999,-1009.81,155.626007],"rotationMatrix":[0.945616007,0.325285047,0,-0.325285047,0.945616007,0,0,0,1],"scale":1.12689996,"type":"redwood_split"}
{"ctxid":0,"pos":[688.031006,-1003.77002,170.475998],"rotationMatrix":[0.601454139,0.79890734,0,-0.79890734,0.601454139,0,0,0,1],"scale":1.04809999,"type":"redwood_split"}
{"ctxid":0,"pos":[690.745972,-1019.73999,179.897995],"rotationMatrix":[0.34997201,-0.936760187,0,0.936760187,0.34997201,0,0,0,1],"scale":1.08490002,"type":"redwood_split"}
{"ctxid":0,"pos":[678.252991,-1018.09998,172.698303],"rotationMatrix":[-0.114822984,-0.993385971,0,0.993385971,-0.114822984,0,0,0,1],"scale":1.10839999,"type":"redwood_split"}
{"ctxid":0,"pos":[642.482971,-1017.54999,167.873993],"rotationMatrix":[0.83284235,-0.553510249,0,0.553510249,0.83284235,0,0,0,1],"scale":1.1904,"type":"redwood_split"}
{"ctxid":0,"pos":[1040.64001,512.008972,166.865997],"rotationMatrix":[0.894475818,0.447116315,0,-0.447116315,0.894475818,0,0,0,1],"scale":0.975499988,"type":"redwood_split"}
{"ctxid":0,"pos":[1023.96002,362.154999,162.224396],"rotationMatrix":[-0.705704451,-0.708506346,0,0.708506346,-0.705704451,0,0,0,1],"scale":1.2744,"type":"redwood_split"}
{"ctxid":0,"pos":[1028.60999,356.906006,161.960007],"rotationMatrix":[0.205695868,-0.97861594,0,0.97861594,0.205695868,0,0,0,1],"scale":0.938300014,"type":"redwood_split"}
{"ctxid":0,"pos":[1018.92999,426.299988,166.408005],"rotationMatrix":[-0.463076234,-0.886318445,0,0.886318445,-0.463076234,0,0,0,1],"scale":1.02779996,"type":"redwood_split"}
{"ctxid":0,"pos":[1030.93994,401.743011,164.158813],"rotationMatrix":[-0.501297951,0.865274727,0,-0.865274727,-0.501297951,0,0,0,1],"scale":1.04320002,"type":"redwood_split"}
{"ctxid":0,"pos":[1032.09998,394.980988,163.339996],"rotationMatrix":[0.717398405,-0.696663141,0,0.696663141,0.717398405,0,0,0,1],"scale":0.984600008,"type":"redwood_split"}
{"ctxid":0,"pos":[1015.88,489.868011,161.598999],"rotationMatrix":[-0.889567971,0.456802815,0,-0.456802815,-0.889567971,0,0,0,1],"scale":0.911300004,"type":"redwood_split"}
{"ctxid":0,"pos":[1021.96002,468.578003,163.891998],"rotationMatrix":[0.248216867,0.968704462,0,-0.968704462,0.248216867,0,0,0,1],"scale":1.15670002,"type":"redwood_split"}
{"ctxid":0,"pos":[1014.29999,465.582001,159.712006],"rotationMatrix":[-0.996002078,0.0893300623,0,-0.0893300623,-0.996002078,0,0,0,1],"scale":1.14279997,"type":"redwood_split"}
{"ctxid":0,"pos":[-364.456421,-985.803772,158.335815],"rotationMatrix":[0.115242116,-0.993337452,0,0.993337452,0.115242116,0,0,0,1],"scale":1.10332584,"type":"redwood_split"}
{"ctxid":0,"pos":[-845.711975,-877.653992,141.412888],"rotationMatrix":[0.231931269,-0.972732186,0,0.972732186,0.231931269,0,0,0,1],"scale":1.10922825,"type":"redwood_split"}
{"ctxid":0,"pos":[1019.51324,-1021.56213,180.059021],"rotationMatrix":[0.475821793,-0.879541636,0,0.879541636,0.475821793,0,0,0,1],"scale":1.07585669,"type":"redwood_split"}
{"ctxid":0,"pos":[1026.03772,-943.932251,179.077271],"rotationMatrix":[0.494866043,0.868969262,0,-0.868969262,0.494866043,0,0,0,1],"scale":1.14925826,"type":"redwood_split"}
{"ctxid":0,"pos":[1071.28406,-953.88916,188.218079],"rotationMatrix":[-0.800593376,0.599207997,0,-0.599207997,-0.800593376,0,0,0,1],"scale":1.09156466,"type":"redwood_split"}
{"ctxid":0,"pos":[1044.84961,-1013.3548,186.936447],"rotationMatrix":[-0.750602186,-0.660754383,0,0.660754383,-0.750602186,0,0,0,1],"scale":1.22776914,"type":"redwood_split"}
{"ctxid":0,"pos":[1024.81995,-754.312378,166.468842],"rotationMatrix":[-0.193855107,0.981030166,0,-0.981030166,-0.193855107,0,0,0,1],"scale":1.165236,"type":"redwood_split"}
