{"ctxid":0,"pos":[-131.529999,-997.132019,137.716003],"rotationMatrix":[-0.993205786,0.116371244,0,-0.116371244,-0.993205786,0,0,0,1],"scale":1.23459995,"type":"redwood_tall"}
{"ctxid":0,"pos":[-186.496994,-990.299011,138.552002],"rotationMatrix":[-0.386445522,0.92231226,0,-0.92231226,-0.386445522,0,0,0,1],"scale":1.23679996,"type":"redwood_tall"}
{"ctxid":0,"pos":[-219.084,-980.241028,137.048004],"rotationMatrix":[0.278559208,-0.960419059,0,0.960419059,0.278559208,0,0,0,1],"scale":0.968500018,"type":"redwood_tall"}
{"ctxid":0,"pos":[-313.589996,-965.762024,149.449005],"rotationMatrix":[-0.524956465,0.851129055,0,-0.851129055,-0.524956465,0,0,0,1],"scale":1.1257,"type":"redwood_tall"}
{"ctxid":0,"pos":[-284.011993,-946.914001,144.362],"rotationMatrix":[-0.996801257,0.0799202994,0,-0.0799202994,-0.996801257,0,0,0,1],"scale":1.19260001,"type":"redwood_tall"}
{"ctxid":0,"pos":[-360.243988,-949.859009,144.276001],"rotationMatrix":[0.517445087,0.855716407,0,-0.855716407,0.517445087,0,0,0,1],"scale":1.17209995,"type":"redwood_tall"}
{"ctxid":0,"pos":[-356.126007,-927.836975,148.998001],"rotationMatrix":[-0.964954734,0.262416393,0,-0.262416393,-0.964954734,0,0,0,1],"scale":1.25590003,"type":"redwood_tall"}
{"ctxid":0,"pos":[-372.014008,-982.127991,153.889999],"rotationMatrix":[-0.544578791,-0.838709712,0,0.838709712,-0.544578791,0,0,0,1],"scale":0.978699982,"type":"redwood_tall"}
{"ctxid":0,"pos":[-366.368011,-967.190002,148.970001],"rotationMatrix":[0.682395458,0.730983198,0,-0.730983198,0.682395458,0,0,0,1],"scale":1.22839999,"type":"redwood_tall"}
{"ctxid":0,"pos":[-427.20401,-993.822998,151.744003],"rotationMatrix":[0.106215477,-0.994343162,0,0.994343162,0.106215477,0,0,0,1],"scale":0.910399973,"type":"redwood_tall"}
{"ctxid":0,"pos":[-381.502991,-991.416992,158.013947],"rotationMatrix":[-0.902810216,-0.430039197,0,0.430039197,-0.902810216,0,0,0,1],"scale":1.02680004,"type":"redwood_tall"}
{"ctxid":0,"pos":[-388.910004,-984.822998,153.292999],"rotationMatrix":[-0.136127472,0.990691304,0,-0.990691304,-0.136127472,0,0,0,1],"scale":0.970700026,"type":"redwood_tall"}
{"ctxid":0,"pos":[-439.274994,-945.213806,152.587296],"rotationMatrix":[-0.408848882,-0.912602127,0,0.912602127,-0.408848882,0,0,0,1],"scale":1.21759999,"type":"redwood_tall"}
{"ctxid":0,"pos":[-439.190002,-990.073975,152.332001],"rotationMatrix":[-0.294118762,-0.955768883,0,0.955768883,-0.294118762,0,0,0,1],"scale":1.08050001,"type":"redwood_tall"}
{"ctxid":0,"pos":[-554.315857,-843.14502,158.635071],"rotationMatrix":[0.00312805176,0.999995112,0,-0.999995112,0.00312805176,0,0,0,1],"scale":0.918900013,"type":"redwood_tall"}
{"ctxid":0,"pos":[-557.554993,-845.166016,157.304321],"rotationMatrix":[-0.981244206,-0.192768797,0,0.192768797,-0.981244206,0,0,0,1],"scale":0.989400029,"type":"redwood_tall"}
{"ctxid":0,"pos":[-569.937012,-845.072021,147.945999],"rotationMatrix":[0.0711154938,0.997468114,0,-0.997468114,0.0711154938,0,0,0,1],"scale":0.920099974,"type":"redwood_tall"}
{"ctxid":0,"pos":[-561.896301,-870.082703,155.194031],"rotationMatrix":[-0.321138501,-0.94645071,-0.0331540443,0.945194066,-0.322499096,0.0510122739,-0.0589727759,-0.0149549469,0.99814719],"scale":1.04100001,"type":"redwood_tall"}
{"ctxid":0,"pos":[-568.06897,-856.442993,154.345001],"rotationMatrix":[0.85442847,0.518155515,0.0382949263,-0.517635942,0.85528636,-0.023200091,-0.0447743759,-7.45173612e-09,0.998997092],"scale":1.28960001,"type":"redwood_tall"}
{"ctxid":0,"pos":[-510.587006,-864.521973,166.925995],"rotationMatrix":[-1,0,0,0,-1,0,0,0,1],"scale":1.26390004,"type":"redwood_tall"}
{"ctxid":0,"pos":[-582.497009,-872.862,154.886002],"rotationMatrix":[-0.588118434,0.808774829,0,-0.808774829,-0.588118434,0,0,0,1],"scale":1.09000003,"type":"redwood_tall"}
{"ctxid":0,"pos":[-583.263367,-864.021729,153.246994],"rotationMatrix":[0.0247542858,0.999693573,0,-0.999693573,0.0247542858,0,0,0,1],"scale":1.12230003,"type":"redwood_tall"}
{"ctxid":0,"pos":[-616.837769,-864.910461,158.255035],"rotationMatrix":[0.0830712318,0.996543586,0,-0.996543586,0.0830712318,0,0,0,1],"scale":1.22189999,"type":"redwood_tall"}
{"ctxid":0,"pos":[-601.838013,-860.301025,158.940002],"rotationMatrix":[0.955060005,-0.296412528,0,0.296412528,0.955060005,0,0,0,1],"scale":0.965300024,"type":"redwood_tall"}
{"ctxid":0,"pos":[-573.265015,-872.125,154.167007],"rotationMatrix":[-0.934151053,0.356877863,0,-0.356877863,-0.934151053,0,0,0,1],"scale":0.879384398,"type":"redwood_tall"}
{"ctxid":0,"pos":[-501.451996,-905.557007,156.694],"rotationMatrix":[-0.557612419,0.83010143,0,-0.83010143,-0.557612419,0,0,0,1],"scale":0.905799985,"type":"redwood_tall"}
{"ctxid":0,"pos":[-561.526001,-923.463989,170.013],"rotationMatrix":[0.754159212,0.656691611,0,-0.656691611,0.754159212,0,0,0,1],"scale":1.09430003,"type":"redwood_tall"}
{"ctxid":0,"pos":[-513.606995,-931.687988,157.802994],"rotationMatrix":[0.871678233,-0.490078628,0,0.490078628,0.871678233,0,0,0,1],"scale":0.964999974,"type":"redwood_tall"}
{"ctxid":0,"pos":[-542.700012,-975.947998,189.584],"rotationMatrix":[0.860185266,0.509981692,0,-0.509981692,0.860185266,0,0,0,1],"scale":1.03740001,"type":"redwood_tall"}
{"ctxid":0,"pos":[-517.659973,-958.679016,174.179001],"rotationMatrix":[0.408563137,0.912730038,0,-0.912730038,0.408563137,0,0,0,1],"scale":1.16680002,"type":"redwood_tall"}
{"ctxid":0,"pos":[-578.439026,-928.422974,166.578995],"rotationMatrix":[0.229959488,-0.973200202,0,0.973200202,0.229959488,0,0,0,1],"scale":1.20959997,"type":"redwood_tall"}
{"ctxid":0,"pos":[-581.627014,-914.271973,159.695007],"rotationMatrix":[0.268675804,-0.963230669,0,0.963230669,0.268675804,0,0,0,1],"scale":1.21940005,"type":"redwood_tall"}
{"ctxid":0,"pos":[-584.804016,-930.133972,163.897003],"rotationMatrix":[-0.033921957,-0.999424458,0,0.999424458,-0.033921957,0,0,0,1],"scale":1.09360003,"type":"redwood_tall"}
{"ctxid":0,"pos":[-599.333984,-894.083008,161.862],"rotationMatrix":[0.670003176,0.742358208,0,-0.742358208,0.670003176,0,0,0,1],"scale":0.967800021,"type":"redwood_tall"}
{"ctxid":0,"pos":[-596.38501,-945.280029,166.214005],"rotationMatrix":[-0.304435611,-0.952532947,0,0.952532947,-0.304435611,0,0,0,1],"scale":1.10329998,"type":"redwood_tall"}
{"ctxid":0,"pos":[-610.098999,-965.58197,169.139999],"rotationMatrix":[-0.685447931,-0.728121638,0,0.728121638,-0.685447931,0,0,0,1],"scale":1.13329995,"type":"redwood_tall"}
{"ctxid":0,"pos":[-584.77002,-979.271973,185.794998],"rotationMatrix":[0.980831146,0.194859594,0,-0.194859594,0.980831146,0,0,0,1],"scale":1.05449998,"type":"redwood_tall"}
{"ctxid":0,"pos":[-584.026978,-943.346008,171.705002],"rotationMatrix":[-0.908667207,0.417521149,0,-0.417521149,-0.908667207,0,0,0,1],"scale":0.917299986,"type":"redwood_tall"}
{"ctxid":0,"pos":[-619.254028,-988.135986,182.667999],"rotationMatrix":[-0.539310694,-0.842106879,0,0.842106879,-0.539310694,0,0,0,1],"scale":0.933799982,"type":"redwood_tall"}
{"ctxid":0,"pos":[-652.169983,-919.820984,170.138],"rotationMatrix":[0.977654934,0.21021615,0,-0.21021615,0.977654934,0,0,0,1],"scale":1.17760003,"type":"redwood_tall"}
{"ctxid":0,"pos":[-647.213013,-925.585022,166.580002],"rotationMatrix":[-0.923545003,-0.383490056,0,0.383490056,-0.923545003,0,0,0,1],"scale":0.923399985,"type":"redwood_tall"}
{"ctxid":0,"pos":[-638.100647,-920.491943,164.307007],"rotationMatrix":[0.716646075,-0.697437048,0,0.697437048,0.716646075,0,0,0,1],"scale":1.07860005,"type":"redwood_tall"}
{"ctxid":0,"pos":[-680.681335,-887.304993,169.14183],"rotationMatrix":[0.142997622,-0.989723027,0,0.989723027,0.142997622,0,0,0,1],"scale":1.28369999,"type":"redwood_tall"}
{"ctxid":0,"pos":[-632.146973,-904.325989,168.477997],"rotationMatrix":[0.991705298,0.128532484,0,-0.128532484,0.991705298,0,0,0,1],"scale":1.15190005,"type":"redwood_tall"}
{"ctxid":0,"pos":[-661.192993,-979.52002,171.651993],"rotationMatrix":[0.765661478,-0.64324373,0,0.64324373,0.765661478,0,0,0,1],"scale":1.07179999,"type":"redwood_tall"}
{"ctxid":0,"pos":[-684.34198,-971.195984,170.014008],"rotationMatrix":[0.134867877,-0.990863502,0,0.990863502,0.134867877,0,0,0,1],"scale":1.08700001,"type":"redwood_tall"}
{"ctxid":0,"pos":[-641.281982,-974.072998,170.104004],"rotationMatrix":[-0.428388,-0.903594911,0,0.903594911,-0.428388,0,0,0,1],"scale":1.0323,"type":"redwood_tall"}
{"ctxid":0,"pos":[-706.086914,-928.89679,165.455551],"rotationMatrix":[0.904864788,-0.425699085,0,0.425699085,0.904864788,0,0,0,1],"scale":1.24249995,"type":"redwood_tall"}
{"ctxid":0,"pos":[-701.198975,-899.622009,165.662003],"rotationMatrix":[0.0879397392,0.996125817,0,-0.996125817,0.0879397392,0,0,0,1],"scale":1.06579995,"type":"redwood_tall"}
{"ctxid":0,"pos":[-700.200562,-915.074402,166.470108],"rotationMatrix":[-0.607065797,-0.794651568,0,0.794651568,-0.607065797,0,0,0,1],"scale":1.25870001,"type":"redwood_tall"}
{"ctxid":0,"pos":[-724.638,-892.114014,156.731598],"rotationMatrix":[0.238128304,-0.971233726,0,0.971233726,0.238128304,0,0,0,1],"scale":0.908699989,"type":"redwood_tall"}
{"ctxid":0,"pos":[-706.327759,-876.54303,158.534714],"rotationMatrix":[0.986617565,0.163051471,0,-0.163051471,0.986617565,0,0,0,1],"scale":1.25349998,"type":"redwood_tall"}
{"ctxid":0,"pos":[-689.934021,-963.921997,167.128006],"rotationMatrix":[-0.313820601,0.949482322,0,-0.949482322,-0.313820601,0,0,0,1],"scale":0.971000016,"type":"redwood_tall"}
{"ctxid":0,"pos":[-716.020996,-950.314026,166.100998],"rotationMatrix":[0.170270324,0.985397398,0,-0.985397398,0.170270324,0,0,0,1],"scale":1.23280001,"type":"redwood_tall"}
{"ctxid":0,"pos":[-721.54303,-990.366028,182.574005],"rotationMatrix":[-0.0745779276,-0.997215211,0,0.997215211,-0.0745779276,0,0,0,1],"scale":1.25109994,"type":"redwood_tall"}
{"ctxid":0,"pos":[-703.45697,-960.369019,167.817993],"rotationMatrix":[-0.464791328,0.885419846,0,-0.885419846,-0.464791328,0,0,0,1],"scale":0.957400024,"type":"redwood_tall"}
{"ctxid":0,"pos":[-763.028992,-936.809998,163.186005],"rotationMatrix":[0.247235537,0.968955398,0,-0.968955398,0.247235537,0,0,0,1],"scale":1.06949997,"type":"redwood_tall"}
{"ctxid":0,"pos":[-792.10199,-900.690979,158.524002],"rotationMatrix":[-0.569637656,-0.821895957,0,0.821895957,-0.569637656,0,0,0,1],"scale":0.94569999,"type":"redwood_tall"}
{"ctxid":0,"pos":[-779.525024,-901.116028,160.100998],"rotationMatrix":[0.99882865,0.0483872816,0,-0.0483872816,0.99882865,0,0,0,1],"scale":0.998099983,"type":"redwood_tall"}
{"ctxid":0,"pos":[-765.221985,-898.999023,159.634003],"rotationMatrix":[0.969692707,-0.244327754,0,0.244327754,0.969692707,0,0,0,1],"scale":1.21819997,"type":"redwood_tall"}
{"ctxid":0,"pos":[-807.783997,-884.281982,150.431],"rotationMatrix":[0.335295439,0.942113042,0,-0.942113042,0.335295439,0,0,0,1],"scale":1.15719998,"type":"redwood_tall"}
{"ctxid":0,"pos":[-750.71698,-961.935974,178.889999],"rotationMatrix":[-0.309932947,-0.950758398,0,0.950758398,-0.309932947,0,0,0,1],"scale":1.01559997,"type":"redwood_tall"}
{"ctxid":0,"pos":[-805.426025,-950.153015,158.675995],"rotationMatrix":[-0.898910642,0.438132018,0,-0.438132018,-0.898910642,0,0,0,1],"scale":1.00300002,"type":"redwood_tall"}
{"ctxid":0,"pos":[-798.450012,-974.836975,169.625],"rotationMatrix":[-0.462391973,0.886675596,0,-0.886675596,-0.462391973,0,0,0,1],"scale":1.25160003,"type":"redwood_tall"}
{"ctxid":0,"pos":[-768.049988,-953.377991,170.962006],"rotationMatrix":[0.274710417,0.96152699,0,-0.96152699,0.274710417,0,0,0,1],"scale":1.11230004,"type":"redwood_tall"}
{"ctxid":0,"pos":[-755.737976,-943.721985,165.903],"rotationMatrix":[-0.512408257,-0.858741999,0,0.858741999,-0.512408257,0,0,0,1],"scale":0.967700005,"type":"redwood_tall"}
{"ctxid":0,"pos":[-834.453003,-928.090027,152.897995],"rotationMatrix":[0.533615232,-0.845727384,0,0.845727384,0.533615232,0,0,0,1],"scale":1.03509998,"type":"redwood_tall"}
{"ctxid":0,"pos":[-846.149048,-921.708801,155.706985],"rotationMatrix":[-0.989613414,-0.143754274,0,0.143754274,-0.989613414,0,0,0,1],"scale":1.01929998,"type":"redwood_tall"}
{"ctxid":0,"pos":[-833.375,-892.403992,149.839005],"rotationMatrix":[-0.631901741,0.775048494,0,-0.775048494,-0.631901741,0,0,0,1],"scale":0.929499984,"type":"redwood_tall"}
{"ctxid":0,"pos":[-839.942993,-881.857971,145.600006],"rotationMatrix":[0.670165539,0.74221164,0,-0.74221164,0.670165539,0,0,0,1],"scale":1.16270006,"type":"redwood_tall"}
{"ctxid":0,"pos":[-852.157959,-868.32251,138.01622],"rotationMatrix":[0.63993907,-0.768425643,0,0.768425643,0.63993907,0,0,0,1],"scale":0.877512693,"type":"redwood_tall"}
{"ctxid":0,"pos":[-867.099976,-937.31897,142.339996],"rotationMatrix":[-0.0801559687,0.996782362,0,-0.996782362,-0.0801559687,0,0,0,1],"scale":1.19649994,"type":"redwood_tall"}
{"ctxid":0,"pos":[-861.356018,-937.085999,141.951996],"rotationMatrix":[-0.119606495,-0.992821395,0,0.992821395,-0.119606495,0,0,0,1],"scale":1.15120006,"type":"redwood_tall"}
{"ctxid":0,"pos":[-836.190979,-963.929016,153.263397],"rotationMatrix":[-0.825196028,0.564846456,0,-0.564846456,-0.825196028,0,0,0,1],"scale":1.2090646,"type":"redwood_tall"}
{"ctxid":0,"pos":[-858.189026,-978.771973,152.552002],"rotationMatrix":[0.89123559,-0.453540653,0,0.453540653,0.89123559,0,0,0,1],"scale":1.09060001,"type":"redwood_tall"}
{"ctxid":0,"pos":[-869.611023,-944.734985,146.169998],"rotationMatrix":[-0.290581822,-0.956850171,0,0.956850171,-0.290581822,0,0,0,1],"scale":1.17400002,"type":"redwood_tall"}
{"ctxid":0,"pos":[-857.411011,-941.817017,144.315002],"rotationMatrix":[0.345174313,0.938538611,0,-0.938538611,0.345174313,0,0,0,1],"scale":0.952400029,"type":"redwood_tall"}
{"ctxid":0,"pos":[-869.880981,-990.710999,152.354996],"rotationMatrix":[0.976887465,-0.213754252,0,0.213754252,0.976887465,0,0,0,1],"scale":0.940500021,"type":"redwood_tall"}
{"ctxid":0,"pos":[-883.004028,-986.672974,148.171005],"rotationMatrix":[0.494585514,0.869128942,0,-0.869128942,0.494585514,0,0,0,1],"scale":0.907599986,"type":"redwood_tall"}
{"ctxid":0,"pos":[-887.620972,-996.007019,151.611145],"rotationMatrix":[-0.893068671,-0.449920386,0,0.449920386,-0.893068671,0,0,0,1],"scale":0.836759686,"type":"redwood_tall"}
{"ctxid":0,"pos":[-894.195984,-992.75,149.052994],"rotationMatrix":[0.684305429,-0.729195476,0,0.729195476,0.684305429,0,0,0,1],"scale":0.969500005,"type":"redwood_tall"}
{"ctxid":0,"pos":[-926.893982,-998.836975,145.483002],"rotationMatrix":[0.815168023,0.579224586,0,-0.579224586,0.815168023,0,0,0,1],"scale":1.20459998,"type":"redwood_tall"}
{"ctxid":0,"pos":[-903.406006,-996.872009,149.942993],"rotationMatrix":[0.608210444,0.793775797,0,-0.793775797,0.608210444,0,0,0,1],"scale":1.28330004,"type":"redwood_tall"}
{"ctxid":0,"pos":[-911.239319,-953.915771,137.479446],"rotationMatrix":[0.985787034,0.167999774,0,-0.167999774,0.985787034,0,0,0,1],"scale":1.1092,"type":"redwood_tall"}
{"ctxid":0,"pos":[-971.734985,-924.518005,138.371994],"rotationMatrix":[-0.51658535,0.856235683,0,-0.856235683,-0.51658535,0,0,0,1],"scale":0.953499973,"type":"redwood_tall"}
{"ctxid":0,"pos":[-980.744019,-928.156006,141.520004],"rotationMatrix":[0.620156765,-0.78447789,0,0.78447789,0.620156765,0,0,0,1],"scale":1.59699965,"type":"redwood_tall"}
{"ctxid":0,"pos":[-974.460999,-910.856995,142.225006],"rotationMatrix":[-0.47164166,0.88179028,0,-0.88179028,-0.47164166,0,0,0,1],"scale":1.07920003,"type":"redwood_tall"}
{"ctxid":0,"pos":[-988.440979,-957.366028,145.919006],"rotationMatrix":[-0.671523333,-0.740983427,0,0.740983427,-0.671523333,0,0,0,1],"scale":1.13859999,"type":"redwood_tall"}
{"ctxid":0,"pos":[-250.970886,-1011.41986,146.938004],"rotationMatrix":[0.608564496,0.793504417,0,-0.793504417,0.608564496,0,0,0,1],"scale":1.09920001,"type":"redwood_tall"}
{"ctxid":0,"pos":[-428.872009,-1014.98999,159.477005],"rotationMatrix":[0.873294234,0.487193167,0,-0.487193167,0.873294234,0,0,0,1],"scale":1.04869998,"type":"redwood_tall"}
{"ctxid":0,"pos":[-112.394997,-1002.13,138.014008],"rotationMatrix":[0.943619251,-0.331032783,0,0.331032783,0.943619251,0,0,0,1],"scale":0.992200017,"type":"redwood_tall"}
{"ctxid":0,"pos":[-81.9093018,-1005.79999,136.893005],"rotationMatrix":[0.983763933,-0.179467335,0,0.179467335,0.983763933,0,0,0,1],"scale":1.08200002,"type":"redwood_tall"}
{"ctxid":0,"pos":[-73.832901,-1008.47998,137.026993],"rotationMatrix":[-0.301529765,-0.953456759,0,0.953456759,-0.301529765,0,0,0,1],"scale":1.12720001,"type":"redwood_tall"}
{"ctxid":0,"pos":[-63.9023018,-1004.64001,135.567001],"rotationMatrix":[-0.784538269,0.620080411,0,-0.620080411,-0.784538269,0,0,0,1],"scale":1.23529994,"type":"redwood_tall"}
{"ctxid":0,"pos":[-17.8047009,-1014.53998,136.186996],"rotationMatrix":[0.904690266,-0.426069856,0,0.426069856,0.904690266,0,0,0,1],"scale":0.430400014,"type":"redwood_tall"}
{"ctxid":0,"pos":[-489.876007,-1000.25,185.684006],"rotationMatrix":[-0.541065693,-0.840980351,0,0.840980351,-0.541065693,0,0,0,1],"scale":1.07089996,"type":"redwood_tall"}
{"ctxid":0,"pos":[-107.564003,-1041.58997,148.544998],"rotationMatrix":[0.945945263,0.324326307,0,-0.324326307,0.945945263,0,0,0,1],"scale":1.11740005,"type":"redwood_tall"}
{"ctxid":0,"pos":[-113.601997,-1051.60999,150.483002],"rotationMatrix":[-0.891901493,0.452229738,0,-0.452229738,-0.891901493,0,0,0,1],"scale":0.900699973,"type":"redwood_tall"}
{"ctxid":0,"pos":[-114.997002,-1067.83997,151.449997],"rotationMatrix":[-0.111838698,-0.993726373,0,0.993726373,-0.111838698,0,0,0,1],"scale":0.971099973,"type":"redwood_tall"}
{"ctxid":0,"pos":[-69.9204025,-1088.32996,155.541],"rotationMatrix":[0.324180603,0.945995212,0,-0.945995212,0.324180603,0,0,0,1],"scale":1.18770003,"type":"redwood_tall"}
{"ctxid":0,"pos":[-66.5185013,-1079.58997,152.389008],"rotationMatrix":[-0.999200225,0.0399863794,0,-0.0399863794,-0.999200225,0,0,0,1],"scale":1.25580001,"type":"redwood_tall"}
{"ctxid":0,"pos":[-66.7203979,-1068.15002,151.322998],"rotationMatrix":[0.0574355125,-0.99834919,0,0.99834919,0.0574355125,0,0,0,1],"scale":1.2859,"type":"redwood_tall"}
{"ctxid":0,"pos":[-65.6474991,-1061.16003,149.705994],"rotationMatrix":[0.743672013,0.66854465,0,-0.66854465,0.743672013,0,0,0,1],"scale":1.06819999,"type":"redwood_tall"}
{"ctxid":0,"pos":[-67.5187988,-1033.98999,144.106995],"rotationMatrix":[-0.972495198,0.232922927,0,-0.232922927,-0.972495198,0,0,0,1],"scale":1.07640004,"type":"redwood_tall"}
{"ctxid":0,"pos":[-37.2218018,-1064.76001,151.223007],"rotationMatrix":[-0.982836962,-0.184476301,0,0.184476301,-0.982836962,0,0,0,1],"scale":1.02779996,"type":"redwood_tall"}
{"ctxid":0,"pos":[-265.571014,-1085.52002,169.703995],"rotationMatrix":[-0.517282009,-0.855814993,0,0.855814993,-0.517282009,0,0,0,1],"scale":0.955900013,"type":"redwood_tall"}
{"ctxid":0,"pos":[-265.541992,-1094.82996,173.227997],"rotationMatrix":[-0.449082851,0.893490136,0,-0.893490136,-0.449082851,0,0,0,1],"scale":0.909399986,"type":"redwood_tall"}
{"ctxid":0,"pos":[-222.281998,-1074.85999,159.587006],"rotationMatrix":[-0.375145435,-0.926965952,0,0.926965952,-0.375145435,0,0,0,1],"scale":1.10450006,"type":"redwood_tall"}
{"ctxid":0,"pos":[-147.839996,-1078.12,154.785995],"rotationMatrix":[-0.980846047,0.194784582,0,-0.194784582,-0.980846047,0,0,0,1],"scale":1.27830005,"type":"redwood_tall"}
{"ctxid":0,"pos":[-133.858994,-1065.75,152.817001],"rotationMatrix":[-0.186416149,-0.98247087,0,0.98247087,-0.186416149,0,0,0,1],"scale":1.06350005,"type":"redwood_tall"}
{"ctxid":0,"pos":[-128.981003,-1063.23999,154.141006],"rotationMatrix":[-0.224612594,0.974448144,0,-0.974448144,-0.224612594,0,0,0,1],"scale":1.2579,"type":"redwood_tall"}
{"ctxid":0,"pos":[-87.9960022,-1063.16003,148.356003],"rotationMatrix":[0.730328321,-0.68309629,0,0.68309629,0.730328321,0,0,0,1],"scale":1.17639995,"type":"redwood_tall"}
{"ctxid":0,"pos":[-647.838989,-1013.65997,185.119003],"rotationMatrix":[-0.776235461,0.630443096,0,-0.630443096,-0.776235461,0,0,0,1],"scale":1.14230001,"type":"redwood_tall"}
{"ctxid":0,"pos":[-565.853943,-1003.55536,188.257309],"rotationMatrix":[0.283834934,-0.958873153,0,0.958873153,0.283834934,0,0,0,1],"scale":1.10609996,"type":"redwood_tall"}
{"ctxid":0,"pos":[-771.838013,-1007.35999,186.751999],"rotationMatrix":[-0.192276716,-0.981340766,0,0.981340766,-0.192276716,0,0,0,1],"scale":1.02199996,"type":"redwood_tall"}
{"ctxid":0,"pos":[-828.049011,-1000.95001,170.503006],"rotationMatrix":[-0.953869104,0.300222814,0,-0.300222814,-0.953869104,0,0,0,1],"scale":1.21689999,"type":"redwood_tall"}
{"ctxid":0,"pos":[-900.026001,-1002.16998,152.718994],"rotationMatrix":[-0.381786942,0.924250364,0,-0.924250364,-0.381786942,0,0,0,1],"scale":1.28059995,"type":"redwood_tall"}
{"ctxid":0,"pos":[-891.169006,-1006.53003,155.128998],"rotationMatrix":[-1,0,0,0,-1,0,0,0,1],"scale":1.05579996,"type":"redwood_tall"}
{"ctxid":0,"pos":[-1014.40997,-1099.01001,176.979996],"rotationMatrix":[-0.899300456,0.437331319,0,-0.437331319,-0.899300456,0,0,0,1],"scale":1.12039995,"type":"redwood_tall"}
{"ctxid":0,"pos":[1003.78003,-721.231995,167.785324],"rotationMatrix":[-0.0451687574,-0.99897939,0,0.99897939,-0.0451687574,0,0,0,1],"scale":0.961099982,"type":"redwood_tall"}
{"ctxid":0,"pos":[1011.81,-702.771973,167.582092],"rotationMatrix":[0.939029694,0.343836069,0,-0.343836069,0.939029694,0,0,0,1],"scale":1.25580001,"type":"redwood_tall"}
{"ctxid":0,"pos":[1001.32001,-650.156006,171.758896],"rotationMatrix":[0.883645058,-0.46815747,0,0.46815747,0.883645058,0,0,0,1],"scale":1.24520004,"type":"redwood_tall"}
{"ctxid":0,"pos":[1010.15997,-670.177979,172.175964],"rotationMatrix":[-0.188882113,-0.981999755,0,0.981999755,-0.188882113,0,0,0,1],"scale":1.08710003,"type":"redwood_tall"}
{"ctxid":0,"pos":[1047.37,-689.997986,176.949997],"rotationMatrix":[-0.869404435,0.494101137,0,-0.494101137,-0.869404435,0,0,0,1],"scale":0.986999989,"type":"redwood_tall"}
{"ctxid":0,"pos":[1049.18005,-688.903992,177.886002],"rotationMatrix":[0.996284723,-0.0861205533,0,0.0861205533,0.996284723,0,0,0,1],"scale":0.995400012,"type":"redwood_tall"}
{"ctxid":0,"pos":[1034.51001,-705.424988,168.723999],"rotationMatrix":[0.971439481,-0.237287447,0,0.237287447,0.971439481,0,0,0,1],"scale":0.939800024,"type":"redwood_tall"}
{"ctxid":0,"pos":[1061.35999,-704.635986,170.505005],"rotationMatrix":[-0.943603396,-0.331077993,0,0.331077993,-0.943603396,0,0,0,1],"scale":1.20369995,"type":"redwood_tall"}
{"ctxid":0,"pos":[1044.69995,-712.35498,167.447998],"rotationMatrix":[0.993387461,-0.114810072,0,0.114810072,0.993387461,0,0,0,1],"scale":1.16670001,"type":"redwood_tall"}
{"ctxid":0,"pos":[1049.37,-657.281982,185.371994],"rotationMatrix":[0.420896769,-0.907108545,0,0.907108545,0.420896769,0,0,0,1],"scale":1.01820004,"type":"redwood_tall"}
{"ctxid":0,"pos":[1031.95996,-677.325989,176.822006],"rotationMatrix":[0.988295555,0.152551293,0,-0.152551293,0.988295555,0,0,0,1],"scale":1.28579998,"type":"redwood_tall"}
{"ctxid":0,"pos":[1022.37,-856.327026,168.636398],"rotationMatrix":[0.414205074,0.910183609,0,-0.910183609,0.414205074,0,0,0,1],"scale":1.00109994,"type":"redwood_tall"}
{"ctxid":0,"pos":[1032.95996,-874.401978,175.75],"rotationMatrix":[-1,0,0,0,-1,0,0,0,1],"scale":1.09879994,"type":"redwood_tall"}
{"ctxid":0,"pos":[1109.79004,-779.94397,181.046005],"rotationMatrix":[-0.66494751,-0.746890068,0,0.746890068,-0.66494751,0,0,0,1],"scale":0.940400004,"type":"redwood_tall"}
{"ctxid":0,"pos":[1000.08002,-969.573975,171.306091],"rotationMatrix":[0.783912659,0.620871127,0,-0.620871127,0.783912659,0,0,0,1],"scale":1.17639995,"type":"redwood_tall"}
{"ctxid":0,"pos":[1013.69,-912.697021,169.028717],"rotationMatrix":[-0.996801257,0.0799202994,0,-0.0799202994,-0.996801257,0,0,0,1],"scale":1.25409997,"type":"redwood_tall"}
{"ctxid":0,"pos":[1051.73999,-914.375,179.572006],"rotationMatrix":[0.172844648,-0.984949112,0,0.984949112,0.172844648,0,0,0,1],"scale":1.22490001,"type":"redwood_tall"}
{"ctxid":0,"pos":[1026.51001,-882.421997,173.619507],"rotationMatrix":[0.995256662,0.0972839966,0,-0.0972839966,0.995256662,0,0,0,1],"scale":1.29100001,"type":"redwood_tall"}
{"ctxid":0,"pos":[1027.89001,-876.02002,174.279144],"rotationMatrix":[0.12351203,-0.992343068,0,0.992343068,0.12351203,0,0,0,1],"scale":1.01069999,"type":"redwood_tall"}
{"ctxid":0,"pos":[1042.60999,-930.763977,183.483002],"rotationMatrix":[0.608564496,-0.793504417,0,0.793504417,0.608564496,0,0,0,1],"scale":0.929899991,"type":"redwood_tall"}
{"ctxid":0,"pos":[1163.62,-1260.35999,208.438995],"rotationMatrix":[-0.46958375,0.882887959,0,-0.882887959,-0.46958375,0,0,0,1],"scale":1.19850004,"type":"redwood_tall"}
{"ctxid":0,"pos":[1075.83997,-1006.83002,193.742004],"rotationMatrix":[0.948863983,0.315685183,0,-0.315685183,0.948863983,0,0,0,1],"scale":1.0812,"type":"redwood_tall"}
{"ctxid":0,"pos":[985.468994,-657.63501,170.041077],"rotationMatrix":[-0.650017738,0.759919047,0,-0.759919047,-0.650017738,0,0,0,1],"scale":1.05700004,"type":"redwood_tall"}
{"ctxid":0,"pos":[997.921997,-724.48999,167.628586],"rotationMatrix":[0.877190351,0.480142772,0,-0.480142772,0.877190351,0,0,0,1],"scale":1.25909996,"type":"redwood_tall"}
{"ctxid":0,"pos":[999.323975,-690.710022,169.517624],"rotationMatrix":[0.781671762,0.623690009,0,-0.623690009,0.781671762,0,0,0,1],"scale":1.16180003,"type":"redwood_tall"}
{"ctxid":0,"pos":[953.695984,-936.182007,167.923203],"rotationMatrix":[0.613855362,0.789418519,0,-0.789418519,0.613855362,0,0,0,1],"scale":1.27020001,"type":"redwood_tall"}
{"ctxid":0,"pos":[947.216003,-925.827026,170.356003],"rotationMatrix":[0.846320271,0.532674372,0,-0.532674372,0.846320271,0,0,0,1],"scale":1.01409996,"type":"redwood_tall"}
{"ctxid":0,"pos":[990.598999,-971.856018,170.497849],"rotationMatrix":[0.932948828,0.360009015,0,-0.360009015,0.932948828,0,0,0,1],"scale":1.22749996,"type":"redwood_tall"}
{"ctxid":0,"pos":[996.254028,-946.663025,170.90184],"rotationMatrix":[0.51901567,0.8547647,0,-0.8547647,0.51901567,0,0,0,1],"scale":1.00080001,"type":"redwood_tall"}
{"ctxid":0,"pos":[999.363525,-992.642212,172.771317],"rotationMatrix":[-0.8566643,-0.515873849,0,0.515873849,-0.8566643,0,0,0,1],"scale":1.05780005,"type":"redwood_tall"}
{"ctxid":0,"pos":[924.031006,-921.763977,170.541],"rotationMatrix":[0.314145207,-0.949374974,0,0.949374974,0.314145207,0,0,0,1],"scale":1.19480002,"type":"redwood_tall"}
{"ctxid":0,"pos":[893.164978,-927.825684,170.703995],"rotationMatrix":[0.96284461,0.270056039,0,-0.270056039,0.96284461,0,0,0,1],"scale":1.20270002,"type":"redwood_tall"}
{"ctxid":0,"pos":[936.422974,-892.810974,173.77858],"rotationMatrix":[-0.179648042,0.983730972,0,-0.983730972,-0.179648042,0,0,0,1],"scale":1.01320004,"type":"redwood_tall"}
{"ctxid":0,"pos":[915.226013,-953.869995,167.977997],"rotationMatrix":[-0.985227346,-0.171251506,0,0.171251506,-0.985227346,0,0,0,1],"scale":1.20969999,"type":"redwood_tall"}
{"ctxid":0,"pos":[889.481018,-977.442017,171.364243],"rotationMatrix":[0.0511091948,-0.998693049,0,0.998693049,0.0511091948,0,0,0,1],"scale":1.21519995,"type":"redwood_tall"}
{"ctxid":0,"pos":[880.93103,-993.195007,178.224045],"rotationMatrix":[-0.852042556,0.523472548,0,-0.523472548,-0.852042556,0,0,0,1],"scale":0.978399992,"type":"redwood_tall"}
{"ctxid":0,"pos":[812.60498,-933.780029,171.106003],"rotationMatrix":[0.325342655,0.945596218,0,-0.945596218,0.325342655,0,0,0,1],"scale":1.03725564,"type":"redwood_tall"}
{"ctxid":0,"pos":[872.669983,-944.60199,170.783005],"rotationMatrix":[0.48122704,0.876595974,0,-0.876595974,0.48122704,0,0,0,1],"scale":1.09637189,"type":"redwood_tall"}
{"ctxid":0,"pos":[849.330017,-917.833984,169.721039],"rotationMatrix":[0.995198011,-0.0978821665,0,0.0978821665,0.995198011,0,0,0,1],"scale":0.912599981,"type":"redwood_tall"}
{"ctxid":0,"pos":[861.612976,-986.302002,172.63356],"rotationMatrix":[-0.336285472,-0.941760123,0,0.941760123,-0.336285472,0,0,0,1],"scale":1.02219999,"type":"redwood_tall"}
{"ctxid":0,"pos":[871.14801,-987.239014,172.975479],"rotationMatrix":[-0.682878494,0.730531991,0,-0.730531991,-0.682878494,0,0,0,1],"scale":1.26030004,"type":"redwood_tall"}
{"ctxid":0,"pos":[852.020996,-994.963989,175.145996],"rotationMatrix":[0.401363134,0.915919006,0,-0.915919006,0.401363134,0,0,0,1],"scale":1.52413392,"type":"redwood_tall"}
{"ctxid":0,"pos":[842.280029,-932.489014,172.225174],"rotationMatrix":[0.945813656,0.324709922,0,-0.324709922,0.945813656,0,0,0,1],"scale":0.926100016,"type":"redwood_tall"}
{"ctxid":0,"pos":[824.125977,-985.049988,175.2715],"rotationMatrix":[0.604483843,0.796617389,0,-0.796617389,0.604483843,0,0,0,1],"scale":1.2816,"type":"redwood_tall"}
{"ctxid":0,"pos":[774.317017,-920.033508,170.505615],"rotationMatrix":[-0.335631728,-0.941993296,0,0.941993296,-0.335631728,0,0,0,1],"scale":0.883844972,"type":"redwood_tall"}
{"ctxid":0,"pos":[764.794006,-932.182434,168.862991],"rotationMatrix":[0.827832937,-0.560974717,0,0.560974717,0.827832937,0,0,0,1],"scale":1.32949317,"type":"redwood_tall"}
{"ctxid":0,"pos":[800.445984,-972.79303,171.470001],"rotationMatrix":[-0.895404577,-0.445253462,0,0.445253462,-0.895404577,0,0,0,1],"scale":1.02590001,"type":"redwood_tall"}
{"ctxid":0,"pos":[799.164001,-961.757019,170.830994],"rotationMatrix":[-0.752941012,0.658088028,0,-0.658088028,-0.752941012,0,0,0,1],"scale":0.958700001,"type":"redwood_tall"}
{"ctxid":0,"pos":[779.607971,-958.697998,169.139999],"rotationMatrix":[0.771512032,-0.636214733,0,0.636214733,0.771512032,0,0,0,1],"scale":1.19790006,"type":"redwood_tall"}
{"ctxid":0,"pos":[759.213989,-958.190979,170.012665],"rotationMatrix":[-0.0495107174,0.998773575,0,-0.998773575,-0.0495107174,0,0,0,1],"scale":1.27450001,"type":"redwood_tall"}
{"ctxid":0,"pos":[750.895996,-957.231995,167.692963],"rotationMatrix":[-0.462391973,0.886675596,0,-0.886675596,-0.462391973,0,0,0,1],"scale":1.1451,"type":"redwood_tall"}
{"ctxid":0,"pos":[652.575012,-994.202026,158.751999],"rotationMatrix":[-0.92746985,-0.37389794,0,0.37389794,-0.92746985,0,0,0,1],"scale":1.02980006,"type":"redwood_tall"}
{"ctxid":0,"pos":[687.682007,-994.646973,166.279236],"rotationMatrix":[0.882871985,0.469613731,0,-0.469613731,0.882871985,0,0,0,1],"scale":1.1868,"type":"redwood_tall"}
{"ctxid":0,"pos":[741.903687,-929.939392,165.164368],"rotationMatrix":[-0.950707674,0.310088575,0,-0.310088575,-0.950707674,0,0,0,1],"scale":1.09660006,"type":"redwood_tall"}
{"ctxid":0,"pos":[710.248657,-940.973694,162.957748],"rotationMatrix":[-0.999599934,0.0282837879,0,-0.0282837879,-0.999599934,0,0,0,1],"scale":1.01919997,"type":"redwood_tall"}
{"ctxid":0,"pos":[701.762024,-954.596008,163.449295],"rotationMatrix":[0.374366999,0.927280605,0,-0.927280605,0.374366999,0,0,0,1],"scale":1.1494,"type":"redwood_tall"}
{"ctxid":0,"pos":[693.669067,-944.872314,162.999435],"rotationMatrix":[-0.715692759,0.698415279,0,-0.698415279,-0.715692759,0,0,0,1],"scale":1.18410003,"type":"redwood_tall"}
{"ctxid":0,"pos":[687.314026,-957.846985,162.554993],"rotationMatrix":[-0.449082851,0.893490136,0,-0.893490136,-0.449082851,0,0,0,1],"scale":1.01030004,"type":"redwood_tall"}
{"ctxid":0,"pos":[633.890991,-974.546021,155.320999],"rotationMatrix":[0.112887979,-0.9936077,0,0.9936077,0.112887979,0,0,0,1],"scale":1.27760005,"type":"redwood_tall"}
{"ctxid":0,"pos":[974.950989,-1004.53998,169.810181],"rotationMatrix":[-0.709030628,-0.705177665,0,0.705177665,-0.709030628,0,0,0,1],"scale":0.98089999,"type":"redwood_tall"}
{"ctxid":0,"pos":[853.47998,-1004.69,180.076996],"rotationMatrix":[-0.551969767,0.833864152,0,-0.833864152,-0.551969767,0,0,0,1],"scale":1.0589,"type":"redwood_tall"}
{"ctxid":0,"pos":[810.484009,-1009.27002,180.938004],"rotationMatrix":[-0.285125017,-0.958490312,0,0.958490312,-0.285125017,0,0,0,1],"scale":1.01497042,"type":"redwood_tall"}
{"ctxid":0,"pos":[793.267944,-1016.16418,184.810043],"rotationMatrix":[-0.117512465,0.993071437,0,-0.993071437,-0.117512465,0,0,0,1],"scale":0.831965029,"type":"redwood_tall"}
{"ctxid":0,"pos":[783.650024,-1009.69,185.220001],"rotationMatrix":[0.830172062,-0.557507277,0,0.557507277,0.830172062,0,0,0,1],"scale":1.48013532,"type":"redwood_tall"}
{"ctxid":0,"pos":[926.960999,-1019.97998,175.503998],"rotationMatrix":[0.995217562,0.0976831838,0,-0.0976831838,0.995217562,0,0,0,1],"scale":1.01890004,"type":"redwood_tall"}
{"ctxid":0,"pos":[903.976013,-1069.06995,186.369003],"rotationMatrix":[0.895758152,-0.444541723,0,0.444541723,0.895758152,0,0,0,1],"scale":0.966799974,"type":"redwood_tall"}
{"ctxid":0,"pos":[915.840027,-1061.48999,184.429993],"rotationMatrix":[0.326735854,-0.945115685,0,0.945115685,0.326735854,0,0,0,1],"scale":1.0697,"type":"redwood_tall"}
{"ctxid":0,"pos":[927.198975,-1073.91003,181.804001],"rotationMatrix":[0.998317957,-0.0579763465,0,0.0579763465,0.998317957,0,0,0,1],"scale":0.977699995,"type":"redwood_tall"}
{"ctxid":0,"pos":[959.692993,-1045.02002,180.350998],"rotationMatrix":[-0.898910642,-0.438132018,0,0.438132018,-0.898910642,0,0,0,1],"scale":0.972899973,"type":"redwood_tall"}
{"ctxid":0,"pos":[964.849976,-1029.96997,179.542007],"rotationMatrix":[-0.321938038,0.946760714,0,-0.946760714,-0.321938038,0,0,0,1],"scale":1.13090003,"type":"redwood_tall"}
{"ctxid":0,"pos":[974.388977,-1039.31995,178.867996],"rotationMatrix":[-0.996401787,0.0847554058,0,-0.0847554058,-0.996401787,0,0,0,1],"scale":1.22689998,"type":"redwood_tall"}
{"ctxid":0,"pos":[872.663025,-1068.30005,187.235001],"rotationMatrix":[-0.686549664,-0.727082908,0,0.727082908,-0.686549664,0,0,0,1],"scale":1.15009999,"type":"redwood_tall"}
{"ctxid":0,"pos":[871.768005,-1063.92004,186.102997],"rotationMatrix":[-0.628651619,0.777687073,0,-0.777687073,-0.628651619,0,0,0,1],"scale":0.930299997,"type":"redwood_tall"}
{"ctxid":0,"pos":[835.452026,-1040.81006,191.537994],"rotationMatrix":[-0.402477622,-0.915429831,0,0.915429831,-0.402477622,0,0,0,1],"scale":1.1049,"type":"redwood_tall"}
{"ctxid":0,"pos":[865.935974,-1027.63,187.147995],"rotationMatrix":[0.835835457,0.548980057,0,-0.548980057,0.835835457,0,0,0,1],"scale":0.979499996,"type":"redwood_tall"}
{"ctxid":0,"pos":[879.930969,-1019.85608,181.92897],"rotationMatrix":[-0.209323525,0.977846444,0,-0.977846444,-0.209323525,0,0,0,1],"scale":1.1063,"type":"redwood_tall"}
{"ctxid":0,"pos":[798.10199,-1072.45996,197.945007],"rotationMatrix":[-0.0224499702,0.999747992,0,-0.999747992,-0.0224499702,0,0,0,1],"scale":0.993600011,"type":"redwood_tall"}
{"ctxid":0,"pos":[850.203979,-1116.72998,200.253006],"rotationMatrix":[0.991935492,0.126743764,0,-0.126743764,0.991935492,0,0,0,1],"scale":1.16960001,"type":"redwood_tall"}
{"ctxid":0,"pos":[618.06897,-1020.89001,163.195007],"rotationMatrix":[0.13196516,0.99125433,0,-0.99125433,0.13196516,0,0,0,1],"scale":1.12530005,"type":"redwood_tall"}
{"ctxid":0,"pos":[609.690002,-1019.40002,159.317001],"rotationMatrix":[0.398953438,0.916971207,0,-0.916971207,0.398953438,0,0,0,1],"scale":1.15380001,"type":"redwood_tall"}
{"ctxid":0,"pos":[598.723022,-1015.37,157.406998],"rotationMatrix":[0.176698923,-0.98426497,0,0.98426497,0.176698923,0,0,0,1],"scale":0.994199991,"type":"redwood_tall"}
{"ctxid":0,"pos":[592.663025,-1013.67999,156.264008],"rotationMatrix":[0.336908698,-0.941537321,0,0.941537321,0.336908698,0,0,0,1],"scale":1.18009996,"type":"redwood_tall"}
{"ctxid":0,"pos":[670.934998,-1012.26001,169.426682],"rotationMatrix":[-0.186416149,0.98247087,0,-0.98247087,-0.186416149,0,0,0,1],"scale":1.03550005,"type":"redwood_tall"}
{"ctxid":0,"pos":[668.463989,-1005.08002,166.787003],"rotationMatrix":[-0.150341153,0.988634169,0,-0.988634169,-0.150341153,0,0,0,1],"scale":1.09549999,"type":"redwood_tall"}
{"ctxid":0,"pos":[680.427002,-1003.90997,168.343002],"rotationMatrix":[0.593378425,0.804923654,0,-0.804923654,0.593378425,0,0,0,1],"scale":1.1056,"type":"redwood_tall"}
{"ctxid":0,"pos":[730.163025,-1015.40002,187.931244],"rotationMatrix":[0.194057941,-0.980990052,0,0.980990052,0.194057941,0,0,0,1],"scale":1.11360002,"type":"redwood_tall"}
{"ctxid":0,"pos":[717.130981,-1022.69,190.228226],"rotationMatrix":[0.845209599,-0.534434974,0,0.534434974,0.845209599,0,0,0,1],"scale":1.05789995,"type":"redwood_tall"}
{"ctxid":0,"pos":[707.281799,-1029.69336,188.984421],"rotationMatrix":[-0.668233752,-0.74395138,0,0.74395138,-0.668233752,0,0,0,1],"scale":1.20599997,"type":"redwood_tall"}
{"ctxid":0,"pos":[1026.37,340.704987,160.009995],"rotationMatrix":[0.256531715,-0.966535807,0,0.966535807,0.256531715,0,0,0,1],"scale":1.10510004,"type":"redwood_tall"}
{"ctxid":0,"pos":[1024.91003,342.738007,161.66803],"rotationMatrix":[0.607147574,0.794589102,0,-0.794589102,0.607147574,0,0,0,1],"scale":0.99000001,"type":"redwood_tall"}
{"ctxid":0,"pos":[1036.85999,426.661987,169.561005],"rotationMatrix":[0.986321449,0.164833248,0,-0.164833248,0.986321449,0,0,0,1],"scale":1.01460004,"type":"redwood_tall"}
{"ctxid":0,"pos":[1020.53998,351.43399,160.469299],"rotationMatrix":[0.993318319,0.115406744,0,-0.115406744,0.993318319,0,0,0,1],"scale":1.28330004,"type":"redwood_tall"}
{"ctxid":0,"pos":[1015.06,422.721008,164.703003],"rotationMatrix":[0.849189758,-0.528087854,0,0.528087854,0.849189758,0,0,0,1],"scale":0.917299986,"type":"redwood_tall"}
{"ctxid":0,"pos":[-712.341614,-945.018066,166.687744],"rotationMatrix":[0.972992241,0.230837747,0,-0.230837747,0.972992241,0,0,0,1],"scale":0.979990721,"type":"redwood_tall"}
{"ctxid":0,"pos":[-929.97644,-909.319824,138.680695],"rotationMatrix":[0.369451731,0.929249942,0,-0.929249942,0.369451731,0,0,0,1],"scale":1.02141404,"type":"redwood_tall"}
{"ctxid":0,"pos":[1033.98938,-976.986145,182.349442],"rotationMatrix":[-0.185940221,-0.982561052,0,0.982561052,-0.185940221,0,0,0,1],"scale":1.11780667,"type":"redwood_tall"}
{"ctxid":0,"pos":[998.976624,-1019.53619,174.031189],"rotationMatrix":[-0.817557454,0.575846791,0,-0.575846791,-0.817557454,0,0,0,1],"scale":1.13045645,"type":"redwood_tall"}
{"ctxid":0,"pos":[-346.673431,-912.734375,152.446564],"rotationMatrix":[0.885852337,-0.463967234,0,0.463967234,0.885852337,0,0,0,1],"scale":0.591620684,"type":"redwood_tall"}
{"ctxid":0,"pos":[937.272522,-882.274536,172.34288],"rotationMatrix":[-0.490032136,-0.8717044,0,0.8717044,-0.490032136,0,0,0,1],"scale":1.496171,"type":"redwood_tall"}
{"ctxid":0,"pos":[1017.23175,-764.505615,166.071518],"rotationMatrix":[-0.873135149,0.487478226,0,-0.487478226,-0.873135149,0,0,0,1],"scale":1.1742425,"type":"redwood_tall"}
