{"ctxid":0,"pos":[-484.766632,-234.58519,99.1241074],"rotationMatrix":[0.635616064,0.772005379,0,-0.772005379,0.635616064,0,0,0,1],"scale":1,"type":"sandbarrel"}
{"ctxid":0,"pos":[-485.126801,-224.637863,99.1409836],"rotationMatrix":[0.635616064,0.772005379,0,-0.772005379,0.635616064,0,0,0,1],"scale":1,"type":"sandbarrel"}
{"ctxid":0,"pos":[-485.006927,-225.998398,99.1494217],"rotationMatrix":[0.635616064,0.772005379,0,-0.772005379,0.635616064,0,0,0,1],"scale":1,"type":"sandbarrel"}
{"ctxid":0,"pos":[-484.978851,-227.398056,99.1575089],"rotationMatrix":[0.635616064,0.772005379,0,-0.772005379,0.635616064,0,0,0,1],"scale":1,"type":"sandbarrel"}
{"ctxid":0,"pos":[-485.17276,-228.806686,99.2164917],"rotationMatrix":[0.635616064,0.772005379,0,-0.772005379,0.635616064,0,0,0,1],"scale":1,"type":"sandbarrel"}
{"ctxid":0,"pos":[-483.886444,-229.39595,99.2446823],"rotationMatrix":[0.635616064,0.772005379,0,-0.772005379,0.635616064,0,0,0,1],"scale":1,"type":"sandbarrel"}
{"ctxid":0,"pos":[-484.974243,-230.254684,99.2031937],"rotationMatrix":[0.635616064,0.772005379,0,-0.772005379,0.635616064,0,0,0,1],"scale":1,"type":"sandbarrel"}
{"ctxid":0,"pos":[-483.645691,-230.793564,99.2432785],"rotationMatrix":[0.635616064,0.772005379,0,-0.772005379,0.635616064,0,0,0,1],"scale":1,"type":"sandbarrel"}
{"ctxid":0,"pos":[-484.792664,-231.621384,99.1832581],"rotationMatrix":[0.635616064,0.772005379,0,-0.772005379,0.635616064,0,0,0,1],"scale":1,"type":"sandbarrel"}
{"ctxid":0,"pos":[-483.483887,-232.233551,99.204155],"rotationMatrix":[0.635616064,0.772005379,0,-0.772005379,0.635616064,0,0,0,1],"scale":1,"type":"sandbarrel"}
{"ctxid":0,"pos":[-484.730347,-233.176453,99.1624756],"rotationMatrix":[0.635616064,0.772005379,0,-0.772005379,0.635616064,0,0,0,1],"scale":1,"type":"sandbarrel"}
{"ctxid":0,"pos":[-483.329956,-234.025162,99.1795807],"rotationMatrix":[0.635616064,0.772005379,0,-0.772005379,0.635616064,0,0,0,1],"scale":1,"type":"sandbarrel"}
{"ctxid":0,"pos":[340.746979,649.783752,116.280716],"rotationMatrix":[0.976854324,-0.213842332,0.0052012275,0.213810623,0.97685647,0.00604257872,-0.00637301197,-0.00479064183,0.999968231],"scale":1,"type":"sandbarrel"}
{"ctxid":0,"pos":[349.436218,654.638428,116.174118],"rotationMatrix":[0.976854324,-0.213842332,0.0052012275,0.213810623,0.97685647,0.00604257872,-0.00637301197,-0.00479064183,0.999968231],"scale":1,"type":"sandbarrel"}
{"ctxid":0,"pos":[348.279846,653.91156,116.191292],"rotationMatrix":[0.976854324,-0.213842332,0.0052012275,0.213810623,0.97685647,0.00604257872,-0.00637301197,-0.00479064183,0.999968231],"scale":1,"type":"sandbarrel"}
{"ctxid":0,"pos":[347.046844,653.248535,116.213509],"rotationMatrix":[0.976854324,-0.213842332,0.0052012275,0.213810623,0.97685647,0.00604257872,-0.00637301197,-0.00479064183,0.999968231],"scale":1,"type":"sandbarrel"}
{"ctxid":0,"pos":[345.704315,652.778809,116.236206],"rotationMatrix":[0.976854324,-0.213842332,0.0052012275,0.213810623,0.97685647,0.00604257872,-0.00637301197,-0.00479064183,0.999968231],"scale":1,"type":"sandbarrel"}
{"ctxid":0,"pos":[345.635559,651.416809,116.207359],"rotationMatrix":[0.976056516,-0.211813897,-0.0494790338,0.214938298,0.97412163,0.0699174777,0.0333890915,-0.0788783729,0.996324658],"scale":1,"type":"sandbarrel"}
{"ctxid":0,"pos":[344.506165,651.942139,116.241592],"rotationMatrix":[0.976854324,-0.213842332,0.0052012275,0.213810623,0.97685647,0.00604257872,-0.00637301197,-0.00479064183,0.999968231],"scale":1,"type":"sandbarrel"}
{"ctxid":0,"pos":[344.447479,650.462036,116.214165],"rotationMatrix":[0.976131082,-0.209550202,-0.0570658483,0.213067919,0.974891007,0.064725399,0.0420697592,-0.0753393918,0.996269941],"scale":1,"type":"sandbarrel"}
{"ctxid":0,"pos":[343.37265,651.157715,116.250473],"rotationMatrix":[0.976854324,-0.213842332,0.0052012275,0.213810623,0.97685647,0.00604257872,-0.00637301197,-0.00479064183,0.999968231],"scale":1,"type":"sandbarrel"}
{"ctxid":0,"pos":[343.187744,649.705811,116.233139],"rotationMatrix":[0.974052727,-0.212718919,-0.0772777125,0.216465995,0.97530818,0.0437743999,0.0660579354,-0.0593665764,0.996048033],"scale":1,"type":"sandbarrel"}
{"ctxid":0,"pos":[342.01709,650.393433,116.278259],"rotationMatrix":[0.976854324,-0.213842332,0.0052012275,0.213810623,0.97685647,0.00604257872,-0.00637301197,-0.00479064183,0.999968231],"scale":1,"type":"sandbarrel"}
{"ctxid":0,"pos":[342.048767,648.901062,116.222626],"rotationMatrix":[0.974518716,-0.212861404,-0.07073313,0.216592968,0.974979401,0.0500248447,0.0583149903,-0.0640704557,0.996239901],"scale":1,"type":"sandbarrel"}
{"ctxid":0,"pos":[-951.814575,-549.375183,104.434608],"rotationMatrix":[0.635734797,0.771811426,-0.0121831158,-0.771661103,0.635053873,-0.0352943279,-0.019503627,0.031839069,0.999302685],"scale":1,"type":"sandbarrel"}
{"ctxid":0,"pos":[-950.710754,-549.649963,104.461884],"rotationMatrix":[0.232043207,0.972426355,-0.0233035609,-0.972549021,0.231509566,-0.023489438,-0.0174467489,0.0281144194,0.999452472],"scale":1,"type":"sandbarrel"}
{"ctxid":0,"pos":[-948.280701,-548.899048,104.513947],"rotationMatrix":[0.122775018,0.992184162,-0.0222899169,-0.992350221,0.122440875,-0.0157877915,-0.0129351998,0.0240577497,0.999626875],"scale":1,"type":"sandbarrel"}
{"ctxid":0,"pos":[-947.173584,-548.196228,104.511375],"rotationMatrix":[-0.740038633,0.672066987,-0.0258576497,-0.672437608,-0.740098238,0.0090583954,-0.0130493557,0.0240912195,0.99962461],"scale":1,"type":"sandbarrel"}
{"ctxid":0,"pos":[-949.606201,-549.002136,104.462234],"rotationMatrix":[-0.84501338,0.534187555,-0.0244170446,-0.534561396,-0.845039129,0.0123758595,-0.0140223261,0.0235101748,0.999625266],"scale":1,"type":"sandbarrel"}
{"ctxid":0,"pos":[-902.745972,-535.693787,104.747284],"rotationMatrix":[0.416883081,-0.908561945,0.0268996432,0.908889413,0.41703701,0.000122950412,-0.0113298548,0.0243975446,0.999638021],"scale":1,"type":"sandbarrel"}
{"ctxid":0,"pos":[-901.820557,-534.629517,104.731796],"rotationMatrix":[-0.158822834,0.986967564,-0.0258883946,-0.987241983,-0.15905866,-0.00730731757,-0.0113298614,0.0243975446,0.999638021],"scale":1,"type":"sandbarrel"}
{"ctxid":0,"pos":[-900.895142,-533.680969,104.719131],"rotationMatrix":[-0.85457027,-0.519327283,0.00298922579,0.519212306,-0.854227126,0.0267333221,-0.0113298623,0.0243975408,0.999638021],"scale":1,"type":"sandbarrel"}
{"ctxid":0,"pos":[-899.931213,-532.813293,104.708511],"rotationMatrix":[-0.0509544611,0.998383522,-0.0251784846,-0.998638272,-0.0512174368,-0.00991579145,-0.0111893425,0.0246389434,0.999633789],"scale":1,"type":"sandbarrel"}
{"ctxid":0,"pos":[-899.082886,-531.86853,104.694717],"rotationMatrix":[0.113061249,0.99331671,-0.0232176986,-0.993524969,0.112760007,-0.013900267,-0.0111893397,0.0246389452,0.999633789],"scale":1,"type":"sandbarrel"}
{"ctxid":0,"pos":[-898.190247,-530.942444,104.681885],"rotationMatrix":[0.481696129,0.876188517,-0.0162044279,-0.876266956,0.481338382,-0.0216724556,-0.0111893406,0.0246389415,0.999633789],"scale":1,"type":"sandbarrel"}
{"ctxid":0,"pos":[-897.253052,-529.982849,104.66835],"rotationMatrix":[0.623746276,0.781525791,-0.0125740375,-0.781549037,0.623376369,-0.0241467394,-0.011032939,0.0248886645,0.999629319],"scale":1,"type":"sandbarrel"}
{"ctxid":0,"pos":[-896.222046,-529.166077,104.659393],"rotationMatrix":[0.795650661,0.605722964,-0.00629960839,-0.605655253,0.795286238,-0.0264855847,-0.0110329343,0.0248886645,0.999629319],"scale":1,"type":"sandbarrel"}
{"ctxid":0,"pos":[-895.405334,-528.175232,104.643745],"rotationMatrix":[0.920207679,0.391430229,0.000410569832,-0.391274899,0.919871151,-0.0272213463,-0.0110329296,0.0248886477,0.999629319],"scale":1,"type":"sandbarrel"}
{"ctxid":0,"pos":[-894.481506,-527.171021,104.628601],"rotationMatrix":[0.985552847,0.169244349,0.00647495221,-0.169018149,0.985253692,-0.0266092308,-0.0108829318,0.0251304172,0.999624968],"scale":1,"type":"sandbarrel"}
{"ctxid":0,"pos":[-893.443726,-526.334167,104.618866],"rotationMatrix":[0.994322836,-0.105548389,0.013478674,0.10584753,0.994096577,-0.0238390621,-0.010882929,0.0251304079,0.999624968],"scale":1,"type":"sandbarrel"}
{"ctxid":0,"pos":[-892.093445,-526.378784,104.628273],"rotationMatrix":[0.883288562,0.468825817,-0.00191681692,-0.46868664,0.882910609,-0.028313864,-0.0115818903,0.025907699,0.999597251],"scale":1,"type":"sandbarrel"}
{"ctxid":0,"pos":[-861.04187,-488.3013,103.948311],"rotationMatrix":[0.682693422,0.729900777,-0.0342717469,-0.730704963,0.681942344,-0.0320159718,2.87219882e-06,0.0468996242,0.998899579],"scale":1,"type":"sandbarrel"}
{"ctxid":0,"pos":[-859.9505,-487.565369,103.95137],"rotationMatrix":[0.840403855,0.541364253,-0.025417747,-0.541960657,0.839479089,-0.0394146107,3.7252903e-09,0.046899613,0.998899579],"scale":1,"type":"sandbarrel"}
{"ctxid":0,"pos":[-859.058411,-486.641388,103.918854],"rotationMatrix":[0.947889924,0.318253219,-0.0148057221,-0.318594247,0.947064042,-0.0395872481,0.00142319594,0.0422413796,0.999106228],"scale":1,"type":"sandbarrel"}
{"ctxid":0,"pos":[-858.059326,-485.711121,103.895485],"rotationMatrix":[0.995699942,0.092195414,0.00899690762,-0.0919093043,0.995366335,-0.0282457937,-0.0115593495,0.0272974372,0.999559939],"scale":1,"type":"sandbarrel"}
{"ctxid":0,"pos":[-856.774353,-485.927856,103.930405],"rotationMatrix":[0.983120203,-0.182566166,0.011999717,0.18285881,0.982642233,-0.0312508531,-0.00608608127,0.0329175964,0.999439299],"scale":1,"type":"sandbarrel"}
{"ctxid":0,"pos":[-857.542114,-487.036285,103.940697],"rotationMatrix":[0.899751008,-0.436220437,0.0126437144,0.436364263,0.898903131,-0.0394887887,0.00586034264,0.0410473458,0.999140024],"scale":1,"type":"sandbarrel"}
{"ctxid":0,"pos":[-858.538635,-487.824585,103.95459],"rotationMatrix":[0.61946702,-0.784501731,0.0285962876,0.785000861,0.618766546,-0.0300271958,0.00586195849,0.0410489663,0.999139965],"scale":1,"type":"sandbarrel"}
{"ctxid":0,"pos":[-859.615417,-488.789581,103.978874],"rotationMatrix":[0.977797508,-0.209532186,0.00287174108,0.20946987,0.976939738,-0.041365847,0.00586195802,0.0410489663,0.999139965],"scale":1,"type":"sandbarrel"}
{"ctxid":0,"pos":[-259.542572,245.078918,74.5618668],"rotationMatrix":[0.976839483,-0.213749766,-0.00978259277,0.213760078,0.976886213,8.1815524e-06,0.00955473166,-0.00209912006,0.999952137],"scale":1,"type":"sandbarrel"}
{"ctxid":0,"pos":[-260.615417,243.8423,74.5712051],"rotationMatrix":[0.976848841,-0.213714719,-0.00961132161,0.213695407,0.97689569,-0.00300525175,0.010031525,0.000881781452,0.999949276],"scale":1,"type":"sandbarrel"}
{"ctxid":0,"pos":[-261.131073,244.987244,74.57724],"rotationMatrix":[0.976842284,-0.213715464,-0.0102419015,0.213713348,0.976895511,-0.00131422258,0.0102861375,-0.000905042747,0.999946713],"scale":1,"type":"sandbarrel"}
{"ctxid":0,"pos":[-261.944153,243.966446,74.5846786],"rotationMatrix":[0.976842284,-0.213715464,-0.0102419015,0.213713348,0.976895511,-0.00131422258,0.0102861375,-0.000905042747,0.999946713],"scale":1,"type":"sandbarrel"}
{"ctxid":0,"pos":[-263.049225,244.64238,74.5952911],"rotationMatrix":[0.976849914,-0.213748872,-0.00870185904,0.213732928,0.976888299,-0.00273437542,0.00908521377,0.000811200414,0.999958396],"scale":1,"type":"sandbarrel"}
{"ctxid":0,"pos":[-264.128906,243.690033,74.6064301],"rotationMatrix":[0.97684145,-0.213748977,-0.00960101653,0.213728771,0.97688812,-0.00309439143,0.010040543,0.000970716123,0.999949098],"scale":1,"type":"sandbarrel"}
{"ctxid":0,"pos":[-265.37854,243.993362,74.617981],"rotationMatrix":[0.976843417,-0.213751614,-0.00933650229,0.213722229,0.976886094,-0.00404966949,0.0099863233,0.00196047453,0.999948204],"scale":1,"type":"sandbarrel"}
{"ctxid":0,"pos":[-266.743408,243.740509,74.6313934],"rotationMatrix":[0.9768309,-0.213820845,-0.00905817468,0.213781863,0.976868212,-0.00508564338,0.00993605983,0.00303133973,0.999946058],"scale":1,"type":"sandbarrel"}
{"ctxid":0,"pos":[-123.576149,168.614075,80.3933868],"rotationMatrix":[0.976657927,-0.214477792,-0.0117705055,0.213032678,0.97418046,-0.0747632757,0.0275016613,0.0705106482,0.997131824],"scale":1,"type":"sandbarrel"}
{"ctxid":0,"pos":[-124.878609,168.870483,80.4110336],"rotationMatrix":[0.976551652,-0.215015367,-0.0107349446,0.213675216,0.974135041,-0.0735104159,0.026263155,0.0694929287,0.997236669],"scale":1,"type":"sandbarrel"}
{"ctxid":0,"pos":[-124.61367,167.616425,80.4924393],"rotationMatrix":[0.976448894,-0.215461925,-0.0111240856,0.214053139,0.973937333,-0.0750152916,0.0269971006,0.070867449,0.997120321],"scale":1,"type":"sandbarrel"}
{"ctxid":0,"pos":[7.75578022,347.988953,100.404655],"rotationMatrix":[0.976756752,-0.213607714,-0.0178316347,0.213993981,0.976548553,0.0236529652,0.0123610022,-0.0269190576,0.999561191],"scale":1,"type":"sandbarrel"}
{"ctxid":0,"pos":[6.70265579,350.611176,100.344711],"rotationMatrix":[0.976763606,-0.21362114,-0.0172873456,0.213968903,0.976600111,0.0216688272,0.0122539047,-0.0248642769,0.999615729],"scale":1,"type":"sandbarrel"}
{"ctxid":0,"pos":[5.95473814,352.248993,100.394089],"rotationMatrix":[0.976766586,-0.213626936,-0.017045334,0.213961586,0.976614535,0.0210825223,0.0121429274,-0.0242397506,0.999632418],"scale":1,"type":"sandbarrel"}
{"ctxid":0,"pos":[62.2300453,418.499237,74.7009735],"rotationMatrix":[0.976861715,-0.213871777,0.000163147633,0.213869065,0.976852655,0.00434563728,-0.00108878035,-0.00421019411,0.999990523],"scale":1,"type":"sandbarrel"}
{"ctxid":0,"pos":[60.8543854,419.442535,74.7025299],"rotationMatrix":[0.794860721,-0.60679096,-0.00105407555,0.606791556,0.794857383,0.0023894927,-0.000612082949,-0.00253891828,0.999996603],"scale":1,"type":"sandbarrel"}
{"ctxid":0,"pos":[-18.6205254,1817.13428,94.1449585],"rotationMatrix":[0.997939944,-0.0628550425,0.0128409844,0.0635396689,0.9960109,-0.0626474917,-0.00885204971,0.0633343607,0.997952878],"scale":1,"type":"sandbarrel"}
{"ctxid":0,"pos":[-18.5371075,1818.70007,94.0781784],"rotationMatrix":[-0.965810657,-0.259129375,0.00782721769,0.259119242,-0.963942766,0.060588751,-0.00815533474,0.0605454594,0.998131692],"scale":1,"type":"sandbarrel"}
{"ctxid":0,"pos":[-19.1123543,1820.33374,93.9910202],"rotationMatrix":[0.997987747,-0.0633565709,0.00250863284,0.0633850768,0.995852053,-0.0652764514,0.00163746532,0.0653041229,0.997864068],"scale":1,"type":"sandbarrel"}
{"ctxid":0,"pos":[-19.7824554,1818.22314,94.0731125],"rotationMatrix":[0.997982442,-0.0627844632,0.00943690818,0.0632294118,0.996296167,-0.0582741685,-0.0057432428,0.058753293,0.998255789],"scale":1,"type":"sandbarrel"}
{"ctxid":0,"pos":[-20.6850147,1819.6322,94.0185928],"rotationMatrix":[0.997970283,-0.0630440712,0.0089725107,0.0633291081,0.997337699,-0.0361479446,-0.00666970992,0.0366428047,0.999305904],"scale":1,"type":"sandbarrel"}
{"ctxid":0,"pos":[-103.818962,1908.90234,84.6528397],"rotationMatrix":[0.982382119,0.175080433,0.0653616264,-0.172238365,0.983938754,-0.0468860976,-0.0725206882,0.0348023027,0.996759355],"scale":1,"type":"sandbarrel"}
{"ctxid":0,"pos":[-102.61113,1907.74414,84.7771912],"rotationMatrix":[0.982451677,0.175051048,0.0643860847,-0.172010586,0.983819544,-0.0501128696,-0.0721166059,0.0381584018,0.996665835],"scale":1,"type":"sandbarrel"}
{"ctxid":0,"pos":[-102.453682,1909.953,84.6990967],"rotationMatrix":[0.982515991,0.174894854,0.063827984,-0.172150254,0.983983397,-0.0462690517,-0.0708978996,0.0344720781,0.996887624],"scale":1,"type":"sandbarrel"}
{"ctxid":0,"pos":[-101.511017,1908.49841,84.8136292],"rotationMatrix":[0.982372105,0.175117388,0.0654120892,-0.172145784,0.98386991,-0.0486380495,-0.0728743523,0.0365202576,0.996672034],"scale":1,"type":"sandbarrel"}
{"ctxid":0,"pos":[-101.211151,1906.87671,84.902832],"rotationMatrix":[0.9821679,0.175624207,0.0670978427,-0.172035307,0.983497024,-0.056012731,-0.0758277252,0.0434707217,0.996172726],"scale":1,"type":"sandbarrel"}
{"ctxid":1,"pos":[878.989197,962.595825,125.287804],"rotationMatrix":[0.974322736,-0.211041212,0.0784588829,0.207224101,0.976798117,0.0540604368,-0.088047497,-0.0364138,0.995449603],"scale":1,"type":"sandbarrel"}
{"ctxid":1,"pos":[5.95599318,1637.34631,99.5848389],"rotationMatrix":[0.979900837,0.1994064,-0.00548314955,-0.199468628,0.979781687,-0.0154467309,0.00229212572,0.0162299983,0.999864578],"scale":0.738818347,"type":"sandbarrel"}
{"ctxid":1,"pos":[943.406189,582.02832,144.240616],"rotationMatrix":[0.9747895,-0.21837084,-0.0458171219,0.217246369,0.975706279,-0.0282938667,0.0508826524,0.0176269561,0.998548627],"scale":0.729248047,"type":"sandbarrel"}
{"ctxid":1,"pos":[943.773743,583.014954,144.219971],"rotationMatrix":[-0.823349595,-0.565152645,0.0519314781,0.565248132,-0.824797273,-0.0142433047,0.0508826375,0.0176269524,0.998548388],"scale":0.729248047,"type":"sandbarrel"}
{"ctxid":1,"pos":[-456.267181,-141.712418,98.0644989],"rotationMatrix":[0.635616064,0.772005379,0,-0.772005379,0.635616064,0,0,0,1],"scale":1,"type":"sandbarrel"}
{"ctxid":1,"pos":[-455.11557,-142.254898,98.0644989],"rotationMatrix":[0.331494749,0.943457007,0,-0.943457007,0.331494749,0,0,0,0.999999881],"scale":1,"type":"sandbarrel"}
{"ctxid":1,"pos":[-456.186401,-142.9655,98.0644989],"rotationMatrix":[0.868978143,0.494850367,0,-0.494850367,0.868978143,0,0,0,0.999999881],"scale":1,"type":"sandbarrel"}
{"ctxid":1,"pos":[-453.769836,-157.256699,98.0547485],"rotationMatrix":[0.635616064,0.772005379,0,-0.772005379,0.635616064,0,0,0,1],"scale":1,"type":"sandbarrel"}
{"ctxid":1,"pos":[-452.813995,-158.043701,98.0547485],"rotationMatrix":[0.304444015,0.952530205,0,-0.952530205,0.304444015,0,0,0,0.999999881],"scale":1,"type":"sandbarrel"}
{"ctxid":1,"pos":[-453.928497,-158.521667,98.0433502],"rotationMatrix":[0.979127645,0.203245848,0,-0.203245848,0.979127645,0,0,0,0.999999881],"scale":1,"type":"sandbarrel"}
