{"ctxid":0,"pos":[-437.993347,525.702637,97.8916016],"rotationMatrix":[-0.699768782,-0.712412715,0.0528363734,0.713006377,-0.701087356,-0.00991586223,0.0441071019,0.030733861,0.998553932],"scale":0.99999994,"type":"screenfence1"}
{"ctxid":0,"pos":[-435.509796,528.250732,97.6871948],"rotationMatrix":[-0.696983457,-0.712999105,0.076462172,0.714530587,-0.699535131,-0.00983486697,0.0605002269,0.0477798209,0.997024],"scale":0.99999994,"type":"screenfence1"}
{"ctxid":0,"pos":[-433.053833,530.780457,97.4158554],"rotationMatrix":[-0.695219398,-0.713152349,0.089909941,0.715401113,-0.698645473,-0.00978629291,0.0697942972,0.0575180501,0.995901823],"scale":1,"type":"screenfence1"}
{"ctxid":0,"pos":[-430.613098,533.299988,97.1062012],"rotationMatrix":[-0.694136381,-0.713152647,0.0979173183,0.715892196,-0.698142529,-0.00975644216,0.0753180832,0.0633259416,0.995146751],"scale":1,"type":"screenfence1"}
{"ctxid":0,"pos":[-428.182159,535.812683,96.7738342],"rotationMatrix":[-0.693488002,-0.713148952,0.102434941,0.716186643,-0.69784081,-0.00973925553,0.0784288272,0.0666084811,0.994692028],"scale":1,"type":"screenfence1"}
{"ctxid":0,"pos":[-425.757599,538.320435,96.4295654],"rotationMatrix":[-0.693212032,-0.713116467,0.104509532,0.716295898,-0.697728872,-0.00973143987,0.0798589587,0.068113789,0.994476259],"scale":1,"type":"screenfence1"}
{"ctxid":0,"pos":[-423.337189,540.824402,96.0810471],"rotationMatrix":[-0.693181276,-0.713124335,0.104658812,0.716314256,-0.697710037,-0.00973068736,0.0799606889,0.068223469,0.994460583],"scale":0.99999994,"type":"screenfence1"}
{"ctxid":0,"pos":[-420.919922,543.325134,95.7345123],"rotationMatrix":[-0.693412781,-0.713119328,0.103147686,0.71620518,-0.697821736,-0.0097365547,0.0789220333,0.0671234652,0.994618416],"scale":1,"type":"screenfence1"}
{"ctxid":0,"pos":[-418.504395,545.822754,95.3956451],"rotationMatrix":[-0.693829536,-0.713152885,0.100067571,0.716032386,-0.697999001,-0.00974847935,0.0767992139,0.0648878366,0.99493289],"scale":1,"type":"screenfence1"}
{"ctxid":0,"pos":[-416.090027,548.317261,95.0700073],"rotationMatrix":[-0.694521308,-0.71312052,0.0953906626,0.715699852,-0.698339701,-0.00976597518,0.0735794008,0.0614884049,0.995392025],"scale":1,"type":"screenfence1"}
{"ctxid":0,"pos":[-413.676331,550.808289,94.7631073],"rotationMatrix":[-0.695374846,-0.713114858,0.0889985263,0.715310693,-0.69873786,-0.00978983566,0.0691679269,0.056853991,0.99598366],"scale":1,"type":"screenfence1"}
{"ctxid":0,"pos":[-411.263458,553.295044,94.4811859],"rotationMatrix":[-0.696473241,-0.713041425,0.0806047246,0.714779496,-0.699280977,-0.0098203104,0.0633676425,0.0507750213,0.996697783],"scale":1,"type":"screenfence1"}
{"ctxid":0,"pos":[-408.851044,555.776672,94.23172],"rotationMatrix":[-0.697834134,-0.712854147,0.0697590038,0.71407783,-0.699996829,-0.00985876843,0.0558589473,0.0429335758,0.997515142],"scale":1,"type":"screenfence1"}
{"ctxid":0,"pos":[-406.439819,558.251038,94.0240173],"rotationMatrix":[-0.699452043,-0.712504387,0.0557160228,0.713190436,-0.700900197,-0.00990650244,0.046109803,0.0328070149,0.998397529],"scale":1,"type":"screenfence1"}
{"ctxid":0,"pos":[-404.031219,560.714966,93.8702316],"rotationMatrix":[-0.701349974,-0.711842358,0.0372624323,0.712040842,-0.702067256,-0.00996646285,0.0332552865,0.0195423961,0.999255836],"scale":1,"type":"screenfence1"}
{"ctxid":0,"pos":[-401.628174,563.163391,93.7870331],"rotationMatrix":[-0.703586221,-0.710501015,0.0124341426,0.710432231,-0.703693867,-0.0100419316,0.0158846341,0.00176824909,0.999872267],"scale":1,"type":"screenfence1"}
{"ctxid":0,"pos":[-399.167572,565.633423,93.7771606],"rotationMatrix":[-0.711689472,-0.70244962,0.00791580509,0.702328742,-0.711721182,-0.0136881685,0.0152490949,-0.00418222789,0.999874949],"scale":1.00000012,"type":"screenfence1"}
{"ctxid":0,"pos":[-396.654358,568.079773,93.7629089],"rotationMatrix":[-0.723983645,-0.689724088,0.0113222189,0.689496636,-0.724050164,-0.0185935367,0.0210222639,-0.00565478625,0.999763012],"scale":1,"type":"screenfence1"}
{"ctxid":0,"pos":[-394.094513,570.475159,93.7370148],"rotationMatrix":[-0.739449978,-0.673056722,0.0144275585,0.672685266,-0.739549518,-0.0236803498,0.0266081169,-0.0078052301,0.99961549],"scale":1,"type":"screenfence1"}
{"ctxid":0,"pos":[-391.477112,572.804138,93.7006531],"rotationMatrix":[-0.75848043,-0.651470959,0.0171218198,0.650916874,-0.75859642,-0.0289619677,0.0318564326,-0.0108222002,0.999433875],"scale":0.99999994,"type":"screenfence1"}
{"ctxid":0,"pos":[-388.79007,575.047546,93.6554565],"rotationMatrix":[-0.781358719,-0.623784781,0.0192627292,0.623011351,-0.781453729,-0.0344518684,0.0365434811,-0.0149183692,0.999220729],"scale":1,"type":"screenfence1"}
{"ctxid":0,"pos":[-386.020142,577.181702,93.6035919],"rotationMatrix":[-0.80834496,-0.588346481,0.020660609,0.58732605,-0.808353305,-0.0401618257,0.0403301418,-0.0203300919,0.998979568],"scale":1,"type":"screenfence1"}
{"ctxid":0,"pos":[-383.154755,579.176941,93.5479279],"rotationMatrix":[-0.839166641,-0.543465674,0.0210815351,0.542192519,-0.838988781,-0.0460981801,0.0427399501,-0.0272538066,0.998714447],"scale":1,"type":"screenfence1"}
{"ctxid":0,"pos":[-380.182983,580.997864,93.4922104],"rotationMatrix":[-0.873078227,-0.487159431,0.0202519819,0.485668957,-0.872579455,-0.0522575192,0.0431292057,-0.0357891433,0.998428285],"scale":1,"type":"screenfence1"}
{"ctxid":0,"pos":[-377.097473,582.602051,93.4411926],"rotationMatrix":[-0.908233523,-0.418081343,0.0178845897,0.416476369,-0.907254577,-0.0586222745,0.0407347567,-0.0457942076,0.99812001],"scale":1,"type":"screenfence1"}
{"ctxid":0,"pos":[-373.899658,583.947388,93.4004364],"rotationMatrix":[-0.941779375,-0.335948408,0.0137863932,0.334420323,-0.940169215,-0.0651511177,0.0348489583,-0.0567475334,0.997780144],"scale":1,"type":"screenfence1"}
{"ctxid":0,"pos":[-370.598999,584.987915,93.376297],"rotationMatrix":[-0.970188498,-0.242222503,0.00789915863,0.241055295,-0.967854023,-0.0717699826,0.0250295401,-0.0677262843,0.997389913],"scale":0.99999994,"type":"screenfence1"}
{"ctxid":0,"pos":[-367.217896,585.694519,93.3745804],"rotationMatrix":[-0.989926934,-0.141577721,0.000588474795,0.141096413,-0.986887455,-0.0783900395,0.0116790412,-0.0775173828,0.996922612],"scale":1.00000012,"type":"screenfence1"}
{"ctxid":0,"pos":[-363.756378,586.072083,93.391037],"rotationMatrix":[-0.999105334,-0.0421215221,0.00373738585,0.0416895002,-0.99593854,-0.0798008218,0.00708353939,-0.0795736238,0.99680382],"scale":1,"type":"screenfence1"}
{"ctxid":0,"pos":[-360.270996,586.092407,93.389328],"rotationMatrix":[-0.997466564,0.0705124214,0.00940244086,-0.0710390583,-0.994277477,-0.0797845423,0.0037228344,-0.0802503526,0.996767759],"scale":1,"type":"screenfence1"}
{"ctxid":0,"pos":[-356.814117,585.70575,93.3693466],"rotationMatrix":[-0.981337309,0.191810459,0.0136326477,-0.192284256,-0.978091836,-0.0797684416,-0.00196643919,-0.0809010938,0.996720195],"scale":0.99999994,"type":"screenfence1"}
{"ctxid":0,"pos":[-353.43631,584.897644,93.3368988],"rotationMatrix":[-0.95059514,0.310026526,0.0158937126,-0.310283005,-0.947292686,-0.0797582343,-0.00967117399,-0.0807493255,0.996687531],"scale":0.99999994,"type":"screenfence1"}
{"ctxid":0,"pos":[-350.181305,583.693848,93.2991486],"rotationMatrix":[-0.909962058,0.41437766,0.0161271486,-0.414281756,-0.906647444,-0.0797555745,-0.0184272919,-0.0792557299,0.996683955],"scale":1,"type":"screenfence1"}
{"ctxid":0,"pos":[-347.072998,582.15033,93.2628174],"rotationMatrix":[-0.866034508,0.499768138,0.0147121195,-0.499245942,-0.862781644,-0.079760313,-0.027168313,-0.0764201283,0.996705472],"scale":1,"type":"screenfence1"}
{"ctxid":0,"pos":[-344.113342,580.334595,93.2329483],"rotationMatrix":[-0.824188828,0.566183984,0.0121932663,-0.565223157,-0.82107234,-0.0797696412,-0.0351527371,-0.0726371557,0.996738732],"scale":0.99999994,"type":"screenfence1"}
{"ctxid":0,"pos":[-341.291687,578.306335,93.2128601],"rotationMatrix":[-0.787222505,0.616602898,0.00904242508,-0.615230441,-0.784300327,-0.0797791407,-0.0421000794,-0.0683671013,0.996771574],"scale":0.99999994,"type":"screenfence1"}
{"ctxid":0,"pos":[-338.588837,576.11792,93.2041855],"rotationMatrix":[-0.755904436,0.65465802,0.00560214184,-0.652918875,-0.753213525,-0.0797894746,-0.0480152071,-0.0639709681,0.996796012],"scale":1,"type":"screenfence1"}
{"ctxid":0,"pos":[-335.98587,573.808167,93.2076797],"rotationMatrix":[-0.730010033,0.683433354,0.00207875669,-0.681376398,-0.727570176,-0.079799071,-0.0530248992,-0.0596705377,0.996808827],"scale":0.99999994,"type":"screenfence1"}
{"ctxid":0,"pos":[-333.464783,571.405762,93.2234344],"rotationMatrix":[-0.708901882,0.705305755,-0.0014081113,-0.702977002,-0.706720591,-0.0798076466,-0.0572839305,-0.0555859171,0.996809304],"scale":1.00000012,"type":"screenfence1"}
{"ctxid":0,"pos":[-330.995605,568.93689,93.2510529],"rotationMatrix":[-0.700641274,0.713506758,-0.00318266079,-0.711206377,-0.698726892,-0.0772422105,-0.0573366508,-0.0518555455,0.997007251],"scale":1.00000024,"type":"screenfence1"}
{"ctxid":0,"pos":[-328.529785,566.455566,93.2825394],"rotationMatrix":[-0.700441122,0.713700891,-0.00363291241,-0.711636782,-0.698784947,-0.0726127177,-0.0543623865,-0.0482756197,0.997353613],"scale":1,"type":"screenfence1"}
{"ctxid":0,"pos":[-326.064636,563.973511,93.3154755],"rotationMatrix":[-0.700259209,0.713877261,-0.00405052118,-0.712040603,-0.698843122,-0.067945376,-0.0513353348,-0.0446952358,0.997680843],"scale":1.00000012,"type":"screenfence1"}
{"ctxid":0,"pos":[-323.599792,561.491089,93.3497467],"rotationMatrix":[-0.700119615,0.714011967,-0.00443549827,-0.712393463,-0.698925376,-0.0632369593,-0.0482520238,-0.0411136076,0.997988701],"scale":1.00000012,"type":"screenfence1"}
{"ctxid":0,"pos":[-321.134949,559.008301,93.3852005],"rotationMatrix":[-0.700026035,0.714101195,-0.00478733145,-0.712691069,-0.699035764,-0.0584847331,-0.0451105386,-0.0375289544,0.99827683],"scale":1,"type":"screenfence1"}
{"ctxid":0,"pos":[-318.67041,556.525391,93.4217834],"rotationMatrix":[-0.69995892,0.714164853,-0.00510251336,-0.712952614,-0.699154258,-0.0536829531,-0.0419059247,-0.033938013,0.998544991],"scale":0.999999881,"type":"screenfence1"}
{"ctxid":0,"pos":[-316.20575,554.042236,93.4593201],"rotationMatrix":[-0.699954748,0.71416682,-0.005381722,-0.713141263,-0.699317694,-0.0488287844,-0.0386354327,-0.0303400122,0.998792648],"scale":0.999999881,"type":"screenfence1"}
{"ctxid":0,"pos":[-313.740845,551.559326,93.4976807],"rotationMatrix":[-0.699982882,0.714137554,-0.00562206749,-0.713286996,-0.699494839,-0.043917045,-0.0352954194,-0.0267310292,0.999019384],"scale":1.00000012,"type":"screenfence1"}
{"ctxid":0,"pos":[-311.275452,549.07666,93.5367279],"rotationMatrix":[-0.700056076,0.714064121,-0.00582007319,-0.713375926,-0.699698806,-0.0389424488,-0.0318797044,-0.0231100004,0.999224484],"scale":1,"type":"screenfence1"}
{"ctxid":0,"pos":[-308.809326,546.59436,93.5763245],"rotationMatrix":[-0.700191736,0.713929772,-0.00597557519,-0.71339035,-0.699946404,-0.0339002609,-0.028384991,-0.0194737669,0.999407351],"scale":1.00000012,"type":"screenfence1"}
{"ctxid":0,"pos":[-306.342529,544.112793,93.6162872],"rotationMatrix":[-0.700373888,0.713750124,-0.00608238764,-0.713344932,-0.700221658,-0.0287824981,-0.024802532,-0.0158196725,0.999567211],"scale":1,"type":"screenfence1"}
{"ctxid":0,"pos":[-303.874634,541.632019,93.6564484],"rotationMatrix":[-0.700621963,0.71350646,-0.00613750285,-0.71322,-0.700543523,-0.0235841759,-0.021127047,-0.0121461973,0.99970299],"scale":1.00000012,"type":"screenfence1"}
{"ctxid":0,"pos":[-301.405396,539.152283,93.69664],"rotationMatrix":[-0.700950027,0.713183939,-0.00613515591,-0.712999284,-0.700925946,-0.0182956699,-0.0173484683,-0.00844998844,0.999813795],"scale":1.00000012,"type":"screenfence1"}
{"ctxid":0,"pos":[-298.934631,536.673767,93.7366028],"rotationMatrix":[-0.701340199,0.712800741,-0.00606905855,-0.712699533,-0.70135057,-0.0129079223,-0.013457315,-0.00472743111,0.999898255],"scale":0.99999994,"type":"screenfence1"}
{"ctxid":0,"pos":[-296.461975,534.197144,93.7761383],"rotationMatrix":[-0.701833606,0.712316275,-0.00593144586,-0.712278366,-0.701857924,-0.00741193537,-0.00944267493,-0.00097710453,0.999954939],"scale":1,"type":"screenfence1"}
{"ctxid":0,"pos":[-293.987061,531.722351,93.8149719],"rotationMatrix":[-0.702435613,0.711724401,-0.00571243651,-0.711727619,-0.702453256,-0.00179487071,-0.00529017299,0.00280491798,0.999982059],"scale":1,"type":"screenfence1"}
{"ctxid":0,"pos":[-291.509338,529.249939,93.8527756],"rotationMatrix":[-0.703139901,0.71103096,-0.00539904833,-0.711050749,-0.703129411,0.00395746203,-0.000982351834,0.00662164716,0.999977589],"scale":1.00000012,"type":"screenfence1"}
{"ctxid":0,"pos":[-289.028381,526.780212,93.8892136],"rotationMatrix":[-0.7040025,0.710180223,-0.0049751522,-0.710189044,-0.70394218,0.00986062642,0.00350060314,0.0104752025,0.999939024],"scale":1.00000012,"type":"screenfence1"}
{"ctxid":0,"pos":[-286.543762,524.313904,93.9238663],"rotationMatrix":[-0.705030203,0.709163427,-0.00442156103,-0.709130049,-0.704897523,0.0159337856,0.00818291213,0.0143692624,0.999863267],"scale":1,"type":"screenfence1"}
{"ctxid":0,"pos":[-284.054382,521.851685,93.9562302],"rotationMatrix":[-0.706226349,0.70797646,-0.00371023407,-0.707865,-0.705998778,0.022200387,0.0130979307,0.0183048435,0.99974668],"scale":1.00000012,"type":"screenfence1"}
{"ctxid":0,"pos":[-281.559937,519.393799,93.9857025],"rotationMatrix":[-0.707710147,0.706497431,-0.00280511472,-0.706266403,-0.707364678,0.0286895372,0.0182848461,0.022285033,0.999584436],"scale":1.00000012,"type":"screenfence1"}
{"ctxid":0,"pos":[-279.058899,516.941956,94.0115051],"rotationMatrix":[-0.709491849,0.704711616,-0.0016543977,-0.70431155,-0.709005833,0.0354382023,0.0238007382,0.0263083298,0.999370515],"scale":1.00000012,"type":"screenfence1"}
{"ctxid":0,"pos":[-276.549927,514.496704,94.032753],"rotationMatrix":[-0.711632371,0.70255208,-0.000190801919,-0.70192349,-0.710983992,0.042487748,0.0297141988,0.0303695798,0.99909699],"scale":1,"type":"screenfence1"}
{"ctxid":0,"pos":[-274.031311,512.060181,94.0480499],"rotationMatrix":[-0.714339495,0.699797273,0.00170016661,-0.698865652,-0.713509798,0.0499073416,0.0361381061,0.0344625935,0.998752415],"scale":1.00000036,"type":"screenfence1"}
{"ctxid":0,"pos":[-271.500793,509.633911,94.0558167],"rotationMatrix":[-0.718090057,0.695937634,0.00418304466,-0.694607735,-0.717065096,0.0577725098,0.0432055816,0.038580291,0.998320997],"scale":1.00000012,"type":"screenfence1"}
{"ctxid":0,"pos":[-268.963562,507.217712,94.0553513],"rotationMatrix":[-0.739427328,0.673198581,0.00714593194,-0.67191124,-0.738595843,0.054878369,0.0422219932,0.0357771292,0.998467505],"scale":1,"type":"screenfence1"}
{"ctxid":0,"pos":[-266.342865,504.893402,94.044693],"rotationMatrix":[-0.767151833,0.641384423,0.010198093,-0.640290201,-0.766611338,0.048326388,0.0388137661,0.0305439383,0.998779535],"scale":1.00000012,"type":"screenfence1"}
{"ctxid":0,"pos":[-263.624908,502.682556,94.0233307],"rotationMatrix":[-0.795109272,0.606320977,0.0132712424,-0.605412602,-0.794827223,0.0415356383,0.035732273,0.0249907915,0.999048889],"scale":0.99999994,"type":"screenfence1"}
{"ctxid":0,"pos":[-260.808228,500.598206,93.9911804],"rotationMatrix":[-0.822920442,0.567922354,0.0163122825,-0.56719625,-0.822859406,0.0345054418,0.0330191292,0.0191429704,0.999271393],"scale":1,"type":"screenfence1"}
{"ctxid":0,"pos":[-257.894653,498.65094,93.9484406],"rotationMatrix":[-0.850039482,0.526367247,0.0192512535,-0.525823414,-0.850157499,0.0272395592,0.0307046063,0.013031939,0.999443531],"scale":1,"type":"screenfence1"}
{"ctxid":0,"pos":[-254.885895,496.853333,93.8954773],"rotationMatrix":[-0.875945687,0.481907248,0.0220095012,-0.481549144,-0.876196504,0.0197454561,0.028800128,0.00669729197,0.99956274],"scale":1,"type":"screenfence1"}
{"ctxid":0,"pos":[-251.787811,495.214478,93.8330688],"rotationMatrix":[-0.900032163,0.435134679,0.0244941078,-0.434968203,-0.900365353,0.0120372903,0.0272914879,0.00017978996,0.999627531],"scale":1,"type":"screenfence1"}
{"ctxid":0,"pos":[-248.607819,493.74115,93.7623138],"rotationMatrix":[-0.921752572,0.386864275,0.026613621,-0.38689658,-0.922113895,0.0041332203,0.0261397827,-0.00648691272,0.999637246],"scale":1,"type":"screenfence1"}
{"ctxid":0,"pos":[-245.354828,492.437378,93.6846161],"rotationMatrix":[-0.940748215,0.337924957,0.0282761957,-0.338162541,-0.941079497,-0.0039447397,0.025277121,-0.013272956,0.999592364],"scale":1,"type":"screenfence1"}
{"ctxid":0,"pos":[-242.039093,491.304138,93.6016693],"rotationMatrix":[-0.956753492,0.289410084,0.0294059478,-0.289856583,-0.956992745,-0.0121717192,0.0246186592,-0.0201688409,0.99949342],"scale":1,"type":"screenfence1"}
{"ctxid":0,"pos":[-238.671448,490.338745,93.5154114],"rotationMatrix":[-0.969725609,0.242354363,0.0299415477,-0.243008345,-0.969807029,-0.020522166,0.0240638889,-0.0271769166,0.999340951],"scale":1,"type":"screenfence1"}
{"ctxid":0,"pos":[-235.26236,489.535156,93.4279633],"rotationMatrix":[-0.979780793,0.197836787,0.0298409369,-0.19868958,-0.979634285,-0.0289710928,0.0235016551,-0.0343144014,0.999134719],"scale":1.00000012,"type":"screenfence1"}
{"ctxid":0,"pos":[-231.822006,488.883728,93.3416061],"rotationMatrix":[-0.987230301,0.156622648,0.0290770642,-0.157655865,-0.986781836,-0.0374951027,0.0228201412,-0.041600477,0.998873711],"scale":1,"type":"screenfence1"}
{"ctxid":0,"pos":[-228.360016,488.370789,93.2586288],"rotationMatrix":[-0.992456436,0.119439952,0.0276472084,-0.12062379,-0.991628647,-0.0460726917,0.021912843,-0.0490600467,0.998555422],"scale":1.00000012,"type":"screenfence1"}
{"ctxid":0,"pos":[-224.883179,487.981384,93.1813507],"rotationMatrix":[-0.995894909,0.0868348107,0.0255517866,-0.0881256387,-0.994606972,-0.054687418,0.0206652153,-0.0567146912,0.998176515],"scale":1,"type":"screenfence1"}
{"ctxid":0,"pos":[-221.397858,487.700989,93.1122437],"rotationMatrix":[-0.997986674,0.0591849051,0.0227946788,-0.0605227612,-0.996155858,-0.0633269921,0.0189590529,-0.064579092,0.99773246],"scale":1.00000012,"type":"screenfence1"}
{"ctxid":0,"pos":[-217.908386,487.509949,93.0533905],"rotationMatrix":[-0.999140263,0.0366430096,0.0193939079,-0.0379501022,-0.996683955,-0.0719800517,0.0166920293,-0.0726541653,0.997217476],"scale":1,"type":"screenfence1"}
{"ctxid":0,"pos":[-214.416336,487.392517,93.0073547],"rotationMatrix":[-0.999683619,0.0194124542,0.0159917455,-0.0206284299,-0.996600986,-0.0797558799,0.0143891312,-0.0800605342,0.996686161],"scale":1.00000012,"type":"screenfence1"}
{"ctxid":0,"pos":[-210.914886,487.35022,92.9704132],"rotationMatrix":[-0.999846339,0.0076322481,0.0157873146,-0.00886815414,-0.996774912,-0.0797575489,0.0151276682,-0.0798852965,0.99668926],"scale":1,"type":"screenfence1"}
{"ctxid":0,"pos":[-207.416229,487.341553,92.9346619],"rotationMatrix":[-0.999886751,0.00144209538,0.0149795832,-0.00263257325,-0.996810555,-0.0797605067,0.0148167843,-0.0797909051,0.996701479],"scale":1,"type":"screenfence1"}
{"ctxid":0,"pos":[-203.920944,487.347534,92.9027252],"rotationMatrix":[-0.999909878,0.000845896837,0.0134002166,-0.00191225461,-0.996811748,-0.0797660425,0.0132900206,-0.0797844753,0.996723533],"scale":0.99999994,"type":"screenfence1"}
{"ctxid":0,"pos":[-200.429245,487.348511,92.8772736],"rotationMatrix":[-0.999921679,0.00589075498,0.011043814,-0.00675338134,-0.996790171,-0.0797736794,0.0105384374,-0.0798420161,0.996751845],"scale":1,"type":"screenfence1"}
{"ctxid":0,"pos":[-196.94101,487.325195,92.8609467],"rotationMatrix":[-0.999832034,0.0165409874,0.00791196618,-0.0171199497,-0.996665239,-0.0797837973,0.00656587863,-0.0799058378,0.996780813],"scale":1,"type":"screenfence1"}
{"ctxid":0,"pos":[-193.456848,487.257385,92.8566437],"rotationMatrix":[-0.99944675,0.0330188274,0.00398648856,-0.0332317278,-0.996257186,-0.0797946528,0.00133684219,-0.0798829868,0.996803343],"scale":1,"type":"screenfence1"}
{"ctxid":0,"pos":[-189.978043,487.125671,92.8669891],"rotationMatrix":[-0.998480082,0.0551078506,-0.000724979211,-0.0548743196,-0.995298743,-0.0798061937,-0.00511951838,-0.0796451122,0.996810138],"scale":0.99999994,"type":"screenfence1"}
{"ctxid":0,"pos":[-186.507233,486.911072,92.8946228],"rotationMatrix":[-0.996545911,0.0828114375,-0.00620407145,-0.0820553079,-0.993426442,-0.0798174441,-0.0127730863,-0.0790326744,0.996790171],"scale":1.00000012,"type":"screenfence1"}
{"ctxid":0,"pos":[-183.047897,486.593567,92.9424133],"rotationMatrix":[-0.993166924,0.116039634,-0.0124323703,-0.114692405,-0.990188718,-0.0798262209,-0.0215733945,-0.0778548568,0.996731281],"scale":1,"type":"screenfence1"}
{"ctxid":0,"pos":[-179.605118,486.156433,93.0125351],"rotationMatrix":[-0.987821221,0.154385641,-0.01934129,-0.152395621,-0.985089779,-0.0798338801,-0.0313781127,-0.0759140849,0.996620536],"scale":0.99999994,"type":"screenfence1"}
{"ctxid":0,"pos":[-176.186249,485.581543,93.1074371],"rotationMatrix":[-0.979969263,0.197330013,-0.0268502235,-0.194668338,-0.977614403,-0.0798379183,-0.0420035869,-0.0730118304,0.996446192],"scale":1,"type":"screenfence1"}
{"ctxid":0,"pos":[-172.799911,484.854614,93.2291183],"rotationMatrix":[-0.969115734,0.244134307,-0.034832824,-0.24080354,-0.967284918,-0.0798363388,-0.0531840511,-0.06898278,0.996199191],"scale":1.00000012,"type":"screenfence1"}
{"ctxid":0,"pos":[-169.455734,483.964172,93.3788223],"rotationMatrix":[-0.954917669,0.293721378,-0.043130707,-0.289760828,-0.953764081,-0.0798313171,-0.0645846725,-0.06373474,0.995874822],"scale":1.00000012,"type":"screenfence1"}
{"ctxid":0,"pos":[-166.164612,482.901672,93.5574646],"rotationMatrix":[-0.937191844,0.344983339,-0.0515558459,-0.340470374,-0.9368608,-0.079822585,-0.0758381188,-0.0572558343,0.995474935],"scale":1.00000012,"type":"screenfence1"}
{"ctxid":0,"pos":[-162.938568,481.660767,93.7656097],"rotationMatrix":[-0.915983558,0.396716952,-0.0599168986,-0.391763091,-0.916598558,-0.079804875,-0.0865796804,-0.0496267155,0.995008111],"scale":1.00000012,"type":"screenfence1"}
{"ctxid":0,"pos":[-159.787964,480.240723,94.0027618],"rotationMatrix":[-0.89220643,0.446496874,-0.067882888,-0.441242069,-0.893834949,-0.079777129,-0.0962963477,-0.041224882,0.99449861],"scale":1,"type":"screenfence1"}
{"ctxid":0,"pos":[-156.680115,478.670044,94.2632446],"rotationMatrix":[-0.887151837,0.456188202,-0.0696699098,-0.451026082,-0.889070153,-0.0782928243,-0.0976577029,-0.0380346775,0.994493008],"scale":1,"type":"screenfence1"}
{"ctxid":0,"pos":[-153.571167,477.086792,94.526535],"rotationMatrix":[-0.887196541,0.456047058,-0.0700216889,-0.451056361,-0.889218926,-0.0764044598,-0.0971086472,-0.0362020582,0.994615138],"scale":0.99999994,"type":"screenfence1"}
{"ctxid":0,"pos":[-150.46225,475.504822,94.7910995],"rotationMatrix":[-0.887257338,0.455864817,-0.0704400688,-0.451052994,-0.889389873,-0.0744108036,-0.0965699553,-0.0342493281,0.994736791],"scale":1.00000012,"type":"screenfence1"}
{"ctxid":0,"pos":[-147.353088,473.923584,95.0571899],"rotationMatrix":[-0.887320042,0.455665529,-0.0709375516,-0.451040864,-0.889569998,-0.0723000765,-0.0960485712,-0.0321575701,0.994857073],"scale":1,"type":"screenfence1"}
{"ctxid":0,"pos":[-144.243744,472.343811,95.3251495],"rotationMatrix":[-0.887403369,0.455409199,-0.0715365186,-0.45098123,-0.889779568,-0.0700563937,-0.0955560729,-0.0299066603,0.994974673],"scale":1.00000024,"type":"screenfence1"}
{"ctxid":0,"pos":[-141.134186,470.765442,95.595314],"rotationMatrix":[-0.887495875,0.45511511,-0.0722573772,-0.450894445,-0.890008688,-0.0676666573,-0.0951058045,-0.0274734367,0.995087981],"scale":1.00000024,"type":"screenfence1"}
{"ctxid":0,"pos":[-774.882202,-470.699219,107.981705],"rotationMatrix":[-0.751308203,-0.65993166,0.0051388042,0.659744501,-0.750854492,0.0309027657,-0.0165352188,0.0266077965,0.999509156],"scale":1.00000012,"type":"screenfence1"}
{"ctxid":0,"pos":[-777.157471,-472.77655,107.991119],"rotationMatrix":[-0.747174263,-0.664610684,0.00485794852,0.664398491,-0.746703506,0.0317602046,-0.0174807236,0.0269580148,0.999483705],"scale":0.99999994,"type":"screenfence1"}
{"ctxid":0,"pos":[-779.425171,-474.865173,107.999603],"rotationMatrix":[-0.743632913,-0.668572485,0.00458518835,0.668337882,-0.7431494,0.0324561112,-0.0182917826,0.0271998867,0.999462664],"scale":1.00000012,"type":"screenfence1"}
{"ctxid":0,"pos":[-781.68811,-476.971191,108.006371],"rotationMatrix":[-0.742774129,-0.669527531,0.00438494887,0.669280648,-0.74228549,0.0327956527,-0.0187027119,0.0272945277,0.999452472],"scale":1,"type":"screenfence1"}
{"ctxid":0,"pos":[-783.95343,-479.078857,108.012604],"rotationMatrix":[-0.742767572,-0.669536114,0.00422235252,0.669278622,-0.742273092,0.0331173427,-0.0190391168,0.0274244174,0.999442577],"scale":1.00000012,"type":"screenfence1"}
{"ctxid":0,"pos":[-786.219971,-481.18634,108.01844],"rotationMatrix":[-0.743066669,-0.66920507,0.00407548994,0.668937564,-0.742565989,0.033440724,-0.019352382,0.0275749341,0.999432385],"scale":1,"type":"screenfence1"}
{"ctxid":0,"pos":[-788.487488,-483.292786,108.023872],"rotationMatrix":[-0.74332881,-0.668914676,0.00392946601,0.668637037,-0.742821932,0.0337639451,-0.0196663067,0.0277251005,0.999422133],"scale":0.999999881,"type":"screenfence1"}
{"ctxid":0,"pos":[-790.755493,-485.398254,108.028847],"rotationMatrix":[-0.743542433,-0.668677986,0.00378487352,0.668390095,-0.743029475,0.0340872258,-0.0199811049,0.0278750733,0.999411702],"scale":0.99999994,"type":"screenfence1"}
{"ctxid":0,"pos":[-793.02417,-487.503052,108.03331],"rotationMatrix":[-0.743700743,-0.668502927,0.00364224426,0.668204665,-0.743181467,0.0344101153,-0.0202964153,0.0280245896,0.999401152],"scale":1,"type":"screenfence1"}
{"ctxid":0,"pos":[-795.293152,-489.607117,108.037399],"rotationMatrix":[-0.743818283,-0.668372691,0.00350158103,0.668063939,-0.743292689,0.0347324684,-0.020611532,0.0281739254,0.999390483],"scale":0.999999881,"type":"screenfence1"}
{"ctxid":0,"pos":[-797.562317,-491.710754,108.041107],"rotationMatrix":[-0.743892312,-0.668291152,0.00336315297,0.667971909,-0.743360519,0.0350546725,-0.0209266935,0.0283233915,0.999379754],"scale":0.999999881,"type":"screenfence1"}
{"ctxid":0,"pos":[-799.831604,-493.814209,108.044395],"rotationMatrix":[-0.743920326,-0.668260455,0.00322761852,0.667930603,-0.743382215,0.0353758037,-0.0212408975,0.0284726042,0.999368846],"scale":1.00000012,"type":"screenfence1"}
{"ctxid":0,"pos":[-802.100647,-495.917542,108.047256],"rotationMatrix":[-0.743904352,-0.668278992,0.00309487805,0.667938411,-0.743360043,0.0356960744,-0.0215543229,0.0286216531,0.999357879],"scale":0.999999881,"type":"screenfence1"}
{"ctxid":0,"pos":[-804.369629,-498.020813,108.049683],"rotationMatrix":[-0.743842721,-0.668347955,0.00296567008,0.667996764,-0.743292093,0.0360149518,-0.0218661614,0.0287705213,0.999346852],"scale":0.99999994,"type":"screenfence1"}
{"ctxid":0,"pos":[-806.638123,-500.124146,108.051765],"rotationMatrix":[-0.743737459,-0.668466032,0.00283985026,0.668104112,-0.743180394,0.0363326222,-0.0221766029,0.0289192423,0.999335706],"scale":0.999999881,"type":"screenfence1"}
{"ctxid":0,"pos":[-808.906189,-502.228027,108.05349],"rotationMatrix":[-0.743592501,-0.66862756,0.00271732453,0.668254912,-0.743029118,0.0366491079,-0.0224855505,0.0290678665,0.999324501],"scale":0.99999994,"type":"screenfence1"}
{"ctxid":0,"pos":[-811.173889,-504.332153,108.054916],"rotationMatrix":[-0.743415833,-0.668824315,0.00259830151,0.668440938,-0.742846012,0.0369644985,-0.0227926187,0.0292168055,0.999313176],"scale":0.99999994,"type":"screenfence1"}
{"ctxid":0,"pos":[-813.44043,-506.436951,108.055855],"rotationMatrix":[-0.743188143,-0.669077992,0.00248417724,0.668683887,-0.742611885,0.0372774638,-0.0230967514,0.0293652955,0.999301851],"scale":0.99999994,"type":"screenfence1"}
{"ctxid":0,"pos":[-815.706299,-508.54248,108.056503],"rotationMatrix":[-0.742925286,-0.669370115,0.00237406977,0.66896528,-0.742342591,0.0375887267,-0.0233983975,0.0295137875,0.999290466],"scale":1,"type":"screenfence1"}
{"ctxid":0,"pos":[-817.971252,-510.648804,108.056831],"rotationMatrix":[-0.742634058,-0.669693649,0.00226783566,0.669278085,-0.742044926,0.0378980041,-0.0236972179,0.0296621602,0.999279022],"scale":1.00000012,"type":"screenfence1"}
{"ctxid":0,"pos":[-820.235474,-512.756226,108.056892],"rotationMatrix":[-0.742313862,-0.670048892,0.0021652393,0.6696226,-0.741718173,0.0382058136,-0.0239937641,0.0298105963,0.999267519],"scale":1.00000012,"type":"screenfence1"}
{"ctxid":0,"pos":[-822.49823,-514.864441,108.056625],"rotationMatrix":[-0.741959691,-0.670441329,0.00206729863,0.670004427,-0.741357565,0.0385110192,-0.0242867693,0.0299587213,0.999256015],"scale":1,"type":"screenfence1"}
{"ctxid":0,"pos":[-824.759583,-516.97406,108.056015],"rotationMatrix":[-0.741568089,-0.670874774,0.00197426509,0.670427382,-0.740959287,0.0388135612,-0.0245761871,0.0301064998,0.999244511],"scale":1,"type":"screenfence1"}
{"ctxid":0,"pos":[-827.019775,-519.084961,108.055176],"rotationMatrix":[-0.741156578,-0.671329618,0.00188523252,0.670871735,-0.74054122,0.03911414,-0.02486239,0.0302544478,0.999232948],"scale":1.00000012,"type":"screenfence1"}
{"ctxid":0,"pos":[-829.278687,-521.197144,108.054085],"rotationMatrix":[-0.740722418,-0.67180866,0.00180024933,0.671340287,-0.740100503,0.0394122526,-0.0251451284,0.0304021239,0.999221385],"scale":0.999999881,"type":"screenfence1"}
{"ctxid":0,"pos":[-831.536072,-523.310852,108.052734],"rotationMatrix":[-0.740265489,-0.672312438,0.00171951763,0.671833694,-0.739636779,0.039708022,-0.0254243761,0.0305497088,0.999209821],"scale":1.00000024,"type":"screenfence1"}
{"ctxid":0,"pos":[-177.631668,163.305069,122.755043],"rotationMatrix":[-0.709829211,0.704373896,-0.000187646234,-0.704373896,-0.709829211,3.3076547e-05,-0.000109898523,0.000155651796,1],"scale":0.99999994,"type":"screenfence1"}
{"ctxid":0,"pos":[-179.824661,165.469879,122.751442],"rotationMatrix":[-0.7098279,0.704375207,0.00024405084,-0.704375207,-0.7098279,3.41800296e-05,0.000197309651,-0.000147641418,0.99999994],"scale":0.99999994,"type":"screenfence1"}
{"ctxid":0,"pos":[-182.017761,167.634872,122.749046],"rotationMatrix":[-0.709832311,0.70437032,0.000605855428,-0.704370439,-0.70983243,3.51209019e-05,0.000454794004,-0.000401816709,0.999999821],"scale":0.99999994,"type":"screenfence1"}
{"ctxid":0,"pos":[-184.211029,169.799988,122.747673],"rotationMatrix":[-0.709822774,0.704379737,0.000890634139,-0.704379976,-0.709823132,3.58188408e-05,0.000657422817,-0.000601919834,0.999999583],"scale":0.99999994,"type":"screenfence1"}
{"ctxid":0,"pos":[-186.404404,171.96524,122.74707],"rotationMatrix":[-0.709827542,0.704374671,0.00108951749,-0.704375029,-0.7098279,3.6345562e-05,0.000798970868,-0.000741629861,0.999999404],"scale":1,"type":"screenfence1"}
{"ctxid":0,"pos":[-188.598114,174.130829,122.746918],"rotationMatrix":[-0.709809303,0.704393029,0.00117036584,-0.704393506,-0.70980978,3.65478918e-05,0.000856481085,-0.000798456022,0.999999285],"scale":0.99999994,"type":"screenfence1"}
{"ctxid":0,"pos":[-190.797928,176.29332,122.728149],"rotationMatrix":[-0.709831119,0.70437181,0.000216493965,-0.704369783,-0.709828258,-0.00264725555,-0.00171097892,-0.00203159638,0.999996483],"scale":0.99999994,"type":"screenfence1"}
{"ctxid":0,"pos":[-193.000595,178.45491,122.698029],"rotationMatrix":[-0.70982933,0.704372466,-0.00124326115,-0.704352796,-0.709820867,-0.00641873572,-0.00540367374,-0.00368051324,0.999978602],"scale":0.99999994,"type":"screenfence1"}
{"ctxid":0,"pos":[-195.203491,180.616547,122.662445],"rotationMatrix":[-0.709831834,0.704365492,-0.00285095349,-0.70431006,-0.709817767,-0.0103047173,-0.00928194448,-0.00530666066,0.999942839],"scale":0.99999994,"type":"screenfence1"}
{"ctxid":0,"pos":[-197.406815,182.778244,122.620689],"rotationMatrix":[-0.709826827,0.704360902,-0.00463018194,-0.704249203,-0.70980835,-0.0143141216,-0.0133688506,-0.00689974707,0.999886811],"scale":0.99999994,"type":"screenfence1"}
{"ctxid":0,"pos":[-199.610413,184.940048,122.572342],"rotationMatrix":[-0.709823251,0.704348922,-0.00659277756,-0.704157948,-0.709803462,-0.0184494611,-0.0176744349,-0.00845350139,0.999808073],"scale":0.99999994,"type":"screenfence1"}
{"ctxid":0,"pos":[-201.814362,187.101898,122.516632],"rotationMatrix":[-0.709816456,0.704332113,-0.00875898823,-0.704036117,-0.709800601,-0.0227177404,-0.0222179703,-0.00995878223,0.999703526],"scale":0.999999881,"type":"screenfence1"}
{"ctxid":0,"pos":[-204.018707,189.263794,122.452957],"rotationMatrix":[-0.709799647,0.704315603,-0.0111448094,-0.703885615,-0.709795475,-0.0271227509,-0.0270135105,-0.0114070466,0.999570012],"scale":1,"type":"screenfence1"}
{"ctxid":0,"pos":[-206.223358,191.425888,122.380554],"rotationMatrix":[-0.709775925,0.704292893,-0.013767424,-0.703696728,-0.709794164,-0.0316689387,-0.032076247,-0.0127897598,0.999403596],"scale":0.999999881,"type":"screenfence1"}
{"ctxid":0,"pos":[-208.428253,193.58783,122.298523],"rotationMatrix":[-0.709759116,0.704247653,-0.0166470837,-0.703449667,-0.709814429,-0.0363605395,-0.0374231637,-0.0140968412,0.999200046],"scale":0.99999994,"type":"screenfence1"}
{"ctxid":0,"pos":[-210.633453,195.750031,122.206108],"rotationMatrix":[-0.709721804,0.704203963,-0.0197893213,-0.703164816,-0.709832191,-0.0411981158,-0.0430589765,-0.0153240515,0.998955011],"scale":0.99999994,"type":"screenfence1"}
{"ctxid":0,"pos":[-212.838943,197.912018,122.102646],"rotationMatrix":[-0.709666491,0.704155922,-0.0231976137,-0.702832937,-0.709854484,-0.0461798795,-0.048984766,-0.0164682604,0.998663723],"scale":0.99999994,"type":"screenfence1"}
{"ctxid":0,"pos":[-215.044418,200.073944,121.987183],"rotationMatrix":[-0.709614277,0.704077661,-0.0268735737,-0.702424705,-0.709906459,-0.0513052195,-0.0552005842,-0.0175302494,0.998321354],"scale":1,"type":"screenfence1"}
{"ctxid":0,"pos":[-217.250015,202.235886,121.85881],"rotationMatrix":[-0.709532142,0.703999281,-0.0308084674,-0.701966882,-0.709959388,-0.0565697774,-0.0616978444,-0.0185115505,0.997923195],"scale":0.99999994,"type":"screenfence1"}
{"ctxid":0,"pos":[-219.45549,204.397491,121.716881],"rotationMatrix":[-0.709443092,0.703894198,-0.0349742994,-0.701430619,-0.7100389,-0.0619647019,-0.0684497133,-0.019428391,0.997465372],"scale":1,"type":"screenfence1"}
{"ctxid":0,"pos":[-221.66066,206.558685,121.560966],"rotationMatrix":[-0.709335566,0.703772724,-0.0393310301,-0.700824559,-0.710134983,-0.067476064,-0.0754181594,-0.0202990212,0.996945381],"scale":0.99999994,"type":"screenfence1"}
{"ctxid":0,"pos":[-223.865387,208.719437,121.390526],"rotationMatrix":[-0.709205151,0.703638852,-0.04382357,-0.700152099,-0.710242867,-0.0730897337,-0.0825541615,-0.0211524498,0.99636209],"scale":0.99999994,"type":"screenfence1"}
{"ctxid":0,"pos":[-166.582581,170.064911,122.759689],"rotationMatrix":[0.709818482,-0.704384208,0.000687693886,0.704384446,0.709818721,-3.178732e-05,-0.000465747493,0.000506964105,0.999999762],"scale":0.99999994,"type":"screenfence1"}
{"ctxid":0,"pos":[-168.775497,172.229828,122.754639],"rotationMatrix":[0.709829211,-0.704373777,0.000187652098,0.704373777,0.709829211,-3.30712792e-05,-0.000109906396,0.000155652175,1],"scale":0.99999994,"type":"screenfence1"}
{"ctxid":0,"pos":[-170.96846,174.394623,122.751022],"rotationMatrix":[0.7098279,-0.704375088,-0.000244043738,0.704375088,0.7098279,-3.41773011e-05,0.000197302696,-0.000147638333,0.99999994],"scale":0.999999881,"type":"screenfence1"}
{"ctxid":0,"pos":[-173.161621,176.559677,122.748619],"rotationMatrix":[0.709832489,-0.70437026,-0.00060584821,0.704370379,0.709832668,-3.51177296e-05,0.000454786728,-0.000401813828,0.999999821],"scale":0.99999994,"type":"screenfence1"}
{"ctxid":0,"pos":[-175.354767,178.724655,122.747238],"rotationMatrix":[0.709822774,-0.704379797,-0.000890629599,0.704380035,0.709823072,-3.58143006e-05,0.000657416298,-0.000601919834,0.999999583],"scale":0.99999994,"type":"screenfence1"}
{"ctxid":0,"pos":[-177.548203,180.889984,122.746628],"rotationMatrix":[0.709827662,-0.704374552,-0.00108951086,0.704374909,0.709828138,-3.63426225e-05,0.000798964291,-0.000741627067,0.999999404],"scale":1,"type":"screenfence1"}
{"ctxid":0,"pos":[-179.741684,183.055313,122.746475],"rotationMatrix":[0.709809303,-0.70439291,-0.00117035711,0.704393387,0.70980978,-3.65450687e-05,0.000856472994,-0.000798451714,0.999999285],"scale":0.99999994,"type":"screenfence1"}
{"ctxid":0,"pos":[-181.941788,185.218063,122.761444],"rotationMatrix":[0.709831417,-0.704371572,-0.000216485292,0.704369545,0.709828556,0.00264726044,-0.00171098765,-0.00203159428,0.999996483],"scale":0.999999881,"type":"screenfence1"}
{"ctxid":0,"pos":[-184.144669,187.379547,122.778748],"rotationMatrix":[0.709829569,-0.704372406,0.00124326767,0.704352736,0.709821105,0.00641873945,-0.00540368073,-0.00368051208,0.999978602],"scale":0.99999994,"type":"screenfence1"}
{"ctxid":0,"pos":[-186.348114,189.541138,122.792023],"rotationMatrix":[0.709832072,-0.704365194,0.0028509635,0.704309762,0.709817946,0.0103047201,-0.009281951,-0.00530665927,0.999942839],"scale":0.999999881,"type":"screenfence1"}
{"ctxid":0,"pos":[-188.552185,191.702728,122.800674],"rotationMatrix":[0.709826887,-0.704360962,0.00463019358,0.704249263,0.709808469,0.0143141169,-0.0133688562,-0.00689973449,0.999886811],"scale":0.999999881,"type":"screenfence1"}
{"ctxid":0,"pos":[-190.756943,193.864487,122.804321],"rotationMatrix":[0.70982343,-0.704348862,0.00659279292,0.704157889,0.7098037,0.0184494611,-0.0176744442,-0.00845349208,0.999808073],"scale":0.999999881,"type":"screenfence1"}
{"ctxid":0,"pos":[-192.962418,196.026306,122.802284],"rotationMatrix":[0.709816694,-0.704331994,0.00875901245,0.704035997,0.709800839,0.0227177255,-0.0222179759,-0.00995875895,0.999703526],"scale":0.999999821,"type":"screenfence1"}
{"ctxid":0,"pos":[-195.168671,198.188126,122.793991],"rotationMatrix":[0.709799588,-0.704315484,0.0111448262,0.703885496,0.709795475,0.0271227509,-0.0270135198,-0.0114070363,0.999569952],"scale":0.99999994,"type":"screenfence1"}
{"ctxid":0,"pos":[-197.375671,200.350204,122.778748],"rotationMatrix":[0.709775925,-0.704292953,0.0137674389,0.703696787,0.709794283,0.0316689536,-0.0320762694,-0.0127897589,0.999403596],"scale":0.999999881,"type":"screenfence1"}
{"ctxid":0,"pos":[-199.583679,202.512405,122.755699],"rotationMatrix":[0.709759295,-0.704247594,0.0166471004,0.703449607,0.709814548,0.0363605358,-0.0374231748,-0.0140968328,0.999200046],"scale":0.999999881,"type":"screenfence1"}
{"ctxid":0,"pos":[-201.792465,204.67482,122.724113],"rotationMatrix":[0.709721863,-0.704204023,0.0197893456,0.703164876,0.709832311,0.0411981083,-0.0430589914,-0.0153240226,0.998955011],"scale":0.99999994,"type":"screenfence1"}
{"ctxid":0,"pos":[-204.002121,206.837082,122.683289],"rotationMatrix":[0.709666491,-0.704155803,0.0231976286,0.702832818,0.709854484,0.046179872,-0.048984766,-0.0164682455,0.998663723],"scale":0.99999994,"type":"screenfence1"}
{"ctxid":0,"pos":[-206.212723,208.999664,122.632263],"rotationMatrix":[0.709614038,-0.704077899,0.0268736146,0.702424943,0.70990634,0.0513052195,-0.0552006178,-0.0175302047,0.998321354],"scale":0.99999994,"type":"screenfence1"}
{"ctxid":0,"pos":[-208.424103,211.162277,122.570084],"rotationMatrix":[0.709532261,-0.703999162,0.0308084935,0.701966763,0.709959507,0.0565697849,-0.061697863,-0.0185115486,0.997923195],"scale":0.999999881,"type":"screenfence1"}
{"ctxid":0,"pos":[-210.636307,213.324875,122.495987],"rotationMatrix":[0.709443331,-0.703894138,0.0349743217,0.701430559,0.710039139,0.0619646907,-0.0684497207,-0.0194283798,0.997465372],"scale":1,"type":"screenfence1"}
{"ctxid":0,"pos":[-212.849091,215.487274,122.409363],"rotationMatrix":[0.709335685,-0.703772664,0.0393310636,0.700824499,0.710135221,0.0674760416,-0.0754181594,-0.0202989969,0.996945381],"scale":0.99999994,"type":"screenfence1"}
{"ctxid":0,"pos":[-215.062286,217.649399,122.309509],"rotationMatrix":[0.70920521,-0.703638732,0.0438236184,0.70015198,0.710242987,0.0730897114,-0.0825541764,-0.0211524125,0.99636209],"scale":0.999999881,"type":"screenfence1"}
