{"ctxid":0,"pos":[-338.089996,-8.11760044,109.569962],"rotationMatrix":[0.9647246,0.251419842,-0.0780675709,-0.239141896,0.960916936,0.13946265,0.110080123,-0.115873814,0.987145185],"scale":0.789900005,"type":"shrub_e"}
{"ctxid":0,"pos":[-386.274994,-64.2141037,105.255341],"rotationMatrix":[0.68342483,0.725731671,-0.079018943,-0.690257847,0.677639127,0.253671497,0.237643778,-0.118821926,0.964057446],"scale":0.893999994,"type":"shrub_e"}
{"ctxid":0,"pos":[-388.739014,-74.4297028,104.579117],"rotationMatrix":[0.996749222,0.0313686095,-0.0742090419,-0.0268889274,0.997799098,0.0606132634,0.0759470686,-0.0584208183,0.995398939],"scale":0.532000005,"type":"shrub_e"}
{"ctxid":0,"pos":[-387.471008,-96.1156998,103.289497],"rotationMatrix":[-0.282060862,0.956686974,0.0720548183,-0.956383944,-0.286328316,0.0578460321,0.0759718567,-0.052595973,0.995721817],"scale":0.577099979,"type":"shrub_e"}
{"ctxid":0,"pos":[-442.996002,-22.5170994,103.471146],"rotationMatrix":[0.772922575,-0.472869962,0.423065901,0.552213311,0.829711437,-0.0814826936,-0.312491894,0.296602428,0.902427733],"scale":1.20949996,"type":"shrub_e"}
{"ctxid":0,"pos":[-454.779999,-19.9354992,99.5017242],"rotationMatrix":[-0.0837868452,0.99361217,-0.0755973905,-0.96044302,-0.10074234,-0.259616107,-0.265573502,0.050854601,0.962748408],"scale":1.01320004,"type":"shrub_e"}
{"ctxid":0,"pos":[-431.640991,-203.612,100.256622],"rotationMatrix":[-0.281920671,-0.959437728,0,0.959437728,-0.281920671,0,0,0,1],"scale":1.05680001,"type":"shrub_e"}
{"ctxid":0,"pos":[-393.438995,-240.526993,97.7670975],"rotationMatrix":[-0.119905829,0.992785275,0,-0.992785275,-0.119905829,0,0,0,1],"scale":0.966199994,"type":"shrub_e"}
{"ctxid":0,"pos":[-409.890991,-245.029007,100.024002],"rotationMatrix":[-0.994803429,0.101814233,0,-0.101814233,-0.994803429,0,0,0,1],"scale":0.604300022,"type":"shrub_e"}
{"ctxid":0,"pos":[-339.945007,-334.890015,111.638],"rotationMatrix":[0.768391848,0.639979661,0,-0.639979661,0.768391848,0,0,0,1],"scale":0.754700005,"type":"shrub_e"}
{"ctxid":0,"pos":[-336.244995,-486.276001,107.694221],"rotationMatrix":[0.846082985,-0.533035696,0.00407221168,0.530997694,0.842129052,-0.094128117,0.0467443056,0.0818025321,0.995551765],"scale":0.980799973,"type":"shrub_e"}
{"ctxid":0,"pos":[-359.540985,-452.235992,106.104103],"rotationMatrix":[0.165237606,0.982776582,-0.0827423185,-0.985144198,0.168447912,0.0334029123,0.0467653684,0.0759937316,0.996011019],"scale":0.950100005,"type":"shrub_e"}
{"ctxid":0,"pos":[-419.639008,-299.520996,99.7266159],"rotationMatrix":[-0.775104761,-0.631832719,0,0.631832719,-0.775104761,0,0,0,1],"scale":1.2823,"type":"shrub_e"}
{"ctxid":0,"pos":[-391.665009,-254.889008,97.9172974],"rotationMatrix":[0.971439481,-0.237287447,0,0.237287447,0.971439481,0,0,0,1],"scale":0.867900014,"type":"shrub_e"}
{"ctxid":0,"pos":[-396.35199,-292.088989,101.731003],"rotationMatrix":[-0.874047995,-0.485839576,0,0.485839576,-0.874047995,0,0,0,1],"scale":0.957700014,"type":"shrub_e"}
{"ctxid":0,"pos":[-407.722992,-250.235992,100.490997],"rotationMatrix":[0.919439077,0.393232465,0,-0.393232465,0.919439077,0,0,0,1],"scale":0.560699999,"type":"shrub_e"}
{"ctxid":0,"pos":[-421.442993,-349.30899,101.581039],"rotationMatrix":[0.709341645,-0.7045632,0.0206198208,0.704767287,0.708453178,-0.037378855,0.0117275817,0.0410465524,0.999088407],"scale":1.03079998,"type":"shrub_e"}
{"ctxid":0,"pos":[-393.437012,-402.660004,103.8703],"rotationMatrix":[0.157117546,0.985221028,-0.0682156608,-0.987145901,0.158720791,0.0187210012,0.0292715579,0.0643974245,0.997494936],"scale":1.25220001,"type":"shrub_e"}
{"ctxid":0,"pos":[-101.778,-995.825989,137.427002],"rotationMatrix":[-0.61388576,-0.789394855,0,0.789394855,-0.61388576,0,0,0,1],"scale":1.20749998,"type":"shrub_e"}
{"ctxid":0,"pos":[-87.7143021,-994.278992,134.041],"rotationMatrix":[-0.573183298,0.819427192,0,-0.819427192,-0.573183298,0,0,0,1],"scale":1.04069996,"type":"shrub_e"}
{"ctxid":0,"pos":[-201.908997,-765.372986,131.885193],"rotationMatrix":[0.860502362,-0.509446442,0,0.509446442,0.860502362,0,0,0,1],"scale":0.850499988,"type":"shrub_e"}
{"ctxid":0,"pos":[-333.963989,-733.715027,139.186005],"rotationMatrix":[-0.755563259,0.655075669,0,-0.655075669,-0.755563259,0,0,0,1],"scale":0.649399996,"type":"shrub_e"}
{"ctxid":0,"pos":[-374.998169,-879.325195,138.285004],"rotationMatrix":[0.841853142,-0.539706647,0,0.539706647,0.841853142,0,0,0,1],"scale":0.812099993,"type":"shrub_e"}
{"ctxid":0,"pos":[-398.317139,-902.584656,140.416367],"rotationMatrix":[-0.664385319,0.707879245,0.239789084,-0.598713696,-0.696126461,0.39616859,0.447363138,0.119643629,0.886313498],"scale":0.885900021,"type":"shrub_e"}
{"ctxid":0,"pos":[-399.351013,-893.518982,139.994049],"rotationMatrix":[-0.873420358,-0.00266483915,0.486960143,-0.00266483915,-0.999944091,-0.0102517921,0.486960143,-0.0102517921,0.873364031],"scale":0.897000015,"type":"shrub_e"}
{"ctxid":0,"pos":[-397.308014,-875.468018,140.250275],"rotationMatrix":[-0.185440421,-0.981933534,-0.0376662314,0.914622962,-0.158460498,-0.371961594,0.359272927,-0.103427038,0.927483618],"scale":0.895699978,"type":"shrub_e"}
{"ctxid":0,"pos":[-427.033997,-959.588989,151.705002],"rotationMatrix":[-0.999200225,-0.0399863794,0,0.0399863794,-0.999200225,0,0,0,1],"scale":0.912199974,"type":"shrub_e"}
{"ctxid":0,"pos":[-460.849762,-936.776306,153.35321],"rotationMatrix":[-0.750694633,-0.660649359,0,0.660649359,-0.750694633,0,0,0,1],"scale":0.761099994,"type":"shrub_e"}
{"ctxid":0,"pos":[-478.751862,-910.83197,156.062943],"rotationMatrix":[0.673083067,-0.739566863,0,0.739566863,0.673083067,0,0,0,1],"scale":0.597800016,"type":"shrub_e"}
{"ctxid":0,"pos":[-559.901001,-155.981003,102.629997],"rotationMatrix":[0.743528843,-0.668703854,0,0.668703854,0.743528843,0,0,0,1],"scale":0.873399973,"type":"shrub_e"}
{"ctxid":0,"pos":[-747.737976,-115.084999,104.647049],"rotationMatrix":[0.393179774,-0.905749738,-0.158198833,0.898552835,0.414992392,-0.142772168,0.19496718,-0.0860149264,0.977030814],"scale":0.805400014,"type":"shrub_e"}
{"ctxid":0,"pos":[-508.231995,-311.911987,100.278],"rotationMatrix":[-0.902810216,-0.430039197,0,0.430039197,-0.902810216,0,0,0,1],"scale":1.10510004,"type":"shrub_e"}
{"ctxid":0,"pos":[-564.163025,-364.888,106.382004],"rotationMatrix":[0.150052786,-0.988677979,0,0.988677979,0.150052786,0,0,0,1],"scale":0.999499977,"type":"shrub_e"}
{"ctxid":0,"pos":[-611.101013,-327.041992,110.333221],"rotationMatrix":[-0.976469517,0.215655476,0,-0.215655476,-0.976469517,0,0,0,1],"scale":0.703499973,"type":"shrub_e"}
{"ctxid":0,"pos":[-611.801025,-328.613007,110.791458],"rotationMatrix":[0.906082153,0.423101813,0,-0.423101813,0.906082153,0,0,0,1],"scale":0.549300015,"type":"shrub_e"}
{"ctxid":0,"pos":[-536.637024,-473.554871,117.487999],"rotationMatrix":[-0.623962402,-0.781454384,0,0.781454384,-0.623962402,0,0,0,1],"scale":0.872600019,"type":"shrub_e"}
{"ctxid":0,"pos":[-668.978027,-313.101013,104.623001],"rotationMatrix":[-0.703857899,0.710340798,0,-0.710340798,-0.703857899,0,0,0,1],"scale":1.17200005,"type":"shrub_e"}
{"ctxid":0,"pos":[-729.649841,-373.43573,105.28273],"rotationMatrix":[-0.437190533,-0.899368882,0,0.899368882,-0.437190533,0,0,0,1],"scale":0.771499991,"type":"shrub_e"}
{"ctxid":0,"pos":[-703.551147,-349.328094,105.967003],"rotationMatrix":[0.976887465,0.213754252,0,-0.213754252,0.976887465,0,0,0,1],"scale":0.7421,"type":"shrub_e"}
{"ctxid":0,"pos":[-673.440979,-362.574005,108.358002],"rotationMatrix":[-0.160678506,0.987006783,0,-0.987006783,-0.160678506,0,0,0,1],"scale":0.725099981,"type":"shrub_e"}
{"ctxid":0,"pos":[-762.544983,-81.074501,103.672997],"rotationMatrix":[-0.99520278,0.0978336707,0,-0.0978336707,-0.99520278,0,0,0,1],"scale":0.546500027,"type":"shrub_e"}
{"ctxid":0,"pos":[-781.302979,-68.2558975,106.086998],"rotationMatrix":[0.0863184929,0.996267617,0,-0.996267617,0.0863184929,0,0,0,1],"scale":0.522800028,"type":"shrub_e"}
{"ctxid":0,"pos":[-750.276978,-95.1900024,104.209],"rotationMatrix":[-0.759312868,-0.650725722,0,0.650725722,-0.759312868,0,0,0,1],"scale":0.539699972,"type":"shrub_e"}
{"ctxid":0,"pos":[-814.78302,-52.4776993,115.388],"rotationMatrix":[0.420466185,0.907308221,0,-0.907308221,0.420466185,0,0,0,1],"scale":0.917299986,"type":"shrub_e"}
{"ctxid":0,"pos":[-831.590027,-158.722,103.800003],"rotationMatrix":[-0.984430432,0.175774634,0,-0.175774634,-0.984430432,0,0,0,1],"scale":0.925700009,"type":"shrub_e"}
{"ctxid":0,"pos":[-782.018982,-420.807007,103.650002],"rotationMatrix":[-0.92080009,-0.390034854,0,0.390034854,-0.92080009,0,0,0,1],"scale":0.979600012,"type":"shrub_e"}
{"ctxid":0,"pos":[-752.390259,-401.064972,106.035057],"rotationMatrix":[0.944555521,0.328351736,0,-0.328351736,0.944555521,0,0,0,1],"scale":0.626699984,"type":"shrub_e"}
{"ctxid":0,"pos":[-886.960022,-471.713013,99.3758011],"rotationMatrix":[-0.860134721,-0.510066926,0,0.510066926,-0.860134721,0,0,0,1],"scale":0.800000012,"type":"shrub_e"}
{"ctxid":0,"pos":[-891.484009,-470.201996,98.3029022],"rotationMatrix":[0.988839865,0.148982286,0,-0.148982286,0.988839865,0,0,0,1],"scale":0.591300011,"type":"shrub_e"}
{"ctxid":0,"pos":[-901.815979,-465.687988,98.7577972],"rotationMatrix":[0.907464027,-0.420129776,0,0.420129776,0.907464027,0,0,0,1],"scale":0.786199987,"type":"shrub_e"}
{"ctxid":0,"pos":[-613.067017,-923.189026,161.744995],"rotationMatrix":[0.717097521,-0.696972847,0,0.696972847,0.717097521,0,0,0,1],"scale":0.926500022,"type":"shrub_e"}
{"ctxid":0,"pos":[-591.833984,-920.078003,160.533997],"rotationMatrix":[-0.310580373,-0.950547099,0,0.950547099,-0.310580373,0,0,0,1],"scale":0.663800001,"type":"shrub_e"}
{"ctxid":0,"pos":[-595.465027,-928.588013,162.068802],"rotationMatrix":[-0.336103559,0.914933205,-0.22345306,-0.936182976,-0.350481153,-0.0269067809,-0.102934048,0.200149506,0.97434324],"scale":0.816999972,"type":"shrub_e"}
{"ctxid":0,"pos":[-603.77301,-941.263977,164.421005],"rotationMatrix":[0.822630286,-0.568576634,0,0.568576634,0.822630286,0,0,0,1],"scale":0.535000026,"type":"shrub_e"}
{"ctxid":0,"pos":[-707.360168,-918.247437,164.854553],"rotationMatrix":[-0.793239236,-0.608910084,0,0.608910084,-0.793239236,0,0,0,1],"scale":0.771200001,"type":"shrub_e"}
{"ctxid":0,"pos":[-700.343018,-926.655029,165.112],"rotationMatrix":[-0.988416791,0.151763782,0,-0.151763782,-0.988416791,0,0,0,1],"scale":0.749599993,"type":"shrub_e"}
{"ctxid":0,"pos":[-727.583008,-937.513,165.947998],"rotationMatrix":[0.958815575,-0.284029394,0,0.284029394,0.958815575,0,0,0,1],"scale":0.765200019,"type":"shrub_e"}
{"ctxid":0,"pos":[-774.83197,-922.711975,161.723007],"rotationMatrix":[-0.230880499,0.972982109,0,-0.972982109,-0.230880499,0,0,0,1],"scale":0.820599973,"type":"shrub_e"}
{"ctxid":0,"pos":[-768.565002,-926.14502,163.169006],"rotationMatrix":[0.991155505,-0.132705554,0,0.132705554,0.991155505,0,0,0,1],"scale":0.597599983,"type":"shrub_e"}
{"ctxid":0,"pos":[-863.179016,-972.737,149.005005],"rotationMatrix":[0.998595476,-0.0529818349,0,0.0529818349,0.998595476,0,0,0,1],"scale":0.97329998,"type":"shrub_e"}
{"ctxid":0,"pos":[-868.744019,-951.083984,146.462006],"rotationMatrix":[0.46023941,0.887794852,0,-0.887794852,0.46023941,0,0,0,1],"scale":0.793900013,"type":"shrub_e"}
{"ctxid":0,"pos":[-874.619995,-949.33197,147.231003],"rotationMatrix":[0.989804029,-0.142435893,0,0.142435893,0.989804029,0,0,0,1],"scale":0.542299986,"type":"shrub_e"}
{"ctxid":0,"pos":[-874.697021,-943.922974,147.533005],"rotationMatrix":[0.446858406,0.894604683,0,-0.894604683,0.446858406,0,0,0,1],"scale":0.830500007,"type":"shrub_e"}
{"ctxid":0,"pos":[-927.448975,-855.969971,123.063004],"rotationMatrix":[0.962899208,0.269861281,0,-0.269861281,0.962899208,0,0,0,1],"scale":0.604300022,"type":"shrub_e"}
{"ctxid":0,"pos":[-931.594971,-853.039001,127.208],"rotationMatrix":[0.859867811,-0.510516763,0,0.510516763,0.859867811,0,0,0,1],"scale":0.813799977,"type":"shrub_e"}
{"ctxid":0,"pos":[-929.830017,-848.56897,125.126999],"rotationMatrix":[-0.61029458,-0.792174578,0,0.792174578,-0.61029458,0,0,0,1],"scale":0.661000013,"type":"shrub_e"}
{"ctxid":0,"pos":[-892.616028,-900.919983,129.800003],"rotationMatrix":[0.925964475,-0.377610624,0,0.377610624,0.925964475,0,0,0,1],"scale":0.997500002,"type":"shrub_e"}
{"ctxid":0,"pos":[-934.591003,-989.646973,141.740005],"rotationMatrix":[0.694237947,0.719745576,0,-0.719745576,0.694237947,0,0,0,1],"scale":0.765100002,"type":"shrub_e"}
{"ctxid":0,"pos":[-934.599976,-991.973999,142.651001],"rotationMatrix":[0.773939133,-0.633260012,0,0.633260012,0.773939133,0,0,0,1],"scale":0.720399976,"type":"shrub_e"}
{"ctxid":0,"pos":[-928.177002,-993.695984,143.914993],"rotationMatrix":[-0.953078508,-0.302723229,0,0.302723229,-0.953078508,0,0,0,1],"scale":0.917299986,"type":"shrub_e"}
{"ctxid":0,"pos":[-930.627014,-997.033997,145.973007],"rotationMatrix":[0.360419512,0.932790339,0,-0.932790339,0.360419512,0,0,0,1],"scale":0.612299979,"type":"shrub_e"}
{"ctxid":0,"pos":[-926.078003,-994.93103,145.255005],"rotationMatrix":[0.874198675,-0.485568404,0,0.485568404,0.874198675,0,0,0,1],"scale":0.611599982,"type":"shrub_e"}
{"ctxid":0,"pos":[-922.729004,-992.504028,144.018997],"rotationMatrix":[-0.935724854,0.352730781,0,-0.352730781,-0.935724854,0,0,0,1],"scale":0.590499997,"type":"shrub_e"}
{"ctxid":0,"pos":[-929.393005,-967.067017,139.552002],"rotationMatrix":[0.756677151,-0.653788745,0,0.653788745,0.756677151,0,0,0,1],"scale":0.514400005,"type":"shrub_e"}
{"ctxid":0,"pos":[-927.648987,-962.919006,139.052994],"rotationMatrix":[-0.764193177,0.644987404,0,-0.644987404,-0.764193177,0,0,0,1],"scale":0.923600018,"type":"shrub_e"}
{"ctxid":0,"pos":[-936.039978,-960.734985,140.742996],"rotationMatrix":[-0.99520278,-0.0978336707,0,0.0978336707,-0.99520278,0,0,0,1],"scale":0.659399986,"type":"shrub_e"}
{"ctxid":0,"pos":[-935.921021,-964.299011,140.362],"rotationMatrix":[0.373695612,-0.927551389,0,0.927551389,0.373695612,0,0,0,1],"scale":0.765500009,"type":"shrub_e"}
{"ctxid":0,"pos":[-886.663025,-983.802979,146.369003],"rotationMatrix":[-0.936118484,-0.351684779,0,0.351684779,-0.936118484,0,0,0,1],"scale":0.971400023,"type":"shrub_e"}
{"ctxid":0,"pos":[-884.38501,-982.278992,146.757996],"rotationMatrix":[-0.531949997,-0.84677577,0,0.84677577,-0.531949997,0,0,0,1],"scale":0.960900009,"type":"shrub_e"}
{"ctxid":0,"pos":[-881.775024,-982.06897,146.789993],"rotationMatrix":[0.978326321,0.207069099,0,-0.207069099,0.978326321,0,0,0,1],"scale":0.765399992,"type":"shrub_e"}
{"ctxid":0,"pos":[-877.281982,-979.841003,147.210007],"rotationMatrix":[-0.489192843,0.872175634,0,-0.872175634,-0.489192843,0,0,0,1],"scale":0.931299984,"type":"shrub_e"}
{"ctxid":0,"pos":[-875.635986,-979.994995,147.585007],"rotationMatrix":[0.549509764,-0.835487306,0,0.835487306,0.549509764,0,0,0,1],"scale":0.615199983,"type":"shrub_e"}
{"ctxid":0,"pos":[-894.205994,-985.934021,145.882996],"rotationMatrix":[0.498599052,0.866832733,0,-0.866832733,0.498599052,0,0,0,1],"scale":0.581700027,"type":"shrub_e"}
{"ctxid":0,"pos":[-896.357971,-984.184021,145.975006],"rotationMatrix":[0.952568054,-0.30432564,0,0.30432564,0.952568054,0,0,0,1],"scale":0.663900018,"type":"shrub_e"}
{"ctxid":0,"pos":[-900.075989,-987.015991,145.195999],"rotationMatrix":[-0.0857485533,0.996316791,0,-0.996316791,-0.0857485533,0,0,0,1],"scale":0.882099986,"type":"shrub_e"}
{"ctxid":0,"pos":[-879.906982,-954.452026,145.449005],"rotationMatrix":[0.201657534,-0.979456067,0,0.979456067,0.201657534,0,0,0,1],"scale":0.785899997,"type":"shrub_e"}
{"ctxid":0,"pos":[-882.528015,-952.35498,145.490005],"rotationMatrix":[0.844206333,-0.536018372,0,0.536018372,0.844206333,0,0,0,1],"scale":0.815400004,"type":"shrub_e"}
{"ctxid":0,"pos":[-875.234009,-950.754028,146.419006],"rotationMatrix":[-0.587405682,0.809292614,0,-0.809292614,-0.587405682,0,0,0,1],"scale":0.8829,"type":"shrub_e"}
{"ctxid":0,"pos":[-879.958008,-949.702026,147.061996],"rotationMatrix":[-0.0327718258,0.999462843,0,-0.999462843,-0.0327718258,0,0,0,1],"scale":0.936600029,"type":"shrub_e"}
{"ctxid":0,"pos":[-883.463989,-946.299011,147.824997],"rotationMatrix":[-0.0370880365,-0.999311984,0,0.999311984,-0.0370880365,0,0,0,1],"scale":0.95389998,"type":"shrub_e"}
{"ctxid":0,"pos":[-875.291992,-945.697998,147.852005],"rotationMatrix":[-0.960596085,0.277948141,0,-0.277948141,-0.960596085,0,0,0,1],"scale":0.686999977,"type":"shrub_e"}
{"ctxid":0,"pos":[-876.520996,-943.395996,148.182999],"rotationMatrix":[0.209724069,0.977760613,0,-0.977760613,0.209724069,0,0,0,1],"scale":0.510900021,"type":"shrub_e"}
{"ctxid":0,"pos":[-876.051025,-941.862976,149.639008],"rotationMatrix":[0.630887747,-0.775874138,0,0.775874138,0.630887747,0,0,0,1],"scale":0.592199981,"type":"shrub_e"}
{"ctxid":0,"pos":[-877.862,-944.640991,148.533005],"rotationMatrix":[-0.0498005152,0.99875921,0,-0.99875921,-0.0498005152,0,0,0,1],"scale":0.598999977,"type":"shrub_e"}
{"ctxid":0,"pos":[-903.281982,-984.130981,145.468994],"rotationMatrix":[-0.971700907,-0.236214623,0,0.236214623,-0.971700907,0,0,0,1],"scale":0.895500004,"type":"shrub_e"}
{"ctxid":0,"pos":[-898.473999,-985.757996,145.763],"rotationMatrix":[0.559327364,0.828946888,0,-0.828946888,0.559327364,0,0,0,1],"scale":0.724099994,"type":"shrub_e"}
{"ctxid":0,"pos":[-902.104004,-993.02002,148.847],"rotationMatrix":[-0.90398109,0.427572429,0,-0.427572429,-0.90398109,0,0,0,1],"scale":0.679400027,"type":"shrub_e"}
{"ctxid":0,"pos":[-896.982971,-989.965027,147.800995],"rotationMatrix":[0.58667767,0.809820533,0,-0.809820533,0.58667767,0,0,0,1],"scale":0.977800012,"type":"shrub_e"}
{"ctxid":0,"pos":[-891.349976,-986.036011,147.093994],"rotationMatrix":[0.976542234,0.215325952,0,-0.215325952,0.976542234,0,0,0,1],"scale":0.591099977,"type":"shrub_e"}
{"ctxid":0,"pos":[-968.755005,-928.984985,137.274994],"rotationMatrix":[0.910112023,-0.414362282,0,0.414362282,0.910112023,0,0,0,1],"scale":0.77670002,"type":"shrub_e"}
{"ctxid":0,"pos":[-967.151001,-916.914001,138.572998],"rotationMatrix":[0.939447999,-0.342691481,0,0.342691481,0.939447999,0,0,0,1],"scale":0.968200028,"type":"shrub_e"}
{"ctxid":0,"pos":[-965.190002,-916.484009,138.524002],"rotationMatrix":[-0.960991979,-0.276576251,0,0.276576251,-0.960991979,0,0,0,1],"scale":0.510299981,"type":"shrub_e"}
{"ctxid":0,"pos":[-966.125977,-910.473999,140.602997],"rotationMatrix":[0.922854066,0.385149807,0,-0.385149807,0.922854066,0,0,0,1],"scale":0.807099998,"type":"shrub_e"}
{"ctxid":0,"pos":[-971.580017,-908.981995,142.399994],"rotationMatrix":[-0.988017917,0.154339224,0,-0.154339224,-0.988017917,0,0,0,1],"scale":0.872600019,"type":"shrub_e"}
{"ctxid":0,"pos":[-971.117004,-911.835999,141.018997],"rotationMatrix":[0.994612694,0.103660934,0,-0.103660934,0.994612694,0,0,0,1],"scale":0.915799975,"type":"shrub_e"}
{"ctxid":0,"pos":[-973.833008,-919.734009,139.490997],"rotationMatrix":[-0.552321911,-0.833630919,0,0.833630919,-0.552321911,0,0,0,1],"scale":0.868200004,"type":"shrub_e"}
{"ctxid":0,"pos":[-978.013,-926.273987,140.080002],"rotationMatrix":[-0.31966269,-0.947531402,0,0.947531402,-0.31966269,0,0,0,1],"scale":0.538600028,"type":"shrub_e"}
{"ctxid":0,"pos":[-975.908997,-972.314026,141.345001],"rotationMatrix":[0.997577906,-0.0695580468,0,0.0695580468,0.997577906,0,0,0,1],"scale":0.672900021,"type":"shrub_e"}
{"ctxid":0,"pos":[-981.435974,-961.716003,141.319],"rotationMatrix":[-0.982438684,0.186585724,0,-0.186585724,-0.982438684,0,0,0,1],"scale":0.790600002,"type":"shrub_e"}
{"ctxid":0,"pos":[-970.146973,-937.953003,136.419006],"rotationMatrix":[-0.666772723,-0.745261133,0,0.745261133,-0.666772723,0,0,0,1],"scale":0.668799996,"type":"shrub_e"}
{"ctxid":0,"pos":[-979.969971,-939.02002,139.772995],"rotationMatrix":[-0.415571451,0.909560561,0,-0.909560561,-0.415571451,0,0,0,1],"scale":0.989099979,"type":"shrub_e"}
{"ctxid":0,"pos":[-980.060974,-959.515991,140.843994],"rotationMatrix":[0.430755496,-0.902468681,0,0.902468681,0.430755496,0,0,0,1],"scale":0.601899981,"type":"shrub_e"}
{"ctxid":0,"pos":[-957.877991,-991.770996,142.576004],"rotationMatrix":[0.0486278534,-0.998816967,0,0.998816967,0.0486278534,0,0,0,1],"scale":0.536599994,"type":"shrub_e"}
{"ctxid":0,"pos":[-950.03302,-988.442017,141.869995],"rotationMatrix":[-0.808801889,0.588081181,0,-0.588081181,-0.808801889,0,0,0,1],"scale":0.548300028,"type":"shrub_e"}
{"ctxid":0,"pos":[-942.223999,-987.695984,141.356995],"rotationMatrix":[-0.945180774,-0.326547563,0,0.326547563,-0.945180774,0,0,0,1],"scale":0.812600017,"type":"shrub_e"}
{"ctxid":0,"pos":[-939.427979,-992.835022,143.703003],"rotationMatrix":[-0.774351239,0.632755995,0,-0.632755995,-0.774351239,0,0,0,1],"scale":0.97359997,"type":"shrub_e"}
{"ctxid":0,"pos":[-938.870972,-963.317993,140.889008],"rotationMatrix":[0.98164475,0.190718606,0,-0.190718606,0.98164475,0,0,0,1],"scale":0.598500013,"type":"shrub_e"}
{"ctxid":0,"pos":[-100.526001,-1006.07001,138.013],"rotationMatrix":[-0.305404902,-0.952222586,0,0.952222586,-0.305404902,0,0,0,1],"scale":1.1997,"type":"shrub_e"}
{"ctxid":0,"pos":[-933.575989,-1003.65997,147.304993],"rotationMatrix":[0.687475801,-0.726207316,0,0.726207316,0.687475801,0,0,0,1],"scale":0.680499971,"type":"shrub_e"}
{"ctxid":0,"pos":[-936.698975,-1005.31,148.738007],"rotationMatrix":[-0.900080085,-0.435724497,0,0.435724497,-0.900080085,0,0,0,1],"scale":0.869300008,"type":"shrub_e"}
{"ctxid":0,"pos":[-951.400024,-1001.13,148.354996],"rotationMatrix":[-0.957429051,-0.288668692,0,0.288668692,-0.957429051,0,0,0,1],"scale":0.639699996,"type":"shrub_e"}
{"ctxid":0,"pos":[-968.234375,-1015.32141,150.017075],"rotationMatrix":[0.415650487,-0.873320937,0.25405708,0.807186127,0.482926011,0.339459479,-0.419147879,0.0639749467,0.905661225],"scale":0.936200023,"type":"shrub_e"}
{"ctxid":0,"pos":[-968.466003,-1023.15997,152.386002],"rotationMatrix":[-0.147006631,0.989135504,0,-0.989135504,-0.147006631,0,0,0,1],"scale":0.542200029,"type":"shrub_e"}
{"ctxid":0,"pos":[-936.046021,-1000.62,146.643997],"rotationMatrix":[-0.923545003,0.383490056,0,-0.383490056,-0.923545003,0,0,0,1],"scale":0.996100008,"type":"shrub_e"}
{"ctxid":0,"pos":[-926.559021,-1001.31,146.746994],"rotationMatrix":[-0.69574523,-0.71828866,0,0.71828866,-0.69574523,0,0,0,1],"scale":0.960799992,"type":"shrub_e"}
{"ctxid":0,"pos":[-1001.26001,-212.613007,105.990524],"rotationMatrix":[-0.81070447,0.585455596,0,-0.585455596,-0.81070447,0,0,0,1],"scale":0.908900023,"type":"shrub_e"}
{"ctxid":0,"pos":[-1021.16998,-124.334999,125.545517],"rotationMatrix":[-0.684490204,-0.131405681,0.717080951,-0.0848013163,-0.962591648,-0.257342935,0.724072695,-0.236958221,0.647741795],"scale":0.593100011,"type":"shrub_e"}
{"ctxid":0,"pos":[-1017.85999,-125.277,124.366417],"rotationMatrix":[0.926118374,0.377233028,0,-0.377233028,0.926118374,0,0,0,1],"scale":0.64349997,"type":"shrub_e"}
{"ctxid":0,"pos":[-1016.15997,-104.915001,133.903595],"rotationMatrix":[0.969495535,-0.245108977,0,0.245108977,0.969495535,0,0,0,1],"scale":0.901199996,"type":"shrub_e"}
{"ctxid":0,"pos":[-1043.22998,-137.089996,133.869049],"rotationMatrix":[-0.385113597,0.922869205,0,-0.922869205,-0.385113597,0,0,0,1],"scale":0.683899999,"type":"shrub_e"}
{"ctxid":0,"pos":[-1039.06006,-47.8582001,164.722],"rotationMatrix":[0.751487494,0.659747362,0,-0.659747362,0.751487494,0,0,0,1],"scale":0.879100025,"type":"shrub_e"}
{"ctxid":0,"pos":[-1039.13,-56.0918999,162.535004],"rotationMatrix":[-0.906323433,-0.422584713,0,0.422584713,-0.906323433,0,0,0,1],"scale":0.510999978,"type":"shrub_e"}
{"ctxid":0,"pos":[-1022.42999,-58.6464996,152.081589],"rotationMatrix":[0.79826045,0.602312446,0,-0.602312446,0.79826045,0,0,0,1],"scale":0.968200028,"type":"shrub_e"}
{"ctxid":0,"pos":[-150.154999,648.044006,74.4238968],"rotationMatrix":[0.342654228,-0.939461589,0,0.939461589,0.342654228,0,0,0,1],"scale":0.651899993,"type":"shrub_e"}
{"ctxid":0,"pos":[-144.496002,596.052002,74.6752014],"rotationMatrix":[0.198875189,-0.980024815,0,0.980024815,0.198875189,0,0,0,1],"scale":0.758599997,"type":"shrub_e"}
{"ctxid":0,"pos":[-234.787338,578.106201,75.0468979],"rotationMatrix":[-0.553026915,-0.833163381,0,0.833163381,-0.553026915,0,0,0,1],"scale":0.999000013,"type":"shrub_e"}
{"ctxid":0,"pos":[-218.718002,576.400024,74.8968964],"rotationMatrix":[0.99552536,0.0944947451,0,-0.0944947451,0.99552536,0,0,0,1],"scale":0.65990001,"type":"shrub_e"}
{"ctxid":0,"pos":[-222.320007,514.013,74.9187012],"rotationMatrix":[0.006513834,-0.999978781,0,0.999978781,0.006513834,0,0,0,1],"scale":0.96329999,"type":"shrub_e"}
{"ctxid":0,"pos":[-216.792999,513.419006,75.0985031],"rotationMatrix":[-0.178419471,-0.983954489,0,0.983954489,-0.178419471,0,0,0,1],"scale":0.617500007,"type":"shrub_e"}
{"ctxid":0,"pos":[-251.878006,538.698975,75.0697021],"rotationMatrix":[-0.595255256,0.803536654,0,-0.803536654,-0.595255256,0,0,0,1],"scale":0.605700016,"type":"shrub_e"}
{"ctxid":0,"pos":[-254.074753,533.688721,74.9268036],"rotationMatrix":[-0.87474966,0.484574854,0,-0.484574854,-0.87474966,0,0,0,0.999999881],"scale":0.919399977,"type":"shrub_e"}
{"ctxid":0,"pos":[-252.483002,532.14801,75.1249008],"rotationMatrix":[-0.990012527,0.140979424,0,-0.140979424,-0.990012527,0,0,0,1],"scale":0.592599988,"type":"shrub_e"}
{"ctxid":0,"pos":[-257.338013,542.197998,74.781601],"rotationMatrix":[-0.0940163136,0.99557066,0,-0.99557066,-0.0940163136,0,0,0,1],"scale":0.74940002,"type":"shrub_e"}
{"ctxid":0,"pos":[-83.9114151,355.547577,104.921997],"rotationMatrix":[-0.981642365,-0.19073087,0,0.19073087,-0.981642365,0,0,0,1],"scale":0.931400001,"type":"shrub_e"}
{"ctxid":0,"pos":[-107.045998,330.850006,105.66169],"rotationMatrix":[0.869940758,-0.186348483,0.456593245,0.236853942,0.969964147,-0.0554050393,-0.432554454,0.156344995,0.887948751],"scale":0.508000016,"type":"shrub_e"}
{"ctxid":0,"pos":[-108.084,329.088013,105.554634],"rotationMatrix":[-0.0531036854,-0.970563412,0.234917566,0.895363331,0.0578866005,0.441557944,-0.44215858,0.233785033,0.86593318],"scale":0.527700007,"type":"shrub_e"}
{"ctxid":0,"pos":[-61.7705002,341.345001,112.781998],"rotationMatrix":[-0.870177984,-0.492737532,0,0.492737532,-0.870177984,0,0,0,1],"scale":0.928600013,"type":"shrub_e"}
{"ctxid":0,"pos":[-168.160995,438.177002,76.6195984],"rotationMatrix":[0.763465643,0.645848453,0,-0.645848453,0.763465643,0,0,0,1],"scale":0.776499987,"type":"shrub_e"}
{"ctxid":0,"pos":[-167.873993,441.53299,75.6953964],"rotationMatrix":[-0.062007308,-0.998075724,0,0.998075724,-0.062007308,0,0,0,1],"scale":0.896399975,"type":"shrub_e"}
{"ctxid":0,"pos":[-169.511993,447.147003,75.2705002],"rotationMatrix":[-0.029612422,0.999561429,0,-0.999561429,-0.029612422,0,0,0,1],"scale":0.67809999,"type":"shrub_e"}
{"ctxid":0,"pos":[-178.151001,458.729004,77.0229034],"rotationMatrix":[-0.793618083,-0.608416259,0,0.608416259,-0.793618083,0,0,0,1],"scale":0.8028,"type":"shrub_e"}
{"ctxid":0,"pos":[-179.682007,451.130005,77.1952972],"rotationMatrix":[-0.874822617,0.484443367,0,-0.484443367,-0.874822617,0,0,0,1],"scale":0.690900028,"type":"shrub_e"}
{"ctxid":0,"pos":[-183.233994,441.691986,78.1221008],"rotationMatrix":[-0.994403958,0.105644532,0,-0.105644532,-0.994403958,0,0,0,1],"scale":0.574899971,"type":"shrub_e"}
{"ctxid":0,"pos":[-197.643997,469.136993,74.8478012],"rotationMatrix":[0.81504631,-0.579395831,0,0.579395831,0.81504631,0,0,0,1],"scale":0.952700019,"type":"shrub_e"}
{"ctxid":0,"pos":[-194.850998,431.484009,77.6959991],"rotationMatrix":[0.112621546,-0.993637979,0,0.993637979,0.112621546,0,0,0,1],"scale":0.784399986,"type":"shrub_e"}
{"ctxid":0,"pos":[-126.487999,348.322998,99.9576035],"rotationMatrix":[-0.0233082771,-0.999728322,0,0.999728322,-0.0233082771,0,0,0,1],"scale":1.11450005,"type":"shrub_e"}
{"ctxid":0,"pos":[-132.296997,345.057007,99.6215973],"rotationMatrix":[-0.955846429,0.293866634,0,-0.293866634,-0.955846429,0,0,0,1],"scale":1.14419997,"type":"shrub_e"}
{"ctxid":0,"pos":[-150.897003,296.153015,98.1430969],"rotationMatrix":[-0.931005359,0.365005523,0,-0.365005523,-0.931005359,0,0,0,1],"scale":0.552399993,"type":"shrub_e"}
{"ctxid":0,"pos":[-0.804400027,228.593002,124.714996],"rotationMatrix":[0.873696566,-0.486471295,0,0.486471295,0.873696566,0,0,0,1],"scale":0.815900028,"type":"shrub_e"}
{"ctxid":0,"pos":[-14.3799,150.774994,127.237999],"rotationMatrix":[0.99260664,0.121375695,0,-0.121375695,0.99260664,0,0,0,1],"scale":0.556699991,"type":"shrub_e"}
{"ctxid":0,"pos":[-4.58260012,161.139008,126.896004],"rotationMatrix":[-0.574602604,0.81843257,0,-0.81843257,-0.574602604,0,0,0,1],"scale":0.648199975,"type":"shrub_e"}
{"ctxid":0,"pos":[-93.6352005,107.054001,126.080002],"rotationMatrix":[0.830405116,0.557160079,0,-0.557160079,0.830405116,0,0,0,1],"scale":0.695299983,"type":"shrub_e"}
{"ctxid":0,"pos":[-6.08339977,85.4449997,120.334999],"rotationMatrix":[0.83537674,0.549677789,0,-0.549677789,0.83537674,0,0,0,1],"scale":0.640200019,"type":"shrub_e"}
{"ctxid":0,"pos":[-26.8017998,103.669998,125.061996],"rotationMatrix":[-0.029899478,-0.999552906,0,0.999552906,-0.029899478,0,0,0,1],"scale":0.690800011,"type":"shrub_e"}
{"ctxid":0,"pos":[-18.4006004,113.110001,124.550003],"rotationMatrix":[-0.0816264153,-0.996662974,0,0.996662974,-0.0816264153,0,0,0,1],"scale":0.732299984,"type":"shrub_e"}
{"ctxid":0,"pos":[-330.932007,465.752014,87.5270004],"rotationMatrix":[0.0976381302,0.995221972,0,-0.995221972,0.0976381302,0,0,0,1],"scale":0.714299977,"type":"shrub_e"}
{"ctxid":0,"pos":[-360.77301,389.212006,99.1619034],"rotationMatrix":[0.568293691,-0.822825789,0,0.822825789,0.568293691,0,0,0,1],"scale":0.699100018,"type":"shrub_e"}
{"ctxid":0,"pos":[-368.591003,397.174011,98.1337967],"rotationMatrix":[0.406167984,0.913798451,0,-0.913798451,0.406167984,0,0,0,1],"scale":0.554099977,"type":"shrub_e"}
{"ctxid":0,"pos":[-494.627991,498.695007,97.9791031],"rotationMatrix":[-0.999599934,0.0282837879,0,-0.0282837879,-0.999599934,0,0,0,1],"scale":0.752699971,"type":"shrub_e"}
{"ctxid":0,"pos":[-388.885986,283.973999,101.668999],"rotationMatrix":[-0.083686471,-0.996492147,0,0.996492147,-0.083686471,0,0,0,1],"scale":0.691429317,"type":"shrub_e"}
{"ctxid":0,"pos":[-386.915009,286.229004,101.843002],"rotationMatrix":[-0.242833734,0.970067918,0,-0.970067918,-0.242833734,0,0,0,1],"scale":0.54610002,"type":"shrub_e"}
{"ctxid":0,"pos":[-398.376007,275.222992,101.539001],"rotationMatrix":[0.878574133,0.477605999,0,-0.477605999,0.878574133,0,0,0,1],"scale":0.664499998,"type":"shrub_e"}
{"ctxid":0,"pos":[-402.497589,270.606323,101.623001],"rotationMatrix":[-0.910621524,0.413241386,0,-0.413241386,-0.910621524,0,0,0,1],"scale":0.509752214,"type":"shrub_e"}
{"ctxid":0,"pos":[-406.867004,265.613007,101.625],"rotationMatrix":[-0.188265204,-0.982118249,0,0.982118249,-0.188265204,0,0,0,1],"scale":0.529529691,"type":"shrub_e"}
{"ctxid":0,"pos":[-409.062988,263.596985,101.611],"rotationMatrix":[0.0406104326,-0.999175072,0,0.999175072,0.0406104326,0,0,0,1],"scale":0.572547197,"type":"shrub_e"}
{"ctxid":0,"pos":[-412.244995,6.06239986,107.459747],"rotationMatrix":[-0.769934893,0.476147473,-0.424833119,-0.553383052,-0.82972455,0.072964415,-0.317752779,0.291273355,0.902326405],"scale":1.26409996,"type":"shrub_e"}
{"ctxid":0,"pos":[-413.65799,13.7511997,104.684685],"rotationMatrix":[-0.38579905,-0.920662403,0.0594902597,0.905383587,-0.365426183,0.21620214,-0.177309901,0.137272179,0.974534512],"scale":0.980499983,"type":"shrub_e"}
{"ctxid":0,"pos":[-421.040009,15.6349001,102.843369],"rotationMatrix":[-0.928192377,-0.339767098,-0.151710987,0.307133913,-0.929737568,0.203115493,-0.210063457,0.141934752,0.967330277],"scale":1.06939995,"type":"shrub_e"}
{"ctxid":0,"pos":[-408.557007,26.4752998,103.464226],"rotationMatrix":[-0.955827117,-0.271121055,-0.113520034,0.229161412,-0.929244399,0.289808303,-0.18406108,0.250992388,0.950328529],"scale":1.14750004,"type":"shrub_e"}
{"ctxid":0,"pos":[-391.213013,33.8908997,105.568123],"rotationMatrix":[0.583274603,0.809029222,-0.0725442395,-0.775521874,0.528096795,-0.345947653,-0.241571307,0.258042127,0.93544513],"scale":1.14699996,"type":"shrub_e"}
{"ctxid":0,"pos":[-591.593994,789.366028,74.5195007],"rotationMatrix":[0.0516600609,0.998664737,0,-0.998664737,0.0516600609,0,0,0,1],"scale":0.487528563,"type":"shrub_e"}
{"ctxid":0,"pos":[-721.624023,789.762024,80.7682037],"rotationMatrix":[-0.772467852,-0.635053873,0,0.635053873,-0.772467852,0,0,0,1],"scale":0.578999996,"type":"shrub_e"}
{"ctxid":0,"pos":[-723.267029,789.55603,81.2779007],"rotationMatrix":[-0.537907243,-0.843004048,0,0.843004048,-0.537907243,0,0,0,1],"scale":0.531099975,"type":"shrub_e"}
{"ctxid":0,"pos":[-564.129028,743.406006,75.6369019],"rotationMatrix":[0.808295727,-0.588776708,0,0.588776708,0.808295727,0,0,0,1],"scale":0.912599981,"type":"shrub_e"}
{"ctxid":0,"pos":[-621.50061,614.187134,97.9202881],"rotationMatrix":[-0.993205786,-0.116371244,0,0.116371244,-0.993205786,0,0,0,1],"scale":0.617399991,"type":"shrub_e"}
{"ctxid":0,"pos":[-618.151428,618.608459,97.3003693],"rotationMatrix":[0.956285954,0.292433143,0,-0.292433143,0.956285954,0,0,0,0.999999881],"scale":0.784799993,"type":"shrub_e"}
{"ctxid":0,"pos":[-514.979004,540.687988,96.1684036],"rotationMatrix":[-0.71606338,-0.69803524,0,0.69803524,-0.71606338,0,0,0,1],"scale":0.733699977,"type":"shrub_e"}
{"ctxid":0,"pos":[-704.934998,671.450012,103.372002],"rotationMatrix":[0.889267802,-0.457386911,0,0.457386911,0.889267802,0,0,0,1],"scale":0.592899978,"type":"shrub_e"}
{"ctxid":0,"pos":[-675.422974,637,105.958],"rotationMatrix":[0.992751837,0.12018232,0,-0.12018232,0.992751837,0,0,0,1],"scale":0.81099999,"type":"shrub_e"}
{"ctxid":0,"pos":[-703.655029,632.257996,105.862999],"rotationMatrix":[-0.784160614,0.620557904,0,-0.620557904,-0.784160614,0,0,0,1],"scale":0.859399974,"type":"shrub_e"}
{"ctxid":0,"pos":[-717.448975,631.729004,105.748001],"rotationMatrix":[-0.397123218,0.917765319,0,-0.917765319,-0.397123218,0,0,0,1],"scale":0.628499985,"type":"shrub_e"}
{"ctxid":0,"pos":[-621.63208,645.412354,92.6309433],"rotationMatrix":[0.737622261,0.675213575,0,-0.675213575,0.737622261,0,0,0,1],"scale":0.749100029,"type":"shrub_e"}
{"ctxid":0,"pos":[-643.315979,594.359009,105.856407],"rotationMatrix":[-0.19503212,0.790370345,0.580755949,-0.882558942,-0.399723053,0.247611701,0.427846402,-0.464259088,0.775506973],"scale":0.873000026,"type":"shrub_e"}
{"ctxid":0,"pos":[-825.590515,895.488525,75.6241379],"rotationMatrix":[0.217535645,0.976052165,0,-0.976052165,0.217535645,0,0,0,0.999999762],"scale":0.46951282,"type":"shrub_e"}
{"ctxid":0,"pos":[-786.360535,888.482666,75.6351242],"rotationMatrix":[0.591599107,0.806232154,0,-0.806232154,0.591599107,0,0,0,0.999999881],"scale":0.463059008,"type":"shrub_e"}
{"ctxid":0,"pos":[-842.987549,861.919556,75.0614014],"rotationMatrix":[0.64871037,0.761035383,0,-0.761035383,0.64871037,0,0,0,1],"scale":0.765500009,"type":"shrub_e"}
{"ctxid":0,"pos":[-857.630005,861.836975,74.8507996],"rotationMatrix":[-0.979254007,-0.2026366,0,0.2026366,-0.979254007,0,0,0,1],"scale":0.598399997,"type":"shrub_e"}
{"ctxid":0,"pos":[-868.268982,862.215027,75.0393219],"rotationMatrix":[0.946902335,0.321521074,0,-0.321521074,0.946902335,0,0,0,0.999999881],"scale":0.725899994,"type":"shrub_e"}
{"ctxid":0,"pos":[-905.973999,809.741028,85.4289169],"rotationMatrix":[0.986021996,0.166615203,0,-0.166615203,0.986021996,0,0,0,1],"scale":0.573099971,"type":"shrub_e"}
{"ctxid":0,"pos":[-905.763855,841.072693,79.1501999],"rotationMatrix":[-0.421132833,-0.906998813,0,0.906998813,-0.421132833,0,0,0,0.999999881],"scale":0.726899981,"type":"shrub_e"}
{"ctxid":0,"pos":[-905.479126,849.252014,77.314476],"rotationMatrix":[-0.366168439,-0.930548489,0,0.930548489,-0.366168439,0,0,0,0.999999881],"scale":0.73784709,"type":"shrub_e"}
{"ctxid":0,"pos":[-931.684998,841.125,80.4587021],"rotationMatrix":[0.880830407,0.473431945,0,-0.473431945,0.880830407,0,0,0,1],"scale":0.783299983,"type":"shrub_e"}
{"ctxid":0,"pos":[-552.606018,128.856003,100.901161],"rotationMatrix":[-0.996338367,0.0854964256,0,-0.0854964256,-0.996338367,0,0,0,0.999999881],"scale":0.809599996,"type":"shrub_e"}
{"ctxid":0,"pos":[-539.015991,175.664001,101.408775],"rotationMatrix":[0.280719876,-0.959789753,0,0.959789753,0.280719876,0,0,0,1],"scale":0.500036895,"type":"shrub_e"}
{"ctxid":0,"pos":[-502.057068,37.429287,98.6819],"rotationMatrix":[-0.932184935,0.361982375,0,-0.361982375,-0.932184935,0,0,0,1],"scale":0.765460074,"type":"shrub_e"}
{"ctxid":0,"pos":[-679.392029,37.3443985,102.447998],"rotationMatrix":[-0.52355969,0.851988971,0,-0.851988971,-0.52355969,0,0,0,1],"scale":0.534600019,"type":"shrub_e"}
{"ctxid":0,"pos":[-685.575989,45.3922005,103.008003],"rotationMatrix":[-0.910230517,0.414101928,0,-0.414101928,-0.910230517,0,0,0,1],"scale":0.970600009,"type":"shrub_e"}
{"ctxid":0,"pos":[-844.047974,310.929993,159.311996],"rotationMatrix":[0.150052786,0.988677979,0,-0.988677979,0.150052786,0,0,0,1],"scale":0.870999992,"type":"shrub_e"}
{"ctxid":0,"pos":[-841.552979,313.833008,159.580994],"rotationMatrix":[-0.811465621,-0.584400177,0,0.584400177,-0.811465621,0,0,0,1],"scale":0.989000022,"type":"shrub_e"}
{"ctxid":0,"pos":[-878.997986,306.539001,159.300003],"rotationMatrix":[0.981683016,0.190521538,0,-0.190521538,0.981683016,0,0,0,1],"scale":0.993300021,"type":"shrub_e"}
{"ctxid":0,"pos":[-861.612,87.3999023,136.582748],"rotationMatrix":[-0.164570332,0.840487719,0.516233623,-0.984566927,-0.108384371,-0.137408182,-0.0595382452,-0.530879796,0.845353127],"scale":0.514900029,"type":"shrub_e"}
{"ctxid":0,"pos":[-816.231995,67.0434036,126.791046],"rotationMatrix":[-0.975674152,0.219224721,0,-0.219224721,-0.975674152,0,0,0,1],"scale":0.805400014,"type":"shrub_e"}
{"ctxid":0,"pos":[-826.495972,51.1693993,126.537598],"rotationMatrix":[0.916537583,-0.363301873,0.167244032,0.326059699,0.920905411,0.213584363,-0.231611535,-0.14122656,0.962502539],"scale":0.758300006,"type":"shrub_e"}
{"ctxid":0,"pos":[-819.208984,53.6506004,126.791046],"rotationMatrix":[-0.995602131,0.0936798826,0,-0.0936798826,-0.995602131,0,0,0,1],"scale":0.907100022,"type":"shrub_e"}
{"ctxid":0,"pos":[-873.22699,30.5044994,126.184616],"rotationMatrix":[0.929285645,0.0516410097,-0.365734071,-0.181315929,0.926443458,-0.329889387,0.321796089,0.372874886,0.870293975],"scale":0.716099977,"type":"shrub_e"}
{"ctxid":0,"pos":[-833.262024,18.3757,118.081001],"rotationMatrix":[-0.383782387,0.923423588,0,-0.923423588,-0.383782387,0,0,0,1],"scale":0.989799976,"type":"shrub_e"}
{"ctxid":0,"pos":[-980.945984,153.292007,159.007004],"rotationMatrix":[-0.36488235,0.931053638,0,-0.931053638,-0.36488235,0,0,0,1],"scale":0.909600019,"type":"shrub_e"}
{"ctxid":0,"pos":[-974.68103,148.768005,158.380997],"rotationMatrix":[0.096832037,0.99530071,0,-0.99530071,0.096832037,0,0,0,1],"scale":0.680899978,"type":"shrub_e"}
{"ctxid":0,"pos":[-912.276978,134.072998,149.026993],"rotationMatrix":[0.0383927822,0.99926275,0,-0.99926275,0.0383927822,0,0,0,1],"scale":0.840200007,"type":"shrub_e"}
{"ctxid":0,"pos":[-897.68103,23.3894005,130.457993],"rotationMatrix":[-0.634793639,-0.772681713,0,0.772681713,-0.634793639,0,0,0,1],"scale":0.713,"type":"shrub_e"}
{"ctxid":0,"pos":[-879.455017,35.3400993,127.812592],"rotationMatrix":[0.0514968634,0.872622073,-0.485672951,-0.986142576,0.121228576,0.113252088,0.157703623,0.473110795,0.866773129],"scale":0.680299997,"type":"shrub_e"}
{"ctxid":0,"pos":[-1049.33997,34.7327003,178.046997],"rotationMatrix":[-0.67884481,-0.734281778,0,0.734281778,-0.67884481,0,0,0,1],"scale":0.516099989,"type":"shrub_e"}
{"ctxid":0,"pos":[-1047.92004,44.6214981,178.427994],"rotationMatrix":[0.998364091,-0.0571764112,0,0.0571764112,0.998364091,0,0,0,1],"scale":0.792100012,"type":"shrub_e"}
{"ctxid":0,"pos":[-1168.12,43.9031982,216.475006],"rotationMatrix":[-0.208390594,-0.978045702,0,0.978045702,-0.208390594,0,0,0,1],"scale":0.892199993,"type":"shrub_e"}
{"ctxid":0,"pos":[-1119.23999,993.60199,77.7841034],"rotationMatrix":[-0.509626865,0.860395551,0,-0.860395551,-0.509626865,0,0,0,1],"scale":0.648999989,"type":"shrub_e"}
{"ctxid":0,"pos":[-1001.32001,173.223999,163.934937],"rotationMatrix":[0.34723258,-0.937779069,0,0.937779069,0.34723258,0,0,0,1],"scale":0.804700017,"type":"shrub_e"}
