{"ctxid":0,"pos":[-365.213989,-48.480999,107.181252],"rotationMatrix":[-0.770772576,0.605741441,0.197449744,-0.621977508,-0.782561779,-0.0272127464,0.138032794,-0.143784165,0.979935229],"scale":0.635800004,"type":"shrub_f"}
{"ctxid":0,"pos":[-368.882996,-58.5667992,106.076614],"rotationMatrix":[-0.960067868,0.279356778,-0.015150588,-0.271111131,-0.942364335,-0.19608216,-0.0690542459,-0.184144691,0.980470419],"scale":0.688199997,"type":"shrub_f"}
{"ctxid":0,"pos":[-381.670013,-54.1278992,107.020332],"rotationMatrix":[0.250034332,-0.858057022,-0.448576719,0.947620392,0.311960101,-0.0685321093,0.198742539,-0.407945007,0.891112924],"scale":0.984000027,"type":"shrub_f"}
{"ctxid":0,"pos":[-389.065002,-62.9748993,105.888184],"rotationMatrix":[-0.856188774,0.478694111,0.194403902,-0.506354809,-0.852228284,-0.131574661,0.10269247,-0.211090088,0.972057223],"scale":0.84890002,"type":"shrub_f"}
{"ctxid":0,"pos":[-391.472992,-80.1868973,104.130997],"rotationMatrix":[-0.050090313,0.998744667,0,-0.998744667,-0.050090313,0,0,0,1],"scale":0.609099984,"type":"shrub_f"}
{"ctxid":0,"pos":[-380.437012,-85.0145035,103.651466],"rotationMatrix":[0.459449351,0.879249036,0.125807971,-0.85973686,0.475812852,-0.185620144,-0.223067373,-0.0228786767,0.974534512],"scale":0.687399983,"type":"shrub_f"}
{"ctxid":0,"pos":[-377.540009,-72.8058014,104.228798],"rotationMatrix":[0.998835981,0.0403229482,-0.0264712833,-0.0383471511,0.996715903,0.071322836,0.0292602964,-0.0702247098,0.997101963],"scale":0.56400001,"type":"shrub_f"}
{"ctxid":0,"pos":[-449.888,-34.1604996,103.377571],"rotationMatrix":[0.855117559,0.17862606,0.486689448,-0.0341987386,0.956158936,-0.2908445,-0.517304897,0.232062057,0.823737085],"scale":1.16900003,"type":"shrub_f"}
{"ctxid":0,"pos":[-453.196991,-23.6254997,100.250793],"rotationMatrix":[0.665678799,0.725044727,0.176584333,-0.680251122,0.686869502,-0.255868793,-0.306806684,0.0502047986,0.950446844],"scale":1.22300005,"type":"shrub_f"}
{"ctxid":0,"pos":[-454.039001,-6.81510019,99.1319199],"rotationMatrix":[-0.839611888,-0.53250277,-0.107204549,0.514928102,-0.843105078,0.15499334,-0.172919065,0.0749316067,0.982081592],"scale":1.03110003,"type":"shrub_f"}
{"ctxid":0,"pos":[-483.558014,-50.1348991,98.8699036],"rotationMatrix":[-0.983633518,0.180180743,0,-0.180180743,-0.983633518,0,0,0,1],"scale":0.510699987,"type":"shrub_f"}
{"ctxid":0,"pos":[-404.028015,-139.679993,102.272003],"rotationMatrix":[-0.34906745,0.937097609,0,-0.937097609,-0.34906745,0,0,0,1],"scale":0.680499971,"type":"shrub_f"}
{"ctxid":0,"pos":[-414.128448,-209.93956,100.059998],"rotationMatrix":[-0.234020472,0.972231686,0,-0.972231686,-0.234020472,0,0,0,1],"scale":1.25940001,"type":"shrub_f"}
{"ctxid":0,"pos":[-396.27301,-223.888,98.0923996],"rotationMatrix":[-0.835144758,-0.550030231,0,0.550030231,-0.835144758,0,0,0,1],"scale":0.577799976,"type":"shrub_f"}
{"ctxid":0,"pos":[-397.403992,-226.772003,98.5033035],"rotationMatrix":[-0.99520278,0.0978336707,0,-0.0978336707,-0.99520278,0,0,0,1],"scale":0.656199992,"type":"shrub_f"}
{"ctxid":0,"pos":[-397.100006,-214.031998,98.1983032],"rotationMatrix":[-0.264686108,0.964334607,0,-0.964334607,-0.264686108,0,0,0,1],"scale":0.641200006,"type":"shrub_f"}
{"ctxid":0,"pos":[-398.671265,-210.825806,98.4120026],"rotationMatrix":[-0.383782387,-0.923423588,0,0.923423588,-0.383782387,0,0,0,1],"scale":0.657100022,"type":"shrub_f"}
{"ctxid":0,"pos":[-347.359985,-471.240997,107.022781],"rotationMatrix":[0.211239874,0.97369206,-0.0854491368,-0.97601819,0.214830458,0.0351639688,0.0525959507,0.0759718716,0.995721817],"scale":1.13469994,"type":"shrub_f"}
{"ctxid":0,"pos":[-352.071014,-461.871002,106.502419],"rotationMatrix":[0.342311382,0.934982717,-0.0928983018,-0.938422978,0.345131218,0.0157031789,0.0467442945,0.0818025321,0.995551765],"scale":1.08700001,"type":"shrub_f"}
{"ctxid":0,"pos":[-414.636993,-294.356995,100.69751],"rotationMatrix":[0.940280318,0.340401113,0,-0.340401113,0.940280318,0,0,0,1],"scale":1.25,"type":"shrub_f"}
{"ctxid":0,"pos":[-385.798859,-284.825012,98.0379028],"rotationMatrix":[-0.757437468,0.652907729,0,-0.652907729,-0.757437468,0,0,0,1],"scale":0.594900012,"type":"shrub_f"}
{"ctxid":0,"pos":[-382.60199,-305.588989,99.1345978],"rotationMatrix":[0.156819105,-0.987627327,0,0.987627327,0.156819105,0,0,0,1],"scale":0.607299984,"type":"shrub_f"}
{"ctxid":0,"pos":[-383.501007,-298.104004,98.4064026],"rotationMatrix":[0.995712638,-0.0925005004,0,0.0925005004,0.995712638,0,0,0,1],"scale":0.591499984,"type":"shrub_f"}
{"ctxid":0,"pos":[-382.77774,-301.403015,98.513298],"rotationMatrix":[-0.983235359,-0.182340965,0,0.182340965,-0.983235359,0,0,0,1],"scale":0.551699996,"type":"shrub_f"}
{"ctxid":0,"pos":[-382.967987,-296.381012,98.3531036],"rotationMatrix":[-0.938874364,0.344259977,0,-0.344259977,-0.938874364,0,0,0,1],"scale":0.50940001,"type":"shrub_f"}
{"ctxid":0,"pos":[-397.30899,-275.891998,100.431],"rotationMatrix":[-0.829019427,0.559219778,0,-0.559219778,-0.829019427,0,0,0,1],"scale":0.549000025,"type":"shrub_f"}
{"ctxid":0,"pos":[-409.088013,-279.440002,102.185997],"rotationMatrix":[-0.82710731,-0.562044024,0,0.562044024,-0.82710731,0,0,0,1],"scale":0.589999974,"type":"shrub_f"}
{"ctxid":0,"pos":[-417.281006,-363.756989,102.162476],"rotationMatrix":[-0.998316169,-0.0562032126,0.0143574774,0.0568108447,-0.997317314,0.0461604446,0.011724595,0.0468983725,0.998830855],"scale":1.15320003,"type":"shrub_f"}
{"ctxid":0,"pos":[-497.59201,-262.727997,98.5891037],"rotationMatrix":[-0.885658145,0.464268774,0.00792365614,-0.464299291,-0.885674238,-0.00247334223,0.00586948637,-0.00586948637,0.999965549],"scale":1.01460004,"type":"shrub_f"}
{"ctxid":0,"pos":[-447.36554,-295.053009,100.298981],"rotationMatrix":[-0.970852256,-0.214649186,0.106635056,0.218908027,-0.975288749,0.0298442654,0.0975939408,0.0523176529,0.993850231],"scale":1.06050003,"type":"shrub_f"}
{"ctxid":0,"pos":[-441.427002,-311.0065,100.732773],"rotationMatrix":[-0.987594485,-0.12694712,0.0924223587,0.131296352,-0.990428329,0.0425818525,0.0861320719,0.0541883148,0.994808972],"scale":0.971899986,"type":"shrub_f"}
{"ctxid":0,"pos":[-384.377991,-417.835999,104.580307],"rotationMatrix":[0.519482136,0.851166427,-0.0751910359,-0.853980005,0.520176768,-0.011575086,0.0292602964,0.0702247098,0.997101963],"scale":0.939400017,"type":"shrub_f"}
{"ctxid":0,"pos":[-390.498138,-408.156006,104.127136],"rotationMatrix":[-0.981930733,-0.184801742,0.0407464504,0.186962798,-0.980663657,0.0578257591,0.0292722601,0.0643989593,0.997494817],"scale":1.06519997,"type":"shrub_f"}
{"ctxid":0,"pos":[-391.209991,-403.233002,103.84639],"rotationMatrix":[0.713754416,0.696876705,-0.0701257586,-0.699515045,0.71429497,-0.0214820467,0.0351201519,0.0643869191,0.997306824],"scale":1,"type":"shrub_f"}
{"ctxid":0,"pos":[-106.498001,-994.484985,138.488007],"rotationMatrix":[-0.525655031,0.850697815,0,-0.850697815,-0.525655031,0,0,0,1],"scale":1.06789994,"type":"shrub_f"}
{"ctxid":0,"pos":[-105.954002,-992.021973,137.195007],"rotationMatrix":[0.962735415,-0.270445049,0,0.270445049,0.962735415,0,0,0,1],"scale":1.09640002,"type":"shrub_f"}
{"ctxid":0,"pos":[-91.2797012,-989.468994,134.677231],"rotationMatrix":[-0.635546684,-0.673219681,0.377961576,0.761309505,-0.627881765,0.161776662,0.128404066,0.390562475,0.911577344],"scale":0.948899984,"type":"shrub_f"}
{"ctxid":0,"pos":[-98.6137009,-986.218994,134.368027],"rotationMatrix":[0.0223097801,-0.942033231,0.33477664,0.994283497,-0.0140659809,-0.105840266,0.104414061,0.335224211,0.93633455],"scale":1.28110003,"type":"shrub_f"}
{"ctxid":0,"pos":[-206.698517,-792.379639,134.37265],"rotationMatrix":[-0.585432768,-0.810720861,0,0.810720861,-0.585432768,0,0,0,0.999999881],"scale":0.529665411,"type":"shrub_f"}
{"ctxid":0,"pos":[-203.591599,-789.686951,134.445236],"rotationMatrix":[0.918708563,-0.394935787,0,0.394935787,0.918708563,0,0,0,0.999999881],"scale":0.349624455,"type":"shrub_f"}
{"ctxid":0,"pos":[-169.330887,-778.607666,132.355881],"rotationMatrix":[-0.505398989,0.862885714,0,-0.862885714,-0.505398989,0,0,0,0.999999881],"scale":0.550800025,"type":"shrub_f"}
{"ctxid":0,"pos":[-223.806915,-810.862976,136.571884],"rotationMatrix":[-0.585411131,-0.810736477,0,0.810736477,-0.585411131,0,0,0,0.999999881],"scale":0.360001743,"type":"shrub_f"}
{"ctxid":0,"pos":[-219.704254,-808.394043,136.566818],"rotationMatrix":[0.999864817,-0.0164389312,0,0.0164389312,0.999864817,0,0,0,0.999999881],"scale":0.407644928,"type":"shrub_f"}
{"ctxid":0,"pos":[-218.83902,-804.875732,135.941162],"rotationMatrix":[-0.991608858,0.129274413,0,-0.129274413,-0.991608858,0,0,0,1],"scale":0.546169698,"type":"shrub_f"}
{"ctxid":0,"pos":[-219.037003,-801.356995,136.217926],"rotationMatrix":[0.10380733,-0.994597435,0,0.994597435,0.10380733,0,0,0,1],"scale":0.502799988,"type":"shrub_f"}
{"ctxid":0,"pos":[-220.585007,-799.377991,136.748764],"rotationMatrix":[-0.362900496,-0.931827903,0,0.931827903,-0.362900496,0,0,0,1],"scale":0.514299989,"type":"shrub_f"}
{"ctxid":0,"pos":[-221.186005,-797.728027,136.748993],"rotationMatrix":[0.156299472,0.987709701,0,-0.987709701,0.156299472,0,0,0,1],"scale":0.557799995,"type":"shrub_f"}
{"ctxid":0,"pos":[-311.045013,-623.643005,123.25],"rotationMatrix":[-0.279040217,-0.960279405,0,0.960279405,-0.279040217,0,0,0,1],"scale":0.601899981,"type":"shrub_f"}
{"ctxid":0,"pos":[-366.294312,-580.838684,127.19532],"rotationMatrix":[-0.0287516117,0.999586582,0,-0.999586582,-0.0287516117,0,0,0,1],"scale":0.427899987,"type":"shrub_f"}
{"ctxid":0,"pos":[-357.297882,-620.070496,126.485992],"rotationMatrix":[-1,0,0,0,-1,0,0,0,1],"scale":0.522599995,"type":"shrub_f"}
{"ctxid":0,"pos":[-341.584991,-597.849976,125.143997],"rotationMatrix":[-0.105584502,0.994410336,0,-0.994410336,-0.105584502,0,0,0,1],"scale":0.381000012,"type":"shrub_f"}
{"ctxid":0,"pos":[-312.699005,-622.275024,123.719002],"rotationMatrix":[-0.890345573,-0.45528537,0,0.45528537,-0.890345573,0,0,0,1],"scale":0.673099995,"type":"shrub_f"}
{"ctxid":0,"pos":[-307.667053,-680.054321,125.164978],"rotationMatrix":[-0.146400809,-0.989225328,0,0.989225328,-0.146400809,0,0,0,1],"scale":0.62650001,"type":"shrub_f"}
{"ctxid":0,"pos":[-307.848999,-677.911011,125.090057],"rotationMatrix":[0.0372831821,0.999304712,0,-0.999304712,0.0372831821,0,0,0,1],"scale":0.671400011,"type":"shrub_f"}
{"ctxid":0,"pos":[-324.541992,-662.974976,126.129997],"rotationMatrix":[-0.255478501,0.966814756,0,-0.966814756,-0.255478501,0,0,0,1],"scale":0.504299998,"type":"shrub_f"}
{"ctxid":0,"pos":[-323.888,-664.698975,126.237999],"rotationMatrix":[0.477349043,-0.878713787,0,0.878713787,0.477349043,0,0,0,1],"scale":0.691399992,"type":"shrub_f"}
{"ctxid":0,"pos":[-321.535004,-664.974976,125.641998],"rotationMatrix":[0.893555045,0.448953658,0,-0.448953658,0.893555045,0,0,0,1],"scale":0.557500005,"type":"shrub_f"}
{"ctxid":0,"pos":[-422.416992,-540.992981,123.815002],"rotationMatrix":[-0.840896726,-0.541195631,0,0.541195631,-0.840896726,0,0,0,1],"scale":0.361099988,"type":"shrub_f"}
{"ctxid":0,"pos":[-425.080994,-543.718018,124.833],"rotationMatrix":[0.884607911,0.466335535,0,-0.466335535,0.884607911,0,0,0,1],"scale":0.386000007,"type":"shrub_f"}
{"ctxid":0,"pos":[-423.220001,-543.106018,124.252998],"rotationMatrix":[0.878869534,-0.477062196,0,0.477062196,0.878869534,0,0,0,1],"scale":0.618099988,"type":"shrub_f"}
{"ctxid":0,"pos":[-431.880005,-529.140991,123.114998],"rotationMatrix":[0.646863937,0.762605429,0,-0.762605429,0.646863937,0,0,0,1],"scale":0.514400005,"type":"shrub_f"}
{"ctxid":0,"pos":[-430.106995,-528.539978,122.964996],"rotationMatrix":[-0.780007243,-0.625770509,0,0.625770509,-0.780007243,0,0,0,1],"scale":0.62349999,"type":"shrub_f"}
{"ctxid":0,"pos":[-382.247009,-560.73999,126.412186],"rotationMatrix":[-0.549504161,-0.835491002,0,0.835491002,-0.549504161,0,0,0,1],"scale":0.686999977,"type":"shrub_f"}
{"ctxid":0,"pos":[-380.372009,-557.849976,123.767998],"rotationMatrix":[-0.860906482,-0.508763254,0,0.508763254,-0.860906482,0,0,0,1],"scale":0.585600019,"type":"shrub_f"}
{"ctxid":0,"pos":[-391.910004,-533.461975,121.75],"rotationMatrix":[-0.978060484,-0.208321124,0,0.208321124,-0.978060484,0,0,0,1],"scale":0.535099983,"type":"shrub_f"}
{"ctxid":0,"pos":[-409.890991,-566.97699,126.435303],"rotationMatrix":[-0.441601872,0.897211134,0,-0.897211134,-0.441601872,0,0,0,1],"scale":0.57069999,"type":"shrub_f"}
{"ctxid":0,"pos":[-417.085999,-567.617004,127.094002],"rotationMatrix":[-0.97448194,-0.224465922,0,0.224465922,-0.97448194,0,0,0,1],"scale":0.63440001,"type":"shrub_f"}
{"ctxid":0,"pos":[-467.137726,-521.149475,122.267075],"rotationMatrix":[0.666092038,-0.745869577,0,0.745869577,0.666092038,0,0,0,1],"scale":0.513999999,"type":"shrub_f"}
{"ctxid":0,"pos":[-431.528992,-641.393982,136.04863],"rotationMatrix":[0.551056087,-0.832855105,0.0518603921,0.779777408,0.491815865,-0.387381285,0.29712674,0.253908366,0.920459807],"scale":0.577600002,"type":"shrub_f"}
{"ctxid":0,"pos":[-360.385986,-864.507996,137.00383],"rotationMatrix":[0.796694338,-0.577958167,0.17675525,0.603746355,0.747647047,-0.276611775,0.02771952,0.327090412,0.944586396],"scale":0.634199977,"type":"shrub_f"}
{"ctxid":0,"pos":[-364.162994,-867.729004,137.830795],"rotationMatrix":[-0.985444546,0.0495923944,-0.162601128,-0.0861276835,-0.970302701,0.226040378,-0.146562472,0.23675479,0.960451245],"scale":0.698700011,"type":"shrub_f"}
{"ctxid":0,"pos":[-372.819,-877.460022,139.134628],"rotationMatrix":[-0.971746087,-0.184848219,-0.146765053,0.107598126,-0.900378108,0.421593755,-0.210074961,0.393890589,0.894828856],"scale":0.580299973,"type":"shrub_f"}
{"ctxid":0,"pos":[-370.51001,-883.526978,140.587997],"rotationMatrix":[0.912387013,0.40932864,0,-0.40932864,0.912387013,0,0,0,1],"scale":0.640500009,"type":"shrub_f"}
{"ctxid":0,"pos":[-400.033997,-902.518982,141.251144],"rotationMatrix":[-0.887737632,-0.132891849,0.440751106,0.174681887,-0.983063459,0.0554293841,0.425920218,0.126197994,0.895916283],"scale":0.536000013,"type":"shrub_f"}
{"ctxid":0,"pos":[-403.992004,-924.211975,145.511993],"rotationMatrix":[-0.606707454,-0.794925213,0,0.794925213,-0.606707454,0,0,0,1],"scale":0.64319998,"type":"shrub_f"}
{"ctxid":0,"pos":[-397.101837,-951.366333,148.321625],"rotationMatrix":[0.999687433,0.0250007156,0,-0.0250007156,0.999687433,0,0,0,1],"scale":0.618600011,"type":"shrub_f"}
{"ctxid":0,"pos":[-397.800995,-945.929016,146.470993],"rotationMatrix":[-0.997200966,0.0747678652,0,-0.0747678652,-0.997200966,0,0,0,1],"scale":0.643899977,"type":"shrub_f"}
{"ctxid":0,"pos":[-426.504089,-962.076416,150.757919],"rotationMatrix":[0.121752977,0.844652772,0.52128464,-0.991752148,0.124714375,0.0295585096,-0.0400449187,-0.520584106,0.852870822],"scale":0.647199988,"type":"shrub_f"}
{"ctxid":0,"pos":[-418.669006,-962.117981,150.792953],"rotationMatrix":[0.974894643,0.222433344,-0.0101904236,-0.189037755,0.850975275,0.490005851,0.117665455,-0.475777686,0.871659517],"scale":0.587300003,"type":"shrub_f"}
{"ctxid":0,"pos":[-408.878998,-960.041992,149.782715],"rotationMatrix":[-0.21023798,-0.888983309,-0.406826913,0.914280355,-0.0314002037,-0.403862685,0.346252739,-0.456861287,0.819381952],"scale":0.560299993,"type":"shrub_f"}
{"ctxid":0,"pos":[-499.013,-913.684998,154.757568],"rotationMatrix":[-0.793757915,0.60235101,0.0843836293,-0.603717268,-0.763371706,-0.229756385,-0.07397791,-0.233314931,0.969583094],"scale":0.602699995,"type":"shrub_f"}
{"ctxid":0,"pos":[-488.282013,-913.758972,155.335007],"rotationMatrix":[0.210478187,-0.977598548,0,0.977598548,0.210478187,0,0,0,1],"scale":0.609899998,"type":"shrub_f"}
{"ctxid":0,"pos":[-486.281006,-910.916992,156.110001],"rotationMatrix":[-0.786049962,-0.61816299,0,0.61816299,-0.786049962,0,0,0,1],"scale":0.754400015,"type":"shrub_f"}
{"ctxid":0,"pos":[-486.726013,-909.22699,156.477005],"rotationMatrix":[-0.999599934,-0.0282837879,0,0.0282837879,-0.999599934,0,0,0,1],"scale":0.658200026,"type":"shrub_f"}
{"ctxid":0,"pos":[-473.710999,-933.02301,152.990372],"rotationMatrix":[-0.471129894,-0.880097985,-0.0588546656,0.881888986,-0.468659043,-0.051285591,0.0175535716,-0.0760654658,0.996948302],"scale":0.693099976,"type":"shrub_f"}
{"ctxid":0,"pos":[-467.812988,-936.64801,152.820343],"rotationMatrix":[-0.768338084,0.639831066,0.0164977461,-0.638334513,-0.764149189,-0.0927604735,-0.0467443019,-0.0818025172,0.995551765],"scale":0.938600004,"type":"shrub_f"}
{"ctxid":0,"pos":[-540.611023,-136.576996,102.044998],"rotationMatrix":[-0.918057084,-0.396448225,0,0.396448225,-0.918057084,0,0,0,1],"scale":0.68779999,"type":"shrub_f"}
{"ctxid":0,"pos":[-716.236023,-0.836799979,102.335999],"rotationMatrix":[-0.592041612,-0.805907369,0,0.805907369,-0.592041612,0,0,0,1],"scale":0.526600003,"type":"shrub_f"}
{"ctxid":0,"pos":[-717.523987,-2.2493999,102.183998],"rotationMatrix":[0.753176689,0.657818258,0,-0.657818258,0.753176689,0,0,0,1],"scale":0.666000009,"type":"shrub_f"}
{"ctxid":0,"pos":[-733.028015,-16.3260002,102.882004],"rotationMatrix":[0.0995180607,0.995035768,0,-0.995035768,0.0995180607,0,0,0,1],"scale":0.612900019,"type":"shrub_f"}
{"ctxid":0,"pos":[-731.387024,-14.6604004,102.820999],"rotationMatrix":[-0.978458285,-0.206444621,0,0.206444621,-0.978458285,0,0,0,1],"scale":0.611599982,"type":"shrub_f"}
{"ctxid":0,"pos":[-730.349976,-13.2163,102.863998],"rotationMatrix":[-0.223673582,-0.974664092,0,0.974664092,-0.223673582,0,0,0,1],"scale":0.593200028,"type":"shrub_f"}
{"ctxid":0,"pos":[-729.132019,-11.9601002,103.085999],"rotationMatrix":[-0.783027172,-0.621987522,0,0.621987522,-0.783027172,0,0,0,1],"scale":0.65140003,"type":"shrub_f"}
{"ctxid":0,"pos":[-725.877014,-8.2592001,103.073997],"rotationMatrix":[-0.760063171,-0.649849176,0,0.649849176,-0.760063171,0,0,0,1],"scale":0.566200018,"type":"shrub_f"}
{"ctxid":0,"pos":[-746.200012,-103.571999,104.985001],"rotationMatrix":[0.981683016,-0.190521538,0,0.190521538,0.981683016,0,0,0,1],"scale":0.674899995,"type":"shrub_f"}
{"ctxid":0,"pos":[-630.190063,-166.966644,98.3360062],"rotationMatrix":[0.79082489,0.612042487,0,-0.612042487,0.79082489,0,0,0,1],"scale":0.696799994,"type":"shrub_f"}
{"ctxid":0,"pos":[-505.769012,-374.022003,102.510002],"rotationMatrix":[-0.545985222,-0.837794781,0,0.837794781,-0.545985222,0,0,0,1],"scale":0.98180002,"type":"shrub_f"}
{"ctxid":0,"pos":[-524.171997,-354.377014,102.005997],"rotationMatrix":[0.994081259,-0.108639084,0,0.108639084,0.994081259,0,0,0,1],"scale":0.959200025,"type":"shrub_f"}
{"ctxid":0,"pos":[-551.075989,-355.807007,103.920998],"rotationMatrix":[0.958987474,0.283448458,0,-0.283448458,0.958987474,0,0,0,1],"scale":0.907800019,"type":"shrub_f"}
{"ctxid":0,"pos":[-546.612,-319.222992,102.348412],"rotationMatrix":[0.600189507,-0.794462323,-0.0927465037,0.791658998,0.573470891,0.21072948,-0.114229284,-0.199901223,0.973134696],"scale":1.09449995,"type":"shrub_f"}
{"ctxid":0,"pos":[-608.979004,-325.459991,108.79969],"rotationMatrix":[0.368087173,-0.929791272,0,0.929791272,0.368087173,0,0,0,1],"scale":0.523999989,"type":"shrub_f"}
{"ctxid":0,"pos":[-534.692017,-481.734009,118.887001],"rotationMatrix":[0.128799915,0.991670609,0,-0.991670609,0.128799915,0,0,0,1],"scale":0.300399989,"type":"shrub_f"}
{"ctxid":0,"pos":[-538.074402,-472.239166,117.44603],"rotationMatrix":[0.011300683,-0.999936163,0,0.999936163,0.011300683,0,0,0,1],"scale":0.574500024,"type":"shrub_f"}
{"ctxid":0,"pos":[-539.388977,-483.256989,119.409691],"rotationMatrix":[-0.733894467,0.679263532,0,-0.679263532,-0.733894467,0,0,0,1],"scale":0.409000009,"type":"shrub_f"}
{"ctxid":0,"pos":[-538.088013,-481.72699,118.488235],"rotationMatrix":[-0.84128058,0.54059875,0,-0.54059875,-0.84128058,0,0,0,1],"scale":0.631600022,"type":"shrub_f"}
{"ctxid":0,"pos":[-615.427551,-462.006409,112.917221],"rotationMatrix":[0.998606086,-0.0527814887,0,0.0527814887,0.998606086,0,0,0,1],"scale":0.372000009,"type":"shrub_f"}
{"ctxid":0,"pos":[-618.062927,-459.393799,112.850357],"rotationMatrix":[-0.688019276,-0.725692391,0,0.725692391,-0.688019276,0,0,0,1],"scale":0.335445702,"type":"shrub_f"}
{"ctxid":0,"pos":[-592.131348,-459.701904,114.012917],"rotationMatrix":[-0.978856206,0.204549581,0,-0.204549581,-0.978856206,0,0,0,1],"scale":0.469103694,"type":"shrub_f"}
{"ctxid":0,"pos":[-689.801819,-374.776642,106.107002],"rotationMatrix":[0.582503319,-0.812828064,0,0.812828064,0.582503319,0,0,0,0.999999762],"scale":0.699800014,"type":"shrub_f"}
{"ctxid":0,"pos":[-664.520996,-456.799011,108.661644],"rotationMatrix":[0.761673927,-0.647960544,0,0.647960544,0.761673927,0,0,0,1],"scale":0.378500015,"type":"shrub_f"}
{"ctxid":0,"pos":[-638.58197,-460.493011,111.514999],"rotationMatrix":[0.59247613,-0.805588007,0,0.805588007,0.59247613,0,0,0,1],"scale":0.3477,"type":"shrub_f"}
{"ctxid":0,"pos":[-637.635986,-461.592987,111.653],"rotationMatrix":[-0.547392249,0.836876154,0,-0.836876154,-0.547392249,0,0,0,1],"scale":0.449000001,"type":"shrub_f"}
{"ctxid":0,"pos":[-637.458008,-463.697998,112.013],"rotationMatrix":[0.755279899,-0.655402362,0,0.655402362,0.755279899,0,0,0,1],"scale":0.4727,"type":"shrub_f"}
{"ctxid":0,"pos":[-669.90625,-462.309937,107.715965],"rotationMatrix":[-0.404487967,0.914543331,0,-0.914543331,-0.404487967,0,0,0,1],"scale":0.450599998,"type":"shrub_f"}
{"ctxid":0,"pos":[-681.775818,-439.17868,106.238365],"rotationMatrix":[-0.381454349,0.924387693,0,-0.924387693,-0.381454349,0,0,0,1],"scale":0.424800009,"type":"shrub_f"}
{"ctxid":0,"pos":[-720.047058,-468.754944,100.968987],"rotationMatrix":[-0.256429434,0.966562927,0,-0.966562927,-0.256429434,0,0,0,1],"scale":0.614600003,"type":"shrub_f"}
{"ctxid":0,"pos":[-743.910156,-487.983185,100.035309],"rotationMatrix":[0.999875188,0.0157990083,0,-0.0157990083,0.999875188,0,0,0,1],"scale":0.457100004,"type":"shrub_f"}
{"ctxid":0,"pos":[-742.354004,-491.125,100.892998],"rotationMatrix":[-0.806520343,0.591206312,0,-0.591206312,-0.806520343,0,0,0,1],"scale":0.467700005,"type":"shrub_f"}
{"ctxid":0,"pos":[-723.719604,-470.894989,100.562515],"rotationMatrix":[-0.949127793,0.31489113,0,-0.31489113,-0.949127793,0,0,0,1],"scale":0.630400002,"type":"shrub_f"}
{"ctxid":0,"pos":[-732.121643,-476.62088,100.549751],"rotationMatrix":[-0.744338393,0.667802632,0,-0.667802632,-0.744338393,0,0,0,1],"scale":0.595700026,"type":"shrub_f"}
{"ctxid":0,"pos":[-700.835022,-465.835999,103.088997],"rotationMatrix":[-0.0116108656,0.999932587,0,-0.999932587,-0.0116108656,0,0,0,1],"scale":0.658999979,"type":"shrub_f"}
{"ctxid":0,"pos":[-702.275024,-464.570007,102.091003],"rotationMatrix":[0.906428576,0.422359139,0,-0.422359139,0.906428576,0,0,0,1],"scale":0.628899992,"type":"shrub_f"}
{"ctxid":0,"pos":[-704.064636,-461.775146,102.287788],"rotationMatrix":[0.202162743,0.979351938,0,-0.979351938,0.202162743,0,0,0,1],"scale":0.572700024,"type":"shrub_f"}
{"ctxid":0,"pos":[-703.93103,-460.773987,102.540878],"rotationMatrix":[-0.975276828,0.220986679,0,-0.220986679,-0.975276828,0,0,0,1],"scale":0.638800025,"type":"shrub_f"}
{"ctxid":0,"pos":[-645.846008,-464.270996,110.394997],"rotationMatrix":[0.688897252,-0.724858999,0,0.724858999,0.688897252,0,0,0,1],"scale":0.527400017,"type":"shrub_f"}
{"ctxid":0,"pos":[-646.875977,-461.613007,109.750999],"rotationMatrix":[-0.609935641,0.792450964,0,-0.792450964,-0.609935641,0,0,0,1],"scale":0.56309998,"type":"shrub_f"}
{"ctxid":0,"pos":[-741.393311,-389.965851,106.092163],"rotationMatrix":[-0.975276828,0.220986679,0,-0.220986679,-0.975276828,0,0,0,1],"scale":0.528900027,"type":"shrub_f"}
{"ctxid":0,"pos":[-680.10498,-499.747009,106.599998],"rotationMatrix":[-0.997600794,0.0692290142,0,-0.0692290142,-0.997600794,0,0,0,1],"scale":0.56370002,"type":"shrub_f"}
{"ctxid":0,"pos":[-775.421021,-2.02489996,112.898003],"rotationMatrix":[-0.778498054,0.627647042,0,-0.627647042,-0.778498054,0,0,0,1],"scale":0.519699991,"type":"shrub_f"}
{"ctxid":0,"pos":[-777.083008,-1.70570004,113.417999],"rotationMatrix":[-0.256429434,0.966562927,0,-0.966562927,-0.256429434,0,0,0,1],"scale":0.565299988,"type":"shrub_f"}
{"ctxid":0,"pos":[-788.429016,-69.7468033,108.475998],"rotationMatrix":[0.685416937,0.728150845,0,-0.728150845,0.685416937,0,0,0,1],"scale":0.536899984,"type":"shrub_f"}
{"ctxid":0,"pos":[-797.638,-242.462997,98.9578018],"rotationMatrix":[-0.0402588844,0.999189258,0,-0.999189258,-0.0402588844,0,0,0,1],"scale":0.675199986,"type":"shrub_f"}
{"ctxid":0,"pos":[-837.002014,-162.774994,105.921997],"rotationMatrix":[0.809285164,-0.587415993,0,0.587415993,0.809285164,0,0,0,1],"scale":0.674399972,"type":"shrub_f"}
{"ctxid":0,"pos":[-846.177979,-182.110992,104.601997],"rotationMatrix":[-0.377799988,0.925887227,0,-0.925887227,-0.377799988,0,0,0,1],"scale":0.58160001,"type":"shrub_f"}
{"ctxid":0,"pos":[-849.502991,-183.085007,105.507004],"rotationMatrix":[0.986552,0.163447708,0,-0.163447708,0.986552,0,0,0,1],"scale":0.615400016,"type":"shrub_f"}
{"ctxid":0,"pos":[-781.198975,-132.197998,106.998001],"rotationMatrix":[-0.128302455,-0.991735101,0,0.991735101,-0.128302455,0,0,0,1],"scale":0.599099994,"type":"shrub_f"}
{"ctxid":0,"pos":[-945.234985,-49.531601,123.944],"rotationMatrix":[0.922696829,0.385526329,0,-0.385526329,0.922696829,0,0,0,1],"scale":0.81190002,"type":"shrub_f"}
{"ctxid":0,"pos":[-941.528015,-49.0690002,124.274208],"rotationMatrix":[0.0844249725,0.996429861,0,-0.996429861,0.0844249725,0,0,0,1],"scale":0.550199986,"type":"shrub_f"}
{"ctxid":0,"pos":[-939.835999,-64.870903,124.271004],"rotationMatrix":[-0.108262777,-0.994122326,0,0.994122326,-0.108262777,0,0,0,1],"scale":0.986400008,"type":"shrub_f"}
{"ctxid":0,"pos":[-934.239014,-56.0147018,121.676277],"rotationMatrix":[0.775951862,0.630792141,0,-0.630792141,0.775951862,0,0,0,1],"scale":0.664799988,"type":"shrub_f"}
{"ctxid":0,"pos":[-946.781982,-54.1888008,124.619003],"rotationMatrix":[-0.359600544,-0.933106363,0,0.933106363,-0.359600544,0,0,0,1],"scale":0.840300024,"type":"shrub_f"}
{"ctxid":0,"pos":[-936.732971,-51.4429016,123.205093],"rotationMatrix":[-0.472327948,-0.881422877,0,0.881422877,-0.472327948,0,0,0,1],"scale":0.549199998,"type":"shrub_f"}
{"ctxid":0,"pos":[-938.463989,-55.3889008,123.230072],"rotationMatrix":[0.0053858757,-0.999985516,0,0.999985516,0.0053858757,0,0,0,1],"scale":0.569899976,"type":"shrub_f"}
{"ctxid":0,"pos":[-942.341003,-59.6941986,124.652],"rotationMatrix":[0.344258547,-0.9388749,0,0.9388749,0.344258547,0,0,0,1],"scale":0.569000006,"type":"shrub_f"}
{"ctxid":0,"pos":[-947.802002,-61.8408012,126.905998],"rotationMatrix":[-0.159764528,-0.987155139,0,0.987155139,-0.159764528,0,0,0,1],"scale":0.919399977,"type":"shrub_f"}
{"ctxid":0,"pos":[-939.390991,-49.3566017,123.684464],"rotationMatrix":[0.374143243,-0.927370906,0,0.927370906,0.374143243,0,0,0,1],"scale":0.980700016,"type":"shrub_f"}
{"ctxid":0,"pos":[-949.830994,-115.151001,115.932152],"rotationMatrix":[0.429484606,-0.822179973,-0.373581201,0.893167078,0.325616181,0.310203999,-0.133399516,-0.466898292,0.874191344],"scale":0.617299974,"type":"shrub_f"}
{"ctxid":0,"pos":[-944.710022,-120.18,113.632584],"rotationMatrix":[0.985471785,0.102908529,-0.135111555,0.0337002501,0.66122669,0.749428749,0.166461989,-0.743094206,0.648152232],"scale":0.699500024,"type":"shrub_f"}
{"ctxid":0,"pos":[-887.093018,-210.408005,107.411179],"rotationMatrix":[-0.139631391,-0.972764313,-0.185018942,0.973609388,-0.100809932,-0.204747468,0.180519298,-0.208725452,0.961169302],"scale":0.558000028,"type":"shrub_f"}
{"ctxid":0,"pos":[-873.607971,-434.490997,97.0659027],"rotationMatrix":[-0.50650084,0.86223948,0,-0.86223948,-0.50650084,0,0,0,1],"scale":0.711799979,"type":"shrub_f"}
{"ctxid":0,"pos":[-840.484009,-425.492004,97.7220001],"rotationMatrix":[-0.988815784,-0.149142027,0,0.149142027,-0.988815784,0,0,0,1],"scale":0.663399994,"type":"shrub_f"}
{"ctxid":0,"pos":[-837.455017,-429.944,98.1053009],"rotationMatrix":[-0.933364511,-0.358929932,0,0.358929932,-0.933364511,0,0,0,1],"scale":0.639999986,"type":"shrub_f"}
{"ctxid":0,"pos":[-877.743713,-432.450256,97.1745529],"rotationMatrix":[0.482245088,-0.876036346,0,0.876036346,0.482245088,0,0,0,1],"scale":0.768700004,"type":"shrub_f"}
{"ctxid":0,"pos":[-875.704041,-432.585876,97.2736969],"rotationMatrix":[-0.597041845,-0.802210093,0,0.802210093,-0.597041845,0,0,0,1],"scale":0.523899972,"type":"shrub_f"}
{"ctxid":0,"pos":[-907.908997,-405.315002,100.521004],"rotationMatrix":[0.607501984,0.79431814,0,-0.79431814,0.607501984,0,0,0,1],"scale":0.969099998,"type":"shrub_f"}
{"ctxid":0,"pos":[-889.158997,-470.567993,98.3389969],"rotationMatrix":[-0.708661079,-0.705549061,0,0.705549061,-0.708661079,0,0,0,1],"scale":0.686100006,"type":"shrub_f"}
{"ctxid":0,"pos":[-720.975037,-561.835632,105.199814],"rotationMatrix":[-0.244410872,-0.969671786,0,0.969671786,-0.244410872,0,0,0,1],"scale":0.45112735,"type":"shrub_f"}
{"ctxid":0,"pos":[-739.629517,-542.11499,102.550011],"rotationMatrix":[0.270609617,-0.962689161,0,0.962689161,0.270609617,0,0,0,1],"scale":0.627200007,"type":"shrub_f"}
{"ctxid":0,"pos":[-619.327026,-924.22699,162.518005],"rotationMatrix":[-0.897741556,-0.440522522,0,0.440522522,-0.897741556,0,0,0,1],"scale":0.681900024,"type":"shrub_f"}
{"ctxid":0,"pos":[-594.520996,-935.335022,163.759003],"rotationMatrix":[-0.0155974627,0.999878347,0,-0.999878347,-0.0155974627,0,0,0,1],"scale":0.585399985,"type":"shrub_f"}
{"ctxid":0,"pos":[-604.862,-942.726013,164.552994],"rotationMatrix":[-0.6192801,0.785170138,0,-0.785170138,-0.6192801,0,0,0,1],"scale":0.594900012,"type":"shrub_f"}
{"ctxid":0,"pos":[-671.392029,-943.728027,165.572006],"rotationMatrix":[0.638409972,-0.769696474,0,0.769696474,0.638409972,0,0,0,1],"scale":0.521300018,"type":"shrub_f"}
{"ctxid":0,"pos":[-652.804993,-949.155029,165.207001],"rotationMatrix":[0.706775188,0.707438231,0,-0.707438231,0.706775188,0,0,0,1],"scale":0.572099984,"type":"shrub_f"}
{"ctxid":0,"pos":[-651.343994,-944.997009,165.188004],"rotationMatrix":[0.400487423,0.916302264,0,-0.916302264,0.400487423,0,0,0,1],"scale":0.553200006,"type":"shrub_f"}
{"ctxid":0,"pos":[-634.55603,-965.429016,165.671005],"rotationMatrix":[0.611919522,0.790920019,0,-0.790920019,0.611919522,0,0,0,1],"scale":0.592499971,"type":"shrub_f"}
{"ctxid":0,"pos":[-702.536987,-931.494995,165.322998],"rotationMatrix":[0.425407887,-0.9050017,0,0.9050017,0.425407887,0,0,0,1],"scale":0.508899987,"type":"shrub_f"}
{"ctxid":0,"pos":[-696.924011,-962.460999,167.623993],"rotationMatrix":[0.89775753,-0.440489978,0,0.440489978,0.89775753,0,0,0,1],"scale":0.539699972,"type":"shrub_f"}
{"ctxid":0,"pos":[-689.16803,-957.151978,167.156006],"rotationMatrix":[-0.861678123,0.50745523,0,-0.50745523,-0.861678123,0,0,0,1],"scale":0.616400003,"type":"shrub_f"}
{"ctxid":0,"pos":[-766.860291,-509.372955,100.299133],"rotationMatrix":[-0.826724887,-0.562606394,0,0.562606394,-0.826724887,0,0,0,1],"scale":0.504800022,"type":"shrub_f"}
{"ctxid":0,"pos":[-762.814758,-510.208984,100.607651],"rotationMatrix":[0.838233232,-0.545311868,0,0.545311868,0.838233232,0,0,0,1],"scale":0.666199982,"type":"shrub_f"}
{"ctxid":0,"pos":[-766.193237,-508.766968,100.876999],"rotationMatrix":[-0.967731357,-0.251984179,0,0.251984179,-0.967731357,0,0,0,1],"scale":0.313899994,"type":"shrub_f"}
{"ctxid":0,"pos":[-764.463867,-507.40921,100.264236],"rotationMatrix":[0.647032022,0.762462854,0,-0.762462854,0.647032022,0,0,0,1],"scale":0.332800001,"type":"shrub_f"}
{"ctxid":0,"pos":[-765.596802,-507.9953,100.238998],"rotationMatrix":[-0.298305035,-0.954470575,0,0.954470575,-0.298305035,0,0,0,1],"scale":0.430299997,"type":"shrub_f"}
{"ctxid":0,"pos":[-763.039001,-505.758942,100.236061],"rotationMatrix":[-0.735011935,-0.678054154,0,0.678054154,-0.735011935,0,0,0,1],"scale":0.344799995,"type":"shrub_f"}
{"ctxid":0,"pos":[-762.085999,-512.666016,101.514],"rotationMatrix":[0.241088033,0.970503271,0,-0.970503271,0.241088033,0,0,0,1],"scale":0.562600017,"type":"shrub_f"}
{"ctxid":0,"pos":[-761.708984,-514.468994,101.544998],"rotationMatrix":[0.456284046,-0.889834166,0,0.889834166,0.456284046,0,0,0,1],"scale":0.516099989,"type":"shrub_f"}
{"ctxid":0,"pos":[-760.422852,-502.743347,100.206131],"rotationMatrix":[-0.738366485,-0.674399674,0,0.674399674,-0.738366485,0,0,0,1],"scale":0.411599994,"type":"shrub_f"}
{"ctxid":0,"pos":[-761.911011,-518.29303,100.589996],"rotationMatrix":[-0.06901443,-0.997615635,0,0.997615635,-0.06901443,0,0,0,1],"scale":0.506600022,"type":"shrub_f"}
{"ctxid":0,"pos":[-766.120972,-818.752991,126.239571],"rotationMatrix":[-0.999200225,-0.0399863794,0,0.0399863794,-0.999200225,0,0,0,1],"scale":0.666299999,"type":"shrub_f"}
{"ctxid":0,"pos":[-871.758972,-855.859009,129.699997],"rotationMatrix":[0.452523589,0.891752422,0,-0.891752422,0.452523589,0,0,0,1],"scale":0.662899971,"type":"shrub_f"}
{"ctxid":0,"pos":[-752.302979,-926.926025,164.033005],"rotationMatrix":[-0.182106972,-0.983278751,0,0.983278751,-0.182106972,0,0,0,1],"scale":0.641799986,"type":"shrub_f"}
{"ctxid":0,"pos":[-773.140015,-924.825012,163.279007],"rotationMatrix":[0.986813068,-0.161864042,0,0.161864042,0.986813068,0,0,0,1],"scale":0.647000015,"type":"shrub_f"}
{"ctxid":0,"pos":[-800.866028,-937.97998,158.781998],"rotationMatrix":[0.585039496,-0.811004817,0,0.811004817,0.585039496,0,0,0,1],"scale":0.560299993,"type":"shrub_f"}
{"ctxid":0,"pos":[-865.044983,-891.013,132.472],"rotationMatrix":[-0.572828412,0.819675326,0,-0.819675326,-0.572828412,0,0,0,1],"scale":0.50849998,"type":"shrub_f"}
{"ctxid":0,"pos":[-854.856995,-970.234009,150.123001],"rotationMatrix":[0.0406104326,0.999175072,0,-0.999175072,0.0406104326,0,0,0,1],"scale":0.554899991,"type":"shrub_f"}
{"ctxid":0,"pos":[-873.773987,-952.093018,146.546997],"rotationMatrix":[-0.999599934,0.0282837879,0,-0.0282837879,-0.999599934,0,0,0,1],"scale":0.561600029,"type":"shrub_f"}
{"ctxid":0,"pos":[-925.83197,-845.88501,120.844002],"rotationMatrix":[0.660182357,0.751105368,0,-0.751105368,0.660182357,0,0,0,1],"scale":0.657100022,"type":"shrub_f"}
{"ctxid":0,"pos":[-948.697021,-820.265015,119.260002],"rotationMatrix":[0.999998808,-0.00154408044,0,0.00154408044,0.999998808,0,0,0,1],"scale":0.522899985,"type":"shrub_f"}
{"ctxid":0,"pos":[-920.125,-988.593994,143.505997],"rotationMatrix":[-0.798166394,0.602437079,0,-0.602437079,-0.798166394,0,0,0,1],"scale":0.596199989,"type":"shrub_f"}
{"ctxid":0,"pos":[-961.119019,-912.689026,139.289993],"rotationMatrix":[-0.0547327995,0.998501062,0,-0.998501062,-0.0547327995,0,0,0,1],"scale":0.680499971,"type":"shrub_f"}
{"ctxid":0,"pos":[-967.432983,-907.784973,142.421997],"rotationMatrix":[-0.613167286,-0.789953113,0,0.789953113,-0.613167286,0,0,0,1],"scale":0.599099994,"type":"shrub_f"}
{"ctxid":0,"pos":[-962.590027,-985.427979,142.813004],"rotationMatrix":[-0.813750625,0.58121419,0,-0.58121419,-0.813750625,0,0,0,1],"scale":0.531599998,"type":"shrub_f"}
{"ctxid":0,"pos":[-980.312988,-965.189026,141.871994],"rotationMatrix":[0.562513351,0.826788187,0,-0.826788187,0.562513351,0,0,0,1],"scale":0.695200026,"type":"shrub_f"}
{"ctxid":0,"pos":[-102.754997,-1004.23999,137.977005],"rotationMatrix":[0.932067037,0.362285852,0,-0.362285852,0.932067037,0,0,0,1],"scale":1.17869997,"type":"shrub_f"}
{"ctxid":0,"pos":[-89.5289001,-1001.07001,136.557999],"rotationMatrix":[-0.466499329,-0.884521544,0,0.884521544,-0.466499329,0,0,0,1],"scale":0.988099992,"type":"shrub_f"}
{"ctxid":0,"pos":[-878.754028,-1009.59998,157.315994],"rotationMatrix":[-0.897351861,0.4413158,0,-0.4413158,-0.897351861,0,0,0,1],"scale":0.576200008,"type":"shrub_f"}
{"ctxid":0,"pos":[-1020.28998,-238.244995,106.585556],"rotationMatrix":[-0.984845519,0.119845927,0.125360221,-0.104198337,-0.986706376,0.124708503,0.138639599,0.109756351,0.984242141],"scale":0.558899999,"type":"shrub_f"}
{"ctxid":0,"pos":[-1027.54004,-232.884995,111.498436],"rotationMatrix":[-0.358868599,-0.92037034,0.155346066,0.833327055,-0.390899181,-0.390850842,0.420452029,-0.0108098835,0.907250404],"scale":0.558000028,"type":"shrub_f"}
{"ctxid":0,"pos":[-1016.15002,-130.744003,121.040436],"rotationMatrix":[-0.628136873,0.726983726,0.277376831,-0.768206656,-0.636078596,-0.0725371167,0.123700269,-0.258646041,0.958019018],"scale":0.673099995,"type":"shrub_f"}
{"ctxid":0,"pos":[-1026.96997,-186.602997,116.212975],"rotationMatrix":[-0.631392241,0.691407263,0.35114032,-0.662933528,-0.716187,0.218162894,0.402321577,-0.095036298,0.910552263],"scale":0.547100008,"type":"shrub_f"}
{"ctxid":0,"pos":[-1044.65002,-182.574005,122.220001],"rotationMatrix":[0.824367046,0.381118625,-0.418530107,-0.270542949,0.914740741,0.300093114,0.497217596,-0.134156495,0.857191086],"scale":0.636900008,"type":"shrub_f"}
{"ctxid":0,"pos":[-1046,-189.464996,121.958717],"rotationMatrix":[0.85300684,0.0924231261,-0.513650894,-0.0302396268,0.991293788,0.128149033,0.521022916,-0.0937794,0.848375261],"scale":0.579699993,"type":"shrub_f"}
{"ctxid":0,"pos":[-1043.44995,-195.875,119.874817],"rotationMatrix":[-0.645700932,-0.706612229,0.289427906,0.683741689,-0.703784823,-0.192829862,0.339951068,0.0733834654,0.937575638],"scale":0.546000004,"type":"shrub_f"}
{"ctxid":0,"pos":[-1041.62,-145.416,128.497314],"rotationMatrix":[0.866252065,0.499607205,0,-0.499607205,0.866252065,0,0,0,1],"scale":0.570200026,"type":"shrub_f"}
{"ctxid":0,"pos":[-1034.35999,-291.350006,111.57296],"rotationMatrix":[-0.95268321,0.303964972,0,-0.303964972,-0.95268321,0,0,0,1],"scale":0.563399971,"type":"shrub_f"}
{"ctxid":0,"pos":[-1020.90002,-47.3115997,153.837524],"rotationMatrix":[-0.956637502,0.291281134,0,-0.291281134,-0.956637502,0,0,0,1],"scale":0.638199985,"type":"shrub_f"}
{"ctxid":0,"pos":[-1021.15997,-49.1138992,153.7565],"rotationMatrix":[0.0623717308,0.998053014,0,-0.998053014,0.0623717308,0,0,0,1],"scale":0.564800024,"type":"shrub_f"}
{"ctxid":0,"pos":[-1022.46997,-50.2932014,154.549088],"rotationMatrix":[-0.968921781,-0.247367308,0,0.247367308,-0.968921781,0,0,0,1],"scale":0.679099977,"type":"shrub_f"}
{"ctxid":0,"pos":[-1022.53998,-44.419899,156.058029],"rotationMatrix":[0.977272868,0.211985245,0,-0.211985245,0.977272868,0,0,0,1],"scale":0.668200016,"type":"shrub_f"}
{"ctxid":0,"pos":[-42.1878014,542.541016,74.963501],"rotationMatrix":[-0.960596085,0.277948141,0,-0.277948141,-0.960596085,0,0,0,1],"scale":0.576900005,"type":"shrub_f"}
{"ctxid":0,"pos":[-214.210999,564.932983,74.8907013],"rotationMatrix":[0.461277962,0.887255669,0,-0.887255669,0.461277962,0,0,0,1],"scale":0.544700027,"type":"shrub_f"}
{"ctxid":0,"pos":[-221.130997,578.812988,75.0128021],"rotationMatrix":[-0.0399703979,-0.999200881,0,0.999200881,-0.0399703979,0,0,0,1],"scale":0.552699983,"type":"shrub_f"}
{"ctxid":0,"pos":[-248.279999,577.66803,74.9422989],"rotationMatrix":[-0.164948463,0.986302197,0,-0.986302197,-0.164948463,0,0,0,1],"scale":0.549499989,"type":"shrub_f"}
{"ctxid":0,"pos":[-214.052399,515.888,75.1277313],"rotationMatrix":[0.0629196167,0.998018622,0,-0.998018622,0.0629196167,0,0,0,1],"scale":0.578800023,"type":"shrub_f"}
{"ctxid":0,"pos":[-214.263,554.096008,74.9322968],"rotationMatrix":[0.945351839,-0.32605198,0,0.32605198,0.945351839,0,0,0,1],"scale":0.600300014,"type":"shrub_f"}
{"ctxid":0,"pos":[-214.220688,530.051025,75.0289841],"rotationMatrix":[-0.918840528,-0.394629061,0,0.394629061,-0.918840528,0,0,0,1],"scale":0.582700014,"type":"shrub_f"}
{"ctxid":0,"pos":[-465.804993,761.752014,74.808403],"rotationMatrix":[0.827950239,-0.560801566,0,0.560801566,0.827950239,0,0,0,1],"scale":0.513700008,"type":"shrub_f"}
{"ctxid":0,"pos":[-469.755005,765.213989,75.0545731],"rotationMatrix":[0.399830341,-0.916589141,0,0.916589141,0.399830341,0,0,0,1],"scale":0.64139998,"type":"shrub_f"}
{"ctxid":0,"pos":[-468.213989,763.591003,74.9797974],"rotationMatrix":[-0.767199993,-0.641407967,0,0.641407967,-0.767199993,0,0,0,1],"scale":0.517700016,"type":"shrub_f"}
{"ctxid":0,"pos":[-478.776001,766.606995,74.979599],"rotationMatrix":[0.663800001,-0.747910142,0,0.747910142,0.663800001,0,0,0,1],"scale":0.639699996,"type":"shrub_f"}
{"ctxid":0,"pos":[-474.577637,770.118774,74.8816986],"rotationMatrix":[0.997647047,0.0685592443,0,-0.0685592443,0.997647047,0,0,0,1],"scale":0.546000004,"type":"shrub_f"}
{"ctxid":0,"pos":[-479.72699,775.804993,74.9973984],"rotationMatrix":[0.692358375,-0.721553802,0,0.721553802,0.692358375,0,0,0,1],"scale":0.549300015,"type":"shrub_f"}
