{"ctxid":0,"pos":[-419.927002,-0.0430999994,107.021004],"rotationMatrix":[-0.337266684,0.941409171,0,-0.941409171,-0.337266684,0,0,0,1],"scale":0.996399999,"type":"shrub_g"}
{"ctxid":0,"pos":[-442.979004,-19.6655998,103.885002],"rotationMatrix":[0.983799934,-0.17926988,0,0.17926988,0.983799934,0,0,0,1],"scale":1.17349994,"type":"shrub_g"}
{"ctxid":0,"pos":[-448.187012,-7.11059999,101.322998],"rotationMatrix":[0.935846329,0.35240835,0,-0.35240835,0.935846329,0,0,0,1],"scale":0.965699971,"type":"shrub_g"}
{"ctxid":0,"pos":[-449.06601,-19.5478992,101.621002],"rotationMatrix":[0.96666646,0.256038964,0,-0.256038964,0.96666646,0,0,0,1],"scale":1.13399994,"type":"shrub_g"}
{"ctxid":0,"pos":[-482.617004,-52.2845993,98.7275009],"rotationMatrix":[0.242319584,0.970196486,0,-0.970196486,0.242319584,0,0,0,1],"scale":0.588199973,"type":"shrub_g"}
{"ctxid":0,"pos":[-406.494995,-135.934006,103.584038],"rotationMatrix":[0.310861945,0.95045507,0,-0.95045507,0.310861945,0,0,0,1],"scale":0.895299971,"type":"shrub_g"}
{"ctxid":0,"pos":[-423.35199,-205.151993,101.002533],"rotationMatrix":[0.0817164183,0.996655643,0,-0.996655643,0.0817164183,0,0,0,1],"scale":1.13489997,"type":"shrub_g"}
{"ctxid":0,"pos":[-394.308014,-233.837006,97.876297],"rotationMatrix":[0.915785909,-0.401666731,0,0.401666731,0.915785909,0,0,0,1],"scale":0.843299985,"type":"shrub_g"}
{"ctxid":0,"pos":[-405.881012,-239.485992,99.6228027],"rotationMatrix":[0.480411768,0.877043068,0,-0.877043068,0.480411768,0,0,0,1],"scale":0.854099989,"type":"shrub_g"}
{"ctxid":0,"pos":[-408.080994,-239.951004,100.070999],"rotationMatrix":[-0.330080509,0.943952799,0,-0.943952799,-0.330080509,0,0,0,1],"scale":0.612200022,"type":"shrub_g"}
{"ctxid":0,"pos":[-329.196014,-334.195007,118.707001],"rotationMatrix":[-0.927862525,-0.372922421,0,0.372922421,-0.927862525,0,0,0,1],"scale":0.65200001,"type":"shrub_g"}
{"ctxid":0,"pos":[-344.916992,-339.914001,108.069],"rotationMatrix":[0.812483072,0.582984805,0,-0.582984805,0.812483072,0,0,0,1],"scale":0.567700028,"type":"shrub_g"}
{"ctxid":0,"pos":[-359.477997,-455.122009,104.470001],"rotationMatrix":[-0.775481701,-0.631370068,0,0.631370068,-0.775481701,0,0,0,1],"scale":0.952899992,"type":"shrub_g"}
{"ctxid":0,"pos":[-369.177002,-438.473999,103.768997],"rotationMatrix":[-0.943603396,-0.331077993,0,0.331077993,-0.943603396,0,0,0,1],"scale":1.27090001,"type":"shrub_g"}
{"ctxid":0,"pos":[-418.445007,-296.101013,100.815002],"rotationMatrix":[-0.957429051,-0.288668692,0,0.288668692,-0.957429051,0,0,0,1],"scale":1.15149999,"type":"shrub_g"}
{"ctxid":0,"pos":[-417.757996,-298.246002,100.667],"rotationMatrix":[0.90018487,-0.435507983,0,0.435507983,0.90018487,0,0,0,1],"scale":1.13569999,"type":"shrub_g"}
{"ctxid":0,"pos":[-392.384003,-250.731003,97.6437988],"rotationMatrix":[0.89170146,-0.452624023,0,0.452624023,0.89170146,0,0,0,1],"scale":0.571200013,"type":"shrub_g"}
{"ctxid":0,"pos":[-387.71817,-277.53299,97.7036972],"rotationMatrix":[-0.792103171,-0.610387206,0,0.610387206,-0.792103171,0,0,0,1],"scale":0.79369998,"type":"shrub_g"}
{"ctxid":0,"pos":[-390.635986,-263.028015,97.6719971],"rotationMatrix":[-0.994403958,0.105644532,0,-0.105644532,-0.994403958,0,0,0,1],"scale":0.898000002,"type":"shrub_g"}
{"ctxid":0,"pos":[-409.552002,-272.886993,101.766998],"rotationMatrix":[-0.783782721,-0.621035159,0,0.621035159,-0.783782721,0,0,0,1],"scale":0.562399983,"type":"shrub_g"}
{"ctxid":0,"pos":[-417.908997,-361.253998,100.903999],"rotationMatrix":[-0.568220496,-0.822876334,0,0.822876334,-0.568220496,0,0,0,1],"scale":0.925800025,"type":"shrub_g"}
{"ctxid":0,"pos":[-411.812988,-367.049988,101.142998],"rotationMatrix":[0.960519552,0.278212488,0,-0.278212488,0.960519552,0,0,0,1],"scale":0.986999989,"type":"shrub_g"}
{"ctxid":0,"pos":[-420.615997,-354.865997,100.459],"rotationMatrix":[0.96974206,0.244131804,0,-0.244131804,0.96974206,0,0,0,1],"scale":1.15120006,"type":"shrub_g"}
{"ctxid":0,"pos":[-436.472992,-323.416992,100.186996],"rotationMatrix":[0.736026287,-0.676952958,0,0.676952958,0.736026287,0,0,0,1],"scale":1.06949997,"type":"shrub_g"}
{"ctxid":0,"pos":[-402.118011,-321.287994,98.1866989],"rotationMatrix":[0.494585514,0.869128942,0,-0.869128942,0.494585514,0,0,0,1],"scale":0.751699984,"type":"shrub_g"}
{"ctxid":0,"pos":[-403.808014,-325.106995,99.3665009],"rotationMatrix":[-0.994004488,-0.109339282,0,0.109339282,-0.994004488,0,0,0,1],"scale":0.787800014,"type":"shrub_g"}
{"ctxid":0,"pos":[-438.334991,-313.283997,99.3391037],"rotationMatrix":[-0.432447433,0.901659131,0,-0.901659131,-0.432447433,0,0,0,1],"scale":1.19140005,"type":"shrub_g"}
{"ctxid":0,"pos":[-377.988007,-426.653015,103.150002],"rotationMatrix":[-0.662393808,0.749155819,0,-0.749155819,-0.662393808,0,0,0,1],"scale":1.29869998,"type":"shrub_g"}
{"ctxid":0,"pos":[-395.950012,-401.031006,101.740997],"rotationMatrix":[0.881901979,-0.471432805,0,0.471432805,0.881901979,0,0,0,1],"scale":1.28840005,"type":"shrub_g"}
{"ctxid":0,"pos":[-400.510986,-393.069,101.475998],"rotationMatrix":[-0.551969767,0.833864152,0,-0.833864152,-0.551969767,0,0,0,1],"scale":1.26400006,"type":"shrub_g"}
{"ctxid":0,"pos":[-400.196014,-390.32901,101.927002],"rotationMatrix":[-0.00990474224,0.999950945,0,-0.999950945,-0.00990474224,0,0,0,1],"scale":1.0187,"type":"shrub_g"}
{"ctxid":0,"pos":[-403.90799,-382.654999,101.558998],"rotationMatrix":[-0.265958667,-0.96398443,0,0.96398443,-0.265958667,0,0,0,1],"scale":0.968999982,"type":"shrub_g"}
{"ctxid":0,"pos":[-404.795013,-386.955994,101.568001],"rotationMatrix":[-0.0193065405,0.999813616,0,-0.999813616,-0.0193065405,0,0,0,1],"scale":0.94690001,"type":"shrub_g"}
{"ctxid":0,"pos":[-407.591003,-378.212006,101.706001],"rotationMatrix":[-0.0895831585,0.995979369,0,-0.995979369,-0.0895831585,0,0,0,1],"scale":1.06910002,"type":"shrub_g"}
{"ctxid":0,"pos":[-96.2015991,-840.56897,124.026001],"rotationMatrix":[0.999918103,0.0127979238,0,-0.0127979238,0.999918103,0,0,0,1],"scale":1.15540004,"type":"shrub_g"}
{"ctxid":0,"pos":[-92.219101,-842.851013,123.516998],"rotationMatrix":[-0.0521202087,0.998640835,0,-0.998640835,-0.0521202087,0,0,0,1],"scale":0.946699977,"type":"shrub_g"}
{"ctxid":0,"pos":[-105.209,-829.171997,123.498001],"rotationMatrix":[-0.686182499,0.72742945,0,-0.72742945,-0.686182499,0,0,0,1],"scale":0.966899991,"type":"shrub_g"}
{"ctxid":0,"pos":[-111.43,-830.192993,123.999001],"rotationMatrix":[-0.835528016,-0.549447834,0,0.549447834,-0.835528016,0,0,0,1],"scale":1.19819999,"type":"shrub_g"}
{"ctxid":0,"pos":[-98.9862976,-838.710999,124.057999],"rotationMatrix":[-0.97448194,-0.224465922,0,0.224465922,-0.97448194,0,0,0,1],"scale":1.26979995,"type":"shrub_g"}
{"ctxid":0,"pos":[-109.011002,-842.76001,125.745003],"rotationMatrix":[-0.726082087,-0.687608004,0,0.687608004,-0.726082087,0,0,0,1],"scale":0.987100005,"type":"shrub_g"}
{"ctxid":0,"pos":[-98.1615982,-999.421997,137.378006],"rotationMatrix":[-0.853197455,-0.521588087,0,0.521588087,-0.853197455,0,0,0,1],"scale":1.09689999,"type":"shrub_g"}
{"ctxid":0,"pos":[-143.438202,-821.931396,126.957001],"rotationMatrix":[-0.864380479,0.502838314,0,-0.502838314,-0.864380479,0,0,0,1],"scale":1.02880001,"type":"shrub_g"}
{"ctxid":0,"pos":[-290.971985,-548.35498,108.779999],"rotationMatrix":[0.990642905,-0.136479422,0,0.136479422,0.990642905,0,0,0,1],"scale":0.977999985,"type":"shrub_g"}
{"ctxid":0,"pos":[-315.397003,-513.419006,107.320999],"rotationMatrix":[-0.0978655815,-0.995199621,0,0.995199621,-0.0978655815,0,0,0,1],"scale":1.28380001,"type":"shrub_g"}
{"ctxid":0,"pos":[-337.01001,-736.31897,140.804001],"rotationMatrix":[0.723083258,0.690760911,0,-0.690760911,0.723083258,0,0,0,1],"scale":0.891300023,"type":"shrub_g"}
{"ctxid":0,"pos":[-364.326996,-724.883972,148.406998],"rotationMatrix":[0.539007902,-0.842300713,0,0.842300713,0.539007902,0,0,0,1],"scale":0.770399988,"type":"shrub_g"}
{"ctxid":0,"pos":[-363.393005,-718.51001,145.798004],"rotationMatrix":[0.696735263,-0.71732837,0,0.71732837,0.696735263,0,0,0,1],"scale":0.751900017,"type":"shrub_g"}
{"ctxid":0,"pos":[-367.052002,-694.044983,136.276993],"rotationMatrix":[0.249442339,-0.96838963,0,0.96838963,0.249442339,0,0,0,1],"scale":0.910700023,"type":"shrub_g"}
{"ctxid":0,"pos":[-374.389008,-773.913025,146.406998],"rotationMatrix":[0.349287748,0.937015533,0,-0.937015533,0.349287748,0,0,0,1],"scale":0.645399988,"type":"shrub_g"}
{"ctxid":0,"pos":[-368.524994,-774.007996,146.460007],"rotationMatrix":[0.385503054,-0.922706544,0,0.922706544,0.385503054,0,0,0,1],"scale":0.734899998,"type":"shrub_g"}
{"ctxid":0,"pos":[-357.828003,-789.911987,141.09404],"rotationMatrix":[-0.55443716,-0.832225621,0,0.832225621,-0.55443716,0,0,0,1],"scale":0.517799973,"type":"shrub_g"}
{"ctxid":0,"pos":[-346.347992,-788.382019,141.595169],"rotationMatrix":[0.745102048,0.666950464,0,-0.666950464,0.745102048,0,0,0,1],"scale":0.808099985,"type":"shrub_g"}
{"ctxid":0,"pos":[-351.559998,-783.814026,142.787094],"rotationMatrix":[-0.240942597,0.970539391,0,-0.970539391,-0.240942597,0,0,0,1],"scale":0.793500006,"type":"shrub_g"}
{"ctxid":0,"pos":[-317.664001,-750.338013,140.033997],"rotationMatrix":[-0.211190343,0.977444947,0,-0.977444947,-0.211190343,0,0,0,1],"scale":0.671000004,"type":"shrub_g"}
{"ctxid":0,"pos":[-377.243988,-885.273987,139.509995],"rotationMatrix":[-0.785671949,0.618643343,0,-0.618643343,-0.785671949,0,0,0,1],"scale":0.71420002,"type":"shrub_g"}
{"ctxid":0,"pos":[-392.973999,-934.328979,145.391998],"rotationMatrix":[-0.725710392,0.688000321,0,-0.688000321,-0.725710392,0,0,0,1],"scale":0.786899984,"type":"shrub_g"}
{"ctxid":0,"pos":[-390.80899,-932.085022,143.182999],"rotationMatrix":[0.447068691,0.8944996,0,-0.8944996,0.447068691,0,0,0,1],"scale":0.899999976,"type":"shrub_g"}
{"ctxid":0,"pos":[-394.39801,-925.419006,143.871002],"rotationMatrix":[-0.998000383,-0.0632078722,0,0.0632078722,-0.998000383,0,0,0,1],"scale":0.957199991,"type":"shrub_g"}
{"ctxid":0,"pos":[-399.674988,-916.403992,143.220001],"rotationMatrix":[-0.101424813,0.994843185,0,-0.994843185,-0.101424813,0,0,0,1],"scale":0.889100015,"type":"shrub_g"}
{"ctxid":0,"pos":[-405.334991,-945.455017,148.671005],"rotationMatrix":[0.157598019,0.98750335,0,-0.98750335,0.157598019,0,0,0,1],"scale":0.885900021,"type":"shrub_g"}
{"ctxid":0,"pos":[-416.22699,-962.153015,151.201996],"rotationMatrix":[0.050557971,0.998721123,0,-0.998721123,0.050557971,0,0,0,1],"scale":0.574400008,"type":"shrub_g"}
{"ctxid":0,"pos":[-409.239014,-962.651001,149.347],"rotationMatrix":[-0.924329638,-0.381594956,0,0.381594956,-0.924329638,0,0,0,1],"scale":0.925199986,"type":"shrub_g"}
{"ctxid":0,"pos":[-397.790009,-949.314026,147.472],"rotationMatrix":[0.944887996,0.32739377,0,-0.32739377,0.944887996,0,0,0,1],"scale":0.571699977,"type":"shrub_g"}
{"ctxid":0,"pos":[-433.829987,-952.859009,151.285004],"rotationMatrix":[-0.017023325,-0.999855101,0,0.999855101,-0.017023325,0,0,0,1],"scale":0.592400014,"type":"shrub_g"}
{"ctxid":0,"pos":[-499.516998,-910.926025,155.811996],"rotationMatrix":[-0.418938518,-0.908014596,0,0.908014596,-0.418938518,0,0,0,1],"scale":0.522300005,"type":"shrub_g"}
{"ctxid":0,"pos":[-484.035004,-912.705994,155.781006],"rotationMatrix":[-0.507542491,-0.861626744,0,0.861626744,-0.507542491,0,0,0,1],"scale":0.612500012,"type":"shrub_g"}
{"ctxid":0,"pos":[-458.451996,-949.609985,151.832001],"rotationMatrix":[0.93888998,0.34421739,0,-0.34421739,0.93888998,0,0,0,1],"scale":0.726800025,"type":"shrub_g"}
{"ctxid":0,"pos":[-461.261993,-972.525024,152.955002],"rotationMatrix":[-0.727197051,0.686428785,0,-0.686428785,-0.727197051,0,0,0,1],"scale":0.743499994,"type":"shrub_g"}
{"ctxid":0,"pos":[-749.539978,-114.892998,104.605003],"rotationMatrix":[-0.790967464,0.611858189,0,-0.611858189,-0.790967464,0,0,0,1],"scale":0.770500004,"type":"shrub_g"}
{"ctxid":0,"pos":[-529.541992,-353.091003,101.782997],"rotationMatrix":[-0.825196028,0.564846456,0,-0.564846456,-0.825196028,0,0,0,1],"scale":1.09440005,"type":"shrub_g"}
{"ctxid":0,"pos":[-582.401001,-336.941986,107.211998],"rotationMatrix":[0.704473257,-0.709730506,0,0.709730506,0.704473257,0,0,0,1],"scale":1.07939994,"type":"shrub_g"}
{"ctxid":0,"pos":[-610.671997,-329.743988,109.492996],"rotationMatrix":[0.577351809,0.816495478,0,-0.816495478,0.577351809,0,0,0,1],"scale":0.577799976,"type":"shrub_g"}
{"ctxid":0,"pos":[-613.328003,-337.936005,111.307999],"rotationMatrix":[0.178750753,-0.983894408,0,0.983894408,0.178750753,0,0,0,1],"scale":0.677200019,"type":"shrub_g"}
{"ctxid":0,"pos":[-656.677002,-300.165009,104.420998],"rotationMatrix":[0.987675428,-0.156515971,0,0.156515971,0.987675428,0,0,0,1],"scale":1.09070003,"type":"shrub_g"}
{"ctxid":0,"pos":[-685.507996,-393.580994,106.308998],"rotationMatrix":[-0.855123281,-0.51842469,0,0.51842469,-0.855123281,0,0,0,1],"scale":0.585099995,"type":"shrub_g"}
{"ctxid":0,"pos":[-670.948914,-498.102692,107.529999],"rotationMatrix":[-0.707552075,0.706661224,0,-0.706661224,-0.707552075,0,0,0,1],"scale":0.539200008,"type":"shrub_g"}
{"ctxid":0,"pos":[-679.066772,-487.76181,107.459869],"rotationMatrix":[-0.98603034,0.166565448,0,-0.166565448,-0.98603034,0,0,0,0.999999881],"scale":0.70660001,"type":"shrub_g"}
{"ctxid":0,"pos":[-691.933044,-491.187042,105.373001],"rotationMatrix":[0.262373447,-0.964966416,0,0.964966416,0.262373447,0,0,0,1],"scale":0.875400007,"type":"shrub_g"}
{"ctxid":0,"pos":[-762.328979,-85.3833008,104.754997],"rotationMatrix":[0.862502337,0.50605309,0,-0.50605309,0.862502337,0,0,0,1],"scale":0.599399984,"type":"shrub_g"}
{"ctxid":0,"pos":[-751.692993,-93.9716034,104.113998],"rotationMatrix":[-0.556553721,-0.83081162,0,0.83081162,-0.556553721,0,0,0,1],"scale":0.73269999,"type":"shrub_g"}
{"ctxid":0,"pos":[-852.867981,-0.264499992,118.915001],"rotationMatrix":[0.101663947,0.994818807,0,-0.994818807,0.101663947,0,0,0,1],"scale":0.560500026,"type":"shrub_g"}
{"ctxid":0,"pos":[-813.106018,-48.6427002,113.238998],"rotationMatrix":[0.999215841,0.0395942219,0,-0.0395942219,0.999215841,0,0,0,1],"scale":0.958500028,"type":"shrub_g"}
{"ctxid":0,"pos":[-815.666016,-47.6082993,113.619003],"rotationMatrix":[-0.481953382,-0.876196861,0,0.876196861,-0.481953382,0,0,0,1],"scale":0.706900001,"type":"shrub_g"}
{"ctxid":0,"pos":[-821.385986,-46.6842003,114.049004],"rotationMatrix":[0.85923183,-0.511586428,0,0.511586428,0.85923183,0,0,0,1],"scale":0.576699972,"type":"shrub_g"}
{"ctxid":0,"pos":[-837.702026,-167.25,105.504997],"rotationMatrix":[-0.120803952,-0.992676377,0,0.992676377,-0.120803952,0,0,0,1],"scale":0.671899974,"type":"shrub_g"}
{"ctxid":0,"pos":[-837.250977,-165.203995,105.436996],"rotationMatrix":[-0.950707674,-0.310088575,0,0.310088575,-0.950707674,0,0,0,1],"scale":0.711300015,"type":"shrub_g"}
{"ctxid":0,"pos":[-843.020996,-175.886993,105.939003],"rotationMatrix":[0.0400563478,0.999197423,0,-0.999197423,0.0400563478,0,0,0,1],"scale":0.810699999,"type":"shrub_g"}
{"ctxid":0,"pos":[-845.476013,-180.102997,105.343002],"rotationMatrix":[-0.41254425,0.910937548,0,-0.910937548,-0.41254425,0,0,0,1],"scale":0.515100002,"type":"shrub_g"}
{"ctxid":0,"pos":[-803.284973,-250.518005,98.9093018],"rotationMatrix":[-0.874435306,-0.485142142,0,0.485142142,-0.874435306,0,0,0,1],"scale":0.633000016,"type":"shrub_g"}
{"ctxid":0,"pos":[-805.155029,-253.444,98.6622009],"rotationMatrix":[0.169754982,-0.985486329,0,0.985486329,0.169754982,0,0,0,1],"scale":0.918500006,"type":"shrub_g"}
{"ctxid":0,"pos":[-894.770996,-470.145996,98.1903992],"rotationMatrix":[-0.693904161,0.720067382,0,-0.720067382,-0.693904161,0,0,0,1],"scale":0.978200018,"type":"shrub_g"}
{"ctxid":0,"pos":[-578.984985,-727.145996,140.093994],"rotationMatrix":[-0.696482062,-0.717574179,0,0.717574179,-0.696482062,0,0,0,1],"scale":0.722599983,"type":"shrub_g"}
{"ctxid":0,"pos":[-747.689026,-533.583008,101.832001],"rotationMatrix":[-0.154288173,-0.988025904,0,0.988025904,-0.154288173,0,0,0,1],"scale":0.604900002,"type":"shrub_g"}
{"ctxid":0,"pos":[-698.663025,-512.039001,105.140999],"rotationMatrix":[0.672759533,0.73986119,0,-0.73986119,0.672759533,0,0,0,1],"scale":0.839299977,"type":"shrub_g"}
{"ctxid":0,"pos":[-724.30603,-526.481018,103.126999],"rotationMatrix":[0.929612398,0.368538707,0,-0.368538707,0.929612398,0,0,0,1],"scale":0.697899997,"type":"shrub_g"}
{"ctxid":0,"pos":[-678.909973,-502.841003,106.911003],"rotationMatrix":[0.108887434,0.994054079,0,-0.994054079,0.108887434,0,0,0,1],"scale":0.663699985,"type":"shrub_g"}
{"ctxid":0,"pos":[-615.390991,-923.689026,161.720993],"rotationMatrix":[-0.497142076,0.867669165,0,-0.867669165,-0.497142076,0,0,0,1],"scale":0.980499983,"type":"shrub_g"}
{"ctxid":0,"pos":[-611.822998,-913.536987,161.705002],"rotationMatrix":[0.953852773,0.3002747,0,-0.3002747,0.953852773,0,0,0,1],"scale":0.774900019,"type":"shrub_g"}
{"ctxid":0,"pos":[-585.18103,-913.945007,159.313995],"rotationMatrix":[0.936845422,-0.349743694,0,0.349743694,0.936845422,0,0,0,1],"scale":0.834999979,"type":"shrub_g"}
{"ctxid":0,"pos":[-601.010986,-937.47699,163.667999],"rotationMatrix":[-0.44296062,0.896541059,0,-0.896541059,-0.44296062,0,0,0,1],"scale":0.714600027,"type":"shrub_g"}
{"ctxid":0,"pos":[-611.929993,-953.440979,165.854996],"rotationMatrix":[-0.574247718,-0.818681598,0,0.818681598,-0.574247718,0,0,0,1],"scale":0.771499991,"type":"shrub_g"}
{"ctxid":0,"pos":[-630.747009,-966.63501,166.345993],"rotationMatrix":[-0.992806435,-0.119730458,0,0.119730458,-0.992806435,0,0,0,1],"scale":0.960699975,"type":"shrub_g"}
{"ctxid":0,"pos":[-714.286987,-924.330017,164.878998],"rotationMatrix":[0.96229744,-0.271999329,0,0.271999329,0.96229744,0,0,0,1],"scale":0.694000006,"type":"shrub_g"}
{"ctxid":0,"pos":[-703.994995,-924.521973,165.393005],"rotationMatrix":[-0.964558482,-0.263869166,0,0.263869166,-0.964558482,0,0,0,1],"scale":0.555700004,"type":"shrub_g"}
{"ctxid":0,"pos":[-852.12207,-499.522095,105.60318],"rotationMatrix":[-0.987619996,-0.156864792,0,0.156864792,-0.987619996,0,0,0,0.999999881],"scale":1.29960001,"type":"shrub_g"}
{"ctxid":0,"pos":[-825.869995,-855.971008,127.874001],"rotationMatrix":[0.877091169,0.480323941,0,-0.480323941,0.877091169,0,0,0,1],"scale":0.586099982,"type":"shrub_g"}
{"ctxid":0,"pos":[-829.273987,-858.296997,128.854996],"rotationMatrix":[0.910873652,-0.412685335,0,0.412685335,0.910873652,0,0,0,1],"scale":0.812600017,"type":"shrub_g"}
{"ctxid":0,"pos":[-823.611023,-854.619995,127.392998],"rotationMatrix":[0.140901804,-0.990023553,0,0.990023553,0.140901804,0,0,0,1],"scale":0.671500027,"type":"shrub_g"}
{"ctxid":0,"pos":[-821.315979,-849.85199,124.699997],"rotationMatrix":[0.940487504,0.339828283,0,-0.339828283,0.940487504,0,0,0,1],"scale":0.768299997,"type":"shrub_g"}
{"ctxid":0,"pos":[-830.65802,-856.497009,128.016006],"rotationMatrix":[0.263344765,-0.964701772,0,0.964701772,0.263344765,0,0,0,1],"scale":0.676800013,"type":"shrub_g"}
{"ctxid":0,"pos":[-824.320007,-858.947021,129.328995],"rotationMatrix":[-0.998800278,0.0489694327,0,-0.0489694327,-0.998800278,0,0,0,1],"scale":0.840499997,"type":"shrub_g"}
{"ctxid":0,"pos":[-839.377014,-849.494995,124.334999],"rotationMatrix":[-0.976072073,0.217447251,0,-0.217447251,-0.976072073,0,0,0,1],"scale":0.996100008,"type":"shrub_g"}
{"ctxid":0,"pos":[-837.585999,-842.530029,120.988998],"rotationMatrix":[0.977102041,0.212771237,0,-0.212771237,0.977102041,0,0,0,1],"scale":0.659399986,"type":"shrub_g"}
{"ctxid":0,"pos":[-838.731018,-834.908997,118.718002],"rotationMatrix":[-0.74919796,-0.662346125,0,0.662346125,-0.74919796,0,0,0,1],"scale":0.828000009,"type":"shrub_g"}
{"ctxid":0,"pos":[-874.369019,-852.370972,128.832001],"rotationMatrix":[-0.991608858,-0.129274413,0,0.129274413,-0.991608858,0,0,0,1],"scale":0.978200018,"type":"shrub_g"}
{"ctxid":0,"pos":[-754.327026,-927.666016,163.487],"rotationMatrix":[-0.999200225,-0.0399863794,0,0.0399863794,-0.999200225,0,0,0,1],"scale":0.757000029,"type":"shrub_g"}
{"ctxid":0,"pos":[-838.968994,-934.348022,150.126999],"rotationMatrix":[0.523907185,0.851775348,0,-0.851775348,0.523907185,0,0,0,1],"scale":0.845200002,"type":"shrub_g"}
{"ctxid":0,"pos":[-832.327026,-924.080017,154.873993],"rotationMatrix":[0.998904943,-0.0467858315,0,0.0467858315,0.998904943,0,0,0,1],"scale":0.561699986,"type":"shrub_g"}
{"ctxid":0,"pos":[-830.721985,-922.849976,155.468994],"rotationMatrix":[0.0502822399,-0.99873507,0,0.99873507,0.0502822399,0,0,0,1],"scale":0.558499992,"type":"shrub_g"}
{"ctxid":0,"pos":[-865.02301,-893.106018,132.884995],"rotationMatrix":[-0.939268231,-0.343183905,0,0.343183905,-0.939268231,0,0,0,1],"scale":0.797200024,"type":"shrub_g"}
{"ctxid":0,"pos":[-864.687988,-896.744019,133.108994],"rotationMatrix":[0.156559229,-0.987668574,0,0.987668574,0.156559229,0,0,0,1],"scale":0.875800014,"type":"shrub_g"}
{"ctxid":0,"pos":[-988.471985,-794.130005,119.824997],"rotationMatrix":[-0.811085224,-0.584927976,0,0.584927976,-0.811085224,0,0,0,1],"scale":0.600899994,"type":"shrub_g"}
{"ctxid":0,"pos":[-924.065369,-844.05658,121.101852],"rotationMatrix":[0.920468092,-0.390817255,0,0.390817255,0.920468092,0,0,0,0.999999762],"scale":0.619799972,"type":"shrub_g"}
{"ctxid":0,"pos":[-928.913025,-829.695984,118.412003],"rotationMatrix":[-0.365873814,-0.93066448,0,0.93066448,-0.365873814,0,0,0,1],"scale":0.968699992,"type":"shrub_g"}
{"ctxid":0,"pos":[-894.375977,-897.268982,129.188995],"rotationMatrix":[0.554620743,-0.832103252,0,0.832103252,0.554620743,0,0,0,1],"scale":0.567200005,"type":"shrub_g"}
{"ctxid":0,"pos":[-886.010986,-998.539978,152.095001],"rotationMatrix":[-0.401138067,0.916017592,0,-0.916017592,-0.401138067,0,0,0,1],"scale":0.83890003,"type":"shrub_g"}
{"ctxid":0,"pos":[-925.920532,-985.767029,141.011368],"rotationMatrix":[0.239600316,0.970869422,-0.00203921716,-0.970834315,0.239608988,0.0082626855,0.00851060264,0,0.999963701],"scale":0.834200025,"type":"shrub_g"}
{"ctxid":0,"pos":[-970.804016,-934.393982,136.697998],"rotationMatrix":[-0.968524814,-0.248917028,0,0.248917028,-0.968524814,0,0,0,1],"scale":0.852199972,"type":"shrub_g"}
{"ctxid":0,"pos":[-960.624023,-906.870972,141.949997],"rotationMatrix":[0.583945632,0.811792791,0,-0.811792791,0.583945632,0,0,0,1],"scale":0.607200027,"type":"shrub_g"}
{"ctxid":0,"pos":[-965.68103,-906.56897,142.649002],"rotationMatrix":[-0.980049968,0.198751256,0,-0.198751256,-0.980049968,0,0,0,1],"scale":0.769200027,"type":"shrub_g"}
{"ctxid":0,"pos":[-941.223999,-991.343018,142.880005],"rotationMatrix":[0.712869644,-0.701296568,0,0.701296568,0.712869644,0,0,0,1],"scale":0.827000022,"type":"shrub_g"}
{"ctxid":0,"pos":[-945.002991,-989.239014,142.653],"rotationMatrix":[0.036450386,0.999335468,0,-0.999335468,0.036450386,0,0,0,1],"scale":0.909500003,"type":"shrub_g"}
{"ctxid":0,"pos":[-958.835022,-988.703003,142.561005],"rotationMatrix":[0.175415277,-0.984494507,0,0.984494507,0.175415277,0,0,0,1],"scale":0.998399973,"type":"shrub_g"}
{"ctxid":0,"pos":[-968.109985,-983.994995,143.546005],"rotationMatrix":[0.113420725,-0.993547022,0,0.993547022,0.113420725,0,0,0,1],"scale":0.884599984,"type":"shrub_g"}
{"ctxid":0,"pos":[-979.182983,-944.427979,139.25],"rotationMatrix":[0.98853898,-0.15096584,0,0.15096584,0.98853898,0,0,0,1],"scale":0.696500003,"type":"shrub_g"}
{"ctxid":0,"pos":[-977.156982,-950.140991,137.936005],"rotationMatrix":[-0.650744557,-0.759296715,0,0.759296715,-0.650744557,0,0,0,1],"scale":0.50849998,"type":"shrub_g"}
{"ctxid":0,"pos":[-978.65802,-962.245972,139.792007],"rotationMatrix":[-0.195676446,0.980668485,0,-0.980668485,-0.195676446,0,0,0,1],"scale":0.860400021,"type":"shrub_g"}
{"ctxid":0,"pos":[-978.620972,-951.413025,138.847],"rotationMatrix":[0.824768066,0.565471172,0,-0.565471172,0.824768066,0,0,0,1],"scale":0.77759999,"type":"shrub_g"}
{"ctxid":0,"pos":[-977.208984,-940.309021,138.757004],"rotationMatrix":[0.813583851,-0.581447601,0,0.581447601,0.813583851,0,0,0,1],"scale":0.594399989,"type":"shrub_g"}
{"ctxid":0,"pos":[-9.28369999,-1005.14001,134.354019],"rotationMatrix":[-0.823926091,0.566697061,0,-0.566697061,-0.823926091,0,0,0,0.999999881],"scale":0.90109998,"type":"shrub_g"}
{"ctxid":0,"pos":[-1025.72998,-240.166,110.535835],"rotationMatrix":[-0.961784363,-0.273808032,0,0.273808032,-0.961784363,0,0,0,1],"scale":0.555599988,"type":"shrub_g"}
{"ctxid":0,"pos":[-1005.28998,-118.097,128.420334],"rotationMatrix":[0.265527964,0.964103162,0,-0.964103162,0.265527964,0,0,0,1],"scale":0.922999978,"type":"shrub_g"}
{"ctxid":0,"pos":[-1011.69,-101.488998,134.592972],"rotationMatrix":[-0.410192132,0.911999106,0,-0.911999106,-0.410192132,0,0,0,1],"scale":0.965900004,"type":"shrub_g"}
{"ctxid":0,"pos":[-1040.69995,-199.850006,119.030464],"rotationMatrix":[-0.217111945,-0.976146698,0,0.976146698,-0.217111945,0,0,0,1],"scale":0.658399999,"type":"shrub_g"}
{"ctxid":0,"pos":[-1045.16003,-197.348007,120.610153],"rotationMatrix":[0.611919522,0.790920019,0,-0.790920019,0.611919522,0,0,0,1],"scale":0.862399995,"type":"shrub_g"}
{"ctxid":0,"pos":[-1030.48999,-290.213989,111.28862],"rotationMatrix":[0.910704613,0.413058251,0,-0.413058251,0.910704613,0,0,0,1],"scale":0.521000028,"type":"shrub_g"}
{"ctxid":0,"pos":[-1030.34998,-291.971008,110.626877],"rotationMatrix":[0.997822046,0.0659633502,0,-0.0659633502,0.997822046,0,0,0,1],"scale":0.612600029,"type":"shrub_g"}
{"ctxid":0,"pos":[-1017.07001,-3.94090009,161.158783],"rotationMatrix":[0.448959947,-0.893551886,0,0.893551886,0.448959947,0,0,0,1],"scale":0.973999977,"type":"shrub_g"}
{"ctxid":0,"pos":[-1012.94,-28.7691994,156.703827],"rotationMatrix":[0.544178486,-0.838969469,0,0.838969469,0.544178486,0,0,0,1],"scale":0.941699982,"type":"shrub_g"}
{"ctxid":0,"pos":[-1014.59003,-34.4062004,155.149963],"rotationMatrix":[0.716947079,-0.697127581,0,0.697127581,0.716947079,0,0,0,1],"scale":0.763800025,"type":"shrub_g"}
{"ctxid":0,"pos":[-1005.53003,-27.0013008,153.145584],"rotationMatrix":[0.787578344,0.616214514,0,-0.616214514,0.787578344,0,0,0,1],"scale":0.656300008,"type":"shrub_g"}
{"ctxid":0,"pos":[-35.4710999,529.151001,74.8936005],"rotationMatrix":[0.518819451,0.85488385,0,-0.85488385,0.518819451,0,0,0,1],"scale":0.536499977,"type":"shrub_g"}
{"ctxid":0,"pos":[-239.268997,578.869995,75.0338974],"rotationMatrix":[-0.436512589,-0.899698138,0,0.899698138,-0.436512589,0,0,0,1],"scale":0.513599992,"type":"shrub_g"}
{"ctxid":0,"pos":[-226.270996,578.177979,74.9207001],"rotationMatrix":[-0.427374005,-0.904074907,0,0.904074907,-0.427374005,0,0,0,1],"scale":0.596199989,"type":"shrub_g"}
{"ctxid":0,"pos":[-223.259003,578.580017,74.9151001],"rotationMatrix":[0.25701952,-0.966406226,0,0.966406226,0.25701952,0,0,0,1],"scale":0.692799985,"type":"shrub_g"}
{"ctxid":0,"pos":[-220.362,572.786987,75.0597],"rotationMatrix":[-0.827871919,-0.560917199,0,0.560917199,-0.827871919,0,0,0,1],"scale":0.886900008,"type":"shrub_g"}
{"ctxid":0,"pos":[-215.537003,573.75,75.1220016],"rotationMatrix":[0.214744806,0.976670206,0,-0.976670206,0.214744806,0,0,0,1],"scale":0.513800025,"type":"shrub_g"}
{"ctxid":0,"pos":[-220.396149,521.601318,74.8879013],"rotationMatrix":[0.532842159,-0.846214652,0,0.846214652,0.532842159,0,0,0,1],"scale":0.799799979,"type":"shrub_g"}
{"ctxid":0,"pos":[-214.199997,534.603027,74.925499],"rotationMatrix":[-0.385478586,-0.922716618,0,0.922716618,-0.385478586,0,0,0,0.999999881],"scale":0.621880293,"type":"shrub_g"}
{"ctxid":0,"pos":[-112.550003,319.670013,105.635002],"rotationMatrix":[-0.795133471,0.606434464,0,-0.606434464,-0.795133471,0,0,0,1],"scale":0.960699975,"type":"shrub_g"}
{"ctxid":0,"pos":[-109.954002,332.763,106.68],"rotationMatrix":[0.569779158,-0.821797848,0,0.821797848,0.569779158,0,0,0,1],"scale":0.765900016,"type":"shrub_g"}
{"ctxid":0,"pos":[-68.9417038,334.460999,113.582001],"rotationMatrix":[0.0524861813,0.998621643,0,-0.998621643,0.0524861813,0,0,0,1],"scale":0.93599999,"type":"shrub_g"}
{"ctxid":0,"pos":[-59.2070999,341.953003,114.096001],"rotationMatrix":[-0.368850589,-0.929488719,0,0.929488719,-0.368850589,0,0,0,1],"scale":0.712100029,"type":"shrub_g"}
{"ctxid":0,"pos":[-99.240799,310.976013,113.620003],"rotationMatrix":[-0.769456625,-0.638699055,0,0.638699055,-0.769456625,0,0,0,1],"scale":0.718599975,"type":"shrub_g"}
{"ctxid":0,"pos":[-169.960007,459.79599,74.3741989],"rotationMatrix":[0.975667834,-0.219253913,0,0.219253913,0.975667834,0,0,0,1],"scale":0.643400013,"type":"shrub_g"}
{"ctxid":0,"pos":[-175.389008,462.300995,76.4680023],"rotationMatrix":[-0.877921939,0.478803784,0,-0.478803784,-0.877921939,0,0,0,1],"scale":0.650300026,"type":"shrub_g"}
{"ctxid":0,"pos":[-172.490005,416.993011,84.251503],"rotationMatrix":[0.514296293,0.85761255,0,-0.85761255,0.514296293,0,0,0,1],"scale":0.586899996,"type":"shrub_g"}
{"ctxid":0,"pos":[-168.972,425.470001,80.1647034],"rotationMatrix":[-0.676280499,-0.736644208,0,0.736644208,-0.676280499,0,0,0,1],"scale":0.892499983,"type":"shrub_g"}
{"ctxid":0,"pos":[-185.966003,417.388,82.2272034],"rotationMatrix":[0.242319584,0.970196486,0,-0.970196486,0.242319584,0,0,0,1],"scale":0.775600016,"type":"shrub_g"}
{"ctxid":0,"pos":[-193.272003,473.436005,74.8544998],"rotationMatrix":[0.856351972,0.516392589,0,-0.516392589,0.856351972,0,0,0,1],"scale":0.558200002,"type":"shrub_g"}
{"ctxid":0,"pos":[-132.526001,348.281006,98.7139969],"rotationMatrix":[0.974326134,0.225141257,0,-0.225141257,0.974326134,0,0,0,1],"scale":1.13399994,"type":"shrub_g"}
{"ctxid":0,"pos":[-151.809006,294.936005,97.9690018],"rotationMatrix":[-0.327798128,0.944747806,0,-0.944747806,-0.327798128,0,0,0,1],"scale":0.50819999,"type":"shrub_g"}
{"ctxid":0,"pos":[-17.2646999,147.684006,127.005997],"rotationMatrix":[0.827245593,0.561840475,0,-0.561840475,0.827245593,0,0,0,1],"scale":0.861400008,"type":"shrub_g"}
{"ctxid":0,"pos":[-88.9718246,104.651222,126.334381],"rotationMatrix":[0.682236075,-0.731131971,0,0.731131971,0.682236075,0,0,0,1],"scale":0.614799976,"type":"shrub_g"}
{"ctxid":0,"pos":[-8.24909973,85.5059967,120.433998],"rotationMatrix":[-0.833229661,-0.552927077,0,0.552927077,-0.833229661,0,0,0,1],"scale":0.741100013,"type":"shrub_g"}
{"ctxid":0,"pos":[-24.7103004,111.453003,126.670998],"rotationMatrix":[0.758904338,-0.651202142,0,0.651202142,0.758904338,0,0,0,1],"scale":0.510900021,"type":"shrub_g"}
{"ctxid":0,"pos":[-371.541992,399.549988,98.0167999],"rotationMatrix":[-0.175044537,0.98456049,0,-0.98456049,-0.175044537,0,0,0,1],"scale":0.50910002,"type":"shrub_g"}
{"ctxid":0,"pos":[-385.123993,287.990997,101.440002],"rotationMatrix":[-0.963765502,-0.266750932,0,0.266750932,-0.963765502,0,0,0,1],"scale":0.818099976,"type":"shrub_g"}
{"ctxid":0,"pos":[-399.484009,274.039001,101.610001],"rotationMatrix":[-0.672620535,0.739987552,0,-0.739987552,-0.672620535,0,0,0,1],"scale":0.569999993,"type":"shrub_g"}
{"ctxid":0,"pos":[-340.334015,207.395004,103.158997],"rotationMatrix":[-0.0957920551,-0.995401382,0,0.995401382,-0.0957920551,0,0,0,1],"scale":0.800400019,"type":"shrub_g"}
{"ctxid":0,"pos":[-414.062988,21.2805004,104.096001],"rotationMatrix":[0.165626287,-0.986188591,0,0.986188591,0.165626287,0,0,0,1],"scale":0.998700023,"type":"shrub_g"}
{"ctxid":0,"pos":[-618.067749,790.057068,75.0946655],"rotationMatrix":[0.702649295,-0.711535931,0,0.711535931,0.702649295,0,0,0,0.999999523],"scale":0.769800007,"type":"shrub_g"}
{"ctxid":0,"pos":[-530.882019,729.213989,76.0557022],"rotationMatrix":[0.980713606,0.195450306,0,-0.195450306,0.980713606,0,0,0,1],"scale":0.820299983,"type":"shrub_g"}
{"ctxid":0,"pos":[-533.002014,726.265015,76.9936981],"rotationMatrix":[0.479187846,-0.877712369,0,0.877712369,0.479187846,0,0,0,1],"scale":0.957799971,"type":"shrub_g"}
{"ctxid":0,"pos":[-618.362976,635.231995,98.1380005],"rotationMatrix":[-0.693536043,-0.72042191,0,0.72042191,-0.693536043,0,0,0,1],"scale":0.954900026,"type":"shrub_g"}
{"ctxid":0,"pos":[-614.15564,619.356567,93.2784348],"rotationMatrix":[0.655051827,0.755583942,0,-0.755583942,0.655051827,0,0,0,1],"scale":0.692200005,"type":"shrub_g"}
{"ctxid":0,"pos":[-630.811646,650.817505,92.4326019],"rotationMatrix":[-0.999599934,0.0282837879,0,-0.0282837879,-0.999599934,0,0,0,1],"scale":0.71359998,"type":"shrub_g"}
{"ctxid":0,"pos":[-682.129028,637.432983,105.819],"rotationMatrix":[-0.92746985,0.37389794,0,-0.37389794,-0.92746985,0,0,0,1],"scale":0.771200001,"type":"shrub_g"}
{"ctxid":0,"pos":[-682.291016,634.682983,105.642998],"rotationMatrix":[0.073022604,-0.997330308,0,0.997330308,0.073022604,0,0,0,1],"scale":0.969900012,"type":"shrub_g"}
{"ctxid":0,"pos":[-695.94397,634.708984,105.532997],"rotationMatrix":[-0.752566457,-0.658516288,0,0.658516288,-0.752566457,0,0,0,1],"scale":0.961700022,"type":"shrub_g"}
{"ctxid":0,"pos":[-710.023987,632.015015,105.712997],"rotationMatrix":[-0.972892523,-0.231257737,0,0.231257737,-0.972892523,0,0,0,1],"scale":0.617500007,"type":"shrub_g"}
{"ctxid":0,"pos":[-851.86499,861.166992,75.0678024],"rotationMatrix":[0.722040296,-0.69185102,0,0.69185102,0.722040296,0,0,0,1],"scale":0.665700018,"type":"shrub_g"}
{"ctxid":0,"pos":[-874.718018,861.304016,75.1505508],"rotationMatrix":[-0.96367985,0.267059684,0,-0.267059684,-0.96367985,0,0,0,0.999999881],"scale":0.90259999,"type":"shrub_g"}
{"ctxid":0,"pos":[-856.354004,82.4241028,136.093002],"rotationMatrix":[-0.137333751,-0.990524828,0,0.990524828,-0.137333751,0,0,0,1],"scale":0.667999983,"type":"shrub_g"}
{"ctxid":0,"pos":[-849.919983,68.9856033,129.220993],"rotationMatrix":[-0.814131618,0.58068037,0,-0.58068037,-0.814131618,0,0,0,1],"scale":0.827400029,"type":"shrub_g"}
{"ctxid":0,"pos":[-830.935974,49.3728981,122.985001],"rotationMatrix":[0.990914464,0.134493589,0,-0.134493589,0.990914464,0,0,0,1],"scale":0.852199972,"type":"shrub_g"}
{"ctxid":0,"pos":[-869.567993,93.9112015,140.214996],"rotationMatrix":[0.325807214,-0.945436239,0,0.945436239,0.325807214,0,0,0,1],"scale":0.735700011,"type":"shrub_g"}
{"ctxid":0,"pos":[-840.640015,10.3219004,119.459999],"rotationMatrix":[0.996302009,0.0859203562,0,-0.0859203562,0.996302009,0,0,0,1],"scale":0.635500014,"type":"shrub_g"}
{"ctxid":0,"pos":[-831.700012,17.2630005,117.490997],"rotationMatrix":[-0.181799412,-0.983335614,0,0.983335614,-0.181799412,0,0,0,1],"scale":0.871500015,"type":"shrub_g"}
{"ctxid":0,"pos":[-836.911987,22.2910004,119.407997],"rotationMatrix":[-0.91101253,0.412378669,0,-0.412378669,-0.91101253,0,0,0,1],"scale":0.757499993,"type":"shrub_g"}
{"ctxid":0,"pos":[-989.744995,166.233002,161.291],"rotationMatrix":[-0.299916983,-0.953965306,0,0.953965306,-0.299916983,0,0,0,1],"scale":0.798200011,"type":"shrub_g"}
{"ctxid":0,"pos":[-974.252991,144.998001,158.417999],"rotationMatrix":[-0.46615684,0.884702086,0,-0.884702086,-0.46615684,0,0,0,1],"scale":0.686399996,"type":"shrub_g"}
{"ctxid":0,"pos":[-958.093994,130.397003,153.675003],"rotationMatrix":[-0.595255256,0.803536654,0,-0.803536654,-0.595255256,0,0,0,1],"scale":0.980400026,"type":"shrub_g"}
{"ctxid":0,"pos":[-908.799988,130.785995,148.778],"rotationMatrix":[-0.932184935,-0.361982375,0,0.361982375,-0.932184935,0,0,0,1],"scale":0.723500013,"type":"shrub_g"}
{"ctxid":0,"pos":[-993.929016,94.0404968,167.768997],"rotationMatrix":[0.420250893,-0.907407939,0,0.907407939,0.420250893,0,0,0,1],"scale":0.50910002,"type":"shrub_g"}
{"ctxid":0,"pos":[-877.05603,34.0303993,126.903],"rotationMatrix":[0.697669148,0.716420114,0,-0.716420114,0.697669148,0,0,0,1],"scale":0.877200007,"type":"shrub_g"}
{"ctxid":0,"pos":[-1118.68994,1017.97998,78.8311996],"rotationMatrix":[0.474277377,0.880375445,0,-0.880375445,0.474277377,0,0,0,1],"scale":0.727299988,"type":"shrub_g"}
{"ctxid":0,"pos":[-1118.27002,1007.75,77.3388977],"rotationMatrix":[-0.46615684,-0.884702086,0,0.884702086,-0.46615684,0,0,0,1],"scale":0.665700018,"type":"shrub_g"}
{"ctxid":0,"pos":[-1011.90002,8.9769001,156.505798],"rotationMatrix":[-0.993205786,0.116371244,0,-0.116371244,-0.993205786,0,0,0,1],"scale":0.548799992,"type":"shrub_g"}
{"ctxid":0,"pos":[-1051.77002,62.0716019,181.556],"rotationMatrix":[-0.154592156,0.987978399,0,-0.987978399,-0.154592156,0,0,0,1],"scale":0.740199983,"type":"shrub_g"}
{"ctxid":0,"pos":[-1104.18994,96.3544006,202.936996],"rotationMatrix":[0.190499067,-0.981687367,0,0.981687367,0.190499067,0,0,0,1],"scale":0.883599997,"type":"shrub_g"}
{"ctxid":0,"pos":[-1115.18005,893.559998,84.7668991],"rotationMatrix":[-0.631179214,-0.775637031,0,0.775637031,-0.631179214,0,0,0,1],"scale":0.564599991,"type":"shrub_g"}
{"ctxid":0,"pos":[-1113.70996,890.645996,84.4853973],"rotationMatrix":[0.32882309,0.944391549,0,-0.944391549,0.32882309,0,0,0,1],"scale":0.784200013,"type":"shrub_g"}
{"ctxid":0,"pos":[-1112.63,881.786011,87.3455963],"rotationMatrix":[-0.159764528,0.987155139,0,-0.987155139,-0.159764528,0,0,0,1],"scale":0.808200002,"type":"shrub_g"}
{"ctxid":0,"pos":[-1117.95996,959.672974,81.1532974],"rotationMatrix":[0.950261354,-0.311453611,0,0.311453611,0.950261354,0,0,0,1],"scale":0.550000012,"type":"shrub_g"}
{"ctxid":0,"pos":[-1109.31995,947.018005,78.2856979],"rotationMatrix":[0.205695868,-0.97861594,0,0.97861594,0.205695868,0,0,0,1],"scale":0.773999989,"type":"shrub_g"}
{"ctxid":0,"pos":[-1111.34998,950.073975,79.0852966],"rotationMatrix":[-0.946759105,0.321942836,0,-0.321942836,-0.946759105,0,0,0,1],"scale":0.643400013,"type":"shrub_g"}
{"ctxid":0,"pos":[-1118.53003,999.403015,77.0978012],"rotationMatrix":[-0.957824826,0.287352741,0,-0.287352741,-0.957824826,0,0,0,1],"scale":0.567900002,"type":"shrub_g"}
{"ctxid":0,"pos":[-1017.64001,199.938004,167.853622],"rotationMatrix":[0.623288035,0.781992316,0,-0.781992316,0.623288035,0,0,0,1],"scale":0.56279999,"type":"shrub_g"}
{"ctxid":0,"pos":[-1008.01001,190.311996,165.759216],"rotationMatrix":[-0.875597119,0.483042121,0,-0.483042121,-0.875597119,0,0,0,1],"scale":0.661899984,"type":"shrub_g"}
{"ctxid":0,"pos":[-1004.47998,187.787003,164.518677],"rotationMatrix":[0.0378381014,0.99928391,0,-0.99928391,0.0378381014,0,0,0,1],"scale":0.718100011,"type":"shrub_g"}
{"ctxid":0,"pos":[-1028.5,220.565994,174.147003],"rotationMatrix":[-0.668964505,0.743294358,0,-0.743294358,-0.668964505,0,0,0,1],"scale":0.979300022,"type":"shrub_g"}
{"ctxid":0,"pos":[1003.64001,-49.4645996,152.107834],"rotationMatrix":[-0.954659939,-0.297698498,0,0.297698498,-0.954659939,0,0,0,1],"scale":0.626999974,"type":"shrub_g"}
{"ctxid":0,"pos":[1023.17999,-48.0845985,154.46843],"rotationMatrix":[0.983438015,0.181244776,0,-0.181244776,0.983438015,0,0,0,1],"scale":0.59740001,"type":"shrub_g"}
{"ctxid":0,"pos":[1000.56,-741.784973,166.074997],"rotationMatrix":[0.970863104,-0.239634797,0,0.239634797,0.970863104,0,0,0,1],"scale":0.877900004,"type":"shrub_g"}
{"ctxid":0,"pos":[1038.65002,-710.340027,168.197006],"rotationMatrix":[-0.561144471,-0.8277179,0,0.8277179,-0.561144471,0,0,0,1],"scale":0.850199997,"type":"shrub_g"}
{"ctxid":0,"pos":[1019.90002,-818.544006,165.677917],"rotationMatrix":[0.235410213,0.971896112,0,-0.971896112,0.235410213,0,0,0,1],"scale":0.99940002,"type":"shrub_g"}
{"ctxid":0,"pos":[1021.19,-779.950989,166.310196],"rotationMatrix":[-0.185799956,-0.982587576,0,0.982587576,-0.185799956,0,0,0,1],"scale":1.17040002,"type":"shrub_g"}
{"ctxid":0,"pos":[1019.84998,-781.843994,166.290649],"rotationMatrix":[0.46728158,-0.884108543,0,0.884108543,0.46728158,0,0,0,1],"scale":1.16050005,"type":"shrub_g"}
{"ctxid":0,"pos":[1017.21997,-828.88501,166.561829],"rotationMatrix":[0.992919445,-0.118789628,0,0.118789628,0.992919445,0,0,0,1],"scale":1.12709999,"type":"shrub_g"}
{"ctxid":0,"pos":[1014.87,-809.327026,165.527023],"rotationMatrix":[-0.204662323,0.978832662,0,-0.978832662,-0.204662323,0,0,0,1],"scale":1.04089999,"type":"shrub_g"}
{"ctxid":0,"pos":[1032.31006,-832.005005,170.826004],"rotationMatrix":[-0.730916142,0.682467282,0,-0.682467282,-0.730916142,0,0,0,1],"scale":0.943099976,"type":"shrub_g"}
{"ctxid":0,"pos":[1034.78003,-826.48999,170.949005],"rotationMatrix":[-0.494374871,-0.869248807,0,0.869248807,-0.494374871,0,0,0,1],"scale":0.854399979,"type":"shrub_g"}
{"ctxid":0,"pos":[1035.04004,-839.960022,171.5],"rotationMatrix":[0.721742034,0.692162156,0,-0.692162156,0.721742034,0,0,0,1],"scale":0.915000021,"type":"shrub_g"}
{"ctxid":0,"pos":[1037.81995,-853.094971,174.242004],"rotationMatrix":[-0.664582491,0.747214913,0,-0.747214913,-0.664582491,0,0,0,1],"scale":0.964699984,"type":"shrub_g"}
