{"ctxid":0,"pos":[-363.572998,-46.8008003,107.187401],"rotationMatrix":[0.996942401,-0.078139931,0,0.078139931,0.996942401,0,0,0,1],"scale":0.85680002,"type":"shrub_c"}
{"ctxid":0,"pos":[-345.562988,-17.2490005,109.079643],"rotationMatrix":[0.531875134,-0.846822798,0,0.846822798,0.531875134,0,0,0,1],"scale":0.720600009,"type":"shrub_c"}
{"ctxid":0,"pos":[-392.352448,-120.384163,101.68129],"rotationMatrix":[0.0101755857,-0.999948204,0,0.999948204,0.0101755857,0,0,0,1],"scale":0.94749999,"type":"shrub_c"}
{"ctxid":0,"pos":[-392.851013,-84.2156982,104.401886],"rotationMatrix":[-0.147006631,-0.989135504,0,0.989135504,-0.147006631,0,0,0,1],"scale":0.60650003,"type":"shrub_c"}
{"ctxid":0,"pos":[-383.549988,-92.115799,103.280472],"rotationMatrix":[-0.886847377,-0.462062478,0,0.462062478,-0.886847377,0,0,0,1],"scale":0.570800006,"type":"shrub_c"}
{"ctxid":0,"pos":[-377.127991,-69.8237991,104.428627],"rotationMatrix":[-0.605273604,0.796017528,0,-0.796017528,-0.605273604,0,0,0,1],"scale":0.690199971,"type":"shrub_c"}
{"ctxid":0,"pos":[-448.578003,-32.2691994,103.751518],"rotationMatrix":[-0.777743578,0.628581703,0,-0.628581703,-0.777743578,0,0,0,1],"scale":1.03639996,"type":"shrub_c"}
{"ctxid":0,"pos":[-454.434845,-43.3978004,104.158173],"rotationMatrix":[0.941863477,0.125351444,0.31173721,-0.11900261,0.992112339,-0.0393873863,-0.3142156,0,0.949351549],"scale":0.98210001,"type":"shrub_c"}
{"ctxid":0,"pos":[-453.78299,-39.7235985,103.47197],"rotationMatrix":[0.853673577,-0.482857287,0.195166856,0.470712572,0.875698984,0.107614309,-0.222869769,0,0.974848092],"scale":0.966300011,"type":"shrub_c"}
{"ctxid":0,"pos":[-452.112,-41.2961006,105.197189],"rotationMatrix":[0.845209599,-0.534434974,0,0.534434974,0.845209599,0,0,0,1],"scale":0.910099983,"type":"shrub_c"}
{"ctxid":0,"pos":[-482.001617,-36.0824966,97.1583023],"rotationMatrix":[-0.563619256,-0.826034725,0,0.826034725,-0.563619256,0,0,0,1],"scale":0.838500023,"type":"shrub_c"}
{"ctxid":0,"pos":[-481.798004,-76.4468002,98.3641586],"rotationMatrix":[-0.758562446,-0.651600361,0,0.651600361,-0.758562446,0,0,0,1],"scale":1.10029995,"type":"shrub_c"}
{"ctxid":0,"pos":[-400.227997,-142.781006,101.353577],"rotationMatrix":[-0.273288846,-0.961932003,0,0.961932003,-0.273288846,0,0,0,1],"scale":0.956816435,"type":"shrub_c"}
{"ctxid":0,"pos":[-413.825989,-133.863998,103.858002],"rotationMatrix":[-0.280640006,0.959813118,0,-0.959813118,-0.280640006,0,0,0,1],"scale":0.987399995,"type":"shrub_c"}
{"ctxid":0,"pos":[-401.122375,-171.729141,100.487473],"rotationMatrix":[0.82334435,0.567542136,0,-0.567542136,0.82334435,0,0,0,1],"scale":0.652500212,"type":"shrub_c"}
{"ctxid":0,"pos":[-423.350006,-163.453995,101.956001],"rotationMatrix":[-0.849349141,0.527831435,0,-0.527831435,-0.849349141,0,0,0,1],"scale":0.819999993,"type":"shrub_c"}
{"ctxid":0,"pos":[-419.463013,-209.128006,100.439354],"rotationMatrix":[-0.115420461,-0.99331671,0,0.99331671,-0.115420461,0,0,0,1],"scale":1.16289997,"type":"shrub_c"}
{"ctxid":0,"pos":[-426.602478,-210.416229,100.285004],"rotationMatrix":[-0.0801559687,-0.996782362,0,0.996782362,-0.0801559687,0,0,0,1],"scale":1.04560006,"type":"shrub_c"}
{"ctxid":0,"pos":[-412.291107,-198.079376,103.120667],"rotationMatrix":[0.936889946,0.349624157,0,-0.349624157,0.936889946,0,0,0,0.999999881],"scale":1.28400004,"type":"shrub_c"}
{"ctxid":0,"pos":[-404.384003,-201.287994,101.044998],"rotationMatrix":[0.968800068,0.247843564,0,-0.247843564,0.968800068,0,0,0,1],"scale":0.939400017,"type":"shrub_c"}
{"ctxid":0,"pos":[-430.160004,-253.320007,100.180763],"rotationMatrix":[0.764427543,0.644709647,0,-0.644709647,0.764427543,0,0,0,1],"scale":1.28610003,"type":"shrub_c"}
{"ctxid":0,"pos":[-416.02301,-300.813995,100.378181],"rotationMatrix":[-0.271693468,0.962383866,0,-0.962383866,-0.271693468,0,0,0,1],"scale":1.13240004,"type":"shrub_c"}
{"ctxid":0,"pos":[-382.19101,-305.851013,98.9962006],"rotationMatrix":[-0.891123533,-0.453760773,0,0.453760773,-0.891123533,0,0,0,1],"scale":0.578035891,"type":"shrub_c"}
{"ctxid":0,"pos":[-389.681,-266.386993,97.5009995],"rotationMatrix":[0.872790337,-0.488095313,0,0.488095313,0.872790337,0,0,0,1],"scale":0.728999972,"type":"shrub_c"}
{"ctxid":0,"pos":[-391.928009,-287.006989,99.5540009],"rotationMatrix":[0.475711942,-0.879601121,0,0.879601121,0.475711942,0,0,0,1],"scale":0.776899993,"type":"shrub_c"}
{"ctxid":0,"pos":[-410.050995,-276.171997,102.017738],"rotationMatrix":[-0.807660937,0.589647174,0,-0.589647174,-0.807660937,0,0,0,1],"scale":0.958800018,"type":"shrub_c"}
{"ctxid":0,"pos":[-441.718994,-308.635986,100.628929],"rotationMatrix":[0.829472065,0.558548212,0,-0.558548212,0.829472065,0,0,0,1],"scale":0.873880923,"type":"shrub_c"}
{"ctxid":0,"pos":[-463.549011,-318.412994,99.2019119],"rotationMatrix":[0.981721282,0.190324262,0,-0.190324262,0.981721282,0,0,0,1],"scale":0.773800015,"type":"shrub_c"}
{"ctxid":0,"pos":[-107.413002,-997.890015,138.910004],"rotationMatrix":[-0.984430432,-0.175774634,0,0.175774634,-0.984430432,0,0,0,1],"scale":1.11819994,"type":"shrub_c"}
{"ctxid":0,"pos":[-89.0118027,-999.661987,135.100006],"rotationMatrix":[-0.723481894,0.69034338,0,-0.69034338,-0.723481894,0,0,0,1],"scale":1.25090003,"type":"shrub_c"}
{"ctxid":0,"pos":[-93.6751022,-989.564026,133.875],"rotationMatrix":[0.619633555,-0.784891248,0,0.784891248,0.619633555,0,0,0,1],"scale":0.991299987,"type":"shrub_c"}
{"ctxid":0,"pos":[-94.3246994,-996.143005,135.123001],"rotationMatrix":[0.741663218,-0.670772433,0,0.670772433,0.741663218,0,0,0,1],"scale":0.935800016,"type":"shrub_c"}
{"ctxid":0,"pos":[-101.665001,-993.622009,136.649002],"rotationMatrix":[-0.726082087,-0.687608004,0,0.687608004,-0.726082087,0,0,0,1],"scale":1.09560001,"type":"shrub_c"}
{"ctxid":0,"pos":[-43.3484879,-956.31897,129.618347],"rotationMatrix":[-0.926291943,0.376806617,0,-0.376806617,-0.926291943,0,0,0,1],"scale":0.98210001,"type":"shrub_c"}
{"ctxid":0,"pos":[-34.8923988,-949.99823,129.295898],"rotationMatrix":[-0.0483518839,0.998830378,0,-0.998830378,-0.0483518839,0,0,0,1],"scale":1.12699997,"type":"shrub_c"}
{"ctxid":0,"pos":[-358.390015,-732.481018,147.753006],"rotationMatrix":[-0.999599934,0.0282837879,0,-0.0282837879,-0.999599934,0,0,0,1],"scale":0.592599988,"type":"shrub_c"}
{"ctxid":0,"pos":[-360.476013,-694.184998,135.035004],"rotationMatrix":[0.364259243,0.9312976,0,-0.9312976,0.364259243,0,0,0,1],"scale":0.527199984,"type":"shrub_c"}
{"ctxid":0,"pos":[-396.976013,-934.223022,146.751999],"rotationMatrix":[0.453569412,0.891220927,0,-0.891220927,0.453569412,0,0,0,1],"scale":0.925700009,"type":"shrub_c"}
{"ctxid":0,"pos":[-393.924988,-949.789978,147.496002],"rotationMatrix":[0.765113354,-0.643895626,0,0.643895626,0.765113354,0,0,0,1],"scale":0.587800026,"type":"shrub_c"}
{"ctxid":0,"pos":[-392.26416,-946.09845,145.1194],"rotationMatrix":[-0.415907979,0.909406722,0,-0.909406722,-0.415907979,0,0,0,1],"scale":0.854300022,"type":"shrub_c"}
{"ctxid":0,"pos":[-423.39624,-962.019348,150.824142],"rotationMatrix":[-0.857820988,-0.513948619,0,0.513948619,-0.857820988,0,0,0,1],"scale":0.626399994,"type":"shrub_c"}
{"ctxid":0,"pos":[-421.493469,-960.523987,151.412125],"rotationMatrix":[-0.613167286,-0.789953113,0,0.789953113,-0.613167286,0,0,0,1],"scale":0.94599998,"type":"shrub_c"}
{"ctxid":0,"pos":[-415.190704,-960.755615,151.054367],"rotationMatrix":[0.0784611702,-0.996917188,0,0.996917188,0.0784611702,0,0,0,1],"scale":0.571399987,"type":"shrub_c"}
{"ctxid":0,"pos":[-436.215515,-948.455566,151.425613],"rotationMatrix":[-0.957824826,0.287352741,0,-0.287352741,-0.957824826,0,0,0,1],"scale":0.600099981,"type":"shrub_c"}
{"ctxid":0,"pos":[-493.618988,-908.929993,155.611053],"rotationMatrix":[-0.977662802,-0.210179552,0,0.210179552,-0.977662802,0,0,0,1],"scale":0.752900004,"type":"shrub_c"}
{"ctxid":0,"pos":[-495.252991,-912.960999,154.950378],"rotationMatrix":[-0.879084826,-0.476665378,0,0.476665378,-0.879084826,0,0,0,1],"scale":0.615800023,"type":"shrub_c"}
{"ctxid":0,"pos":[-478.768005,-924.935974,154.061996],"rotationMatrix":[-0.659477592,-0.751724243,0,0.751724243,-0.659477592,0,0,0,1],"scale":0.61500001,"type":"shrub_c"}
{"ctxid":0,"pos":[-462.584991,-940.244019,152.992004],"rotationMatrix":[0.863549113,-0.504264712,0,0.504264712,0.863549113,0,0,0,1],"scale":0.809300005,"type":"shrub_c"}
{"ctxid":0,"pos":[-529.012024,-121.310997,101.529999],"rotationMatrix":[-0.366865635,0.93027395,0,-0.93027395,-0.366865635,0,0,0,1],"scale":0.591799974,"type":"shrub_c"}
{"ctxid":0,"pos":[-542.70105,-177.182724,104.560997],"rotationMatrix":[-0.978060484,0.208321124,0,-0.208321124,-0.978060484,0,0,0,1],"scale":1.28429997,"type":"shrub_c"}
{"ctxid":0,"pos":[-562.437988,-162.337997,102.966003],"rotationMatrix":[0.826185942,0.563397527,0,-0.563397527,0.826185942,0,0,0,1],"scale":0.585699975,"type":"shrub_c"}
{"ctxid":0,"pos":[-552.587646,-145.023331,102.105003],"rotationMatrix":[0.441586852,-0.897218525,0,0.897218525,0.441586852,0,0,0,1],"scale":0.722858965,"type":"shrub_c"}
{"ctxid":0,"pos":[-544.104004,-136.050003,102.036003],"rotationMatrix":[-0.951772809,-0.306803405,0,0.306803405,-0.951772809,0,0,0,0.999999881],"scale":0.963800013,"type":"shrub_c"}
{"ctxid":0,"pos":[-573.395996,-207.800522,105.061996],"rotationMatrix":[0.0264294147,-0.999650657,0,0.999650657,0.0264294147,0,0,0,1],"scale":1.25750005,"type":"shrub_c"}
{"ctxid":0,"pos":[-575.249023,-212.358002,105.246002],"rotationMatrix":[-0.964954734,0.262416393,0,-0.262416393,-0.964954734,0,0,0,1],"scale":0.915099978,"type":"shrub_c"}
{"ctxid":0,"pos":[-571.991028,-210.990997,105.124001],"rotationMatrix":[0.768664002,0.639652729,0,-0.639652729,0.768664002,0,0,0,1],"scale":1.2277,"type":"shrub_c"}
{"ctxid":0,"pos":[-748.55603,-31.4662991,102.55172],"rotationMatrix":[0.716043472,0.698055685,0,-0.698055685,0.716043472,0,0,0,1],"scale":0.99150002,"type":"shrub_c"}
{"ctxid":0,"pos":[-747.10498,-30.2661991,103.033157],"rotationMatrix":[-0.160373688,0.987056375,0,-0.987056375,-0.160373688,0,0,0,1],"scale":0.726000011,"type":"shrub_c"}
{"ctxid":0,"pos":[-745.427979,-29.8003998,103.044113],"rotationMatrix":[0.158376694,0.987378776,0,-0.987378776,0.158376694,0,0,0,1],"scale":0.708800018,"type":"shrub_c"}
{"ctxid":0,"pos":[-745.817017,-28.0970993,103.445],"rotationMatrix":[0.995859504,0.0909057111,0,-0.0909057111,0.995859504,0,0,0,1],"scale":0.648100019,"type":"shrub_c"}
{"ctxid":0,"pos":[-746.552002,-105.225998,105.186996],"rotationMatrix":[-0.999200225,0.0399863794,0,-0.0399863794,-0.999200225,0,0,0,1],"scale":0.645900011,"type":"shrub_c"}
{"ctxid":0,"pos":[-721.978027,-249.884995,97.6690979],"rotationMatrix":[0.0705702305,-0.997506797,0,0.997506797,0.0705702305,0,0,0,1],"scale":0.45925957,"type":"shrub_c"}
{"ctxid":0,"pos":[-705.523987,-235.365005,96.6716003],"rotationMatrix":[0.357702255,0.933835685,0,-0.933835685,0.357702255,0,0,0,1],"scale":0.49436754,"type":"shrub_c"}
{"ctxid":0,"pos":[-700.192017,-230.220001,95.6452026],"rotationMatrix":[0.141687989,0.989911377,0,-0.989911377,0.141687989,0,0,0,1],"scale":0.765967548,"type":"shrub_c"}
{"ctxid":0,"pos":[-676.510986,-223.628998,96.4096985],"rotationMatrix":[-0.363230824,0.931699157,0,-0.931699157,-0.363230824,0,0,0,1],"scale":0.755067527,"type":"shrub_c"}
{"ctxid":0,"pos":[-660.085022,-222.804001,97.566597],"rotationMatrix":[-0.50095129,0.865475476,0,-0.865475476,-0.50095129,0,0,0,1],"scale":0.516600013,"type":"shrub_c"}
{"ctxid":0,"pos":[-659.708008,-219.016006,94.1821594],"rotationMatrix":[-0.600260615,-0.799804449,0,0.799804449,-0.600260615,0,0,0,1],"scale":0.8125,"type":"shrub_c"}
{"ctxid":0,"pos":[-671.877014,-228.565994,99.1172028],"rotationMatrix":[-0.0193065386,0.980350018,-0.196318731,-0.999813557,-0.018930696,0.00379094202,0,0.196355343,0.980532706],"scale":0.555100024,"type":"shrub_c"}
{"ctxid":0,"pos":[-731.554016,-248.214996,96.7858963],"rotationMatrix":[-0.886070371,0.463550746,0,-0.463550746,-0.886070371,0,0,0,1],"scale":0.416192055,"type":"shrub_c"}
{"ctxid":0,"pos":[-505.588013,-369.983002,103.160004],"rotationMatrix":[0.370782375,-0.928719759,0,0.928719759,0.370782375,0,0,0,1],"scale":1.09940004,"type":"shrub_c"}
{"ctxid":0,"pos":[-513.719971,-355.953003,102.527],"rotationMatrix":[-0.983235359,0.182340965,0,-0.182340965,-0.983235359,0,0,0,1],"scale":0.905799985,"type":"shrub_c"}
{"ctxid":0,"pos":[-536.705017,-355.022003,102.594002],"rotationMatrix":[-0.666042566,0.745913744,0,-0.745913744,-0.666042566,0,0,0,1],"scale":1.01830006,"type":"shrub_c"}
{"ctxid":0,"pos":[-530.182983,-371.033997,105.029999],"rotationMatrix":[0.507372618,0.861726761,0,-0.861726761,0.507372618,0,0,0,1],"scale":0.587300003,"type":"shrub_c"}
{"ctxid":0,"pos":[-624.271973,-262.187988,105.143997],"rotationMatrix":[-0.507889867,0.861422002,0,-0.861422002,-0.507889867,0,0,0,1],"scale":0.949000001,"type":"shrub_c"}
{"ctxid":0,"pos":[-616.033997,-253.632996,104.855003],"rotationMatrix":[-0.972097874,0.234575629,0,-0.234575629,-0.972097874,0,0,0,1],"scale":1.20009995,"type":"shrub_c"}
{"ctxid":0,"pos":[-592.43103,-305.641998,104.476997],"rotationMatrix":[0.579372048,0.815063179,0,-0.815063179,0.579372048,0,0,0,1],"scale":0.649800003,"type":"shrub_c"}
{"ctxid":0,"pos":[-609.773987,-328.147003,108.994003],"rotationMatrix":[-0.425347328,0.905030191,0,-0.905030191,-0.425347328,0,0,0,1],"scale":0.805599988,"type":"shrub_c"}
{"ctxid":0,"pos":[-748.575012,-339.921997,102.797997],"rotationMatrix":[0.927951932,0.372699887,0,-0.372699887,0.927951932,0,0,0,1],"scale":0.858900011,"type":"shrub_c"}
{"ctxid":0,"pos":[-727.890991,-314.862,102.836998],"rotationMatrix":[0.322319269,-0.946631014,0,0.946631014,0.322319269,0,0,0,1],"scale":0.527999997,"type":"shrub_c"}
{"ctxid":0,"pos":[-721.307983,-310.432983,102.575996],"rotationMatrix":[-0.972892523,-0.231257737,0,0.231257737,-0.972892523,0,0,0,1],"scale":0.602688253,"type":"shrub_c"}
{"ctxid":0,"pos":[-718.388977,-309.690094,102.987],"rotationMatrix":[0.611919522,-0.790920019,0,0.790920019,0.611919522,0,0,0,1],"scale":0.761661172,"type":"shrub_c"}
{"ctxid":0,"pos":[-713.270691,-305.392822,102.987488],"rotationMatrix":[0.765387535,-0.643569648,0,0.643569648,0.765387535,0,0,0,1],"scale":0.699760497,"type":"shrub_c"}
{"ctxid":0,"pos":[-708.211975,-299.372284,102.959],"rotationMatrix":[0.899019837,-0.437907904,0,0.437907904,0.899019837,0,0,0,1],"scale":0.604534745,"type":"shrub_c"}
{"ctxid":0,"pos":[-697.691528,-288.123993,103.203362],"rotationMatrix":[0.902141035,0.428316176,-0.0518329665,-0.431441098,0.895606875,-0.108382456,0,0.120139152,0.992756903],"scale":0.705520332,"type":"shrub_c"}
{"ctxid":0,"pos":[-746.164001,-288.234009,100.935104],"rotationMatrix":[-0.95901227,-0.283364534,0,0.283364534,-0.95901227,0,0,0,1],"scale":0.477585554,"type":"shrub_c"}
{"ctxid":0,"pos":[-730.195007,-256.82901,98.6894989],"rotationMatrix":[-0.0579305887,-0.998320639,0,0.998320639,-0.0579305887,0,0,0,1],"scale":0.658067584,"type":"shrub_c"}
{"ctxid":0,"pos":[-723.286011,-257.658997,99.1473541],"rotationMatrix":[-0.0284649134,0.999594808,0,-0.999594808,-0.0284649134,0,0,0,1],"scale":0.287967563,"type":"shrub_c"}
{"ctxid":0,"pos":[-716.432983,-255.867004,99.3075027],"rotationMatrix":[-0.666772723,0.745261133,0,-0.745261133,-0.666772723,0,0,0,1],"scale":0.544499993,"type":"shrub_c"}
{"ctxid":0,"pos":[-718.921997,-255.022995,98.9263],"rotationMatrix":[-0.988416791,0.151763782,0,-0.151763782,-0.988416791,0,0,0,1],"scale":0.462967575,"type":"shrub_c"}
{"ctxid":0,"pos":[-743.140991,-260.489014,98.4205017],"rotationMatrix":[-0.367858052,0.92988193,0,-0.92988193,-0.367858052,0,0,0,1],"scale":0.542092025,"type":"shrub_c"}
{"ctxid":0,"pos":[-734.609985,-250.723999,97.3833008],"rotationMatrix":[-0.0213063955,-0.999772966,0,0.999772966,-0.0213063955,0,0,0,1],"scale":0.631200016,"type":"shrub_c"}
{"ctxid":0,"pos":[-709.390381,-349.072906,104.950996],"rotationMatrix":[0.155000091,0.987914443,0,-0.987914443,0.155000091,0,0,0,1],"scale":0.603399992,"type":"shrub_c"}
{"ctxid":0,"pos":[-686.742004,-392.489014,106.790001],"rotationMatrix":[-0.0895831585,-0.995979369,0,0.995979369,-0.0895831585,0,0,0,1],"scale":0.561600029,"type":"shrub_c"}
{"ctxid":0,"pos":[-771.221985,-9.64869976,111.009003],"rotationMatrix":[-0.985227346,-0.171251506,0,0.171251506,-0.985227346,0,0,0,1],"scale":0.767799973,"type":"shrub_c"}
{"ctxid":0,"pos":[-769.487976,-10.6216002,110.893997],"rotationMatrix":[0.979395509,-0.201951578,0,0.201951578,0.979395509,0,0,0,1],"scale":0.757700026,"type":"shrub_c"}
{"ctxid":0,"pos":[-769.755981,-78.9123993,104.778999],"rotationMatrix":[0.195073247,-0.980788648,0,0.980788648,0.195073247,0,0,0,1],"scale":0.74849999,"type":"shrub_c"}
{"ctxid":0,"pos":[-773.745972,-81.0289993,106.120003],"rotationMatrix":[-0.703119755,-0.711071432,0,0.711071432,-0.703119755,0,0,0,1],"scale":0.942700028,"type":"shrub_c"}
{"ctxid":0,"pos":[-799.549011,-68.6292038,111.224998],"rotationMatrix":[-0.969715476,0.244237378,0,-0.244237378,-0.969715476,0,0,0,1],"scale":0.706099987,"type":"shrub_c"}
{"ctxid":0,"pos":[-754.715027,-88.2453995,103.017998],"rotationMatrix":[-0.985625863,-0.168942764,0,0.168942764,-0.985625863,0,0,0,1],"scale":0.734300017,"type":"shrub_c"}
{"ctxid":0,"pos":[-823.578003,-44.9645996,113.367996],"rotationMatrix":[-0.83476162,-0.550611496,0,0.550611496,-0.83476162,0,0,0,1],"scale":0.621299982,"type":"shrub_c"}
{"ctxid":0,"pos":[-841.414001,-170.832001,106.748413],"rotationMatrix":[-0.551969767,0.833864152,0,-0.833864152,-0.551969767,0,0,0,1],"scale":0.739799976,"type":"shrub_c"}
{"ctxid":0,"pos":[-842.958008,-172.522003,106.984001],"rotationMatrix":[-0.638411999,-0.769694805,0,0.769694805,-0.638411999,0,0,0,1],"scale":0.516700029,"type":"shrub_c"}
{"ctxid":0,"pos":[-942.119995,-136.076004,108.622955],"rotationMatrix":[0.0716606379,-0.997429073,0,0.997429073,0.0716606379,0,0,0,1],"scale":0.539499998,"type":"shrub_c"}
{"ctxid":0,"pos":[-757.359009,-344.811005,102.216003],"rotationMatrix":[-0.949522495,0.313698947,0,-0.313698947,-0.949522495,0,0,0,1],"scale":0.559899986,"type":"shrub_c"}
{"ctxid":0,"pos":[-758.083008,-346.878998,102.500999],"rotationMatrix":[0.634658456,-0.772792757,0,0.772792757,0.634658456,0,0,0,1],"scale":0.875500023,"type":"shrub_c"}
{"ctxid":0,"pos":[-758.573975,-349.100006,102.414001],"rotationMatrix":[0.0497310162,-0.998762667,0,0.998762667,0.0497310162,0,0,0,1],"scale":0.801699996,"type":"shrub_c"}
{"ctxid":0,"pos":[-758.296021,-352.072998,102.445999],"rotationMatrix":[-0.394783974,0.918773949,0,-0.918773949,-0.394783974,0,0,0,1],"scale":0.783900023,"type":"shrub_c"}
{"ctxid":0,"pos":[-804.726013,-356.095001,99.9588013],"rotationMatrix":[0.495590329,0.86855638,0,-0.86855638,0.495590329,0,0,0,1],"scale":0.765299976,"type":"shrub_c"}
{"ctxid":0,"pos":[-797.817017,-362.674988,100.084],"rotationMatrix":[0.558200002,0.82970643,0,-0.82970643,0.558200002,0,0,0,1],"scale":0.679499984,"type":"shrub_c"}
{"ctxid":0,"pos":[-812.088989,-344.828003,100.174004],"rotationMatrix":[0.126157999,0.992010176,0,-0.992010176,0.126157999,0,0,0,1],"scale":0.812300026,"type":"shrub_c"}
{"ctxid":0,"pos":[-811.14502,-349.098999,99.9353027],"rotationMatrix":[-0.029612422,0.999561429,0,-0.999561429,-0.029612422,0,0,0,1],"scale":0.968599975,"type":"shrub_c"}
{"ctxid":0,"pos":[-788.664978,-323.503998,100.335999],"rotationMatrix":[0.28431344,-0.958731413,0,0.958731413,0.28431344,0,0,0,1],"scale":0.966199994,"type":"shrub_c"}
{"ctxid":0,"pos":[-788.357971,-328.217987,100.302002],"rotationMatrix":[-0.960991979,-0.276576251,0,0.276576251,-0.960991979,0,0,0,1],"scale":0.721199989,"type":"shrub_c"}
{"ctxid":0,"pos":[-767.314026,-335.074005,101.339996],"rotationMatrix":[-0.0227359533,0.999741495,0,-0.999741495,-0.0227359533,0,0,0,1],"scale":0.858500004,"type":"shrub_c"}
{"ctxid":0,"pos":[-772.77301,-319.522003,100.886002],"rotationMatrix":[0.600024343,-0.799981713,0,0.799981713,0.600024343,0,0,0,1],"scale":0.594500005,"type":"shrub_c"}
{"ctxid":0,"pos":[-769.103027,-314.990997,100.999001],"rotationMatrix":[-0.50927949,0.860601187,0,-0.860601187,-0.50927949,0,0,0,1],"scale":0.662999988,"type":"shrub_c"}
{"ctxid":0,"pos":[-774.35498,-321.450012,100.717003],"rotationMatrix":[0.882871985,-0.469613731,0,0.469613731,0.882871985,0,0,0,1],"scale":0.587000012,"type":"shrub_c"}
{"ctxid":0,"pos":[-757.377014,-289.720001,101.278999],"rotationMatrix":[0.000584840775,0.999999821,0,-0.999999821,0.000584840775,0,0,0,1],"scale":0.512000024,"type":"shrub_c"}
{"ctxid":0,"pos":[-761.361023,-292.480011,100.914001],"rotationMatrix":[0.52410233,-0.851655304,0,0.851655304,0.52410233,0,0,0,1],"scale":0.634800017,"type":"shrub_c"}
{"ctxid":0,"pos":[-757.757019,-286.313995,100.466377],"rotationMatrix":[-0.568574667,0.822631657,0,-0.822631657,-0.568574667,0,0,0,1],"scale":0.409459531,"type":"shrub_c"}
{"ctxid":0,"pos":[-754.504028,-288.73999,101.238281],"rotationMatrix":[0.564568877,0.825385988,0,-0.825385988,0.564568877,0,0,0,1],"scale":0.480235159,"type":"shrub_c"}
{"ctxid":0,"pos":[-776.051025,-298.730988,99.8897018],"rotationMatrix":[0.928103685,-0.372321844,0,0.372321844,0.928103685,0,0,0,1],"scale":0.654900014,"type":"shrub_c"}
{"ctxid":0,"pos":[-782.796021,-303.141998,99.6970978],"rotationMatrix":[0.85774219,0.514080107,0,-0.514080107,0.85774219,0,0,0,1],"scale":0.508599997,"type":"shrub_c"}
{"ctxid":0,"pos":[-769.997986,-292.972992,100.139],"rotationMatrix":[0.450219035,0.892918169,0,-0.892918169,0.450219035,0,0,0,1],"scale":0.628099978,"type":"shrub_c"}
{"ctxid":0,"pos":[-750.411011,-267.472992,98.542511],"rotationMatrix":[-0.340211868,0.940348804,0,-0.940348804,-0.340211868,0,0,0,1],"scale":0.567392051,"type":"shrub_c"}
{"ctxid":0,"pos":[-814.833984,-261.085999,99.4728012],"rotationMatrix":[0.710743904,0.703450859,0,-0.703450859,0.710743904,0,0,0,1],"scale":0.513899982,"type":"shrub_c"}
{"ctxid":0,"pos":[-800.526001,-312.957001,98.9513016],"rotationMatrix":[0.488737345,0.87243098,0,-0.87243098,0.488737345,0,0,0,1],"scale":0.403773189,"type":"shrub_c"}
{"ctxid":0,"pos":[-804.924011,-318.270996,99.096199],"rotationMatrix":[0.0849660635,0.996383846,0,-0.996383846,0.0849660635,0,0,0,1],"scale":0.395227969,"type":"shrub_c"}
{"ctxid":0,"pos":[-817.15448,-327.382019,99.3184433],"rotationMatrix":[0.661664605,-0.749799967,0,0.749799967,0.661664605,0,0,0,1],"scale":0.399627745,"type":"shrub_c"}
{"ctxid":0,"pos":[-828.643005,-353.075989,99.6542053],"rotationMatrix":[0.217749596,0.97600466,0,-0.97600466,0.217749596,0,0,0,1],"scale":0.443421245,"type":"shrub_c"}
{"ctxid":0,"pos":[-829.442017,-355.955994,99.8471985],"rotationMatrix":[0.99821198,0.0597732663,0,-0.0597732663,0.99821198,0,0,0,1],"scale":0.404109657,"type":"shrub_c"}
{"ctxid":0,"pos":[-838.487976,-367.282013,99.8480988],"rotationMatrix":[-0.334977865,0.942225993,0,-0.942225993,-0.334977865,0,0,0,1],"scale":0.5353508,"type":"shrub_c"}
{"ctxid":0,"pos":[-776.000977,-273.911011,96.696701],"rotationMatrix":[0.0588080883,-0.99826932,0,0.99826932,0.0588080883,0,0,0,1],"scale":0.487457037,"type":"shrub_c"}
{"ctxid":0,"pos":[-780.343018,-276.98999,96.7801971],"rotationMatrix":[0.731502056,-0.681839228,0,0.681839228,0.731502056,0,0,0,1],"scale":0.377826512,"type":"shrub_c"}
{"ctxid":0,"pos":[-789.146973,-290.471008,97.6430969],"rotationMatrix":[-0.900860071,-0.434109598,0,0.434109598,-0.900860071,0,0,0,1],"scale":0.434941232,"type":"shrub_c"}
{"ctxid":0,"pos":[-791.22998,-294.760986,98.0500031],"rotationMatrix":[-0.932577968,0.36096862,0,-0.36096862,-0.932577968,0,0,0,1],"scale":0.340901017,"type":"shrub_c"}
{"ctxid":0,"pos":[-785.210999,-381.009003,102.261002],"rotationMatrix":[-0.874047995,0.485839576,0,-0.485839576,-0.874047995,0,0,0,1],"scale":0.517199993,"type":"shrub_c"}
{"ctxid":0,"pos":[-790.406006,-383.813995,101.837997],"rotationMatrix":[0.226978302,0.973899841,0,-0.973899841,0.226978302,0,0,0,1],"scale":0.886300027,"type":"shrub_c"}
{"ctxid":0,"pos":[-811.573975,-394.049011,100.471001],"rotationMatrix":[-0.898521066,0.438930392,0,-0.438930392,-0.898521066,0,0,0,1],"scale":0.514599979,"type":"shrub_c"}
{"ctxid":0,"pos":[-815.284973,-397.786011,100.586998],"rotationMatrix":[0.899558306,-0.436800718,0,0.436800718,0.899558306,0,0,0,1],"scale":0.557560861,"type":"shrub_c"}
{"ctxid":0,"pos":[-819.299011,-401.492004,100.695366],"rotationMatrix":[-0.598471999,-0.801143706,0,0.801143706,-0.598471999,0,0,0,1],"scale":0.601307392,"type":"shrub_c"}
{"ctxid":0,"pos":[-822.58197,-405.139008,100.667999],"rotationMatrix":[0.989195585,0.146601826,0,-0.146601826,0.989195585,0,0,0,1],"scale":0.657599986,"type":"shrub_c"}
{"ctxid":0,"pos":[-827.232971,-408.138,100.128998],"rotationMatrix":[0.615435481,-0.788187265,0,0.788187265,0.615435481,0,0,0,1],"scale":0.67071712,"type":"shrub_c"}
{"ctxid":0,"pos":[-828.625,-404.102997,99.9994965],"rotationMatrix":[0.923324704,0.38402018,0,-0.38402018,0.923324704,0,0,0,1],"scale":0.50724715,"type":"shrub_c"}
{"ctxid":0,"pos":[-845.484009,-417.687012,98.4751968],"rotationMatrix":[0.79698801,0.603995144,0,-0.603995144,0.79698801,0,0,0,1],"scale":0.500100017,"type":"shrub_c"}
{"ctxid":0,"pos":[-847.143005,-419.971008,98.560997],"rotationMatrix":[0.998306394,-0.0581751205,0,0.0581751205,0.998306394,0,0,0,1],"scale":0.651792765,"type":"shrub_c"}
{"ctxid":0,"pos":[-849.578979,-391.675995,99.0861969],"rotationMatrix":[0.918553591,0.395296484,0,-0.395296484,0.918553591,0,0,0,1],"scale":0.566999972,"type":"shrub_c"}
{"ctxid":0,"pos":[-854.406982,-392.299011,99.4683914],"rotationMatrix":[-0.972097874,0.234575629,0,-0.234575629,-0.972097874,0,0,0,1],"scale":0.464533001,"type":"shrub_c"}
{"ctxid":0,"pos":[-824.08197,-380.355988,99.9621964],"rotationMatrix":[-0.0414130688,-0.99914211,0,0.99914211,-0.0414130688,0,0,0,1],"scale":0.72390002,"type":"shrub_c"}
{"ctxid":0,"pos":[-829.671021,-380.925995,99.8115005],"rotationMatrix":[-0.92550683,0.378730923,0,-0.378730923,-0.92550683,0,0,0,1],"scale":0.60769999,"type":"shrub_c"}
{"ctxid":0,"pos":[-838.853027,-377.735992,100.284363],"rotationMatrix":[0.311331511,0.950301349,0,-0.950301349,0.311331511,0,0,0,1],"scale":0.516841829,"type":"shrub_c"}
{"ctxid":0,"pos":[-955.536987,-436.119995,100.197998],"rotationMatrix":[-0.921976209,0.387246519,0,-0.387246519,-0.921976209,0,0,0,1],"scale":0.897700012,"type":"shrub_c"}
{"ctxid":0,"pos":[-892.840027,-471.162994,98.4710999],"rotationMatrix":[-0.916881919,-0.399158537,0,0.399158537,-0.916881919,0,0,0,1],"scale":0.575299978,"type":"shrub_c"}
{"ctxid":0,"pos":[-883.531982,-457.984009,96.5643005],"rotationMatrix":[-0.969318509,0.24580811,0,-0.24580811,-0.969318509,0,0,0,1],"scale":0.962800026,"type":"shrub_c"}
{"ctxid":0,"pos":[-894.19397,-457.415009,97.543602],"rotationMatrix":[-0.242518544,-0.970146775,0,0.970146775,-0.242518544,0,0,0,1],"scale":0.929499984,"type":"shrub_c"}
{"ctxid":0,"pos":[-621.724976,-927.73999,162.554993],"rotationMatrix":[0.628994942,0.777409375,0,-0.777409375,0.628994942,0,0,0,1],"scale":0.772899985,"type":"shrub_c"}
{"ctxid":0,"pos":[-745.10498,-929.12439,164.74968],"rotationMatrix":[0.990670204,0.136281133,0,-0.136281133,0.990670204,0,0,0,1],"scale":0.799300015,"type":"shrub_c"}
{"ctxid":0,"pos":[-707.655029,-948.309998,166.044006],"rotationMatrix":[0.741375685,-0.671090245,0,0.671090245,0.741375685,0,0,0,1],"scale":0.968800008,"type":"shrub_c"}
{"ctxid":0,"pos":[-807.218811,-921.360413,157.432007],"rotationMatrix":[-0.847426295,-0.530913055,0,0.530913055,-0.847426295,0,0,0,1],"scale":0.549600005,"type":"shrub_c"}
{"ctxid":0,"pos":[-776.02301,-943.271973,163.047836],"rotationMatrix":[0.998627186,-0.0523807555,0,0.0523807555,0.998627186,0,0,0,1],"scale":0.763800025,"type":"shrub_c"}
{"ctxid":0,"pos":[-835.166016,-923.169006,154.904007],"rotationMatrix":[0.00312805176,0.999995112,0,-0.999995112,0.00312805176,0,0,0,1],"scale":0.82249999,"type":"shrub_c"}
{"ctxid":0,"pos":[-863.406006,-945.263977,144.470001],"rotationMatrix":[0.582850218,0.812579632,0,-0.812579632,0.582850218,0,0,0,1],"scale":0.597000003,"type":"shrub_c"}
{"ctxid":0,"pos":[-846.703979,-972.195984,152.871002],"rotationMatrix":[-0.969318509,-0.24580811,0,0.24580811,-0.969318509,0,0,0,1],"scale":0.843500018,"type":"shrub_c"}
{"ctxid":0,"pos":[-925.658997,-837.632996,120.071999],"rotationMatrix":[0.857528806,0.514435947,0,-0.514435947,0.857528806,0,0,0,1],"scale":0.575100005,"type":"shrub_c"}
{"ctxid":0,"pos":[-931.393005,-856.77301,127.603996],"rotationMatrix":[-0.370836854,-0.928698003,0,0.928698003,-0.370836854,0,0,0,1],"scale":0.952600002,"type":"shrub_c"}
{"ctxid":0,"pos":[-932.447021,-849.265015,126.672997],"rotationMatrix":[0.296464682,-0.955043793,0,0.955043793,0.296464682,0,0,0,1],"scale":0.508400023,"type":"shrub_c"}
{"ctxid":0,"pos":[-889.453003,-903.627014,129.889008],"rotationMatrix":[0.177725077,-0.984080195,0,0.984080195,0.177725077,0,0,0,1],"scale":0.616400003,"type":"shrub_c"}
{"ctxid":0,"pos":[-927.708984,-990.026001,141.936005],"rotationMatrix":[0.507372618,-0.861726761,0,0.861726761,0.507372618,0,0,0,1],"scale":0.81190002,"type":"shrub_c"}
{"ctxid":0,"pos":[-932.263977,-989.002991,141.158997],"rotationMatrix":[0.61139071,0.791328907,0,-0.791328907,0.61139071,0,0,0,1],"scale":0.636200011,"type":"shrub_c"}
{"ctxid":0,"pos":[-916.843018,-986.799011,143.399002],"rotationMatrix":[-0.410528064,-0.911847949,0,0.911847949,-0.410528064,0,0,0,1],"scale":0.864300013,"type":"shrub_c"}
{"ctxid":0,"pos":[-963.710999,-917.039978,137.990005],"rotationMatrix":[-0.993205786,0.116371244,0,-0.116371244,-0.993205786,0,0,0,1],"scale":0.619499981,"type":"shrub_c"}
{"ctxid":0,"pos":[-979.085022,-968.497986,141.876007],"rotationMatrix":[0.796605587,0.6044994,0,-0.6044994,0.796605587,0,0,0,1],"scale":0.671199977,"type":"shrub_c"}
{"ctxid":0,"pos":[-981.802979,-950.338989,141.322998],"rotationMatrix":[0.875499487,-0.483219057,0,0.483219057,0.875499487,0,0,0,1],"scale":0.66869998,"type":"shrub_c"}
{"ctxid":0,"pos":[-982.127014,-946.517029,140.509003],"rotationMatrix":[0.0325593948,0.999469817,0,-0.999469817,0.0325593948,0,0,0,1],"scale":0.811500013,"type":"shrub_c"}
{"ctxid":0,"pos":[-977.870972,-954.585022,138.237],"rotationMatrix":[-0.197532892,0.980296254,0,-0.980296254,-0.197532892,0,0,0,1],"scale":0.610199988,"type":"shrub_c"}
{"ctxid":0,"pos":[-1000.38,-219.781998,105.705688],"rotationMatrix":[0.0084862709,-0.999963999,0,0.999963999,0.0084862709,0,0,0,1],"scale":0.620800018,"type":"shrub_c"}
{"ctxid":0,"pos":[-1003.34998,-234.942993,105.102921],"rotationMatrix":[0.989400387,-0.145213202,0,0.145213202,0.989400387,0,0,0,1],"scale":0.788200021,"type":"shrub_c"}
{"ctxid":0,"pos":[-1016.78003,-119.828003,126.999527],"rotationMatrix":[0.580838323,-0.814018965,0,0.814018965,0.580838323,0,0,0,1],"scale":0.879999995,"type":"shrub_c"}
{"ctxid":0,"pos":[-1012.96997,-218.729996,106.257675],"rotationMatrix":[0.782727718,0.622364283,0,-0.622364283,0.782727718,0,0,0,1],"scale":0.972299993,"type":"shrub_c"}
{"ctxid":0,"pos":[-1029.5,-16.6091995,167.429855],"rotationMatrix":[0.995823026,0.0913044438,0,-0.0913044438,0.995823026,0,0,0,1],"scale":0.510699987,"type":"shrub_c"}
{"ctxid":0,"pos":[-1051.21997,-76.5311966,160.554001],"rotationMatrix":[-0.996401787,0.0847554058,0,-0.0847554058,-0.996401787,0,0,0,1],"scale":0.846199989,"type":"shrub_c"}
{"ctxid":0,"pos":[-245.779999,525.244019,74.8497009],"rotationMatrix":[-0.29669404,-0.954972565,0,0.954972565,-0.29669404,0,0,0,1],"scale":0.692600012,"type":"shrub_c"}
{"ctxid":0,"pos":[-216.191299,520.262024,75.4060822],"rotationMatrix":[-0.902592659,-0.430495441,0,0.430495441,-0.902592659,0,0,0,0.999999881],"scale":0.961799979,"type":"shrub_c"}
{"ctxid":0,"pos":[-214.770248,541.164978,75.0699997],"rotationMatrix":[0.910196781,-0.414176077,0,0.414176077,0.910196781,0,0,0,1],"scale":0.597199976,"type":"shrub_c"}
{"ctxid":0,"pos":[-252.255005,550.421997,74.901001],"rotationMatrix":[0.812238097,0.583326042,0,-0.583326042,0.812238097,0,0,0,1],"scale":0.969500005,"type":"shrub_c"}
{"ctxid":0,"pos":[-99.3887024,341.039001,106.221001],"rotationMatrix":[-0.791345835,0.611368775,0,-0.611368775,-0.791345835,0,0,0,1],"scale":0.596700013,"type":"shrub_c"}
{"ctxid":0,"pos":[-101.556999,339.401215,106.170448],"rotationMatrix":[-0.259601951,0.965715706,0,-0.965715706,-0.259601951,0,0,0,1],"scale":0.934599996,"type":"shrub_c"}
{"ctxid":0,"pos":[-113.245003,317.851013,105.884003],"rotationMatrix":[0.0331158638,-0.999451518,0,0.999451518,0.0331158638,0,0,0,1],"scale":0.791800022,"type":"shrub_c"}
{"ctxid":0,"pos":[-74.9140015,330.013,113.630997],"rotationMatrix":[-0.942814708,0.33331731,0,-0.33331731,-0.942814708,0,0,0,1],"scale":0.685000002,"type":"shrub_c"}
{"ctxid":0,"pos":[-169.779007,472.132996,74.3206024],"rotationMatrix":[-0.876371861,0.481635094,0,-0.481635094,-0.876371861,0,0,0,1],"scale":0.752600014,"type":"shrub_c"}
{"ctxid":0,"pos":[-173.953995,469.649994,76.2455978],"rotationMatrix":[-0.970112562,-0.242655352,0,0.242655352,-0.970112562,0,0,0,1],"scale":0.674499989,"type":"shrub_c"}
{"ctxid":0,"pos":[-182.531998,445.434998,77.8900986],"rotationMatrix":[0.997795582,0.0663624629,0,-0.0663624629,0.997795582,0,0,0,1],"scale":0.982599974,"type":"shrub_c"}
{"ctxid":0,"pos":[-170.988998,418.963989,83.4329987],"rotationMatrix":[-0.108560443,0.994089842,0,-0.994089842,-0.108560443,0,0,0,1],"scale":0.528400004,"type":"shrub_c"}
{"ctxid":0,"pos":[-190.143997,435.338013,78.0677032],"rotationMatrix":[0.216248035,0.976338446,0,-0.976338446,0.216248035,0,0,0,1],"scale":0.790099978,"type":"shrub_c"}
{"ctxid":0,"pos":[-126.706001,350.554993,99.6007004],"rotationMatrix":[-0.192276716,-0.981340766,0,0.981340766,-0.192276716,0,0,0,1],"scale":0.992999971,"type":"shrub_c"}
{"ctxid":0,"pos":[-134.953003,344.032013,98.0432968],"rotationMatrix":[0.560453176,0.828186095,0,-0.828186095,0.560453176,0,0,0,1],"scale":0.680299997,"type":"shrub_c"}
{"ctxid":0,"pos":[-149.927002,294.895996,98.6516037],"rotationMatrix":[0.990003109,0.141045541,0,-0.141045541,0.990003109,0,0,0,1],"scale":0.508099973,"type":"shrub_c"}
{"ctxid":0,"pos":[-14.8983002,192.906998,125.872002],"rotationMatrix":[-0.775858641,-0.630906761,0,0.630906761,-0.775858641,0,0,0,1],"scale":0.511399984,"type":"shrub_c"}
{"ctxid":0,"pos":[-5.60540009,158.311005,127.528],"rotationMatrix":[-0.760438442,-0.649410009,0,0.649410009,-0.760438442,0,0,0,1],"scale":0.532299995,"type":"shrub_c"}
{"ctxid":0,"pos":[-86.7500992,106.884003,125.903999],"rotationMatrix":[-0.996002078,0.0893300623,0,-0.0893300623,-0.996002078,0,0,0,1],"scale":0.94569999,"type":"shrub_c"}
{"ctxid":0,"pos":[-97.3255997,112.056,123.884003],"rotationMatrix":[-0.527752042,0.849398494,0,-0.849398494,-0.527752042,0,0,0,1],"scale":0.676699996,"type":"shrub_c"}
{"ctxid":0,"pos":[-12.2778997,83.9932022,120.310997],"rotationMatrix":[-0.207768917,-0.978177965,0,0.978177965,-0.207768917,0,0,0,1],"scale":0.882600009,"type":"shrub_c"}
{"ctxid":0,"pos":[-19.0624008,110.261002,124.165001],"rotationMatrix":[-0.559731126,0.828674257,0,-0.828674257,-0.559731126,0,0,0,1],"scale":0.572300017,"type":"shrub_c"}
{"ctxid":0,"pos":[-26.6482906,121.097,127.643097],"rotationMatrix":[-1,0,0,0,-1,0,0,0,1],"scale":0.58950001,"type":"shrub_c"}
{"ctxid":0,"pos":[-177.279999,196.087997,113.940002],"rotationMatrix":[-0.0901738405,0.995926023,0,-0.995926023,-0.0901738405,0,0,0,1],"scale":0.853335977,"type":"shrub_c"}
{"ctxid":0,"pos":[-200.757996,174.324005,112.703018],"rotationMatrix":[0.999373436,-0.0353940018,0,0.0353940018,0.999373436,0,0,0,1],"scale":0.868396878,"type":"shrub_c"}
{"ctxid":0,"pos":[-355.9776,16.8527393,109.426163],"rotationMatrix":[0.854415894,-0.519589722,0,0.519589722,0.854415894,0,0,0,1],"scale":1.07269275,"type":"shrub_c"}
{"ctxid":0,"pos":[-308.256348,68.044075,110.42897],"rotationMatrix":[0.333073974,0.942900598,0,-0.942900598,0.333073974,0,0,0,0.999999881],"scale":1.02567482,"type":"shrub_c"}
{"ctxid":0,"pos":[-304.682007,115.036003,109.060997],"rotationMatrix":[-0.799304366,0.600926399,0,-0.600926399,-0.799304366,0,0,0,1],"scale":0.878099978,"type":"shrub_c"}
{"ctxid":0,"pos":[-400.542999,22.6124001,105.738724],"rotationMatrix":[-0.899300456,0.437331319,0,-0.437331319,-0.899300456,0,0,0,1],"scale":1.17610002,"type":"shrub_c"}
{"ctxid":0,"pos":[-395.89801,27.1728992,106.121994],"rotationMatrix":[-0.329428196,0.944180608,0,-0.944180608,-0.329428196,0,0,0,1],"scale":1.17920005,"type":"shrub_c"}
{"ctxid":0,"pos":[-396.278015,32.987999,104.793755],"rotationMatrix":[-0.50997448,0.860189557,0,-0.860189557,-0.50997448,0,0,0,1],"scale":0.903100014,"type":"shrub_c"}
{"ctxid":0,"pos":[-384.158997,36.8796997,107.159492],"rotationMatrix":[0.408437341,0.908005536,0.0932995901,-0.885204077,0.418958038,-0.202207699,-0.222694322,0,0.974888265],"scale":1.2198,"type":"shrub_c"}
{"ctxid":0,"pos":[-737.607971,756.978027,86.0372009],"rotationMatrix":[-0.391779304,-0.920059204,0,0.920059204,-0.391779304,0,0,0,1],"scale":0.586199999,"type":"shrub_c"}
{"ctxid":0,"pos":[-550.322021,709.22998,81.0389175],"rotationMatrix":[-0.998800278,0.0489694327,0,-0.0489694327,-0.998800278,0,0,0,1],"scale":0.760699987,"type":"shrub_c"}
{"ctxid":0,"pos":[-628.734741,640.408936,97.986702],"rotationMatrix":[0.959387541,-0.282091379,0,0.282091379,0.959387541,0,0,0,1],"scale":0.961300015,"type":"shrub_c"}
{"ctxid":0,"pos":[-675.565979,638.927979,105.809998],"rotationMatrix":[0.0225183964,0.999746442,0,-0.999746442,0.0225183964,0,0,0,1],"scale":0.771899998,"type":"shrub_c"}
{"ctxid":0,"pos":[-688.640991,637.030029,105.782997],"rotationMatrix":[-0.176578045,0.984286666,0,-0.984286666,-0.176578045,0,0,0,1],"scale":0.756200016,"type":"shrub_c"}
{"ctxid":0,"pos":[-697.125977,632.10498,105.741997],"rotationMatrix":[-0.279360056,-0.960186422,0,0.960186422,-0.279360056,0,0,0,1],"scale":0.662599981,"type":"shrub_c"}
{"ctxid":0,"pos":[-699.135986,634.781982,105.904999],"rotationMatrix":[-0.917665243,0.397354364,0,-0.397354364,-0.917665243,0,0,0,1],"scale":0.614700019,"type":"shrub_c"}
{"ctxid":0,"pos":[-704.409973,634.072998,105.755997],"rotationMatrix":[-0.692432046,-0.721483111,0,0.721483111,-0.692432046,0,0,0,1],"scale":0.773999989,"type":"shrub_c"}
{"ctxid":0,"pos":[-716.783997,633.586975,105.688004],"rotationMatrix":[0.0637407303,0.997966468,0,-0.997966468,0.0637407303,0,0,0,1],"scale":0.612100005,"type":"shrub_c"}
{"ctxid":0,"pos":[-634.373779,644.827881,98.0177002],"rotationMatrix":[-0.852832675,0.522184074,0,-0.522184074,-0.852832675,0,0,0,0.999999881],"scale":0.984899998,"type":"shrub_c"}
{"ctxid":0,"pos":[-625.308167,644.118774,98.1369019],"rotationMatrix":[-0.585624337,-0.810582578,0,0.810582578,-0.585624337,0,0,0,1],"scale":0.568700016,"type":"shrub_c"}
{"ctxid":0,"pos":[-641.106873,637.822449,98.1154099],"rotationMatrix":[0.242319584,0.970196486,0,-0.970196486,0.242319584,0,0,0,1],"scale":0.686500013,"type":"shrub_c"}
{"ctxid":0,"pos":[-640.291016,598.919006,106.01429],"rotationMatrix":[-0.999599934,-0.0282837879,0,0.0282837879,-0.999599934,0,0,0,1],"scale":0.813600004,"type":"shrub_c"}
{"ctxid":0,"pos":[-848.76001,861.778015,75.1259995],"rotationMatrix":[0.0590825081,-0.998253107,0,0.998253107,0.0590825081,0,0,0,1],"scale":0.569700003,"type":"shrub_c"}
{"ctxid":0,"pos":[-885.070984,861.720825,75.2353973],"rotationMatrix":[-0.949868143,0.31265071,0,-0.31265071,-0.949868143,0,0,0,0.999999881],"scale":0.648599982,"type":"shrub_c"}
{"ctxid":0,"pos":[-906.242493,802.325745,87.5398407],"rotationMatrix":[0.818440199,0.574591398,0,-0.574591398,0.818440199,0,0,0,0.999999881],"scale":0.35233438,"type":"shrub_c"}
{"ctxid":0,"pos":[-710.97998,7.58120012,103.459],"rotationMatrix":[0.77353549,0.633753002,0,-0.633753002,0.77353549,0,0,0,1],"scale":0.7051,"type":"shrub_c"}
{"ctxid":0,"pos":[-713.275024,7.2112999,104.269997],"rotationMatrix":[-0.743217945,-0.669049382,0,0.669049382,-0.743217945,0,0,0,1],"scale":0.691999972,"type":"shrub_c"}
{"ctxid":0,"pos":[-714.546997,9.18630028,104.223],"rotationMatrix":[0.191008091,-0.981588483,0,0.981588483,0.191008091,0,0,0,1],"scale":0.610000014,"type":"shrub_c"}
{"ctxid":0,"pos":[-715.861023,11.4482002,105.452003],"rotationMatrix":[0.248952389,-0.968515754,0,0.968515754,0.248952389,0,0,0,1],"scale":0.710300028,"type":"shrub_c"}
