{"ctxid":0,"pos":[-361.325989,-42.8213005,107.439827],"rotationMatrix":[-0.849732161,0.489239931,0.196465194,-0.507261097,-0.860234141,-0.051791206,0.143667847,-0.143667862,0.97914201],"scale":0.843100011,"type":"shrub_b"}
{"ctxid":0,"pos":[-429.687012,-62.0816994,107.517616],"rotationMatrix":[-0.906319499,-0.421252817,-0.0336380005,0.421942085,-0.906469345,-0.0166946221,-0.0234591532,-0.0293239448,0.999294639],"scale":1.15020001,"type":"shrub_b"}
{"ctxid":0,"pos":[-433.570007,-0.555700004,103.386742],"rotationMatrix":[0.854774475,-0.464595139,0.231326386,0.483531535,0.874822676,-0.0297070369,-0.188567802,0.13724643,0.97242254],"scale":1.20360005,"type":"shrub_b"}
{"ctxid":0,"pos":[-381.320007,-74.8557968,104.193657],"rotationMatrix":[-0.204975247,0.976715684,0.0633391738,-0.978329182,-0.206390142,0.0165961962,0.0292823426,-0.0585647449,0.997854054],"scale":0.759299994,"type":"shrub_b"}
{"ctxid":0,"pos":[-393.200012,-87.9705963,104.215378],"rotationMatrix":[-0.92728126,-0.371955961,0.0424010493,0.368791908,-0.927069426,-0.0673378408,0.064355433,-0.0468039624,0.996828854],"scale":0.823899984,"type":"shrub_b"}
{"ctxid":0,"pos":[-395.042999,-89.0799026,104.291794],"rotationMatrix":[-0.727511644,-0.685816705,0.019526422,0.681206644,-0.72542727,-0.0985486582,0.0817513391,-0.0583938137,0.994940639],"scale":0.73210001,"type":"shrub_b"}
{"ctxid":0,"pos":[-394.446014,-91.1434021,104.111969],"rotationMatrix":[-0.919443488,0.380267501,0.100099012,-0.384635627,-0.922644615,-0.0279617049,0.0817229152,-0.0642108619,0.994584501],"scale":0.712000012,"type":"shrub_b"}
{"ctxid":0,"pos":[-446.018005,-17.1821995,101.576324],"rotationMatrix":[0.956968844,-0.0638869256,0.283070862,0.0468195267,0.996676624,0.0666609555,-0.286388874,-0.0505392142,0.956779599],"scale":0.982599974,"type":"shrub_b"}
{"ctxid":0,"pos":[-448.740997,-23.7954006,101.640411],"rotationMatrix":[-0.280941725,-0.959711373,-0.0051035583,0.886077344,-0.261422038,0.382786661,-0.368698865,0.103018552,0.923822701],"scale":1.29390001,"type":"shrub_b"}
{"ctxid":0,"pos":[-449.691986,-27.0895004,101.88707],"rotationMatrix":[0.854452074,-0.372326344,0.362332284,0.415859312,0.908190846,-0.0474384502,-0.311404288,0.191213161,0.930840969],"scale":1.22259998,"type":"shrub_b"}
{"ctxid":0,"pos":[-483.998993,-46.0932007,97.6909027],"rotationMatrix":[-0.983235359,-0.182340965,0,0.182340965,-0.983235359,0,0,0,1],"scale":0.661199987,"type":"shrub_b"}
{"ctxid":0,"pos":[-447.924011,-81.5406036,106.917877],"rotationMatrix":[-0.425347924,-0.905029953,0,0.905029953,-0.425347924,0,0,0,1],"scale":1.13549995,"type":"shrub_b"}
{"ctxid":0,"pos":[-411.59201,-132.893005,104.112],"rotationMatrix":[0.624155521,0.781300128,0,-0.781300128,0.624155521,0,0,0,1],"scale":0.756299973,"type":"shrub_b"}
{"ctxid":0,"pos":[-436.800323,-209.268387,99.3764572],"rotationMatrix":[-0.643121958,0.76576376,0,-0.76576376,-0.643121958,0,0,0,1],"scale":1.07360005,"type":"shrub_b"}
{"ctxid":0,"pos":[-393.415985,-237.229996,97.8236008],"rotationMatrix":[0.23070395,0.973024011,0,-0.973024011,0.23070395,0,0,0,1],"scale":0.697399974,"type":"shrub_b"}
{"ctxid":0,"pos":[-395.709015,-232.570007,97.8684006],"rotationMatrix":[0.733111858,-0.68010807,0,0.68010807,0.733111858,0,0,0,1],"scale":0.811100006,"type":"shrub_b"}
{"ctxid":0,"pos":[-407.812988,-231.712006,100.265999],"rotationMatrix":[-0.962972999,-0.269597858,0,0.269597858,-0.962972999,0,0,0,1],"scale":0.684599996,"type":"shrub_b"}
{"ctxid":0,"pos":[-407.997986,-194.753998,102.046997],"rotationMatrix":[0.991986275,0.126345679,0,-0.126345679,0.991986275,0,0,0,1],"scale":0.661800027,"type":"shrub_b"}
{"ctxid":0,"pos":[-406.770325,-197.287613,101.136856],"rotationMatrix":[0.142735958,0.989760816,0,-0.989760816,0.142735958,0,0,0,1],"scale":0.54369998,"type":"shrub_b"}
{"ctxid":0,"pos":[-403.216003,-205.470993,100.177002],"rotationMatrix":[-0.993605018,0.112911776,0,-0.112911776,-0.993605018,0,0,0,1],"scale":0.9727,"type":"shrub_b"}
{"ctxid":0,"pos":[-344.983002,-336.699005,107.909866],"rotationMatrix":[-0.287663341,0.956124783,-0.0554591864,-0.823734641,-0.27654171,-0.494961023,-0.488581121,-0.0966983587,0.867143571],"scale":0.812600017,"type":"shrub_b"}
{"ctxid":0,"pos":[-346.100006,-343.063995,106.422188],"rotationMatrix":[0.794021606,0.368855834,0.483192533,-0.378371775,0.922008753,-0.0820645168,-0.475777715,-0.117665462,0.871659517],"scale":0.617500007,"type":"shrub_b"}
{"ctxid":0,"pos":[-387.53299,-281.335999,98.0269012],"rotationMatrix":[-0.888401866,-0.45906657,0,0.45906657,-0.888401866,0,0,0,1],"scale":0.690800011,"type":"shrub_b"}
{"ctxid":0,"pos":[-385.417542,-289.160004,98.0931015],"rotationMatrix":[0.290521264,0.956868529,0,-0.956868529,0.290521264,0,0,0,1],"scale":0.772199988,"type":"shrub_b"}
{"ctxid":0,"pos":[-389.460999,-271.011993,97.4906006],"rotationMatrix":[-0.223047972,0.974807441,0,-0.974807441,-0.223047972,0,0,0,1],"scale":0.953400016,"type":"shrub_b"}
{"ctxid":0,"pos":[-400.096008,-280.636993,101.704002],"rotationMatrix":[-0.599902749,-0.800072908,0,0.800072908,-0.599902749,0,0,0,1],"scale":0.604200006,"type":"shrub_b"}
{"ctxid":0,"pos":[-409.669006,-281.056,102.10128],"rotationMatrix":[0.947964668,-0.318375558,0,0.318375558,0.947964668,0,0,0,1],"scale":0.994899988,"type":"shrub_b"}
{"ctxid":0,"pos":[-461.622009,-326.580994,99.0082779],"rotationMatrix":[-0.302525282,0.953094482,-0.00941011403,-0.953122854,-0.302443981,0.00914223399,0.00586737879,0.0117347585,0.999913931],"scale":0.720200002,"type":"shrub_b"}
{"ctxid":0,"pos":[-375.576996,-430.009003,105.110466],"rotationMatrix":[-0.920197368,0.391319245,0.010244811,-0.3893058,-0.917573333,0.080618009,0.0409477577,0.0701961517,0.996692419],"scale":0.992900014,"type":"shrub_b"}
{"ctxid":0,"pos":[-381.68399,-420.420013,104.667038],"rotationMatrix":[-0.789346337,0.613753974,-0.015429738,-0.612943351,-0.786368966,0.0769682005,0.0351060666,0.0702121332,0.996914148],"scale":1.12259996,"type":"shrub_b"}
{"ctxid":0,"pos":[-4.19619989,-982.096985,130.528503],"rotationMatrix":[0.982627511,-0.185588717,0,0.185588717,0.982627511,0,0,0,1],"scale":0.564800024,"type":"shrub_b"}
{"ctxid":0,"pos":[-154.369003,-810.23761,127.765625],"rotationMatrix":[-0.634945691,-0.772556663,0,0.772556663,-0.634945691,0,0,0,0.999999881],"scale":0.734885514,"type":"shrub_b"}
{"ctxid":0,"pos":[-360.903015,-866.966003,137.881485],"rotationMatrix":[-0.837452888,0.521864951,-0.162261128,-0.545810401,-0.78366375,0.296582609,0.0276178718,0.336937934,0.941121697],"scale":0.666800022,"type":"shrub_b"}
{"ctxid":0,"pos":[-376.429474,-896.96283,141.149002],"rotationMatrix":[0.955060005,-0.296412528,0,0.296412528,0.955060005,0,0,0,1],"scale":0.726199985,"type":"shrub_b"}
{"ctxid":0,"pos":[-400.644989,-911.059021,141.32869],"rotationMatrix":[-0.956242085,-0.292576611,0,0.292576611,-0.956242085,0,0,0,1],"scale":0.864300013,"type":"shrub_b"}
{"ctxid":0,"pos":[-399.652008,-908.682007,141.493073],"rotationMatrix":[0.60525471,-0.759758949,-0.237556279,0.626501918,0.63875103,-0.446645766,0.49108243,0.121504933,0.862597585],"scale":0.740400016,"type":"shrub_b"}
{"ctxid":0,"pos":[-402.506012,-890.932983,141.365005],"rotationMatrix":[0.535083473,-0.813167572,-0.229007483,0.732682228,0.581640184,-0.353371739,0.420550346,0.0212936848,0.907019317],"scale":0.770699978,"type":"shrub_b"}
{"ctxid":0,"pos":[-395.785492,-929.701294,144.419724],"rotationMatrix":[0.781803846,-0.623524427,0,0.623524427,0.781803846,0,0,0,1],"scale":0.788699985,"type":"shrub_b"}
{"ctxid":0,"pos":[-399.687988,-912.965027,141.716232],"rotationMatrix":[0.960855961,-0.277048409,0,0.277048409,0.960855961,0,0,0,1],"scale":0.528299987,"type":"shrub_b"}
{"ctxid":0,"pos":[-409.247009,-921.018005,146.645996],"rotationMatrix":[0.882096291,0.471069127,0,-0.471069127,0.882096291,0,0,0,1],"scale":0.517799973,"type":"shrub_b"}
{"ctxid":0,"pos":[-398.162994,-885.02002,139.69664],"rotationMatrix":[-0.352055192,0.930242956,0.103463955,-0.878771961,-0.366564989,0.305596888,0.322205693,0.0166658163,0.946522951],"scale":0.649200022,"type":"shrub_b"}
{"ctxid":0,"pos":[-400.118011,-876.705017,141.055618],"rotationMatrix":[0.0514169335,0.97866106,0.198944375,-0.966903925,-0.00106596947,0.255138695,0.249906346,-0.205478549,0.946216345],"scale":0.619400024,"type":"shrub_b"}
{"ctxid":0,"pos":[-400.471741,-954.586853,149.306656],"rotationMatrix":[-0.611216903,-0.75670588,0.231968671,0.791141272,-0.592491031,0.151819989,0.0225563273,0.276315033,0.960802376],"scale":0.774600029,"type":"shrub_b"}
{"ctxid":0,"pos":[-394.261322,-948.337646,146.409515],"rotationMatrix":[0.157598019,-0.98750335,0,0.98750335,0.157598019,0,0,0,1],"scale":0.679499984,"type":"shrub_b"}
{"ctxid":0,"pos":[-393.40799,-938.065002,146.317993],"rotationMatrix":[-0.302175283,0.953252375,0,-0.953252375,-0.302175283,0,0,0,1],"scale":0.645099998,"type":"shrub_b"}
{"ctxid":0,"pos":[-432.225098,-947.963684,151.792999],"rotationMatrix":[-0.0663840771,0.997794151,0,-0.997794151,-0.0663840771,0,0,0,1],"scale":0.639299989,"type":"shrub_b"}
{"ctxid":0,"pos":[-498.515991,-909.002014,155.518738],"rotationMatrix":[-0.790916681,0.609858692,0.0502223149,-0.60918051,-0.776953697,-0.158875048,-0.0578709096,-0.15625146,0.986020505],"scale":0.91109997,"type":"shrub_b"}
{"ctxid":0,"pos":[-495.649994,-914.981018,154.801727],"rotationMatrix":[0.261373281,-0.958947659,-0.110013463,0.963818789,0.253111005,0.0835925713,-0.052315332,-0.127881929,0.990408659],"scale":0.613699973,"type":"shrub_b"}
{"ctxid":0,"pos":[-478.431,-930.778992,153.291],"rotationMatrix":[0.652555466,0.757740974,0,-0.757740974,0.652555466,0,0,0,1],"scale":0.935699999,"type":"shrub_b"}
{"ctxid":0,"pos":[-458.718994,-946.218018,151.301086],"rotationMatrix":[0.238868713,-0.971051872,0,0.971051872,0.238868713,0,0,0,1],"scale":0.504599988,"type":"shrub_b"}
{"ctxid":0,"pos":[-524.609985,-65.3662033,98.2607193],"rotationMatrix":[-0.999599934,0.0282837879,0,-0.0282837879,-0.999599934,0,0,0,1],"scale":1.14660001,"type":"shrub_b"}
{"ctxid":0,"pos":[-532.518127,-89.4101334,98.6669693],"rotationMatrix":[0.519603968,-0.854407251,0,0.854407251,0.519603968,0,0,0,1],"scale":0.907999992,"type":"shrub_b"}
{"ctxid":0,"pos":[-552.421997,-185.322006,105.726997],"rotationMatrix":[0.99971199,0.023998674,0,-0.023998674,0.99971199,0,0,0,1],"scale":1.0855,"type":"shrub_b"}
{"ctxid":0,"pos":[-551.062012,-143.319,102.249001],"rotationMatrix":[0.947512031,-0.319720119,0,0.319720119,0.947512031,0,0,0,1],"scale":0.587100029,"type":"shrub_b"}
{"ctxid":0,"pos":[-554.968018,-194.897995,105.844002],"rotationMatrix":[0.386389494,-0.922335684,0,0.922335684,0.386389494,0,0,0,1],"scale":1.07550001,"type":"shrub_b"}
{"ctxid":0,"pos":[-564.28302,-161.427994,102.765999],"rotationMatrix":[0.00397515297,0.999992073,0,-0.999992073,0.00397515297,0,0,0,1],"scale":0.785700023,"type":"shrub_b"}
{"ctxid":0,"pos":[-715.013,-244.190994,97.6903],"rotationMatrix":[0.274710417,0.96152699,0,-0.96152699,0.274710417,0,0,0,1],"scale":0.547800004,"type":"shrub_b"}
{"ctxid":0,"pos":[-712.049988,-239.612,97.1274033],"rotationMatrix":[0.686843038,-0.726805806,0,0.726805806,0.686843038,0,0,0,1],"scale":0.884599984,"type":"shrub_b"}
{"ctxid":0,"pos":[-698.388977,-240.145996,98.5726013],"rotationMatrix":[-0.999200225,0.0399863794,0,-0.0399863794,-0.999200225,0,0,0,1],"scale":0.922500014,"type":"shrub_b"}
{"ctxid":0,"pos":[-694.083984,-234.968002,98.0243988],"rotationMatrix":[-0.129504561,-0.991578817,0,0.991578817,-0.129504561,0,0,0,1],"scale":0.635999978,"type":"shrub_b"}
{"ctxid":0,"pos":[-685.773987,-235.479004,99.4521027],"rotationMatrix":[-0.208079576,-0.978111923,0,0.978111923,-0.208079576,0,0,0,1],"scale":0.663299978,"type":"shrub_b"}
{"ctxid":0,"pos":[-624.182739,-162.490387,98.4717636],"rotationMatrix":[0.675343156,0.737503648,0,-0.737503648,0.675343156,0,0,0,1],"scale":0.642199993,"type":"shrub_b"}
{"ctxid":0,"pos":[-518.392029,-371.760986,103.484001],"rotationMatrix":[-0.28448391,-0.958680809,0,0.958680809,-0.28448391,0,0,0,1],"scale":1.2608,"type":"shrub_b"}
{"ctxid":0,"pos":[-554.142029,-349.583008,102.848],"rotationMatrix":[0.917987585,-0.396609128,0,0.396609128,0.917987585,0,0,0,1],"scale":0.958500028,"type":"shrub_b"}
{"ctxid":0,"pos":[-620.356995,-260.502014,105.206001],"rotationMatrix":[-0.0382404327,-0.999268591,0,0.999268591,-0.0382404327,0,0,0,1],"scale":1.02020001,"type":"shrub_b"}
{"ctxid":0,"pos":[-596.757996,-307.910004,105.280998],"rotationMatrix":[-0.387444735,-0.921892941,0,0.921892941,-0.387444735,0,0,0,1],"scale":0.664300025,"type":"shrub_b"}
{"ctxid":0,"pos":[-614.981384,-315.447784,109.407158],"rotationMatrix":[-0.979422331,-0.177158311,0.0966780111,0.165744454,-0.979376078,-0.11554645,0.115154155,-0.0971449465,0.98858583],"scale":0.724399984,"type":"shrub_b"}
{"ctxid":0,"pos":[-611.544006,-323.976013,109.979034],"rotationMatrix":[0.716344833,0.697746456,0,-0.697746456,0.716344833,0,0,0,1],"scale":0.571799994,"type":"shrub_b"}
{"ctxid":0,"pos":[-644.362,-282.915985,105.251999],"rotationMatrix":[-0.957429051,-0.288668692,0,0.288668692,-0.957429051,0,0,0,1],"scale":1.1724,"type":"shrub_b"}
{"ctxid":0,"pos":[-730.461975,-314.196991,102.287003],"rotationMatrix":[0.110221982,-0.993906975,0,0.993906975,0.110221982,0,0,0,1],"scale":0.657500029,"type":"shrub_b"}
{"ctxid":0,"pos":[-723,-314.123993,103.341003],"rotationMatrix":[0.81455946,-0.580080092,0,0.580080092,0.81455946,0,0,0,1],"scale":0.625800014,"type":"shrub_b"}
{"ctxid":0,"pos":[-736.382019,-259.764008,99.4481964],"rotationMatrix":[-0.99200809,0.126174286,0,-0.126174286,-0.99200809,0,0,0,1],"scale":0.539399981,"type":"shrub_b"}
{"ctxid":0,"pos":[-740.268982,-262.259003,99.365799],"rotationMatrix":[0.460447311,0.887687027,0,-0.887687027,0.460447311,0,0,0,1],"scale":0.561100006,"type":"shrub_b"}
{"ctxid":0,"pos":[-728.573975,-262.878998,99.7703018],"rotationMatrix":[0.99849844,0.0547801591,0,-0.0547801591,0.99849844,0,0,0,1],"scale":0.885399997,"type":"shrub_b"}
{"ctxid":0,"pos":[-723.934021,-265.617004,100.194],"rotationMatrix":[-0.334977865,-0.942225993,0,0.942225993,-0.334977865,0,0,0,1],"scale":0.699500024,"type":"shrub_b"}
{"ctxid":0,"pos":[-698.726013,-260.907013,101.222],"rotationMatrix":[-0.929433823,-0.368988842,0,0.368988842,-0.929433823,0,0,0,1],"scale":0.625800014,"type":"shrub_b"}
{"ctxid":0,"pos":[-684.158997,-273.177002,104.247002],"rotationMatrix":[0.965362906,-0.260910839,0,0.260910839,0.965362906,0,0,0,1],"scale":0.645099998,"type":"shrub_b"}
{"ctxid":0,"pos":[-727.860352,-376.286102,105.864113],"rotationMatrix":[-0.334540635,0.942381203,0,-0.942381203,-0.334540635,0,0,0,0.999999881],"scale":0.656113863,"type":"shrub_b"}
{"ctxid":0,"pos":[-698.393982,-346.018005,105.936996],"rotationMatrix":[0.191516638,0.98148936,0,-0.98148936,0.191516638,0,0,0,1],"scale":0.816500008,"type":"shrub_b"}
{"ctxid":0,"pos":[-692.119995,-396.888,106.669998],"rotationMatrix":[0.387053967,0.922057092,0,-0.922057092,0.387053967,0,0,0,1],"scale":0.553200006,"type":"shrub_b"}
{"ctxid":0,"pos":[-667.025024,-377.761993,108.308998],"rotationMatrix":[0.236399174,0.971656024,0,-0.971656024,0.236399174,0,0,0,1],"scale":0.867699981,"type":"shrub_b"}
{"ctxid":0,"pos":[-763.664001,-79.2977982,103.876999],"rotationMatrix":[-0.953473926,0.301475495,0,-0.301475495,-0.953473926,0,0,0,1],"scale":0.7852,"type":"shrub_b"}
{"ctxid":0,"pos":[-801.440979,-58.0261993,111.750999],"rotationMatrix":[-0.998400331,-0.0565400757,0,0.0565400757,-0.998400331,0,0,0,1],"scale":0.640799999,"type":"shrub_b"}
{"ctxid":0,"pos":[-790.146057,-69.401741,108.132233],"rotationMatrix":[-0.334977865,0.942225993,0,-0.942225993,-0.334977865,0,0,0,1],"scale":0.883599997,"type":"shrub_b"}
{"ctxid":0,"pos":[-752.906006,-95.6548996,105.072998],"rotationMatrix":[-0.926684618,0.375839889,0,-0.375839889,-0.926684618,0,0,0,1],"scale":0.861400008,"type":"shrub_b"}
{"ctxid":0,"pos":[-810.492981,-48.7020988,113.245003],"rotationMatrix":[0.859337926,0.51140821,0,-0.51140821,0.859337926,0,0,0,1],"scale":0.638700008,"type":"shrub_b"}
{"ctxid":0,"pos":[-836.383972,-159.522003,106.227997],"rotationMatrix":[0.519799948,-0.854288042,0,0.854288042,0.519799948,0,0,0,1],"scale":0.791000009,"type":"shrub_b"}
{"ctxid":0,"pos":[-999.244995,-118.835999,126.605164],"rotationMatrix":[-0.323041201,-0.876241505,-0.357553869,0.946136653,-0.290370822,-0.143212318,0.0216652751,-0.38455838,0.922846377],"scale":0.77640003,"type":"shrub_b"}
{"ctxid":0,"pos":[-979.552002,-154.167999,109.484001],"rotationMatrix":[-0.415907979,-0.909406722,0,0.909406722,-0.415907979,0,0,0,1],"scale":0.772499979,"type":"shrub_b"}
{"ctxid":0,"pos":[-888.715027,-213.007996,107.154007],"rotationMatrix":[0.910171866,-0.331256419,-0.248709232,0.37314555,0.916364014,0.145049334,0.179859668,-0.224824578,0.957655668],"scale":0.729799986,"type":"shrub_b"}
{"ctxid":0,"pos":[-783.507996,-332.859985,100.670303],"rotationMatrix":[0.811265647,-0.582489431,0.0505376309,0.559010804,0.79807806,0.224896014,-0.171332553,-0.154199302,0.973071277],"scale":0.565400004,"type":"shrub_b"}
{"ctxid":0,"pos":[-754.166992,-347.519012,102.977997],"rotationMatrix":[0.150834799,-0.988559008,0,0.988559008,0.150834799,0,0,0,1],"scale":0.903900027,"type":"shrub_b"}
{"ctxid":0,"pos":[-801.223999,-358.252991,100.027],"rotationMatrix":[-0.454194546,0.890902519,0,-0.890902519,-0.454194546,0,0,0,1],"scale":0.726100028,"type":"shrub_b"}
{"ctxid":0,"pos":[-765.429993,-335.96701,101.885002],"rotationMatrix":[0.768664002,0.639652729,0,-0.639652729,0.768664002,0,0,0,1],"scale":0.708000004,"type":"shrub_b"}
{"ctxid":0,"pos":[-760.697998,-289.100006,100.464996],"rotationMatrix":[-0.991608858,0.129274413,0,-0.129274413,-0.991608858,0,0,0,1],"scale":0.905499995,"type":"shrub_b"}
{"ctxid":0,"pos":[-767.737976,-293.562012,100.329002],"rotationMatrix":[-0.053861618,0.998548388,0,-0.998548388,-0.053861618,0,0,0,1],"scale":0.556400001,"type":"shrub_b"}
{"ctxid":0,"pos":[-777.335999,-303.595001,100.203003],"rotationMatrix":[-0.346768618,-0.93795073,0,0.93795073,-0.346768618,0,0,0,1],"scale":0.886300027,"type":"shrub_b"}
{"ctxid":0,"pos":[-816.973999,-266.089996,99.5615005],"rotationMatrix":[-0.904371142,-0.426746815,0,0.426746815,-0.904371142,0,0,0,1],"scale":0.62470001,"type":"shrub_b"}
{"ctxid":0,"pos":[-843.309021,-424.618988,97.5605011],"rotationMatrix":[0.992410898,0.122965887,0,-0.122965887,0.992410898,0,0,0,1],"scale":0.5273,"type":"shrub_b"}
{"ctxid":0,"pos":[-782.64801,-377.714996,101.991997],"rotationMatrix":[-0.694272399,-0.719712317,0,0.719712317,-0.694272399,0,0,0,1],"scale":0.902999997,"type":"shrub_b"}
{"ctxid":0,"pos":[-948.554993,-442.165009,98.6809998],"rotationMatrix":[-0.228371382,0.973574102,0,-0.973574102,-0.228371382,0,0,0,1],"scale":0.801900029,"type":"shrub_b"}
{"ctxid":0,"pos":[-877.424988,-459.674988,96.7693024],"rotationMatrix":[0.494987488,0.86890012,0,-0.86890012,0.494987488,0,0,0,1],"scale":0.866699994,"type":"shrub_b"}
{"ctxid":0,"pos":[-611.879028,-907.375,162.669586],"rotationMatrix":[-0.607904315,0.732989013,0.305251807,-0.737700522,-0.66358304,0.124316432,0.293682665,-0.14961195,0.944122195],"scale":0.988600016,"type":"shrub_b"}
{"ctxid":0,"pos":[-739.39801,-932.221008,164.664001],"rotationMatrix":[0.903902769,0.427737981,0,-0.427737981,0.903902769,0,0,0,1],"scale":0.7148,"type":"shrub_b"}
{"ctxid":0,"pos":[-721.924988,-918.099976,164.375275],"rotationMatrix":[0.936672509,0.0961614996,-0.33674553,-0.058424443,0.990995049,0.120479688,0.345298678,-0.0931758434,0.93385601],"scale":0.913500011,"type":"shrub_b"}
{"ctxid":0,"pos":[-768.812988,-818.950989,125.989311],"rotationMatrix":[0.325342655,0.945596218,0,-0.945596218,0.325342655,0,0,0,1],"scale":0.565900028,"type":"shrub_b"}
{"ctxid":0,"pos":[-794.635986,-934.041992,159.822006],"rotationMatrix":[-0.461024284,0.887387514,0,-0.887387514,-0.461024284,0,0,0,1],"scale":0.666700006,"type":"shrub_b"}
{"ctxid":0,"pos":[-803.26001,-940.237976,158.227997],"rotationMatrix":[-0.998400331,0.0565400757,0,-0.0565400757,-0.998400331,0,0,0,1],"scale":0.690800011,"type":"shrub_b"}
{"ctxid":0,"pos":[-805.322021,-940.690308,157.873001],"rotationMatrix":[-0.985227346,-0.171251506,0,0.171251506,-0.985227346,0,0,0,1],"scale":0.721800029,"type":"shrub_b"}
{"ctxid":0,"pos":[-844.937012,-933.616028,150.343002],"rotationMatrix":[-0.943997502,0.329952598,0,-0.329952598,-0.943997502,0,0,0,1],"scale":0.627799988,"type":"shrub_b"}
{"ctxid":0,"pos":[-926.432983,-847.921997,121.558998],"rotationMatrix":[0.0522110462,0.998636067,0,-0.998636067,0.0522110462,0,0,0,1],"scale":0.575699985,"type":"shrub_b"}
{"ctxid":0,"pos":[-935.132019,-863.138,127.832001],"rotationMatrix":[0.0841542482,0.996452749,0,-0.996452749,0.0841542482,0,0,0,1],"scale":0.828299999,"type":"shrub_b"}
{"ctxid":0,"pos":[-878.585022,-856.174988,127.330482],"rotationMatrix":[0.805959463,-0.511659265,0.297714621,0.435648531,0.853167772,0.286906064,-0.400798708,-0.101535678,0.910522282],"scale":0.906599998,"type":"shrub_b"}
{"ctxid":0,"pos":[-892.742004,-896.771973,129.014008],"rotationMatrix":[-0.836294413,-0.548280656,0,0.548280656,-0.836294413,0,0,0,1],"scale":0.551900029,"type":"shrub_b"}
{"ctxid":0,"pos":[-879.711975,-997.176514,151.770004],"rotationMatrix":[0.990171909,0.139855608,0,-0.139855608,0.990171909,0,0,0,1],"scale":0.920400023,"type":"shrub_b"}
{"ctxid":0,"pos":[-938.184998,-990.492981,141.988998],"rotationMatrix":[-0.596327186,-0.802741468,0,0.802741468,-0.596327186,0,0,0,1],"scale":0.805800021,"type":"shrub_b"}
{"ctxid":0,"pos":[-981.643982,-958.361023,141.949005],"rotationMatrix":[0.186422348,-0.982469678,0,0.982469678,0.186422348,0,0,0,1],"scale":0.878400028,"type":"shrub_b"}
{"ctxid":0,"pos":[-977.705994,-959.809021,138.585999],"rotationMatrix":[-0.758187532,0.652036548,0,-0.652036548,-0.758187532,0,0,0,1],"scale":0.731999993,"type":"shrub_b"}
{"ctxid":0,"pos":[-93.7726974,-1001.10999,137.427994],"rotationMatrix":[-0.960991979,0.276576251,0,-0.276576251,-0.960991979,0,0,0,1],"scale":1.29050004,"type":"shrub_b"}
{"ctxid":0,"pos":[-893.364014,-1009.48999,155.904007],"rotationMatrix":[-0.609576702,-0.792727113,0,0.792727113,-0.609576702,0,0,0,1],"scale":0.891900003,"type":"shrub_b"}
{"ctxid":0,"pos":[-1027.84998,-242.350006,111.529297],"rotationMatrix":[-0.899759531,0.123802558,0.418455631,-0.116843373,-0.992247581,0.0423267223,0.420451909,-0.0108098909,0.907250404],"scale":0.593599975,"type":"shrub_b"}
{"ctxid":0,"pos":[-1022.87,-230.792007,108.026405],"rotationMatrix":[0.715233028,-0.232905537,-0.658936083,0.177535176,0.972458005,-0.151018947,0.675960839,-0.00897056609,0.736882985],"scale":0.852400005,"type":"shrub_b"}
{"ctxid":0,"pos":[-1000.48999,-215.162003,106.289673],"rotationMatrix":[0.864903927,0.501937449,0,-0.501937449,0.864903927,0,0,0,1],"scale":0.692600012,"type":"shrub_b"}
{"ctxid":0,"pos":[-1012.23999,-126.962997,122.995758],"rotationMatrix":[-0.822516322,0.45676887,0.338864088,-0.568560123,-0.675408244,-0.469641119,0.0143541694,-0.578952134,0.815235138],"scale":0.915000021,"type":"shrub_b"}
{"ctxid":0,"pos":[-1019.08002,-132.348007,120.932991],"rotationMatrix":[-0.147910476,0.925488114,0.348703086,-0.982881546,-0.176715493,0.0521060824,0.109844878,-0.33502686,0.935783684],"scale":0.566399992,"type":"shrub_b"}
{"ctxid":0,"pos":[-1021.40002,-130.110992,123.689995],"rotationMatrix":[-0.262634635,-0.963109493,-0.0586749017,0.637735486,-0.127629757,-0.759607553,0.724096656,-0.236918449,0.647729516],"scale":0.838100016,"type":"shrub_b"}
{"ctxid":0,"pos":[-1014.83002,-103.75,133.781525],"rotationMatrix":[-0.867359877,-0.492646188,-0.0706109703,0.470279545,-0.764885187,-0.440212637,0.162859812,-0.415029854,0.895112753],"scale":0.760999978,"type":"shrub_b"}
{"ctxid":0,"pos":[-1026.13,-183.091995,116.20829],"rotationMatrix":[0.396543622,0.914544821,-0.0797572732,-0.82516098,0.393161774,0.405627221,0.402321696,-0.0950363576,0.910552263],"scale":0.987200022,"type":"shrub_b"}
{"ctxid":0,"pos":[-1032.06995,-181.723007,118.975693],"rotationMatrix":[-0.889122128,-0.277582437,0.363881022,0.218171388,-0.955989242,-0.19617632,0.402321547,-0.0950363055,0.910552263],"scale":0.59799999,"type":"shrub_b"}
{"ctxid":0,"pos":[-1018.84003,-193.483994,109.766068],"rotationMatrix":[0.69835937,-0.713109255,-0.0613943338,0.709614873,0.701028466,-0.0707509965,0.0934923738,0.00584327802,0.995602846],"scale":0.654900014,"type":"shrub_b"}
{"ctxid":0,"pos":[-1044.37,-212.479996,118.066971],"rotationMatrix":[-0.926108956,-0.34600389,0.150342882,0.297457039,-0.914838672,-0.273109794,0.232036591,-0.208208933,0.950162113],"scale":0.788500011,"type":"shrub_b"}
{"ctxid":0,"pos":[-1052.71997,-148.147995,129.940308],"rotationMatrix":[0.933460474,-0.358680278,0,0.358680278,0.933460474,0,0,0,1],"scale":0.755800009,"type":"shrub_b"}
{"ctxid":0,"pos":[-1047.90002,-143.759003,130.612488],"rotationMatrix":[-0.0975693464,-0.995228708,0,0.995228708,-0.0975693464,0,0,0,1],"scale":0.640500009,"type":"shrub_b"}
{"ctxid":0,"pos":[-1048.06995,-141.548996,132.495239],"rotationMatrix":[-0.585624337,-0.810582578,0,0.810582578,-0.585624337,0,0,0,1],"scale":0.702000022,"type":"shrub_b"}
{"ctxid":0,"pos":[-1045.47998,-145.964996,128.999451],"rotationMatrix":[0.821317554,0.570471287,0,-0.570471287,0.821317554,0,0,0,1],"scale":0.951200008,"type":"shrub_b"}
{"ctxid":0,"pos":[-1023.34998,-221.244995,109.255081],"rotationMatrix":[0.112459362,0.993329287,-0.0254863799,-0.713042974,0.0985373855,0.694161177,0.692042112,-0.0598919094,0.719368219],"scale":0.97299999,"type":"shrub_b"}
{"ctxid":0,"pos":[-1027.02002,-210.160004,113.005096],"rotationMatrix":[0.929837465,0.367970496,0,-0.367970496,0.929837465,0,0,0,1],"scale":0.533399999,"type":"shrub_b"}
{"ctxid":0,"pos":[-1020.39001,-7.82189989,161.456604],"rotationMatrix":[0.637048006,-0.770824134,0,0.770824134,0.637048006,0,0,0,1],"scale":0.776799977,"type":"shrub_b"}
{"ctxid":0,"pos":[-31.9412994,530.869995,74.6151962],"rotationMatrix":[-0.989613414,-0.143754274,0,0.143754274,-0.989613414,0,0,0,1],"scale":0.864199996,"type":"shrub_b"}
{"ctxid":0,"pos":[-37.4939003,531.427002,74.9634018],"rotationMatrix":[-0.944391966,0.328821868,0,-0.328821868,-0.944391966,0,0,0,1],"scale":0.507799983,"type":"shrub_b"}
{"ctxid":0,"pos":[-42.7069016,539.578979,74.9229965],"rotationMatrix":[0.684146523,-0.729344606,0,0.729344606,0.684146523,0,0,0,1],"scale":0.596000016,"type":"shrub_b"}
{"ctxid":0,"pos":[-145.341934,600.414856,74.5957031],"rotationMatrix":[-0.971700907,-0.236214623,0,0.236214623,-0.971700907,0,0,0,1],"scale":0.800700009,"type":"shrub_b"}
{"ctxid":0,"pos":[-230.587006,578.867981,74.9544983],"rotationMatrix":[0.82935524,0.558721662,0,-0.558721662,0.82935524,0,0,0,1],"scale":0.670599997,"type":"shrub_b"}
{"ctxid":0,"pos":[-217.296005,572.934021,74.7751999],"rotationMatrix":[-0.186724067,0.982412398,0,-0.982412398,-0.186724067,0,0,0,1],"scale":0.862600029,"type":"shrub_b"}
{"ctxid":0,"pos":[-249.768005,530.190002,74.9844971],"rotationMatrix":[-0.943209052,0.332199752,0,-0.332199752,-0.943209052,0,0,0,1],"scale":0.996800005,"type":"shrub_b"}
{"ctxid":0,"pos":[-242.115005,523.676025,74.9347],"rotationMatrix":[0.661170959,0.75023526,0,-0.75023526,0.661170959,0,0,0,1],"scale":0.962499976,"type":"shrub_b"}
{"ctxid":0,"pos":[-222.900757,525.821167,74.9862976],"rotationMatrix":[0.209472656,0.977814496,0,-0.977814496,0.209472656,0,0,0,1],"scale":0.7755,"type":"shrub_b"}
{"ctxid":0,"pos":[-214.238785,545.04303,74.9772034],"rotationMatrix":[-0.900860071,-0.434109598,0,0.434109598,-0.900860071,0,0,0,1],"scale":0.599839926,"type":"shrub_b"}
{"ctxid":0,"pos":[-214.468048,538.544006,74.9356995],"rotationMatrix":[0.480445027,0.87702471,0,-0.87702471,0.480445027,0,0,0,0.999999762],"scale":0.587000132,"type":"shrub_b"}
{"ctxid":0,"pos":[-214.959396,526.478027,74.8093033],"rotationMatrix":[-0.843898892,-0.536502123,0,0.536502123,-0.843898892,0,0,0,0.999999881],"scale":0.702300012,"type":"shrub_b"}
{"ctxid":0,"pos":[-472.404999,677.755859,77.7284851],"rotationMatrix":[-0.0743562952,0.997231603,0,-0.997231603,-0.0743562952,0,0,0,0.999999762],"scale":0.711499989,"type":"shrub_b"}
{"ctxid":0,"pos":[-475.194,675.789978,77.7605972],"rotationMatrix":[-0.164476037,0.986380935,0,-0.986380935,-0.164476037,0,0,0,0.999999881],"scale":0.821399987,"type":"shrub_b"}
{"ctxid":0,"pos":[-381.085999,610.500977,87.001297],"rotationMatrix":[0.99352479,0.113615543,0,-0.113615543,0.99352479,0,0,0,1],"scale":0.839900017,"type":"shrub_b"}
{"ctxid":0,"pos":[-47.5904999,482.393005,74.8435898],"rotationMatrix":[-0.982438684,-0.186585724,0,0.186585724,-0.982438684,0,0,0,1],"scale":0.564400017,"type":"shrub_b"}
{"ctxid":0,"pos":[-62.8030014,478,74.7057648],"rotationMatrix":[0.717548728,-0.696508288,0,0.696508288,0.717548728,0,0,0,1],"scale":0.632300019,"type":"shrub_b"}
{"ctxid":0,"pos":[-20.3766994,335.888,116.049515],"rotationMatrix":[0.496594191,0.867982864,0,-0.867982864,0.496594191,0,0,0,1],"scale":0.766175866,"type":"shrub_b"}
{"ctxid":0,"pos":[-87.1548615,353.858643,105.167274],"rotationMatrix":[-0.858656526,-0.51046592,-0.0461804681,0.511285484,-0.846726894,-0.147104651,0.0359896608,-0.149923831,0.988042295],"scale":1.00699997,"type":"shrub_b"}
{"ctxid":0,"pos":[-123.077133,344.817261,101.583],"rotationMatrix":[0.451895475,-0.892070889,0,0.892070889,0.451895475,0,0,0,1],"scale":1.03250003,"type":"shrub_b"}
{"ctxid":0,"pos":[-122.375999,345.815002,101.252998],"rotationMatrix":[-0.998400331,-0.0565400757,0,0.0565400757,-0.998400331,0,0,0,1],"scale":0.951200008,"type":"shrub_b"}
{"ctxid":0,"pos":[-113.855003,315.774994,108.643211],"rotationMatrix":[0.693627,0.612056375,-0.379826963,-0.706038594,0.473138213,-0.52692461,-0.142796993,0.633661628,0.760316968],"scale":0.501699984,"type":"shrub_b"}
{"ctxid":0,"pos":[-65.2106018,340.205994,110.708],"rotationMatrix":[0.225236535,0.97430414,0,-0.97430414,0.225236535,0,0,0,1],"scale":0.739600003,"type":"shrub_b"}
{"ctxid":0,"pos":[-48.5191994,349.623993,114.264999],"rotationMatrix":[-0.536504507,0.843897462,0,-0.843897462,-0.536504507,0,0,0,1],"scale":0.934899986,"type":"shrub_b"}
{"ctxid":0,"pos":[-171.115997,455.992004,75.0615005],"rotationMatrix":[0.582119226,-0.813103437,0,0.813103437,0.582119226,0,0,0,1],"scale":0.992699981,"type":"shrub_b"}
{"ctxid":0,"pos":[-170.341003,467.936005,74.832901],"rotationMatrix":[0.981143236,-0.193282053,0,0.193282053,0.981143236,0,0,0,1],"scale":0.888199985,"type":"shrub_b"}
{"ctxid":0,"pos":[-174.370026,467.014923,76.6820984],"rotationMatrix":[0.940487504,-0.339828283,0,0.339828283,0.940487504,0,0,0,1],"scale":0.893899977,"type":"shrub_b"}
{"ctxid":0,"pos":[-182.164993,443.256989,77.9915009],"rotationMatrix":[0.196595073,0.980484784,0,-0.980484784,0.196595073,0,0,0,1],"scale":0.959800005,"type":"shrub_b"}
{"ctxid":0,"pos":[-185.904999,438.270996,78.2080002],"rotationMatrix":[-0.974879503,-0.222732916,0,0.222732916,-0.974879503,0,0,0,1],"scale":0.734000027,"type":"shrub_b"}
{"ctxid":0,"pos":[-169.587997,421.075989,81.6984024],"rotationMatrix":[-0.490573883,0.871399581,0,-0.871399581,-0.490573883,0,0,0,1],"scale":0.846499979,"type":"shrub_b"}
{"ctxid":0,"pos":[-168.636993,435.394989,77.1481018],"rotationMatrix":[0.988142014,0.153542697,0,-0.153542697,0.988142014,0,0,0,1],"scale":0.645200014,"type":"shrub_b"}
{"ctxid":0,"pos":[-176.104996,414.891998,84.1875992],"rotationMatrix":[-0.435495615,-0.90019083,0,0.90019083,-0.435495615,0,0,0,1],"scale":0.792900026,"type":"shrub_b"}
{"ctxid":0,"pos":[-182.742996,416.101013,82.9329987],"rotationMatrix":[-0.825196028,0.564846456,0,-0.564846456,-0.825196028,0,0,0,1],"scale":0.901300013,"type":"shrub_b"}
{"ctxid":0,"pos":[-198.113998,466.747986,74.9406967],"rotationMatrix":[0.815289497,-0.579053581,0,0.579053581,0.815289497,0,0,0,1],"scale":0.689800024,"type":"shrub_b"}
{"ctxid":0,"pos":[-197.425995,433.578003,78.0867004],"rotationMatrix":[0.999401331,-0.0345973931,0,0.0345973931,0.999401331,0,0,0,1],"scale":0.508599997,"type":"shrub_b"}
{"ctxid":0,"pos":[-200.653,428.674988,76.6735001],"rotationMatrix":[0.591934204,0.805986285,0,-0.805986285,0.591934204,0,0,0,1],"scale":0.826099992,"type":"shrub_b"}
{"ctxid":0,"pos":[-134.737,349.312988,98.7036972],"rotationMatrix":[-0.863608241,-0.504163444,0,0.504163444,-0.863608241,0,0,0,1],"scale":0.901600003,"type":"shrub_b"}
{"ctxid":0,"pos":[-152.634003,293.213989,98.3066025],"rotationMatrix":[0.549699545,-0.835362434,0,0.835362434,0.549699545,0,0,0,1],"scale":0.609600008,"type":"shrub_b"}
{"ctxid":0,"pos":[-5.07190037,232.369003,124.547997],"rotationMatrix":[0.987987518,-0.154533699,0,0.154533699,0.987987518,0,0,0,1],"scale":0.618700027,"type":"shrub_b"}
{"ctxid":0,"pos":[-11.4572001,151.645004,127.932999],"rotationMatrix":[0.129855633,-0.991532922,0,0.991532922,0.129855633,0,0,0,1],"scale":0.509899974,"type":"shrub_b"}
{"ctxid":0,"pos":[-13.8830004,85.4397964,120.495003],"rotationMatrix":[0.369210839,-0.929345667,0,0.929345667,0.369210839,0,0,0,1],"scale":0.975099981,"type":"shrub_b"}
{"ctxid":0,"pos":[-9.49960041,84.2186966,120.473],"rotationMatrix":[0.782463908,-0.622695923,0,0.622695923,0.782463908,0,0,0,1],"scale":0.820100009,"type":"shrub_b"}
{"ctxid":0,"pos":[-19.4836006,104.372002,123.271004],"rotationMatrix":[0.0568861961,0.998380661,0,-0.998380661,0.0568861961,0,0,0,1],"scale":0.683300018,"type":"shrub_b"}
{"ctxid":0,"pos":[-19.6620007,105.921997,123.543999],"rotationMatrix":[-0.053861618,0.998548388,0,-0.998548388,-0.053861618,0,0,0,1],"scale":0.535399973,"type":"shrub_b"}
{"ctxid":0,"pos":[-25.4919491,118.874413,127.341583],"rotationMatrix":[-0.066968441,-0.99775511,0,0.99775511,-0.066968441,0,0,0,1],"scale":0.588,"type":"shrub_b"}
{"ctxid":0,"pos":[-180.751999,192.524994,113.852997],"rotationMatrix":[-0.865152836,0.501508296,0,-0.501508296,-0.865152836,0,0,0,1],"scale":1.18490005,"type":"shrub_b"}
{"ctxid":0,"pos":[-197.136002,178.464996,113.360001],"rotationMatrix":[0.826185942,0.563397527,0,-0.563397527,0.826185942,0,0,0,1],"scale":1.13049996,"type":"shrub_b"}
{"ctxid":0,"pos":[-352.82901,378.401001,101.43],"rotationMatrix":[-1,0,0,0,-1,0,0,0,1],"scale":0.527400017,"type":"shrub_b"}
{"ctxid":0,"pos":[-350.313995,447.981995,92.3647003],"rotationMatrix":[-0.798545837,0.601934016,0,-0.601934016,-0.798545837,0,0,0,1],"scale":0.650300026,"type":"shrub_b"}
{"ctxid":0,"pos":[-341.549011,366.104004,101.453003],"rotationMatrix":[-0.689489603,0.724295557,0,-0.724295557,-0.689489603,0,0,0,1],"scale":0.511699975,"type":"shrub_b"}
{"ctxid":0,"pos":[-349.484985,372.82901,101.347],"rotationMatrix":[-0.669695377,0.742635906,0,-0.742635906,-0.669695377,0,0,0,1],"scale":0.816399992,"type":"shrub_b"}
{"ctxid":0,"pos":[-375.027008,403.59201,97.4458008],"rotationMatrix":[-0.47164166,0.88179028,0,-0.88179028,-0.47164166,0,0,0,1],"scale":0.601199985,"type":"shrub_b"}
{"ctxid":0,"pos":[-404.296448,268.563202,101.655998],"rotationMatrix":[-0.393114209,-0.919489622,0,0.919489622,-0.393114209,0,0,0,1],"scale":0.436805129,"type":"shrub_b"}
{"ctxid":0,"pos":[-411.217285,261.704346,101.751953],"rotationMatrix":[-0.994803429,0.101814233,0,-0.101814233,-0.994803429,0,0,0,1],"scale":0.358045876,"type":"shrub_b"}
{"ctxid":0,"pos":[-305.477997,117.053001,110.443001],"rotationMatrix":[0.927571774,-0.373645037,0,0.373645037,0.927571774,0,0,0,1],"scale":0.685599983,"type":"shrub_b"}
{"ctxid":0,"pos":[-485.862,227.595001,101.803001],"rotationMatrix":[0.779286385,-0.626667976,0,0.626667976,0.779286385,0,0,0,1],"scale":1.00269997,"type":"shrub_b"}
{"ctxid":0,"pos":[-417.976013,16.9832993,103.322311],"rotationMatrix":[0.806341648,0.583103716,0.0990106836,-0.548658431,0.79996419,-0.242963284,-0.220877826,0.14158833,0.964969277],"scale":0.983099997,"type":"shrub_b"}
{"ctxid":0,"pos":[-407.427002,16.9890003,105.375992],"rotationMatrix":[0.859064877,0.509190738,0.0522715822,-0.492842495,0.850394368,-0.18421641,-0.138252735,0.132492185,0.981494784],"scale":1.10650003,"type":"shrub_b"}
{"ctxid":0,"pos":[-408.626007,20.5317001,104.683609],"rotationMatrix":[-0.460692525,0.84285605,-0.278129399,-0.862884521,-0.498702526,-0.0820120201,-0.207828179,0.202211201,0.957036078],"scale":1.005,"type":"shrub_b"}
{"ctxid":0,"pos":[-404.196014,29.1599007,103.858696],"rotationMatrix":[-0.0967750549,-0.990222752,0.100463212,0.971558392,-0.0720661879,0.225566104,-0.21612072,0.119435146,0.969034076],"scale":1.04349995,"type":"shrub_b"}
{"ctxid":0,"pos":[-439.717987,3.16849995,101.433632],"rotationMatrix":[-0.827404976,0.459321648,-0.323147058,-0.484933466,-0.874549508,-0.00143332779,-0.283266544,0.155518904,0.946347654],"scale":0.969699979,"type":"shrub_b"}
{"ctxid":0,"pos":[-736.016907,758.652161,86.1031036],"rotationMatrix":[-0.0370226502,0.999314308,0,-0.999314308,-0.0370226502,0,0,0,0.999999881],"scale":0.569700003,"type":"shrub_b"}
{"ctxid":0,"pos":[-528.359985,734.288025,75.6076965],"rotationMatrix":[-0.169838071,-0.985471964,0,0.985471964,-0.169838071,0,0,0,1],"scale":0.690400004,"type":"shrub_b"}
{"ctxid":0,"pos":[-500.477997,735.461975,87.3658981],"rotationMatrix":[-0.5756675,0.817683876,0,-0.817683876,-0.5756675,0,0,0,1],"scale":0.596899986,"type":"shrub_b"}
{"ctxid":0,"pos":[-545.752014,715.752991,80.1516495],"rotationMatrix":[-0.551617265,-0.834097326,0,0.834097326,-0.551617265,0,0,0,1],"scale":0.717199981,"type":"shrub_b"}
{"ctxid":0,"pos":[-615.715027,631.72699,97.9606018],"rotationMatrix":[-0.986830831,0.161754549,0,-0.161754549,-0.986830831,0,0,0,0.999999881],"scale":0.993799984,"type":"shrub_b"}
{"ctxid":0,"pos":[-676.174805,634.16925,105.954674],"rotationMatrix":[0.270872891,-0.962614954,0,0.962614954,0.270872891,0,0,0,0.999999881],"scale":0.70389998,"type":"shrub_b"}
{"ctxid":0,"pos":[-685.66803,637.35199,105.691002],"rotationMatrix":[-0.393114209,0.919489622,0,-0.919489622,-0.393114209,0,0,0,1],"scale":0.539099991,"type":"shrub_b"}
{"ctxid":0,"pos":[-690.656006,637.809021,105.692001],"rotationMatrix":[0.997465253,-0.0711552501,0,0.0711552501,0.997465253,0,0,0,1],"scale":0.530900002,"type":"shrub_b"}
{"ctxid":0,"pos":[-610.170593,634.805969,92.6277924],"rotationMatrix":[0.0617291182,0.99809289,0,-0.99809289,0.0617291182,0,0,0,0.999999881],"scale":0.542999983,"type":"shrub_b"}
{"ctxid":0,"pos":[-638.472351,643.970276,97.8864975],"rotationMatrix":[0.776987314,-0.629515827,0,0.629515827,0.776987314,0,0,0,0.999999762],"scale":0.85589999,"type":"shrub_b"}
{"ctxid":0,"pos":[-642.710022,647.172974,97.9039001],"rotationMatrix":[0.933606386,-0.358300328,0,0.358300328,0.933606386,0,0,0,1],"scale":0.88440001,"type":"shrub_b"}
{"ctxid":0,"pos":[-626.04303,613.239014,98.0211029],"rotationMatrix":[-0.659842014,-0.751404345,0,0.751404345,-0.659842014,0,0,0,1],"scale":0.631500006,"type":"shrub_b"}
{"ctxid":0,"pos":[-638.310974,598.320007,105.028313],"rotationMatrix":[0.28612262,0.868395686,0.404996663,-0.81737113,0.000628173351,0.576110601,0.500037789,-0.495870829,0.709981799],"scale":0.643700004,"type":"shrub_b"}
{"ctxid":0,"pos":[-835.817993,861.25,75.1299973],"rotationMatrix":[0.0132684708,0.999911964,0,-0.999911964,0.0132684708,0,0,0,1],"scale":0.611000001,"type":"shrub_b"}
{"ctxid":0,"pos":[-898.266846,861.360535,74.93573],"rotationMatrix":[-0.614407301,-0.788988829,0,0.788988829,-0.614407301,0,0,0,0.999999881],"scale":0.825399995,"type":"shrub_b"}
{"ctxid":0,"pos":[-934.106018,844.853027,78.2565002],"rotationMatrix":[0.334834337,-0.942277014,0,0.942277014,0.334834337,0,0,0,1],"scale":0.833800018,"type":"shrub_b"}
{"ctxid":0,"pos":[-555.571289,192.147308,102.57267],"rotationMatrix":[-0.66494751,-0.746890068,0,0.746890068,-0.66494751,0,0,0,1],"scale":0.380117357,"type":"shrub_b"}
{"ctxid":0,"pos":[-503.375458,35.1573906,98.8674164],"rotationMatrix":[0.880631089,0.473802269,0,-0.473802269,0.880631089,0,0,0,0.999999881],"scale":0.58818382,"type":"shrub_b"}
{"ctxid":0,"pos":[-890.200012,317.143005,158.996002],"rotationMatrix":[-0.139144182,-0.990272105,0,0.990272105,-0.139144182,0,0,0,1],"scale":0.76910001,"type":"shrub_b"}
{"ctxid":0,"pos":[-863.984009,88.5401001,137.211609],"rotationMatrix":[0.81392622,-0.481037378,-0.32577157,0.578753352,0.622438967,0.526891053,-0.0506814271,-0.617391884,0.785021424],"scale":0.560500026,"type":"shrub_b"}
