{"ctxid":0,"pos":[-365.709015,-53.4463005,106.552696],"rotationMatrix":[0.461098552,0.885828435,0.0519217998,-0.875603735,0.444727063,0.188509405,0.143895999,-0.13238433,0.98069787],"scale":0.5625,"type":"shrub_d"}
{"ctxid":0,"pos":[-350.21701,-25.8899994,108.555481],"rotationMatrix":[-0.931081295,-0.363453746,0.0314451382,0.358042598,-0.926931858,-0.11226134,0.069949314,-0.0932657421,0.99318105],"scale":0.816500008,"type":"shrub_d"}
{"ctxid":0,"pos":[-432.485992,-9.66049957,104.820801],"rotationMatrix":[0.94256407,-0.153877273,0.296470463,0.182983473,0.980409861,-0.0728937089,-0.279445887,0.122956187,0.952256143],"scale":1.22239995,"type":"shrub_d"}
{"ctxid":0,"pos":[-387.092987,-59.9561996,106.138237],"rotationMatrix":[-0.97145927,-0.0690171048,0.226941824,0.00852803886,-0.966278315,-0.25735715,0.2370511,-0.248076752,0.939289451],"scale":0.8926,"type":"shrub_d"}
{"ctxid":0,"pos":[-376.233337,-61.2039299,104.704811],"rotationMatrix":[0.623662591,0.780187309,0.0485027879,-0.77853018,0.625518382,-0.0511597656,-0.0702535957,-0.00585446879,0.997511983],"scale":0.763300002,"type":"shrub_d"}
{"ctxid":0,"pos":[-450.748993,-29.3752003,101.994202],"rotationMatrix":[0.437202752,0.899324715,-0.00827004015,-0.803944886,0.386679292,-0.451831132,-0.403145194,0.204190403,0.892065108],"scale":1.15900004,"type":"shrub_d"}
{"ctxid":0,"pos":[-450.462006,-10.5551996,100.108055],"rotationMatrix":[-0.0536100864,-0.998546064,0.00562528521,0.974554121,-0.0510925055,0.218251809,-0.217647076,0.0171826482,0.975876272],"scale":1.06289995,"type":"shrub_d"}
{"ctxid":0,"pos":[-396.240997,-234.647003,98.0674973],"rotationMatrix":[0.964195132,-0.26519379,0,0.26519379,0.964195132,0,0,0,1],"scale":0.601700008,"type":"shrub_d"}
{"ctxid":0,"pos":[-395.093994,-228.447998,97.9511032],"rotationMatrix":[-0.104395151,0.994535923,0,-0.994535923,-0.104395151,0,0,0,1],"scale":0.567300022,"type":"shrub_d"}
{"ctxid":0,"pos":[-393.213989,-245.052002,97.7881012],"rotationMatrix":[-0.435495615,0.90019083,0,-0.90019083,-0.435495615,0,0,0,1],"scale":0.64410001,"type":"shrub_d"}
{"ctxid":0,"pos":[-405.898987,-235.716003,99.8644028],"rotationMatrix":[-0.992806435,0.119730458,0,-0.119730458,-0.992806435,0,0,0,1],"scale":0.699599981,"type":"shrub_d"}
{"ctxid":0,"pos":[-332.833008,-334.858002,115.392265],"rotationMatrix":[0.653914809,-0.73378253,0.184278503,0.565722585,0.635964811,0.524887204,-0.502347767,-0.238980949,0.830984235],"scale":0.588400006,"type":"shrub_d"}
{"ctxid":0,"pos":[-342.808014,-335.677002,109.748001],"rotationMatrix":[0.702625275,0.711560071,0,-0.711560071,0.702625275,0,0,0,1],"scale":0.677999973,"type":"shrub_d"}
{"ctxid":0,"pos":[-329.766998,-494.277008,108.024002],"rotationMatrix":[0.411166787,-0.909871578,0.0554567799,0.910360813,0.406745493,-0.0761657804,0.0467442945,0.0818025172,0.995551765],"scale":1.10119998,"type":"shrub_d"}
{"ctxid":0,"pos":[-340.678986,-479.882996,107.394722],"rotationMatrix":[0.513013601,-0.85712862,0.0463409573,0.857106686,0.508565426,-0.0820316896,0.0467443094,0.0818025246,0.995551765],"scale":1.19700003,"type":"shrub_d"}
{"ctxid":0,"pos":[-356.110992,-458.052002,106.401794],"rotationMatrix":[-0.495280862,-0.863609076,0.0942160338,0.867474675,-0.497481823,0.000146429986,0.0467442758,0.0818025321,0.995551765],"scale":1.1688,"type":"shrub_d"}
{"ctxid":0,"pos":[-416.273987,-308.398987,99.745697],"rotationMatrix":[-0.280640006,-0.959813118,0,0.959813118,-0.280640006,0,0,0,1],"scale":0.941200018,"type":"shrub_d"}
{"ctxid":0,"pos":[-382.721008,-304.389008,98.5926971],"rotationMatrix":[0.0124254227,0.999922812,0,-0.999922812,0.0124254227,0,0,0,1],"scale":0.78549999,"type":"shrub_d"}
{"ctxid":0,"pos":[-381.488892,-308.261993,98.6562958],"rotationMatrix":[-0.0433692634,-0.984860361,-0.167836666,0.997870445,-0.034509927,-0.0553484596,0.0487184823,-0.16987969,0.984259665],"scale":0.59995836,"type":"shrub_d"}
{"ctxid":0,"pos":[-390.085999,-295.214996,100.507004],"rotationMatrix":[-0.888013124,-0.459818095,0,0.459818095,-0.888013124,0,0,0,1],"scale":0.882000029,"type":"shrub_d"}
{"ctxid":0,"pos":[-399.104004,-277.670013,101.091003],"rotationMatrix":[-0.391779304,0.920059204,0,-0.920059204,-0.391779304,0,0,0,1],"scale":0.707899988,"type":"shrub_d"}
{"ctxid":0,"pos":[-396.15799,-273.721985,100.108002],"rotationMatrix":[0.731208801,-0.682153702,0,0.682153702,0.731208801,0,0,0,1],"scale":0.523899972,"type":"shrub_d"}
{"ctxid":0,"pos":[-418.196991,-359.053009,101.958244],"rotationMatrix":[0.873904705,0.484973848,-0.0330292657,-0.485955834,0.873270214,-0.0352985598,0.011724594,0.0468983464,0.998830855],"scale":1.14119995,"type":"shrub_d"}
{"ctxid":0,"pos":[-463.433014,-322.509003,98.953598],"rotationMatrix":[-0.867858052,0.496778071,-0.00582696963,-0.496812224,-0.867798328,0.0101788603,0,0.0117287152,0.999931216],"scale":0.960900009,"type":"shrub_d"}
{"ctxid":0,"pos":[-106.917999,-837.067017,124.509003],"rotationMatrix":[0.994674921,-0.103062123,0,0.103062123,0.994674921,0,0,0,1],"scale":1.19630003,"type":"shrub_d"}
{"ctxid":0,"pos":[-101.560997,-999.836975,137.865005],"rotationMatrix":[-0.668233752,-0.74395138,0,0.74395138,-0.668233752,0,0,0,1],"scale":1.07589996,"type":"shrub_d"}
{"ctxid":0,"pos":[-307.51001,-526.007996,109.542175],"rotationMatrix":[0.127522111,-0.989397407,0.0695016533,0.990732431,0.123763204,-0.0559604131,0.0467653684,0.0759937316,0.996011019],"scale":1.28470004,"type":"shrub_d"}
{"ctxid":0,"pos":[-363.165009,-732.361023,150.198502],"rotationMatrix":[0.0340900421,0.9647668,-0.260887861,-0.895530999,0.145375729,0.420582771,0.443691075,0.219295621,0.868934751],"scale":0.857299984,"type":"shrub_d"}
{"ctxid":0,"pos":[-358.037994,-697.757019,135.505997],"rotationMatrix":[0.589581966,0.807708561,0,-0.807708561,0.589581966,0,0,0,1],"scale":0.863699973,"type":"shrub_d"}
{"ctxid":0,"pos":[-434.665985,-640.072998,136.765076],"rotationMatrix":[-0.00496065617,0.969931066,-0.243328542,-0.961809933,0.0619661808,0.266611159,0.273672611,0.235358462,0.932582259],"scale":0.576900005,"type":"shrub_d"}
{"ctxid":0,"pos":[-373.813995,-901.176025,142.403488],"rotationMatrix":[0.804725289,0.590530455,0.0607532561,-0.584292829,0.805982113,-0.0948399752,-0.104971945,0.0408224277,0.993636966],"scale":0.5255,"type":"shrub_d"}
{"ctxid":0,"pos":[-373.545013,-888.140015,140.763],"rotationMatrix":[-0.912185669,0.409777135,0,-0.409777135,-0.912185669,0,0,0,1],"scale":0.83069998,"type":"shrub_d"}
{"ctxid":0,"pos":[-396.848999,-870.30603,140.509201],"rotationMatrix":[-0.773057699,-0.533132613,0.343730539,0.497349918,-0.845756054,-0.193232715,0.393731028,0.021574311,0.918972492],"scale":0.954200029,"type":"shrub_d"}
{"ctxid":0,"pos":[-396.734985,-866.271973,140.934128],"rotationMatrix":[-0.223401546,0.89456594,0.387095302,-0.878755212,-0.356679082,0.31712532,0.421758562,-0.26931572,0.865787864],"scale":0.734700024,"type":"shrub_d"}
{"ctxid":0,"pos":[-401.368988,-895.999023,140.863129],"rotationMatrix":[0.767847776,-0.442220062,-0.463520557,0.465053052,0.882394135,-0.071458444,0.440608174,-0.160692409,0.883200109],"scale":0.877499998,"type":"shrub_d"}
{"ctxid":0,"pos":[-399.804993,-895.546021,140.13588],"rotationMatrix":[0.843503892,-0.232020766,-0.484424949,0.237392813,0.970060229,-0.051261548,0.481815159,-0.0717597008,0.873329639],"scale":0.560000002,"type":"shrub_d"}
{"ctxid":0,"pos":[-400.821014,-890.197021,140.561844],"rotationMatrix":[-0.877711535,-0.148048595,0.455744863,0.094913207,-0.98594451,-0.137492061,0.469694853,-0.0774222091,0.879427373],"scale":0.659099996,"type":"shrub_d"}
{"ctxid":0,"pos":[-376.247009,-890.929016,140.854218],"rotationMatrix":[0.0538006425,-0.986163497,0.156801164,0.991876364,0.0709043145,0.105609216,-0.115265816,0.1498456,0.981967449],"scale":0.80400002,"type":"shrub_d"}
{"ctxid":0,"pos":[-397.739014,-953.112,148.781784],"rotationMatrix":[0.201045394,-0.949473381,0.240999699,0.97682333,0.17586714,-0.12201108,0.0734624043,0.259943902,0.962825239],"scale":0.747600019,"type":"shrub_d"}
{"ctxid":0,"pos":[-401.342499,-942.428162,147.85791],"rotationMatrix":[0.868210196,0.496196598,0,-0.496196598,0.868210196,0,0,0,1],"scale":0.779600024,"type":"shrub_d"}
{"ctxid":0,"pos":[-406.632782,-961.017273,148.237228],"rotationMatrix":[-0.909100175,0.0251707211,0.415815055,-0.270871967,-0.794063091,-0.544142604,0.316487134,-0.607313156,0.728701949],"scale":0.731599987,"type":"shrub_d"}
{"ctxid":0,"pos":[-463.522766,-924.780823,155.350937],"rotationMatrix":[0.559663415,0.826858282,0.0555180162,-0.823089957,0.546816528,0.153345525,0.0964367688,-0.131518155,0.986611843],"scale":0.818400025,"type":"shrub_d"}
{"ctxid":0,"pos":[-487.516998,-905.176025,156.745743],"rotationMatrix":[0.651721478,-0.758458376,0,0.758458376,0.651721478,0,0,0,1],"scale":0.570299983,"type":"shrub_d"}
{"ctxid":0,"pos":[-490.957001,-905.758972,156.213669],"rotationMatrix":[0.702625275,0.711560071,0,-0.711560071,0.702625275,0,0,0,1],"scale":0.881299973,"type":"shrub_d"}
{"ctxid":0,"pos":[-472.936005,-924.450012,154.072449],"rotationMatrix":[0.916031957,0.401105285,0,-0.401105285,0.916031957,0,0,0,1],"scale":0.711600006,"type":"shrub_d"}
{"ctxid":0,"pos":[-455.899139,-945.163635,151.466904],"rotationMatrix":[-0.998000383,0.0632078722,0,-0.0632078722,-0.998000383,0,0,0,1],"scale":0.535600007,"type":"shrub_d"}
{"ctxid":0,"pos":[-465.460999,-969.434021,153.073914],"rotationMatrix":[-0.102023363,0.901154935,-0.4213202,-0.865427315,0.128443658,0.484290719,0.490536869,0.414031148,0.766780138],"scale":0.627699971,"type":"shrub_d"}
{"ctxid":0,"pos":[-463.84201,-967.419006,151.118988],"rotationMatrix":[-0.938390136,0.130597249,0.319950104,-0.00915042683,-0.934907556,0.354773104,0.345456183,0.329987943,0.878503263],"scale":0.795700014,"type":"shrub_d"}
{"ctxid":0,"pos":[-553.682983,-151.503006,102.708],"rotationMatrix":[0.952012062,0.306060493,0,-0.306060493,0.952012062,0,0,0,1],"scale":0.540300012,"type":"shrub_d"}
{"ctxid":0,"pos":[-506.709991,-313.867004,101.277443],"rotationMatrix":[-0.475289822,-0.875819385,0.083904475,0.694788754,-0.432126284,-0.574922085,0.539785266,-0.214958727,0.813894749],"scale":0.930599988,"type":"shrub_d"}
{"ctxid":0,"pos":[-521.177979,-369.059998,103.891998],"rotationMatrix":[0.839822054,-0.54286176,0,0.54286176,0.839822054,0,0,0,1],"scale":1.11740005,"type":"shrub_d"}
{"ctxid":0,"pos":[-518.27301,-354.13501,101.684998],"rotationMatrix":[0.34997201,0.936760187,0,-0.936760187,0.34997201,0,0,0,1],"scale":1.09360003,"type":"shrub_d"}
{"ctxid":0,"pos":[-556.598694,-315.586426,101.83876],"rotationMatrix":[-0.899726629,0.424359143,-0.102032378,-0.39410311,-0.890367866,-0.227875516,-0.18754746,-0.164814457,0.968329549],"scale":0.947000027,"type":"shrub_d"}
{"ctxid":0,"pos":[-611.209961,-320.305573,108.804497],"rotationMatrix":[0.791184306,-0.61157757,0,0.61157757,0.791184306,0,0,0,0.999999881],"scale":0.895900011,"type":"shrub_d"}
{"ctxid":0,"pos":[-603.53302,-326.43399,107.373459],"rotationMatrix":[-0.345456123,-0.938434899,0,0.938434899,-0.345456123,0,0,0,1],"scale":0.913299978,"type":"shrub_d"}
{"ctxid":0,"pos":[-725.108582,-372.457642,105.978996],"rotationMatrix":[0.700152397,0.71399343,0,-0.71399343,0.700152397,0,0,0,1],"scale":0.648500025,"type":"shrub_d"}
{"ctxid":0,"pos":[-680.760986,-365.576538,106.56369],"rotationMatrix":[0.160382107,0.975081086,-0.153278872,-0.978006065,0.136005014,-0.158135012,-0.13334775,0.175269708,0.975447953],"scale":0.50150001,"type":"shrub_d"}
{"ctxid":0,"pos":[-692.885254,-480.300293,103.561165],"rotationMatrix":[0.690944791,-0.722907543,0,0.722907543,0.690944791,0,0,0,1],"scale":0.989400029,"type":"shrub_d"}
{"ctxid":0,"pos":[-796.281982,-69.344101,110.584999],"rotationMatrix":[0.906428576,-0.422359139,0,0.422359139,0.906428576,0,0,0,1],"scale":0.560800016,"type":"shrub_d"}
{"ctxid":0,"pos":[-802.867981,-68.0223007,112.375999],"rotationMatrix":[0.847868681,0.530206263,0,-0.530206263,0.847868681,0,0,0,1],"scale":0.521300018,"type":"shrub_d"}
{"ctxid":0,"pos":[-822.439026,-17.1429005,116.363998],"rotationMatrix":[0.977443099,-0.211198926,0,0.211198926,0.977443099,0,0,0,1],"scale":0.501900017,"type":"shrub_d"}
{"ctxid":0,"pos":[-751.84198,-116.408997,105.165443],"rotationMatrix":[0.302417874,0.950818896,0.0669807494,-0.944638729,0.289584935,0.15426527,0.12728177,-0.109925166,0.985756457],"scale":0.997799993,"type":"shrub_d"}
{"ctxid":0,"pos":[-799.642029,-245.397995,98.9649963],"rotationMatrix":[-0.453512549,0.891249895,0,-0.891249895,-0.453512549,0,0,0,1],"scale":0.644900024,"type":"shrub_d"}
{"ctxid":0,"pos":[-834.442993,-155.929001,105.601997],"rotationMatrix":[0.827245593,0.561840475,0,-0.561840475,0.827245593,0,0,0,1],"scale":0.942700028,"type":"shrub_d"}
{"ctxid":0,"pos":[-847.539978,-184.048996,104.086998],"rotationMatrix":[-0.919232368,0.393715441,0,-0.393715441,-0.919232368,0,0,0,1],"scale":0.709299982,"type":"shrub_d"}
{"ctxid":0,"pos":[-782.25,-134.416,106.310997],"rotationMatrix":[-0.828254342,0.560352325,0,-0.560352325,-0.828254342,0,0,0,1],"scale":0.875899971,"type":"shrub_d"}
{"ctxid":0,"pos":[-948.325012,-117.246002,115.084579],"rotationMatrix":[-0.733182549,-0.321160436,-0.599415421,0.607496321,-0.705444336,-0.365097284,-0.30559954,-0.631825745,0.712323725],"scale":0.575699985,"type":"shrub_d"}
{"ctxid":0,"pos":[-941.653992,-121.642998,111.331024],"rotationMatrix":[0.98315239,0.143511891,0.113206252,-0.181703627,0.834673464,0.519907653,-0.0198773183,-0.531718433,0.846687913],"scale":0.980499983,"type":"shrub_d"}
{"ctxid":0,"pos":[-810.627991,-258.283997,99.0176468],"rotationMatrix":[0.68024087,0.731127501,-0.0521996021,-0.729614019,0.682215631,0.0473819003,0.0702535957,0.00585446693,0.997511983],"scale":0.675599992,"type":"shrub_d"}
{"ctxid":0,"pos":[-842.05603,-428.042999,97.4834976],"rotationMatrix":[0.293139458,-0.956069708,0,0.956069708,0.293139458,0,0,0,1],"scale":0.603699982,"type":"shrub_d"}
{"ctxid":0,"pos":[-762.380005,-402.015015,104.021004],"rotationMatrix":[0.566805601,-0.823851585,0,0.823851585,0.566805601,0,0,0,1],"scale":0.518400013,"type":"shrub_d"}
{"ctxid":0,"pos":[-775.242981,-417.35199,104.445999],"rotationMatrix":[-0.315441966,-0.948944867,0,0.948944867,-0.315441966,0,0,0,1],"scale":0.803300023,"type":"shrub_d"}
{"ctxid":0,"pos":[-781.231995,-423.233002,104.176003],"rotationMatrix":[-0.0854537487,-0.996342123,0,0.996342123,-0.0854537487,0,0,0,1],"scale":0.909200013,"type":"shrub_d"}
{"ctxid":0,"pos":[-918.448975,-418.303009,99.0574036],"rotationMatrix":[-0.053861618,0.998548388,0,-0.998548388,-0.053861618,0,0,0,1],"scale":0.787199974,"type":"shrub_d"}
{"ctxid":0,"pos":[-896.314026,-469.471985,98.1468964],"rotationMatrix":[0.264558077,0.964369774,0,-0.964369774,0.264558077,0,0,0,1],"scale":0.628899992,"type":"shrub_d"}
{"ctxid":0,"pos":[-879.268005,-458.669006,96.2941971],"rotationMatrix":[-0.999599934,-0.0282837879,0,0.0282837879,-0.999599934,0,0,0,1],"scale":0.951799989,"type":"shrub_d"}
{"ctxid":0,"pos":[-678.750977,-506.575989,106.806999],"rotationMatrix":[-0.12469995,-0.992194474,0,0.992194474,-0.12469995,0,0,0,1],"scale":0.528800011,"type":"shrub_d"}
{"ctxid":0,"pos":[-676.20697,-962.010986,165.979996],"rotationMatrix":[0.743098855,-0.669181645,0,0.669181645,0.743098855,0,0,0,1],"scale":0.960799992,"type":"shrub_d"}
{"ctxid":0,"pos":[-659.401978,-947.312988,165.406006],"rotationMatrix":[-0.930612564,-0.366005808,0,0.366005808,-0.930612564,0,0,0,1],"scale":0.758000016,"type":"shrub_d"}
{"ctxid":0,"pos":[-627.283997,-965.119019,165.960999],"rotationMatrix":[-0.35103929,-0.936360717,0,0.936360717,-0.35103929,0,0,0,1],"scale":0.630400002,"type":"shrub_d"}
{"ctxid":0,"pos":[-727.559021,-918.262695,164.223709],"rotationMatrix":[0.452731252,-0.891243398,0.0268217288,0.886733115,0.453186274,0.0912490338,-0.0934803486,-0.0175275654,0.995466828],"scale":0.830299973,"type":"shrub_d"}
{"ctxid":0,"pos":[-730.73999,-933.434021,164.572006],"rotationMatrix":[0.778221965,-0.627989292,0,0.627989292,0.778221965,0,0,0,1],"scale":0.565400004,"type":"shrub_d"}
{"ctxid":0,"pos":[-698.393005,-961.76001,167.488007],"rotationMatrix":[0.664455652,-0.747327685,0,0.747327685,0.664455652,0,0,0,1],"scale":0.559199989,"type":"shrub_d"}
{"ctxid":0,"pos":[-752.927979,-527.176025,101.344002],"rotationMatrix":[0.634145379,-0.773213863,0,0.773213863,0.634145379,0,0,0,1],"scale":0.449600041,"type":"shrub_d"}
{"ctxid":0,"pos":[-760.625183,-519.803162,100.884003],"rotationMatrix":[0.343112826,-0.939294219,0,0.939294219,0.343112826,0,0,0,1],"scale":0.474819362,"type":"shrub_d"}
{"ctxid":0,"pos":[-873.346008,-854.296021,129.400772],"rotationMatrix":[-0.321380615,0.944996893,-0.0607842244,-0.946299374,-0.318118811,0.0575953685,0.0350908302,0.0760301352,0.996487856],"scale":0.641600013,"type":"shrub_d"}
{"ctxid":0,"pos":[-757.028992,-923.926025,163.749786],"rotationMatrix":[-0.973101139,-0.196407244,0.120408535,0.220132992,-0.946846724,0.234568954,0.067937389,0.254765213,0.964613497],"scale":0.504100025,"type":"shrub_d"}
{"ctxid":0,"pos":[-782.471008,-948.888,165.47673],"rotationMatrix":[-0.385839462,-0.868562281,0.311010152,0.89291364,-0.26679635,0.362663597,-0.232019529,0.417635173,0.878491759],"scale":0.836399972,"type":"shrub_d"}
{"ctxid":0,"pos":[-763.890991,-941.60498,164.299347],"rotationMatrix":[-0.368462682,-0.598339319,0.711494863,0.925276637,-0.161952496,0.342978477,-0.0899890661,0.784704447,0.613303125],"scale":0.851199985,"type":"shrub_d"}
{"ctxid":0,"pos":[-761.33197,-940.752991,163.932297],"rotationMatrix":[0.798687041,0.600157499,-0.0437022969,-0.579827428,0.748138845,-0.322627127,-0.160931736,0.283017874,0.945516706],"scale":0.767499983,"type":"shrub_d"}
{"ctxid":0,"pos":[-847.169006,-934.346008,149.031006],"rotationMatrix":[-0.944391966,-0.328821868,0,0.328821868,-0.944391966,0,0,0,1],"scale":0.936399996,"type":"shrub_d"}
{"ctxid":0,"pos":[-864.223022,-947.713013,145.625],"rotationMatrix":[0.145352602,-0.989379942,0,0.989379942,0.145352602,0,0,0,1],"scale":0.583199978,"type":"shrub_d"}
{"ctxid":0,"pos":[-853.31897,-975.427002,152.332001],"rotationMatrix":[-0.437529683,0.899203956,0,-0.899203956,-0.437529683,0,0,0,1],"scale":0.921400011,"type":"shrub_d"}
{"ctxid":0,"pos":[-926.143005,-859.36499,123.117996],"rotationMatrix":[-0.11930716,0.992857397,0,-0.992857397,-0.11930716,0,0,0,1],"scale":0.818199992,"type":"shrub_d"}
{"ctxid":0,"pos":[-927.195984,-833.377991,119.554001],"rotationMatrix":[0.256043911,-0.966665149,0,0.966665149,0.256043911,0,0,0,1],"scale":0.743900001,"type":"shrub_d"}
{"ctxid":0,"pos":[-896.187988,-893.450012,128.389008],"rotationMatrix":[0.540926456,0.841069877,0,-0.841069877,0.540926456,0,0,0,1],"scale":0.934499979,"type":"shrub_d"}
{"ctxid":0,"pos":[-892.401001,-898.64801,129.544006],"rotationMatrix":[-0.771338463,-0.636425138,0,0.636425138,-0.771338463,0,0,0,1],"scale":0.737399995,"type":"shrub_d"}
{"ctxid":0,"pos":[-973.109009,-934.620972,137.139999],"rotationMatrix":[0.992775917,-0.119983241,0,0.119983241,0.992775917,0,0,0,1],"scale":0.934899986,"type":"shrub_d"}
{"ctxid":0,"pos":[-969.437012,-981.552979,143.270996],"rotationMatrix":[-0.114524603,-0.993420422,0,0.993420422,-0.114524603,0,0,0,1],"scale":0.995599985,"type":"shrub_d"}
{"ctxid":0,"pos":[-981.864014,-943.356018,141.031006],"rotationMatrix":[0.854954958,-0.518702269,0,0.518702269,0.854954958,0,0,0,1],"scale":0.540600002,"type":"shrub_d"}
{"ctxid":0,"pos":[-976.153992,-942.690002,137.960007],"rotationMatrix":[-0.520767927,0.853698313,0,-0.853698313,-0.520767927,0,0,0,1],"scale":0.747799993,"type":"shrub_d"}
{"ctxid":0,"pos":[-102.338997,-1001.53003,137.242996],"rotationMatrix":[0.341277599,0.939962566,0,-0.939962566,0.341277599,0,0,0,1],"scale":1.03840005,"type":"shrub_d"}
{"ctxid":0,"pos":[-95.635498,-1003.21002,137.352997],"rotationMatrix":[0.0513845682,0.998678923,0,-0.998678923,0.0513845682,0,0,0,1],"scale":0.962700009,"type":"shrub_d"}
{"ctxid":0,"pos":[-3.17939997,-1005.15997,134.613937],"rotationMatrix":[0.343112826,0.939294219,0,-0.939294219,0.343112826,0,0,0,1],"scale":0.739199996,"type":"shrub_d"}
{"ctxid":0,"pos":[-1028.06995,-244.192993,111.625443],"rotationMatrix":[0.170480847,-0.981997788,-0.0813413858,0.888071716,0.188890278,-0.419104874,0.426924706,-0.000787675381,0.904286802],"scale":0.606700003,"type":"shrub_d"}
{"ctxid":0,"pos":[-1026.21997,-229.903,111.05397],"rotationMatrix":[0.93577081,0.0904071108,-0.340821832,-0.0576458201,0.99279201,0.105075955,0.347864836,-0.0786800683,0.934237421],"scale":0.840399981,"type":"shrub_d"}
{"ctxid":0,"pos":[-1000.35999,-217.490005,106.247002],"rotationMatrix":[0.746243119,-0.665673494,0,0.665673494,0.746243119,0,0,0,1],"scale":0.691799998,"type":"shrub_d"}
{"ctxid":0,"pos":[-1017.96997,-123.209,125.187981],"rotationMatrix":[0.662290215,0.670564592,0.334237695,-0.748566687,0.611212492,0.257035315,-0.0319314748,-0.420431197,0.906762362],"scale":0.83920002,"type":"shrub_d"}
{"ctxid":0,"pos":[-1047.12,-198.063995,121.543304],"rotationMatrix":[-0.159097791,-0.986179769,-0.0462300032,0.892448127,-0.12363708,-0.433877945,0.42216593,-0.110286951,0.899784803],"scale":0.995700002,"type":"shrub_d"}
{"ctxid":0,"pos":[-1055.13,-148.475006,130.516998],"rotationMatrix":[0.676309347,-0.736617744,0,0.736617744,0.676309347,0,0,0,1],"scale":0.912999988,"type":"shrub_d"}
{"ctxid":0,"pos":[-1051.56006,-145.214005,131.302292],"rotationMatrix":[0.856351972,0.516392589,0,-0.516392589,0.856351972,0,0,0,1],"scale":0.927299976,"type":"shrub_d"}
{"ctxid":0,"pos":[-1049.48999,-144.914001,130.463928],"rotationMatrix":[-0.571764469,-0.820417821,0,0.820417821,-0.571764469,0,0,0,1],"scale":0.6778,"type":"shrub_d"}
{"ctxid":0,"pos":[-1026.79004,-213.335999,112.661484],"rotationMatrix":[0.163971782,-0.976008236,-0.143253177,0.923094571,0.203021288,-0.326617539,0.347864836,-0.0786800906,0.934237421],"scale":0.931100011,"type":"shrub_d"}
{"ctxid":0,"pos":[-1026.91003,-3.35649991,168.215546],"rotationMatrix":[-0.420286536,-0.907391429,0,0.907391429,-0.420286536,0,0,0,1],"scale":0.672500014,"type":"shrub_d"}
{"ctxid":0,"pos":[-1034.94995,-59.7230988,159.550995],"rotationMatrix":[0.34723258,-0.937779069,0,0.937779069,0.34723258,0,0,0,1],"scale":0.536000013,"type":"shrub_d"}
{"ctxid":0,"pos":[-1059.06006,-25.4332008,176.179993],"rotationMatrix":[0.830405116,0.557160079,0,-0.557160079,0.830405116,0,0,0,1],"scale":0.748600006,"type":"shrub_d"}
{"ctxid":0,"pos":[-1016.97998,-38.0376015,154.742203],"rotationMatrix":[0.874599695,0.484845728,0,-0.484845728,0.874599695,0,0,0,1],"scale":0.671299994,"type":"shrub_d"}
{"ctxid":0,"pos":[-1012.44,-26.7080002,157.095169],"rotationMatrix":[0.272058249,-0.96228081,0,0.96228081,0.272058249,0,0,0,1],"scale":0.881099999,"type":"shrub_d"}
{"ctxid":0,"pos":[-1007.25,-26.6926003,154.246216],"rotationMatrix":[0.359514236,0.933139622,0,-0.933139622,0.359514236,0,0,0,1],"scale":0.808099985,"type":"shrub_d"}
{"ctxid":0,"pos":[-28.2399998,529.846008,74.780899],"rotationMatrix":[0.755279899,0.655402362,0,-0.655402362,0.755279899,0,0,0,1],"scale":0.553799987,"type":"shrub_d"}
{"ctxid":0,"pos":[-144.872681,604.096008,74.3877029],"rotationMatrix":[-0.216799855,-0.976216078,0,0.976216078,-0.216799855,0,0,0,1],"scale":0.691999972,"type":"shrub_d"}
{"ctxid":0,"pos":[-154.362,600.327026,74.4300003],"rotationMatrix":[0.984862089,0.173339739,0,-0.173339739,0.984862089,0,0,0,1],"scale":0.842000008,"type":"shrub_d"}
{"ctxid":0,"pos":[-214.615601,569.500305,74.9196014],"rotationMatrix":[-0.741832376,0.670585215,0,-0.670585215,-0.741832376,0,0,0,0.999999881],"scale":0.859399974,"type":"shrub_d"}
{"ctxid":0,"pos":[-235.103836,518.953796,74.719101],"rotationMatrix":[-0.999200225,0.0399863794,0,-0.0399863794,-0.999200225,0,0,0,1],"scale":0.925999999,"type":"shrub_d"}
{"ctxid":0,"pos":[-222.251434,518.538879,74.7490005],"rotationMatrix":[-0.722367883,0.691508949,0,-0.691508949,-0.722367883,0,0,0,1],"scale":0.848999977,"type":"shrub_d"}
{"ctxid":0,"pos":[-215.195999,523.270691,74.9244003],"rotationMatrix":[0.452314258,-0.891858637,0,0.891858637,0.452314258,0,0,0,1],"scale":0.669700027,"type":"shrub_d"}
{"ctxid":0,"pos":[-214.133011,560.475525,74.9253998],"rotationMatrix":[-0.737591147,-0.67524761,0,0.67524761,-0.737591147,0,0,0,0.999999881],"scale":0.867200017,"type":"shrub_d"}
{"ctxid":0,"pos":[-214.197998,550.484985,74.8062973],"rotationMatrix":[0.770861745,-0.637002349,0,0.637002349,0.770861745,0,0,0,0.999999881],"scale":0.987699986,"type":"shrub_d"}
{"ctxid":0,"pos":[-279.006989,573.166016,75.3544998],"rotationMatrix":[0.165109634,-0.986275196,0,0.986275196,0.165109634,0,0,0,1],"scale":0.850000024,"type":"shrub_d"}
{"ctxid":0,"pos":[-280.553009,568.005005,75.2812119],"rotationMatrix":[0.667398334,-0.744700909,0,0.744700909,0.667398334,0,0,0,1],"scale":0.649999976,"type":"shrub_d"}
{"ctxid":0,"pos":[-278.518005,611.156982,75.2523956],"rotationMatrix":[-0.966541052,-0.256511986,0,0.256511986,-0.966541052,0,0,0,1],"scale":0.629400015,"type":"shrub_d"}
{"ctxid":0,"pos":[-297.46701,594.20697,75.1127014],"rotationMatrix":[-0.333671212,0.942689538,0,-0.942689538,-0.333671212,0,0,0,1],"scale":0.737299979,"type":"shrub_d"}
{"ctxid":0,"pos":[-251.667007,578.187988,75.0202026],"rotationMatrix":[0.997081518,0.0763442591,0,-0.0763442591,0.997081518,0,0,0,1],"scale":0.601300001,"type":"shrub_d"}
{"ctxid":0,"pos":[-251.604004,535.010986,74.9824982],"rotationMatrix":[0.649045587,0.760749519,0,-0.760749519,0.649045587,0,0,0,1],"scale":0.546700001,"type":"shrub_d"}
{"ctxid":0,"pos":[-256.03299,536.349976,75.1433029],"rotationMatrix":[-0.890345573,-0.45528537,0,0.45528537,-0.890345573,0,0,0,1],"scale":0.64139998,"type":"shrub_d"}
{"ctxid":0,"pos":[-437.451996,670.953979,87.2398987],"rotationMatrix":[-0.991608858,-0.129274413,0,0.129274413,-0.991608858,0,0,0,1],"scale":0.770699978,"type":"shrub_d"}
{"ctxid":0,"pos":[-439.747986,673.11499,87.2507019],"rotationMatrix":[-0.91570735,-0.401845813,0,0.401845813,-0.91570735,0,0,0,1],"scale":0.569599986,"type":"shrub_d"}
{"ctxid":0,"pos":[-478.230988,672.036926,78.3473969],"rotationMatrix":[-0.991209626,0.132300705,0,-0.132300705,-0.991209626,0,0,0,1],"scale":0.698710978,"type":"shrub_d"}
{"ctxid":0,"pos":[-464.312012,690.484985,87.6281967],"rotationMatrix":[0.513901949,0.857848942,0,-0.857848942,0.513901949,0,0,0,1],"scale":0.701399982,"type":"shrub_d"}
{"ctxid":0,"pos":[-380.490997,615.01001,87.3748016],"rotationMatrix":[0.779020548,0.626998365,0,-0.626998365,0.779020548,0,0,0,1],"scale":0.734399974,"type":"shrub_d"}
{"ctxid":0,"pos":[-84.3355865,349.181,106.282555],"rotationMatrix":[0.947745144,-0.278473109,0.155666113,0.310587794,0.91687566,-0.250747442,-0.0729000792,0.285992622,0.955454767],"scale":1.09350002,"type":"shrub_d"}
{"ctxid":0,"pos":[-79.2801895,348.25,106.887856],"rotationMatrix":[0.645061851,-0.715279818,0.268830597,0.755787849,0.64907527,-0.0865210071,-0.112604506,0.258990347,0.959293604],"scale":1.29770005,"type":"shrub_d"}
{"ctxid":0,"pos":[-121.822998,347.942993,101.064003],"rotationMatrix":[-0.970906496,-0.239458919,0,0.239458919,-0.970906496,0,0,0,1],"scale":0.999000013,"type":"shrub_d"}
{"ctxid":0,"pos":[-103.313004,337.097595,105.754799],"rotationMatrix":[0.649882913,0.760034323,0,-0.760034323,0.649882913,0,0,0,1],"scale":0.697700024,"type":"shrub_d"}
{"ctxid":0,"pos":[-117.932999,315.471985,107.423553],"rotationMatrix":[0.769977331,-0.0274145901,0.637481987,0.290968418,0.90423733,-0.312557489,-0.567866385,0.426149338,0.704219043],"scale":0.720099986,"type":"shrub_d"}
{"ctxid":0,"pos":[-54.2425003,344.855988,114.667],"rotationMatrix":[0.685575485,0.728001535,0,-0.728001535,0.685575485,0,0,0,1],"scale":0.532999992,"type":"shrub_d"}
{"ctxid":0,"pos":[-104.567001,305.764008,114.129997],"rotationMatrix":[-0.963765502,-0.266750932,0,0.266750932,-0.963765502,0,0,0,1],"scale":0.868200004,"type":"shrub_d"}
{"ctxid":0,"pos":[-169.682999,444.105988,75.3122025],"rotationMatrix":[-0.073112607,-0.997323692,0,0.997323692,-0.073112607,0,0,0,1],"scale":0.965900004,"type":"shrub_d"}
{"ctxid":0,"pos":[-169.959,462.781006,74.5419006],"rotationMatrix":[-0.891123533,-0.453760773,0,0.453760773,-0.891123533,0,0,0,1],"scale":0.73210001,"type":"shrub_d"}
{"ctxid":0,"pos":[-170.595993,464.472992,74.6576996],"rotationMatrix":[-0.248200059,0.968708813,0,-0.968708813,-0.248200059,0,0,0,1],"scale":0.558799982,"type":"shrub_d"}
{"ctxid":0,"pos":[-172.792999,474.917999,76.2712021],"rotationMatrix":[0.575510979,0.817794025,0,-0.817794025,0.575510979,0,0,0,1],"scale":0.521899998,"type":"shrub_d"}
{"ctxid":0,"pos":[-175.565002,465.446014,76.5402985],"rotationMatrix":[0.838233232,-0.545311868,0,0.545311868,0.838233232,0,0,0,1],"scale":0.515999973,"type":"shrub_d"}
{"ctxid":0,"pos":[-178.703995,455.648987,76.9116974],"rotationMatrix":[0.677434921,0.735582709,0,-0.735582709,0.677434921,0,0,0,1],"scale":0.604799986,"type":"shrub_d"}
{"ctxid":0,"pos":[-169.078003,433.806,77.7170029],"rotationMatrix":[-0.991608858,0.129274413,0,-0.129274413,-0.991608858,0,0,0,1],"scale":0.8477,"type":"shrub_d"}
{"ctxid":0,"pos":[-198.373001,473.781006,74.6921997],"rotationMatrix":[0.829938889,0.557854295,0,-0.557854295,0.829938889,0,0,0,1],"scale":0.966199994,"type":"shrub_d"}
{"ctxid":0,"pos":[-198.076004,461.006012,75.1048965],"rotationMatrix":[0.687633872,0.726057589,0,-0.726057589,0.687633872,0,0,0,1],"scale":0.709100008,"type":"shrub_d"}
{"ctxid":0,"pos":[-192.490997,433.484985,78.1513977],"rotationMatrix":[0.117410898,0.993083417,0,-0.993083417,0.117410898,0,0,0,1],"scale":0.832799971,"type":"shrub_d"}
{"ctxid":0,"pos":[-134.046997,346.684998,98.1271973],"rotationMatrix":[0.537662745,0.843159974,0,-0.843159974,0.537662745,0,0,0,1],"scale":0.643599987,"type":"shrub_d"}
{"ctxid":0,"pos":[-153.929993,291.290009,98.0102997],"rotationMatrix":[0.833996773,0.551769316,0,-0.551769316,0.833996773,0,0,0,1],"scale":0.943799973,"type":"shrub_d"}
{"ctxid":0,"pos":[-155.580994,287.993988,98.3472977],"rotationMatrix":[0.989048004,0.147594199,0,-0.147594199,0.989048004,0,0,0,1],"scale":0.935800016,"type":"shrub_d"}
{"ctxid":0,"pos":[-149.858002,297.411011,97.9308014],"rotationMatrix":[-0.677745581,0.735296488,0,-0.735296488,-0.677745581,0,0,0,1],"scale":0.529299974,"type":"shrub_d"}
{"ctxid":0,"pos":[-11.4251003,193.078445,125.762001],"rotationMatrix":[0.882387519,-0.470523387,0,0.470523387,0.882387519,0,0,0,1],"scale":0.869199991,"type":"shrub_d"}
{"ctxid":0,"pos":[-16.8045998,149.684998,126.790001],"rotationMatrix":[-0.099347949,-0.995052755,0,0.995052755,-0.099347949,0,0,0,1],"scale":0.529100001,"type":"shrub_d"}
{"ctxid":0,"pos":[-9.24540043,157.106995,126.421997],"rotationMatrix":[-0.54036355,0.841431677,0,-0.841431677,-0.54036355,0,0,0,1],"scale":0.938399971,"type":"shrub_d"}
{"ctxid":0,"pos":[-84.3158035,110.030998,125.883003],"rotationMatrix":[0.539007902,0.842300713,0,-0.842300713,0.539007902,0,0,0,1],"scale":0.624899983,"type":"shrub_d"}
{"ctxid":0,"pos":[-93.0922852,106.113403,125.797997],"rotationMatrix":[-0.650744557,0.759296715,0,-0.759296715,-0.650744557,0,0,0,1],"scale":0.88440001,"type":"shrub_d"}
{"ctxid":0,"pos":[-23.7651005,102.760002,123.838997],"rotationMatrix":[-0.536504507,-0.843897462,0,0.843897462,-0.536504507,0,0,0,1],"scale":0.642099977,"type":"shrub_d"}
{"ctxid":0,"pos":[-367.432007,395.639008,98.6688004],"rotationMatrix":[-0.566095948,-0.82433933,0,0.82433933,-0.566095948,0,0,0,1],"scale":0.623899996,"type":"shrub_d"}
{"ctxid":0,"pos":[-358.066986,386.891998,99.513298],"rotationMatrix":[0.398734093,-0.917066574,0,0.917066574,0.398734093,0,0,0,1],"scale":0.606100023,"type":"shrub_d"}
{"ctxid":0,"pos":[-365.006012,393.410004,98.7210007],"rotationMatrix":[-0.945575356,0.325403214,0,-0.325403214,-0.945575356,0,0,0,1],"scale":0.727599978,"type":"shrub_d"}
{"ctxid":0,"pos":[-341,455.834015,90.3289032],"rotationMatrix":[0.71875,0.695268631,0,-0.695268631,0.71875,0,0,0,1],"scale":0.761300027,"type":"shrub_d"}
{"ctxid":0,"pos":[-344.471985,369.229004,101.495003],"rotationMatrix":[0.986910343,-0.161269888,0,0.161269888,0.986910343,0,0,0,1],"scale":0.646200001,"type":"shrub_d"}
{"ctxid":0,"pos":[-340.550995,364.306,101.404999],"rotationMatrix":[-0.678478479,0.734620273,0,-0.734620273,-0.678478479,0,0,0,1],"scale":0.694500029,"type":"shrub_d"}
{"ctxid":0,"pos":[-383.18399,411.019989,96.9655991],"rotationMatrix":[-0.736875296,0.676028669,0,-0.676028669,-0.736875296,0,0,0,1],"scale":0.525900006,"type":"shrub_d"}
{"ctxid":0,"pos":[-393.722992,407.959991,102.380997],"rotationMatrix":[0.63448751,-0.772933125,0,0.772933125,0.63448751,0,0,0,1],"scale":0.603100002,"type":"shrub_d"}
{"ctxid":0,"pos":[-400.714996,273.144012,101.514],"rotationMatrix":[0.0637407303,-0.997966468,0,0.997966468,0.0637407303,0,0,0,1],"scale":0.509000003,"type":"shrub_d"}
{"ctxid":0,"pos":[-345.713806,198.29393,103.429001],"rotationMatrix":[0.474957466,0.880008638,0,-0.880008638,0.474957466,0,0,0,0.999999881],"scale":0.587400019,"type":"shrub_d"}
{"ctxid":0,"pos":[-347.978546,193.944763,103.041],"rotationMatrix":[-0.547744155,-0.836645901,0,0.836645901,-0.547744155,0,0,0,1],"scale":0.419282377,"type":"shrub_d"}
{"ctxid":0,"pos":[-490.536011,233.319,101.611],"rotationMatrix":[-0.956242085,-0.292576611,0,0.292576611,-0.956242085,0,0,0,1],"scale":1.01170003,"type":"shrub_d"}
{"ctxid":0,"pos":[-472.671997,215.639008,101.778435],"rotationMatrix":[-0.681777954,-0.731559157,0,0.731559157,-0.681777954,0,0,0,1],"scale":1.26970005,"type":"shrub_d"}
{"ctxid":0,"pos":[-499.19101,174.649994,100.651611],"rotationMatrix":[0.907893658,-0.419200569,0,0.419200569,0.907893658,0,0,0,1],"scale":0.932500005,"type":"shrub_d"}
{"ctxid":0,"pos":[-411.006012,11.1029997,105.650757],"rotationMatrix":[0.762180924,-0.561795712,0.321661055,0.61218667,0.787056684,-0.0759555399,-0.210493982,0.254808486,0.94380343],"scale":1.14300001,"type":"shrub_d"}
{"ctxid":0,"pos":[-424.747986,11.7402,102.748444],"rotationMatrix":[-0.786497474,-0.616547942,-0.0359085202,0.583469868,-0.76084435,0.284038723,-0.20244436,0.20244433,0.958140135],"scale":1.24399996,"type":"shrub_d"}
{"ctxid":0,"pos":[-442.201721,91.9985886,98.6490021],"rotationMatrix":[-0.221307307,-0.97520411,0,0.97520411,-0.221307307,0,0,0,0.999999881],"scale":0.861899972,"type":"shrub_d"}
{"ctxid":0,"pos":[-448.52301,0.64139998,99.7207642],"rotationMatrix":[-0.856102943,-0.50272733,-0.119799472,0.476524323,-0.857597351,0.193521112,-0.200028151,0.108586706,0.973754406],"scale":1.07980001,"type":"shrub_d"}
{"ctxid":0,"pos":[-438.859985,7.62230015,101.054428],"rotationMatrix":[0.38036865,-0.875589609,0.297762215,0.898960948,0.425664186,0.103339419,-0.217229605,0.228369609,0.94903034],"scale":1.03059995,"type":"shrub_d"}
{"ctxid":0,"pos":[-589.352173,789.348022,74.4828033],"rotationMatrix":[0.999631763,0.0271337405,0,-0.0271337405,0.999631763,0,0,0,0.999999881],"scale":0.390633166,"type":"shrub_d"}
{"ctxid":0,"pos":[-525.776978,737.28302,74.9744034],"rotationMatrix":[0.464801311,0.885415018,0,-0.885415018,0.464801311,0,0,0,1],"scale":0.977599978,"type":"shrub_d"}
{"ctxid":0,"pos":[-525.487,729.801025,75.6535034],"rotationMatrix":[-0.527752042,0.849398494,0,-0.849398494,-0.527752042,0,0,0,1],"scale":0.868499994,"type":"shrub_d"}
{"ctxid":0,"pos":[-542.95697,713.53302,80.5313034],"rotationMatrix":[-0.56503427,-0.825067461,0,0.825067461,-0.56503427,0,0,0,1],"scale":0.708800018,"type":"shrub_d"}
{"ctxid":0,"pos":[-545.629028,710.755981,80.0514984],"rotationMatrix":[-0.970906496,0.239458919,0,-0.239458919,-0.970906496,0,0,0,1],"scale":0.503000021,"type":"shrub_d"}
{"ctxid":0,"pos":[-563.392029,747.052979,74.7714005],"rotationMatrix":[-0.440922856,0.89754498,0,-0.89754498,-0.440922856,0,0,0,1],"scale":0.569700003,"type":"shrub_d"}
{"ctxid":0,"pos":[-717.501892,671.842041,103.241997],"rotationMatrix":[-0.747922778,-0.663785577,0,0.663785577,-0.747922778,0,0,0,0.999999881],"scale":0.820599973,"type":"shrub_d"}
{"ctxid":0,"pos":[-698.545593,677.241455,103.381065],"rotationMatrix":[-0.326820374,0.945086479,0,-0.945086479,-0.326820374,0,0,0,1],"scale":0.614400029,"type":"shrub_d"}
{"ctxid":0,"pos":[-623.762268,641.268921,97.850502],"rotationMatrix":[0.998789668,0.0491853543,0,-0.0491853543,0.998789668,0,0,0,1],"scale":0.623000026,"type":"shrub_d"}
{"ctxid":0,"pos":[-607.991638,624.341064,92.7105865],"rotationMatrix":[-0.972883224,-0.23129499,0,0.23129499,-0.972883224,0,0,0,0.999999404],"scale":0.938799977,"type":"shrub_d"}
{"ctxid":0,"pos":[-654.161987,647.247986,98.0571976],"rotationMatrix":[-0.394116044,-0.919060707,0,0.919060707,-0.394116044,0,0,0,1],"scale":0.648400009,"type":"shrub_d"}
{"ctxid":0,"pos":[-678.484009,637.062988,105.720001],"rotationMatrix":[-0.214305282,-0.976766706,0,0.976766706,-0.214305282,0,0,0,1],"scale":0.656000018,"type":"shrub_d"}
{"ctxid":0,"pos":[-679.987976,635.554016,105.773003],"rotationMatrix":[-0.848195434,-0.529683411,0,0.529683411,-0.848195434,0,0,0,1],"scale":0.665300012,"type":"shrub_d"}
{"ctxid":0,"pos":[-680.109009,637.864014,105.658997],"rotationMatrix":[-0.785671949,-0.618643343,0,0.618643343,-0.785671949,0,0,0,1],"scale":0.654100001,"type":"shrub_d"}
{"ctxid":0,"pos":[-690.309021,635.38501,105.721001],"rotationMatrix":[0.995638132,-0.0932990313,0,0.0932990313,0.995638132,0,0,0,1],"scale":0.705900013,"type":"shrub_d"}
{"ctxid":0,"pos":[-692.450012,634.52002,105.857002],"rotationMatrix":[0.158895493,0.987295389,0,-0.987295389,0.158895493,0,0,0,1],"scale":0.593699992,"type":"shrub_d"}
{"ctxid":0,"pos":[-702.30603,633.854004,105.568001],"rotationMatrix":[0.699532509,-0.714600801,0,0.714600801,0.699532509,0,0,0,1],"scale":0.997900009,"type":"shrub_d"}
{"ctxid":0,"pos":[-711.268005,630.046997,105.789001],"rotationMatrix":[-0.989613414,0.143754274,0,-0.143754274,-0.989613414,0,0,0,1],"scale":0.605700016,"type":"shrub_d"}
{"ctxid":0,"pos":[-719.750977,632.271973,105.778999],"rotationMatrix":[0.645181179,0.764029622,0,-0.764029622,0.645181179,0,0,0,1],"scale":0.759000003,"type":"shrub_d"}
{"ctxid":0,"pos":[-782.635986,850.833008,77.4677963],"rotationMatrix":[-0.987220526,0.159360081,0,-0.159360081,-0.987220526,0,0,0,1],"scale":0.582199991,"type":"shrub_d"}
{"ctxid":0,"pos":[-933.849976,849.172974,77.3227005],"rotationMatrix":[0.974326134,-0.225141257,0,0.225141257,0.974326134,0,0,0,1],"scale":0.920899987,"type":"shrub_d"}
{"ctxid":0,"pos":[-932.390015,838.698975,80.3000031],"rotationMatrix":[-0.708661079,0.705549061,0,-0.705549061,-0.708661079,0,0,0,1],"scale":0.515200019,"type":"shrub_d"}
{"ctxid":0,"pos":[-933.607971,825.375977,83.0195999],"rotationMatrix":[-0.739485621,-0.673172355,0,0.673172355,-0.739485621,0,0,0,1],"scale":0.5625,"type":"shrub_d"}
{"ctxid":0,"pos":[-526.896973,150.160995,99.9899979],"rotationMatrix":[0.608741403,0.793368697,0,-0.793368697,0.608741403,0,0,0,1],"scale":0.666199982,"type":"shrub_d"}
{"ctxid":0,"pos":[-548.151978,132.460007,100.717003],"rotationMatrix":[0.320688367,0.947184741,0,-0.947184741,0.320688367,0,0,0,1],"scale":0.505599976,"type":"shrub_d"}
{"ctxid":0,"pos":[-549.98999,186.746994,102.456734],"rotationMatrix":[-0.381316483,0.924444318,0,-0.924444318,-0.381316483,0,0,0,0.999999642],"scale":0.325738847,"type":"shrub_d"}
{"ctxid":0,"pos":[-680.377014,40.3297997,102.475998],"rotationMatrix":[-0.710880041,0.703313291,0,-0.703313291,-0.710880041,0,0,0,1],"scale":0.577700019,"type":"shrub_d"}
{"ctxid":0,"pos":[-874.767029,301.608002,159.141006],"rotationMatrix":[-0.976867199,-0.213846847,0,0.213846847,-0.976867199,0,0,0,1],"scale":0.853799999,"type":"shrub_d"}
{"ctxid":0,"pos":[-882.255005,308.713989,159.587997],"rotationMatrix":[0.401582003,-0.915823042,0,0.915823042,0.401582003,0,0,0,1],"scale":0.842499971,"type":"shrub_d"}
{"ctxid":0,"pos":[-893.362,319.722992,159.255997],"rotationMatrix":[0.630200028,-0.776432812,0,0.776432812,0.630200028,0,0,0,1],"scale":0.839299977,"type":"shrub_d"}
{"ctxid":0,"pos":[-861.880981,88.9634018,137.644012],"rotationMatrix":[0.987602115,0.116829835,0.104846664,-0.156709522,0.772793293,0.615006089,-0.00917372108,-0.623811841,0.781520665],"scale":0.651000023,"type":"shrub_d"}
{"ctxid":0,"pos":[-826.963989,73.4796982,133.024368],"rotationMatrix":[-0.634806037,-0.767573178,-0.0886139721,0.757558763,-0.595711827,-0.26689288,0.152071431,-0.236555547,0.959643543],"scale":0.689599991,"type":"shrub_d"}
