{"ctxid":0,"pos":[-117.459999,-499.725006,125.951607],"rotationMatrix":[-0.984828949,0.173527926,0,-0.173527926,-0.984828949,0,0,0,1],"scale":0.745599985,"type":"shrub_a"}
{"ctxid":0,"pos":[-371.103149,-63.5146942,105.345566],"rotationMatrix":[-0.451849222,0.889386237,-0.0694553033,-0.865160882,-0.455863833,-0.209008247,-0.217551261,-0.0343502387,0.975444257],"scale":0.552399993,"type":"shrub_a"}
{"ctxid":0,"pos":[-418.667999,-45.3143005,107.582024],"rotationMatrix":[0.24768877,0.968754709,0.012822492,-0.968821824,0.247742653,-0.00277748611,-0.00586738111,-0.0117347585,0.999913931],"scale":1.20109999,"type":"shrub_a"}
{"ctxid":0,"pos":[-423.28299,-52.406601,107.641869],"rotationMatrix":[-0.998650908,-0.0490692407,-0.0170071572,0.0488586724,-0.998726726,0.012583226,-0.0176029466,0.0117352996,0.999776185],"scale":1.21389997,"type":"shrub_a"}
{"ctxid":0,"pos":[-401.812988,-30.8218994,108.027054],"rotationMatrix":[0.574377,0.812632561,0.0985858142,-0.805618882,0.582515836,-0.107950658,-0.145152032,-0.0174182467,0.989256024],"scale":1.00109994,"type":"shrub_a"}
{"ctxid":0,"pos":[-384.421997,-12.6993999,109.12204],"rotationMatrix":[0.934666455,0.347822756,0.0736066103,-0.337948829,0.933499992,-0.119868279,-0.110404685,0.0871616006,0.990057409],"scale":1.14260006,"type":"shrub_a"}
{"ctxid":0,"pos":[-425.317993,-0.478799999,104.963356],"rotationMatrix":[0.360271692,-0.904563546,0.227967992,0.911488295,0.39334476,0.120288372,-0.198478475,0.164453596,0.966209769],"scale":1.29939997,"type":"shrub_a"}
{"ctxid":0,"pos":[-425.519012,-5.95090008,106.618141],"rotationMatrix":[0.940876603,0.17240037,0.291597903,-0.0636291057,0.935428381,-0.347742796,-0.332719922,0.308628976,0.89109236],"scale":0.942200005,"type":"shrub_a"}
{"ctxid":0,"pos":[-429.805359,-15.2858391,-101.33535],"rotationMatrix":[0.924501956,0.263484985,-0.0193325616,-0.264171869,0.923795342,-0.0247127227,0.00336324144,0.0311954357,0.999014556],"scale":0.940500021,"type":"shrub_a"}
{"ctxid":0,"pos":[-437.244995,-16.8246002,104.232597],"rotationMatrix":[0.0586612225,0.982500851,-0.1767786,-0.949972332,0.000521838665,-0.312333256,-0.30677551,0.186256617,0.933379471],"scale":1.04849994,"type":"shrub_a"}
{"ctxid":0,"pos":[-433.712006,-62.5905991,107.415649],"rotationMatrix":[0.744417369,-0.667644918,0.00963915512,0.667301953,0.744387269,0.0244032927,-0.0234680027,-0.0117340023,0.999655724],"scale":1.09119999,"type":"shrub_a"}
{"ctxid":0,"pos":[-385.355988,-66.5057983,104.960846],"rotationMatrix":[0.830307782,0.556916773,-0.0207998045,-0.55042237,0.825329721,0.125960514,0.0873162299,-0.093137309,0.991817176],"scale":0.548099995,"type":"shrub_a"}
{"ctxid":0,"pos":[-382.520996,-73.4989014,104.320709],"rotationMatrix":[-0.667344689,0.741322696,0.0713608935,-0.743920863,-0.668053508,-0.0169328898,0.0351201445,-0.0643869191,0.997306824],"scale":0.908100009,"type":"shrub_a"}
{"ctxid":0,"pos":[-390.821014,-76.0086975,104.65036],"rotationMatrix":[0.949868977,-0.297144383,-0.0972325057,0.301778585,0.952671051,0.0367083885,0.0817229003,-0.064210847,0.994584501],"scale":0.722299993,"type":"shrub_a"}
{"ctxid":0,"pos":[-393.085999,-70.7830963,105.174393],"rotationMatrix":[-0.991791487,-0.004103994,0.127795771,-0.004103994,-0.997947574,-0.0638978854,0.127795771,-0.0638978854,0.989740014],"scale":0.505699992,"type":"shrub_a"}
{"ctxid":0,"pos":[-379.252991,-83.4197006,103.894913],"rotationMatrix":[-0.853611827,-0.429089367,-0.295346886,0.367777586,-0.897968531,0.241646081,-0.368899852,0.0976499319,0.924325407],"scale":0.709699988,"type":"shrub_a"}
{"ctxid":0,"pos":[-381.75,-88.4630966,103.497299],"rotationMatrix":[-0.15976429,-0.986883104,-0.023167463,0.98715502,-0.159720302,-0.0037494991,0,-0.0234689172,0.999724567],"scale":0.967499971,"type":"shrub_a"}
{"ctxid":0,"pos":[-441.503998,-12.0254002,102.496788],"rotationMatrix":[-0.820314288,-0.537742913,-0.194722503,0.506554663,-0.841214299,0.189104944,-0.265493214,0.0564879179,0.962456465],"scale":0.958700001,"type":"shrub_a"}
{"ctxid":0,"pos":[-450.837006,-15.2525997,100.185432],"rotationMatrix":[0.100905478,0.994883716,-0.00491437316,-0.967019498,0.0969158411,-0.235542387,-0.233861044,0.028519772,0.971851647],"scale":1.06190002,"type":"shrub_a"}
{"ctxid":0,"pos":[-452.260986,-1.13569999,99.1529999],"rotationMatrix":[-0.770257354,-0.633265376,-0.0753507391,0.61543417,-0.769089222,0.172458023,-0.167163193,0.0864637196,0.982130587],"scale":0.931699991,"type":"shrub_a"}
{"ctxid":0,"pos":[-454.665985,-30.1821995,100.284081],"rotationMatrix":[0.902093589,0.0982601643,0.420204788,-0.0551580526,0.991999447,-0.113554858,-0.428000838,0.0792594329,0.900296211],"scale":0.906000018,"type":"shrub_a"}
{"ctxid":0,"pos":[-453.906006,-36.9842987,101.901138],"rotationMatrix":[-0.45119381,0.581341088,-0.677101374,-0.695297062,-0.704624653,-0.141653121,-0.559451222,0.406873643,0.722127438],"scale":1.17859995,"type":"shrub_a"}
{"ctxid":0,"pos":[-483.425995,-48.4578018,97.7451019],"rotationMatrix":[-0.853967786,-0.520325899,0,0.520325899,-0.853967786,0,0,0,1],"scale":0.516300023,"type":"shrub_a"}
{"ctxid":0,"pos":[-479.36499,-43.5376015,98.582901],"rotationMatrix":[0.729593396,-0.683881164,0,0.683881164,0.729593396,0,0,0,1],"scale":0.50999999,"type":"shrub_a"}
{"ctxid":0,"pos":[-480.986389,-29.1108437,97.0781021],"rotationMatrix":[0.940939367,0.338574737,0,-0.338574737,0.940939367,0,0,0,0.999999881],"scale":0.953100026,"type":"shrub_a"}
{"ctxid":0,"pos":[-453.084991,-80.6716003,106.289001],"rotationMatrix":[-0.163727641,0.986505568,0,-0.986505568,-0.163727641,0,0,0,1],"scale":1.00800002,"type":"shrub_a"}
{"ctxid":0,"pos":[-453.708527,-87.0186005,105.328171],"rotationMatrix":[0.210394442,-0.977575719,-0.00893032178,0.973139346,0.208548903,0.0975037068,-0.0934548527,-0.0292046815,0.995195091],"scale":1.19799995,"type":"shrub_a"}
{"ctxid":0,"pos":[-444.062012,-77.0811996,106.414146],"rotationMatrix":[0.671962976,0.733350635,0.103260539,-0.72733295,0.679751277,-0.0944725424,-0.139472991,-0.0116227232,0.990157664],"scale":0.998600006,"type":"shrub_a"}
{"ctxid":0,"pos":[-441.996002,-71.6696014,106.76004],"rotationMatrix":[0.792943656,0.602143586,0.0930777267,-0.598037541,0.798387825,-0.0701991916,-0.116582118,1.49011612e-08,0.99318105],"scale":1.00559998,"type":"shrub_a"}
{"ctxid":0,"pos":[-482.622986,-71.1673965,98.6071243],"rotationMatrix":[0.0199642777,0.999782085,0.0061009042,-0.999731779,0.0200341344,-0.0116150659,-0.0117347613,-0.00586738205,0.999913931],"scale":0.731599987,"type":"shrub_a"}
{"ctxid":0,"pos":[-481.618011,-88.2530975,98.5050049],"rotationMatrix":[0.682396412,0.730982065,-0.000285184477,-0.730958581,0.682371259,-0.00829580799,-0.00586948683,0.00586948683,0.999965549],"scale":0.512499988,"type":"shrub_a"}
{"ctxid":0,"pos":[-481.440002,-94.5514984,98.5305557],"rotationMatrix":[-0.995586276,-0.0936954021,0.00529382238,0.0936610997,-0.995583057,-0.00639352761,0.00586948683,-0.00586948637,0.999965549],"scale":0.632099986,"type":"shrub_a"}
{"ctxid":0,"pos":[-482.842834,-102.474106,98.5266037],"rotationMatrix":[-0.949020863,-0.314863026,-0.0148383668,0.314993799,-0.949064255,-0.00744417263,-0.0117386719,-0.011738671,0.999862194],"scale":0.610499978,"type":"shrub_a"}
{"ctxid":0,"pos":[-426.986328,-127.208565,104.368759],"rotationMatrix":[-0.239367604,0.970929027,0,-0.970929027,-0.239367604,0,0,0,1],"scale":1.07920003,"type":"shrub_a"}
{"ctxid":0,"pos":[-427.862,-131.431,103.020767],"rotationMatrix":[0.727825642,0.685762227,0,-0.685762227,0.727825642,0,0,0,1],"scale":1.04779994,"type":"shrub_a"}
{"ctxid":0,"pos":[-433.915283,-139.732925,100.906555],"rotationMatrix":[0.923011065,0.384773403,0,-0.384773403,0.923011065,0,0,0,1],"scale":1.20510006,"type":"shrub_a"}
{"ctxid":0,"pos":[-409.109985,-135.735992,103.226753],"rotationMatrix":[-0.258649707,0.965971172,0,-0.965971172,-0.258649707,0,0,0,1],"scale":0.69660002,"type":"shrub_a"}
{"ctxid":0,"pos":[-410.153656,-190.612564,102.216354],"rotationMatrix":[0.0651085377,0.997878194,0,-0.997878194,0.0651085377,0,0,0,1],"scale":0.751100004,"type":"shrub_a"}
{"ctxid":0,"pos":[-429.20401,-231.740005,99.962738],"rotationMatrix":[-0.982836962,0.184476301,0,-0.184476301,-0.982836962,0,0,0,1],"scale":0.978200018,"type":"shrub_a"}
{"ctxid":0,"pos":[-426.02301,-235.283997,101.074997],"rotationMatrix":[0.739357948,-0.673312604,0,0.673312604,0.739357948,0,0,0,1],"scale":0.868099988,"type":"shrub_a"}
{"ctxid":0,"pos":[-424.686005,-238.089996,100.820999],"rotationMatrix":[-0.957033277,0.289978117,0,-0.289978117,-0.957033277,0,0,0,1],"scale":0.535300016,"type":"shrub_a"}
{"ctxid":0,"pos":[-423.285004,-242.005997,100.239998],"rotationMatrix":[0.645012617,0.764171898,0,-0.764171898,0.645012617,0,0,0,1],"scale":0.809499979,"type":"shrub_a"}
{"ctxid":0,"pos":[-426.449005,-242.445999,100.314003],"rotationMatrix":[0.616136789,0.787639141,0,-0.787639141,0.616136789,0,0,0,1],"scale":0.737900019,"type":"shrub_a"}
{"ctxid":0,"pos":[-428.998993,-236.365997,100.325996],"rotationMatrix":[-0.672620535,0.739987552,0,-0.739987552,-0.672620535,0,0,0,1],"scale":0.648400009,"type":"shrub_a"}
{"ctxid":0,"pos":[-427.69101,-240.261002,100.233002],"rotationMatrix":[0.897395492,0.441227078,0,-0.441227078,0.897395492,0,0,0,1],"scale":0.765600026,"type":"shrub_a"}
{"ctxid":0,"pos":[-422.705994,-249.570999,100.139999],"rotationMatrix":[-0.612089753,0.790788293,0,-0.790788293,-0.612089753,0,0,0,1],"scale":0.740400016,"type":"shrub_a"}
{"ctxid":0,"pos":[-398.16568,-216.493652,98.1639023],"rotationMatrix":[-0.478512049,-0.878080964,0,0.878080964,-0.478512049,0,0,0,1],"scale":0.652100027,"type":"shrub_a"}
{"ctxid":0,"pos":[-406.30899,-241.447998,99.737999],"rotationMatrix":[-0.876371861,0.481635094,0,-0.481635094,-0.876371861,0,0,0,1],"scale":0.628400028,"type":"shrub_a"}
{"ctxid":0,"pos":[-406.54599,-243.406006,100.126999],"rotationMatrix":[-0.603482246,-0.797376454,0,0.797376454,-0.603482246,0,0,0,1],"scale":0.761600018,"type":"shrub_a"}
{"ctxid":0,"pos":[-450.180237,-163.572968,98.2981567],"rotationMatrix":[-0.90365082,0.427572399,-0.0244352296,-0.427416205,-0.90398103,-0.0115575762,-0.0270306841,0,0.999634564],"scale":1.06690001,"type":"shrub_a"}
{"ctxid":0,"pos":[-451.259155,-143.093445,98.3535004],"rotationMatrix":[0.625195146,0.780468464,0,-0.780468464,0.625195146,0,0,0,1],"scale":1.04349995,"type":"shrub_a"}
{"ctxid":0,"pos":[-452.386993,-138.214005,100.031479],"rotationMatrix":[-0.0301318169,0.999545813,0,-0.999545813,-0.0301318169,0,0,0,0.999999881],"scale":1.04680002,"type":"shrub_a"}
{"ctxid":0,"pos":[-447.080994,-132.490997,104.499001],"rotationMatrix":[0.673244715,-0.739419758,0,0.739419758,0.673244715,0,0,0,1],"scale":0.9454,"type":"shrub_a"}
{"ctxid":0,"pos":[-439.140015,-145.479004,100.139481],"rotationMatrix":[-0.461708069,0.887031913,0,-0.887031913,-0.461708069,0,0,0,1],"scale":0.974099994,"type":"shrub_a"}
{"ctxid":0,"pos":[-477.420013,-150.143997,98.558197],"rotationMatrix":[-0.754738569,0.654970229,0.0371933915,-0.652855217,-0.75545013,0.0554493219,0.0644154251,0.0175678488,0.997768521],"scale":0.75029999,"type":"shrub_a"}
{"ctxid":0,"pos":[-469.15799,-204.572006,98.6167908],"rotationMatrix":[-0.406066418,-0.911693215,0.0626584888,0.908435225,-0.410161972,-0.0807038099,0.0992772132,0.024150081,0.994766712],"scale":0.602999985,"type":"shrub_a"}
{"ctxid":0,"pos":[-469.282013,-208.709,98.7296066],"rotationMatrix":[-0.546043396,0.837059617,0.0341734365,-0.831853747,-0.546578407,0.0962879211,0.0992771909,0.024150081,0.994766712],"scale":0.887899995,"type":"shrub_a"}
{"ctxid":0,"pos":[-467.993011,-215.264999,98.7929993],"rotationMatrix":[-0.223822713,-0.973268509,0.0514885969,0.969135404,-0.227851748,-0.0941241682,0.103339896,0.0288322754,0.994228125],"scale":0.989300013,"type":"shrub_a"}
{"ctxid":0,"pos":[-468.59201,-217.850006,99.0089569],"rotationMatrix":[-0.999599934,-0.0282837879,0,0.0282837879,-0.999599934,0,0,0,1],"scale":0.616999984,"type":"shrub_a"}
{"ctxid":0,"pos":[-466.415009,-220.264008,98.7802048],"rotationMatrix":[-0.993295908,-0.0383936986,0.109033845,0.0413282961,-0.998837829,0.0247827023,0.107955672,0.0291227512,0.993729055],"scale":0.542100012,"type":"shrub_a"}
{"ctxid":0,"pos":[-467.139954,-224.503998,98.9832306],"rotationMatrix":[0.362678826,0.929528296,-0.0666415542,-0.925640047,0.367598772,0.0897856578,0.107955664,0.0291227549,0.993729055],"scale":0.543500006,"type":"shrub_a"}
{"ctxid":0,"pos":[-465.644012,-229.389999,98.9884872],"rotationMatrix":[-0.771458864,0.633343875,0.0610395595,-0.627257884,-0.773110628,0.0940571204,0.106760867,0.0342736915,0.993693829],"scale":0.616599977,"type":"shrub_a"}
{"ctxid":0,"pos":[-462.536987,-243.266006,99.1633453],"rotationMatrix":[-0.620644331,-0.778004706,0.097512953,0.777071536,-0.626916885,-0.0559856705,0.10468968,0.0410273485,0.993658304],"scale":0.621100008,"type":"shrub_a"}
{"ctxid":0,"pos":[-335.230988,-374.221985,109.407539],"rotationMatrix":[0.3756423,-0.924626172,0.06292364,0.791325271,0.355345249,0.497528136,-0.482387096,-0.137099579,0.865162611],"scale":0.602100015,"type":"shrub_a"}
{"ctxid":0,"pos":[-336.319,-370.670013,109.506226],"rotationMatrix":[0.508992672,0.781687498,0.360404342,-0.716478229,0.616797566,-0.325913876,-0.477059275,-0.0923340023,0.874007344],"scale":0.629999995,"type":"shrub_a"}
{"ctxid":0,"pos":[-336.778015,-363.675995,109.155792],"rotationMatrix":[-0.00950527191,0.997053087,0.0761238039,-0.854280531,0.03147012,-0.51885879,-0.519725323,-0.0699629337,0.851463914],"scale":0.703800023,"type":"shrub_a"}
{"ctxid":0,"pos":[-333.977997,-360.39801,111.018379],"rotationMatrix":[-0.578274488,-0.653896332,-0.487870753,0.580831766,-0.749911308,0.316649765,-0.57291609,-0.10026031,0.813458681],"scale":0.701399982,"type":"shrub_a"}
{"ctxid":0,"pos":[-332.82901,-357.346985,112.396088],"rotationMatrix":[-0.3196311,-0.831083,-0.455122858,0.848870933,-0.464570165,0.25217545,-0.421015292,-0.305737495,0.853973508],"scale":0.860599995,"type":"shrub_a"}
{"ctxid":0,"pos":[-330.709015,-357.463013,113.589714],"rotationMatrix":[0.882062554,0.0491360426,0.46856305,-0.188125432,0.948551774,0.254672945,-0.431942731,-0.312786102,0.845925748],"scale":0.752799988,"type":"shrub_a"}
{"ctxid":0,"pos":[-337.11499,-355.798004,111.036346],"rotationMatrix":[0.256459355,-0.960372567,-0.109146506,0.839869261,0.165530562,0.516932368,-0.47838065,-0.224240899,0.849039435],"scale":0.663399994,"type":"shrub_a"}
{"ctxid":0,"pos":[-324.484985,-345.069,120.07357],"rotationMatrix":[0.133079171,-0.990380645,-0.0378929675,0.90024507,0.104799092,0.422582209,-0.414546162,-0.0903497934,0.905532062],"scale":0.986699998,"type":"shrub_a"}
{"ctxid":0,"pos":[-318.085999,-356.442993,120.734947],"rotationMatrix":[-0.852382898,0.404276133,-0.3316679,-0.306506813,-0.900149345,-0.309489727,-0.423670113,-0.162145346,0.891185999],"scale":0.961399972,"type":"shrub_a"}
{"ctxid":0,"pos":[-316.660004,-364.437988,120.875824],"rotationMatrix":[0.673349738,-0.697792888,0.244305626,0.642477274,0.715779185,0.273647875,-0.365818411,-0.027299881,0.930285752],"scale":0.760299981,"type":"shrub_a"}
{"ctxid":0,"pos":[-315.032013,-367.628998,121.047035],"rotationMatrix":[0.258717477,0.922493577,0.286479712,-0.888646841,0.343559265,-0.303765863,-0.378644824,-0.175989836,0.908655941],"scale":0.746100008,"type":"shrub_a"}
{"ctxid":0,"pos":[-315.704987,-372.074005,119.909294],"rotationMatrix":[0.781736195,0.490258902,0.385402113,-0.439723819,0.871576905,-0.216787308,-0.442189485,1.49011612e-08,0.896921694],"scale":0.807399988,"type":"shrub_a"}
{"ctxid":0,"pos":[-323.796997,-358.436005,117.581001],"rotationMatrix":[-0.784538269,0.620080411,0,-0.620080411,-0.784538269,0,0,0,1],"scale":0.97240001,"type":"shrub_a"}
{"ctxid":0,"pos":[-328.084015,-342.494995,118.510681],"rotationMatrix":[-0.17652297,-0.959243834,-0.220659867,0.87249285,-0.256261706,0.41603595,-0.455626667,-0.119084224,0.882169664],"scale":0.925899982,"type":"shrub_a"}
{"ctxid":0,"pos":[-335.083008,-336.173004,113.82457],"rotationMatrix":[0.811675549,-0.300446391,0.500913918,0.241911411,0.953475058,0.179900348,-0.531659305,-0.024843879,0.846593797],"scale":0.772499979,"type":"shrub_a"}
{"ctxid":0,"pos":[-309.563995,-437.209991,112.693756],"rotationMatrix":[-0.746007204,0.563525319,-0.354840845,-0.530527234,-0.824982047,-0.194794863,-0.402509242,0.0429343209,0.914408505],"scale":0.823199987,"type":"shrub_a"}
{"ctxid":0,"pos":[-300.933014,-431.84201,116.810005],"rotationMatrix":[0.544330597,-0.821692705,0.168894798,0.738853812,0.564954162,0.367317349,-0.397239774,-0.0751535296,0.91463244],"scale":0.595899999,"type":"shrub_a"}
{"ctxid":0,"pos":[-298.524994,-428.936005,118.326874],"rotationMatrix":[-0.819438815,-0.37054494,-0.437282354,0.409398168,-0.912336349,0.00591116399,-0.401139051,-0.174178809,0.899304807],"scale":0.671199977,"type":"shrub_a"}
{"ctxid":0,"pos":[-294.903992,-420.838989,120.835571],"rotationMatrix":[0.655807257,0.651965141,0.38060236,-0.628456831,0.750818133,-0.203258455,-0.418280602,-0.105893843,0.902124047],"scale":0.53490001,"type":"shrub_a"}
{"ctxid":0,"pos":[-305.914001,-422.045013,116.245163],"rotationMatrix":[-0.489336133,0.858226299,-0.154909879,-0.757512331,-0.506298184,-0.412112236,-0.4321163,-0.0843153745,0.89786768],"scale":0.659200013,"type":"shrub_a"}
{"ctxid":0,"pos":[-307.72699,-416.526001,115.552002],"rotationMatrix":[0.966975451,-0.254869521,0,0.254869521,0.966975451,0,0,0,1],"scale":0.660099983,"type":"shrub_a"}
{"ctxid":0,"pos":[-310.358002,-416.649994,114.132004],"rotationMatrix":[-0.0512501001,-0.998685837,0,0.998685837,-0.0512501001,0,0,0,1],"scale":0.654900014,"type":"shrub_a"}
{"ctxid":0,"pos":[-309.445007,-381.582001,120.696999],"rotationMatrix":[0.200393438,0.979715526,0,-0.979715526,0.200393438,0,0,0,1],"scale":0.552900016,"type":"shrub_a"}
{"ctxid":0,"pos":[-308.450012,-385.574005,120.452003],"rotationMatrix":[-0.495758057,0.868460655,0,-0.868460655,-0.495758057,0,0,0,1],"scale":0.549000025,"type":"shrub_a"}
{"ctxid":0,"pos":[-300.756989,-405.783997,120.320999],"rotationMatrix":[-0.284163356,0.958775878,0,-0.958775878,-0.284163356,0,0,0,1],"scale":0.615700006,"type":"shrub_a"}
{"ctxid":0,"pos":[-309.544006,-394.378998,119.285774],"rotationMatrix":[-0.400920153,0.906046689,0.135430977,-0.842812598,-0.306846738,-0.442166388,-0.359066904,-0.291416585,0.886649489],"scale":0.70569998,"type":"shrub_a"}
{"ctxid":0,"pos":[-277.290009,-487.256012,116.211998],"rotationMatrix":[0.921433449,-0.388536215,0,0.388536215,0.921433449,0,0,0,1],"scale":0.548699975,"type":"shrub_a"}
{"ctxid":0,"pos":[-281.552002,-489.114014,114.272003],"rotationMatrix":[-0.0457472801,-0.998953044,0,0.998953044,-0.0457472801,0,0,0,1],"scale":0.633300006,"type":"shrub_a"}
{"ctxid":0,"pos":[-276.94101,-491.173004,115.397003],"rotationMatrix":[-0.968127966,0.250456065,0,-0.250456065,-0.968127966,0,0,0,1],"scale":0.750999987,"type":"shrub_a"}
{"ctxid":0,"pos":[-273.338013,-491.64801,116.617996],"rotationMatrix":[0.999549985,-0.0299971271,0,0.0299971271,0.999549985,0,0,0,1],"scale":0.795000017,"type":"shrub_a"}
{"ctxid":0,"pos":[-269.878998,-490.497986,118.452003],"rotationMatrix":[-0.170144081,-0.985419214,0,0.985419214,-0.170144081,0,0,0,1],"scale":0.626999974,"type":"shrub_a"}
{"ctxid":0,"pos":[-265.868988,-489.639008,119.641998],"rotationMatrix":[-0.425684929,-0.904871464,0,0.904871464,-0.425684929,0,0,0,1],"scale":0.618700027,"type":"shrub_a"}
{"ctxid":0,"pos":[-262.779999,-497.912994,119.194],"rotationMatrix":[-0.258332491,0.966056049,0,-0.966056049,-0.258332491,0,0,0,1],"scale":0.772400022,"type":"shrub_a"}
{"ctxid":0,"pos":[-252.705994,-498.40799,122.897614],"rotationMatrix":[-0.696696758,0.714844704,0.0600803792,-0.662884951,-0.609509587,-0.434833944,-0.274219245,-0.342774034,0.898504138],"scale":0.685199976,"type":"shrub_a"}
{"ctxid":0,"pos":[-270.710999,-467.859985,122.146011],"rotationMatrix":[0.888324738,0.378636897,0.259833127,-0.446349263,0.844927788,0.294736177,-0.107942216,-0.377797753,0.919574499],"scale":0.672999978,"type":"shrub_a"}
{"ctxid":0,"pos":[-273.20401,-468.975006,121.006607],"rotationMatrix":[-0.960696101,0.011608649,-0.277358085,0.0874930024,-0.935541034,-0.342209518,-0.26345256,-0.35302639,0.897755623],"scale":0.790300012,"type":"shrub_a"}
{"ctxid":0,"pos":[-277.239014,-469.699005,119.089706],"rotationMatrix":[0.151909769,0.955061436,0.254521012,-0.899373174,0.24036926,-0.365171611,-0.409940362,-0.173436284,0.895471215],"scale":0.934800029,"type":"shrub_a"}
{"ctxid":0,"pos":[-279.84201,-471.916992,117.71254],"rotationMatrix":[0.644481421,0.67356497,0.361875564,-0.698631465,0.711072862,-0.0793055966,-0.310737342,-0.201706707,0.928846955],"scale":0.924799979,"type":"shrub_a"}
{"ctxid":0,"pos":[-282.949005,-472.179993,116.572327],"rotationMatrix":[0.62820667,-0.75863111,0.172729209,0.677582979,0.642553568,0.357779682,-0.382410526,-0.107721254,0.917691886],"scale":0.870999992,"type":"shrub_a"}
{"ctxid":0,"pos":[-284.311005,-469.634003,116.501343],"rotationMatrix":[-0.88499856,0.389471173,-0.255126774,-0.325019062,-0.909141421,-0.26043123,-0.333376765,-0.147560209,0.931174457],"scale":0.506699979,"type":"shrub_a"}
{"ctxid":0,"pos":[-279.158997,-460.415985,120.212402],"rotationMatrix":[0.90185523,0.274873257,0.333319366,-0.323717356,0.940854907,0.0999952257,-0.286119163,-0.198082507,0.937496185],"scale":0.941299975,"type":"shrub_a"}
{"ctxid":0,"pos":[-284.48999,-459.683014,117.961662],"rotationMatrix":[-0.314617395,0.948881149,-0.0252908468,-0.868683934,-0.298562288,-0.395282149,-0.382626802,-0.102393076,0.91821146],"scale":0.593699992,"type":"shrub_a"}
{"ctxid":0,"pos":[-285.283997,-451.997986,119.272476],"rotationMatrix":[-0.777457952,-0.539977729,-0.322463185,0.553079545,-0.831091166,0.0582224093,-0.299435228,-0.13308233,0.944789708],"scale":0.912599981,"type":"shrub_a"}
{"ctxid":0,"pos":[-304.772003,-438.082001,114.592346],"rotationMatrix":[0.305006027,0.911235988,0.276803136,-0.885026157,0.378547788,-0.270979822,-0.351709783,-0.162327588,0.921927333],"scale":0.760599971,"type":"shrub_a"}
{"ctxid":0,"pos":[-361.019989,-404.263,103.526001],"rotationMatrix":[-0.991209626,0.132300705,0,-0.132300705,-0.991209626,0,0,0,1],"scale":0.501299977,"type":"shrub_a"}
{"ctxid":0,"pos":[-366.950012,-392.052002,102.513],"rotationMatrix":[-0.587405682,-0.809292614,0,0.809292614,-0.587405682,0,0,0,1],"scale":0.516200006,"type":"shrub_a"}
{"ctxid":0,"pos":[-368.277008,-386.341003,102.121002],"rotationMatrix":[0.914301991,0.405033171,0,-0.405033171,0.914301991,0,0,0,1],"scale":0.695200026,"type":"shrub_a"}
{"ctxid":0,"pos":[-315.756012,-405.976013,114.248001],"rotationMatrix":[-0.407506466,0.913202345,0,-0.913202345,-0.407506466,0,0,0,1],"scale":0.639299989,"type":"shrub_a"}
{"ctxid":0,"pos":[-319.618011,-404.970001,112.323997],"rotationMatrix":[0.769479513,0.638671517,0,-0.638671517,0.769479513,0,0,0,1],"scale":0.797800004,"type":"shrub_a"}
{"ctxid":0,"pos":[-324.567993,-404.105988,110.042],"rotationMatrix":[-0.719028831,-0.694980264,0,0.694980264,-0.719028831,0,0,0,1],"scale":0.717899978,"type":"shrub_a"}
{"ctxid":0,"pos":[-322.765991,-390.755005,112.861771],"rotationMatrix":[-0.768548727,-0.450471163,-0.454321861,0.517447948,-0.85527873,-0.0273056552,-0.376271486,-0.256073654,0.890419006],"scale":0.869799972,"type":"shrub_a"}
{"ctxid":0,"pos":[-324.920013,-390.822998,111.833336],"rotationMatrix":[-0.771812201,0.541586041,-0.3331514,-0.411854357,-0.824989796,-0.38699764,-0.484439194,-0.161479726,0.859792352],"scale":0.668799996,"type":"shrub_a"}
{"ctxid":0,"pos":[-319.679993,-383.877014,115.450996],"rotationMatrix":[-0.477136612,-0.878829122,0,0.878829122,-0.477136612,0,0,0,1],"scale":0.622200012,"type":"shrub_a"}
{"ctxid":0,"pos":[-327.032013,-380.803009,112.494156],"rotationMatrix":[-0.645634651,0.70114249,-0.302579701,-0.551923811,-0.702277184,-0.449651062,-0.527764499,-0.123309433,0.840392351],"scale":0.668099999,"type":"shrub_a"}
{"ctxid":0,"pos":[-313.016998,-376.351013,120.65699],"rotationMatrix":[0.8922382,0.222865224,0.392736644,-0.230282992,0.972697258,-0.0288057979,-0.388433665,-0.0647389293,0.919199765],"scale":0.650699973,"type":"shrub_a"}
{"ctxid":0,"pos":[-418.35199,-303.574005,99.8732452],"rotationMatrix":[-0.626847148,0.779142261,0,-0.779142261,-0.626847148,0,0,0,1],"scale":1.07920003,"type":"shrub_a"}
{"ctxid":0,"pos":[-413.449005,-301.256989,100.749214],"rotationMatrix":[-0.997600794,-0.0692290142,0,0.0692290142,-0.997600794,0,0,0,1],"scale":1.23769999,"type":"shrub_a"}
{"ctxid":0,"pos":[-401.475983,-290.953217,102.055],"rotationMatrix":[-0.997499406,-0.0706719756,0,0.0706719756,-0.997499406,0,0,0,0.999999881],"scale":1.05659997,"type":"shrub_a"}
{"ctxid":0,"pos":[-424.165009,-263.588013,100.293999],"rotationMatrix":[-0.0204489231,-0.999790907,0,0.999790907,-0.0204489231,0,0,0,1],"scale":0.986400008,"type":"shrub_a"}
{"ctxid":0,"pos":[-392.479004,-252.375,97.8330002],"rotationMatrix":[-0.907104373,-0.420905769,0,0.420905769,-0.907104373,0,0,0,1],"scale":0.514299989,"type":"shrub_a"}
{"ctxid":0,"pos":[-407.572998,-273.723999,101.865944],"rotationMatrix":[-0.350186229,-0.93625325,0.0282587595,0.936631978,-0.349704862,0.020641258,-0.00944321323,0.0336963609,0.999387503],"scale":0.752399981,"type":"shrub_a"}
{"ctxid":0,"pos":[-412.429993,-254.852005,100.781998],"rotationMatrix":[-0.998400331,-0.0565400757,0,0.0565400757,-0.998400331,0,0,0,1],"scale":0.889500022,"type":"shrub_a"}
{"ctxid":0,"pos":[-394.85199,-342.763,99.4831467],"rotationMatrix":[0.231138051,-0.968121469,0.0965165198,0.965325177,0.215830684,-0.146846145,0.121333748,0.127111554,0.984439313],"scale":0.649100006,"type":"shrub_a"}
{"ctxid":0,"pos":[-391.976013,-346.605988,99.4797974],"rotationMatrix":[-0.186416149,-0.98247087,0,0.98247087,-0.186416149,0,0,0,1],"scale":0.665199995,"type":"shrub_a"}
{"ctxid":0,"pos":[-388.600006,-351.738007,99.9515991],"rotationMatrix":[-0.0778055191,-0.996968567,0,0.996968567,-0.0778055191,0,0,0,1],"scale":0.557500005,"type":"shrub_a"}
{"ctxid":0,"pos":[-386.919006,-353.160004,99.2587967],"rotationMatrix":[-0.3398844,0.940467238,0,-0.940467238,-0.3398844,0,0,0,1],"scale":0.841199994,"type":"shrub_a"}
{"ctxid":0,"pos":[-385.355988,-355.436005,99.8317032],"rotationMatrix":[0.783518076,-0.621369004,0,0.621369004,0.783518076,0,0,0,1],"scale":0.698400021,"type":"shrub_a"}
{"ctxid":0,"pos":[-382.776001,-359.748993,100.022003],"rotationMatrix":[-0.223986506,0.974592268,0,-0.974592268,-0.223986506,0,0,0,1],"scale":0.699899971,"type":"shrub_a"}
{"ctxid":0,"pos":[-377.524994,-369.631989,100.484001],"rotationMatrix":[-0.983633518,0.180180743,0,-0.180180743,-0.983633518,0,0,0,1],"scale":0.70450002,"type":"shrub_a"}
{"ctxid":0,"pos":[-405.164185,-316.277008,99.3749008],"rotationMatrix":[0.495614529,-0.868542671,0,0.868542671,0.495614529,0,0,0,0.999999881],"scale":0.753700018,"type":"shrub_a"}
{"ctxid":0,"pos":[-401.196991,-329.678986,98.9942017],"rotationMatrix":[-0.999200225,-0.0399863794,0,0.0399863794,-0.999200225,0,0,0,1],"scale":0.577899992,"type":"shrub_a"}
{"ctxid":0,"pos":[-447.610992,-289.882874,100.051254],"rotationMatrix":[0.528516948,0.843453348,-0.0962096006,-0.843287528,0.534662664,0.0547893308,0.0976519287,0.0521752797,0.993852019],"scale":0.887600005,"type":"shrub_a"}
{"ctxid":0,"pos":[-450.751007,-283.261993,99.9905396],"rotationMatrix":[-0.430561543,-0.897015929,0.0998979658,0.895596504,-0.438337803,-0.0759429857,0.111911088,0.0567701347,0.992095292],"scale":0.78670001,"type":"shrub_a"}
{"ctxid":0,"pos":[-498.032013,-251.792999,98.5356064],"rotationMatrix":[0.0167185068,-0.994584799,0.102572262,0.998284101,0.0108466744,-0.0575383008,0.0561141968,0.103358224,0.993060052],"scale":0.71359998,"type":"shrub_a"}
{"ctxid":0,"pos":[-460.339996,-250.410995,99.2414856],"rotationMatrix":[-0.690900564,-0.715542078,0.103224963,0.71590364,-0.697042823,-0.0401571915,0.100686416,0.0461545065,0.993847072],"scale":0.688000023,"type":"shrub_a"}
{"ctxid":0,"pos":[-459.265015,-254.856995,99.326355],"rotationMatrix":[-0.237809539,0.971213877,-0.0137765482,-0.966806114,-0.235318184,0.0995536,0.0934459791,0.0369940735,0.994936824],"scale":0.936600029,"type":"shrub_a"}
{"ctxid":0,"pos":[-455.96701,-266.535004,99.5359344],"rotationMatrix":[0.00502747297,-0.998927712,0.0460194349,0.996188998,0.0009958148,-0.0872135162,0.0870741904,0.0462825149,0.995126128],"scale":0.908399999,"type":"shrub_a"}
{"ctxid":0,"pos":[-454.622009,-269.850006,99.5705109],"rotationMatrix":[-0.948835611,-0.300512552,0.0969681069,0.303463638,-0.952692509,0.0169238448,0.0872949734,0.0454842485,0.995143592],"scale":0.717100024,"type":"shrub_a"}
{"ctxid":0,"pos":[-455.812988,-271.803009,99.1324005],"rotationMatrix":[-0.195057988,0.980791688,0,-0.980791688,-0.195057988,0,0,0,1],"scale":0.617600024,"type":"shrub_a"}
{"ctxid":0,"pos":[-454.062012,-273.493988,99.7286835],"rotationMatrix":[-0.28516376,-0.952662349,0.105430894,0.956203222,-0.290335417,-0.037153326,0.0660049245,0.0902185813,0.993732333],"scale":0.898000002,"type":"shrub_a"}
{"ctxid":0,"pos":[-452.278992,-279.317993,99.9433594],"rotationMatrix":[0.966362536,-0.238756865,-0.0955958441,0.231698394,0.969549119,-0.0793115422,0.111621045,0.054494299,0.992255569],"scale":0.638000011,"type":"shrub_a"}
{"ctxid":0,"pos":[-451.68399,-276.144989,99.7021637],"rotationMatrix":[0.117866337,0.990720987,-0.0676685125,-0.986736059,0.124506772,0.104161493,0.111620173,0.0544938669,0.992255688],"scale":0.745000005,"type":"shrub_a"}
{"ctxid":0,"pos":[-481.125,-259.240997,99.3828964],"rotationMatrix":[0.945945263,-0.324326307,0,0.324326307,0.945945263,0,0,0,1],"scale":0.583899975,"type":"shrub_a"}
{"ctxid":0,"pos":[-476.984009,-275.096008,98.7360001],"rotationMatrix":[-0.719028831,-0.694980264,0,0.694980264,-0.719028831,0,0,0,1],"scale":0.903800011,"type":"shrub_a"}
{"ctxid":0,"pos":[-478.157013,-270.552002,98.9802017],"rotationMatrix":[0.960911989,0.276854008,0,-0.276854008,0.960911989,0,0,0,1],"scale":0.621800005,"type":"shrub_a"}
{"ctxid":0,"pos":[-480.075012,-265.074005,99.2146988],"rotationMatrix":[-0.790210366,-0.612835705,0,0.612835705,-0.790210366,0,0,0,1],"scale":0.584299982,"type":"shrub_a"}
{"ctxid":0,"pos":[-475.455994,-286.053009,98.8610992],"rotationMatrix":[-0.758937597,0.65116334,0,-0.65116334,-0.758937597,0,0,0,1],"scale":0.575299978,"type":"shrub_a"}
{"ctxid":0,"pos":[-476.739014,-282.360992,99.0404968],"rotationMatrix":[-0.940055966,-0.341020197,0,0.341020197,-0.940055966,0,0,0,1],"scale":0.74089998,"type":"shrub_a"}
{"ctxid":0,"pos":[-477.097992,-280.410004,98.9828033],"rotationMatrix":[0.0197199583,0.99980557,0,-0.99980557,0.0197199583,0,0,0,1],"scale":0.535899997,"type":"shrub_a"}
{"ctxid":0,"pos":[-473.029999,-293.544006,98.905899],"rotationMatrix":[0.853659511,0.520831466,0,-0.520831466,0.853659511,0,0,0,1],"scale":0.756099999,"type":"shrub_a"}
{"ctxid":0,"pos":[-471.490997,-298.477997,99.1860962],"rotationMatrix":[0.0121443272,0.999926269,0,-0.999926269,0.0121443272,0,0,0,1],"scale":0.875400007,"type":"shrub_a"}
{"ctxid":0,"pos":[-470.246002,-304.016998,99.2664032],"rotationMatrix":[-0.888013124,0.459818095,0,-0.459818095,-0.888013124,0,0,0,1],"scale":0.606899977,"type":"shrub_a"}
{"ctxid":0,"pos":[-472.447998,-306.950989,98.9164963],"rotationMatrix":[-0.621080279,-0.783746958,0,0.783746958,-0.621080279,0,0,0,1],"scale":0.979900002,"type":"shrub_a"}
{"ctxid":0,"pos":[-469.997009,-310.440002,98.9026031],"rotationMatrix":[0.532455444,-0.846458018,0,0.846458018,0.532455444,0,0,0,1],"scale":0.815599978,"type":"shrub_a"}
{"ctxid":0,"pos":[-479.963013,-307.891998,99.2539978],"rotationMatrix":[-0.580997705,0.81390518,0,-0.81390518,-0.580997705,0,0,0,1],"scale":0.936100006,"type":"shrub_a"}
{"ctxid":0,"pos":[-499.131012,-342.700989,101.747009],"rotationMatrix":[0.0326955914,-0.951876998,0.304730356,0.969088674,0.104789615,0.223351151,-0.244535372,0.288008302,0.925879896],"scale":0.558399975,"type":"shrub_a"}
{"ctxid":0,"pos":[-491.477997,-339.748993,101.506279],"rotationMatrix":[0.46499908,-0.854840875,0.230266511,0.88382411,0.46330905,-0.0648025572,-0.0512886345,0.23364827,0.970967531],"scale":0.895799994,"type":"shrub_a"}
{"ctxid":0,"pos":[-487.160004,-336.339996,100.478996],"rotationMatrix":[0.989603162,-0.143824831,0,0.143824831,0.989603162,0,0,0,1],"scale":0.557900012,"type":"shrub_a"}
{"ctxid":0,"pos":[-477.550995,-331.06601,99.1110992],"rotationMatrix":[-0.730543971,0.682865679,0,-0.682865679,-0.730543971,0,0,0,1],"scale":0.935000002,"type":"shrub_a"}
{"ctxid":0,"pos":[-383.807007,-415.947998,104.430588],"rotationMatrix":[-0.999141693,-0.0271854587,0.031234812,0.0293001309,-0.997160077,0.0693690181,0.0292602964,0.0702247024,0.997101963],"scale":0.910399973,"type":"shrub_a"}
{"ctxid":0,"pos":[-419.755005,-464.067993,105.263],"rotationMatrix":[-0.973289847,0.229579777,0,-0.229579777,-0.973289847,0,0,0,1],"scale":1.11199999,"type":"shrub_a"}
{"ctxid":0,"pos":[-415.846985,-466.678009,105.349998],"rotationMatrix":[0.124835491,0.992177427,0,-0.992177427,0.124835491,0,0,0,1],"scale":0.733500004,"type":"shrub_a"}
{"ctxid":0,"pos":[-112.181999,-513.731018,126.676514],"rotationMatrix":[-0.724224448,-0.689564347,0,0.689564347,-0.724224448,0,0,0,1],"scale":0.781599998,"type":"shrub_a"}
{"ctxid":0,"pos":[-106.739998,-513.801025,126.626221],"rotationMatrix":[-0.696482062,-0.717574179,0,0.717574179,-0.696482062,0,0,0,1],"scale":0.46419999,"type":"shrub_a"}
{"ctxid":0,"pos":[-123.606003,-504.963989,126.772308],"rotationMatrix":[0.869030356,0.494758755,0,-0.494758755,0.869030356,0,0,0,1],"scale":0.361000001,"type":"shrub_a"}
{"ctxid":0,"pos":[-116.375999,-520.257996,127.072144],"rotationMatrix":[-1,0,0,0,-1,0,0,0,1],"scale":0.707499981,"type":"shrub_a"}
{"ctxid":0,"pos":[-110.542,-503.296997,126.05603],"rotationMatrix":[0.834687471,0.55072391,0,-0.55072391,0.834687471,0,0,0,1],"scale":0.657299995,"type":"shrub_a"}
{"ctxid":0,"pos":[-122.566002,-510.312988,127.352142],"rotationMatrix":[0.963387847,-0.268111646,0,0.268111646,0.963387847,0,0,0,1],"scale":0.332899988,"type":"shrub_a"}
{"ctxid":0,"pos":[-118.688004,-506.371002,126.5354],"rotationMatrix":[-0.872886539,0.487923235,0,-0.487923235,-0.872886539,0,0,0,1],"scale":0.769400001,"type":"shrub_a"}
{"ctxid":0,"pos":[-123.876686,-500.388,125.952614],"rotationMatrix":[-0.999599934,-0.0282837879,0,0.0282837879,-0.999599934,0,0,0,1],"scale":0.560199976,"type":"shrub_a"}
{"ctxid":0,"pos":[-120.803001,-502.615997,126.373489],"rotationMatrix":[0.0634670258,-0.997983932,0,0.997983932,0.0634670258,0,0,0,1],"scale":0.521300018,"type":"shrub_a"}
{"ctxid":0,"pos":[-120.871002,-510.700012,127.591156],"rotationMatrix":[0.516855478,0.856072664,0,-0.856072664,0.516855478,0,0,0,1],"scale":0.314200014,"type":"shrub_a"}
{"ctxid":0,"pos":[-109.394997,-519.372009,127.355103],"rotationMatrix":[-0.71939981,-0.694596231,0,0.694596231,-0.71939981,0,0,0,1],"scale":0.504100025,"type":"shrub_a"}
{"ctxid":0,"pos":[-112.862,-504.442993,126.283432],"rotationMatrix":[0.0497310162,-0.998762667,0,0.998762667,0.0497310162,0,0,0,1],"scale":0.373699993,"type":"shrub_a"}
{"ctxid":0,"pos":[-114.998001,-504.846985,126.387421],"rotationMatrix":[0.0472480059,0.998883188,0,-0.998883188,0.0472480059,0,0,0,1],"scale":0.457399994,"type":"shrub_a"}
{"ctxid":0,"pos":[-113.626999,-523.585022,127.225464],"rotationMatrix":[-0.196913838,-0.980420768,0,0.980420768,-0.196913838,0,0,0,1],"scale":0.796400011,"type":"shrub_a"}
{"ctxid":0,"pos":[-121.389,-514.086975,127.269089],"rotationMatrix":[-0.0754576921,0.997148991,0,-0.997148991,-0.0754576921,0,0,0,1],"scale":0.559400022,"type":"shrub_a"}
{"ctxid":0,"pos":[-113.268997,-508.161987,126.280251],"rotationMatrix":[-0.714581609,-0.699552059,0,0.699552059,-0.714581609,0,0,0,1],"scale":0.749000013,"type":"shrub_a"}
{"ctxid":0,"pos":[-96.6688004,-534.888977,128.233505],"rotationMatrix":[0.802933574,0.596068501,0,-0.596068501,0.802933574,0,0,0,1],"scale":0.757499993,"type":"shrub_a"}
{"ctxid":0,"pos":[-97.3876038,-520.182007,127.18782],"rotationMatrix":[-0.988416791,0.151763782,0,-0.151763782,-0.988416791,0,0,0,1],"scale":0.758400023,"type":"shrub_a"}
{"ctxid":0,"pos":[-103.220001,-528.809998,128.25415],"rotationMatrix":[-0.993205786,-0.116371244,0,0.116371244,-0.993205786,0,0,0,1],"scale":0.646000028,"type":"shrub_a"}
{"ctxid":0,"pos":[-102.481003,-523.572998,127.617477],"rotationMatrix":[0.938118458,0.346314549,0,-0.346314549,0.938118458,0,0,0,1],"scale":0.523199975,"type":"shrub_a"}
{"ctxid":0,"pos":[-96.8326035,-527.109009,128.101959],"rotationMatrix":[-0.71939981,-0.694596231,0,0.694596231,-0.71939981,0,0,0,1],"scale":0.465200007,"type":"shrub_a"}
{"ctxid":0,"pos":[-104.808998,-525.651001,128.222137],"rotationMatrix":[0.912721634,0.408581972,0,-0.408581972,0.912721634,0,0,0,1],"scale":0.518400013,"type":"shrub_a"}
{"ctxid":0,"pos":[-93.604599,-538.731995,128.51416],"rotationMatrix":[0.426050901,0.904699206,0,-0.904699206,0.426050901,0,0,0,1],"scale":0.439200014,"type":"shrub_a"}
{"ctxid":0,"pos":[-107.358002,-529.02002,128.026443],"rotationMatrix":[-0.990411639,0.138147697,0,-0.138147697,-0.990411639,0,0,0,1],"scale":0.666899979,"type":"shrub_a"}
{"ctxid":0,"pos":[-101.110001,-530.888,127.857697],"rotationMatrix":[-0.954264522,-0.298963577,0,0.298963577,-0.954264522,0,0,0,1],"scale":0.775900006,"type":"shrub_a"}
{"ctxid":0,"pos":[-111.816002,-527.921021,127.713806],"rotationMatrix":[0.395220041,-0.918586493,0,0.918586493,0.395220041,0,0,0,1],"scale":0.549000025,"type":"shrub_a"}
{"ctxid":0,"pos":[-123.726997,-620.906006,136.669998],"rotationMatrix":[-0.848579764,0.529067457,0,-0.529067457,-0.848579764,0,0,0,1],"scale":0.563600004,"type":"shrub_a"}
{"ctxid":0,"pos":[-124.449997,-618.267029,136.789001],"rotationMatrix":[-0.980049968,-0.198751256,0,0.198751256,-0.980049968,0,0,0,1],"scale":0.620800018,"type":"shrub_a"}
{"ctxid":0,"pos":[-123.884003,-676.504028,129.117905],"rotationMatrix":[0.90836978,0.0498072654,0.415191025,-0.080622226,0.995112896,0.0570121817,-0.410322338,-0.0852617621,0.90794605],"scale":0.963999987,"type":"shrub_a"}
{"ctxid":0,"pos":[-121.954002,-675.986023,129.986816],"rotationMatrix":[-0.207316399,0.976802766,0.0536348224,-0.904702961,-0.170577407,-0.390405327,-0.372200072,-0.129460901,0.919079423],"scale":0.94749999,"type":"shrub_a"}
{"ctxid":0,"pos":[-116.718002,-679.573975,131.623016],"rotationMatrix":[-0.607084155,-0.715652406,-0.345383346,0.696825564,-0.688356161,0.201492131,-0.381945252,-0.118349247,0.916575789],"scale":0.975300014,"type":"shrub_a"}
{"ctxid":0,"pos":[-119.667999,-686.099976,129.648056],"rotationMatrix":[0.223790944,-0.949232697,0.221075296,0.888729334,0.291861176,0.353520364,-0.400096476,0.117361635,0.908927381],"scale":0.889800012,"type":"shrub_a"}
{"ctxid":0,"pos":[-121.431999,-628.952026,136.694],"rotationMatrix":[-0.250096679,-0.96822089,0,0.96822089,-0.250096679,0,0,0,1],"scale":0.867999971,"type":"shrub_a"}
{"ctxid":0,"pos":[-124.879997,-630.51001,134.822998],"rotationMatrix":[-0.291867256,0.956458807,0,-0.956458807,-0.291867256,0,0,0,1],"scale":0.653100014,"type":"shrub_a"}
{"ctxid":0,"pos":[-117.222,-640.046997,137.270889],"rotationMatrix":[0.886824369,-0.0940971076,0.452424884,0.0149448998,0.984376669,0.175440133,-0.461864889,-0.148823142,0.874375463],"scale":0.986899972,"type":"shrub_a"}
{"ctxid":0,"pos":[-114.503998,-645.560974,137.460999],"rotationMatrix":[0.301201582,0.953560472,0,-0.953560472,0.301201582,0,0,0,1],"scale":0.82950002,"type":"shrub_a"}
{"ctxid":0,"pos":[-120.041,-646.203979,134.757324],"rotationMatrix":[-0.80539608,0.483291745,-0.343169838,-0.37150681,-0.862716675,-0.343077153,-0.461864859,-0.148823142,0.874375463],"scale":0.977500021,"type":"shrub_a"}
{"ctxid":0,"pos":[-124.398003,-648.455017,131.658005],"rotationMatrix":[-0.0215921402,0.999766886,0,-0.999766886,-0.0215921402,0,0,0,1],"scale":0.852999985,"type":"shrub_a"}
{"ctxid":0,"pos":[-123.292999,-665.997986,130.770004],"rotationMatrix":[-0.96693778,-0.255012423,0,0.255012423,-0.96693778,0,0,0,1],"scale":0.718200028,"type":"shrub_a"}
{"ctxid":0,"pos":[-116.083,-651.263,136.177597],"rotationMatrix":[0.457592845,-0.85809648,0.232978448,0.736377954,0.512580991,0.441597134,-0.498353302,-0.030511409,0.866436958],"scale":0.950600028,"type":"shrub_a"}
