{"ctxid":0,"pos":[-117.459999,-499.725006,125.951607],"rotationMatrix":[-0.984828949,0.173527926,0,-0.173527926,-0.984828949,0,0,0,1],"scale":0.745599985,"type":"shrub_a"}
{"ctxid":0,"pos":[-371.103149,-63.5146942,105.178001],"rotationMatrix":[-0.459498107,0.888178587,0,-0.888178587,-0.459498107,0,0,0,0.999999881],"scale":0.552399993,"type":"shrub_a"}
{"ctxid":0,"pos":[-418.667999,-45.3143005,108.261002],"rotationMatrix":[0.247726202,0.968830109,0,-0.968830109,0.247726202,0,0,0,1],"scale":1.20109999,"type":"shrub_a"}
{"ctxid":0,"pos":[-423.28299,-52.406601,107.676003],"rotationMatrix":[-0.998800278,-0.0489694327,0,0.0489694327,-0.998800278,0,0,0,1],"scale":1.21389997,"type":"shrub_a"}
{"ctxid":0,"pos":[-401.812988,-30.8218994,108.167],"rotationMatrix":[0.581570506,0.813495994,0,-0.813495994,0.581570506,0,0,0,1],"scale":1.00109994,"type":"shrub_a"}
{"ctxid":0,"pos":[-384.421997,-12.6993999,108.504997],"rotationMatrix":[0.938750029,0.34459886,0,-0.34459886,0.938750029,0,0,0,1],"scale":1.14260006,"type":"shrub_a"}
{"ctxid":0,"pos":[-425.317993,-0.478799999,105.962997],"rotationMatrix":[0.383283854,-0.923630595,0,0.923630595,0.383283854,0,0,0,1],"scale":1.29939997,"type":"shrub_a"}
{"ctxid":0,"pos":[-425.519012,-5.95090008,106.973999],"rotationMatrix":[0.868518114,0.495657414,0,-0.495657414,0.868518114,0,0,0,1],"scale":0.942200005,"type":"shrub_a"}
{"ctxid":0,"pos":[-429.805359,-15.2858391,107.419998],"rotationMatrix":[-0.747056484,0.629979849,-0.212207228,-0.6458745,-0.763407469,0.00741448207,-0.157329604,0.142598271,0.977196336],"scale":0.940500021,"type":"shrub_a"}
{"ctxid":0,"pos":[-437.244995,-16.8246002,105.212997],"rotationMatrix":[0.0306110382,0.999531388,0,-0.999531388,0.0306110382,0,0,0,1],"scale":1.04849994,"type":"shrub_a"}
{"ctxid":0,"pos":[-433.712006,-62.5905991,107.653999],"rotationMatrix":[0.744530439,-0.667588532,0,0.667588532,0.744530439,0,0,0,1],"scale":1.09119999,"type":"shrub_a"}
{"ctxid":0,"pos":[-385.355988,-66.5057983,104.760002],"rotationMatrix":[0.831219554,0.555944264,0,-0.555944264,0.831219554,0,0,0,1],"scale":0.548099995,"type":"shrub_a"}
{"ctxid":0,"pos":[-382.520996,-73.4989014,104.213997],"rotationMatrix":[-0.668599129,0.743623018,0,-0.743623018,-0.668599129,0,0,0,1],"scale":0.908100009,"type":"shrub_a"}
{"ctxid":0,"pos":[-390.821014,-76.0086975,104.325996],"rotationMatrix":[0.953852773,-0.3002747,0,0.3002747,0.953852773,0,0,0,1],"scale":0.722299993,"type":"shrub_a"}
{"ctxid":0,"pos":[-393.085999,-70.7830963,104.946999],"rotationMatrix":[-1,0,0,0,-1,0,0,0,1],"scale":0.505699992,"type":"shrub_a"}
{"ctxid":0,"pos":[-379.252991,-83.4197006,103.999001],"rotationMatrix":[-0.910230517,-0.414101928,0,0.414101928,-0.910230517,0,0,0,1],"scale":0.709699988,"type":"shrub_a"}
{"ctxid":0,"pos":[-381.75,-88.4630966,103.18],"rotationMatrix":[-0.159764528,-0.987155139,0,0.987155139,-0.159764528,0,0,0,1],"scale":0.967499971,"type":"shrub_a"}
{"ctxid":0,"pos":[-441.503998,-12.0254002,103.857002],"rotationMatrix":[-0.846657634,-0.53213799,0,0.53213799,-0.846657634,0,0,0,1],"scale":0.958700001,"type":"shrub_a"}
{"ctxid":0,"pos":[-450.837006,-15.2525997,101.322998],"rotationMatrix":[0.100322962,0.994954944,0,-0.994954944,0.100322962,0,0,0,1],"scale":1.06190002,"type":"shrub_a"}
{"ctxid":0,"pos":[-452.260986,-1.13569999,100.063004],"rotationMatrix":[-0.77661252,-0.629978538,0,0.629978538,-0.77661252,0,0,0,1],"scale":0.931699991,"type":"shrub_a"}
{"ctxid":0,"pos":[-454.665985,-30.1821995,101.175003],"rotationMatrix":[0.996735692,0.0807338879,0,-0.0807338879,0.996735692,0,0,0,1],"scale":0.906000018,"type":"shrub_a"}
{"ctxid":0,"pos":[-453.906006,-36.9842987,101.276001],"rotationMatrix":[-0.671157598,0.741314709,0,-0.741314709,-0.671157598,0,0,0,1],"scale":1.17859995,"type":"shrub_a"}
{"ctxid":0,"pos":[-483.425995,-48.4578018,97.7451019],"rotationMatrix":[-0.853967786,-0.520325899,0,0.520325899,-0.853967786,0,0,0,1],"scale":0.516300023,"type":"shrub_a"}
{"ctxid":0,"pos":[-479.36499,-43.5376015,98.582901],"rotationMatrix":[0.729593396,-0.683881164,0,0.683881164,0.729593396,0,0,0,1],"scale":0.50999999,"type":"shrub_a"}
{"ctxid":0,"pos":[-479.608002,-40.8647995,98.0600967],"rotationMatrix":[0.682395458,-0.730983198,0,0.730983198,0.682395458,0,0,0,1],"scale":0.602500021,"type":"shrub_a"}
{"ctxid":0,"pos":[-479.186005,-33.9422989,97.1315994],"rotationMatrix":[-0.999200225,0.0399863794,0,-0.0399863794,-0.999200225,0,0,0,1],"scale":0.686100006,"type":"shrub_a"}
{"ctxid":0,"pos":[-480.597992,-29.1208992,97.0781021],"rotationMatrix":[-0.0258848667,-0.999664903,0,0.999664903,-0.0258848667,0,0,0,1],"scale":0.953100026,"type":"shrub_a"}
{"ctxid":0,"pos":[-453.084991,-80.6716003,106.289001],"rotationMatrix":[-0.163727641,0.986505568,0,-0.986505568,-0.163727641,0,0,0,1],"scale":1.00800002,"type":"shrub_a"}
{"ctxid":0,"pos":[-454.359985,-87.0186005,106.531998],"rotationMatrix":[0.209975481,-0.977706671,0,0.977706671,0.209975481,0,0,0,1],"scale":1.19799995,"type":"shrub_a"}
{"ctxid":0,"pos":[-444.062012,-77.0811996,107.388],"rotationMatrix":[0.679199457,0.733953714,0,-0.733953714,0.679199457,0,0,0,1],"scale":0.998600006,"type":"shrub_a"}
{"ctxid":0,"pos":[-441.996002,-71.6696014,107.475998],"rotationMatrix":[0.798387527,0.602143943,0,-0.602143943,0.798387527,0,0,0,1],"scale":1.00559998,"type":"shrub_a"}
{"ctxid":0,"pos":[-482.622986,-71.1673965,98.8444977],"rotationMatrix":[0.0199999809,0.999799967,0,-0.999799967,0.0199999809,0,0,0,1],"scale":0.731599987,"type":"shrub_a"}
{"ctxid":0,"pos":[-481.618011,-88.2530975,98.6355972],"rotationMatrix":[0.682395458,0.730983198,0,-0.730983198,0.682395458,0,0,0,1],"scale":0.512499988,"type":"shrub_a"}
{"ctxid":0,"pos":[-481.440002,-94.5514984,98.7518997],"rotationMatrix":[-0.995602369,-0.09367989,0,0.09367989,-0.995602369,0,0,0,1],"scale":0.632099986,"type":"shrub_a"}
{"ctxid":0,"pos":[-482.842834,-102.474106,98.9065018],"rotationMatrix":[-0.949108124,-0.314950168,0,0.314950168,-0.949108124,0,0,0,0.999999881],"scale":0.610499978,"type":"shrub_a"}
{"ctxid":0,"pos":[-426.540985,-129.014999,105.337997],"rotationMatrix":[-0.239367604,0.970929027,0,-0.970929027,-0.239367604,0,0,0,1],"scale":1.07920003,"type":"shrub_a"}
{"ctxid":0,"pos":[-427.862,-131.431,104.123001],"rotationMatrix":[0.727825642,0.685762227,0,-0.685762227,0.727825642,0,0,0,1],"scale":1.04779994,"type":"shrub_a"}
{"ctxid":0,"pos":[-435.265015,-142.820007,100.906555],"rotationMatrix":[0.923011065,0.384773403,0,-0.384773403,0.923011065,0,0,0,1],"scale":1.20510006,"type":"shrub_a"}
{"ctxid":0,"pos":[-409.109985,-135.735992,103.897827],"rotationMatrix":[-0.258649707,0.965971172,0,-0.965971172,-0.258649707,0,0,0,1],"scale":0.69660002,"type":"shrub_a"}
{"ctxid":0,"pos":[-427.526001,-211.944,100.295998],"rotationMatrix":[-0.0036611557,0.999993324,0,-0.999993324,-0.0036611557,0,0,0,1],"scale":1.16030002,"type":"shrub_a"}
{"ctxid":0,"pos":[-428.286987,-203.656006,99.9638977],"rotationMatrix":[-0.0605505705,0.998165131,0,-0.998165131,-0.0605505705,0,0,0,1],"scale":0.983799994,"type":"shrub_a"}
{"ctxid":0,"pos":[-427.769989,-209.511002,100.262001],"rotationMatrix":[0.8046875,-0.593698621,0,0.593698621,0.8046875,0,0,0,1],"scale":1.29509997,"type":"shrub_a"}
{"ctxid":0,"pos":[-410.153656,-190.612564,102.672653],"rotationMatrix":[0.0651085377,0.997878194,0,-0.997878194,0.0651085377,0,0,0,1],"scale":0.751100004,"type":"shrub_a"}
{"ctxid":0,"pos":[-429.20401,-231.740005,100.507004],"rotationMatrix":[-0.982836962,0.184476301,0,-0.184476301,-0.982836962,0,0,0,1],"scale":0.978200018,"type":"shrub_a"}
{"ctxid":0,"pos":[-426.02301,-235.283997,101.074997],"rotationMatrix":[0.739357948,-0.673312604,0,0.673312604,0.739357948,0,0,0,1],"scale":0.868099988,"type":"shrub_a"}
{"ctxid":0,"pos":[-424.686005,-238.089996,100.820999],"rotationMatrix":[-0.957033277,0.289978117,0,-0.289978117,-0.957033277,0,0,0,1],"scale":0.535300016,"type":"shrub_a"}
{"ctxid":0,"pos":[-423.285004,-242.005997,100.239998],"rotationMatrix":[0.645012617,0.764171898,0,-0.764171898,0.645012617,0,0,0,1],"scale":0.809499979,"type":"shrub_a"}
{"ctxid":0,"pos":[-426.449005,-242.445999,100.314003],"rotationMatrix":[0.616136789,0.787639141,0,-0.787639141,0.616136789,0,0,0,1],"scale":0.737900019,"type":"shrub_a"}
{"ctxid":0,"pos":[-428.998993,-236.365997,100.325996],"rotationMatrix":[-0.672620535,0.739987552,0,-0.739987552,-0.672620535,0,0,0,1],"scale":0.648400009,"type":"shrub_a"}
{"ctxid":0,"pos":[-427.69101,-240.261002,100.233002],"rotationMatrix":[0.897395492,0.441227078,0,-0.441227078,0.897395492,0,0,0,1],"scale":0.765600026,"type":"shrub_a"}
{"ctxid":0,"pos":[-422.705994,-249.570999,100.139999],"rotationMatrix":[-0.612089753,0.790788293,0,-0.790788293,-0.612089753,0,0,0,1],"scale":0.740400016,"type":"shrub_a"}
{"ctxid":0,"pos":[-398.16568,-216.493652,98.1639023],"rotationMatrix":[-0.478512049,-0.878080964,0,0.878080964,-0.478512049,0,0,0,1],"scale":0.652100027,"type":"shrub_a"}
{"ctxid":0,"pos":[-406.30899,-241.447998,99.737999],"rotationMatrix":[-0.876371861,0.481635094,0,-0.481635094,-0.876371861,0,0,0,1],"scale":0.628400028,"type":"shrub_a"}
{"ctxid":0,"pos":[-406.54599,-243.406006,100.126999],"rotationMatrix":[-0.603482246,-0.797376454,0,0.797376454,-0.603482246,0,0,0,1],"scale":0.761600018,"type":"shrub_a"}
{"ctxid":0,"pos":[-451.200989,-163.089996,98.2705536],"rotationMatrix":[-0.90365082,0.427572399,-0.0244352296,-0.427416205,-0.90398103,-0.0115575762,-0.0270306841,0,0.999634564],"scale":1.06690001,"type":"shrub_a"}
{"ctxid":0,"pos":[-452.63501,-144.811005,98.3535004],"rotationMatrix":[0.625195146,0.780468464,0,-0.780468464,0.625195146,0,0,0,1],"scale":1.04349995,"type":"shrub_a"}
{"ctxid":0,"pos":[-452.386993,-138.214005,101.027],"rotationMatrix":[0.942403793,0.334477335,0,-0.334477335,0.942403793,0,0,0,1],"scale":1.04680002,"type":"shrub_a"}
{"ctxid":0,"pos":[-447.080994,-132.490997,104.499001],"rotationMatrix":[0.673244715,-0.739419758,0,0.739419758,0.673244715,0,0,0,1],"scale":0.9454,"type":"shrub_a"}
{"ctxid":0,"pos":[-439.140015,-145.479004,100.139481],"rotationMatrix":[-0.461708069,0.887031913,0,-0.887031913,-0.461708069,0,0,0,1],"scale":0.974099994,"type":"shrub_a"}
{"ctxid":0,"pos":[-477.420013,-150.143997,98.2572021],"rotationMatrix":[-0.755937934,0.654643297,0,-0.654643297,-0.755937934,0,0,0,1],"scale":0.75029999,"type":"shrub_a"}
{"ctxid":0,"pos":[-469.15799,-204.572006,98.3509979],"rotationMatrix":[-0.409184694,-0.912451565,0,0.912451565,-0.409184694,0,0,0,1],"scale":0.602999985,"type":"shrub_a"}
{"ctxid":0,"pos":[-469.282013,-208.709,98.4766998],"rotationMatrix":[-0.547744155,0.836645901,0,-0.836645901,-0.547744155,0,0,0,1],"scale":0.887899995,"type":"shrub_a"}
{"ctxid":0,"pos":[-467.993011,-215.264999,97.9778976],"rotationMatrix":[-0.226491213,-0.974013209,0,0.974013209,-0.226491213,0,0,0,1],"scale":0.989300013,"type":"shrub_a"}
{"ctxid":0,"pos":[-468.59201,-217.850006,98.735199],"rotationMatrix":[-0.999599934,-0.0282837879,0,0.0282837879,-0.999599934,0,0,0,1],"scale":0.616999984,"type":"shrub_a"}
{"ctxid":0,"pos":[-466.415009,-220.264008,98.2593994],"rotationMatrix":[-0.999200225,-0.0399863794,0,0.0399863794,-0.999200225,0,0,0,1],"scale":0.542100012,"type":"shrub_a"}
{"ctxid":0,"pos":[-468.122986,-224.503998,98.8134003],"rotationMatrix":[0.366287231,0.930501819,0,-0.930501819,0.366287231,0,0,0,1],"scale":0.543500006,"type":"shrub_a"}
{"ctxid":0,"pos":[-465.644012,-229.389999,98.7521973],"rotationMatrix":[-0.774727941,0.632294714,0,-0.632294714,-0.774727941,0,0,0,1],"scale":0.616599977,"type":"shrub_a"}
{"ctxid":0,"pos":[-463.579987,-234.938995,98.6653976],"rotationMatrix":[0.975446701,-0.220235631,0,0.220235631,0.975446701,0,0,0,1],"scale":0.904399991,"type":"shrub_a"}
{"ctxid":0,"pos":[-463.158997,-239.311005,98.6205978],"rotationMatrix":[0.016076088,-0.999870777,0,0.999870777,0.016076088,0,0,0,1],"scale":0.875100017,"type":"shrub_a"}
{"ctxid":0,"pos":[-462.536987,-243.266006,98.6251984],"rotationMatrix":[-0.625765085,-0.780011594,0,0.780011594,-0.625765085,0,0,0,1],"scale":0.621100008,"type":"shrub_a"}
{"ctxid":0,"pos":[-335.230988,-374.221985,109.467003],"rotationMatrix":[0.391916037,-0.92000097,0,0.92000097,0.391916037,0,0,0,1],"scale":0.602100015,"type":"shrub_a"}
{"ctxid":0,"pos":[-336.319,-370.670013,109.383003],"rotationMatrix":[0.600739479,0.799444854,0,-0.799444854,0.600739479,0,0,0,1],"scale":0.629999995,"type":"shrub_a"}
{"ctxid":0,"pos":[-340.821014,-372.609985,106.671997],"rotationMatrix":[0.924261689,0.381759524,0,-0.381759524,0.924261689,0,0,0,1],"scale":0.574500024,"type":"shrub_a"}
{"ctxid":0,"pos":[-336.778015,-363.675995,109.268997],"rotationMatrix":[0.0118632317,0.999929607,0,-0.999929607,0.0118632317,0,0,0,1],"scale":0.703800023,"type":"shrub_a"}
{"ctxid":0,"pos":[-333.977997,-360.39801,111.192001],"rotationMatrix":[-0.732404947,-0.680869281,0,0.680869281,-0.732404947,0,0,0,1],"scale":0.701399982,"type":"shrub_a"}
{"ctxid":0,"pos":[-332.82901,-357.346985,112.204002],"rotationMatrix":[-0.4229846,-0.90613687,0,0.90613687,-0.4229846,0,0,0,1],"scale":0.860599995,"type":"shrub_a"}
{"ctxid":0,"pos":[-330.709015,-357.463013,113.325996],"rotationMatrix":[0.991705298,0.128532484,0,-0.128532484,0.991705298,0,0,0,1],"scale":0.752799988,"type":"shrub_a"}
{"ctxid":0,"pos":[-334.134003,-342.670013,115.139],"rotationMatrix":[-0.814512491,-0.580146015,0,0.580146015,-0.814512491,0,0,0,1],"scale":0.704599977,"type":"shrub_a"}
{"ctxid":0,"pos":[-339.256012,-344.859985,111.372002],"rotationMatrix":[0.897486091,-0.441042751,0,0.441042751,0.897486091,0,0,0,1],"scale":0.685899973,"type":"shrub_a"}
{"ctxid":0,"pos":[-340.197998,-347.158997,109.280998],"rotationMatrix":[-0.511365056,0.859363616,0,-0.859363616,-0.511365056,0,0,0,1],"scale":0.934800029,"type":"shrub_a"}
{"ctxid":0,"pos":[-338.992004,-351.94101,110.412003],"rotationMatrix":[0.960407019,0.278600723,0,-0.278600723,0.960407019,0,0,0,1],"scale":0.601199985,"type":"shrub_a"}
{"ctxid":0,"pos":[-340.455994,-354.057007,108.714996],"rotationMatrix":[0.999159575,-0.0409895666,0,0.0409895666,0.999159575,0,0,0,1],"scale":0.965300024,"type":"shrub_a"}
{"ctxid":0,"pos":[-337.11499,-355.798004,111.065002],"rotationMatrix":[0.228221059,-0.973609328,0,0.973609328,0.228221059,0,0,0,1],"scale":0.663399994,"type":"shrub_a"}
{"ctxid":0,"pos":[-335.627014,-351.259003,112.206001],"rotationMatrix":[0.60234642,0.79823482,0,-0.79823482,0.60234642,0,0,0,1],"scale":0.644200027,"type":"shrub_a"}
{"ctxid":0,"pos":[-334.828003,-347.94101,113.744003],"rotationMatrix":[0.9563694,0.292160183,0,-0.292160183,0.9563694,0,0,0,1],"scale":0.518599987,"type":"shrub_a"}
{"ctxid":0,"pos":[-327.248993,-338.734009,119.029999],"rotationMatrix":[-0.822140574,0.569284558,0,-0.569284558,-0.822140574,0,0,0,1],"scale":0.771499991,"type":"shrub_a"}
{"ctxid":0,"pos":[-324.484985,-345.069,119.773003],"rotationMatrix":[0.124835491,-0.992177427,0,0.992177427,0.124835491,0,0,0,1],"scale":0.986699998,"type":"shrub_a"}
{"ctxid":0,"pos":[-322.178986,-351.369995,119.874001],"rotationMatrix":[0.999920607,0.0126008121,0,-0.0126008121,0.999920607,0,0,0,1],"scale":0.813799977,"type":"shrub_a"}
{"ctxid":0,"pos":[-318.085999,-356.442993,120.837997],"rotationMatrix":[-0.926684618,0.375839889,0,-0.375839889,-0.926684618,0,0,0,1],"scale":0.961399972,"type":"shrub_a"}
{"ctxid":0,"pos":[-316.660004,-364.437988,120.527],"rotationMatrix":[0.719649315,-0.694337726,0,0.694337726,0.719649315,0,0,0,1],"scale":0.760299981,"type":"shrub_a"}
{"ctxid":0,"pos":[-315.032013,-367.628998,120.700996],"rotationMatrix":[0.315550089,0.948908925,0,-0.948908925,0.315550089,0,0,0,1],"scale":0.746100008,"type":"shrub_a"}
{"ctxid":0,"pos":[-315.704987,-372.074005,119.968002],"rotationMatrix":[0.871576905,0.490258813,0,-0.490258813,0.871576905,0,0,0,1],"scale":0.807399988,"type":"shrub_a"}
{"ctxid":0,"pos":[-320.364014,-374.881012,117.115997],"rotationMatrix":[-0.125,0.992156744,0,-0.992156744,-0.125,0,0,0,1],"scale":0.709200025,"type":"shrub_a"}
{"ctxid":0,"pos":[-323.796997,-358.436005,117.581001],"rotationMatrix":[-0.784538269,0.620080411,0,-0.620080411,-0.784538269,0,0,0,1],"scale":0.97240001,"type":"shrub_a"}
{"ctxid":0,"pos":[-324.432007,-352.704987,118.357002],"rotationMatrix":[-0.436851501,-0.899533629,0,0.899533629,-0.436851501,0,0,0,1],"scale":0.872900009,"type":"shrub_a"}
{"ctxid":0,"pos":[-328.084015,-342.494995,118.644997],"rotationMatrix":[-0.229939342,-0.97320497,0,0.97320497,-0.229939342,0,0,0,1],"scale":0.925899982,"type":"shrub_a"}
{"ctxid":0,"pos":[-331.182007,-330.759003,116.922997],"rotationMatrix":[-0.919624329,-0.39279905,0,0.39279905,-0.919624329,0,0,0,1],"scale":0.690299988,"type":"shrub_a"}
{"ctxid":0,"pos":[-335.083008,-336.173004,114.268997],"rotationMatrix":[0.955895424,-0.293707222,0,0.293707222,0.955895424,0,0,0,1],"scale":0.772499979,"type":"shrub_a"}
{"ctxid":0,"pos":[-294.721008,-437.001007,118.347],"rotationMatrix":[-0.66348803,-0.748186886,0,0.748186886,-0.66348803,0,0,0,1],"scale":0.813499987,"type":"shrub_a"}
{"ctxid":0,"pos":[-307.604004,-437.411987,113.094002],"rotationMatrix":[-0.341849685,-0.939754665,0,0.939754665,-0.341849685,0,0,0,1],"scale":0.791000009,"type":"shrub_a"}
{"ctxid":0,"pos":[-309.563995,-437.209991,112.342003],"rotationMatrix":[-0.820613623,0.571483433,0,-0.571483433,-0.820613623,0,0,0,1],"scale":0.823199987,"type":"shrub_a"}
{"ctxid":0,"pos":[-300.933014,-431.84201,116.519997],"rotationMatrix":[0.579372048,-0.815063179,0,0.815063179,0.579372048,0,0,0,1],"scale":0.595899999,"type":"shrub_a"}
{"ctxid":0,"pos":[-298.524994,-428.936005,118.226997],"rotationMatrix":[-0.911794543,-0.410646707,0,0.410646707,-0.911794543,0,0,0,1],"scale":0.671199977,"type":"shrub_a"}
{"ctxid":0,"pos":[-294.903992,-420.838989,120.705002],"rotationMatrix":[0.73950243,0.673153877,0,-0.673153877,0.73950243,0,0,0,1],"scale":0.53490001,"type":"shrub_a"}
{"ctxid":0,"pos":[-297.536011,-419.727997,119.596001],"rotationMatrix":[0.940900803,0.338682264,0,-0.338682264,0.940900803,0,0,0,1],"scale":0.688199997,"type":"shrub_a"}
{"ctxid":0,"pos":[-305.914001,-422.045013,115.648003],"rotationMatrix":[-0.524607182,0.851344407,0,-0.851344407,-0.524607182,0,0,0,1],"scale":0.659200013,"type":"shrub_a"}
{"ctxid":0,"pos":[-303.648987,-419.214996,117.184998],"rotationMatrix":[0.492371082,-0.870385408,0,0.870385408,0.492371082,0,0,0,1],"scale":0.981700003,"type":"shrub_a"}
{"ctxid":0,"pos":[-304.541992,-417.513,116.835999],"rotationMatrix":[-0.282561302,0.959249258,0,-0.959249258,-0.282561302,0,0,0,1],"scale":0.664900005,"type":"shrub_a"}
{"ctxid":0,"pos":[-307.72699,-416.526001,115.552002],"rotationMatrix":[0.966975451,-0.254869521,0,0.254869521,0.966975451,0,0,0,1],"scale":0.660099983,"type":"shrub_a"}
{"ctxid":0,"pos":[-310.358002,-416.649994,114.132004],"rotationMatrix":[-0.0512501001,-0.998685837,0,0.998685837,-0.0512501001,0,0,0,1],"scale":0.654900014,"type":"shrub_a"}
{"ctxid":0,"pos":[-300.085999,-409.286011,119.589996],"rotationMatrix":[0.108620524,-0.994083285,0,0.994083285,0.108620524,0,0,0,1],"scale":0.870899975,"type":"shrub_a"}
{"ctxid":0,"pos":[-303.105011,-407.233002,119.102997],"rotationMatrix":[-0.0672605038,-0.997735441,0,0.997735441,-0.0672605038,0,0,0,1],"scale":0.853699982,"type":"shrub_a"}
{"ctxid":0,"pos":[-305.830994,-409.087006,116.990997],"rotationMatrix":[0.976194382,0.216897503,0,-0.216897503,0.976194382,0,0,0,1],"scale":0.927399993,"type":"shrub_a"}
{"ctxid":0,"pos":[-310.221008,-408.94101,115.294998],"rotationMatrix":[-0.998400331,0.0565400757,0,-0.0565400757,-0.998400331,0,0,0,1],"scale":0.770099998,"type":"shrub_a"}
{"ctxid":0,"pos":[-312.065002,-407.738007,114.981003],"rotationMatrix":[0.47714448,0.87882489,0,-0.87882489,0.47714448,0,0,0,1],"scale":0.864000022,"type":"shrub_a"}
{"ctxid":0,"pos":[-312.269989,-380.085999,120.269997],"rotationMatrix":[-0.184260607,-0.982877433,0,0.982877433,-0.184260607,0,0,0,1],"scale":0.974600017,"type":"shrub_a"}
{"ctxid":0,"pos":[-309.445007,-381.582001,120.696999],"rotationMatrix":[0.200393438,0.979715526,0,-0.979715526,0.200393438,0,0,0,1],"scale":0.552900016,"type":"shrub_a"}
{"ctxid":0,"pos":[-308.450012,-385.574005,120.452003],"rotationMatrix":[-0.495758057,0.868460655,0,-0.868460655,-0.495758057,0,0,0,1],"scale":0.549000025,"type":"shrub_a"}
{"ctxid":0,"pos":[-306.53299,-391.459015,121.059998],"rotationMatrix":[-0.718287349,0.695746541,0,-0.695746541,-0.718287349,0,0,0,1],"scale":0.867500007,"type":"shrub_a"}
{"ctxid":0,"pos":[-304.979004,-393.791992,120.913002],"rotationMatrix":[-0.887235999,0.461315811,0,-0.461315811,-0.887235999,0,0,0,1],"scale":0.928900003,"type":"shrub_a"}
{"ctxid":0,"pos":[-301.440002,-400.846985,121.190002],"rotationMatrix":[-0.28448391,0.958680809,0,-0.958680809,-0.28448391,0,0,0,1],"scale":0.717000008,"type":"shrub_a"}
{"ctxid":0,"pos":[-300.756989,-405.783997,120.320999],"rotationMatrix":[-0.284163356,0.958775878,0,-0.958775878,-0.284163356,0,0,0,1],"scale":0.615700006,"type":"shrub_a"}
{"ctxid":0,"pos":[-308.694,-397.436005,119.120003],"rotationMatrix":[0.341736555,0.939795792,0,-0.939795792,0.341736555,0,0,0,1],"scale":0.648699999,"type":"shrub_a"}
{"ctxid":0,"pos":[-309.544006,-394.378998,118.807999],"rotationMatrix":[-0.375145435,0.926965952,0,-0.926965952,-0.375145435,0,0,0,1],"scale":0.70569998,"type":"shrub_a"}
{"ctxid":0,"pos":[-271.877014,-480.320007,118.959999],"rotationMatrix":[-0.959803939,-0.280671328,0,0.280671328,-0.959803939,0,0,0,1],"scale":0.736800015,"type":"shrub_a"}
{"ctxid":0,"pos":[-275.406006,-484.718994,117.138],"rotationMatrix":[-0.151251435,0.98849535,0,-0.98849535,-0.151251435,0,0,0,1],"scale":0.557399988,"type":"shrub_a"}
{"ctxid":0,"pos":[-277.290009,-487.256012,116.211998],"rotationMatrix":[0.921433449,-0.388536215,0,0.388536215,0.921433449,0,0,0,1],"scale":0.548699975,"type":"shrub_a"}
{"ctxid":0,"pos":[-281.552002,-489.114014,114.272003],"rotationMatrix":[-0.0457472801,-0.998953044,0,0.998953044,-0.0457472801,0,0,0,1],"scale":0.633300006,"type":"shrub_a"}
{"ctxid":0,"pos":[-279.717987,-491.550995,114.874001],"rotationMatrix":[0.879066348,0.476699442,0,-0.476699442,0.879066348,0,0,0,1],"scale":0.595499992,"type":"shrub_a"}
{"ctxid":0,"pos":[-276.94101,-491.173004,115.397003],"rotationMatrix":[-0.968127966,0.250456065,0,-0.250456065,-0.968127966,0,0,0,1],"scale":0.750999987,"type":"shrub_a"}
{"ctxid":0,"pos":[-273.338013,-491.64801,116.617996],"rotationMatrix":[0.999549985,-0.0299971271,0,0.0299971271,0.999549985,0,0,0,1],"scale":0.795000017,"type":"shrub_a"}
{"ctxid":0,"pos":[-271.64801,-490.924988,117.349998],"rotationMatrix":[-0.971303701,0.237842634,0,-0.237842634,-0.971303701,0,0,0,1],"scale":0.727900028,"type":"shrub_a"}
{"ctxid":0,"pos":[-269.878998,-490.497986,118.452003],"rotationMatrix":[-0.170144081,-0.985419214,0,0.985419214,-0.170144081,0,0,0,1],"scale":0.626999974,"type":"shrub_a"}
{"ctxid":0,"pos":[-265.868988,-489.639008,119.641998],"rotationMatrix":[-0.425684929,-0.904871464,0,0.904871464,-0.425684929,0,0,0,1],"scale":0.618700027,"type":"shrub_a"}
{"ctxid":0,"pos":[-265.632996,-494.652008,118.573433],"rotationMatrix":[-0.747328281,-0.664454997,0,0.664454997,-0.747328281,0,0,0,1],"scale":0.626699984,"type":"shrub_a"}
{"ctxid":0,"pos":[-260.721008,-489.647003,121.160004],"rotationMatrix":[0.0478000641,0.998856902,0,-0.998856902,0.0478000641,0,0,0,1],"scale":0.746500015,"type":"shrub_a"}
{"ctxid":0,"pos":[-260.881012,-495.57901,120.255997],"rotationMatrix":[0.792889595,-0.609365344,0,0.609365344,0.792889595,0,0,0,1],"scale":0.643299997,"type":"shrub_a"}
{"ctxid":0,"pos":[-262.779999,-497.912994,119.194],"rotationMatrix":[-0.258332491,0.966056049,0,-0.966056049,-0.258332491,0,0,0,1],"scale":0.772400022,"type":"shrub_a"}
{"ctxid":0,"pos":[-264.278015,-498.976013,118.175003],"rotationMatrix":[-0.998800278,-0.0489694327,0,0.0489694327,-0.998800278,0,0,0,1],"scale":0.633300006,"type":"shrub_a"}
{"ctxid":0,"pos":[-252.705994,-498.40799,122.838997],"rotationMatrix":[-0.688019276,0.725692391,0,-0.725692391,-0.688019276,0,0,0,1],"scale":0.685199976,"type":"shrub_a"}
{"ctxid":0,"pos":[-270.710999,-467.859985,121.741997],"rotationMatrix":[0.902935743,0.429775566,0,-0.429775566,0.902935743,0,0,0,1],"scale":0.672999978,"type":"shrub_a"}
{"ctxid":0,"pos":[-273.20401,-468.975006,120.538002],"rotationMatrix":[-0.999200225,-0.0399863794,0,0.0399863794,-0.999200225,0,0,0,1],"scale":0.790300012,"type":"shrub_a"}
{"ctxid":0,"pos":[-277.239014,-469.699005,119.057999],"rotationMatrix":[0.206955791,0.978350282,0,-0.978350282,0.206955791,0,0,0,1],"scale":0.934800029,"type":"shrub_a"}
{"ctxid":0,"pos":[-279.84201,-471.916992,117.597],"rotationMatrix":[0.702779531,0.711407721,0,-0.711407721,0.702779531,0,0,0,1],"scale":0.924799979,"type":"shrub_a"}
{"ctxid":0,"pos":[-282.949005,-472.179993,116.512001],"rotationMatrix":[0.662651062,-0.748928308,0,0.748928308,0.662651062,0,0,0,1],"scale":0.870999992,"type":"shrub_a"}
{"ctxid":0,"pos":[-284.311005,-469.634003,116.401001],"rotationMatrix":[-0.929040909,0.369977027,0,-0.369977027,-0.929040909,0,0,0,1],"scale":0.506699979,"type":"shrub_a"}
{"ctxid":0,"pos":[-277.855988,-464.122009,119.466003],"rotationMatrix":[0.0560619831,-0.998427272,0,0.998427272,0.0560619831,0,0,0,1],"scale":0.77609998,"type":"shrub_a"}
{"ctxid":0,"pos":[-279.158997,-460.415985,119.483002],"rotationMatrix":[0.951078057,0.308950692,0,-0.308950692,0.951078057,0,0,0,1],"scale":0.941299975,"type":"shrub_a"}
{"ctxid":0,"pos":[-279.324005,-458.756989,120.240997],"rotationMatrix":[-0.685447931,0.728121638,0,-0.728121638,-0.685447931,0,0,0,1],"scale":0.653100014,"type":"shrub_a"}
{"ctxid":0,"pos":[-284.48999,-459.683014,117.706001],"rotationMatrix":[-0.31966269,0.947531402,0,-0.947531402,-0.31966269,0,0,0,1],"scale":0.593699992,"type":"shrub_a"}
{"ctxid":0,"pos":[-285.283997,-451.997986,118.605003],"rotationMatrix":[-0.82710731,-0.562044024,0,0.562044024,-0.82710731,0,0,0,1],"scale":0.912599981,"type":"shrub_a"}
{"ctxid":0,"pos":[-298.61499,-438.520996,116.230003],"rotationMatrix":[0.679999948,-0.733212173,0,0.733212173,0.679999948,0,0,0,1],"scale":0.914900005,"type":"shrub_a"}
{"ctxid":0,"pos":[-303.898987,-440.290009,114.235001],"rotationMatrix":[0.392577529,-0.919718921,0,0.919718921,0.392577529,0,0,0,1],"scale":0.958899975,"type":"shrub_a"}
{"ctxid":0,"pos":[-304.772003,-438.082001,114.431],"rotationMatrix":[0.355660439,0.934615254,0,-0.934615254,0.355660439,0,0,0,1],"scale":0.760599971,"type":"shrub_a"}
{"ctxid":0,"pos":[-362.417999,-399.541992,103.042],"rotationMatrix":[0.929462314,0.368917078,0,-0.368917078,0.929462314,0,0,0,1],"scale":0.535300016,"type":"shrub_a"}
{"ctxid":0,"pos":[-361.019989,-404.263,103.526001],"rotationMatrix":[-0.991209626,0.132300705,0,-0.132300705,-0.991209626,0,0,0,1],"scale":0.501299977,"type":"shrub_a"}
{"ctxid":0,"pos":[-366.950012,-392.052002,102.513],"rotationMatrix":[-0.587405682,-0.809292614,0,0.809292614,-0.587405682,0,0,0,1],"scale":0.516200006,"type":"shrub_a"}
{"ctxid":0,"pos":[-371.437988,-381.677002,101.686996],"rotationMatrix":[-0.479543924,-0.877517879,0,0.877517879,-0.479543924,0,0,0,1],"scale":0.607500017,"type":"shrub_a"}
{"ctxid":0,"pos":[-368.277008,-386.341003,102.121002],"rotationMatrix":[0.914301991,0.405033171,0,-0.405033171,0.914301991,0,0,0,1],"scale":0.695200026,"type":"shrub_a"}
{"ctxid":0,"pos":[-315.756012,-405.976013,114.248001],"rotationMatrix":[-0.407506466,0.913202345,0,-0.913202345,-0.407506466,0,0,0,1],"scale":0.639299989,"type":"shrub_a"}
{"ctxid":0,"pos":[-319.618011,-404.970001,112.323997],"rotationMatrix":[0.769479513,0.638671517,0,-0.638671517,0.769479513,0,0,0,1],"scale":0.797800004,"type":"shrub_a"}
{"ctxid":0,"pos":[-323.476013,-406.234009,110.280998],"rotationMatrix":[0.817108512,-0.576483905,0,0.576483905,0.817108512,0,0,0,1],"scale":0.938899994,"type":"shrub_a"}
{"ctxid":0,"pos":[-324.567993,-404.105988,110.042],"rotationMatrix":[-0.719028831,-0.694980264,0,0.694980264,-0.719028831,0,0,0,1],"scale":0.717899978,"type":"shrub_a"}
{"ctxid":0,"pos":[-322.195007,-401.890991,111.702003],"rotationMatrix":[-0.958220482,-0.28603062,0,0.28603062,-0.958220482,0,0,0,1],"scale":0.533100009,"type":"shrub_a"}
{"ctxid":0,"pos":[-319.695007,-399.341003,113.264],"rotationMatrix":[-0.659477592,-0.751724243,0,0.751724243,-0.659477592,0,0,0,1],"scale":0.753300011,"type":"shrub_a"}
{"ctxid":0,"pos":[-319.802002,-393.950012,113.763],"rotationMatrix":[-0.205283403,-0.978702545,0,0.978702545,-0.205283403,0,0,0,1],"scale":0.581399977,"type":"shrub_a"}
{"ctxid":0,"pos":[-322.765991,-390.755005,112.239998],"rotationMatrix":[-0.858977675,-0.512013018,0,0.512013018,-0.858977675,0,0,0,1],"scale":0.869799972,"type":"shrub_a"}
{"ctxid":0,"pos":[-324.920013,-390.822998,111.511002],"rotationMatrix":[-0.858591914,0.512659669,0,-0.512659669,-0.858591914,0,0,0,1],"scale":0.668799996,"type":"shrub_a"}
{"ctxid":0,"pos":[-318.140991,-389.182007,115.695],"rotationMatrix":[0.953487515,0.30143252,0,-0.30143252,0.953487515,0,0,0,1],"scale":0.534699976,"type":"shrub_a"}
{"ctxid":0,"pos":[-319.679993,-383.877014,115.450996],"rotationMatrix":[-0.477136612,-0.878829122,0,0.878829122,-0.477136612,0,0,0,1],"scale":0.622200012,"type":"shrub_a"}
{"ctxid":0,"pos":[-322.550995,-380.88501,114.982002],"rotationMatrix":[-1,0,0,0,-1,0,0,0,1],"scale":0.623099983,"type":"shrub_a"}
{"ctxid":0,"pos":[-327.032013,-380.803009,112.327003],"rotationMatrix":[-0.732404947,0.680869281,0,-0.680869281,-0.732404947,0,0,0,1],"scale":0.668099999,"type":"shrub_a"}
{"ctxid":0,"pos":[-329.356995,-379.700012,111.056999],"rotationMatrix":[-0.0810379982,-0.996711016,0,0.996711016,-0.0810379982,0,0,0,1],"scale":0.608399987,"type":"shrub_a"}
{"ctxid":0,"pos":[-331.631012,-377.816986,110.25],"rotationMatrix":[0.189480782,0.98188442,0,-0.98188442,0.189480782,0,0,0,1],"scale":0.788500011,"type":"shrub_a"}
{"ctxid":0,"pos":[-334.700012,-377.860992,108.822998],"rotationMatrix":[-0.999200225,0.0399863794,0,-0.0399863794,-0.999200225,0,0,0,1],"scale":0.559400022,"type":"shrub_a"}
{"ctxid":0,"pos":[-313.016998,-376.351013,120.765999],"rotationMatrix":[0.971725583,0.236113086,0,-0.236113086,0.971725583,0,0,0,1],"scale":0.650699973,"type":"shrub_a"}
{"ctxid":0,"pos":[-312.931,-390.113007,118.320999],"rotationMatrix":[-0.250729203,0.968057275,0,-0.968057275,-0.250729203,0,0,0,1],"scale":0.714299977,"type":"shrub_a"}
{"ctxid":0,"pos":[-317.252014,-379.627991,118.392998],"rotationMatrix":[0.875599265,0.483038217,0,-0.483038217,0.875599265,0,0,0,1],"scale":0.823199987,"type":"shrub_a"}
{"ctxid":0,"pos":[-334.988007,-488.645996,105.978996],"rotationMatrix":[-0.526353955,0.850265563,0,-0.850265563,-0.526353955,0,0,0,1],"scale":0.900300026,"type":"shrub_a"}
{"ctxid":0,"pos":[-344.256989,-474.768005,105.189003],"rotationMatrix":[-0.663123131,-0.748510301,0,0.748510301,-0.663123131,0,0,0,1],"scale":0.907299995,"type":"shrub_a"}
{"ctxid":0,"pos":[-364.18399,-445.862,104.330002],"rotationMatrix":[0.550647974,0.834737539,0,-0.834737539,0.550647974,0,0,0,1],"scale":0.822600007,"type":"shrub_a"}
{"ctxid":0,"pos":[-418.35199,-303.574005,100.419998],"rotationMatrix":[-0.626847148,0.779142261,0,-0.779142261,-0.626847148,0,0,0,1],"scale":1.07920003,"type":"shrub_a"}
{"ctxid":0,"pos":[-413.449005,-301.256989,101.236],"rotationMatrix":[-0.997600794,-0.0692290142,0,0.0692290142,-0.997600794,0,0,0,1],"scale":1.23769999,"type":"shrub_a"}
{"ctxid":0,"pos":[-408.463989,-294.48999,101.970001],"rotationMatrix":[0.254091024,0.967180312,0,-0.967180312,0.254091024,0,0,0,1],"scale":1.11179996,"type":"shrub_a"}
{"ctxid":0,"pos":[-401.85199,-292.729004,102.055],"rotationMatrix":[0.684464335,-0.729046345,0,0.729046345,0.684464335,0,0,0,1],"scale":1.05659997,"type":"shrub_a"}
{"ctxid":0,"pos":[-424.165009,-263.588013,100.293999],"rotationMatrix":[-0.0204489231,-0.999790907,0,0.999790907,-0.0204489231,0,0,0,1],"scale":0.986400008,"type":"shrub_a"}
{"ctxid":0,"pos":[-392.479004,-252.375,97.8330002],"rotationMatrix":[-0.907104373,-0.420905769,0,0.420905769,-0.907104373,0,0,0,1],"scale":0.514299989,"type":"shrub_a"}
{"ctxid":0,"pos":[-407.572998,-273.723999,101.886002],"rotationMatrix":[-0.350053191,-0.936729848,0,0.936729848,-0.350053191,0,0,0,1],"scale":0.752399981,"type":"shrub_a"}
{"ctxid":0,"pos":[-412.429993,-254.852005,100.781998],"rotationMatrix":[-0.998400331,-0.0565400757,0,0.0565400757,-0.998400331,0,0,0,1],"scale":0.889500022,"type":"shrub_a"}
{"ctxid":0,"pos":[-424.240997,-348.213013,100.602997],"rotationMatrix":[-0.0347849131,-0.999394834,0,0.999394834,-0.0347849131,0,0,0,1],"scale":1.22829998,"type":"shrub_a"}
{"ctxid":0,"pos":[-436.63501,-320.824005,99.683403],"rotationMatrix":[-0.540012479,0.841656983,0,-0.841656983,-0.540012479,0,0,0,1],"scale":0.944899976,"type":"shrub_a"}
{"ctxid":0,"pos":[-394.85199,-342.763,99.6978989],"rotationMatrix":[0.225236535,-0.97430414,0,0.97430414,0.225236535,0,0,0,1],"scale":0.649100006,"type":"shrub_a"}
{"ctxid":0,"pos":[-392.053009,-344.045013,98.9250031],"rotationMatrix":[0.974416733,-0.22474882,0,0.22474882,0.974416733,0,0,0,1],"scale":0.717800021,"type":"shrub_a"}
{"ctxid":0,"pos":[-391.976013,-346.605988,99.4797974],"rotationMatrix":[-0.186416149,-0.98247087,0,0.98247087,-0.186416149,0,0,0,1],"scale":0.665199995,"type":"shrub_a"}
{"ctxid":0,"pos":[-388.600006,-351.738007,99.9515991],"rotationMatrix":[-0.0778055191,-0.996968567,0,0.996968567,-0.0778055191,0,0,0,1],"scale":0.557500005,"type":"shrub_a"}
{"ctxid":0,"pos":[-386.919006,-353.160004,99.2587967],"rotationMatrix":[-0.3398844,0.940467238,0,-0.940467238,-0.3398844,0,0,0,1],"scale":0.841199994,"type":"shrub_a"}
{"ctxid":0,"pos":[-385.355988,-355.436005,99.8317032],"rotationMatrix":[0.783518076,-0.621369004,0,0.621369004,0.783518076,0,0,0,1],"scale":0.698400021,"type":"shrub_a"}
{"ctxid":0,"pos":[-382.776001,-359.748993,100.022003],"rotationMatrix":[-0.223986506,0.974592268,0,-0.974592268,-0.223986506,0,0,0,1],"scale":0.699899971,"type":"shrub_a"}
{"ctxid":0,"pos":[-377.524994,-369.631989,100.484001],"rotationMatrix":[-0.983633518,0.180180743,0,-0.180180743,-0.983633518,0,0,0,1],"scale":0.70450002,"type":"shrub_a"}
{"ctxid":0,"pos":[-405.505005,-316.277008,99.2071991],"rotationMatrix":[-0.400803208,-0.91616416,0,0.91616416,-0.400803208,0,0,0,1],"scale":0.753700018,"type":"shrub_a"}
{"ctxid":0,"pos":[-401.196991,-329.678986,98.9942017],"rotationMatrix":[-0.999200225,-0.0399863794,0,0.0399863794,-0.999200225,0,0,0,1],"scale":0.577899992,"type":"shrub_a"}
{"ctxid":0,"pos":[-445.666992,-300.157013,99.4000015],"rotationMatrix":[-0.982040644,-0.188669488,0,0.188669488,-0.982040644,0,0,0,1],"scale":1.03849995,"type":"shrub_a"}
{"ctxid":0,"pos":[-447.610992,-292.730011,99.2794037],"rotationMatrix":[0.533228755,0.845971107,0,-0.845971107,0.533228755,0,0,0,1],"scale":0.887600005,"type":"shrub_a"}
{"ctxid":0,"pos":[-450.751007,-283.261993,98.7934036],"rotationMatrix":[-0.436173558,-0.899862587,0,0.899862587,-0.436173558,0,0,0,1],"scale":0.78670001,"type":"shrub_a"}
{"ctxid":0,"pos":[-498.032013,-251.792999,98.3321991],"rotationMatrix":[0.0138303041,-0.999904335,0,0.999904335,0.0138303041,0,0,0,1],"scale":0.71359998,"type":"shrub_a"}
{"ctxid":0,"pos":[-460.339996,-250.410995,98.7782974],"rotationMatrix":[-0.696113586,-0.717931688,0,0.717931688,-0.696113586,0,0,0,1],"scale":0.688000023,"type":"shrub_a"}
{"ctxid":0,"pos":[-459.265015,-254.856995,98.8035965],"rotationMatrix":[-0.237164378,0.971469522,0,-0.971469522,-0.237164378,0,0,0,1],"scale":0.936600029,"type":"shrub_a"}
{"ctxid":0,"pos":[-455.96701,-266.535004,99.3060989],"rotationMatrix":[-0.666042566,-0.745913744,0,0.745913744,-0.666042566,0,0,0,1],"scale":0.908399999,"type":"shrub_a"}
{"ctxid":0,"pos":[-454.622009,-269.850006,98.7939987],"rotationMatrix":[-0.953078508,-0.302723229,0,0.302723229,-0.953078508,0,0,0,1],"scale":0.717100024,"type":"shrub_a"}
{"ctxid":0,"pos":[-455.812988,-271.803009,99.1324005],"rotationMatrix":[-0.195057988,0.980791688,0,-0.980791688,-0.195057988,0,0,0,1],"scale":0.617600024,"type":"shrub_a"}
{"ctxid":0,"pos":[-454.062012,-273.493988,98.819603],"rotationMatrix":[-0.288654566,-0.957433283,0,0.957433283,-0.288654566,0,0,0,1],"scale":0.898000002,"type":"shrub_a"}
{"ctxid":0,"pos":[-452.278992,-279.317993,99.0772018],"rotationMatrix":[0.245762348,0.969330132,0,-0.969330132,0.245762348,0,0,0,1],"scale":0.638000011,"type":"shrub_a"}
{"ctxid":0,"pos":[-451.68399,-276.144989,99.0865021],"rotationMatrix":[0.121657372,0.992572129,0,-0.992572129,0.121657372,0,0,0,1],"scale":0.745000005,"type":"shrub_a"}
{"ctxid":0,"pos":[-481.125,-259.240997,99.3828964],"rotationMatrix":[0.945945263,-0.324326307,0,0.324326307,0.945945263,0,0,0,1],"scale":0.583899975,"type":"shrub_a"}
{"ctxid":0,"pos":[-476.984009,-275.096008,98.7360001],"rotationMatrix":[-0.719028831,-0.694980264,0,0.694980264,-0.719028831,0,0,0,1],"scale":0.903800011,"type":"shrub_a"}
{"ctxid":0,"pos":[-478.157013,-270.552002,98.9802017],"rotationMatrix":[0.960911989,0.276854008,0,-0.276854008,0.960911989,0,0,0,1],"scale":0.621800005,"type":"shrub_a"}
{"ctxid":0,"pos":[-480.075012,-265.074005,99.2146988],"rotationMatrix":[-0.790210366,-0.612835705,0,0.612835705,-0.790210366,0,0,0,1],"scale":0.584299982,"type":"shrub_a"}
{"ctxid":0,"pos":[-475.455994,-286.053009,98.8610992],"rotationMatrix":[-0.758937597,0.65116334,0,-0.65116334,-0.758937597,0,0,0,1],"scale":0.575299978,"type":"shrub_a"}
{"ctxid":0,"pos":[-476.739014,-282.360992,99.0404968],"rotationMatrix":[-0.940055966,-0.341020197,0,0.341020197,-0.940055966,0,0,0,1],"scale":0.74089998,"type":"shrub_a"}
{"ctxid":0,"pos":[-477.097992,-280.410004,98.9828033],"rotationMatrix":[0.0197199583,0.99980557,0,-0.99980557,0.0197199583,0,0,0,1],"scale":0.535899997,"type":"shrub_a"}
{"ctxid":0,"pos":[-473.029999,-293.544006,98.905899],"rotationMatrix":[0.853659511,0.520831466,0,-0.520831466,0.853659511,0,0,0,1],"scale":0.756099999,"type":"shrub_a"}
{"ctxid":0,"pos":[-471.490997,-298.477997,99.1860962],"rotationMatrix":[0.0121443272,0.999926269,0,-0.999926269,0.0121443272,0,0,0,1],"scale":0.875400007,"type":"shrub_a"}
{"ctxid":0,"pos":[-470.246002,-304.016998,99.2664032],"rotationMatrix":[-0.888013124,0.459818095,0,-0.459818095,-0.888013124,0,0,0,1],"scale":0.606899977,"type":"shrub_a"}
{"ctxid":0,"pos":[-472.447998,-306.950989,98.9164963],"rotationMatrix":[-0.621080279,-0.783746958,0,0.783746958,-0.621080279,0,0,0,1],"scale":0.979900002,"type":"shrub_a"}
{"ctxid":0,"pos":[-469.997009,-310.440002,98.9026031],"rotationMatrix":[0.532455444,-0.846458018,0,0.846458018,0.532455444,0,0,0,1],"scale":0.815599978,"type":"shrub_a"}
{"ctxid":0,"pos":[-479.963013,-307.891998,99.2539978],"rotationMatrix":[-0.580997705,0.81390518,0,-0.81390518,-0.580997705,0,0,0,1],"scale":0.936100006,"type":"shrub_a"}
{"ctxid":0,"pos":[-499.131012,-342.700989,101.847],"rotationMatrix":[0.0713880062,-0.997448623,0,0.997448623,0.0713880062,0,0,0,1],"scale":0.558399975,"type":"shrub_a"}
{"ctxid":0,"pos":[-491.477997,-339.748993,101.281998],"rotationMatrix":[0.470991015,-0.882138014,0,0.882138014,0.470991015,0,0,0,1],"scale":0.895799994,"type":"shrub_a"}
{"ctxid":0,"pos":[-487.160004,-336.339996,100.478996],"rotationMatrix":[0.989603162,-0.143824831,0,0.143824831,0.989603162,0,0,0,1],"scale":0.557900012,"type":"shrub_a"}
{"ctxid":0,"pos":[-477.550995,-331.06601,99.1110992],"rotationMatrix":[-0.730543971,0.682865679,0,-0.682865679,-0.730543971,0,0,0,1],"scale":0.935000002,"type":"shrub_a"}
{"ctxid":0,"pos":[-378.593994,-423.701996,103.434998],"rotationMatrix":[0.925964475,0.377610624,0,-0.377610624,0.925964475,0,0,0,1],"scale":0.918900013,"type":"shrub_a"}
{"ctxid":0,"pos":[-383.807007,-415.947998,102.921997],"rotationMatrix":[-0.999599934,-0.0282837879,0,0.0282837879,-0.999599934,0,0,0,1],"scale":0.910399973,"type":"shrub_a"}
{"ctxid":0,"pos":[-395.790009,-395.73999,102.397003],"rotationMatrix":[-0.157633305,0.987497687,0,-0.987497687,-0.157633305,0,0,0,1],"scale":1.15030003,"type":"shrub_a"}
{"ctxid":0,"pos":[-419.755005,-464.067993,105.263],"rotationMatrix":[-0.973289847,0.229579777,0,-0.229579777,-0.973289847,0,0,0,1],"scale":1.11199999,"type":"shrub_a"}
