{"ctxid":0,"pos":[-419.927002,-0.0430999994,106.69912],"rotationMatrix":[-0.272367001,0.882892966,-0.38251248,-0.90653646,-0.368708968,-0.205535665,-0.322501868,0.290780395,0.900799215],"scale":0.996399999,"type":"shrub_g"}
{"ctxid":0,"pos":[-442.979004,-19.6655998,102.667114],"rotationMatrix":[0.905069053,-0.133156061,0.403880537,0.207973659,0.966987729,-0.147247106,-0.370940685,0.217265308,0.902883589],"scale":1.17349994,"type":"shrub_g"}
{"ctxid":0,"pos":[-448.187012,-7.11059999,100.405586],"rotationMatrix":[0.911326826,0.355996549,0.206760362,-0.338839114,0.9338606,-0.114422135,-0.233819231,0.0342174545,0.97167778],"scale":0.965699971,"type":"shrub_g"}
{"ctxid":0,"pos":[-449.06601,-19.5478992,100.917892],"rotationMatrix":[0.949932635,0.27005896,0.157149926,-0.232323319,0.946796894,-0.222713962,-0.208934978,0.175053671,0.962134302],"scale":1.13399994,"type":"shrub_g"}
{"ctxid":0,"pos":[-482.617004,-52.2845993,98.8137207],"rotationMatrix":[0.243069053,0.969671726,0.0255718846,-0.968240738,0.240950704,0.0667265207,0.0585412756,-0.0409788899,0.997443557],"scale":0.588199973,"type":"shrub_g"}
{"ctxid":0,"pos":[-421.100281,-203.617889,101.002533],"rotationMatrix":[0.0817164183,0.996655643,0,-0.996655643,0.0817164183,0,0,0,1],"scale":1.13489997,"type":"shrub_g"}
{"ctxid":0,"pos":[-394.308014,-233.837006,97.876297],"rotationMatrix":[0.915785909,-0.401666731,0,0.401666731,0.915785909,0,0,0,1],"scale":0.843299985,"type":"shrub_g"}
{"ctxid":0,"pos":[-405.881012,-239.485992,99.6228027],"rotationMatrix":[0.480411768,0.877043068,0,-0.877043068,0.480411768,0,0,0,1],"scale":0.854099989,"type":"shrub_g"}
{"ctxid":0,"pos":[-408.080994,-239.951004,100.070999],"rotationMatrix":[-0.330080509,0.943952799,0,-0.943952799,-0.330080509,0,0,0,1],"scale":0.612200022,"type":"shrub_g"}
{"ctxid":0,"pos":[-344.916992,-339.914001,107.330269],"rotationMatrix":[0.686624169,0.569543362,0.451848924,-0.511588812,0.820107937,-0.256319761,-0.516550124,-0.0551655143,0.854478002],"scale":0.567700028,"type":"shrub_g"}
{"ctxid":0,"pos":[-359.477997,-455.122009,106.327209],"rotationMatrix":[-0.773507595,-0.628162444,0.084245868,0.632058918,-0.774361849,0.0294055007,0.0467653796,0.0759937465,0.996011019],"scale":0.952899992,"type":"shrub_g"}
{"ctxid":0,"pos":[-392.384003,-250.731003,97.6437988],"rotationMatrix":[0.89170146,-0.452624023,0,0.452624023,0.89170146,0,0,0,1],"scale":0.571200013,"type":"shrub_g"}
{"ctxid":0,"pos":[-387.71817,-277.53299,97.7036972],"rotationMatrix":[-0.792103171,-0.610387206,0,0.610387206,-0.792103171,0,0,0,1],"scale":0.79369998,"type":"shrub_g"}
{"ctxid":0,"pos":[-390.635986,-263.028015,97.6719971],"rotationMatrix":[-0.994403958,0.105644532,0,-0.105644532,-0.994403958,0,0,0,1],"scale":0.898000002,"type":"shrub_g"}
{"ctxid":0,"pos":[-409.552002,-272.886993,101.766998],"rotationMatrix":[-0.783782721,-0.621035159,0,0.621035159,-0.783782721,0,0,0,1],"scale":0.562399983,"type":"shrub_g"}
{"ctxid":0,"pos":[-411.812988,-367.049988,102.247063],"rotationMatrix":[0.960376978,0.277642041,-0.0243094098,-0.278457493,0.959539175,-0.0417848714,0.0117245931,0.0468983687,0.998830855],"scale":0.986999989,"type":"shrub_g"}
{"ctxid":0,"pos":[-402.118011,-321.287994,98.1866989],"rotationMatrix":[0.494585514,0.869128942,0,-0.869128942,0.494585514,0,0,0,1],"scale":0.751699984,"type":"shrub_g"}
{"ctxid":0,"pos":[-403.808014,-325.106995,99.3665009],"rotationMatrix":[-0.994004488,-0.109339282,0,0.109339282,-0.994004488,0,0,0,1],"scale":0.787800014,"type":"shrub_g"}
{"ctxid":0,"pos":[-439.241791,-313.893066,100.520317],"rotationMatrix":[-0.432762027,0.901107848,-0.0268613398,-0.901203096,-0.431648493,0.0388910323,0.0234503597,0.0410380885,0.998882353],"scale":1.19140005,"type":"shrub_g"}
{"ctxid":0,"pos":[-400.510986,-393.069,103.449112],"rotationMatrix":[-0.552390933,0.832811475,-0.0359104536,-0.833256006,-0.550449252,0.051868353,0.0234296788,0.0585742034,0.998008072],"scale":1.26400006,"type":"shrub_g"}
{"ctxid":0,"pos":[-105.209,-829.171997,123.498001],"rotationMatrix":[-0.686182499,0.72742945,0,-0.72742945,-0.686182499,0,0,0,1],"scale":0.966899991,"type":"shrub_g"}
{"ctxid":0,"pos":[-111.43,-830.192993,123.999001],"rotationMatrix":[-0.835528016,-0.549447834,0,0.549447834,-0.835528016,0,0,0,1],"scale":1.19819999,"type":"shrub_g"}
{"ctxid":0,"pos":[-109.011002,-842.76001,125.144493],"rotationMatrix":[-0.726082087,-0.687608004,0,0.687608004,-0.726082087,0,0,0,1],"scale":0.987100005,"type":"shrub_g"}
{"ctxid":0,"pos":[-98.1615982,-999.421997,137.378006],"rotationMatrix":[-0.853197455,-0.521588087,0,0.521588087,-0.853197455,0,0,0,1],"scale":1.09689999,"type":"shrub_g"}
{"ctxid":0,"pos":[-315.397003,-513.419006,108.886765],"rotationMatrix":[-0.0959956646,-0.991194546,0.0912050903,0.994541585,-0.0992752314,-0.0321195349,0.0408911072,0.0876239166,0.995314002],"scale":1.28380001,"type":"shrub_g"}
{"ctxid":0,"pos":[-317.664001,-750.338013,140.033997],"rotationMatrix":[-0.211190343,0.977444947,0,-0.977444947,-0.211190343,0,0,0,1],"scale":0.671000004,"type":"shrub_g"}
{"ctxid":0,"pos":[-376.307922,-886.011047,139.887863],"rotationMatrix":[-0.785671949,0.618643343,0,-0.618643343,-0.785671949,0,0,0,1],"scale":0.71420002,"type":"shrub_g"}
{"ctxid":0,"pos":[-392.973999,-934.328979,145.59166],"rotationMatrix":[-0.699818015,0.703804374,0.122120425,-0.592229843,-0.667252779,0.451704234,0.399396718,0.243787557,0.883770227],"scale":0.786899984,"type":"shrub_g"}
{"ctxid":0,"pos":[-392.281006,-931.349304,143.182999],"rotationMatrix":[0.447068691,0.8944996,0,-0.8944996,0.447068691,0,0,0,1],"scale":0.899999976,"type":"shrub_g"}
{"ctxid":0,"pos":[-394.39801,-925.419006,142.750076],"rotationMatrix":[-0.998000383,-0.0632078722,0,0.0632078722,-0.998000383,0,0,0,1],"scale":0.957199991,"type":"shrub_g"}
{"ctxid":0,"pos":[-416.22699,-962.153015,150.436264],"rotationMatrix":[0.0560406446,0.861650348,0.504399002,-0.998223424,0.0381108522,0.0458027273,0.0202427953,-0.50606966,0.862255096],"scale":0.574400008,"type":"shrub_g"}
{"ctxid":0,"pos":[-412.088898,-961.500671,149.962402],"rotationMatrix":[-0.931142569,-0.338204622,-0.136346266,0.353233814,-0.743714213,-0.567551136,0.0905457363,-0.576633334,0.811970055],"scale":0.925199986,"type":"shrub_g"}
{"ctxid":0,"pos":[-397.790009,-949.314026,147.472],"rotationMatrix":[0.944887996,0.32739377,0,-0.32739377,0.944887996,0,0,0,1],"scale":0.571699977,"type":"shrub_g"}
{"ctxid":0,"pos":[-439.919434,-957.200928,151.285004],"rotationMatrix":[-0.017023325,-0.999855101,0,0.999855101,-0.017023325,0,0,0,1],"scale":0.592400014,"type":"shrub_g"}
{"ctxid":0,"pos":[-499.516998,-910.926025,155.20639],"rotationMatrix":[-0.418591976,-0.90038228,-0.11871466,0.908156157,-0.415829539,-0.0483620502,-0.00582070276,-0.128055379,0.991749942],"scale":0.522300005,"type":"shrub_g"}
{"ctxid":0,"pos":[-484.035004,-912.705994,155.190033],"rotationMatrix":[-0.507542491,-0.861626744,0,0.861626744,-0.507542491,0,0,0,1],"scale":0.612500012,"type":"shrub_g"}
{"ctxid":0,"pos":[-454.417969,-948.846069,150.717255],"rotationMatrix":[0.93888998,0.34421739,0,-0.34421739,0.93888998,0,0,0,1],"scale":0.726800025,"type":"shrub_g"}
{"ctxid":0,"pos":[-461.261993,-972.525024,152.955002],"rotationMatrix":[-0.727197051,0.686428785,0,-0.686428785,-0.727197051,0,0,0,1],"scale":0.743499994,"type":"shrub_g"}
{"ctxid":0,"pos":[-749.539978,-114.892998,104.982498],"rotationMatrix":[-0.775525928,0.599848211,0.196827471,-0.61189872,-0.790935636,-0.000518735498,0.155366749,-0.120840803,0.980437994],"scale":0.770500004,"type":"shrub_g"}
{"ctxid":0,"pos":[-529.541992,-353.091003,102.744041],"rotationMatrix":[-0.831005454,0.552698672,-0.0628762394,-0.527454436,-0.747012854,0.404676497,0.17669484,0.369452894,0.912295699],"scale":1.09440005,"type":"shrub_g"}
{"ctxid":0,"pos":[-613.328003,-337.936005,111.307999],"rotationMatrix":[0.178750753,-0.983894408,0,0.983894408,0.178750753,0,0,0,1],"scale":0.677200019,"type":"shrub_g"}
{"ctxid":0,"pos":[-656.677002,-300.165009,104.420998],"rotationMatrix":[0.987675428,-0.156515971,0,0.156515971,0.987675428,0,0,0,1],"scale":1.09070003,"type":"shrub_g"}
{"ctxid":0,"pos":[-685.507996,-393.580994,106.308998],"rotationMatrix":[-0.855123281,-0.51842469,0,0.51842469,-0.855123281,0,0,0,1],"scale":0.585099995,"type":"shrub_g"}
{"ctxid":0,"pos":[-691.933044,-491.187042,105.373001],"rotationMatrix":[0.262373447,-0.964966416,0,0.964966416,0.262373447,0,0,0,1],"scale":0.875400007,"type":"shrub_g"}
{"ctxid":0,"pos":[-762.328979,-85.3833008,104.754997],"rotationMatrix":[0.862502337,0.50605309,0,-0.50605309,0.862502337,0,0,0,1],"scale":0.599399984,"type":"shrub_g"}
{"ctxid":0,"pos":[-751.692993,-93.9716034,104.113998],"rotationMatrix":[-0.556553721,-0.83081162,0,0.83081162,-0.556553721,0,0,0,1],"scale":0.73269999,"type":"shrub_g"}
{"ctxid":0,"pos":[-852.867981,-0.264499992,118.915001],"rotationMatrix":[0.101663947,0.994818807,0,-0.994818807,0.101663947,0,0,0,1],"scale":0.560500026,"type":"shrub_g"}
{"ctxid":0,"pos":[-813.106018,-48.6427002,113.238998],"rotationMatrix":[0.999215841,0.0395942219,0,-0.0395942219,0.999215841,0,0,0,1],"scale":0.958500028,"type":"shrub_g"}
{"ctxid":0,"pos":[-815.666016,-47.6082993,113.619003],"rotationMatrix":[-0.481953382,-0.876196861,0,0.876196861,-0.481953382,0,0,0,1],"scale":0.706900001,"type":"shrub_g"}
{"ctxid":0,"pos":[-821.385986,-46.6842003,114.049004],"rotationMatrix":[0.85923183,-0.511586428,0,0.511586428,0.85923183,0,0,0,1],"scale":0.576699972,"type":"shrub_g"}
{"ctxid":0,"pos":[-837.702026,-167.25,105.504997],"rotationMatrix":[-0.120803952,-0.992676377,0,0.992676377,-0.120803952,0,0,0,1],"scale":0.671899974,"type":"shrub_g"}
{"ctxid":0,"pos":[-837.250977,-165.203995,105.436996],"rotationMatrix":[-0.950707674,-0.310088575,0,0.310088575,-0.950707674,0,0,0,1],"scale":0.711300015,"type":"shrub_g"}
{"ctxid":0,"pos":[-843.020996,-175.886993,105.939003],"rotationMatrix":[0.0400563478,0.999197423,0,-0.999197423,0.0400563478,0,0,0,1],"scale":0.810699999,"type":"shrub_g"}
{"ctxid":0,"pos":[-845.476013,-180.102997,105.343002],"rotationMatrix":[-0.41254425,0.910937548,0,-0.910937548,-0.41254425,0,0,0,1],"scale":0.515100002,"type":"shrub_g"}
{"ctxid":0,"pos":[-803.284973,-250.518005,98.9093018],"rotationMatrix":[-0.874435306,-0.485142142,0,0.485142142,-0.874435306,0,0,0,1],"scale":0.633000016,"type":"shrub_g"}
{"ctxid":0,"pos":[-805.155029,-253.444,98.6622009],"rotationMatrix":[0.169754982,-0.985486329,0,0.985486329,0.169754982,0,0,0,1],"scale":0.918500006,"type":"shrub_g"}
{"ctxid":0,"pos":[-894.770996,-470.145996,98.1903992],"rotationMatrix":[-0.693904161,0.720067382,0,-0.720067382,-0.693904161,0,0,0,1],"scale":0.978200018,"type":"shrub_g"}
{"ctxid":0,"pos":[-747.216309,-533.656799,101.832001],"rotationMatrix":[-0.154288173,-0.988025904,0,0.988025904,-0.154288173,0,0,0,1],"scale":0.509563088,"type":"shrub_g"}
{"ctxid":0,"pos":[-678.909973,-502.841003,106.911003],"rotationMatrix":[0.108887434,0.994054079,0,-0.994054079,0.108887434,0,0,0,1],"scale":0.663699985,"type":"shrub_g"}
{"ctxid":0,"pos":[-615.390991,-923.689026,161.720993],"rotationMatrix":[-0.497142076,0.867669165,0,-0.867669165,-0.497142076,0,0,0,1],"scale":0.980499983,"type":"shrub_g"}
{"ctxid":0,"pos":[-607.933228,-909.870911,160.845108],"rotationMatrix":[0.939553976,0.308073938,-0.149427891,-0.285423994,0.945752442,0.155194849,0.189133286,-0.10316363,0.9765172],"scale":0.774900019,"type":"shrub_g"}
{"ctxid":0,"pos":[-585.18103,-913.945007,159.313995],"rotationMatrix":[0.936845422,-0.349743694,0,0.349743694,0.936845422,0,0,0,1],"scale":0.834999979,"type":"shrub_g"}
{"ctxid":0,"pos":[-601.010986,-937.47699,163.667999],"rotationMatrix":[-0.44296062,0.896541059,0,-0.896541059,-0.44296062,0,0,0,1],"scale":0.714600027,"type":"shrub_g"}
{"ctxid":0,"pos":[-611.929993,-953.440979,165.854996],"rotationMatrix":[-0.574247718,-0.818681598,0,0.818681598,-0.574247718,0,0,0,1],"scale":0.771499991,"type":"shrub_g"}
{"ctxid":0,"pos":[-630.747009,-966.63501,166.345993],"rotationMatrix":[-0.992806435,-0.119730458,0,0.119730458,-0.992806435,0,0,0,1],"scale":0.960699975,"type":"shrub_g"}
{"ctxid":0,"pos":[-715.029785,-918.590759,164.343445],"rotationMatrix":[0.96229744,-0.271999329,0,0.271999329,0.96229744,0,0,0,1],"scale":0.694000006,"type":"shrub_g"}
{"ctxid":0,"pos":[-702.930725,-928.412476,164.626358],"rotationMatrix":[-0.964558482,-0.263869166,0,0.263869166,-0.964558482,0,0,0,1],"scale":0.555700004,"type":"shrub_g"}
{"ctxid":0,"pos":[-854.894836,-499.522095,105.401924],"rotationMatrix":[-0.987619996,-0.156864792,0,0.156864792,-0.987619996,0,0,0,0.999999881],"scale":0.952456713,"type":"shrub_g"}
{"ctxid":0,"pos":[-874.369019,-852.370972,128.856232],"rotationMatrix":[-0.991216779,-0.130842596,-0.0192209966,0.125890493,-0.978073239,0.165904656,-0.0405069366,0.162027732,0.985954463],"scale":0.978200018,"type":"shrub_g"}
{"ctxid":0,"pos":[-754.327026,-927.666016,163.487],"rotationMatrix":[-0.999200225,-0.0399863794,0,0.0399863794,-0.999200225,0,0,0,1],"scale":0.757000029,"type":"shrub_g"}
{"ctxid":0,"pos":[-838.968994,-934.348022,150.126999],"rotationMatrix":[0.523907185,0.851775348,0,-0.851775348,0.523907185,0,0,0,1],"scale":0.845200002,"type":"shrub_g"}
{"ctxid":0,"pos":[-832.327026,-924.080017,154.873993],"rotationMatrix":[0.998904943,-0.0467858315,0,0.0467858315,0.998904943,0,0,0,1],"scale":0.561699986,"type":"shrub_g"}
{"ctxid":0,"pos":[-830.721985,-922.849976,155.468994],"rotationMatrix":[0.0502822399,-0.99873507,0,0.99873507,0.0502822399,0,0,0,1],"scale":0.558499992,"type":"shrub_g"}
{"ctxid":0,"pos":[-865.02301,-893.106018,132.713226],"rotationMatrix":[-0.866724253,-0.363228738,-0.341837883,0.291405976,-0.924960732,0.243986249,-0.404809594,0.111855276,0.907533765],"scale":0.797200024,"type":"shrub_g"}
{"ctxid":0,"pos":[-864.687988,-896.744019,133.437805],"rotationMatrix":[0.101132989,-0.956538856,0.273506701,0.917556584,0.195937455,0.34597522,-0.384528935,0.215968192,0.897493899],"scale":0.875800014,"type":"shrub_g"}
{"ctxid":0,"pos":[-924.065369,-844.05658,121.101852],"rotationMatrix":[0.920468092,-0.390817255,0,0.390817255,0.920468092,0,0,0,0.999999762],"scale":0.619799972,"type":"shrub_g"}
{"ctxid":0,"pos":[-928.913025,-829.695984,118.412003],"rotationMatrix":[-0.365873814,-0.93066448,0,0.93066448,-0.365873814,0,0,0,1],"scale":0.968699992,"type":"shrub_g"}
{"ctxid":0,"pos":[-894.375977,-897.268982,129.188995],"rotationMatrix":[0.554620743,-0.832103252,0,0.832103252,0.554620743,0,0,0,1],"scale":0.567200005,"type":"shrub_g"}
{"ctxid":0,"pos":[-886.010986,-998.539978,152.095001],"rotationMatrix":[-0.401138067,0.916017592,0,-0.916017592,-0.401138067,0,0,0,1],"scale":0.83890003,"type":"shrub_g"}
{"ctxid":0,"pos":[-925.920532,-985.767029,141.011368],"rotationMatrix":[0.239600316,0.970869422,-0.00203921716,-0.970834315,0.239608988,0.0082626855,0.00851060264,0,0.999963701],"scale":0.834200025,"type":"shrub_g"}
{"ctxid":0,"pos":[-970.804016,-934.393982,136.697998],"rotationMatrix":[-0.968524814,-0.248917028,0,0.248917028,-0.968524814,0,0,0,1],"scale":0.852199972,"type":"shrub_g"}
{"ctxid":0,"pos":[-960.624023,-906.870972,141.949997],"rotationMatrix":[0.583945632,0.811792791,0,-0.811792791,0.583945632,0,0,0,1],"scale":0.607200027,"type":"shrub_g"}
{"ctxid":0,"pos":[-965.68103,-906.56897,142.649002],"rotationMatrix":[-0.980049968,0.198751256,0,-0.198751256,-0.980049968,0,0,0,1],"scale":0.769200027,"type":"shrub_g"}
{"ctxid":0,"pos":[-941.223999,-991.343018,142.880005],"rotationMatrix":[0.712869644,-0.701296568,0,0.701296568,0.712869644,0,0,0,1],"scale":0.827000022,"type":"shrub_g"}
{"ctxid":0,"pos":[-945.002991,-989.239014,142.653],"rotationMatrix":[0.036450386,0.999335468,0,-0.999335468,0.036450386,0,0,0,1],"scale":0.909500003,"type":"shrub_g"}
{"ctxid":0,"pos":[-958.835022,-988.703003,142.561005],"rotationMatrix":[0.175415277,-0.984494507,0,0.984494507,0.175415277,0,0,0,1],"scale":0.998399973,"type":"shrub_g"}
{"ctxid":0,"pos":[-968.109985,-983.994995,143.546005],"rotationMatrix":[0.113420725,-0.993547022,0,0.993547022,0.113420725,0,0,0,1],"scale":0.884599984,"type":"shrub_g"}
{"ctxid":0,"pos":[-979.182983,-944.427979,139.25],"rotationMatrix":[0.98853898,-0.15096584,0,0.15096584,0.98853898,0,0,0,1],"scale":0.696500003,"type":"shrub_g"}
{"ctxid":0,"pos":[-977.156982,-950.140991,137.936005],"rotationMatrix":[-0.650744557,-0.759296715,0,0.759296715,-0.650744557,0,0,0,1],"scale":0.50849998,"type":"shrub_g"}
{"ctxid":0,"pos":[-978.65802,-962.245972,139.792007],"rotationMatrix":[-0.195676446,0.980668485,0,-0.980668485,-0.195676446,0,0,0,1],"scale":0.860400021,"type":"shrub_g"}
{"ctxid":0,"pos":[-978.620972,-951.413025,138.847],"rotationMatrix":[0.824768066,0.565471172,0,-0.565471172,0.824768066,0,0,0,1],"scale":0.77759999,"type":"shrub_g"}
{"ctxid":0,"pos":[-977.208984,-940.309021,138.757004],"rotationMatrix":[0.813583851,-0.581447601,0,0.581447601,0.813583851,0,0,0,1],"scale":0.594399989,"type":"shrub_g"}
{"ctxid":0,"pos":[-1005.28998,-118.097,127.869034],"rotationMatrix":[0.27675122,0.889623046,0.363289297,-0.959113717,0.232418358,0.161499739,0.0592389256,-0.393131077,0.917572141],"scale":0.922999978,"type":"shrub_g"}
{"ctxid":0,"pos":[-1011.69,-101.488998,133.901886],"rotationMatrix":[-0.367836118,0.871484697,0.324362576,-0.894837916,-0.426607251,0.131420776,0.252906621,-0.241910622,0.936759055],"scale":0.965900004,"type":"shrub_g"}
{"ctxid":0,"pos":[-1017.07001,-3.94090009,161.158783],"rotationMatrix":[0.448959947,-0.893551886,0,0.893551886,0.448959947,0,0,0,1],"scale":0.973999977,"type":"shrub_g"}
{"ctxid":0,"pos":[-1012.94,-28.7691994,156.703827],"rotationMatrix":[0.544178486,-0.838969469,0,0.838969469,0.544178486,0,0,0,1],"scale":0.941699982,"type":"shrub_g"}
{"ctxid":0,"pos":[-1014.59003,-34.4062004,155.149963],"rotationMatrix":[0.716947079,-0.697127581,0,0.697127581,0.716947079,0,0,0,1],"scale":0.763800025,"type":"shrub_g"}
{"ctxid":0,"pos":[-1005.53003,-27.0013008,153.145584],"rotationMatrix":[0.787578344,0.616214514,0,-0.616214514,0.787578344,0,0,0,1],"scale":0.656300008,"type":"shrub_g"}
{"ctxid":0,"pos":[-35.4710999,529.151001,74.8936005],"rotationMatrix":[0.518819451,0.85488385,0,-0.85488385,0.518819451,0,0,0,1],"scale":0.536499977,"type":"shrub_g"}
{"ctxid":0,"pos":[-239.268997,578.869995,75.0338974],"rotationMatrix":[-0.436512589,-0.899698138,0,0.899698138,-0.436512589,0,0,0,1],"scale":0.513599992,"type":"shrub_g"}
{"ctxid":0,"pos":[-226.270996,578.177979,74.9207001],"rotationMatrix":[-0.427374005,-0.904074907,0,0.904074907,-0.427374005,0,0,0,1],"scale":0.596199989,"type":"shrub_g"}
{"ctxid":0,"pos":[-223.259003,578.580017,74.9151001],"rotationMatrix":[0.25701952,-0.966406226,0,0.966406226,0.25701952,0,0,0,1],"scale":0.692799985,"type":"shrub_g"}
{"ctxid":0,"pos":[-219.919037,572.607971,75.1224518],"rotationMatrix":[0.175193429,-0.984533966,0,0.984533966,0.175193429,0,0,0,0.999999881],"scale":0.886900008,"type":"shrub_g"}
{"ctxid":0,"pos":[-215.537003,573.75,75.1220016],"rotationMatrix":[0.214744806,0.976670206,0,-0.976670206,0.214744806,0,0,0,1],"scale":0.513800025,"type":"shrub_g"}
{"ctxid":0,"pos":[-220.396149,521.601318,74.8879013],"rotationMatrix":[0.532842159,-0.846214652,0,0.846214652,0.532842159,0,0,0,1],"scale":0.799799979,"type":"shrub_g"}
{"ctxid":0,"pos":[-214.199997,534.603027,74.925499],"rotationMatrix":[-0.385478586,-0.922716618,0,0.922716618,-0.385478586,0,0,0,0.999999881],"scale":0.621880293,"type":"shrub_g"}
{"ctxid":0,"pos":[-111.411163,319.670013,106.410393],"rotationMatrix":[-0.788100898,0.606434405,-0.105518274,-0.601070881,-0.795133412,-0.0804769471,-0.132705092,0,0.991155446],"scale":0.960699975,"type":"shrub_g"}
{"ctxid":0,"pos":[-68.9417038,334.460999,113.582001],"rotationMatrix":[0.0524861813,0.998621643,0,-0.998621643,0.0524861813,0,0,0,1],"scale":0.93599999,"type":"shrub_g"}
{"ctxid":0,"pos":[-59.2070999,341.953003,114.096001],"rotationMatrix":[-0.368850589,-0.929488719,0,0.929488719,-0.368850589,0,0,0,1],"scale":0.712100029,"type":"shrub_g"}
{"ctxid":0,"pos":[-99.240799,310.976013,113.620003],"rotationMatrix":[-0.769456625,-0.638699055,0,0.638699055,-0.769456625,0,0,0,1],"scale":0.718599975,"type":"shrub_g"}
{"ctxid":0,"pos":[-169.960007,459.79599,74.3741989],"rotationMatrix":[0.975667834,-0.219253913,0,0.219253913,0.975667834,0,0,0,1],"scale":0.643400013,"type":"shrub_g"}
{"ctxid":0,"pos":[-175.389008,462.300995,76.4680023],"rotationMatrix":[-0.877921939,0.478803784,0,-0.478803784,-0.877921939,0,0,0,1],"scale":0.650300026,"type":"shrub_g"}
{"ctxid":0,"pos":[-172.490005,416.993011,84.251503],"rotationMatrix":[0.514296293,0.85761255,0,-0.85761255,0.514296293,0,0,0,1],"scale":0.586899996,"type":"shrub_g"}
{"ctxid":0,"pos":[-168.972,425.470001,80.1647034],"rotationMatrix":[-0.676280499,-0.736644208,0,0.736644208,-0.676280499,0,0,0,1],"scale":0.892499983,"type":"shrub_g"}
{"ctxid":0,"pos":[-185.966003,417.388,82.2272034],"rotationMatrix":[0.242319584,0.970196486,0,-0.970196486,0.242319584,0,0,0,1],"scale":0.775600016,"type":"shrub_g"}
{"ctxid":0,"pos":[-193.272003,473.436005,74.8544998],"rotationMatrix":[0.856351972,0.516392589,0,-0.516392589,0.856351972,0,0,0,1],"scale":0.558200002,"type":"shrub_g"}
{"ctxid":0,"pos":[-132.526001,348.281006,98.7139969],"rotationMatrix":[0.974326134,0.225141257,0,-0.225141257,0.974326134,0,0,0,1],"scale":1.13399994,"type":"shrub_g"}
{"ctxid":0,"pos":[-151.809006,294.936005,97.9690018],"rotationMatrix":[-0.327798128,0.944747806,0,-0.944747806,-0.327798128,0,0,0,1],"scale":0.50819999,"type":"shrub_g"}
{"ctxid":0,"pos":[-17.2646999,147.684006,127.005997],"rotationMatrix":[0.827245593,0.561840475,0,-0.561840475,0.827245593,0,0,0,1],"scale":0.861400008,"type":"shrub_g"}
{"ctxid":0,"pos":[-88.9718246,104.651222,126.334381],"rotationMatrix":[0.682236075,-0.731131971,0,0.731131971,0.682236075,0,0,0,1],"scale":0.614799976,"type":"shrub_g"}
{"ctxid":0,"pos":[-8.24909973,85.5059967,120.433998],"rotationMatrix":[-0.833229661,-0.552927077,0,0.552927077,-0.833229661,0,0,0,1],"scale":0.741100013,"type":"shrub_g"}
{"ctxid":0,"pos":[-24.7103004,111.453003,126.79184],"rotationMatrix":[0.758904338,-0.651202142,0,0.651202142,0.758904338,0,0,0,1],"scale":0.510900021,"type":"shrub_g"}
{"ctxid":0,"pos":[-371.541992,399.549988,98.0167999],"rotationMatrix":[-0.175044537,0.98456049,0,-0.98456049,-0.175044537,0,0,0,1],"scale":0.50910002,"type":"shrub_g"}
{"ctxid":0,"pos":[-385.123993,287.990997,101.440002],"rotationMatrix":[-0.963765502,-0.266750932,0,0.266750932,-0.963765502,0,0,0,1],"scale":0.597470105,"type":"shrub_g"}
{"ctxid":0,"pos":[-399.484009,274.039001,101.610001],"rotationMatrix":[-0.672620535,0.739987552,0,-0.739987552,-0.672620535,0,0,0,1],"scale":0.569999993,"type":"shrub_g"}
{"ctxid":0,"pos":[-340.334015,207.395004,102.719986],"rotationMatrix":[-0.0957920551,-0.995401382,0,0.995401382,-0.0957920551,0,0,0,1],"scale":0.800400019,"type":"shrub_g"}
{"ctxid":0,"pos":[-414.062988,21.2805004,103.457596],"rotationMatrix":[0.129003882,-0.951157808,0.280457407,0.958851337,0.191775084,0.209346741,-0.252906531,0.241910547,0.936759055],"scale":0.998700023,"type":"shrub_g"}
{"ctxid":0,"pos":[-619.087219,790.790222,74.6440811],"rotationMatrix":[0.998517632,-0.0544222593,0,0.0544222593,0.998517632,0,0,0,0.999999404],"scale":0.769800007,"type":"shrub_g"}
{"ctxid":0,"pos":[-530.882019,729.213989,76.0557022],"rotationMatrix":[0.980713606,0.195450306,0,-0.195450306,0.980713606,0,0,0,1],"scale":0.820299983,"type":"shrub_g"}
{"ctxid":0,"pos":[-533.002014,726.265015,76.9936981],"rotationMatrix":[0.479187846,-0.877712369,0,0.877712369,0.479187846,0,0,0,1],"scale":0.957799971,"type":"shrub_g"}
{"ctxid":0,"pos":[-618.362976,635.231995,98.1380005],"rotationMatrix":[-0.693536043,-0.72042191,0,0.72042191,-0.693536043,0,0,0,1],"scale":0.954900026,"type":"shrub_g"}
{"ctxid":0,"pos":[-614.15564,619.356567,93.2784348],"rotationMatrix":[0.655051827,0.755583942,0,-0.755583942,0.655051827,0,0,0,1],"scale":0.692200005,"type":"shrub_g"}
{"ctxid":0,"pos":[-630.811646,650.817505,92.4326019],"rotationMatrix":[-0.999599934,0.0282837879,0,-0.0282837879,-0.999599934,0,0,0,1],"scale":0.71359998,"type":"shrub_g"}
{"ctxid":0,"pos":[-682.129028,637.432983,105.819],"rotationMatrix":[-0.92746985,0.37389794,0,-0.37389794,-0.92746985,0,0,0,1],"scale":0.771200001,"type":"shrub_g"}
{"ctxid":0,"pos":[-682.291016,634.682983,105.642998],"rotationMatrix":[0.073022604,-0.997330308,0,0.997330308,0.073022604,0,0,0,1],"scale":0.969900012,"type":"shrub_g"}
{"ctxid":0,"pos":[-695.94397,634.708984,105.532997],"rotationMatrix":[-0.752566457,-0.658516288,0,0.658516288,-0.752566457,0,0,0,1],"scale":0.961700022,"type":"shrub_g"}
{"ctxid":0,"pos":[-710.023987,632.015015,105.712997],"rotationMatrix":[-0.972892523,-0.231257737,0,0.231257737,-0.972892523,0,0,0,1],"scale":0.617500007,"type":"shrub_g"}
{"ctxid":0,"pos":[-851.86499,861.166992,75.0678024],"rotationMatrix":[0.722040296,-0.69185102,0,0.69185102,0.722040296,0,0,0,1],"scale":0.665700018,"type":"shrub_g"}
{"ctxid":0,"pos":[-874.557434,860.850708,75.1505508],"rotationMatrix":[-0.96367985,0.267059684,0,-0.267059684,-0.96367985,0,0,0,0.999999881],"scale":0.90259999,"type":"shrub_g"}
{"ctxid":0,"pos":[-856.354004,82.4241028,135.54068],"rotationMatrix":[-0.103856683,-0.917092741,-0.384909093,0.98053652,-0.159243584,0.114847615,-0.166620135,-0.365489662,0.91578114],"scale":0.667999983,"type":"shrub_g"}
{"ctxid":0,"pos":[-849.919983,68.9856033,129.220993],"rotationMatrix":[-0.814131618,0.58068037,0,-0.58068037,-0.814131618,0,0,0,1],"scale":0.827400029,"type":"shrub_g"}
{"ctxid":0,"pos":[-830.935974,49.3728981,123.602844],"rotationMatrix":[0.827262759,0.0976350605,0.553266287,-0.148705676,0.987713516,0.0480477102,-0.541777492,-0.122021943,0.831617534],"scale":0.852199972,"type":"shrub_g"}
{"ctxid":0,"pos":[-869.567993,93.9112015,140.343521],"rotationMatrix":[0.326098919,-0.945253789,-0.0124274194,0.944172323,0.325017631,0.0538681,-0.0468799062,-0.0292999465,0.998470724],"scale":0.735700011,"type":"shrub_g"}
{"ctxid":0,"pos":[-840.640015,10.3219004,119.459999],"rotationMatrix":[0.996302009,0.0859203562,0,-0.0859203562,0.996302009,0,0,0,1],"scale":0.635500014,"type":"shrub_g"}
{"ctxid":0,"pos":[-831.700012,17.2630005,117.490997],"rotationMatrix":[-0.181799412,-0.983335614,0,0.983335614,-0.181799412,0,0,0,1],"scale":0.871500015,"type":"shrub_g"}
{"ctxid":0,"pos":[-836.911987,22.2910004,119.407997],"rotationMatrix":[-0.91101253,0.412378669,0,-0.412378669,-0.91101253,0,0,0,1],"scale":0.757499993,"type":"shrub_g"}
{"ctxid":0,"pos":[-989.744995,166.233002,161.291],"rotationMatrix":[-0.299916983,-0.953965306,0,0.953965306,-0.299916983,0,0,0,1],"scale":0.798200011,"type":"shrub_g"}
{"ctxid":0,"pos":[-974.252991,144.998001,158.417999],"rotationMatrix":[-0.46615684,0.884702086,0,-0.884702086,-0.46615684,0,0,0,1],"scale":0.686399996,"type":"shrub_g"}
{"ctxid":0,"pos":[-958.093994,130.397003,153.675003],"rotationMatrix":[-0.595255256,0.803536654,0,-0.803536654,-0.595255256,0,0,0,1],"scale":0.980400026,"type":"shrub_g"}
{"ctxid":0,"pos":[-908.799988,130.785995,148.778],"rotationMatrix":[-0.932184935,-0.361982375,0,0.361982375,-0.932184935,0,0,0,1],"scale":0.723500013,"type":"shrub_g"}
{"ctxid":0,"pos":[-993.929016,94.0404968,167.768997],"rotationMatrix":[0.420250893,-0.907407939,0,0.907407939,0.420250893,0,0,0,1],"scale":0.50910002,"type":"shrub_g"}
{"ctxid":0,"pos":[-877.05603,34.0303993,127.257454],"rotationMatrix":[0.500220597,0.714012206,-0.489863098,-0.518550694,0.700082183,0.49090749,0.693458378,0.00845682621,0.720447063],"scale":0.877200007,"type":"shrub_g"}
{"ctxid":0,"pos":[-1011.90002,8.9769001,156.505798],"rotationMatrix":[-0.993205786,0.116371244,0,-0.116371244,-0.993205786,0,0,0,1],"scale":0.548799992,"type":"shrub_g"}
{"ctxid":0,"pos":[-1051.77002,62.0716019,181.556],"rotationMatrix":[-0.154592156,0.987978399,0,-0.987978399,-0.154592156,0,0,0,1],"scale":0.740199983,"type":"shrub_g"}
{"ctxid":0,"pos":[-1104.18994,96.3544006,202.936996],"rotationMatrix":[0.190499067,-0.981687367,0,0.981687367,0.190499067,0,0,0,1],"scale":0.883599997,"type":"shrub_g"}
{"ctxid":0,"pos":[-1115.18005,893.559998,84.7668991],"rotationMatrix":[-0.631179214,-0.775637031,0,0.775637031,-0.631179214,0,0,0,1],"scale":0.564599991,"type":"shrub_g"}
{"ctxid":0,"pos":[-1112.63,881.786011,87.3455963],"rotationMatrix":[-0.159764528,0.987155139,0,-0.987155139,-0.159764528,0,0,0,1],"scale":0.808200002,"type":"shrub_g"}
{"ctxid":0,"pos":[-1117.95996,959.672974,81.1532974],"rotationMatrix":[0.950261354,-0.311453611,0,0.311453611,0.950261354,0,0,0,1],"scale":0.550000012,"type":"shrub_g"}
{"ctxid":0,"pos":[-1109.31995,947.018005,78.2856979],"rotationMatrix":[0.205695868,-0.97861594,0,0.97861594,0.205695868,0,0,0,1],"scale":0.773999989,"type":"shrub_g"}
{"ctxid":0,"pos":[-1111.34998,950.073975,79.0852966],"rotationMatrix":[-0.946759105,0.321942836,0,-0.321942836,-0.946759105,0,0,0,1],"scale":0.643400013,"type":"shrub_g"}
{"ctxid":0,"pos":[-1118.53003,999.403015,77.0978012],"rotationMatrix":[-0.957824826,0.287352741,0,-0.287352741,-0.957824826,0,0,0,1],"scale":0.567900002,"type":"shrub_g"}
{"ctxid":0,"pos":[-1017.64001,199.938004,167.853622],"rotationMatrix":[0.623288035,0.781992316,0,-0.781992316,0.623288035,0,0,0,1],"scale":0.56279999,"type":"shrub_g"}
{"ctxid":0,"pos":[-1008.01001,190.311996,165.759216],"rotationMatrix":[-0.875597119,0.483042121,0,-0.483042121,-0.875597119,0,0,0,1],"scale":0.661899984,"type":"shrub_g"}
{"ctxid":0,"pos":[-1004.47998,187.787003,164.518677],"rotationMatrix":[0.0378381014,0.99928391,0,-0.99928391,0.0378381014,0,0,0,1],"scale":0.718100011,"type":"shrub_g"}
{"ctxid":0,"pos":[-1028.5,220.565994,174.147003],"rotationMatrix":[-0.668964505,0.743294358,0,-0.743294358,-0.668964505,0,0,0,1],"scale":0.979300022,"type":"shrub_g"}
{"ctxid":0,"pos":[1003.64001,-49.4645996,152.107834],"rotationMatrix":[-0.954659939,-0.297698498,0,0.297698498,-0.954659939,0,0,0,1],"scale":0.626999974,"type":"shrub_g"}
{"ctxid":0,"pos":[1023.17999,-48.0845985,154.368423],"rotationMatrix":[0.980676889,0.179529905,0.0777290687,-0.182326823,0.982765973,0.0304626375,-0.0709205344,-0.044046104,0.996509016],"scale":0.59740001,"type":"shrub_g"}
{"ctxid":0,"pos":[1000.56,-741.784973,166.074997],"rotationMatrix":[0.970863104,-0.239634797,0,0.239634797,0.970863104,0,0,0,1],"scale":0.877900004,"type":"shrub_g"}
{"ctxid":0,"pos":[1038.65002,-710.340027,168.197006],"rotationMatrix":[-0.561144471,-0.8277179,0,0.8277179,-0.561144471,0,0,0,1],"scale":0.850199997,"type":"shrub_g"}
{"ctxid":0,"pos":[1019.90002,-818.544006,165.677917],"rotationMatrix":[0.235410213,0.971896112,0,-0.971896112,0.235410213,0,0,0,1],"scale":0.99940002,"type":"shrub_g"}
{"ctxid":0,"pos":[1021.19,-779.950989,166.310196],"rotationMatrix":[-0.185799956,-0.982587576,0,0.982587576,-0.185799956,0,0,0,1],"scale":1.17040002,"type":"shrub_g"}
{"ctxid":0,"pos":[1019.84998,-781.843994,166.290649],"rotationMatrix":[0.46728158,-0.884108543,0,0.884108543,0.46728158,0,0,0,1],"scale":1.16050005,"type":"shrub_g"}
{"ctxid":0,"pos":[1017.21997,-828.88501,166.561829],"rotationMatrix":[0.992919445,-0.118789628,0,0.118789628,0.992919445,0,0,0,1],"scale":1.12709999,"type":"shrub_g"}
{"ctxid":0,"pos":[1014.87,-809.327026,165.527023],"rotationMatrix":[-0.204662323,0.978832662,0,-0.978832662,-0.204662323,0,0,0,1],"scale":1.04089999,"type":"shrub_g"}
{"ctxid":0,"pos":[1032.31006,-832.005005,170.826004],"rotationMatrix":[-0.730916142,0.682467282,0,-0.682467282,-0.730916142,0,0,0,1],"scale":0.943099976,"type":"shrub_g"}
{"ctxid":0,"pos":[1034.78003,-826.48999,170.949005],"rotationMatrix":[-0.494374871,-0.869248807,0,0.869248807,-0.494374871,0,0,0,1],"scale":0.854399979,"type":"shrub_g"}
{"ctxid":0,"pos":[1035.04004,-839.960022,171.5],"rotationMatrix":[0.721742034,0.692162156,0,-0.692162156,0.721742034,0,0,0,1],"scale":0.915000021,"type":"shrub_g"}
{"ctxid":0,"pos":[1037.81995,-853.094971,174.242004],"rotationMatrix":[-0.664582491,0.747214913,0,-0.747214913,-0.664582491,0,0,0,1],"scale":0.964699984,"type":"shrub_g"}
{"ctxid":0,"pos":[1005.84003,-927.663025,170.830521],"rotationMatrix":[-0.063757062,-0.997965455,0,0.997965455,-0.063757062,0,0,0,1],"scale":0.629700005,"type":"shrub_g"}
{"ctxid":0,"pos":[888.981628,-204.401123,152.777252],"rotationMatrix":[-0.829113603,0.553856254,0.0762432665,-0.552158594,-0.832591295,0.0437237509,0.0876961946,-0.00584641099,0.996130109],"scale":0.960699975,"type":"shrub_g"}
{"ctxid":0,"pos":[841.627014,-241.891998,156.151382],"rotationMatrix":[-0.111990094,-0.993692338,-0.00574866682,0.992308199,-0.111523271,-0.0537252128,0.0527452342,-0.0117211584,0.998539209],"scale":1.09119999,"type":"shrub_g"}
{"ctxid":0,"pos":[622.695984,-151.231995,146.664993],"rotationMatrix":[0.777822256,0.628484309,0,-0.628484309,0.777822256,0,0,0,1],"scale":0.907400012,"type":"shrub_g"}
{"ctxid":0,"pos":[615.547974,-142.593002,146.757004],"rotationMatrix":[0.125100017,-0.992144108,0,0.992144108,0.125100017,0,0,0,1],"scale":0.651300013,"type":"shrub_g"}
{"ctxid":0,"pos":[966.366028,-640.809021,167.915726],"rotationMatrix":[-0.602035642,-0.796208024,-0.060048122,0.797647357,-0.603123963,0,-0.0362164639,-0.0478972271,0.99819541],"scale":1.02569997,"type":"shrub_g"}
{"ctxid":0,"pos":[974.401978,-651.080017,167.381348],"rotationMatrix":[0.999955893,-0.00939217396,0,0.00939217396,0.999955893,0,0,0,1],"scale":1.10249996,"type":"shrub_g"}
{"ctxid":0,"pos":[815.47699,-677.210022,175.886002],"rotationMatrix":[-0.993205786,0.116371244,0,-0.116371244,-0.993205786,0,0,0,1],"scale":0.941100001,"type":"shrub_g"}
{"ctxid":0,"pos":[805.731995,-658.893982,176.013],"rotationMatrix":[-0.0118954182,0.999929249,0,-0.999929249,-0.0118954182,0,0,0,1],"scale":0.51880002,"type":"shrub_g"}
{"ctxid":0,"pos":[982.143982,-826.427979,167.602005],"rotationMatrix":[0.993905902,-0.110231839,0,0.110231839,0.993905902,0,0,0,1],"scale":0.659099996,"type":"shrub_g"}
{"ctxid":0,"pos":[992.554016,-946.455017,170.75798],"rotationMatrix":[0.734279513,0.678847253,0,-0.678847253,0.734279513,0,0,0,1],"scale":0.801699996,"type":"shrub_g"}
{"ctxid":0,"pos":[989.838989,-949.382019,170.485229],"rotationMatrix":[0.129591942,-0.991567433,0,0.991567433,0.129591942,0,0,0,1],"scale":0.769900024,"type":"shrub_g"}
{"ctxid":0,"pos":[980.091003,-973.116028,171.354294],"rotationMatrix":[-0.491609931,0.870815516,0,-0.870815516,-0.491609931,0,0,0,1],"scale":0.863600016,"type":"shrub_g"}
{"ctxid":0,"pos":[979.085022,-966.737976,169.647827],"rotationMatrix":[-0.971303701,0.237842634,0,-0.237842634,-0.971303701,0,0,0,1],"scale":0.915400028,"type":"shrub_g"}
{"ctxid":0,"pos":[929.429993,-995.659973,168.35788],"rotationMatrix":[-0.0370880365,0.999311984,0,-0.999311984,-0.0370880365,0,0,0,1],"scale":0.948099971,"type":"shrub_g"}
{"ctxid":0,"pos":[916.025024,-987.25,175.404007],"rotationMatrix":[-0.149734497,-0.988726258,0,0.988726258,-0.149734497,0,0,0,1],"scale":0.532999992,"type":"shrub_g"}
{"ctxid":0,"pos":[714.208008,-702.507019,202.181198],"rotationMatrix":[-0.997877479,0.0275825579,0.0589948893,-0.0489677191,-0.915000558,-0.400470644,0.0429343358,-0.402509362,0.914408505],"scale":0.85619998,"type":"shrub_g"}
{"ctxid":0,"pos":[721.257019,-693.252991,205.994827],"rotationMatrix":[0.10188365,0.931433976,0.34935686,-0.993288219,0.0759202838,0.0872605592,0.0547542274,-0.355902493,0.932917655],"scale":0.884800017,"type":"shrub_g"}
{"ctxid":0,"pos":[703.271973,-699.731995,203.984283],"rotationMatrix":[-0.993479729,-0.0898492932,0.0701814964,0.0527027659,-0.907779455,-0.416124105,0.101097755,-0.409712017,0.906595469],"scale":0.612600029,"type":"shrub_g"}
{"ctxid":0,"pos":[496.618011,-28.6949005,144.151993],"rotationMatrix":[-0.373818994,0.927501678,0,-0.927501678,-0.373818994,0,0,0,1],"scale":0.700100005,"type":"shrub_g"}
{"ctxid":0,"pos":[293.972992,-931.523987,146.835678],"rotationMatrix":[-0.471056342,0.872282207,0.131260484,-0.861462772,-0.422910929,-0.2811189,-0.189703554,-0.245498911,0.950653911],"scale":0.529100001,"type":"shrub_g"}
{"ctxid":0,"pos":[313.696991,-937.723999,145.824005],"rotationMatrix":[0.573296785,0.819347799,0,-0.819347799,0.573296785,0,0,0,1],"scale":0.952199996,"type":"shrub_g"}
{"ctxid":0,"pos":[334.528992,-945.474976,144.070999],"rotationMatrix":[0.811256289,0.58469069,0,-0.58469069,0.811256289,0,0,0,1],"scale":0.754800022,"type":"shrub_g"}
{"ctxid":0,"pos":[324.681,-946.854004,143.178223],"rotationMatrix":[0.262466729,0.888712049,0.375901341,-0.964193344,0.256875753,0.0659217834,-0.0379743725,-0.379743934,0.924311876],"scale":0.853200018,"type":"shrub_g"}
{"ctxid":0,"pos":[323.480988,-937.83197,147.005997],"rotationMatrix":[0.997550011,0.0699569583,0,-0.0699569583,0.997550011,0,0,0,1],"scale":0.507700026,"type":"shrub_g"}
{"ctxid":0,"pos":[322.394989,-941.909973,144.867996],"rotationMatrix":[0.79635036,0.604835629,0,-0.604835629,0.79635036,0,0,0,1],"scale":0.625,"type":"shrub_g"}
{"ctxid":0,"pos":[190.419006,-694.258972,139.940994],"rotationMatrix":[0.0141112804,0.99990046,0,-0.99990046,0.0141112804,0,0,0,1],"scale":0.771899998,"type":"shrub_g"}
{"ctxid":0,"pos":[213.227997,-744.622009,146.098007],"rotationMatrix":[-0.423659325,-0.905821621,0,0.905821621,-0.423659325,0,0,0,1],"scale":0.634199977,"type":"shrub_g"}
{"ctxid":0,"pos":[224.337997,-734.908997,145.848999],"rotationMatrix":[0.741087914,-0.671407998,0,0.671407998,0.741087914,0,0,0,1],"scale":0.624800026,"type":"shrub_g"}
{"ctxid":0,"pos":[225.990005,-732.562012,145.610992],"rotationMatrix":[-0.736502528,0.676434815,0,-0.676434815,-0.736502528,0,0,0,1],"scale":0.890399992,"type":"shrub_g"}
{"ctxid":0,"pos":[220.266006,-933.06897,139.348923],"rotationMatrix":[-0.453877449,-0.752479434,-0.477252543,0.885237217,-0.441932201,-0.145089597,-0.101736322,-0.488334626,0.866705835],"scale":0.583199978,"type":"shrub_g"}
{"ctxid":0,"pos":[232.229004,-924.216003,144.379532],"rotationMatrix":[-0.998209834,-0.0589820445,0.00985479355,0.047519058,-0.882415414,-0.468064129,0.0363034122,-0.466758192,0.883639514],"scale":0.69660002,"type":"shrub_g"}
{"ctxid":0,"pos":[8.88360023,-962.04303,129.845001],"rotationMatrix":[-0.683979392,-0.729501307,0,0.729501307,-0.683979392,0,0,0,1],"scale":0.567700028,"type":"shrub_g"}
{"ctxid":0,"pos":[1004.62,793.20697,137.531479],"rotationMatrix":[-0.659113169,-0.752043784,0,0.752043784,-0.659113169,0,0,0,1],"scale":0.908599973,"type":"shrub_g"}
{"ctxid":0,"pos":[1000.20001,791.882019,136.698715],"rotationMatrix":[-0.990810513,-0.135257259,0,0.135257259,-0.990810513,0,0,0,1],"scale":1.23409998,"type":"shrub_g"}
{"ctxid":0,"pos":[1006.03998,781.25,137.814301],"rotationMatrix":[0.280479908,0.959859908,0,-0.959859908,0.280479908,0,0,0,1],"scale":1.26240003,"type":"shrub_g"}
{"ctxid":0,"pos":[1009.32001,775.625,138.645355],"rotationMatrix":[0.00306731462,0.99892056,-0.0463443026,-0.983877897,-0.00527238846,-0.178762048,-0.178813487,0.0461454168,0.982800245],"scale":1.19840002,"type":"shrub_g"}
{"ctxid":0,"pos":[1007.01001,295.096985,157.227249],"rotationMatrix":[0.996089399,-0.0337939337,-0.0816322267,0.0320816934,0.999238729,-0.0221967362,0.0823201984,0.0194910355,0.996415317],"scale":1.23430002,"type":"shrub_g"}
{"ctxid":0,"pos":[1011.71997,274.890991,157.688019],"rotationMatrix":[-0.756912947,0.580580115,-0.300015211,-0.54463315,-0.814129353,-0.201414332,-0.361188412,0.0109451115,0.932428598],"scale":1.25380003,"type":"shrub_g"}
{"ctxid":0,"pos":[820.179382,851.020569,123.115997],"rotationMatrix":[0.980239272,0.197815493,0,-0.197815493,0.980239272,0,0,0,1],"scale":0.621800005,"type":"shrub_g"}
{"ctxid":0,"pos":[838.844971,832.914001,126.979904],"rotationMatrix":[0.873117745,0.481631368,0.0754759461,-0.436860532,0.841688037,-0.317354858,-0.216375276,0.244115666,0.945298493],"scale":0.941600025,"type":"shrub_g"}
{"ctxid":0,"pos":[507.058014,777.726013,122.089996],"rotationMatrix":[0.662158012,-0.749364257,0,0.749364257,0.662158012,0,0,0,1],"scale":0.907500029,"type":"shrub_g"}
{"ctxid":0,"pos":[949.106995,134.205994,158.098587],"rotationMatrix":[-0.638501406,-0.751365483,0.166629434,0.675671756,-0.65092504,-0.346068829,0.368487537,-0.108378701,0.923293531],"scale":0.937399983,"type":"shrub_g"}
