{"ctxid":0,"pos":[-354.846008,-617.742981,126.601906],"rotationMatrix":[-0.965351343,-0.260953605,0,0.260953605,-0.965351343,0,0,0,1],"scale":1.23150003,"type":"tree_cypress"}
{"ctxid":0,"pos":[-457.750458,-520.983337,122.112],"rotationMatrix":[-0.831315279,0.555801153,0,-0.555801153,-0.831315279,0,0,0,1],"scale":1.58440006,"type":"tree_cypress"}
{"ctxid":0,"pos":[-694.888245,-460.797485,105.036453],"rotationMatrix":[-0.907104373,-0.420905769,0,0.420905769,-0.907104373,0,0,0,1],"scale":2.53629994,"type":"tree_cypress"}
{"ctxid":0,"pos":[-643.33197,-461.630005,111.649734],"rotationMatrix":[0.142473936,-0.989798546,0,0.989798546,0.142473936,0,0,0,1],"scale":2.51489997,"type":"tree_cypress"}
{"ctxid":0,"pos":[-580.099976,-502.923004,119.877998],"rotationMatrix":[-0.943209052,0.332199752,0,-0.332199752,-0.943209052,0,0,0,1],"scale":2.16849995,"type":"tree_cypress"}
{"ctxid":0,"pos":[-558.494019,-507.238007,120.665001],"rotationMatrix":[-0.721996903,-0.69189626,0,0.69189626,-0.721996903,0,0,0,1],"scale":2.9454999,"type":"tree_cypress"}
{"ctxid":0,"pos":[-668.092224,-517.719849,109.34742],"rotationMatrix":[-0.421972632,0.906608582,0,-0.906608582,-0.421972632,0,0,0,1],"scale":2.75390005,"type":"tree_cypress"}
{"ctxid":0,"pos":[-688.621338,-529.251648,108.682999],"rotationMatrix":[-0.00196158886,0.999998093,0,-0.999998093,-0.00196158886,0,0,0,1],"scale":2.84260011,"type":"tree_cypress"}
{"ctxid":0,"pos":[-242.621994,577.473022,75.271698],"rotationMatrix":[0.555564165,0.831473649,0,-0.831473649,0.555564165,0,0,0,1],"scale":2.54570007,"type":"tree_cypress"}
{"ctxid":0,"pos":[-251.779999,574.544006,75.3401031],"rotationMatrix":[0.126422405,-0.9919765,0,0.9919765,0.126422405,0,0,0,1],"scale":2.54439998,"type":"tree_cypress"}
{"ctxid":0,"pos":[-279.57901,609.424988,74.6204987],"rotationMatrix":[0.960911989,0.276854008,0,-0.276854008,0.960911989,0,0,0,1],"scale":2.77209997,"type":"tree_cypress"}
{"ctxid":0,"pos":[-298.282013,592.744995,74.6333008],"rotationMatrix":[-0.999599934,-0.0282837879,0,0.0282837879,-0.999599934,0,0,0,1],"scale":2.48259997,"type":"tree_cypress"}
{"ctxid":0,"pos":[-278.459015,613.166992,74.6294022],"rotationMatrix":[0.419389129,0.907806575,0,-0.907806575,0.419389129,0,0,0,1],"scale":2.43899989,"type":"tree_cypress"}
{"ctxid":0,"pos":[-278.678009,575.91803,74.6218033],"rotationMatrix":[-0.293153524,-0.956065357,0,0.956065357,-0.293153524,0,0,0,1],"scale":2.00970006,"type":"tree_cypress"}
{"ctxid":0,"pos":[-279.692993,570.257019,74.6258011],"rotationMatrix":[0.815168023,-0.579224586,0,0.579224586,0.815168023,0,0,0,1],"scale":2.9217999,"type":"tree_cypress"}
{"ctxid":0,"pos":[-547.978027,759.447998,74.6126022],"rotationMatrix":[-0.54036355,-0.841431677,0,0.841431677,-0.54036355,0,0,0,1],"scale":2.07489991,"type":"tree_cypress"}
{"ctxid":0,"pos":[-557.533997,759.72699,74.6303024],"rotationMatrix":[0.708610177,-0.705600202,0,0.705600202,0.708610177,0,0,0,1],"scale":2.75189996,"type":"tree_cypress"}
{"ctxid":0,"pos":[-697.52301,792.138,79.8457184],"rotationMatrix":[0.425193667,0.905102372,0,-0.905102372,0.425193667,0,0,0,1],"scale":2.96519995,"type":"tree_cypress"}
{"ctxid":0,"pos":[-688.617065,801.432617,74.6612015],"rotationMatrix":[0.554432034,0.832229018,0,-0.832229018,0.554432034,0,0,0,1],"scale":2.81010008,"type":"tree_cypress"}
{"ctxid":0,"pos":[-726.015015,760.198059,85.2766037],"rotationMatrix":[0.978492618,-0.206281841,0,0.206281841,0.978492618,0,0,0,1],"scale":1.94360006,"type":"tree_cypress"}
{"ctxid":0,"pos":[-616.396973,625.940979,98.1300964],"rotationMatrix":[0.758348465,0.651849389,0,-0.651849389,0.758348465,0,0,0,1],"scale":2.38940001,"type":"tree_cypress"}
{"ctxid":0,"pos":[-567.268005,543.263977,97.2177963],"rotationMatrix":[0.181567907,0.98337841,0,-0.98337841,0.181567907,0,0,0,1],"scale":2.69490004,"type":"tree_cypress"}
{"ctxid":0,"pos":[-577.91803,534.96698,100.008003],"rotationMatrix":[-0.988815784,0.149142027,0,-0.149142027,-0.988815784,0,0,0,1],"scale":2.61380005,"type":"tree_cypress"}
{"ctxid":0,"pos":[-564.607971,548.257019,96.0477982],"rotationMatrix":[-0.584555984,0.811353385,0,-0.811353385,-0.584555984,0,0,0,1],"scale":2.07620001,"type":"tree_cypress"}
{"ctxid":0,"pos":[-553.718018,558.906006,92.8416977],"rotationMatrix":[-0.888013124,0.459818095,0,-0.459818095,-0.888013124,0,0,0,1],"scale":2.74410009,"type":"tree_cypress"}
{"ctxid":0,"pos":[-575.367004,528.872986,100.731422],"rotationMatrix":[0.990115881,-0.140251711,0,0.140251711,0.990115881,0,0,0,1],"scale":2.52489996,"type":"tree_cypress"}
{"ctxid":0,"pos":[-568.112976,525.617004,100.577774],"rotationMatrix":[-0.816799283,0.57692194,0,-0.57692194,-0.816799283,0,0,0,1],"scale":2.54879999,"type":"tree_cypress"}
{"ctxid":0,"pos":[-560.39502,523.450989,99.5219727],"rotationMatrix":[-0.349395871,-0.936975181,0,0.936975181,-0.349395871,0,0,0,1],"scale":2.71679997,"type":"tree_cypress"}
{"ctxid":0,"pos":[-527.848022,551.929993,91.901001],"rotationMatrix":[-0.144584537,0.989492476,0,-0.989492476,-0.144584537,0,0,0,1],"scale":2.3433001,"type":"tree_cypress"}
{"ctxid":0,"pos":[-531.679993,555.809998,91.4766006],"rotationMatrix":[0.681597948,0.731726885,0,-0.731726885,0.681597948,0,0,0,1],"scale":2.3908,"type":"tree_cypress"}
{"ctxid":0,"pos":[-535.958984,560.52002,90.9694977],"rotationMatrix":[0.99576807,0.0919018537,0,-0.0919018537,0.99576807,0,0,0,1],"scale":2.93039989,"type":"tree_cypress"}
{"ctxid":0,"pos":[-540.585022,565.401001,90.4477005],"rotationMatrix":[-0.0567672253,-0.998387456,0,0.998387456,-0.0567672253,0,0,0,1],"scale":2.38579988,"type":"tree_cypress"}
{"ctxid":0,"pos":[-725.229004,670.622009,103.402],"rotationMatrix":[0.83936882,-0.543562293,0,0.543562293,0.83936882,0,0,0,1],"scale":2.671,"type":"tree_cypress"}
{"ctxid":0,"pos":[-710.708008,671.034973,103.402],"rotationMatrix":[-0.263096213,-0.964769602,0,0.964769602,-0.263096213,0,0,0,1],"scale":2.84629989,"type":"tree_cypress"}
{"ctxid":0,"pos":[-698.804993,670.890991,103.402],"rotationMatrix":[-0.880248427,-0.474513113,0,0.474513113,-0.880248427,0,0,0,1],"scale":2.5250001,"type":"tree_cypress"}
{"ctxid":0,"pos":[-698.416016,678.487,103.402],"rotationMatrix":[0.994146347,0.108041845,0,-0.108041845,0.994146347,0,0,0,1],"scale":2.96029997,"type":"tree_cypress"}
{"ctxid":0,"pos":[-687.60498,628.599976,105.946999],"rotationMatrix":[-0.882964253,0.469440222,0,-0.469440222,-0.882964253,0,0,0,1],"scale":2.95169997,"type":"tree_cypress"}
{"ctxid":0,"pos":[-671.778992,627.073975,106.004997],"rotationMatrix":[-0.990810513,-0.135257259,0,0.135257259,-0.990810513,0,0,0,1],"scale":2.20799994,"type":"tree_cypress"}
{"ctxid":0,"pos":[-681.142029,629.744019,105.971001],"rotationMatrix":[0.46418047,-0.885740638,0,0.885740638,0.46418047,0,0,0,1],"scale":2.68309999,"type":"tree_cypress"}
{"ctxid":0,"pos":[-691.099976,624.96698,107.378998],"rotationMatrix":[-0.0860431194,0.996291399,0,-0.996291399,-0.0860431194,0,0,0,1],"scale":2.09089994,"type":"tree_cypress"}
{"ctxid":0,"pos":[-675.71698,622.791016,106.059998],"rotationMatrix":[-0.939268231,-0.343183905,0,0.343183905,-0.939268231,0,0,0,1],"scale":2.69720006,"type":"tree_cypress"}
{"ctxid":0,"pos":[-655.585022,593.354004,107.067001],"rotationMatrix":[0.605905533,0.795536578,0,-0.795536578,0.605905533,0,0,0,1],"scale":2.65709996,"type":"tree_cypress"}
{"ctxid":0,"pos":[-653.383972,598.78302,106.130997],"rotationMatrix":[0.948671937,-0.316261858,0,0.316261858,0.948671937,0,0,0,1],"scale":2.49020004,"type":"tree_cypress"}
{"ctxid":0,"pos":[-648.340027,601.859985,105.994003],"rotationMatrix":[0.0104568005,0.999945343,0,-0.999945343,0.0104568005,0,0,0,1],"scale":2.22199988,"type":"tree_cypress"}
{"ctxid":0,"pos":[-645.625,606.958008,105.971001],"rotationMatrix":[0.984158039,0.17729342,0,-0.17729342,0.984158039,0,0,0,1],"scale":2.04159999,"type":"tree_cypress"}
{"ctxid":0,"pos":[-641.346985,608.981018,105.969002],"rotationMatrix":[-0.196604609,-0.980482876,0,0.980482876,-0.196604609,0,0,0,1],"scale":2.81940007,"type":"tree_cypress"}
{"ctxid":0,"pos":[-648.955017,617.304993,105.986],"rotationMatrix":[0.763190389,-0.646173656,0,0.646173656,0.763190389,0,0,0,1],"scale":2.40879989,"type":"tree_cypress"}
{"ctxid":0,"pos":[-646.625,612.669006,105.949997],"rotationMatrix":[-0.934937954,0.354811251,0,-0.354811251,-0.934937954,0,0,0,1],"scale":2.21679997,"type":"tree_cypress"}
{"ctxid":0,"pos":[-868.458008,567.731018,128.893997],"rotationMatrix":[-1,0,0,0,-1,0,0,0,1],"scale":2.06599998,"type":"tree_cypress"}
{"ctxid":0,"pos":[-874.765076,567.90387,128.516006],"rotationMatrix":[-0.977662802,-0.210179552,0,0.210179552,-0.977662802,0,0,0,1],"scale":2.3519001,"type":"tree_cypress"}
{"ctxid":0,"pos":[-868.546997,573.299988,128.272995],"rotationMatrix":[0.355887532,0.934528768,0,-0.934528768,0.355887532,0,0,0,1],"scale":2.13170004,"type":"tree_cypress"}
{"ctxid":0,"pos":[-868.583008,581.822998,126.473],"rotationMatrix":[0.99977529,0.0211983137,0,-0.0211983137,0.99977529,0,0,0,1],"scale":2.38549995,"type":"tree_cypress"}
{"ctxid":0,"pos":[-905.927002,670.971985,111.936996],"rotationMatrix":[0.759043217,-0.651040256,0,0.651040256,0.759043217,0,0,0,1],"scale":1.39619994,"type":"tree_cypress"}
{"ctxid":0,"pos":[-892.755005,568.682983,130.572998],"rotationMatrix":[0.746528029,0.665353954,0,-0.665353954,0.746528029,0,0,0,1],"scale":2.36260009,"type":"tree_cypress"}
{"ctxid":0,"pos":[-907.481689,607.085022,121.690002],"rotationMatrix":[-0.0138880014,0.99990356,0,-0.99990356,-0.0138880014,0,0,0,1],"scale":2.32249999,"type":"tree_cypress"}
{"ctxid":0,"pos":[-535.262878,458.272705,103.387001],"rotationMatrix":[0.716344833,-0.697746456,0,0.697746456,0.716344833,0,0,0,1],"scale":2.01270008,"type":"tree_cypress"}
{"ctxid":0,"pos":[-537.408997,460.087006,103.347],"rotationMatrix":[-0.535452962,-0.844565034,0,0.844565034,-0.535452962,0,0,0,1],"scale":2.44490004,"type":"tree_cypress"}
{"ctxid":0,"pos":[-540.450012,464.134003,103.396004],"rotationMatrix":[0.973411798,0.229062155,0,-0.229062155,0.973411798,0,0,0,1],"scale":2.21210003,"type":"tree_cypress"}
{"ctxid":0,"pos":[-543.086975,467.196991,103.440002],"rotationMatrix":[0.237387419,-0.971415043,0,0.971415043,0.237387419,0,0,0,1],"scale":2.76020002,"type":"tree_cypress"}
{"ctxid":0,"pos":[-548.86499,471.295013,103.751999],"rotationMatrix":[-0.689489603,0.724295557,0,-0.724295557,-0.689489603,0,0,0,1],"scale":2.94039989,"type":"tree_cypress"}
{"ctxid":0,"pos":[-745.494873,348.431732,140.712997],"rotationMatrix":[-0.989214659,-0.146473065,0,0.146473065,-0.989214659,0,0,0,1],"scale":2.19580007,"type":"tree_cypress"}
{"ctxid":0,"pos":[-872.942993,300.660004,158.895004],"rotationMatrix":[0.96604383,-0.258378237,0,0.258378237,0.96604383,0,0,0,1],"scale":2.78250003,"type":"tree_cypress"}
{"ctxid":0,"pos":[-861.921997,304.260986,159.186996],"rotationMatrix":[-0.970509648,0.241062284,0,-0.241062284,-0.970509648,0,0,0,1],"scale":2.11560011,"type":"tree_cypress"}
{"ctxid":0,"pos":[-840.663025,311.140991,155.809998],"rotationMatrix":[-0.842048168,0.539402366,0,-0.539402366,-0.842048168,0,0,0,1],"scale":2.78279996,"type":"tree_cypress"}
{"ctxid":0,"pos":[-848.401978,318.984985,154.727005],"rotationMatrix":[0.843199968,-0.53760004,0,0.53760004,0.843199968,0,0,0,1],"scale":2.88649988,"type":"tree_cypress"}
{"ctxid":0,"pos":[-753.437012,340.516998,141.789001],"rotationMatrix":[0.854739547,-0.519057155,0,0.519057155,0.854739547,0,0,0,1],"scale":2.74110007,"type":"tree_cypress"}
{"ctxid":0,"pos":[-759.15802,333.337006,142.529007],"rotationMatrix":[-0.325517654,-0.945535958,0,0.945535958,-0.325517654,0,0,0,1],"scale":2.74029994,"type":"tree_cypress"}
{"ctxid":0,"pos":[-765.822021,330.391998,143.891006],"rotationMatrix":[-0.978060484,-0.208321124,0,0.208321124,-0.978060484,0,0,0,1],"scale":2.42869997,"type":"tree_cypress"}
{"ctxid":0,"pos":[-768.631714,327.711029,144.913345],"rotationMatrix":[-0.247884035,-0.968789697,0,0.968789697,-0.247884035,0,0,0,1],"scale":2.74510002,"type":"tree_cypress"}
{"ctxid":0,"pos":[-891.357971,318.490997,159.039993],"rotationMatrix":[0.0952185392,0.995456398,0,-0.995456398,0.0952185392,0,0,0,1],"scale":2.19779992,"type":"tree_cypress"}
{"ctxid":0,"pos":[-886.343018,312.553986,158.593002],"rotationMatrix":[-0.955450892,-0.295150131,0,0.295150131,-0.955450892,0,0,0,1],"scale":2.48559999,"type":"tree_cypress"}
{"ctxid":0,"pos":[-880.505005,308.423004,158.669006],"rotationMatrix":[-0.97448194,-0.224465922,0,0.224465922,-0.97448194,0,0,0,1],"scale":2.19219995,"type":"tree_cypress"}
{"ctxid":0,"pos":[-876.94397,303.484985,158.125],"rotationMatrix":[0.692828774,0.721102118,0,-0.721102118,0.692828774,0,0,0,1],"scale":2.86479998,"type":"tree_cypress"}
{"ctxid":0,"pos":[-896.119995,322.869995,158.227005],"rotationMatrix":[-0.54809618,0.836415291,0,-0.836415291,-0.54809618,0,0,0,1],"scale":2.66090012,"type":"tree_cypress"}
{"ctxid":0,"pos":[-898.913025,325.29599,158.216003],"rotationMatrix":[-0.905152082,0.425087869,0,-0.425087869,-0.905152082,0,0,0,1],"scale":2.80660009,"type":"tree_cypress"}
{"ctxid":0,"pos":[-878.877014,252.375,159.332001],"rotationMatrix":[0.208718061,0.977975845,0,-0.977975845,0.208718061,0,0,0,1],"scale":2.56279993,"type":"tree_cypress"}
{"ctxid":0,"pos":[-907.171997,360.06601,155.940002],"rotationMatrix":[-0.968127966,-0.250456065,0,0.250456065,-0.968127966,0,0,0,1],"scale":2.59669995,"type":"tree_cypress"}
{"ctxid":0,"pos":[-902.39801,361.615997,155.910004],"rotationMatrix":[0.916768074,-0.399419963,0,0.399419963,0.916768074,0,0,0,1],"scale":2.2565999,"type":"tree_cypress"}
{"ctxid":0,"pos":[-895.263,362.223999,155.798996],"rotationMatrix":[-1,0,0,0,-1,0,0,0,1],"scale":2.99550009,"type":"tree_cypress"}
{"ctxid":0,"pos":[-891.075012,350.497986,156.380997],"rotationMatrix":[0.889267802,-0.457386911,0,0.457386911,0.889267802,0,0,0,1],"scale":2.6638999,"type":"tree_cypress"}
{"ctxid":0,"pos":[-900.843018,340.845001,156.742996],"rotationMatrix":[0.787838936,-0.615881324,0,0.615881324,0.787838936,0,0,0,1],"scale":2.63269997,"type":"tree_cypress"}
{"ctxid":0,"pos":[-886.507996,244.596191,159.020996],"rotationMatrix":[-0.721254468,-0.692670166,0,0.692670166,-0.721254468,0,0,0,1],"scale":2.05780005,"type":"tree_cypress"}
{"ctxid":0,"pos":[-894.328979,236.843674,159.037994],"rotationMatrix":[-0.887624383,0.46056807,0,-0.46056807,-0.887624383,0,0,0,1],"scale":2.39680004,"type":"tree_cypress"}
{"ctxid":0,"pos":[-902.775024,228.362762,158.882004],"rotationMatrix":[-0.898131371,0.439727247,0,-0.439727247,-0.898131371,0,0,0,1],"scale":2.48609996,"type":"tree_cypress"}
{"ctxid":0,"pos":[-909.741028,221.304153,158.737],"rotationMatrix":[0.989341974,-0.145610645,0,0.145610645,0.989341974,0,0,0,1],"scale":2.29270005,"type":"tree_cypress"}
{"ctxid":0,"pos":[-916.646973,214.470078,158.615005],"rotationMatrix":[0.388160825,0.92159164,0,-0.92159164,0.388160825,0,0,0,1],"scale":2.74349999,"type":"tree_cypress"}
{"ctxid":0,"pos":[-923.721985,207.35553,158.473999],"rotationMatrix":[-0.978458285,-0.206444621,0,0.206444621,-0.978458285,0,0,0,1],"scale":2.21469998,"type":"tree_cypress"}
{"ctxid":0,"pos":[-930.748413,200.323624,158.341003],"rotationMatrix":[0.907893658,-0.419200569,0,0.419200569,0.907893658,0,0,0,1],"scale":2.07550001,"type":"tree_cypress"}
{"ctxid":0,"pos":[-936.848328,194.302841,158.223999],"rotationMatrix":[0.977739573,0.209822133,0,-0.209822133,0.977739573,0,0,0,1],"scale":2.4361999,"type":"tree_cypress"}
{"ctxid":0,"pos":[-942.106018,188.841003,158.117996],"rotationMatrix":[0.661993623,0.749509454,0,-0.749509454,0.661993623,0,0,0,1],"scale":2.06609988,"type":"tree_cypress"}
{"ctxid":0,"pos":[398.924011,-299.381989,151.923004],"rotationMatrix":[0.173101902,0.984903932,0,-0.984903932,0.173101902,0,0,0,1],"scale":2.81220007,"type":"tree_cypress"}
{"ctxid":0,"pos":[407.795013,-306.221008,152.227997],"rotationMatrix":[0.899647951,-0.436616033,0,0.436616033,0.899647951,0,0,0,1],"scale":2.46149993,"type":"tree_cypress"}
{"ctxid":0,"pos":[413.455994,-310.196991,152.354996],"rotationMatrix":[-0.75331533,0.657659471,0,-0.657659471,-0.75331533,0,0,0,1],"scale":2.07669997,"type":"tree_cypress"}
{"ctxid":0,"pos":[389.94101,-298.268005,151.475006],"rotationMatrix":[-0.469926476,-0.882705569,0,0.882705569,-0.469926476,0,0,0,1],"scale":2.18370008,"type":"tree_cypress"}
{"ctxid":0,"pos":[380.169006,-300.628998,150.733994],"rotationMatrix":[0.889549971,0.456837893,0,-0.456837893,0.889549971,0,0,0,1],"scale":2.6716001,"type":"tree_cypress"}
{"ctxid":0,"pos":[375.389008,-311.066986,149.671005],"rotationMatrix":[-0.300884604,0.953660548,0,-0.953660548,-0.300884604,0,0,0,1],"scale":2.43540001,"type":"tree_cypress"}
{"ctxid":0,"pos":[-649.592651,681.791626,91.3794479],"rotationMatrix":[0.323758751,0.946139693,0,-0.946139693,0.323758751,0,0,0,1],"scale":2.53201079,"type":"tree_cypress"}
{"ctxid":0,"pos":[-617.931335,699.92395,90.8817749],"rotationMatrix":[-0.574325383,-0.818627119,0,0.818627119,-0.574325383,0,0,0,1],"scale":2.23542452,"type":"tree_cypress"}
{"ctxid":0,"pos":[-160.49379,-780.913513,128.299438],"rotationMatrix":[0.233717337,-0.972304583,0,0.972304583,0.233717337,0,0,0,1],"scale":2.79312134,"type":"tree_cypress"}
{"ctxid":0,"pos":[-148.768875,-780.236694,125.284805],"rotationMatrix":[0.986748993,-0.162254125,0,0.162254125,0.986748993,0,0,0,1],"scale":2.29709363,"type":"tree_cypress"}
{"ctxid":0,"pos":[-164.165009,-805.282898,129.33226],"rotationMatrix":[-0.0213344488,0.99977237,0,-0.99977237,-0.0213344488,0,0,0,1],"scale":2.46507549,"type":"tree_cypress"}
{"ctxid":0,"pos":[-598.910278,-425.370972,108.602455],"rotationMatrix":[0.79988575,-0.600152314,0,0.600152314,0.79988575,0,0,0,1],"scale":2.95220804,"type":"tree_cypress"}
{"ctxid":0,"pos":[-599.917603,-432.978027,110.392136],"rotationMatrix":[0.61089164,-0.791714251,0,0.791714251,0.61089164,0,0,0,1],"scale":2.2500031,"type":"tree_cypress"}
{"ctxid":0,"pos":[-495.599792,-474.221344,114.793137],"rotationMatrix":[-0.891098261,0.453810394,0,-0.453810394,-0.891098261,0,0,0,1],"scale":2.53258896,"type":"tree_cypress"}
{"ctxid":0,"pos":[-526.830017,648.683716,86.6491318],"rotationMatrix":[-0.583884478,-0.811836779,0,0.811836779,-0.583884478,0,0,0,1],"scale":2.35829449,"type":"tree_cypress"}
{"ctxid":0,"pos":[-529.493896,653.188965,87.2603683],"rotationMatrix":[-0.301703095,0.953401923,0,-0.953401923,-0.301703095,0,0,0,1],"scale":2.51480436,"type":"tree_cypress"}
{"ctxid":0,"pos":[-527.498047,644.754028,87.2117844],"rotationMatrix":[-0.824342608,0.566091239,0,-0.566091239,-0.824342608,0,0,0,1],"scale":2.42544794,"type":"tree_cypress"}
{"ctxid":0,"pos":[-560.212646,681.490845,87.6025925],"rotationMatrix":[0.994569063,0.104078598,0,-0.104078598,0.994569063,0,0,0,1],"scale":2.29095793,"type":"tree_cypress"}
{"ctxid":0,"pos":[-554.368103,677.213684,88.0297089],"rotationMatrix":[-0.719273508,0.694727004,0,-0.694727004,-0.719273508,0,0,0,1],"scale":2.60190535,"type":"tree_cypress"}
{"ctxid":0,"pos":[-566.918518,680.006042,87.3620148],"rotationMatrix":[-0.546319783,-0.837576687,0,0.837576687,-0.546319783,0,0,0,1],"scale":2.49197054,"type":"tree_cypress"}
{"ctxid":0,"pos":[-742.263062,639.096985,106.798004],"rotationMatrix":[-0.18391037,0.982942998,0,-0.982942998,-0.18391037,0,0,0,1],"scale":2.13862085,"type":"tree_cypress"}
{"ctxid":0,"pos":[-741.575623,643.547363,106.107635],"rotationMatrix":[-0.97173357,-0.236080199,0,0.236080199,-0.97173357,0,0,0,1],"scale":2.14974833,"type":"tree_cypress"}
{"ctxid":0,"pos":[-743.240906,646.614502,105.7118],"rotationMatrix":[0.644533336,0.764576197,0,-0.764576197,0.644533336,0,0,0,1],"scale":2.46090126,"type":"tree_cypress"}
{"ctxid":0,"pos":[-265.76123,497.339752,77.4084778],"rotationMatrix":[0.833094418,-0.553130746,0,0.553130746,0.833094418,0,0,0,1],"scale":2.49563837,"type":"tree_cypress"}
{"ctxid":0,"pos":[-271.659943,501.96814,77.2820053],"rotationMatrix":[-0.565778017,0.824557602,0,-0.824557602,-0.565778017,0,0,0,1],"scale":2.44453311,"type":"tree_cypress"}
{"ctxid":0,"pos":[-276.26178,506.861786,77.3493042],"rotationMatrix":[0.0666839182,-0.997774124,0,0.997774124,0.0666839182,0,0,0,1],"scale":2.11454153,"type":"tree_cypress"}
{"ctxid":0,"pos":[-281.35791,512.293823,77.2539749],"rotationMatrix":[-0.026114637,-0.999658942,0,0.999658942,-0.026114637,0,0,0,1],"scale":2.76730275,"type":"tree_cypress"}
{"ctxid":0,"pos":[-272.084412,494.729797,78.2524261],"rotationMatrix":[-0.984291434,0.176551193,0,-0.176551193,-0.984291434,0,0,0,1],"scale":2.57461977,"type":"tree_cypress"}
{"ctxid":0,"pos":[-285.063293,481.724792,81.032486],"rotationMatrix":[0.913026154,-0.407900989,0,0.407900989,0.913026154,0,0,0,1],"scale":2.81521034,"type":"tree_cypress"}
{"ctxid":0,"pos":[-276.600098,489.742371,79.5122986],"rotationMatrix":[0.907138884,-0.420831382,0,0.420831382,0.907138884,0,0,0,1],"scale":2.34955025,"type":"tree_cypress"}
{"ctxid":0,"pos":[-280.985779,485.114258,80.5128174],"rotationMatrix":[0.926295221,-0.376798511,0,0.376798511,0.926295221,0,0,0,1],"scale":2.97826099,"type":"tree_cypress"}
{"ctxid":0,"pos":[-218.560928,583.140015,74.6848145],"rotationMatrix":[-0.999998391,0.00178274221,0,-0.00178274221,-0.999998391,0,0,0,1],"scale":2.58425522,"type":"tree_cypress"}
{"ctxid":0,"pos":[-211.748123,584.030396,74.6848145],"rotationMatrix":[-0.9737432,0.227649137,0,-0.227649137,-0.9737432,0,0,0,1],"scale":2.46241331,"type":"tree_cypress"}
{"ctxid":0,"pos":[-208.949631,578.389038,74.6789474],"rotationMatrix":[-0.913679898,0.406434625,0,-0.406434625,-0.913679898,0,0,0,1],"scale":2.15397453,"type":"tree_cypress"}
{"ctxid":0,"pos":[-208.940506,570.747314,74.6730804],"rotationMatrix":[0.944441795,-0.328678697,0,0.328678697,0.944441795,0,0,0,1],"scale":2.37336349,"type":"tree_cypress"}
{"ctxid":0,"pos":[-270.238647,-758.977661,137.416626],"rotationMatrix":[-0.884110451,0.467278004,0,-0.467278004,-0.884110451,0,0,0,1],"scale":2.12341571,"type":"tree_cypress"}
{"ctxid":0,"pos":[-258.414062,-764.956848,137.243149],"rotationMatrix":[-0.913720071,-0.406344265,0,0.406344265,-0.913720071,0,0,0,1],"scale":2.07804179,"type":"tree_cypress"}
{"ctxid":0,"pos":[-259.572662,-768.234619,137.466705],"rotationMatrix":[-0.580191791,0.814479887,0,-0.814479887,-0.580191791,0,0,0,1],"scale":2.05704784,"type":"tree_cypress"}
{"ctxid":0,"pos":[-261.399109,-772.480835,137.078308],"rotationMatrix":[0.0905931294,-0.995887995,0,0.995887995,0.0905931294,0,0,0,1],"scale":1.71973789,"type":"tree_cypress"}
{"ctxid":0,"pos":[-257.639587,-710.81366,127.305862],"rotationMatrix":[0.812563717,-0.582872391,0,0.582872391,0.812563717,0,0,0,1],"scale":2.05812073,"type":"tree_cypress"}
{"ctxid":0,"pos":[-262.669312,-717.180725,129.924683],"rotationMatrix":[0.805743873,-0.592264116,0,0.592264116,0.805743873,0,0,0,1],"scale":2.4955945,"type":"tree_cypress"}
{"ctxid":0,"pos":[-265.680206,-720.189819,130.914185],"rotationMatrix":[0.974063039,0.22627683,0,-0.22627683,0.974063039,0,0,0,1],"scale":2.47239852,"type":"tree_cypress"}
{"ctxid":0,"pos":[-427.899841,492.650055,96.3908234],"rotationMatrix":[-0.528521478,-0.848919928,0,0.848919928,-0.528521478,0,0,0,1],"scale":1.73754001,"type":"tree_cypress"}
{"ctxid":0,"pos":[-424.689911,495.771545,96.3808212],"rotationMatrix":[-0.248866856,0.968537688,0,-0.968537688,-0.248866856,0,0,0,1],"scale":1.67607188,"type":"tree_cypress"}
{"ctxid":0,"pos":[-407.522003,480.472229,96.9009323],"rotationMatrix":[0.577398956,-0.816462159,0,0.816462159,0.577398956,0,0,0,1],"scale":1.34870493,"type":"tree_cypress"}
{"ctxid":0,"pos":[-411.538361,476.494141,96.775383],"rotationMatrix":[0.926933706,-0.375225127,0,0.375225127,0.926933706,0,0,0,1],"scale":1.57036817,"type":"tree_cypress"}
{"ctxid":0,"pos":[-365.411926,480.187439,90.6371765],"rotationMatrix":[-0.0714345649,-0.997445285,0,0.997445285,-0.0714345649,0,0,0,1],"scale":1.69644332,"type":"tree_cypress"}
{"ctxid":0,"pos":[-868.734863,899.634644,74.7317734],"rotationMatrix":[0.960147858,-0.279492378,0,0.279492378,0.960147858,0,0,0,1],"scale":2.73374653,"type":"tree_cypress"}
{"ctxid":0,"pos":[-858.872009,630.840881,112.848427],"rotationMatrix":[0.99977529,0.0211983137,0,-0.0211983137,0.99977529,0,0,0,1],"scale":1.65392113,"type":"tree_cypress"}
{"ctxid":0,"pos":[-852.137756,630.983643,112.848427],"rotationMatrix":[0.99977529,0.0211983137,0,-0.0211983137,0.99977529,0,0,0,1],"scale":1.65392113,"type":"tree_cypress"}
{"ctxid":0,"pos":[-833.680542,358.372009,153.319229],"rotationMatrix":[0.909140289,0.416489869,0,-0.416489869,0.909140289,0,0,0,0.999999881],"scale":2.85102057,"type":"tree_cypress"}
{"ctxid":0,"pos":[-847.309814,371.980682,154.943741],"rotationMatrix":[-0.667969525,0.744188547,0,-0.744188547,-0.667969525,0,0,0,0.999999881],"scale":2.90643692,"type":"tree_cypress"}
{"ctxid":0,"pos":[-857.46637,379.085846,153.920975],"rotationMatrix":[0.947698414,-0.319167018,0,0.319167018,0.947698414,0,0,0,0.999999881],"scale":2.49091244,"type":"tree_cypress"}
{"ctxid":0,"pos":[-840.393066,365.095154,154.603439],"rotationMatrix":[0.757322907,0.653040588,0,-0.653040588,0.757322907,0,0,0,0.999999881],"scale":2.24337053,"type":"tree_cypress"}
{"ctxid":0,"pos":[-981.105164,199.93782,162.229202],"rotationMatrix":[0.661993623,0.749509454,0,-0.749509454,0.661993623,0,0,0,1],"scale":2.06609988,"type":"tree_cypress"}
{"ctxid":0,"pos":[-984.852722,203.247787,163.229202],"rotationMatrix":[-0.447352529,-0.894357562,0,0.894357562,-0.447352529,0,0,0,0.999999881],"scale":2.15318465,"type":"tree_cypress"}
{"ctxid":0,"pos":[-989.349792,207.219742,164.049149],"rotationMatrix":[-0.0281005502,0.99960494,0,-0.99960494,-0.0281005502,0,0,0,0.999999881],"scale":1.98913407,"type":"tree_cypress"}
{"ctxid":0,"pos":[-994.596375,211.853699,165.634415],"rotationMatrix":[0.894561946,0.44694379,0,-0.44694379,0.894561946,0,0,0,0.999999881],"scale":2.04550672,"type":"tree_cypress"}
{"ctxid":0,"pos":[-999.093445,215.825653,166.75769],"rotationMatrix":[0.192807585,-0.981236577,0,0.981236577,0.192807585,0,0,0,0.999999881],"scale":2.1422596,"type":"tree_cypress"}
{"ctxid":0,"pos":[-1004.34003,220.45961,167.843521],"rotationMatrix":[0.0988233984,0.995104909,0,-0.995104909,0.0988233984,0,0,0,0.999999881],"scale":2.06609988,"type":"tree_cypress"}
{"ctxid":0,"pos":[-403.749176,1977.67773,82.8421326],"rotationMatrix":[0.940060496,-0.341007411,0,0.341007411,0.940060496,0,0,0,0.999999881],"scale":2.02203202,"type":"tree_cypress"}
{"ctxid":0,"pos":[-419.098724,1982.14185,81.5686264],"rotationMatrix":[0.962703347,0.270559102,0,-0.270559102,0.962703347,0,0,0,0.999999881],"scale":2.51342607,"type":"tree_cypress"}
{"ctxid":0,"pos":[-433.759216,1985.89478,81.5992737],"rotationMatrix":[-0.9046579,-0.42613849,0,0.42613849,-0.9046579,0,0,0,0.999999881],"scale":2.92418003,"type":"tree_cypress"}
{"ctxid":0,"pos":[-447.444794,1989.08667,81.0953293],"rotationMatrix":[-0.0961943641,0.995362461,0,-0.995362461,-0.0961943641,0,0,0,0.999999881],"scale":2.36921811,"type":"tree_cypress"}
{"ctxid":0,"pos":[-458.203064,1991.37207,80.8211594],"rotationMatrix":[0.918298483,-0.395888478,0,0.395888478,0.918298483,0,0,0,0.999999881],"scale":2.19108677,"type":"tree_cypress"}
{"ctxid":0,"pos":[-1164.70361,1909.93359,94.1754761],"rotationMatrix":[0.932946622,0.360014588,0,-0.360014588,0.932946622,0,0,0,0.999999881],"scale":2.22315121,"type":"tree_cypress"}
{"ctxid":0,"pos":[-1156.36914,1909.38586,94.4290619],"rotationMatrix":[0.64337182,0.765553832,0,-0.765553832,0.64337182,0,0,0,0.999999881],"scale":2.76160479,"type":"tree_cypress"}
{"ctxid":0,"pos":[-751.185974,1911.41162,84.613327],"rotationMatrix":[-0.999997318,-0.00229445053,0,0.00229445053,-0.999997318,0,0,0,0.999999881],"scale":2.28176928,"type":"tree_cypress"}
{"ctxid":0,"pos":[-751.166992,1894.37524,84.6091156],"rotationMatrix":[-0.994057715,0.108853072,0,-0.108853072,-0.994057715,0,0,0,0.999999881],"scale":2.79390597,"type":"tree_cypress"}
{"ctxid":0,"pos":[-733.10199,1923.17822,84.3989868],"rotationMatrix":[0.551151514,0.834405124,0,-0.834405124,0.551151514,0,0,0,0.999999881],"scale":2.58027649,"type":"tree_cypress"}
{"ctxid":0,"pos":[-734.894714,1910.95032,84.2483826],"rotationMatrix":[0.208284706,-0.978068113,0,0.978068113,0.208284706,0,0,0,0.999999881],"scale":2.69817853,"type":"tree_cypress"}
{"ctxid":0,"pos":[-750.862671,1921.02002,84.6459351],"rotationMatrix":[0.0875012055,-0.996164262,0,0.996164262,0.0875012055,0,0,0,0.999999881],"scale":2.25225353,"type":"tree_cypress"}
{"ctxid":0,"pos":[-734.505554,1894.24146,84.8732452],"rotationMatrix":[0.452341139,0.891845047,0,-0.891845047,0.452341139,0,0,0,0.999999881],"scale":2.50424981,"type":"tree_cypress"}
{"ctxid":0,"pos":[-453.884583,-520.619385,122.112],"rotationMatrix":[-0.831315279,0.555801153,0,-0.555801153,-0.831315279,0,0,0,1],"scale":1.58440006,"type":"tree_cypress"}
{"ctxid":0,"pos":[-450.171539,-520.445312,122.112],"rotationMatrix":[-0.831315279,0.555801153,0,-0.555801153,-0.831315279,0,0,0,1],"scale":1.58440006,"type":"tree_cypress"}
{"ctxid":0,"pos":[-200.465836,-827.241943,135.84227],"rotationMatrix":[0.999908268,-0.0135358069,0,0.0135358069,0.999908268,0,0,0,0.999999881],"scale":2.10685205,"type":"tree_cypress"}
{"ctxid":0,"pos":[-197.135071,-830.131897,135.572418],"rotationMatrix":[-0.772165954,0.635420561,0,-0.635420561,-0.772165954,0,0,0,0.999999881],"scale":2.34226608,"type":"tree_cypress"}
{"ctxid":0,"pos":[-193.311295,-834.091248,135.080704],"rotationMatrix":[-0.156632408,-0.987656891,0,0.987656891,-0.156632408,0,0,0,0.999999881],"scale":2.63279152,"type":"tree_cypress"}
{"ctxid":0,"pos":[-189.690903,-836.739868,134.677368],"rotationMatrix":[-0.171755672,-0.985139549,0,0.985139549,-0.171755672,0,0,0,0.999999881],"scale":2.27496099,"type":"tree_cypress"}
{"ctxid":0,"pos":[-186.433807,-840.69165,134.141724],"rotationMatrix":[0.373694658,0.927551806,0,-0.927551806,0.373694658,0,0,0,0.999999881],"scale":2.96788931,"type":"tree_cypress"}
{"ctxid":0,"pos":[-726.237732,-549.708923,104.785339],"rotationMatrix":[0.691215277,0.722648919,0,-0.722648919,0.691215277,0,0,0,0.999999881],"scale":2.23973846,"type":"tree_cypress"}
{"ctxid":0,"pos":[-730.066711,-546.192017,104.58976],"rotationMatrix":[-0.826466382,-0.562986076,0,0.562986076,-0.826466382,0,0,0,0.999999881],"scale":2.37678766,"type":"tree_cypress"}
{"ctxid":0,"pos":[-584.017334,-502.798248,119.45015],"rotationMatrix":[-0.615261793,-0.788322687,0,0.788322687,-0.615261793,0,0,0,0.999999881],"scale":2.42377424,"type":"tree_cypress"}
{"ctxid":0,"pos":[-587.250854,-503.484344,119.259117],"rotationMatrix":[-0.992111325,0.125359371,0,-0.125359371,-0.992111325,0,0,0,0.999999881],"scale":2.04027104,"type":"tree_cypress"}
{"ctxid":0,"pos":[-391.021851,-539.467224,124.237556],"rotationMatrix":[-0.944301665,0.329080641,0,-0.329080641,-0.944301665,0,0,0,0.999999881],"scale":2.10386968,"type":"tree_cypress"}
{"ctxid":0,"pos":[-389.405243,-542.514648,124.905014],"rotationMatrix":[0.982178628,0.187949792,0,-0.187949792,0.982178628,0,0,0,0.999999881],"scale":2.34225559,"type":"tree_cypress"}
{"ctxid":0,"pos":[-388.181183,-545.718628,125.68605],"rotationMatrix":[0.609660804,0.792662382,0,-0.792662382,0.609660804,0,0,0,0.999999881],"scale":2.37667608,"type":"tree_cypress"}
{"ctxid":0,"pos":[-255.85759,-691.859009,126.400085],"rotationMatrix":[0.759329677,0.650706112,0,-0.650706112,0.759329677,0,0,0,0.999999881],"scale":2.45772743,"type":"tree_cypress"}
{"ctxid":0,"pos":[-252.302048,-693.362671,126.665695],"rotationMatrix":[-0.44365868,-0.89619571,0,0.89619571,-0.44365868,0,0,0,0.999999881],"scale":2.1536572,"type":"tree_cypress"}
{"ctxid":0,"pos":[-249.411636,-695.326721,126.861206],"rotationMatrix":[0.79356122,0.608490407,0,-0.608490407,0.79356122,0,0,0,0.999999881],"scale":2.12857056,"type":"tree_cypress"}
{"ctxid":0,"pos":[-246.467529,-698.417114,127.310791],"rotationMatrix":[-0.433288604,0.901255071,0,-0.901255071,-0.433288604,0,0,0,0.999999881],"scale":2.90002584,"type":"tree_cypress"}
{"ctxid":1,"pos":[-464.604065,1956.7876,81.8028946],"rotationMatrix":[0.516106367,0.85652411,0,-0.85652411,0.516106367,0,0,0,0.999999642],"scale":1.62983894,"type":"tree_cypress"}
{"ctxid":1,"pos":[-465.933167,1954.58191,81.8028946],"rotationMatrix":[0.516106367,0.85652411,0,-0.85652411,0.516106367,0,0,0,0.999999642],"scale":1.92944837,"type":"tree_cypress"}
