{"ctxid":0,"pos":[-121.320999,-499.763,127.066444],"rotationMatrix":[-0.513704777,0.857966959,0,-0.857966959,-0.513704777,0,0,0,1],"scale":1,"type":"wall_metal1"}
{"ctxid":0,"pos":[-122.864998,-497.18399,126.946411],"rotationMatrix":[-0.513902068,0.857848883,0,-0.857848883,-0.513902068,0,0,0,1],"scale":1,"type":"wall_metal1"}
{"ctxid":0,"pos":[-124.411003,-494.605011,126.880997],"rotationMatrix":[-0.514099121,0.857730806,0,-0.857730806,-0.514099121,0,0,0,1],"scale":1,"type":"wall_metal1"}
{"ctxid":0,"pos":[-125.956001,-492.027008,126.753998],"rotationMatrix":[-0.514099121,0.857730806,0,-0.857730806,-0.514099121,0,0,0,1],"scale":1,"type":"wall_metal1"}
{"ctxid":0,"pos":[-127.500999,-489.449005,126.625999],"rotationMatrix":[-0.514296412,0.857612491,0,-0.857612491,-0.514296412,0,0,0,1],"scale":1,"type":"wall_metal1"}
{"ctxid":0,"pos":[-129.048004,-486.871002,126.499001],"rotationMatrix":[-0.514493465,0.857494295,0,-0.857494295,-0.514493465,0,0,0,1],"scale":1,"type":"wall_metal1"}
{"ctxid":0,"pos":[-130.593994,-484.292999,126.371002],"rotationMatrix":[-0.514493465,0.857494295,0,-0.857494295,-0.514493465,0,0,0,1],"scale":1,"type":"wall_metal1"}
{"ctxid":0,"pos":[-132.141006,-481.716003,126.244003],"rotationMatrix":[-0.514493465,0.857494295,0,-0.857494295,-0.514493465,0,0,0,1],"scale":1,"type":"wall_metal1"}
{"ctxid":0,"pos":[-133.688004,-479.139008,126.116997],"rotationMatrix":[-0.514690638,0.857375979,0,-0.857375979,-0.514690638,0,0,0,1],"scale":1,"type":"wall_metal1"}
{"ctxid":0,"pos":[-135.235992,-476.561005,125.988998],"rotationMatrix":[-0.514887691,0.857257605,0,-0.857257605,-0.514887691,0,0,0,1],"scale":1,"type":"wall_metal1"}
{"ctxid":0,"pos":[-966.153931,-618.872131,107.428383],"rotationMatrix":[0.701245546,0.712907553,0.00418287935,-0.712919831,0.701233506,0.00411388557,-3.54833901e-07,-0.00586690195,0.999982774],"scale":1,"type":"wall_metal1"}
{"ctxid":0,"pos":[-968.252502,-621.056152,107.424759],"rotationMatrix":[0.701376081,0.712791383,4.4408921e-16,-0.712791383,0.701376081,3.72529074e-09,2.65535482e-09,-2.61282995e-09,1],"scale":1,"type":"wall_metal1"}
{"ctxid":0,"pos":[-970.395935,-623.197083,107.418884],"rotationMatrix":[0.701376081,0.712791383,4.4408921e-16,-0.712791383,0.701376081,3.72529074e-09,2.65535482e-09,-2.61282995e-09,1],"scale":1,"type":"wall_metal1"}
{"ctxid":0,"pos":[-947.926025,-748.411011,112.973999],"rotationMatrix":[-0.702388763,0.710410476,-0.0443483442,-0.711747646,-0.701685727,0.0324394554,-0.00807326939,0.0543499365,0.998489201],"scale":1,"type":"wall_metal1"}
{"ctxid":0,"pos":[-950,-746.242981,112.848999],"rotationMatrix":[-0.68550384,0.726219118,-0.0518682003,-0.72788161,-0.685202599,0.0261909068,-0.0165198836,0.0557078719,0.998310447],"scale":1,"type":"wall_metal1"}
{"ctxid":0,"pos":[-952.028748,-744.02179,112.70356],"rotationMatrix":[-0.667238355,0.743296564,-0.0479897372,-0.744645834,-0.667161167,0.0199569426,-0.0171829611,0.0490513965,0.998648345],"scale":1,"type":"wall_metal1"}
{"ctxid":0,"pos":[-954.006592,-741.739014,112.565529],"rotationMatrix":[-0.647316098,0.76077193,-0.0469878577,-0.761960149,-0.647477806,0.0137512172,-0.01996205,0.0447042622,0.998800695],"scale":1,"type":"wall_metal1"}
{"ctxid":0,"pos":[-955.928528,-739.398315,112.410522],"rotationMatrix":[-0.625177562,0.778763354,-0.0517718308,-0.780022383,-0.62571007,0.00719236163,-0.026793018,0.0448796973,0.998632848],"scale":1,"type":"wall_metal1"}
{"ctxid":0,"pos":[-957.788452,-736.989319,112.277046],"rotationMatrix":[-0.600468636,0.798975587,-0.0327953808,-0.798429489,-0.601312399,-0.0305580944,-0.0441354401,0.00783562195,0.998994827],"scale":1,"type":"wall_metal1"}
{"ctxid":0,"pos":[-959.582336,-734.518372,112.13652],"rotationMatrix":[-0.573866129,0.818029463,-0.0388004705,-0.817328632,-0.575066566,-0.0356730334,-0.0514944419,0.0112411864,0.99861002],"scale":1,"type":"wall_metal1"}
{"ctxid":0,"pos":[-961.295044,-731.976257,112.008469],"rotationMatrix":[-0.545062125,0.837329209,-0.0422721989,-0.83645916,-0.546536386,-0.0404208973,-0.0569488965,0.0133270659,0.998288035],"scale":1,"type":"wall_metal1"}
{"ctxid":0,"pos":[-962.927002,-729.367004,111.877998],"rotationMatrix":[-0.513880908,0.856540143,-0.0475960672,-0.855541527,-0.515779316,-0.0449466035,-0.06304764,0.0176232085,0.997854769],"scale":1,"type":"wall_metal1"}
{"ctxid":0,"pos":[-964.463989,-726.689026,111.730003],"rotationMatrix":[-0.480658293,0.875626147,-0.0473968685,-0.874452353,-0.482653707,-0.0487673432,-0.0655782372,0.0180058721,0.997684956],"scale":1,"type":"wall_metal1"}
{"ctxid":0,"pos":[-965.89801,-723.942993,111.582001],"rotationMatrix":[-0.444400758,0.89434278,-0.0515637025,-0.893102825,-0.446800679,-0.0523113869,-0.0698230118,0.0228044651,0.997298539],"scale":1,"type":"wall_metal1"}
{"ctxid":0,"pos":[-967.221985,-721.130981,111.433998],"rotationMatrix":[-0.404500723,0.913689911,-0.0393679217,-0.910907447,-0.406353354,-0.0715859905,-0.081404686,0.0069039464,0.996657193],"scale":1,"type":"wall_metal1"}
{"ctxid":0,"pos":[-968.424988,-718.255981,111.287003],"rotationMatrix":[-0.363335848,0.930455029,-0.0473337173,-0.927807271,-0.36598134,-0.0723276585,-0.084620893,0.0176373329,0.996257126],"scale":1,"type":"wall_metal1"}
{"ctxid":0,"pos":[-969.500977,-715.327026,111.142998],"rotationMatrix":[-0.320773721,0.945542097,-0.0552674271,-0.94323802,-0.324204445,-0.0720669553,-0.0860602781,0.029013155,0.995867372],"scale":1,"type":"wall_metal1"}
{"ctxid":0,"pos":[-970.450989,-712.34198,110.986],"rotationMatrix":[-0.275337696,0.959418952,-0.0608637184,-0.957567751,-0.279313564,-0.0710484013,-0.0851652473,0.0387188345,0.995614231],"scale":1,"type":"wall_metal1"}
{"ctxid":0,"pos":[-971.260986,-709.315002,110.821999],"rotationMatrix":[-0.229149699,0.971230507,-0.0648200512,-0.969875574,-0.233469844,-0.0695202947,-0.0826537609,0.0469368324,0.995472372],"scale":1,"type":"wall_metal1"}
{"ctxid":0,"pos":[-971.927979,-706.250977,110.660004],"rotationMatrix":[-0.183289573,0.981647909,-0.0526530966,-0.980102837,-0.186626658,-0.0675941259,-0.0761801004,0.0392161459,0.996322453],"scale":1,"type":"wall_metal1"}
{"ctxid":0,"pos":[-972.442444,-703.160278,110.492874],"rotationMatrix":[-0.136273116,0.98926574,-0.0527536795,-0.988067091,-0.139580578,-0.0651199892,-0.0717843547,0.0432500653,0.996481836],"scale":1,"type":"wall_metal1"}
{"ctxid":0,"pos":[-972.809692,-700.052246,110.338051],"rotationMatrix":[-0.0869392604,0.995294452,-0.0427821353,-0.993759573,-0.089657411,-0.0663564354,-0.0698799416,0.0367461778,0.996878147],"scale":1,"type":"wall_metal1"}
{"ctxid":0,"pos":[-973.031128,-696.935913,110.190941],"rotationMatrix":[-0.0404631533,0.998104632,-0.0463658273,-0.997186244,-0.0432696305,-0.0612148419,-0.0631050467,0.0437584221,0.997047007],"scale":1,"type":"wall_metal1"}
{"ctxid":0,"pos":[-973.10553,-693.81958,110.048393],"rotationMatrix":[0.00431412132,0.999005735,-0.0443699509,-0.99843514,0.00182932604,-0.055891227,-0.0557545014,0.0445416421,0.997450411],"scale":1,"type":"wall_metal1"}
{"ctxid":0,"pos":[-973.039001,-690.713013,109.893997],"rotationMatrix":[0.0481973924,0.997657955,-0.0485320538,-0.997679472,0.0457454287,-0.050426323,-0.0480881073,0.0508498512,0.997547686],"scale":1,"type":"wall_metal1"}
{"ctxid":0,"pos":[-972.838989,-687.622009,109.754997],"rotationMatrix":[0.0896235108,0.995085359,-0.0421035998,-0.995133996,0.0877301097,-0.0448517986,-0.0409376137,0.0459184982,0.998106003],"scale":1,"type":"wall_metal1"}
{"ctxid":0,"pos":[-972.512024,-684.552002,109.620003],"rotationMatrix":[0.129573822,0.990602911,-0.0437781103,-0.991003573,0.127881825,-0.0394733772,-0.0335040204,0.0484989807,0.998261154],"scale":1,"type":"wall_metal1"}
{"ctxid":0,"pos":[-972.062012,-681.51001,109.491997],"rotationMatrix":[0.167498469,0.984838545,-0.0451348051,-0.985528767,0.166056037,-0.0340352245,-0.0260242969,0.0501824953,0.998400927],"scale":1,"type":"wall_metal1"}
{"ctxid":0,"pos":[-971.5,-678.497986,109.369003],"rotationMatrix":[0.203262031,0.978034735,-0.0461812355,-0.978947878,0.202103615,-0.0285518579,-0.0185913108,0.0510125346,0.998524964],"scale":1,"type":"wall_metal1"}
{"ctxid":0,"pos":[-970.833984,-675.518982,109.251999],"rotationMatrix":[0.236599341,0.970907927,-0.0368558988,-0.9715029,0.235847875,-0.0236143675,-0.0142349917,0.0413927585,0.999041498],"scale":1,"type":"wall_metal1"}
{"ctxid":0,"pos":[-970.067017,-672.577026,109.140999],"rotationMatrix":[0.268075913,0.962521136,-0.0410862863,-0.963372529,0.267516702,-0.0186554119,-0.00696495781,0.0445824713,0.998981297],"scale":1,"type":"wall_metal1"}
{"ctxid":0,"pos":[-969.210022,-669.671021,109.035004],"rotationMatrix":[0.29730013,0.954146802,-0.0348791443,-0.954779327,0.296986371,-0.0139752729,-0.00297583267,0.0374567397,0.999293745],"scale":1,"type":"wall_metal1"}
{"ctxid":0,"pos":[-968.268982,-666.801025,108.935997],"rotationMatrix":[0.324894428,0.944537163,-0.0478864796,-0.945726633,0.32482785,-0.00938378461,0.00669152662,0.04833626,0.998808682],"scale":1,"type":"wall_metal1"}
{"ctxid":0,"pos":[-967.250122,-663.969543,108.825317],"rotationMatrix":[0.349934518,0.936148286,-0.034238521,-0.936746418,0.349970996,-0.00511521753,0.007193889,0.0338628031,0.999400437],"scale":1,"type":"wall_metal1"}
{"ctxid":0,"pos":[-966.174011,-661.169983,108.721001],"rotationMatrix":[0.373493433,0.926670611,-0.0422405899,-0.927539647,0.37371397,-0.00284473784,0.0131497663,0.0402423143,0.999103427],"scale":1,"type":"wall_metal1"}
{"ctxid":0,"pos":[-965.033997,-658.405029,108.602997],"rotationMatrix":[0.395373344,0.917820096,-0.0358632058,-0.918428063,0.395586014,-0.00125863031,0.0130317854,0.0334354043,0.999355912],"scale":1,"type":"wall_metal1"}
{"ctxid":0,"pos":[-963.83197,-655.674988,108.490997],"rotationMatrix":[0.415660948,0.908779502,-0.0366833359,-0.909393251,0.415937215,-0.000111264169,0.0151568484,0.0334058255,0.999326825],"scale":1,"type":"wall_metal1"}
{"ctxid":0,"pos":[-962.570007,-652.979004,108.387001],"rotationMatrix":[0.434939384,0.90014112,-0.023950588,-0.900394559,0.435074031,0.000457538292,0.0108321281,0.0213659778,0.999713063],"scale":1,"type":"wall_metal1"}
{"ctxid":0,"pos":[-972.517944,-625.359131,107.415871],"rotationMatrix":[0.701364219,0.712791204,0.00411465345,-0.712778926,0.701376319,-0.00418212637,-0.00586690335,3.55299562e-07,0.999982774],"scale":1,"type":"wall_metal1"}
{"ctxid":0,"pos":[-974.638916,-627.522095,107.413017],"rotationMatrix":[0.701376081,0.712791383,4.4408921e-16,-0.712791383,0.701376081,3.72529074e-09,2.65535482e-09,-2.61282995e-09,1],"scale":1,"type":"wall_metal1"}
{"ctxid":0,"pos":[-976.759888,-629.684082,107.40715],"rotationMatrix":[0.701376081,0.712791383,4.4408921e-16,-0.712791383,0.701376081,3.72529074e-09,2.65535482e-09,-2.61282995e-09,1],"scale":1,"type":"wall_metal1"}
{"ctxid":0,"pos":[-978.88092,-631.84613,107.402008],"rotationMatrix":[0.701364219,0.712791145,0.00412051287,-0.712778866,0.701376319,-0.00418706564,-0.00587453321,-3.56230885e-07,0.999982774],"scale":1,"type":"wall_metal1"}
{"ctxid":0,"pos":[-981.002991,-634.009094,107.401276],"rotationMatrix":[0.701376081,0.712791383,4.4408921e-16,-0.712791383,0.701376081,3.72529074e-09,2.65535482e-09,-2.61282995e-09,1],"scale":1,"type":"wall_metal1"}
{"ctxid":0,"pos":[-983.123901,-636.171204,107.395416],"rotationMatrix":[0.701376081,0.712791383,4.4408921e-16,-0.712791383,0.701376081,3.72529074e-09,2.65535482e-09,-2.61282995e-09,1],"scale":1,"type":"wall_metal1"}
{"ctxid":0,"pos":[-908.768982,-779.323975,114.325996],"rotationMatrix":[-0.840838432,0.541038454,-0.0163689107,-0.538963377,-0.834049106,0.117814876,0.0500899032,0.107885532,0.99290067],"scale":1,"type":"wall_metal1"}
{"ctxid":0,"pos":[-911.187988,-777.718018,114.289001],"rotationMatrix":[-0.837170005,0.546686172,-0.0167524852,-0.54481256,-0.830817461,0.113673612,0.0482255332,0.104291096,0.993376911],"scale":1,"type":"wall_metal1"}
{"ctxid":0,"pos":[-913.599976,-776.093994,114.246002],"rotationMatrix":[-0.833113194,0.552834511,-0.0172144398,-0.551163077,-0.82718575,0.109466851,0.0462775156,0.100686252,0.99384135],"scale":1,"type":"wall_metal1"}
{"ctxid":0,"pos":[-916.002014,-774.452026,114.198997],"rotationMatrix":[-0.82878077,0.559286058,-0.0179282315,-0.557831228,-0.823250175,0.1052773,0.0441207029,0.0972527415,0.994281292],"scale":1,"type":"wall_metal1"}
{"ctxid":0,"pos":[-918.393982,-772.788025,114.144997],"rotationMatrix":[-0.824029565,0.566241741,-0.0185893141,-0.564999819,-0.818913817,0.100773439,0.0418390818,0.0935432464,0.994735718],"scale":1,"type":"wall_metal1"}
{"ctxid":0,"pos":[-920.775024,-771.101013,114.086998],"rotationMatrix":[-0.818741202,0.573829889,-0.0195498038,-0.572815299,-0.814014554,0.0962449536,0.0393144116,0.0899981335,0.995165646],"scale":1,"type":"wall_metal1"}
{"ctxid":0,"pos":[-923.143982,-769.390991,114.023003],"rotationMatrix":[-0.813130498,0.581717908,-0.0205755346,-0.580924571,-0.80877912,0.0916695371,0.0366847552,0.0864921138,0.995576918],"scale":1,"type":"wall_metal1"}
{"ctxid":0,"pos":[-925.5,-767.655029,113.953003],"rotationMatrix":[-0.806947351,0.590217054,-0.0219059139,-0.589655221,-0.802947521,0.0870754644,0.0338041224,0.0831822529,0.995960832],"scale":1,"type":"wall_metal1"}
{"ctxid":0,"pos":[-927.841003,-765.890991,113.877998],"rotationMatrix":[-0.800150514,0.599349499,-0.0232240036,-0.59901154,-0.796516657,0.0821371749,0.0307305679,0.0796335414,0.996350408],"scale":1,"type":"wall_metal1"}
{"ctxid":0,"pos":[-930.164978,-764.096985,113.797997],"rotationMatrix":[-0.792860031,0.608898103,-0.024818087,-0.608786047,-0.789566278,0.0772305354,0.0274300035,0.0763419196,0.99670434],"scale":1,"type":"wall_metal1"}
{"ctxid":0,"pos":[-932.471008,-762.271973,113.712997],"rotationMatrix":[-0.784785509,0.619196713,-0.0265975762,-0.619308889,-0.781830907,0.0720920041,0.0238443296,0.0730488673,0.997043312],"scale":1,"type":"wall_metal1"}
{"ctxid":0,"pos":[-934.757996,-760.414001,113.622002],"rotationMatrix":[-0.776031971,0.630039871,-0.0287093632,-0.630378544,-0.77340138,0.0668829307,0.0199350566,0.0700010583,0.997347713],"scale":1,"type":"wall_metal1"}
{"ctxid":0,"pos":[-937.02301,-758.518982,113.527],"rotationMatrix":[-0.766286254,0.641750455,-0.0310136564,-0.642305851,-0.763977766,0.0614911541,0.01576823,0.0670400783,0.997625649],"scale":1,"type":"wall_metal1"}
{"ctxid":0,"pos":[-939.263,-756.585999,113.426003],"rotationMatrix":[-0.755784869,0.653951824,-0.0337082222,-0.654725254,-0.75379777,0.0558917187,0.0111413114,0.0643117353,0.997867644],"scale":1,"type":"wall_metal1"}
{"ctxid":0,"pos":[-941.476013,-754.609985,113.32],"rotationMatrix":[-0.744196773,0.666961432,-0.0365165658,-0.667929053,-0.742520094,0.0503445156,0.00646356493,0.0618567057,0.998064101],"scale":1,"type":"wall_metal1"}
{"ctxid":0,"pos":[-943.659973,-752.591003,113.209],"rotationMatrix":[-0.73147285,0.680705667,-0.0398403965,-0.681869626,-0.730126739,0.0443691723,0.00111380592,0.0596208014,0.998220503],"scale":1,"type":"wall_metal1"}
{"ctxid":0,"pos":[-945.812012,-750.526978,113.094002],"rotationMatrix":[-0.717699766,0.694996059,-0.043447163,-0.69633919,-0.716677189,0.038543351,-0.00435011461,0.0579165071,0.998311937],"scale":1,"type":"wall_metal1"}
{"ctxid":0,"pos":[220.524002,-499.015991,148.326996],"rotationMatrix":[0.0408361554,-0.999165833,0,0.999165833,0.0408361554,0,0,0,1],"scale":1,"type":"wall_metal1"}
{"ctxid":0,"pos":[220.348007,-496.013,148.345993],"rotationMatrix":[0.0734055042,-0.997302115,0,0.997302115,0.0734055042,0,0,0,1],"scale":1,"type":"wall_metal1"}
{"ctxid":0,"pos":[220.100006,-493.015991,148.350998],"rotationMatrix":[0.0910599828,-0.995845377,0,0.995845377,0.0910599828,0,0,0,1],"scale":1,"type":"wall_metal1"}
{"ctxid":0,"pos":[219.794998,-490.02301,148.335999],"rotationMatrix":[0.11243552,-0.993659019,0,0.993659019,0.11243552,0,0,0,1],"scale":1,"type":"wall_metal1"}
{"ctxid":0,"pos":[219.419006,-487.039001,148.300003],"rotationMatrix":[0.137937129,-0.990441024,0,0.990441024,0.137937129,0,0,0,1],"scale":1,"type":"wall_metal1"}
{"ctxid":0,"pos":[218.959,-484.06601,148.261002],"rotationMatrix":[0.168003261,-0.985786498,0,0.985786498,0.168003261,0,0,0,1],"scale":1,"type":"wall_metal1"}
{"ctxid":0,"pos":[218.403,-481.109009,148.210007],"rotationMatrix":[0.201870203,-0.979412317,0,0.979412317,0.201870203,0,0,0,1],"scale":1,"type":"wall_metal1"}
{"ctxid":0,"pos":[217.738998,-478.174011,148.167007],"rotationMatrix":[0.23905313,-0.971006513,0,0.971006513,0.23905313,0,0,0,1],"scale":1,"type":"wall_metal1"}
{"ctxid":0,"pos":[216.962006,-475.266998,148.123001],"rotationMatrix":[0.276802182,-0.96092695,0,0.96092695,0.276802182,0,0,0,1],"scale":1,"type":"wall_metal1"}
{"ctxid":0,"pos":[216.072998,-472.391998,148.080994],"rotationMatrix":[0.312848151,-0.949803114,0,0.949803114,0.312848151,0,0,0,1],"scale":1,"type":"wall_metal1"}
{"ctxid":0,"pos":[215.080002,-469.552002,148.039993],"rotationMatrix":[0.345456302,-0.938434899,0,0.938434899,0.345456302,0,0,0,1],"scale":1,"type":"wall_metal1"}
{"ctxid":0,"pos":[213.996994,-466.746002,147.981995],"rotationMatrix":[0.373156011,-0.927768648,0,0.927768648,0.373156011,0,0,0,1],"scale":1,"type":"wall_metal1"}
{"ctxid":0,"pos":[212.832001,-463.971985,147.908997],"rotationMatrix":[0.403147697,-0.915134966,0,0.915134966,0.403147697,0,0,0,1],"scale":1,"type":"wall_metal1"}
{"ctxid":0,"pos":[211.565002,-461.242004,147.828995],"rotationMatrix":[0.438547492,-0.898707986,0,0.898707986,0.438547492,0,0,0,1],"scale":1,"type":"wall_metal1"}
{"ctxid":0,"pos":[210.192993,-458.565002,147.744003],"rotationMatrix":[0.473357856,-0.880870223,0,0.880870223,0.473357856,0,0,0,1],"scale":1,"type":"wall_metal1"}
{"ctxid":0,"pos":[208.714996,-455.942993,147.649994],"rotationMatrix":[0.507542491,-0.861626744,0,0.861626744,0.507542491,0,0,0,1],"scale":1,"type":"wall_metal1"}
{"ctxid":0,"pos":[207.134995,-453.381989,147.561005],"rotationMatrix":[0.541768312,-0.840527833,0,0.840527833,0.541768312,0,0,0,1],"scale":1,"type":"wall_metal1"}
{"ctxid":0,"pos":[205.453995,-450.885986,147.453995],"rotationMatrix":[0.575312793,-0.81793344,0,0.81793344,0.575312793,0,0,0,1],"scale":1,"type":"wall_metal1"}
{"ctxid":0,"pos":[203.671997,-448.460999,147.350998],"rotationMatrix":[0.60814178,-0.793828428,0,0.793828428,0.60814178,0,0,0,1],"scale":1,"type":"wall_metal1"}
{"ctxid":0,"pos":[201.792007,-446.112,147.244003],"rotationMatrix":[0.640585303,-0.767887056,0,0.767887056,0.640585303,0,0,0,1],"scale":1,"type":"wall_metal1"}
{"ctxid":0,"pos":[199.815002,-443.84201,147.126999],"rotationMatrix":[0.67225492,-0.740319669,0,0.740319669,0.67225492,0,0,0,1],"scale":1,"type":"wall_metal1"}
{"ctxid":0,"pos":[197.746002,-441.65799,147.016998],"rotationMatrix":[0.702750683,-0.711436272,0,0.711436272,0.702750683,0,0,0,1],"scale":1,"type":"wall_metal1"}
{"ctxid":0,"pos":[195.587006,-439.562012,146.893005],"rotationMatrix":[0.732032895,-0.681269288,0,0.681269288,0.732032895,0,0,0,1],"scale":1,"type":"wall_metal1"}
{"ctxid":0,"pos":[193.339996,-437.55899,146.778],"rotationMatrix":[0.76006341,-0.649848938,0,0.649848938,0.76006341,0,0,0,1],"scale":1,"type":"wall_metal1"}
{"ctxid":0,"pos":[191.018997,-435.645996,146.647995],"rotationMatrix":[0.781139612,-0.624356329,0,0.624356329,0.781139612,0,0,0,1],"scale":1,"type":"wall_metal1"}
{"ctxid":0,"pos":[188.641998,-433.802002,146.5],"rotationMatrix":[0.798545897,-0.601933897,0,0.601933897,0.798545897,0,0,0,1],"scale":1,"type":"wall_metal1"}
{"ctxid":0,"pos":[186.214005,-432.026001,146.330994],"rotationMatrix":[0.814512551,-0.580145895,0,0.580145895,0.814512551,0,0,0,1],"scale":1,"type":"wall_metal1"}
{"ctxid":0,"pos":[183.740997,-430.313995,146.134003],"rotationMatrix":[0.82940197,-0.558652282,0,0.558652282,0.82940197,0,0,0,1],"scale":1,"type":"wall_metal1"}
{"ctxid":0,"pos":[181.225998,-428.662994,145.923996],"rotationMatrix":[0.842048347,-0.539402068,0,0.539402068,0.842048347,0,0,0,1],"scale":1,"type":"wall_metal1"}
{"ctxid":0,"pos":[178.675995,-427.067993,145.723999],"rotationMatrix":[0.853197575,-0.521587849,0,0.521587849,0.853197575,0,0,0,1],"scale":1,"type":"wall_metal1"}
{"ctxid":0,"pos":[176.095001,-425.523987,145.554993],"rotationMatrix":[0.862450004,-0.506142259,0,0.506142259,0.862450004,0,0,0,1],"scale":1,"type":"wall_metal1"}
{"ctxid":0,"pos":[173.490005,-424.02301,145.412003],"rotationMatrix":[0.869791329,-0.493419796,0,0.493419796,0.869791329,0,0,0,1],"scale":1,"type":"wall_metal1"}
{"ctxid":0,"pos":[170.863998,-422.556,145.292999],"rotationMatrix":[0.875984728,-0.482338905,0,0.482338905,0.875984728,0,0,0,1],"scale":1,"type":"wall_metal1"}
{"ctxid":0,"pos":[168.223999,-421.117004,145.190994],"rotationMatrix":[0.87986064,-0.475231797,0,0.475231797,0.87986064,0,0,0,1],"scale":1,"type":"wall_metal1"}
{"ctxid":0,"pos":[165.574997,-419.696991,145.100006],"rotationMatrix":[0.882188082,-0.470897198,0,0.470897198,0.882188082,0,0,0,1],"scale":1,"type":"wall_metal1"}
{"ctxid":0,"pos":[162.917007,-418.290985,145.018997],"rotationMatrix":[0.886847496,-0.46206224,0,0.46206224,0.886847496,0,0,0,1],"scale":1,"type":"wall_metal1"}
{"ctxid":0,"pos":[160.240997,-416.919006,144.959],"rotationMatrix":[0.892679811,-0.450691402,0,0.450691402,0.892679811,0,0,0,1],"scale":1,"type":"wall_metal1"}
{"ctxid":0,"pos":[157.548004,-415.580994,144.919998],"rotationMatrix":[0.897741616,-0.440522373,0,0.440522373,0.897741616,0,0,0,1],"scale":1,"type":"wall_metal1"}
{"ctxid":0,"pos":[154.843002,-414.268005,144.897003],"rotationMatrix":[0.901250243,-0.433299035,0,0.433299035,0.901250243,0,0,0,1],"scale":1,"type":"wall_metal1"}
{"ctxid":0,"pos":[152.130005,-412.973999,144.884995],"rotationMatrix":[0.903590739,-0.428396732,0,0.428396732,0.903590739,0,0,0,1],"scale":1,"type":"wall_metal1"}
{"ctxid":0,"pos":[204.490997,-562.382019,147.447006],"rotationMatrix":[-0.478983521,-0.877823949,0,0.877823949,-0.478983521,0,0,0,1],"scale":1,"type":"wall_metal1"}
{"ctxid":0,"pos":[205.906998,-559.729004,147.533997],"rotationMatrix":[-0.462937593,-0.886390865,0,0.886390865,-0.462937593,0,0,0,1],"scale":1,"type":"wall_metal1"}
{"ctxid":0,"pos":[207.272995,-557.049988,147.617996],"rotationMatrix":[-0.446016431,-0.895024836,0,0.895024836,-0.446016431,0,0,0,1],"scale":1,"type":"wall_metal1"}
{"ctxid":0,"pos":[208.587006,-554.344971,147.699997],"rotationMatrix":[-0.428191781,-0.903687894,0,0.903687894,-0.428191781,0,0,0,1],"scale":1,"type":"wall_metal1"}
{"ctxid":0,"pos":[209.847,-551.612976,147.776001],"rotationMatrix":[-0.40943265,-0.912340343,0,0.912340343,-0.40943265,0,0,0,1],"scale":1,"type":"wall_metal1"}
{"ctxid":0,"pos":[211.048996,-548.856018,147.822006],"rotationMatrix":[-0.389929295,-0.920844793,0,0.920844793,-0.389929295,0,0,0,1],"scale":1,"type":"wall_metal1"}
{"ctxid":0,"pos":[212.190994,-546.073975,147.863007],"rotationMatrix":[-0.369659781,-0.929167092,0,0.929167092,-0.369659781,0,0,0,1],"scale":1,"type":"wall_metal1"}
{"ctxid":0,"pos":[213.270004,-543.265991,147.897995],"rotationMatrix":[-0.348146081,-0.937440217,0,0.937440217,-0.348146081,0,0,0,1],"scale":1,"type":"wall_metal1"}
{"ctxid":0,"pos":[214.283997,-540.434021,147.932999],"rotationMatrix":[-0.326039314,-0.94535619,0,0.94535619,-0.326039314,0,0,0,1],"scale":1,"type":"wall_metal1"}
{"ctxid":0,"pos":[215.229004,-537.578979,147.962997],"rotationMatrix":[-0.3026191,-0.953111529,0,0.953111529,-0.3026191,0,0,0,1],"scale":1,"type":"wall_metal1"}
{"ctxid":0,"pos":[216.098007,-534.698975,148],"rotationMatrix":[-0.2749511,-0.961458266,0,0.961458266,-0.2749511,0,0,0,1],"scale":1,"type":"wall_metal1"}
{"ctxid":0,"pos":[216.882996,-531.794006,148.035995],"rotationMatrix":[-0.247726083,-0.968830168,0,0.968830168,-0.247726083,0,0,0,1],"scale":1,"type":"wall_metal1"}
{"ctxid":0,"pos":[217.589005,-528.869995,148.080994],"rotationMatrix":[-0.222245932,-0.974990606,0,0.974990606,-0.222245932,0,0,0,1],"scale":1,"type":"wall_metal1"}
{"ctxid":0,"pos":[218.220001,-525.929016,148.119995],"rotationMatrix":[-0.197608709,-0.980280995,0,0.980280995,-0.197608709,0,0,0,1],"scale":1,"type":"wall_metal1"}
{"ctxid":0,"pos":[218.776993,-522.973022,148.160004],"rotationMatrix":[-0.173616171,-0.984813392,0,0.984813392,-0.173616171,0,0,0,1],"scale":1,"type":"wall_metal1"}
{"ctxid":0,"pos":[219.263,-520.005005,148.195007],"rotationMatrix":[-0.149791718,-0.988717556,0,0.988717556,-0.149791718,0,0,0,1],"scale":1,"type":"wall_metal1"}
{"ctxid":0,"pos":[219.675995,-517.026001,148.225006],"rotationMatrix":[-0.125628948,-0.992077351,0,0.992077351,-0.125628948,0,0,0,1],"scale":1,"type":"wall_metal1"}
{"ctxid":0,"pos":[220.016998,-514.036987,148.251999],"rotationMatrix":[-0.101127386,-0.994873464,0,0.994873464,-0.101127386,0,0,0,1],"scale":1,"type":"wall_metal1"}
{"ctxid":0,"pos":[220.283005,-511.040985,148.270004],"rotationMatrix":[-0.0760157108,-0.997106671,0,0.997106671,-0.0760157108,0,0,0,1],"scale":1,"type":"wall_metal1"}
{"ctxid":0,"pos":[220.470993,-508.039001,148.289001],"rotationMatrix":[-0.0494550467,-0.998776317,0,0.998776317,-0.0494550467,0,0,0,1],"scale":1,"type":"wall_metal1"}
{"ctxid":0,"pos":[220.578003,-505.032013,148.300995],"rotationMatrix":[-0.021679163,-0.999764979,0,0.999764979,-0.021679163,0,0,0,1],"scale":1,"type":"wall_metal1"}
{"ctxid":0,"pos":[220.598007,-502.023987,148.313995],"rotationMatrix":[0.00848400593,-0.999963999,0,0.999963999,0.00848400593,0,0,0,1],"scale":1,"type":"wall_metal1"}
{"ctxid":0,"pos":[188.848007,-584.36499,146.595993],"rotationMatrix":[-0.688739538,-0.725008905,0,0.725008905,-0.688739538,0,0,0,1],"scale":1,"type":"wall_metal1"}
{"ctxid":0,"pos":[190.891006,-582.15802,146.692993],"rotationMatrix":[-0.670003176,-0.742358327,0,0.742358327,-0.670003176,0,0,0,1],"scale":1,"type":"wall_metal1"}
{"ctxid":0,"pos":[192.875,-579.896973,146.789001],"rotationMatrix":[-0.648374677,-0.761321306,0,0.761321306,-0.648374677,0,0,0,1],"scale":1,"type":"wall_metal1"}
{"ctxid":0,"pos":[194.789001,-577.575012,146.884003],"rotationMatrix":[-0.623114228,-0.782130837,0,0.782130837,-0.623114228,0,0,0,1],"scale":1,"type":"wall_metal1"}
{"ctxid":0,"pos":[196.619003,-575.187012,146.966003],"rotationMatrix":[-0.593017578,-0.80518961,0,0.80518961,-0.593017578,0,0,0,1],"scale":1,"type":"wall_metal1"}
{"ctxid":0,"pos":[198.350006,-572.724976,147.061996],"rotationMatrix":[-0.557259202,-0.830338478,0,0.830338478,-0.557259202,0,0,0,1],"scale":1,"type":"wall_metal1"}
{"ctxid":0,"pos":[199.968002,-570.187988,147.169998],"rotationMatrix":[-0.522930622,-0.85237515,0,0.85237515,-0.522930622,0,0,0,1],"scale":1,"type":"wall_metal1"}
{"ctxid":0,"pos":[201.518997,-567.611023,147.264999],"rotationMatrix":[-0.508959293,-0.860790491,0,0.860790491,-0.508959293,0,0,0,1],"scale":1,"type":"wall_metal1"}
{"ctxid":0,"pos":[203.028,-565.01001,147.356995],"rotationMatrix":[-0.49438405,-0.869243562,0,0.869243562,-0.49438405,0,0,0,1],"scale":1,"type":"wall_metal1"}
{"ctxid":0,"pos":[139.798004,-623.981995,142.347],"rotationMatrix":[-0.81211555,-0.583496749,0,0.583496749,-0.81211555,0,0,0,1],"scale":1,"type":"wall_metal1"}
{"ctxid":0,"pos":[142.240005,-622.229004,142.608994],"rotationMatrix":[-0.812237859,-0.583326161,0,0.583326161,-0.812237859,0,0,0,1],"scale":1,"type":"wall_metal1"}
{"ctxid":0,"pos":[144.681,-620.473999,142.873001],"rotationMatrix":[-0.811747551,-0.584008574,0,0.584008574,-0.811747551,0,0,0,1],"scale":1,"type":"wall_metal1"}
{"ctxid":0,"pos":[147.119995,-618.71698,143.134995],"rotationMatrix":[-0.810887575,-0.585202098,0,0.585202098,-0.810887575,0,0,0,1],"scale":1,"type":"wall_metal1"}
{"ctxid":0,"pos":[149.556,-616.955017,143.363998],"rotationMatrix":[-0.809408665,-0.587245882,0,0.587245882,-0.809408665,0,0,0,1],"scale":1,"type":"wall_metal1"}
{"ctxid":0,"pos":[151.985992,-615.184998,143.597],"rotationMatrix":[-0.807427883,-0.589966357,0,0.589966357,-0.807427883,0,0,0,1],"scale":1,"type":"wall_metal1"}
{"ctxid":0,"pos":[154.410004,-613.406982,143.835999],"rotationMatrix":[-0.805062294,-0.593190372,0,0.593190372,-0.805062294,0,0,0,1],"scale":1,"type":"wall_metal1"}
{"ctxid":0,"pos":[156.826004,-611.617981,144.080002],"rotationMatrix":[-0.802305222,-0.596914172,0,0.596914172,-0.802305222,0,0,0,1],"scale":1,"type":"wall_metal1"}
{"ctxid":0,"pos":[159.233002,-609.817017,144.330002],"rotationMatrix":[-0.799021721,-0.601301968,0,0.601301968,-0.799021721,0,0,0,1],"scale":1,"type":"wall_metal1"}
{"ctxid":0,"pos":[161.630005,-608.000977,144.585007],"rotationMatrix":[-0.795199871,-0.606347382,0,0.606347382,-0.795199871,0,0,0,1],"scale":1,"type":"wall_metal1"}
{"ctxid":0,"pos":[164.014999,-606.169983,144.843994],"rotationMatrix":[-0.790954232,-0.611875474,0,0.611875474,-0.790954232,0,0,0,1],"scale":1,"type":"wall_metal1"}
{"ctxid":0,"pos":[166.384995,-604.320984,145.106003],"rotationMatrix":[-0.786141872,-0.618046045,0,0.618046045,-0.786141872,0,0,0,1],"scale":1,"type":"wall_metal1"}
{"ctxid":0,"pos":[168.740997,-602.452026,145.369003],"rotationMatrix":[-0.780745506,-0.624849081,0,0.624849081,-0.780745506,0,0,0,1],"scale":1,"type":"wall_metal1"}
{"ctxid":0,"pos":[171.078995,-600.562012,145.625],"rotationMatrix":[-0.774610877,-0.632438064,0,0.632438064,-0.774610877,0,0,0,1],"scale":1,"type":"wall_metal1"}
{"ctxid":0,"pos":[173.397995,-598.64801,145.845993],"rotationMatrix":[-0.767847061,-0.640633285,0,0.640633285,-0.767847061,0,0,0,1],"scale":1,"type":"wall_metal1"}
{"ctxid":0,"pos":[175.695999,-596.708008,145.977997],"rotationMatrix":[-0.7602911,-0.649582565,0,0.649582565,-0.7602911,0,0,0,1],"scale":1,"type":"wall_metal1"}
{"ctxid":0,"pos":[177.968994,-594.73999,146.087006],"rotationMatrix":[-0.75162828,-0.659586847,0,0.659586847,-0.75162828,0,0,0,1],"scale":1,"type":"wall_metal1"}
{"ctxid":0,"pos":[180.214996,-592.73999,146.192001],"rotationMatrix":[-0.742094278,-0.670295596,0,0.670295596,-0.742094278,0,0,0,1],"scale":1,"type":"wall_metal1"}
{"ctxid":0,"pos":[182.429993,-590.705994,146.296005],"rotationMatrix":[-0.731208563,-0.682153881,0,0.682153881,-0.731208563,0,0,0,1],"scale":1,"type":"wall_metal1"}
{"ctxid":0,"pos":[184.610992,-588.63501,146.397995],"rotationMatrix":[-0.718899727,-0.695113659,0,0.695113659,-0.718899727,0,0,0,1],"scale":1,"type":"wall_metal1"}
{"ctxid":0,"pos":[186.751999,-586.52301,146.496994],"rotationMatrix":[-0.704780579,-0.709425271,0,0.709425271,-0.704780579,0,0,0,1],"scale":1,"type":"wall_metal1"}
{"ctxid":0,"pos":[125.258003,-634.648987,140.835999],"rotationMatrix":[-0.79914856,-0.601133466,0,0.601133466,-0.79914856,0,0,0,1],"scale":1,"type":"wall_metal1"}
{"ctxid":0,"pos":[127.661003,-632.843018,141.078995],"rotationMatrix":[-0.799782038,-0.600290596,0,0.600290596,-0.799782038,0,0,0,1],"scale":1,"type":"wall_metal1"}
{"ctxid":0,"pos":[130.069,-631.044983,141.326004],"rotationMatrix":[-0.803686023,-0.595053494,0,0.595053494,-0.803686023,0,0,0,1],"scale":1,"type":"wall_metal1"}
{"ctxid":0,"pos":[132.490997,-629.265015,141.576004],"rotationMatrix":[-0.807303548,-0.590136349,0,0.590136349,-0.807303548,0,0,0,1],"scale":1,"type":"wall_metal1"}
{"ctxid":0,"pos":[134.921005,-627.497009,141.830002],"rotationMatrix":[-0.809901953,-0.586565197,0,0.586565197,-0.809901953,0,0,0,1],"scale":1,"type":"wall_metal1"}
{"ctxid":0,"pos":[137.358002,-625.737,142.087006],"rotationMatrix":[-0.811378956,-0.58452034,0,0.58452034,-0.811378956,0,0,0,1],"scale":1,"type":"wall_metal1"}
{"ctxid":0,"pos":[62.9901009,-681.882019,137.257004],"rotationMatrix":[-0.795455813,-0.60601151,0,0.60601151,-0.795455813,0,0,0,1],"scale":1,"type":"wall_metal1"}
{"ctxid":0,"pos":[65.3812027,-680.059998,137.268997],"rotationMatrix":[-0.795583844,-0.605843544,0,0.605843544,-0.795583844,0,0,0,1],"scale":1,"type":"wall_metal1"}
{"ctxid":0,"pos":[67.7726974,-678.239014,137.292007],"rotationMatrix":[-0.795583844,-0.605843544,0,0.605843544,-0.795583844,0,0,0,1],"scale":1,"type":"wall_metal1"}
{"ctxid":0,"pos":[70.1645966,-676.41803,137.324005],"rotationMatrix":[-0.795711756,-0.605675638,0,0.605675638,-0.795711756,0,0,0,1],"scale":1,"type":"wall_metal1"}
{"ctxid":0,"pos":[72.5563965,-674.598022,137.365997],"rotationMatrix":[-0.795711756,-0.605675638,0,0.605675638,-0.795711756,0,0,0,1],"scale":1,"type":"wall_metal1"}
{"ctxid":0,"pos":[74.9486008,-672.776978,137.419006],"rotationMatrix":[-0.79583931,-0.605507731,0,0.605507731,-0.79583931,0,0,0,1],"scale":1,"type":"wall_metal1"}
{"ctxid":0,"pos":[77.3408966,-670.95697,137.481995],"rotationMatrix":[-0.795967221,-0.605339587,0,0.605339587,-0.795967221,0,0,0,1],"scale":1,"type":"wall_metal1"}
{"ctxid":0,"pos":[79.7337036,-669.138,137.557999],"rotationMatrix":[-0.795967221,-0.605339587,0,0.605339587,-0.795967221,0,0,0,1],"scale":1,"type":"wall_metal1"}
{"ctxid":0,"pos":[82.1266022,-667.317993,137.645996],"rotationMatrix":[-0.796094894,-0.605171919,0,0.605171919,-0.796094894,0,0,0,1],"scale":1,"type":"wall_metal1"}
{"ctxid":0,"pos":[84.5197983,-665.499023,137.744995],"rotationMatrix":[-0.796094894,-0.605171919,0,0.605171919,-0.796094894,0,0,0,1],"scale":1,"type":"wall_metal1"}
{"ctxid":0,"pos":[86.9131012,-663.68103,137.856995],"rotationMatrix":[-0.796222568,-0.605003893,0,0.605003893,-0.796222568,0,0,0,1],"scale":1,"type":"wall_metal1"}
{"ctxid":0,"pos":[89.3066025,-661.862,137.979004],"rotationMatrix":[-0.796350241,-0.604835629,0,0.604835629,-0.796350241,0,0,0,1],"scale":1,"type":"wall_metal1"}
{"ctxid":0,"pos":[91.7005005,-660.044006,138.110992],"rotationMatrix":[-0.796477914,-0.604667604,0,0.604667604,-0.796477914,0,0,0,1],"scale":1,"type":"wall_metal1"}
{"ctxid":0,"pos":[94.0945969,-658.22699,138.253006],"rotationMatrix":[-0.796477914,-0.604667604,0,0.604667604,-0.796477914,0,0,0,1],"scale":1,"type":"wall_metal1"}
{"ctxid":0,"pos":[96.4891968,-656.408997,138.404999],"rotationMatrix":[-0.796605587,-0.604499519,0,0.604499519,-0.796605587,0,0,0,1],"scale":1,"type":"wall_metal1"}
{"ctxid":0,"pos":[98.8839035,-654.59198,138.565994],"rotationMatrix":[-0.796733022,-0.604331493,0,0.604331493,-0.796733022,0,0,0,1],"scale":1,"type":"wall_metal1"}
{"ctxid":0,"pos":[101.278999,-652.776001,138.735992],"rotationMatrix":[-0.796860695,-0.60416311,0,0.60416311,-0.796860695,0,0,0,1],"scale":1,"type":"wall_metal1"}
{"ctxid":0,"pos":[103.674004,-650.960022,138.912994],"rotationMatrix":[-0.796987891,-0.603995144,0,0.603995144,-0.796987891,0,0,0,1],"scale":1,"type":"wall_metal1"}
{"ctxid":0,"pos":[106.07,-649.143982,139.100006],"rotationMatrix":[-0.797115564,-0.603826821,0,0.603826821,-0.797115564,0,0,0,1],"scale":1,"type":"wall_metal1"}
{"ctxid":0,"pos":[108.467003,-647.328979,139.292999],"rotationMatrix":[-0.79724288,-0.603658795,0,0.603658795,-0.79724288,0,0,0,1],"scale":1,"type":"wall_metal1"}
{"ctxid":0,"pos":[110.862999,-645.515015,139.494995],"rotationMatrix":[-0.797370076,-0.603490531,0,0.603490531,-0.797370076,0,0,0,1],"scale":1,"type":"wall_metal1"}
{"ctxid":0,"pos":[113.260002,-643.700989,139.703003],"rotationMatrix":[-0.797624826,-0.603154063,0,0.603154063,-0.797624826,0,0,0,1],"scale":1,"type":"wall_metal1"}
{"ctxid":0,"pos":[115.657997,-641.888977,139.917999],"rotationMatrix":[-0.797751904,-0.602985859,0,0.602985859,-0.797751904,0,0,0,1],"scale":1,"type":"wall_metal1"}
{"ctxid":0,"pos":[118.056999,-640.077026,140.138],"rotationMatrix":[-0.798006177,-0.602649212,0,0.602649212,-0.798006177,0,0,0,1],"scale":1,"type":"wall_metal1"}
{"ctxid":0,"pos":[120.456001,-638.265991,140.365005],"rotationMatrix":[-0.798387289,-0.602144122,0,0.602144122,-0.798387289,0,0,0,1],"scale":1,"type":"wall_metal1"}
{"ctxid":0,"pos":[122.856003,-636.455994,140.598007],"rotationMatrix":[-0.798641205,-0.601807356,0,0.601807356,-0.798641205,0,0,0,1],"scale":1,"type":"wall_metal1"}
{"ctxid":0,"pos":[55.8180008,-687.348999,137.602005],"rotationMatrix":[-0.795071959,-0.606515229,0,0.606515229,-0.795071959,0,0,0,1],"scale":1,"type":"wall_metal1"}
{"ctxid":0,"pos":[58.2084999,-685.526001,137.371002],"rotationMatrix":[-0.795199871,-0.606347382,0,0.606347382,-0.795199871,0,0,0,1],"scale":1,"type":"wall_metal1"}
{"ctxid":0,"pos":[60.5990982,-683.703979,137.253006],"rotationMatrix":[-0.795327663,-0.606179595,0,0.606179595,-0.795327663,0,0,0,1],"scale":1,"type":"wall_metal1"}
{"ctxid":0,"pos":[43.875,-696.473022,138.643997],"rotationMatrix":[-0.793660998,-0.608360231,0,0.608360231,-0.793660998,0,0,0,1],"scale":1,"type":"wall_metal1"}
{"ctxid":0,"pos":[46.2616005,-694.645996,138.496994],"rotationMatrix":[-0.79430294,-0.607521892,0,0.607521892,-0.79430294,0,0,0,1],"scale":1,"type":"wall_metal1"}
{"ctxid":0,"pos":[48.6498985,-692.820007,138.296997],"rotationMatrix":[-0.794559479,-0.607186377,0,0.607186377,-0.794559479,0,0,0,1],"scale":1,"type":"wall_metal1"}
{"ctxid":0,"pos":[51.0386009,-690.995972,138.065994],"rotationMatrix":[-0.79481566,-0.606850863,0,0.606850863,-0.79481566,0,0,0,1],"scale":1,"type":"wall_metal1"}
{"ctxid":0,"pos":[53.4281998,-689.171997,137.834],"rotationMatrix":[-0.79494369,-0.606683075,0,0.606683075,-0.79494369,0,0,0,1],"scale":1,"type":"wall_metal1"}
{"ctxid":0,"pos":[-149.657578,-473.867523,126.286469],"rotationMatrix":[-0.995119929,0.098673515,0,-0.098673515,-0.995119929,0,0,0,1],"scale":1,"type":"wall_metal1"}
{"ctxid":0,"pos":[-146.665619,-474.164032,126.237518],"rotationMatrix":[-0.995097756,0.0988962874,0,-0.0988962874,-0.995097756,0,0,0,1],"scale":1,"type":"wall_metal1"}
{"ctxid":0,"pos":[-143.674393,-474.45993,126.186646],"rotationMatrix":[-0.995185852,0.0980053842,0,-0.0980053842,-0.995185852,0,0,0,1],"scale":1,"type":"wall_metal1"}
{"ctxid":0,"pos":[-140.682632,-474.752167,126.139832],"rotationMatrix":[-0.995338082,0.0964466259,0,-0.0964466259,-0.995338082,0,0,0,1],"scale":1,"type":"wall_metal1"}
{"ctxid":0,"pos":[-137.689728,-475.038757,126.089172],"rotationMatrix":[-0.995593309,0.0937753841,0,-0.0937753841,-0.995593309,0,0,0,1],"scale":1,"type":"wall_metal1"}
{"ctxid":0,"pos":[-161.626862,-472.740845,125.406525],"rotationMatrix":[-0.996447682,0.0842124075,0,-0.0842124075,-0.996447682,0,0,0,1],"scale":1,"type":"wall_metal1"}
{"ctxid":0,"pos":[-158.63295,-473.004059,125.546448],"rotationMatrix":[-0.995902061,0.0904374793,0,-0.0904374793,-0.995902061,0,0,0,1],"scale":1,"type":"wall_metal1"}
{"ctxid":0,"pos":[-155.640366,-473.2836,125.937195],"rotationMatrix":[-0.995509028,0.0946654826,0,-0.0946654826,-0.995509028,0,0,0,1],"scale":1,"type":"wall_metal1"}
{"ctxid":0,"pos":[-152.648041,-473.572296,126.332153],"rotationMatrix":[-0.995251417,0.0973372012,0,-0.0973372012,-0.995251417,0,0,0,1],"scale":1,"type":"wall_metal1"}
{"ctxid":0,"pos":[-173.816711,-464.052277,125.107849],"rotationMatrix":[-0.77744329,0.628953099,0,-0.628953099,-0.77744329,0,0,0,1],"scale":1,"type":"wall_metal1"}
{"ctxid":0,"pos":[-171.479187,-465.943207,125.174225],"rotationMatrix":[-0.777302384,0.629127145,0,-0.629127145,-0.777302384,0,0,0,1],"scale":1,"type":"wall_metal1"}
{"ctxid":0,"pos":[-169.141846,-467.83316,125.296967],"rotationMatrix":[-0.777865291,0.628430963,0,-0.628430963,-0.777865291,0,0,0,1],"scale":1,"type":"wall_metal1"}
{"ctxid":0,"pos":[-166.802094,-469.720398,125.327698],"rotationMatrix":[-0.778848648,0.627211988,0,-0.627211988,-0.778848648,0,0,0,1],"scale":1,"type":"wall_metal1"}
{"ctxid":0,"pos":[-164.458313,-471.603577,125.353546],"rotationMatrix":[-0.780528903,0.625119686,0,-0.625119686,-0.780528903,0,0,0,1],"scale":1,"type":"wall_metal1"}
{"ctxid":0,"pos":[-240.414551,-412.592712,124.877777],"rotationMatrix":[-0.794539452,0.607212543,0,-0.607212543,-0.794539452,0,0,0,1],"scale":1,"type":"wall_metal1"}
{"ctxid":0,"pos":[-238.026764,-414.41803,124.902802],"rotationMatrix":[-0.794404387,0.607389152,0,-0.607389152,-0.794404387,0,0,0,1],"scale":1,"type":"wall_metal1"}
{"ctxid":0,"pos":[-235.638611,-416.244385,124.933258],"rotationMatrix":[-0.794404387,0.607389152,0,-0.607389152,-0.794404387,0,0,0,1],"scale":1,"type":"wall_metal1"}
{"ctxid":0,"pos":[-233.250717,-418.069794,124.963593],"rotationMatrix":[-0.794269562,0.607565641,0,-0.607565641,-0.794269562,0,0,0,1],"scale":1,"type":"wall_metal1"}
{"ctxid":0,"pos":[-230.863586,-419.896362,124.994049],"rotationMatrix":[-0.794134259,0.60774225,0,-0.60774225,-0.794134259,0,0,0,1],"scale":1,"type":"wall_metal1"}
{"ctxid":0,"pos":[-228.476196,-421.723938,125.020447],"rotationMatrix":[-0.794134259,0.60774225,0,-0.60774225,-0.794134259,0,0,0,1],"scale":1,"type":"wall_metal1"}
