{"ctxid":0,"pos":[-374.313995,-497.614014,106.372002],"rotationMatrix":[0.737207651,-0.675351858,0.0206102077,0.674856424,0.737474442,0.0264620204,-0.0330706723,-0.00559907267,0.999437332],"scale":1,"type":"wall_brick1"}
{"ctxid":0,"pos":[-372.062012,-499.695007,106.452003],"rotationMatrix":[0.734598994,-0.678177834,0.0209556539,0.677731574,0.734886289,0.024940297,-0.0323139802,-0.00411880761,0.99946928],"scale":1,"type":"wall_brick1"}
{"ctxid":0,"pos":[-435.812012,-447.191986,104.657997],"rotationMatrix":[0.814156413,-0.580513299,0.0123956641,0.578549862,0.812845111,0.0675491765,-0.0492889509,-0.0478240848,0.997638941],"scale":1,"type":"wall_brick1"}
{"ctxid":0,"pos":[-433.333008,-448.976013,104.711998],"rotationMatrix":[0.810977101,-0.584938645,0.012762838,0.583033681,0.809773207,0.0658718199,-0.0488659777,-0.0459793732,0.997746468],"scale":1,"type":"wall_brick1"}
{"ctxid":0,"pos":[-430.863007,-450.774994,104.766998],"rotationMatrix":[0.807777286,-0.589346886,0.0128891524,0.587505043,0.806659698,0.0643267334,-0.0483079217,-0.0443892367,0.99784565],"scale":1,"type":"wall_brick1"}
{"ctxid":0,"pos":[-428.404999,-452.591003,104.822998],"rotationMatrix":[0.804543853,-0.593744814,0.0132778641,0.591960907,0.803527713,0.0626540333,-0.0478696413,-0.0425479449,0.997946978],"scale":1,"type":"wall_brick1"}
{"ctxid":0,"pos":[-425.955994,-454.420013,104.879997],"rotationMatrix":[0.801409364,-0.597961187,0.0136171579,0.596228838,0.800480604,0.0611718334,-0.0474786535,-0.040904738,0.998034358],"scale":1,"type":"wall_brick1"}
{"ctxid":0,"pos":[-423.515015,-456.260986,104.936996],"rotationMatrix":[0.798383236,-0.601990521,0.0138418963,0.600326598,0.797543168,0.0594377033,-0.0468204431,-0.039144408,0.998136044],"scale":1,"type":"wall_brick1"}
{"ctxid":0,"pos":[-421.084015,-458.114014,104.996002],"rotationMatrix":[0.795199633,-0.606181443,0.0141990595,0.60456866,0.794441581,0.0579597317,-0.0464144349,-0.0375052504,0.99821794],"scale":1,"type":"wall_brick1"}
{"ctxid":0,"pos":[-418.660004,-459.977997,105.055],"rotationMatrix":[0.792126417,-0.610186219,0.0144411903,0.60864079,0.791450977,0.0562294722,-0.0457399413,-0.0357513539,0.998313427],"scale":1,"type":"wall_brick1"}
{"ctxid":0,"pos":[-416.244995,-461.855011,105.114998],"rotationMatrix":[0.789023638,-0.614184082,0.0148185091,0.612689614,0.78842473,0.0547530912,-0.0453117564,-0.0341223367,0.998389959],"scale":1,"type":"wall_brick1"}
{"ctxid":0,"pos":[-413.84201,-463.747009,105.177002],"rotationMatrix":[0.786034942,-0.617997944,0.0150870159,0.616569519,0.785512686,0.0530265309,-0.0446213298,-0.0323785134,0.998479128],"scale":1,"type":"wall_brick1"}
{"ctxid":0,"pos":[-411.447998,-465.652008,105.238998],"rotationMatrix":[0.782887101,-0.62197119,0.0154794073,0.620593369,0.782435894,0.0515551418,-0.0441774577,-0.0307554379,0.998550177],"scale":1,"type":"wall_brick1"}
{"ctxid":0,"pos":[-409.062988,-467.569,105.303001],"rotationMatrix":[0.779987693,-0.625596166,0.0157672483,0.624283671,0.779607058,0.0498272702,-0.0434640087,-0.0290214214,0.998633385],"scale":1,"type":"wall_brick1"}
{"ctxid":0,"pos":[-406.686005,-469.496002,105.366997],"rotationMatrix":[0.776935339,-0.629377246,0.0159917735,0.628123045,0.77661407,0.0482913144,-0.0428128913,-0.0274744276,0.998705268],"scale":1,"type":"wall_brick1"}
{"ctxid":0,"pos":[-404.316986,-471.43399,105.431999],"rotationMatrix":[0.773990035,-0.632984996,0.0164146256,0.631780684,0.773731709,0.0468228981,-0.0423387066,-0.0258700121,0.99876833],"scale":1,"type":"wall_brick1"}
{"ctxid":0,"pos":[-401.957001,-473.381989,105.498001],"rotationMatrix":[0.771031499,-0.636577249,0.0167286899,0.635436416,0.770834923,0.0451009274,-0.0416052826,-0.0241442174,0.998842359],"scale":1,"type":"wall_brick1"}
{"ctxid":0,"pos":[-399.605988,-475.342987,105.565002],"rotationMatrix":[0.768053532,-0.640160501,0.0169791915,0.639076352,0.767908335,0.04356879,-0.0409294814,-0.0226121619,0.998906136],"scale":1,"type":"wall_brick1"}
{"ctxid":0,"pos":[-397.265015,-477.317993,105.634003],"rotationMatrix":[0.765193224,-0.643569827,0.0172406454,0.642541707,0.765096903,0.04203422,-0.0402427204,-0.0210864674,0.998967409],"scale":1,"type":"wall_brick1"}
{"ctxid":0,"pos":[-394.933014,-479.302002,105.703003],"rotationMatrix":[0.762309074,-0.646971107,0.01770024,0.645991921,0.762265325,0.0405711532,-0.0397406407,-0.0194935463,0.999019861],"scale":1,"type":"wall_brick1"}
{"ctxid":0,"pos":[-392.609009,-481.296997,105.774002],"rotationMatrix":[0.759413481,-0.650358081,0.0180433579,0.649439931,0.759419441,0.0388573557,-0.0389736705,-0.0177907236,0.99908185],"scale":1,"type":"wall_brick1"}
{"ctxid":0,"pos":[-390.292999,-483.300995,105.845001],"rotationMatrix":[0.756500006,-0.65373677,0.0183295384,0.652873099,0.756547093,0.0373261981,-0.0382686667,-0.0162704065,0.999135017],"scale":1,"type":"wall_brick1"}
{"ctxid":0,"pos":[-387.984009,-485.315002,105.917],"rotationMatrix":[0.753709316,-0.656944036,0.018621875,0.656134129,0.753794789,0.0357971825,-0.037553817,-0.0147622228,0.999185562],"scale":1,"type":"wall_brick1"}
{"ctxid":0,"pos":[-385.683014,-487.338013,105.989998],"rotationMatrix":[0.750902414,-0.660142004,0.0189239625,0.659385145,0.751023889,0.0342684649,-0.0368344001,-0.0132540921,0.999233484],"scale":1,"type":"wall_brick1"}
{"ctxid":0,"pos":[-383.394012,-489.376007,106.065002],"rotationMatrix":[0.748221397,-0.663170278,0.019233983,0.66246587,0.74837625,0.0327408947,-0.0361070447,-0.0117555801,0.999278784],"scale":1,"type":"wall_brick1"}
{"ctxid":0,"pos":[-381.113007,-491.421997,106.139999],"rotationMatrix":[0.745383263,-0.666349471,0.0195502527,0.665696859,0.74556911,0.0312154721,-0.035376478,-0.0102529489,0.999321461],"scale":1,"type":"wall_brick1"}
{"ctxid":0,"pos":[-378.838989,-493.477997,106.217003],"rotationMatrix":[0.742672563,-0.669357657,0.0199448951,0.668761969,0.742890835,0.029506987,-0.0345676094,-0.00857564248,0.999365568],"scale":1,"type":"wall_brick1"}
{"ctxid":0,"pos":[-376.572998,-495.541992,106.293999],"rotationMatrix":[0.739947319,-0.672359228,0.0202741735,0.671814024,0.740191102,0.0279835351,-0.0338217504,-0.00708586862,0.999402761],"scale":1,"type":"wall_brick1"}
{"ctxid":0,"pos":[-498.192993,-409.132996,103.617996],"rotationMatrix":[0.893541574,-0.448938698,0.00612465432,0.445753932,0.888670206,0.107557833,-0.053729672,-0.0933773071,0.994179964],"scale":1,"type":"wall_brick1"}
{"ctxid":0,"pos":[-495.481995,-410.51001,103.652],"rotationMatrix":[0.890288115,-0.455353409,0.0063519259,0.4522039,0.885607362,0.105883054,-0.0538395233,-0.0913940594,0.994358301],"scale":1,"type":"wall_brick1"}
{"ctxid":0,"pos":[-492.779999,-411.907013,103.686996],"rotationMatrix":[0.88689065,-0.46193251,0.00658282777,0.458818734,0.882397413,0.104212195,-0.0539476685,-0.0894044936,0.9945333],"scale":1,"type":"wall_brick1"}
{"ctxid":0,"pos":[-490.088989,-413.325989,103.723],"rotationMatrix":[0.88363409,-0.468128115,0.00684556831,0.465050876,0.879325032,0.10254354,-0.0540229939,-0.0874274299,0.994704962],"scale":1,"type":"wall_brick1"}
{"ctxid":0,"pos":[-487.40799,-414.764008,103.759003],"rotationMatrix":[0.880233407,-0.474487722,0.00711046671,0.471447736,0.876105547,0.100876719,-0.0540942848,-0.0854428485,0.994873524],"scale":1,"type":"wall_brick1"}
{"ctxid":0,"pos":[-484.735992,-416.221008,103.796997],"rotationMatrix":[0.876889229,-0.480637819,0.00725081004,0.477661163,0.872951627,0.0989710018,-0.0538988113,-0.0833231732,0.995063901],"scale":1,"type":"wall_brick1"}
{"ctxid":0,"pos":[-482.072998,-417.695007,103.834999],"rotationMatrix":[0.873592734,-0.486598998,0.0075604287,0.483660638,0.869829416,0.0973097309,-0.0539271012,-0.0813523978,0.99522543],"scale":1,"type":"wall_brick1"}
{"ctxid":0,"pos":[-479.419006,-419.188995,103.874001],"rotationMatrix":[0.870252728,-0.492542446,0.00788200181,0.489643067,0.866660595,0.0956508517,-0.0539431237,-0.0793810487,0.995383739],"scale":1,"type":"wall_brick1"}
{"ctxid":0,"pos":[-476.777008,-420.701996,103.913002],"rotationMatrix":[0.866875529,-0.498460144,0.0080180997,0.495618552,0.863444805,0.0939432234,-0.0537501387,-0.0774631649,0.995545268],"scale":1,"type":"wall_brick1"}
{"ctxid":0,"pos":[-474.143005,-422.233002,103.954002],"rotationMatrix":[0.86355257,-0.504189372,0.00837024115,0.501387894,0.860286474,0.0922896564,-0.0537322648,-0.075500235,0.995697021],"scale":1,"type":"wall_brick1"}
{"ctxid":0,"pos":[-471.519012,-423.779999,103.995003],"rotationMatrix":[0.86019516,-0.509893477,0.00854008924,0.507149935,0.857084036,0.0905862749,-0.0535089262,-0.0735907704,0.995851994],"scale":1,"type":"wall_brick1"}
{"ctxid":0,"pos":[-468.904999,-425.345001,104.037003],"rotationMatrix":[0.856903553,-0.515402853,0.00873074308,0.512717307,0.853944302,0.0888823494,-0.0532657839,-0.0716871992,0.996003866],"scale":1,"type":"wall_brick1"}
{"ctxid":0,"pos":[-466.300995,-426.928986,104.079002],"rotationMatrix":[0.853567123,-0.520902991,0.00912313256,0.518259168,0.850762725,0.0872366056,-0.05320343,-0.0697341487,0.996145844],"scale":1,"type":"wall_brick1"}
{"ctxid":0,"pos":[-463.705994,-428.528992,104.123001],"rotationMatrix":[0.850198627,-0.526379347,0.00933298934,0.523793936,0.847539425,0.0855384022,-0.0529357232,-0.0678360686,0.996291161],"scale":1,"type":"wall_brick1"}
{"ctxid":0,"pos":[-461.122986,-430.148987,104.167],"rotationMatrix":[0.846902251,-0.531662524,0.00956598856,0.529135346,0.844385147,0.0838420615,-0.0526530631,-0.0659443289,0.996433139],"scale":1,"type":"wall_brick1"}
{"ctxid":0,"pos":[-458.549011,-431.783997,104.212997],"rotationMatrix":[0.843563318,-0.536937654,0.00994503498,0.534446895,0.841176271,0.082395561,-0.0526068024,-0.0641907752,0.996550083],"scale":1,"type":"wall_brick1"}
{"ctxid":0,"pos":[-455.984985,-433.43399,104.259003],"rotationMatrix":[0.840194941,-0.542188644,0.0101963151,0.539756536,0.837943792,0.080703713,-0.0523005724,-0.0623033233,0.996685982],"scale":1,"type":"wall_brick1"}
{"ctxid":0,"pos":[-453.428009,-435.098999,104.306],"rotationMatrix":[0.836904526,-0.54724884,0.0104648443,0.544875622,0.834786057,0.0790114254,-0.0519748181,-0.0604229793,0.996818781],"scale":1,"type":"wall_brick1"}
{"ctxid":0,"pos":[-450.881989,-436.778992,104.352997],"rotationMatrix":[0.833580613,-0.552293301,0.0107446248,0.549978733,0.831591487,0.0773239508,-0.0516406409,-0.0585464314,0.996948123],"scale":1,"type":"wall_brick1"}
{"ctxid":0,"pos":[-448.345001,-438.475006,104.402],"rotationMatrix":[0.830339313,-0.557148695,0.0110429823,0.554892838,0.828476429,0.0756357163,-0.0512891933,-0.056675639,0.997074366],"scale":1,"type":"wall_brick1"}
{"ctxid":0,"pos":[-445.820007,-440.19101,104.450996],"rotationMatrix":[0.82706666,-0.56199044,0.0112919873,0.559786677,0.82531321,0.0741414875,-0.0509862341,-0.0549988486,0.9971838],"scale":1,"type":"wall_brick1"}
{"ctxid":0,"pos":[-443.304993,-441.92099,104.501999],"rotationMatrix":[0.823881269,-0.566643357,0.0116160437,0.564498246,0.822247744,0.0724592954,-0.0506098457,-0.0531406179,0.997303724],"scale":1,"type":"wall_brick1"}
{"ctxid":0,"pos":[-440.798004,-443.665009,104.553001],"rotationMatrix":[0.820553541,-0.571448863,0.0117503861,0.569375336,0.819030285,0.07071843,-0.0500358902,-0.0513378792,0.997427106],"scale":1,"type":"wall_brick1"}
{"ctxid":0,"pos":[-438.300995,-445.421997,104.605003],"rotationMatrix":[0.817308664,-0.576074421,0.0120341685,0.574052751,0.815886617,0.069227457,-0.0496986806,-0.0496719517,0.997528315],"scale":1,"type":"wall_brick1"}
{"ctxid":0,"pos":[-312.070007,-561.239014,109.134003],"rotationMatrix":[0.668952703,-0.742645681,0.0312991366,0.743256092,0.668798208,-0.016712103,-0.00852163509,0.034442883,0.999370337],"scale":1,"type":"wall_brick1"}
{"ctxid":0,"pos":[-310.024994,-563.533997,109.247002],"rotationMatrix":[0.667006254,-0.744381368,0.0316080712,0.745014787,0.666797042,-0.0182941295,-0.00745835947,0.0357507803,0.999332905],"scale":1,"type":"wall_brick1"}
{"ctxid":0,"pos":[-369.821991,-501.790009,106.532997],"rotationMatrix":[0.731977463,-0.680995584,0.0213070959,0.680598021,0.732282758,0.0234159455,-0.0315489732,-0.00263837702,0.999498725],"scale":1,"type":"wall_brick1"}
{"ctxid":0,"pos":[-367.588989,-503.891998,106.613998],"rotationMatrix":[0.729342937,-0.683805287,0.0216615349,0.683455586,0.72966361,0.0218965448,-0.0307786074,-0.00116539293,0.999525547],"scale":1,"type":"wall_brick1"}
{"ctxid":0,"pos":[-365.363007,-506.002014,106.696999],"rotationMatrix":[0.726695299,-0.686606705,0.0220261905,0.686304212,0.727028966,0.0203811061,-0.0300074834,0.000305812922,0.999549627],"scale":1,"type":"wall_brick1"}
{"ctxid":0,"pos":[-363.144012,-508.121002,106.780998],"rotationMatrix":[0.724183083,-0.689243853,0.0223998837,0.688988268,0.72452724,0.0188524444,-0.0292232577,0.00178063603,0.999571323],"scale":1,"type":"wall_brick1"}
{"ctxid":0,"pos":[-360.933014,-510.247009,106.865997],"rotationMatrix":[0.721659422,-0.69187355,0.0227744412,0.691663682,0.722011447,0.0173447374,-0.0284437723,0.00323526096,0.999590158],"scale":1,"type":"wall_brick1"}
{"ctxid":0,"pos":[-358.729004,-512.380981,106.952003],"rotationMatrix":[0.719124079,-0.694495738,0.0231564138,0.694331348,0.719481468,0.0158242565,-0.0276504885,0.00469861971,0.999606609],"scale":1,"type":"wall_brick1"}
{"ctxid":0,"pos":[-356.535004,-514.526001,107.039001],"rotationMatrix":[0.716577291,-0.697110415,0.0235382505,0.69699055,0.716937423,0.0143154263,-0.0268548857,0.00614782888,0.999620438],"scale":1,"type":"wall_brick1"}
{"ctxid":0,"pos":[-354.347992,-516.679993,107.127998],"rotationMatrix":[0.714024067,-0.699720562,0.0236800238,0.699640453,0.714378715,0.0128957713,-0.0259399414,0.0073596118,0.999636412],"scale":1,"type":"wall_brick1"}
{"ctxid":0,"pos":[-352.166992,-518.838989,107.217003],"rotationMatrix":[0.711605787,-0.702166677,0.0240663849,0.702128768,0.711958528,0.0114112627,-0.0251468774,0.00877738092,0.999645233],"scale":1,"type":"wall_brick1"}
{"ctxid":0,"pos":[-349.993988,-521.005981,107.306999],"rotationMatrix":[0.709177136,-0.704603195,0.0245377794,0.704612315,0.709525585,0.00974227022,-0.0242746174,0.0103806267,0.999651432],"scale":1,"type":"wall_brick1"}
{"ctxid":0,"pos":[-347.826996,-523.18103,107.399002],"rotationMatrix":[0.706738234,-0.707037628,0.0248761922,0.707083762,0.707079887,0.00840016454,-0.0235286877,0.0116528347,0.999655247],"scale":1,"type":"wall_brick1"}
{"ctxid":0,"pos":[-345.669006,-525.364014,107.491997],"rotationMatrix":[0.704289079,-0.709462047,0.0253084376,0.70955044,0.704621315,0.00685302401,-0.0226948261,0.0131311035,0.9996562],"scale":1,"type":"wall_brick1"}
{"ctxid":0,"pos":[-343.518005,-527.55603,107.585999],"rotationMatrix":[0.701989055,-0.711729407,0.025547009,0.711857498,0.702304244,0.00526129408,-0.02168639,0.0144924587,0.999659777],"scale":1,"type":"wall_brick1"}
{"ctxid":0,"pos":[-341.375,-529.754028,107.681],"rotationMatrix":[0.699674845,-0.713992,0.0258954465,0.714154601,0.699976921,0.00393406069,-0.0209351033,0.0157407895,0.999656916],"scale":1,"type":"wall_brick1"}
{"ctxid":0,"pos":[-339.237,-531.958984,107.777],"rotationMatrix":[0.697351575,-0.716245592,0.026325481,0.716447234,0.697637081,0.0024269626,-0.0201039333,0.017168371,0.999650478],"scale":1,"type":"wall_brick1"}
{"ctxid":0,"pos":[-337.106995,-534.171021,107.874001],"rotationMatrix":[0.695019245,-0.718492925,0.0267614443,0.718732774,0.695285797,0.00092713075,-0.0192729887,0.018589953,0.999641418],"scale":1,"type":"wall_brick1"}
{"ctxid":0,"pos":[-334.983002,-536.390015,107.972],"rotationMatrix":[0.692682981,-0.720735967,0.0270173978,0.72101146,0.692922831,-0.000664293242,-0.0182421915,0.0199399982,0.999634743],"scale":1,"type":"wall_brick1"}
{"ctxid":0,"pos":[-332.868011,-538.617004,108.071999],"rotationMatrix":[0.690489769,-0.72282058,0.0274638385,0.723132849,0.690705538,-0.00217215973,-0.0173993427,0.0213598572,0.999620438],"scale":1,"type":"wall_brick1"}
{"ctxid":0,"pos":[-330.757996,-540.849976,108.172997],"rotationMatrix":[0.688131094,-0.725052238,0.0278366208,0.725395858,0.688323021,-0.00349653675,-0.0166254155,0.0225986466,0.999606371],"scale":1,"type":"wall_brick1"}
{"ctxid":0,"pos":[-328.654999,-543.091003,108.275002],"rotationMatrix":[0.68592155,-0.727125287,0.028292831,0.727504432,0.686084747,-0.0049988837,-0.0157764647,0.0240120031,0.999587178],"scale":1,"type":"wall_brick1"}
{"ctxid":0,"pos":[-326.55899,-545.335999,108.377998],"rotationMatrix":[0.683709025,-0.729195297,0.0285692327,0.729605973,0.683836102,-0.00658419216,-0.0147355106,0.0253459532,0.999570131],"scale":1,"type":"wall_brick1"}
{"ctxid":0,"pos":[-324.470001,-547.588989,108.482002],"rotationMatrix":[0.681643367,-0.731111526,0.028952796,0.731551409,0.681740403,-0.00790673401,-0.0139575871,0.0265700333,0.999549508],"scale":1,"type":"wall_brick1"}
{"ctxid":0,"pos":[-322.388,-549.849976,108.587997],"rotationMatrix":[0.679410815,-0.733168006,0.0294219833,0.733641267,0.67947185,-0.00940791052,-0.0130938301,0.0279770158,0.999522805],"scale":1,"type":"wall_brick1"}
{"ctxid":0,"pos":[-320.311005,-552.11499,108.695],"rotationMatrix":[0.67733562,-0.735073984,0.0297096111,0.735575557,0.677353501,-0.0109922411,-0.0120437983,0.0292991009,0.999498129],"scale":1,"type":"wall_brick1"}
{"ctxid":0,"pos":[-318.23999,-554.385986,108.803001],"rotationMatrix":[0.675248981,-0.736975133,0.0301071499,0.737504005,0.675230503,-0.0123133883,-0.0112546049,0.0305187479,0.99947083],"scale":1,"type":"wall_brick1"}
{"ctxid":0,"pos":[-316.175995,-556.664001,108.912003],"rotationMatrix":[0.673155546,-0.738867998,0.030588612,0.739428043,0.673093915,-0.0138125159,-0.0103833824,0.0319160484,0.999436617],"scale":1,"type":"wall_brick1"}
{"ctxid":0,"pos":[-314.119995,-558.947998,109.022003],"rotationMatrix":[0.671059608,-0.740759492,0.0308929812,0.74134475,0.670947909,-0.0153910611,-0.00932650641,0.0332306698,0.999404192],"scale":1,"type":"wall_brick1"}
{"ctxid":0,"pos":[-560.169006,-390.403015,103.904999],"rotationMatrix":[0.995727539,-0.0913752243,-0.013313001,0.092223905,0.991312265,0.0937802941,0.00462814514,-0.0946074054,0.995503902],"scale":1,"type":"wall_brick1"}
{"ctxid":0,"pos":[-557.208008,-390.68399,103.853996],"rotationMatrix":[0.994160652,-0.107153282,-0.0127582261,0.107883237,0.989581585,0.0953388438,0.00240943604,-0.0961585194,0.995363116],"scale":1,"type":"wall_brick1"}
{"ctxid":0,"pos":[-554.254028,-391.009003,103.805],"rotationMatrix":[0.992292762,-0.123311117,-0.0122246677,0.123915508,0.987568617,0.096711807,0.000147057246,-0.0974812508,0.99523735],"scale":1,"type":"wall_brick1"}
{"ctxid":0,"pos":[-551.309998,-391.377014,103.758003],"rotationMatrix":[0.990077019,-0.140049592,-0.0115589201,0.140505627,0.985187173,0.098307699,-0.00238025305,-0.0989562869,0.995088935],"scale":1,"type":"wall_brick1"}
{"ctxid":0,"pos":[-548.375977,-391.796997,103.711998],"rotationMatrix":[0.987482548,-0.15736407,-0.0107130352,0.157643542,0.982446313,0.0997384414,-0.00517026382,-0.100178808,0.994956017],"scale":1,"type":"wall_brick1"}
{"ctxid":0,"pos":[-545.455994,-392.269012,103.668999],"rotationMatrix":[0.984476328,-0.175234705,-0.00995772984,0.175334319,0.97927475,0.101384617,-0.00801475067,-0.101556689,0.994797468],"scale":1,"type":"wall_brick1"}
{"ctxid":0,"pos":[-542.552002,-392.792999,103.626999],"rotationMatrix":[0.981025934,-0.193667293,-0.00900542736,0.193554178,0.975660086,0.103073657,-0.0111757591,-0.102860965,0.994632959],"scale":1,"type":"wall_brick1"}
{"ctxid":0,"pos":[-539.664001,-393.369995,103.587997],"rotationMatrix":[0.977011204,-0.213034198,-0.00809560716,0.212699965,0.971503735,0.104590729,-0.0144164898,-0.103908248,0.994482398],"scale":1,"type":"wall_brick1"}
{"ctxid":0,"pos":[-536.791992,-393.994995,103.551003],"rotationMatrix":[0.972465754,-0.232942119,-0.00695161568,0.232345238,0.966799617,0.106368184,-0.0180568118,-0.105054595,0.994302511],"scale":1,"type":"wall_brick1"}
{"ctxid":0,"pos":[-533.940002,-394.673004,103.516998],"rotationMatrix":[0.967249632,-0.253762573,-0.00571868801,0.252875388,0.961429596,0.108199708,-0.0219589211,-0.106102243,0.99411273],"scale":1,"type":"wall_brick1"}
{"ctxid":0,"pos":[-531.112976,-395.411011,103.485001],"rotationMatrix":[0.961241961,-0.275671005,-0.00440255553,0.274463832,0.955274343,0.110093318,-0.026143888,-0.107034661,0.993911505],"scale":1,"type":"wall_brick1"}
{"ctxid":0,"pos":[-528.317017,-396.217987,103.458],"rotationMatrix":[0.954236746,-0.299039245,-0.00278571248,0.29745996,0.948154926,0.111891918,-0.0308187865,-0.107600011,0.993716478],"scale":1,"type":"wall_brick1"}
{"ctxid":0,"pos":[-525.549988,-397.080994,103.433998],"rotationMatrix":[0.946249723,-0.323434979,-0.00113002525,0.321449488,0.940042734,0.113973163,-0.0358006358,-0.108210325,0.993483186],"scale":1,"type":"wall_brick1"}
{"ctxid":0,"pos":[-522.817993,-398.009003,103.415001],"rotationMatrix":[0.937042236,-0.34921512,0.000801085727,0.346771121,0.93075037,0.115989372,-0.0412508547,-0.108409144,0.993250132],"scale":1,"type":"wall_brick1"}
{"ctxid":0,"pos":[-520.117981,-399.006989,103.400002],"rotationMatrix":[0.926796913,-0.375553995,0.00258492283,0.372635841,0.92040956,0.118274115,-0.0467975028,-0.108652845,0.992977619],"scale":1,"type":"wall_brick1"}
{"ctxid":0,"pos":[-517.41803,-400.092987,103.397003],"rotationMatrix":[0.917416453,-0.397905022,0.00431777025,0.39457041,0.91102767,0.119761333,-0.0515872464,-0.108167358,0.992793322],"scale":1,"type":"wall_brick1"}
{"ctxid":0,"pos":[-514.656006,-401.306,103.426003],"rotationMatrix":[0.913212061,-0.40745762,0.0046935617,0.404111624,0.90707171,0.117960609,-0.0523213446,-0.105826326,0.993007183],"scale":1,"type":"wall_brick1"}
{"ctxid":0,"pos":[-511.891998,-402.55899,103.456001],"rotationMatrix":[0.909928083,-0.414735943,0.00499842083,0.41139704,0.904004335,0.11631272,-0.0527576581,-0.103779875,0.993200064],"scale":1,"type":"wall_brick1"}
{"ctxid":0,"pos":[-509.134003,-403.833008,103.487],"rotationMatrix":[0.906675458,-0.421797186,0.00517143589,0.418495446,0.900981188,0.114430986,-0.0529260337,-0.101587541,0.99341774],"scale":1,"type":"wall_brick1"}
{"ctxid":0,"pos":[-506.385986,-405.127991,103.518997],"rotationMatrix":[0.903446674,-0.428664893,0.00552368816,0.425373048,0.897962213,0.112790234,-0.0533092767,-0.0995503366,0.993603468],"scale":1,"type":"wall_brick1"}
{"ctxid":0,"pos":[-503.645996,-406.442993,103.551003],"rotationMatrix":[0.900169134,-0.435503334,0.00569113297,0.432244539,0.894885302,0.111107871,-0.0534807555,-0.097555913,0.993792057],"scale":1,"type":"wall_brick1"}
{"ctxid":0,"pos":[-500.915009,-407.778992,103.584],"rotationMatrix":[0.896836758,-0.442322075,0.0059169801,0.439103097,0.891771317,0.10923548,-0.0535938591,-0.0953682289,0.993998289],"scale":1,"type":"wall_brick1"}
{"ctxid":0,"pos":[-622.848022,-393.821991,105.113998],"rotationMatrix":[0.983598113,0.179532737,-0.0173996631,-0.177997753,0.981720209,0.0673960969,0.0291814059,-0.0631935671,0.997574568],"scale":1,"type":"wall_brick1"}
{"ctxid":0,"pos":[-619.883972,-393.298004,105.054001],"rotationMatrix":[0.985585213,0.168273494,-0.0174877141,-0.166723579,0.983623266,0.0684727654,0.0287234746,-0.0645701289,0.997499704],"scale":1,"type":"wall_brick1"}
{"ctxid":0,"pos":[-616.914001,-392.806,104.995003],"rotationMatrix":[0.987442374,0.156999707,-0.0175684467,-0.155431017,0.985381246,0.069749549,0.0282622762,-0.0661429763,0.997409821],"scale":1,"type":"wall_brick1"}
{"ctxid":0,"pos":[-613.940979,-392.347992,104.934998],"rotationMatrix":[0.989203095,0.145503983,-0.0174879469,-0.143935457,0.987050295,0.0708117336,0.0275648721,-0.0675300509,0.997336388],"scale":1,"type":"wall_brick1"}
{"ctxid":0,"pos":[-610.963989,-391.921997,104.875999],"rotationMatrix":[0.99082911,0.133994952,-0.017407706,-0.132423043,0.98856926,0.072076045,0.0268665478,-0.0691098571,0.997247219],"scale":1,"type":"wall_brick1"}
{"ctxid":0,"pos":[-607.981995,-391.529999,104.816002],"rotationMatrix":[0.992344737,0.122272789,-0.0173576493,-0.120703317,0.989990354,0.073142387,0.0261272285,-0.0704873353,0.997170448],"scale":1,"type":"wall_brick1"}
{"ctxid":0,"pos":[-604.997009,-391.175995,104.755997],"rotationMatrix":[0.993742943,0.110339768,-0.0173233747,-0.10876894,0.991278172,0.0744103789,0.0253827069,-0.0720605478,0.997077227],"scale":1,"type":"wall_brick1"}
{"ctxid":0,"pos":[-602.008972,-390.859009,104.696999],"rotationMatrix":[0.994997025,0.0983930081,-0.0173129048,-0.0968262777,0.992434978,0.0754816905,0.0246088021,-0.0734277144,0.99699688],"scale":1,"type":"wall_brick1"}
{"ctxid":0,"pos":[-599.018982,-390.578003,104.637001],"rotationMatrix":[0.996128321,0.0862300768,-0.0171097331,-0.0846798718,0.993448257,0.0767455474,0.0236154068,-0.0749995634,0.996903896],"scale":1,"type":"wall_brick1"}
{"ctxid":0,"pos":[-596.026001,-390.330994,104.578003],"rotationMatrix":[0.99712491,0.0738578439,-0.016939085,-0.0723252296,0.994325519,0.0780116916,0.0226047393,-0.076562278,0.996808529],"scale":1,"type":"wall_brick1"}
{"ctxid":0,"pos":[-593.031982,-390.119995,104.518997],"rotationMatrix":[0.997979522,0.0612796098,-0.0167834256,-0.0597669818,0.995059013,0.0792809427,0.0215588044,-0.0781176612,0.996711016],"scale":1,"type":"wall_brick1"}
{"ctxid":0,"pos":[-590.036987,-389.945007,104.459999],"rotationMatrix":[0.998675108,0.0486890897,-0.0166553725,-0.0472013764,0.995648026,0.0803556964,0.0204953346,-0.0794630721,0.996627092],"scale":1,"type":"wall_brick1"}
{"ctxid":0,"pos":[-587.041992,-389.808014,104.402],"rotationMatrix":[0.999218464,0.0358968601,-0.0165492222,-0.0344316438,0.996067524,0.0816330165,0.0194145106,-0.0809994042,0.996525049],"scale":1,"type":"wall_brick1"}
{"ctxid":0,"pos":[-584.046997,-389.714996,104.344002],"rotationMatrix":[0.999610066,0.0226934459,-0.0162702985,-0.0212694835,0.996330023,0.0829101577,0.0180921033,-0.0825317726,0.996424198],"scale":1,"type":"wall_brick1"}
{"ctxid":0,"pos":[-581.052002,-389.660004,104.286003],"rotationMatrix":[0.999826789,0.00948483776,-0.0160134342,-0.00810402166,0.99641645,0.0841937289,0.0167546123,-0.0840493739,0.996320724],"scale":1,"type":"wall_brick1"}
{"ctxid":0,"pos":[-578.059021,-389.641998,104.228996],"rotationMatrix":[0.999866724,-0.00413667783,-0.0157931037,0.0054722135,0.996324778,0.0854809508,0.0153814526,-0.0855559781,0.996214628],"scale":1,"type":"wall_brick1"}
{"ctxid":0,"pos":[-575.067993,-389.664001,104.172997],"rotationMatrix":[0.999720454,-0.017944077,-0.0153955687,0.0192171596,0.996025085,0.0869754553,0.0137736779,-0.0872469991,0.996091485],"scale":1,"type":"wall_brick1"}
{"ctxid":0,"pos":[-572.078979,-389.723999,104.116997],"rotationMatrix":[0.999376059,-0.0319600105,-0.0150350016,0.0331655182,0.995543718,0.0882765725,0.0121466806,-0.0887201354,0.995982528],"scale":1,"type":"wall_brick1"}
{"ctxid":0,"pos":[-569.093018,-389.822998,104.063004],"rotationMatrix":[0.99882555,-0.0461704321,-0.0146905361,0.0473045297,0.994854927,0.0895876959,0.0104786502,-0.0901774094,0.99587059],"scale":1,"type":"wall_brick1"}
{"ctxid":0,"pos":[-566.112976,-389.971985,104.009003],"rotationMatrix":[0.998035431,-0.0609739013,-0.014403549,0.062034715,0.99392581,0.0909020305,0.00877340883,-0.0916169658,0.995755672],"scale":1,"type":"wall_brick1"}
{"ctxid":0,"pos":[-563.138,-390.165985,103.956001],"rotationMatrix":[0.997012138,-0.0759765878,-0.0139410971,0.076943621,0.992741704,0.0924315304,0.00681727566,-0.0932280421,0.995621443],"scale":1,"type":"wall_brick1"}
{"ctxid":0,"pos":[-748.664978,-450.006012,107.209999],"rotationMatrix":[0.80144918,0.598009408,-0.00799694844,-0.597762287,0.801398635,0.0209875889,0.0189595204,-0.0120402118,0.999747753],"scale":1,"type":"wall_brick1"}
{"ctxid":0,"pos":[-746.22998,-448.200989,107.183998],"rotationMatrix":[0.806824446,0.590734899,-0.00815907679,-0.590466261,0.806761742,0.0220239405,0.0195927415,-0.0129517941,0.99972415],"scale":1,"type":"wall_brick1"}
{"ctxid":0,"pos":[-743.775024,-446.424988,107.155998],"rotationMatrix":[0.812122583,0.583423793,-0.00858013146,-0.583131969,0.81205368,0.0229328182,0.0203470793,-0.0136209112,0.999700189],"scale":1,"type":"wall_brick1"}
{"ctxid":0,"pos":[-741.302002,-444.674011,107.126999],"rotationMatrix":[0.817349434,0.5760746,-0.00883108936,-0.57576257,0.817271233,0.02377313,0.0209124908,-0.0143463444,0.999678373],"scale":1,"type":"wall_brick1"}
{"ctxid":0,"pos":[-738.817017,-442.941986,107.098],"rotationMatrix":[0.822502375,0.568690121,-0.00902010221,-0.56835407,0.822409868,0.0248123389,0.0215287544,-0.0152815962,0.999651432],"scale":1,"type":"wall_brick1"}
{"ctxid":0,"pos":[-736.31897,-441.229004,107.068001],"rotationMatrix":[0.827695131,0.561098099,-0.00946942251,-0.560736239,0.827595234,0.0257093217,0.0222623013,-0.0159696322,0.99962461],"scale":1,"type":"wall_brick1"}
{"ctxid":0,"pos":[-733.804016,-439.539001,107.036003],"rotationMatrix":[0.832813501,0.553469002,-0.009683121,-0.553081453,0.832698107,0.0267355479,0.0228604116,-0.0169101711,0.999595642],"scale":1,"type":"wall_brick1"}
{"ctxid":0,"pos":[-731.27301,-437.877991,107.003998],"rotationMatrix":[0.837854385,0.545802951,-0.00995889027,-0.545392334,0.837727189,0.0275748633,0.0233932752,-0.0176722184,0.999570131],"scale":1,"type":"wall_brick1"}
{"ctxid":0,"pos":[-728.72699,-436.239014,106.970001],"rotationMatrix":[0.842813969,0.538104892,-0.0103805885,-0.537662148,0.842673302,0.028655624,0.0241671763,-0.0185701102,0.999535441],"scale":1,"type":"wall_brick1"}
{"ctxid":0,"pos":[-726.16803,-434.621002,106.935997],"rotationMatrix":[0.847809792,0.530192852,-0.0106816012,-0.529725492,0.847656488,0.0294851921,0.0246871673,-0.0193395168,0.999508142],"scale":1,"type":"wall_brick1"}
{"ctxid":0,"pos":[-723.59198,-433.029999,106.900002],"rotationMatrix":[0.852724433,0.522246599,-0.0109332958,-0.521750271,0.852552652,0.0305067115,0.0252532363,-0.0203093681,0.999474764],"scale":1,"type":"wall_brick1"}
{"ctxid":0,"pos":[-721.002014,-431.464996,106.863998],"rotationMatrix":[0.857664585,0.514087617,-0.0111962482,-0.513561606,0.857473493,0.031523101,0.0258061234,-0.0212862864,0.999440312],"scale":1,"type":"wall_brick1"}
{"ctxid":0,"pos":[-718.39801,-429.921997,106.827003],"rotationMatrix":[0.862415075,0.506070614,-0.0115218284,-0.5055179,0.862209558,0.0323474333,0.0263043158,-0.0220724232,0.999410272],"scale":1,"type":"wall_brick1"}
{"ctxid":0,"pos":[-715.78302,-428.399994,106.789001],"rotationMatrix":[0.8671875,0.497841805,-0.0118051721,-0.497257799,0.866961241,0.0333601087,0.0268426836,-0.0230592545,0.999373674],"scale":1,"type":"wall_brick1"}
{"ctxid":0,"pos":[-713.153992,-426.901001,106.75],"rotationMatrix":[0.871879101,0.489576519,-0.0119025139,-0.488966465,0.871627092,0.0343222693,0.0271779299,-0.0241049398,0.999339938],"scale":1,"type":"wall_brick1"}
{"ctxid":0,"pos":[-710.505005,-425.440002,106.709999],"rotationMatrix":[0.876581311,0.48109892,-0.0122083426,-0.480456173,0.876306772,0.0353315175,0.0276962072,-0.0251053739,0.999301076],"scale":1,"type":"wall_brick1"}
{"ctxid":0,"pos":[-707.844971,-424.001007,106.668999],"rotationMatrix":[0.881195068,0.472587049,-0.0125192702,-0.471910954,0.880897045,0.0363378637,0.0282009915,-0.0261127651,0.999261141],"scale":1,"type":"wall_brick1"}
{"ctxid":0,"pos":[-705.171997,-422.584991,106.626999],"rotationMatrix":[0.885720134,0.464041829,-0.0128463442,-0.463331372,0.885397911,0.0373439975,0.0287033021,-0.0271242149,0.999219894],"scale":1,"type":"wall_brick1"}
{"ctxid":0,"pos":[-702.489014,-421.19101,106.584999],"rotationMatrix":[0.890161037,0.455460846,-0.0129902642,-0.454722166,0.889809608,0.0382963717,0.0290013608,-0.0281829778,0.999181986],"scale":1,"type":"wall_brick1"}
{"ctxid":0,"pos":[-699.791992,-419.821991,106.542],"rotationMatrix":[0.894600987,0.446666747,-0.0133373002,-0.445892364,0.894223452,0.0392991751,0.029480163,-0.0292100813,0.999138474],"scale":1,"type":"wall_brick1"}
{"ctxid":0,"pos":[-697.078979,-418.487,106.498001],"rotationMatrix":[0.898863316,0.438021243,-0.0134960711,-0.437217563,0.898454428,0.0402547047,0.0297580194,-0.0302827563,0.999098301],"scale":1,"type":"wall_brick1"}
{"ctxid":0,"pos":[-694.353027,-417.181,106.453003],"rotationMatrix":[0.903213024,0.428974658,-0.0136741074,-0.428141356,0.90277195,0.0412041545,0.0300201382,-0.0313616805,0.999057174],"scale":1,"type":"wall_brick1"}
{"ctxid":0,"pos":[-691.617004,-415.89801,106.406998],"rotationMatrix":[0.907376051,0.420084774,-0.0140530225,-0.419213772,0.906906366,0.0421977006,0.0304713864,-0.0323979631,0.999010444],"scale":1,"type":"wall_brick1"}
{"ctxid":0,"pos":[-688.869019,-414.639008,106.360001],"rotationMatrix":[0.911535501,0.410974413,-0.0142502245,-0.410072774,0.911031723,0.0431453697,0.0307140499,-0.033484906,0.998967171],"scale":1,"type":"wall_brick1"}
{"ctxid":0,"pos":[-686.109009,-413.40799,106.313004],"rotationMatrix":[0.915598869,0.401832998,-0.0144549711,-0.400900364,0.915059924,0.0440935791,0.0309454203,-0.0345770307,0.998922825],"scale":1,"type":"wall_brick1"}
{"ctxid":0,"pos":[-683.335999,-412.208008,106.264999],"rotationMatrix":[0.919566154,0.392662644,-0.0146329943,-0.391693801,0.918982983,0.0452353321,0.0312096979,-0.0358652286,0.998869181],"scale":1,"type":"wall_brick1"}
{"ctxid":0,"pos":[-680.552002,-411.035004,106.216003],"rotationMatrix":[0.923437357,0.383461475,-0.0148576433,-0.382460862,0.922816992,0.0461788513,0.031418696,-0.0369608104,0.998822689],"scale":1,"type":"wall_brick1"}
{"ctxid":0,"pos":[-677.755005,-409.890991,106.166],"rotationMatrix":[0.927288532,0.374042749,-0.0150996242,-0.373009801,0.92663002,0.0471220762,0.0316174366,-0.0380634516,0.998775005],"scale":1,"type":"wall_brick1"}
{"ctxid":0,"pos":[-674.948975,-408.774994,106.115997],"rotationMatrix":[0.93103981,0.364596218,-0.0153126204,-0.363525808,0.930333257,0.0482599661,0.0318412408,-0.0393654145,0.998717427],"scale":1,"type":"wall_brick1"}
{"ctxid":0,"pos":[-672.132996,-407.684998,106.065002],"rotationMatrix":[0.934690952,0.355119944,-0.0155768851,-0.354016334,0.933944225,0.0491998754,0.0320198014,-0.0404722095,0.998667479],"scale":1,"type":"wall_brick1"}
{"ctxid":0,"pos":[-669.304993,-406.625,106.013],"rotationMatrix":[0.93831706,0.345423162,-0.0156185338,-0.344290555,0.937514782,0.050299529,0.0320172273,-0.0418195911,0.998612046],"scale":1,"type":"wall_brick1"}
{"ctxid":0,"pos":[-666.466003,-405.597992,105.960999],"rotationMatrix":[0.941834211,0.335701317,-0.0159042627,-0.334535033,0.940989494,0.0512355082,0.032165572,-0.0429348201,0.998559952],"scale":1,"type":"wall_brick1"}
{"ctxid":0,"pos":[-663.619019,-404.596985,105.907997],"rotationMatrix":[0.945252299,0.325949311,-0.0159731321,-0.324753612,0.944349527,0.0523360223,0.0321431085,-0.0442834124,0.998501778],"scale":1,"type":"wall_brick1"}
{"ctxid":0,"pos":[-660.76001,-403.627014,105.853996],"rotationMatrix":[0.948625326,0.315982372,-0.0162830297,-0.3147524,0.947677851,0.0532692783,0.0322632194,-0.0454074629,0.998447418],"scale":1,"type":"wall_brick1"}
{"ctxid":0,"pos":[-657.893005,-402.687988,105.800003],"rotationMatrix":[0.951833248,0.306178629,-0.0163743496,-0.304919004,0.950825095,0.0543694273,0.032215897,-0.04675778,0.998386621],"scale":1,"type":"wall_brick1"}
{"ctxid":0,"pos":[-655.015991,-401.777008,105.745003],"rotationMatrix":[0.954996943,0.296157569,-0.016478084,-0.294868559,0.953926563,0.0554674566,0.0321459882,-0.0481123812,0.998324513],"scale":1,"type":"wall_brick1"}
{"ctxid":0,"pos":[-652.130981,-400.894012,105.690002],"rotationMatrix":[0.958110094,0.285918564,-0.0166018996,-0.284600079,0.956976175,0.0565632656,0.0320601091,-0.0494689345,0.998260975],"scale":1,"type":"wall_brick1"}
{"ctxid":0,"pos":[-649.237,-400.044006,105.634003],"rotationMatrix":[0.961111069,0.275652736,-0.0167653523,-0.274309635,0.959923029,0.0574630313,0.031933289,-0.0506294556,0.998206854],"scale":1,"type":"wall_brick1"}
{"ctxid":0,"pos":[-646.333984,-399.226013,105.578003],"rotationMatrix":[0.96399951,0.26536566,-0.0169118382,-0.263993025,0.96274519,0.0585609525,0.0318218581,-0.0519881248,0.998140574],"scale":1,"type":"wall_brick1"}
{"ctxid":0,"pos":[-643.422974,-398.438995,105.521004],"rotationMatrix":[0.966775656,0.255055577,-0.0170729086,-0.253653288,0.965453744,0.0596579984,0.0316992067,-0.0533453003,0.998072863],"scale":1,"type":"wall_brick1"}
{"ctxid":0,"pos":[-640.502991,-397.687012,105.463997],"rotationMatrix":[0.969493508,0.244523317,-0.0170494448,-0.243103281,0.968097568,0.0607280433,0.0313549489,-0.0547306687,0.998008728],"scale":1,"type":"wall_brick1"}
{"ctxid":0,"pos":[-637.577026,-396.964996,105.405998],"rotationMatrix":[0.972089767,0.233975053,-0.0172382183,-0.232525736,0.970623255,0.0618245937,0.0311972294,-0.0560907237,0.997938156],"scale":1,"type":"wall_brick1"}
{"ctxid":0,"pos":[-634.643982,-396.27301,105.348],"rotationMatrix":[0.97461915,0.223203778,-0.0172507465,-0.221737057,0.973075867,0.0628970191,0.0308251362,-0.0574755073,0.997870922],"scale":1,"type":"wall_brick1"}
{"ctxid":0,"pos":[-631.703979,-395.612,105.290001],"rotationMatrix":[0.977027416,0.212412626,-0.0172715187,-0.210929275,0.975405931,0.0639696121,0.030434696,-0.0588569976,0.997802377],"scale":1,"type":"wall_brick1"}
{"ctxid":0,"pos":[-628.757996,-394.981995,105.232002],"rotationMatrix":[0.979310036,0.201609448,-0.0174781326,-0.200092763,0.977600813,0.0652651414,0.0302447062,-0.0604175627,0.997714877],"scale":1,"type":"wall_brick1"}
{"ctxid":0,"pos":[-625.80603,-394.382996,105.172997],"rotationMatrix":[0.981514454,0.190583333,-0.01753195,-0.189050704,0.97972393,0.0663388968,0.0298195593,-0.0617981628,0.997643113],"scale":1,"type":"wall_brick1"}
{"ctxid":0,"pos":[-772.169983,-469.158997,107.420998],"rotationMatrix":[0.746775746,0.665059388,-0.00468803197,-0.664978564,0.746768475,0.0118481563,0.0113806026,-0.0057304753,0.999918818],"scale":1,"type":"wall_brick1"}
{"ctxid":0,"pos":[-769.892029,-467.152008,107.404999],"rotationMatrix":[0.752431154,0.65865171,-0.00502877869,-0.658557773,0.752421498,0.0127878841,0.0122065227,-0.00631026132,0.999905586],"scale":1,"type":"wall_brick1"}
{"ctxid":0,"pos":[-767.598022,-465.166992,107.387001],"rotationMatrix":[0.757883072,0.652368367,-0.00536459358,-0.652260602,0.757870674,0.0137175173,0.0130145419,-0.00689716078,0.99989152],"scale":1,"type":"wall_brick1"}
{"ctxid":0,"pos":[-765.288025,-463.200012,107.369003],"rotationMatrix":[0.763411522,0.645887196,-0.00571105769,-0.64576441,0.763396025,0.0146576595,0.0138269933,-0.00750182848,0.999876261],"scale":1,"type":"wall_brick1"}
{"ctxid":0,"pos":[-762.965027,-461.248993,107.348999],"rotationMatrix":[0.769011497,0.639206231,-0.00606150879,-0.639067531,0.768992543,0.0155930091,0.0146284029,-0.00811748952,0.999860048],"scale":1,"type":"wall_brick1"}
{"ctxid":0,"pos":[-760.622009,-459.322998,107.329002],"rotationMatrix":[0.774409533,0.632652104,-0.00641989009,-0.632496595,0.774386883,0.0165225901,0.01542453,-0.00873469282,0.999842882],"scale":1,"type":"wall_brick1"}
{"ctxid":0,"pos":[-758.26001,-457.42099,107.306999],"rotationMatrix":[0.779878139,0.625896394,-0.00661547016,-0.625725985,0.77984941,0.0173756331,0.0160344169,-0.00941140484,0.999827147],"scale":1,"type":"wall_brick1"}
{"ctxid":0,"pos":[-755.885986,-455.533997,107.283997],"rotationMatrix":[0.785408139,0.618938744,-0.00699225627,-0.618749678,0.785374999,0.0183009673,0.0168187208,-0.0100472728,0.999808073],"scale":1,"type":"wall_brick1"}
{"ctxid":0,"pos":[-753.494995,-453.669006,107.261002],"rotationMatrix":[0.790737748,0.612110555,-0.00738194166,-0.611901939,0.790700078,0.0192190073,0.0176010597,-0.0106801698,0.999788046],"scale":1,"type":"wall_brick1"}
{"ctxid":0,"pos":[-751.088013,-451.828003,107.236],"rotationMatrix":[0.79613018,0.605077803,-0.00759034278,-0.604851961,0.796084881,0.0200738218,0.0181887802,-0.0113903424,0.999769688],"scale":1,"type":"wall_brick1"}
{"ctxid":0,"pos":[-874.685974,-564.088989,107.494003],"rotationMatrix":[0.720216036,0.693740487,0.00360479602,-0.693658888,0.720196009,-0.0124532515,-0.0112354849,0.00646853307,0.999915957],"scale":1,"type":"wall_brick1"}
{"ctxid":0,"pos":[-872.505005,-561.981018,107.497002],"rotationMatrix":[0.720815659,0.693117976,0.00349837681,-0.693040073,0.720796108,-0.0121839661,-0.0109665422,0.00635787845,0.999919653],"scale":1,"type":"wall_brick1"}
