{"class":"DecalRoad","persistentId":"34ad74e0-38a3-40be-92d7-923bb90c2229","__parent":"SimGroup_","position":[-1041.34241,1940.93726,94.0854111],"decalBias":0.0500000007,"detail":0.400000006,"distanceFade":[150,100],"improvedSpline":true,"material":"m_asphalt_skidmarks_01","nodes":[[-1041.34241,1940.93726,94.0854111,4],[-1047.33276,1931.96399,94.2871323,4],[-1053.01208,1916.62109,93.3332672,4],[-1061.58313,1909.552,92.2992249,4],[-1078.35132,1917.87708,92.1687775,4],[-1094.32458,1914.3512,93.2118607,4],[-1107.26904,1903.39026,94.0822678,4],[-1112.43665,1890.39539,95.7003174,4],[-1125.2345,1873.93274,95.516304,4],[-1141.51355,1869.3905,94.4214325,4],[-1154.64331,1873.66052,93.5373306,4],[-1166.01831,1884.30505,93.6518021,4],[-1175.79504,1902.97009,94.7473068,4],[-1175.12292,1922.78687,95.7096252,4],[-1161.51489,1938.79089,95.1128159,4],[-1140.20813,1944.797,93.6488266,4],[-1117.00378,1941.53577,92.7816467,4],[-1102.19788,1937.42834,92.7661438,4],[-1088.80188,1932.65454,92.7190018,4],[-1080.05103,1928.89502,92.5103607,4],[-1071.96106,1926.92322,92.6084061,4]],"overObjects":true,"renderPriority":2,"startEndFade":[10,10],"textureLength":60,"zBias":0.00100000005}
{"class":"DecalRoad","persistentId":"b7447bae-6167-4c28-8904-733e695fe289","__parent":"SimGroup_","position":[-1048.21545,1939.88257,94.0854111],"decalBias":0.0500000007,"detail":0.400000006,"distanceFade":[150,100],"improvedSpline":true,"material":"m_asphalt_skidmarks_02","nodes":[[-1048.21545,1939.88257,94.0854111,4.5],[-1050.72461,1931.19189,94.2871323,4.5],[-1050.87659,1919.40747,93.3332672,4.5],[-1059.84009,1909.9541,92.2992249,4.5],[-1076.65149,1915.60999,92.1687775,4.5],[-1091.22461,1916.04016,93.2118607,4.5],[-1104.97266,1906.48425,94.0822678,4.5],[-1114.52869,1889.17786,95.7003174,4.5],[-1127.88892,1872.89929,95.516304,4.5],[-1143.06421,1870.73108,94.4214325,4.5],[-1154.83643,1874.44409,93.5373306,4.5],[-1167.19177,1886.51477,93.6518021,4.5],[-1175.14575,1902.85571,94.7473068,4.5],[-1174.68933,1923.02869,95.7096252,4.5],[-1160.453,1938.93274,95.1128159,4.5],[-1139.39441,1944.33423,93.6488266,4.5],[-1117.65625,1940.63794,92.7816467,4.5],[-1103.18274,1935.57654,92.7661438,4.5],[-1090.10205,1931.72815,92.7190018,4.5],[-1079.02258,1928.54248,92.5103607,4.5],[-1073.5686,1926.65845,92.6084061,4.5]],"overObjects":true,"renderPriority":2,"startEndFade":[10,10],"textureLength":75,"zBias":0.00100000005}
{"class":"DecalRoad","persistentId":"c88adf73-8a31-46e5-ab86-5104d987df76","__parent":"SimGroup_","position":[-1118.11719,1892.23376,93.5023117],"breakAngle":1,"detail":0.200000003,"distanceFade":[200,50],"improvedSpline":true,"material":"road_invisible","nodes":[[-1118.11719,1892.23376,93.5023117,0.200000003],[-1111.55627,1902.07581,93.5670624,0.200000003],[-1106.21606,1908.74475,93.5676804,0.200000003]],"overObjects":true,"renderPriority":9,"textureLength":20}
{"class":"DecalRoad","persistentId":"f2d503d7-0e03-4b98-9803-1909f1754465","__parent":"SimGroup_","position":[-1049.45166,1941.20752,94.0854111],"decalBias":0.0500000007,"detail":0.400000006,"distanceFade":[150,100],"improvedSpline":true,"material":"m_asphalt_skidmarks_01","nodes":[[-1049.45166,1941.20752,94.0854111,4.79999924],[-1048.28345,1930.26367,94.2871323,4.79999924],[-1052.89722,1915.40088,93.3332672,4.79999924],[-1063.4812,1910.37817,92.2992249,4.79999924],[-1080.25049,1917.47119,92.1687775,4.79999924],[-1095.7229,1914.29443,93.2118607,4.79999924],[-1105.68201,1904.46448,94.0822678,4.79999924],[-1113.50647,1890.92383,95.7003174,4.79999924],[-1124.80432,1874.56628,95.516304,4.79999924],[-1140.85156,1869.78882,94.4214325,4.79999924],[-1154.73096,1874.75073,93.5373306,4.79999924],[-1164.85583,1883.67151,93.6518021,4.79999924],[-1174.5553,1901.57507,94.7473068,4.79999924],[-1174.10986,1923.33276,95.7096252,4.79999924],[-1162.84399,1937.64453,95.1128159,4.79999924],[-1140.94336,1944.78857,93.6488266,4.79999924],[-1116.91492,1941.31409,92.7816467,4.79999924],[-1102.89172,1935.86914,92.7661438,4.79999924],[-1088.92273,1929.66504,92.7190018,4.79999924],[-1077.34326,1925.90869,92.5103607,4.79999924],[-1067.70605,1923.37146,92.6084061,4.79999924]],"overObjects":true,"renderPriority":2,"startEndFade":[10,10],"textureLength":50,"zBias":0.00100000005}
{"name":"SimGroup_","class":"SimGroup","persistentId":"41bc7451-deaf-4b69-ac4c-b84f46217d75","groupPosition":"-1122.5803027683 1908.9070010715 93.733197953966"}
{"class":"TSStatic","persistentId":"01282bdd-3ffd-4a5d-915f-d6ab40353ab0","__parent":"SimGroup_","position":[-1175.85596,1896.48193,94.4517441],"isRenderEnabled":false,"rotationMatrix":[-0.408311248,0.912745535,-0.0133167077,-0.910965383,-0.406493068,0.0700386167,0.0585142896,0.0407286175,0.997455418],"shapeName":"/levels/rls_west_coast_usa/art/shapes/objects/barrierfence_plain.dae","useInstanceRenderData":true}
{"class":"TSStatic","persistentId":"020222e8-c4a3-4e35-87c3-af68fc38fd31","__parent":"SimGroup_","position":[-1163.32837,1889.83887,93.9939423],"isRenderEnabled":false,"shapeName":"/levels/rls_west_coast_usa/art/shapes/objects/sandbarrel.dae","useInstanceRenderData":true}
{"class":"TSStatic","persistentId":"03c2992f-52e7-42c7-ad73-7a572af81d38","__parent":"SimGroup_","position":[-1113.72278,1943.29321,93.5147705],"isRenderEnabled":false,"rotationMatrix":[0.967236221,-0.253507972,-0.0137043707,0.252975821,0.957846522,0.136136726,-0.0213850588,-0.135143235,0.990595281],"shapeName":"/levels/rls_west_coast_usa/art/shapes/objects/barrierfence_plain.dae","useInstanceRenderData":true}
{"class":"TSStatic","persistentId":"04846f03-e1fd-440f-ae48-0db19c08051b","__parent":"SimGroup_","position":[-1061.72595,1907.08435,92.1609268],"isRenderEnabled":false,"rotationMatrix":[-0.98676312,0.145242482,0.07213144,-0.146312982,-0.989190102,-0.0097574098,0.069934532,-0.020182021,0.997347414],"shapeName":"/levels/rls_west_coast_usa/art/shapes/objects/barrierfence_plain.dae","useInstanceRenderData":true}
{"class":"TSStatic","persistentId":"05102878-6760-4ebd-8106-b0aab840e16a","__parent":"SimGroup_","position":[-1107.50073,1891.646,94.0519867],"isRenderEnabled":false,"rotationMatrix":[-0.525966406,-0.850220859,0.0219991524,0.849984586,-0.524563313,0.0485763699,-0.0297606941,0.0442484766,0.998577178],"shapeName":"/levels/rls_west_coast_usa/art/shapes/objects/barrierfence_plain.dae","useInstanceRenderData":true}
{"class":"TSStatic","persistentId":"064bad4e-c255-4600-a7c0-39ef943f300e","__parent":"SimGroup_","position":[-1113.67944,1881.8822,94.3603745],"isRenderEnabled":false,"rotationMatrix":[-0.568478107,-0.822457731,0.0198926236,0.818714917,-0.563183665,0.11193715,-0.0808603838,0.0799202174,0.993516147],"shapeName":"/levels/rls_west_coast_usa/art/shapes/objects/barrierfence_plain.dae","useInstanceRenderData":true}
{"class":"TSStatic","persistentId":"0691a73c-30e7-4dd1-8e42-e10c48d90bdb","__parent":"SimGroup_","position":[-1117.25146,1893.55261,93.6340561],"isRenderEnabled":false,"rotationMatrix":[0.836841047,-0.546029985,-0.039348904,0.546161115,0.837639153,-0.00828620419,0.0374847017,-0.0145566072,0.999191165],"shapeName":"/levels/rls_west_coast_usa/art/shapes/objects/jerseybarrier_3m.dae","useInstanceRenderData":true}
{"class":"TSStatic","persistentId":"0697a2f1-4ff6-4fec-8f84-9d67e52568e2","__parent":"SimGroup_","position":[-1176.56934,1925.68127,94.2374039],"isRenderEnabled":false,"rotationMatrix":[0.371309042,0.928501189,-0.00389355049,-0.925804913,0.370544136,0.0747149885,0.0708156824,-0.0241376851,0.99719733],"shapeName":"/levels/rls_west_coast_usa/art/shapes/objects/barrierfence_plain.dae","useInstanceRenderData":true}
{"class":"TSStatic","persistentId":"07bababd-122d-4324-a55c-a75cc669b215","__parent":"SimGroup_","position":[-1108.05811,1906.52856,93.5838165],"isRenderEnabled":false,"rotationMatrix":[0.768054187,-0.638628125,0.0474005975,0.639204025,0.769027829,0.00378687959,-0.0388707854,0.0273901261,0.998868763],"shapeName":"/levels/rls_west_coast_usa/art/shapes/objects/jerseybarrier_3m.dae","useInstanceRenderData":true}
{"class":"TSStatic","persistentId":"10b32737-b4ae-4dc2-bb1c-5e780c3fd8b8","__parent":"SimGroup_","position":[-1055.11108,1935.98779,92.5679092],"isRenderEnabled":false,"rotationMatrix":[-0.261289239,-0.965081692,-0.0185836386,0.964983106,-0.26070416,-0.0289999265,0.0231424663,-0.0255102646,0.999406636],"shapeName":"/levels/rls_west_coast_usa/art/shapes/objects/barrierfence_plain.dae","useInstanceRenderData":true}
{"class":"TSStatic","persistentId":"11646c9e-8d75-4f79-8d21-f2677adf3c87","__parent":"SimGroup_","position":[-1178.14246,1921.33496,94.2722244],"isRenderEnabled":false,"rotationMatrix":[0.253668606,0.967282951,-0.00398214161,-0.964618504,0.253271401,0.0732434988,0.0718557537,-0.0147383269,0.997306108],"shapeName":"/levels/rls_west_coast_usa/art/shapes/objects/barrierfence_plain.dae","useInstanceRenderData":true}
{"class":"TSStatic","persistentId":"141893bc-f2f5-448f-bd99-62de9430cce9","__parent":"SimGroup_","position":[-1140.75964,1866.99365,94.5580673],"isRenderEnabled":false,"rotationMatrix":[-0.999739766,0.0225271005,-0.00358650973,-0.0227280166,-0.997105718,0.072549805,-0.00194179302,0.0726124346,0.997358322],"shapeName":"/levels/rls_west_coast_usa/art/shapes/objects/barrierfence_plain.dae","useInstanceRenderData":true}
{"class":"TSStatic","persistentId":"14693130-6430-45de-b6cf-cbdba825947f","__parent":"SimGroup_","position":[-1084.23596,1911.63806,92.5850754],"isRenderEnabled":false,"rotationMatrix":[-0.998776674,-0.0394688211,0.0297901426,0.0381025113,-0.998254895,-0.0451170243,0.0315188691,-0.0439267494,0.998537421],"shapeName":"/levels/rls_west_coast_usa/art/shapes/objects/barrierfence_plain.dae","useInstanceRenderData":true}
{"class":"TSStatic","persistentId":"14bc7ab9-c9ee-4e95-8526-3d4a4978a5f6","__parent":"SimGroup_","position":[-1177.40771,1923.52661,94.2525635],"isRenderEnabled":false,"rotationMatrix":[0.339358211,0.940636337,-0.0062777251,-0.93787533,0.338859916,0.0745921433,0.0722913519,-0.019425733,0.99719435],"shapeName":"/levels/rls_west_coast_usa/art/shapes/objects/barrierfence_plain.dae","useInstanceRenderData":true}
{"class":"TSStatic","persistentId":"1678c17a-c79e-4645-b3ce-930a2eab4fd9","__parent":"SimGroup_","position":[-1102.64819,1899.51575,93.8199158],"isRenderEnabled":false,"rotationMatrix":[-0.539730787,-0.840961337,0.0383988209,0.841781497,-0.539659619,0.0130855422,0.00971786398,0.0393860862,0.9991768],"shapeName":"/levels/rls_west_coast_usa/art/shapes/objects/barrierfence_plain.dae","useInstanceRenderData":true}
{"class":"TSStatic","persistentId":"190b30d2-cd6d-4822-a548-7ae9cf1bfe71","__parent":"SimGroup_","position":[-1178.98328,1916.79504,94.2942123],"isRenderEnabled":false,"rotationMatrix":[0.0902553797,0.995914161,-0.00299223885,-0.993231356,0.0902320147,0.0731417984,0.0731129497,-0.00362945721,0.997317076],"shapeName":"/levels/rls_west_coast_usa/art/shapes/objects/barrierfence_plain.dae","useInstanceRenderData":true}
{"class":"TSStatic","persistentId":"19da142c-8915-4926-bed4-09995cd3e9ed","__parent":"SimGroup_","position":[-1172.77649,1890.26904,94.5345612],"isRenderEnabled":false,"rotationMatrix":[-0.478040695,0.878310144,-0.00695495307,-0.876237214,-0.476335287,0.0728898421,0.0607069954,0.040938504,0.997315764],"shapeName":"/levels/rls_west_coast_usa/art/shapes/objects/barrierfence_plain.dae","useInstanceRenderData":true}
{"class":"TSStatic","persistentId":"1ad25525-bc9c-496e-be76-ccbd69051fc0","__parent":"SimGroup_","position":[-1057.01855,1928.9491,92.5679092],"isRenderEnabled":false,"rotationMatrix":[-0.261289239,-0.965081692,-0.0185836386,0.964983106,-0.26070416,-0.0289999265,0.0231424663,-0.0255102646,0.999406636],"shapeName":"/levels/rls_west_coast_usa/art/shapes/objects/barrierfence_plain.dae","useInstanceRenderData":true}
{"class":"TSStatic","persistentId":"1bdbae6e-ee94-4b99-aa97-f1a8e132b1a3","__parent":"SimGroup_","position":[-1174.50598,1929.80994,94.2169418],"isRenderEnabled":false,"rotationMatrix":[0.530700326,0.847525001,-0.00764703564,-0.844964385,0.529759347,0.0734176934,0.0662744194,-0.032501325,0.997271955],"shapeName":"/levels/rls_west_coast_usa/art/shapes/objects/barrierfence_plain.dae","useInstanceRenderData":true}
{"class":"TSStatic","persistentId":"1c91a36b-95f1-42b2-811e-5e6b90b4a778","__parent":"SimGroup_","position":[-1120.41663,1945.1095,93.4838104],"isRenderEnabled":false,"rotationMatrix":[0.968216777,-0.24981311,-0.0122349598,0.250096321,0.967551947,0.0359872691,0.00284786755,-0.0379033946,0.999277353],"shapeName":"/levels/rls_west_coast_usa/art/shapes/objects/barrierfence_plain.dae","useInstanceRenderData":true}
{"class":"TSStatic","persistentId":"2168bf75-86f7-4c57-8967-65506c11bc7f","__parent":"SimGroup_","position":[-1164.83496,1878.92505,94.5214691],"isRenderEnabled":false,"rotationMatrix":[-0.669994712,0.74230504,-0.00951430574,-0.741221905,-0.668195844,0.0640669689,0.0411998108,0.0499767326,0.997900248],"shapeName":"/levels/rls_west_coast_usa/art/shapes/objects/barrierfence_plain.dae","useInstanceRenderData":true}
{"class":"TSStatic","persistentId":"24b8ad74-6ef2-4d18-9650-2e9f4c7bd24a","__parent":"SimGroup_","position":[-1168.4071,1936.73413,94.1154938],"isRenderEnabled":false,"rotationMatrix":[0.701919019,0.712217689,-0.00746283121,-0.710039854,0.700521946,0.0715014935,0.0561525077,-0.0448893532,0.997412562],"shapeName":"/levels/rls_west_coast_usa/art/shapes/objects/barrierfence_plain.dae","useInstanceRenderData":true}
{"class":"TSStatic","persistentId":"28d07a65-2e02-452e-a6a3-02fc14eca001","__parent":"SimGroup_","position":[-1124.9043,1946.22192,93.5562134],"isRenderEnabled":false,"rotationMatrix":[0.973701835,-0.227072701,-0.0185115729,0.227603927,0.973123074,0.035041213,0.0100571364,-0.0383329988,0.999214411],"shapeName":"/levels/rls_west_coast_usa/art/shapes/objects/barrierfence_plain.dae","useInstanceRenderData":true}
{"class":"TSStatic","persistentId":"2adf4da4-7127-4944-ae07-49ba3f144d4d","__parent":"SimGroup_","position":[-1047.61572,1919.31238,92.5270157],"isRenderEnabled":false,"rotationMatrix":[-0.283314824,-0.958857536,-0.0180243347,0.958742619,-0.282723188,-0.029665567,0.0233491529,-0.025685396,0.999397337],"shapeName":"/levels/rls_west_coast_usa/art/shapes/objects/barrierfence_plain.dae","useInstanceRenderData":true}
{"class":"TSStatic","persistentId":"2b0948b3-33a7-47af-933b-96639f9000cf","__parent":"SimGroup_","position":[-1086.53516,1911.41431,92.6652832],"isRenderEnabled":false,"rotationMatrix":[-0.991579056,-0.121795043,0.0440118797,0.119842947,-0.991791964,-0.0445696376,0.0490789898,-0.0389198028,0.998036325],"shapeName":"/levels/rls_west_coast_usa/art/shapes/objects/barrierfence_plain.dae","useInstanceRenderData":true}
{"class":"TSStatic","persistentId":"2b5cac05-e095-4577-94fa-15ad03c833ab","__parent":"SimGroup_","position":[-1178.66858,1919.08459,94.2851562],"isRenderEnabled":false,"rotationMatrix":[0.190892756,0.981598854,-0.00485787541,-0.978908539,0.190731883,0.0732075274,0.0727869794,-0.00921937078,0.997304916],"shapeName":"/levels/rls_west_coast_usa/art/shapes/objects/barrierfence_plain.dae","useInstanceRenderData":true}
{"class":"TSStatic","persistentId":"2ea6d43d-6070-438e-87df-60c303741265","__parent":"SimGroup_","position":[-1156.68726,1943.87085,93.9601517],"isRenderEnabled":false,"rotationMatrix":[0.938314617,0.345231712,-0.019512061,-0.343983352,0.937693834,0.0490475968,0.0352291241,-0.0393102542,0.998605847],"shapeName":"/levels/rls_west_coast_usa/art/shapes/objects/barrierfence_plain.dae","useInstanceRenderData":true}
{"class":"TSStatic","persistentId":"32d5bc52-20d6-460f-a229-85a698bbda96","__parent":"SimGroup_","position":[-1171.64075,1933.42932,94.1635818],"isRenderEnabled":false,"rotationMatrix":[0.695640206,0.718275309,-0.0128570367,-0.71582377,0.694555283,0.0720366314,0.0606720597,-0.0409082025,0.997319102],"shapeName":"/levels/rls_west_coast_usa/art/shapes/objects/barrierfence_plain.dae","useInstanceRenderData":true}
{"class":"TSStatic","persistentId":"337903b6-0b05-4c3d-aa36-1d0c13162071","__parent":"SimGroup_","position":[-1134.04797,1947.47742,93.7207031],"isRenderEnabled":false,"rotationMatrix":[0.999534726,-0.026606869,-0.0149141932,0.0282194018,0.992241323,0.121081732,0.0115768733,-0.121446259,0.992530465],"shapeName":"/levels/rls_west_coast_usa/art/shapes/objects/barrierfence_plain.dae","useInstanceRenderData":true}
{"class":"TSStatic","persistentId":"337cccec-30fc-466d-a50b-a73703405e1c","__parent":"SimGroup_","position":[-1056.37305,1931.3905,92.5679092],"isRenderEnabled":false,"rotationMatrix":[-0.261289239,-0.965081692,-0.0185836386,0.964983106,-0.26070416,-0.0289999265,0.0231424663,-0.0255102646,0.999406636],"shapeName":"/levels/rls_west_coast_usa/art/shapes/objects/barrierfence_plain.dae","useInstanceRenderData":true}
{"class":"TSStatic","persistentId":"3536cf6d-45e1-44fd-92af-2dc8aa46ed3e","__parent":"SimGroup_","position":[-1053.01819,1909.2948,92.210701],"isRenderEnabled":false,"rotationMatrix":[-0.741938949,-0.669962287,-0.0260205232,0.67036593,-0.740592837,-0.0461688936,0.011660804,-0.0516977757,0.998594701],"shapeName":"/levels/rls_west_coast_usa/art/shapes/objects/barrierfence_plain.dae","useInstanceRenderData":true}
{"class":"TSStatic","persistentId":"3659ed0f-d098-40b0-a745-fb87aaaf1d70","__parent":"SimGroup_","position":[-1170.00964,1935.06763,94.1341553],"isRenderEnabled":false,"rotationMatrix":[0.701101601,0.712990165,-0.0100793783,-0.710670352,0.699837446,0.0719394311,0.0583460331,-0.0432737395,0.997358084],"shapeName":"/levels/rls_west_coast_usa/art/shapes/objects/barrierfence_plain.dae","useInstanceRenderData":true}
{"class":"TSStatic","persistentId":"36ee8451-fdfe-4f24-be8a-18e5c6729034","__parent":"SimGroup_","position":[-1166.92896,1927.35254,93.6693344],"isRenderEnabled":false,"shapeName":"/levels/rls_west_coast_usa/art/shapes/objects/sandbarrel.dae","useInstanceRenderData":true}
{"class":"TSStatic","persistentId":"394eb269-7547-4419-96fc-9f5ad7ab6b8b","__parent":"SimGroup_","position":[-1044.84375,1929.33008,92.5679092],"isRenderEnabled":false,"rotationMatrix":[-0.261289239,-0.965081692,-0.0185836386,0.964983106,-0.26070416,-0.0289999265,0.0231424663,-0.0255102646,0.999406636],"shapeName":"/levels/rls_west_coast_usa/art/shapes/objects/barrierfence_plain.dae","useInstanceRenderData":true}
{"class":"TSStatic","persistentId":"3c0d3d82-2906-42be-bd25-086308559d90","__parent":"SimGroup_","position":[-1136.14185,1867.15466,94.5769577],"isRenderEnabled":false,"rotationMatrix":[-0.99537003,-0.0960611701,-0.00329349632,0.0956018418,-0.992992401,0.0694722086,-0.00994399842,0.0688356906,0.997578442],"shapeName":"/levels/rls_west_coast_usa/art/shapes/objects/barrierfence_plain.dae","useInstanceRenderData":true}
{"class":"TSStatic","persistentId":"3dfaa514-e2a5-4876-9b4b-0088cfc7da5c","__parent":"SimGroup_","position":[-1051.42102,1910.95898,92.27742],"isRenderEnabled":false,"rotationMatrix":[-0.61252737,-0.789742589,-0.0334176421,0.790333748,-0.611167431,-0.0429757126,0.0135159791,-0.0527348928,0.998517096],"shapeName":"/levels/rls_west_coast_usa/art/shapes/objects/barrierfence_plain.dae","useInstanceRenderData":true}
{"class":"TSStatic","persistentId":"3ec14ce1-f586-4ae6-bbe1-7c1c7036d508","__parent":"SimGroup_","position":[-1154.51562,1944.66394,93.932312],"isRenderEnabled":false,"rotationMatrix":[0.94710958,0.320476145,-0.0166862942,-0.319449395,0.946478546,0.046157185,0.0305854939,-0.0383854844,0.998794794],"shapeName":"/levels/rls_west_coast_usa/art/shapes/objects/barrierfence_plain.dae","useInstanceRenderData":true}
{"class":"TSStatic","persistentId":"40bfd3cb-1df2-4a5c-ab27-6fc85170ad75","__parent":"SimGroup_","position":[-1050.13208,1912.87317,92.3590164],"isRenderEnabled":false,"rotationMatrix":[-0.494015813,-0.868744612,-0.0350876488,0.869332314,-0.492872953,-0.0365716554,0.0144776748,-0.0485698022,0.998714864],"shapeName":"/levels/rls_west_coast_usa/art/shapes/objects/barrierfence_plain.dae","useInstanceRenderData":true}
{"class":"TSStatic","persistentId":"40ccf6f4-971c-4095-b68e-a4d6c1b7c612","__parent":"SimGroup_","position":[-1175.64844,1927.80151,94.2310181],"isRenderEnabled":false,"rotationMatrix":[0.454482496,0.890737176,-0.00573400408,-0.888118267,0.45362246,0.0739770979,0.0684952289,-0.0285288282,0.997243464],"shapeName":"/levels/rls_west_coast_usa/art/shapes/objects/barrierfence_plain.dae","useInstanceRenderData":true}
{"class":"TSStatic","persistentId":"4c4a0fd7-a21b-417c-af71-0327c3693dbc","__parent":"SimGroup_","position":[-1044.15466,1931.80298,92.5679092],"isRenderEnabled":false,"rotationMatrix":[-0.261289239,-0.965081692,-0.0185836386,0.964983106,-0.26070416,-0.0289999265,0.0231424663,-0.0255102646,0.999406636],"shapeName":"/levels/rls_west_coast_usa/art/shapes/objects/barrierfence_plain.dae","useInstanceRenderData":true}
{"class":"TSStatic","persistentId":"4db773f1-1010-4c54-bccf-617993b93451","__parent":"SimGroup_","position":[-1115.02747,1880.00452,94.4122238],"isRenderEnabled":false,"rotationMatrix":[-0.596758246,-0.802307665,0.0134992711,0.798463047,-0.59206152,0.109178782,-0.0796025693,0.0759319961,0.993930459],"shapeName":"/levels/rls_west_coast_usa/art/shapes/objects/barrierfence_plain.dae","useInstanceRenderData":true}
{"class":"TSStatic","persistentId":"4ffdd718-31be-4224-8b3d-3ac45801500f","__parent":"SimGroup_","position":[-1143.28931,1947.23303,93.8246765],"isRenderEnabled":false,"rotationMatrix":[0.997340918,0.0719312504,-0.0117050735,-0.0714639947,0.996780038,0.0363661908,0.0142832482,-0.0354329981,0.999269962],"shapeName":"/levels/rls_west_coast_usa/art/shapes/objects/barrierfence_plain.dae","useInstanceRenderData":true}
{"class":"TSStatic","persistentId":"51cb51dc-e1ef-442e-b444-0ea206024bf7","__parent":"SimGroup_","position":[-1170.40259,1886.30261,94.5087662],"isRenderEnabled":false,"rotationMatrix":[-0.546209812,0.837580025,0.0107094012,-0.834904134,-0.545409799,0.0739145875,0.0677503943,0.0314315408,0.997207046],"shapeName":"/levels/rls_west_coast_usa/art/shapes/objects/barrierfence_plain.dae","useInstanceRenderData":true}
{"class":"TSStatic","persistentId":"52024301-4d35-4193-adfc-9aeb16dc681a","__parent":"SimGroup_","position":[-1059.42102,1906.94958,92.1384201],"isRenderEnabled":false,"rotationMatrix":[-0.996459723,-0.0840416178,0.00225237873,0.0837705508,-0.994798779,-0.0579470582,0.0071106283,-0.057553228,0.998317122],"shapeName":"/levels/rls_west_coast_usa/art/shapes/objects/barrierfence_plain.dae","useInstanceRenderData":true}
{"class":"TSStatic","persistentId":"52816525-d681-41f0-9c66-ba4e90e90863","__parent":"SimGroup_","position":[-1068.39258,1908.91943,92.297081],"isRenderEnabled":false,"rotationMatrix":[-0.931638598,0.356419295,0.0708161145,-0.356183797,-0.934272766,0.0163558312,0.0719911009,-0.0099858297,0.997355282],"shapeName":"/levels/rls_west_coast_usa/art/shapes/objects/barrierfence_plain.dae","useInstanceRenderData":true}
{"class":"TSStatic","persistentId":"55fa9984-7d60-4a3a-a717-d522629747fd","__parent":"SimGroup_","position":[-1131.61597,1868.07483,94.5825882],"isRenderEnabled":false,"rotationMatrix":[-0.961142063,-0.273971915,-0.0338411108,0.269437432,-0.95770824,0.100986682,-0.0600774214,0.0879444852,0.994312048],"shapeName":"/levels/rls_west_coast_usa/art/shapes/objects/barrierfence_plain.dae","useInstanceRenderData":true}
{"class":"TSStatic","persistentId":"59b35374-4fee-4b05-af25-97992ec177e5","__parent":"SimGroup_","position":[-1115.95337,1943.90076,93.4918671],"isRenderEnabled":false,"rotationMatrix":[0.963701069,-0.265773028,0.0253961068,0.264438421,0.963289022,0.0463311784,-0.0367773697,-0.0379336961,0.998603225],"shapeName":"/levels/rls_west_coast_usa/art/shapes/objects/barrierfence_plain.dae","useInstanceRenderData":true}
{"class":"TSStatic","persistentId":"5d9d1679-a3ca-487f-9df5-4a1b114deb63","__parent":"SimGroup_","position":[-1179.21313,1912.17847,94.3210754],"isRenderEnabled":false,"rotationMatrix":[-0.0144072771,0.999873757,-0.00669074431,-0.997379065,-0.0138961077,0.0710061044,0.0709041655,0.00769621134,0.997453451],"shapeName":"/levels/rls_west_coast_usa/art/shapes/objects/barrierfence_plain.dae","useInstanceRenderData":true}
{"class":"TSStatic","persistentId":"5e54f87b-9236-4d52-ad48-4d7c15bf293a","__parent":"SimGroup_","position":[-1049.09009,1914.93396,92.4237518],"isRenderEnabled":false,"rotationMatrix":[-0.373020053,-0.927486658,-0.0249920376,0.927656293,-0.372306347,-0.0290150829,0.0176064074,-0.0340072252,0.999266505],"shapeName":"/levels/rls_west_coast_usa/art/shapes/objects/barrierfence_plain.dae","useInstanceRenderData":true}
{"class":"TSStatic","persistentId":"5ebf1224-446c-4bef-9e29-83424dc2563a","__parent":"SimGroup_","position":[-1079.6178,1911.5498,92.483284],"isRenderEnabled":false,"rotationMatrix":[-0.996900439,0.0773178339,0.0145428265,-0.0778551996,-0.996122479,-0.0409726501,0.0113185188,-0.0419778898,0.999054432],"shapeName":"/levels/rls_west_coast_usa/art/shapes/objects/barrierfence_plain.dae","useInstanceRenderData":true}
{"class":"TSStatic","persistentId":"5fe1a48d-47a8-4e00-af1c-e602bd6c9e0b","__parent":"SimGroup_","position":[-1108.70862,1889.67517,94.1072617],"isRenderEnabled":false,"rotationMatrix":[-0.520852208,-0.853136539,0.029514119,0.85313344,-0.519028664,0.0526555069,-0.0296036601,0.0526052155,0.998176515],"shapeName":"/levels/rls_west_coast_usa/art/shapes/objects/barrierfence_plain.dae","useInstanceRenderData":true}
{"class":"TSStatic","persistentId":"607934b6-c1a7-4321-9a8e-c437ce8f0730","__parent":"SimGroup_","position":[-1105.29028,1897.34338,94.0339203],"isRenderEnabled":false,"shapeName":"/levels/rls_west_coast_usa/art/shapes/objects/sandbarrel.dae","useInstanceRenderData":true}
{"class":"TSStatic","persistentId":"6097bec6-0f54-4cd4-aa81-626dd28ad976","__parent":"SimGroup_","position":[-1179.14954,1909.86755,94.3376312],"isRenderEnabled":false,"rotationMatrix":[-0.0525040627,0.998603106,-0.00592979044,-0.996180415,-0.0519599915,0.07017681,0.0697706714,0.0095917061,0.99751693],"shapeName":"/levels/rls_west_coast_usa/art/shapes/objects/barrierfence_plain.dae","useInstanceRenderData":true}
{"class":"TSStatic","persistentId":"61a8c0a0-3cba-4262-8c46-dddab988f47f","__parent":"SimGroup_","position":[-1115.51099,1896.21753,93.6265488],"isRenderEnabled":false,"rotationMatrix":[0.833821893,-0.545743406,0.0830972046,0.547497213,0.836805105,0.00199361891,-0.0706241727,0.0438331664,0.996539474],"shapeName":"/levels/rls_west_coast_usa/art/shapes/objects/jerseybarrier_3m.dae","useInstanceRenderData":true}
{"class":"TSStatic","persistentId":"67a02fca-3137-412a-b922-2bc87c97191b","__parent":"SimGroup_","position":[-1176.75476,1898.61182,94.4219666],"isRenderEnabled":false,"rotationMatrix":[-0.37856245,0.9255234,-0.00983854011,-0.923598528,-0.377038002,0.0693397671,0.0604660697,0.035336297,0.997544587],"shapeName":"/levels/rls_west_coast_usa/art/shapes/objects/barrierfence_plain.dae","useInstanceRenderData":true}
{"class":"TSStatic","persistentId":"67a3f804-87f7-4dae-8adb-3245c86a4f94","__parent":"SimGroup_","position":[-1147.64758,1867.70251,94.5610123],"isRenderEnabled":false,"rotationMatrix":[-0.976611495,0.215000197,0.00221166853,-0.214372233,-0.974448681,0.0670402274,0.0165688209,0.0649981424,0.997747838],"shapeName":"/levels/rls_west_coast_usa/art/shapes/objects/barrierfence_plain.dae","useInstanceRenderData":true}
{"class":"TSStatic","persistentId":"6ad3ec3c-5a11-4370-87d7-d1e2d98bdd55","__parent":"SimGroup_","position":[-1066.22559,1908.11548,92.2437363],"isRenderEnabled":false,"rotationMatrix":[-0.944281101,0.324344367,0.0559815764,-0.323600739,-0.945935011,0.0221256353,0.0601312593,0.00277714059,0.998186588],"shapeName":"/levels/rls_west_coast_usa/art/shapes/objects/barrierfence_plain.dae","useInstanceRenderData":true}
{"class":"TSStatic","persistentId":"6b9ecfc4-29f0-4781-8dd2-19cf69d39304","__parent":"SimGroup_","position":[-1075.05627,1910.81128,92.4126587],"isRenderEnabled":false,"rotationMatrix":[-0.976349831,0.215667725,0.0151153412,-0.216082186,-0.975720406,-0.0357509479,0.00703802006,-0.0381715894,0.999246418],"shapeName":"/levels/rls_west_coast_usa/art/shapes/objects/barrierfence_plain.dae","useInstanceRenderData":true}
{"class":"TSStatic","persistentId":"6cb73878-f221-4f12-bd0f-60fb20efa402","__parent":"SimGroup_","position":[-1111.12842,1885.73645,94.2332916],"isRenderEnabled":false,"rotationMatrix":[-0.53537631,-0.844171107,0.0273363702,0.84065479,-0.529457808,0.113903768,-0.0816808194,0.083961837,0.993115604],"shapeName":"/levels/rls_west_coast_usa/art/shapes/objects/barrierfence_plain.dae","useInstanceRenderData":true}
{"class":"TSStatic","persistentId":"6e56341c-9dc1-4974-8639-7904ba73cf7d","__parent":"SimGroup_","position":[-1156.01575,1871.52222,94.5912781],"isRenderEnabled":false,"rotationMatrix":[-0.852536559,0.522657275,-0.00328096747,-0.521618247,-0.850410581,0.0686745644,0.0331030898,0.0602589883,0.997633696],"shapeName":"/levels/rls_west_coast_usa/art/shapes/objects/barrierfence_plain.dae","useInstanceRenderData":true}
{"class":"TSStatic","persistentId":"7209b506-017d-4f35-b136-e3ef1a0da215","__parent":"SimGroup_","position":[-1081.92542,1911.68042,92.5280609],"isRenderEnabled":false,"rotationMatrix":[-0.999043941,0.0384950712,0.0207221434,-0.0393725187,-0.998266459,-0.0437471569,0.0190021731,-0.0445212126,0.998827696],"shapeName":"/levels/rls_west_coast_usa/art/shapes/objects/barrierfence_plain.dae","useInstanceRenderData":true}
{"class":"TSStatic","persistentId":"7435a560-315e-4689-8839-a79b9d72eef4","__parent":"SimGroup_","position":[-1063.99963,1907.49927,92.1997681],"isRenderEnabled":false,"rotationMatrix":[-0.974094748,0.211735159,0.0794187859,-0.212245733,-0.977213979,0.00205385825,0.0780440345,-0.0148556456,0.996839225],"shapeName":"/levels/rls_west_coast_usa/art/shapes/objects/barrierfence_plain.dae","useInstanceRenderData":true}
{"class":"TSStatic","persistentId":"75bcf2cf-d6fd-4eeb-96d1-07b414137a31","__parent":"SimGroup_","position":[-1166.75232,1938.34802,94.1006165],"isRenderEnabled":false,"rotationMatrix":[0.736671209,0.676185131,-0.00943721831,-0.674131155,0.735394597,0.0688619837,0.0535035357,-0.0443667211,0.997581542],"shapeName":"/levels/rls_west_coast_usa/art/shapes/objects/barrierfence_plain.dae","useInstanceRenderData":true}
{"class":"TSStatic","persistentId":"771e1ac3-5e39-419a-a7a4-3af26e82c1fe","__parent":"SimGroup_","position":[-1138.67078,1947.45679,93.7777786],"isRenderEnabled":false,"rotationMatrix":[0.999403536,0.0337236822,-0.00743754674,-0.0323951766,0.990120709,0.136424094,0.0119647915,-0.136101782,0.99062258],"shapeName":"/levels/rls_west_coast_usa/art/shapes/objects/barrierfence_plain.dae","useInstanceRenderData":true}
{"class":"TSStatic","persistentId":"7b2dcf2a-c105-446d-88e2-0fa52af3bf8e","__parent":"SimGroup_","position":[-1129.41394,1868.77783,94.5839157],"isRenderEnabled":false,"rotationMatrix":[-0.938701987,-0.342713296,-0.0372337997,0.337136567,-0.93519938,0.108356044,-0.0719560757,0.0891611427,0.99341464],"shapeName":"/levels/rls_west_coast_usa/art/shapes/objects/barrierfence_plain.dae","useInstanceRenderData":true}
{"class":"TSStatic","persistentId":"7d5748d3-5247-4063-8a50-d0de0c0e503a","__parent":"SimGroup_","position":[-1145.37097,1867.30554,94.5551987],"isRenderEnabled":false,"rotationMatrix":[-0.989091039,0.147303849,-0.000630286988,-0.146976918,-0.986592293,0.0709459931,0.00982877985,0.0702646822,0.997479975],"shapeName":"/levels/rls_west_coast_usa/art/shapes/objects/barrierfence_plain.dae","useInstanceRenderData":true}
{"class":"TSStatic","persistentId":"7ea19034-fa63-4a49-b681-5c9b2576a96e","__parent":"SimGroup_","position":[-1149.86963,1868.33374,94.5671921],"isRenderEnabled":false,"rotationMatrix":[-0.927739739,0.373195916,0.00484681688,-0.371920437,-0.925498962,0.0716008097,0.0312068556,0.0646242946,0.997421563],"shapeName":"/levels/rls_west_coast_usa/art/shapes/objects/barrierfence_plain.dae","useInstanceRenderData":true}
{"class":"TSStatic","persistentId":"7f9dabea-06b8-408e-8256-027d849ae77f","__parent":"SimGroup_","position":[-1171.63562,1888.25818,94.5333405],"isRenderEnabled":false,"rotationMatrix":[-0.524084806,0.851626813,0.00818378106,-0.849028528,-0.52319324,0.0736171082,0.0669759959,0.0316333473,0.997253001],"shapeName":"/levels/rls_west_coast_usa/art/shapes/objects/barrierfence_plain.dae","useInstanceRenderData":true}
{"class":"TSStatic","persistentId":"7fc2edc8-452c-4e6f-a7d0-de6f045efde4","__parent":"SimGroup_","position":[-1152.3241,1945.40063,93.9071503],"isRenderEnabled":false,"rotationMatrix":[0.955335617,0.295064747,-0.0164502915,-0.294119537,0.954743087,0.0442644171,0.0287666712,-0.0374490209,0.99888438],"shapeName":"/levels/rls_west_coast_usa/art/shapes/objects/barrierfence_plain.dae","useInstanceRenderData":true}
{"class":"TSStatic","persistentId":"8249c81d-c7c9-4f74-84a5-ce99614f5c4c","__parent":"SimGroup_","position":[-1110.05896,1904.05322,93.5938492],"isRenderEnabled":false,"rotationMatrix":[0.785471678,-0.615483224,0.0649197996,0.617240131,0.78671819,-0.00943946466,-0.0452637561,0.0474855416,0.997845829],"shapeName":"/levels/rls_west_coast_usa/art/shapes/objects/jerseybarrier_3m.dae","useInstanceRenderData":true}
{"class":"TSStatic","persistentId":"83a95b3c-62f2-47fe-bc73-ad2ca64a482e","__parent":"SimGroup_","position":[-1125.23096,1870.7312,94.5707016],"isRenderEnabled":false,"rotationMatrix":[-0.856068373,-0.516641974,-0.0150974542,0.51289022,-0.852741003,0.0988753587,-0.0639573857,0.0769007355,0.994985282],"shapeName":"/levels/rls_west_coast_usa/art/shapes/objects/barrierfence_plain.dae","useInstanceRenderData":true}
{"class":"TSStatic","persistentId":"83f36ae1-995d-4d42-9295-9ee3f2860fac","__parent":"SimGroup_","position":[-1136.35938,1947.50732,93.7527008],"isRenderEnabled":false,"rotationMatrix":[0.999894977,0.00904371217,-0.0113255084,-0.00747414492,0.991264045,0.13168034,0.0124174487,-0.131581873,0.991227508],"shapeName":"/levels/rls_west_coast_usa/art/shapes/objects/barrierfence_plain.dae","useInstanceRenderData":true}
{"class":"TSStatic","persistentId":"85da69bc-aa5c-47b0-a4ef-507d54e578da","__parent":"SimGroup_","position":[-1129.44312,1947.09045,93.6458893],"isRenderEnabled":false,"rotationMatrix":[0.992221773,-0.121837214,-0.0255266577,0.123949945,0.985930383,0.112150118,0.0115034506,-0.114441812,0.993363321],"shapeName":"/levels/rls_west_coast_usa/art/shapes/objects/barrierfence_plain.dae","useInstanceRenderData":true}
{"class":"TSStatic","persistentId":"864ff672-0197-48b7-9792-4aaf00823651","__parent":"SimGroup_","position":[-1160.95422,1942.09229,94.0289001],"isRenderEnabled":false,"rotationMatrix":[0.912434816,0.40856421,-0.023193337,-0.407065511,0.911978483,0.0509208702,0.0419562683,-0.037020769,0.998433352],"shapeName":"/levels/rls_west_coast_usa/art/shapes/objects/barrierfence_plain.dae","useInstanceRenderData":true}
{"class":"TSStatic","persistentId":"870ab4fd-ce34-4c4a-8b39-f31f78d55857","__parent":"SimGroup_","position":[-1057.13892,1907.2948,92.1401443],"isRenderEnabled":false,"rotationMatrix":[-0.970741868,-0.240075126,-0.00490290532,0.239939198,-0.968984246,-0.0591487214,0.00944929942,-0.0585945398,0.998237133],"shapeName":"/levels/rls_west_coast_usa/art/shapes/objects/barrierfence_plain.dae","useInstanceRenderData":true}
{"class":"TSStatic","persistentId":"8bfe0a73-c1f0-474f-8ebc-f036afbee5f5","__parent":"SimGroup_","position":[-1131.74048,1947.34326,93.6856079],"isRenderEnabled":false,"rotationMatrix":[0.997307181,-0.0712379217,-0.0174232069,0.0722302347,0.995255291,0.0651897192,0.0126965586,-0.0662726611,0.997720778],"shapeName":"/levels/rls_west_coast_usa/art/shapes/objects/barrierfence_plain.dae","useInstanceRenderData":true}
{"class":"TSStatic","persistentId":"919848ea-0f79-4a4b-9d12-469d32b64e17","__parent":"SimGroup_","position":[-1150.11108,1946.06958,93.8847122],"isRenderEnabled":false,"rotationMatrix":[0.965150952,0.261289716,-0.0145382192,-0.260513425,0.964584231,0.0413519703,0.0248281825,-0.0361234881,0.999038875],"shapeName":"/levels/rls_west_coast_usa/art/shapes/objects/barrierfence_plain.dae","useInstanceRenderData":true}
{"class":"TSStatic","persistentId":"91da4968-ed40-4a94-a6a6-b3faa6928cdf","__parent":"SimGroup_","position":[-1171.57764,1911.43604,93.8164673],"isRenderEnabled":false,"shapeName":"/levels/rls_west_coast_usa/art/shapes/objects/sandbarrel.dae","useInstanceRenderData":true}
{"class":"TSStatic","persistentId":"933e6ecf-7be7-45ed-a387-3cb5a3385d3e","__parent":"SimGroup_","position":[-1127.27625,1869.65588,94.5808792],"isRenderEnabled":false,"rotationMatrix":[-0.903434992,-0.427996188,-0.0249879025,0.423607856,-0.900112629,0.101752833,-0.0660417527,0.0813419968,0.994495809],"shapeName":"/levels/rls_west_coast_usa/art/shapes/objects/barrierfence_plain.dae","useInstanceRenderData":true}
{"class":"TSStatic","persistentId":"9360e8ce-3fa0-402e-ae36-ed6cb3108ac2","__parent":"SimGroup_","position":[-1138.44775,1866.99597,94.5673752],"isRenderEnabled":false,"rotationMatrix":[-0.998995662,-0.0446905941,-0.00319656031,0.0443470329,-0.99644208,0.0716691464,-0.00638812454,0.0714554191,0.997423351],"shapeName":"/levels/rls_west_coast_usa/art/shapes/objects/barrierfence_plain.dae","useInstanceRenderData":true}
{"class":"TSStatic","persistentId":"9423bd6c-f017-495d-b30f-506a21367af1","__parent":"SimGroup_","position":[-1178.96887,1907.56299,94.3559875],"isRenderEnabled":false,"rotationMatrix":[-0.12722826,0.991856098,-0.00587067381,-0.989525676,-0.126517892,0.0695141032,0.0682052374,0.01465334,0.99756372],"shapeName":"/levels/rls_west_coast_usa/art/shapes/objects/barrierfence_plain.dae","useInstanceRenderData":true}
{"class":"TSStatic","persistentId":"966d6512-b919-4271-b7ac-fb05c7a1b253","__parent":"SimGroup_","position":[-1163.2605,1877.23242,94.5434265],"isRenderEnabled":false,"rotationMatrix":[-0.699671149,0.714410186,-0.00884659402,-0.713364005,-0.697852254,0.0641394034,0.0396482274,0.0511873327,0.997901738],"shapeName":"/levels/rls_west_coast_usa/art/shapes/objects/barrierfence_plain.dae","useInstanceRenderData":true}
{"class":"TSStatic","persistentId":"96c70361-6970-40aa-8fa5-ff682e3d9b79","__parent":"SimGroup_","position":[-1164.97192,1939.82104,94.0886612],"isRenderEnabled":false,"rotationMatrix":[0.785583377,0.618746996,-0.00330322422,-0.617217183,0.783995032,0.0662931055,0.0436083749,-0.0500399582,0.997794747],"shapeName":"/levels/rls_west_coast_usa/art/shapes/objects/barrierfence_plain.dae","useInstanceRenderData":true}
{"class":"TSStatic","persistentId":"9813bc4d-3bb1-4777-b6a4-547d657a1da9","__parent":"SimGroup_","position":[-1143.06946,1867.08923,94.5523071],"isRenderEnabled":false,"rotationMatrix":[-0.998434186,0.0559350178,-0.000579378917,-0.0558258519,-0.995723009,0.0736133307,0.00354066212,0.0735304207,0.997286677],"shapeName":"/levels/rls_west_coast_usa/art/shapes/objects/barrierfence_plain.dae","useInstanceRenderData":true}
{"class":"TSStatic","persistentId":"98a0f400-b404-4747-9f9d-955c3a0396d5","__parent":"SimGroup_","position":[-1046.99817,1921.54016,92.5679092],"isRenderEnabled":false,"rotationMatrix":[-0.261289239,-0.965081692,-0.0185836386,0.964983106,-0.26070416,-0.0289999265,0.0231424663,-0.0255102646,0.999406636],"shapeName":"/levels/rls_west_coast_usa/art/shapes/objects/barrierfence_plain.dae","useInstanceRenderData":true}
{"class":"TSStatic","persistentId":"997298ab-af23-4032-8e19-e07ce25af2f7","__parent":"SimGroup_","position":[-1093.10034,1909.31274,93.0705566],"isRenderEnabled":false,"rotationMatrix":[-0.896650672,-0.439385235,0.0543874502,0.44013375,-0.897929907,0.00200600177,0.0479547158,0.0257364362,0.998517871],"shapeName":"/levels/rls_west_coast_usa/art/shapes/objects/barrierfence_plain.dae","useInstanceRenderData":true}
{"class":"TSStatic","persistentId":"9a7adc95-7ad5-4384-b3fb-ec8655877ddf","__parent":"SimGroup_","position":[-1178.15991,1903.01379,94.3935089],"isRenderEnabled":false,"rotationMatrix":[-0.25419116,0.967136979,-0.00572984107,-0.964874625,-0.253181219,0.0701162815,0.0663613677,0.023351524,0.997522354],"shapeName":"/levels/rls_west_coast_usa/art/shapes/objects/barrierfence_plain.dae","useInstanceRenderData":true}
