//--- OBJECT WRITE BEGIN ---
$ThisPrefab = new SimGroup(name_group) {
   canSave = "1";
   canSaveDynamicFields = "1";
      groupPosition = "0 0 0";

   new BeamNGVehicle(scenario_opponent) {
      JBeam = "sunburst";
      color = "3.36311631e-41 5.32646018e-39 1.34524653e-43 1";
      colorPalette0 = "3.36311631e-41 5.32646018e-39 1.34524653e-43 1";
      colorPalette1 = "3.36311631e-41 5.32646018e-39 1.34524653e-43 1";
      metallicPaintData[0] = "1 1 1 1";
      metallicPaintData[1] = "1 1 1 1";
      metallicPaintData[2] = "1 1 1 1";
      metallicPaintData[3] = "1 1 1 1";
      partConfig = "vehicles/sunburst/race_DCT.pc";
      renderDistance = "500";
      renderFade = "0.100000001";
      datablock = "default_vehicle";
      position = "974.437622 -734.194885 166.594559";
      rotationMatrix = "0.940973163 0.338478237 -0.00140778814 -0.338468522 0.940965772 0.00473929709 0.00292882929 -0.00398305943 0.999987781";
      annotation = "CAR";
      canSave = "1";
      canSaveDynamicFields = "1";
      persistentId = "53985cae-11e7-4fbb-a721-c1b1ba551584";
         cloneOrigin = "scenario_player0";
         colorPalette2 = "Bumblebee Yellow";
         colorPalette3 = "Bumblebee Yellow";
         isAIControlled = "0";
         licenseText = "FJT-5860";
         mode = "Ignore";
         scale = "1 1 1";
   };
   new BeamNGVehicle(scenario_player0) {
      JBeam = "covet";
      color = "0.99000001 0.99000001 0.99000001 1.60000002";
      colorPalette0 = "1 0 0 1.20000005";
      colorPalette1 = "Red";
      metallicPaintData[0] = "1 1 1 1";
      metallicPaintData[1] = "1 1 1 1";
      metallicPaintData[2] = "1 1 1 1";
      metallicPaintData[3] = "1 1 1 1";
      partConfig = "vehicles/covet/race.pc";
      renderDistance = "500";
      renderFade = "0.100000001";
      datablock = "default_vehicle";
      position = "976.622437 -733.051086 166.575699";
      rotationMatrix = "0.946433067 0.322900087 0 -0.322900087 0.946433067 0 0 0 1";
      annotation = "CAR";
      canSave = "1";
      canSaveDynamicFields = "0";
      persistentId = "ff4f4585-0809-4fdd-b75d-43207dd55ed3";
   };
   new BeamNGWaypoint(mrace_09) {
      drawDebug = "0";
      directionalWaypoint = "0";
      excludeFromMap = "0";
      position = "945.660278 -477.58075 162.281967";
      scale = "5 5 5";
      rotationMatrix = "1 0 0 0 1 0 0 0 1";
      canSave = "1";
      canSaveDynamicFields = "1";
      persistentId = "fb738a1d-77b5-4012-9170-ecfbf871d6e0";
         cloneOrigin = "mrace_09";
         mode = "Ignore";
   };
   new BeamNGWaypoint(mrace_08) {
      drawDebug = "0";
      directionalWaypoint = "0";
      excludeFromMap = "0";
      position = "864.691345 -682.602295 170.492004";
      scale = "5 5 5";
      rotationMatrix = "1 0 0 0 1 0 0 0 1";
      canSave = "1";
      canSaveDynamicFields = "1";
      persistentId = "92f1b3d9-20d4-49ba-8bc9-2783d9bdbb9c";
         cloneOrigin = "mrace_08";
         mode = "Ignore";
   };
   new BeamNGWaypoint(mrace_07) {
      drawDebug = "0";
      directionalWaypoint = "0";
      excludeFromMap = "0";
      position = "747.923889 -513.087341 175.627945";
      scale = "6.5 6.5 6.5";
      rotationMatrix = "1 0 0 0 1 0 0 0 1";
      canSave = "1";
      canSaveDynamicFields = "1";
      persistentId = "db688f85-1d64-49a8-9954-95c7a659bcda";
         cloneOrigin = "mrace_07";
         mode = "Ignore";
   };
   new BeamNGWaypoint(mrace_06) {
      drawDebug = "0";
      directionalWaypoint = "0";
      excludeFromMap = "0";
      position = "756.536682 -691.008667 196.011002";
      scale = "5 5 5";
      rotationMatrix = "1 0 0 0 1 0 0 0 1";
      canSave = "1";
      canSaveDynamicFields = "1";
      persistentId = "8d936156-95f7-48e0-bc9e-ba50b8a7608a";
         cloneOrigin = "mrace_06";
         mode = "Ignore";
   };
   new BeamNGWaypoint(mrace_05) {
      drawDebug = "0";
      directionalWaypoint = "0";
      excludeFromMap = "0";
      position = "430.817108 -747.506653 191.02565";
      scale = "7 7 7";
      rotationMatrix = "1 0 0 0 1 0 0 0 1";
      canSave = "1";
      canSaveDynamicFields = "1";
      persistentId = "00e9d769-ee58-4320-a58d-73680a32f246";
         cloneOrigin = "mrace_05";
         mode = "Ignore";
   };
   new BeamNGWaypoint(mrace_04) {
      drawDebug = "0";
      directionalWaypoint = "0";
      excludeFromMap = "0";
      position = "527.995972 -577.14502 179.169006";
      scale = "7 7 7";
      rotationMatrix = "1 0 0 0 1 0 0 0 1";
      canSave = "1";
      canSaveDynamicFields = "1";
      persistentId = "7eb28785-7392-41e6-a6f9-be38323e50b5";
         cloneOrigin = "mrace_04";
         mode = "Ignore";
   };
   new BeamNGWaypoint(mrace_03) {
      drawDebug = "0";
      directionalWaypoint = "0";
      excludeFromMap = "0";
      position = "158.159912 -816.578125 142.539658";
      scale = "6.5 6.5 6.5";
      rotationMatrix = "1 0 0 0 1 0 0 0 1";
      canSave = "1";
      canSaveDynamicFields = "1";
      persistentId = "3834ce04-f984-42b5-beb5-9d59375e3f27";
         cloneOrigin = "mrace_03";
         mode = "Ignore";
   };
   new BeamNGWaypoint(mrace_02) {
      drawDebug = "0";
      directionalWaypoint = "0";
      excludeFromMap = "0";
      position = "534.859558 -893.125244 152.174469";
      scale = "6 6 6";
      rotationMatrix = "1 0 0 0 1 0 0 0 1";
      canSave = "1";
      canSaveDynamicFields = "1";
      persistentId = "ff80fdcc-4d17-4d41-bd9c-0b97774492b9";
         cloneOrigin = "mrace_1";
         mode = "Ignore";
   };
   new BeamNGWaypoint(mrace_01) {
      drawDebug = "0";
      directionalWaypoint = "0";
      excludeFromMap = "0";
      position = "955.507385 -951.705566 166.653";
      scale = "9 9 9";
      rotationMatrix = "1 0 0 0 1 0 0 0 1";
      canSave = "1";
      canSaveDynamicFields = "1";
      persistentId = "7c003b38-05ea-49d0-99ff-c58913b7c63c";
         cloneOrigin = "scenario_finish1";
         mode = "Ignore";
   };
   new BeamNGWaypoint(scenario_finish1) {
      drawDebug = "0";
      directionalWaypoint = "0";
      excludeFromMap = "0";
      position = "975.656189 -735.802979 166.653";
      scale = "4 4 4";
      rotationMatrix = "1 0 0 0 1 0 0 0 1";
      canSave = "1";
      canSaveDynamicFields = "1";
      persistentId = "8c053036-a3d6-45e9-bcc1-86d3cde36675";
         cloneOrigin = "ut_wp_51";
         mode = "Ignore";
   };
   new BeamNGTrigger(trigger_finish1) {
      TriggerType = "Box";
      TriggerMode = "Center";
      TriggerTestType = "Race corners";
      luaFunction = "onBeamNGTrigger";
      tickPeriod = "100";
      Debug = "0";
      debugInEditor = "0";
      ticking = "0";
      triggerColor = "255 192 0 45";
      defaultOnLeave = "0";
      position = "975.861084 -736.688416 168.306808";
      scale = "10 1.5 5";
      rotationMatrix = "0.951292634 0.308290124 1.87583282e-12 -0.308290184 0.951292396 -0.000690534012 -0.000212884959 0.000656899705 0.999999762";
      canSave = "1";
      canSaveDynamicFields = "1";
      persistentId = "9f2e36ad-7a84-43e0-9649-1a9df06057ad";
         mode = "Ignore";
   };
   new TSStatic() {
      shapeName = "/art/shapes/race/s_concrete_race_barrier.dae";
      dynamic = "0";
      playAmbient = "1";
      meshCulling = "0";
      originSort = "0";
      useInstanceRenderData = "0";
      instanceColor = "White";
      instanceColor1 = "White";
      instanceColor2 = "White";
      collisionType = "Collision Mesh";
      decalType = "Collision Mesh";
      prebuildCollisionData = "0";
      renderNormals = "0";
      forceDetail = "-1";
      position = "967.759949 -448.365356 160.769104";
      scale = "1 1 1";
      rotationMatrix = "-0.993346453 0.114755876 0.00967888348 -0.114544652 -0.993214369 0.0201123469 0.0119212177 0.0188698657 0.999750853";
      isRenderEnabled = "false";
      canSave = "1";
      canSaveDynamicFields = "1";
      persistentId = "89ab6058-afc8-49c3-b608-5b306bb0a257";
         mode = "Ignore";
   };
   new TSStatic() {
      shapeName = "/art/shapes/race/s_concrete_race_barrier.dae";
      dynamic = "0";
      playAmbient = "1";
      meshCulling = "0";
      originSort = "0";
      useInstanceRenderData = "0";
      instanceColor = "White";
      instanceColor1 = "White";
      instanceColor2 = "White";
      collisionType = "Collision Mesh";
      decalType = "Collision Mesh";
      prebuildCollisionData = "0";
      renderNormals = "0";
      forceDetail = "-1";
      position = "964.371399 -447.973877 160.807556";
      scale = "1 1 1";
      rotationMatrix = "0.993363261 -0.114727587 -0.00818833522 0.114544615 0.993214488 -0.0201123487 0.0104402136 0.0190409366 0.999764204";
      isRenderEnabled = "false";
      canSave = "1";
      canSaveDynamicFields = "1";
      persistentId = "75db4172-542c-434d-819c-4523e5a551e9";
         mode = "Ignore";
   };
   new TSStatic() {
      shapeName = "/art/shapes/race/s_concrete_race_barrier.dae";
      dynamic = "0";
      playAmbient = "1";
      meshCulling = "0";
      originSort = "0";
      useInstanceRenderData = "0";
      instanceColor = "White";
      instanceColor1 = "White";
      instanceColor2 = "White";
      collisionType = "Collision Mesh";
      decalType = "Collision Mesh";
      prebuildCollisionData = "0";
      renderNormals = "0";
      forceDetail = "-1";
      position = "960.969421 -447.579376 160.844254";
      scale = "1 1 1";
      rotationMatrix = "0.993415415 -0.114567868 -3.07441223e-06 0.114544638 0.993214488 -0.0201123487 0.0023072823 0.0199795645 0.999797702";
      isRenderEnabled = "false";
      canSave = "1";
      canSaveDynamicFields = "1";
      persistentId = "a54ecd83-9105-4203-90f9-aeb69d358685";
         mode = "Ignore";
   };
   new TSStatic() {
      shapeName = "/art/shapes/race/s_concrete_race_barrier.dae";
      dynamic = "0";
      playAmbient = "1";
      meshCulling = "0";
      originSort = "0";
      useInstanceRenderData = "0";
      instanceColor = "White";
      instanceColor1 = "White";
      instanceColor2 = "White";
      collisionType = "Collision Mesh";
      decalType = "Collision Mesh";
      prebuildCollisionData = "0";
      renderNormals = "0";
      forceDetail = "-1";
      position = "954.266541 -446.814392 160.867142";
      scale = "1 1 1";
      rotationMatrix = "0.99322015 -0.114902504 -0.0176406167 0.114544638 0.993214488 -0.0201123469 0.0198318735 0.0179553516 0.999642074";
      isRenderEnabled = "false";
      canSave = "1";
      canSaveDynamicFields = "1";
      persistentId = "465a2488-3031-422e-969f-9f6f7a00f117";
         mode = "Ignore";
   };
   new TSStatic() {
      shapeName = "/art/shapes/race/s_concrete_race_barrier.dae";
      dynamic = "0";
      playAmbient = "1";
      meshCulling = "0";
      originSort = "0";
      useInstanceRenderData = "0";
      instanceColor = "White";
      instanceColor1 = "White";
      instanceColor2 = "White";
      collisionType = "Collision Mesh";
      decalType = "Collision Mesh";
      prebuildCollisionData = "0";
      renderNormals = "0";
      forceDetail = "-1";
      position = "957.652954 -447.198181 160.856949";
      scale = "1 1 1";
      rotationMatrix = "0.993415415 -0.114567868 -3.07441223e-06 0.114544638 0.993214488 -0.0201123487 0.0023072823 0.0199795645 0.999797702";
      isRenderEnabled = "false";
      canSave = "1";
      canSaveDynamicFields = "1";
      persistentId = "fd9d4112-c162-4f53-85bc-33e49277d296";
         mode = "Ignore";
   };
   new TSStatic() {
      shapeName = "/art/shapes/race/s_concrete_race_barrier.dae";
      dynamic = "0";
      playAmbient = "1";
      meshCulling = "0";
      originSort = "0";
      useInstanceRenderData = "0";
      instanceColor = "White";
      instanceColor1 = "White";
      instanceColor2 = "White";
      collisionType = "Collision Mesh";
      decalType = "Collision Mesh";
      prebuildCollisionData = "0";
      renderNormals = "0";
      forceDetail = "-1";
      position = "950.976013 -446.427979 160.947266";
      scale = "1 1 1";
      rotationMatrix = "0.99326545 -0.114858441 -0.0152080907 0.114544608 0.993214488 -0.0201123487 0.0174149685 0.0182348955 0.999682069";
      isRenderEnabled = "false";
      canSave = "1";
      canSaveDynamicFields = "1";
      persistentId = "1f8224ce-9c6b-4b09-acfe-0d56372fb2c2";
         mode = "Ignore";
   };
   new TSStatic() {
      shapeName = "/art/shapes/race/s_concrete_race_barrier.dae";
      dynamic = "0";
      playAmbient = "1";
      meshCulling = "0";
      originSort = "0";
      useInstanceRenderData = "0";
      instanceColor = "White";
      instanceColor1 = "White";
      instanceColor2 = "White";
      collisionType = "Collision Mesh";
      decalType = "Collision Mesh";
      prebuildCollisionData = "0";
      renderNormals = "0";
      forceDetail = "-1";
      position = "888.275146 -454.229797 161.914948";
      scale = "1 1 1";
      rotationMatrix = "0.881722987 0.471687704 -0.00867292006 -0.471705467 0.881756186 -1.62981451e-09 0.00764739979 0.00409106538 0.999962389";
      isRenderEnabled = "false";
      canSave = "1";
      canSaveDynamicFields = "1";
      persistentId = "9b64a9cc-3547-4e5d-8ea9-dab732317b4a";
         mode = "Ignore";
   };
   new TSStatic() {
      shapeName = "/art/shapes/race/s_concrete_race_barrier.dae";
      dynamic = "0";
      playAmbient = "1";
      meshCulling = "0";
      originSort = "0";
      useInstanceRenderData = "0";
      instanceColor = "White";
      instanceColor1 = "White";
      instanceColor2 = "White";
      collisionType = "Collision Mesh";
      decalType = "Collision Mesh";
      prebuildCollisionData = "0";
      renderNormals = "0";
      forceDetail = "-1";
      position = "891.372498 -452.669708 161.802414";
      scale = "1 1 1";
      rotationMatrix = "-0.906946659 -0.419440389 0.0389561392 0.419759035 -0.907635689 0 0.0353579782 0.0163521897 0.999240935";
      isRenderEnabled = "false";
      canSave = "1";
      canSaveDynamicFields = "1";
      persistentId = "2c8b538d-562a-47a5-a392-826a1407e8b1";
         mode = "Ignore";
   };
   new TSStatic() {
      shapeName = "/art/shapes/race/s_concrete_race_barrier.dae";
      dynamic = "0";
      playAmbient = "1";
      meshCulling = "0";
      originSort = "0";
      useInstanceRenderData = "0";
      instanceColor = "White";
      instanceColor1 = "White";
      instanceColor2 = "White";
      collisionType = "Collision Mesh";
      decalType = "Collision Mesh";
      prebuildCollisionData = "0";
      renderNormals = "0";
      forceDetail = "-1";
      position = "885.253418 -456.02536 161.933655";
      scale = "1 1 1";
      rotationMatrix = "0.828108311 0.560526669 -0.00681328401 -0.560539663 0.828127503 0 0.00564226788 0.00381911639 0.999976814";
      isRenderEnabled = "false";
      canSave = "1";
      canSaveDynamicFields = "1";
      persistentId = "d492bfd5-6e2f-4f9d-b166-bf47c85a11dd";
         mode = "Ignore";
   };
   new TSStatic() {
      shapeName = "/art/shapes/race/s_concrete_race_barrier.dae";
      dynamic = "0";
      playAmbient = "1";
      meshCulling = "0";
      originSort = "0";
      useInstanceRenderData = "0";
      instanceColor = "White";
      instanceColor1 = "White";
      instanceColor2 = "White";
      collisionType = "Collision Mesh";
      decalType = "Collision Mesh";
      prebuildCollisionData = "0";
      renderNormals = "0";
      forceDetail = "-1";
      position = "882.426514 -458.136871 161.947113";
      scale = "1 1 1";
      rotationMatrix = "0.789393783 0.613886237 0.00109051855 -0.613886595 0.789394259 -1.45519152e-10 -0.000860849104 -0.000669454574 0.999999404";
      isRenderEnabled = "false";
      canSave = "1";
      canSaveDynamicFields = "1";
      persistentId = "01e70cde-56f2-4225-a10f-c886d9c36085";
         mode = "Ignore";
   };
   new TSStatic() {
      shapeName = "/art/shapes/race/s_concrete_race_barrier.dae";
      dynamic = "0";
      playAmbient = "1";
      meshCulling = "0";
      originSort = "0";
      useInstanceRenderData = "0";
      instanceColor = "White";
      instanceColor1 = "White";
      instanceColor2 = "White";
      collisionType = "Collision Mesh";
      decalType = "Collision Mesh";
      prebuildCollisionData = "0";
      renderNormals = "0";
      forceDetail = "-1";
      position = "879.818848 -460.290344 161.967575";
      scale = "1 1 1";
      rotationMatrix = "0.740399897 0.672103822 -0.00918761455 -0.672132194 0.74043113 -2.32830644e-10 0.00680279545 0.00617529172 0.9999578";
      isRenderEnabled = "false";
      canSave = "1";
      canSaveDynamicFields = "1";
      persistentId = "3bf4842a-99e6-4a5f-8571-90ddbbc11a60";
         mode = "Ignore";
   };
   new TSStatic() {
      shapeName = "/art/shapes/race/s_concrete_race_barrier.dae";
      dynamic = "0";
      playAmbient = "1";
      meshCulling = "0";
      originSort = "0";
      useInstanceRenderData = "0";
      instanceColor = "White";
      instanceColor1 = "White";
      instanceColor2 = "White";
      collisionType = "Collision Mesh";
      decalType = "Collision Mesh";
      prebuildCollisionData = "0";
      renderNormals = "0";
      forceDetail = "-1";
      position = "559.14563 -714.731995 200.733353";
      scale = "1 1 1";
      rotationMatrix = "-0.793633819 -0.608394861 0 0.608394861 -0.793633819 0 0 0 1";
      isRenderEnabled = "false";
      canSave = "1";
      canSaveDynamicFields = "1";
      persistentId = "4e4fffcc-fc02-4315-b31d-33f26851be26";
         mode = "Ignore";
   };
   new TSStatic() {
      shapeName = "/art/shapes/race/s_concrete_race_barrier.dae";
      dynamic = "0";
      playAmbient = "1";
      meshCulling = "0";
      originSort = "0";
      useInstanceRenderData = "0";
      instanceColor = "White";
      instanceColor1 = "White";
      instanceColor2 = "White";
      collisionType = "Collision Mesh";
      decalType = "Collision Mesh";
      prebuildCollisionData = "0";
      renderNormals = "0";
      forceDetail = "-1";
      position = "556.548157 -716.723206 200.733353";
      scale = "1 1 1";
      rotationMatrix = "0.793634355 0.6083951 0 -0.6083951 0.793634355 0 0 0 1";
      isRenderEnabled = "false";
      canSave = "1";
      canSaveDynamicFields = "1";
      persistentId = "8a9c857f-8744-499e-8b6c-26cabe82571f";
         mode = "Ignore";
   };
   new TSStatic() {
      shapeName = "/art/shapes/race/s_concrete_race_barrier.dae";
      dynamic = "0";
      playAmbient = "1";
      meshCulling = "0";
      originSort = "0";
      useInstanceRenderData = "0";
      instanceColor = "White";
      instanceColor1 = "White";
      instanceColor2 = "White";
      collisionType = "Collision Mesh";
      decalType = "Collision Mesh";
      prebuildCollisionData = "0";
      renderNormals = "0";
      forceDetail = "-1";
      position = "220.808823 -710.303528 142.736771";
      scale = "1 1 1";
      rotationMatrix = "-0.811230421 -0.584651232 0.00939488038 0.584676981 -0.811266184 4.65661287e-10 0.00762174837 0.00549297081 0.999955893";
      isRenderEnabled = "false";
      canSave = "1";
      canSaveDynamicFields = "1";
      persistentId = "79326b55-db51-44f8-9a14-5e94c0ffdcbb";
         mode = "Ignore";
   };
   new TSStatic() {
      shapeName = "/art/shapes/race/s_concrete_race_barrier.dae";
      dynamic = "0";
      playAmbient = "1";
      meshCulling = "0";
      originSort = "0";
      useInstanceRenderData = "0";
      instanceColor = "White";
      instanceColor1 = "White";
      instanceColor2 = "White";
      collisionType = "Collision Mesh";
      decalType = "Collision Mesh";
      prebuildCollisionData = "0";
      renderNormals = "0";
      forceDetail = "-1";
      position = "218.041458 -712.297974 142.746567";
      scale = "1 1 1";
      rotationMatrix = "0.811262846 0.584674597 -0.00287377881 -0.584676981 0.811266184 0 0.00233139936 0.00168023247 0.999995887";
      isRenderEnabled = "false";
      canSave = "1";
      canSaveDynamicFields = "1";
      persistentId = "1e528f67-2e13-4229-ab50-a9c836cceaf9";
         mode = "Ignore";
   };
   new TSStatic() {
      shapeName = "/art/shapes/race/s_concrete_race_barrier.dae";
      dynamic = "0";
      playAmbient = "1";
      meshCulling = "0";
      originSort = "0";
      useInstanceRenderData = "0";
      instanceColor = "White";
      instanceColor1 = "White";
      instanceColor2 = "White";
      collisionType = "Collision Mesh";
      decalType = "Collision Mesh";
      prebuildCollisionData = "0";
      renderNormals = "0";
      forceDetail = "-1";
      position = "215.263107 -714.300293 142.756409";
      scale = "1 1 1";
      rotationMatrix = "0.811262846 0.584674597 -0.00287377881 -0.584676981 0.811266184 0 0.00233139936 0.00168023247 0.999995887";
      isRenderEnabled = "false";
      canSave = "1";
      canSaveDynamicFields = "1";
      persistentId = "c8b9345a-4726-4b55-89d2-b8192c10da07";
         mode = "Ignore";
   };
   new TSStatic() {
      shapeName = "/art/shapes/race/s_concrete_race_barrier.dae";
      dynamic = "0";
      playAmbient = "1";
      meshCulling = "0";
      originSort = "0";
      useInstanceRenderData = "0";
      instanceColor = "White";
      instanceColor1 = "White";
      instanceColor2 = "White";
      collisionType = "Collision Mesh";
      decalType = "Collision Mesh";
      prebuildCollisionData = "0";
      renderNormals = "0";
      forceDetail = "-1";
      position = "204.428482 -722.108826 142.7948";
      scale = "1 1 1";
      rotationMatrix = "0.811262846 0.584674597 -0.00287377881 -0.584676981 0.811266184 0 0.00233139936 0.00168023247 0.999995887";
      isRenderEnabled = "false";
      canSave = "1";
      canSaveDynamicFields = "1";
      persistentId = "2752d1f4-ad20-4be0-830d-c00276d28e19";
         mode = "Ignore";
   };
   new TSStatic() {
      shapeName = "/art/shapes/race/s_concrete_race_barrier.dae";
      dynamic = "0";
      playAmbient = "1";
      meshCulling = "0";
      originSort = "0";
      useInstanceRenderData = "0";
      instanceColor = "White";
      instanceColor1 = "White";
      instanceColor2 = "White";
      collisionType = "Collision Mesh";
      decalType = "Collision Mesh";
      prebuildCollisionData = "0";
      renderNormals = "0";
      forceDetail = "-1";
      position = "207.103149 -720.181213 142.785324";
      scale = "1 1 1";
      rotationMatrix = "0.811262846 0.584674597 -0.00287377881 -0.584676981 0.811266184 0 0.00233139936 0.00168023247 0.999995887";
      isRenderEnabled = "false";
      canSave = "1";
      canSaveDynamicFields = "1";
      persistentId = "77deeef2-7931-4037-a1ef-f1c230c3d19f";
         mode = "Ignore";
   };
   new TSStatic() {
      shapeName = "/art/shapes/race/s_concrete_race_barrier.dae";
      dynamic = "0";
      playAmbient = "1";
      meshCulling = "0";
      originSort = "0";
      useInstanceRenderData = "0";
      instanceColor = "White";
      instanceColor1 = "White";
      instanceColor2 = "White";
      collisionType = "Collision Mesh";
      decalType = "Collision Mesh";
      prebuildCollisionData = "0";
      renderNormals = "0";
      forceDetail = "-1";
      position = "209.790802 -718.244263 142.775803";
      scale = "1 1 1";
      rotationMatrix = "0.811262846 0.584674597 -0.00287377881 -0.584676981 0.811266184 0 0.00233139936 0.00168023247 0.999995887";
      isRenderEnabled = "false";
      canSave = "1";
      canSaveDynamicFields = "1";
      persistentId = "4e99c0b3-f18f-4555-84f6-ef30d6ce7b0a";
         mode = "Ignore";
   };
   new TSStatic() {
      shapeName = "/art/shapes/race/s_concrete_race_barrier.dae";
      dynamic = "0";
      playAmbient = "1";
      meshCulling = "0";
      originSort = "0";
      useInstanceRenderData = "0";
      instanceColor = "White";
      instanceColor1 = "White";
      instanceColor2 = "White";
      collisionType = "Collision Mesh";
      decalType = "Collision Mesh";
      prebuildCollisionData = "0";
      renderNormals = "0";
      forceDetail = "-1";
      position = "212.554886 -716.252197 142.766006";
      scale = "1 1 1";
      rotationMatrix = "0.811262846 0.584674597 -0.00287377881 -0.584676981 0.811266184 0 0.00233139936 0.00168023247 0.999995887";
      isRenderEnabled = "false";
      canSave = "1";
      canSaveDynamicFields = "1";
      persistentId = "d2582fe7-c438-4f62-9e44-9aa82b458412";
         mode = "Ignore";
   };
   new TSStatic() {
      shapeName = "/art/shapes/race/s_concrete_race_barrier.dae";
      dynamic = "0";
      playAmbient = "1";
      meshCulling = "0";
      originSort = "0";
      useInstanceRenderData = "0";
      instanceColor = "White";
      instanceColor1 = "White";
      instanceColor2 = "White";
      collisionType = "Collision Mesh";
      decalType = "Collision Mesh";
      prebuildCollisionData = "0";
      renderNormals = "0";
      forceDetail = "-1";
      position = "978.596313 -817.087158 166.475815";
      scale = "1 1 1";
      rotationMatrix = "0.378216684 0.925628006 -0.0128347538 -0.9257043 0.378247797 0 0.00485471683 0.0118811876 0.999917626";
      isRenderEnabled = "false";
      canSave = "1";
      canSaveDynamicFields = "1";
      persistentId = "3c034642-3551-4ec3-ac5d-98955fc6edb1";
         mode = "Ignore";
   };
   new TSStatic() {
      shapeName = "/art/shapes/race/s_concrete_race_barrier.dae";
      dynamic = "0";
      playAmbient = "1";
      meshCulling = "0";
      originSort = "0";
      useInstanceRenderData = "0";
      instanceColor = "White";
      instanceColor1 = "White";
      instanceColor2 = "White";
      collisionType = "Collision Mesh";
      decalType = "Collision Mesh";
      prebuildCollisionData = "0";
      renderNormals = "0";
      forceDetail = "-1";
      position = "979.868774 -813.977173 166.424286";
      scale = "1 1 1";
      rotationMatrix = "0.378244698 0.925696313 -0.00413728505 -0.925704181 0.378247917 1.16415322e-10 0.00156491913 0.00382990297 0.999991417";
      isRenderEnabled = "false";
      canSave = "1";
      canSaveDynamicFields = "1";
      persistentId = "a2a4c87b-2462-497c-af97-17c6af650c5e";
         mode = "Ignore";
   };
   new TSStatic() {
      shapeName = "/art/shapes/race/s_concrete_race_barrier.dae";
      dynamic = "0";
      playAmbient = "1";
      meshCulling = "0";
      originSort = "0";
      useInstanceRenderData = "0";
      instanceColor = "White";
      instanceColor1 = "White";
      instanceColor2 = "White";
      collisionType = "Collision Mesh";
      decalType = "Collision Mesh";
      prebuildCollisionData = "0";
      renderNormals = "0";
      forceDetail = "-1";
      position = "979.992737 -809.502441 166.393051";
      scale = "1 1 1";
      rotationMatrix = "0.374870479 -0.927060306 0.00558253191 0.92707473 0.37487632 2.32830644e-10 -0.00209275912 0.00517542474 0.999984443";
      isRenderEnabled = "false";
      canSave = "1";
      canSaveDynamicFields = "1";
      persistentId = "465146ec-32f8-444e-a2e5-8e85761da699";
         mode = "Ignore";
   };
   new TSStatic() {
      shapeName = "/art/shapes/race/s_concrete_race_barrier.dae";
      dynamic = "0";
      playAmbient = "1";
      meshCulling = "0";
      originSort = "0";
      useInstanceRenderData = "0";
      instanceColor = "White";
      instanceColor1 = "White";
      instanceColor2 = "White";
      collisionType = "Collision Mesh";
      decalType = "Collision Mesh";
      prebuildCollisionData = "0";
      renderNormals = "0";
      forceDetail = "-1";
      position = "978.731079 -806.382446 166.374268";
      scale = "1 1 1";
      rotationMatrix = "0.374870479 -0.927060306 0.00558253191 0.92707473 0.37487632 2.32830644e-10 -0.00209275912 0.00517542474 0.999984443";
      isRenderEnabled = "false";
      canSave = "1";
      canSaveDynamicFields = "1";
      persistentId = "7967f724-25d1-4b4f-9654-dcb97c8eed6b";
         mode = "Ignore";
   };
   new TSStatic() {
      shapeName = "/art/shapes/race/s_concrete_race_barrier.dae";
      dynamic = "0";
      playAmbient = "1";
      meshCulling = "0";
      originSort = "0";
      useInstanceRenderData = "0";
      instanceColor = "White";
      instanceColor1 = "White";
      instanceColor2 = "White";
      collisionType = "Collision Mesh";
      decalType = "Collision Mesh";
      prebuildCollisionData = "0";
      renderNormals = "0";
      forceDetail = "-1";
      position = "970.120605 -750.862244 166.458862";
      scale = "1 1 1";
      rotationMatrix = "-0.319546789 0.947570622 0 -0.947570562 -0.319546759 0 0 0 1";
      isRenderEnabled = "false";
      canSave = "1";
      canSaveDynamicFields = "1";
      persistentId = "238bf892-9cfb-4ba7-99f3-fa22a2302243";
         mode = "Ignore";
   };
   new TSStatic() {
      shapeName = "/art/shapes/race/s_concrete_race_barrier.dae";
      dynamic = "0";
      playAmbient = "1";
      meshCulling = "0";
      originSort = "0";
      useInstanceRenderData = "0";
      instanceColor = "White";
      instanceColor1 = "White";
      instanceColor2 = "White";
      collisionType = "Collision Mesh";
      decalType = "Collision Mesh";
      prebuildCollisionData = "0";
      renderNormals = "0";
      forceDetail = "-1";
      position = "969.1203 -747.89679 166.45961";
      scale = "1 1 1";
      rotationMatrix = "-0.319544196 0.947562814 -0.00398236094 -0.947570324 -0.3195467 0 -0.0012725509 0.0037735675 0.999992073";
      isRenderEnabled = "false";
      canSave = "1";
      canSaveDynamicFields = "1";
      persistentId = "dde4e25a-5d4c-4db9-b985-626a47a0873d";
         mode = "Ignore";
   };
   new TSStatic() {
      shapeName = "/art/shapes/race/s_concrete_race_barrier.dae";
      dynamic = "0";
      playAmbient = "1";
      meshCulling = "0";
      originSort = "0";
      useInstanceRenderData = "0";
      instanceColor = "White";
      instanceColor1 = "White";
      instanceColor2 = "White";
      collisionType = "Collision Mesh";
      decalType = "Collision Mesh";
      prebuildCollisionData = "0";
      renderNormals = "0";
      forceDetail = "-1";
      position = "963.290283 -742.89563 166.478088";
      scale = "1 1 1";
      rotationMatrix = "0.890032649 -0.45589599 0 0.45589599 0.890032649 0 0 0 1";
      isRenderEnabled = "false";
      canSave = "1";
      canSaveDynamicFields = "1";
      persistentId = "227a67cc-19e0-468f-8ed8-125095dc25f8";
         mode = "Ignore";
   };
   new TSStatic() {
      shapeName = "/art/shapes/race/s_concrete_race_barrier.dae";
      dynamic = "0";
      playAmbient = "1";
      meshCulling = "0";
      originSort = "0";
      useInstanceRenderData = "0";
      instanceColor = "White";
      instanceColor1 = "White";
      instanceColor2 = "White";
      collisionType = "Collision Mesh";
      decalType = "Collision Mesh";
      prebuildCollisionData = "0";
      renderNormals = "0";
      forceDetail = "-1";
      position = "966.285767 -744.429993 166.478088";
      scale = "1 1 1";
      rotationMatrix = "0.890032649 -0.45589599 0 0.45589599 0.890032649 0 0 0 1";
      isRenderEnabled = "false";
      canSave = "1";
      canSaveDynamicFields = "1";
      persistentId = "b609d8de-0bdf-43c8-9480-ccc8aeb985c0";
         mode = "Ignore";
   };
   new TSStatic(checkpoint_sign18) {
      shapeName = "/levels/rls_west_coast_usa/art/shapes/race/sign_checkpoint.dae";
      dynamic = "0";
      playAmbient = "1";
      meshCulling = "0";
      originSort = "0";
      useInstanceRenderData = "0";
      instanceColor = "White";
      instanceColor1 = "White";
      instanceColor2 = "White";
      collisionType = "Collision Mesh";
      decalType = "Collision Mesh";
      prebuildCollisionData = "0";
      renderNormals = "0";
      forceDetail = "-1";
      position = "950.632141 -478.817719 162.580734";
      scale = "1 1 1";
      rotationMatrix = "-0.980722904 0.195397556 0 -0.195397556 -0.980722904 0 0 0 1";
      isRenderEnabled = "false";
      canSave = "1";
      canSaveDynamicFields = "1";
      persistentId = "8cc6e694-e6bb-4c2a-8ae6-11515d19f58d";
         mode = "Ignore";
   };
   new TSStatic(checkpoint_sign17) {
      shapeName = "/levels/rls_west_coast_usa/art/shapes/race/sign_checkpoint.dae";
      dynamic = "0";
      playAmbient = "1";
      meshCulling = "0";
      originSort = "0";
      useInstanceRenderData = "0";
      instanceColor = "White";
      instanceColor1 = "White";
      instanceColor2 = "White";
      collisionType = "Collision Mesh";
      decalType = "Collision Mesh";
      prebuildCollisionData = "0";
      renderNormals = "0";
      forceDetail = "-1";
      position = "940.362366 -476.925079 162.318558";
      scale = "1 1 1";
      rotationMatrix = "-0.963062942 0.269271821 0 -0.269271821 -0.963062942 0 0 0 1";
      isRenderEnabled = "false";
      canSave = "1";
      canSaveDynamicFields = "1";
      persistentId = "2cd6cac0-cbcc-4013-828e-52ef734cf91d";
         mode = "Ignore";
   };
   new TSStatic(checkpoint_sign16) {
      shapeName = "/levels/rls_west_coast_usa/art/shapes/race/sign_checkpoint.dae";
      dynamic = "0";
      playAmbient = "1";
      meshCulling = "0";
      originSort = "0";
      useInstanceRenderData = "0";
      instanceColor = "White";
      instanceColor1 = "White";
      instanceColor2 = "White";
      collisionType = "Collision Mesh";
      decalType = "Collision Mesh";
      prebuildCollisionData = "0";
      renderNormals = "0";
      forceDetail = "-1";
      position = "867.734314 -686.418884 170.422379";
      scale = "1 1 1";
      rotationMatrix = "0.628378689 -0.749659359 0.207723737 0.777906299 0.605561495 -0.167795569 4.76670659e-09 0.267028749 0.963688672";
      isRenderEnabled = "false";
      canSave = "1";
      canSaveDynamicFields = "1";
      persistentId = "24c53f84-1cb2-465b-8c2a-0d1eb2b33055";
         mode = "Ignore";
   };
   new TSStatic(checkpoint_sign15) {
      shapeName = "/levels/rls_west_coast_usa/art/shapes/race/sign_checkpoint.dae";
      dynamic = "0";
      playAmbient = "1";
      meshCulling = "0";
      originSort = "0";
      useInstanceRenderData = "0";
      instanceColor = "White";
      instanceColor1 = "White";
      instanceColor2 = "White";
      collisionType = "Collision Mesh";
      decalType = "Collision Mesh";
      prebuildCollisionData = "0";
      renderNormals = "0";
      forceDetail = "-1";
      position = "861.698242 -678.704163 169.515274";
      scale = "1 1 1";
      rotationMatrix = "0.628378749 -0.77790612 0 0.77790612 0.628378749 0 0 0 1";
      isRenderEnabled = "false";
      canSave = "1";
      canSaveDynamicFields = "1";
      persistentId = "5c21a01f-9022-4534-82be-a4afaec1625b";
         mode = "Ignore";
   };
   new TSStatic(checkpoint_sign14) {
      shapeName = "/levels/rls_west_coast_usa/art/shapes/race/sign_checkpoint.dae";
      dynamic = "0";
      playAmbient = "1";
      meshCulling = "0";
      originSort = "0";
      useInstanceRenderData = "0";
      instanceColor = "White";
      instanceColor1 = "White";
      instanceColor2 = "White";
      collisionType = "Collision Mesh";
      decalType = "Collision Mesh";
      prebuildCollisionData = "0";
      renderNormals = "0";
      forceDetail = "-1";
      position = "749.861572 -507.082184 176.229568";
      scale = "1 1 1";
      rotationMatrix = "-0.387227327 -0.921982765 0 0.921982765 -0.387227327 0 0 0 1";
      isRenderEnabled = "false";
      canSave = "1";
      canSaveDynamicFields = "1";
      persistentId = "a9fc3353-87e6-4cf1-ab1c-fe8fef175dcd";
         mode = "Ignore";
   };
   new TSStatic(checkpoint_sign13) {
      shapeName = "/levels/rls_west_coast_usa/art/shapes/race/sign_checkpoint.dae";
      dynamic = "0";
      playAmbient = "1";
      meshCulling = "0";
      originSort = "0";
      useInstanceRenderData = "0";
      instanceColor = "White";
      instanceColor1 = "White";
      instanceColor2 = "White";
      collisionType = "Collision Mesh";
      decalType = "Collision Mesh";
      prebuildCollisionData = "0";
      renderNormals = "0";
      forceDetail = "-1";
      position = "744.729431 -518.699097 174.866425";
      scale = "1 1 1";
      rotationMatrix = "-0.387227327 -0.921982765 0 0.921982765 -0.387227327 0 0 0 1";
      isRenderEnabled = "false";
      canSave = "1";
      canSaveDynamicFields = "1";
      persistentId = "1a10ee14-453f-45dc-b308-7a51afe4c1f8";
         mode = "Ignore";
   };
   new TSStatic(checkpoint_sign12) {
      shapeName = "/levels/rls_west_coast_usa/art/shapes/race/sign_checkpoint.dae";
      dynamic = "0";
      playAmbient = "1";
      meshCulling = "0";
      originSort = "0";
      useInstanceRenderData = "0";
      instanceColor = "White";
      instanceColor1 = "White";
      instanceColor2 = "White";
      collisionType = "Collision Mesh";
      decalType = "Collision Mesh";
      prebuildCollisionData = "0";
      renderNormals = "0";
      forceDetail = "-1";
      position = "760.799194 -692.725769 197.468048";
      scale = "1 1 1";
      rotationMatrix = "0.949935198 -0.312442213 0 0.312442213 0.949935198 0 0 0 1";
      isRenderEnabled = "false";
      canSave = "1";
      canSaveDynamicFields = "1";
      persistentId = "01172d00-f5ba-4cde-8993-c624120e827a";
         mode = "Ignore";
   };
   new TSStatic(checkpoint_sign11) {
      shapeName = "/levels/rls_west_coast_usa/art/shapes/race/sign_checkpoint.dae";
      dynamic = "0";
      playAmbient = "1";
      meshCulling = "0";
      originSort = "0";
      useInstanceRenderData = "0";
      instanceColor = "White";
      instanceColor1 = "White";
      instanceColor2 = "White";
      collisionType = "Collision Mesh";
      decalType = "Collision Mesh";
      prebuildCollisionData = "0";
      renderNormals = "0";
      forceDetail = "-1";
      position = "751.64624 -690.021484 196.438629";
      scale = "1 1 1";
      rotationMatrix = "0.979132771 -0.203214452 0 0.203214452 0.979132771 0 0 0 1";
      isRenderEnabled = "false";
      canSave = "1";
      canSaveDynamicFields = "1";
      persistentId = "6476a60b-0bfd-4e01-9012-94ff7e9eceea";
         mode = "Ignore";
   };
   new TSStatic(checkpoint_sign4) {
      shapeName = "/levels/rls_west_coast_usa/art/shapes/race/sign_checkpoint.dae";
      dynamic = "0";
      playAmbient = "1";
      meshCulling = "0";
      originSort = "0";
      useInstanceRenderData = "0";
      instanceColor = "White";
      instanceColor1 = "White";
      instanceColor2 = "White";
      collisionType = "Collision Mesh";
      decalType = "Collision Mesh";
      prebuildCollisionData = "0";
      renderNormals = "0";
      forceDetail = "-1";
      position = "536.585571 -887.24176 153.379181";
      scale = "1 1 1";
      rotationMatrix = "0.450509936 0.892770946 0 -0.892770946 0.450509936 0 0 0 1";
      isRenderEnabled = "false";
      canSave = "1";
      canSaveDynamicFields = "1";
      persistentId = "c19893fa-45c3-4296-a1b2-7253672dab97";
         mode = "Ignore";
   };
   new TSStatic(checkpoint_sign3) {
      shapeName = "/levels/rls_west_coast_usa/art/shapes/race/sign_checkpoint.dae";
      dynamic = "0";
      playAmbient = "1";
      meshCulling = "0";
      originSort = "0";
      useInstanceRenderData = "0";
      instanceColor = "White";
      instanceColor1 = "White";
      instanceColor2 = "White";
      collisionType = "Collision Mesh";
      decalType = "Collision Mesh";
      prebuildCollisionData = "0";
      renderNormals = "0";
      forceDetail = "-1";
      position = "530.735107 -897.686768 152.626022";
      scale = "1 1 1";
      rotationMatrix = "0.450509936 0.892770946 0 -0.892770946 0.450509936 0 0 0 1";
      isRenderEnabled = "false";
      canSave = "1";
      canSaveDynamicFields = "1";
      persistentId = "df5bbe47-38f0-4626-91e6-8392427864fa";
         mode = "Ignore";
   };
   new TSStatic(checkpoint_sign2) {
      shapeName = "/levels/rls_west_coast_usa/art/shapes/race/sign_checkpoint.dae";
      dynamic = "0";
      playAmbient = "1";
      meshCulling = "0";
      originSort = "0";
