{"name":"drag_6","class":"BeamNGWaypoint","persistentId":"1154a057-3250-4e6b-88f1-d519fad70df5","__parent":"SimGroup_","position":[-142.720764,-95.2166443,119.528015],"drawDebug":true,"rotationMatrix":[0.719755292,-0.694226384,-8.45830073e-11,0.694226444,0.719754934,-0.000690533489,0.000479387381,0.000497015659,0.999999762],"scale":[5.5,5.5,5.5]}
{"name":"drag_1","class":"BeamNGWaypoint","persistentId":"2b3b22ed-7a9f-42e9-91ba-4e4220844637","__parent":"SimGroup_","position":[-215.754639,-204.01712,119.547989],"drawDebug":true,"rotationMatrix":[0.719755292,-0.694226384,-8.45830073e-11,0.694226444,0.719754934,-0.000690533489,0.000479387381,0.000497015659,0.999999762],"scale":[3.32210231,3.32210231,3.32210231]}
{"name":"drag_8","class":"BeamNGWaypoint","persistentId":"41c1e7cd-0041-4efb-bc75-56c41962732d","__parent":"SimGroup_","position":[-170.162567,-142.694504,119.547691],"drawDebug":true,"rotationMatrix":[0.719755292,-0.694226384,-8.45830073e-11,0.694226444,0.719754934,-0.000690533489,0.000479387381,0.000497015659,0.999999762],"scale":[3.5,3.5,3.5]}
{"name":"drag_10","class":"BeamNGWaypoint","persistentId":"8216ce33-509c-4d35-b1e4-c33b6e5146b3","__parent":"SimGroup_","position":[-212.674164,-174.618988,119.547691],"drawDebug":true,"rotationMatrix":[0.719755292,-0.694226384,-8.45830073e-11,0.694226444,0.719754934,-0.000690533489,0.000479387381,0.000497015659,0.999999762],"scale":[3,3,3]}
{"name":"drag_11","class":"BeamNGWaypoint","persistentId":"84657524-7169-40bc-92ef-36bc8945cbd7","__parent":"SimGroup_","position":[64.3397064,27.7091293,119.547691],"drawDebug":true,"rotationMatrix":[0.719755292,-0.694226384,-8.45830073e-11,0.694226444,0.719754934,-0.000690533489,0.000479387381,0.000497015659,0.999999762],"scale":[3.5,3.5,3.5]}
{"name":"drag_9","class":"BeamNGWaypoint","persistentId":"a65815c6-6670-4aa5-9f1f-e63354e89bbb","__parent":"SimGroup_","position":[51.9446068,18.7212448,119.547691],"drawDebug":true,"rotationMatrix":[0.719755292,-0.694226384,-8.45830073e-11,0.694226444,0.719754934,-0.000690533489,0.000479387381,0.000497015659,0.999999762],"scale":[3.5,3.5,3.5]}
{"name":"drag_2","class":"BeamNGWaypoint","persistentId":"a65ee8a0-baa5-4667-9ddc-380ccff13c9b","__parent":"SimGroup_","position":[-212.537552,-163.140442,119.548004],"drawDebug":true,"rotationMatrix":[0.719755292,-0.694226384,-8.45830073e-11,0.694226444,0.719754934,-0.000690533489,0.000479387381,0.000497015659,0.999999762],"scale":[2.33333302,2.33333302,2.33333302]}
{"name":"drag_5","class":"BeamNGWaypoint","persistentId":"a969da01-2288-440c-bdac-a00e67a2ad15","__parent":"SimGroup_","position":[442.802002,329.155029,119.528046],"drawDebug":true,"rotationMatrix":[0.719755292,-0.694226384,-8.45830073e-11,0.694226444,0.719754934,-0.000690533489,0.000479387381,0.000497015659,0.999999762],"scale":[2.41761351,2.41761351,2.41761351]}
{"name":"drag_3","class":"BeamNGWaypoint","persistentId":"ad8b42de-5f2d-494e-8a31-6ea2a8de2b6c","__parent":"SimGroup_","position":[-194.828812,-150.254272,119.549835],"drawDebug":true,"rotationMatrix":[0.719755292,-0.694226384,-8.45830073e-11,0.694226444,0.719754934,-0.000690533489,0.000479387381,0.000497015659,0.999999762],"scale":[3.32210231,3.32210231,3.32210231]}
{"name":"drag_4","class":"BeamNGWaypoint","persistentId":"e4226311-e64f-4d11-b8db-ccacb9f21a2c","__parent":"SimGroup_","position":[442.503326,310.191254,119.528046],"drawDebug":true,"rotationMatrix":[0.719755292,-0.694226384,-8.45830073e-11,0.694226444,0.719754934,-0.000690533489,0.000479387381,0.000497015659,0.999999762],"scale":[2.41761351,2.41761351,2.41761351]}
{"name":"drag_12","class":"BeamNGWaypoint","persistentId":"f47e7b53-d475-4e07-b8f2-afde12cde4a8","__parent":"SimGroup_","position":[-206.139252,-182.951935,119.547691],"drawDebug":true,"rotationMatrix":[0.719755292,-0.694226384,-8.45830073e-11,0.694226444,0.719754934,-0.000690533489,0.000479387381,0.000497015659,0.999999762],"scale":[3,3,3]}
{"name":"drag_7","class":"BeamNGWaypoint","persistentId":"fe3704f6-7658-479c-b0a6-2be3d21dfdc2","__parent":"SimGroup_","position":[-235.065186,-173.17305,119.528046],"drawDebug":true,"rotationMatrix":[0.719755292,-0.694226384,-8.45830073e-11,0.694226444,0.719754934,-0.000690533489,0.000479387381,0.000497015659,0.999999762],"scale":[2.41761351,2.41761351,2.41761351]}
{"class":"DecalRoad","persistentId":"27b80e6f-29b6-4f58-9314-ae4f9fe50053","__parent":"SimGroup_","position":[-335.100525,-247.946182,118.839165],"gatedRoad":true,"improvedSpline":true,"lanesRight":0,"material":"road_invisible","nodes":[[-335.100525,-247.946182,118.839165,5],[-306.420563,-228.574951,119.113724,5],[-193.5457,-149.25238,119.384193,5],[442.626343,310.399353,119.384193,5]],"oneWay":true,"renderPriority":1}
{"class":"DecalRoad","persistentId":"94c773ce-f74d-4bcc-a2b8-744e138ee731","__parent":"SimGroup_","position":[425.779724,298.270721,119.384193],"gatedRoad":true,"improvedSpline":true,"lanesRight":0,"material":"road_invisible","nodes":[[425.779724,298.270721,119.384193,5],[442.359863,310.195953,119.384193,5],[450.313202,319.444458,119.384193,5],[441.600739,325.884399,119.384193,5],[417.612,310.285248,119.384193,5],[337.698822,251.165314,119.407669,5]],"oneWay":true,"renderPriority":1}
{"class":"DecalRoad","persistentId":"d88b2adb-2e9d-4c01-877f-a6e5fa819e9a","__parent":"SimGroup_","position":[349.247864,259.750153,119.387138],"gatedRoad":true,"improvedSpline":true,"lanesRight":0,"material":"road_invisible","nodes":[[349.247864,259.750153,119.387138,5],[133.327866,102.487457,119.437958,5],[-105.337616,-69.9720383,119.434242,5],[-159.059265,-109.058762,119.439606,5],[-214.267212,-149.086227,119.443954,5],[-232.007996,-162.496414,119.437042,5],[-236.097778,-175.772873,119.384193,5],[-233.2659,-183.264587,119.384193,5],[-227.129883,-182.176498,119.384193,5],[-225.365356,-172.864014,119.384193,5],[-217.654968,-166.670746,119.384193,5]],"oneWay":true,"renderPriority":1}
{"class":"DecalRoad","persistentId":"f950fc25-cd38-44de-9fb0-456c16d5703a","__parent":"SimGroup_","position":[-215.862106,-204.410934,118.979759],"gatedRoad":true,"improvedSpline":true,"lanesRight":0,"material":"road_invisible","nodes":[[-215.862106,-204.410934,118.979759,5],[-226.271683,-185.850708,119.384193,5],[-226.248917,-173.754562,119.384193,5],[-212.90123,-162.929398,119.384193,5]],"oneWay":true,"renderPriority":1}
{"name":"SimGroup_","class":"SimGroup","persistentId":"c66937ee-c39d-41db-82a3-f95df48690f4","groupPosition":"-22.764271020889 -30.914158821106 119.44291830063"}
