{"name":"movieRental2","class":"BeamNGTrigger","__parent":"Movie Rental","position":[-808.50354,-639.549927,106.230865],"hidden":true,"luaFunction":"onBeamNGTrigger","rotationMatrix":[-0.66115737,-0.75024718,-2.32830644e-09,0.750117958,-0.661043525,-0.0185571518,0.0139224511,-0.0122692008,0.999827802],"scale":[29.7400494,7.81219101,7.12346649]}
{"name":"preStageRental","class":"BeamNGTrigger","__parent":"Movie Rental","position":[-886.388123,-646.678833,106.540878],"luaFunction":"onBeamNGTrigger","rotationMatrix":[0.774149477,-0.632863045,-0.0133071579,0.63299942,0.774044275,0.0129339686,0.00211490178,-0.0184362475,0.999827802],"scale":[6.51415777,5.18221188,6.4350915]}
{"name":"movieRental3","class":"BeamNGTrigger","__parent":"Movie Rental","position":[-846.382812,-684.73761,106.203819],"hidden":true,"luaFunction":"onBeamNGTrigger","rotationMatrix":[-0.66115737,-0.75024718,-2.32830644e-09,0.750117958,-0.661043525,-0.0185571518,0.0139224511,-0.0122692008,0.999827802],"scale":[29.7400494,7.81219101,7.12346649]}
{"name":"movieRental1","class":"BeamNGTrigger","__parent":"Movie Rental","position":[-844.71582,-607.637817,107.126717],"hidden":true,"luaFunction":"onBeamNGTrigger","rotationMatrix":[-0.66115737,-0.75024718,-2.32830644e-09,0.750117958,-0.661043525,-0.0185571518,0.0139224511,-0.0122692008,0.999827802],"scale":[12.2476511,18.1285248,6.4350915]}
