{"class":"TSStatic","__parent":"driftTrack","position":[102.71875,-158.654129,130.30867],"decalType":"None","isRenderEnabled":false,"rotationMatrix":[-0.594518185,0.8040362,0.00855705608,-0.804065645,-0.59454,6.98491931e-10,0.00508751534,-0.00688043609,0.999963403],"shapeName":"/levels/west_coast_usa/art/shapes/objects/screenfence2.dae","useInstanceRenderData":true}
{"class":"TSStatic","__parent":"driftTrack","position":[98.0261459,-135.588974,130.552841],"decalType":"None","isRenderEnabled":false,"rotationMatrix":[0.31382221,0.94929111,0.019033106,-0.949463129,0.313879073,0,-0.00597409671,-0.0180712286,0.999818861],"shapeName":"/levels/west_coast_usa/art/shapes/objects/screenfence2.dae","useInstanceRenderData":true}
{"class":"TSStatic","__parent":"driftTrack","position":[115.777092,-119.892525,131.273392],"decalType":"None","isRenderEnabled":false,"rotationMatrix":[0.925363183,0.377235413,0.0373692922,-0.377499104,0.926009953,-4.65661287e-10,-0.0346043371,-0.0141068716,0.999301553],"shapeName":"/levels/west_coast_usa/art/shapes/objects/screenfence2.dae","useInstanceRenderData":true}
{"class":"TSStatic","__parent":"driftTrack","position":[104.674026,-161.037155,130.273987],"decalType":"None","isRenderEnabled":false,"rotationMatrix":[-0.675884962,0.736923039,0.0111168968,-0.736968577,-0.675926685,0,0.00751420949,-0.00819280464,0.99993819],"shapeName":"/levels/west_coast_usa/art/shapes/objects/screenfence2.dae","useInstanceRenderData":true}
{"class":"TSStatic","__parent":"driftTrack","position":[97.2579422,-138.548615,130.501068],"decalType":"None","isRenderEnabled":false,"rotationMatrix":[0.188934386,0.981878519,0.014784148,-0.981985807,0.188955009,9.31322575e-10,-0.00279353885,-0.0145178232,0.999890685],"shapeName":"/levels/west_coast_usa/art/shapes/objects/screenfence2.dae","useInstanceRenderData":true}
{"class":"TSStatic","__parent":"driftTrack","position":[112.984238,-121.097221,131.171524],"decalType":"None","isRenderEnabled":false,"rotationMatrix":[0.91102314,0.411102772,0.0321146362,-0.411314905,0.911493301,4.65661287e-10,-0.029272275,-0.0132092312,0.999484181],"shapeName":"/levels/west_coast_usa/art/shapes/objects/screenfence2.dae","useInstanceRenderData":true}
{"class":"TSStatic","__parent":"driftTrack","position":[99.498764,-153.451157,130.360107],"decalType":"None","isRenderEnabled":false,"rotationMatrix":[-0.434660316,0.900573432,0.00611026026,-0.900590241,-0.434668422,-2.32830644e-10,0.00265593897,-0.00550284237,0.999981344],"shapeName":"/levels/west_coast_usa/art/shapes/objects/screenfence2.dae","useInstanceRenderData":true}
{"class":"TSStatic","__parent":"driftTrack","position":[100.836647,-130.207138,130.681488],"decalType":"None","isRenderEnabled":false,"rotationMatrix":[0.605450869,0.795494735,0.0248499308,-0.795740426,0.605637908,-1.86264515e-09,-0.0150500629,-0.0197740905,0.999691188],"shapeName":"/levels/west_coast_usa/art/shapes/objects/screenfence2.dae","useInstanceRenderData":true}
{"class":"TSStatic","__parent":"driftTrack","position":[109.343529,-164.941788,130.243286],"decalType":"None","isRenderEnabled":false,"rotationMatrix":[-0.84155333,0.540042698,-0.0118994173,-0.540080965,-0.841612935,-2.32830644e-10,-0.0100147054,0.00642664917,0.99992919],"shapeName":"/levels/west_coast_usa/art/shapes/objects/screenfence2.dae","useInstanceRenderData":true}
{"class":"TSStatic","__parent":"driftTrack","position":[101.00177,-156.145233,130.333267],"decalType":"None","isRenderEnabled":false,"rotationMatrix":[-0.525357723,0.850811303,0.0109410798,-0.850862205,-0.525389194,0,0.00574832316,-0.00930935051,0.999940157],"shapeName":"/levels/west_coast_usa/art/shapes/objects/screenfence2.dae","useInstanceRenderData":true}
{"class":"TSStatic","__parent":"driftTrack","position":[99.2151871,-132.808929,130.61853],"decalType":"None","isRenderEnabled":false,"rotationMatrix":[0.470092535,0.882335305,0.0223080404,-0.882554889,0.470209539,9.31322575e-10,-0.0104894536,-0.0196880661,0.999751151],"shapeName":"/levels/west_coast_usa/art/shapes/objects/screenfence2.dae","useInstanceRenderData":true}
{"class":"TSStatic","__parent":"driftTrack","position":[106.888382,-163.124344,130.242386],"decalType":"None","isRenderEnabled":false,"rotationMatrix":[-0.772342205,0.635184109,0.00531084184,-0.63519305,-0.772353172,0,0.00410184637,-0.00337341055,0.999985874],"shapeName":"/levels/west_coast_usa/art/shapes/objects/screenfence2.dae","useInstanceRenderData":true}
{"class":"TSStatic","__parent":"driftTrack","position":[97.4525223,-147.723419,130.388153],"decalType":"None","isRenderEnabled":false,"rotationMatrix":[-0.221593857,0.975120783,0.00597476214,-0.975138187,-0.221597791,-4.65661287e-10,0.00132399355,-0.00582621852,0.999982178],"shapeName":"/levels/west_coast_usa/art/shapes/objects/screenfence2.dae","useInstanceRenderData":true}
{"class":"TSStatic","__parent":"driftTrack","position":[105.1222,-125.828186,130.870605],"decalType":"None","isRenderEnabled":false,"rotationMatrix":[0.769800067,0.637527049,0.0311005376,-0.637835562,0.770172596,-9.31322575e-10,-0.0239527859,-0.0198370256,0.999516249],"shapeName":"/levels/west_coast_usa/art/shapes/objects/screenfence2.dae","useInstanceRenderData":true}
{"class":"TSStatic","__parent":"driftTrack","position":[98.3038635,-150.654907,130.384216],"decalType":"None","isRenderEnabled":false,"rotationMatrix":[-0.340770245,0.940145969,0.000924994529,-0.940146327,-0.340770364,-2.91038305e-11,0.000315210957,-0.00086963037,0.999999583],"shapeName":"/levels/west_coast_usa/art/shapes/objects/screenfence2.dae","useInstanceRenderData":true}
{"class":"TSStatic","__parent":"driftTrack","position":[102.87542,-127.912621,130.779129],"decalType":"None","isRenderEnabled":false,"rotationMatrix":[0.704686165,0.708863556,0.0304946564,-0.709193408,0.70501411,-9.31322575e-10,-0.0214991644,-0.0216266029,0.999534905],"shapeName":"/levels/west_coast_usa/art/shapes/objects/screenfence2.dae","useInstanceRenderData":true}
{"class":"TSStatic","__parent":"driftTrack","position":[111.976021,-166.495178,130.313187],"decalType":"None","isRenderEnabled":false,"rotationMatrix":[-0.882948756,0.468761563,-0.0257714316,-0.46891731,-0.88324213,4.65661287e-10,-0.0227624141,0.0120846704,0.999667883],"shapeName":"/levels/west_coast_usa/art/shapes/objects/screenfence2.dae","useInstanceRenderData":true}
{"class":"TSStatic","__parent":"driftTrack","position":[96.8910904,-141.594162,130.456268],"decalType":"None","isRenderEnabled":false,"rotationMatrix":[0.0592827797,0.998164535,0.0123685896,-0.998240948,0.0592873096,9.31322575e-10,-0.000733299647,-0.012346833,0.999923527],"shapeName":"/levels/west_coast_usa/art/shapes/objects/screenfence2.dae","useInstanceRenderData":true}
{"class":"TSStatic","__parent":"driftTrack","position":[110.245453,-122.426544,131.079147],"decalType":"None","isRenderEnabled":false,"rotationMatrix":[0.882821023,0.468690485,0.0309225898,-0.468914717,0.883243442,-4.65661287e-10,-0.0273121726,-0.0145000592,0.999521792],"shapeName":"/levels/west_coast_usa/art/shapes/objects/screenfence2.dae","useInstanceRenderData":true}
{"class":"TSStatic","__parent":"driftTrack","position":[96.9889069,-144.663544,130.42366],"decalType":"None","isRenderEnabled":false,"rotationMatrix":[-0.0742124319,0.997153342,0.0133387893,-0.997242033,-0.0742191076,-9.31322575e-10,0.000989990309,-0.0133020002,0.99991101],"shapeName":"/levels/west_coast_usa/art/shapes/objects/screenfence2.dae","useInstanceRenderData":true}
{"class":"TSStatic","__parent":"driftTrack","position":[107.617119,-124.008347,130.976242],"decalType":"None","isRenderEnabled":false,"rotationMatrix":[0.835065782,0.54910934,0.0338246077,-0.549423695,0.835543871,9.31322575e-10,-0.0282619409,-0.0185840428,0.999427795],"shapeName":"/levels/west_coast_usa/art/shapes/objects/screenfence2.dae","useInstanceRenderData":true}
{"class":"DecalRoad","persistentId":"753458cf-c520-4521-bb74-9520b5396d5b","__parent":"driftTrack","position":[260.960083,-155.127884,142.467072],"detail":0.200000003,"distanceFade":[200,50],"material":"checkered_line","nodes":[[260.960083,-155.127884,142.467072,1],[270.769775,-155.105301,142.755447,1]],"overObjects":true,"renderPriority":18,"startEndFade":[1,1],"textureLength":4.9000001}
{"internalName":"a","class":"DecalRoad","persistentId":"ac2f969a-c9c4-4c21-9308-e773115d5044","__parent":"driftTrack","position":[71.5335464,97.255394,119.378014],"distanceFade":[200,50],"improvedSpline":true,"material":"road1_concrete","nodes":[[71.5335464,97.255394,119.378014,4],[83.2164078,103.504646,119.395935,4],[103.372826,100.844826,119.395935,4],[119.477127,110.249725,119.395935,4],[132.444672,124.09166,119.395935,4],[136.428818,139.495789,119.395935,4],[133.698227,154.818604,119.395935,4],[126.88385,166.016785,119.380081,4]],"renderPriority":12,"textureLength":16}
{"class":"TSStatic","__parent":"driftTrack","position":[157.576935,-148.095078,130.118835],"decalType":"None","isRenderEnabled":false,"rotationMatrix":[-0.707106709,-0.707106709,0,0.706887543,-0.706887543,-0.0248947367,0.0176032465,-0.0176033359,0.999689937],"shapeName":"/levels/west_coast_usa/art/shapes/objects/hr_tirestack_white.dae","useInstanceRenderData":true}
{"class":"TSStatic","__parent":"driftTrack","position":[157.654617,-143.705597,130.151474],"decalType":"None","isRenderEnabled":false,"rotationMatrix":[0.706511199,-0.707701683,2.98023188e-08,0.707677245,0.706486821,-0.00830062851,0.0058743665,0.00586450193,0.99996537],"shapeName":"/levels/west_coast_usa/art/shapes/objects/hr_tirestack_white.dae","useInstanceRenderData":true}
{"class":"TSStatic","__parent":"driftTrack","position":[159.700027,-145.863556,130.141769],"decalType":"None","isRenderEnabled":false,"rotationMatrix":[-0.706886888,-0.707326114,-2.98023188e-08,0.707228541,-0.706789553,-0.0166065935,0.0117462268,-0.0117388358,0.999861836],"shapeName":"/levels/west_coast_usa/art/shapes/objects/hr_tirestack_white.dae","useInstanceRenderData":true}
{"class":"TSStatic","__parent":"driftTrack","position":[257.549438,-140.290955,142.30986],"decalType":"None","isRenderEnabled":false,"rotationMatrix":[0.422988594,0.906134844,2.98023188e-08,-0.901889026,0.42100662,-0.0966914967,-0.0876155868,0.0408993661,0.9953143],"shapeName":"/levels/west_coast_usa/art/shapes/objects/hr_tirestack_white.dae","useInstanceRenderData":true}
{"class":"TSStatic","__parent":"driftTrack","position":[257.076294,-139.600235,142.251251],"decalType":"None","isRenderEnabled":false,"rotationMatrix":[0.196148843,0.980574012,0,-0.976646483,0.195363119,-0.0894123465,-0.0876754895,0.0175380837,0.995994508],"shapeName":"/levels/west_coast_usa/art/shapes/objects/hr_tirestack_white.dae","useInstanceRenderData":true}
{"class":"TSStatic","__parent":"driftTrack","position":[155.504929,-145.855728,130.144531],"decalType":"None","isRenderEnabled":false,"rotationMatrix":[-0.554533601,0.832161129,2.98023188e-08,-0.831974804,-0.554409504,-0.0211554412,-0.0176047776,-0.0117314318,0.999776065],"shapeName":"/levels/west_coast_usa/art/shapes/objects/hr_tirestack_white.dae","useInstanceRenderData":true}
{"class":"TSStatic","__parent":"driftTrack","position":[264.6203,-196.671051,142.192947],"decalType":"None","isRenderEnabled":false,"rotationMatrix":[-0.0555258915,0.998457134,2.98023188e-08,-0.992915452,-0.0552177019,-0.105212636,-0.105050333,-0.00584209338,0.994449556],"shapeName":"/levels/west_coast_usa/art/shapes/objects/hr_tirestack_white.dae","useInstanceRenderData":true}
{"class":"TSStatic","__parent":"driftTrack","position":[264.828522,-195.715256,142.205643],"decalType":"None","isRenderEnabled":false,"rotationMatrix":[0.110384271,0.993888855,0,-0.98832047,0.109765835,-0.105705924,-0.105059929,0.0116682723,0.994397223],"shapeName":"/levels/west_coast_usa/art/shapes/objects/hr_tirestack_white.dae","useInstanceRenderData":true}
{"class":"TSStatic","__parent":"driftTrack","position":[265.24411,-198.39621,142.163528],"decalType":"None","isRenderEnabled":false,"rotationMatrix":[-0.640173316,0.768230259,2.98023188e-08,-0.761068761,-0.63420558,-0.136224687,-0.104651913,-0.0872074738,0.990677774],"shapeName":"/levels/west_coast_usa/art/shapes/objects/hr_tirestack_white.dae","useInstanceRenderData":true}
{"class":"TSStatic","__parent":"driftTrack","position":[264.639832,-197.593933,142.146332],"decalType":"None","isRenderEnabled":false,"rotationMatrix":[-0.640173316,0.768230259,2.98023188e-08,-0.761068761,-0.63420558,-0.136224687,-0.104651913,-0.0872074738,0.990677774],"shapeName":"/levels/west_coast_usa/art/shapes/objects/hr_tirestack_white.dae","useInstanceRenderData":true}
{"class":"TSStatic","__parent":"driftTrack","position":[257.998596,-141.168167,142.392075],"decalType":"None","isRenderEnabled":false,"rotationMatrix":[0.66902864,0.743236363,0,-0.740930259,0.666952789,-0.0787142068,-0.0585032031,0.0526620634,0.996896982],"shapeName":"/levels/west_coast_usa/art/shapes/objects/hr_tirestack_white.dae","useInstanceRenderData":true}
{"class":"DecalRoad","persistentId":"6f45c531-9947-476b-9504-e90a01001afe","__parent":"driftTrack","position":[247.072327,-200.93837,140.180023],"improvedSpline":true,"material":"AsphaltRoad_variation_01","nodes":[[247.072327,-200.93837,140.180023,12],[268.638184,-205.059067,142.004669,12],[292.999969,-206.495453,143.484467,12],[321.06665,-206.675079,143.911331,12]],"renderPriority":4,"startEndFade":[15,15],"textureLength":128}
{"class":"DecalRoad","persistentId":"4bda073f-58ae-40ba-b6b9-0a294b72baa4","__parent":"driftTrack","position":[316.167419,-184.580811,143.887863],"improvedSpline":true,"material":"AsphaltRoad_variation_01","nodes":[[316.167419,-184.580811,143.887863,12],[315.078796,-202.258774,143.861603,12],[305.069183,-207.151413,143.715042,12],[290.064758,-206.851105,143.377106,12]],"renderPriority":4,"startEndFade":[3,15],"textureLength":128}
{"class":"DecalRoad","persistentId":"2931ddd9-b45e-4ecd-a08e-883ecc8cb10f","__parent":"driftTrack","position":[243.992813,-200.854233,139.889084],"improvedSpline":true,"material":"m_asphalt_damaged_02","nodes":[[243.992813,-200.854233,139.889084,8],[277.473175,-205.626648,142.69339,8],[317.812195,-207.45253,143.911331,8]],"startEndFade":[15,15],"textureLength":18}
{"class":"TSStatic","__parent":"driftTrack","position":[260.54541,-145.366608,142.596542],"isRenderEnabled":false,"rotationMatrix":[0.999999821,0.000549510238,0,-0.000549510238,0.999999821,0,0,0,1],"shapeName":"/levels/west_coast_usa/art/shapes/roads/driftTrack_topCurbs.dae","useInstanceRenderData":true}
{"class":"DecalRoad","persistentId":"02ae18c2-9b93-45c8-b292-71999e8b3670","__parent":"driftTrack","position":[318.039398,-140.47374,143.91391],"improvedSpline":true,"material":"AsphaltRoad_variation_01","nodes":[[318.039398,-140.47374,143.91391,12],[287.39209,-141.143402,143.887863,12]],"renderPriority":4,"startEndFade":[3,3],"textureLength":128}
{"name":"trackDetail","class":"SimGroup","__parent":"driftTrack"}
{"class":"TSStatic","__parent":"driftTrack","position":[257.340515,-169.994354,142.328247],"decalType":"None","isRenderEnabled":false,"rotationMatrix":[-0.413770378,0.910381079,2.98023188e-08,-0.908100426,-0.412733942,-0.070737794,-0.0643982664,-0.029269129,0.997494757],"shapeName":"/levels/west_coast_usa/art/shapes/objects/hr_tirestack_white.dae","useInstanceRenderData":true}
{"class":"TSStatic","__parent":"driftTrack","position":[256.873444,-170.732498,142.247879],"decalType":"None","isRenderEnabled":false,"rotationMatrix":[-0.14136979,0.989956737,0,-0.9865641,-0.140885323,-0.0827178508,-0.0818870813,-0.0116937263,0.996572793],"shapeName":"/levels/west_coast_usa/art/shapes/objects/hr_tirestack_white.dae","useInstanceRenderData":true}
{"class":"TSStatic","__parent":"driftTrack","position":[257.816284,-169.228058,142.410263],"decalType":"None","isRenderEnabled":false,"rotationMatrix":[-0.97620666,0.216840848,0,-0.21652405,-0.97478056,-0.054034546,-0.0117168892,-0.0527487546,0.998538852],"shapeName":"/levels/west_coast_usa/art/shapes/objects/hr_tirestack_white.dae","useInstanceRenderData":true}
{"class":"TSStatic","__parent":"driftTrack","position":[285.819153,-200.62001,143.706436],"decalType":"None","isRenderEnabled":false,"rotationMatrix":[-0.964816332,0.262924403,0,-0.262337744,-0.962663472,-0.0667650253,-0.0175541602,-0.0644159988,0.997768581],"shapeName":"/levels/west_coast_usa/art/shapes/objects/hr_tirestack_white.dae","useInstanceRenderData":true}
{"class":"TSStatic","__parent":"driftTrack","position":[313.718994,-211.207458,143.988876],"decalType":"None","isRenderEnabled":false,"rotationMatrix":[-0.00170671917,0.99999845,2.98023188e-08,-0.999981225,-0.00170662964,-0.0058593424,-0.00585937221,-1.00137277e-05,0.999982655],"shapeName":"/levels/west_coast_usa/art/shapes/objects/hr_tirestack_white.dae","useInstanceRenderData":true}
{"class":"TSStatic","__parent":"driftTrack","position":[312.931366,-211.233276,143.99234],"decalType":"None","isRenderEnabled":false,"rotationMatrix":[-1.19209275e-07,0.99999994,0,-0.999724269,1.04216062e-14,-0.0234768614,-0.0234769508,-1.19209268e-07,0.999724269],"shapeName":"/levels/west_coast_usa/art/shapes/objects/hr_tirestack_white.dae","useInstanceRenderData":true}
{"class":"TSStatic","__parent":"driftTrack","position":[307.443024,-199.934204,143.986603],"isRenderEnabled":false,"rotationMatrix":[-0.948600888,0.316474289,0,-0.31641978,-0.948437452,-0.0185597185,-0.00587364659,-0.0176056232,0.999827504],"shapeName":"/levels/west_coast_usa/art/shapes/objects/hr_tirestack_white.dae","useInstanceRenderData":true}
{"class":"TSStatic","__parent":"driftTrack","position":[306.138824,-200.029922,143.98111],"isRenderEnabled":false,"rotationMatrix":[-0.808678389,-0.588251054,5.77419996e-08,0.588159859,-0.80855298,-0.0176059902,0.0103567885,-0.0142375492,0.999845028],"shapeName":"/levels/west_coast_usa/art/shapes/objects/hr_tirestack_white.dae","useInstanceRenderData":true}
{"class":"TSStatic","__parent":"driftTrack","position":[266.355621,-199.098618,142.13855],"decalType":"None","isRenderEnabled":false,"rotationMatrix":[-0.139177322,0.983702481,0.113839678,-0.990199149,-0.1368922,-0.0276882313,-0.011653237,-0.116577491,0.99311322],"shapeName":"/levels/west_coast_usa/art/shapes/objects/hr_tirestack_white.dae","useInstanceRenderData":true}
{"class":"TSStatic","__parent":"driftTrack","position":[340.273865,-229.319153,143.816345],"isRenderEnabled":false,"rotationMatrix":[0.164537579,0.986370683,0,-0.985742569,0.164432853,-0.0356812067,-0.0351949222,0.00587089173,0.999363124],"shapeName":"/levels/west_coast_usa/art/shapes/objects/hr_tirestack_white.dae","useInstanceRenderData":true}
{"class":"TSStatic","__parent":"driftTrack","position":[339.010437,-229.381821,143.756607],"isRenderEnabled":false,"rotationMatrix":[0.909350097,0.416031748,1.72294676e-08,-0.415774018,0.908786714,-0.035195522,-0.0146424659,0.0320050418,0.999380469],"shapeName":"/levels/west_coast_usa/art/shapes/objects/hr_tirestack_white.dae","useInstanceRenderData":true}
{"class":"TSStatic","__parent":"driftTrack","position":[337.905304,-229.381821,143.716675],"isRenderEnabled":false,"rotationMatrix":[-0.602669954,0.797990978,1.58324838e-08,-0.797496617,-0.602296591,-0.0351955257,-0.0280856974,-0.0212112851,0.999380469],"shapeName":"/levels/west_coast_usa/art/shapes/objects/hr_tirestack_white.dae","useInstanceRenderData":true}
{"class":"TSStatic","__parent":"driftTrack","position":[321.069366,-194.326645,144.16066],"decalType":"None","isRenderEnabled":false,"rotationMatrix":[-1.1920929e-07,0.999952137,-0.00979070179,-1,-2.2649765e-06,-0.00022014929,-0.000220159534,0.00979070179,0.999952018],"shapeName":"/levels/west_coast_usa/art/shapes/objects/hr_tirestack_white.dae","useInstanceRenderData":true}
{"class":"TSStatic","__parent":"driftTrack","position":[118.622353,-118.771812,131.401901],"decalType":"None","isRenderEnabled":false,"rotationMatrix":[0.938092291,0.343647629,0.0434647053,-0.34402582,0.938959301,0.00130831823,-0.0403619856,-0.0161803029,0.999054134],"shapeName":"/levels/west_coast_usa/art/shapes/objects/screenfence2.dae","useInstanceRenderData":true}
{"class":"TSStatic","__parent":"driftTrack","position":[121.495895,-117.779236,131.546387],"decalType":"None","isRenderEnabled":false,"rotationMatrix":[0.949443638,0.308656722,0.0573395453,-0.309322745,0.950952709,0.00290457066,-0.0536306761,-0.0204941519,0.998350501],"shapeName":"/levels/west_coast_usa/art/shapes/objects/screenfence2.dae","useInstanceRenderData":true}
{"class":"TSStatic","__parent":"driftTrack","position":[124.472656,-116.883659,131.746689],"decalType":"None","isRenderEnabled":false,"rotationMatrix":[0.959382951,0.273659259,0.0685196817,-0.274629802,0.961537123,0.00498552527,-0.0645198822,-0.0236005783,0.997637331],"shapeName":"/levels/west_coast_usa/art/shapes/objects/screenfence2.dae","useInstanceRenderData":true}
{"class":"TSStatic","__parent":"driftTrack","position":[127.495544,-116.071869,131.982132],"decalType":"None","isRenderEnabled":false,"rotationMatrix":[0.96827817,0.23612082,0.0817579627,-0.237506568,0.971356809,0.00752041303,-0.0776404291,-0.0266998988,0.996623814],"shapeName":"/levels/west_coast_usa/art/shapes/objects/screenfence2.dae","useInstanceRenderData":true}
{"class":"TSStatic","__parent":"driftTrack","position":[130.454086,-115.330002,132.227737],"decalType":"None","isRenderEnabled":false,"rotationMatrix":[0.967015862,0.242308348,0.0785305798,-0.243598133,0.969850004,0.00713733584,-0.0744334459,-0.0260318145,0.996886134],"shapeName":"/levels/west_coast_usa/art/shapes/objects/screenfence2.dae","useInstanceRenderData":true}
{"class":"TSStatic","__parent":"driftTrack","position":[245.412872,-108.576416,141.700272],"decalType":"None","isRenderEnabled":false,"rotationMatrix":[0.988812923,-0.112477072,0.0979691967,0.111964233,0.993654251,0.0107344892,-0.0985548869,0.000354645774,0.995131552],"shapeName":"/levels/west_coast_usa/art/shapes/objects/screenfence2.dae","useInstanceRenderData":true}
{"class":"TSStatic","__parent":"driftTrack","position":[248.424789,-108.988029,142.01178],"decalType":"None","isRenderEnabled":false,"rotationMatrix":[0.979383647,-0.171517655,0.106721088,0.170699194,0.985179543,0.0168258511,-0.108025357,0.00173823629,0.994146645],"shapeName":"/levels/west_coast_usa/art/shapes/objects/screenfence2.dae","useInstanceRenderData":true}
{"class":"TSStatic","__parent":"driftTrack","position":[251.388519,-109.544319,142.356689],"decalType":"None","isRenderEnabled":false,"rotationMatrix":[0.972793877,-0.200738311,0.115655527,0.199740112,0.979639113,0.0202769898,-0.117371038,0.00337570999,0.993082404],"shapeName":"/levels/west_coast_usa/art/shapes/objects/screenfence2.dae","useInstanceRenderData":true}
{"class":"TSStatic","__parent":"driftTrack","position":[254.282578,-110.356934,142.702744],"decalType":"None","isRenderEnabled":false,"rotationMatrix":[0.939704239,-0.323785037,0.110087253,0.321917504,0.946126819,0.0348308943,-0.115434222,0.00270828232,0.993311405],"shapeName":"/levels/west_coast_usa/art/shapes/objects/screenfence2.dae","useInstanceRenderData":true}
{"class":"TSStatic","__parent":"driftTrack","position":[257.073669,-111.516441,143.03627],"decalType":"None","isRenderEnabled":false,"rotationMatrix":[0.894068003,-0.435429573,0.105088226,0.432801783,0.900218725,0.0478420854,-0.115434252,0.00270828418,0.993311405],"shapeName":"/levels/west_coast_usa/art/shapes/objects/screenfence2.dae","useInstanceRenderData":true}
{"class":"TSStatic","__parent":"driftTrack","position":[259.687256,-113.036049,143.324875],"decalType":"None","isRenderEnabled":false,"rotationMatrix":[0.821848571,-0.562772334,0.0886131823,0.559289396,0.82660991,0.0625414923,-0.108445153,-0.00183923356,0.994100749],"shapeName":"/levels/west_coast_usa/art/shapes/objects/screenfence2.dae","useInstanceRenderData":true}
{"class":"TSStatic","__parent":"driftTrack","position":[262.089966,-114.90049,143.554565],"decalType":"None","isRenderEnabled":false,"rotationMatrix":[0.749613404,-0.65807271,0.0708534494,0.654090643,0.752909958,0.0727468878,-0.101219006,-0.00818747655,0.994830489],"shapeName":"/levels/west_coast_usa/art/shapes/objects/screenfence2.dae","useInstanceRenderData":true}
{"class":"TSStatic","__parent":"driftTrack","position":[264.302002,-116.984596,143.758652],"decalType":"None","isRenderEnabled":false,"rotationMatrix":[0.69698447,-0.714658618,0.0589541271,0.710503697,0.699362636,0.0779509246,-0.0969386175,-0.0124434531,0.995212555],"shapeName":"/levels/west_coast_usa/art/shapes/objects/screenfence2.dae","useInstanceRenderData":true}
{"class":"TSStatic","__parent":"driftTrack","position":[266.298218,-119.274101,143.920319],"decalType":"None","isRenderEnabled":false,"rotationMatrix":[0.616770983,-0.785536766,0.0502547175,0.781150699,0.618689895,0.0838236064,-0.0969386101,-0.0124434568,0.995212555],"shapeName":"/levels/west_coast_usa/art/shapes/objects/screenfence2.dae","useInstanceRenderData":true}
{"class":"TSStatic","__parent":"driftTrack","position":[268.039276,-121.77198,144.060349],"decalType":"None","isRenderEnabled":false,"rotationMatrix":[0.523445606,-0.851037443,0.0417116024,0.846446335,0.524983704,0.0889977813,-0.0976383686,-0.0112788528,0.995158017],"shapeName":"/levels/west_coast_usa/art/shapes/objects/screenfence2.dae","useInstanceRenderData":true}
{"class":"TSStatic","__parent":"driftTrack","position":[269.484772,-124.437218,144.175476],"decalType":"None","isRenderEnabled":false,"rotationMatrix":[0.415346622,-0.908805251,0.03949745,0.903995991,0.41720891,0.093422696,-0.101381734,-0.00309726223,0.994842768],"shapeName":"/levels/west_coast_usa/art/shapes/objects/screenfence2.dae","useInstanceRenderData":true}
{"class":"TSStatic","__parent":"driftTrack","position":[270.608734,-127.280258,144.291733],"decalType":"None","isRenderEnabled":false,"rotationMatrix":[0.312582016,-0.949157298,0.0373249203,0.944162905,0.314765871,0.0973609984,-0.104159504,0.00480747968,0.994548976],"shapeName":"/levels/west_coast_usa/art/shapes/objects/screenfence2.dae","useInstanceRenderData":true}
{"class":"TSStatic","__parent":"driftTrack","position":[242.361481,-108.372635,141.425415],"decalType":"None","isRenderEnabled":false,"rotationMatrix":[0.995776117,-0.0400522649,0.0826182142,0.0399189219,0.999197602,0.00326580438,-0.0826827213,4.60203737e-05,0.996575892],"shapeName":"/levels/west_coast_usa/art/shapes/objects/screenfence2.dae","useInstanceRenderData":true}
{"class":"TSStatic","__parent":"driftTrack","position":[239.289993,-108.297058,141.184113],"decalType":"None","isRenderEnabled":false,"rotationMatrix":[0.996590793,-0.0224464852,0.0793911442,0.0223688092,0.999748051,0.00186772831,-0.0794130638,-8.54758546e-05,0.996841788],"shapeName":"/levels/west_coast_usa/art/shapes/objects/screenfence2.dae","useInstanceRenderData":true}
{"class":"TSStatic","__parent":"driftTrack","position":[236.231812,-108.230057,140.944351],"decalType":"None","isRenderEnabled":false,"rotationMatrix":[0.997508287,-0.00898323674,0.0699753985,0.00894188974,0.999959588,0.000904095243,-0.0699806884,-0.000276130158,0.997548282],"shapeName":"/levels/west_coast_usa/art/shapes/objects/screenfence2.dae","useInstanceRenderData":true}
{"class":"TSStatic","__parent":"driftTrack","position":[271.392059,-130.23056,144.381729],"decalType":"None","isRenderEnabled":false,"rotationMatrix":[0.206739783,-0.977839828,0.0329833105,0.972678542,0.209053993,0.100959793,-0.105617799,0.0112097599,0.994343638],"shapeName":"/levels/west_coast_usa/art/shapes/objects/screenfence2.dae","useInstanceRenderData":true}
