{"name":"dockBulb_33","class":"PointLight","__parent":"dockSpotLights_5","position":[648.92865,1681.3783,104.825081],"brightness":20,"hidden":true,"radius":0.5,"rotationMatrix":[0.999974072,-0.00718795089,-2.32830616e-10,-0.00696086278,-0.968382001,-0.249374017,0.00179248815,0.24936758,-0.968407035],"shadowDarkenColor":[0,0,0,0]}
{"name":"dockBulb_34","class":"PointLight","__parent":"dockSpotLights_5","position":[648.968811,1683.28467,104.825081],"brightness":20,"hidden":true,"radius":0.5,"rotationMatrix":[0.999974072,-0.00718795089,-2.32830616e-10,-0.00696086278,-0.968382001,-0.249374017,0.00179248815,0.24936758,-0.968407035],"shadowDarkenColor":[0,0,0,0]}
{"name":"dockBulb_35","class":"PointLight","__parent":"dockSpotLights_5","position":[649.309021,1682.28821,104.825081],"brightness":20,"hidden":true,"radius":0.5,"rotationMatrix":[0.999974072,-0.00718795089,-2.32830616e-10,-0.00696086278,-0.968382001,-0.249374017,0.00179248815,0.24936758,-0.968407035],"shadowDarkenColor":[0,0,0,0]}
{"name":"dockBulb_36","class":"PointLight","__parent":"dockSpotLights_5","position":[648.059937,1681.01416,104.825081],"brightness":20,"hidden":true,"radius":0.5,"rotationMatrix":[0.999974072,-0.00718795089,-2.32830616e-10,-0.00696086278,-0.968382001,-0.249374017,0.00179248815,0.24936758,-0.968407035],"shadowDarkenColor":[0,0,0,0]}
{"name":"dockBulb_37","class":"PointLight","__parent":"dockSpotLights_5","position":[647.217773,1681.44739,104.825081],"brightness":20,"hidden":true,"radius":0.5,"rotationMatrix":[0.999974072,-0.00718795089,-2.32830616e-10,-0.00696086278,-0.968382001,-0.249374017,0.00179248815,0.24936758,-0.968407035],"shadowDarkenColor":[0,0,0,0]}
{"name":"dockBulb_38","class":"PointLight","__parent":"dockSpotLights_5","position":[646.676636,1682.28271,104.825081],"brightness":20,"hidden":true,"radius":0.5,"rotationMatrix":[0.999974072,-0.00718795089,-2.32830616e-10,-0.00696086278,-0.968382001,-0.249374017,0.00179248815,0.24936758,-0.968407035],"shadowDarkenColor":[0,0,0,0]}
{"name":"dockBulb_39","class":"PointLight","__parent":"dockSpotLights_5","position":[647.088318,1683.21704,104.825081],"brightness":20,"hidden":true,"radius":0.5,"rotationMatrix":[0.999974072,-0.00718795089,-2.32830616e-10,-0.00696086278,-0.968382001,-0.249374017,0.00179248815,0.24936758,-0.968407035],"shadowDarkenColor":[0,0,0,0]}
{"name":"dockBulb_40","class":"PointLight","__parent":"dockSpotLights_5","position":[648.013611,1683.64099,104.825081],"brightness":20,"hidden":true,"radius":0.5,"rotationMatrix":[0.999974072,-0.00718795089,-2.32830616e-10,-0.00696086278,-0.968382001,-0.249374017,0.00179248815,0.24936758,-0.968407035],"shadowDarkenColor":[0,0,0,0]}
