{"name":"dockBulb_33","class":"PointLight","__parent":"dockSpotLights_5","position":[648.92865,1681.3783,104.825081],"brightness":20,"isEnabled":false,"radius":0.5,"rotationMatrix":[0.999974072,-0.00718795089,-2.32830616e-10,-0.00696086278,-0.968382001,-0.249374017,0.00179248815,0.24936758,-0.968407035],"shadowDarkenColor":[0,0,0,0]}
{"name":"dockBulb_34","class":"PointLight","__parent":"dockSpotLights_5","position":[648.968811,1683.28467,104.825081],"brightness":20,"isEnabled":false,"radius":0.5,"rotationMatrix":[0.999974072,-0.00718795089,-2.32830616e-10,-0.00696086278,-0.968382001,-0.249374017,0.00179248815,0.24936758,-0.968407035],"shadowDarkenColor":[0,0,0,0]}
{"name":"dockBulb_35","class":"PointLight","__parent":"dockSpotLights_5","position":[649.309021,1682.28821,104.825081],"brightness":20,"isEnabled":false,"radius":0.5,"rotationMatrix":[0.999974072,-0.00718795089,-2.32830616e-10,-0.00696086278,-0.968382001,-0.249374017,0.00179248815,0.24936758,-0.968407035],"shadowDarkenColor":[0,0,0,0]}
{"name":"dockBulb_36","class":"PointLight","__parent":"dockSpotLights_5","position":[648.059937,1681.01416,104.825081],"brightness":20,"isEnabled":false,"radius":0.5,"rotationMatrix":[0.999974072,-0.00718795089,-2.32830616e-10,-0.00696086278,-0.968382001,-0.249374017,0.00179248815,0.24936758,-0.968407035],"shadowDarkenColor":[0,0,0,0]}
{"name":"dockBulb_37","class":"PointLight","__parent":"dockSpotLights_5","position":[647.217773,1681.44739,104.825081],"brightness":20,"isEnabled":false,"radius":0.5,"rotationMatrix":[0.999974072,-0.00718795089,-2.32830616e-10,-0.00696086278,-0.968382001,-0.249374017,0.00179248815,0.24936758,-0.968407035],"shadowDarkenColor":[0,0,0,0]}
{"name":"dockBulb_38","class":"PointLight","__parent":"dockSpotLights_5","position":[646.676636,1682.28271,104.825081],"brightness":20,"isEnabled":false,"radius":0.5,"rotationMatrix":[0.999974072,-0.00718795089,-2.32830616e-10,-0.00696086278,-0.968382001,-0.249374017,0.00179248815,0.24936758,-0.968407035],"shadowDarkenColor":[0,0,0,0]}
{"name":"dockBulb_39","class":"PointLight","__parent":"dockSpotLights_5","position":[647.088318,1683.21704,104.825081],"brightness":20,"isEnabled":false,"radius":0.5,"rotationMatrix":[0.999974072,-0.00718795089,-2.32830616e-10,-0.00696086278,-0.968382001,-0.249374017,0.00179248815,0.24936758,-0.968407035],"shadowDarkenColor":[0,0,0,0]}
{"name":"dockLight_33","class":"SpotLight","__parent":"dockSpotLights_5","position":[648.850586,1683.12622,105.100296],"innerAngle":0,"isEnabled":false,"outerAngle":35,"range":50,"rotationMatrix":[0.596942544,-0.802284062,1.49011612e-07,0.213570654,0.15890789,-0.963916957,0.773335099,0.575403035,0.266203165],"shadowDarkenColor":[0,0,0,0]}
{"name":"dockLight_34","class":"SpotLight","__parent":"dockSpotLights_5","position":[647.198975,1681.46997,105.100296],"innerAngle":0,"isEnabled":false,"outerAngle":35,"range":50,"rotationMatrix":[-0.621867895,0.783122301,0,-0.208469301,-0.165543079,-0.963917136,-0.754864991,-0.599429011,0.266202688],"shadowDarkenColor":[0,0,0,0]}
{"name":"dockLight_35","class":"SpotLight","__parent":"dockSpotLights_5","position":[648.909424,1681.49194,105.100296],"innerAngle":0,"isEnabled":false,"outerAngle":35,"range":50,"rotationMatrix":[-0.189777374,-0.966059208,0.175255567,0.16663149,-0.207600832,-0.963917077,0.967584014,-0.153726399,0.20037365],"shadowDarkenColor":[0,0,0,0]}
{"name":"dockLight_36","class":"SpotLight","__parent":"dockSpotLights_5","position":[648.023254,1681.27087,105.100296],"innerAngle":0,"isEnabled":false,"outerAngle":35,"range":50,"rotationMatrix":[-0.999106169,0.0422672108,-1.86264515e-09,-0.0112516442,-0.265964627,-0.963917017,-0.0407420844,-0.963055611,0.266202748],"shadowDarkenColor":[0,0,0,0]}
{"name":"dockLight_37","class":"SpotLight","__parent":"dockSpotLights_5","position":[649.197449,1682.3208,105.100296],"innerAngle":0,"isEnabled":false,"outerAngle":35,"range":50,"rotationMatrix":[-0.0589222908,-0.998262644,2.38418579e-07,0.265740424,-0.0156855583,-0.963917017,0.962242305,-0.0567961633,0.266202927],"shadowDarkenColor":[0,0,0,0]}
{"name":"dockLight_38","class":"SpotLight","__parent":"dockSpotLights_5","position":[647.16449,1683.13281,105.100296],"innerAngle":0,"isEnabled":false,"outerAngle":35,"range":50,"rotationMatrix":[0.155766487,0.97212249,0.175255358,-0.17381233,0.201626718,-0.963916898,-0.972381532,0.119684249,0.20037365],"shadowDarkenColor":[0,0,0,0]}
{"name":"dockLight_39","class":"SpotLight","__parent":"dockSpotLights_5","position":[646.905701,1682.29431,105.100296],"innerAngle":0,"isEnabled":false,"outerAngle":35,"range":50,"rotationMatrix":[0.0238621235,0.99971509,0,-0.266126782,0.00635230541,-0.963916898,-0.963642418,0.0230009258,0.266202807],"shadowDarkenColor":[0,0,0,0]}
{"name":"dockLight_40","class":"SpotLight","__parent":"dockSpotLights_5","position":[648.042358,1683.38477,105.100296],"innerAngle":0,"isEnabled":false,"outerAngle":35,"range":50,"rotationMatrix":[0.999974191,-0.00718795229,-6.98491931e-10,0.00191345252,0.266195893,-0.963917136,0.00692859013,0.963892221,0.266202748],"shadowDarkenColor":[0,0,0,0]}
{"name":"dockBulb_40","class":"PointLight","__parent":"dockSpotLights_5","position":[648.013611,1683.64099,104.825081],"brightness":20,"isEnabled":false,"radius":0.5,"rotationMatrix":[0.999974072,-0.00718795089,-2.32830616e-10,-0.00696086278,-0.968382001,-0.249374017,0.00179248815,0.24936758,-0.968407035],"shadowDarkenColor":[0,0,0,0]}
