//--- OBJECT WRITE BEGIN ---
$ThisPrefab = new SimGroup() {
   canSave = "1";
   canSaveDynamicFields = "1";
      groupPosition = "0 0 0";

   new TSStatic() {
      shapeName = "/art/shapes/race/s_concrete_race_barrier.dae";
      dynamic = "0";
      playAmbient = "1";
      meshCulling = "0";
      originSort = "0";
      useInstanceRenderData = "0";
      instanceColor = "White";
      instanceColor1 = "White";
      instanceColor2 = "White";
      collisionType = "Collision Mesh";
      decalType = "Collision Mesh";
      prebuildCollisionData = "0";
      renderNormals = "0";
      forceDetail = "-1";
      position = "-396.722931 -629.445435 130.252991";
      scale = "1 1 1";
      rotationMatrix = "-0.913972497 0.405773342 -0.00157160778 -0.405758321 -0.913888335 0.0129811466 0.00383113138 0.0125021022 0.999914587";
      isRenderEnabled = "false";
      canSave = "1";
      canSaveDynamicFields = "1";
      persistentId = "16a26542-c836-4a63-a0a5-a5a47fad9556";
         mode = "Ignore";
   };
   new TSStatic() {
      shapeName = "/art/shapes/race/s_concrete_race_barrier.dae";
      dynamic = "0";
      playAmbient = "1";
      meshCulling = "0";
      originSort = "0";
      useInstanceRenderData = "0";
      instanceColor = "White";
      instanceColor1 = "White";
      instanceColor2 = "White";
      collisionType = "Collision Mesh";
      decalType = "Collision Mesh";
      prebuildCollisionData = "0";
      renderNormals = "0";
      forceDetail = "-1";
      position = "-400.22641 -628.703552 130.182953";
      scale = "1 1 1";
      rotationMatrix = "-0.999702573 0.000678045792 -0.0243988968 -0.00106975005 -0.999871433 0.0160447024 -0.0243848525 0.0160660204 0.999574006";
      isRenderEnabled = "false";
      canSave = "1";
      canSaveDynamicFields = "1";
      persistentId = "22dc76b3-957f-4535-b7be-bfd9d80d7295";
         mode = "Ignore";
   };
   new TSStatic() {
      shapeName = "/art/shapes/race/s_concrete_race_barrier.dae";
      dynamic = "0";
      playAmbient = "1";
      meshCulling = "0";
      originSort = "0";
      useInstanceRenderData = "0";
      instanceColor = "White";
      instanceColor1 = "White";
      instanceColor2 = "White";
      collisionType = "Collision Mesh";
      decalType = "Collision Mesh";
      prebuildCollisionData = "0";
      renderNormals = "0";
      forceDetail = "-1";
      position = "-403.782288 -629.569397 130.094482";
      scale = "1 1 1";
      rotationMatrix = "-0.889245152 -0.457195431 -0.0146773728 0.457043856 -0.889354825 0.0126006883 -0.01881437 0.00449689664 0.999812841";
      isRenderEnabled = "false";
      canSave = "1";
      canSaveDynamicFields = "1";
      persistentId = "05f600b7-06a4-4033-86bc-ff3bc905a94b";
         mode = "Ignore";
   };
   new TSStatic() {
      shapeName = "/art/shapes/race/s_concrete_race_barrier.dae";
      dynamic = "0";
      playAmbient = "1";
      meshCulling = "0";
      originSort = "0";
      useInstanceRenderData = "0";
      instanceColor = "White";
      instanceColor1 = "White";
      instanceColor2 = "White";
      collisionType = "Collision Mesh";
      decalType = "Collision Mesh";
      prebuildCollisionData = "0";
      renderNormals = "0";
      forceDetail = "-1";
      position = "-406.614929 -631.906738 130.003464";
      scale = "1 1 1";
      rotationMatrix = "0.613783777 0.788505077 0.0391060226 -0.789474249 0.613030314 0.0304033291 -1.78967952e-13 -0.0495342687 0.998772383";
      isRenderEnabled = "false";
      canSave = "1";
      canSaveDynamicFields = "1";
      persistentId = "6e2cb475-f4b7-459e-a798-fba730fa4a7b";
         mode = "Ignore";
   };
   new TSStatic() {
      shapeName = "/art/shapes/race/s_concrete_race_barrier.dae";
      dynamic = "0";
      playAmbient = "1";
      meshCulling = "0";
      originSort = "0";
      useInstanceRenderData = "0";
      instanceColor = "White";
      instanceColor1 = "White";
      instanceColor2 = "White";
      collisionType = "Collision Mesh";
      decalType = "Collision Mesh";
      prebuildCollisionData = "0";
      renderNormals = "0";
      forceDetail = "-1";
      position = "-304.139526 -791.689636 137.123871";
      scale = "1 1 1";
      rotationMatrix = "0.671616912 0.740702748 0.0170344319 -0.740784168 0.671739757 -0.00213163812 -0.0130216153 -0.0111871939 0.999852657";
      isRenderEnabled = "false";
      canSave = "1";
      canSaveDynamicFields = "1";
      persistentId = "075d0ce0-c560-47a6-8ee0-5b2339aa8998";
         mode = "Ignore";
   };
   new TSStatic() {
      shapeName = "/art/shapes/race/s_concrete_race_barrier.dae";
      dynamic = "0";
      playAmbient = "1";
      meshCulling = "0";
      originSort = "0";
      useInstanceRenderData = "0";
      instanceColor = "White";
      instanceColor1 = "White";
      instanceColor2 = "White";
      collisionType = "Collision Mesh";
      decalType = "Collision Mesh";
      prebuildCollisionData = "0";
      renderNormals = "0";
      forceDetail = "-1";
      position = "-306.699371 -794.550781 137.0513";
      scale = "1 1 1";
      rotationMatrix = "0.671367884 0.740837932 0.0205990262 -0.741009831 0.671493292 0.00109362276 -0.0130219096 -0.0159983039 0.999787211";
      isRenderEnabled = "false";
      canSave = "1";
      canSaveDynamicFields = "1";
      persistentId = "dac12dcb-93d7-4a20-8550-8bd4725391ff";
         mode = "Ignore";
   };
   new TSStatic() {
      shapeName = "/art/shapes/race/s_concrete_race_barrier.dae";
      dynamic = "0";
      playAmbient = "1";
      meshCulling = "0";
      originSort = "0";
      useInstanceRenderData = "0";
      instanceColor = "White";
      instanceColor1 = "White";
      instanceColor2 = "White";
      collisionType = "Collision Mesh";
      decalType = "Collision Mesh";
      prebuildCollisionData = "0";
      renderNormals = "0";
      forceDetail = "-1";
      position = "-120.785812 -924.122253 131.848846";
      scale = "1 1 1";
      rotationMatrix = "0.911597908 0.410585374 -0.0202205423 -0.411073774 0.910803676 -0.0381451137 0.0027551204 0.0430851392 0.999067605";
      isRenderEnabled = "false";
      canSave = "1";
      canSaveDynamicFields = "1";
      persistentId = "cd466585-eeba-422e-9b92-b1834db846d2";
         mode = "Ignore";
   };
   new TSStatic() {
      shapeName = "/art/shapes/race/s_concrete_race_barrier.dae";
      dynamic = "0";
      playAmbient = "1";
      meshCulling = "0";
      originSort = "0";
      useInstanceRenderData = "0";
      instanceColor = "White";
      instanceColor1 = "White";
      instanceColor2 = "White";
      collisionType = "Collision Mesh";
      decalType = "Collision Mesh";
      prebuildCollisionData = "0";
      renderNormals = "0";
      forceDetail = "-1";
      position = "-352.705933 -815.534302 137.587357";
      scale = "1 1 1";
      rotationMatrix = "-0.371854305 -0.928169966 -0.0149975661 0.92813623 -0.372038841 0.0122573022 -0.0169565361 -0.00936185569 0.999812424";
      isRenderEnabled = "false";
      canSave = "1";
      canSaveDynamicFields = "1";
      persistentId = "f5267c8f-db90-4381-aea7-af431dd86712";
         mode = "Ignore";
   };
   new TSStatic() {
      shapeName = "/art/shapes/race/s_concrete_race_barrier.dae";
      dynamic = "0";
      playAmbient = "1";
      meshCulling = "0";
      originSort = "0";
      useInstanceRenderData = "0";
      instanceColor = "White";
      instanceColor1 = "White";
      instanceColor2 = "White";
      collisionType = "Collision Mesh";
      decalType = "Collision Mesh";
      prebuildCollisionData = "0";
      renderNormals = "0";
      forceDetail = "-1";
      position = "-352.826233 -849.461121 135.950134";
      scale = "1 1 1";
      rotationMatrix = "-0.312086105 0.949293315 0.0380037576 -0.94993645 -0.311169505 -0.0281782113 -0.01492377 -0.0448951907 0.998880208";
      isRenderEnabled = "false";
      canSave = "1";
      canSaveDynamicFields = "1";
      persistentId = "e4d789ff-71ad-40b2-9189-61d1e94615e0";
         mode = "Ignore";
   };
   new TSStatic() {
      shapeName = "/art/shapes/race/s_concrete_race_barrier.dae";
      dynamic = "0";
      playAmbient = "1";
      meshCulling = "0";
      originSort = "0";
      useInstanceRenderData = "0";
      instanceColor = "White";
      instanceColor1 = "White";
      instanceColor2 = "White";
      collisionType = "Collision Mesh";
      decalType = "Collision Mesh";
      prebuildCollisionData = "0";
      renderNormals = "0";
      forceDetail = "-1";
      position = "-354.548767 -844.455261 136.209213";
      scale = "1 1 1";
      rotationMatrix = "-0.312091589 0.94927752 0.0383529402 -0.949936509 -0.311169744 -0.0281782225 -0.0148146758 -0.0452270433 0.998866856";
      isRenderEnabled = "false";
      canSave = "1";
      canSaveDynamicFields = "1";
      persistentId = "d599d7a9-9d34-4260-acd1-85a7c05e8756";
         mode = "Ignore";
   };
   new TSStatic() {
      shapeName = "/art/shapes/race/s_concrete_race_barrier.dae";
      dynamic = "0";
      playAmbient = "1";
      meshCulling = "0";
      originSort = "0";
      useInstanceRenderData = "0";
      instanceColor = "White";
      instanceColor1 = "White";
      instanceColor2 = "White";
      collisionType = "Collision Mesh";
      decalType = "Collision Mesh";
      prebuildCollisionData = "0";
      renderNormals = "0";
      forceDetail = "-1";
      position = "-355.672791 -841.102478 136.380737";
      scale = "1 1 1";
      rotationMatrix = "-0.312214732 0.948819697 0.0475749709 -0.949936926 -0.311169505 -0.0281782225 -0.0119321644 -0.0539908744 0.998470187";
      isRenderEnabled = "false";
      canSave = "1";
      canSaveDynamicFields = "1";
      persistentId = "af2ac968-5322-4620-b81d-42ef671a3a2b";
         mode = "Ignore";
   };
   new TSStatic() {
      shapeName = "/art/shapes/race/s_concrete_race_barrier.dae";
      dynamic = "0";
      playAmbient = "1";
      meshCulling = "0";
      originSort = "0";
      useInstanceRenderData = "0";
      instanceColor = "White";
      instanceColor1 = "White";
      instanceColor2 = "White";
      collisionType = "Collision Mesh";
      decalType = "Collision Mesh";
      prebuildCollisionData = "0";
      renderNormals = "0";
      forceDetail = "-1";
      position = "-355.57309 -822.416748 137.410965";
      scale = "1 1 1";
      rotationMatrix = "0.372500062 0.927231967 0.0385328382 -0.927636087 0.370806813 0.044652503 0.0271149799 -0.0523775108 0.998259187";
      isRenderEnabled = "false";
      canSave = "1";
      canSaveDynamicFields = "1";
      persistentId = "7343046c-a326-44bb-b721-743a1a0ef463";
         mode = "Ignore";
   };
   new TSStatic() {
      shapeName = "/art/shapes/race/s_concrete_race_barrier.dae";
      dynamic = "0";
      playAmbient = "1";
      meshCulling = "0";
      originSort = "0";
      useInstanceRenderData = "0";
      instanceColor = "White";
      instanceColor1 = "White";
      instanceColor2 = "White";
      collisionType = "Collision Mesh";
      decalType = "Collision Mesh";
      prebuildCollisionData = "0";
      renderNormals = "0";
      forceDetail = "-1";
      position = "-356.866669 -837.532043 136.575546";
      scale = "1 1 1";
      rotationMatrix = "-0.312060118 0.948193848 0.059558101 -0.949936688 -0.310384989 -0.0357999392 -0.0154593438 -0.0677481443 0.997582674";
      isRenderEnabled = "false";
      canSave = "1";
      canSaveDynamicFields = "1";
      persistentId = "eb587bd3-fbaf-4e33-98d3-e5922f252e3b";
         mode = "Ignore";
   };
   new TSStatic() {
      shapeName = "/art/shapes/race/s_concrete_race_barrier.dae";
      dynamic = "0";
      playAmbient = "1";
      meshCulling = "0";
      originSort = "0";
      useInstanceRenderData = "0";
      instanceColor = "White";
      instanceColor1 = "White";
      instanceColor2 = "White";
      collisionType = "Collision Mesh";
      decalType = "Collision Mesh";
      prebuildCollisionData = "0";
      renderNormals = "0";
      forceDetail = "-1";
      position = "-357.710449 -833.926514 136.773987";
      scale = "1 1 1";
      rotationMatrix = "-0.0812507868 0.995211482 0.0543353669 -0.995549202 -0.0784250498 -0.052260153 -0.0477486439 -0.058339715 0.997154236";
      isRenderEnabled = "false";
      canSave = "1";
      canSaveDynamicFields = "1";
      persistentId = "0d5c3173-4d78-489b-8aca-ebbcf4d31d6b";
         mode = "Ignore";
   };
   new TSStatic() {
      shapeName = "/art/shapes/race/s_concrete_race_barrier.dae";
      dynamic = "0";
      playAmbient = "1";
      meshCulling = "0";
      originSort = "0";
      useInstanceRenderData = "0";
      instanceColor = "White";
      instanceColor1 = "White";
      instanceColor2 = "White";
      collisionType = "Collision Mesh";
      decalType = "Collision Mesh";
      prebuildCollisionData = "0";
      renderNormals = "0";
      forceDetail = "-1";
      position = "-357.787842 -830.037659 137.02713";
      scale = "1 1 1";
      rotationMatrix = "0.0855325386 0.994433701 0.061536409 -0.996050656 0.0868222341 -0.0185935721 -0.0238327924 -0.0597030111 0.997931838";
      isRenderEnabled = "false";
      canSave = "1";
      canSaveDynamicFields = "1";
      persistentId = "d1703e16-0d23-4b6f-acbe-4796ddec0d5a";
         mode = "Ignore";
   };
   new TSStatic() {
      shapeName = "/art/shapes/race/s_concrete_race_barrier.dae";
      dynamic = "0";
      playAmbient = "1";
      meshCulling = "0";
      originSort = "0";
      useInstanceRenderData = "0";
      instanceColor = "White";
      instanceColor1 = "White";
      instanceColor2 = "White";
      collisionType = "Collision Mesh";
      decalType = "Collision Mesh";
      prebuildCollisionData = "0";
      renderNormals = "0";
      forceDetail = "-1";
      position = "-357.118805 -826.171143 137.295792";
      scale = "1 1 1";
      rotationMatrix = "0.375241756 0.925580621 0.049938038 -0.926287889 0.37243861 0.057270091 0.0344092548 -0.067747131 0.997108996";
      isRenderEnabled = "false";
      canSave = "1";
      canSaveDynamicFields = "1";
      persistentId = "4e5f44f2-d520-425b-9fb1-c4f249550a7f";
         mode = "Ignore";
   };
   new TSStatic() {
      shapeName = "/art/shapes/race/s_concrete_race_barrier.dae";
      dynamic = "0";
      playAmbient = "1";
      meshCulling = "0";
      originSort = "0";
      useInstanceRenderData = "0";
      instanceColor = "White";
      instanceColor1 = "White";
      instanceColor2 = "White";
      collisionType = "Collision Mesh";
      decalType = "Collision Mesh";
      prebuildCollisionData = "0";
      renderNormals = "0";
      forceDetail = "-1";
      position = "-101.761024 -974.636963 132.270264";
      scale = "1 1 1";
      rotationMatrix = "-0.999578595 -0.0285549518 0.00515976548 0.0283536147 -0.998963594 -0.0355999656 0.00617097411 -0.0354386754 0.999352813";
      isRenderEnabled = "false";
      canSave = "1";
      canSaveDynamicFields = "1";
      persistentId = "c7c065f3-933d-4d08-9264-0398d2b233a8";
         mode = "Ignore";
   };
   new TSStatic() {
      shapeName = "/art/shapes/race/s_concrete_race_barrier.dae";
      dynamic = "0";
      playAmbient = "1";
      meshCulling = "0";
      originSort = "0";
      useInstanceRenderData = "0";
      instanceColor = "White";
      instanceColor1 = "White";
      instanceColor2 = "White";
      collisionType = "Collision Mesh";
      decalType = "Collision Mesh";
      prebuildCollisionData = "0";
      renderNormals = "0";
      forceDetail = "-1";
      position = "-97.9533691 -973.807312 132.268188";
      scale = "1 1 1";
      rotationMatrix = "-0.948475838 -0.316830695 0.00339502865 0.316677272 -0.948260427 -0.0227472931 0.0104264133 -0.0205001347 0.999735475";
      isRenderEnabled = "false";
      canSave = "1";
      canSaveDynamicFields = "1";
      persistentId = "5fba6671-78f5-4884-9789-0aa9565544bd";
         mode = "Ignore";
   };
   new TSStatic() {
      shapeName = "/art/shapes/race/s_concrete_race_barrier.dae";
      dynamic = "0";
      playAmbient = "1";
      meshCulling = "0";
      originSort = "0";
      useInstanceRenderData = "0";
      instanceColor = "White";
      instanceColor1 = "White";
      instanceColor2 = "White";
      collisionType = "Collision Mesh";
      decalType = "Collision Mesh";
      prebuildCollisionData = "0";
      renderNormals = "0";
      forceDetail = "-1";
      position = "-94.4082565 -972.19043 132.243027";
      scale = "1 1 1";
      rotationMatrix = "-0.882393599 -0.470482558 0.00523019955 0.46972701 -0.881509423 -0.0479304492 0.0271609128 -0.0398367643 0.998836994";
      isRenderEnabled = "false";
      canSave = "1";
      canSaveDynamicFields = "1";
      persistentId = "e2a9baee-092a-4865-bfed-432b5356ff3d";
         mode = "Ignore";
   };
   new TSStatic() {
      shapeName = "/art/shapes/race/s_concrete_race_barrier.dae";
      dynamic = "0";
      playAmbient = "1";
      meshCulling = "0";
      originSort = "0";
      useInstanceRenderData = "0";
      instanceColor = "White";
      instanceColor1 = "White";
      instanceColor2 = "White";
      collisionType = "Collision Mesh";
      decalType = "Collision Mesh";
      prebuildCollisionData = "0";
      renderNormals = "0";
      forceDetail = "-1";
      position = "-91.4183502 -969.975037 132.223846";
      scale = "1 1 1";
      rotationMatrix = "-0.747652173 -0.663832247 0.0185068939 0.663823187 -0.747851491 -0.00751546584 0.0188294221 0.00666635204 0.999800503";
      isRenderEnabled = "false";
      canSave = "1";
      canSaveDynamicFields = "1";
      persistentId = "748980a6-0c33-48c1-8dee-fe0c24dbc6a3";
         mode = "Ignore";
   };
   new TSStatic() {
      shapeName = "/art/shapes/race/s_concrete_race_barrier.dae";
      dynamic = "0";
      playAmbient = "1";
      meshCulling = "0";
      originSort = "0";
      useInstanceRenderData = "0";
      instanceColor = "White";
      instanceColor1 = "White";
      instanceColor2 = "White";
      collisionType = "Collision Mesh";
      decalType = "Collision Mesh";
      prebuildCollisionData = "0";
      renderNormals = "0";
      forceDetail = "-1";
      position = "-88.5839081 -966.592468 132.120453";
      scale = "1 1 1";
      rotationMatrix = "-0.533808708 -0.845358074 0.0204442367 0.844573557 -0.534195542 -0.0364779718 0.0417581685 -0.0022055991 0.999125302";
      isRenderEnabled = "false";
      canSave = "1";
      canSaveDynamicFields = "1";
      persistentId = "d980c71b-d9ba-4933-bdc3-2add2155da09";
         mode = "Ignore";
   };
   new TSStatic() {
      shapeName = "/art/shapes/race/s_concrete_race_barrier.dae";
      dynamic = "0";
      playAmbient = "1";
      meshCulling = "0";
      originSort = "0";
      useInstanceRenderData = "0";
      instanceColor = "White";
      instanceColor1 = "White";
      instanceColor2 = "White";
      collisionType = "Collision Mesh";
      decalType = "Collision Mesh";
      prebuildCollisionData = "0";
      renderNormals = "0";
      forceDetail = "-1";
      position = "-78.7400436 -947.865967 132.104843";
      scale = "1 1 1";
      rotationMatrix = "0.716292024 0.697798312 0.00179397315 -0.695768237 0.714007378 0.0781020448 0.0532185659 -0.0571920574 0.996943772";
      isRenderEnabled = "false";
      canSave = "1";
      canSaveDynamicFields = "1";
      persistentId = "46598566-ce2d-4d37-af13-d37302bf7385";
         mode = "Ignore";
   };
   new TSStatic() {
      shapeName = "/art/shapes/race/s_concrete_race_barrier.dae";
      dynamic = "0";
      playAmbient = "1";
      meshCulling = "0";
      originSort = "0";
      useInstanceRenderData = "0";
      instanceColor = "White";
      instanceColor1 = "White";
      instanceColor2 = "White";
      collisionType = "Collision Mesh";
      decalType = "Collision Mesh";
      prebuildCollisionData = "0";
      renderNormals = "0";
      forceDetail = "-1";
      position = "-81.4737396 -950.565308 132.114838";
      scale = "1 1 1";
      rotationMatrix = "0.716292024 0.697798312 0.00179397315 -0.695768237 0.714007378 0.0781020448 0.0532185659 -0.0571920574 0.996943772";
      isRenderEnabled = "false";
      canSave = "1";
      canSaveDynamicFields = "1";
      persistentId = "ab176611-30dd-44a8-b1ee-65b4f2090947";
         mode = "Ignore";
   };
   new TSStatic() {
      shapeName = "/art/shapes/race/s_concrete_race_barrier.dae";
      dynamic = "0";
      playAmbient = "1";
      meshCulling = "0";
      originSort = "0";
      useInstanceRenderData = "0";
      instanceColor = "White";
      instanceColor1 = "White";
      instanceColor2 = "White";
      collisionType = "Collision Mesh";
      decalType = "Collision Mesh";
      prebuildCollisionData = "0";
      renderNormals = "0";
      forceDetail = "-1";
      position = "24.4385147 -803.667542 132.392197";
      scale = "1 1 1";
      rotationMatrix = "0.505515575 0.862709165 0.01367201 -0.861703753 0.503994823 0.0587858409 0.0438244641 -0.0414983779 0.998176992";
      isRenderEnabled = "false";
      canSave = "1";
      canSaveDynamicFields = "1";
      persistentId = "6e7acdef-0bba-4c78-8824-0e9344388daa";
         mode = "Ignore";
   };
   new TSStatic() {
      shapeName = "/art/shapes/race/s_concrete_race_barrier.dae";
      dynamic = "0";
      playAmbient = "1";
      meshCulling = "0";
      originSort = "0";
      useInstanceRenderData = "0";
      instanceColor = "White";
      instanceColor1 = "White";
      instanceColor2 = "White";
      collisionType = "Collision Mesh";
      decalType = "Collision Mesh";
      prebuildCollisionData = "0";
      renderNormals = "0";
      forceDetail = "-1";
      position = "22.5189285 -806.995422 132.368088";
      scale = "1 1 1";
      rotationMatrix = "0.505515575 0.862709165 0.01367201 -0.861703753 0.503994823 0.0587858409 0.0438244641 -0.0414983779 0.998176992";
      isRenderEnabled = "false";
      canSave = "1";
      canSaveDynamicFields = "1";
      persistentId = "aacd4d2e-bbce-42fe-bdc7-12ce08648a89";
         mode = "Ignore";
   };
   new TSStatic() {
      shapeName = "/art/shapes/race/s_concrete_race_barrier.dae";
      dynamic = "0";
      playAmbient = "1";
      meshCulling = "0";
      originSort = "0";
      useInstanceRenderData = "0";
      instanceColor = "White";
      instanceColor1 = "White";
      instanceColor2 = "White";
      collisionType = "Collision Mesh";
      decalType = "Collision Mesh";
      prebuildCollisionData = "0";
      renderNormals = "0";
      forceDetail = "-1";
      position = "45.116745 -783.431946 132.745895";
      scale = "1 1 1";
      rotationMatrix = "0.753039479 0.657707214 0.0187808163 -0.656352162 0.748872101 0.0916102529 0.0461882986 -0.0813129693 0.995617807";
      isRenderEnabled = "false";
      canSave = "1";
      canSaveDynamicFields = "1";
      persistentId = "78a8a8a8-eeb9-40ab-ae9a-9a9e1a7b1ed3";
         mode = "Ignore";
   };
   new TSStatic() {
      shapeName = "/art/shapes/race/s_concrete_race_barrier.dae";
      dynamic = "0";
      playAmbient = "1";
      meshCulling = "0";
      originSort = "0";
      useInstanceRenderData = "0";
      instanceColor = "White";
      instanceColor1 = "White";
      instanceColor2 = "White";
      collisionType = "Collision Mesh";
      decalType = "Collision Mesh";
      prebuildCollisionData = "0";
      renderNormals = "0";
      forceDetail = "-1";
      position = "47.9943886 -780.887939 132.835541";
      scale = "1 1 1";
      rotationMatrix = "0.75314033 0.657524705 0.0209953208 -0.656352162 0.748872042 0.0916102603 0.0445132107 -0.0827757046 0.99557358";
      isRenderEnabled = "false";
      canSave = "1";
      canSaveDynamicFields = "1";
      persistentId = "d537f9e1-19c5-40ad-92ec-69f856397004";
         mode = "Ignore";
   };
   new TSStatic() {
      shapeName = "/art/shapes/race/s_concrete_race_barrier.dae";
      dynamic = "0";
      playAmbient = "1";
      meshCulling = "0";
      originSort = "0";
      useInstanceRenderData = "0";
      instanceColor = "White";
      instanceColor1 = "White";
      instanceColor2 = "White";
      collisionType = "Collision Mesh";
      decalType = "Collision Mesh";
      prebuildCollisionData = "0";
      renderNormals = "0";
      forceDetail = "-1";
      position = "54.6909904 -775.125305 133.072678";
      scale = "1 1 1";
      rotationMatrix = "0.753518641 0.656733871 0.0301704071 -0.656352162 0.748872042 0.0916102529 0.0375697799 -0.0888324529 0.995337784";
      isRenderEnabled = "false";
      canSave = "1";
      canSaveDynamicFields = "1";
      persistentId = "0620517b-662f-4907-8568-1d3944403390";
         mode = "Ignore";
   };
   new TSStatic() {
      shapeName = "/art/shapes/race/s_concrete_race_barrier.dae";
      dynamic = "0";
      playAmbient = "1";
      meshCulling = "0";
      originSort = "0";
      useInstanceRenderData = "0";
      instanceColor = "White";
      instanceColor1 = "White";
      instanceColor2 = "White";
      collisionType = "Collision Mesh";
      decalType = "Collision Mesh";
      prebuildCollisionData = "0";
      renderNormals = "0";
      forceDetail = "-1";
      position = "57.9155731 -772.310547 133.160629";
      scale = "1 1 1";
      rotationMatrix = "0.753156483 0.657495737 0.0213456731 -0.656352639 0.748871922 0.0916102827 0.0442482904 -0.0830071196 0.995566487";
      isRenderEnabled = "false";
      canSave = "1";
      canSaveDynamicFields = "1";
      persistentId = "3eaf4d06-8027-451e-ad5f-015b6c33bb2f";
         mode = "Ignore";
   };
   new TSStatic() {
      shapeName = "/art/shapes/race/s_concrete_race_barrier.dae";
      dynamic = "0";
      playAmbient = "1";
      meshCulling = "0";
      originSort = "0";
      useInstanceRenderData = "0";
      instanceColor = "White";
      instanceColor1 = "White";
      instanceColor2 = "White";
      collisionType = "Collision Mesh";
      decalType = "Collision Mesh";
      prebuildCollisionData = "0";
      renderNormals = "0";
      forceDetail = "-1";
      position = "-106.17157 -974.594604 132.322083";
      scale = "1 1 1";
      rotationMatrix = "0.998616993 -0.0520679466 -0.00728411134 0.0521492101 0.998573661 0.0114502758 0.00667752977 -0.0118143 0.999907911";
      isRenderEnabled = "false";
      canSave = "1";
      canSaveDynamicFields = "1";
      persistentId = "877f178c-3a97-4f23-a5b0-fa4fee4c4570";
         mode = "Ignore";
   };
   new TSStatic() {
      shapeName = "/art/shapes/race/s_concrete_race_barrier.dae";
      dynamic = "0";
      playAmbient = "1";
      meshCulling = "0";
      originSort = "0";
      useInstanceRenderData = "0";
      instanceColor = "White";
      instanceColor1 = "White";
      instanceColor2 = "White";
      collisionType = "Collision Mesh";
      decalType = "Collision Mesh";
      prebuildCollisionData = "0";
      renderNormals = "0";
      forceDetail = "-1";
      position = "61.0947037 -769.835876 133.210632";
      scale = "1 1 1";
      rotationMatrix = "-0.762514949 -0.64695394 0.00462506339 0.646027446 -0.761769891 -0.0485295132 0.0349195935 -0.0340165645 0.998811066";
      isRenderEnabled = "false";
      canSave = "1";
      canSaveDynamicFields = "1";
      persistentId = "cd25af71-ca0c-4307-a45f-97508428578f";
         mode = "Ignore";
   };
   new TSStatic() {
      shapeName = "/art/shapes/race/s_concrete_race_barrier.dae";
      dynamic = "0";
      playAmbient = "1";
      meshCulling = "0";
      originSort = "0";
      useInstanceRenderData = "0";
      instanceColor = "White";
      instanceColor1 = "White";
      instanceColor2 = "White";
      collisionType = "Collision Mesh";
      decalType = "Collision Mesh";
      prebuildCollisionData = "0";
      renderNormals = "0";
      forceDetail = "-1";
      position = "180.064041 -645.621765 137.131775";
      scale = "1 1 1";
      rotationMatrix = "0.99792105 0.0455925465 0.0455504395 -0.0449412018 0.998873651 -0.0152230794 -0.0461931936 0.0131443394 0.998846054";
      isRenderEnabled = "false";
      canSave = "1";
      canSaveDynamicFields = "1";
      persistentId = "dfe10291-cfbf-4afa-8af7-32d75f853739";
         mode = "Ignore";
   };
   new TSStatic() {
      shapeName = "/art/shapes/race/s_concrete_race_barrier.dae";
      dynamic = "0";
      playAmbient = "1";
      meshCulling = "0";
      originSort = "0";
      useInstanceRenderData = "0";
      instanceColor = "White";
      instanceColor1 = "White";
      instanceColor2 = "White";
      collisionType = "Collision Mesh";
      decalType = "Collision Mesh";
      prebuildCollisionData = "0";
      renderNormals = "0";
      forceDetail = "-1";
      position = "176.159851 -646.117554 136.943604";
      scale = "1 1 1";
      rotationMatrix = "0.974924445 0.21867834 0.0412570797 -0.218527243 0.975796461 -0.00819264166 -0.0420500673 -0.0010285906 0.99911499";
      isRenderEnabled = "false";
      canSave = "1";
      canSaveDynamicFields = "1";
      persistentId = "6dd15ef2-0189-4f08-a5f9-7540c6566608";
         mode = "Ignore";
   };
   new TSStatic() {
      shapeName = "/art/shapes/race/s_concrete_race_barrier.dae";
      dynamic = "0";
      playAmbient = "1";
      meshCulling = "0";
      originSort = "0";
      useInstanceRenderData = "0";
      instanceColor = "White";
      instanceColor1 = "White";
      instanceColor2 = "White";
      collisionType = "Collision Mesh";
      decalType = "Collision Mesh";
      prebuildCollisionData = "0";
      renderNormals = "0";
      forceDetail = "-1";
      position = "184.122009 -645.801697 137.265732";
      scale = "1 1 1";
      rotationMatrix = "0.989235044 -0.139761657 0.0433673076 0.13988024 0.990168393 0.000302852597 -0.0429832675 0.00576663762 0.999059141";
      isRenderEnabled = "false";
      canSave = "1";
      canSaveDynamicFields = "1";
      persistentId = "eba0df4d-1ee7-4753-8035-2de5f93a8e27";
         mode = "Ignore";
   };
   new TSStatic() {
      shapeName = "/art/shapes/race/s_concrete_race_barrier.dae";
      dynamic = "0";
      playAmbient = "1";
      meshCulling = "0";
      originSort = "0";
      useInstanceRenderData = "0";
      instanceColor = "White";
      instanceColor1 = "White";
      instanceColor2 = "White";
      collisionType = "Collision Mesh";
      decalType = "Collision Mesh";
      prebuildCollisionData = "0";
      renderNormals = "0";
      forceDetail = "-1";
      position = "187.616486 -646.677307 137.391724";
      scale = "1 1 1";
      rotationMatrix = "0.947436035 -0.318102002 0.0342933722 0.319482088 0.946379304 -0.0479305275 -0.0172077417 0.0563672297 0.998261809";
      isRenderEnabled = "false";
      canSave = "1";
      canSaveDynamicFields = "1";
      persistentId = "3a620fd0-a484-49da-9b78-858bd17b89b9";
         mode = "Ignore";
   };
   new TSStatic() {
      shapeName = "/art/shapes/race/s_concrete_race_barrier.dae";
      dynamic = "0";
      playAmbient = "1";
      meshCulling = "0";
      originSort = "0";
      useInstanceRenderData = "0";
      instanceColor = "White";
      instanceColor1 = "White";
      instanceColor2 = "White";
      collisionType = "Collision Mesh";
      decalType = "Collision Mesh";
      prebuildCollisionData = "0";
      renderNormals = "0";
      forceDetail = "-1";
      position = "190.835861 -648.163391 137.518707";
      scale = "1 1 1";
      rotationMatrix = "0.848057151 -0.529193759 0.0274399649 0.529823005 0.847698033 -0.026369473 -0.009306252 0.0369011536 0.999275446";
      isRenderEnabled = "false";
      canSave = "1";
      canSaveDynamicFields = "1";
      persistentId = "07cebb90-e132-4cbb-8d12-3f77c955bdb4";
         mode = "Ignore";
   };
   new TSStatic() {
      shapeName = "/art/shapes/race/s_concrete_race_barrier.dae";
      dynamic = "0";
      playAmbient = "1";
      meshCulling = "0";
      originSort = "0";
      useInstanceRenderData = "0";
      instanceColor = "White";
      instanceColor1 = "White";
      instanceColor2 = "White";
      collisionType = "Collision Mesh";
      decalType = "Collision Mesh";
      prebuildCollisionData = "0";
      renderNormals = "0";
      forceDetail = "-1";
      position = "193.776764 -650.411682 137.591324";
      scale = "1 1 1";
      rotationMatrix = "0.706368983 -0.707747698 0.0116753504 0.707640469 0.705675066 -0.0356000289 0.0169568267 0.0334086977 0.999297917";
      isRenderEnabled = "false";
      canSave = "1";
      canSaveDynamicFields = "1";
      persistentId = "97a93e18-d768-4e45-8df5-3f2884d3ec16";
         mode = "Ignore";
   };
   new TSStatic() {
      shapeName = "/art/shapes/race/s_concrete_race_barrier.dae";
      dynamic = "0";
      playAmbient = "1";
      meshCulling = "0";
      originSort = "0";
      useInstanceRenderData = "0";
      instanceColor = "White";
      instanceColor1 = "White";
      instanceColor2 = "White";
      collisionType = "Collision Mesh";
      decalType = "Collision Mesh";
      prebuildCollisionData = "0";
      renderNormals = "0";
      forceDetail = "-1";
      position = "196.149826 -653.35376 137.653091";
      scale = "1 1 1";
      rotationMatrix = "-0.553577721 0.832543015 -0.0206061658 -0.83279568 -0.553462565 0.0114502972 -0.00187189458 0.0234993678 0.999722302";
      isRenderEnabled = "false";
      canSave = "1";
      canSaveDynamicFields = "1";
      persistentId = "c36d5aa3-5e44-431a-9059-6a5596702ba7";
         mode = "Ignore";
   };
   new TSStatic() {
      shapeName = "/art/shapes/race/s_concrete_race_barrier.dae";
      dynamic = "0";
      playAmbient = "1";
      meshCulling = "0";
      originSort = "0";
      useInstanceRenderData = "0";
      instanceColor = "White";
      instanceColor1 = "White";
      instanceColor2 = "White";
      collisionType = "Collision Mesh";
      decalType = "Collision Mesh";
      prebuildCollisionData = "0";
      renderNormals = "0";
      forceDetail = "-1";
      position = "220.498306 -727.862549 143.241226";
      scale = "1 1 1";
      rotationMatrix = "-0.996575058 -0.082453683 -0.00631442713 0.0826601237 -0.995460749 -0.0471638143 -0.0023969356 -0.0475241765 0.998866737";
      isRenderEnabled = "false";
      canSave = "1";
      canSaveDynamicFields = "1";
      persistentId = "adf3d8bb-a703-4833-bf3c-362e3fed4077";
         mode = "Ignore";
   };
   new TSStatic() {
      shapeName = "/art/shapes/race/s_concrete_race_barrier.dae";
      dynamic = "0";
      playAmbient = "1";
      meshCulling = "0";
      originSort = "0";
      useInstanceRenderData = "0";
      instanceColor = "White";
      instanceColor1 = "White";
      instanceColor2 = "White";
      collisionType = "Collision Mesh";
      decalType = "Collision Mesh";
      prebuildCollisionData = "0";
      renderNormals = "0";
      forceDetail = "-1";
      position = "216.58168 -727.896179 143.237";
      scale = "1 1 1";
      rotationMatrix = "-0.999027967 0.0433464535 -0.00801638793 -0.0432670079 -0.999015212 -0.00983154215 -0.00843465608 -0.0094751399 0.999919534";
      isRenderEnabled = "false";
      canSave = "1";
      canSaveDynamicFields = "1";
      persistentId = "90a3f7cd-b7fa-4fdd-83f8-88d57c6c1662";
         mode = "Ignore";
   };
   new TSStatic() {
      shapeName = "/art/shapes/race/s_concrete_race_barrier.dae";
      dynamic = "0";
      playAmbient = "1";
      meshCulling = "0";
      originSort = "0";
      useInstanceRenderData = "0";
      instanceColor = "White";
      instanceColor1 = "White";
      instanceColor2 = "White";
      collisionType = "Collision Mesh";
      decalType = "Collision Mesh";
      prebuildCollisionData = "0";
      renderNormals = "0";
      forceDetail = "-1";
      position = "212.883209 -727.291687 143.167511";
      scale = "1 1 1";
      rotationMatrix = "-0.95328927 0.300424665 -0.0313793235 -0.299202472 -0.953418136 -0.0383635759 -0.0414429791 -0.0271828119 0.998771012";
      isRenderEnabled = "false";
      canSave = "1";
      canSaveDynamicFields = "1";
      persistentId = "ca0addd4-79c7-4db8-92c9-9757119de86e";
         mode = "Ignore";
   };
   new TSStatic() {
      shapeName = "/art/shapes/race/s_concrete_race_barrier.dae";
      dynamic = "0";
      playAmbient = "1";
      meshCulling = "0";
      originSort = "0";
      useInstanceRenderData = "0";
      instanceColor = "White";
      instanceColor1 = "White";
      instanceColor2 = "White";
      collisionType = "Collision Mesh";
      decalType = "Collision Mesh";
      prebuildCollisionData = "0";
      renderNormals = "0";
      forceDetail = "-1";
      position = "209.648972 -725.867493 143.069763";
      scale = "1 1 1";
      rotationMatrix = "-0.857758403 0.512597561 -0.038653411 -0.512894988 -0.858447433 -0.00253824564 -0.034483023 0.0176479388 0.999249458";
      isRenderEnabled = "false";
      canSave = "1";
      canSaveDynamicFields = "1";
      persistentId = "5987cb68-283a-43bb-af35-d7d28c23a5a7";
         mode = "Ignore";
   };
   new TSStatic() {
      shapeName = "/art/shapes/race/s_concrete_race_barrier.dae";
      dynamic = "0";
      playAmbient = "1";
      meshCulling = "0";
      originSort = "0";
      useInstanceRenderData = "0";
      instanceColor = "White";
      instanceColor1 = "White";
      instanceColor2 = "White";
      collisionType = "Collision Mesh";
      decalType = "Collision Mesh";
      prebuildCollisionData = "0";
      renderNormals = "0";
      forceDetail = "-1";
      position = "206.653152 -723.687256 142.894135";
      scale = "1 1 1";
      rotationMatrix = "-0.720024347 0.691704392 -0.0557652228 -0.690778255 -0.722089529 -0.0375741273 -0.0662576854 0.011467116 0.997736633";
      isRenderEnabled = "false";
      canSave = "1";
      canSaveDynamicFields = "1";
      persistentId = "828bbe20-67cd-49c4-93e6-3e22dfc7ab3f";
         mode = "Ignore";
   };
   new TSStatic() {
      shapeName = "/art/shapes/race/s_concrete_race_barrier.dae";
      dynamic = "0";
      playAmbient = "1";
      meshCulling = "0";
      originSort = "0";
      useInstanceRenderData = "0";
      instanceColor = "White";
      instanceColor1 = "White";
      instanceColor2 = "White";
      collisionType = "Collision Mesh";
      decalType = "Collision Mesh";
      prebuildCollisionData = "0";
      renderNormals = "0";
      forceDetail = "-1";
      position = "204.191879 -720.857422 142.728775";
      scale = "1 1 1";
      rotationMatrix = "0.569770694 -0.819577098 0.0604551584 0.821157336 0.570697069 -0.00233394839 -0.0325887352 0.050973013 0.99816817";
      isRenderEnabled = "false";
      canSave = "1";
      canSaveDynamicFields = "1";
      persistentId = "f2d3d000-d664-484b-a5e4-a9d3ebfda350";
         mode = "Ignore";
   };
   new TSStatic() {
      shapeName = "/art/shapes/race/s_concrete_race_barrier.dae";
      dynamic = "0";
      playAmbient = "1";
      meshCulling = "0";
      originSort = "0";
      useInstanceRenderData = "0";
      instanceColor = "White";
      instanceColor1 = "White";
      instanceColor2 = "White";
      collisionType = "Collision Mesh";
      decalType = "Collision Mesh";
      prebuildCollisionData = "0";
      renderNormals = "0";
      forceDetail = "-1";
      position = "567.718079 -727.462585 200.880554";
      scale = "1 1 1";
      rotationMatrix = "0.660308957 0.750336289 0.0314040072 -0.750993133 0.659731567 0.0276118927 -4.42357662e-09 -0.0418165848 0.999125063";
      isRenderEnabled = "false";
      canSave = "1";
      canSaveDynamicFields = "1";
      persistentId = "a3727eab-8339-4e47-900a-ac835870fcc8";
         mode = "Ignore";
   };
   new TSStatic() {
      shapeName = "/art/shapes/race/s_concrete_race_barrier.dae";
      dynamic = "0";
      playAmbient = "1";
      meshCulling = "0";
      originSort = "0";
      useInstanceRenderData = "0";
      instanceColor = "White";
      instanceColor1 = "White";
      instanceColor2 = "White";
      collisionType = "Collision Mesh";
      decalType = "Collision Mesh";
      prebuildCollisionData = "0";
      renderNormals = "0";
