{"class":"TSStatic","__parent":"Mud Drag 1","position":[511.140839,-478.651611,152.802734],"isRenderEnabled":false,"rotationMatrix":[-0.368256211,0.929724634,0,-0.929724634,-0.368256211,0,0,0,1],"shapeName":"/levels/west_coast_usa/art/shapes/objects/featherflag_beamng.dae","useInstanceRenderData":true}
{"class":"DecalRoad","persistentId":"dcdf134e-dab6-48f6-bc54-4cfcf138c3b4","__parent":"Mud Drag 1","position":[509.712463,-475.109009,151.414902],"improvedSpline":true,"material":"checkered_line","nodes":[[509.712463,-475.109009,151.414902,0.5],[507.332642,-467.626862,151.43013,0.5]]}
{"name":"mudDrag1","class":"DecalRoad","persistentId":"2fbe97af-ef5e-4ed3-af39-7781d3a21072","__parent":"Mud Drag 1","position":[508.540894,-471.481018,151.397644],"improvedSpline":true,"material":"road_invisible","nodes":[[508.540894,-471.481018,151.397644,6],[545.415833,-456.836884,149.356842,6],[594.818359,-438.596924,149.263992,6],[654.015686,-416.459625,150.557434,6]]}
{"name":"fre_finish_mudDrag1","class":"BeamNGTrigger","__parent":"Mud Drag 1","position":[654.164856,-415.678467,152.454361],"luaFunction":"onBeamNGTrigger","rotationMatrix":[-0.299037337,0.954232633,0.00410063751,-0.952910006,-0.298844337,0.0515237823,0.0503911227,0.0114999935,0.998663366],"scale":[8.94305515,1.70973086,5.43977737]}
{"name":"fre_start_mudDrag1asset0","class":"DecalRoad","persistentId":"4e4df6f5-12d3-4a6d-b190-2ff5a4408893","__parent":"Mud Drag 1","position":[654.777222,-419.483154,150.919189],"hidden":true,"improvedSpline":true,"material":"checkered_line","nodes":[[654.777222,-419.483154,150.919189,0.5],[652.894897,-413.734161,150.81427,0.5]],"startEndFade":[1,1]}
{"class":"TSStatic","__parent":"Mud Drag 1","position":[506.495697,-463.35733,152.779297],"isRenderEnabled":false,"rotationMatrix":[0.283463776,-0.958983183,0,0.958983183,0.283463776,0,0,0,1],"shapeName":"/levels/west_coast_usa/art/shapes/objects/featherflag_beamng.dae","useInstanceRenderData":true}
{"name":"fre_start_mudDrag1","class":"BeamNGTrigger","__parent":"Mud Drag 1","position":[509.236572,-470.669617,153.449524],"luaFunction":"onBeamNGTrigger","rotationMatrix":[0.301000595,-0.95362401,-3.16649675e-08,0.952558279,0.300664186,-0.0472647101,0.0450727716,0.0142266769,0.998882413],"scale":[9.07233238,1,4.90749168]}
{"name":"fre_staging_mudDrag1","class":"BeamNGTrigger","__parent":"Mud Drag 1","position":[508.449188,-470.889496,153.449524],"luaFunction":"onBeamNGTrigger","rotationMatrix":[0.301000595,-0.95362401,-3.16649675e-08,0.952558279,0.300664186,-0.0472647101,0.0450727716,0.0142266769,0.998882413],"scale":[9.07233238,1,4.90749168]}
