{"name":"stagedBuilding_movieStudio_terrain__19886_group","class":"SimGroup","persistentId":"815dabf0-fc54-454c-b934-83a373e8bd7b","groupPosition":"0 0 0"}
{"class":"TSStatic","persistentId":"06e8ab36-e187-4b7a-a25d-ee0ec51c1bbb","__parent":"stagedBuilding_movieStudio_terrain__19886_group","position":[-927.366028,-676.798157,103.566589],"isRenderEnabled":false,"rotationMatrix":[0.740490198,0.672067165,1.11758709e-08,-0.667582035,0.735548496,-0.115336798,-0.0775140822,0.0854057595,0.993326426],"shapeName":"/levels/rls_west_coast_usa/art/shapes/objects/constructionbarrier.dae","useInstanceRenderData":true}
{"class":"TSStatic","persistentId":"0b3541f9-9b1b-493d-92df-8f5d7f4bc3f0","__parent":"stagedBuilding_movieStudio_terrain__19886_group","position":[-895.821411,-771.522766,112.865273],"annotation":"OBSTACLES","isRenderEnabled":false,"rotationMatrix":[0.999085307,0.0427620895,0,-0.0427620895,0.999085307,0,0,0,1],"shapeName":"/levels/rls_west_coast_usa/art/shapes/buildings/s_moviestudio_signwarn_002.dae","useInstanceRenderData":true}
{"class":"TSStatic","persistentId":"10aa2712-7ae6-4e0e-870e-1b9325e2b532","__parent":"stagedBuilding_movieStudio_terrain__19886_group","position":[-861.873108,-731.078369,111.827011],"isRenderEnabled":false,"rotationMatrix":[0.913292766,0.401456445,0.0687682331,-0.37823686,0.898578227,-0.222472578,-0.151106685,0.177171916,0.972510636],"shapeName":"/levels/rls_west_coast_usa/art/shapes/objects/constructionbarrier.dae","useInstanceRenderData":true}
{"class":"TSStatic","persistentId":"166345bd-91dd-4d91-b5c8-0c87ac0b7c52","__parent":"stagedBuilding_movieStudio_terrain__19886_group","position":[-863.891235,-738.663025,114.050888],"annotation":"OBSTACLES","isRenderEnabled":false,"rotationMatrix":[0.641777754,0.766797006,-0.0119823702,-0.766878784,0.641776204,-0.00448443461,0.00425134785,0.0120670376,0.999918163],"shapeName":"/levels/rls_west_coast_usa/art/shapes/buildings/s_movie_studio_soontorise.dae","useInstanceRenderData":true}
{"class":"TSStatic","persistentId":"1a0794f0-5f8c-4078-8baf-3b6a649cc373","__parent":"stagedBuilding_movieStudio_terrain__19886_group","position":[-929.038452,-676.462158,103.294548],"isRenderEnabled":false,"rotationMatrix":[-0.260308862,0.964990079,-0.0321440734,-0.95619303,-0.26226747,-0.130040467,-0.133918121,-0.00311475247,0.99098748],"shapeName":"/levels/rls_west_coast_usa/art/shapes/objects/constructionbarrier.dae","useInstanceRenderData":true}
{"class":"TSStatic","persistentId":"1a477ecf-11d2-4ab1-aa3a-dcf4baf29701","__parent":"stagedBuilding_movieStudio_terrain__19886_group","position":[-861.707825,-734.100952,112.303848],"isRenderEnabled":false,"rotationMatrix":[0.99253279,-0.120483786,0.0190338511,0.121707305,0.98858875,-0.0887673423,-0.00812162273,0.0904210582,0.995870531],"shapeName":"/levels/rls_west_coast_usa/art/shapes/objects/constructionbarrier.dae","useInstanceRenderData":true}
{"class":"TSStatic","persistentId":"1bfa9a0c-52cb-4505-a9ff-c81e365b0f14","__parent":"stagedBuilding_movieStudio_terrain__19886_group","position":[-888.153992,-767.572754,114.764145],"annotation":"OBSTACLES","isRenderEnabled":false,"rotationMatrix":[0.637302935,0.770544052,-0.0103354091,-0.770585179,0.637336969,0,0.00658713793,0.00796431396,0.999946594],"shapeName":"/levels/rls_west_coast_usa/art/shapes/buildings/s_movie_studio_soontorise.dae","useInstanceRenderData":true}
{"class":"TSStatic","persistentId":"1fcc831a-2964-4245-a66f-d26e5100862c","__parent":"stagedBuilding_movieStudio_terrain__19886_group","position":[-893.057373,-771.15741,113.389648],"isRenderEnabled":false,"rotationMatrix":[0.241071641,-0.970507443,0,0.970475614,0.241063714,-0.00809165929,0.00785301439,0.00195067003,0.999967277],"shapeName":"/levels/rls_west_coast_usa/art/shapes/objects/constructionbarrier.dae","useInstanceRenderData":true}
{"class":"TSStatic","persistentId":"278fae12-526d-42c9-9a4a-d1db782e6871","__parent":"stagedBuilding_movieStudio_terrain__19886_group","position":[-925.497559,-657.738464,102.807365],"isRenderEnabled":false,"rotationMatrix":[0.886735916,-0.460744172,-0.0376055986,0.462089628,0.885751724,0.0437832288,0.0131363533,-0.0562013201,0.998333037],"shapeName":"/levels/rls_west_coast_usa/art/shapes/objects/constructionbarrier.dae","useInstanceRenderData":true}
{"class":"TSStatic","persistentId":"2a648f43-063a-44f7-938b-ad701f279614","__parent":"stagedBuilding_movieStudio_terrain__19886_group","position":[-861.86084,-731.092834,111.775864],"annotation":"OBSTACLES","isRenderEnabled":false,"rotationMatrix":[-0.394931197,0.891102612,-0.223528862,-0.906898558,-0.417028427,-0.0601825379,-0.146846741,0.178950071,0.972837567],"shapeName":"/levels/rls_west_coast_usa/art/shapes/buildings/s_moviestudio_signwarn_002.dae","useInstanceRenderData":true}
{"class":"TSStatic","persistentId":"37ff047f-f931-4bd0-aa08-99f659fda20d","__parent":"stagedBuilding_movieStudio_terrain__19886_group","position":[-890.782349,-770.431091,113.389648],"isRenderEnabled":false,"rotationMatrix":[0.451514482,-0.892263889,0,0.892263889,0.451514482,0,0,0,1],"shapeName":"/levels/rls_west_coast_usa/art/shapes/objects/constructionbarrier.dae","useInstanceRenderData":true}
{"class":"TSStatic","persistentId":"3a869555-763e-42e3-b4f4-aa833281319c","__parent":"stagedBuilding_movieStudio_terrain__19886_group","position":[-924.280518,-655.988525,102.954254],"isRenderEnabled":false,"rotationMatrix":[0.886735976,-0.460744113,-0.0376055911,0.461306185,0.887209713,0.00744885765,0.0299320295,-0.0239528622,0.999264896],"shapeName":"/levels/rls_west_coast_usa/art/shapes/objects/constructionbarrier.dae","useInstanceRenderData":true}
{"class":"TSStatic","persistentId":"3d667685-c0e6-42c5-a6d8-ae9a2e0a2645","__parent":"stagedBuilding_movieStudio_terrain__19886_group","position":[-925.058533,-656.387695,102.830292],"annotation":"OBSTACLES","isRenderEnabled":false,"rotationMatrix":[0.564015627,0.82576406,0,-0.82576406,0.564015627,0,0,0,1],"shapeName":"/levels/rls_west_coast_usa/art/shapes/buildings/s_movie_studio_soontorise.dae","useInstanceRenderData":true}
{"class":"TSStatic","persistentId":"41f96e23-d3d1-4955-a777-a44152e45e37","__parent":"stagedBuilding_movieStudio_terrain__19886_group","position":[-928.02948,-677.330078,102.582176],"annotation":"OBSTACLES","isRenderEnabled":false,"rotationMatrix":[-0.775772572,0.63101244,0,-0.63101244,-0.775772572,0,0,0,1],"shapeName":"/levels/rls_west_coast_usa/art/shapes/buildings/s_moviestudio_signwarn_001.dae","useInstanceRenderData":true}
{"class":"TSStatic","persistentId":"42fee806-935a-4ef1-a78b-d91f9b9b659d","__parent":"stagedBuilding_movieStudio_terrain__19886_group","position":[-894.638428,-771.730164,113.372459],"isRenderEnabled":false,"rotationMatrix":[-0.26361692,-0.964619339,0.00395197142,0.964566171,-0.263551831,0.0123518826,-0.0108733159,0.00706810411,0.999915898],"shapeName":"/levels/rls_west_coast_usa/art/shapes/objects/constructionbarrier.dae","useInstanceRenderData":true}
{"class":"TSStatic","persistentId":"47be5f9f-f55d-450c-bf34-b792ea8ae29b","__parent":"stagedBuilding_movieStudio_terrain__19886_group","position":[-924.876038,-654.389526,102.965195],"isRenderEnabled":false,"rotationMatrix":[0.74048996,0.672067344,0,-0.672067344,0.74048996,0,0,0,1],"shapeName":"/levels/rls_west_coast_usa/art/shapes/objects/constructionbarrier.dae","useInstanceRenderData":true}
{"class":"TSStatic","persistentId":"482dae0f-db71-4f61-a867-b17285c4aaed","__parent":"stagedBuilding_movieStudio_terrain__19886_group","position":[-926.507446,-658.626648,101.861824],"annotation":"OBSTACLES","isRenderEnabled":false,"rotationMatrix":[0.542022586,0.84036386,0,-0.84036386,0.542022586,0,0,0,1],"shapeName":"/levels/rls_west_coast_usa/art/shapes/buildings/s_moviestudio_signwarn_001.dae","useInstanceRenderData":true}
{"class":"TSStatic","persistentId":"5c295250-ab50-40e0-aa8e-8a12ca827768","__parent":"stagedBuilding_movieStudio_terrain__19886_group","position":[-899.394226,-771.141602,113.328728],"isRenderEnabled":false,"rotationMatrix":[-0.331269264,-0.943536222,-0.000412778929,0.943399131,-0.331228495,0.0169069357,-0.0160890296,0.00521133188,0.999857008],"shapeName":"/levels/rls_west_coast_usa/art/shapes/objects/constructionbarrier.dae","useInstanceRenderData":true}
{"class":"TSStatic","persistentId":"6334b4a2-7736-4c2b-bdc9-08614cc8a6f9","__parent":"stagedBuilding_movieStudio_terrain__19886_group","position":[-929.744812,-650.796814,102.778412],"isRenderEnabled":false,"rotationMatrix":[0.568525195,0.822665811,0,-0.822665811,0.568525195,0,0,0,1],"shapeName":"/levels/rls_west_coast_usa/art/shapes/objects/constructionbarrier.dae","useInstanceRenderData":true}
{"class":"TSStatic","persistentId":"71c69fa3-48c7-48cb-8274-0685deeefb54","__parent":"stagedBuilding_movieStudio_terrain__19886_group","isRenderEnabled":false,"shapeName":"/levels/rls_west_coast_usa/art/shapes/buildings/s_sb_moviestudio_terrain.dae","useInstanceRenderData":true}
{"class":"TSStatic","persistentId":"75b00bc1-444b-4bd0-9da5-ca2006eb4378","__parent":"stagedBuilding_movieStudio_terrain__19886_group","position":[-899.391113,-771.148132,112.796036],"annotation":"OBSTACLES","isRenderEnabled":false,"rotationMatrix":[0.948778391,-0.315942407,0,0.315942407,0.948778391,0,0,0,1],"shapeName":"/levels/rls_west_coast_usa/art/shapes/buildings/s_moviestudio_signwarn_001.dae","useInstanceRenderData":true}
{"class":"TSStatic","persistentId":"7b964dbe-59d5-44ab-8bc2-67ee6f29ac59","__parent":"stagedBuilding_movieStudio_terrain__19886_group","position":[-897.186096,-771.470764,113.348854],"isRenderEnabled":false,"rotationMatrix":[-0.134957194,-0.990846992,0.00299273478,0.990820408,-0.134976268,-0.00751787564,0.00785301253,0.00195067143,0.999967277],"shapeName":"/levels/rls_west_coast_usa/art/shapes/objects/constructionbarrier.dae","useInstanceRenderData":true}
{"class":"TSStatic","persistentId":"7dd092ba-4701-4daf-a5b7-035cde20a144","__parent":"stagedBuilding_movieStudio_terrain__19886_group","position":[-926.38031,-653.122131,102.917114],"isRenderEnabled":false,"rotationMatrix":[0.568525195,0.822665811,0,-0.822665811,0.568525195,0,0,0,1],"shapeName":"/levels/rls_west_coast_usa/art/shapes/objects/constructionbarrier.dae","useInstanceRenderData":true}
{"class":"TSStatic","persistentId":"8ab2333a-4a1c-4476-a216-3362fa72306d","__parent":"stagedBuilding_movieStudio_terrain__19886_group","position":[-926.588989,-659.603455,102.833984],"isRenderEnabled":false,"rotationMatrix":[0.639063895,-0.769153595,1.39698386e-09,0.769109249,0.639027059,0.0107374126,-0.00825872086,-0.00686189113,0.999942362],"shapeName":"/levels/rls_west_coast_usa/art/shapes/objects/constructionbarrier.dae","useInstanceRenderData":true}
{"class":"TSStatic","persistentId":"a09009ff-cff6-4d25-8d99-14d4e8f031c1","__parent":"stagedBuilding_movieStudio_terrain__19886_group","position":[-928.073792,-651.951721,102.809311],"isRenderEnabled":false,"rotationMatrix":[0.568525195,0.822665811,0,-0.822665811,0.568525195,0,0,0,1],"shapeName":"/levels/rls_west_coast_usa/art/shapes/objects/constructionbarrier.dae","useInstanceRenderData":true}
{"class":"TSStatic","persistentId":"cfe79a97-74db-4864-a8ae-a02e3bf5db6e","__parent":"stagedBuilding_movieStudio_terrain__19886_group","position":[-862.1828,-736.026184,112.463913],"isRenderEnabled":false,"rotationMatrix":[0.943992972,-0.327831775,0.0374643542,0.329597801,0.942202151,-0.0601699911,-0.0155733572,0.0691482201,0.997484863],"shapeName":"/levels/rls_west_coast_usa/art/shapes/objects/constructionbarrier.dae","useInstanceRenderData":true}
{"class":"TSStatic","persistentId":"d869c94b-c985-4b9b-9e19-7de6d99555f2","__parent":"stagedBuilding_movieStudio_terrain__19886_group","position":[-864.271729,-728.637634,111.1623],"isRenderEnabled":false,"rotationMatrix":[0.705242813,0.708965838,1.49011612e-08,-0.698149145,0.694482923,-0.174014971,-0.123370685,0.12272279,0.984742999],"shapeName":"/levels/rls_west_coast_usa/art/shapes/objects/constructionbarrier.dae","useInstanceRenderData":true}
{"class":"TSStatic","persistentId":"dd931c4f-a6cf-4df2-8121-58f2fb9f3041","__parent":"stagedBuilding_movieStudio_terrain__19886_group","position":[-933.067078,-648.563354,102.87291],"isRenderEnabled":false,"rotationMatrix":[0.568525672,0.822665513,3.7252903e-09,-0.817019522,0.564623833,-0.11695686,-0.0962163806,0.0664929599,0.993137002],"shapeName":"/levels/rls_west_coast_usa/art/shapes/objects/constructionbarrier.dae","useInstanceRenderData":true}
{"class":"TSStatic","persistentId":"e5140b8c-66d8-49f0-bf35-33545657414e","__parent":"stagedBuilding_movieStudio_terrain__19886_group","position":[-915.270081,-759.085571,112.480438],"annotation":"OBSTACLES","isRenderEnabled":false,"rotationMatrix":[0.950912118,-0.309461087,0,0.309461087,0.950912118,0,0,0,1],"shapeName":"/levels/rls_west_coast_usa/art/shapes/buildings/s_moviestudio_signwarn_002.dae","useInstanceRenderData":true}
{"class":"TSStatic","persistentId":"e7bfa10e-31d3-4e07-af95-6168d84b95db","__parent":"stagedBuilding_movieStudio_terrain__19886_group","position":[-929.128235,-677.794373,103.218544],"isRenderEnabled":false,"rotationMatrix":[-0.709125996,-0.70508039,0.00164510682,0.700386286,-0.704132318,0.116864689,-0.0812406093,0.0840239599,0.993146479],"shapeName":"/levels/rls_west_coast_usa/art/shapes/objects/constructionbarrier.dae","useInstanceRenderData":true}
{"class":"TSStatic","persistentId":"f08bd9f1-b82a-441f-89ff-516673def5c7","__parent":"stagedBuilding_movieStudio_terrain__19886_group","position":[-931.441101,-649.687073,102.903046],"isRenderEnabled":false,"rotationMatrix":[0.568525195,0.822665751,3.7252903e-09,-0.820652783,0.567134142,0.0699124187,0.0575145558,-0.0397469699,0.99755311],"shapeName":"/levels/rls_west_coast_usa/art/shapes/objects/constructionbarrier.dae","useInstanceRenderData":true}
