{"name":"Sealbrick1058GarageComputer_area","class":"BeamNGGameplayArea","persistentId":"df014762-39fd-4565-82f2-1f898a757858","__parent":"Sealbrick Street House","position":[-729.643494,-68.5816879,103.70105],"rotationMatrix":[0.718834639,-0.695181012,0,0.695181012,0.718834639,0,0,0,1],"scale":[1.23950243,3.82877922,1.83073735]}
{"name":"Sealbrick1058GarageComputer_icon","class":"BeamNGPointOfInterest","persistentId":"02dd0793-398e-4d65-ae56-7f732c994e78","__parent":"Sealbrick Street House","position":[-728.785156,-67.7984467,103.642723],"rotationMatrix":[-0.903925538,-0.42763567,-0.00682663638,-0.427541733,0.903917074,-0.0119141778,0.0112656401,-0.00785085652,-0.999905825]}
{"class":"TSStatic","persistentId":"3ae69007-c28e-49cc-bfe6-6c9ae7f90e93","__parent":"Sealbrick Street House","position":[-727.779053,-67.1038818,103.282639],"collisionType":"None","decalType":"None","isRenderEnabled":false,"rotationMatrix":[-5.96046448e-07,-1.1920929e-07,-1.00000012,-0.30332002,-0.952889085,2.23517418e-07,-0.952888906,0.30332005,1.78813934e-07],"scale":[0.602539301,0.602539301,0.602539301],"shapeName":"/art/shapes/garage_and_dealership/Clutter/clutter_workshop_short_bottle.dae","useInstanceRenderData":true}
{"class":"DecalRoad","persistentId":"2430d807-c203-4b7b-b83d-6586200d6d42","__parent":"Sealbrick Street House","position":[-736.251953,-53.5415916,102.072624],"detail":0.0500000007,"improvedSpline":true,"material":"m_road_asphalt_edge","nodes":[[-736.251953,-53.5415916,102.072624,1],[-731.918274,-57.8447037,102.101593,1],[-727.943359,-61.732048,102.105019,1],[-726.172913,-63.46241,102.099571,1],[-725.107056,-64.8397446,102.099571,1],[-726.280701,-66.2989273,102.157173,1],[-728.492126,-68.5454712,102.222069,1],[-729.680847,-69.8532486,102.196342,1],[-730.716736,-70.7908249,102.1586,1],[-731.901733,-70.3852158,102.125633,1],[-734.368713,-68.1359711,102.096779,1],[-736.01825,-66.6091461,102.074638,1],[-737.27417,-65.3857422,102.056381,1],[-737.078064,-64.3575211,102.065865,1],[-735.599182,-62.9283142,102.126945,1],[-734.713928,-61.6845741,102.161293,1],[-735.500183,-60.4973297,102.115952,1],[-737.563904,-58.4988937,102.087158,1],[-739.518433,-56.6523209,102.08197,1]],"renderPriority":2}
{"name":"commercialGarageComputer_2","class":"TSStatic","persistentId":"c503793f-e91b-42ba-be48-0283d2cc5514","__parent":"Sealbrick Street House","position":[-727.179199,-66.5409317,103.253418],"decalType":"None","isRenderEnabled":false,"rotationMatrix":[-0.107687831,-0.994184792,0,0.994184792,-0.107687831,0,0,0,1],"shapeName":"/art/shapes/garage_and_dealership/garage/s_laptop.dae","useInstanceRenderData":true}
{"class":"TSStatic","persistentId":"e2a30732-0ad7-44b1-984e-2368b5b28069","__parent":"Sealbrick Street House","position":[-727.349487,-67.1482086,103.76384],"isRenderEnabled":false,"rotationMatrix":[0.594309986,0.628243983,-0.502100825,-0.370656848,-0.34009397,-0.8642627,-0.713729143,0.699747086,0.0307415724],"scale":[0.747733474,0.747733474,1],"shapeName":"/art/shapes/garage_and_dealership/garage/s_ducktape.dae","useInstanceRenderData":true}
{"class":"DecalRoad","persistentId":"33201b1c-741d-4eb2-beb0-385034bf7ffd","__parent":"Sealbrick Street House","position":[-740.476257,-52.6646652,101.993332],"improvedSpline":true,"material":"road_asphalt_2lane","nodes":[[-740.476257,-52.6646652,101.993332,4.5],[-726.4375,-66.3944397,102.166428,4.5]],"renderPriority":7}
{"class":"DecalRoad","persistentId":"8dd393e6-c855-403a-a987-952d46bd0395","__parent":"Sealbrick Street House","position":[-740.476257,-52.6646652,101.993332],"improvedSpline":true,"material":"m_asphalt_damaged_02","nodes":[[-740.476257,-52.6646652,101.993332,4.5],[-726.4375,-66.3944397,102.166428,4.5]],"renderPriority":3,"textureLength":10}
{"class":"TSStatic","persistentId":"65270159-6ce9-444a-b9c7-adcc2ebe9ba1","__parent":"Sealbrick Street House","position":[-727.628845,-67.0601196,102.189247],"isRenderEnabled":false,"rotationMatrix":[-0.701929808,-0.712246358,0,0.712246358,-0.701929808,0,0,0,1],"shapeName":"/art/shapes/garage_and_dealership/garage/s_big_toolbox_01.dae","useInstanceRenderData":true}
{"class":"TSStatic","persistentId":"7f89228c-a232-4543-b09d-964c474433e4","__parent":"Sealbrick Street House","position":[-727.025085,-66.8130417,103.572174],"collisionType":"None","decalType":"None","isRenderEnabled":false,"rotationMatrix":[-0.701929569,-0.712246656,9.23871994e-07,9.23871994e-07,2.38418579e-07,1.00000012,-0.712246656,0.70192945,2.38418579e-07],"shapeName":"/art/shapes/garage_and_dealership/garage/s_wrench_collection.dae","useInstanceRenderData":true}
{"class":"TSStatic","persistentId":"a76c5f03-5e49-473f-8aa7-13d36c5fb8bf","__parent":"Sealbrick Street House","position":[-727.349487,-67.1482086,103.669327],"isRenderEnabled":false,"rotationMatrix":[-0.0847640038,-0.0427210331,-0.995484829,-0.695274115,-0.713112354,0.0898045003,-0.713729024,0.699746966,0.0307433009],"shapeName":"/art/shapes/garage_and_dealership/garage/s_ducktape.dae","useInstanceRenderData":true}
{"class":"DecalRoad","persistentId":"30504a66-cb85-4f0c-bf83-7a2e673fa851","__parent":"Sealbrick Street House","position":[-735.988525,-63.1337891,102.107346],"improvedSpline":true,"material":"m_asphalt_damaged_02","nodes":[[-735.988525,-63.1337891,102.107346,5],[-729.34491,-69.3093643,102.207565,5]],"renderPriority":3}
{"class":"TSStatic","__parent":"Sealbrick Street House","position":[-735.129944,-53.0553818,102.094437],"isRenderEnabled":false,"shapeName":"/levels/west_coast_usa/art/shapes/trees/trees_oak/oak_b.dae","useInstanceRenderData":true}
{"class":"TSStatic","__parent":"Sealbrick Street House","position":[-739.048584,-59.7954826,102.077011],"isRenderEnabled":false,"rotationMatrix":[-0.769729733,-0.638370216,0,0.638370216,-0.769729733,0,0,0,1],"scale":[1.25,1.25,1.25],"shapeName":"/levels/west_coast_usa/art/shapes/trees/trees_oak/oak_a.dae","useInstanceRenderData":true}
{"class":"DecalRoad","persistentId":"b7e9eba4-49a9-40ec-a0a7-fba564242524","__parent":"Sealbrick Street House","position":[-739.074768,-56.3516045,102.08197],"detail":0.200000003,"distanceFade":[200,50],"improvedSpline":true,"material":"road_edge","nodes":[[-739.074768,-56.3516045,102.08197,1],[-740.851868,-58.0939217,102.071388,1],[-744.340027,-60.8225021,102.05471,1],[-748.350891,-61.5863152,102.040009,1],[-752.891968,-60.4631844,102.112381,1],[-758.592163,-55.1007652,102.183739,1],[-765.823608,-47.8944778,102.849899,1]],"renderPriority":3,"startEndFade":[1,2],"textureLength":16}
{"class":"TSStatic","__parent":"Sealbrick Street House","position":[-731.623535,-64.4923935,101.868271],"isRenderEnabled":false,"rotationMatrix":[0.70183599,0.712338567,0,-0.712338567,0.70183599,0,0,0,1],"scale":[1.10000002,1.10000002,1.10000002],"shapeName":"/levels/west_coast_usa/art/shapes/buildings/shelter_industrial.dae","useInstanceRenderData":true}
{"class":"DecalRoad","persistentId":"dd0e8e6e-f6dd-46f1-bb2c-b56c03b43576","__parent":"Sealbrick Street House","position":[-735.988525,-63.1337891,102.107346],"improvedSpline":true,"material":"road_asphalt_2lane","nodes":[[-735.988525,-63.1337891,102.107346,5],[-729.34491,-69.3093643,102.207565,5]],"renderPriority":6}
{"class":"TSStatic","__parent":"Sealbrick Street House","position":[-723.452637,-70.9042664,102.21032],"isRenderEnabled":false,"rotationMatrix":[0.698289037,0.715816021,0,-0.715816021,0.698289037,0,0,0,1],"shapeName":"/levels/west_coast_usa/art/shapes/buildings/house_small2.dae","useInstanceRenderData":true}
{"class":"TSStatic","__parent":"Sealbrick Street House","position":[-737.039612,609.818604,115.902527],"isRenderEnabled":false,"rotationMatrix":[0.551419854,-0.8342278,0,0.8342278,0.551419854,0,0,0,1],"scale":[0.800000012,0.800000012,0.800000012],"shapeName":"/levels/west_coast_usa/art/shapes/objects/pole_light_single.dae","useInstanceRenderData":true}
{"class":"TSStatic","__parent":"Sealbrick Street House","position":[-803.22583,605.758118,115.902527],"isRenderEnabled":false,"rotationMatrix":[-0.99998045,0.00637933146,0,-0.00637933146,-0.99998045,0,0,0,1],"scale":[0.800000012,0.800000012,0.800000012],"shapeName":"/levels/west_coast_usa/art/shapes/objects/pole_light_single.dae","useInstanceRenderData":true}
