{"name":"fre_start_rally1","class":"BeamNGTrigger","__parent":"rally stage 1","position":[861.780762,-481.878235,165.606781],"luaFunction":"onBeamNGTrigger","rotationMatrix":[0.239160836,0.970979929,-4.09781933e-08,-0.969894767,0.238893569,-0.0472647026,-0.0458930694,0.0113039054,0.998882413],"scale":[6.24291945,1,5.59612465]}
{"class":"TSStatic","__parent":"rally stage 1","position":[863.833496,-476.5383,164.431671],"isRenderEnabled":false,"rotationMatrix":[-0.232828021,-0.972517967,0,0.972517967,-0.232828021,0,0,0,1],"shapeName":"/levels/west_coast_usa/art/shapes/objects/featherflag_beamng.dae","useInstanceRenderData":true}
{"name":"fre_start_rockrally1asset10","class":"DecalRoad","persistentId":"4c024610-744e-43a6-936a-61432e77d078","__parent":"rally stage 1","position":[656.615601,-624.180115,227.93396],"improvedSpline":true,"material":"checkered_line","nodes":[[656.615601,-624.180115,227.93396,0.5],[660.124695,-620.371399,227.93396,0.5]]}
{"name":"fre_finish_rally1","class":"BeamNGTrigger","__parent":"rally stage 1","position":[658.309448,-623.424988,229.630035],"luaFunction":"onBeamNGTrigger","rotationMatrix":[0.654559612,0.754262507,-0.0513802208,-0.755437672,0.655196548,-0.00562041998,0.0294248722,0.0424934477,0.998663366],"scale":[8.94305515,1.70973086,5.43977737]}
{"class":"DecalRoad","persistentId":"e22b8838-d164-4167-ba66-4c46a771680e","__parent":"rally stage 1","position":[862.75,-479.783386,163.108704],"improvedSpline":true,"material":"checkered_line","nodes":[[862.75,-479.783386,163.108704,0.5],[861.564453,-484.063171,163.140015,0.5]]}
{"name":"rally1","class":"DecalRoad","persistentId":"3e69c56e-a320-44af-944a-d890d9998aa0","__parent":"rally stage 1","position":[861.907471,-481.889557,163.028748],"improvedSpline":true,"material":"road_invisible","nodes":[[861.907471,-481.889557,163.028748,6],[851.122375,-478.109741,163.504745,6],[847.512451,-475.171936,163.274109,6],[841.086365,-466.730713,163.367874,6],[838.395813,-464.249695,163.276352,6],[833.579224,-463.94928,162.7108,6],[823.803101,-464.431946,162.463104,6],[804.386414,-469.587555,165.520523,6],[795.903748,-472.239349,167.000824,6],[793.008911,-473.885681,167.265533,6],[790.671692,-476.836945,167.715698,6],[784.591858,-482.404114,168.75798,6],[776.568848,-489.049347,169.437286,6],[771.010254,-491.836609,169.532135,6],[765.344238,-492.103546,169.222366,6],[758.946472,-488.834412,168.459961,6],[747.763306,-480.921204,165.482346,6],[741.845093,-479.222778,165.173004,6],[735.413818,-480.973022,166.513412,6],[729.94043,-485.178375,168.284302,6],[726.165039,-492.306763,170.158447,6],[721.46344,-501.534271,171.89975,6],[715.457947,-506.032043,172.353622,6],[704.100647,-509.934235,173.397293,6],[696.831543,-512.164246,175.567642,6],[688.05365,-519.999146,177.843735,6],[676.988831,-529.543823,179.745056,6],[669.145203,-532.265991,180.695908,6],[661.426575,-533.364807,181.002258,6],[652.263184,-529.863953,178.815475,6],[647.190735,-527.995056,176.938278,6],[642.186218,-527.245422,175.582993,6],[631.165466,-530.918335,173.465637,6],[619.293335,-535.575745,172.237915,6],[616.559448,-540.370728,172.444122,6],[608.015137,-541.725769,171.845367,6],[596.839172,-547.129395,171.394958,6],[575.743042,-560.289734,172.097275,6],[562.029968,-571.558472,174.989319,6],[561.611572,-578.612122,178.177231,6],[565.455872,-588.028931,183.052719,6],[569.278809,-601.228577,188.560806,6],[568.88446,-606.946045,189.450302,6],[565.270142,-624.927307,190.773148,6],[559.402771,-657.646484,192.9375,6],[561.28186,-664.561035,194.919434,6],[569.59375,-669.127136,198.748947,6],[575.643738,-670.139221,200.340988,6],[579.485901,-663.31366,200.912964,6],[580.414124,-649.920593,201.725082,6],[579.473145,-639.69635,202.389526,6],[585.490356,-634.858704,202.722046,6],[593.361084,-637.19574,202.825882,6],[593.777588,-649.903931,203.997437,6],[592.241089,-663.017456,205.135986,6],[599.201599,-671.757202,205.837784,6],[609.443298,-677.089111,206.621201,6],[620.619995,-677.777039,207.749298,6],[635.103149,-674.164307,209.41803,6],[670.096558,-676.889771,213.862122,6],[698.624878,-677.821045,216.261169,6],[705.037354,-668.697998,216.5737,6],[701.492126,-661.514038,217.667572,6],[693.892761,-660.239014,219.042969,6],[677.606934,-662.832092,221.327133,6],[667.521118,-662.067749,222.218597,6],[644.987671,-644.291626,225.441559,6],[642.34314,-613.748413,227.93396,6],[648.660217,-607.842224,227.93396,6],[652.121948,-616.108032,227.93396,6],[658.130066,-623.346619,227.93396,6]]}
{"class":"TSStatic","__parent":"rally stage 1","position":[860.634033,-487.604218,163.899734],"isRenderEnabled":false,"rotationMatrix":[0.319036365,0.947742581,0,-0.947742581,0.319036365,0,0,0,1],"shapeName":"/levels/west_coast_usa/art/shapes/objects/featherflag_beamng.dae","useInstanceRenderData":true}
{"name":"fre_staging_rally1","class":"BeamNGTrigger","__parent":"rally stage 1","position":[862.569275,-482.092102,165.60141],"luaFunction":"onBeamNGTrigger","rotationMatrix":[0.239160836,0.970979929,-4.09781933e-08,-0.969894767,0.238893569,-0.0472647026,-0.0458930694,0.0113039054,0.998882413],"scale":[6.24291945,1,5.59612465]}
