//--- OBJECT WRITE BEGIN ---
$ThisPrefab = new SimGroup() {
   canSave = "1";
   canSaveDynamicFields = "1";
      groupPosition = "0 0 0";

   new TSStatic() {
      shapeName = "/levels/johnson_valley/art/shapes/rocks/s_rocks_desert_huge_sheet_2.dae";
      dynamic = "0";
      playAmbient = "1";
      meshCulling = "0";
      originSort = "0";
      useInstanceRenderData = "1";
      instanceColor = "White";
      instanceColor1 = "White";
      instanceColor2 = "White";
      collisionType = "Collision Mesh";
      decalType = "Collision Mesh";
      prebuildCollisionData = "0";
      renderNormals = "0";
      forceDetail = "-1";
      position = "-3.51330614 2.66590834 -0.998474717";
      scale = "1 1 1";
      rotationMatrix = "-0.986237288 -0.165335059 -9.31322575e-10 0.164284617 -0.979971409 -0.112544723 0.0186075903 -0.110995822 0.993646681";
      isRenderEnabled = "false";
      canSave = "1";
      canSaveDynamicFields = "1";
   };
   new TSStatic() {
      shapeName = "/levels/johnson_valley/art/shapes/rocks/s_rocks_desert_huge_sheet_3.dae";
      dynamic = "0";
      playAmbient = "1";
      meshCulling = "0";
      originSort = "0";
      useInstanceRenderData = "1";
      instanceColor = "White";
      instanceColor1 = "White";
      instanceColor2 = "White";
      collisionType = "Collision Mesh";
      decalType = "Collision Mesh";
      prebuildCollisionData = "0";
      renderNormals = "0";
      forceDetail = "-1";
      position = "-0.698852539 -6.78343105 0.0450280905";
      scale = "1.05664062 1.05664062 1.05664062";
      rotationMatrix = "-1.1920929e-07 -0.999999821 0 0.999999821 -1.1920929e-07 0 0 0 1";
      isRenderEnabled = "false";
      canSave = "1";
      canSaveDynamicFields = "1";
   };
   new TSStatic() {
      shapeName = "/levels/johnson_valley/art/shapes/rocks/s_rocks_desert_large_06.dae";
      dynamic = "0";
      playAmbient = "1";
      meshCulling = "0";
      originSort = "0";
      useInstanceRenderData = "1";
      instanceColor = "White";
      instanceColor1 = "White";
      instanceColor2 = "White";
      collisionType = "Collision Mesh";
      decalType = "Collision Mesh";
      prebuildCollisionData = "0";
      renderNormals = "0";
      forceDetail = "-1";
      position = "-4.27331734 5.52650547 -0.437004685";
      scale = "1.16533208 1.16533208 1.16533208";
      rotationMatrix = "-0.422047615 -0.157913342 -0.892714322 0.164573833 -0.981696606 0.0958481133 -0.891510427 -0.106464952 0.440311491";
      isRenderEnabled = "false";
      canSave = "1";
      canSaveDynamicFields = "1";
   };
   new TSStatic() {
      shapeName = "/levels/johnson_valley/art/shapes/rocks/s_rocks_desert_medium_05.dae";
      dynamic = "0";
      playAmbient = "1";
      meshCulling = "0";
      originSort = "0";
      useInstanceRenderData = "1";
      instanceColor = "White";
      instanceColor1 = "White";
      instanceColor2 = "White";
      collisionType = "Collision Mesh";
      decalType = "Collision Mesh";
      prebuildCollisionData = "0";
      renderNormals = "0";
      forceDetail = "-1";
      position = "5.12255669 1.41834986 0.33182466";
      scale = "1 1 1";
      rotationMatrix = "0.52554208 0.223426014 0.820905745 0.410979778 0.778177857 -0.474905044 -0.744916856 0.586958289 0.317141652";
      isRenderEnabled = "false";
      canSave = "1";
      canSaveDynamicFields = "1";
   };
   new TSStatic() {
      shapeName = "/levels/johnson_valley/art/shapes/rocks/s_rocks_desert_large_02.dae";
      dynamic = "0";
      playAmbient = "1";
      meshCulling = "0";
      originSort = "0";
      useInstanceRenderData = "1";
      instanceColor = "White";
      instanceColor1 = "White";
      instanceColor2 = "White";
      collisionType = "Collision Mesh";
      decalType = "Collision Mesh";
      prebuildCollisionData = "0";
      renderNormals = "0";
      forceDetail = "-1";
      position = "2.42919874 6.44996738 -0.979149461";
      scale = "1 1 1";
      rotationMatrix = "0.00114524364 -0.99905324 -0.0434855223 -0.0251992047 0.0434430838 -0.998737872 0.999681592 0.00223940611 -0.0251253843";
      isRenderEnabled = "false";
      canSave = "1";
      canSaveDynamicFields = "1";
   };
   new TSStatic() {
      shapeName = "/levels/johnson_valley/art/shapes/rocks/s_rocks_desert_large_03.dae";
      dynamic = "0";
      playAmbient = "1";
      meshCulling = "0";
      originSort = "0";
      useInstanceRenderData = "1";
      instanceColor = "White";
      instanceColor1 = "White";
      instanceColor2 = "White";
      collisionType = "Collision Mesh";
      decalType = "Collision Mesh";
      prebuildCollisionData = "0";
      renderNormals = "0";
      forceDetail = "-1";
      position = "-5.60766792 -1.43663037 -0.515106797";
      scale = "1 1 1";
      rotationMatrix = "-0.190229893 0.975730896 0.108450234 -0.466330409 0.00740253925 -0.884579539 -0.86391449 -0.218847305 0.453604996";
      isRenderEnabled = "false";
      canSave = "1";
      canSaveDynamicFields = "1";
   };
   new TSStatic() {
      shapeName = "/levels/johnson_valley/art/shapes/rocks/s_rocks_desert_low_flat_01.dae";
      dynamic = "0";
      playAmbient = "1";
      meshCulling = "0";
      originSort = "0";
      useInstanceRenderData = "1";
      instanceColor = "White";
      instanceColor1 = "White";
      instanceColor2 = "White";
      collisionType = "Collision Mesh";
      decalType = "Collision Mesh";
      prebuildCollisionData = "0";
      renderNormals = "0";
      forceDetail = "-1";
      position = "-2.20910692 -1.69786108 0.514853835";
      scale = "1 1 1";
      rotationMatrix = "1 0 0 0 1 0 0 0 1";
      isRenderEnabled = "false";
      canSave = "1";
      canSaveDynamicFields = "1";
   };
   new TSStatic() {
      shapeName = "/levels/johnson_valley/art/shapes/rocks/s_rocks_desert_low_flat_02.dae";
      dynamic = "0";
      playAmbient = "1";
      meshCulling = "0";
      originSort = "0";
      useInstanceRenderData = "1";
      instanceColor = "White";
      instanceColor1 = "White";
      instanceColor2 = "White";
      collisionType = "Collision Mesh";
      decalType = "Collision Mesh";
      prebuildCollisionData = "0";
      renderNormals = "0";
      forceDetail = "-1";
      position = "0.668579102 3.08009291 0.2285074";
      scale = "1 1 1";
      rotationMatrix = "1 0 0 0 1 0 0 0 1";
      isRenderEnabled = "false";
      canSave = "1";
      canSaveDynamicFields = "1";
   };
   new TSStatic() {
      shapeName = "/levels/johnson_valley/art/shapes/rocks/s_rocks_desert_low_flat_02.dae";
      dynamic = "0";
      playAmbient = "1";
      meshCulling = "0";
      originSort = "0";
      useInstanceRenderData = "1";
      instanceColor = "White";
      instanceColor1 = "White";
      instanceColor2 = "White";
      collisionType = "Collision Mesh";
      decalType = "Collision Mesh";
      prebuildCollisionData = "0";
      renderNormals = "0";
      forceDetail = "-1";
      position = "5.5114727 3.81825256 0.161536574";
      scale = "1 1 1";
      rotationMatrix = "0.997710407 0 -0.0676305667 0 1 0 0.0676305667 0 0.997710407";
      isRenderEnabled = "false";
      canSave = "1";
      canSaveDynamicFields = "1";
   };
   new TSStatic() {
      shapeName = "/levels/johnson_valley/art/shapes/rocks/s_rocks_desert_low_flat_02.dae";
      dynamic = "0";
      playAmbient = "1";
      meshCulling = "0";
      originSort = "0";
      useInstanceRenderData = "1";
      instanceColor = "White";
      instanceColor1 = "White";
      instanceColor2 = "White";
      collisionType = "Collision Mesh";
      decalType = "Collision Mesh";
      prebuildCollisionData = "0";
      renderNormals = "0";
      forceDetail = "-1";
      position = "3.68420362 -2.1657567 0.161536574";
      scale = "1.31210947 1.31210947 1.31210947";
      rotationMatrix = "0.0242443681 0.999680281 0.00717022642 -0.996575117 0.0236006379 0.0792518631 0.0790573061 -0.00906707346 0.996828854";
      isRenderEnabled = "false";
      canSave = "1";
      canSaveDynamicFields = "1";
   };
   new TSStatic() {
      shapeName = "/levels/johnson_valley/art/shapes/rocks/s_rocks_desert_low_flat_02.dae";
      dynamic = "0";
      playAmbient = "1";
      meshCulling = "0";
      originSort = "0";
      useInstanceRenderData = "1";
      instanceColor = "White";
      instanceColor1 = "White";
      instanceColor2 = "White";
      collisionType = "Collision Mesh";
      decalType = "Collision Mesh";
      prebuildCollisionData = "0";
      renderNormals = "0";
      forceDetail = "-1";
      position = "-4.8746357 -3.9034276 0.108550429";
      scale = "1 1 1";
      rotationMatrix = "0.999981344 -0.000415484421 0.00609332602 -1.45519152e-11 0.997683346 0.0680288449 -0.00610747468 -0.0680275783 0.99766475";
      isRenderEnabled = "false";
      canSave = "1";
      canSaveDynamicFields = "1";
   };
   new TSStatic() {
      shapeName = "/levels/johnson_valley/art/shapes/rocks/s_rocks_desert_low_flat_01.dae";
      dynamic = "0";
      playAmbient = "1";
      meshCulling = "0";
      originSort = "0";
      useInstanceRenderData = "1";
      instanceColor = "White";
      instanceColor1 = "White";
      instanceColor2 = "White";
      collisionType = "Collision Mesh";
      decalType = "Collision Mesh";
      prebuildCollisionData = "0";
      renderNormals = "0";
      forceDetail = "-1";
      position = "-0.151489258 7.81349182 0.161536574";
      scale = "1 1 1";
      rotationMatrix = "-0.142828703 0.986363888 -0.0817727149 -0.989747643 -0.142340422 0.0118004568 3.7252903e-09 0.0826197714 0.996581137";
      isRenderEnabled = "false";
      canSave = "1";
      canSaveDynamicFields = "1";
   };
};
//--- OBJECT WRITE END ---

