//--- OBJECT WRITE BEGIN ---
$ThisPrefab = new SimGroup() {
   canSave = "1";
   canSaveDynamicFields = "1";
      groupPosition = "0 0 0";

   new TSStatic() {
      shapeName = "/levels/johnson_valley/art/shapes/rocks/s_rocks_desert_large_03.dae";
      dynamic = "0";
      playAmbient = "1";
      meshCulling = "0";
      originSort = "0";
      useInstanceRenderData = "1";
      instanceColor = "White";
      instanceColor1 = "White";
      instanceColor2 = "White";
      collisionType = "Collision Mesh";
      decalType = "Collision Mesh";
      prebuildCollisionData = "0";
      renderNormals = "0";
      forceDetail = "-1";
      position = "0.373753667 -5.35088253 0.85670352";
      scale = "1 1 1";
      rotationMatrix = "0.993226349 0 -0.116195455 0 1 0 0.116195455 0 0.993226349";
      isRenderEnabled = "false";
      canSave = "1";
      canSaveDynamicFields = "1";
   };
   new TSStatic() {
      shapeName = "/levels/johnson_valley/art/shapes/rocks/s_rocks_desert_large_02.dae";
      dynamic = "0";
      playAmbient = "1";
      meshCulling = "0";
      originSort = "0";
      useInstanceRenderData = "1";
      instanceColor = "White";
      instanceColor1 = "White";
      instanceColor2 = "White";
      collisionType = "Collision Mesh";
      decalType = "Collision Mesh";
      prebuildCollisionData = "0";
      renderNormals = "0";
      forceDetail = "-1";
      position = "-4.79722738 -1.60478675 0.03040874";
      scale = "1.22410154 1.22410154 1.22410154";
      rotationMatrix = "0.998861313 0 0.0477082878 0 1 0 -0.0477082878 0 0.998861313";
      isRenderEnabled = "false";
      canSave = "1";
      canSaveDynamicFields = "1";
   };
   new TSStatic() {
      shapeName = "/levels/johnson_valley/art/shapes/rocks/s_rocks_desert_large_02.dae";
      dynamic = "0";
      playAmbient = "1";
      meshCulling = "0";
      originSort = "0";
      useInstanceRenderData = "1";
      instanceColor = "White";
      instanceColor1 = "White";
      instanceColor2 = "White";
      collisionType = "Collision Mesh";
      decalType = "Collision Mesh";
      prebuildCollisionData = "0";
      renderNormals = "0";
      forceDetail = "-1";
      position = "0.356842458 4.50716972 0.434539318";
      scale = "1.22410154 1.22410154 1.22410154";
      rotationMatrix = "0.987080216 -0.0318483934 -0.157029718 -0.160057694 -0.150970817 -0.975494504 0.00736106187 0.988025188 -0.154117823";
      isRenderEnabled = "false";
      canSave = "1";
      canSaveDynamicFields = "1";
      persistentId = "c954119e-dc3d-4931-bb79-f22c5e320c3e";
   };
   new TSStatic() {
      shapeName = "/levels/johnson_valley/art/shapes/rocks/s_rocks_desert_huge_sheet_2.dae";
      dynamic = "0";
      playAmbient = "1";
      meshCulling = "0";
      originSort = "0";
      useInstanceRenderData = "1";
      instanceColor = "White";
      instanceColor1 = "White";
      instanceColor2 = "White";
      collisionType = "Collision Mesh";
      decalType = "Collision Mesh";
      prebuildCollisionData = "0";
      renderNormals = "0";
      forceDetail = "-1";
      position = "0.65215683 -1.88926721 -0.304816484";
      scale = "1.22308302 1.22308302 1.22308302";
      rotationMatrix = "1 0 0 0 1 0 0 0 1";
      isRenderEnabled = "false";
      canSave = "1";
      canSaveDynamicFields = "1";
   };
   new TSStatic() {
      shapeName = "/levels/johnson_valley/art/shapes/rocks/s_rocks_desert_huge_sheet_2.dae";
      dynamic = "0";
      playAmbient = "1";
      meshCulling = "0";
      originSort = "0";
      useInstanceRenderData = "1";
      instanceColor = "White";
      instanceColor1 = "White";
      instanceColor2 = "White";
      collisionType = "Collision Mesh";
      decalType = "Collision Mesh";
      prebuildCollisionData = "0";
      renderNormals = "0";
      forceDetail = "-1";
      position = "-8.61740017 -2.29382062 -0.127744079";
      scale = "1.22308302 1.22308302 1.22308302";
      rotationMatrix = "-0.999999762 -3.25841313e-07 0 3.25841313e-07 -0.999999762 0 0 0 1";
      isRenderEnabled = "false";
      canSave = "1";
      canSaveDynamicFields = "1";
   };
   new TSStatic() {
      shapeName = "/levels/johnson_valley/art/shapes/rocks/s_rocks_desert_huge_sheet_2.dae";
      dynamic = "0";
      playAmbient = "1";
      meshCulling = "0";
      originSort = "0";
      useInstanceRenderData = "1";
      instanceColor = "White";
      instanceColor1 = "White";
      instanceColor2 = "White";
      collisionType = "Collision Mesh";
      decalType = "Collision Mesh";
      prebuildCollisionData = "0";
      renderNormals = "0";
      forceDetail = "-1";
      position = "-4.23551416 5.22902966 0.337352753";
      scale = "1 1 1";
      rotationMatrix = "-0.999999762 -3.25841313e-07 0 3.24174437e-07 -0.994884133 0.101019874 -3.291645e-08 0.101019874 0.994884431";
      isRenderEnabled = "false";
      canSave = "1";
      canSaveDynamicFields = "1";
   };
   new TSStatic() {
      shapeName = "/levels/johnson_valley/art/shapes/rocks/s_rocks_desert_huge_sheet_2.dae";
      dynamic = "0";
      playAmbient = "1";
      meshCulling = "0";
      originSort = "0";
      useInstanceRenderData = "1";
      instanceColor = "White";
      instanceColor1 = "White";
      instanceColor2 = "White";
      collisionType = "Collision Mesh";
      decalType = "Collision Mesh";
      prebuildCollisionData = "0";
      renderNormals = "0";
      forceDetail = "-1";
      position = "-3.71946955 -10.765728 -0.272288799";
      scale = "1 1 1";
      rotationMatrix = "-0.999999881 -3.25729388e-07 -8.54150972e-09 3.24325981e-07 -0.992482066 -0.122389041 3.13884101e-08 -0.122389041 0.992482185";
      isRenderEnabled = "false";
      canSave = "1";
      canSaveDynamicFields = "1";
   };
   new TSStatic() {
      shapeName = "/levels/johnson_valley/art/shapes/rocks/s_rocks_desert_huge_sheet_2.dae";
      dynamic = "0";
      playAmbient = "1";
      meshCulling = "0";
      originSort = "0";
      useInstanceRenderData = "1";
      instanceColor = "White";
      instanceColor1 = "White";
      instanceColor2 = "White";
      collisionType = "Collision Mesh";
      decalType = "Collision Mesh";
      prebuildCollisionData = "0";
      renderNormals = "0";
      forceDetail = "-1";
      position = "2.80674219 -8.53452873 -1.04166389";
      scale = "1 1 1";
      rotationMatrix = "0.96539253 0.234238878 -0.114670925 -0.208860084 0.9577021 0.197949961 0.15618816 -0.167149231 0.973481596";
      isRenderEnabled = "false";
      canSave = "1";
      canSaveDynamicFields = "1";
   };
   new TSStatic() {
      shapeName = "/levels/johnson_valley/art/shapes/rocks/s_rocks_desert_huge_sheet_2.dae";
      dynamic = "0";
      playAmbient = "1";
      meshCulling = "0";
      originSort = "0";
      useInstanceRenderData = "1";
      instanceColor = "White";
      instanceColor1 = "White";
      instanceColor2 = "White";
      collisionType = "Collision Mesh";
      decalType = "Collision Mesh";
      prebuildCollisionData = "0";
      renderNormals = "0";
      forceDetail = "-1";
      position = "5.10187387 2.4593823 -0.414452076";
      scale = "1.14979887 1.14979887 1.14979887";
      rotationMatrix = "0.981397212 0.188550338 -0.0361706056 -0.191267177 0.976516843 -0.0991548225 0.0166255273 0.104228519 0.994414389";
      isRenderEnabled = "false";
      canSave = "1";
      canSaveDynamicFields = "1";
   };
   new TSStatic() {
      shapeName = "/levels/johnson_valley/art/shapes/rocks/s_rocks_desert_huge_sheet_2.dae";
      dynamic = "0";
      playAmbient = "1";
      meshCulling = "0";
      originSort = "0";
      useInstanceRenderData = "1";
      instanceColor = "White";
      instanceColor1 = "White";
      instanceColor2 = "White";
      collisionType = "Collision Mesh";
      decalType = "Collision Mesh";
      prebuildCollisionData = "0";
      renderNormals = "0";
      forceDetail = "-1";
      position = "9.17430019 -3.41865993 -1.24523163";
      scale = "1.07313287 1.07313287 1.07313287";
      rotationMatrix = "0.989528894 0.0135922376 -0.143693477 0 0.995555997 0.094171524 0.144334912 -0.0931854397 0.985131443";
      isRenderEnabled = "false";
      canSave = "1";
      canSaveDynamicFields = "1";
   };
   new TSStatic() {
      shapeName = "/levels/johnson_valley/art/shapes/rocks/s_rocks_desert_huge_sheet_2.dae";
      dynamic = "0";
      playAmbient = "1";
      meshCulling = "0";
      originSort = "0";
      useInstanceRenderData = "1";
      instanceColor = "White";
      instanceColor1 = "White";
      instanceColor2 = "White";
      collisionType = "Collision Mesh";
      decalType = "Collision Mesh";
      prebuildCollisionData = "0";
      renderNormals = "0";
      forceDetail = "-1";
      position = "1.44736028 9.66999817 -0.837213516";
      scale = "1 1 1";
      rotationMatrix = "0.992009223 -0.079272747 -0.0981502756 0.055336073 0.972512066 -0.226181775 0.113382377 0.218943149 0.969127595";
      isRenderEnabled = "false";
      canSave = "1";
      canSaveDynamicFields = "1";
   };
};
//--- OBJECT WRITE END ---





