//--- OBJECT WRITE BEGIN ---
$ThisPrefab = new SimGroup() {
   canSave = "1";
   canSaveDynamicFields = "1";
      groupPosition = "0 0 0";

   new TSStatic() {
      shapeName = "/levels/johnson_valley/art/shapes/rocks/s_rocks_desert_huge_sheet_2.dae";
      dynamic = "0";
      playAmbient = "1";
      meshCulling = "0";
      originSort = "0";
      useInstanceRenderData = "1";
      instanceColor = "White";
      instanceColor1 = "White";
      instanceColor2 = "White";
      collisionType = "Collision Mesh";
      decalType = "Collision Mesh";
      prebuildCollisionData = "0";
      renderNormals = "0";
      forceDetail = "-1";
      position = "-0.257995963 0.134672612 -0.661617875";
      scale = "1 1 1";
      rotationMatrix = "0.0774011612 -0.995541215 -0.0539127514 0.996991158 0.0775139332 3.7252903e-09 0.0041789785 -0.0537505411 0.998545647";
      isRenderEnabled = "false";
      canSave = "1";
      canSaveDynamicFields = "1";
   };
   new TSStatic() {
      shapeName = "/levels/johnson_valley/art/shapes/rocks/s_rocks_desert_low_flat_01.dae";
      dynamic = "0";
      playAmbient = "1";
      meshCulling = "0";
      originSort = "0";
      useInstanceRenderData = "1";
      instanceColor = "White";
      instanceColor1 = "White";
      instanceColor2 = "White";
      collisionType = "Collision Mesh";
      decalType = "Collision Mesh";
      prebuildCollisionData = "0";
      renderNormals = "0";
      forceDetail = "-1";
      position = "2.63318324 5.45668173 0.175059319";
      scale = "1 1 1";
      rotationMatrix = "1 0 0 0 0.996001303 -0.0893384442 0 0.0893384442 0.996001303";
      isRenderEnabled = "false";
      canSave = "1";
      canSaveDynamicFields = "1";
   };
   new TSStatic() {
      shapeName = "/levels/johnson_valley/art/shapes/rocks/s_rocks_desert_low_flat_02.dae";
      dynamic = "0";
      playAmbient = "1";
      meshCulling = "0";
      originSort = "0";
      useInstanceRenderData = "1";
      instanceColor = "White";
      instanceColor1 = "White";
      instanceColor2 = "White";
      collisionType = "Collision Mesh";
      decalType = "Collision Mesh";
      prebuildCollisionData = "0";
      renderNormals = "0";
      forceDetail = "-1";
      position = "3.19332433 -3.83975077 0.175059319";
      scale = "1 1 1";
      rotationMatrix = "-0.0473386049 0.998746395 0.0162591506 -0.997395396 -0.0481488705 0.0537016541 0.0544172078 -0.0136746299 0.998424649";
      isRenderEnabled = "false";
      canSave = "1";
      canSaveDynamicFields = "1";
   };
   new TSStatic() {
      shapeName = "/levels/johnson_valley/art/shapes/rocks/s_rocks_desert_low_flat_02.dae";
      dynamic = "0";
      playAmbient = "1";
      meshCulling = "0";
      originSort = "0";
      useInstanceRenderData = "1";
      instanceColor = "White";
      instanceColor1 = "White";
      instanceColor2 = "White";
      collisionType = "Collision Mesh";
      decalType = "Collision Mesh";
      prebuildCollisionData = "0";
      renderNormals = "0";
      forceDetail = "-1";
      position = "-2.45183253 -5.71174097 0.146878958";
      scale = "1 1 1";
      rotationMatrix = "0.0509140491 -0.99736315 -0.0517201237 0.993750751 0.0454425812 0.101955354 -0.0993361771 -0.0565878786 0.993443549";
      isRenderEnabled = "false";
      canSave = "1";
      canSaveDynamicFields = "1";
   };
   new TSStatic() {
      shapeName = "/levels/johnson_valley/art/shapes/rocks/s_rocks_desert_low_flat_02.dae";
      dynamic = "0";
      playAmbient = "1";
      meshCulling = "0";
      originSort = "0";
      useInstanceRenderData = "1";
      instanceColor = "White";
      instanceColor1 = "White";
      instanceColor2 = "White";
      collisionType = "Collision Mesh";
      decalType = "Collision Mesh";
      prebuildCollisionData = "0";
      renderNormals = "0";
      forceDetail = "-1";
      position = "-5.00206947 2.45140648 0.270314932";
      scale = "1 1 1";
      rotationMatrix = "0.0411741138 -0.999018312 0.0163427964 0.988848567 0.0430870056 0.142555654 -0.143119872 0.010290958 0.989651859";
      isRenderEnabled = "false";
      canSave = "1";
      canSaveDynamicFields = "1";
   };
   new TSStatic() {
      shapeName = "/levels/johnson_valley/art/shapes/rocks/s_rocks_desert_low_flat_02.dae";
      dynamic = "0";
      playAmbient = "1";
      meshCulling = "0";
      originSort = "0";
      useInstanceRenderData = "1";
      instanceColor = "White";
      instanceColor1 = "White";
      instanceColor2 = "White";
      collisionType = "Collision Mesh";
      decalType = "Collision Mesh";
      prebuildCollisionData = "0";
      renderNormals = "0";
      forceDetail = "-1";
      position = "5.37706947 1.49306691 0.3861835";
      scale = "1 1 1";
      rotationMatrix = "-0.997371912 -0.0700098425 -0.0186372027 0.0688722432 -0.996055841 0.055935353 -0.0224797279 0.054504782 0.998260438";
      isRenderEnabled = "false";
      canSave = "1";
      canSaveDynamicFields = "1";
   };
   new TSStatic() {
      shapeName = "/levels/johnson_valley/art/shapes/rocks/s_rocks_desert_low_flat_02.dae";
      dynamic = "0";
      playAmbient = "1";
      meshCulling = "0";
      originSort = "0";
      useInstanceRenderData = "1";
      instanceColor = "White";
      instanceColor1 = "White";
      instanceColor2 = "White";
      collisionType = "Collision Mesh";
      decalType = "Collision Mesh";
      prebuildCollisionData = "0";
      renderNormals = "0";
      forceDetail = "-1";
      position = "-6.52889633 -2.72732449 0.0635278225";
      scale = "1 1 1";
      rotationMatrix = "-0.993823886 -0.0714498162 -0.0849081501 0.0750153363 -0.996397257 -0.0395678207 -0.0817751214 -0.0456928536 0.995602846";
      isRenderEnabled = "false";
      canSave = "1";
      canSaveDynamicFields = "1";
   };
   new TSStatic() {
      shapeName = "/levels/johnson_valley/art/shapes/rocks/s_rocks_desert_low_flat_02.dae";
      dynamic = "0";
      playAmbient = "1";
      meshCulling = "0";
      originSort = "0";
      useInstanceRenderData = "1";
      instanceColor = "White";
      instanceColor1 = "White";
      instanceColor2 = "White";
      collisionType = "Collision Mesh";
      decalType = "Collision Mesh";
      prebuildCollisionData = "0";
      renderNormals = "0";
      forceDetail = "-1";
      position = "-1.59794819 6.26456881 0.161335707";
      scale = "1 1 1";
      rotationMatrix = "0.0394544005 0.997783124 -0.0535902679 -0.998968303 0.0381810665 -0.0245803464 -0.0224797353 0.0545047894 0.998260438";
      isRenderEnabled = "false";
      canSave = "1";
      canSaveDynamicFields = "1";
   };
};
//--- OBJECT WRITE END ---

