//--- OBJECT WRITE BEGIN ---
$ThisPrefab = new SimGroup() {
   canSave = "1";
   canSaveDynamicFields = "1";
      groupPosition = "1054.6991373698 286.60568237305 116.78943634033";

   new TSStatic() {
      shapeName = "/levels/johnson_valley/art/shapes/rocks/s_rocks_desert_large_02.dae";
      dynamic = "0";
      playAmbient = "1";
      meshCulling = "0";
      originSort = "0";
      useInstanceRenderData = "1";
      instanceColor = "White";
      instanceColor1 = "White";
      instanceColor2 = "White";
      collisionType = "Collision Mesh";
      decalType = "Collision Mesh";
      prebuildCollisionData = "0";
      renderNormals = "0";
      forceDetail = "-1";
      position = "3.85266113 -1.52163696 -0.301605225";
      scale = "1 1 1";
      rotationMatrix = "-0.0854192972 0.954073489 0.287136227 0.99614352 0.0759833455 0.0438687503 0.020036459 0.289776146 -0.956884623";
      isRenderEnabled = "false";
      canSave = "1";
      canSaveDynamicFields = "1";
   };
   new TSStatic() {
      shapeName = "/levels/johnson_valley/art/shapes/rocks/s_rocks_desert_large_03.dae";
      dynamic = "0";
      playAmbient = "1";
      meshCulling = "0";
      originSort = "0";
      useInstanceRenderData = "1";
      instanceColor = "White";
      instanceColor1 = "White";
      instanceColor2 = "White";
      collisionType = "Collision Mesh";
      decalType = "Collision Mesh";
      prebuildCollisionData = "0";
      renderNormals = "0";
      forceDetail = "-1";
      position = "1.38269043 -2.12786865 0.635269165";
      scale = "1 1 1";
      rotationMatrix = "-0.0851976871 -0.933419704 -0.348524511 0.16864118 0.331240058 -0.928353548 0.981988728 -0.137868971 0.129191935";
      isRenderEnabled = "false";
      canSave = "1";
      canSaveDynamicFields = "1";
   };
   new TSStatic() {
      shapeName = "/levels/johnson_valley/art/shapes/rocks/s_rocks_desert_large_02.dae";
      dynamic = "0";
      playAmbient = "1";
      meshCulling = "0";
      originSort = "0";
      useInstanceRenderData = "1";
      instanceColor = "White";
      instanceColor1 = "White";
      instanceColor2 = "White";
      collisionType = "Collision Mesh";
      decalType = "Collision Mesh";
      prebuildCollisionData = "0";
      renderNormals = "0";
      forceDetail = "-1";
      position = "-1.75549316 -1.10986328 0.411529541";
      scale = "1 1 1";
      rotationMatrix = "0.995841384 0.0788985938 -0.0455517955 -0.0757362396 0.439048886 -0.895265341 -0.0506357141 0.894992232 0.443198562";
      isRenderEnabled = "false";
      canSave = "1";
      canSaveDynamicFields = "1";
   };
   new TSStatic() {
      shapeName = "/levels/johnson_valley/art/shapes/rocks/s_rocks_desert_large_02.dae";
      dynamic = "0";
      playAmbient = "1";
      meshCulling = "0";
      originSort = "0";
      useInstanceRenderData = "1";
      instanceColor = "White";
      instanceColor1 = "White";
      instanceColor2 = "White";
      collisionType = "Collision Mesh";
      decalType = "Collision Mesh";
      prebuildCollisionData = "0";
      renderNormals = "0";
      forceDetail = "-1";
      position = "-4.96386719 -1.04708862 -0.212173462";
      scale = "1 1 1";
      rotationMatrix = "-0.877106786 0.201544598 -0.4359622 0.480295002 0.368057013 -0.796147346 -2.83122063e-07 -0.907696843 -0.419626117";
      isRenderEnabled = "false";
      canSave = "1";
      canSaveDynamicFields = "1";
   };
   new TSStatic() {
      shapeName = "/levels/johnson_valley/art/shapes/rocks/s_rocks_desert_large_03.dae";
      dynamic = "0";
      playAmbient = "1";
      meshCulling = "0";
      originSort = "0";
      useInstanceRenderData = "1";
      instanceColor = "White";
      instanceColor1 = "White";
      instanceColor2 = "White";
      collisionType = "Collision Mesh";
      decalType = "Collision Mesh";
      prebuildCollisionData = "0";
      renderNormals = "0";
      forceDetail = "-1";
      position = "1.71374512 0.237670898 0.748252869";
      scale = "1 1 1";
      rotationMatrix = "1 0 0 0 -0.441392183 -0.897314072 0 0.897314072 -0.441392183";
      isRenderEnabled = "false";
      canSave = "1";
      canSaveDynamicFields = "1";
   };
   new TSStatic() {
      shapeName = "/levels/johnson_valley/art/shapes/rocks/s_rocks_desert_large_04.dae";
      dynamic = "0";
      playAmbient = "1";
      meshCulling = "0";
      originSort = "0";
      useInstanceRenderData = "1";
      instanceColor = "White";
      instanceColor1 = "White";
      instanceColor2 = "White";
      collisionType = "Collision Mesh";
      decalType = "Collision Mesh";
      prebuildCollisionData = "0";
      renderNormals = "0";
      forceDetail = "-1";
      position = "1.92004395 2.19570923 -0.422370911";
      scale = "1 1 1";
      rotationMatrix = "0.99225086 0.124250442 0 -0.124250442 0.99225086 0 0 0 1";
      isRenderEnabled = "false";
      canSave = "1";
      canSaveDynamicFields = "1";
   };
   new TSStatic() {
      shapeName = "/levels/johnson_valley/art/shapes/rocks/s_rocks_desert_large_02.dae";
      dynamic = "0";
      playAmbient = "1";
      meshCulling = "0";
      originSort = "0";
      useInstanceRenderData = "1";
      instanceColor = "White";
      instanceColor1 = "White";
      instanceColor2 = "White";
      collisionType = "Collision Mesh";
      decalType = "Collision Mesh";
      prebuildCollisionData = "0";
      renderNormals = "0";
      forceDetail = "-1";
      position = "4.38085938 0.833435059 -0.338790894";
      scale = "1 1 1";
      rotationMatrix = "0.0448229909 0.686950386 -0.725320876 0.495851457 0.615001976 0.613110125 0.867250025 -0.387132913 -0.313059092";
      isRenderEnabled = "false";
      canSave = "1";
      canSaveDynamicFields = "1";
   };
   new TSStatic() {
      shapeName = "/levels/johnson_valley/art/shapes/rocks/s_rocks_desert_large_02.dae";
      dynamic = "0";
      playAmbient = "1";
      meshCulling = "0";
      originSort = "0";
      useInstanceRenderData = "1";
      instanceColor = "White";
      instanceColor1 = "White";
      instanceColor2 = "White";
      collisionType = "Collision Mesh";
      decalType = "Collision Mesh";
      prebuildCollisionData = "0";
      renderNormals = "0";
      forceDetail = "-1";
      position = "-1.49157715 1.35964966 -0.104438782";
      scale = "1 1 1";
      rotationMatrix = "3.57627869e-07 -0.866025448 0.50000006 2.68220901e-07 -0.5 -0.866025448 1 4.47034836e-07 5.96046448e-08";
      isRenderEnabled = "false";
      canSave = "1";
      canSaveDynamicFields = "1";
   };
   new TSStatic() {
      shapeName = "/levels/johnson_valley/art/shapes/rocks/s_rocks_desert_large_02.dae";
      dynamic = "0";
      playAmbient = "1";
      meshCulling = "0";
      originSort = "0";
      useInstanceRenderData = "1";
      instanceColor = "White";
      instanceColor1 = "White";
      instanceColor2 = "White";
      collisionType = "Collision Mesh";
      decalType = "Collision Mesh";
      prebuildCollisionData = "0";
      renderNormals = "0";
      forceDetail = "-1";
      position = "-5.03869629 1.17999268 -0.415672302";
      scale = "1 1 1";
      rotationMatrix = "0.984179497 0.0885871649 0.15343751 -0.17717436 0.492089689 0.852324426 0 -0.866025388 0.49999994";
      isRenderEnabled = "false";
      canSave = "1";
      canSaveDynamicFields = "1";
   };
};
//--- OBJECT WRITE END ---
