//--- OBJECT WRITE BEGIN ---
$ThisPrefab = new SimGroup() {
   canSave = "1";
   canSaveDynamicFields = "1";
      groupPosition = "0 0 0";

   new TSStatic() {
      shapeName = "/levels/johnson_valley/art/shapes/rocks/s_rocks_desert_huge_sheet_2.dae";
      dynamic = "0";
      playAmbient = "1";
      meshCulling = "0";
      originSort = "0";
      useInstanceRenderData = "1";
      instanceColor = "White";
      instanceColor1 = "White";
      instanceColor2 = "White";
      collisionType = "Collision Mesh";
      decalType = "Collision Mesh";
      prebuildCollisionData = "0";
      renderNormals = "0";
      forceDetail = "-1";
      position = "-0.201385617 -3.59300375 0.175060272";
      scale = "1 1 1";
      rotationMatrix = "1 0 0 0 0.99805069 0.0624082871 0 -0.0624082871 0.99805069";
      isRenderEnabled = "false";
      canSave = "1";
      canSaveDynamicFields = "1";
   };
   new TSStatic() {
      shapeName = "/levels/johnson_valley/art/shapes/rocks/s_rocks_desert_low_flat_01.dae";
      dynamic = "0";
      playAmbient = "1";
      meshCulling = "0";
      originSort = "0";
      useInstanceRenderData = "1";
      instanceColor = "White";
      instanceColor1 = "White";
      instanceColor2 = "White";
      collisionType = "Collision Mesh";
      decalType = "Collision Mesh";
      prebuildCollisionData = "0";
      renderNormals = "0";
      forceDetail = "-1";
      position = "3.79328918 -0.859170437 0.17506218";
      scale = "1 1 1";
      rotationMatrix = "0.862391531 0 -0.506241858 0 1 0 0.506241858 0 0.862391531";
      isRenderEnabled = "false";
      canSave = "1";
      canSaveDynamicFields = "1";
   };
   new TSStatic() {
      shapeName = "/levels/johnson_valley/art/shapes/rocks/s_rocks_desert_large_02.dae";
      dynamic = "0";
      playAmbient = "1";
      meshCulling = "0";
      originSort = "0";
      useInstanceRenderData = "1";
      instanceColor = "White";
      instanceColor1 = "White";
      instanceColor2 = "White";
      collisionType = "Collision Mesh";
      decalType = "Collision Mesh";
      prebuildCollisionData = "0";
      renderNormals = "0";
      forceDetail = "-1";
      position = "0.0342406034 10.4301395 -1.55625343";
      scale = "1.19778514 1.19778514 1.19778514";
      rotationMatrix = "-0.0377385616 -0.990207076 0.134408906 0.802451015 -0.110187292 -0.586456418 0.595523477 0.0857245624 0.798750997";
      isRenderEnabled = "false";
      canSave = "1";
      canSaveDynamicFields = "1";
   };
   new TSStatic() {
      shapeName = "/levels/johnson_valley/art/shapes/rocks/s_rocks_desert_medium_01.dae";
      dynamic = "0";
      playAmbient = "1";
      meshCulling = "0";
      originSort = "0";
      useInstanceRenderData = "1";
      instanceColor = "White";
      instanceColor1 = "White";
      instanceColor2 = "White";
      collisionType = "Collision Mesh";
      decalType = "Collision Mesh";
      prebuildCollisionData = "0";
      renderNormals = "0";
      forceDetail = "-1";
      position = "0.341003299 7.50126505 0.374958038";
      scale = "1.18702388 1.18702388 1.18702388";
      rotationMatrix = "0.0937793851 0.328326494 0.939897418 -0.0130840242 0.944382787 -0.32858786 -0.995507002 0.0185171366 0.092859447";
      isRenderEnabled = "false";
      canSave = "1";
      canSaveDynamicFields = "1";
   };
   new TSStatic() {
      shapeName = "/levels/johnson_valley/art/shapes/rocks/s_rocks_desert_medium_01.dae";
      dynamic = "0";
      playAmbient = "1";
      meshCulling = "0";
      originSort = "0";
      useInstanceRenderData = "1";
      instanceColor = "White";
      instanceColor1 = "White";
      instanceColor2 = "White";
      collisionType = "Collision Mesh";
      decalType = "Collision Mesh";
      prebuildCollisionData = "0";
      renderNormals = "0";
      forceDetail = "-1";
      position = "1.19398487 0.05316782 0.893634796";
      scale = "1.18702388 1.18702388 1.18702388";
      rotationMatrix = "0.483029366 0.051131703 0.874109805 -0.0887640491 0.996010065 -0.00921172649 -0.871093214 -0.0731400102 0.485640764";
      isRenderEnabled = "false";
      canSave = "1";
      canSaveDynamicFields = "1";
   };
   new TSStatic() {
      shapeName = "/levels/johnson_valley/art/shapes/rocks/s_rocks_desert_low_flat_02.dae";
      dynamic = "0";
      playAmbient = "1";
      meshCulling = "0";
      originSort = "0";
      useInstanceRenderData = "1";
      instanceColor = "White";
      instanceColor1 = "White";
      instanceColor2 = "White";
      collisionType = "Collision Mesh";
      decalType = "Collision Mesh";
      prebuildCollisionData = "0";
      renderNormals = "0";
      forceDetail = "-1";
      position = "2.93921614 -8.42657089 0.0965118408";
      scale = "1 1 1";
      rotationMatrix = "0.875801861 -0.0480975509 -0.480268419 0.220027119 0.925408304 0.308557212 0.429603517 -0.375907063 0.821057081";
      isRenderEnabled = "false";
      canSave = "1";
      canSaveDynamicFields = "1";
   };
   new TSStatic() {
      shapeName = "/levels/johnson_valley/art/shapes/rocks/s_rocks_desert_low_flat_01.dae";
      dynamic = "0";
      playAmbient = "1";
      meshCulling = "0";
      originSort = "0";
      useInstanceRenderData = "1";
      instanceColor = "White";
      instanceColor1 = "White";
      instanceColor2 = "White";
      collisionType = "Collision Mesh";
      decalType = "Collision Mesh";
      prebuildCollisionData = "0";
      renderNormals = "0";
      forceDetail = "-1";
      position = "-1.4537046 -9.86387062 0.173088074";
      scale = "1 1 1";
      rotationMatrix = "-0.691709399 0.705816507 0.152842507 -0.653677464 -0.521950841 -0.547971547 -0.3069911 -0.478946865 0.822414935";
      isRenderEnabled = "false";
      canSave = "1";
      canSaveDynamicFields = "1";
   };
   new TSStatic() {
      shapeName = "/levels/johnson_valley/art/shapes/rocks/s_rocks_desert_low_flat_02.dae";
      dynamic = "0";
      playAmbient = "1";
      meshCulling = "0";
      originSort = "0";
      useInstanceRenderData = "1";
      instanceColor = "White";
      instanceColor1 = "White";
      instanceColor2 = "White";
      collisionType = "Collision Mesh";
      decalType = "Collision Mesh";
      prebuildCollisionData = "0";
      renderNormals = "0";
      forceDetail = "-1";
      position = "3.31106567 3.73145175 0.22416687";
      scale = "1 1 1";
      rotationMatrix = "-0.266917825 -0.893421113 0.3613213 0.726284206 -0.432921529 -0.533937812 0.633455276 0.119904339 0.764432669";
      isRenderEnabled = "false";
      canSave = "1";
      canSaveDynamicFields = "1";
   };
   new TSStatic() {
      shapeName = "/levels/johnson_valley/art/shapes/rocks/s_rocks_desert_low_flat_02.dae";
      dynamic = "0";
      playAmbient = "1";
      meshCulling = "0";
      originSort = "0";
      useInstanceRenderData = "1";
      instanceColor = "White";
      instanceColor1 = "White";
      instanceColor2 = "White";
      collisionType = "Collision Mesh";
      decalType = "Collision Mesh";
      prebuildCollisionData = "0";
      renderNormals = "0";
      forceDetail = "-1";
      position = "-2.31307983 3.69665408 0.441402435";
      scale = "1 1 1";
      rotationMatrix = "-0.490192533 -0.859298289 -0.146004945 0.6864416 -0.483825684 0.54287231 -0.537130237 0.165888175 0.827026129";
      isRenderEnabled = "false";
      canSave = "1";
      canSaveDynamicFields = "1";
   };
};
//--- OBJECT WRITE END ---





