{"name":"dockBulb_9","class":"PointLight","__parent":"dockSpotLights_2","position":[604.848816,1681.25623,104.825081],"brightness":20,"radius":0.5,"rotationMatrix":[0.999974072,-0.00718795089,-2.32830616e-10,-0.00696086278,-0.968382001,-0.249374017,0.00179248815,0.24936758,-0.968407035],"shadowDarkenColor":[0,0,0,0]}
{"name":"dockBulb_10","class":"PointLight","__parent":"dockSpotLights_2","position":[604.888977,1683.1626,104.825081],"brightness":20,"radius":0.5,"rotationMatrix":[0.999974072,-0.00718795089,-2.32830616e-10,-0.00696086278,-0.968382001,-0.249374017,0.00179248815,0.24936758,-0.968407035],"shadowDarkenColor":[0,0,0,0]}
{"name":"dockBulb_11","class":"PointLight","__parent":"dockSpotLights_2","position":[605.229187,1682.16614,104.825081],"brightness":20,"radius":0.5,"rotationMatrix":[0.999974072,-0.00718795089,-2.32830616e-10,-0.00696086278,-0.968382001,-0.249374017,0.00179248815,0.24936758,-0.968407035],"shadowDarkenColor":[0,0,0,0]}
{"name":"dockBulb_12","class":"PointLight","__parent":"dockSpotLights_2","position":[603.980103,1680.89209,104.825081],"brightness":20,"radius":0.5,"rotationMatrix":[0.999974072,-0.00718795089,-2.32830616e-10,-0.00696086278,-0.968382001,-0.249374017,0.00179248815,0.24936758,-0.968407035],"shadowDarkenColor":[0,0,0,0]}
{"name":"dockBulb_13","class":"PointLight","__parent":"dockSpotLights_2","position":[603.137939,1681.32532,104.825081],"brightness":20,"radius":0.5,"rotationMatrix":[0.999974072,-0.00718795089,-2.32830616e-10,-0.00696086278,-0.968382001,-0.249374017,0.00179248815,0.24936758,-0.968407035],"shadowDarkenColor":[0,0,0,0]}
{"name":"dockBulb_14","class":"PointLight","__parent":"dockSpotLights_2","position":[602.596802,1682.16064,104.825081],"brightness":20,"radius":0.5,"rotationMatrix":[0.999974072,-0.00718795089,-2.32830616e-10,-0.00696086278,-0.968382001,-0.249374017,0.00179248815,0.24936758,-0.968407035],"shadowDarkenColor":[0,0,0,0]}
{"name":"dockBulb_15","class":"PointLight","__parent":"dockSpotLights_2","position":[603.008484,1683.09497,104.825081],"brightness":20,"radius":0.5,"rotationMatrix":[0.999974072,-0.00718795089,-2.32830616e-10,-0.00696086278,-0.968382001,-0.249374017,0.00179248815,0.24936758,-0.968407035],"shadowDarkenColor":[0,0,0,0]}
{"name":"dockBulb_16","class":"PointLight","__parent":"dockSpotLights_2","position":[603.933777,1683.51892,104.825081],"brightness":20,"radius":0.5,"rotationMatrix":[0.999974072,-0.00718795089,-2.32830616e-10,-0.00696086278,-0.968382001,-0.249374017,0.00179248815,0.24936758,-0.968407035],"shadowDarkenColor":[0,0,0,0]}
