{"name":"dockBulb_9","class":"PointLight","__parent":"dockSpotLights_2","position":[604.848816,1681.25623,104.825081],"brightness":20,"radius":0.5,"rotationMatrix":[0.999974072,-0.00718795089,-2.32830616e-10,-0.00696086278,-0.968382001,-0.249374017,0.00179248815,0.24936758,-0.968407035],"shadowDarkenColor":[0,0,0,0]}
{"name":"dockBulb_10","class":"PointLight","__parent":"dockSpotLights_2","position":[604.888977,1683.1626,104.825081],"brightness":20,"radius":0.5,"rotationMatrix":[0.999974072,-0.00718795089,-2.32830616e-10,-0.00696086278,-0.968382001,-0.249374017,0.00179248815,0.24936758,-0.968407035],"shadowDarkenColor":[0,0,0,0]}
{"name":"dockBulb_11","class":"PointLight","__parent":"dockSpotLights_2","position":[605.229187,1682.16614,104.825081],"brightness":20,"radius":0.5,"rotationMatrix":[0.999974072,-0.00718795089,-2.32830616e-10,-0.00696086278,-0.968382001,-0.249374017,0.00179248815,0.24936758,-0.968407035],"shadowDarkenColor":[0,0,0,0]}
{"name":"dockBulb_12","class":"PointLight","__parent":"dockSpotLights_2","position":[603.980103,1680.89209,104.825081],"brightness":20,"radius":0.5,"rotationMatrix":[0.999974072,-0.00718795089,-2.32830616e-10,-0.00696086278,-0.968382001,-0.249374017,0.00179248815,0.24936758,-0.968407035],"shadowDarkenColor":[0,0,0,0]}
{"name":"dockBulb_13","class":"PointLight","__parent":"dockSpotLights_2","position":[603.137939,1681.32532,104.825081],"brightness":20,"radius":0.5,"rotationMatrix":[0.999974072,-0.00718795089,-2.32830616e-10,-0.00696086278,-0.968382001,-0.249374017,0.00179248815,0.24936758,-0.968407035],"shadowDarkenColor":[0,0,0,0]}
{"name":"dockBulb_14","class":"PointLight","__parent":"dockSpotLights_2","position":[602.596802,1682.16064,104.825081],"brightness":20,"radius":0.5,"rotationMatrix":[0.999974072,-0.00718795089,-2.32830616e-10,-0.00696086278,-0.968382001,-0.249374017,0.00179248815,0.24936758,-0.968407035],"shadowDarkenColor":[0,0,0,0]}
{"name":"dockBulb_15","class":"PointLight","__parent":"dockSpotLights_2","position":[603.008484,1683.09497,104.825081],"brightness":20,"radius":0.5,"rotationMatrix":[0.999974072,-0.00718795089,-2.32830616e-10,-0.00696086278,-0.968382001,-0.249374017,0.00179248815,0.24936758,-0.968407035],"shadowDarkenColor":[0,0,0,0]}
{"name":"dockLight_9","class":"SpotLight","__parent":"dockSpotLights_2","position":[604.770752,1683.00415,105.100296],"innerAngle":0,"outerAngle":35,"range":50,"rotationMatrix":[0.596942544,-0.802284062,1.49011612e-07,0.213570654,0.15890789,-0.963916957,0.773335099,0.575403035,0.266203165],"shadowDarkenColor":[0,0,0,0]}
{"name":"dockLight_10","class":"SpotLight","__parent":"dockSpotLights_2","position":[603.119141,1681.3479,105.100296],"innerAngle":0,"outerAngle":35,"range":50,"rotationMatrix":[-0.621867895,0.783122301,0,-0.208469301,-0.165543079,-0.963917136,-0.754864991,-0.599429011,0.266202688],"shadowDarkenColor":[0,0,0,0]}
{"name":"dockLight_11","class":"SpotLight","__parent":"dockSpotLights_2","position":[604.82959,1681.36987,105.100296],"innerAngle":0,"outerAngle":35,"range":50,"rotationMatrix":[-0.189777374,-0.966059208,0.175255567,0.16663149,-0.207600832,-0.963917077,0.967584014,-0.153726399,0.20037365],"shadowDarkenColor":[0,0,0,0]}
{"name":"dockLight_12","class":"SpotLight","__parent":"dockSpotLights_2","position":[603.94342,1681.1488,105.100296],"innerAngle":0,"outerAngle":35,"range":50,"rotationMatrix":[-0.999106169,0.0422672108,-1.86264515e-09,-0.0112516442,-0.265964627,-0.963917017,-0.0407420844,-0.963055611,0.266202748],"shadowDarkenColor":[0,0,0,0]}
{"name":"dockLight_13","class":"SpotLight","__parent":"dockSpotLights_2","position":[605.117615,1682.19873,105.100296],"innerAngle":0,"outerAngle":35,"range":50,"rotationMatrix":[-0.0589222908,-0.998262644,2.38418579e-07,0.265740424,-0.0156855583,-0.963917017,0.962242305,-0.0567961633,0.266202927],"shadowDarkenColor":[0,0,0,0]}
{"name":"dockLight_14","class":"SpotLight","__parent":"dockSpotLights_2","position":[603.084656,1683.01074,105.100296],"innerAngle":0,"outerAngle":35,"range":50,"rotationMatrix":[0.155766487,0.97212249,0.175255358,-0.17381233,0.201626718,-0.963916898,-0.972381532,0.119684249,0.20037365],"shadowDarkenColor":[0,0,0,0]}
{"name":"dockLight_15","class":"SpotLight","__parent":"dockSpotLights_2","position":[602.825867,1682.17224,105.100296],"innerAngle":0,"outerAngle":35,"range":50,"rotationMatrix":[0.0238621235,0.99971509,0,-0.266126782,0.00635230541,-0.963916898,-0.963642418,0.0230009258,0.266202807],"shadowDarkenColor":[0,0,0,0]}
{"name":"dockLight_16","class":"SpotLight","__parent":"dockSpotLights_2","position":[603.962524,1683.2627,105.100296],"innerAngle":0,"outerAngle":35,"range":50,"rotationMatrix":[0.999974191,-0.00718795229,-6.98491931e-10,0.00191345252,0.266195893,-0.963917136,0.00692859013,0.963892221,0.266202748],"shadowDarkenColor":[0,0,0,0]}
{"name":"dockBulb_16","class":"PointLight","__parent":"dockSpotLights_2","position":[603.933777,1683.51892,104.825081],"brightness":20,"radius":0.5,"rotationMatrix":[0.999974072,-0.00718795089,-2.32830616e-10,-0.00696086278,-0.968382001,-0.249374017,0.00179248815,0.24936758,-0.968407035],"shadowDarkenColor":[0,0,0,0]}
