{"name":"RACERLINE","class":"DecalRoad","persistentId":"1418983c-b47b-4436-adb9-29b999a1ecdd","__parent":"SimGroup_","position":[356.146027,100.294273,126.532806],"drivability":1,"improvedSpline":true,"material":"road_invisible","nodes":[[356.146027,100.294273,126.532806,5],[346.871735,112.659019,126.532806,5],[339.647888,123.450882,126.532806,5],[336.053955,134.745728,126.532806,5],[341.882324,150.661194,126.71505,5],[350.540405,160.150375,126.953392,5],[368.151215,172.447174,127.103561,5],[390.284058,174.111176,126.9646,5],[408.067841,168.974243,127.053398,5],[426.574219,151.941269,127.161736,5],[434.025482,129.814606,127.212296,5],[429.478638,108.548416,127.139198,5],[420.457153,95.4068375,127.105408,5],[389.345093,67.7062836,127.339279,5],[346.069031,31.78228,127.579323,5],[298.544769,-11.7991943,128.186035,5],[270.734467,-26.847229,128.175232,5],[242.187912,-22.8980713,127.921684,5],[220.039795,-10.0601196,128.040024,5],[204.022888,15.1451111,128.060181,5],[198.564423,35.3502922,128.310211,5],[202.737839,56.8817558,128.424133,5],[211.280823,70.1451569,128.449615,5],[225.88324,82.6853714,128.43663,5],[246.707642,81.9285965,127.044281,5],[269.767609,76.3658676,126.532806,5],[286.606903,70.0274124,126.532806,5],[299.361938,69.6948395,126.532806,5],[318.224396,78.2264938,126.532806,5],[334.038025,88.9042892,126.532806,5]],"oneWay":true}
{"class":"DecalRoad","persistentId":"3e8d4025-fe74-4a37-b94e-b2115313f293","__parent":"SimGroup_","position":[295.427704,54.8011131,126.532806],"improvedSpline":true,"material":"BlankWhite","nodes":[[295.427704,54.8011131,126.532806,0.200000003],[294.59137,50.4222031,126.532806,0.200000003],[298.30191,44.5690727,126.532806,0.200000003],[304.172607,28.9201813,126.532806,0.200000003]]}
{"class":"DecalRoad","persistentId":"3f7159b1-c895-48a4-aee3-5a47f4c87b80","__parent":"SimGroup_","position":[257.570801,85.7386475,126.671097],"improvedSpline":true,"material":"BlankWhite","nodes":[[257.570801,85.7386475,126.671097,0.200000003],[271.220642,97.022171,126.740471,0.200000003],[302.944458,121.14859,126.733482,0.200000003],[315.253693,130.274551,126.710793,0.200000003],[320.926178,135.647614,126.799141,0.200000003],[317.617157,142.046341,127.544411,0.200000003],[317.971893,146.793167,127.917419,0.200000003],[329.084656,155.55191,127.937561,0.200000003],[347.26413,166.884064,127.724068,0.200000003]]}
{"class":"DecalRoad","persistentId":"4ea50e17-d565-4bc0-b07e-b05fd8821e44","__parent":"SimGroup_","position":[316.668976,86.450882,126.532806],"improvedSpline":true,"material":"checkered_line_alt","nodes":[[316.668976,86.450882,126.532806,0.700000048],[331.281799,66.1377182,126.532806,0.700000048]]}
{"class":"DecalRoad","persistentId":"66187d26-9fb7-4d6c-b8c5-e291fa1c6e9f","__parent":"SimGroup_","position":[294.960968,54.3289719,126.532806],"improvedSpline":true,"material":"BlankWhite","nodes":[[294.960968,54.3289719,126.532806,0.200000003],[330.067749,79.4985962,126.532806,0.200000003]]}
{"class":"DecalRoad","persistentId":"6f2e238b-80fb-44bf-9514-3a00a63994cf","__parent":"SimGroup_","position":[356.296844,103.735962,126.532806],"improvedSpline":true,"material":"BlankWhite","nodes":[[356.296844,103.735962,126.532806,0.200000003],[345.417969,95.9851685,126.532806,0.200000003]]}
{"class":"DecalRoad","persistentId":"8bfce5d1-48c2-4b18-9736-0524243ba32c","__parent":"SimGroup_","position":[294.79184,54.3779984,126.532806],"improvedSpline":true,"material":"BlankWhite","nodes":[[294.79184,54.3779984,126.532806,0.200000003],[291.240387,54.1932678,126.532806,0.200000003],[287.047119,57.0371552,126.532806,0.200000003],[279.133209,66.0506516,126.532806,0.200000003],[267.070801,74.0679169,126.532806,0.200000003],[255.724991,76.8278198,126.532806,0.200000003],[242.937363,78.8556137,127.028885,0.200000003],[234.127014,79.6777267,127.658333,0.200000003],[227.42247,74.9317932,127.688431,0.200000003]]}
{"class":"DecalRoad","persistentId":"93354e8e-2c44-4e34-8402-342b5706f5f6","__parent":"SimGroup_","position":[354.852478,94.7062836,126.532806],"improvedSpline":true,"material":"BlankWhite","nodes":[[354.852478,94.7062836,126.532806,0.200000003],[369.544769,86.9281158,126.532806,0.200000003],[387.086121,81.5463409,126.532806,0.200000003],[402.652008,78.7725067,127.259216,0.200000003],[411.472107,80.8273773,127.634933,0.200000003]]}
{"class":"DecalRoad","persistentId":"a906e893-4ec0-4c97-9eb3-0446777a6de9","__parent":"SimGroup_","position":[335.361389,69.326767,126.532806],"improvedSpline":true,"material":"BlankWhite","nodes":[[335.361389,69.326767,126.532806,0.200000003],[311.862091,50.1242065,126.532806,0.200000003],[313.908936,38.6343803,126.532806,0.200000003],[315.335236,27.1193657,126.532806,0.200000003],[313.162109,16.2660294,126.776718,0.200000003],[306.640869,2.42443085,127.516518,0.200000003],[297.942017,-6.54542542,127.709549,0.200000003]]}
{"class":"DecalRoad","persistentId":"b34bc039-7dc4-41fb-ad04-3a515a67fd13","__parent":"SimGroup_","position":[349.843475,90.9332123,126.532806],"improvedSpline":true,"material":"BlankWhite","nodes":[[349.843475,90.9332123,126.532806,0.200000003],[363.360687,81.6336746,126.532806,0.200000003],[383.307068,74.1799545,126.532806,0.200000003],[402.634644,70.5224075,127.953987,0.200000003],[416.433929,71.8768692,128.698502,0.200000003]]}
{"class":"DecalRoad","persistentId":"bc32c981-c372-4578-a44a-f438571c5438","__parent":"SimGroup_","position":[244.407822,88.4883881,127.740913],"improvedSpline":true,"material":"BlankWhite","nodes":[[244.407822,88.4883881,127.740913,0.200000003],[270.527435,108.582764,127.752739,0.200000003],[298.096344,129.502579,127.7388,0.200000003],[309.152496,138.772964,127.810196,0.200000003],[305.992279,145.678711,128.587509,0.200000003],[306.661713,148.642426,128.797028,0.200000003]]}
{"class":"DecalRoad","persistentId":"d3cd95af-43cc-4cd8-8e76-9873932d1265","__parent":"SimGroup_","position":[317.691803,87.6400299,126.532806],"improvedSpline":true,"material":"BlankWhite","nodes":[[317.691803,87.6400299,126.532806,0.200000003],[299.253754,74.5973892,126.532806,0.200000003],[291.305878,72.0918427,126.532806,0.200000003],[279.802368,80.1447296,126.532806,0.200000003],[256.312134,85.9132462,126.766701,0.200000003],[237.21463,88.9994583,128.241501,0.200000003],[227.070724,88.1867218,128.840668,0.200000003]]}
{"class":"DecalRoad","persistentId":"d44d57f6-fb03-4945-bebc-a017ff924c60","__parent":"SimGroup_","position":[230.970795,78.0498581,127.724632],"improvedSpline":true,"material":"BlankWhite","nodes":[[230.970795,78.0498581,127.724632,0.200000003],[221.533859,69.556572,127.638466,0.200000003],[214.762589,61.2025528,127.571953,0.200000003],[207.501648,47.8305168,127.604645,0.200000003],[205.328064,33.9642639,127.595673,0.200000003],[207.669403,16.5956573,127.645836,0.200000003],[215.510391,1.7126236,127.611069,0.200000003],[226.865402,-10.977005,127.628334,0.200000003],[245.44693,-20.1999054,127.543266,0.200000003],[265.905823,-22.138443,127.587547,0.200000003],[283.366455,-16.3457642,127.645699,0.200000003],[298.068085,-6.42819214,127.708076,0.200000003]]}
{"class":"DecalRoad","persistentId":"e0e808f6-101f-4332-b7f7-b1093d29c7e3","__parent":"SimGroup_","position":[294.960968,54.492466,126.532806],"improvedSpline":true,"material":"BlankWhite","nodes":[[294.960968,54.492466,126.532806,0.200000003],[330.067749,79.6621017,126.532806,0.200000003]]}
{"class":"DecalRoad","persistentId":"ebfdfb6e-13de-4f37-9be4-c100c028e8ae","__parent":"SimGroup_","position":[341.076447,127.791931,126.532806],"improvedSpline":true,"material":"BlankWhite","nodes":[[341.076447,127.791931,126.532806,0.200000003],[352.894409,109.011093,126.532806,0.200000003]]}
{"class":"DecalRoad","persistentId":"fba3da56-4970-4e5d-92fa-8b452c163d27","__parent":"SimGroup_","position":[348.013855,104.937805,126.532806],"improvedSpline":true,"material":"BlankWhite","nodes":[[348.013855,104.937805,126.532806,0.200000003],[335.226593,123.413223,126.532806,0.200000003],[330.417725,135.101105,126.532806,0.200000003],[331.144226,145.499069,126.96653,0.200000003],[336.768707,156.242401,127.505363,0.200000003],[351.940277,170.241043,127.716698,0.200000003],[370.632507,178.383743,127.608994,0.200000003],[385.763611,180.465134,127.599052,0.200000003],[404.026428,176.758667,127.598381,0.200000003],[419.673309,166.768066,127.592567,0.200000003],[431.896179,150.814377,127.594276,0.200000003],[437.552032,131.321762,127.593704,0.200000003],[434.576233,110.797035,127.551186,0.200000003],[424.546295,93.4945984,127.563782,0.200000003],[411.418579,81.2658844,127.592865,0.200000003]]}
{"name":"SimGroup_","class":"SimGroup","persistentId":"41bb03a9-933b-44a8-9f3a-a78767f79021","groupPosition":"315.00285280242 85.713164611532 127.12561672479"}
{"class":"TSStatic","persistentId":"00a19a7f-0513-488d-9bdf-86d061c4a981","__parent":"SimGroup_","position":[247.132141,87.6644897,127.497414],"isRenderEnabled":false,"rotationMatrix":[0.176503837,0.981858909,0.0692784563,-0.982203305,0.171099484,0.0774710998,0.0642121807,-0.0817194656,0.99458468],"shapeName":"/levels/west_coast_usa/art/shapes/objects/jerseybarrier_3m.dae","useInstanceRenderData":true}
{"class":"TSStatic","persistentId":"00c7509d-e4f1-466b-bee2-04c12b9d4365","__parent":"SimGroup_","position":[308.217072,125.065353,126.724106],"isRenderEnabled":false,"rotationMatrix":[0.585164309,-0.803931296,-0.106194399,0.808424175,0.588599086,-0.00124552473,0.0635072365,-0.085121274,0.994344592],"shapeName":"/levels/west_coast_usa/art/shapes/objects/jerseybarrier_3m.dae","useInstanceRenderData":true}
{"class":"TSStatic","persistentId":"01296051-9420-4cb3-b427-154fb73543cc","__parent":"SimGroup_","position":[284.032471,60.6491547,126.532806],"isRenderEnabled":false,"rotationMatrix":[0.787009418,0.616941035,-2.08273722e-17,-0.616941035,0.787009418,1.71934334e-16,1.22464672e-16,-1.22464672e-16,1],"shapeName":"/levels/west_coast_usa/art/shapes/objects/jerseybarrier_3m.dae","useInstanceRenderData":true}
{"class":"TSStatic","persistentId":"015588fa-e0fe-4dd0-a8bb-758726abf71a","__parent":"SimGroup_","position":[354.821533,171.960922,127.698997],"isRenderEnabled":false,"rotationMatrix":[0.489742756,-0.865699708,-0.103518292,0.870081007,0.492878139,-0.00549285486,0.0557770729,-0.0873792171,0.994612396],"shapeName":"/levels/west_coast_usa/art/shapes/objects/jerseybarrier_3m.dae","useInstanceRenderData":true}
{"class":"TSStatic","persistentId":"01611b9d-4c56-4701-9d70-66061de80f04","__parent":"SimGroup_","position":[291.887573,-10.9645081,127.69352],"isRenderEnabled":false,"rotationMatrix":[0.581041634,-0.807222426,0.103839464,0.811348975,0.584547281,0.00416160375,-0.0640584156,0.0818319768,0.994585335],"shapeName":"/levels/west_coast_usa/art/shapes/objects/jerseybarrier_3m.dae","useInstanceRenderData":true}
{"class":"TSStatic","persistentId":"01de5e28-0a24-448c-b87c-8f1f22aa4fa9","__parent":"SimGroup_","position":[382.861603,74.3096161,126.532806],"isRenderEnabled":false,"rotationMatrix":[-0.279483438,-0.960150599,-8.33576969e-17,0.960150599,-0.279483438,-1.51811359e-16,1.22464685e-16,-1.22464685e-16,1],"shapeName":"/levels/west_coast_usa/art/shapes/objects/jerseybarrier_3m.dae","useInstanceRenderData":true}
{"class":"TSStatic","persistentId":"0288a2e9-dae2-4860-9891-232be34695c0","__parent":"SimGroup_","position":[374.281921,179.386337,127.617577],"isRenderEnabled":false,"rotationMatrix":[0.236446381,-0.965980172,-0.104763575,0.971380234,0.237518847,0.00229888409,0.0226626471,-0.102308825,0.994494498],"shapeName":"/levels/west_coast_usa/art/shapes/objects/jerseybarrier_3m.dae","useInstanceRenderData":true}
{"class":"TSStatic","persistentId":"02c37da8-8895-42ff-a111-01d01deb0ae1","__parent":"SimGroup_","position":[304.934296,134.560837,127.725037],"isRenderEnabled":false,"rotationMatrix":[0.584614098,-0.804331601,-0.106192946,0.808694661,0.588219464,-0.00328860059,0.0651098788,-0.0839551091,0.994340122],"shapeName":"/levels/west_coast_usa/art/shapes/objects/jerseybarrier_3m.dae","useInstanceRenderData":true}
{"class":"TSStatic","persistentId":"03d51b20-4754-4c63-acb6-264f39bae6e9","__parent":"SimGroup_","position":[334.185608,68.4090424,126.532806],"isRenderEnabled":false,"rotationMatrix":[-0.615285635,0.788304329,1.71890196e-16,-0.788304329,-0.615285635,2.11886781e-17,1.22464685e-16,-1.22464685e-16,1],"shapeName":"/levels/west_coast_usa/art/shapes/objects/jerseybarrier_3m.dae","useInstanceRenderData":true}
{"class":"TSStatic","persistentId":"05d463f2-6837-45f1-95c7-aaeee31f4276","__parent":"SimGroup_","position":[383.523651,82.454422,126.532806],"isRenderEnabled":false,"rotationMatrix":[-0.256464958,-0.966553509,-8.69607633e-17,0.966553509,-0.256464958,-1.49776574e-16,1.22464685e-16,-1.22464685e-16,1],"shapeName":"/levels/west_coast_usa/art/shapes/objects/jerseybarrier_3m.dae","useInstanceRenderData":true}
{"class":"TSStatic","persistentId":"060301a4-b077-40c4-9070-3ef14ba69187","__parent":"SimGroup_","position":[369.335083,87.0185928,126.532806],"isRenderEnabled":false,"rotationMatrix":[-0.396154404,-0.918183982,-6.39301955e-17,0.918183982,-0.396154404,-1.6096003e-16,1.22464685e-16,-1.22464685e-16,1],"shapeName":"/levels/west_coast_usa/art/shapes/objects/jerseybarrier_3m.dae","useInstanceRenderData":true}
{"class":"TSStatic","persistentId":"0635a2d8-cbd0-49ba-b147-9c3fc020a34c","__parent":"SimGroup_","position":[227.589279,75.1195984,127.693611],"isRenderEnabled":false,"rotationMatrix":[-0.651781917,0.751268089,0.103809625,-0.755865157,-0.654679537,-0.00789339095,0.0620319955,-0.0836108625,0.994565845],"shapeName":"/levels/west_coast_usa/art/shapes/objects/jerseybarrier_3m.dae","useInstanceRenderData":true}
{"class":"TSStatic","persistentId":"06807067-788f-4584-a4ea-11818d864815","__parent":"SimGroup_","position":[262.130432,102.143677,127.748177],"isRenderEnabled":false,"rotationMatrix":[0.606301188,-0.788415074,-0.103925027,0.792652249,0.609673381,-0.00086261332,0.064040415,-0.0818534046,0.994584739],"shapeName":"/levels/west_coast_usa/art/shapes/objects/jerseybarrier_3m.dae","useInstanceRenderData":true}
{"class":"TSStatic","persistentId":"0680ccec-d2fb-4329-aeb0-5b8d61a1132c","__parent":"SimGroup_","position":[315.405792,130.393677,126.711472],"isRenderEnabled":false,"rotationMatrix":[0.613220334,-0.782739997,-0.106202267,0.787266731,0.6166116,0.0011430122,0.0645908639,-0.0843104273,0.994343877],"shapeName":"/levels/west_coast_usa/art/shapes/objects/jerseybarrier_3m.dae","useInstanceRenderData":true}
{"class":"TSStatic","persistentId":"06d86fdd-ff45-4959-9f49-fa430a00c972","__parent":"SimGroup_","position":[435.997864,140.20903,127.595169],"isRenderEnabled":false,"rotationMatrix":[-0.96242559,-0.250229657,-0.105460748,0.251649976,-0.96781826,-0.000166671351,-0.102025136,-0.0266996045,0.994423449],"shapeName":"/levels/west_coast_usa/art/shapes/objects/jerseybarrier_3m.dae","useInstanceRenderData":true}
{"class":"TSStatic","persistentId":"06d90b28-b979-4ebc-aa97-4576992decff","__parent":"SimGroup_","position":[358.225098,84.7106247,126.532806],"isRenderEnabled":false,"rotationMatrix":[-0.563125968,-0.826371074,-3.22382394e-17,0.826371074,-0.563125968,-1.70164313e-16,1.22464685e-16,-1.22464685e-16,1],"shapeName":"/levels/west_coast_usa/art/shapes/objects/jerseybarrier_3m.dae","useInstanceRenderData":true}
{"class":"TSStatic","persistentId":"07321551-86a2-4ad6-ab1e-ad466cadbd07","__parent":"SimGroup_","position":[300.674713,58.5888901,126.532806],"isRenderEnabled":false,"rotationMatrix":[0.812707961,0.582671225,-2.81713728e-17,-0.582671225,0.812707961,1.70884662e-16,1.22464672e-16,-1.22464685e-16,1],"shapeName":"/levels/west_coast_usa/art/shapes/objects/barrierfence_plain.dae","useInstanceRenderData":true}
{"class":"TSStatic","persistentId":"07aee002-aab4-4ea1-8907-556e5e638452","__parent":"SimGroup_","position":[293.324005,54.1165123,126.532806],"isRenderEnabled":false,"rotationMatrix":[-0.147421002,0.989073753,1.39180483e-16,-0.989073753,-0.147421002,1.03072726e-16,1.22464685e-16,-1.22464672e-16,1],"shapeName":"/levels/west_coast_usa/art/shapes/objects/jerseybarrier_3m.dae","useInstanceRenderData":true}
{"class":"TSStatic","persistentId":"08789d29-d557-404a-adeb-6b640675cb84","__parent":"SimGroup_","position":[412.186615,71.1961517,128.486099],"isRenderEnabled":false,"rotationMatrix":[0.153909326,-0.983906329,0.0907762274,0.985996068,0.158905089,0.0506052896,-0.0642156675,0.081716381,0.994584739],"shapeName":"/levels/west_coast_usa/art/shapes/objects/jerseybarrier_3m.dae","useInstanceRenderData":true}
{"class":"TSStatic","persistentId":"08d0e89b-94a9-491f-8aca-1b0ab2e73ec1","__parent":"SimGroup_","position":[267.628784,-21.9154587,127.597755],"isRenderEnabled":false,"rotationMatrix":[0.177669823,-0.978562415,0.104158565,0.983862102,0.1789096,0.00260735676,-0.0211864226,0.102014422,0.994557261],"shapeName":"/levels/west_coast_usa/art/shapes/objects/jerseybarrier_3m.dae","useInstanceRenderData":true}
{"class":"TSStatic","persistentId":"09dffa6f-0597-4f92-a2dd-347b2280f850","__parent":"SimGroup_","position":[315.029205,23.519104,126.532806],"isRenderEnabled":false,"rotationMatrix":[-0.991075993,0.133299187,1.37696243e-16,-0.133299187,-0.991075993,-1.05047352e-16,1.22464685e-16,-1.22464685e-16,1],"shapeName":"/levels/west_coast_usa/art/shapes/objects/jerseybarrier_3m.dae","useInstanceRenderData":true}
{"class":"TSStatic","persistentId":"0a3831d8-1486-4dd7-a834-494a475a4550","__parent":"SimGroup_","position":[308.915436,141.567535,128.055511],"isRenderEnabled":false,"rotationMatrix":[0.841070831,0.540858269,-0.00849319436,-0.537186384,0.836997747,0.104237631,0.0634865761,-0.0831087977,0.994516134],"shapeName":"/levels/west_coast_usa/art/shapes/objects/jerseybarrier_3m.dae","useInstanceRenderData":true}
{"class":"TSStatic","persistentId":"0b454253-60f5-4249-aa37-879ecb0fa0e1","__parent":"SimGroup_","position":[318.958649,71.6974792,126.532806],"isRenderEnabled":false,"rotationMatrix":[0.81271106,0.582666874,-2.81722894e-17,-0.582666874,0.81271106,1.7088453e-16,1.22464685e-16,-1.22464685e-16,1],"shapeName":"/levels/west_coast_usa/art/shapes/objects/barrierfence_plain.dae","useInstanceRenderData":true}
{"class":"TSStatic","persistentId":"0b9694da-ec46-46c3-af34-dd9e2549f7a9","__parent":"SimGroup_","position":[267.567169,83.5558624,126.532806],"isRenderEnabled":false,"rotationMatrix":[0.222262144,0.974986911,9.21822118e-17,-0.974986911,0.222262144,1.46620715e-16,1.22464685e-16,-1.22464685e-16,1],"shapeName":"/levels/west_coast_usa/art/shapes/objects/jerseybarrier_3m.dae","useInstanceRenderData":true}
{"class":"TSStatic","persistentId":"0bb537c0-6512-4a1f-b0a3-16148b907b70","__parent":"SimGroup_","position":[343.459595,124.004715,126.532806],"isRenderEnabled":false,"rotationMatrix":[-0.846377254,-0.532583714,3.84286341e-17,0.532583714,-0.846377254,-1.68874017e-16,1.22464685e-16,-1.22464685e-16,1],"shapeName":"/levels/west_coast_usa/art/shapes/objects/jerseybarrier_3m.dae","useInstanceRenderData":true}
{"class":"TSStatic","persistentId":"0bb9e625-fc9d-4adc-a9f7-97e1bf1d5998","__parent":"SimGroup_","position":[434.598663,110.866096,127.55098],"isRenderEnabled":false,"rotationMatrix":[-0.945809126,0.307213962,-0.105189443,-0.308876038,-0.951102257,-0.000514542684,-0.100203976,0.0320038348,0.994452059],"shapeName":"/levels/west_coast_usa/art/shapes/objects/jerseybarrier_3m.dae","useInstanceRenderData":true}
{"class":"TSStatic","persistentId":"0c05f17e-5f97-49cf-b722-fe612108edcf","__parent":"SimGroup_","position":[403.294983,70.4962158,127.998901],"isRenderEnabled":false,"rotationMatrix":[-0.0446624756,-0.99587816,0.0789426789,0.997088492,-0.0395488739,0.0651946366,-0.061803814,0.0816245973,0.994745076],"shapeName":"/levels/west_coast_usa/art/shapes/objects/jerseybarrier_3m.dae","useInstanceRenderData":true}
{"class":"TSStatic","persistentId":"0c2cb87d-9a45-4918-9f79-1b321f1d20d0","__parent":"SimGroup_","position":[397.904633,178.696045,127.585472],"isRenderEnabled":false,"rotationMatrix":[-0.244927406,-0.963788748,-0.105459765,0.969121695,-0.246569037,0.00261744112,-0.0285257809,-0.101562269,0.994420111],"shapeName":"/levels/west_coast_usa/art/shapes/objects/jerseybarrier_3m.dae","useInstanceRenderData":true}
{"class":"TSStatic","persistentId":"0ccf6c69-4acd-4fb3-8b20-dcafc0f3d989","__parent":"SimGroup_","position":[326.996735,63.0791435,126.532806],"isRenderEnabled":false,"rotationMatrix":[-0.597973943,0.80151546,1.71388025e-16,-0.80151546,-0.597973943,2.49266477e-17,1.22464672e-16,-1.22464685e-16,1],"shapeName":"/levels/west_coast_usa/art/shapes/objects/jerseybarrier_3m.dae","useInstanceRenderData":true}
{"class":"TSStatic","persistentId":"0d78a51c-b163-43ec-a6b1-96f4f6c25c4f","__parent":"SimGroup_","position":[267.920166,73.6549911,126.532806],"isRenderEnabled":false,"rotationMatrix":[0.437226772,0.899351299,5.6593924e-17,-0.899351299,0.437226772,1.63683598e-16,1.22464685e-16,-1.22464672e-16,1],"shapeName":"/levels/west_coast_usa/art/shapes/objects/jerseybarrier_3m.dae","useInstanceRenderData":true}
{"class":"TSStatic","persistentId":"0f164923-7cd5-4a59-8ecd-9bc05eaa838a","__parent":"SimGroup_","position":[311.947113,59.2909355,126.272713],"isRenderEnabled":false,"rotationMatrix":[0.589478612,-0.807784081,0,0.807691932,0.589411378,0.0151030375,-0.0121999905,-0.00890291948,0.999885917],"scale":[2.66327786,1.75431752,1.3992157],"shapeName":"/levels/west_coast_usa/art/shapes/objects/ramp_shallow_long.dae","useInstanceRenderData":true}
{"class":"TSStatic","persistentId":"0f1db444-f0fd-4a80-8fda-f2dc91729558","__parent":"SimGroup_","position":[276.354919,113.007339,127.750954],"isRenderEnabled":false,"rotationMatrix":[0.599492669,-0.793532193,-0.104475833,0.797863662,0.602837682,-0.000551905483,0.0634199157,-0.0830266178,0.99452728],"shapeName":"/levels/west_coast_usa/art/shapes/objects/jerseybarrier_3m.dae","useInstanceRenderData":true}
{"class":"TSStatic","persistentId":"0fd2e728-a86b-4903-8aa0-0ad375863dd4","__parent":"SimGroup_","position":[205.332062,34.5945129,127.59581],"isRenderEnabled":false,"rotationMatrix":[-0.994446158,0.00599319907,0.105075084,-0.00633763662,-0.999975562,-0.00294442847,0.105054878,-0.00359400362,0.994459927],"shapeName":"/levels/west_coast_usa/art/shapes/objects/jerseybarrier_3m.dae","useInstanceRenderData":true}
{"class":"TSStatic","persistentId":"10942d68-bb03-4ca5-b2c6-f73f31497b68","__parent":"SimGroup_","position":[298.044891,45.1545601,126.532806],"isRenderEnabled":false,"rotationMatrix":[-0.873354077,-0.487086147,4.73041696e-17,0.487086147,-0.873354077,-1.66605849e-16,1.22464685e-16,-1.22464685e-16,1],"shapeName":"/levels/west_coast_usa/art/shapes/objects/jerseybarrier_3m.dae","useInstanceRenderData":true}
{"class":"TSStatic","persistentId":"10f6e2e6-2108-4e2f-8d3d-e7a95cccd009","__parent":"SimGroup_","position":[286.768341,108.917862,126.7435],"isRenderEnabled":false,"rotationMatrix":[0.6008901,-0.79254812,-0.103915974,0.796835482,0.604196131,-0.000422887504,0.0631207824,-0.0825498328,0.994585991],"shapeName":"/levels/west_coast_usa/art/shapes/objects/jerseybarrier_3m.dae","useInstanceRenderData":true}
{"class":"TSStatic","persistentId":"11176706-80de-4b76-9515-8eb6b1ecea88","__parent":"SimGroup_","position":[424.084473,92.9417877,127.56424],"isRenderEnabled":false,"rotationMatrix":[-0.763459444,0.637564898,-0.103154421,-0.641127706,-0.767432213,0.00181527063,-0.078006655,0.0675210357,0.994663715],"shapeName":"/levels/west_coast_usa/art/shapes/objects/jerseybarrier_3m.dae","useInstanceRenderData":true}
{"class":"TSStatic","persistentId":"119cb87a-580a-4d76-a909-f7b1db588b05","__parent":"SimGroup_","position":[278.73526,114.805344,127.747261],"isRenderEnabled":false,"rotationMatrix":[0.598839998,-0.794099033,-0.10391032,0.798398316,0.602129638,-0.000362977386,0.062855728,-0.0827444494,0.994586587],"shapeName":"/levels/west_coast_usa/art/shapes/objects/jerseybarrier_3m.dae","useInstanceRenderData":true}
{"class":"TSStatic","persistentId":"128937a5-1014-40f8-b562-54de0ed17edf","__parent":"SimGroup_","position":[406.270477,70.516098,128.183502],"isRenderEnabled":false,"rotationMatrix":[0.0509643555,-0.994820535,0.0879477412,0.996629894,0.0563287735,0.0596314892,-0.0642766207,0.0846122727,0.994338632],"shapeName":"/levels/west_coast_usa/art/shapes/objects/jerseybarrier_3m.dae","useInstanceRenderData":true}
{"class":"TSStatic","persistentId":"12a62ed7-9d5b-4c36-aae2-a09f0fda7651","__parent":"SimGroup_","position":[309.257629,81.4858398,126.532806],"isRenderEnabled":false,"rotationMatrix":[-0.586924553,0.80964148,1.71030034e-16,-0.80964148,-0.586924553,2.72749506e-17,1.22464685e-16,-1.22464685e-16,1],"shapeName":"/levels/west_coast_usa/art/shapes/objects/jerseybarrier_3m.dae","useInstanceRenderData":true}
{"class":"TSStatic","persistentId":"13e48bad-653d-4bdc-be37-08fbd2dcaa57","__parent":"SimGroup_","position":[416.472809,169.503784,127.593864],"isRenderEnabled":false,"rotationMatrix":[-0.614900589,-0.78166151,-0.104415156,0.786054373,-0.618155479,-0.00150322542,-0.0633697882,-0.0830003321,0.994532645],"shapeName":"/levels/west_coast_usa/art/shapes/objects/jerseybarrier_3m.dae","useInstanceRenderData":true}
{"class":"TSStatic","persistentId":"1473495f-0830-47f4-b152-07a1b9630a7d","__parent":"SimGroup_","position":[320.523926,149.236298,127.959274],"isRenderEnabled":false,"rotationMatrix":[0.643044114,-0.758707762,-0.104196124,0.763261914,0.64605999,0.00614539534,0.0626543835,-0.0834806934,0.994537771],"shapeName":"/levels/west_coast_usa/art/shapes/objects/jerseybarrier_3m.dae","useInstanceRenderData":true}
{"class":"TSStatic","persistentId":"14a8998a-6464-404c-b068-00947951233a","__parent":"SimGroup_","position":[261.732239,84.8000488,126.532806],"isRenderEnabled":false,"rotationMatrix":[0.201842785,0.97941792,9.52254953e-17,-0.97941792,0.201842785,1.44662719e-16,1.22464672e-16,-1.22464685e-16,1],"shapeName":"/levels/west_coast_usa/art/shapes/objects/jerseybarrier_3m.dae","useInstanceRenderData":true}
{"class":"TSStatic","persistentId":"14b114e5-1f18-4ebf-ad02-424670b21b38","__parent":"SimGroup_","position":[279.644623,103.501053,126.746582],"isRenderEnabled":false,"rotationMatrix":[0.602857947,-0.791051805,-0.103920072,0.795368493,0.606126189,0.000163815916,0.0628590882,-0.0827535093,0.994585633],"shapeName":"/levels/west_coast_usa/art/shapes/objects/jerseybarrier_3m.dae","useInstanceRenderData":true}
{"class":"TSStatic","persistentId":"14d3da57-67f5-4698-9673-87e41c4c01d7","__parent":"SimGroup_","position":[343.024963,162.909164,127.665291],"isRenderEnabled":false,"rotationMatrix":[0.685779154,-0.720114291,-0.105557084,0.724842131,0.688845336,0.00979784876,0.0656569302,-0.0832313821,0.994364977],"shapeName":"/levels/west_coast_usa/art/shapes/objects/jerseybarrier_3m.dae","useInstanceRenderData":true}
{"class":"TSStatic","persistentId":"151aa629-bf8a-4068-a3b1-7b83515db497","__parent":"SimGroup_","position":[377.780823,84.0702972,126.532806],"isRenderEnabled":false,"rotationMatrix":[-0.285712957,-0.958315194,-8.23700101e-17,0.958315194,-0.285712957,-1.52349516e-16,1.22464685e-16,-1.22464685e-16,1],"shapeName":"/levels/west_coast_usa/art/shapes/objects/jerseybarrier_3m.dae","useInstanceRenderData":true}
{"class":"TSStatic","persistentId":"1544a3f5-1eee-4d6b-8bb3-60d2edda6612","__parent":"SimGroup_","position":[371.402252,178.609222,127.609528],"isRenderEnabled":false,"rotationMatrix":[0.279681981,-0.954415262,-0.104257032,0.959676325,0.281105161,0.00108538568,0.0282712765,-0.100356571,0.994549811],"shapeName":"/levels/west_coast_usa/art/shapes/objects/jerseybarrier_3m.dae","useInstanceRenderData":true}
{"class":"TSStatic","persistentId":"156f8fb6-7dae-43e8-90fb-3bc227ba00fb","__parent":"SimGroup_","position":[310.632751,126.815536,126.7145],"isRenderEnabled":false,"rotationMatrix":[0.581263423,-0.807062507,-0.103841498,0.81117785,0.584783554,-0.00432260707,0.0642134249,-0.0817213506,0.994584441],"shapeName":"/levels/west_coast_usa/art/shapes/objects/jerseybarrier_3m.dae","useInstanceRenderData":true}
{"class":"TSStatic","persistentId":"163e0d64-a419-44ec-85be-293b455636dd","__parent":"SimGroup_","position":[244.048309,-19.7680359,127.543869],"isRenderEnabled":false,"rotationMatrix":[-0.293279529,-0.950227916,0.105138481,0.955484688,-0.295038342,-0.00123200193,0.0321905576,0.100096896,0.994456828],"shapeName":"/levels/west_coast_usa/art/shapes/objects/jerseybarrier_3m.dae","useInstanceRenderData":true}
{"class":"TSStatic","persistentId":"17213541-f75b-49e6-a070-4aa339cd362e","__parent":"SimGroup_","position":[258.709991,86.7013779,126.676674],"isRenderEnabled":false,"rotationMatrix":[0.646251678,-0.75602597,-0.10384354,0.760417044,0.649421215,0.00425113738,0.0642242283,-0.081711702,0.99458456],"shapeName":"/levels/west_coast_usa/art/shapes/objects/jerseybarrier_3m.dae","useInstanceRenderData":true}
{"class":"TSStatic","persistentId":"177e759f-ed7d-40a5-a17f-4e63b3e0a96b","__parent":"SimGroup_","position":[418.760254,167.590057,127.591515],"isRenderEnabled":false,"rotationMatrix":[-0.665517092,-0.73917377,-0.10348624,0.743200064,-0.669069171,-0.000521112233,-0.0688542426,-0.0772577822,0.994630754],"shapeName":"/levels/west_coast_usa/art/shapes/objects/jerseybarrier_3m.dae","useInstanceRenderData":true}
{"class":"TSStatic","persistentId":"17f047f9-4d2d-4b66-84b8-1615163997da","__parent":"SimGroup_","position":[212.619904,6.11955261,127.621567],"isRenderEnabled":false,"rotationMatrix":[-0.848756552,-0.518336833,0.104590259,0.520848572,-0.853640556,-0.00382123142,0.0912631676,0.0512323938,0.994508028],"shapeName":"/levels/west_coast_usa/art/shapes/objects/jerseybarrier_3m.dae","useInstanceRenderData":true}
{"class":"TSStatic","persistentId":"17f07969-9b34-4020-9cf3-e751d1fa11a8","__parent":"SimGroup_","position":[273.420746,-20.509903,127.610931],"isRenderEnabled":false,"rotationMatrix":[0.30241847,-0.947244346,0.106165916,0.952520907,0.304456949,0.00315766409,-0.0353140272,0.100170314,0.9943434],"shapeName":"/levels/west_coast_usa/art/shapes/objects/jerseybarrier_3m.dae","useInstanceRenderData":true}
{"class":"TSStatic","persistentId":"18fa4d05-6fa4-430f-a459-1eb14eec4fec","__parent":"SimGroup_","position":[318.958649,71.5339813,126.532806],"isRenderEnabled":false,"rotationMatrix":[-0.812711835,-0.582665741,2.81725276e-17,0.582665741,-0.812711835,-1.70884477e-16,1.22464685e-16,-1.22464685e-16,1],"shapeName":"/levels/west_coast_usa/art/shapes/objects/barrierfence_plain.dae","useInstanceRenderData":true}
{"class":"TSStatic","persistentId":"196fe3d9-61d5-4223-9d0b-a286e348d50c","__parent":"SimGroup_","position":[307.265259,136.419815,127.732803],"isRenderEnabled":false,"rotationMatrix":[0.667075992,-0.737739086,-0.103685349,0.742217779,0.670120597,0.00715121627,0.0642059594,-0.0817275196,0.994584441],"shapeName":"/levels/west_coast_usa/art/shapes/objects/jerseybarrier_3m.dae","useInstanceRenderData":true}
{"class":"TSStatic","persistentId":"1a710d0b-13fa-40ad-9403-06be6d7d3702","__parent":"SimGroup_","position":[300.114685,131.044449,127.741028],"isRenderEnabled":false,"rotationMatrix":[0.593271494,-0.797964871,-0.106212303,0.802326381,0.596879244,-0.00274308771,0.0655848086,-0.0835895389,0.994339705],"shapeName":"/levels/west_coast_usa/art/shapes/objects/jerseybarrier_3m.dae","useInstanceRenderData":true}
{"class":"TSStatic","persistentId":"1acb1cc5-6ba4-4d5e-88d1-79b8d7d7b5b8","__parent":"SimGroup_","position":[235.326202,89.0733109,128.368469],"isRenderEnabled":false,"rotationMatrix":[0.0125883222,0.996384382,0.0840224624,-0.997985125,0.00729346275,0.0630288124,0.0621881038,-0.0846465826,0.99446851],"shapeName":"/levels/west_coast_usa/art/shapes/objects/jerseybarrier_3m.dae","useInstanceRenderData":true}
{"class":"TSStatic","persistentId":"1c4d3ecf-fa0c-4898-8487-c7b898c86b87","__parent":"SimGroup_","position":[273.053802,70.6229706,126.532806],"isRenderEnabled":false,"rotationMatrix":[0.559309483,0.828958929,3.3022539e-17,-0.828958929,0.559309483,1.70013846e-16,1.22464685e-16,-1.22464672e-16,1],"shapeName":"/levels/west_coast_usa/art/shapes/objects/jerseybarrier_3m.dae","useInstanceRenderData":true}
{"class":"TSStatic","persistentId":"1d577823-0bd1-4785-9a6c-d4f66429ee9f","__parent":"SimGroup_","position":[347.15332,106.156067,126.532806],"isRenderEnabled":false,"rotationMatrix":[0.812883377,0.582426429,-2.822284e-17,-0.582426429,0.812883377,1.70876178e-16,1.22464685e-16,-1.22464672e-16,1],"shapeName":"/levels/west_coast_usa/art/shapes/objects/jerseybarrier_3m.dae","useInstanceRenderData":true}
{"class":"TSStatic","persistentId":"1d588d74-00e7-400d-855c-fe22b82c7057","__parent":"SimGroup_","position":[331.380341,131.364456,126.532806],"isRenderEnabled":false,"rotationMatrix":[0.951778531,0.306785882,-7.89888267e-17,-0.306785882,0.951778531,1.54129689e-16,1.22464685e-16,-1.22464685e-16,1],"shapeName":"/levels/west_coast_usa/art/shapes/objects/jerseybarrier_3m.dae","useInstanceRenderData":true}
{"class":"TSStatic","persistentId":"1e4078ef-6119-4bdd-b825-ccbd8020db36","__parent":"SimGroup_","position":[317.169098,144.656677,127.788826],"isRenderEnabled":false,"rotationMatrix":[0.99662286,-0.0458618924,-0.068113938,0.0515108407,0.995164156,0.0836358815,0.0639488548,-0.0868620425,0.994165719],"shapeName":"/levels/west_coast_usa/art/shapes/objects/jerseybarrier_3m.dae","useInstanceRenderData":true}
{"class":"TSStatic","persistentId":"1e7a725b-1033-462c-aca6-e2ef5e5a6863","__parent":"SimGroup_","position":[377.200714,179.998611,127.623734],"isRenderEnabled":false,"rotationMatrix":[0.176265895,-0.978870869,-0.103644341,0.984219193,0.176931441,0.00280988961,0.015587423,-0.10250403,0.994610429],"shapeName":"/levels/west_coast_usa/art/shapes/objects/jerseybarrier_3m.dae","useInstanceRenderData":true}
{"class":"TSStatic","persistentId":"1f0c6998-736a-460a-84e1-d58f8872e95c","__parent":"SimGroup_","position":[374.936005,84.9676208,126.532806],"isRenderEnabled":false,"rotationMatrix":[-0.312007308,-0.950079739,-7.81413437e-17,0.950079739,-0.312007308,-1.54561067e-16,1.22464672e-16,-1.22464685e-16,1],"shapeName":"/levels/west_coast_usa/art/shapes/objects/jerseybarrier_3m.dae","useInstanceRenderData":true}
{"class":"TSStatic","persistentId":"2012df96-3975-4155-a4e6-d77e10a0430c","__parent":"SimGroup_","position":[309.100983,6.72612762,127.314697],"isRenderEnabled":false,"rotationMatrix":[-0.888720155,0.448658794,-0.0942430496,-0.454115421,-0.889717698,0.046707429,-0.0628940165,0.0843070522,0.994452953],"shapeName":"/levels/west_coast_usa/art/shapes/objects/jerseybarrier_3m.dae","useInstanceRenderData":true}
{"class":"TSStatic","persistentId":"20c34935-9d2f-4b28-b2cb-288080754503","__parent":"SimGroup_","position":[436.699066,137.310074,127.5952],"isRenderEnabled":false,"rotationMatrix":[-0.971006155,-0.214094654,-0.106351115,0.215183541,-0.976572752,0.00126434583,-0.10413029,-0.0216573216,0.994327843],"shapeName":"/levels/west_coast_usa/art/shapes/objects/jerseybarrier_3m.dae","useInstanceRenderData":true}
{"class":"TSStatic","persistentId":"20e67f93-f894-43aa-b9e3-6e2e91faf7d6","__parent":"SimGroup_","position":[302.030945,-2.78289032,127.658524],"isRenderEnabled":false,"rotationMatrix":[-0.683220983,0.722838998,-0.103503346,-0.727386355,-0.686162829,0.00947206467,-0.0641733706,0.0817584395,0.994584024],"shapeName":"/levels/west_coast_usa/art/shapes/objects/jerseybarrier_3m.dae","useInstanceRenderData":true}
{"class":"TSStatic","persistentId":"210c87e0-267e-4cf7-a424-5c311bd4f296","__parent":"SimGroup_","position":[325.815155,76.4496841,126.532806],"isRenderEnabled":false,"rotationMatrix":[-0.812707305,-0.582672119,2.81711842e-17,0.582672119,-0.812707305,-1.70884688e-16,1.22464685e-16,-1.22464685e-16,1],"shapeName":"/levels/west_coast_usa/art/shapes/objects/barrierfence_plain.dae","useInstanceRenderData":true}
{"class":"TSStatic","persistentId":"224e735d-abbd-4673-8d24-7e00e66db7bc","__parent":"SimGroup_","position":[317.697021,141.83403,127.521805],"isRenderEnabled":false,"rotationMatrix":[0.934630096,0.354562789,-0.0274189729,-0.350404948,0.931336641,0.0991384313,0.0606870949,-0.08305002,0.994695842],"shapeName":"/levels/west_coast_usa/art/shapes/objects/jerseybarrier_3m.dae","useInstanceRenderData":true}
{"class":"TSStatic","persistentId":"23815b16-1fcd-47e7-88b6-d9d13f07df42","__parent":"SimGroup_","position":[257.402252,98.5050583,127.748581],"isRenderEnabled":false,"rotationMatrix":[0.606689632,-0.787811339,-0.106212229,0.792348564,0.610068023,0.000858645886,0.0641202331,-0.084678039,0.994343102],"shapeName":"/levels/west_coast_usa/art/shapes/objects/jerseybarrier_3m.dae","useInstanceRenderData":true}
{"class":"TSStatic","persistentId":"25a72c68-079e-4a6a-97e9-95cf3a43d8a2","__parent":"SimGroup_","position":[273.366608,82.1569519,126.532806],"isRenderEnabled":false,"rotationMatrix":[0.251820922,0.967773855,8.76789413e-17,-0.967773855,0.251820922,1.4935728e-16,1.22464685e-16,-1.22464672e-16,1],"shapeName":"/levels/west_coast_usa/art/shapes/objects/jerseybarrier_3m.dae","useInstanceRenderData":true}
{"class":"TSStatic","persistentId":"2671285c-a1dd-483c-b395-3b63a95932ba","__parent":"SimGroup_","position":[345.048309,121.479889,126.532806],"isRenderEnabled":false,"rotationMatrix":[-0.846365094,-0.532603264,3.84247398e-17,0.532603264,-0.846365094,-1.68874917e-16,1.22464685e-16,-1.22464685e-16,1],"shapeName":"/levels/west_coast_usa/art/shapes/objects/jerseybarrier_3m.dae","useInstanceRenderData":true}
{"class":"TSStatic","persistentId":"26bc8b8a-595c-466b-8ae4-6ad4039f2e15","__parent":"SimGroup_","position":[302.960205,60.2274704,126.532806],"isRenderEnabled":false,"rotationMatrix":[0.812709212,0.582669497,-2.81717368e-17,-0.582669497,0.812709212,1.70884596e-16,1.22464685e-16,-1.22464672e-16,1],"shapeName":"/levels/west_coast_usa/art/shapes/objects/barrierfence_plain.dae","useInstanceRenderData":true}
{"class":"TSStatic","persistentId":"2720a87a-fff5-4a58-8803-65a434025a50","__parent":"SimGroup_","position":[299.833069,-4.79946136,127.686218],"isRenderEnabled":false,"rotationMatrix":[-0.665876865,0.738819838,-0.103696749,-0.743546128,-0.668594122,0.0109892599,-0.0612119734,0.0844208151,0.994548261],"shapeName":"/levels/west_coast_usa/art/shapes/objects/jerseybarrier_3m.dae","useInstanceRenderData":true}
{"class":"TSStatic","persistentId":"27a5ae7b-c886-49be-a0e0-045104151064","__parent":"SimGroup_","position":[223.145035,71.1400223,127.655106],"isRenderEnabled":false,"rotationMatrix":[-0.68886447,0.717194676,0.105344221,-0.721638322,-0.692243814,-0.00605126843,0.0685839504,-0.08018893,0.994417429],"shapeName":"/levels/west_coast_usa/art/shapes/objects/jerseybarrier_3m.dae","useInstanceRenderData":true}
{"class":"TSStatic","persistentId":"285a7a06-a435-43fd-b07f-b50edab3ef3a","__parent":"SimGroup_","position":[297.568054,-6.77144623,127.704521],"isRenderEnabled":false,"rotationMatrix":[0.589057148,-0.801306844,0.104494378,0.805750847,0.5922544,-0.000533916056,-0.0614594258,0.0845109299,0.994525313],"shapeName":"/levels/west_coast_usa/art/shapes/objects/jerseybarrier_3m.dae","useInstanceRenderData":true}
{"class":"TSStatic","persistentId":"2a2e1824-7bb7-4d2b-975e-e3df605e23d2","__parent":"SimGroup_","position":[281.705444,-17.144516,127.637161],"isRenderEnabled":false,"rotationMatrix":[0.420323431,-0.901208699,0.105598621,0.905901611,0.423417628,0.00772685185,-0.0516758189,0.0924141854,0.994378805],"shapeName":"/levels/west_coast_usa/art/shapes/objects/jerseybarrier_3m.dae","useInstanceRenderData":true}
{"class":"TSStatic","persistentId":"2b2c6b83-4a6e-4cd2-96c1-df01b7a2ec0d","__parent":"SimGroup_","position":[217.637863,-1.28765869,127.617043],"isRenderEnabled":false,"rotationMatrix":[-0.803372502,-0.586348236,0.103866585,0.589841306,-0.807510853,0.00365564786,0.0817299113,0.0642016456,0.994584501],"shapeName":"/levels/west_coast_usa/art/shapes/objects/jerseybarrier_3m.dae","useInstanceRenderData":true}
