{"class":"DecalRoad","persistentId":"0a5552a0-af75-465a-bbfd-3d972f4e7222","__parent":"SimGroup_","position":[331.002991,32.4886436,126.563194],"detail":0.0500000007,"distanceFade":[200,50],"improvedSpline":true,"material":"checkered_line","nodes":[[331.002991,32.4886436,126.563194,1],[344.242218,15.7177429,128.875626,1]],"useTemplate":"true"}
{"class":"DecalRoad","persistentId":"53b9a2e1-4bc5-4858-80c7-b1a27d4f5e43","__parent":"SimGroup_","position":[341.44281,126.654144,126.532806],"improvedSpline":true,"material":"BlankWhite","nodes":[[341.44281,126.654144,126.532806,0.100000001],[346.060699,118.386299,126.532806,0.100000001],[355.437561,104.961891,126.532806,0.100000001],[362.156464,92.7890778,126.532806,0.100000001],[360.598969,82.9525528,126.532806,0.100000001],[348.594055,72.9277725,126.532806,0.100000001],[341.946655,68.219696,126.532806,0.100000001],[329.773804,58.647892,126.532806,0.100000001],[311.042572,46.0773697,126.532806,0.100000001],[295.891479,51.6659813,126.532806,0.100000001],[291.075531,59.7237701,126.532806,0.100000001],[295.526093,70.7582397,126.532806,0.100000001],[313.777069,76.477562,126.532806,0.100000001],[314.671417,85.5159836,126.532806,0.100000001],[301.693146,84.8425064,126.532806,0.100000001],[284.396301,79.1072311,126.532806,0.100000001],[267.628815,74.4051132,126.532806,0.100000001]]}
{"class":"DecalRoad","persistentId":"e63d2c2c-ad4e-41af-9b99-171e29f0267a","__parent":"SimGroup_","position":[404.170746,89.4142151,126.532806],"improvedSpline":true,"material":"road_invisible","nodes":[[404.170746,89.4142151,126.532806,0.100000001],[336.60257,37.1594849,126.54921,0.100000001],[284.483368,-3.59719086,126.604843,0.100000001]]}
{"class":"DecalRoad","persistentId":"f44d774d-6358-401e-8848-c230251264f0","__parent":"SimGroup_","position":[328.7453,165.558258,128.812256],"improvedSpline":true,"material":"BlankWhite","nodes":[[328.7453,165.558258,128.812256,0.100000001],[319.265167,155.717285,128.578934,0.100000001],[314.008453,142.759705,127.831673,0.100000001],[320.38855,125.473663,126.532806,0.100000001],[331.881165,113.851654,126.532806,0.100000001],[344.433868,99.800705,126.532806,0.100000001],[348.786865,89.796875,126.532806,0.100000001],[343.978851,82.5006409,126.532806,0.100000001],[333.328613,74.3879547,126.532806,0.100000001],[321.352753,64.8538589,126.532806,0.100000001],[311.667603,58.290329,126.532806,0.100000001],[305.199707,58.5677414,126.532806,0.100000001],[302.72937,63.2556877,126.532806,0.100000001],[309.14621,64.3669128,126.532806,0.100000001],[316.40506,67.3508072,126.532806,0.100000001],[324.01355,72.2900314,126.532806,0.100000001],[327.58017,77.7789917,126.532806,0.100000001],[327.905792,85.8277359,126.532806,0.100000001],[322.81723,93.0980148,126.532806,0.100000001],[311.000244,95.6059799,126.532806,0.100000001],[283.82724,92.0102615,126.532806,0.100000001],[244.157791,99.9988708,128.71759,0.100000001]]}
{"class":"DecalRoad","persistentId":"f7029bfd-a599-4591-85b0-8404afea76de","__parent":"SimGroup_","position":[366.561615,42.5658607,127.986908],"drivability":1,"improvedSpline":true,"material":"road_dirt_tracks","nodes":[[366.561615,42.5658607,127.986908,7.5],[388.371704,58.2263031,128.068726,7.5],[414.368469,80.4852371,127.846855,7.5],[431.868591,112.012161,127.23909,7.5],[433.407562,133.075043,127.181267,7.5],[422.964447,157.114807,127.156487,7.5],[399.892914,174.290802,127.204285,7.5],[368.563721,173.729843,127.216713,7.5],[345.189087,160.00441,127.283974,7.5],[333.698669,140.631073,126.532806,7.5],[335.418488,126.392372,126.532806,7.5],[341.991241,111.508156,126.532806,7.5],[351.47464,98.3886719,126.532806,7.5],[351.096222,82.3395844,126.532806,7.5],[315.959991,53.1772537,126.532806,7.5],[303.10022,51.9744186,126.532806,7.5],[296.296356,61.7930336,126.532806,7.5],[300.998016,68.2821655,126.532806,7.5],[311.209503,69.6504288,126.532806,7.5],[321.834747,76.4818954,126.532806,7.5],[320.578094,87.1346893,126.532806,7.5],[308.304077,90.2723923,126.532806,7.5],[265.311554,81.4032135,126.532806,7.5],[233.414459,72.1438828,127.076286,7.5],[214.914001,53.7158585,127.133316,7.5],[209.89209,28.4134293,127.146179,7.5],[226.852859,-5.5194931,127.202003,7.5],[251.099487,-20.35672,127.417671,7.5],[284.125,-17.5374069,127.795982,7.5],[317.883057,6.01538849,127.935524,7.5],[349.929871,30.9491539,127.897041,7.5],[368.532623,43.9193306,127.997093,7.5]]}
{"name":"SimGroup_","class":"SimGroup","persistentId":"609701c1-d9d6-4030-8eed-b652781ba085","groupPosition":"323.17857662397 76.767781841896 126.70511717664"}
{"class":"TSStatic","persistentId":"01d55983-7c9f-4a4a-a448-98c620b65251","__parent":"SimGroup_","position":[298.678131,84.054512,126.532806],"isRenderEnabled":false,"rotationMatrix":[-0.954496622,-0.298221916,8.03704697e-17,0.298221916,-0.954496622,-1.5341376e-16,1.22464685e-16,-1.22464685e-16,1],"shapeName":"/levels/rls_west_coast_usa/art/shapes/objects/barrierfence_plain.dae","useInstanceRenderData":true}
{"class":"TSStatic","persistentId":"026c5531-ff06-47b3-b0ff-394de1100f77","__parent":"SimGroup_","position":[317.037537,131.908997,126.731247],"isRenderEnabled":false,"rotationMatrix":[-0.392369032,0.914305568,0.100458503,-0.917563915,-0.39669466,0.026642032,0.0642103106,-0.0817235932,0.994584501],"shapeName":"/levels/rls_west_coast_usa/art/shapes/objects/barrierfence_plain.dae","useInstanceRenderData":true}
{"class":"TSStatic","persistentId":"030eab34-be0f-4ea7-b3e9-571dedfbeb2e","__parent":"SimGroup_","position":[396.520599,83.5032883,126.532913],"isRenderEnabled":false,"rotationMatrix":[0.791434407,0.611217976,-0.00664803432,-0.611247063,0.791326284,-0.0134059191,-0.00293317391,0.0146734975,0.999888062],"shapeName":"/levels/rls_west_coast_usa/art/shapes/objects/barrierfence_plain.dae","useInstanceRenderData":true}
{"class":"TSStatic","persistentId":"0330547f-4df5-4216-ba93-ab0afb05dd4d","__parent":"SimGroup_","position":[354.992706,51.4136162,126.534836],"isRenderEnabled":false,"rotationMatrix":[0.790721774,0.612175703,0.000149831176,-0.610801697,0.788963377,-0.0667690635,-0.0409926064,0.0527042337,0.997768462],"shapeName":"/levels/rls_west_coast_usa/art/shapes/objects/barrierfence_plain.dae","useInstanceRenderData":true}
{"class":"TSStatic","persistentId":"04e7a527-9293-4192-8d82-b23735f1446d","__parent":"SimGroup_","position":[363.732269,58.1733971,126.536636],"isRenderEnabled":false,"rotationMatrix":[0.791114569,0.611666262,0.00146078318,-0.610481441,0.789726257,-0.0603720322,-0.038081158,0.0468694121,0.998174906],"shapeName":"/levels/rls_west_coast_usa/art/shapes/objects/barrierfence_plain.dae","useInstanceRenderData":true}
{"class":"TSStatic","persistentId":"0518e734-875d-4486-870c-2001f0674467","__parent":"SimGroup_","position":[342.100311,80.841507,126.532806],"isRenderEnabled":false,"rotationMatrix":[0.780199289,0.625531077,-1.89413971e-17,-0.625531077,0.780199289,1.72152313e-16,1.22464685e-16,-1.22464672e-16,1],"shapeName":"/levels/rls_west_coast_usa/art/shapes/objects/barrierfence_plain.dae","useInstanceRenderData":true}
{"class":"TSStatic","persistentId":"069fff66-975d-4f7d-ad98-bf91006fbff8","__parent":"SimGroup_","position":[353.896851,107.297203,126.532806],"isRenderEnabled":false,"rotationMatrix":[0.558975101,-0.829184473,-1.70000518e-16,0.829184473,0.558975101,-3.3091099e-17,1.22464685e-16,-1.22464672e-16,1],"shapeName":"/levels/rls_west_coast_usa/art/shapes/objects/barrierfence_plain.dae","useInstanceRenderData":true}
{"class":"TSStatic","persistentId":"0b1b4aa6-1611-4fe2-bf3d-352fb6f42912","__parent":"SimGroup_","position":[319.453949,127.065277,126.532806],"isRenderEnabled":false,"rotationMatrix":[-0.480883241,0.876784563,1.66266374e-16,-0.876784563,-0.480883241,4.84839211e-17,1.22464685e-16,-1.22464685e-16,1],"shapeName":"/levels/rls_west_coast_usa/art/shapes/objects/barrierfence_plain.dae","useInstanceRenderData":true}
{"class":"TSStatic","persistentId":"0c62103f-fd74-4862-8737-3469475f546f","__parent":"SimGroup_","position":[306.318237,58.0794868,126.532806],"isRenderEnabled":false,"rotationMatrix":[0.948132217,-0.317876309,-1.55041334e-16,0.317876309,0.948132217,7.71840906e-17,1.22464685e-16,-1.22464685e-16,1],"shapeName":"/levels/rls_west_coast_usa/art/shapes/objects/barrierfence_plain.dae","useInstanceRenderData":true}
{"class":"TSStatic","persistentId":"0dc0ff62-d782-4eaa-b567-3b91e340ab0e","__parent":"SimGroup_","position":[310.751465,75.1378784,126.532806],"isRenderEnabled":false,"rotationMatrix":[0.959349275,0.282221556,-8.29242278e-17,-0.282221556,0.959349275,1.52048568e-16,1.22464685e-16,-1.22464672e-16,1],"shapeName":"/levels/rls_west_coast_usa/art/shapes/objects/barrierfence_plain.dae","useInstanceRenderData":true}
{"class":"TSStatic","persistentId":"0e58fd4d-e9c6-40dd-9c37-7178f0106fd2","__parent":"SimGroup_","position":[301.299255,84.7490311,126.532806],"isRenderEnabled":false,"rotationMatrix":[-0.972978234,-0.230896771,9.08787737e-17,0.230896771,-0.972978234,-1.47432173e-16,1.22464685e-16,-1.22464685e-16,1],"shapeName":"/levels/rls_west_coast_usa/art/shapes/objects/barrierfence_plain.dae","useInstanceRenderData":true}
{"class":"TSStatic","persistentId":"0ef834bc-330b-4c85-9cf7-184c2982b1be","__parent":"SimGroup_","position":[350.759491,111.722015,126.532806],"isRenderEnabled":false,"rotationMatrix":[0.586497903,-0.809950769,-1.71015634e-16,0.809950769,0.586497903,-2.73650802e-17,1.22464685e-16,-1.22464685e-16,1],"shapeName":"/levels/rls_west_coast_usa/art/shapes/objects/barrierfence_plain.dae","useInstanceRenderData":true}
{"class":"TSStatic","persistentId":"113e2f5f-8140-4271-9b1c-1ca03de7af0b","__parent":"SimGroup_","position":[330.98584,32.7894096,126.544342],"isRenderEnabled":false,"rotationMatrix":[0.788706541,0.614769816,-0.000308204442,-0.614070654,0.78778547,-0.048075445,-0.0293125324,0.0381066725,0.99884367],"shapeName":"/levels/rls_west_coast_usa/art/shapes/objects/barrierfence_plain.dae","useInstanceRenderData":true}
{"class":"TSStatic","persistentId":"15f9e0c5-9cf9-4669-bc4c-3ba603961e2d","__parent":"SimGroup_","position":[320.438202,94.3128815,126.532806],"isRenderEnabled":false,"rotationMatrix":[0.930962205,-0.365115494,-1.58723757e-16,0.365115494,0.930962205,6.92962419e-17,1.22464685e-16,-1.22464685e-16,1],"shapeName":"/levels/rls_west_coast_usa/art/shapes/objects/barrierfence_plain.dae","useInstanceRenderData":true}
{"class":"TSStatic","persistentId":"180a6905-dc20-4677-8bf3-6947f809336d","__parent":"SimGroup_","position":[314.319458,66.3193359,126.532806],"isRenderEnabled":false,"rotationMatrix":[-0.912192225,-0.409762681,6.15298762e-17,0.409762681,-0.912192225,-1.61892772e-16,1.22464685e-16,-1.22464685e-16,1],"shapeName":"/levels/rls_west_coast_usa/art/shapes/objects/barrierfence_plain.dae","useInstanceRenderData":true}
{"class":"TSStatic","persistentId":"1922706d-de4d-4a48-b3cd-2646c32d21a9","__parent":"SimGroup_","position":[259.010681,96.5354614,127.480019],"isRenderEnabled":false,"rotationMatrix":[0.970723271,-0.226794764,-0.0791229308,0.232249781,0.970258117,0.0682582706,0.061289046,-0.0846361667,0.994525194],"shapeName":"/levels/rls_west_coast_usa/art/shapes/objects/barrierfence_plain.dae","useInstanceRenderData":true}
{"class":"TSStatic","persistentId":"194d9271-1496-4528-81b8-8813932b5bce","__parent":"SimGroup_","position":[293.539642,82.3188858,126.532806],"isRenderEnabled":false,"rotationMatrix":[-0.940088391,-0.340930998,7.33756055e-17,0.340930998,-0.940088391,-1.56879634e-16,1.22464685e-16,-1.22464685e-16,1],"shapeName":"/levels/rls_west_coast_usa/art/shapes/objects/barrierfence_plain.dae","useInstanceRenderData":true}
{"class":"TSStatic","persistentId":"1a55f55c-38dc-4180-92ad-48ee24c642f0","__parent":"SimGroup_","position":[261.645691,95.9312515,127.263123],"isRenderEnabled":false,"rotationMatrix":[0.972406626,-0.219646245,-0.0786183029,0.225097686,0.971901357,0.0688388646,0.0612890422,-0.0846361667,0.994525194],"shapeName":"/levels/rls_west_coast_usa/art/shapes/objects/barrierfence_plain.dae","useInstanceRenderData":true}
{"class":"TSStatic","persistentId":"1ace1973-6e1e-463a-ab1e-fdf134d830fc","__parent":"SimGroup_","position":[315.74469,20.8915176,126.562119],"isRenderEnabled":false,"rotationMatrix":[0.787564158,0.616221964,0.00362523831,-0.613979399,0.785173535,-0.0808191374,-0.052648969,0.0614244379,0.996722162],"shapeName":"/levels/rls_west_coast_usa/art/shapes/objects/barrierfence_plain.dae","useInstanceRenderData":true}
{"class":"TSStatic","persistentId":"1bd4c388-0fae-4f8e-b90d-5126f4e4583a","__parent":"SimGroup_","position":[280.261108,92.3717804,126.532806],"isRenderEnabled":false,"rotationMatrix":[0.989742398,-0.142863318,-1.38704199e-16,0.142863318,0.989742398,1.03712779e-16,1.22464672e-16,-1.22464685e-16,1],"shapeName":"/levels/rls_west_coast_usa/art/shapes/objects/barrierfence_plain.dae","useInstanceRenderData":true}
{"class":"TSStatic","persistentId":"1d5ec72f-8ba3-4b04-b207-163e182255e1","__parent":"SimGroup_","position":[292.119171,55.6123199,126.532806],"isRenderEnabled":false,"rotationMatrix":[-0.50544703,0.86285764,1.67568991e-16,-0.86285764,-0.50544703,4.37701728e-17,1.22464672e-16,-1.22464672e-16,1],"shapeName":"/levels/rls_west_coast_usa/art/shapes/objects/barrierfence_plain.dae","useInstanceRenderData":true}
{"class":"TSStatic","persistentId":"1f78bb15-2e55-44c3-b8f3-db7646183804","__parent":"SimGroup_","position":[315.821228,150.047272,128.323639],"isRenderEnabled":false,"rotationMatrix":[0.433903098,0.899788499,0.0459215827,-0.898668528,0.428604662,0.093235828,0.0642103106,-0.0817235932,0.994584501],"shapeName":"/levels/rls_west_coast_usa/art/shapes/objects/barrierfence_plain.dae","useInstanceRenderData":true}
{"class":"TSStatic","persistentId":"1fb21337-0d9c-41d0-ba2f-8b9387f03bd3","__parent":"SimGroup_","position":[341.890656,41.264473,126.542015],"isRenderEnabled":false,"rotationMatrix":[0.78983289,0.613321841,0.000570563599,-0.611748397,0.787872612,-0.0708561391,-0.0439071506,0.0556154698,0.997486353],"shapeName":"/levels/rls_west_coast_usa/art/shapes/objects/barrierfence_plain.dae","useInstanceRenderData":true}
{"class":"TSStatic","persistentId":"221a21e1-d795-48a9-9573-7db0b3942eaf","__parent":"SimGroup_","position":[336.120514,109.376633,126.532806],"isRenderEnabled":false,"rotationMatrix":[-0.687324762,0.726350188,1.73125263e-16,-0.726350188,-0.687324762,4.77922459e-18,1.22464672e-16,-1.22464685e-16,1],"shapeName":"/levels/rls_west_coast_usa/art/shapes/objects/barrierfence_plain.dae","useInstanceRenderData":true}
{"class":"TSStatic","persistentId":"2316cca4-fa3e-4250-a8d1-df6bd8fb7748","__parent":"SimGroup_","position":[311.817505,65.2736435,126.532806],"isRenderEnabled":false,"rotationMatrix":[-0.93297565,-0.359939396,7.01767061e-17,0.359939396,-0.93297565,-1.58336425e-16,1.22464672e-16,-1.22464685e-16,1],"shapeName":"/levels/rls_west_coast_usa/art/shapes/objects/barrierfence_plain.dae","useInstanceRenderData":true}
{"class":"TSStatic","persistentId":"241288dd-bb66-4dcc-8010-fea81215bda4","__parent":"SimGroup_","position":[324.425751,120.67263,126.532806],"isRenderEnabled":false,"rotationMatrix":[-0.731701255,0.681625426,1.73082593e-16,-0.681625426,-0.731701255,-6.13252516e-18,1.22464672e-16,-1.22464685e-16,1],"shapeName":"/levels/rls_west_coast_usa/art/shapes/objects/barrierfence_plain.dae","useInstanceRenderData":true}
{"class":"TSStatic","persistentId":"253db5a6-846c-4b4d-ab86-2d19d425b564","__parent":"SimGroup_","position":[282.958862,92.095108,126.532806],"isRenderEnabled":false,"rotationMatrix":[0.995260298,-0.0972470716,-1.33793566e-16,0.0972470716,0.995260298,1.099749e-16,1.22464685e-16,-1.22464685e-16,1],"shapeName":"/levels/rls_west_coast_usa/art/shapes/objects/barrierfence_plain.dae","useInstanceRenderData":true}
{"class":"TSStatic","persistentId":"26ea3a6c-a4c8-44a2-959f-4a859d7358b0","__parent":"SimGroup_","position":[329.127625,71.0244827,126.532806],"isRenderEnabled":false,"rotationMatrix":[0.776691794,0.629880846,-1.79791644e-17,-0.629880846,0.776691794,1.72255466e-16,1.22464685e-16,-1.22464672e-16,1],"shapeName":"/levels/rls_west_coast_usa/art/shapes/objects/barrierfence_plain.dae","useInstanceRenderData":true}
{"class":"TSStatic","persistentId":"290a3129-9faa-4a4b-ab8c-ff756a586ee9","__parent":"SimGroup_","position":[331.236847,72.7295303,126.532806],"isRenderEnabled":false,"rotationMatrix":[0.781410694,0.62401706,-1.92751645e-17,-0.62401706,0.781410694,1.72115268e-16,1.22464685e-16,-1.22464685e-16,1],"shapeName":"/levels/rls_west_coast_usa/art/shapes/objects/barrierfence_plain.dae","useInstanceRenderData":true}
{"class":"TSStatic","persistentId":"293d663c-0b87-444e-b051-682cc4026c7a","__parent":"SimGroup_","position":[348.440186,46.3409615,126.538628],"isRenderEnabled":false,"rotationMatrix":[0.790433526,0.612547815,-0.000172750093,-0.61184603,0.789514422,-0.0480761155,-0.0293125324,0.0381066725,0.99884367],"shapeName":"/levels/rls_west_coast_usa/art/shapes/objects/barrierfence_plain.dae","useInstanceRenderData":true}
{"class":"TSStatic","persistentId":"2993e7a8-9bf4-4841-ae4b-b1dfce58ccd1","__parent":"SimGroup_","position":[394.334503,81.8148956,126.532806],"isRenderEnabled":false,"rotationMatrix":[0.791459322,0.611219227,-0.00179301295,-0.61122185,0.791455925,-0.00232173782,5.82076609e-11,0.00293348962,0.999995708],"shapeName":"/levels/rls_west_coast_usa/art/shapes/objects/barrierfence_plain.dae","useInstanceRenderData":true}
{"class":"TSStatic","persistentId":"2dbf24c1-f601-467a-8866-e8d9049600ba","__parent":"SimGroup_","position":[301.760925,94.0353546,126.532806],"isRenderEnabled":false,"rotationMatrix":[0.976264715,0.216580808,-9.30344395e-17,-0.216580808,0.976264715,1.46081446e-16,1.22464672e-16,-1.22464685e-16,1],"shapeName":"/levels/rls_west_coast_usa/art/shapes/objects/barrierfence_plain.dae","useInstanceRenderData":true}
{"class":"TSStatic","persistentId":"2e7a7485-3eea-44ed-bac3-d7e884304d8c","__parent":"SimGroup_","position":[342.075653,125.454826,126.532806],"isRenderEnabled":false,"rotationMatrix":[0.458109975,-0.888895512,-1.64960593e-16,0.888895512,0.458109975,-5.27560211e-17,1.22464685e-16,-1.22464685e-16,1],"shapeName":"/levels/rls_west_coast_usa/art/shapes/objects/barrierfence_plain.dae","useInstanceRenderData":true}
{"class":"TSStatic","persistentId":"2edb1fe4-3e8d-49ff-8ee0-a9367a052267","__parent":"SimGroup_","position":[322.537872,122.618095,126.532806],"isRenderEnabled":false,"rotationMatrix":[-0.666715503,0.745312452,1.7292355e-16,-0.745312452,-0.666715503,9.62536478e-18,1.22464685e-16,-1.22464685e-16,1],"shapeName":"/levels/rls_west_coast_usa/art/shapes/objects/barrierfence_plain.dae","useInstanceRenderData":true}
{"class":"TSStatic","persistentId":"305fbcfc-84c5-4243-8f45-771680288412","__parent":"SimGroup_","position":[347.6716,94.4127579,126.532806],"isRenderEnabled":false,"rotationMatrix":[-0.413856745,0.910342038,1.62167581e-16,-0.910342038,-0.413856745,6.08019175e-17,1.22464685e-16,-1.22464685e-16,1],"shapeName":"/levels/rls_west_coast_usa/art/shapes/objects/barrierfence_plain.dae","useInstanceRenderData":true}
{"class":"TSStatic","persistentId":"327953b7-ef40-4a4c-9ca5-d70398644708","__parent":"SimGroup_","position":[350.254211,74.1799469,126.532806],"isRenderEnabled":false,"rotationMatrix":[-0.80435884,-0.594143987,2.5743879e-17,0.594143987,-0.80435884,-1.7126719e-16,1.22464685e-16,-1.22464698e-16,1],"shapeName":"/levels/rls_west_coast_usa/art/shapes/objects/barrierfence_plain.dae","useInstanceRenderData":true}
{"class":"TSStatic","persistentId":"333d6569-8162-48ea-8da5-c81bcd2a9b2e","__parent":"SimGroup_","position":[316.015991,134.405838,127.00769],"isRenderEnabled":false,"rotationMatrix":[-0.359908581,0.92749244,0.101111427,-0.930972278,-0.364135265,0.0263838321,0.0612890422,-0.0846361667,0.994525194],"shapeName":"/levels/rls_west_coast_usa/art/shapes/objects/barrierfence_plain.dae","useInstanceRenderData":true}
{"class":"TSStatic","persistentId":"33ef691e-6efc-4e9f-bdcc-b9d64cd7ae6d","__parent":"SimGroup_","position":[372.474304,64.9300308,126.532806],"isRenderEnabled":false,"rotationMatrix":[0.791326225,0.611370444,-0.00538270222,-0.611394167,0.791295588,-0.00696682045,0,0.00880398043,0.999961257],"shapeName":"/levels/rls_west_coast_usa/art/shapes/objects/barrierfence_plain.dae","useInstanceRenderData":true}
{"class":"TSStatic","persistentId":"34061083-e55f-4cb9-a1d0-3831cc5c3190","__parent":"SimGroup_","position":[291.399689,63.5564766,126.532806],"isRenderEnabled":false,"rotationMatrix":[0.167568028,0.985860467,1.00211932e-16,-0.985860467,0.167568028,1.41254258e-16,1.22464685e-16,-1.22464685e-16,1],"shapeName":"/levels/rls_west_coast_usa/art/shapes/objects/barrierfence_plain.dae","useInstanceRenderData":true}
{"class":"TSStatic","persistentId":"344f0212-d491-440e-96f5-b4733b3949e9","__parent":"SimGroup_","position":[313.232605,46.8148956,126.532806],"isRenderEnabled":false,"rotationMatrix":[-0.913629532,-0.406547755,6.20996051e-17,0.406547755,-0.913629532,-1.61675084e-16,1.22464685e-16,-1.22464685e-16,1],"shapeName":"/levels/rls_west_coast_usa/art/shapes/objects/barrierfence_plain.dae","useInstanceRenderData":true}
{"class":"TSStatic","persistentId":"3473da89-a629-4ed9-bee2-50dbf3b0bddd","__parent":"SimGroup_","position":[295.406586,-8.6765213,127.798553],"isRenderEnabled":false,"rotationMatrix":[0.598257601,-0.792444766,0.118825674,0.796720803,0.604096889,0.0174134485,-0.0855814368,0.0842531174,0.992762446],"scale":[1.74770212,1.30061817,1],"shapeName":"/levels/rls_west_coast_usa/art/shapes/objects/ramp_shallow_long.dae","useInstanceRenderData":true}
{"class":"TSStatic","persistentId":"3618aa23-9524-4a8c-9c25-7577241f8b38","__parent":"SimGroup_","position":[347.593781,116.126755,126.532806],"isRenderEnabled":false,"rotationMatrix":[0.577775717,-0.816195607,-1.70712238e-16,0.816195607,0.577775717,-2.91980132e-17,1.22464685e-16,-1.22464685e-16,1],"shapeName":"/levels/rls_west_coast_usa/art/shapes/objects/barrierfence_plain.dae","useInstanceRenderData":true}
{"class":"TSStatic","persistentId":"367c2000-d779-48f1-8a59-629ec48396a6","__parent":"SimGroup_","position":[275.463745,76.5443726,126.532806],"isRenderEnabled":false,"rotationMatrix":[-0.96430397,-0.264797926,8.5664783e-17,0.264797926,-0.96430397,-1.50521566e-16,1.22464685e-16,-1.22464685e-16,1],"shapeName":"/levels/rls_west_coast_usa/art/shapes/objects/barrierfence_plain.dae","useInstanceRenderData":true}
{"class":"TSStatic","persistentId":"38e3d522-270b-4d31-a848-f86ec4338ca9","__parent":"SimGroup_","position":[288.376648,91.9871063,126.532806],"isRenderEnabled":false,"rotationMatrix":[0.999197781,0.0400473028,-1.17462056e-16,-0.0400473028,0.999197781,1.27270816e-16,1.22464685e-16,-1.22464672e-16,1],"shapeName":"/levels/rls_west_coast_usa/art/shapes/objects/barrierfence_plain.dae","useInstanceRenderData":true}
{"class":"TSStatic","persistentId":"39d1f7f1-5eef-4706-a576-adb37269111f","__parent":"SimGroup_","position":[392.148346,80.1265869,126.533325],"isRenderEnabled":false,"rotationMatrix":[0.791500568,0.611159682,-0.00326403696,-0.611055732,0.791240871,-0.0234262478,-0.0117345396,0.0205363985,0.999720216],"shapeName":"/levels/rls_west_coast_usa/art/shapes/objects/barrierfence_plain.dae","useInstanceRenderData":true}
{"class":"TSStatic","persistentId":"3a7b1677-ce5b-4a21-b8ea-34b36391db01","__parent":"SimGroup_","position":[309.250732,64.3991852,126.532806],"isRenderEnabled":false,"rotationMatrix":[-0.955493927,-0.295010626,8.08858827e-17,0.295010626,-0.955493927,-1.53142644e-16,1.22464685e-16,-1.22464672e-16,1],"shapeName":"/levels/rls_west_coast_usa/art/shapes/objects/barrierfence_plain.dae","useInstanceRenderData":true}
{"class":"TSStatic","persistentId":"3b2e9e57-4dd3-477d-ba1b-ee3ef88edea2","__parent":"SimGroup_","position":[326.513519,56.1334381,126.532806],"isRenderEnabled":false,"rotationMatrix":[-0.777995586,-0.628269613,1.83361424e-17,0.628269613,-0.777995586,-1.72217826e-16,1.22464672e-16,-1.22464672e-16,1],"shapeName":"/levels/rls_west_coast_usa/art/shapes/objects/barrierfence_plain.dae","useInstanceRenderData":true}
{"class":"TSStatic","persistentId":"3b9f10d2-84f4-45a2-8624-1401b98f7ec9","__parent":"SimGroup_","position":[315.173584,95.5150528,126.532806],"isRenderEnabled":false,"rotationMatrix":[0.997500539,-0.070658654,-1.30811771e-16,0.070658654,0.997500539,1.13505393e-16,1.22464685e-16,-1.22464672e-16,1],"shapeName":"/levels/rls_west_coast_usa/art/shapes/objects/barrierfence_plain.dae","useInstanceRenderData":true}
{"class":"TSStatic","persistentId":"3c883410-3dfa-4fa7-b6f4-22b53ba14789","__parent":"SimGroup_","position":[251.118423,98.4010696,128.139847],"isRenderEnabled":false,"rotationMatrix":[0.969670653,-0.23115018,-0.0794258863,0.236607254,0.9692294,0.067906782,0.0612852424,-0.0846399516,0.994525135],"shapeName":"/levels/rls_west_coast_usa/art/shapes/objects/barrierfence_plain.dae","useInstanceRenderData":true}
{"class":"TSStatic","persistentId":"3ca45831-e3e9-4017-b956-7b85015c2bdc","__parent":"SimGroup_","position":[293.740417,53.4500427,126.532806],"isRenderEnabled":false,"rotationMatrix":[-0.715048432,0.699074745,1.73180161e-16,-0.699074745,-0.715048432,-1.95622259e-18,1.22464672e-16,-1.22464685e-16,1],"shapeName":"/levels/rls_west_coast_usa/art/shapes/objects/barrierfence_plain.dae","useInstanceRenderData":true}
{"class":"TSStatic","persistentId":"3e1b0471-6323-4994-98a3-915aa6456321","__parent":"SimGroup_","position":[328.647919,57.8066025,126.532806],"isRenderEnabled":false,"rotationMatrix":[-0.801069379,-0.59857136,2.47988582e-17,0.59857136,-0.801069379,-1.71406567e-16,1.22464672e-16,-1.22464685e-16,1],"shapeName":"/levels/rls_west_coast_usa/art/shapes/objects/barrierfence_plain.dae","useInstanceRenderData":true}
{"class":"TSStatic","persistentId":"3ec4dc1a-8395-494c-a50f-a6f3b6828d49","__parent":"SimGroup_","position":[400.892517,86.8804626,126.532806],"isRenderEnabled":false,"rotationMatrix":[0.791223764,0.611516178,-0.00359010114,-0.611526668,0.791210115,-0.0046450519,0,0.00587071804,0.999982774],"shapeName":"/levels/rls_west_coast_usa/art/shapes/objects/barrierfence_plain.dae","useInstanceRenderData":true}
{"class":"TSStatic","persistentId":"3f547861-f4f8-4005-8849-cbc8caa152e1","__parent":"SimGroup_","position":[341.455933,67.8402176,126.532806],"isRenderEnabled":false,"rotationMatrix":[-0.791067243,-0.611729145,2.19625882e-17,0.611729145,-0.791067243,-1.71793012e-16,1.22464685e-16,-1.22464672e-16,1],"shapeName":"/levels/rls_west_coast_usa/art/shapes/objects/barrierfence_plain.dae","useInstanceRenderData":true}
{"class":"TSStatic","persistentId":"40815a13-4790-49c8-b8b3-173bb744435c","__parent":"SimGroup_","position":[299.110046,93.4620895,126.532806],"isRenderEnabled":false,"rotationMatrix":[0.978598058,0.205781028,-9.46427896e-17,-0.205781028,0.978598058,1.45044598e-16,1.22464685e-16,-1.22464685e-16,1],"shapeName":"/levels/rls_west_coast_usa/art/shapes/objects/barrierfence_plain.dae","useInstanceRenderData":true}
{"class":"TSStatic","persistentId":"42d5d17b-7ca2-4f18-bdf7-9350c3ce1b1c","__parent":"SimGroup_","position":[356.859528,102.753662,126.532806],"isRenderEnabled":false,"rotationMatrix":[0.545224845,-0.838289857,-1.69431683e-16,0.838289857,0.545224845,-3.58901128e-17,1.22464685e-16,-1.22464685e-16,1],"shapeName":"/levels/rls_west_coast_usa/art/shapes/objects/barrierfence_plain.dae","useInstanceRenderData":true}
{"class":"TSStatic","persistentId":"464fbdc0-d654-4d30-a019-96f6aa9a1e10","__parent":"SimGroup_","position":[291.288391,-3.09140778,126.970383],"isRenderEnabled":false,"rotationMatrix":[0.598257601,-0.792444766,0.118825674,0.796720803,0.604096889,0.0174134485,-0.0855814368,0.0842531174,0.992762446],"scale":[1.74770212,1.30061817,1],"shapeName":"/levels/rls_west_coast_usa/art/shapes/objects/ramp_shallow_long.dae","useInstanceRenderData":true}
{"class":"TSStatic","persistentId":"4753a667-a84e-4a3e-b72c-4e38f6bfd87f","__parent":"SimGroup_","position":[323.585266,71.9125137,126.532806],"isRenderEnabled":false,"rotationMatrix":[-0.750160694,-0.661255717,1.08877218e-17,0.661255717,-0.750160694,-1.7284864e-16,1.22464685e-16,-1.22464685e-16,1],"shapeName":"/levels/rls_west_coast_usa/art/shapes/objects/barrierfence_plain.dae","useInstanceRenderData":true}
{"class":"TSStatic","persistentId":"47d47f62-30b3-4dff-9f06-b102413623e1","__parent":"SimGroup_","position":[352.444061,75.780098,126.532806],"isRenderEnabled":false,"rotationMatrix":[-0.80744946,-0.589936614,2.66376543e-17,0.589936614,-0.80744946,-1.71130447e-16,1.22464685e-16,-1.22464672e-16,1],"shapeName":"/levels/rls_west_coast_usa/art/shapes/objects/barrierfence_plain.dae","useInstanceRenderData":true}
{"class":"TSStatic","persistentId":"4ceaf424-b4ea-4d4d-8653-3accc5ad22dc","__parent":"SimGroup_","position":[330.490143,115.249565,126.532806],"isRenderEnabled":false,"rotationMatrix":[-0.726826787,0.686820745,1.73121901e-16,-0.686820745,-0.726826787,-4.89933121e-18,1.22464672e-16,-1.22464672e-16,1],"shapeName":"/levels/rls_west_coast_usa/art/shapes/objects/barrierfence_plain.dae","useInstanceRenderData":true}
{"class":"TSStatic","persistentId":"4d725d91-2191-4549-8bfd-cdc3176301f4","__parent":"SimGroup_","position":[312.464417,95.6227341,126.532806],"isRenderEnabled":false,"rotationMatrix":[0.999934554,0.0114406701,-1.2105558e-16,-0.0114406701,0.999934554,1.23857724e-16,1.22464672e-16,-1.22464672e-16,1],"shapeName":"/levels/rls_west_coast_usa/art/shapes/objects/barrierfence_plain.dae","useInstanceRenderData":true}
{"class":"TSStatic","persistentId":"4da09cb9-217a-4c67-afad-a8b95f0aa477","__parent":"SimGroup_","position":[302.825317,61.9209671,126.532806],"isRenderEnabled":false,"rotationMatrix":[0.222842574,-0.974854529,-1.53259058e-16,0.974854529,0.222842574,-8.06651049e-17,1.12789385e-16,-1.31429642e-16,1],"shapeName":"/levels/rls_west_coast_usa/art/shapes/objects/barrierfence_plain.dae","useInstanceRenderData":true}
{"class":"TSStatic","persistentId":"4ea4bf31-8cb9-4b8a-a82b-130239d4e60d","__parent":"SimGroup_","position":[333.362579,74.413887,126.532806],"isRenderEnabled":false,"rotationMatrix":[0.794820368,0.606844723,-2.30203736e-17,-0.606844723,0.794820368,1.71654483e-16,1.22464685e-16,-1.22464685e-16,1],"shapeName":"/levels/rls_west_coast_usa/art/shapes/objects/barrierfence_plain.dae","useInstanceRenderData":true}
{"class":"TSStatic","persistentId":"4ff93f62-32b0-4f44-bb5a-eec34796461c","__parent":"SimGroup_","position":[313.568909,19.1898346,126.560516],"isRenderEnabled":false,"rotationMatrix":[0.787451148,0.616377056,0.000190965831,-0.61302346,0.783198953,-0.103931099,-0.0642103106,0.0817236006,0.994584501],"shapeName":"/levels/rls_west_coast_usa/art/shapes/objects/barrierfence_plain.dae","useInstanceRenderData":true}
{"class":"TSStatic","persistentId":"5053b172-90f6-4e36-940f-e1a026b8b135","__parent":"SimGroup_","position":[354.6203,77.3986282,126.532806],"isRenderEnabled":false,"rotationMatrix":[-0.793576956,-0.608469784,2.26690998e-17,0.608469784,-0.793576956,-1.71701215e-16,1.22464672e-16,-1.22464672e-16,1],"shapeName":"/levels/rls_west_coast_usa/art/shapes/objects/barrierfence_plain.dae","useInstanceRenderData":true}
{"class":"TSStatic","persistentId":"52b38096-2732-4f45-abe8-ca54a31f4c95","__parent":"SimGroup_","position":[321.411438,70.2935028,126.532806],"isRenderEnabled":false,"rotationMatrix":[-0.835786581,-0.549054325,3.51145813e-17,0.549054325,-0.835786581,-1.69594101e-16,1.22464672e-16,-1.22464659e-16,1],"shapeName":"/levels/rls_west_coast_usa/art/shapes/objects/barrierfence_plain.dae","useInstanceRenderData":true}
{"class":"TSStatic","persistentId":"52d3f475-08cb-4f39-a2ff-7b39be11ffb5","__parent":"SimGroup_","position":[348.562256,91.8572388,126.532806],"isRenderEnabled":false,"rotationMatrix":[-0.215153575,0.976580262,1.45945299e-16,-0.976580262,-0.215153575,9.32478852e-17,1.22464672e-16,-1.22464685e-16,1],"shapeName":"/levels/rls_west_coast_usa/art/shapes/objects/barrierfence_plain.dae","useInstanceRenderData":true}
{"class":"TSStatic","persistentId":"553900ef-1b8f-4491-a4fc-a10c42c0f122","__parent":"SimGroup_","position":[324.909515,67.6140366,126.532806],"isRenderEnabled":false,"rotationMatrix":[0.78104496,0.624474764,-1.91743245e-17,-0.624474764,0.78104496,1.72126518e-16,1.22464685e-16,-1.22464685e-16,1],"shapeName":"/levels/rls_west_coast_usa/art/shapes/objects/barrierfence_plain.dae","useInstanceRenderData":true}
{"class":"TSStatic","persistentId":"55991de9-4984-46b1-bc37-61b75d86da3f","__parent":"SimGroup_","position":[324.93811,91.3623047,126.532806],"isRenderEnabled":false,"rotationMatrix":[0.653312564,-0.757088304,-1.72724285e-16,0.757088304,0.653312564,-1.27088691e-17,1.22464685e-16,-1.22464672e-16,1],"shapeName":"/levels/rls_west_coast_usa/art/shapes/objects/barrierfence_plain.dae","useInstanceRenderData":true}
{"class":"TSStatic","persistentId":"55fc8369-629b-4f13-b1ee-97ebc1ef9b7b","__parent":"SimGroup_","position":[308.129395,74.4476089,126.532806],"isRenderEnabled":false,"rotationMatrix":[0.971984148,0.235046342,-9.02488591e-17,-0.235046342,0.971984148,1.47818605e-16,1.22464685e-16,-1.22464685e-16,1],"shapeName":"/levels/rls_west_coast_usa/art/shapes/objects/barrierfence_plain.dae","useInstanceRenderData":true}
{"class":"TSStatic","persistentId":"566168af-befc-4313-912a-b20b3c9311f1","__parent":"SimGroup_","position":[344.12442,82.6446838,126.532806],"isRenderEnabled":false,"rotationMatrix":[0.710793614,0.703400612,-9.05378959e-19,-0.703400612,0.710793614,1.73188843e-16,1.22464685e-16,-1.22464672e-16,1],"shapeName":"/levels/rls_west_coast_usa/art/shapes/objects/barrierfence_plain.dae","useInstanceRenderData":true}
{"class":"TSStatic","persistentId":"585d2de4-4f8c-4a5e-8997-a6a1293cee7a","__parent":"SimGroup_","position":[302.827911,73.3002548,126.532806],"isRenderEnabled":false,"rotationMatrix":[0.976352453,0.216184855,-9.30936788e-17,-0.216184855,0.976352453,1.460437e-16,1.22464685e-16,-1.22464685e-16,1],"shapeName":"/levels/rls_west_coast_usa/art/shapes/objects/barrierfence_plain.dae","useInstanceRenderData":true}
{"class":"TSStatic","persistentId":"594cb866-5e6e-4da4-9474-ff9b4c31f5bb","__parent":"SimGroup_","position":[312.026276,86.1756897,126.532806],"isRenderEnabled":false,"rotationMatrix":[-0.999638319,0.0268932842,1.25713864e-16,-0.0268932842,-0.999638319,-1.19126925e-16,1.22464672e-16,-1.22464685e-16,1],"shapeName":"/levels/rls_west_coast_usa/art/shapes/objects/barrierfence_plain.dae","useInstanceRenderData":true}
{"class":"TSStatic","persistentId":"59668e84-d267-4761-b330-6a7efc5d9fb1","__parent":"SimGroup_","position":[308.98822,57.7080498,126.532806],"isRenderEnabled":false,"rotationMatrix":[0.996922493,0.0783935338,-1.12487352e-16,-0.0783935338,0.996922493,1.31688226e-16,1.22464685e-16,-1.22464672e-16,1],"shapeName":"/levels/rls_west_coast_usa/art/shapes/objects/barrierfence_plain.dae","useInstanceRenderData":true}
{"class":"TSStatic","persistentId":"59f55080-8201-48f1-9827-28498219ee58","__parent":"SimGroup_","position":[303.873749,63.5751877,126.532806],"isRenderEnabled":false,"rotationMatrix":[-0.975704789,-0.219090313,1.04248289e-16,0.219090313,-0.975704789,-1.38302176e-16,1.32016199e-16,-1.12102283e-16,1],"shapeName":"/levels/rls_west_coast_usa/art/shapes/objects/barrierfence_plain.dae","useInstanceRenderData":true}
{"class":"TSStatic","persistentId":"5bff6a85-2386-4394-b04a-7a36cfb47851","__parent":"SimGroup_","position":[248.488083,99.0243301,128.360809],"isRenderEnabled":false,"rotationMatrix":[0.970843434,-0.226293102,-0.0790847987,0.23174791,0.970374942,0.0683037192,0.0612852424,-0.0846399516,0.994525135],"shapeName":"/levels/rls_west_coast_usa/art/shapes/objects/barrierfence_plain.dae","useInstanceRenderData":true}
{"class":"TSStatic","persistentId":"5d7b2d4a-c7ef-4980-b79d-9040ab3b67d7","__parent":"SimGroup_","position":[346.256897,44.648941,126.53994],"isRenderEnabled":false,"rotationMatrix":[0.790455341,0.612504303,-0.00434796466,-0.612491548,0.790331125,-0.0151940472,-0.00587008568,0.0146733075,0.999875128],"shapeName":"/levels/rls_west_coast_usa/art/shapes/objects/barrierfence_plain.dae","useInstanceRenderData":true}
{"class":"TSStatic","persistentId":"5d925c17-b37d-4503-9b7e-df8b39a0087d","__parent":"SimGroup_","position":[315.990814,83.2625656,126.532806],"isRenderEnabled":false,"rotationMatrix":[-0.196374059,0.980529785,1.47128564e-16,-0.980529785,-0.196374059,9.13696095e-17,1.18482704e-16,-1.26321306e-16,1],"shapeName":"/levels/rls_west_coast_usa/art/shapes/objects/barrierfence_plain.dae","useInstanceRenderData":true}
{"class":"TSStatic","persistentId":"6137ce26-0b9c-4381-b77c-91e9d7d07c90","__parent":"SimGroup_","position":[358.776581,80.8790054,126.532806],"isRenderEnabled":false,"rotationMatrix":[-0.729379892,-0.684108913,5.54410857e-18,0.684108913,-0.729379892,-1.73102446e-16,1.22464685e-16,-1.22464672e-16,1],"shapeName":"/levels/rls_west_coast_usa/art/shapes/objects/barrierfence_plain.dae","useInstanceRenderData":true}
{"class":"TSStatic","persistentId":"62381895-f309-44ef-bb49-646aef9cbc56","__parent":"SimGroup_","position":[317.920746,22.5928268,126.553993],"isRenderEnabled":false,"rotationMatrix":[0.787765086,0.615975797,0.00012210384,-0.615131676,0.786695957,-0.0521772802,-0.0322359987,0.0410283282,0.998637855],"shapeName":"/levels/rls_west_coast_usa/art/shapes/objects/barrierfence_plain.dae","useInstanceRenderData":true}
{"class":"TSStatic","persistentId":"62ba7ea0-c9ec-4edf-af75-1b8692cd67ad","__parent":"SimGroup_","position":[320.138855,51.0778656,126.532806],"isRenderEnabled":false,"rotationMatrix":[-0.796112537,-0.605148554,2.33863414e-17,0.605148554,-0.796112537,-1.71604984e-16,1.22464672e-16,-1.22464685e-16,1],"shapeName":"/levels/rls_west_coast_usa/art/shapes/objects/barrierfence_plain.dae","useInstanceRenderData":true}
{"class":"TSStatic","persistentId":"635c0716-b9bc-411b-856b-9e62e9f37dd1","__parent":"SimGroup_","position":[316.078918,80.57267,126.532806],"isRenderEnabled":false,"rotationMatrix":[0.122460365,0.992473781,9.90333253e-17,-0.992473781,0.122460365,1.42083159e-16,1.28886055e-16,-1.15687548e-16,1],"shapeName":"/levels/rls_west_coast_usa/art/shapes/objects/barrierfence_plain.dae","useInstanceRenderData":true}
{"class":"TSStatic","persistentId":"637e2b96-c490-4112-97f9-1d27688c0b48","__parent":"SimGroup_","position":[389.962189,78.4382706,126.532806],"isRenderEnabled":false,"rotationMatrix":[0.791432142,0.611256838,0.000434352085,-0.610406399,0.79036808,-0.0521756075,-0.0322359949,0.0410283245,0.998637855],"shapeName":"/levels/rls_west_coast_usa/art/shapes/objects/barrierfence_plain.dae","useInstanceRenderData":true}
{"class":"TSStatic","persistentId":"642f20c0-3dc9-40c5-be8e-b3bfb1135033","__parent":"SimGroup_","position":[343.330902,123.050636,126.532806],"isRenderEnabled":false,"rotationMatrix":[0.46940732,-0.882981777,-1.65619902e-16,0.882981777,0.46940732,-5.06482524e-17,1.22464685e-16,-1.22464672e-16,1],"shapeName":"/levels/rls_west_coast_usa/art/shapes/objects/barrierfence_plain.dae","useInstanceRenderData":true}
{"class":"TSStatic","persistentId":"67230c2a-54a0-4ae4-9ed0-73ad3a560c1a","__parent":"SimGroup_","position":[361.871033,85.2826614,126.532806],"isRenderEnabled":false,"rotationMatrix":[-0.394488692,-0.918900788,-6.42219587e-17,0.918900788,-0.394488692,-1.60843828e-16,1.22464672e-16,-1.22464685e-16,1],"shapeName":"/levels/rls_west_coast_usa/art/shapes/objects/barrierfence_plain.dae","useInstanceRenderData":true}
{"class":"TSStatic","persistentId":"676f1764-898a-40cc-a853-bbb81211230a","__parent":"SimGroup_","position":[350.624237,48.0320015,126.541046],"isRenderEnabled":false,"rotationMatrix":[0.790650904,0.612264156,0.0019383207,-0.610893011,0.789084315,-0.0644644275,-0.0409987569,0.0497847497,0.997918129],"shapeName":"/levels/rls_west_coast_usa/art/shapes/objects/barrierfence_plain.dae","useInstanceRenderData":true}
