{"class":"TSStatic","persistentId":"d7681762-2c76-44b9-8345-88b584281028","__parent":"railings","position":[15.7561665,-116.247055,123.785507],"decalType":"None","isRenderEnabled":false,"rotationMatrix":[0.999999702,3.25841256e-07,3.27190185e-12,-3.25841313e-07,0.999999523,1.00413936e-05,0,-1.02202093e-05,0.999999702],"shapeName":"/levels/west_coast_usa/art/shapes/buildings/s_port_ppa_fence_bars_2m.dae","useInstanceRenderData":true}
{"class":"TSStatic","persistentId":"61f6c9a9-dc05-4f10-8df6-0b9d3a1590aa","__parent":"railings","position":[17.7561665,-116.247055,123.785507],"decalType":"None","isRenderEnabled":false,"rotationMatrix":[-7.1525568e-07,-0.999999642,-1.00413945e-05,0.999999821,-7.15255567e-07,-7.18216589e-12,0,-1.02202093e-05,0.999999702],"shapeName":"/levels/west_coast_usa/art/shapes/buildings/s_port_ppa_fence_connection.dae","useInstanceRenderData":true}
{"class":"TSStatic","persistentId":"849447db-4ea5-4c68-bf84-97e808cbaacf","__parent":"railings","position":[17.7561665,-116.247055,123.785507],"decalType":"None","isRenderEnabled":false,"rotationMatrix":[-5.96046412e-08,0.999999583,1.00413936e-05,-0.999999762,-5.96046306e-08,-5.98513806e-13,0,-1.02202093e-05,0.999999702],"shapeName":"/levels/west_coast_usa/art/shapes/buildings/s_port_ppa_fence_connection.dae","useInstanceRenderData":true}
{"class":"TSStatic","persistentId":"f76481ed-3e64-4960-a99e-2226a4e6da12","__parent":"railings","position":[19.7561665,-116.249397,123.785507],"decalType":"None","isRenderEnabled":false,"rotationMatrix":[0.999999702,3.25841256e-07,3.27190185e-12,-3.25841313e-07,0.999999523,1.00413936e-05,0,-1.02202093e-05,0.999999702],"shapeName":"/levels/west_coast_usa/art/shapes/buildings/s_port_ppa_fence_bars_2m.dae","useInstanceRenderData":true}
{"class":"TSStatic","persistentId":"dd5d4555-f0e3-4c1a-b778-e49d2b2a1ce8","__parent":"railings","position":[15.7561665,-116.247055,123.785507],"decalType":"None","isRenderEnabled":false,"rotationMatrix":[0.999999702,3.25841256e-07,3.27190185e-12,-3.25841313e-07,0.999999523,1.00413936e-05,0,-1.02202093e-05,0.999999702],"shapeName":"/levels/west_coast_usa/art/shapes/buildings/s_port_ppa_fence_post.dae","useInstanceRenderData":true}
{"class":"TSStatic","persistentId":"0993119d-1429-489e-abe3-61c80a38d147","__parent":"railings","position":[19.7561665,-116.247055,123.785507],"decalType":"None","isRenderEnabled":false,"rotationMatrix":[-6.83469068e-07,0.999999464,1.00413927e-05,-0.999999642,-6.83468954e-07,-6.86298371e-12,0,-1.02202093e-05,0.999999702],"shapeName":"/levels/west_coast_usa/art/shapes/buildings/s_port_ppa_fence_connection.dae","useInstanceRenderData":true}
{"class":"TSStatic","persistentId":"a04f002c-c396-43de-8ba3-ebfa71241e34","__parent":"railings","position":[19.7561665,-116.247055,123.785507],"decalType":"None","isRenderEnabled":false,"rotationMatrix":[-0.99999994,0,0,0,-0.999999762,-1.00413954e-05,0,-1.02202093e-05,0.999999702],"shapeName":"/levels/west_coast_usa/art/shapes/buildings/s_port_ppa_fence_bars_2m.dae","useInstanceRenderData":true}
{"class":"TSStatic","persistentId":"098d34d1-6cc0-4bb2-b599-aa8911cedc48","__parent":"railings","position":[19.7561665,-116.247055,123.785507],"decalType":"None","isRenderEnabled":false,"rotationMatrix":[2.06632009e-07,-0.999999344,-1.00413918e-05,0.999999523,2.06631967e-07,2.07487391e-12,0,-1.02202093e-05,0.999999702],"shapeName":"/levels/west_coast_usa/art/shapes/buildings/s_port_ppa_fence_connection.dae","useInstanceRenderData":true}
{"class":"TSStatic","persistentId":"871d656b-1591-472b-97ab-50e300ffad4e","__parent":"railings","position":[19.7561665,-116.247055,123.785507],"decalType":"None","isRenderEnabled":false,"rotationMatrix":[0.999999702,3.25841256e-07,3.27190185e-12,-3.25841313e-07,0.999999523,1.00413936e-05,0,-1.02202093e-05,0.999999702],"shapeName":"/levels/west_coast_usa/art/shapes/buildings/s_port_ppa_fence_post.dae","useInstanceRenderData":true}
{"class":"TSStatic","__parent":"railings","position":[21.7417107,-116.247055,123.785507],"decalType":"None","isRenderEnabled":false,"rotationMatrix":[0.999999702,3.25841256e-07,3.27190185e-12,-3.25841313e-07,0.999999523,1.00413936e-05,0,-1.02202093e-05,0.999999702],"shapeName":"/levels/west_coast_usa/art/shapes/buildings/s_port_ppa_fence_post.dae","useInstanceRenderData":true}
{"class":"TSStatic","persistentId":"47c752dd-90fd-4c7e-9789-98c24c886427","__parent":"railings","position":[15.7561665,-116.247055,123.785507],"decalType":"None","isRenderEnabled":false,"rotationMatrix":[-6.83469068e-07,0.999999464,1.00413927e-05,-0.999999642,-6.83468954e-07,-6.86298371e-12,0,-1.02202093e-05,0.999999702],"shapeName":"/levels/west_coast_usa/art/shapes/buildings/s_port_ppa_fence_connection.dae","useInstanceRenderData":true}
{"class":"TSStatic","__parent":"railings","position":[21.7420921,-116.247055,123.785507],"decalType":"None","isRenderEnabled":false,"rotationMatrix":[-3.57627869e-07,-1.00000036,1.01308069e-05,1.00000036,-3.57627869e-07,8.94028744e-08,-8.94028744e-08,1.01308069e-05,1],"shapeName":"/levels/west_coast_usa/art/shapes/buildings/s_port_ppa_fence_connection.dae","useInstanceRenderData":true}
{"class":"TSStatic","persistentId":"6d2adcc3-7484-4f0d-912a-39bb5a17d00b","__parent":"railings","position":[17.7561665,-116.247055,123.785507],"decalType":"None","isRenderEnabled":false,"rotationMatrix":[-0.99999994,-3.3717464e-07,-3.38570469e-12,3.37174697e-07,-0.999999762,-1.00413954e-05,0,-1.02202093e-05,0.999999702],"shapeName":"/levels/west_coast_usa/art/shapes/buildings/s_port_ppa_fence_post.dae","useInstanceRenderData":true}
{"class":"TSStatic","__parent":"railings","position":[13.7566385,-116.30864,123.785507],"decalType":"None","isRenderEnabled":false,"rotationMatrix":[0.999512494,0.0312215146,3.13507144e-07,-0.0312215146,0.999512494,1.01287424e-05,2.88038393e-09,-1.01335918e-05,1],"shapeName":"/levels/west_coast_usa/art/shapes/buildings/s_port_ppa_fence_post.dae","useInstanceRenderData":true}
{"class":"TSStatic","__parent":"railings","position":[15.7556648,-116.246201,123.785507],"decalType":"None","isRenderEnabled":false,"rotationMatrix":[0.0312208533,-0.999512315,-1.01287424e-05,0.999512315,0.0312208533,4.02904334e-07,-8.64824869e-08,-1.01363839e-05,1],"shapeName":"/levels/west_coast_usa/art/shapes/buildings/s_port_ppa_fence_connection.dae","useInstanceRenderData":true}
{"class":"TSStatic","__parent":"railings","position":[13.7566385,-116.30864,123.785507],"decalType":"None","isRenderEnabled":false,"rotationMatrix":[0.999512494,0.0312215146,3.13507144e-07,-0.0312215146,0.999512494,1.01287424e-05,2.88038393e-09,-1.01335918e-05,1],"shapeName":"/levels/west_coast_usa/art/shapes/buildings/s_port_ppa_fence_bars_2m.dae","useInstanceRenderData":true}
{"class":"TSStatic","__parent":"railings","position":[13.7566385,-116.30864,123.785507],"decalType":"None","isRenderEnabled":false,"rotationMatrix":[-0.0312216282,0.999512553,1.0128746e-05,-0.999512553,-0.0312216282,-2.24100859e-07,9.22432264e-08,-1.01308051e-05,1],"shapeName":"/levels/west_coast_usa/art/shapes/buildings/s_port_ppa_fence_connection.dae","useInstanceRenderData":true}
{"class":"TSStatic","__parent":"railings","position":[11.7627773,-116.476746,123.785507],"decalType":"None","isRenderEnabled":false,"rotationMatrix":[0.996484816,0.0837734491,8.4617966e-07,-0.0837734491,0.996484816,1.01029163e-05,3.15105808e-09,-1.01382902e-05,1],"shapeName":"/levels/west_coast_usa/art/shapes/buildings/s_port_ppa_fence_post.dae","useInstanceRenderData":true}
{"class":"TSStatic","__parent":"railings","position":[13.7557487,-116.309204,123.785507],"decalType":"None","isRenderEnabled":false,"rotationMatrix":[0.0837725997,-0.996484816,-1.01029218e-05,0.996484816,0.0837725997,9.35577191e-07,-8.59408829e-08,-1.01457845e-05,1],"shapeName":"/levels/west_coast_usa/art/shapes/buildings/s_port_ppa_fence_connection.dae","useInstanceRenderData":true}
{"class":"TSStatic","__parent":"railings","position":[11.7627773,-116.476746,123.785507],"decalType":"None","isRenderEnabled":false,"rotationMatrix":[0.996484816,0.0837734491,8.4617966e-07,-0.0837734491,0.996484816,1.01029163e-05,3.15105808e-09,-1.01382902e-05,1],"shapeName":"/levels/west_coast_usa/art/shapes/buildings/s_port_ppa_fence_bars_2m.dae","useInstanceRenderData":true}
{"class":"TSStatic","__parent":"railings","position":[11.7627773,-116.476746,123.785507],"decalType":"None","isRenderEnabled":false,"rotationMatrix":[-0.0837737322,0.996484697,1.01029227e-05,-0.996484697,-0.0837737322,-7.5677508e-07,9.22455001e-08,-1.01308069e-05,1],"shapeName":"/levels/west_coast_usa/art/shapes/buildings/s_port_ppa_fence_connection.dae","useInstanceRenderData":true}
{"class":"TSStatic","__parent":"railings","position":[9.76981544,-116.657082,123.785507],"decalType":"None","isRenderEnabled":false,"rotationMatrix":[0.995840669,0.0911120921,9.20584398e-07,-0.0911120921,0.995840669,1.00970619e-05,3.2092089e-09,-1.01389405e-05,1],"shapeName":"/levels/west_coast_usa/art/shapes/buildings/s_port_ppa_fence_post.dae","useInstanceRenderData":true}
{"class":"TSStatic","__parent":"railings","position":[11.7614985,-116.474861,123.785507],"decalType":"None","isRenderEnabled":false,"rotationMatrix":[0.0911115408,-0.995840549,-1.00970719e-05,0.995840549,0.0911115408,1.00998295e-06,-8.58231033e-08,-1.0147096e-05,1],"shapeName":"/levels/west_coast_usa/art/shapes/buildings/s_port_ppa_fence_connection.dae","useInstanceRenderData":true}
{"class":"TSStatic","__parent":"railings","position":[9.76981544,-116.657082,123.785507],"decalType":"None","isRenderEnabled":false,"rotationMatrix":[0.995840669,0.0911120921,9.20584398e-07,-0.0911120921,0.995840669,1.00970619e-05,3.2092089e-09,-1.01389405e-05,1],"shapeName":"/levels/west_coast_usa/art/shapes/buildings/s_port_ppa_fence_bars_2m.dae","useInstanceRenderData":true}
{"class":"TSStatic","__parent":"railings","position":[9.76981544,-116.657082,123.785507],"decalType":"None","isRenderEnabled":false,"rotationMatrix":[-0.0911118984,0.99584043,1.0097071e-05,-0.99584043,-0.0911118984,-8.31178113e-07,9.22445906e-08,-1.01308042e-05,1],"shapeName":"/levels/west_coast_usa/art/shapes/buildings/s_port_ppa_fence_connection.dae","useInstanceRenderData":true}
{"class":"TSStatic","__parent":"railings","position":[7.78477192,-116.914894,123.785507],"decalType":"None","isRenderEnabled":false,"rotationMatrix":[0.991617918,0.129205003,1.30688613e-06,-0.129205003,0.991617918,1.00578e-05,3.58602392e-09,-1.01423502e-05,1],"shapeName":"/levels/west_coast_usa/art/shapes/buildings/s_port_ppa_fence_post.dae","useInstanceRenderData":true}
{"class":"TSStatic","__parent":"railings","position":[9.76801014,-116.656487,123.785507],"decalType":"None","isRenderEnabled":false,"rotationMatrix":[0.129204452,-0.991618156,-1.00578081e-05,0.991618156,0.129204452,1.39628582e-06,-8.50668584e-08,-1.01539099e-05,1],"shapeName":"/levels/west_coast_usa/art/shapes/buildings/s_port_ppa_fence_connection.dae","useInstanceRenderData":true}
{"class":"TSStatic","__parent":"railings","position":[7.78477192,-116.914894,123.785507],"decalType":"None","isRenderEnabled":false,"rotationMatrix":[0.991617918,0.129205003,1.30688613e-06,-0.129205003,0.991617918,1.00578e-05,3.58602392e-09,-1.01423502e-05,1],"shapeName":"/levels/west_coast_usa/art/shapes/buildings/s_port_ppa_fence_bars_2m.dae","useInstanceRenderData":true}
{"class":"TSStatic","__parent":"railings","position":[7.78477192,-116.914894,123.785507],"decalType":"None","isRenderEnabled":false,"rotationMatrix":[-0.129204631,0.991618037,1.00578063e-05,-0.991618037,-0.129204631,-1.21747689e-06,9.22418621e-08,-1.01308051e-05,1],"shapeName":"/levels/west_coast_usa/art/shapes/buildings/s_port_ppa_fence_connection.dae","useInstanceRenderData":true}
{"class":"TSStatic","__parent":"railings","position":[5.80109644,-117.176743,123.785507],"decalType":"None","isRenderEnabled":false,"rotationMatrix":[0.991398692,0.130876496,1.32384048e-06,-0.130876496,0.991398692,1.00557318e-05,3.60535068e-09,-1.01424994e-05,1],"shapeName":"/levels/west_coast_usa/art/shapes/buildings/s_port_ppa_fence_post.dae","useInstanceRenderData":true}
{"class":"TSStatic","__parent":"railings","position":[7.7838974,-116.914993,123.785507],"decalType":"None","isRenderEnabled":false,"rotationMatrix":[0.130875766,-0.991398752,-1.00557409e-05,0.991398752,0.130875766,1.4132379e-06,-8.50295692e-08,-1.01542082e-05,1],"shapeName":"/levels/west_coast_usa/art/shapes/buildings/s_port_ppa_fence_connection.dae","useInstanceRenderData":true}
{"class":"TSStatic","__parent":"railings","position":[5.80109644,-117.176743,123.785507],"decalType":"None","isRenderEnabled":false,"rotationMatrix":[0.991398692,0.130876496,1.32384048e-06,-0.130876496,0.991398692,1.00557318e-05,3.60535068e-09,-1.01424994e-05,1],"shapeName":"/levels/west_coast_usa/art/shapes/buildings/s_port_ppa_fence_bars_2m.dae","useInstanceRenderData":true}
{"class":"TSStatic","__parent":"railings","position":[5.80109644,-117.176743,123.785507],"decalType":"None","isRenderEnabled":false,"rotationMatrix":[-0.130876184,0.991398633,1.0055739e-05,-0.991398633,-0.130876184,-1.23443215e-06,9.22423169e-08,-1.01308051e-05,1],"shapeName":"/levels/west_coast_usa/art/shapes/buildings/s_port_ppa_fence_connection.dae","useInstanceRenderData":true}
{"class":"TSStatic","__parent":"railings","position":[3.83293581,-117.531563,123.785507],"decalType":"None","isRenderEnabled":false,"rotationMatrix":[0.984113932,0.177538186,1.79723349e-06,-0.177538186,0.984113932,9.98623182e-06,4.25552571e-09,-1.01466667e-05,1],"shapeName":"/levels/west_coast_usa/art/shapes/buildings/s_port_ppa_fence_post.dae","useInstanceRenderData":true}
{"class":"TSStatic","__parent":"railings","position":[5.80116749,-117.176491,123.785507],"decalType":"None","isRenderEnabled":false,"rotationMatrix":[0.177537799,-0.984113693,-9.98624091e-06,0.984113693,0.177537799,1.88663125e-06,-8.37276275e-08,-1.01625483e-05,1],"shapeName":"/levels/west_coast_usa/art/shapes/buildings/s_port_ppa_fence_connection.dae","useInstanceRenderData":true}
{"class":"TSStatic","__parent":"railings","position":[3.83293581,-117.531563,123.785507],"decalType":"None","isRenderEnabled":false,"rotationMatrix":[0.984113932,0.177538186,1.79723349e-06,-0.177538186,0.984113932,9.98623182e-06,4.25552571e-09,-1.01466667e-05,1],"shapeName":"/levels/west_coast_usa/art/shapes/buildings/s_port_ppa_fence_bars_2m.dae","useInstanceRenderData":true}
{"class":"TSStatic","__parent":"railings","position":[3.83293581,-117.531563,123.785507],"decalType":"None","isRenderEnabled":false,"rotationMatrix":[-0.177537918,0.984114051,9.98624364e-06,-0.984114051,-0.177537918,-1.70782505e-06,9.22418621e-08,-1.01308051e-05,1],"shapeName":"/levels/west_coast_usa/art/shapes/buildings/s_port_ppa_fence_connection.dae","useInstanceRenderData":true}
{"class":"TSStatic","__parent":"railings","position":[1.86353636,-117.909721,123.785507],"decalType":"None","isRenderEnabled":false,"rotationMatrix":[0.982042432,0.188660309,1.91010031e-06,-0.188660309,0.982042432,9.96627205e-06,4.44015313e-09,-1.01476617e-05,1],"shapeName":"/levels/west_coast_usa/art/shapes/buildings/s_port_ppa_fence_post.dae","useInstanceRenderData":true}
{"class":"TSStatic","__parent":"railings","position":[3.82762671,-117.53241,123.785507],"decalType":"None","isRenderEnabled":false,"rotationMatrix":[0.188659966,-0.98204273,-9.96628296e-06,0.98204273,0.188659966,1.99950182e-06,-8.33547347e-08,-1.01645401e-05,1],"shapeName":"/levels/west_coast_usa/art/shapes/buildings/s_port_ppa_fence_connection.dae","useInstanceRenderData":true}
{"class":"TSStatic","__parent":"railings","position":[1.86353636,-117.909721,123.785507],"decalType":"None","isRenderEnabled":false,"rotationMatrix":[0.982042432,0.188660309,1.91010031e-06,-0.188660309,0.982042432,9.96627205e-06,4.44015313e-09,-1.01476617e-05,1],"shapeName":"/levels/west_coast_usa/art/shapes/buildings/s_port_ppa_fence_bars_2m.dae","useInstanceRenderData":true}
{"class":"TSStatic","__parent":"railings","position":[1.86353636,-117.909721,123.785507],"decalType":"None","isRenderEnabled":false,"rotationMatrix":[-0.188660383,0.98204267,9.96628478e-06,-0.98204267,-0.188660383,-1.8206938e-06,9.22423169e-08,-1.01308069e-05,1],"shapeName":"/levels/west_coast_usa/art/shapes/buildings/s_port_ppa_fence_connection.dae","useInstanceRenderData":true}
{"class":"TSStatic","__parent":"railings","position":[-0.0904178023,-118.346413,123.785507],"decalType":"None","isRenderEnabled":false,"rotationMatrix":[0.975625217,0.219443366,2.22255039e-06,-0.219443366,0.975625217,9.90409626e-06,5.01245268e-09,-1.01504111e-05,1],"shapeName":"/levels/west_coast_usa/art/shapes/buildings/s_port_ppa_fence_post.dae","useInstanceRenderData":true}
{"class":"TSStatic","__parent":"railings","position":[1.86083961,-117.907532,123.785507],"decalType":"None","isRenderEnabled":false,"rotationMatrix":[0.219442904,-0.975625157,-9.9041099e-06,0.975625157,0.219442904,2.31195008e-06,-8.22124093e-08,-1.01700416e-05,1],"shapeName":"/levels/west_coast_usa/art/shapes/buildings/s_port_ppa_fence_connection.dae","useInstanceRenderData":true}
{"class":"TSStatic","__parent":"railings","position":[-0.0904178023,-118.346413,123.785507],"decalType":"None","isRenderEnabled":false,"rotationMatrix":[0.975625217,0.219443366,2.22255039e-06,-0.219443366,0.975625217,9.90409626e-06,5.01245268e-09,-1.01504111e-05,1],"shapeName":"/levels/west_coast_usa/art/shapes/buildings/s_port_ppa_fence_bars_2m.dae","useInstanceRenderData":true}
{"class":"TSStatic","__parent":"railings","position":[-0.0904178023,-118.346413,123.785507],"decalType":"None","isRenderEnabled":false,"rotationMatrix":[-0.219443798,0.975625038,9.9041099e-06,-0.975625038,-0.219443798,-2.13314706e-06,9.22450454e-08,-1.01308051e-05,1],"shapeName":"/levels/west_coast_usa/art/shapes/buildings/s_port_ppa_fence_connection.dae","useInstanceRenderData":true}
{"class":"TSStatic","__parent":"railings","position":[-2.02999306,-118.837524,123.785507],"decalType":"None","isRenderEnabled":false,"rotationMatrix":[0.969366014,0.245620638,2.4883243e-06,-0.245620638,0.969366014,9.84309736e-06,5.57122348e-09,-1.01527476e-05,1],"shapeName":"/levels/west_coast_usa/art/shapes/buildings/s_port_ppa_fence_post.dae","useInstanceRenderData":true}
{"class":"TSStatic","__parent":"railings","position":[-0.0912539959,-118.346291,123.785507],"decalType":"None","isRenderEnabled":false,"rotationMatrix":[0.24562043,-0.969366074,-9.84311191e-06,0.969366074,0.24562043,2.57772672e-06,-8.10914571e-08,-1.0174721e-05,1],"shapeName":"/levels/west_coast_usa/art/shapes/buildings/s_port_ppa_fence_connection.dae","useInstanceRenderData":true}
{"class":"TSStatic","__parent":"railings","position":[-2.02999306,-118.837524,123.785507],"decalType":"None","isRenderEnabled":false,"rotationMatrix":[0.969366014,0.245620638,2.4883243e-06,-0.245620638,0.969366014,9.84309736e-06,5.57122348e-09,-1.01527476e-05,1],"shapeName":"/levels/west_coast_usa/art/shapes/buildings/s_port_ppa_fence_bars_2m.dae","useInstanceRenderData":true}
{"class":"TSStatic","__parent":"railings","position":[-2.02999306,-118.837524,123.785507],"decalType":"None","isRenderEnabled":false,"rotationMatrix":[-0.245620966,0.969365954,9.84311373e-06,-0.969365954,-0.245620966,-2.39892051e-06,9.22436811e-08,-1.01308042e-05,1],"shapeName":"/levels/west_coast_usa/art/shapes/buildings/s_port_ppa_fence_connection.dae","useInstanceRenderData":true}
{"class":"TSStatic","__parent":"railings","position":[-3.94384861,-119.419739,123.785507],"decalType":"None","isRenderEnabled":false,"rotationMatrix":[0.956648767,0.29124406,2.95169912e-06,-0.29124406,0.956648767,9.71846839e-06,6.70718237e-09,-1.01568266e-05,1],"shapeName":"/levels/west_coast_usa/art/shapes/buildings/s_port_ppa_fence_post.dae","useInstanceRenderData":true}
{"class":"TSStatic","__parent":"railings","position":[-2.03054428,-118.837257,123.785507],"decalType":"None","isRenderEnabled":false,"rotationMatrix":[0.291244149,-0.956648588,-9.71848112e-06,0.956648588,0.291244149,3.04110108e-06,-7.88168109e-08,-1.01828755e-05,1],"shapeName":"/levels/west_coast_usa/art/shapes/buildings/s_port_ppa_fence_connection.dae","useInstanceRenderData":true}
{"class":"TSStatic","__parent":"railings","position":[-3.94384861,-119.419739,123.785507],"decalType":"None","isRenderEnabled":false,"rotationMatrix":[0.956648767,0.29124406,2.95169912e-06,-0.29124406,0.956648767,9.71846839e-06,6.70718237e-09,-1.01568266e-05,1],"shapeName":"/levels/west_coast_usa/art/shapes/buildings/s_port_ppa_fence_bars_2m.dae","useInstanceRenderData":true}
{"class":"TSStatic","__parent":"railings","position":[-3.94384861,-119.419739,123.785507],"decalType":"None","isRenderEnabled":false,"rotationMatrix":[-0.291244268,0.956648469,9.71848385e-06,-0.956648469,-0.291244268,-2.86229488e-06,9.22436811e-08,-1.01308015e-05,1],"shapeName":"/levels/west_coast_usa/art/shapes/buildings/s_port_ppa_fence_connection.dae","useInstanceRenderData":true}
{"class":"TSStatic","__parent":"railings","position":[-5.85407782,-120.019661,123.785507],"decalType":"None","isRenderEnabled":false,"rotationMatrix":[0.95401305,0.29976508,3.03826755e-06,-0.29976508,0.95401305,9.6925487e-06,6.94137725e-09,-1.01575843e-05,1],"shapeName":"/levels/west_coast_usa/art/shapes/buildings/s_port_ppa_fence_post.dae","useInstanceRenderData":true}
{"class":"TSStatic","__parent":"railings","position":[-3.94604492,-119.420135,123.785507],"decalType":"None","isRenderEnabled":false,"rotationMatrix":[0.299765527,-0.954012871,-9.69256325e-06,0.954012871,0.299765527,3.12767224e-06,-7.83434189e-08,-1.0184398e-05,1],"shapeName":"/levels/west_coast_usa/art/shapes/buildings/s_port_ppa_fence_connection.dae","useInstanceRenderData":true}
{"class":"TSStatic","__parent":"railings","position":[-5.85407782,-120.019661,123.785507],"decalType":"None","isRenderEnabled":false,"rotationMatrix":[0.95401305,0.29976508,3.03826755e-06,-0.29976508,0.95401305,9.6925487e-06,6.94137725e-09,-1.01575843e-05,1],"shapeName":"/levels/west_coast_usa/art/shapes/buildings/s_port_ppa_fence_bars_2m.dae","useInstanceRenderData":true}
{"class":"TSStatic","__parent":"railings","position":[-5.85407782,-120.019661,123.785507],"decalType":"None","isRenderEnabled":false,"rotationMatrix":[-0.29976511,0.95401293,9.69256689e-06,-0.95401293,-0.29976511,-2.94886286e-06,9.22409527e-08,-1.01308015e-05,1],"shapeName":"/levels/west_coast_usa/art/shapes/buildings/s_port_ppa_fence_connection.dae","useInstanceRenderData":true}
{"class":"TSStatic","__parent":"railings","position":[-7.74562883,-120.667297,123.785507],"decalType":"None","isRenderEnabled":false,"rotationMatrix":[0.946015596,0.324121058,3.2857497e-06,-0.324121058,0.946015596,9.61377555e-06,7.65624009e-09,-1.01597616e-05,1],"shapeName":"/levels/west_coast_usa/art/shapes/buildings/s_port_ppa_fence_post.dae","useInstanceRenderData":true}
{"class":"TSStatic","__parent":"railings","position":[-5.85359049,-120.019058,123.785507],"decalType":"None","isRenderEnabled":false,"rotationMatrix":[0.324121654,-0.946015239,-9.61378646e-06,0.946015239,0.324121654,3.37515303e-06,-7.69127837e-08,-1.01887499e-05,1],"shapeName":"/levels/west_coast_usa/art/shapes/buildings/s_port_ppa_fence_connection.dae","useInstanceRenderData":true}
{"class":"TSStatic","__parent":"railings","position":[-7.74562883,-120.667297,123.785507],"decalType":"None","isRenderEnabled":false,"rotationMatrix":[0.946015596,0.324121058,3.2857497e-06,-0.324121058,0.946015596,9.61377555e-06,7.65624009e-09,-1.01597616e-05,1],"shapeName":"/levels/west_coast_usa/art/shapes/buildings/s_port_ppa_fence_bars_2m.dae","useInstanceRenderData":true}
{"class":"TSStatic","__parent":"railings","position":[-7.74562883,-120.667297,123.785507],"decalType":"None","isRenderEnabled":false,"rotationMatrix":[-0.324120998,0.946015656,9.61379374e-06,-0.946015656,-0.324120998,-3.19634364e-06,9.22404979e-08,-1.01308005e-05,1],"shapeName":"/levels/west_coast_usa/art/shapes/buildings/s_port_ppa_fence_connection.dae","useInstanceRenderData":true}
{"class":"TSStatic","__parent":"railings","position":[-9.62688828,-121.361702,123.7855],"decalType":"None","isRenderEnabled":false,"rotationMatrix":[0.938063085,0.346464545,3.51284098e-06,-0.346464545,0.938063085,9.53527069e-06,8.36644176e-09,-1.01617597e-05,1],"shapeName":"/levels/west_coast_usa/art/shapes/buildings/s_port_ppa_fence_post.dae","useInstanceRenderData":true}
{"class":"TSStatic","__parent":"railings","position":[-7.75075483,-120.668777,123.7855],"decalType":"None","isRenderEnabled":false,"rotationMatrix":[0.34646517,-0.938063025,-9.53528343e-06,0.938063025,0.34646517,3.60224703e-06,-7.54880602e-08,-1.0192749e-05,1],"shapeName":"/levels/west_coast_usa/art/shapes/buildings/s_port_ppa_fence_connection.dae","useInstanceRenderData":true}
{"class":"TSStatic","__parent":"railings","position":[-9.62688828,-121.361702,123.7855],"decalType":"None","isRenderEnabled":false,"rotationMatrix":[0.938063085,0.346464545,3.51284098e-06,-0.346464545,0.938063085,9.53527069e-06,8.36644176e-09,-1.01617597e-05,1],"shapeName":"/levels/west_coast_usa/art/shapes/buildings/s_port_ppa_fence_bars_2m.dae","useInstanceRenderData":true}
{"class":"TSStatic","__parent":"railings","position":[-9.62688828,-121.361702,123.7855],"decalType":"None","isRenderEnabled":false,"rotationMatrix":[-0.346464634,0.938063085,9.53528979e-06,-0.938063085,-0.346464634,-3.42343606e-06,9.22404979e-08,-1.01308015e-05,1],"shapeName":"/levels/west_coast_usa/art/shapes/buildings/s_port_ppa_fence_connection.dae","useInstanceRenderData":true}
{"class":"TSStatic","__parent":"railings","position":[-11.4912443,-122.085548,123.785492],"decalType":"None","isRenderEnabled":false,"rotationMatrix":[0.932191432,0.361965656,3.67042185e-06,-0.361965656,0.932191432,9.47721765e-06,8.8904244e-09,-1.01631476e-05,1],"shapeName":"/levels/west_coast_usa/art/shapes/buildings/s_port_ppa_fence_post.dae","useInstanceRenderData":true}
{"class":"TSStatic","__parent":"railings","position":[-9.6268549,-121.361618,123.785492],"decalType":"None","isRenderEnabled":false,"rotationMatrix":[0.361965895,-0.932191491,-9.47723311e-06,0.932191491,0.361965895,3.759827e-06,-7.44407771e-08,-1.01955229e-05,1],"shapeName":"/levels/west_coast_usa/art/shapes/buildings/s_port_ppa_fence_connection.dae","useInstanceRenderData":true}
{"class":"TSStatic","__parent":"railings","position":[-11.4912443,-122.085548,123.785492],"decalType":"None","isRenderEnabled":false,"rotationMatrix":[0.932191432,0.361965656,3.67042185e-06,-0.361965656,0.932191432,9.47721765e-06,8.8904244e-09,-1.01631476e-05,1],"shapeName":"/levels/west_coast_usa/art/shapes/buildings/s_port_ppa_fence_bars_2m.dae","useInstanceRenderData":true}
{"class":"TSStatic","__parent":"railings","position":[-11.4912443,-122.085548,123.785492],"decalType":"None","isRenderEnabled":false,"rotationMatrix":[-0.361966014,0.932191551,9.47723674e-06,-0.932191551,-0.361966014,-3.58101829e-06,9.22404979e-08,-1.01308051e-05,1],"shapeName":"/levels/west_coast_usa/art/shapes/buildings/s_port_ppa_fence_connection.dae","useInstanceRenderData":true}
{"class":"TSStatic","__parent":"railings","position":[-13.3365288,-122.858727,123.785477],"decalType":"None","isRenderEnabled":false,"rotationMatrix":[0.921983302,0.387229592,3.92730999e-06,-0.387229592,0.921983302,9.37613004e-06,9.80094228e-09,-1.01654059e-05,1],"shapeName":"/levels/west_coast_usa/art/shapes/buildings/s_port_ppa_fence_post.dae","useInstanceRenderData":true}
{"class":"TSStatic","__parent":"railings","position":[-11.4925556,-122.084267,123.785477],"decalType":"None","isRenderEnabled":false,"rotationMatrix":[0.38722986,-0.921983123,-9.37614641e-06,0.921983123,0.38722986,4.01671286e-06,-7.26190592e-08,-1.02000413e-05,1],"shapeName":"/levels/west_coast_usa/art/shapes/buildings/s_port_ppa_fence_connection.dae","useInstanceRenderData":true}
{"class":"TSStatic","__parent":"railings","position":[-13.3365288,-122.858727,123.785477],"decalType":"None","isRenderEnabled":false,"rotationMatrix":[0.921983302,0.387229592,3.92730999e-06,-0.387229592,0.921983302,9.37613004e-06,9.80094228e-09,-1.01654059e-05,1],"shapeName":"/levels/west_coast_usa/art/shapes/buildings/s_port_ppa_fence_bars_2m.dae","useInstanceRenderData":true}
{"class":"TSStatic","__parent":"railings","position":[-13.3365288,-122.858727,123.785477],"decalType":"None","isRenderEnabled":false,"rotationMatrix":[-0.387230277,0.921983004,9.37615005e-06,-0.921983004,-0.387230277,-3.83790939e-06,9.22427716e-08,-1.0130806e-05,1],"shapeName":"/levels/west_coast_usa/art/shapes/buildings/s_port_ppa_fence_connection.dae","useInstanceRenderData":true}
{"class":"TSStatic","__parent":"railings","position":[-15.1511497,-123.705635,123.785461],"decalType":"None","isRenderEnabled":false,"rotationMatrix":[0.906100094,0.423063457,4.29180091e-06,-0.423063457,0.906100094,9.21853098e-06,1.12202088e-08,-1.01686164e-05,1],"shapeName":"/levels/west_coast_usa/art/shapes/buildings/s_port_ppa_fence_post.dae","useInstanceRenderData":true}
{"class":"TSStatic","__parent":"railings","position":[-13.3389425,-122.859512,123.785461],"decalType":"None","isRenderEnabled":false,"rotationMatrix":[0.423063517,-0.906100094,-9.21854189e-06,0.906100094,0.423063517,4.38120242e-06,-6.97777978e-08,-1.02064487e-05,1],"shapeName":"/levels/west_coast_usa/art/shapes/buildings/s_port_ppa_fence_connection.dae","useInstanceRenderData":true}
{"class":"TSStatic","__parent":"railings","position":[-15.1511497,-123.705635,123.785461],"decalType":"None","isRenderEnabled":false,"rotationMatrix":[0.906100094,0.423063457,4.29180091e-06,-0.423063457,0.906100094,9.21853098e-06,1.12202088e-08,-1.01686164e-05,1],"shapeName":"/levels/west_coast_usa/art/shapes/buildings/s_port_ppa_fence_bars_2m.dae","useInstanceRenderData":true}
{"class":"TSStatic","__parent":"railings","position":[-15.1511497,-123.705635,123.785461],"decalType":"None","isRenderEnabled":false,"rotationMatrix":[-0.423063993,0.906099975,9.21854735e-06,-0.906099975,-0.423063993,-4.20239712e-06,9.22423169e-08,-1.01308069e-05,1],"shapeName":"/levels/west_coast_usa/art/shapes/buildings/s_port_ppa_fence_connection.dae","useInstanceRenderData":true}
{"class":"TSStatic","__parent":"railings","position":[-16.9237003,-124.627243,123.785446],"decalType":"None","isRenderEnabled":false,"rotationMatrix":[0.887237251,0.461313486,4.68104554e-06,-0.461313486,0.887237251,9.03096588e-06,1.29077762e-08,-1.01720379e-05,1],"shapeName":"/levels/west_coast_usa/art/shapes/buildings/s_port_ppa_fence_post.dae","useInstanceRenderData":true}
{"class":"TSStatic","__parent":"railings","position":[-15.1492176,-123.70462,123.785446],"decalType":"None","isRenderEnabled":false,"rotationMatrix":[0.461313546,-0.887237132,-9.03097316e-06,0.887237132,0.461313546,4.77044341e-06,-6.64058462e-08,-1.02132853e-05,1],"shapeName":"/levels/west_coast_usa/art/shapes/buildings/s_port_ppa_fence_connection.dae","useInstanceRenderData":true}
{"class":"TSStatic","__parent":"railings","position":[-16.9237003,-124.627243,123.785446],"decalType":"None","isRenderEnabled":false,"rotationMatrix":[0.887237251,0.461313486,4.68104554e-06,-0.461313486,0.887237251,9.03096588e-06,1.29077762e-08,-1.01720379e-05,1],"shapeName":"/levels/west_coast_usa/art/shapes/buildings/s_port_ppa_fence_bars_2m.dae","useInstanceRenderData":true}
{"class":"TSStatic","__parent":"railings","position":[-16.9237003,-124.627243,123.785446],"decalType":"None","isRenderEnabled":false,"rotationMatrix":[-0.461313844,0.887236774,9.03097862e-06,-0.887236774,-0.461313844,-4.59164039e-06,9.22445906e-08,-1.0130806e-05,1],"shapeName":"/levels/west_coast_usa/art/shapes/buildings/s_port_ppa_fence_connection.dae","useInstanceRenderData":true}
{"class":"TSStatic","__parent":"railings","position":[-18.6939449,-125.559837,123.785431],"decalType":"None","isRenderEnabled":false,"rotationMatrix":[0.884860814,0.465855449,4.7272797e-06,-0.465855449,0.884860814,9.0073072e-06,1.31185516e-08,-1.01724427e-05,1],"shapeName":"/levels/west_coast_usa/art/shapes/buildings/s_port_ppa_fence_post.dae","useInstanceRenderData":true}
{"class":"TSStatic","__parent":"railings","position":[-16.9245071,-124.627579,123.785431],"decalType":"None","isRenderEnabled":false,"rotationMatrix":[0.465855658,-0.884860635,-9.00731538e-06,0.884860635,0.465855658,4.81667848e-06,-6.59820216e-08,-1.02140966e-05,1],"shapeName":"/levels/west_coast_usa/art/shapes/buildings/s_port_ppa_fence_connection.dae","useInstanceRenderData":true}
{"class":"TSStatic","__parent":"railings","position":[-18.6942368,-125.559288,123.785431],"decalType":"None","isRenderEnabled":false,"rotationMatrix":[0.884860814,0.465855449,4.7272797e-06,-0.465855449,0.884860814,9.0073072e-06,1.31185516e-08,-1.01724427e-05,1],"shapeName":"/levels/west_coast_usa/art/shapes/buildings/s_port_ppa_fence_bars_2m.dae","useInstanceRenderData":true}
{"class":"TSStatic","__parent":"railings","position":[-18.6942368,-125.559288,123.785431],"decalType":"None","isRenderEnabled":false,"rotationMatrix":[-0.465855956,0.884860814,9.00732448e-06,-0.884860814,-0.465855956,-4.6378741e-06,9.22414074e-08,-1.01308087e-05,1],"shapeName":"/levels/west_coast_usa/art/shapes/buildings/s_port_ppa_fence_connection.dae","useInstanceRenderData":true}
{"class":"TSStatic","__parent":"railings","position":[-20.4465351,-126.517128,123.785416],"decalType":"None","isRenderEnabled":false,"rotationMatrix":[0.877413929,0.479734182,4.86857016e-06,-0.479734182,0.877413929,8.93314518e-06,1.37829375e-08,-1.0173685e-05,1],"shapeName":"/levels/west_coast_usa/art/shapes/buildings/s_port_ppa_fence_post.dae","useInstanceRenderData":true}
{"class":"TSStatic","__parent":"railings","position":[-18.6958618,-125.559937,123.785416],"decalType":"None","isRenderEnabled":false,"rotationMatrix":[0.479734242,-0.877413929,-8.93315246e-06,0.877413929,0.479734242,4.9579694e-06,-6.46514309e-08,-1.02165795e-05,1],"shapeName":"/levels/west_coast_usa/art/shapes/buildings/s_port_ppa_fence_connection.dae","useInstanceRenderData":true}
{"class":"TSStatic","__parent":"railings","position":[-20.4465351,-126.517128,123.785416],"decalType":"None","isRenderEnabled":false,"rotationMatrix":[0.877413929,0.479734182,4.86857016e-06,-0.479734182,0.877413929,8.93314518e-06,1.37829375e-08,-1.0173685e-05,1],"shapeName":"/levels/west_coast_usa/art/shapes/buildings/s_port_ppa_fence_bars_2m.dae","useInstanceRenderData":true}
{"class":"TSStatic","__parent":"railings","position":[-20.4465351,-126.517128,123.785416],"decalType":"None","isRenderEnabled":false,"rotationMatrix":[-0.479734659,0.877413273,8.93315791e-06,-0.877413273,-0.479734659,-4.77916501e-06,9.22445906e-08,-1.01308051e-05,1],"shapeName":"/levels/west_coast_usa/art/shapes/buildings/s_port_ppa_fence_connection.dae","useInstanceRenderData":true}
{"class":"TSStatic","__parent":"railings","position":[21.7444592,-116.25106,123.785507],"decalType":"None","isRenderEnabled":false,"rotationMatrix":[0.999114811,-0.0420666337,1.97461122e-05,0.0420666337,0.999114811,1.02074882e-05,-2.0158026e-05,-9.36780089e-06,1],"shapeName":"/levels/west_coast_usa/art/shapes/buildings/s_port_ppa_fence_connection.dae","useInstanceRenderData":true}
{"class":"TSStatic","__parent":"railings","position":[21.6632576,-118.235336,123.785492],"decalType":"None","isRenderEnabled":false,"rotationMatrix":[0.0420655012,0.999114752,1.01180767e-05,-0.999114752,0.0420655012,5.15485226e-07,8.94078767e-08,-1.01308051e-05,1],"shapeName":"/levels/west_coast_usa/art/shapes/buildings/s_port_ppa_fence_bars_2m.dae","useInstanceRenderData":true}
{"class":"TSStatic","__parent":"railings","position":[21.6609173,-118.235237,123.785492],"decalType":"None","isRenderEnabled":false,"rotationMatrix":[-0.999114633,0.0420656204,5.15486818e-07,-0.0420656204,-0.999114633,-1.00286679e-05,9.31683815e-08,-1.00414754e-05,1],"shapeName":"/levels/west_coast_usa/art/shapes/buildings/s_port_ppa_fence_connection.dae","useInstanceRenderData":true}
{"class":"TSStatic","__parent":"railings","position":[21.6609173,-118.235237,123.785492],"decalType":"None","isRenderEnabled":false,"rotationMatrix":[0.0420655012,0.999114752,1.01180767e-05,-0.999114752,0.0420655012,5.15485226e-07,8.94078767e-08,-1.01308051e-05,1],"shapeName":"/levels/west_coast_usa/art/shapes/buildings/s_port_ppa_fence_post.dae","useInstanceRenderData":true}
{"class":"TSStatic","__parent":"railings","position":[21.6608601,-118.236649,123.785492],"decalType":"None","isRenderEnabled":false,"rotationMatrix":[0.999114811,-0.0420666337,1.97461122e-05,0.0420666337,0.999114811,1.02074882e-05,-2.0158026e-05,-9.36780089e-06,1],"shapeName":"/levels/west_coast_usa/art/shapes/buildings/s_port_ppa_fence_connection.dae","useInstanceRenderData":true}
{"class":"TSStatic","__parent":"railings","position":[21.5796585,-120.220924,123.785477],"decalType":"None","isRenderEnabled":false,"rotationMatrix":[0.0420655012,0.999114752,1.01180767e-05,-0.999114752,0.0420655012,5.15485226e-07,8.94078767e-08,-1.01308051e-05,1],"shapeName":"/levels/west_coast_usa/art/shapes/buildings/s_port_ppa_fence_bars_2m.dae","useInstanceRenderData":true}
{"class":"TSStatic","__parent":"railings","position":[21.5773182,-120.220825,123.785477],"decalType":"None","isRenderEnabled":false,"rotationMatrix":[-0.999114633,0.0420656204,5.15486818e-07,-0.0420656204,-0.999114633,-1.00286679e-05,9.31683815e-08,-1.00414754e-05,1],"shapeName":"/levels/west_coast_usa/art/shapes/buildings/s_port_ppa_fence_connection.dae","useInstanceRenderData":true}
{"class":"TSStatic","__parent":"railings","position":[21.5773182,-120.220825,123.785477],"decalType":"None","isRenderEnabled":false,"rotationMatrix":[0.0420655012,0.999114752,1.01180767e-05,-0.999114752,0.0420655012,5.15485226e-07,8.94078767e-08,-1.01308051e-05,1],"shapeName":"/levels/west_coast_usa/art/shapes/buildings/s_port_ppa_fence_post.dae","useInstanceRenderData":true}
{"class":"TSStatic","__parent":"railings","position":[21.5772934,-120.222733,123.785477],"decalType":"None","isRenderEnabled":false,"rotationMatrix":[0.998812854,-0.0487121604,1.96788096e-05,0.0487121604,0.998812854,1.02038321e-05,-2.01524999e-05,-9.23312109e-06,1],"shapeName":"/levels/west_coast_usa/art/shapes/buildings/s_port_ppa_fence_connection.dae","useInstanceRenderData":true}
{"class":"TSStatic","__parent":"railings","position":[21.4828949,-122.206421,123.785461],"decalType":"None","isRenderEnabled":false,"rotationMatrix":[0.0487111807,0.998812854,1.01144233e-05,-0.998812854,0.0487111807,5.82782377e-07,8.94056029e-08,-1.01308051e-05,1],"shapeName":"/levels/west_coast_usa/art/shapes/buildings/s_port_ppa_fence_bars_2m.dae","useInstanceRenderData":true}
{"class":"TSStatic","__parent":"railings","position":[21.4805546,-122.206306,123.785461],"decalType":"None","isRenderEnabled":false,"rotationMatrix":[-0.998812795,0.0487111658,5.82783173e-07,-0.0487111658,-0.998812795,-1.00250154e-05,9.3761173e-08,-1.00415027e-05,1],"shapeName":"/levels/west_coast_usa/art/shapes/buildings/s_port_ppa_fence_connection.dae","useInstanceRenderData":true}
{"class":"TSStatic","__parent":"railings","position":[21.4805546,-122.206306,123.785461],"decalType":"None","isRenderEnabled":false,"rotationMatrix":[0.0487111807,0.998812854,1.01144233e-05,-0.998812854,0.0487111807,5.82782377e-07,8.94056029e-08,-1.01308051e-05,1],"shapeName":"/levels/west_coast_usa/art/shapes/buildings/s_port_ppa_fence_post.dae","useInstanceRenderData":true}
{"class":"TSStatic","__parent":"railings","position":[-53.6943588,-165.162552,123.785019],"decalType":"None","isRenderEnabled":false,"rotationMatrix":[0.929122567,-0.369771868,-3.80982692e-06,0.369771868,0.929122567,9.47679018e-06,3.55448719e-08,-1.02138665e-05,1],"shapeName":"/levels/west_coast_usa/art/shapes/buildings/s_port_ppa_fence_connection.dae","useInstanceRenderData":true}
{"class":"TSStatic","__parent":"railings","position":[-53.6943588,-165.162552,123.785019],"decalType":"None","isRenderEnabled":false,"rotationMatrix":[-0.929122329,0.36977157,3.80982374e-06,-0.36977157,-0.929122329,-9.29798261e-06,1.01663318e-07,-1.00477318e-05,1],"shapeName":"/levels/west_coast_usa/art/shapes/buildings/s_port_ppa_fence_connection.dae","useInstanceRenderData":true}
