{"name":"dragPaddockGarageComputer_area","class":"BeamNGGameplayArea","persistentId":"df014762-39fd-4565-82f2-1f898a757858","__parent":"drag paddock garage","position":[-226.706223,-215.834793,119.195648],"rotationMatrix":[0.571451843,-0.820635676,0,0.820635676,0.571451843,0,0,0,1],"scale":[0.87187767,0.80349195,1]}
{"name":"dragPaddockGarageComputer_icon","class":"BeamNGPointOfInterest","persistentId":"02dd0793-398e-4d65-ae56-7f732c994e78","__parent":"drag paddock garage","position":[-227.201172,-216.233002,119.716179],"rotationMatrix":[-0.278436542,-0.960454881,0,0.960454881,-0.278436542,0,0,0,1]}
{"class":"TSStatic","persistentId":"8354d3d0-11b8-4e9e-91e6-d464cd74b71c","__parent":"drag paddock garage","position":[-233.875549,-43.5298386,120.883987],"isRenderEnabled":false,"rotationMatrix":[-0.15359652,0.988133848,0,-0.988133848,-0.15359652,0,0,0,1],"shapeName":"/art/shapes/garage_and_dealership/garage/s_document_drawer.dae","useInstanceRenderData":true}
{"class":"TSStatic","persistentId":"3899aab8-a35e-47ac-9339-b3f733feeeda","__parent":"drag paddock garage","position":[-227.909485,-215.511459,119.590828],"decalType":"None","isRenderEnabled":false,"rotationMatrix":[0.897633076,0.440743536,0,-0.440743536,0.897633076,0,0,0,1],"shapeName":"/art/shapes/garage_and_dealership/garage/s_small_toolbox_02.dae","useInstanceRenderData":true}
{"class":"TSStatic","persistentId":"43995efa-cc48-47a7-ba3a-d250bae06164","__parent":"drag paddock garage","position":[-225.765518,-218.494965,118.622002],"decalType":"None","isRenderEnabled":false,"rotationMatrix":[0.593461454,-0.78594017,0.173498154,0.797255158,0.60359937,0.00722071528,-0.110398434,0.134037077,0.98480773],"shapeName":"/art/shapes/garage_and_dealership/garage/s_portable_stair_small_02.dae","useInstanceRenderData":true}
{"name":"commercialGarageComputesr_light_1","class":"TSStatic","persistentId":"33947997-00fc-41ca-a2be-f87267d0e25a","__parent":"drag paddock garage","position":[-227.134232,-216.589539,118.681709],"decalType":"None","isRenderEnabled":false,"rotationMatrix":[-0.60020256,0.799848199,0,-0.799848199,-0.60020256,0,0,0,1],"shapeName":"/art/shapes/garage_and_dealership/garage/s_garage_workbench_medium.dae","useInstanceRenderData":true}
{"class":"TSStatic","persistentId":"113a6524-fe13-4b63-aceb-6c19a0f27b72","__parent":"drag paddock garage","position":[-227.19635,-215.787827,118.699097],"decalType":"None","isRenderEnabled":false,"rotationMatrix":[-0.979941845,0.19928655,0,-0.19928655,-0.979941845,0,0,0,1],"shapeName":"/art/shapes/garage_and_dealership/garage/s_metal_stool.dae","useInstanceRenderData":true}
