{"name":"fre_staging_rockClimbS","class":"BeamNGTrigger","__parent":"Rock_Climb_Short","position":[708.622803,-464.436401,162.776871],"luaFunction":"onBeamNGTrigger","rotationMatrix":[-0.974179387,-0.225775257,-3.86498868e-08,0.22552292,-0.973090649,-0.0472646989,0.0106711611,-0.0460443087,0.998882413],"scale":[12.635169,1,4.90749168]}
{"name":"fre_start_rockClimbS","class":"BeamNGTrigger","__parent":"Rock_Climb_Short","position":[708.769958,-465.241089,162.776871],"luaFunction":"onBeamNGTrigger","rotationMatrix":[-0.974179387,-0.225775257,-3.86498868e-08,0.22552292,-0.973090649,-0.0472646989,0.0106711611,-0.0460443087,0.998882413],"scale":[12.635169,1,4.90749168]}
{"class":"TSStatic","__parent":"Rock_Climb_Short","position":[714.507874,-464.283234,162.106644],"isRenderEnabled":false,"rotationMatrix":[-0.989574194,-0.144025058,0,0.144025058,-0.989574194,0,0,0,1],"shapeName":"/levels/west_coast_usa/art/shapes/objects/featherflag_beamng.dae","useInstanceRenderData":true}
{"class":"TSStatic","__parent":"Rock_Climb_Short","position":[701.935547,-466.704651,162.130081],"isRenderEnabled":false,"rotationMatrix":[0.972687364,0.232119069,0,-0.232119069,0.972687364,0,0,0,1],"shapeName":"/levels/west_coast_usa/art/shapes/objects/featherflag_beamng.dae","useInstanceRenderData":true}
{"class":"DecalRoad","persistentId":"c68a6955-2d76-4c19-b916-3f6338b91fbf","__parent":"Rock_Climb_Short","position":[704.275635,-466.14798,160.945221],"improvedSpline":true,"material":"checkered_line","nodes":[[704.275635,-466.14798,160.945221,0.5],[712.543213,-464.146576,161.72847,0.5]]}
{"name":"rockClimbS","class":"DecalRoad","persistentId":"2fda4042-5477-4f4c-b30a-3b67becb0320","__parent":"Rock_Climb_Short","position":[708.291321,-464.800201,160.740616],"improvedSpline":true,"material":"road_invisible","nodes":[[708.291321,-464.800201,160.740616,6],[710.674438,-476.444122,163.226334,6],[712.564941,-487.507599,167.26709,6],[713.437683,-494.87561,170.671875,6],[713.686035,-497.814514,171.412247,6]]}
{"name":"fre_finish_rockClimbS","class":"BeamNGTrigger","__parent":"Rock_Climb_Short","position":[713.774353,-498.11731,172.169006],"luaFunction":"onBeamNGTrigger","rotationMatrix":[0.992051482,0.114864826,-0.0513802096,-0.11530216,0.993314564,-0.00562042044,0.0503911227,0.0114999954,0.998663366],"scale":[8.94305515,1.70973086,5.43977737]}
{"name":"fre_start_rockClimbSasset0","class":"DecalRoad","persistentId":"3d57e5a8-793d-46a6-8e28-e14609bb3f15","__parent":"Rock_Climb_Short","position":[710.980957,-497.930939,171.777939],"hidden":true,"improvedSpline":true,"material":"checkered_line","nodes":[[710.980957,-497.930939,171.777939,0.5],[716.409058,-497.152954,171.599854,0.5]]}
