{"class":"DecalRoad","persistentId":"5c566116-be59-4ed3-83fe-a29bb2af917f","__parent":"Highway_Drag","position":[-882.527832,-549.468201,106.36644],"improvedSpline":true,"material":"checkered_line","nodes":[[-882.527832,-549.468201,106.36644,0.5],[-880.382996,-551.686401,106.366829,0.5]],"renderPriority":1}
{"class":"TSStatic","__parent":"Highway_Drag","position":[-879.680359,-552.495911,106.619026],"isRenderEnabled":false,"rotationMatrix":[-0.606091619,0.795395136,0,-0.795395136,-0.606091619,0,0,0,1],"scale":[0.665322423,1,0.769470215],"shapeName":"/levels/west_coast_usa/art/shapes/objects/featherflag_beamng.dae","useInstanceRenderData":true}
{"class":"TSStatic","__parent":"Highway_Drag","position":[-883.576965,-548.810913,106.619026],"isRenderEnabled":false,"rotationMatrix":[0.674926639,-0.737884879,0,0.737884879,0.674926639,0,0,0,1],"scale":[0.655358672,1,0.738977075],"shapeName":"/levels/west_coast_usa/art/shapes/objects/featherflag_beamng.dae","useInstanceRenderData":true}
{"name":"dragHighway","class":"DecalRoad","persistentId":"b5a260dc-51b3-4c03-9c8b-e60a05a56815","__parent":"Highway_Drag","position":[-879.545166,-548.091064,106.360573],"improvedSpline":true,"material":"road_invisible","nodes":[[-879.545166,-548.091064,106.360573,5],[-711.102478,-373.993103,106.102325,5],[-670.335571,-331.097687,106.037773,5],[-605.385559,-264.032806,106.300537,5],[-322.964783,26.6196156,111.081879,5]],"overObjects":true}
{"name":"fre_staging_dragHighway","class":"BeamNGTrigger","__parent":"Highway_Drag","position":[-881.445618,-550.727966,107.986916],"luaFunction":"onBeamNGTrigger","rotationMatrix":[0.703083515,-0.711107373,1.11758709e-08,0.710312605,0.702297747,-0.047264725,0.0336102806,0.0332310572,0.998882413],"scale":[4.72219324,0.595233679,4.90749168]}
{"name":"fre_start_dragHighway","class":"BeamNGTrigger","__parent":"Highway_Drag","position":[-880.819092,-550.130127,107.984619],"luaFunction":"onBeamNGTrigger","rotationMatrix":[0.703083515,-0.711107373,1.11758709e-08,0.710312605,0.702297747,-0.047264725,0.0336102806,0.0332310572,0.998882413],"scale":[4.72219324,1.52229047,4.90749168]}
{"name":"fre_finish_dragHighway","class":"BeamNGTrigger","__parent":"Highway_Drag","position":[-323.753784,29.2977581,114.074974],"luaFunction":"onBeamNGTrigger","rotationMatrix":[0.738546431,-0.674198329,-0.0024211444,0.673364341,0.737802386,-0.0472026803,0.0336102881,0.033231061,0.998882413],"scale":[17.6075706,7.72043324,8.10534096]}
{"name":"fre_start_dragHighwayasset0","class":"TSStatic","__parent":"Highway_Drag","position":[-318.09436,21.648756,112.158936],"hidden":true,"isRenderEnabled":false,"rotationMatrix":[-0.606091619,0.795395136,0,-0.795395136,-0.606091619,0,0,0,1],"shapeName":"/levels/west_coast_usa/art/shapes/objects/featherflag_beamng.dae","useInstanceRenderData":true}
{"name":"fre_start_dragHighwayasset1","class":"TSStatic","__parent":"Highway_Drag","position":[-331.458038,34.6774216,112.158936],"hidden":true,"isRenderEnabled":false,"rotationMatrix":[0.674926639,-0.737884879,0,0.737884879,0.674926639,0,0,0,1],"shapeName":"/levels/west_coast_usa/art/shapes/objects/featherflag_beamng.dae","useInstanceRenderData":true}
