//--- OBJECT WRITE BEGIN ---
$ThisPrefab = new SimGroup() {
   canSave = "1";
   canSaveDynamicFields = "1";
      groupPosition = "0 0 0";

   new TSStatic() {
      shapeName = "/art/shapes/race/s_concrete_race_barrier.dae";
      dynamic = "0";
      playAmbient = "1";
      meshCulling = "0";
      originSort = "0";
      useInstanceRenderData = "0";
      instanceColor = "White";
      instanceColor1 = "White";
      instanceColor2 = "White";
      collisionType = "Collision Mesh";
      decalType = "Collision Mesh";
      prebuildCollisionData = "0";
      renderNormals = "0";
      forceDetail = "-1";
      position = "66.3885269 39.7949181 119.376091";
      scale = "1 1 1";
      rotationMatrix = "0.611152291 -0.791513026 0 0.791513085 0.611152291 0 0 0 1";
      isRenderEnabled = "false";
      canSave = "1";
      canSaveDynamicFields = "1";
      persistentId = "245dec83-8f5b-46ba-8a6b-b59ec8ddbf81";
         mode = "Ignore";
   };
   new TSStatic() {
      shapeName = "/art/shapes/race/s_concrete_race_barrier.dae";
      dynamic = "0";
      playAmbient = "1";
      meshCulling = "0";
      originSort = "0";
      useInstanceRenderData = "0";
      instanceColor = "White";
      instanceColor1 = "White";
      instanceColor2 = "White";
      collisionType = "Collision Mesh";
      decalType = "Collision Mesh";
      prebuildCollisionData = "0";
      renderNormals = "0";
      forceDetail = "-1";
      position = "68.3419189 37.2650909 119.376091";
      scale = "1 1 1";
      rotationMatrix = "-0.611152589 0.791512847 0 -0.791512907 -0.611152589 0 0 0 1";
      isRenderEnabled = "false";
      canSave = "1";
      canSaveDynamicFields = "1";
      persistentId = "c12776a0-6e2c-451f-bfc2-e74d9067ac69";
         mode = "Ignore";
   };
   new TSStatic() {
      shapeName = "/art/shapes/race/s_concrete_race_barrier.dae";
      dynamic = "0";
      playAmbient = "1";
      meshCulling = "0";
      originSort = "0";
      useInstanceRenderData = "0";
      instanceColor = "White";
      instanceColor1 = "White";
      instanceColor2 = "White";
      collisionType = "Collision Mesh";
      decalType = "Collision Mesh";
      prebuildCollisionData = "0";
      renderNormals = "0";
      forceDetail = "-1";
      position = "70.2766724 34.7593842 119.376091";
      scale = "1 1 1";
      rotationMatrix = "-0.611152589 0.791512847 0 -0.791512907 -0.611152589 0 0 0 1";
      isRenderEnabled = "false";
      canSave = "1";
      canSaveDynamicFields = "1";
      persistentId = "aaf6fd93-ab61-4745-92c6-04cc11be5f0c";
         mode = "Ignore";
   };
   new TSStatic() {
      shapeName = "/art/shapes/race/s_concrete_race_barrier.dae";
      dynamic = "0";
      playAmbient = "1";
      meshCulling = "0";
      originSort = "0";
      useInstanceRenderData = "0";
      instanceColor = "White";
      instanceColor1 = "White";
      instanceColor2 = "White";
      collisionType = "Collision Mesh";
      decalType = "Collision Mesh";
      prebuildCollisionData = "0";
      renderNormals = "0";
      forceDetail = "-1";
      position = "72.239769 32.2169075 119.376091";
      scale = "1 1 1";
      rotationMatrix = "-0.611152589 0.791512847 0 -0.791512907 -0.611152589 0 0 0 1";
      isRenderEnabled = "false";
      canSave = "1";
      canSaveDynamicFields = "1";
      persistentId = "64ce4a7f-04b5-48b4-b68e-c897b89adc1f";
         mode = "Ignore";
   };
   new TSStatic() {
      shapeName = "/art/shapes/race/s_concrete_race_barrier.dae";
      dynamic = "0";
      playAmbient = "1";
      meshCulling = "0";
      originSort = "0";
      useInstanceRenderData = "0";
      instanceColor = "White";
      instanceColor1 = "White";
      instanceColor2 = "White";
      collisionType = "Collision Mesh";
      decalType = "Collision Mesh";
      prebuildCollisionData = "0";
      renderNormals = "0";
      forceDetail = "-1";
      position = "53.7125816 30.2648621 119.37249";
      scale = "1 1 1";
      rotationMatrix = "0.596039057 -0.802955508 0 0.802955508 0.596038997 0 0 0 1";
      isRenderEnabled = "false";
      canSave = "1";
      canSaveDynamicFields = "1";
      persistentId = "629e8a3d-57d0-4a92-869d-90718d2cb517";
         mode = "Ignore";
   };
   new TSStatic() {
      shapeName = "/art/shapes/race/s_concrete_race_barrier.dae";
      dynamic = "0";
      playAmbient = "1";
      meshCulling = "0";
      originSort = "0";
      useInstanceRenderData = "0";
      instanceColor = "White";
      instanceColor1 = "White";
      instanceColor2 = "White";
      collisionType = "Collision Mesh";
      decalType = "Collision Mesh";
      prebuildCollisionData = "0";
      renderNormals = "0";
      forceDetail = "-1";
      position = "55.6176834 27.6984634 119.37249";
      scale = "1 1 1";
      rotationMatrix = "-0.596039295 0.80295527 0 -0.80295527 -0.596039236 0 0 0 1";
      isRenderEnabled = "false";
      canSave = "1";
      canSaveDynamicFields = "1";
      persistentId = "43542565-631b-4a17-9eb2-e134e1653489";
         mode = "Ignore";
   };
   new TSStatic() {
      shapeName = "/art/shapes/race/s_concrete_race_barrier.dae";
      dynamic = "0";
      playAmbient = "1";
      meshCulling = "0";
      originSort = "0";
      useInstanceRenderData = "0";
      instanceColor = "White";
      instanceColor1 = "White";
      instanceColor2 = "White";
      collisionType = "Collision Mesh";
      decalType = "Collision Mesh";
      prebuildCollisionData = "0";
      renderNormals = "0";
      forceDetail = "-1";
      position = "57.5045662 25.1565361 119.37249";
      scale = "1 1 1";
      rotationMatrix = "-0.596039295 0.80295527 0 -0.80295527 -0.596039236 0 0 0 1";
      isRenderEnabled = "false";
      canSave = "1";
      canSaveDynamicFields = "1";
      persistentId = "b7c9f0ed-b1ce-4e6d-a35b-e5ceb79da56b";
         mode = "Ignore";
   };
   new TSStatic() {
      shapeName = "/art/shapes/race/s_concrete_race_barrier.dae";
      dynamic = "0";
      playAmbient = "1";
      meshCulling = "0";
      originSort = "0";
      useInstanceRenderData = "0";
      instanceColor = "White";
      instanceColor1 = "White";
      instanceColor2 = "White";
      collisionType = "Collision Mesh";
      decalType = "Collision Mesh";
      prebuildCollisionData = "0";
      renderNormals = "0";
      forceDetail = "-1";
      position = "59.4191284 22.5773067 119.37249";
      scale = "1 1 1";
      rotationMatrix = "-0.596039295 0.80295527 0 -0.80295527 -0.596039236 0 0 0 1";
      isRenderEnabled = "false";
      canSave = "1";
      canSaveDynamicFields = "1";
      persistentId = "76f8499d-1262-4172-9146-0b07dafcfb9e";
         mode = "Ignore";
   };
   new TSStatic() {
      shapeName = "/art/shapes/race/s_concrete_race_barrier.dae";
      dynamic = "0";
      playAmbient = "1";
      meshCulling = "0";
      originSort = "0";
      useInstanceRenderData = "0";
      instanceColor = "White";
      instanceColor1 = "White";
      instanceColor2 = "White";
      collisionType = "Collision Mesh";
      decalType = "Collision Mesh";
      prebuildCollisionData = "0";
      renderNormals = "0";
      forceDetail = "-1";
      position = "78.5339355 -116.657745 127.355652";
      scale = "1 1 1";
      rotationMatrix = "-0.263067126 -0.963050187 -0.0577024892 0.96475631 -0.262195349 -0.0223271977 0.00637287833 -0.0615423992 0.998084128";
      isRenderEnabled = "false";
      canSave = "1";
      canSaveDynamicFields = "1";
      persistentId = "61c272fb-2b9e-4337-906f-3fa923947484";
         mode = "Ignore";
   };
   new TSStatic() {
      shapeName = "/art/shapes/race/s_concrete_race_barrier.dae";
      dynamic = "0";
      playAmbient = "1";
      meshCulling = "0";
      originSort = "0";
      useInstanceRenderData = "0";
      instanceColor = "White";
      instanceColor1 = "White";
      instanceColor2 = "White";
      collisionType = "Collision Mesh";
      decalType = "Collision Mesh";
      prebuildCollisionData = "0";
      renderNormals = "0";
      forceDetail = "-1";
      position = "77.6937714 -119.735031 127.154671";
      scale = "1 1 1";
      rotationMatrix = "0.262864292 0.962781489 0.062881276 -0.964832008 0.262224972 0.0183603112 0.00118792616 -0.0654961467 0.997852087";
      isRenderEnabled = "false";
      canSave = "1";
      canSaveDynamicFields = "1";
      persistentId = "905e6268-5dd5-46eb-9c59-3b1fce7afcdd";
         mode = "Ignore";
   };
   new TSStatic() {
      shapeName = "/art/shapes/race/s_concrete_race_barrier.dae";
      dynamic = "0";
      playAmbient = "1";
      meshCulling = "0";
      originSort = "0";
      useInstanceRenderData = "0";
      instanceColor = "White";
      instanceColor1 = "White";
      instanceColor2 = "White";
      collisionType = "Collision Mesh";
      decalType = "Collision Mesh";
      prebuildCollisionData = "0";
      renderNormals = "0";
      forceDetail = "-1";
      position = "76.8616028 -122.782898 126.955597";
      scale = "1 1 1";
      rotationMatrix = "0.262864292 0.962781489 0.062881276 -0.964832008 0.262224972 0.0183603112 0.00118792616 -0.0654961467 0.997852087";
      isRenderEnabled = "false";
      canSave = "1";
      canSaveDynamicFields = "1";
      persistentId = "984da0f4-353d-4321-9213-aec40b16d3bc";
         mode = "Ignore";
   };
   new TSStatic() {
      shapeName = "/art/shapes/race/s_concrete_race_barrier.dae";
      dynamic = "0";
      playAmbient = "1";
      meshCulling = "0";
      originSort = "0";
      useInstanceRenderData = "0";
      instanceColor = "White";
      instanceColor1 = "White";
      instanceColor2 = "White";
      collisionType = "Collision Mesh";
      decalType = "Collision Mesh";
      prebuildCollisionData = "0";
      renderNormals = "0";
      forceDetail = "-1";
      position = "76.0172119 -125.875511 126.753609";
      scale = "1 1 1";
      rotationMatrix = "0.262864292 0.962781489 0.062881276 -0.964832008 0.262224972 0.0183603112 0.00118792616 -0.0654961467 0.997852087";
      isRenderEnabled = "false";
      canSave = "1";
      canSaveDynamicFields = "1";
      persistentId = "369ea482-d974-480b-91b7-7f2e3a6a0954";
         mode = "Ignore";
   };
   new TSStatic() {
      shapeName = "/art/shapes/race/s_concrete_race_barrier.dae";
      dynamic = "0";
      playAmbient = "1";
      meshCulling = "0";
      originSort = "0";
      useInstanceRenderData = "0";
      instanceColor = "White";
      instanceColor1 = "White";
      instanceColor2 = "White";
      collisionType = "Collision Mesh";
      decalType = "Collision Mesh";
      prebuildCollisionData = "0";
      renderNormals = "0";
      forceDetail = "-1";
      position = "70.7707291 -170.342102 124.38221";
      scale = "1 1 1";
      rotationMatrix = "-0.263096571 -0.964765012 -0.0029232977 0.964760363 -0.263079762 -0.00513814157 0.00418803887 -0.00417210953 0.999982536";
      isRenderEnabled = "false";
      canSave = "1";
      canSaveDynamicFields = "1";
      persistentId = "a3cab6b8-c626-4882-861f-33a6578159f6";
         mode = "Ignore";
   };
   new TSStatic() {
      shapeName = "/art/shapes/race/s_concrete_race_barrier.dae";
      dynamic = "0";
      playAmbient = "1";
      meshCulling = "0";
      originSort = "0";
      useInstanceRenderData = "0";
      instanceColor = "White";
      instanceColor1 = "White";
      instanceColor2 = "White";
      collisionType = "Collision Mesh";
      decalType = "Collision Mesh";
      prebuildCollisionData = "0";
      renderNormals = "0";
      forceDetail = "-1";
      position = "69.9304962 -173.425827 124.356277";
      scale = "1 1 1";
      rotationMatrix = "0.26288271 0.964793622 0.00810852461 -0.96482724 0.262881935 0.00117595261 -0.000997032737 -0.00813246332 0.999966443";
      isRenderEnabled = "false";
      canSave = "1";
      canSaveDynamicFields = "1";
      persistentId = "f974dd8e-7eaf-44c2-a9ad-37825b5b503c";
         mode = "Ignore";
   };
   new TSStatic() {
      shapeName = "/art/shapes/race/s_concrete_race_barrier.dae";
      dynamic = "0";
      playAmbient = "1";
      meshCulling = "0";
      originSort = "0";
      useInstanceRenderData = "0";
      instanceColor = "White";
      instanceColor1 = "White";
      instanceColor2 = "White";
      collisionType = "Collision Mesh";
      decalType = "Collision Mesh";
      prebuildCollisionData = "0";
      renderNormals = "0";
      forceDetail = "-1";
      position = "69.0982742 -176.480042 124.33062";
      scale = "1 1 1";
      rotationMatrix = "0.26288271 0.964793622 0.00810852461 -0.96482724 0.262881935 0.00117595261 -0.000997032737 -0.00813246332 0.999966443";
      isRenderEnabled = "false";
      canSave = "1";
      canSaveDynamicFields = "1";
      persistentId = "4faf6af8-aca0-485b-93c3-6f8d25cb22ef";
         mode = "Ignore";
   };
   new TSStatic() {
      shapeName = "/art/shapes/race/s_concrete_race_barrier.dae";
      dynamic = "0";
      playAmbient = "1";
      meshCulling = "0";
      originSort = "0";
      useInstanceRenderData = "0";
      instanceColor = "White";
      instanceColor1 = "White";
      instanceColor2 = "White";
      collisionType = "Collision Mesh";
      decalType = "Collision Mesh";
      prebuildCollisionData = "0";
      renderNormals = "0";
      forceDetail = "-1";
      position = "68.2538223 -179.579178 124.304558";
      scale = "1 1 1";
      rotationMatrix = "0.26288271 0.964793622 0.00810852461 -0.96482724 0.262881935 0.00117595261 -0.000997032737 -0.00813246332 0.999966443";
      isRenderEnabled = "false";
      canSave = "1";
      canSaveDynamicFields = "1";
      persistentId = "2884b031-3884-4ecb-8169-890604b9076b";
         mode = "Ignore";
   };
   new TSStatic() {
      shapeName = "/art/shapes/race/s_concrete_race_barrier.dae";
      dynamic = "0";
      playAmbient = "1";
      meshCulling = "0";
      originSort = "0";
      useInstanceRenderData = "0";
      instanceColor = "White";
      instanceColor1 = "White";
      instanceColor2 = "White";
      collisionType = "Collision Mesh";
      decalType = "Collision Mesh";
      prebuildCollisionData = "0";
      renderNormals = "0";
      forceDetail = "-1";
      position = "-316.273804 -236.00119 119.408707";
      scale = "1 1 1";
      rotationMatrix = "0.343634635 0.938863575 -0.0212243106 -0.939103425 0.343546838 -0.00776635669 -3.72528985e-09 0.0226006154 0.999744654";
      isRenderEnabled = "false";
      canSave = "1";
      canSaveDynamicFields = "1";
      persistentId = "c6e7dfca-7988-4532-811d-412a90112e94";
         mode = "Ignore";
   };
   new TSStatic() {
      shapeName = "/art/shapes/race/s_concrete_race_barrier.dae";
      dynamic = "0";
      playAmbient = "1";
      meshCulling = "0";
      originSort = "0";
      useInstanceRenderData = "0";
      instanceColor = "White";
      instanceColor1 = "White";
      instanceColor2 = "White";
      collisionType = "Collision Mesh";
      decalType = "Collision Mesh";
      prebuildCollisionData = "0";
      renderNormals = "0";
      forceDetail = "-1";
      position = "-315.175476 -232.99913 119.399185";
      scale = "1 1 1";
      rotationMatrix = "-0.343634218 -0.938863695 0.0212243162 0.939103603 -0.34354642 0.00776634552 -2.79396684e-09 0.0226006135 0.999744654";
      isRenderEnabled = "false";
      canSave = "1";
      canSaveDynamicFields = "1";
      persistentId = "8e012eda-010b-494a-8bff-13730f530601";
         mode = "Ignore";
   };
   new TSStatic() {
      shapeName = "/art/shapes/race/s_concrete_race_barrier.dae";
      dynamic = "0";
      playAmbient = "1";
      meshCulling = "0";
      originSort = "0";
      useInstanceRenderData = "0";
      instanceColor = "White";
      instanceColor1 = "White";
      instanceColor2 = "White";
      collisionType = "Collision Mesh";
      decalType = "Collision Mesh";
      prebuildCollisionData = "0";
      renderNormals = "0";
      forceDetail = "-1";
      position = "-314.087555 -230.026901 119.331993";
      scale = "1 1 1";
      rotationMatrix = "-0.343634218 -0.938863695 0.0212243162 0.939103603 -0.34354642 0.00776634552 -2.79396684e-09 0.0226006135 0.999744654";
      isRenderEnabled = "false";
      canSave = "1";
      canSaveDynamicFields = "1";
      persistentId = "56eb5e15-ea30-492b-8ed8-f0b04a38cfd3";
         mode = "Ignore";
   };
   new TSStatic() {
      shapeName = "/art/shapes/race/s_concrete_race_barrier.dae";
      dynamic = "0";
      playAmbient = "1";
      meshCulling = "0";
      originSort = "0";
      useInstanceRenderData = "0";
      instanceColor = "White";
      instanceColor1 = "White";
      instanceColor2 = "White";
      collisionType = "Collision Mesh";
      decalType = "Collision Mesh";
      prebuildCollisionData = "0";
      renderNormals = "0";
      forceDetail = "-1";
      position = "-312.983765 -227.011154 119.263824";
      scale = "1 1 1";
      rotationMatrix = "-0.343634218 -0.938863695 0.0212243162 0.939103603 -0.34354642 0.00776634552 -2.79396684e-09 0.0226006135 0.999744654";
      isRenderEnabled = "false";
      canSave = "1";
      canSaveDynamicFields = "1";
      persistentId = "be4aabbb-df83-456c-9410-f4cc9189107a";
         mode = "Ignore";
   };
   new TSStatic() {
      shapeName = "/art/shapes/race/s_concrete_race_barrier.dae";
      dynamic = "0";
      playAmbient = "1";
      meshCulling = "0";
      originSort = "0";
      useInstanceRenderData = "0";
      instanceColor = "White";
      instanceColor1 = "White";
      instanceColor2 = "White";
      collisionType = "Collision Mesh";
      decalType = "Collision Mesh";
      prebuildCollisionData = "0";
      renderNormals = "0";
      forceDetail = "-1";
      position = "-138.235031 -79.0300446 119.409943";
      scale = "1 1 1";
      rotationMatrix = "0.783065557 0.621325135 0.0276297014 -0.621508718 0.783403516 -0.00239609601 -0.0231339615 -0.0152958017 0.999615371";
      isRenderEnabled = "false";
      canSave = "1";
      canSaveDynamicFields = "1";
      persistentId = "c7561e27-d8fc-4d59-bf0e-80d386320866";
         mode = "Ignore";
   };
   new TSStatic() {
      shapeName = "/art/shapes/race/s_concrete_race_barrier.dae";
      dynamic = "0";
      playAmbient = "1";
      meshCulling = "0";
      originSort = "0";
      useInstanceRenderData = "0";
      instanceColor = "White";
      instanceColor1 = "White";
      instanceColor2 = "White";
      collisionType = "Collision Mesh";
      decalType = "Collision Mesh";
      prebuildCollisionData = "0";
      renderNormals = "0";
      forceDetail = "-1";
      position = "-135.726913 -77.0401917 119.425133";
      scale = "1 1 1";
      rotationMatrix = "0.78339982 0.621486783 -0.00624692068 -0.621508837 0.783403575 -0.00239609811 0.00340471626 0.00575961871 0.999977589";
      isRenderEnabled = "false";
      canSave = "1";
      canSaveDynamicFields = "1";
      persistentId = "c4adcb0f-5da8-4df3-bc18-3646c575339a";
         mode = "Ignore";
   };
   new TSStatic() {
      shapeName = "/art/shapes/race/s_concrete_race_barrier.dae";
      dynamic = "0";
      playAmbient = "1";
      meshCulling = "0";
      originSort = "0";
      useInstanceRenderData = "0";
      instanceColor = "White";
      instanceColor1 = "White";
      instanceColor2 = "White";
      collisionType = "Collision Mesh";
      decalType = "Collision Mesh";
      prebuildCollisionData = "0";
      renderNormals = "0";
      forceDetail = "-1";
      position = "-133.210434 -75.0437698 119.421608";
      scale = "1 1 1";
      rotationMatrix = "0.78339982 0.621486783 -0.00624692068 -0.621508837 0.783403575 -0.00239609811 0.00340471626 0.00575961871 0.999977589";
      isRenderEnabled = "false";
      canSave = "1";
      canSaveDynamicFields = "1";
      persistentId = "de01c629-7fa5-4594-86e2-1d8dca670cfa";
         mode = "Ignore";
   };
   new TSStatic() {
      shapeName = "/art/shapes/race/s_concrete_race_barrier.dae";
      dynamic = "0";
      playAmbient = "1";
      meshCulling = "0";
      originSort = "0";
      useInstanceRenderData = "0";
      instanceColor = "White";
      instanceColor1 = "White";
      instanceColor2 = "White";
      collisionType = "Collision Mesh";
      decalType = "Collision Mesh";
      prebuildCollisionData = "0";
      renderNormals = "0";
      forceDetail = "-1";
      position = "-130.730392 -73.0762482 119.411713";
      scale = "1 1 1";
      rotationMatrix = "0.78339982 0.621486783 -0.00624692068 -0.621508837 0.783403575 -0.00239609811 0.00340471626 0.00575961871 0.999977589";
      isRenderEnabled = "false";
      canSave = "1";
      canSaveDynamicFields = "1";
      persistentId = "b618111c-9c6b-4326-b67e-3c25d9a7d85b";
         mode = "Ignore";
   };
   new TSStatic() {
      shapeName = "/art/shapes/race/s_concrete_race_barrier.dae";
      dynamic = "0";
      playAmbient = "1";
      meshCulling = "0";
      originSort = "0";
      useInstanceRenderData = "0";
      instanceColor = "White";
      instanceColor1 = "White";
      instanceColor2 = "White";
      collisionType = "Collision Mesh";
      decalType = "Collision Mesh";
      prebuildCollisionData = "0";
      renderNormals = "0";
      forceDetail = "-1";
      position = "-128.226471 -71.0898361 119.391739";
      scale = "1 1 1";
      rotationMatrix = "0.78339982 0.621486783 -0.00624692068 -0.621508837 0.783403575 -0.00239609811 0.00340471626 0.00575961871 0.999977589";
      isRenderEnabled = "false";
      canSave = "1";
      canSaveDynamicFields = "1";
      persistentId = "8a4a1dab-d42d-42e4-a6f8-9b3b793a9d01";
         mode = "Ignore";
   };
   new TSStatic() {
      shapeName = "/art/shapes/race/s_concrete_race_barrier.dae";
      dynamic = "0";
      playAmbient = "1";
      meshCulling = "0";
      originSort = "0";
      useInstanceRenderData = "0";
      instanceColor = "White";
      instanceColor1 = "White";
      instanceColor2 = "White";
      collisionType = "Collision Mesh";
      decalType = "Collision Mesh";
      prebuildCollisionData = "0";
      renderNormals = "0";
      forceDetail = "-1";
      position = "-125.730988 -69.1101608 119.345421";
      scale = "1 1 1";
      rotationMatrix = "-0.78339982 -0.621486783 0.00624692068 0.621508837 -0.783403575 0.00239609811 0.00340471626 0.00575961871 0.999977589";
      isRenderEnabled = "false";
      canSave = "1";
      canSaveDynamicFields = "1";
      persistentId = "54838141-08e4-4139-9917-870475d4a0be";
         mode = "Ignore";
   };
   new TSStatic() {
      shapeName = "/art/shapes/race/s_concrete_race_barrier.dae";
      dynamic = "0";
      playAmbient = "1";
      meshCulling = "0";
      originSort = "0";
      useInstanceRenderData = "0";
      instanceColor = "White";
      instanceColor1 = "White";
      instanceColor2 = "White";
      collisionType = "Collision Mesh";
      decalType = "Collision Mesh";
      prebuildCollisionData = "0";
      renderNormals = "0";
      forceDetail = "-1";
      position = "48.4738503 36.8314438 119.437851";
      scale = "1 1 1";
      rotationMatrix = "-0.669007838 0.743255317 0 -0.743255317 -0.669007838 0 0 0 1";
      isRenderEnabled = "false";
      canSave = "1";
      canSaveDynamicFields = "1";
      persistentId = "02b2e472-f4bc-4d7b-918d-72e8402a754f";
         mode = "Ignore";
   };
   new TSStatic() {
      shapeName = "/art/shapes/race/s_concrete_race_barrier.dae";
      dynamic = "0";
      playAmbient = "1";
      meshCulling = "0";
      originSort = "0";
      useInstanceRenderData = "0";
      instanceColor = "White";
      instanceColor1 = "White";
      instanceColor2 = "White";
      collisionType = "Collision Mesh";
      decalType = "Collision Mesh";
      prebuildCollisionData = "0";
      renderNormals = "0";
      forceDetail = "-1";
      position = "1.13398147 14.4079027 119.440071";
      scale = "1 1 1";
      rotationMatrix = "-0.31317088 -0.949676275 0.00624693139 0.949696779 -0.31316188 0.00239609811 -0.000319216866 0.00668307813 0.999977648";
      isRenderEnabled = "false";
      canSave = "1";
      canSaveDynamicFields = "1";
      persistentId = "401806e1-67ea-4647-b8b1-2eb251615335";
         mode = "Ignore";
   };
   new TSStatic() {
      shapeName = "/art/shapes/race/s_concrete_race_barrier.dae";
      dynamic = "0";
      playAmbient = "1";
      meshCulling = "0";
      originSort = "0";
      useInstanceRenderData = "0";
      instanceColor = "White";
      instanceColor1 = "White";
      instanceColor2 = "White";
      collisionType = "Collision Mesh";
      decalType = "Collision Mesh";
      prebuildCollisionData = "0";
      renderNormals = "0";
      forceDetail = "-1";
      position = "0.136398762 11.382658 119.449654";
      scale = "1 1 1";
      rotationMatrix = "0.313162923 0.949699283 -1.67265534e-06 -0.949696541 0.313162029 -0.00239609741 -0.00227504852 0.000751957123 0.999997139";
      isRenderEnabled = "false";
      canSave = "1";
      canSaveDynamicFields = "1";
      persistentId = "623a4628-bcfc-423c-8af8-2f9e6deefbd1";
         mode = "Ignore";
   };
   new TSStatic() {
      shapeName = "/art/shapes/race/s_concrete_race_barrier.dae";
      dynamic = "0";
      playAmbient = "1";
      meshCulling = "0";
      originSort = "0";
      useInstanceRenderData = "0";
      instanceColor = "White";
      instanceColor1 = "White";
      instanceColor2 = "White";
      collisionType = "Collision Mesh";
      decalType = "Collision Mesh";
      prebuildCollisionData = "0";
      renderNormals = "0";
      forceDetail = "-1";
      position = "-0.862926304 8.35218906 119.467697";
      scale = "1 1 1";
      rotationMatrix = "0.313157737 0.949698985 0.00198236923 -0.9496966 0.313161969 -0.00239609717 -0.00289637386 -0.0011322936 0.999995172";
      isRenderEnabled = "false";
      canSave = "1";
      canSaveDynamicFields = "1";
      persistentId = "ee5c95d5-13ff-4806-b2dc-1963db72b962";
         mode = "Ignore";
   };
   new TSStatic() {
      shapeName = "/art/shapes/race/s_concrete_race_barrier.dae";
      dynamic = "0";
      playAmbient = "1";
      meshCulling = "0";
      originSort = "0";
      useInstanceRenderData = "0";
      instanceColor = "White";
      instanceColor1 = "White";
      instanceColor2 = "White";
      collisionType = "Collision Mesh";
      decalType = "Collision Mesh";
      prebuildCollisionData = "0";
      renderNormals = "0";
      forceDetail = "-1";
      position = "-1.85428321 5.34571075 119.461418";
      scale = "1 1 1";
      rotationMatrix = "0.313157737 0.949698985 0.00198236923 -0.9496966 0.313161969 -0.00239609717 -0.00289637386 -0.0011322936 0.999995172";
      isRenderEnabled = "false";
      canSave = "1";
      canSaveDynamicFields = "1";
      persistentId = "40fbdd8a-8b4d-4342-a9fa-80f48bcfcc6f";
         mode = "Ignore";
   };
   new TSStatic() {
      shapeName = "/art/shapes/race/s_concrete_race_barrier.dae";
      dynamic = "0";
      playAmbient = "1";
      meshCulling = "0";
      originSort = "0";
      useInstanceRenderData = "0";
      instanceColor = "White";
      instanceColor1 = "White";
      instanceColor2 = "White";
      collisionType = "Collision Mesh";
      decalType = "Collision Mesh";
      prebuildCollisionData = "0";
      renderNormals = "0";
      forceDetail = "-1";
      position = "-2.86018825 2.29511333 119.455048";
      scale = "1 1 1";
      rotationMatrix = "0.313157737 0.949698985 0.00198236923 -0.9496966 0.313161969 -0.00239609717 -0.00289637386 -0.0011322936 0.999995172";
      isRenderEnabled = "false";
      canSave = "1";
      canSaveDynamicFields = "1";
      persistentId = "7ea52e44-b0f3-4bda-b026-6eb92f25cf70";
         mode = "Ignore";
   };
   new TSStatic() {
      shapeName = "/art/shapes/race/s_concrete_race_barrier.dae";
      dynamic = "0";
      playAmbient = "1";
      meshCulling = "0";
      originSort = "0";
      useInstanceRenderData = "0";
      instanceColor = "White";
      instanceColor1 = "White";
      instanceColor2 = "White";
      collisionType = "Collision Mesh";
      decalType = "Collision Mesh";
      prebuildCollisionData = "0";
      renderNormals = "0";
      forceDetail = "-1";
      position = "-3.86310935 -0.746434331 119.448708";
      scale = "1 1 1";
      rotationMatrix = "0.313157737 0.949698985 0.00198236923 -0.9496966 0.313161969 -0.00239609717 -0.00289637386 -0.0011322936 0.999995172";
      isRenderEnabled = "false";
      canSave = "1";
      canSaveDynamicFields = "1";
      persistentId = "41a1c734-8f54-496e-a9dc-2f166349ef56";
         mode = "Ignore";
   };
   new TSStatic() {
      shapeName = "/art/shapes/race/s_concrete_race_barrier.dae";
      dynamic = "0";
      playAmbient = "1";
      meshCulling = "0";
      originSort = "0";
      useInstanceRenderData = "0";
      instanceColor = "White";
      instanceColor1 = "White";
      instanceColor2 = "White";
      collisionType = "Collision Mesh";
      decalType = "Collision Mesh";
      prebuildCollisionData = "0";
      renderNormals = "0";
      forceDetail = "-1";
      position = "61.3474007 46.5554886 119.452904";
      scale = "1 1 1";
      rotationMatrix = "-0.669007838 0.743255317 0 -0.743255317 -0.669007838 0 0 0 1";
      isRenderEnabled = "false";
      canSave = "1";
      canSaveDynamicFields = "1";
      persistentId = "4d17ced2-dd51-4e31-a793-6dcee87e227e";
         mode = "Ignore";
   };
   new TSStatic() {
      shapeName = "/art/shapes/race/s_concrete_race_barrier.dae";
      dynamic = "0";
      playAmbient = "1";
      meshCulling = "0";
      originSort = "0";
      useInstanceRenderData = "0";
      instanceColor = "White";
      instanceColor1 = "White";
      instanceColor2 = "White";
      collisionType = "Collision Mesh";
      decalType = "Collision Mesh";
      prebuildCollisionData = "0";
      renderNormals = "0";
      forceDetail = "-1";
      position = "59.198452 48.942955 119.47757";
      scale = "1 1 1";
      rotationMatrix = "-0.668984294 0.743229151 0.00837322138 -0.743255258 -0.669007659 4.65661287e-10 0.00560175115 -0.00622344064 0.999964952";
      isRenderEnabled = "false";
      canSave = "1";
      canSaveDynamicFields = "1";
      persistentId = "03f3778b-00e0-4067-b06f-505f53ab55a6";
         mode = "Ignore";
   };
   new TSStatic() {
      shapeName = "/art/shapes/race/s_concrete_race_barrier.dae";
      dynamic = "0";
      playAmbient = "1";
      meshCulling = "0";
      originSort = "0";
      useInstanceRenderData = "0";
      instanceColor = "White";
      instanceColor1 = "White";
      instanceColor2 = "White";
      collisionType = "Collision Mesh";
      decalType = "Collision Mesh";
      prebuildCollisionData = "0";
      renderNormals = "0";
      forceDetail = "-1";
      position = "57.0805969 51.2958603 119.490295";
      scale = "1 1 1";
      rotationMatrix = "-0.668997884 0.74324441 -0.00540262042 -0.743255258 -0.669007659 -2.32830644e-10 -0.00361439562 0.0040155258 0.999985397";
      isRenderEnabled = "false";
      canSave = "1";
      canSaveDynamicFields = "1";
      persistentId = "e9bb910f-d4aa-4053-8911-2bb79e4b910a";
         mode = "Ignore";
   };
   new TSStatic() {
      shapeName = "/art/shapes/race/s_concrete_race_barrier.dae";
      dynamic = "0";
      playAmbient = "1";
      meshCulling = "0";
      originSort = "0";
      useInstanceRenderData = "0";
      instanceColor = "White";
      instanceColor1 = "White";
      instanceColor2 = "White";
      collisionType = "Collision Mesh";
      decalType = "Collision Mesh";
      prebuildCollisionData = "0";
      renderNormals = "0";
      forceDetail = "-1";
      position = "54.9422531 53.6714706 119.452904";
      scale = "1 1 1";
      rotationMatrix = "0.66900754 -0.743255675 0 0.743255675 0.66900754 0 0 0 1";
      isRenderEnabled = "false";
      canSave = "1";
      canSaveDynamicFields = "1";
      persistentId = "47e4df38-3da9-4ae2-8e05-7e144397a96b";
         mode = "Ignore";
   };
   new TSStatic() {
      shapeName = "/art/shapes/race/s_concrete_race_barrier.dae";
      dynamic = "0";
      playAmbient = "1";
      meshCulling = "0";
      originSort = "0";
      useInstanceRenderData = "0";
      instanceColor = "White";
      instanceColor1 = "White";
      instanceColor2 = "White";
      collisionType = "Collision Mesh";
      decalType = "Collision Mesh";
      prebuildCollisionData = "0";
      renderNormals = "0";
      forceDetail = "-1";
      position = "42.0687027 43.9474258 119.437851";
      scale = "1 1 1";
      rotationMatrix = "0.66900754 -0.743255675 0 0.743255675 0.66900754 0 0 0 1";
      isRenderEnabled = "false";
      canSave = "1";
      canSaveDynamicFields = "1";
      persistentId = "266ea9fb-213c-4230-acee-98491494da39";
         mode = "Ignore";
   };
   new TSStatic() {
      shapeName = "/art/shapes/race/s_concrete_race_barrier.dae";
      dynamic = "0";
      playAmbient = "1";
      meshCulling = "0";
      originSort = "0";
      useInstanceRenderData = "0";
      instanceColor = "White";
      instanceColor1 = "White";
      instanceColor2 = "White";
      collisionType = "Collision Mesh";
      decalType = "Collision Mesh";
      prebuildCollisionData = "0";
      renderNormals = "0";
      forceDetail = "-1";
      position = "44.206974 41.5718155 119.465202";
      scale = "1 1 1";
      rotationMatrix = "-0.669007838 0.743255317 0 -0.743255317 -0.669007838 0 0 0 1";
      isRenderEnabled = "false";
      canSave = "1";
      canSaveDynamicFields = "1";
      persistentId = "bae6153a-4d98-4d42-a20f-f889ea9922c0";
         mode = "Ignore";
   };
   new TSStatic() {
      shapeName = "/art/shapes/race/s_concrete_race_barrier.dae";
      dynamic = "0";
      playAmbient = "1";
      meshCulling = "0";
      originSort = "0";
      useInstanceRenderData = "0";
      instanceColor = "White";
      instanceColor1 = "White";
      instanceColor2 = "White";
      collisionType = "Collision Mesh";
      decalType = "Collision Mesh";
      prebuildCollisionData = "0";
      renderNormals = "0";
      forceDetail = "-1";
      position = "46.324852 39.2188911 119.465202";
      scale = "1 1 1";
      rotationMatrix = "-0.669007838 0.743255317 0 -0.743255317 -0.669007838 0 0 0 1";
      isRenderEnabled = "false";
      canSave = "1";
      canSaveDynamicFields = "1";
      persistentId = "fcce6000-b62f-4950-9f06-440ec3c0d825";
         mode = "Ignore";
   };
   new TSStatic() {
      shapeName = "/art/shapes/race/s_concrete_race_barrier.dae";
      dynamic = "0";
      playAmbient = "1";
      meshCulling = "0";
      originSort = "0";
      useInstanceRenderData = "0";
      instanceColor = "White";
      instanceColor1 = "White";
      instanceColor2 = "White";
      collisionType = "Collision Mesh";
      decalType = "Collision Mesh";
      prebuildCollisionData = "0";
      renderNormals = "0";
      forceDetail = "-1";
      position = "82.4458466 22.6126842 119.411591";
      scale = "1 1 1";
      rotationMatrix = "0.611146927 -0.791505694 0.00425490085 0.791512847 0.61115253 -8.14907253e-10 -0.00260039256 0.00336780958 0.99999094";
      isRenderEnabled = "false";
      canSave = "1";
      canSaveDynamicFields = "1";
      persistentId = "2f366b3f-945f-49cb-84e0-9258cb22f1e4";
         mode = "Ignore";
   };
   new TSStatic() {
      shapeName = "/art/shapes/race/s_concrete_race_barrier.dae";
      dynamic = "0";
      playAmbient = "1";
      meshCulling = "0";
      originSort = "0";
      useInstanceRenderData = "0";
      instanceColor = "White";
      instanceColor1 = "White";
      instanceColor2 = "White";
      collisionType = "Collision Mesh";
      decalType = "Collision Mesh";
      prebuildCollisionData = "0";
      renderNormals = "0";
      forceDetail = "-1";
      position = "84.3992157 20.08288 119.425186";
      scale = "1 1 1";
      rotationMatrix = "-0.611147285 0.791505635 -0.00425490225 -0.791512787 -0.611152768 1.86264515e-09 -0.00260039326 0.00336781028 0.99999094";
      isRenderEnabled = "false";
      canSave = "1";
      canSaveDynamicFields = "1";
      persistentId = "b64b28fb-1d94-4c98-80d0-d1ff9aac5d09";
         mode = "Ignore";
   };
   new TSStatic() {
      shapeName = "/art/shapes/race/s_concrete_race_barrier.dae";
      dynamic = "0";
      playAmbient = "1";
      meshCulling = "0";
      originSort = "0";
      useInstanceRenderData = "0";
      instanceColor = "White";
      instanceColor1 = "White";
      instanceColor2 = "White";
      collisionType = "Collision Mesh";
      decalType = "Collision Mesh";
      prebuildCollisionData = "0";
      renderNormals = "0";
      forceDetail = "-1";
      position = "86.3780365 17.4854813 119.412643";
      scale = "1 1 1";
      rotationMatrix = "-0.611150861 0.791510284 0.00238526007 -0.791512549 -0.61115253 1.68802217e-09 0.00145775964 -0.00188796269 0.999997139";
      isRenderEnabled = "false";
      canSave = "1";
      canSaveDynamicFields = "1";
      persistentId = "62fd30f8-8002-48c9-8a7e-2147c2d9645c";
         mode = "Ignore";
   };
   new TSStatic() {
      shapeName = "/art/shapes/race/s_concrete_race_barrier.dae";
      dynamic = "0";
      playAmbient = "1";
      meshCulling = "0";
      originSort = "0";
      useInstanceRenderData = "0";
      instanceColor = "White";
      instanceColor1 = "White";
      instanceColor2 = "White";
      collisionType = "Collision Mesh";
      decalType = "Collision Mesh";
      prebuildCollisionData = "0";
      renderNormals = "0";
      forceDetail = "-1";
      position = "113.804291 -68.7129517 128.3367";
      scale = "1 1 1";
      rotationMatrix = "-0.597313523 -0.802007437 0.000772916712 0.801912308 -0.597227216 0.016007673 -0.0123766661 0.0101814121 0.999871552";
      isRenderEnabled = "false";
      canSave = "1";
      canSaveDynamicFields = "1";
      persistentId = "8ed99bee-ea2a-4350-8d54-d3f3938da109";
         mode = "Ignore";
   };
   new TSStatic() {
      shapeName = "/art/shapes/race/s_concrete_race_barrier.dae";
      dynamic = "0";
      playAmbient = "1";
      meshCulling = "0";
      originSort = "0";
      useInstanceRenderData = "0";
      instanceColor = "White";
      instanceColor1 = "White";
      instanceColor2 = "White";
      collisionType = "Collision Mesh";
      decalType = "Collision Mesh";
      prebuildCollisionData = "0";
      renderNormals = "0";
      forceDetail = "-1";
      position = "111.895615 -71.2766953 128.351685";
      scale = "1 1 1";
      rotationMatrix = "0.597164631 0.80210501 -0.00468515838 -0.802009761 0.596977115 -0.0199662689 -0.0132181142 0.0156806912 0.999789655";
      isRenderEnabled = "false";
      canSave = "1";
      canSaveDynamicFields = "1";
      persistentId = "57f2928c-7736-405b-9be0-6e6e87e59673";
         mode = "Ignore";
   };
   new TSStatic() {
      shapeName = "/art/shapes/race/s_concrete_race_barrier.dae";
      dynamic = "0";
      playAmbient = "1";
      meshCulling = "0";
      originSort = "0";
      useInstanceRenderData = "0";
      instanceColor = "White";
      instanceColor1 = "White";
      instanceColor2 = "White";
      collisionType = "Collision Mesh";
      decalType = "Collision Mesh";
      prebuildCollisionData = "0";
      renderNormals = "0";
      forceDetail = "-1";
      position = "110.005165 -73.8158951 128.366501";
      scale = "1 1 1";
      rotationMatrix = "0.597164631 0.80210501 -0.00468515838 -0.802009761 0.596977115 -0.0199662689 -0.0132181142 0.0156806912 0.999789655";
      isRenderEnabled = "false";
      canSave = "1";
      canSaveDynamicFields = "1";
      persistentId = "feb65490-3d30-4902-ad78-5b37370bc00f";
         mode = "Ignore";
   };
   new TSStatic() {
      shapeName = "/art/shapes/race/s_concrete_race_barrier.dae";
      dynamic = "0";
      playAmbient = "1";
      meshCulling = "0";
      originSort = "0";
      useInstanceRenderData = "0";
      instanceColor = "White";
      instanceColor1 = "White";
      instanceColor2 = "White";
      collisionType = "Collision Mesh";
