{"class":"DecalRoad","persistentId":"40d5f154-19e8-4640-be47-d99496dd630e","__parent":"SimGroup_","position":[-982.245789,-315.460327,101.701645],"improvedSpline":true,"material":"road_invisible","nodes":[[-982.245789,-315.460327,101.701645,0.100000001],[-979.931702,-323.015717,101.702202,0.100000001],[-975.265808,-335.259277,101.479782,0.100000001]]}
{"class":"DecalRoad","persistentId":"8f53fa97-5522-4778-bee3-45e91627924c","__parent":"SimGroup_","position":[-890.115234,-394.09256,101.053101],"improvedSpline":true,"material":"road_invisible","nodes":[[-890.115234,-394.09256,101.053101,0.100000001],[-880.791138,-396.562073,100.580566,0.100000001],[-868.931946,-399.375793,99.8613434,0.100000001],[-854.990173,-400.636078,99.0044403,0.100000001]]}
{"class":"DecalRoad","persistentId":"a035cbea-0396-49a7-a31a-0f8c2812f553","__parent":"SimGroup_","position":[-968.10022,-293.868988,100.478691],"improvedSpline":true,"material":"road_invisible","nodes":[[-968.10022,-293.868988,100.478691,0.100000001],[-967.956238,-297.545166,100.592239,0.100000001],[-967.467407,-303.172302,100.563576,0.100000001],[-966.27356,-310.303375,100.826988,0.100000001]]}
{"class":"DecalRoad","persistentId":"a3e0ac89-6d51-424f-b809-38b4f8abd5c7","__parent":"SimGroup_","position":[-727.119019,-62.9701843,102.107849],"improvedSpline":true,"material":"road_invisible","nodes":[[-727.119019,-62.9701843,102.107849,0.100000001],[-724.532166,-68.7846985,102.142609,0.100000001],[-723.23999,-76.1728363,102.158424,0.100000001],[-725.795654,-85.9432983,102.19088,0.100000001]]}
{"class":"DecalRoad","persistentId":"f39e68ad-81e8-4338-a3bb-26bcd469cd55","__parent":"SimGroup_","position":[-899.694214,-407.587372,100.919937],"improvedSpline":true,"material":"road_invisible","nodes":[[-899.694214,-407.587372,100.919937,0.100000001],[-893.72052,-410.403534,100.688812,0.100000001],[-882.588074,-413.596375,99.9697723,0.100000001],[-862.536804,-414.255432,98.78228,0.100000001],[-843.187927,-407.340485,98.6179504,0.100000001]]}
{"name":"SimGroup_","class":"SimGroup","persistentId":"e014ee0d-0066-479a-a097-fd785caa9a06","groupPosition":"-848.49532935733 -267.21799529545 101.77256278386"}
{"class":"TSStatic","persistentId":"0419db67-97f8-48b4-a2fb-cba0ad1287f2","__parent":"SimGroup_","position":[-900.958069,-233.616547,105.742516],"isRenderEnabled":false,"shapeName":"/levels/rls_west_coast_usa/art/shapes/objects/sandbarrel.dae","useInstanceRenderData":true}
{"class":"TSStatic","persistentId":"092e8f22-24de-42be-9c44-0d749bf18930","__parent":"SimGroup_","position":[-752.427124,-54.3956909,102.006088],"isRenderEnabled":false,"rotationMatrix":[0.130173445,0.991491497,0,-0.991491497,0.130173445,0,0,0,1],"shapeName":"/levels/rls_west_coast_usa/art/shapes/objects/constructionbarrier.dae","useInstanceRenderData":true}
{"class":"TSStatic","persistentId":"121784db-2adf-4a74-ba94-58691cecfaf5","__parent":"SimGroup_","position":[-980.525574,-321.258514,101.712807],"isRenderEnabled":false,"rotationMatrix":[-0.948994517,-0.314140618,0.0269281026,0.314103365,-0.949371576,-0.00571248401,0.0273593012,0.00303709134,0.999621034],"shapeName":"/levels/rls_west_coast_usa/art/shapes/objects/constructionbarrier.dae","useInstanceRenderData":true}
{"class":"TSStatic","persistentId":"24b9674c-4899-4fe2-80da-903b99d3d6de","__parent":"SimGroup_","position":[-884.280518,-395.661774,100.805054],"isRenderEnabled":false,"rotationMatrix":[-0.256515265,-0.966290176,-0.0219817273,0.965694964,-0.2552737,-0.0476279184,0.040411029,-0.0334449336,0.998623252],"shapeName":"/levels/rls_west_coast_usa/art/shapes/objects/constructionbarrier.dae","useInstanceRenderData":true}
{"class":"TSStatic","persistentId":"25c4b30a-5b72-4183-83fd-91b2aacb0ad5","__parent":"SimGroup_","position":[-968.040955,-295.883911,100.497711],"isRenderEnabled":false,"rotationMatrix":[-0.999283791,-0.0355764031,-0.0128859617,0.0349364728,-0.998289347,0.046879869,-0.0145317353,0.0463961102,0.998817444],"shapeName":"/levels/rls_west_coast_usa/art/shapes/objects/constructionbarrier.dae","useInstanceRenderData":true}
{"class":"TSStatic","persistentId":"305a2253-f3cc-4a08-a639-1250d928d251","__parent":"SimGroup_","position":[-747.90686,-55.0605164,102.011536],"isRenderEnabled":false,"rotationMatrix":[0.130173445,0.991491497,0,-0.991491497,0.130173445,0,0,0,1],"shapeName":"/levels/rls_west_coast_usa/art/shapes/objects/constructionbarrier.dae","useInstanceRenderData":true}
{"class":"TSStatic","persistentId":"317d71fd-1917-4902-898d-8910e6a21588","__parent":"SimGroup_","position":[-981.689575,-317.39801,101.729935],"isRenderEnabled":false,"rotationMatrix":[-0.960673213,-0.272070289,0.0555392466,0.272793472,-0.962055445,0.00573778432,0.0518707596,0.0206628814,0.998440027],"shapeName":"/levels/rls_west_coast_usa/art/shapes/objects/constructionbarrier.dae","useInstanceRenderData":true}
{"class":"TSStatic","persistentId":"36a29880-23fd-4a2d-a373-acdff5e1ba07","__parent":"SimGroup_","position":[-860.62384,-400.226624,99.3727722],"isRenderEnabled":false,"rotationMatrix":[-0.0786788464,-0.996455133,-0.0297780354,0.994623244,-0.0764465332,-0.0698594525,0.0673353821,-0.0351143926,0.997112274],"shapeName":"/levels/rls_west_coast_usa/art/shapes/objects/constructionbarrier.dae","useInstanceRenderData":true}
{"class":"TSStatic","persistentId":"36c4efff-fa1d-4354-84dd-195074e955c9","__parent":"SimGroup_","position":[-872.58728,-398.664429,100.03788],"isRenderEnabled":false,"rotationMatrix":[-0.226802707,-0.973556578,-0.0273523554,0.972223938,-0.224646807,-0.0656843632,0.0578028187,-0.0414900072,0.997465491],"shapeName":"/levels/rls_west_coast_usa/art/shapes/objects/constructionbarrier.dae","useInstanceRenderData":true}
{"class":"TSStatic","persistentId":"3c8cdacc-7a08-483b-bab1-e070589a030c","__parent":"SimGroup_","position":[-809.28949,15.6433411,117.514023],"isRenderEnabled":false,"rotationMatrix":[-0.763797164,-0.645456731,0,0.645456731,-0.763797164,0,0,0,1],"shapeName":"/levels/rls_west_coast_usa/art/shapes/race/race_rally_finish_checkpoint_red.dae","useInstanceRenderData":true}
{"class":"TSStatic","persistentId":"3d481e2d-2b59-40e2-967a-82138887d12b","__parent":"SimGroup_","position":[-723.540161,-72.3565979,102.147934],"isRenderEnabled":false,"rotationMatrix":[-0.975983143,-0.215647712,0.0308720991,0.215531841,-0.976471305,-0.00707270065,0.031670928,-0.000248915982,0.999498308],"shapeName":"/levels/rls_west_coast_usa/art/shapes/objects/constructionbarrier.dae","useInstanceRenderData":true}
{"class":"TSStatic","persistentId":"3f132516-e4fe-4f95-a50a-368fcebe2fb9","__parent":"SimGroup_","position":[-739.310608,-49.6880646,101.993912],"isRenderEnabled":false,"shapeName":"/levels/rls_west_coast_usa/art/shapes/objects/constructionbarrier.dae","useInstanceRenderData":true}
{"class":"TSStatic","persistentId":"4256762f-4bdf-41ec-be0e-6b406007b3fd","__parent":"SimGroup_","position":[-851.142761,-410.647095,98.4284058],"isRenderEnabled":false,"rotationMatrix":[0.373041272,-0.927750468,-0.01091755,0.927778959,0.373104393,-0.00439259317,0.00814861618,-0.00849045441,0.999930739],"shapeName":"/levels/rls_west_coast_usa/art/shapes/objects/constructionbarrier.dae","useInstanceRenderData":true}
{"class":"TSStatic","persistentId":"4721c15d-bba8-4a0d-a2ff-f50982cfcd44","__parent":"SimGroup_","position":[-876.492554,-397.693848,100.295212],"isRenderEnabled":false,"rotationMatrix":[-0.256144762,-0.966284096,-0.0261689946,0.965028703,-0.254062772,-0.0645885915,0.0557623655,-0.0417978615,0.997568786],"shapeName":"/levels/rls_west_coast_usa/art/shapes/objects/constructionbarrier.dae","useInstanceRenderData":true}
{"class":"TSStatic","persistentId":"49d512f8-ece1-4904-8f8e-38a3e2fa910f","__parent":"SimGroup_","position":[-942.12384,-273.635254,102.032692],"isRenderEnabled":false,"shapeName":"/levels/rls_west_coast_usa/art/shapes/objects/sandbarrel.dae","useInstanceRenderData":true}
{"class":"TSStatic","persistentId":"4a54974d-e701-4a84-8976-25d5e5b025e3","__parent":"SimGroup_","position":[-725.256165,-84.1637878,102.205757],"isRenderEnabled":false,"rotationMatrix":[-0.953676224,0.30082348,0.00264854683,-0.300832361,-0.953668475,-0.00407646503,0.00129953877,-0.00468439609,0.999988198],"shapeName":"/levels/rls_west_coast_usa/art/shapes/objects/constructionbarrier.dae","useInstanceRenderData":true}
{"class":"TSStatic","persistentId":"4b7e5985-52c9-4ff3-83cc-e3c2cdbbeaf5","__parent":"SimGroup_","position":[-878.698669,-414.058472,99.7486038],"isRenderEnabled":false,"rotationMatrix":[-0.111351252,-0.99326551,-0.0320082642,0.992309451,-0.10937655,-0.0579537898,0.054062549,-0.0382153317,0.997806013],"shapeName":"/levels/rls_west_coast_usa/art/shapes/objects/constructionbarrier.dae","useInstanceRenderData":true}
{"class":"TSStatic","persistentId":"4de71fcd-e7db-4d95-a1f0-d98330d8b12e","__parent":"SimGroup_","position":[-724.631409,-68.4763489,102.140121],"isRenderEnabled":false,"rotationMatrix":[-0.951390743,-0.305756509,0.0369917564,0.306408107,-0.951807022,0.0133189857,0.0311366487,0.0240061358,0.999226809],"shapeName":"/levels/rls_west_coast_usa/art/shapes/objects/constructionbarrier.dae","useInstanceRenderData":true}
{"class":"TSStatic","persistentId":"5008e054-910a-4836-9d83-3c7168ffeeca","__parent":"SimGroup_","position":[-967.362427,-303.91272,100.555397],"isRenderEnabled":false,"rotationMatrix":[-0.988405108,-0.150649518,0.0189775936,0.150274366,-0.988445044,-0.0198554769,0.0217495225,-0.0167734064,0.999622762],"shapeName":"/levels/rls_west_coast_usa/art/shapes/objects/constructionbarrier.dae","useInstanceRenderData":true}
{"class":"TSStatic","persistentId":"507dd7f1-0545-48d0-af90-c57e8ea74943","__parent":"SimGroup_","position":[-814.205444,11.1940918,117.516235],"isRenderEnabled":false,"rotationMatrix":[-0.763797164,-0.645456731,0,0.645456731,-0.763797164,0,0,0,1],"shapeName":"/levels/rls_west_coast_usa/art/shapes/race/race_rally_finish_checkpoint_red.dae","useInstanceRenderData":true}
{"class":"TSStatic","persistentId":"50b8e810-0f0c-45d0-8954-f3f9018f3b44","__parent":"SimGroup_","position":[-866.647583,-414.642731,99.0537796],"isRenderEnabled":false,"rotationMatrix":[0.0277146697,-0.998132825,-0.0544314384,0.997925758,0.0307918787,-0.0565329753,0.0581034645,-0.052751746,0.996915877],"shapeName":"/levels/rls_west_coast_usa/art/shapes/objects/constructionbarrier.dae","useInstanceRenderData":true}
{"class":"TSStatic","persistentId":"523ebf30-2a0c-4ac4-afec-adf5d05212d4","__parent":"SimGroup_","position":[-968.2771,-292.484192,100.478302],"isRenderEnabled":false,"shapeName":"/levels/rls_west_coast_usa/art/shapes/objects/sandbarrel.dae","useInstanceRenderData":true}
{"class":"TSStatic","persistentId":"57ede1fe-1646-4395-8d35-afa2412b6bf5","__parent":"SimGroup_","position":[-807.234558,8.7684021,117.499039],"isRenderEnabled":false,"rotationMatrix":[-0.709040046,-0.705168366,0,0.705168366,-0.709040046,0,0,0,1],"shapeName":"/levels/rls_west_coast_usa/art/shapes/race/race_rally_gate.dae","useInstanceRenderData":true}
{"class":"TSStatic","persistentId":"5822fbd2-fc52-40b6-a066-5bdf5e32ebe2","__parent":"SimGroup_","position":[-888.173279,-394.616638,100.917503],"isRenderEnabled":false,"rotationMatrix":[-0.261285067,-0.965233624,0.00736843608,0.964362681,-0.261363506,-0.0411559567,0.0416509509,-0.00364759006,0.99912554],"shapeName":"/levels/rls_west_coast_usa/art/shapes/objects/constructionbarrier.dae","useInstanceRenderData":true}
{"class":"TSStatic","persistentId":"6aa232b1-8ff6-4c59-b47d-57369544d125","__parent":"SimGroup_","position":[-880.38324,-396.666138,100.554054],"isRenderEnabled":false,"rotationMatrix":[-0.248728514,-0.968226612,-0.025910899,0.966909945,-0.246645331,-0.0652021095,0.0567396209,-0.041271124,0.997535646],"shapeName":"/levels/rls_west_coast_usa/art/shapes/objects/constructionbarrier.dae","useInstanceRenderData":true}
{"class":"TSStatic","persistentId":"6dc3182d-dbd4-4698-b87b-2d1148223da3","__parent":"SimGroup_","position":[-976.299255,-332.589355,101.518669],"isRenderEnabled":false,"rotationMatrix":[-0.932006598,-0.362188876,0.0135194771,0.361932635,-0.932026505,-0.0181991626,0.0191920474,-0.0120686004,0.999742985],"shapeName":"/levels/rls_west_coast_usa/art/shapes/objects/constructionbarrier.dae","useInstanceRenderData":true}
{"class":"TSStatic","persistentId":"6dd11205-2474-4b68-aa81-6f063998d5e0","__parent":"SimGroup_","position":[-979.185852,-325.061493,101.69236],"isRenderEnabled":false,"rotationMatrix":[-0.937852979,-0.346439272,0.0202817954,0.346451133,-0.938063025,-0.00303870998,0.0200783312,0.00417678757,0.999789715],"shapeName":"/levels/rls_west_coast_usa/art/shapes/objects/constructionbarrier.dae","useInstanceRenderData":true}
{"class":"TSStatic","persistentId":"7664cbc1-fa15-48d0-a963-8e4dae1f7973","__parent":"SimGroup_","position":[-843.70459,-407.539917,98.5744324],"isRenderEnabled":false,"rotationMatrix":[0.352373302,-0.931337297,0.0918904692,0.930581272,0.359106421,0.071141243,-0.0992549509,0.060443271,0.993224561],"shapeName":"/levels/rls_west_coast_usa/art/shapes/objects/constructionbarrier.dae","useInstanceRenderData":true}
{"class":"TSStatic","persistentId":"799b3fe5-0aaf-46bc-b1dd-da917a815812","__parent":"SimGroup_","position":[-726.222107,-64.7756195,102.110901],"isRenderEnabled":false,"rotationMatrix":[-0.89490962,-0.443464518,0.0497591197,0.445181847,-0.894906282,0.0309154075,0.0308198687,0.0498183519,0.998282671],"shapeName":"/levels/rls_west_coast_usa/art/shapes/objects/constructionbarrier.dae","useInstanceRenderData":true}
{"class":"TSStatic","persistentId":"8b3084ac-6b17-493c-8328-f7428b4ab769","__parent":"SimGroup_","position":[-739.310608,-42.9852753,101.982773],"isRenderEnabled":false,"shapeName":"/levels/rls_west_coast_usa/art/shapes/objects/constructionbarrier.dae","useInstanceRenderData":true}
{"class":"TSStatic","persistentId":"8c2e4c76-687b-4db1-85d6-7178e076fa6f","__parent":"SimGroup_","position":[-754.637878,-54.275177,101.975937],"isRenderEnabled":false,"rotationMatrix":[0.130173445,0.991491497,0,-0.991491497,0.130173445,0,0,0,1],"shapeName":"/levels/rls_west_coast_usa/art/shapes/objects/constructionbarrier.dae","useInstanceRenderData":true}
{"class":"TSStatic","persistentId":"94ed5ad0-d747-4724-b8d7-a03f34342f37","__parent":"SimGroup_","position":[-894.25177,-410.207031,100.724144],"isRenderEnabled":false,"rotationMatrix":[-0.348839641,-0.9364447,-0.0371798091,0.936081231,-0.346232772,-0.0622492507,0.045420114,-0.0565183163,0.997367859],"shapeName":"/levels/rls_west_coast_usa/art/shapes/objects/constructionbarrier.dae","useInstanceRenderData":true}
{"class":"TSStatic","persistentId":"9e4adc19-5ee9-46a1-9aa4-14c3ddc2c1c8","__parent":"SimGroup_","position":[-723.262146,-76.3627014,102.158554],"isRenderEnabled":false,"rotationMatrix":[-0.992831349,0.115831502,0.0294763278,-0.115815677,-0.993268132,0.00224955264,0.0295384657,-0.00118039432,0.999562919],"shapeName":"/levels/rls_west_coast_usa/art/shapes/objects/constructionbarrier.dae","useInstanceRenderData":true}
{"class":"TSStatic","persistentId":"9edbbb6a-3fd3-4a5e-a9aa-dd4704d4d57f","__parent":"SimGroup_","position":[-917.406677,-259.900513,103.996529],"isRenderEnabled":false,"shapeName":"/levels/rls_west_coast_usa/art/shapes/objects/sandbarrel.dae","useInstanceRenderData":true}
{"class":"TSStatic","persistentId":"a73dd4b1-3e10-49a4-98bd-3babbc93606b","__parent":"SimGroup_","position":[-967.795593,-299.905487,100.560425],"isRenderEnabled":false,"rotationMatrix":[-0.996952772,-0.0779019147,-0.0040712906,0.0780071467,-0.995855927,-0.046754282,-0.000412170426,-0.0469294004,0.998898149],"shapeName":"/levels/rls_west_coast_usa/art/shapes/objects/constructionbarrier.dae","useInstanceRenderData":true}
{"class":"TSStatic","persistentId":"b1a2538e-ab9e-4bd7-bdef-9e5d2c1f7dd5","__parent":"SimGroup_","position":[-695.389465,-274.480011,102.393456],"isRenderEnabled":false,"rotationMatrix":[0.772430778,-0.635098934,0,0.635098934,0.772430778,0,0,0,1],"shapeName":"/levels/rls_west_coast_usa/art/shapes/race/race_rally_gate_finish.dae","useInstanceRenderData":true}
{"class":"TSStatic","persistentId":"b5bfb242-3114-425c-89f7-e503ddb0ca49","__parent":"SimGroup_","position":[-854.903259,-412.101959,98.4513626],"isRenderEnabled":false,"rotationMatrix":[0.331656933,-0.943017721,0.0268549938,0.943373919,0.331725121,-0.00200396869,-0.00701869838,0.0259989314,0.999637306],"shapeName":"/levels/rls_west_coast_usa/art/shapes/objects/constructionbarrier.dae","useInstanceRenderData":true}
{"class":"TSStatic","persistentId":"bbf026e7-dbc1-4aa5-a151-cc64122871f3","__parent":"SimGroup_","position":[-739.310608,-45.2066956,101.975693],"isRenderEnabled":false,"shapeName":"/levels/rls_west_coast_usa/art/shapes/objects/constructionbarrier.dae","useInstanceRenderData":true}
{"class":"TSStatic","persistentId":"be1d7357-5320-4479-ad9f-d1aeb0a2b3d5","__parent":"SimGroup_","position":[-966.699768,-307.887299,100.663239],"isRenderEnabled":false,"rotationMatrix":[-0.984622121,-0.174282283,-0.0120397173,0.173458606,-0.983507752,0.051230941,-0.020769801,0.0483547263,0.998614252],"shapeName":"/levels/rls_west_coast_usa/art/shapes/objects/constructionbarrier.dae","useInstanceRenderData":true}
{"class":"TSStatic","persistentId":"bed755be-7f48-4606-9afb-a66dd1302deb","__parent":"SimGroup_","position":[-862.64325,-414.269043,98.7915573],"isRenderEnabled":false,"rotationMatrix":[0.122172654,-0.990570188,-0.0620043688,0.989311934,0.12655139,-0.0724329501,0.0795966536,-0.0524923429,0.995444059],"shapeName":"/levels/rls_west_coast_usa/art/shapes/objects/constructionbarrier.dae","useInstanceRenderData":true}
{"class":"TSStatic","persistentId":"c2c2793e-e965-4412-bd5a-045231868408","__parent":"SimGroup_","position":[-897.912781,-408.529114,100.855698],"isRenderEnabled":false,"rotationMatrix":[-0.468413234,-0.883335888,-0.0175177529,0.88325721,-0.467713475,-0.0331794918,0.021115344,-0.0310143922,0.99929589],"shapeName":"/levels/rls_west_coast_usa/art/shapes/objects/constructionbarrier.dae","useInstanceRenderData":true}
{"class":"TSStatic","persistentId":"c9fd7659-03ea-4a58-b3d7-9e351f31e3ed","__parent":"SimGroup_","position":[-847.422852,-409.091125,98.4457626],"isRenderEnabled":false,"rotationMatrix":[0.391843617,-0.918983877,-0.0439000651,0.920010626,0.391712368,0.0119128767,0.00624845736,-0.045056507,0.998964906],"shapeName":"/levels/rls_west_coast_usa/art/shapes/objects/constructionbarrier.dae","useInstanceRenderData":true}
{"class":"TSStatic","persistentId":"cc9b8a8f-8f52-4712-b11a-8a6149f97463","__parent":"SimGroup_","position":[-864.632812,-399.890503,99.6469574],"isRenderEnabled":false,"rotationMatrix":[-0.093706727,-0.995177388,-0.0289977435,0.993516207,-0.0915876627,-0.0673586875,0.0643780157,-0.0351216979,0.99730736],"shapeName":"/levels/rls_west_coast_usa/art/shapes/objects/constructionbarrier.dae","useInstanceRenderData":true}
{"class":"TSStatic","persistentId":"d16436f9-2f5d-407a-848d-f13bb87d6069","__parent":"SimGroup_","position":[-739.310608,-47.4376373,101.978851],"isRenderEnabled":false,"shapeName":"/levels/rls_west_coast_usa/art/shapes/objects/constructionbarrier.dae","useInstanceRenderData":true}
{"class":"TSStatic","persistentId":"d2d58428-fc99-4c12-998b-65294efcccd0","__parent":"SimGroup_","position":[-856.611023,-400.511505,99.0951233],"isRenderEnabled":false,"rotationMatrix":[-0.0758434534,-0.995186985,-0.0620534606,0.995844066,-0.0724526644,-0.0551835485,0.0504220165,-0.0659808815,0.99654609],"shapeName":"/levels/rls_west_coast_usa/art/shapes/objects/constructionbarrier.dae","useInstanceRenderData":true}
{"class":"TSStatic","persistentId":"d3f23477-a89e-4604-ae03-0ea7e96509b5","__parent":"SimGroup_","position":[-977.754395,-328.830048,101.615974],"isRenderEnabled":false,"rotationMatrix":[-0.933654189,-0.358171672,-0.00165476464,0.357929319,-0.932831407,-0.0413773321,0.0132765714,-0.0392244123,0.99914223],"shapeName":"/levels/rls_west_coast_usa/art/shapes/objects/constructionbarrier.dae","useInstanceRenderData":true}
{"class":"TSStatic","persistentId":"d6745451-17ac-4734-a938-8b85e68a9980","__parent":"SimGroup_","position":[-858.730469,-413.369812,98.4438248],"isRenderEnabled":false,"rotationMatrix":[0.251701593,-0.966339827,-0.05323245,0.964195132,0.255129397,-0.0723655671,0.0835108906,-0.0331119336,0.9959566],"shapeName":"/levels/rls_west_coast_usa/art/shapes/objects/constructionbarrier.dae","useInstanceRenderData":true}
{"class":"TSStatic","persistentId":"d8fbabc8-9cde-4eee-8943-6803c55eb110","__parent":"SimGroup_","position":[-750.084961,-54.8817444,102.011536],"isRenderEnabled":false,"rotationMatrix":[0.130173445,0.991491497,0,-0.991491497,0.130173445,0,0,0,1],"shapeName":"/levels/rls_west_coast_usa/art/shapes/objects/constructionbarrier.dae","useInstanceRenderData":true}
{"class":"TSStatic","persistentId":"daed21ca-d74f-46c3-95f8-ae3b90a256d8","__parent":"SimGroup_","position":[-890.484497,-411.621948,100.467354],"isRenderEnabled":false,"rotationMatrix":[-0.354126811,-0.934748709,-0.0289664175,0.933750808,-0.351687312,-0.0665245801,0.0519966483,-0.0506055541,0.997364223],"shapeName":"/levels/rls_west_coast_usa/art/shapes/objects/constructionbarrier.dae","useInstanceRenderData":true}
{"class":"TSStatic","persistentId":"dc963794-447b-49d1-bba5-3622809dff71","__parent":"SimGroup_","position":[-724.0896,-80.3041687,102.177979],"isRenderEnabled":false,"rotationMatrix":[-0.962583899,0.269788623,0.0254246928,-0.26971525,-0.962919354,0.00633819541,0.0261919014,-0.000756382477,0.999656618],"shapeName":"/levels/rls_west_coast_usa/art/shapes/objects/constructionbarrier.dae","useInstanceRenderData":true}
{"class":"TSStatic","persistentId":"e0b3f612-5e7d-48a3-a084-26b992453c41","__parent":"SimGroup_","position":[-745.68219,-55.2680054,102.011536],"isRenderEnabled":false,"rotationMatrix":[0.130173445,0.991491497,0,-0.991491497,0.130173445,0,0,0,1],"shapeName":"/levels/rls_west_coast_usa/art/shapes/objects/constructionbarrier.dae","useInstanceRenderData":true}
{"class":"TSStatic","persistentId":"e157c58e-1d7e-4b00-9689-eaf0af721dd8","__parent":"SimGroup_","position":[-701.914917,-277.209473,102.620972],"isRenderEnabled":false,"rotationMatrix":[0.762185872,-0.647358239,0,0.647358239,0.762185872,0,0,0,1],"shapeName":"/levels/rls_west_coast_usa/art/shapes/race/sign_finish.dae","useInstanceRenderData":true}
{"class":"TSStatic","persistentId":"e4762ea0-0609-4851-8476-496a8f578752","__parent":"SimGroup_","position":[-697.127014,-281.723267,102.638947],"isRenderEnabled":false,"rotationMatrix":[0.762185872,-0.647358239,0,0.647358239,0.762185872,0,0,0,1],"shapeName":"/levels/rls_west_coast_usa/art/shapes/race/sign_finish.dae","useInstanceRenderData":true}
{"class":"TSStatic","persistentId":"ec6470de-3cdb-4214-9810-471f1aa39725","__parent":"SimGroup_","position":[-874.691772,-414.44104,99.5117493],"isRenderEnabled":false,"rotationMatrix":[-0.082642436,-0.996019721,-0.0333908424,0.995023131,-0.0805953741,-0.0585953966,0.0556710213,-0.0380671248,0.997723222],"shapeName":"/levels/rls_west_coast_usa/art/shapes/objects/constructionbarrier.dae","useInstanceRenderData":true}
{"class":"TSStatic","persistentId":"ecdee9b5-a249-4ba3-abe7-a12107c7718b","__parent":"SimGroup_","position":[-868.631653,-399.418762,99.8477478],"isRenderEnabled":false,"rotationMatrix":[-0.142465115,-0.989583194,-0.0207032096,0.989093244,-0.141542196,-0.0407462455,0.0373914242,-0.0262823291,0.998955011],"shapeName":"/levels/rls_west_coast_usa/art/shapes/objects/constructionbarrier.dae","useInstanceRenderData":true}
{"class":"TSStatic","persistentId":"f29d850d-03d7-4ce5-bc75-a6a7fb6dada8","__parent":"SimGroup_","position":[-870.672424,-414.661591,99.283844],"isRenderEnabled":false,"rotationMatrix":[-0.0377010107,-0.998412549,-0.0418457277,0.997871101,-0.0353845358,-0.0547828823,0.0532152243,-0.0438220128,0.997621059],"shapeName":"/levels/rls_west_coast_usa/art/shapes/objects/constructionbarrier.dae","useInstanceRenderData":true}
{"class":"TSStatic","persistentId":"f676d0c9-1388-4085-9ce0-b1c95d6bb669","__parent":"SimGroup_","position":[-882.696289,-413.580811,99.9754486],"isRenderEnabled":false,"rotationMatrix":[-0.143987536,-0.989014089,-0.0334496051,0.98837167,-0.142059922,-0.0542271212,0.048879534,-0.0408686623,0.997968197],"shapeName":"/levels/rls_west_coast_usa/art/shapes/objects/constructionbarrier.dae","useInstanceRenderData":true}
{"class":"TSStatic","persistentId":"f7328912-7533-415e-898c-6f8fe834397c","__parent":"SimGroup_","position":[-886.649109,-412.834076,100.213631],"isRenderEnabled":false,"rotationMatrix":[-0.257995844,-0.96550113,-0.0352937505,0.964761078,-0.255498767,-0.0629003346,0.0517128333,-0.0502780676,0.997395575],"shapeName":"/levels/rls_west_coast_usa/art/shapes/objects/constructionbarrier.dae","useInstanceRenderData":true}
